{
  "frames": [
    {
      "file_path": "/media/NFS/ttao/scannet/posed_images/scene0164_01/00000.jpg",
      "transform_matrix": [
        [
          0.816526,
          0.167294,
          -0.552537,
          1.669017
        ],
        [
          0.57642,
          -0.183187,
          0.796356,
          1.567107
        ],
        [
          0.032008,
          -0.968739,
          -0.246008,
          1.409808
        ],
        [
          0.0,
          0.0,
          0.0,
          1.0
        ]
      ]
    },
    {
      "file_path": "/media/NFS/ttao/scannet/posed_images/scene0164_01/00002.jpg",
      "transform_matrix": [
        [
          0.835355,
          0.160358,
          -0.525801,
          1.676095
        ],
        [
          0.54848,
          -0.179167,
          0.816743,
          1.56691
        ],
        [
          0.036765,
          -0.970662,
          -0.237622,
          1.414961
        ],
        [
          0.0,
          0.0,
          0.0,
          1.0
        ]
      ]
    },
    {
      "file_path": "/media/NFS/ttao/scannet/posed_images/scene0164_01/00005.jpg",
      "transform_matrix": [
        [
          0.8309,
          0.149365,
          -0.535999,
          1.685039
        ],
        [
          0.555418,
          -0.164817,
          0.815074,
          1.564036
        ],
        [
          0.033401,
          -0.974949,
          -0.219907,
          1.424161
        ],
        [
          0.0,
          0.0,
          0.0,
          1.0
        ]
      ]
    },
    {
      "file_path": "/media/NFS/ttao/scannet/posed_images/scene0164_01/00008.jpg",
      "transform_matrix": [
        [
          0.824709,
          0.136276,
          -0.548893,
          1.691452
        ],
        [
          0.564763,
          -0.147055,
          0.812045,
          1.559639
        ],
        [
          0.029945,
          -0.979696,
          -0.198241,
          1.436487
        ],
        [
          0.0,
          0.0,
          0.0,
          1.0
        ]
      ]
    },
    {
      "file_path": "/media/NFS/ttao/scannet/posed_images/scene0164_01/00012.jpg",
      "transform_matrix": [
        [
          0.82227,
          0.115487,
          -0.557256,
          1.698496
        ],
        [
          0.567968,
          -0.104878,
          0.816341,
          1.549644
        ],
        [
          0.035833,
          -0.987757,
          -0.151831,
          1.455737
        ],
        [
          0.0,
          0.0,
          0.0,
          1.0
        ]
      ]
    },
    {
      "file_path": "/media/NFS/ttao/scannet/posed_images/scene0164_01/00013.jpg",
      "transform_matrix": [
        [
          0.821925,
          0.109537,
          -0.558964,
          1.700674
        ],
        [
          0.568541,
          -0.09806,
          0.81679,
          1.548452
        ],
        [
          0.034657,
          -0.989134,
          -0.142874,
          1.459934
        ],
        [
          0.0,
          0.0,
          0.0,
          1.0
        ]
      ]
    },
    {
      "file_path": "/media/NFS/ttao/scannet/posed_images/scene0164_01/00016.jpg",
      "transform_matrix": [
        [
          0.813602,
          0.084776,
          -0.575208,
          1.708414
        ],
        [
          0.580954,
          -0.07886,
          0.810107,
          1.544319
        ],
        [
          0.023316,
          -0.993275,
          -0.113412,
          1.478792
        ],
        [
          0.0,
          0.0,
          0.0,
          1.0
        ]
      ]
    },
    {
      "file_path": "/media/NFS/ttao/scannet/posed_images/scene0164_01/00020.jpg",
      "transform_matrix": [
        [
          0.791221,
          0.061001,
          -0.60848,
          1.719353
        ],
        [
          0.611267,
          -0.049678,
          0.789864,
          1.535458
        ],
        [
          0.017954,
          -0.996901,
          -0.076594,
          1.498317
        ],
        [
          0.0,
          0.0,
          0.0,
          1.0
        ]
      ]
    },
    {
      "file_path": "/media/NFS/ttao/scannet/posed_images/scene0164_01/00022.jpg",
      "transform_matrix": [
        [
          0.786574,
          0.053403,
          -0.615182,
          1.723322
        ],
        [
          0.61729,
          -0.04229,
          0.785599,
          1.533049
        ],
        [
          0.015937,
          -0.997677,
          -0.066229,
          1.503161
        ],
        [
          0.0,
          0.0,
          0.0,
          1.0
        ]
      ]
    },
    {
      "file_path": "/media/NFS/ttao/scannet/posed_images/scene0164_01/00026.jpg",
      "transform_matrix": [
        [
          0.786071,
          0.03167,
          -0.617324,
          1.726579
        ],
        [
          0.618078,
          -0.02655,
          0.785669,
          1.526139
        ],
        [
          0.008492,
          -0.999146,
          -0.040445,
          1.510785
        ],
        [
          0.0,
          0.0,
          0.0,
          1.0
        ]
      ]
    },
    {
      "file_path": "/media/NFS/ttao/scannet/posed_images/scene0164_01/00027.jpg",
      "transform_matrix": [
        [
          0.786016,
          0.031416,
          -0.617407,
          1.727366
        ],
        [
          0.618156,
          -0.027293,
          0.785582,
          1.525513
        ],
        [
          0.007829,
          -0.999134,
          -0.040873,
          1.509995
        ],
        [
          0.0,
          0.0,
          0.0,
          1.0
        ]
      ]
    },
    {
      "file_path": "/media/NFS/ttao/scannet/posed_images/scene0164_01/00031.jpg",
      "transform_matrix": [
        [
          0.787307,
          0.063906,
          -0.61324,
          1.725507
        ],
        [
          0.616483,
          -0.065676,
          0.784625,
          1.530582
        ],
        [
          0.009867,
          -0.995793,
          -0.091105,
          1.480157
        ],
        [
          0.0,
          0.0,
          0.0,
          1.0
        ]
      ]
    },
    {
      "file_path": "/media/NFS/ttao/scannet/posed_images/scene0164_01/00034.jpg",
      "transform_matrix": [
        [
          0.79428,
          0.111125,
          -0.597303,
          1.71396
        ],
        [
          0.607447,
          -0.126925,
          0.784155,
          1.541957
        ],
        [
          0.011327,
          -0.985668,
          -0.168316,
          1.452
        ],
        [
          0.0,
          0.0,
          0.0,
          1.0
        ]
      ]
    },
    {
      "file_path": "/media/NFS/ttao/scannet/posed_images/scene0164_01/00035.jpg",
      "transform_matrix": [
        [
          0.797915,
          0.138408,
          -0.586663,
          1.704809
        ],
        [
          0.602738,
          -0.17335,
          0.778881,
          1.551082
        ],
        [
          0.006105,
          -0.975086,
          -0.221743,
          1.436852
        ],
        [
          0.0,
          0.0,
          0.0,
          1.0
        ]
      ]
    },
    {
      "file_path": "/media/NFS/ttao/scannet/posed_images/scene0164_01/00040.jpg",
      "transform_matrix": [
        [
          0.781801,
          0.201714,
          -0.589999,
          1.693664
        ],
        [
          0.623479,
          -0.264795,
          0.735635,
          1.573385
        ],
        [
          -0.00784,
          -0.942972,
          -0.332781,
          1.387484
        ],
        [
          0.0,
          0.0,
          0.0,
          1.0
        ]
      ]
    },
    {
      "file_path": "/media/NFS/ttao/scannet/posed_images/scene0164_01/00041.jpg",
      "transform_matrix": [
        [
          0.78166,
          0.208406,
          -0.587856,
          1.692594
        ],
        [
          0.623638,
          -0.2749,
          0.731783,
          1.57691
        ],
        [
          -0.009093,
          -0.938615,
          -0.344848,
          1.381658
        ],
        [
          0.0,
          0.0,
          0.0,
          1.0
        ]
      ]
    },
    {
      "file_path": "/media/NFS/ttao/scannet/posed_images/scene0164_01/00043.jpg",
      "transform_matrix": [
        [
          0.783192,
          0.222948,
          -0.580434,
          1.691303
        ],
        [
          0.621691,
          -0.296503,
          0.724973,
          1.580554
        ],
        [
          -0.010469,
          -0.928644,
          -0.370824,
          1.365688
        ],
        [
          0.0,
          0.0,
          0.0,
          1.0
        ]
      ]
    },
    {
      "file_path": "/media/NFS/ttao/scannet/posed_images/scene0164_01/00046.jpg",
      "transform_matrix": [
        [
          0.786835,
          0.254882,
          -0.562073,
          1.692992
        ],
        [
          0.617077,
          -0.340196,
          0.709565,
          1.588873
        ],
        [
          -0.010359,
          -0.905153,
          -0.42496,
          1.340306
        ],
        [
          0.0,
          0.0,
          0.0,
          1.0
        ]
      ]
    },
    {
      "file_path": "/media/NFS/ttao/scannet/posed_images/scene0164_01/00050.jpg",
      "transform_matrix": [
        [
          0.786661,
          0.292726,
          -0.543577,
          1.708264
        ],
        [
          0.617322,
          -0.385582,
          0.685741,
          1.596642
        ],
        [
          -0.008859,
          -0.875007,
          -0.484029,
          1.312162
        ],
        [
          0.0,
          0.0,
          0.0,
          1.0
        ]
      ]
    },
    {
      "file_path": "/media/NFS/ttao/scannet/posed_images/scene0164_01/00052.jpg",
      "transform_matrix": [
        [
          0.778553,
          0.305106,
          -0.548421,
          1.719828
        ],
        [
          0.627527,
          -0.389666,
          0.67407,
          1.597286
        ],
        [
          -0.008038,
          -0.868948,
          -0.494838,
          1.304625
        ],
        [
          0.0,
          0.0,
          0.0,
          1.0
        ]
      ]
    },
    {
      "file_path": "/media/NFS/ttao/scannet/posed_images/scene0164_01/00054.jpg",
      "transform_matrix": [
        [
          0.767217,
          0.322287,
          -0.554535,
          1.732101
        ],
        [
          0.641378,
          -0.39029,
          0.660536,
          1.597726
        ],
        [
          -0.003547,
          -0.862441,
          -0.506145,
          1.296458
        ],
        [
          0.0,
          0.0,
          0.0,
          1.0
        ]
      ]
    },
    {
      "file_path": "/media/NFS/ttao/scannet/posed_images/scene0164_01/00059.jpg",
      "transform_matrix": [
        [
          0.67314,
          0.394595,
          -0.625441,
          1.789521
        ],
        [
          0.739463,
          -0.349122,
          0.575594,
          1.593494
        ],
        [
          0.008771,
          -0.849946,
          -0.526797,
          1.267007
        ],
        [
          0.0,
          0.0,
          0.0,
          1.0
        ]
      ]
    },
    {
      "file_path": "/media/NFS/ttao/scannet/posed_images/scene0164_01/00062.jpg",
      "transform_matrix": [
        [
          0.569942,
          0.446721,
          -0.689642,
          1.83801
        ],
        [
          0.820644,
          -0.267238,
          0.5051,
          1.583684
        ],
        [
          0.04134,
          -0.853829,
          -0.51891,
          1.277319
        ],
        [
          0.0,
          0.0,
          0.0,
          1.0
        ]
      ]
    },
    {
      "file_path": "/media/NFS/ttao/scannet/posed_images/scene0164_01/00063.jpg",
      "transform_matrix": [
        [
          0.558474,
          0.450486,
          -0.696541,
          1.846591
        ],
        [
          0.828446,
          -0.260141,
          0.495987,
          1.582316
        ],
        [
          0.042236,
          -0.854043,
          -0.518486,
          1.279201
        ],
        [
          0.0,
          0.0,
          0.0,
          1.0
        ]
      ]
    },
    {
      "file_path": "/media/NFS/ttao/scannet/posed_images/scene0164_01/00067.jpg",
      "transform_matrix": [
        [
          0.497688,
          0.445262,
          -0.744344,
          1.880412
        ],
        [
          0.867299,
          -0.245607,
          0.432978,
          1.582867
        ],
        [
          0.009972,
          -0.861057,
          -0.508411,
          1.288468
        ],
        [
          0.0,
          0.0,
          0.0,
          1.0
        ]
      ]
    },
    {
      "file_path": "/media/NFS/ttao/scannet/posed_images/scene0164_01/00070.jpg",
      "transform_matrix": [
        [
          0.462822,
          0.45316,
          -0.761867,
          1.893957
        ],
        [
          0.886286,
          -0.219958,
          0.407573,
          1.576694
        ],
        [
          0.017117,
          -0.863867,
          -0.50343,
          1.293874
        ],
        [
          0.0,
          0.0,
          0.0,
          1.0
        ]
      ]
    },
    {
      "file_path": "/media/NFS/ttao/scannet/posed_images/scene0164_01/00071.jpg",
      "transform_matrix": [
        [
          0.457845,
          0.453324,
          -0.764771,
          1.896249
        ],
        [
          0.888815,
          -0.214401,
          0.405019,
          1.574494
        ],
        [
          0.019637,
          -0.865176,
          -0.501084,
          1.293793
        ],
        [
          0.0,
          0.0,
          0.0,
          1.0
        ]
      ]
    },
    {
      "file_path": "/media/NFS/ttao/scannet/posed_images/scene0164_01/00074.jpg",
      "transform_matrix": [
        [
          0.444856,
          0.452515,
          -0.772873,
          1.898492
        ],
        [
          0.895143,
          -0.197047,
          0.399863,
          1.568086
        ],
        [
          0.028651,
          -0.869714,
          -0.492723,
          1.29928
        ],
        [
          0.0,
          0.0,
          0.0,
          1.0
        ]
      ]
    },
    {
      "file_path": "/media/NFS/ttao/scannet/posed_images/scene0164_01/00077.jpg",
      "transform_matrix": [
        [
          0.439542,
          0.44603,
          -0.779653,
          1.900946
        ],
        [
          0.897411,
          -0.181188,
          0.402275,
          1.557452
        ],
        [
          0.038163,
          -0.876486,
          -0.479912,
          1.304319
        ],
        [
          0.0,
          0.0,
          0.0,
          1.0
        ]
      ]
    },
    {
      "file_path": "/media/NFS/ttao/scannet/posed_images/scene0164_01/00079.jpg",
      "transform_matrix": [
        [
          0.441921,
          0.436357,
          -0.783772,
          1.901529
        ],
        [
          0.896058,
          -0.173575,
          0.408596,
          1.550291
        ],
        [
          0.04225,
          -0.882873,
          -0.467708,
          1.30444
        ],
        [
          0.0,
          0.0,
          0.0,
          1.0
        ]
      ]
    },
    {
      "file_path": "/media/NFS/ttao/scannet/posed_images/scene0164_01/00082.jpg",
      "transform_matrix": [
        [
          0.45724,
          0.395285,
          -0.796669,
          1.904899
        ],
        [
          0.888374,
          -0.161188,
          0.429896,
          1.542333
        ],
        [
          0.041518,
          -0.904306,
          -0.424862,
          1.323102
        ],
        [
          0.0,
          0.0,
          0.0,
          1.0
        ]
      ]
    },
    {
      "file_path": "/media/NFS/ttao/scannet/posed_images/scene0164_01/00086.jpg",
      "transform_matrix": [
        [
          0.499017,
          0.326862,
          -0.802585,
          1.90959
        ],
        [
          0.865459,
          -0.140618,
          0.480841,
          1.529574
        ],
        [
          0.04431,
          -0.934552,
          -0.353057,
          1.349612
        ],
        [
          0.0,
          0.0,
          0.0,
          1.0
        ]
      ]
    },
    {
      "file_path": "/media/NFS/ttao/scannet/posed_images/scene0164_01/00089.jpg",
      "transform_matrix": [
        [
          0.518612,
          0.293186,
          -0.80317,
          1.91347
        ],
        [
          0.853918,
          -0.130162,
          0.503867,
          1.524804
        ],
        [
          0.043184,
          -0.947154,
          -0.317861,
          1.361642
        ],
        [
          0.0,
          0.0,
          0.0,
          1.0
        ]
      ]
    },
    {
      "file_path": "/media/NFS/ttao/scannet/posed_images/scene0164_01/00092.jpg",
      "transform_matrix": [
        [
          0.528741,
          0.268065,
          -0.805341,
          1.916677
        ],
        [
          0.847799,
          -0.121116,
          0.516302,
          1.517874
        ],
        [
          0.040863,
          -0.955757,
          -0.291305,
          1.381042
        ],
        [
          0.0,
          0.0,
          0.0,
          1.0
        ]
      ]
    },
    {
      "file_path": "/media/NFS/ttao/scannet/posed_images/scene0164_01/00095.jpg",
      "transform_matrix": [
        [
          0.536425,
          0.250898,
          -0.80579,
          1.918832
        ],
        [
          0.842677,
          -0.10686,
          0.527709,
          1.510022
        ],
        [
          0.046294,
          -0.962097,
          -0.268748,
          1.393252
        ],
        [
          0.0,
          0.0,
          0.0,
          1.0
        ]
      ]
    },
    {
      "file_path": "/media/NFS/ttao/scannet/posed_images/scene0164_01/00096.jpg",
      "transform_matrix": [
        [
          0.536637,
          0.245155,
          -0.807415,
          1.920005
        ],
        [
          0.842559,
          -0.103528,
          0.52856,
          1.509622
        ],
        [
          0.045989,
          -0.963941,
          -0.262115,
          1.395977
        ],
        [
          0.0,
          0.0,
          0.0,
          1.0
        ]
      ]
    },
    {
      "file_path": "/media/NFS/ttao/scannet/posed_images/scene0164_01/00100.jpg",
      "transform_matrix": [
        [
          0.519227,
          0.195601,
          -0.831952,
          1.929616
        ],
        [
          0.854148,
          -0.085844,
          0.512897,
          1.504887
        ],
        [
          0.028905,
          -0.976919,
          -0.211645,
          1.415992
        ],
        [
          0.0,
          0.0,
          0.0,
          1.0
        ]
      ]
    },
    {
      "file_path": "/media/NFS/ttao/scannet/posed_images/scene0164_01/00102.jpg",
      "transform_matrix": [
        [
          0.514443,
          0.174748,
          -0.839531,
          1.931528
        ],
        [
          0.857249,
          -0.079979,
          0.508652,
          1.501346
        ],
        [
          0.021741,
          -0.98136,
          -0.190947,
          1.427934
        ],
        [
          0.0,
          0.0,
          0.0,
          1.0
        ]
      ]
    },
    {
      "file_path": "/media/NFS/ttao/scannet/posed_images/scene0164_01/00104.jpg",
      "transform_matrix": [
        [
          0.511275,
          0.158257,
          -0.84472,
          1.934389
        ],
        [
          0.859146,
          -0.069413,
          0.507002,
          1.497357
        ],
        [
          0.021602,
          -0.984955,
          -0.171456,
          1.437091
        ],
        [
          0.0,
          0.0,
          0.0,
          1.0
        ]
      ]
    },
    {
      "file_path": "/media/NFS/ttao/scannet/posed_images/scene0164_01/00108.jpg",
      "transform_matrix": [
        [
          0.526997,
          0.118513,
          -0.841563,
          1.941736
        ],
        [
          0.849231,
          -0.035113,
          0.526853,
          1.484465
        ],
        [
          0.032889,
          -0.992332,
          -0.119149,
          1.454889
        ],
        [
          0.0,
          0.0,
          0.0,
          1.0
        ]
      ]
    },
    {
      "file_path": "/media/NFS/ttao/scannet/posed_images/scene0164_01/00111.jpg",
      "transform_matrix": [
        [
          0.536081,
          0.102555,
          -0.837914,
          1.946822
        ],
        [
          0.843404,
          -0.022903,
          0.536791,
          1.478586
        ],
        [
          0.03586,
          -0.994464,
          -0.098774,
          1.461022
        ],
        [
          0.0,
          0.0,
          0.0,
          1.0
        ]
      ]
    },
    {
      "file_path": "/media/NFS/ttao/scannet/posed_images/scene0164_01/00112.jpg",
      "transform_matrix": [
        [
          0.537626,
          0.100336,
          -0.837192,
          1.94698
        ],
        [
          0.842485,
          -0.02352,
          0.538206,
          1.477539
        ],
        [
          0.034311,
          -0.994676,
          -0.097177,
          1.463065
        ],
        [
          0.0,
          0.0,
          0.0,
          1.0
        ]
      ]
    },
    {
      "file_path": "/media/NFS/ttao/scannet/posed_images/scene0164_01/00115.jpg",
      "transform_matrix": [
        [
          0.534423,
          0.078338,
          -0.841579,
          1.95068
        ],
        [
          0.844772,
          -0.017204,
          0.53485,
          1.473435
        ],
        [
          0.02742,
          -0.996779,
          -0.075372,
          1.47307
        ],
        [
          0.0,
          0.0,
          0.0,
          1.0
        ]
      ]
    },
    {
      "file_path": "/media/NFS/ttao/scannet/posed_images/scene0164_01/00118.jpg",
      "transform_matrix": [
        [
          0.524745,
          0.048287,
          -0.849888,
          1.955049
        ],
        [
          0.851119,
          -0.011627,
          0.524844,
          1.470487
        ],
        [
          0.015461,
          -0.998766,
          -0.047199,
          1.486821
        ],
        [
          0.0,
          0.0,
          0.0,
          1.0
        ]
      ]
    },
    {
      "file_path": "/media/NFS/ttao/scannet/posed_images/scene0164_01/00121.jpg",
      "transform_matrix": [
        [
          0.516514,
          -0.012086,
          -0.856193,
          1.96658
        ],
        [
          0.856278,
          0.00879,
          0.516441,
          1.464156
        ],
        [
          0.001284,
          -0.999889,
          0.014889,
          1.500924
        ],
        [
          0.0,
          0.0,
          0.0,
          1.0
        ]
      ]
    },
    {
      "file_path": "/media/NFS/ttao/scannet/posed_images/scene0164_01/00125.jpg",
      "transform_matrix": [
        [
          0.515871,
          -0.061247,
          -0.854474,
          1.975039
        ],
        [
          0.856483,
          0.016243,
          0.515919,
          1.458572
        ],
        [
          -0.017719,
          -0.997991,
          0.060836,
          1.502331
        ],
        [
          0.0,
          0.0,
          0.0,
          1.0
        ]
      ]
    },
    {
      "file_path": "/media/NFS/ttao/scannet/posed_images/scene0164_01/00127.jpg",
      "transform_matrix": [
        [
          0.515841,
          -0.0659,
          -0.854146,
          1.977323
        ],
        [
          0.856505,
          0.019255,
          0.51578,
          1.457722
        ],
        [
          -0.017543,
          -0.997641,
          0.066376,
          1.50242
        ],
        [
          0.0,
          0.0,
          0.0,
          1.0
        ]
      ]
    },
    {
      "file_path": "/media/NFS/ttao/scannet/posed_images/scene0164_01/00129.jpg",
      "transform_matrix": [
        [
          0.519741,
          -0.062984,
          -0.851999,
          1.976801
        ],
        [
          0.854193,
          0.020824,
          0.519539,
          1.456254
        ],
        [
          -0.014981,
          -0.997797,
          0.064623,
          1.503846
        ],
        [
          0.0,
          0.0,
          0.0,
          1.0
        ]
      ]
    },
    {
      "file_path": "/media/NFS/ttao/scannet/posed_images/scene0164_01/00131.jpg",
      "transform_matrix": [
        [
          0.525025,
          -0.060349,
          -0.848944,
          1.97592
        ],
        [
          0.850981,
          0.021492,
          0.524757,
          1.45651
        ],
        [
          -0.013423,
          -0.997946,
          0.06264,
          1.498375
        ],
        [
          0.0,
          0.0,
          0.0,
          1.0
        ]
      ]
    },
    {
      "file_path": "/media/NFS/ttao/scannet/posed_images/scene0164_01/00134.jpg",
      "transform_matrix": [
        [
          0.528012,
          -0.055468,
          -0.847423,
          1.974079
        ],
        [
          0.849071,
          0.014762,
          0.528072,
          1.456991
        ],
        [
          -0.016782,
          -0.998352,
          0.054891,
          1.494968
        ],
        [
          0.0,
          0.0,
          0.0,
          1.0
        ]
      ]
    },
    {
      "file_path": "/media/NFS/ttao/scannet/posed_images/scene0164_01/00137.jpg",
      "transform_matrix": [
        [
          0.526604,
          -0.038588,
          -0.849234,
          1.969115
        ],
        [
          0.849923,
          0.002879,
          0.5269,
          1.459556
        ],
        [
          -0.017887,
          -0.999251,
          0.034313,
          1.491463
        ],
        [
          0.0,
          0.0,
          0.0,
          1.0
        ]
      ]
    },
    {
      "file_path": "/media/NFS/ttao/scannet/posed_images/scene0164_01/00141.jpg",
      "transform_matrix": [
        [
          0.516465,
          -0.00404,
          -0.856298,
          1.955788
        ],
        [
          0.856136,
          -0.017636,
          0.51645,
          1.46585
        ],
        [
          -0.017188,
          -0.999836,
          -0.00565,
          1.476276
        ],
        [
          0.0,
          0.0,
          0.0,
          1.0
        ]
      ]
    },
    {
      "file_path": "/media/NFS/ttao/scannet/posed_images/scene0164_01/00142.jpg",
      "transform_matrix": [
        [
          0.510819,
          0.001331,
          -0.859687,
          1.952722
        ],
        [
          0.859498,
          -0.021859,
          0.510672,
          1.46662
        ],
        [
          -0.018112,
          -0.99976,
          -0.01231,
          1.474649
        ],
        [
          0.0,
          0.0,
          0.0,
          1.0
        ]
      ]
    },
    {
      "file_path": "/media/NFS/ttao/scannet/posed_images/scene0164_01/00147.jpg",
      "transform_matrix": [
        [
          0.455586,
          0.037271,
          -0.889411,
          1.937078
        ],
        [
          0.890073,
          -0.035407,
          0.454441,
          1.481196
        ],
        [
          -0.014554,
          -0.998678,
          -0.049305,
          1.465635
        ],
        [
          0.0,
          0.0,
          0.0,
          1.0
        ]
      ]
    },
    {
      "file_path": "/media/NFS/ttao/scannet/posed_images/scene0164_01/00148.jpg",
      "transform_matrix": [
        [
          0.447715,
          0.042596,
          -0.893161,
          1.934972
        ],
        [
          0.894115,
          -0.033034,
          0.446617,
          1.486652
        ],
        [
          -0.01048,
          -0.998546,
          -0.052875,
          1.469132
        ],
        [
          0.0,
          0.0,
          0.0,
          1.0
        ]
      ]
    },
    {
      "file_path": "/media/NFS/ttao/scannet/posed_images/scene0164_01/00151.jpg",
      "transform_matrix": [
        [
          0.428643,
          0.012673,
          -0.903385,
          1.937567
        ],
        [
          0.903466,
          -0.001719,
          0.428657,
          1.505526
        ],
        [
          0.00388,
          -0.999918,
          -0.012187,
          1.498691
        ],
        [
          0.0,
          0.0,
          0.0,
          1.0
        ]
      ]
    },
    {
      "file_path": "/media/NFS/ttao/scannet/posed_images/scene0164_01/00155.jpg",
      "transform_matrix": [
        [
          0.429632,
          -0.030285,
          -0.902496,
          1.9518
        ],
        [
          0.902372,
          0.051791,
          0.427835,
          1.532542
        ],
        [
          0.033784,
          -0.998199,
          0.049579,
          1.516205
        ],
        [
          0.0,
          0.0,
          0.0,
          1.0
        ]
      ]
    },
    {
      "file_path": "/media/NFS/ttao/scannet/posed_images/scene0164_01/00158.jpg",
      "transform_matrix": [
        [
          0.435192,
          -0.031736,
          -0.899778,
          1.954756
        ],
        [
          0.899211,
          0.065307,
          0.432614,
          1.545252
        ],
        [
          0.045033,
          -0.99736,
          0.056958,
          1.514779
        ],
        [
          0.0,
          0.0,
          0.0,
          1.0
        ]
      ]
    },
    {
      "file_path": "/media/NFS/ttao/scannet/posed_images/scene0164_01/00161.jpg",
      "transform_matrix": [
        [
          0.414286,
          -0.031679,
          -0.909595,
          1.955824
        ],
        [
          0.90914,
          0.061408,
          0.411939,
          1.564678
        ],
        [
          0.042807,
          -0.99761,
          0.054241,
          1.502726
        ],
        [
          0.0,
          0.0,
          0.0,
          1.0
        ]
      ]
    },
    {
      "file_path": "/media/NFS/ttao/scannet/posed_images/scene0164_01/00163.jpg",
      "transform_matrix": [
        [
          0.407279,
          -0.034298,
          -0.912659,
          1.9573
        ],
        [
          0.912649,
          0.053108,
          0.405279,
          1.57353
        ],
        [
          0.03457,
          -0.998,
          0.052931,
          1.502418
        ],
        [
          0.0,
          0.0,
          0.0,
          1.0
        ]
      ]
    },
    {
      "file_path": "/media/NFS/ttao/scannet/posed_images/scene0164_01/00164.jpg",
      "transform_matrix": [
        [
          0.404015,
          -0.035843,
          -0.91405,
          1.957836
        ],
        [
          0.914263,
          0.048499,
          0.402208,
          1.576976
        ],
        [
          0.029915,
          -0.99818,
          0.052364,
          1.501458
        ],
        [
          0.0,
          0.0,
          0.0,
          1.0
        ]
      ]
    },
    {
      "file_path": "/media/NFS/ttao/scannet/posed_images/scene0164_01/00167.jpg",
      "transform_matrix": [
        [
          0.384431,
          -0.032993,
          -0.922564,
          1.959561
        ],
        [
          0.92287,
          0.038517,
          0.383181,
          1.586462
        ],
        [
          0.022892,
          -0.998713,
          0.045255,
          1.496949
        ],
        [
          0.0,
          0.0,
          0.0,
          1.0
        ]
      ]
    },
    {
      "file_path": "/media/NFS/ttao/scannet/posed_images/scene0164_01/00170.jpg",
      "transform_matrix": [
        [
          0.3508,
          -0.014105,
          -0.936344,
          1.956756
        ],
        [
          0.936123,
          0.031704,
          0.35024,
          1.588703
        ],
        [
          0.024746,
          -0.999398,
          0.024326,
          1.484516
        ],
        [
          0.0,
          0.0,
          0.0,
          1.0
        ]
      ]
    },
    {
      "file_path": "/media/NFS/ttao/scannet/posed_images/scene0164_01/00174.jpg",
      "transform_matrix": [
        [
          0.306671,
          0.017411,
          -0.951656,
          1.951329
        ],
        [
          0.951255,
          0.02871,
          0.307066,
          1.593083
        ],
        [
          0.032668,
          -0.999436,
          -0.007757,
          1.474817
        ],
        [
          0.0,
          0.0,
          0.0,
          1.0
        ]
      ]
    },
    {
      "file_path": "/media/NFS/ttao/scannet/posed_images/scene0164_01/00176.jpg",
      "transform_matrix": [
        [
          0.283281,
          0.043178,
          -0.958064,
          1.94511
        ],
        [
          0.958072,
          0.032062,
          0.284728,
          1.595924
        ],
        [
          0.043011,
          -0.998553,
          -0.032286,
          1.463934
        ],
        [
          0.0,
          0.0,
          0.0,
          1.0
        ]
      ]
    },
    {
      "file_path": "/media/NFS/ttao/scannet/posed_images/scene0164_01/00180.jpg",
      "transform_matrix": [
        [
          0.253074,
          0.107122,
          -0.961498,
          1.925957
        ],
        [
          0.966152,
          0.023421,
          0.256909,
          1.600481
        ],
        [
          0.050039,
          -0.99397,
          -0.097569,
          1.436699
        ],
        [
          0.0,
          0.0,
          0.0,
          1.0
        ]
      ]
    },
    {
      "file_path": "/media/NFS/ttao/scannet/posed_images/scene0164_01/00182.jpg",
      "transform_matrix": [
        [
          0.238435,
          0.133248,
          -0.961974,
          1.917056
        ],
        [
          0.969732,
          0.021007,
          0.243268,
          1.603573
        ],
        [
          0.052623,
          -0.99086,
          -0.124206,
          1.430014
        ],
        [
          0.0,
          0.0,
          0.0,
          1.0
        ]
      ]
    },
    {
      "file_path": "/media/NFS/ttao/scannet/posed_images/scene0164_01/00185.jpg",
      "transform_matrix": [
        [
          0.20554,
          0.17819,
          -0.96229,
          1.897151
        ],
        [
          0.977527,
          0.009692,
          0.210589,
          1.606278
        ],
        [
          0.046851,
          -0.983948,
          -0.172194,
          1.416713
        ],
        [
          0.0,
          0.0,
          0.0,
          1.0
        ]
      ]
    },
    {
      "file_path": "/media/NFS/ttao/scannet/posed_images/scene0164_01/00188.jpg",
      "transform_matrix": [
        [
          0.173563,
          0.193345,
          -0.965657,
          1.882435
        ],
        [
          0.983899,
          0.008412,
          0.178526,
          1.609187
        ],
        [
          0.04264,
          -0.981095,
          -0.188772,
          1.412746
        ],
        [
          0.0,
          0.0,
          0.0,
          1.0
        ]
      ]
    },
    {
      "file_path": "/media/NFS/ttao/scannet/posed_images/scene0164_01/00190.jpg",
      "transform_matrix": [
        [
          0.143481,
          0.202681,
          -0.968676,
          1.864785
        ],
        [
          0.988705,
          0.013486,
          0.149269,
          1.603914
        ],
        [
          0.043318,
          -0.979152,
          -0.198457,
          1.416127
        ],
        [
          0.0,
          0.0,
          0.0,
          1.0
        ]
      ]
    },
    {
      "file_path": "/media/NFS/ttao/scannet/posed_images/scene0164_01/00192.jpg",
      "transform_matrix": [
        [
          0.115512,
          0.198505,
          -0.973269,
          1.852182
        ],
        [
          0.992294,
          0.021156,
          0.122085,
          1.6026
        ],
        [
          0.044825,
          -0.979872,
          -0.194532,
          1.418209
        ],
        [
          0.0,
          0.0,
          0.0,
          1.0
        ]
      ]
    },
    {
      "file_path": "/media/NFS/ttao/scannet/posed_images/scene0164_01/00196.jpg",
      "transform_matrix": [
        [
          0.087368,
          0.146215,
          -0.985387,
          1.824327
        ],
        [
          0.995147,
          0.032147,
          0.093003,
          1.599402
        ],
        [
          0.045275,
          -0.988731,
          -0.142696,
          1.432404
        ],
        [
          0.0,
          0.0,
          0.0,
          1.0
        ]
      ]
    },
    {
      "file_path": "/media/NFS/ttao/scannet/posed_images/scene0164_01/00198.jpg",
      "transform_matrix": [
        [
          0.069784,
          0.133421,
          -0.988599,
          1.816185
        ],
        [
          0.99569,
          0.051367,
          0.077217,
          1.597537
        ],
        [
          0.061084,
          -0.989728,
          -0.129261,
          1.43616
        ],
        [
          0.0,
          0.0,
          0.0,
          1.0
        ]
      ]
    },
    {
      "file_path": "/media/NFS/ttao/scannet/posed_images/scene0164_01/00200.jpg",
      "transform_matrix": [
        [
          0.048652,
          0.102577,
          -0.993534,
          1.806408
        ],
        [
          0.996161,
          0.067494,
          0.055749,
          1.596643
        ],
        [
          0.072776,
          -0.992433,
          -0.098899,
          1.440603
        ],
        [
          0.0,
          0.0,
          0.0,
          1.0
        ]
      ]
    },
    {
      "file_path": "/media/NFS/ttao/scannet/posed_images/scene0164_01/00203.jpg",
      "transform_matrix": [
        [
          0.028317,
          0.08066,
          -0.996339,
          1.797328
        ],
        [
          0.996835,
          0.071793,
          0.034143,
          1.594791
        ],
        [
          0.074284,
          -0.994153,
          -0.078372,
          1.449797
        ],
        [
          0.0,
          0.0,
          0.0,
          1.0
        ]
      ]
    },
    {
      "file_path": "/media/NFS/ttao/scannet/posed_images/scene0164_01/00206.jpg",
      "transform_matrix": [
        [
          -0.027292,
          0.048118,
          -0.998469,
          1.794121
        ],
        [
          0.997065,
          0.072779,
          -0.023746,
          1.594933
        ],
        [
          0.071525,
          -0.996187,
          -0.049963,
          1.464542
        ],
        [
          0.0,
          0.0,
          0.0,
          1.0
        ]
      ]
    },
    {
      "file_path": "/media/NFS/ttao/scannet/posed_images/scene0164_01/00208.jpg",
      "transform_matrix": [
        [
          -0.05525,
          0.028032,
          -0.998079,
          1.795621
        ],
        [
          0.996055,
          0.071068,
          -0.053142,
          1.597039
        ],
        [
          0.069442,
          -0.997078,
          -0.031848,
          1.470983
        ],
        [
          0.0,
          0.0,
          0.0,
          1.0
        ]
      ]
    },
    {
      "file_path": "/media/NFS/ttao/scannet/posed_images/scene0164_01/00213.jpg",
      "transform_matrix": [
        [
          -0.155974,
          -0.019634,
          -0.987566,
          1.806815
        ],
        [
          0.986768,
          0.041728,
          -0.156678,
          1.614707
        ],
        [
          0.044286,
          -0.998936,
          0.012866,
          1.497256
        ],
        [
          0.0,
          0.0,
          0.0,
          1.0
        ]
      ]
    },
    {
