{
  "frames": [
    {
      "file_path": "/media/NFS/ttao/scannet/posed_images/scene0623_00/00000.jpg",
      "transform_matrix": [
        [
          0.531938,
          0.449406,
          -0.717688,
          3.988313
        ],
        [
          0.846045,
          -0.24669,
          0.472601,
          4.872355
        ],
        [
          0.035343,
          -0.858591,
          -0.511441,
          1.438182
        ],
        [
          0.0,
          0.0,
          0.0,
          1.0
        ]
      ]
    },
    {
      "file_path": "/media/NFS/ttao/scannet/posed_images/scene0623_00/00006.jpg",
      "transform_matrix": [
        [
          0.539364,
          0.449564,
          -0.712024,
          3.992626
        ],
        [
          0.841052,
          -0.245988,
          0.48179,
          4.871264
        ],
        [
          0.041446,
          -0.85871,
          -0.510784,
          1.435535
        ],
        [
          0.0,
          0.0,
          0.0,
          1.0
        ]
      ]
    },
    {
      "file_path": "/media/NFS/ttao/scannet/posed_images/scene0623_00/00012.jpg",
      "transform_matrix": [
        [
          0.54544,
          0.449859,
          -0.707193,
          3.996425
        ],
        [
          0.837032,
          -0.248792,
          0.487319,
          4.866268
        ],
        [
          0.043281,
          -0.857747,
          -0.512248,
          1.431549
        ],
        [
          0.0,
          0.0,
          0.0,
          1.0
        ]
      ]
    },
    {
      "file_path": "/media/NFS/ttao/scannet/posed_images/scene0623_00/00018.jpg",
      "transform_matrix": [
        [
          0.542629,
          0.463389,
          -0.700589,
          4.002996
        ],
        [
          0.839055,
          -0.260046,
          0.477874,
          4.859702
        ],
        [
          0.039257,
          -0.84714,
          -0.529917,
          1.418552
        ],
        [
          0.0,
          0.0,
          0.0,
          1.0
        ]
      ]
    },
    {
      "file_path": "/media/NFS/ttao/scannet/posed_images/scene0623_00/00030.jpg",
      "transform_matrix": [
        [
          0.507197,
          0.568944,
          -0.647344,
          4.004165
        ],
        [
          0.861198,
          -0.305825,
          0.405967,
          4.872354
        ],
        [
          0.032999,
          -0.763396,
          -0.645087,
          1.415592
        ],
        [
          0.0,
          0.0,
          0.0,
          1.0
        ]
      ]
    },
    {
      "file_path": "/media/NFS/ttao/scannet/posed_images/scene0623_00/00032.jpg",
      "transform_matrix": [
        [
          0.504452,
          0.569657,
          -0.64886,
          4.002945
        ],
        [
          0.862706,
          -0.301546,
          0.405967,
          4.874295
        ],
        [
          0.0356,
          -0.764566,
          -0.643562,
          1.42047
        ],
        [
          0.0,
          0.0,
          0.0,
          1.0
        ]
      ]
    },
    {
      "file_path": "/media/NFS/ttao/scannet/posed_images/scene0623_00/00042.jpg",
      "transform_matrix": [
        [
          0.510544,
          0.497654,
          -0.701203,
          4.009359
        ],
        [
          0.858711,
          -0.253112,
          0.445589,
          4.874023
        ],
        [
          0.044267,
          -0.829623,
          -0.556566,
          1.439555
        ],
        [
          0.0,
          0.0,
          0.0,
          1.0
        ]
      ]
    },
    {
      "file_path": "/media/NFS/ttao/scannet/posed_images/scene0623_00/00050.jpg",
      "transform_matrix": [
        [
          0.522978,
          0.442698,
          -0.728363,
          4.02618
        ],
        [
          0.849462,
          -0.200474,
          0.488082,
          4.86224
        ],
        [
          0.070055,
          -0.873973,
          -0.480898,
          1.453392
        ],
        [
          0.0,
          0.0,
          0.0,
          1.0
        ]
      ]
    },
    {
      "file_path": "/media/NFS/ttao/scannet/posed_images/scene0623_00/00056.jpg",
      "transform_matrix": [
        [
          0.496824,
          0.388146,
          -0.776215,
          4.039159
        ],
        [
          0.863917,
          -0.136128,
          0.484888,
          4.873201
        ],
        [
          0.082543,
          -0.911489,
          -0.402958,
          1.491267
        ],
        [
          0.0,
          0.0,
          0.0,
          1.0
        ]
      ]
    },
    {
      "file_path": "/media/NFS/ttao/scannet/posed_images/scene0623_00/00064.jpg",
      "transform_matrix": [
        [
          0.523555,
          0.317905,
          -0.79046,
          4.054401
        ],
        [
          0.847755,
          -0.101969,
          0.520494,
          4.851376
        ],
        [
          0.084866,
          -0.942623,
          -0.322892,
          1.496513
        ],
        [
          0.0,
          0.0,
          0.0,
          1.0
        ]
      ]
    },
    {
      "file_path": "/media/NFS/ttao/scannet/posed_images/scene0623_00/00070.jpg",
      "transform_matrix": [
        [
          0.532852,
          0.275514,
          -0.8001,
          4.067958
        ],
        [
          0.84253,
          -0.084668,
          0.531954,
          4.848797
        ],
        [
          0.078818,
          -0.957561,
          -0.277245,
          1.508124
        ],
        [
          0.0,
          0.0,
          0.0,
          1.0
        ]
      ]
    },
    {
      "file_path": "/media/NFS/ttao/scannet/posed_images/scene0623_00/00072.jpg",
      "transform_matrix": [
        [
          0.533938,
          0.266085,
          -0.802564,
          4.067551
        ],
        [
          0.842209,
          -0.083413,
          0.532659,
          4.84857
        ],
        [
          0.074789,
          -0.960334,
          -0.268637,
          1.514915
        ],
        [
          0.0,
          0.0,
          0.0,
          1.0
        ]
      ]
    },
    {
      "file_path": "/media/NFS/ttao/scannet/posed_images/scene0623_00/00078.jpg",
      "transform_matrix": [
        [
          0.519892,
          0.2348,
          -0.821329,
          4.072703
        ],
        [
          0.85228,
          -0.077614,
          0.517295,
          4.851273
        ],
        [
          0.057714,
          -0.96894,
          -0.240466,
          1.526404
        ],
        [
          0.0,
          0.0,
          0.0,
          1.0
        ]
      ]
    },
    {
      "file_path": "/media/NFS/ttao/scannet/posed_images/scene0623_00/00088.jpg",
      "transform_matrix": [
        [
          0.515091,
          0.208003,
          -0.831514,
          4.072344
        ],
        [
          0.855056,
          -0.057167,
          0.515374,
          4.84325
        ],
        [
          0.059664,
          -0.976456,
          -0.207301,
          1.532472
        ],
        [
          0.0,
          0.0,
          0.0,
          1.0
        ]
      ]
    },
    {
      "file_path": "/media/NFS/ttao/scannet/posed_images/scene0623_00/00094.jpg",
      "transform_matrix": [
        [
          0.513067,
          0.174455,
          -0.840433,
          4.074344
        ],
        [
          0.856266,
          -0.035856,
          0.515289,
          4.83994
        ],
        [
          0.05976,
          -0.984012,
          -0.167777,
          1.534694
        ],
        [
          0.0,
          0.0,
          0.0,
          1.0
        ]
      ]
    },
    {
      "file_path": "/media/NFS/ttao/scannet/posed_images/scene0623_00/00100.jpg",
      "transform_matrix": [
        [
          0.512053,
          0.186854,
          -0.838384,
          4.064687
        ],
        [
          0.856039,
          -0.030666,
          0.516001,
          4.834428
        ],
        [
          0.070707,
          -0.981909,
          -0.175657,
          1.531139
        ],
        [
          0.0,
          0.0,
          0.0,
          1.0
        ]
      ]
    },
    {
      "file_path": "/media/NFS/ttao/scannet/posed_images/scene0623_00/00106.jpg",
      "transform_matrix": [
        [
          0.468957,
          0.193859,
          -0.861683,
          4.060327
        ],
        [
          0.881739,
          -0.046272,
          0.469462,
          4.829154
        ],
        [
          0.051138,
          -0.979938,
          -0.192633,
          1.520404
        ],
        [
          0.0,
          0.0,
          0.0,
          1.0
        ]
      ]
    },
    {
      "file_path": "/media/NFS/ttao/scannet/posed_images/scene0623_00/00112.jpg",
      "transform_matrix": [
        [
          0.415612,
          0.267145,
          -0.869426,
          4.045286
        ],
        [
          0.907731,
          -0.061538,
          0.415015,
          4.825016
        ],
        [
          0.057366,
          -0.96169,
          -0.268072,
          1.496099
        ],
        [
          0.0,
          0.0,
          0.0,
          1.0
        ]
      ]
    },
    {
      "file_path": "/media/NFS/ttao/scannet/posed_images/scene0623_00/00120.jpg",
      "transform_matrix": [
        [
          0.350575,
          0.390988,
          -0.851014,
          4.01655
        ],
        [
          0.933007,
          -0.067011,
          0.353564,
          4.820624
        ],
        [
          0.081212,
          -0.917953,
          -0.388287,
          1.479748
        ],
        [
          0.0,
          0.0,
          0.0,
          1.0
        ]
      ]
    },
    {
      "file_path": "/media/NFS/ttao/scannet/posed_images/scene0623_00/00130.jpg",
      "transform_matrix": [
        [
          0.267739,
          0.469392,
          -0.84142,
          3.98004
        ],
        [
          0.962059,
          -0.082646,
          0.260022,
          4.793968
        ],
        [
          0.052513,
          -0.879114,
          -0.47371,
          1.460405
        ],
        [
          0.0,
          0.0,
          0.0,
          1.0
        ]
      ]
    },
    {
      "file_path": "/media/NFS/ttao/scannet/posed_images/scene0623_00/00132.jpg",
      "transform_matrix": [
        [
          0.251241,
          0.482311,
          -0.839198,
          3.965874
        ],
        [
          0.967124,
          -0.089829,
          0.237912,
          4.78965
        ],
        [
          0.039363,
          -0.871382,
          -0.489024,
          1.469573
        ],
        [
          0.0,
          0.0,
          0.0,
          1.0
        ]
      ]
    },
    {
      "file_path": "/media/NFS/ttao/scannet/posed_images/scene0623_00/00140.jpg",
      "transform_matrix": [
        [
          0.178906,
          0.478685,
          -0.859566,
          3.952004
        ],
        [
          0.983373,
          -0.059339,
          0.171629,
          4.74529
        ],
        [
          0.03115,
          -0.875979,
          -0.481342,
          1.456311
        ],
        [
          0.0,
          0.0,
          0.0,
          1.0
        ]
      ]
    },
    {
      "file_path": "/media/NFS/ttao/scannet/posed_images/scene0623_00/00150.jpg",
      "transform_matrix": [
        [
          0.085963,
          0.50538,
          -0.858604,
          3.936806
        ],
        [
          0.996132,
          -0.027859,
          0.083333,
          4.696076
        ],
        [
          0.018195,
          -0.862447,
          -0.505821,
          1.421641
        ],
        [
          0.0,
          0.0,
          0.0,
          1.0
        ]
      ]
    },
    {
      "file_path": "/media/NFS/ttao/scannet/posed_images/scene0623_00/00156.jpg",
      "transform_matrix": [
        [
          0.055312,
          0.529179,
          -0.846706,
          3.913702
        ],
        [
          0.998349,
          -0.016178,
          0.055107,
          4.681982
        ],
        [
          0.015463,
          -0.848356,
          -0.5292,
          1.413429
        ],
        [
          0.0,
          0.0,
          0.0,
          1.0
        ]
      ]
    },
    {
      "file_path": "/media/NFS/ttao/scannet/posed_images/scene0623_00/00158.jpg",
      "transform_matrix": [
        [
          0.03806,
          0.534943,
          -0.844031,
          3.904681
        ],
        [
          0.9991,
          -0.004542,
          0.042173,
          4.679593
        ],
        [
          0.018727,
          -0.844876,
          -0.534634,
          1.412634
        ],
        [
          0.0,
          0.0,
          0.0,
          1.0
        ]
      ]
    },
    {
      "file_path": "/media/NFS/ttao/scannet/posed_images/scene0623_00/00166.jpg",
      "transform_matrix": [
        [
          -0.060501,
          0.518082,
          -0.853189,
          3.872652
        ],
        [
          0.997939,
          0.049721,
          -0.040573,
          4.69367
        ],
        [
          0.021401,
          -0.853885,
          -0.520022,
          1.425498
        ],
        [
          0.0,
          0.0,
          0.0,
          1.0
        ]
      ]
    },
    {
      "file_path": "/media/NFS/ttao/scannet/posed_images/scene0623_00/00176.jpg",
      "transform_matrix": [
        [
          -0.219973,
          0.500158,
          -0.837528,
          3.829384
        ],
        [
          0.975331,
          0.128996,
          -0.179132,
          4.755291
        ],
        [
          0.018443,
          -0.856272,
          -0.516196,
          1.427188
        ],
        [
          0.0,
          0.0,
          0.0,
          1.0
        ]
      ]
    },
    {
      "file_path": "/media/NFS/ttao/scannet/posed_images/scene0623_00/00184.jpg",
      "transform_matrix": [
        [
          -0.308713,
          0.471872,
          -0.825853,
          3.795993
        ],
        [
          0.950991,
          0.169261,
          -0.258779,
          4.813961
        ],
        [
          0.017674,
          -0.865267,
          -0.500999,
          1.437266
        ],
        [
          0.0,
          0.0,
          0.0,
          1.0
        ]
      ]
    },
    {
      "file_path": "/media/NFS/ttao/scannet/posed_images/scene0623_00/00188.jpg",
      "transform_matrix": [
        [
          -0.354801,
          0.476692,
          -0.804289,
          3.783434
        ],
        [
          0.934754,
          0.198079,
          -0.294956,
          4.841222
        ],
        [
          0.018709,
          -0.856464,
          -0.515868,
          1.429011
        ],
        [
          0.0,
          0.0,
          0.0,
          1.0
        ]
      ]
    },
    {
      "file_path": "/media/NFS/ttao/scannet/posed_images/scene0623_00/00194.jpg",
      "transform_matrix": [
        [
          -0.41307,
          0.465925,
          -0.782488,
          3.764296
        ],
        [
          0.910302,
          0.236605,
          -0.339658,
          4.866199
        ],
        [
          0.026885,
          -0.852603,
          -0.521867,
          1.429263
        ],
        [
          0.0,
          0.0,
          0.0,
          1.0
        ]
      ]
    },
    {
      "file_path": "/media/NFS/ttao/scannet/posed_images/scene0623_00/00200.jpg",
      "transform_matrix": [
        [
          -0.454579,
          0.461493,
          -0.761828,
          3.728152
        ],
        [
          0.890643,
          0.245692,
          -0.382609,
          4.865942
        ],
        [
          0.010603,
          -0.852443,
          -0.522712,
          1.430633
        ],
        [
          0.0,
          0.0,
          0.0,
          1.0
        ]
      ]
    },
    {
      "file_path": "/media/NFS/ttao/scannet/posed_images/scene0623_00/00206.jpg",
      "transform_matrix": [
        [
          -0.481447,
          0.448231,
          -0.753192,
          3.669945
        ],
        [
          0.876282,
          0.264192,
          -0.402905,
          4.849261
        ],
        [
          0.018393,
          -0.853986,
          -0.519971,
          1.423428
        ],
        [
          0.0,
          0.0,
          0.0,
          1.0
        ]
      ]
    },
    {
      "file_path": "/media/NFS/ttao/scannet/posed_images/scene0623_00/00212.jpg",
      "transform_matrix": [
        [
          -0.490656,
          0.415043,
          -0.766157,
          3.595147
        ],
        [
          0.870952,
          0.260312,
          -0.416751,
          4.816536
        ],
        [
          0.02647,
          -0.871767,
          -0.489206,
          1.424382
        ],
        [
          0.0,
          0.0,
          0.0,
          1.0
        ]
      ]
    },
    {
      "file_path": "/media/NFS/ttao/scannet/posed_images/scene0623_00/00224.jpg",
      "transform_matrix": [
        [
          -0.469124,
          0.399454,
          -0.787629,
          3.467362
        ],
        [
          0.882765,
          0.186381,
          -0.431264,
          4.780676
        ],
        [
          -0.025472,
          -0.897607,
          -0.44006,
          1.440013
        ],
        [
          0.0,
          0.0,
          0.0,
          1.0
        ]
      ]
    },
    {
      "file_path": "/media/NFS/ttao/scannet/posed_images/scene0623_00/00228.jpg",
      "transform_matrix": [
        [
          -0.469993,
          0.399468,
          -0.787104,
          3.4325
        ],
        [
          0.882437,
          0.192166,
          -0.429391,
          4.766653
        ],
        [
          -0.020273,
          -0.896381,
          -0.442822,
          1.436003
        ],
        [
          0.0,
          0.0,
          0.0,
          1.0
        ]
      ]
    },
    {
      "file_path": "/media/NFS/ttao/scannet/posed_images/scene0623_00/00232.jpg",
      "transform_matrix": [
        [
          -0.492983,
          0.402291,
          -0.771447,
          3.390995
        ],
        [
          0.869897,
          0.211883,
          -0.445405,
          4.750148
        ],
        [
          -0.015726,
          -0.890656,
          -0.454406,
          1.429634
        ],
        [
          0.0,
          0.0,
          0.0,
          1.0
        ]
      ]
    },
    {
      "file_path": "/media/NFS/ttao/scannet/posed_images/scene0623_00/00238.jpg",
      "transform_matrix": [
        [
          -0.546589,
          0.387577,
          -0.742311,
          3.315215
        ],
        [
          0.837395,
          0.256404,
          -0.482728,
          4.732302
        ],
        [
          0.003237,
          -0.885461,
          -0.464702,
          1.433487
        ],
        [
          0.0,
          0.0,
          0.0,
          1.0
        ]
      ]
    },
    {
      "file_path": "/media/NFS/ttao/scannet/posed_images/scene0623_00/00250.jpg",
      "transform_matrix": [
        [
          -0.595309,
          0.331553,
          -0.731901,
          3.221965
        ],
        [
          0.803379,
          0.261227,
          -0.53511,
          4.681961
        ],
        [
          0.013775,
          -0.90655,
          -0.421873,
          1.43359
        ],
        [
          0.0,
          0.0,
          0.0,
          1.0
        ]
      ]
    },
    {
      "file_path": "/media/NFS/ttao/scannet/posed_images/scene0623_00/00254.jpg",
      "transform_matrix": [
        [
          -0.595874,
          0.322379,
          -0.735531,
          3.202097
        ],
        [
          0.802949,
          0.255596,
          -0.538465,
          4.658801
        ],
        [
          0.014409,
          -0.911451,
          -0.411157,
          1.431876
        ],
        [
          0.0,
          0.0,
          0.0,
          1.0
        ]
      ]
    },
    {
      "file_path": "/media/NFS/ttao/scannet/posed_images/scene0623_00/00258.jpg",
      "transform_matrix": [
        [
          -0.593662,
          0.329797,
          -0.734029,
          3.184379
        ],
        [
          0.804634,
          0.25612,
          -0.535692,
          4.617585
        ],
        [
          0.011329,
          -0.908645,
          -0.417415,
          1.421935
        ],
        [
          0.0,
          0.0,
          0.0,
          1.0
        ]
      ]
    },
    {
      "file_path": "/media/NFS/ttao/scannet/posed_images/scene0623_00/00266.jpg",
      "transform_matrix": [
        [
          -0.57153,
          0.35258,
          -0.740973,
          3.165424
        ],
        [
          0.820556,
          0.238444,
          -0.519454,
          4.484605
        ],
        [
          -0.006469,
          -0.904893,
          -0.42559,
          1.406952
        ],
        [
          0.0,
          0.0,
          0.0,
          1.0
        ]
      ]
    },
    {
      "file_path": "/media/NFS/ttao/scannet/posed_images/scene0623_00/00272.jpg",
      "transform_matrix": [
        [
          -0.521414,
          0.376606,
          -0.7657,
          3.155751
        ],
        [
          0.853015,
          0.206698,
          -0.479209,
          4.377113
        ],
        [
          -0.022205,
          -0.90302,
          -0.429025,
          1.395734
        ],
        [
          0.0,
          0.0,
          0.0,
          1.0
        ]
      ]
    },
    {
      "file_path": "/media/NFS/ttao/scannet/posed_images/scene0623_00/00280.jpg",
      "transform_matrix": [
        [
          -0.47366,
          0.392741,
          -0.78829,
          3.136058
        ],
        [
          0.880706,
          0.213303,
          -0.422918,
          4.261057
        ],
        [
          0.002047,
          -0.894571,
          -0.446922,
          1.378804
        ],
        [
          0.0,
          0.0,
          0.0,
          1.0
        ]
      ]
    },
    {
      "file_path": "/media/NFS/ttao/scannet/posed_images/scene0623_00/00286.jpg",
      "transform_matrix": [
        [
          -0.454497,
          0.409656,
          -0.790958,
          3.103451
        ],
        [
          0.890747,
          0.210615,
          -0.402755,
          4.183291
        ],
        [
          0.001597,
          -0.887594,
          -0.460624,
          1.368514
        ],
        [
          0.0,
          0.0,
          0.0,
          1.0
        ]
      ]
    },
    {
      "file_path": "/media/NFS/ttao/scannet/posed_images/scene0623_00/00294.jpg",
      "transform_matrix": [
        [
          -0.431683,
          0.402871,
          -0.807059,
          3.035399
        ],
        [
          0.901656,
          0.167113,
          -0.398861,
          4.073832
        ],
        [
          -0.02582,
          -0.899871,
          -0.435391,
          1.371777
        ],
        [
          0.0,
          0.0,
          0.0,
          1.0
        ]
      ]
    },
    {
      "file_path": "/media/NFS/ttao/scannet/posed_images/scene0623_00/00300.jpg",
      "transform_matrix": [
        [
          -0.432358,
          0.399001,
          -0.808619,
          3.007438
        ],
        [
          0.901645,
          0.181205,
          -0.392685,
          3.988052
        ],
        [
          -0.010156,
          -0.898868,
          -0.438102,
          1.349893
        ],
        [
          0.0,
          0.0,
          0.0,
          1.0
        ]
      ]
    },
    {
      "file_path": "/media/NFS/ttao/scannet/posed_images/scene0623_00/00310.jpg",
      "transform_matrix": [
        [
          -0.509458,
          0.392305,
          -0.765865,
          2.953639
        ],
        [
          0.860493,
          0.230208,
          -0.454484,
          3.87099
        ],
        [
          -0.001989,
          -0.890562,
          -0.454857,
          1.332642
        ],
        [
          0.0,
          0.0,
          0.0,
          1.0
        ]
      ]
    },
    {
      "file_path": "/media/NFS/ttao/scannet/posed_images/scene0623_00/00312.jpg",
      "transform_matrix": [
        [
          -0.531308,
          0.390259,
          -0.751938,
          2.946612
        ],
        [
          0.847128,
          0.234961,
          -0.476621,
          3.841951
        ],
        [
          -0.009329,
          -0.89022,
          -0.455436,
          1.329303
        ],
        [
          0.0,
          0.0,
          0.0,
          1.0
        ]
      ]
    },
    {
      "file_path": "/media/NFS/ttao/scannet/posed_images/scene0623_00/00322.jpg",
      "transform_matrix": [
        [
          -0.643671,
          0.381086,
          -0.663673,
          2.885341
        ],
        [
          0.764712,
          0.286202,
          -0.577325,
          3.705132
        ],
        [
          -0.030066,
          -0.879126,
          -0.475641,
          1.321255
        ],
        [
          0.0,
          0.0,
          0.0,
          1.0
        ]
      ]
    },
    {
      "file_path": "/media/NFS/ttao/scannet/posed_images/scene0623_00/00326.jpg",
      "transform_matrix": [
        [
          -0.66924,
          0.379443,
          -0.638859,
          2.856982
        ],
        [
          0.74271,
          0.31574,
          -0.5905,
          3.656136
        ],
        [
          -0.022348,
          -0.869673,
          -0.493122,
          1.31306
        ],
        [
          0.0,
          0.0,
          0.0,
          1.0
        ]
      ]
    },
    {
      "file_path": "/media/NFS/ttao/scannet/posed_images/scene0623_00/00336.jpg",
      "transform_matrix": [
        [
          -0.744383,
          0.341504,
          -0.57382,
          2.781875
        ],
        [
          0.667604,
          0.362441,
          -0.65034,
          3.542503
        ],
        [
          -0.014118,
          -0.867186,
          -0.497784,
          1.30552
        ],
        [
          0.0,
          0.0,
          0.0,
          1.0
        ]
      ]
    },
    {
      "file_path": "/media/NFS/ttao/scannet/posed_images/scene0623_00/00344.jpg",
      "transform_matrix": [
        [
          -0.792695,
          0.336305,
          -0.508462,
          2.748149
        ],
        [
          0.609256,
          0.408311,
          -0.679771,
          3.454315
        ],
        [
          -0.021,
          -0.848635,
          -0.528562,
          1.303236
        ],
        [
          0.0,
          0.0,
          0.0,
          1.0
        ]
      ]
    },
    {
      "file_path": "/media/NFS/ttao/scannet/posed_images/scene0623_00/00350.jpg",
      "transform_matrix": [
        [
          -0.807679,
          0.328066,
          -0.489927,
          2.737719
        ],
        [
          0.589357,
          0.424225,
          -0.687525,
          3.378573
        ],
        [
          -0.017714,
          -0.844041,
          -0.535986,
          1.304438
        ],
        [
          0.0,
          0.0,
          0.0,
          1.0
        ]
      ]
    },
    {
      "file_path": "/media/NFS/ttao/scannet/posed_images/scene0623_00/00352.jpg",
      "transform_matrix": [
        [
          -0.807606,
          0.329421,
          -0.489135,
          2.73719
        ],
        [
          0.589349,
          0.421344,
          -0.689302,
          3.346949
        ],
        [
          -0.020977,
          -0.844956,
          -0.534424,
          1.303647
        ],
        [
          0.0,
          0.0,
          0.0,
          1.0
        ]
      ]
    },
    {
      "file_path": "/media/NFS/ttao/scannet/posed_images/scene0623_00/00358.jpg",
      "transform_matrix": [
        [
          -0.82122,
          0.333471,
          -0.463029,
          2.755429
        ],
        [
          0.568259,
          0.40433,
          -0.716658,
          3.240657
        ],
        [
          -0.051768,
          -0.851654,
          -0.521542,
          1.301051
        ],
        [
          0.0,
          0.0,
          0.0,
          1.0
        ]
      ]
    },
    {
      "file_path": "/media/NFS/ttao/scannet/posed_images/scene0623_00/00370.jpg",
      "transform_matrix": [
        [
          -0.885356,
          0.300781,
          -0.354508,
          2.792857
        ],
        [
          0.460872,
          0.467487,
          -0.754356,
          3.039008
        ],
        [
          -0.061168,
          -0.831256,
          -0.552514,
          1.289009
        ],
        [
          0.0,
          0.0,
          0.0,
          1.0
        ]
      ]
    },
    {
      "file_path": "/media/NFS/ttao/scannet/posed_images/scene0623_00/00372.jpg",
      "transform_matrix": [
        [
          -0.89743,
          0.290699,
          -0.331835,
          2.79642
        ],
        [
          0.436647,
          0.478021,
          -0.762125,
          3.008127
        ],
        [
          -0.062925,
          -0.828848,
          -0.555923,
          1.286957
        ],
        [
          0.0,
          0.0,
          0.0,
          1.0
        ]
      ]
    },
    {
      "file_path": "/media/NFS/ttao/scannet/posed_images/scene0623_00/00384.jpg",
      "transform_matrix": [
        [
          -0.960664,
          0.206268,
          -0.185954,
          2.806476
        ],
        [
          0.267493,
          0.507269,
          -0.819223,
          2.850565
        ],
        [
          -0.07465,
          -0.836739,
          -0.54249,
          1.294106
        ],
        [
          0.0,
          0.0,
          0.0,
          1.0
        ]
      ]
    },
    {
      "file_path": "/media/NFS/ttao/scannet/posed_images/scene0623_00/00386.jpg",
      "transform_matrix": [
        [
          -0.959889,
          0.207057,
          -0.18905,
          2.805363
        ],
        [
          0.270476,
          0.506208,
          -0.818899,
          2.83316
        ],
        [
          -0.07386,
          -0.837187,
          -0.541907,
          1.295115
        ],
        [
          0.0,
          0.0,
          0.0,
          1.0
        ]
      ]
    },
    {
      "file_path": "/media/NFS/ttao/scannet/posed_images/scene0623_00/00392.jpg",
      "transform_matrix": [
        [
          -0.929909,
          0.24935,
          -0.270361,
          2.793898
        ],
        [
          0.361851,
          0.488679,
          -0.793887,
          2.784157
        ],
        [
          -0.065836,
          -0.836073,
          -0.544654,
          1.303768
        ],
        [
          0.0,
          0.0,
          0.0,
          1.0
        ]
      ]
    },
    {
      "file_path": "/media/NFS/ttao/scannet/posed_images/scene0623_00/00400.jpg",
      "transform_matrix": [
        [
          -0.824292,
          0.359361,
          -0.437496,
          2.789784
        ],
        [
          0.56009,
          0.404683,
          -0.722863,
          2.706514
        ],
        [
          -0.082722,
          -0.840888,
          -0.534851,
          1.312678
        ],
        [
          0.0,
          0.0,
          0.0,
          1.0
        ]
      ]
    },
    {
      "file_path": "/media/NFS/ttao/scannet/posed_images/scene0623_00/00410.jpg",
      "transform_matrix": [
        [
          -0.61367,
          0.426615,
          -0.664386,
          2.811656
        ],
        [
          0.784282,
          0.232206,
          -0.57531,
          2.620266
        ],
        [
          -0.091162,
          -0.874117,
          -0.477084,
          1.348611
        ],
        [
          0.0,
          0.0,
          0.0,
          1.0
        ]
      ]
    },
    {
      "file_path": "/media/NFS/ttao/scannet/posed_images/scene0623_00/00416.jpg",
      "transform_matrix": [
        [
          -0.522757,
          0.434746,
          -0.733295,
          2.841995
        ],
        [
          0.849922,
          0.199178,
          -0.487812,
          2.587584
        ],
        [
          -0.066018,
          -0.878251,
          -0.473622,
          1.353021
        ],
        [
          0.0,
          0.0,
          0.0,
          1.0
        ]
      ]
    },
    {
      "file_path": "/media/NFS/ttao/scannet/posed_images/scene0623_00/00424.jpg",
      "transform_matrix": [
        [
          -0.449442,
          0.44416,
          -0.775064,
          2.86257
        ],
        [
          0.891358,
          0.165654,
          -0.421948,
          2.579118
        ],
        [
          -0.05902,
          -0.8805,
          -0.470358,
          1.356113
        ],
        [
          0.0,
          0.0,
          0.0,
          1.0
        ]
      ]
    },
    {
      "file_path": "/media/NFS/ttao/scannet/posed_images/scene0623_00/00426.jpg",
      "transform_matrix": [
        [
          -0.432588,
          0.457443,
          -0.776925,
          2.870479
        ],
        [
          0.899591,
          0.161616,
          -0.40573,
          2.579357
        ],
        [
          -0.060035,
          -0.874429,
          -0.481425,
          1.356449
        ],
        [
          0.0,
          0.0,
          0.0,
          1.0
        ]
      ]
    },
    {
      "file_path": "/media/NFS/ttao/scannet/posed_images/scene0623_00/00436.jpg",
      "transform_matrix": [
        [
          -0.29677,
          0.546433,
          -0.78316,
          2.92121
        ],
        [
          0.951779,
          0.102485,
          -0.28916,
          2.575019
        ],
        [
          -0.077744,
          -0.831209,
          -0.550498,
          1.329963
        ],
        [
          0.0,
          0.0,
          0.0,
          1.0
        ]
      ]
    },
    {
      "file_path": "/media/NFS/ttao/scannet/posed_images/scene0623_00/00444.jpg",
      "transform_matrix": [
        [
          -0.197288,
          0.622641,
          -0.757229,
          2.953039
        ],
        [
          0.976345,
          0.055079,
          -0.209087,
          2.565119
        ],
        [
          -0.088479,
          -0.780567,
          -0.618779,
          1.308386
        ],
        [
          0.0,
          0.0,
          0.0,
          1.0
        ]
      ]
    },
    {
      "file_path": "/media/NFS/ttao/scannet/posed_images/scene0623_00/00448.jpg",
      "transform_matrix": [
        [
          -0.153633,
          0.630642,
          -0.760715,
          2.966705
        ],
        [
          0.984432,
          0.031161,
          -0.172981,
          2.539636
        ],
        [
          -0.085385,
          -0.775448,
          -0.625611,
          1.311937
        ],
        [
          0.0,
          0.0,
          0.0,
          1.0
        ]
      ]
    },
    {
      "file_path": "/media/NFS/ttao/scannet/posed_images/scene0623_00/00452.jpg",
      "transform_matrix": [
        [
          -0.111001,
          0.620769,
          -0.776096,
          2.981917
        ],
        [
          0.990342,
          0.003818,
          -0.138589,
          2.493601
        ],
        [
          -0.083069,
          -0.783985,
          -0.615197,
          1.311126
        ],
        [
          0.0,
          0.0,
          0.0,
          1.0
        ]
      ]
    },
    {
      "file_path": "/media/NFS/ttao/scannet/posed_images/scene0623_00/00464.jpg",
      "transform_matrix": [
        [
          -0.102343,
          0.672181,
          -0.733279,
          3.029267
        ],
        [
          0.987319,
          -0.021291,
          -0.157316,
          2.37125
        ],
        [
          -0.121357,
          -0.740081,
          -0.661478,
          1.30543
        ],
        [
          0.0,
          0.0,
          0.0,
          1.0
        ]
      ]
    },
    {
      "file_path": "/media/NFS/ttao/scannet/posed_images/scene0623_00/00466.jpg",
      "transform_matrix": [
        [
          -0.074817,
          0.678661,
          -0.730631,
          3.036526
        ],
        [
          0.990788,
          -0.032343,
          -0.131499,
          2.363757
        ],
        [
          -0.112875,
          -0.733739,
          -0.66999,
          1.307905
        ],
        [
          0.0,
          0.0,
          0.0,
          1.0
        ]
      ]
    },
    {
      "file_path": "/media/NFS/ttao/scannet/posed_images/scene0623_00/00476.jpg",
      "transform_matrix": [
        [
          0.152289,
          0.654731,
          -0.740361,
          3.093116
        ],
        [
          0.987605,
          -0.129611,
          0.088526,
          2.379616
        ],
        [
          -0.037998,
          -0.744666,
          -0.666355,
          1.307109
        ],
        [
          0.0,
          0.0,
          0.0,
          1.0
        ]
      ]
    },
    {
      "file_path": "/media/NFS/ttao/scannet/posed_images/scene0623_00/00478.jpg",
      "transform_matrix": [
        [
          0.201607,
          0.655222,
          -0.728038,
          3.101582
        ],
        [
          0.978664,
          -0.164845,
          0.122653,
          2.389134
        ],
        [
          -0.039648,
          -0.737232,
          -0.674476,
          1.308237
        ],
        [
          0.0,
          0.0,
          0.0,
          1.0
        ]
      ]
    },
    {
      "file_path": "/media/NFS/ttao/scannet/posed_images/scene0623_00/00486.jpg",
      "transform_matrix": [
        [
          0.39962,
          0.605606,
          -0.688147,
          3.150795
        ],
        [
          0.91583,
          -0.296105,
          0.271252,
          2.431921
        ],
        [
          -0.039492,
          -0.738623,
          -0.672961,
          1.297855
        ],
        [
          0.0,
          0.0,
          0.0,
          1.0
        ]
      ]
    },
    {
      "file_path": "/media/NFS/ttao/scannet/posed_images/scene0623_00/00492.jpg",
      "transform_matrix": [
        [
          0.572325,
          0.53482,
          -0.62162,
          3.162718
        ],
        [
          0.819538,
          -0.399216,
          0.411076,
          2.429333
        ],
        [
          -0.028309,
          -0.744711,
          -0.666787,
          1.284503
        ],
        [
          0.0,
          0.0,
          0.0,
          1.0
        ]
      ]
    },
    {
      "file_path": "/media/NFS/ttao/scannet/posed_images/scene0623_00/00500.jpg",
      "transform_matrix": [
        [
          0.762066,
          0.420856,
          -0.492072,
          3.174525
        ],
        [
          0.646545,
          -0.535826,
          0.543019,
          2.423216
        ],
        [
          -0.035132,
          -0.731964,
          -0.680437,
          1.277618
        ],
        [
          0.0,
          0.0,
          0.0,
          1.0
        ]
      ]
    },
    {
      "file_path": "/media/NFS/ttao/scannet/posed_images/scene0623_00/00510.jpg",
      "transform_matrix": [
        [
          0.948794,
          0.184555,
          -0.256377,
          3.148866
        ],
        [
          0.314734,
          -0.621795,
          0.717156,
          2.481055
        ],
        [
          -0.027059,
          -0.761124,
          -0.648041,
          1.260862
        ],
        [
          0.0,
          0.0,
          0.0,
          1.0
        ]
      ]
    },
    {
      "file_path": "/media/NFS/ttao/scannet/posed_images/scene0623_00/00512.jpg",
      "transform_matrix": [
        [
          0.968065,
          0.134907,
          -0.211306,
          3.145575
        ],
        [
          0.248247,
          -0.633453,
          0.732879,
          2.491269
        ],
        [
          -0.034982,
          -0.76193,
          -0.646714,
          1.259515
        ],
