{
  "frames": [
    {
      "file_path": "/media/NFS/ttao/scannet/posed_images/scene0704_01/00004.jpg",
      "transform_matrix": [
        [
          -0.880607,
          -0.224508,
          0.417286,
          1.949092
        ],
        [
          -0.473384,
          0.455754,
          -0.753788,
          4.154171
        ],
        [
          -0.020949,
          -0.861327,
          -0.507618,
          1.390171
        ],
        [
          0.0,
          0.0,
          0.0,
          1.0
        ]
      ]
    },
    {
      "file_path": "/media/NFS/ttao/scannet/posed_images/scene0704_01/00009.jpg",
      "transform_matrix": [
        [
          -0.872078,
          -0.232712,
          0.430494,
          1.954573
        ],
        [
          -0.489102,
          0.443434,
          -0.751097,
          4.156849
        ],
        [
          -0.016106,
          -0.86557,
          -0.500528,
          1.391383
        ],
        [
          0.0,
          0.0,
          0.0,
          1.0
        ]
      ]
    },
    {
      "file_path": "/media/NFS/ttao/scannet/posed_images/scene0704_01/00013.jpg",
      "transform_matrix": [
        [
          -0.873661,
          -0.233673,
          0.426748,
          1.968298
        ],
        [
          -0.48641,
          0.43943,
          -0.755186,
          4.162904
        ],
        [
          -0.011059,
          -0.867351,
          -0.497574,
          1.384479
        ],
        [
          0.0,
          0.0,
          0.0,
          1.0
        ]
      ]
    },
    {
      "file_path": "/media/NFS/ttao/scannet/posed_images/scene0704_01/00016.jpg",
      "transform_matrix": [
        [
          -0.873068,
          -0.235504,
          0.426954,
          1.971937
        ],
        [
          -0.487461,
          0.442328,
          -0.752814,
          4.159851
        ],
        [
          -0.011563,
          -0.865381,
          -0.500981,
          1.383625
        ],
        [
          0.0,
          0.0,
          0.0,
          1.0
        ]
      ]
    },
    {
      "file_path": "/media/NFS/ttao/scannet/posed_images/scene0704_01/00023.jpg",
      "transform_matrix": [
        [
          -0.872614,
          -0.226324,
          0.432807,
          1.978723
        ],
        [
          -0.4882,
          0.430211,
          -0.759328,
          4.154373
        ],
        [
          -0.014344,
          -0.873897,
          -0.4859,
          1.390824
        ],
        [
          0.0,
          0.0,
          0.0,
          1.0
        ]
      ]
    },
    {
      "file_path": "/media/NFS/ttao/scannet/posed_images/scene0704_01/00029.jpg",
      "transform_matrix": [
        [
          -0.874957,
          -0.198516,
          0.441635,
          1.987995
        ],
        [
          -0.483474,
          0.408124,
          -0.774395,
          4.146679
        ],
        [
          -0.026512,
          -0.891082,
          -0.453068,
          1.408632
        ],
        [
          0.0,
          0.0,
          0.0,
          1.0
        ]
      ]
    },
    {
      "file_path": "/media/NFS/ttao/scannet/posed_images/scene0704_01/00039.jpg",
      "transform_matrix": [
        [
          -0.86696,
          -0.165113,
          0.470232,
          1.983313
        ],
        [
          -0.497809,
          0.331957,
          -0.801243,
          4.142156
        ],
        [
          -0.023801,
          -0.928732,
          -0.369988,
          1.436302
        ],
        [
          0.0,
          0.0,
          0.0,
          1.0
        ]
      ]
    },
    {
      "file_path": "/media/NFS/ttao/scannet/posed_images/scene0704_01/00045.jpg",
      "transform_matrix": [
        [
          -0.868183,
          -0.147015,
          0.473967,
          1.978917
        ],
        [
          -0.495428,
          0.311557,
          -0.810854,
          4.134845
        ],
        [
          -0.02846,
          -0.938786,
          -0.343324,
          1.447836
        ],
        [
          0.0,
          0.0,
          0.0,
          1.0
        ]
      ]
    },
    {
      "file_path": "/media/NFS/ttao/scannet/posed_images/scene0704_01/00048.jpg",
      "transform_matrix": [
        [
          -0.871096,
          -0.137402,
          0.4715,
          1.978558
        ],
        [
          -0.490282,
          0.299135,
          -0.818622,
          4.136913
        ],
        [
          -0.028562,
          -0.944266,
          -0.327941,
          1.451486
        ],
        [
          0.0,
          0.0,
          0.0,
          1.0
        ]
      ]
    },
    {
      "file_path": "/media/NFS/ttao/scannet/posed_images/scene0704_01/00055.jpg",
      "transform_matrix": [
        [
          -0.870469,
          -0.120627,
          0.477213,
          1.971179
        ],
        [
          -0.491505,
          0.265357,
          -0.829463,
          4.132233
        ],
        [
          -0.026576,
          -0.956575,
          -0.290274,
          1.470079
        ],
        [
          0.0,
          0.0,
          0.0,
          1.0
        ]
      ]
    },
    {
      "file_path": "/media/NFS/ttao/scannet/posed_images/scene0704_01/00059.jpg",
      "transform_matrix": [
        [
          -0.872044,
          -0.106608,
          0.477675,
          1.972513
        ],
        [
          -0.488676,
          0.243725,
          -0.837731,
          4.13524
        ],
        [
          -0.027112,
          -0.963967,
          -0.264636,
          1.483146
        ],
        [
          0.0,
          0.0,
          0.0,
          1.0
        ]
      ]
    },
    {
      "file_path": "/media/NFS/ttao/scannet/posed_images/scene0704_01/00068.jpg",
      "transform_matrix": [
        [
          -0.866777,
          -0.064163,
          0.494551,
          1.952278
        ],
        [
          -0.497903,
          0.167233,
          -0.850956,
          4.151389
        ],
        [
          -0.028105,
          -0.983828,
          -0.1769,
          1.483846
        ],
        [
          0.0,
          0.0,
          0.0,
          1.0
        ]
      ]
    },
    {
      "file_path": "/media/NFS/ttao/scannet/posed_images/scene0704_01/00075.jpg",
      "transform_matrix": [
        [
          -0.846586,
          -0.051569,
          0.529748,
          1.943059
        ],
        [
          -0.530881,
          0.153217,
          -0.83348,
          4.145422
        ],
        [
          -0.038185,
          -0.986846,
          -0.157089,
          1.485736
        ],
        [
          0.0,
          0.0,
          0.0,
          1.0
        ]
      ]
    },
    {
      "file_path": "/media/NFS/ttao/scannet/posed_images/scene0704_01/00077.jpg",
      "transform_matrix": [
        [
          -0.840628,
          -0.050996,
          0.539206,
          1.939962
        ],
        [
          -0.540157,
          0.151884,
          -0.827745,
          4.141989
        ],
        [
          -0.039685,
          -0.987082,
          -0.155224,
          1.484792
        ],
        [
          0.0,
          0.0,
          0.0,
          1.0
        ]
      ]
    },
    {
      "file_path": "/media/NFS/ttao/scannet/posed_images/scene0704_01/00086.jpg",
      "transform_matrix": [
        [
          -0.797381,
          -0.035104,
          0.602455,
          1.937385
        ],
        [
          -0.60117,
          0.133418,
          -0.787905,
          4.122513
        ],
        [
          -0.05272,
          -0.990438,
          -0.127488,
          1.501247
        ],
        [
          0.0,
          0.0,
          0.0,
          1.0
        ]
      ]
    },
    {
      "file_path": "/media/NFS/ttao/scannet/posed_images/scene0704_01/00091.jpg",
      "transform_matrix": [
        [
          -0.74861,
          -0.048583,
          0.661228,
          1.955095
        ],
        [
          -0.661318,
          0.125928,
          -0.739459,
          4.104418
        ],
        [
          -0.047342,
          -0.990849,
          -0.1264,
          1.518345
        ],
        [
          0.0,
          0.0,
          0.0,
          1.0
        ]
      ]
    },
    {
      "file_path": "/media/NFS/ttao/scannet/posed_images/scene0704_01/00095.jpg",
      "transform_matrix": [
        [
          -0.699663,
          -0.05482,
          0.712366,
          1.950717
        ],
        [
          -0.712717,
          0.123402,
          -0.690511,
          4.071069
        ],
        [
          -0.050054,
          -0.990841,
          -0.125411,
          1.527454
        ],
        [
          0.0,
          0.0,
          0.0,
          1.0
        ]
      ]
    },
    {
      "file_path": "/media/NFS/ttao/scannet/posed_images/scene0704_01/00100.jpg",
      "transform_matrix": [
        [
          -0.640545,
          -0.037601,
          0.767,
          1.972734
        ],
        [
          -0.76478,
          0.121486,
          -0.632735,
          4.113267
        ],
        [
          -0.069388,
          -0.991881,
          -0.106573,
          1.536391
        ],
        [
          0.0,
          0.0,
          0.0,
          1.0
        ]
      ]
    },
    {
      "file_path": "/media/NFS/ttao/scannet/posed_images/scene0704_01/00106.jpg",
      "transform_matrix": [
        [
          -0.548709,
          -0.052308,
          0.834375,
          1.958238
        ],
        [
          -0.834545,
          0.093407,
          -0.542965,
          4.050354
        ],
        [
          -0.049535,
          -0.994253,
          -0.094906,
          1.541842
        ],
        [
          0.0,
          0.0,
          0.0,
          1.0
        ]
      ]
    },
    {
      "file_path": "/media/NFS/ttao/scannet/posed_images/scene0704_01/00114.jpg",
      "transform_matrix": [
        [
          -0.453111,
          -0.065564,
          0.88904,
          1.987135
        ],
        [
          -0.889685,
          0.096062,
          -0.446355,
          4.043861
        ],
        [
          -0.056138,
          -0.993214,
          -0.101858,
          1.567659
        ],
        [
          0.0,
          0.0,
          0.0,
          1.0
        ]
      ]
    },
    {
      "file_path": "/media/NFS/ttao/scannet/posed_images/scene0704_01/00120.jpg",
      "transform_matrix": [
        [
          -0.402887,
          -0.056506,
          0.913503,
          1.994759
        ],
        [
          -0.912572,
          0.101088,
          -0.396223,
          4.0422
        ],
        [
          -0.069955,
          -0.993272,
          -0.092292,
          1.57606
        ],
        [
          0.0,
          0.0,
          0.0,
          1.0
        ]
      ]
    },
    {
      "file_path": "/media/NFS/ttao/scannet/posed_images/scene0704_01/00129.jpg",
      "transform_matrix": [
        [
          -0.295855,
          -0.059845,
          0.953356,
          2.004384
        ],
        [
          -0.953067,
          0.085664,
          -0.290387,
          4.017202
        ],
        [
          -0.06429,
          -0.994525,
          -0.082381,
          1.582957
        ],
        [
          0.0,
          0.0,
          0.0,
          1.0
        ]
      ]
    },
    {
      "file_path": "/media/NFS/ttao/scannet/posed_images/scene0704_01/00131.jpg",
      "transform_matrix": [
        [
          -0.285186,
          -0.060077,
          0.956588,
          2.018805
        ],
        [
          -0.956298,
          0.085022,
          -0.27976,
          4.027391
        ],
        [
          -0.064524,
          -0.994566,
          -0.081698,
          1.579
        ],
        [
          0.0,
          0.0,
          0.0,
          1.0
        ]
      ]
    },
    {
      "file_path": "/media/NFS/ttao/scannet/posed_images/scene0704_01/00136.jpg",
      "transform_matrix": [
        [
          -0.235774,
          -0.04714,
          0.970664,
          2.020612
        ],
        [
          -0.968778,
          0.090215,
          -0.230934,
          4.026194
        ],
        [
          -0.076682,
          -0.994806,
          -0.066938,
          1.583979
        ],
        [
          0.0,
          0.0,
          0.0,
          1.0
        ]
      ]
    },
    {
      "file_path": "/media/NFS/ttao/scannet/posed_images/scene0704_01/00143.jpg",
      "transform_matrix": [
        [
          -0.177444,
          -0.027256,
          0.983753,
          2.033426
        ],
        [
          -0.981947,
          0.071468,
          -0.175138,
          4.038758
        ],
        [
          -0.065533,
          -0.997071,
          -0.039445,
          1.601554
        ],
        [
          0.0,
          0.0,
          0.0,
          1.0
        ]
      ]
    },
    {
      "file_path": "/media/NFS/ttao/scannet/posed_images/scene0704_01/00148.jpg",
      "transform_matrix": [
        [
          -0.123734,
          -0.041388,
          0.991452,
          2.038397
        ],
        [
          -0.99027,
          0.06927,
          -0.120695,
          4.034685
        ],
        [
          -0.063682,
          -0.996739,
          -0.049557,
          1.596775
        ],
        [
          0.0,
          0.0,
          0.0,
          1.0
        ]
      ]
    },
    {
      "file_path": "/media/NFS/ttao/scannet/posed_images/scene0704_01/00157.jpg",
      "transform_matrix": [
        [
          -0.060691,
          -0.1287,
          0.989825,
          2.057912
        ],
        [
          -0.9964,
          0.066616,
          -0.052432,
          4.028752
        ],
        [
          -0.05919,
          -0.989444,
          -0.132279,
          1.588482
        ],
        [
          0.0,
          0.0,
          0.0,
          1.0
        ]
      ]
    },
    {
      "file_path": "/media/NFS/ttao/scannet/posed_images/scene0704_01/00165.jpg",
      "transform_matrix": [
        [
          -0.081361,
          -0.242025,
          0.966852,
          2.080336
        ],
        [
          -0.995377,
          0.0694,
          -0.066389,
          4.043419
        ],
        [
          -0.051032,
          -0.967785,
          -0.246553,
          1.558022
        ],
        [
          0.0,
          0.0,
          0.0,
          1.0
        ]
      ]
    },
    {
      "file_path": "/media/NFS/ttao/scannet/posed_images/scene0704_01/00170.jpg",
      "transform_matrix": [
        [
          -0.0847,
          -0.301723,
          0.949626,
          2.09409
        ],
        [
          -0.993646,
          0.096468,
          -0.057975,
          4.040812
        ],
        [
          -0.074116,
          -0.948503,
          -0.307976,
          1.530168
        ],
        [
          0.0,
          0.0,
          0.0,
          1.0
        ]
      ]
    },
    {
      "file_path": "/media/NFS/ttao/scannet/posed_images/scene0704_01/00172.jpg",
      "transform_matrix": [
        [
          -0.082165,
          -0.32034,
          0.943732,
          2.093849
        ],
        [
          -0.993378,
          0.102627,
          -0.051652,
          4.043842
        ],
        [
          -0.080306,
          -0.941727,
          -0.326651,
          1.51511
        ],
        [
          0.0,
          0.0,
          0.0,
          1.0
        ]
      ]
    },
    {
      "file_path": "/media/NFS/ttao/scannet/posed_images/scene0704_01/00177.jpg",
      "transform_matrix": [
        [
          -0.055824,
          -0.375528,
          0.925128,
          2.101699
        ],
        [
          -0.994246,
          0.105748,
          -0.017069,
          4.0433
        ],
        [
          -0.091421,
          -0.920759,
          -0.37927,
          1.496594
        ],
        [
          0.0,
          0.0,
          0.0,
          1.0
        ]
      ]
    },
    {
      "file_path": "/media/NFS/ttao/scannet/posed_images/scene0704_01/00188.jpg",
      "transform_matrix": [
        [
          -0.071042,
          -0.447439,
          0.891488,
          2.101448
        ],
        [
          -0.994153,
          0.104625,
          -0.026712,
          4.067871
        ],
        [
          -0.081319,
          -0.888174,
          -0.452255,
          1.444734
        ],
        [
          0.0,
          0.0,
          0.0,
          1.0
        ]
      ]
    },
    {
      "file_path": "/media/NFS/ttao/scannet/posed_images/scene0704_01/00191.jpg",
      "transform_matrix": [
        [
          -0.088011,
          -0.44964,
          0.888863,
          2.094804
        ],
        [
          -0.99295,
          0.110726,
          -0.042305,
          4.069886
        ],
        [
          -0.079399,
          -0.88632,
          -0.456216,
          1.433333
        ],
        [
          0.0,
          0.0,
          0.0,
          1.0
        ]
      ]
    },
    {
      "file_path": "/media/NFS/ttao/scannet/posed_images/scene0704_01/00200.jpg",
      "transform_matrix": [
        [
          -0.194742,
          -0.460834,
          0.865856,
          2.08726
        ],
        [
          -0.979068,
          0.144578,
          -0.143256,
          4.068826
        ],
        [
          -0.059167,
          -0.875631,
          -0.479344,
          1.418889
        ],
        [
          0.0,
          0.0,
          0.0,
          1.0
        ]
      ]
    },
    {
      "file_path": "/media/NFS/ttao/scannet/posed_images/scene0704_01/00202.jpg",
      "transform_matrix": [
        [
          -0.221326,
          -0.459677,
          0.860065,
          2.084515
        ],
        [
          -0.973424,
          0.157343,
          -0.166402,
          4.066675
        ],
        [
          -0.058834,
          -0.874037,
          -0.482285,
          1.417871
        ],
        [
          0.0,
          0.0,
          0.0,
          1.0
        ]
      ]
    },
    {
      "file_path": "/media/NFS/ttao/scannet/posed_images/scene0704_01/00208.jpg",
      "transform_matrix": [
        [
          -0.310349,
          -0.458808,
          0.832574,
          2.077566
        ],
        [
          -0.949538,
          0.191448,
          -0.248446,
          4.051991
        ],
        [
          -0.045405,
          -0.867665,
          -0.495072,
          1.409762
        ],
        [
          0.0,
          0.0,
          0.0,
          1.0
        ]
      ]
    },
    {
      "file_path": "/media/NFS/ttao/scannet/posed_images/scene0704_01/00218.jpg",
      "transform_matrix": [
        [
          -0.482201,
          -0.431742,
          0.762287,
          2.053804
        ],
        [
          -0.873934,
          0.297653,
          -0.384241,
          4.079766
        ],
        [
          -0.061004,
          -0.85147,
          -0.520843,
          1.38286
        ],
        [
          0.0,
          0.0,
          0.0,
          1.0
        ]
      ]
    },
    {
      "file_path": "/media/NFS/ttao/scannet/posed_images/scene0704_01/00224.jpg",
      "transform_matrix": [
        [
          -0.53705,
          -0.415266,
          0.734255,
          2.040651
        ],
        [
          -0.839299,
          0.350323,
          -0.415753,
          4.057809
        ],
        [
          -0.084578,
          -0.839541,
          -0.536673,
          1.367345
        ],
        [
          0.0,
          0.0,
          0.0,
          1.0
        ]
      ]
    },
    {
      "file_path": "/media/NFS/ttao/scannet/posed_images/scene0704_01/00225.jpg",
      "transform_matrix": [
        [
          -0.548654,
          -0.408536,
          0.729436,
          2.043958
        ],
        [
          -0.831498,
          0.357553,
          -0.425166,
          4.053102
        ],
        [
          -0.087116,
          -0.839794,
          -0.53587,
          1.367159
        ],
        [
          0.0,
          0.0,
          0.0,
          1.0
        ]
      ]
    },
    {
      "file_path": "/media/NFS/ttao/scannet/posed_images/scene0704_01/00233.jpg",
      "transform_matrix": [
        [
          -0.689724,
          -0.342976,
          0.637689,
          2.094383
        ],
        [
          -0.720003,
          0.418104,
          -0.553881,
          4.063804
        ],
        [
          -0.076653,
          -0.841164,
          -0.535321,
          1.34895
        ],
        [
          0.0,
          0.0,
          0.0,
          1.0
        ]
      ]
    },
    {
      "file_path": "/media/NFS/ttao/scannet/posed_images/scene0704_01/00242.jpg",
      "transform_matrix": [
        [
          -0.826167,
          -0.272223,
          0.493298,
          2.164234
        ],
        [
          -0.55745,
          0.522108,
          -0.645487,
          4.069725
        ],
        [
          -0.081838,
          -0.808269,
          -0.583099,
          1.325949
        ],
        [
          0.0,
          0.0,
          0.0,
          1.0
        ]
      ]
    },
    {
      "file_path": "/media/NFS/ttao/scannet/posed_images/scene0704_01/00245.jpg",
      "transform_matrix": [
        [
          -0.860463,
          -0.245402,
          0.446521,
          2.177102
        ],
        [
          -0.503126,
          0.547557,
          -0.668614,
          4.069928
        ],
        [
          -0.080417,
          -0.799975,
          -0.594621,
          1.324488
        ],
        [
          0.0,
          0.0,
          0.0,
          1.0
        ]
      ]
    },
    {
      "file_path": "/media/NFS/ttao/scannet/posed_images/scene0704_01/00254.jpg",
      "transform_matrix": [
        [
          -0.943239,
          -0.14968,
          0.296471,
          2.195022
        ],
        [
          -0.325711,
          0.591354,
          -0.737708,
          4.082918
        ],
        [
          -0.064899,
          -0.792399,
          -0.606541,
          1.327253
        ],
        [
          0.0,
          0.0,
          0.0,
          1.0
        ]
      ]
    },
    {
      "file_path": "/media/NFS/ttao/scannet/posed_images/scene0704_01/00258.jpg",
      "transform_matrix": [
        [
          -0.959766,
          -0.113225,
          0.256963,
          2.179582
        ],
        [
          -0.270714,
          0.616177,
          -0.739622,
          4.075812
        ],
        [
          -0.074591,
          -0.779427,
          -0.622037,
          1.325092
        ],
        [
          0.0,
          0.0,
          0.0,
          1.0
        ]
      ]
    },
    {
      "file_path": "/media/NFS/ttao/scannet/posed_images/scene0704_01/00265.jpg",
      "transform_matrix": [
        [
          -0.985992,
          -0.065104,
          0.153559,
          2.144529
        ],
        [
          -0.160637,
          0.618438,
          -0.76924,
          4.069887
        ],
        [
          -0.044886,
          -0.783132,
          -0.620233,
          1.322471
        ],
        [
          0.0,
          0.0,
          0.0,
          1.0
        ]
      ]
    },
    {
      "file_path": "/media/NFS/ttao/scannet/posed_images/scene0704_01/00267.jpg",
      "transform_matrix": [
        [
          -0.989908,
          -0.054339,
          0.130881,
          2.135098
        ],
        [
          -0.135975,
          0.624363,
          -0.769209,
          4.068278
        ],
        [
          -0.039919,
          -0.779242,
          -0.62545,
          1.322149
        ],
        [
          0.0,
          0.0,
          0.0,
          1.0
        ]
      ]
    },
    {
      "file_path": "/media/NFS/ttao/scannet/posed_images/scene0704_01/00277.jpg",
      "transform_matrix": [
        [
          -0.999569,
          -0.011943,
          0.026798,
          2.087783
        ],
        [
          -0.027806,
          0.677056,
          -0.735406,
          4.068651
        ],
        [
          -0.009361,
          -0.735834,
          -0.677097,
          1.297185
        ],
        [
          0.0,
          0.0,
          0.0,
          1.0
        ]
      ]
    },
    {
      "file_path": "/media/NFS/ttao/scannet/posed_images/scene0704_01/00279.jpg",
      "transform_matrix": [
        [
          -0.999785,
          0.003966,
          0.020339,
          2.076884
        ],
        [
          -0.012326,
          0.675178,
          -0.737552,
          4.070763
        ],
        [
          -0.016658,
          -0.737644,
          -0.674985,
          1.297901
        ],
        [
          0.0,
          0.0,
          0.0,
          1.0
        ]
      ]
    },
    {
      "file_path": "/media/NFS/ttao/scannet/posed_images/scene0704_01/00286.jpg",
      "transform_matrix": [
        [
          -0.997107,
          0.066773,
          -0.036305,
          2.03703
        ],
        [
          0.071981,
          0.676277,
          -0.733122,
          4.082239
        ],
        [
          -0.024401,
          -0.733615,
          -0.679127,
          1.29812
        ],
        [
          0.0,
          0.0,
          0.0,
          1.0
        ]
      ]
    },
    {
      "file_path": "/media/NFS/ttao/scannet/posed_images/scene0704_01/00295.jpg",
      "transform_matrix": [
        [
          -0.984481,
          0.144695,
          -0.099299,
          1.997188
        ],
        [
          0.171311,
          0.669637,
          -0.722661,
          4.10822
        ],
        [
          -0.038071,
          -0.728457,
          -0.684033,
          1.297455
        ],
        [
          0.0,
          0.0,
          0.0,
          1.0
        ]
      ]
    },
    {
      "file_path": "/media/NFS/ttao/scannet/posed_images/scene0704_01/00297.jpg",
      "transform_matrix": [
        [
          -0.982184,
          0.155277,
          -0.105848,
          1.989359
        ],
        [
          0.183426,
          0.669667,
          -0.719653,
          4.113517
        ],
        [
          -0.040863,
          -0.726247,
          -0.686218,
          1.297839
        ],
        [
          0.0,
          0.0,
          0.0,
          1.0
        ]
      ]
    },
    {
      "file_path": "/media/NFS/ttao/scannet/posed_images/scene0704_01/00302.jpg",
      "transform_matrix": [
        [
          -0.973316,
          0.182537,
          -0.139056,
          1.975883
        ],
        [
          0.226434,
          0.665754,
          -0.710985,
          4.130594
        ],
        [
          -0.037204,
          -0.7235,
          -0.689322,
          1.292486
        ],
        [
          0.0,
          0.0,
          0.0,
          1.0
        ]
      ]
    },
    {
      "file_path": "/media/NFS/ttao/scannet/posed_images/scene0704_01/00309.jpg",
      "transform_matrix": [
        [
          -0.952277,
          0.244567,
          -0.182634,
          1.940155
        ],
        [
          0.3004,
          0.644859,
          -0.702792,
          4.156678
        ],
        [
          -0.054106,
          -0.724116,
          -0.687553,
          1.294363
        ],
        [
          0.0,
          0.0,
          0.0,
          1.0
        ]
      ]
    },
    {
      "file_path": "/media/NFS/ttao/scannet/posed_images/scene0704_01/00315.jpg",
      "transform_matrix": [
        [
          -0.920285,
          0.311605,
          -0.236596,
          1.904413
        ],
        [
          0.383394,
          0.597674,
          -0.704127,
          4.183341
        ],
        [
          -0.078002,
          -0.738707,
          -0.669498,
          1.291927
        ],
        [
          0.0,
          0.0,
          0.0,
          1.0
        ]
      ]
    },
    {
      "file_path": "/media/NFS/ttao/scannet/posed_images/scene0704_01/00324.jpg",
      "transform_matrix": [
        [
          -0.854007,
          0.358298,
          -0.37722,
          1.853124
        ],
        [
          0.518298,
          0.522985,
          -0.676649,
          4.211752
        ],
        [
          -0.045162,
          -0.773376,
          -0.632337,
          1.292292
        ],
        [
          0.0,
          0.0,
          0.0,
          1.0
        ]
      ]
    },
    {
      "file_path": "/media/NFS/ttao/scannet/posed_images/scene0704_01/00327.jpg",
      "transform_matrix": [
        [
          -0.829494,
          0.36991,
          -0.418458,
          1.84166
        ],
        [
          0.557591,
          0.505374,
          -0.658551,
          4.215431
        ],
        [
          -0.032127,
          -0.779592,
          -0.625463,
          1.292926
        ],
        [
          0.0,
          0.0,
          0.0,
          1.0
        ]
      ]
    },
    {
      "file_path": "/media/NFS/ttao/scannet/posed_images/scene0704_01/00333.jpg",
      "transform_matrix": [
        [
          -0.786735,
          0.377513,
          -0.488397,
          1.821591
        ],
        [
          0.617084,
          0.46051,
          -0.638073,
          4.208737
        ],
        [
          -0.015969,
          -0.803377,
          -0.595257,
          1.31529
        ],
        [
          0.0,
          0.0,
          0.0,
          1.0
        ]
      ]
    },
    {
      "file_path": "/media/NFS/ttao/scannet/posed_images/scene0704_01/00342.jpg",
      "transform_matrix": [
        [
          -0.777285,
          0.334164,
          -0.53307,
          1.803524
        ],
        [
          0.628909,
          0.389292,
          -0.672997,
          4.207686
        ],
        [
          -0.017371,
          -0.858363,
          -0.51275,
          1.350003
        ],
        [
          0.0,
          0.0,
          0.0,
          1.0
        ]
      ]
    },
    {
      "file_path": "/media/NFS/ttao/scannet/posed_images/scene0704_01/00349.jpg",
      "transform_matrix": [
        [
          -0.791979,
          0.292735,
          -0.535794,
          1.801142
        ],
        [
          0.61028,
          0.35353,
          -0.708925,
          4.205584
        ],
        [
          -0.018108,
          -0.888438,
          -0.458639,
          1.372359
        ],
        [
          0.0,
          0.0,
          0.0,
          1.0
        ]
      ]
    },
    {
      "file_path": "/media/NFS/ttao/scannet/posed_images/scene0704_01/00352.jpg",
      "transform_matrix": [
        [
          -0.795438,
          0.27911,
          -0.537937,
          1.796461
        ],
        [
          0.605767,
          0.339796,
          -0.719434,
          4.207142
        ],
        [
          -0.018013,
          -0.89813,
          -0.439362,
          1.384855
        ],
        [
          0.0,
          0.0,
          0.0,
          1.0
        ]
      ]
    },
    {
      "file_path": "/media/NFS/ttao/scannet/posed_images/scene0704_01/00358.jpg",
      "transform_matrix": [
        [
          -0.796011,
          0.232606,
          -0.558802,
          1.797497
        ],
        [
          0.605257,
          0.297643,
          -0.73829,
          4.211833
        ],
        [
          -0.005407,
          -0.925907,
          -0.377714,
          1.406967
        ],
        [
          0.0,
          0.0,
          0.0,
          1.0
        ]
      ]
    },
    {
      "file_path": "/media/NFS/ttao/scannet/posed_images/scene0704_01/00367.jpg",
      "transform_matrix": [
        [
          -0.811797,
          0.15653,
          -0.562569,
          1.80619
        ],
        [
          0.583869,
          0.232504,
          -0.777842,
          4.224113
        ],
        [
          0.009044,
          -0.959917,
          -0.280139,
          1.438496
        ],
        [
          0.0,
          0.0,
          0.0,
          1.0
        ]
      ]
    },
    {
      "file_path": "/media/NFS/ttao/scannet/posed_images/scene0704_01/00372.jpg",
      "transform_matrix": [
        [
          -0.820997,
          0.126015,
          -0.556852,
          1.81047
        ],
        [
          0.57073,
          0.207072,
          -0.794599,
          4.231399
        ],
        [
          0.015177,
          -0.970176,
          -0.241926,
          1.45547
        ],
        [
          0.0,
          0.0,
          0.0,
          1.0
        ]
      ]
    },
    {
      "file_path": "/media/NFS/ttao/scannet/posed_images/scene0704_01/00377.jpg",
      "transform_matrix": [
        [
          -0.819957,
          0.09865,
          -0.56386,
          1.814994
        ],
        [
          0.572213,
          0.168031,
          -0.802706,
          4.236214
        ],
        [
          0.015559,
          -0.980833,
          -0.194227,
          1.472438
        ],
        [
          0.0,
          0.0,
          0.0,
          1.0
        ]
      ]
    },
    {
      "file_path": "/media/NFS/ttao/scannet/posed_images/scene0704_01/00385.jpg",
      "transform_matrix": [
        [
          -0.81664,
          0.05664,
          -0.574361,
          1.837432
        ],
        [
          0.57642,
          0.129948,
          -0.806754,
          4.249513
        ],
        [
          0.028942,
          -0.989902,
          -0.13877,
          1.4892
        ],
        [
          0.0,
          0.0,
          0.0,
          1.0
        ]
      ]
    },
    {
      "file_path": "/media/NFS/ttao/scannet/posed_images/scene0704_01/00390.jpg",
      "transform_matrix": [
        [
          -0.80688,
          0.032329,
          -0.58983,
          1.863597
        ],
        [
          0.587604,
          0.146276,
          -0.795817,
          4.252684
        ],
        [
          0.06055,
          -0.988716,
          -0.137024,
          1.487089
        ],
        [
          0.0,
          0.0,
          0.0,
          1.0
        ]
      ]
    },
    {
      "file_path": "/media/NFS/ttao/scannet/posed_images/scene0704_01/00392.jpg",
      "transform_matrix": [
        [
          -0.805548,
          0.028456,
          -0.591847,
          1.876978
        ],
        [
          0.589087,
          0.145983,
          -0.794774,
          4.252864
        ],
        [
          0.063783,
          -0.988878,
          -0.134359,
          1.483609
        ],
        [
          0.0,
          0.0,
          0.0,
          1.0
        ]
      ]
    },
    {
      "file_path": "/media/NFS/ttao/scannet/posed_images/scene0704_01/00399.jpg",
      "transform_matrix": [
        [
          -0.844981,
          0.009837,
          -0.534706,
          1.91601
        ],
        [
          0.531278,
          0.129925,
          -0.837175,
          4.257167
        ],
        [
          0.061236,
          -0.991475,
          -0.115011,
          1.479056
        ],
        [
          0.0,
          0.0,
          0.0,
          1.0
        ]
      ]
    },
    {
      "file_path": "/media/NFS/ttao/scannet/posed_images/scene0704_01/00406.jpg",
      "transform_matrix": [
        [
          -0.904627,
          0.03353,
          -0.424883,
          1.969684
        ],
        [
          0.424251,
          0.166164,
          -0.890169,
          4.252945
        ],
        [
          0.040752,
          -0.985528,
          -0.164542,
          1.470195
        ],
        [
          0.0,
          0.0,
          0.0,
          1.0
        ]
      ]
    },
    {
      "file_path": "/media/NFS/ttao/scannet/posed_images/scene0704_01/00415.jpg",
      "transform_matrix": [
        [
          -0.973004,
          0.021853,
          -0.229752,
          2.078276
        ],
        [
          0.227601,
          0.255752,
          -0.939568,
          4.239647
        ],
        [
          0.038226,
          -0.966496,
          -0.253821,
          1.451318
        ],
        [
          0.0,
          0.0,
          0.0,
          1.0
        ]
      ]
    },
    {
      "file_path": "/media/NFS/ttao/scannet/posed_images/scene0704_01/00420.jpg",
      "transform_matrix": [
        [
          -0.988854,
          0.023878,
          -0.146957,
          2.21625
        ],
        [
          0.147723,
          0.28038,
          -0.948454,
          4.218358
        ],
        [
          0.018556,
          -0.959592,
          -0.280782,
          1.436837
        ],
        [
          0.0,
          0.0,
          0.0,
          1.0
        ]
      ]
    },
    {
      "file_path": "/media/NFS/ttao/scannet/posed_images/scene0704_01/00426.jpg",
      "transform_matrix": [
        [
          -0.999121,
          0.000161,
          -0.041908,
          2.264496
        ],
        [
          0.040364,
          0.272656,
          -0.961265,
          4.207008
        ],
        [
          0.011271,
          -0.962112,
          -0.272423,
          1.439858
        ],
        [
          0.0,
          0.0,
          0.0,
          1.0
        ]
      ]
    },
    {
      "file_path": "/media/NFS/ttao/scannet/posed_images/scene0704_01/00428.jpg",
      "transform_matrix": [
        [
          -0.999602,
          -0.007674,
          -0.027129,
          2.289277
        ],
        [
          0.023874,
          0.281402,
          -0.959293,
          4.198233
        ],
        [
          0.014996,
          -0.959559,
          -0.281107,
          1.443304
        ],
        [
          0.0,
          0.0,
          0.0,
          1.0
        ]
      ]
    },
    {
      "file_path": "/media/NFS/ttao/scannet/posed_images/scene0704_01/00438.jpg",
      "transform_matrix": [
        [
          -0.995236,
          -0.056038,
          0.07978,
          2.437164
        ],
        [
          -0.091574,
          0.256477,
          -0.962203,
          4.125255
        ],
        [
          0.033458,
          -0.964925,
          -0.260387,
          1.428691
        ],
        [
          0.0,
          0.0,
          0.0,
          1.0
        ]
      ]
    },
    {
      "file_path": "/media/NFS/ttao/scannet/posed_images/scene0704_01/00440.jpg",
      "transform_matrix": [
        [
          -0.992449,
          -0.057422,
          0.108385,
          2.469121
        ],
        [
          -0.119708,
          0.260867,
          -0.957924,
          4.10835
        ],
        [
          0.026731,
          -0.963665,
          -0.265772,
          1.427592
        ],
        [
          0.0,
          0.0,
          0.0,
          1.0
        ]
      ]
    },
    {
      "file_path": "/media/NFS/ttao/scannet/posed_images/scene0704_01/00445.jpg",
      "transform_matrix": [
        [
          -0.978272,
          -0.068225,
          0.195779,
          2.496518
        ],
        [
          -0.206786,
          0.252974,
          -0.945116,
          4.036706
        ],
        [
          0.014953,
          -0.965065,
          -0.261585,
          1.421293
        ],
        [
          0.0,
          0.0,
          0.0,
          1.0
        ]
      ]
    },
    {
      "file_path": "/media/NFS/ttao/scannet/posed_images/scene0704_01/00453.jpg",
      "transform_matrix": [
        [
          -0.931561,
          -0.103421,
          0.348566,
          2.590834
        ],
        [
          -0.363568,
          0.255484,
          -0.89585,
          3.995209
        ],
        [
          0.003596,
          -0.961266,
          -0.275599,
          1.404667
        ],
        [
          0.0,
          0.0,
          0.0,
          1.0
        ]
      ]
    },
    {
      "file_path": "/media/NFS/ttao/scannet/posed_images/scene0704_01/00462.jpg",
      "transform_matrix": [
        [
          -0.830139,
          -0.183262,
          0.526579,
          2.70434
        ],
        [
          -0.557556,
          0.275086,
          -0.783237,
          3.969749
        ],
