{
  "frames": [
    {
      "file_path": "/media/NFS/ttao/scannet/posed_images/scene0211_02/00000.jpg",
      "transform_matrix": [
        [
          0.411106,
          0.456467,
          -0.789069,
          2.069913
        ],
        [
          0.911485,
          -0.21885,
          0.348283,
          1.855923
        ],
        [
          -0.013708,
          -0.862405,
          -0.506033,
          1.367003
        ],
        [
          0.0,
          0.0,
          0.0,
          1.0
        ]
      ]
    },
    {
      "file_path": "/media/NFS/ttao/scannet/posed_images/scene0211_02/00012.jpg",
      "transform_matrix": [
        [
          0.4329,
          0.500558,
          -0.749693,
          2.103786
        ],
        [
          0.900209,
          -0.196562,
          0.388572,
          1.766694
        ],
        [
          0.047141,
          -0.843093,
          -0.535698,
          1.341419
        ],
        [
          0.0,
          0.0,
          0.0,
          1.0
        ]
      ]
    },
    {
      "file_path": "/media/NFS/ttao/scannet/posed_images/scene0211_02/00015.jpg",
      "transform_matrix": [
        [
          0.429358,
          0.506611,
          -0.747661,
          2.1164
        ],
        [
          0.902181,
          -0.202562,
          0.380839,
          1.758356
        ],
        [
          0.04149,
          -0.838042,
          -0.544027,
          1.335503
        ],
        [
          0.0,
          0.0,
          0.0,
          1.0
        ]
      ]
    },
    {
      "file_path": "/media/NFS/ttao/scannet/posed_images/scene0211_02/00022.jpg",
      "transform_matrix": [
        [
          0.393249,
          0.535933,
          -0.747082,
          2.178287
        ],
        [
          0.919393,
          -0.221694,
          0.324913,
          1.756189
        ],
        [
          0.008508,
          -0.814634,
          -0.579914,
          1.303643
        ],
        [
          0.0,
          0.0,
          0.0,
          1.0
        ]
      ]
    },
    {
      "file_path": "/media/NFS/ttao/scannet/posed_images/scene0211_02/00035.jpg",
      "transform_matrix": [
        [
          0.296557,
          0.596737,
          -0.745627,
          2.280025
        ],
        [
          0.955002,
          -0.181175,
          0.234835,
          1.701696
        ],
        [
          0.005046,
          -0.781717,
          -0.623613,
          1.272056
        ],
        [
          0.0,
          0.0,
          0.0,
          1.0
        ]
      ]
    },
    {
      "file_path": "/media/NFS/ttao/scannet/posed_images/scene0211_02/00042.jpg",
      "transform_matrix": [
        [
          0.26513,
          0.60934,
          -0.747269,
          2.310264
        ],
        [
          0.964158,
          -0.159258,
          0.21222,
          1.674813
        ],
        [
          0.010306,
          -0.776751,
          -0.629724,
          1.268868
        ],
        [
          0.0,
          0.0,
          0.0,
          1.0
        ]
      ]
    },
    {
      "file_path": "/media/NFS/ttao/scannet/posed_images/scene0211_02/00052.jpg",
      "transform_matrix": [
        [
          0.344395,
          0.522556,
          -0.779953,
          2.317702
        ],
        [
          0.938523,
          -0.17058,
          0.300127,
          1.702848
        ],
        [
          0.023789,
          -0.835367,
          -0.549178,
          1.314434
        ],
        [
          0.0,
          0.0,
          0.0,
          1.0
        ]
      ]
    },
    {
      "file_path": "/media/NFS/ttao/scannet/posed_images/scene0211_02/00062.jpg",
      "transform_matrix": [
        [
          0.416493,
          0.469666,
          -0.778427,
          2.310458
        ],
        [
          0.908169,
          -0.175386,
          0.380091,
          1.697642
        ],
        [
          0.04199,
          -0.865248,
          -0.499583,
          1.311523
        ],
        [
          0.0,
          0.0,
          0.0,
          1.0
        ]
      ]
    },
    {
      "file_path": "/media/NFS/ttao/scannet/posed_images/scene0211_02/00069.jpg",
      "transform_matrix": [
        [
          0.436874,
          0.451285,
          -0.778128,
          2.318901
        ],
        [
          0.898931,
          -0.187665,
          0.39586,
          1.728921
        ],
        [
          0.032618,
          -0.872424,
          -0.487661,
          1.325933
        ],
        [
          0.0,
          0.0,
          0.0,
          1.0
        ]
      ]
    },
    {
      "file_path": "/media/NFS/ttao/scannet/posed_images/scene0211_02/00077.jpg",
      "transform_matrix": [
        [
          0.532524,
          0.400917,
          -0.745442,
          2.344326
        ],
        [
          0.846335,
          -0.240095,
          0.47547,
          1.798166
        ],
        [
          0.011647,
          -0.884093,
          -0.467166,
          1.326337
        ],
        [
          0.0,
          0.0,
          0.0,
          1.0
        ]
      ]
    },
    {
      "file_path": "/media/NFS/ttao/scannet/posed_images/scene0211_02/00087.jpg",
      "transform_matrix": [
        [
          0.553352,
          0.394923,
          -0.733374,
          2.353245
        ],
        [
          0.832301,
          -0.296848,
          0.468142,
          1.868047
        ],
        [
          -0.032821,
          -0.869435,
          -0.492956,
          1.325529
        ],
        [
          0.0,
          0.0,
          0.0,
          1.0
        ]
      ]
    },
    {
      "file_path": "/media/NFS/ttao/scannet/posed_images/scene0211_02/00089.jpg",
      "transform_matrix": [
        [
          0.549799,
          0.393762,
          -0.736663,
          2.349873
        ],
        [
          0.834233,
          -0.303345,
          0.460475,
          1.884444
        ],
        [
          -0.042146,
          -0.867718,
          -0.495268,
          1.326424
        ],
        [
          0.0,
          0.0,
          0.0,
          1.0
        ]
      ]
    },
    {
      "file_path": "/media/NFS/ttao/scannet/posed_images/scene0211_02/00096.jpg",
      "transform_matrix": [
        [
          0.531321,
          0.413003,
          -0.73968,
          2.324463
        ],
        [
          0.846024,
          -0.304083,
          0.437923,
          1.959336
        ],
        [
          -0.044061,
          -0.858465,
          -0.510977,
          1.331998
        ],
        [
          0.0,
          0.0,
          0.0,
          1.0
        ]
      ]
    },
    {
      "file_path": "/media/NFS/ttao/scannet/posed_images/scene0211_02/00111.jpg",
      "transform_matrix": [
        [
          0.555183,
          0.390228,
          -0.734503,
          2.275899
        ],
        [
          0.830715,
          -0.303747,
          0.466531,
          2.225537
        ],
        [
          -0.04105,
          -0.869172,
          -0.492803,
          1.36216
        ],
        [
          0.0,
          0.0,
          0.0,
          1.0
        ]
      ]
    },
    {
      "file_path": "/media/NFS/ttao/scannet/posed_images/scene0211_02/00119.jpg",
      "transform_matrix": [
        [
          0.462745,
          0.402865,
          -0.789662,
          2.279774
        ],
        [
          0.885464,
          -0.252931,
          0.389847,
          2.308588
        ],
        [
          -0.042674,
          -0.879617,
          -0.473765,
          1.370077
        ],
        [
          0.0,
          0.0,
          0.0,
          1.0
        ]
      ]
    },
    {
      "file_path": "/media/NFS/ttao/scannet/posed_images/scene0211_02/00129.jpg",
      "transform_matrix": [
        [
          0.272408,
          0.434874,
          -0.8583,
          2.326575
        ],
        [
          0.962153,
          -0.130002,
          0.239501,
          2.467963
        ],
        [
          -0.007428,
          -0.891058,
          -0.453829,
          1.383197
        ],
        [
          0.0,
          0.0,
          0.0,
          1.0
        ]
      ]
    },
    {
      "file_path": "/media/NFS/ttao/scannet/posed_images/scene0211_02/00134.jpg",
      "transform_matrix": [
        [
          0.186254,
          0.426651,
          -0.88503,
          2.347092
        ],
        [
          0.982206,
          -0.102948,
          0.157076,
          2.520897
        ],
        [
          -0.024095,
          -0.898538,
          -0.438234,
          1.392964
        ],
        [
          0.0,
          0.0,
          0.0,
          1.0
        ]
      ]
    },
    {
      "file_path": "/media/NFS/ttao/scannet/posed_images/scene0211_02/00143.jpg",
      "transform_matrix": [
        [
          0.08771,
          0.410991,
          -0.90741,
          2.326097
        ],
        [
          0.995482,
          -0.069429,
          0.064776,
          2.600492
        ],
        [
          -0.036378,
          -0.908992,
          -0.415224,
          1.403302
        ],
        [
          0.0,
          0.0,
          0.0,
          1.0
        ]
      ]
    },
    {
      "file_path": "/media/NFS/ttao/scannet/posed_images/scene0211_02/00153.jpg",
      "transform_matrix": [
        [
          0.052732,
          0.37526,
          -0.925418,
          2.236433
        ],
        [
          0.998484,
          -0.034467,
          0.042919,
          2.685089
        ],
        [
          -0.01579,
          -0.926279,
          -0.376509,
          1.388406
        ],
        [
          0.0,
          0.0,
          0.0,
          1.0
        ]
      ]
    },
    {
      "file_path": "/media/NFS/ttao/scannet/posed_images/scene0211_02/00158.jpg",
      "transform_matrix": [
        [
          -0.015848,
          0.404557,
          -0.914375,
          2.174767
        ],
        [
          0.999788,
          0.018448,
          -0.009167,
          2.72113
        ],
        [
          0.01316,
          -0.914327,
          -0.404763,
          1.385942
        ],
        [
          0.0,
          0.0,
          0.0,
          1.0
        ]
      ]
    },
    {
      "file_path": "/media/NFS/ttao/scannet/posed_images/scene0211_02/00166.jpg",
      "transform_matrix": [
        [
          -0.026232,
          0.422055,
          -0.90619,
          2.137511
        ],
        [
          0.999485,
          0.027821,
          -0.015975,
          2.766807
        ],
        [
          0.018469,
          -0.906143,
          -0.422568,
          1.380964
        ],
        [
          0.0,
          0.0,
          0.0,
          1.0
        ]
      ]
    },
    {
      "file_path": "/media/NFS/ttao/scannet/posed_images/scene0211_02/00176.jpg",
      "transform_matrix": [
        [
          -0.076014,
          0.41611,
          -0.906131,
          2.183301
        ],
        [
          0.996819,
          0.053561,
          -0.059026,
          2.77951
        ],
        [
          0.023972,
          -0.907736,
          -0.418858,
          1.403905
        ],
        [
          0.0,
          0.0,
          0.0,
          1.0
        ]
      ]
    },
    {
      "file_path": "/media/NFS/ttao/scannet/posed_images/scene0211_02/00181.jpg",
      "transform_matrix": [
        [
          -0.085156,
          0.42298,
          -0.902129,
          2.210692
        ],
        [
          0.995601,
          0.071642,
          -0.060389,
          2.773422
        ],
        [
          0.039087,
          -0.903302,
          -0.427221,
          1.403533
        ],
        [
          0.0,
          0.0,
          0.0,
          1.0
        ]
      ]
    },
    {
      "file_path": "/media/NFS/ttao/scannet/posed_images/scene0211_02/00188.jpg",
      "transform_matrix": [
        [
          -0.035707,
          0.436218,
          -0.899132,
          2.238163
        ],
        [
          0.996664,
          0.081619,
          1.8e-05,
          2.6832
        ],
        [
          0.073394,
          -0.896132,
          -0.437677,
          1.39939
        ],
        [
          0.0,
          0.0,
          0.0,
          1.0
        ]
      ]
    },
    {
      "file_path": "/media/NFS/ttao/scannet/posed_images/scene0211_02/00200.jpg",
      "transform_matrix": [
        [
          0.096293,
          0.421992,
          -0.901471,
          2.24374
        ],
        [
          0.992348,
          0.029617,
          0.119865,
          2.404791
        ],
        [
          0.077281,
          -0.906116,
          -0.415911,
          1.407591
        ],
        [
          0.0,
          0.0,
          0.0,
          1.0
        ]
      ]
    },
    {
      "file_path": "/media/NFS/ttao/scannet/posed_images/scene0211_02/00205.jpg",
      "transform_matrix": [
        [
          0.13533,
          0.422224,
          -0.896333,
          2.21516
        ],
        [
          0.988334,
          0.006266,
          0.152172,
          2.326631
        ],
        [
          0.069867,
          -0.90647,
          -0.416451,
          1.397349
        ],
        [
          0.0,
          0.0,
          0.0,
          1.0
        ]
      ]
    },
    {
      "file_path": "/media/NFS/ttao/scannet/posed_images/scene0211_02/00218.jpg",
      "transform_matrix": [
        [
          0.307903,
          0.3772,
          -0.87345,
          2.049487
        ],
        [
          0.950994,
          -0.094611,
          0.29438,
          2.09341
        ],
        [
          0.028402,
          -0.921286,
          -0.387846,
          1.383545
        ],
        [
          0.0,
          0.0,
          0.0,
          1.0
        ]
      ]
    },
    {
      "file_path": "/media/NFS/ttao/scannet/posed_images/scene0211_02/00225.jpg",
      "transform_matrix": [
        [
          0.442245,
          0.367208,
          -0.818277,
          1.954547
        ],
        [
          0.895906,
          -0.138054,
          0.422248,
          1.975961
        ],
        [
          0.042086,
          -0.919837,
          -0.390038,
          1.40346
        ],
        [
          0.0,
          0.0,
          0.0,
          1.0
        ]
      ]
    },
    {
      "file_path": "/media/NFS/ttao/scannet/posed_images/scene0211_02/00235.jpg",
      "transform_matrix": [
        [
          0.685607,
          0.279217,
          -0.672295,
          1.859661
        ],
        [
          0.727972,
          -0.26202,
          0.633564,
          1.791591
        ],
        [
          0.000747,
          -0.923788,
          -0.382905,
          1.39103
        ],
        [
          0.0,
          0.0,
          0.0,
          1.0
        ]
      ]
    },
    {
      "file_path": "/media/NFS/ttao/scannet/posed_images/scene0211_02/00240.jpg",
      "transform_matrix": [
        [
          0.763154,
          0.289478,
          -0.577752,
          1.799127
        ],
        [
          0.645759,
          -0.308003,
          0.698663,
          1.755793
        ],
        [
          0.024298,
          -0.906276,
          -0.421987,
          1.390643
        ],
        [
          0.0,
          0.0,
          0.0,
          1.0
        ]
      ]
    },
    {
      "file_path": "/media/NFS/ttao/scannet/posed_images/scene0211_02/00250.jpg",
      "transform_matrix": [
        [
          0.875531,
          0.199908,
          -0.439866,
          1.686296
        ],
        [
          0.482446,
          -0.411253,
          0.77338,
          1.781218
        ],
        [
          -0.026292,
          -0.88933,
          -0.456509,
          1.373263
        ],
        [
          0.0,
          0.0,
          0.0,
          1.0
        ]
      ]
    },
    {
      "file_path": "/media/NFS/ttao/scannet/posed_images/scene0211_02/00260.jpg",
      "transform_matrix": [
        [
          0.934321,
          0.149165,
          -0.32372,
          1.606432
        ],
        [
          0.356021,
          -0.434216,
          0.827469,
          1.852805
        ],
        [
          -0.017135,
          -0.888373,
          -0.458803,
          1.396184
        ],
        [
          0.0,
          0.0,
          0.0,
          1.0
        ]
      ]
    },
    {
      "file_path": "/media/NFS/ttao/scannet/posed_images/scene0211_02/00265.jpg",
      "transform_matrix": [
        [
          0.956302,
          0.125405,
          -0.264123,
          1.567307
        ],
        [
          0.292317,
          -0.429048,
          0.854674,
          1.86857
        ],
        [
          -0.006141,
          -0.894534,
          -0.446958,
          1.396026
        ],
        [
          0.0,
          0.0,
          0.0,
          1.0
        ]
      ]
    },
    {
      "file_path": "/media/NFS/ttao/scannet/posed_images/scene0211_02/00277.jpg",
      "transform_matrix": [
        [
          0.942932,
          0.125392,
          -0.308472,
          1.453586
        ],
        [
          0.332982,
          -0.352244,
          0.87467,
          1.841827
        ],
        [
          0.001019,
          -0.92747,
          -0.373896,
          1.432234
        ],
        [
          0.0,
          0.0,
          0.0,
          1.0
        ]
      ]
    },
    {
      "file_path": "/media/NFS/ttao/scannet/posed_images/scene0211_02/00279.jpg",
      "transform_matrix": [
        [
          0.946651,
          0.120158,
          -0.299023,
          1.453054
        ],
        [
          0.322257,
          -0.348267,
          0.880262,
          1.83767
        ],
        [
          0.00163,
          -0.929663,
          -0.368409,
          1.434866
        ],
        [
          0.0,
          0.0,
          0.0,
          1.0
        ]
      ]
    },
    {
      "file_path": "/media/NFS/ttao/scannet/posed_images/scene0211_02/00292.jpg",
      "transform_matrix": [
        [
          0.932289,
          0.100449,
          -0.347486,
          1.469215
        ],
        [
          0.361695,
          -0.249314,
          0.898343,
          1.805495
        ],
        [
          0.003605,
          -0.963199,
          -0.268765,
          1.485506
        ],
        [
          0.0,
          0.0,
          0.0,
          1.0
        ]
      ]
    },
    {
      "file_path": "/media/NFS/ttao/scannet/posed_images/scene0211_02/00294.jpg",
      "transform_matrix": [
        [
          0.9315,
          0.096764,
          -0.350634,
          1.489007
        ],
        [
          0.363691,
          -0.231835,
          0.902209,
          1.7958
        ],
        [
          0.006012,
          -0.96793,
          -0.251147,
          1.49575
        ],
        [
          0.0,
          0.0,
          0.0,
          1.0
        ]
      ]
    },
    {
      "file_path": "/media/NFS/ttao/scannet/posed_images/scene0211_02/00304.jpg",
      "transform_matrix": [
        [
          0.927393,
          0.058746,
          -0.369448,
          1.596736
        ],
        [
          0.374062,
          -0.157458,
          0.913939,
          1.745446
        ],
        [
          -0.004482,
          -0.985777,
          -0.168,
          1.54731
        ],
        [
          0.0,
          0.0,
          0.0,
          1.0
        ]
      ]
    },
    {
      "file_path": "/media/NFS/ttao/scannet/posed_images/scene0211_02/00312.jpg",
      "transform_matrix": [
        [
          0.918879,
          0.027126,
          -0.393606,
          1.655509
        ],
        [
          0.394539,
          -0.065754,
          0.916524,
          1.693297
        ],
        [
          -0.001019,
          -0.997467,
          -0.071123,
          1.593429
        ],
        [
          0.0,
          0.0,
          0.0,
          1.0
        ]
      ]
    },
    {
      "file_path": "/media/NFS/ttao/scannet/posed_images/scene0211_02/00326.jpg",
      "transform_matrix": [
        [
          0.947537,
          0.003258,
          -0.319629,
          1.714965
        ],
        [
          0.319177,
          0.044487,
          0.946651,
          1.634665
        ],
        [
          0.017304,
          -0.999005,
          0.041113,
          1.584123
        ],
        [
          0.0,
          0.0,
          0.0,
          1.0
        ]
      ]
    },
    {
      "file_path": "/media/NFS/ttao/scannet/posed_images/scene0211_02/00334.jpg",
      "transform_matrix": [
        [
          0.964318,
          0.001498,
          -0.264744,
          1.731236
        ],
        [
          0.264591,
          0.028948,
          0.963926,
          1.631358
        ],
        [
          0.009107,
          -0.99958,
          0.027518,
          1.566871
        ],
        [
          0.0,
          0.0,
          0.0,
          1.0
        ]
      ]
    },
    {
      "file_path": "/media/NFS/ttao/scannet/posed_images/scene0211_02/00336.jpg",
      "transform_matrix": [
        [
          0.967602,
          0.002098,
          -0.252473,
          1.734391
        ],
        [
          0.252364,
          0.022536,
          0.96737,
          1.632623
        ],
        [
          0.007719,
          -0.999744,
          0.021276,
          1.563193
        ],
        [
          0.0,
          0.0,
          0.0,
          1.0
        ]
      ]
    },
    {
      "file_path": "/media/NFS/ttao/scannet/posed_images/scene0211_02/00351.jpg",
      "transform_matrix": [
        [
          0.979254,
          0.008407,
          -0.20246,
          1.74523
        ],
        [
          0.20236,
          -0.092469,
          0.974936,
          1.656001
        ],
        [
          -0.010525,
          -0.99568,
          -0.092252,
          1.538997
        ],
        [
          0.0,
          0.0,
          0.0,
          1.0
        ]
      ]
    },
    {
      "file_path": "/media/NFS/ttao/scannet/posed_images/scene0211_02/00359.jpg",
      "transform_matrix": [
        [
          0.987669,
          0.001495,
          -0.156548,
          1.740983
        ],
        [
          0.155178,
          -0.141711,
          0.97767,
          1.677576
        ],
        [
          -0.020723,
          -0.989907,
          -0.140195,
          1.514501
        ],
        [
          0.0,
          0.0,
          0.0,
          1.0
        ]
      ]
    },
    {
      "file_path": "/media/NFS/ttao/scannet/posed_images/scene0211_02/00361.jpg",
      "transform_matrix": [
        [
          0.988375,
          0.001886,
          -0.152025,
          1.752678
        ],
        [
          0.150243,
          -0.165276,
          0.974736,
          1.695337
        ],
        [
          -0.023288,
          -0.986246,
          -0.163639,
          1.555098
        ],
        [
          0.0,
          0.0,
          0.0,
          1.0
        ]
      ]
    },
    {
      "file_path": "/media/NFS/ttao/scannet/posed_images/scene0211_02/00368.jpg",
      "transform_matrix": [
        [
          0.992144,
          0.002297,
          -0.125079,
          1.752295
        ],
        [
          0.124663,
          -0.101729,
          0.98697,
          1.698589
        ],
        [
          -0.010457,
          -0.99481,
          -0.101216,
          1.586225
        ],
        [
          0.0,
          0.0,
          0.0,
          1.0
        ]
      ]
    },
    {
      "file_path": "/media/NFS/ttao/scannet/posed_images/scene0211_02/00383.jpg",
      "transform_matrix": [
        [
          0.998649,
          -0.027439,
          -0.044125,
          1.767078
        ],
        [
          0.045228,
          0.040975,
          0.998136,
          1.650909
        ],
        [
          -0.025579,
          -0.998784,
          0.042161,
          1.611276
        ],
        [
          0.0,
          0.0,
          0.0,
          1.0
        ]
      ]
    },
    {
      "file_path": "/media/NFS/ttao/scannet/posed_images/scene0211_02/00388.jpg",
      "transform_matrix": [
        [
          0.999227,
          -0.034892,
          -0.018114,
          1.771392
        ],
        [
          0.019933,
          0.052493,
          0.998422,
          1.639227
        ],
        [
          -0.033886,
          -0.998012,
          0.053148,
          1.614225
        ],
        [
          0.0,
          0.0,
          0.0,
          1.0
        ]
      ]
    },
    {
      "file_path": "/media/NFS/ttao/scannet/posed_images/scene0211_02/00393.jpg",
      "transform_matrix": [
        [
          0.99921,
          -0.039342,
          -0.005704,
          1.77974
        ],
        [
          0.007244,
          0.039128,
          0.999208,
          1.631788
        ],
        [
          -0.039088,
          -0.99846,
          0.039382,
          1.59761
        ],
        [
          0.0,
          0.0,
          0.0,
          1.0
        ]
      ]
    },
    {
      "file_path": "/media/NFS/ttao/scannet/posed_images/scene0211_02/00406.jpg",
      "transform_matrix": [
        [
          0.997127,
          -0.065806,
          0.037522,
          1.848234
        ],
        [
          -0.043385,
          -0.090062,
          0.994991,
          1.652177
        ],
        [
          -0.062097,
          -0.99376,
          -0.092658,
          1.499546
        ],
        [
          0.0,
          0.0,
          0.0,
          1.0
        ]
      ]
    },
    {
      "file_path": "/media/NFS/ttao/scannet/posed_images/scene0211_02/00415.jpg",
      "transform_matrix": [
        [
          0.996493,
          -0.075941,
          0.03513,
          1.864718
        ],
        [
          -0.049415,
          -0.195312,
          0.979496,
          1.678552
        ],
        [
          -0.067523,
          -0.977797,
          -0.198379,
          1.473183
        ],
        [
          0.0,
          0.0,
          0.0,
          1.0
        ]
      ]
    },
    {
      "file_path": "/media/NFS/ttao/scannet/posed_images/scene0211_02/00418.jpg",
      "transform_matrix": [
        [
          0.997062,
          -0.071065,
          0.028595,
          1.860416
        ],
        [
          -0.043697,
          -0.221047,
          0.974284,
          1.683034
        ],
        [
          -0.062917,
          -0.972671,
          -0.223503,
          1.461057
        ],
        [
          0.0,
          0.0,
          0.0,
          1.0
        ]
      ]
    },
    {
      "file_path": "/media/NFS/ttao/scannet/posed_images/scene0211_02/00433.jpg",
      "transform_matrix": [
        [
          0.996468,
          0.00481,
          -0.083831,
          1.82479
        ],
        [
          0.076795,
          -0.455962,
          0.88668,
          1.695943
        ],
        [
          -0.033958,
          -0.889986,
          -0.454722,
          1.37975
        ],
        [
          0.0,
          0.0,
          0.0,
          1.0
        ]
      ]
    },
    {
      "file_path": "/media/NFS/ttao/scannet/posed_images/scene0211_02/00435.jpg",
      "transform_matrix": [
        [
          0.995783,
          0.018292,
          -0.089898,
          1.821442
        ],
        [
          0.087637,
          -0.479447,
          0.873184,
          1.696479
        ],
        [
          -0.02713,
          -0.877381,
          -0.479028,
          1.369148
        ],
        [
          0.0,
          0.0,
          0.0,
          1.0
        ]
      ]
    },
    {
      "file_path": "/media/NFS/ttao/scannet/posed_images/scene0211_02/00443.jpg",
      "transform_matrix": [
        [
          0.992545,
          0.045283,
          -0.113159,
          1.837303
        ],
        [
          0.120144,
          -0.51978,
          0.84581,
          1.701224
        ],
        [
          -0.020517,
          -0.853099,
          -0.521346,
          1.355922
        ],
        [
          0.0,
          0.0,
          0.0,
          1.0
        ]
      ]
    },
    {
      "file_path": "/media/NFS/ttao/scannet/posed_images/scene0211_02/00453.jpg",
      "transform_matrix": [
        [
          0.997186,
          0.001395,
          -0.074954,
          1.873297
        ],
        [
          0.064588,
          -0.523557,
          0.849539,
          1.709526
        ],
        [
          -0.038058,
          -0.85199,
          -0.522174,
          1.348268
        ],
        [
          0.0,
          0.0,
          0.0,
          1.0
        ]
      ]
    },
    {
      "file_path": "/media/NFS/ttao/scannet/posed_images/scene0211_02/00465.jpg",
      "transform_matrix": [
        [
          0.99567,
          0.023163,
          -0.090032,
          1.885341
        ],
        [
          0.087717,
          -0.554834,
          0.827324,
          1.721027
        ],
        [
          -0.030789,
          -0.831639,
          -0.554463,
          1.341634
        ],
        [
          0.0,
          0.0,
          0.0,
          1.0
        ]
      ]
    },
    {
      "file_path": "/media/NFS/ttao/scannet/posed_images/scene0211_02/00467.jpg",
      "transform_matrix": [
        [
          0.994354,
          0.024139,
          -0.103332,
          1.896731
        ],
        [
          0.099352,
          -0.553833,
          0.826679,
          1.736695
        ],
        [
          -0.037273,
          -0.832278,
          -0.553104,
          1.336919
        ],
        [
          0.0,
          0.0,
          0.0,
          1.0
        ]
      ]
    },
    {
      "file_path": "/media/NFS/ttao/scannet/posed_images/scene0211_02/00477.jpg",
      "transform_matrix": [
        [
          0.98953,
          0.085026,
          -0.116622,
          1.97912
        ],
        [
          0.144214,
          -0.550675,
          0.822168,
          1.845458
        ],
        [
          0.005684,
          -0.830378,
          -0.557171,
          1.329738
        ],
        [
          0.0,
          0.0,
          0.0,
          1.0
        ]
      ]
    },
    {
      "file_path": "/media/NFS/ttao/scannet/posed_images/scene0211_02/00490.jpg",
      "transform_matrix": [
        [
          0.969988,
          0.143766,
          -0.196097,
          2.12059
        ],
        [
          0.243134,
          -0.563819,
          0.7893,
          1.982271
        ],
        [
          0.002911,
          -0.81329,
          -0.581852,
          1.343793
        ],
        [
          0.0,
          0.0,
          0.0,
          1.0
        ]
      ]
    },
    {
      "file_path": "/media/NFS/ttao/scannet/posed_images/scene0211_02/00500.jpg",
      "transform_matrix": [
        [
          0.919361,
          0.198801,
          -0.33949,
          2.273464
        ],
        [
          0.393124,
          -0.497387,
          0.773343,
          2.019221
        ],
        [
          -0.015116,
          -0.844443,
          -0.535432,
          1.361591
        ],
        [
          0.0,
          0.0,
          0.0,
          1.0
        ]
      ]
    },
    {
      "file_path": "/media/NFS/ttao/scannet/posed_images/scene0211_02/00507.jpg",
      "transform_matrix": [
        [
          0.915325,
          0.171133,
          -0.364545,
          2.377447
        ],
        [
          0.399197,
          -0.504965,
          0.765279,
          2.067091
        ],
        [
          -0.053118,
          -0.846005,
          -0.530523,
          1.370161
        ],
        [
          0.0,
          0.0,
          0.0,
          1.0
        ]
      ]
    },
    {
      "file_path": "/media/NFS/ttao/scannet/posed_images/scene0211_02/00514.jpg",
      "transform_matrix": [
        [
          0.928856,
          0.137258,
          -0.344073,
          2.414768
        ],
        [
          0.36368,
          -0.514519,
          0.776535,
          2.097275
        ],
        [
          -0.070446,
          -0.846422,
          -0.527833,
          1.376867
        ],
        [
          0.0,
          0.0,
          0.0,
          1.0
        ]
      ]
    },
    {
      "file_path": "/media/NFS/ttao/scannet/posed_images/scene0211_02/00522.jpg",
      "transform_matrix": [
        [
          0.957438,
          0.068665,
          -0.280352,
          2.425719
        ],
        [
          0.27294,
          -0.531335,
          0.801989,
          2.111421
        ],
        [
          -0.093892,
          -0.844374,
          -0.527462,
          1.382325
        ],
        [
          0.0,
          0.0,
          0.0,
          1.0
        ]
      ]
    },
    {
      "file_path": "/media/NFS/ttao/scannet/posed_images/scene0211_02/00527.jpg",
      "transform_matrix": [
        [
          0.97654,
          0.050324,
          -0.209373,
          2.411102
        ],
        [
          0.203322,
          -0.535713,
          0.819556,
          2.106917
        ],
        [
          -0.070921,
          -0.8429,
          -0.533377,
          1.381159
        ],
        [
          0.0,
          0.0,
          0.0,
          1.0
        ]
      ]
    },
    {
      "file_path": "/media/NFS/ttao/scannet/posed_images/scene0211_02/00537.jpg",
      "transform_matrix": [
        [
          0.999664,
          0.016138,
          -0.020269,
          2.272988
        ],
        [
          0.025569,
          -0.488195,
          0.87236,
          2.055345
        ],
        [
          0.004183,
          -0.872585,
          -0.488444,
          1.363013
        ],
        [
          0.0,
          0.0,
          0.0,
          1.0
        ]
      ]
    },
    {
      "file_path": "/media/NFS/ttao/scannet/posed_images/scene0211_02/00544.jpg",
      "transform_matrix": [
        [
          0.993409,
          -0.046282,
          0.104863,
          2.151632
        ],
        [
          -0.114248,
          -0.47371,
          0.873239,
          2.026771
        ],
        [
          0.009259,
          -0.879464,
          -0.475875,
          1.368223
        ],
        [
          0.0,
          0.0,
          0.0,
          1.0
        ]
      ]
    },
    {
      "file_path": "/media/NFS/ttao/scannet/posed_images/scene0211_02/00551.jpg",
      "transform_matrix": [
        [
          0.968472,
          -0.086328,
          0.233686,
          2.053674
        ],
        [
          -0.247133,
          -0.451229,
          0.857507,
          2.004537
        ],
        [
          0.031419,
          -0.888223,
          -0.458337,
          1.372722
        ],
        [
          0.0,
          0.0,
          0.0,
          1.0
        ]
      ]
    },
    {
      "file_path": "/media/NFS/ttao/scannet/posed_images/scene0211_02/00561.jpg",
      "transform_matrix": [
        [
          0.961197,
          -0.111406,
          0.252365,
          1.948522
        ],
        [
          -0.275319,
          -0.444776,
          0.852276,
          1.96011
        ],
        [
          0.017298,
          -0.888687,
          -0.458189,
          1.379457
        ],
        [
          0.0,
          0.0,
          0.0,
          1.0
        ]
      ]
    },
    {
      "file_path": "/media/NFS/ttao/scannet/posed_images/scene0211_02/00566.jpg",
      "transform_matrix": [
        [
          0.951808,
          -0.156067,
          0.264016,
          1.889376
        ],
        [
          -0.306416,
          -0.447201,
          0.84031,
          1.938352
        ],
        [
          -0.013076,
          -0.880712,
          -0.473471,
          1.375898
        ],
        [
          0.0,
          0.0,
          0.0,
          1.0
        ]
      ]
    },
    {
      "file_path": "/media/NFS/ttao/scannet/posed_images/scene0211_02/00579.jpg",
      "transform_matrix": [
        [
          0.92536,
          -0.218341,
          0.309897,
          1.789786
        ],
        [
          -0.377397,
          -0.453429,
          0.807449,
          1.970696
        ],
        [
          -0.035783,
          -0.864135,
          -0.501987,
          1.349602
        ],
        [
          0.0,
          0.0,
          0.0,
          1.0
        ]
      ]
    },
    {
      "file_path": "/media/NFS/ttao/scannet/posed_images/scene0211_02/00589.jpg",
      "transform_matrix": [
        [
          0.900319,
          -0.23519,
          0.366211,
          1.738891
        ],
        [
          -0.432433,
          -0.388151,
          0.813843,
          2.092617
        ],
        [
          -0.049263,
          -0.89108,
          -0.451164,
          1.39056
        ],
        [
          0.0,
          0.0,
          0.0,
          1.0
        ]
      ]
    },
    {
      "file_path": "/media/NFS/ttao/scannet/posed_images/scene0211_02/00598.jpg",
      "transform_matrix": [
        [
          0.838529,
          -0.262583,
          0.477409,
          1.733772
        ],
        [
          -0.541731,
          -0.308069,
          0.782062,
          2.182068
        ],
        [
          -0.058281,
          -0.914409,
          -0.400574,
          1.423713
        ],
        [
          0.0,
          0.0,
          0.0,
          1.0
        ]
      ]
    },
    {
      "file_path": "/media/NFS/ttao/scannet/posed_images/scene0211_02/00603.jpg",
      "transform_matrix": [
        [
          0.806018,
          -0.240229,
          0.540949,
          1.752337
        ],
        [
          -0.590716,
          -0.26891,
          0.760751,
          2.223845
        ],
        [
          -0.037288,
          -0.932726,
          -0.358653,
          1.435726
        ],
        [
          0.0,
          0.0,
          0.0,
          1.0
        ]
      ]
    },
    {
      "file_path": "/media/NFS/ttao/scannet/posed_images/scene0211_02/00611.jpg",
      "transform_matrix": [
        [
          0.7848,
          -0.223414,
          0.578079,
          1.796254
        ],
        [
          -0.618595,
          -0.225487,
          0.752659,
          2.268395
        ],
        [
          -0.037805,
          -0.948284,
          -0.315165,
          1.449516
        ],
        [
          0.0,
          0.0,
          0.0,
          1.0
        ]
      ]
    },
    {
      "file_path": "/media/NFS/ttao/scannet/posed_images/scene0211_02/00623.jpg",
      "transform_matrix": [
        [
          0.774248,
          -0.180201,
          0.606686,
          1.886947
        ],
        [
          -0.631885,
          -0.166301,
          0.757011,
          2.339833
        ],
        [
          -0.035522,
          -0.96947,
          -0.242625,
          1.493585
        ],
        [
          0.0,
          0.0,
          0.0,
          1.0
        ]
      ]
    },
    {
      "file_path": "/media/NFS/ttao/scannet/posed_images/scene0211_02/00626.jpg",
      "transform_matrix": [
        [
          0.769221,
          -0.168986,
          0.616233,
          1.894947
        ],
        [
          -0.638151,
          -0.153946,
          0.754364,
          2.347062
        ],
        [
          -0.032611,
          -0.973522,
          -0.226257,
          1.49942
        ],
        [
          0.0,
          0.0,
          0.0,
          1.0
        ]
      ]
    },
    {
      "file_path": "/media/NFS/ttao/scannet/posed_images/scene0211_02/00638.jpg",
      "transform_matrix": [
        [
          0.692922,
          -0.115708,
          0.711668,
          1.845233
        ],
        [
          -0.720188,
          -0.063877,
          0.690832,
          2.39256
        ],
        [
          -0.034476,
          -0.991227,
          -0.127593,
          1.547099
        ],
        [
          0.0,
          0.0,
