{
  "frames": [
    {
      "file_path": "/media/NFS/ttao/scannet/posed_images/scene0702_00/00000.jpg",
      "transform_matrix": [
        [
          -0.824253,
          -0.0825,
          0.560179,
          1.38044
        ],
        [
          -0.566191,
          0.1303,
          -0.81391,
          1.723976
        ],
        [
          -0.005844,
          -0.988036,
          -0.154111,
          1.599317
        ],
        [
          0.0,
          0.0,
          0.0,
          1.0
        ]
      ]
    },
    {
      "file_path": "/media/NFS/ttao/scannet/posed_images/scene0702_00/00002.jpg",
      "transform_matrix": [
        [
          -0.819234,
          -0.08152,
          0.567635,
          1.38121
        ],
        [
          -0.573384,
          0.132413,
          -0.808516,
          1.722342
        ],
        [
          -0.009252,
          -0.987837,
          -0.155219,
          1.600928
        ],
        [
          0.0,
          0.0,
          0.0,
          1.0
        ]
      ]
    },
    {
      "file_path": "/media/NFS/ttao/scannet/posed_images/scene0702_00/00006.jpg",
      "transform_matrix": [
        [
          -0.809904,
          -0.075947,
          0.581625,
          1.382525
        ],
        [
          -0.586471,
          0.122399,
          -0.800669,
          1.720027
        ],
        [
          -0.010382,
          -0.989571,
          -0.143672,
          1.605969
        ],
        [
          0.0,
          0.0,
          0.0,
          1.0
        ]
      ]
    },
    {
      "file_path": "/media/NFS/ttao/scannet/posed_images/scene0702_00/00009.jpg",
      "transform_matrix": [
        [
          -0.804277,
          -0.060851,
          0.591131,
          1.384036
        ],
        [
          -0.593976,
          0.112771,
          -0.79654,
          1.720101
        ],
        [
          -0.018192,
          -0.991756,
          -0.126843,
          1.616118
        ],
        [
          0.0,
          0.0,
          0.0,
          1.0
        ]
      ]
    },
    {
      "file_path": "/media/NFS/ttao/scannet/posed_images/scene0702_00/00011.jpg",
      "transform_matrix": [
        [
          -0.800086,
          -0.076634,
          0.59497,
          1.388597
        ],
        [
          -0.599663,
          0.075119,
          -0.79672,
          1.727191
        ],
        [
          0.016362,
          -0.994226,
          -0.106056,
          1.624381
        ],
        [
          0.0,
          0.0,
          0.0,
          1.0
        ]
      ]
    },
    {
      "file_path": "/media/NFS/ttao/scannet/posed_images/scene0702_00/00015.jpg",
      "transform_matrix": [
        [
          -0.787031,
          -0.042517,
          0.615446,
          1.387889
        ],
        [
          -0.616911,
          0.056998,
          -0.784966,
          1.729853
        ],
        [
          -0.001705,
          -0.997469,
          -0.071088,
          1.657903
        ],
        [
          0.0,
          0.0,
          0.0,
          1.0
        ]
      ]
    },
    {
      "file_path": "/media/NFS/ttao/scannet/posed_images/scene0702_00/00016.jpg",
      "transform_matrix": [
        [
          -0.787279,
          -0.030583,
          0.615838,
          1.387737
        ],
        [
          -0.616553,
          0.050953,
          -0.785663,
          1.731263
        ],
        [
          -0.007351,
          -0.998233,
          -0.05897,
          1.665809
        ],
        [
          0.0,
          0.0,
          0.0,
          1.0
        ]
      ]
    },
    {
      "file_path": "/media/NFS/ttao/scannet/posed_images/scene0702_00/00020.jpg",
      "transform_matrix": [
        [
          -0.784993,
          -0.017804,
          0.619249,
          1.387613
        ],
        [
          -0.619234,
          -0.007008,
          -0.785175,
          1.742558
        ],
        [
          0.018319,
          -0.999817,
          -0.005524,
          1.692787
        ],
        [
          0.0,
          0.0,
          0.0,
          1.0
        ]
      ]
    },
    {
      "file_path": "/media/NFS/ttao/scannet/posed_images/scene0702_00/00024.jpg",
      "transform_matrix": [
        [
          -0.779282,
          0.030971,
          0.625907,
          1.384719
        ],
        [
          -0.626607,
          -0.023982,
          -0.778966,
          1.753187
        ],
        [
          -0.009115,
          -0.999233,
          0.038095,
          1.719039
        ],
        [
          0.0,
          0.0,
          0.0,
          1.0
        ]
      ]
    },
    {
      "file_path": "/media/NFS/ttao/scannet/posed_images/scene0702_00/00026.jpg",
      "transform_matrix": [
        [
          -0.78362,
          0.034542,
          0.62028,
          1.383392
        ],
        [
          -0.621241,
          -0.043201,
          -0.782428,
          1.757027
        ],
        [
          -0.00023,
          -0.998469,
          0.055312,
          1.728932
        ],
        [
          0.0,
          0.0,
          0.0,
          1.0
        ]
      ]
    },
    {
      "file_path": "/media/NFS/ttao/scannet/posed_images/scene0702_00/00028.jpg",
      "transform_matrix": [
        [
          -0.791306,
          0.032643,
          0.610548,
          1.384419
        ],
        [
          -0.61142,
          -0.043263,
          -0.790123,
          1.758334
        ],
        [
          0.000622,
          -0.99853,
          0.054192,
          1.734259
        ],
        [
          0.0,
          0.0,
          0.0,
          1.0
        ]
      ]
    },
    {
      "file_path": "/media/NFS/ttao/scannet/posed_images/scene0702_00/00030.jpg",
      "transform_matrix": [
        [
          -0.799726,
          0.007667,
          0.600315,
          1.388215
        ],
        [
          -0.599411,
          -0.066529,
          -0.797672,
          1.759052
        ],
        [
          0.033823,
          -0.997755,
          0.057801,
          1.733932
        ],
        [
          0.0,
          0.0,
          0.0,
          1.0
        ]
      ]
    },
    {
      "file_path": "/media/NFS/ttao/scannet/posed_images/scene0702_00/00035.jpg",
      "transform_matrix": [
        [
          -0.812071,
          -0.038825,
          0.582265,
          1.38957
        ],
        [
          -0.581563,
          -0.028612,
          -0.812999,
          1.752492
        ],
        [
          0.048224,
          -0.998836,
          0.000656,
          1.710918
        ],
        [
          0.0,
          0.0,
          0.0,
          1.0
        ]
      ]
    },
    {
      "file_path": "/media/NFS/ttao/scannet/posed_images/scene0702_00/00037.jpg",
      "transform_matrix": [
        [
          -0.814009,
          -0.061457,
          0.577592,
          1.389555
        ],
        [
          -0.577533,
          -0.020533,
          -0.816109,
          1.74963
        ],
        [
          0.062016,
          -0.997899,
          -0.01878,
          1.698124
        ],
        [
          0.0,
          0.0,
          0.0,
          1.0
        ]
      ]
    },
    {
      "file_path": "/media/NFS/ttao/scannet/posed_images/scene0702_00/00039.jpg",
      "transform_matrix": [
        [
          -0.814586,
          -0.081891,
          0.574233,
          1.389741
        ],
        [
          -0.57561,
          -0.008045,
          -0.817685,
          1.74552
        ],
        [
          0.071581,
          -0.996609,
          -0.040584,
          1.684763
        ],
        [
          0.0,
          0.0,
          0.0,
          1.0
        ]
      ]
    },
    {
      "file_path": "/media/NFS/ttao/scannet/posed_images/scene0702_00/00041.jpg",
      "transform_matrix": [
        [
          -0.820209,
          -0.049155,
          0.569948,
          1.389853
        ],
        [
          -0.572051,
          0.077214,
          -0.816576,
          1.741168
        ],
        [
          -0.00387,
          -0.995802,
          -0.091451,
          1.682544
        ],
        [
          0.0,
          0.0,
          0.0,
          1.0
        ]
      ]
    },
    {
      "file_path": "/media/NFS/ttao/scannet/posed_images/scene0702_00/00044.jpg",
      "transform_matrix": [
        [
          -0.827354,
          -0.082615,
          0.555572,
          1.393368
        ],
        [
          -0.561575,
          0.102423,
          -0.821062,
          1.737552
        ],
        [
          0.010929,
          -0.991304,
          -0.131135,
          1.663987
        ],
        [
          0.0,
          0.0,
          0.0,
          1.0
        ]
      ]
    },
    {
      "file_path": "/media/NFS/ttao/scannet/posed_images/scene0702_00/00047.jpg",
      "transform_matrix": [
        [
          -0.840425,
          -0.115599,
          0.529455,
          1.397939
        ],
        [
          -0.54087,
          0.117902,
          -0.832802,
          1.737686
        ],
        [
          0.033848,
          -0.986274,
          -0.161612,
          1.644265
        ],
        [
          0.0,
          0.0,
          0.0,
          1.0
        ]
      ]
    },
    {
      "file_path": "/media/NFS/ttao/scannet/posed_images/scene0702_00/00050.jpg",
      "transform_matrix": [
        [
          -0.852036,
          -0.142319,
          0.503766,
          1.399167
        ],
        [
          -0.522737,
          0.179945,
          -0.833286,
          1.727134
        ],
        [
          0.027942,
          -0.973327,
          -0.227715,
          1.613547
        ],
        [
          0.0,
          0.0,
          0.0,
          1.0
        ]
      ]
    },
    {
      "file_path": "/media/NFS/ttao/scannet/posed_images/scene0702_00/00054.jpg",
      "transform_matrix": [
        [
          -0.862364,
          -0.171957,
          0.476193,
          1.400122
        ],
        [
          -0.505622,
          0.244221,
          -0.827468,
          1.729544
        ],
        [
          0.025993,
          -0.954352,
          -0.297552,
          1.584922
        ],
        [
          0.0,
          0.0,
          0.0,
          1.0
        ]
      ]
    },
    {
      "file_path": "/media/NFS/ttao/scannet/posed_images/scene0702_00/00057.jpg",
      "transform_matrix": [
        [
          -0.865899,
          -0.198945,
          0.458956,
          1.403287
        ],
        [
          -0.499274,
          0.287358,
          -0.817405,
          1.73332
        ],
        [
          0.030734,
          -0.936935,
          -0.348151,
          1.566933
        ],
        [
          0.0,
          0.0,
          0.0,
          1.0
        ]
      ]
    },
    {
      "file_path": "/media/NFS/ttao/scannet/posed_images/scene0702_00/00058.jpg",
      "transform_matrix": [
        [
          -0.865681,
          -0.208022,
          0.455328,
          1.403786
        ],
        [
          -0.499601,
          0.301682,
          -0.812027,
          1.734267
        ],
        [
          0.031556,
          -0.930438,
          -0.365088,
          1.559213
        ],
        [
          0.0,
          0.0,
          0.0,
          1.0
        ]
      ]
    },
    {
      "file_path": "/media/NFS/ttao/scannet/posed_images/scene0702_00/00061.jpg",
      "transform_matrix": [
        [
          -0.863622,
          -0.220632,
          0.453297,
          1.396787
        ],
        [
          -0.503964,
          0.354128,
          -0.78779,
          1.721288
        ],
        [
          0.013287,
          -0.908799,
          -0.417023,
          1.536321
        ],
        [
          0.0,
          0.0,
          0.0,
          1.0
        ]
      ]
    },
    {
      "file_path": "/media/NFS/ttao/scannet/posed_images/scene0702_00/00064.jpg",
      "transform_matrix": [
        [
          -0.865974,
          -0.234976,
          0.441446,
          1.396381
        ],
        [
          -0.500054,
          0.396539,
          -0.769872,
          1.725845
        ],
        [
          0.00585,
          -0.887436,
          -0.460894,
          1.524483
        ],
        [
          0.0,
          0.0,
          0.0,
          1.0
        ]
      ]
    },
    {
      "file_path": "/media/NFS/ttao/scannet/posed_images/scene0702_00/00066.jpg",
      "transform_matrix": [
        [
          -0.868925,
          -0.231134,
          0.437659,
          1.394194
        ],
        [
          -0.494782,
          0.42821,
          -0.756193,
          1.728782
        ],
        [
          -0.012628,
          -0.873621,
          -0.486444,
          1.513954
        ],
        [
          0.0,
          0.0,
          0.0,
          1.0
        ]
      ]
    },
    {
      "file_path": "/media/NFS/ttao/scannet/posed_images/scene0702_00/00069.jpg",
      "transform_matrix": [
        [
          -0.873045,
          -0.232578,
          0.428602,
          1.392028
        ],
        [
          -0.486767,
          0.468209,
          -0.737454,
          1.734138
        ],
        [
          -0.02916,
          -0.85246,
          -0.521979,
          1.501733
        ],
        [
          0.0,
          0.0,
          0.0,
          1.0
        ]
      ]
    },
    {
      "file_path": "/media/NFS/ttao/scannet/posed_images/scene0702_00/00072.jpg",
      "transform_matrix": [
        [
          -0.882994,
          -0.223335,
          0.412847,
          1.38165
        ],
        [
          -0.467177,
          0.503343,
          -0.726905,
          1.718153
        ],
        [
          -0.04546,
          -0.834726,
          -0.548786,
          1.486124
        ],
        [
          0.0,
          0.0,
          0.0,
          1.0
        ]
      ]
    },
    {
      "file_path": "/media/NFS/ttao/scannet/posed_images/scene0702_00/00076.jpg",
      "transform_matrix": [
        [
          -0.899308,
          -0.209547,
          0.383842,
          1.377641
        ],
        [
          -0.433755,
          0.539175,
          -0.721905,
          1.721335
        ],
        [
          -0.055685,
          -0.815708,
          -0.575777,
          1.470279
        ],
        [
          0.0,
          0.0,
          0.0,
          1.0
        ]
      ]
    },
    {
      "file_path": "/media/NFS/ttao/scannet/posed_images/scene0702_00/00078.jpg",
      "transform_matrix": [
        [
          -0.90411,
          -0.200154,
          0.377523,
          1.371548
        ],
        [
          -0.42199,
          0.557091,
          -0.715244,
          1.720159
        ],
        [
          -0.067156,
          -0.80597,
          -0.588135,
          1.463804
        ],
        [
          0.0,
          0.0,
          0.0,
          1.0
        ]
      ]
    },
    {
      "file_path": "/media/NFS/ttao/scannet/posed_images/scene0702_00/00082.jpg",
      "transform_matrix": [
        [
          -0.913352,
          -0.189377,
          0.36045,
          1.363109
        ],
        [
          -0.399656,
          0.586255,
          -0.704685,
          1.716465
        ],
        [
          -0.077864,
          -0.787682,
          -0.611142,
          1.443406
        ],
        [
          0.0,
          0.0,
          0.0,
          1.0
        ]
      ]
    },
    {
      "file_path": "/media/NFS/ttao/scannet/posed_images/scene0702_00/00083.jpg",
      "transform_matrix": [
        [
          -0.915182,
          -0.186724,
          0.357178,
          1.361002
        ],
        [
          -0.394853,
          0.593099,
          -0.701658,
          1.715639
        ],
        [
          -0.080826,
          -0.783178,
          -0.616522,
          1.439763
        ],
        [
          0.0,
          0.0,
          0.0,
          1.0
        ]
      ]
    },
    {
      "file_path": "/media/NFS/ttao/scannet/posed_images/scene0702_00/00088.jpg",
      "transform_matrix": [
        [
          -0.928167,
          -0.183598,
          0.323724,
          1.353329
        ],
        [
          -0.362464,
          0.643248,
          -0.674427,
          1.708282
        ],
        [
          -0.084412,
          -0.743319,
          -0.66359,
          1.417982
        ],
        [
          0.0,
          0.0,
          0.0,
          1.0
        ]
      ]
    },
    {
      "file_path": "/media/NFS/ttao/scannet/posed_images/scene0702_00/00090.jpg",
      "transform_matrix": [
        [
          -0.936303,
          -0.187473,
          0.296968,
          1.357563
        ],
        [
          -0.343035,
          0.669404,
          -0.658957,
          1.70108
        ],
        [
          -0.075255,
          -0.718854,
          -0.691075,
          1.413069
        ],
        [
          0.0,
          0.0,
          0.0,
          1.0
        ]
      ]
    },
    {
      "file_path": "/media/NFS/ttao/scannet/posed_images/scene0702_00/00091.jpg",
      "transform_matrix": [
        [
          -0.940439,
          -0.183569,
          0.286143,
          1.355696
        ],
        [
          -0.331669,
          0.680209,
          -0.65369,
          1.699723
        ],
        [
          -0.07464,
          -0.70966,
          -0.700579,
          1.406645
        ],
        [
          0.0,
          0.0,
          0.0,
          1.0
        ]
      ]
    },
    {
      "file_path": "/media/NFS/ttao/scannet/posed_images/scene0702_00/00094.jpg",
      "transform_matrix": [
        [
          -0.955496,
          -0.158137,
          0.249036,
          1.347467
        ],
        [
          -0.28502,
          0.712617,
          -0.641047,
          1.69337
        ],
        [
          -0.076094,
          -0.683499,
          -0.725975,
          1.393247
        ],
        [
          0.0,
          0.0,
          0.0,
          1.0
        ]
      ]
    },
    {
      "file_path": "/media/NFS/ttao/scannet/posed_images/scene0702_00/00099.jpg",
      "transform_matrix": [
        [
          -0.981417,
          -0.074894,
          0.176665,
          1.337894
        ],
        [
          -0.177124,
          0.707697,
          -0.683952,
          1.684356
        ],
        [
          -0.073801,
          -0.702535,
          -0.707812,
          1.394661
        ],
        [
          0.0,
          0.0,
          0.0,
          1.0
        ]
      ]
    },
    {
      "file_path": "/media/NFS/ttao/scannet/posed_images/scene0702_00/00100.jpg",
      "transform_matrix": [
        [
          -0.986844,
          -0.062629,
          0.149052,
          1.349404
        ],
        [
          -0.15034,
          0.694595,
          -0.703516,
          1.689306
        ],
        [
          -0.05947,
          -0.716669,
          -0.694873,
          1.3925
        ],
        [
          0.0,
          0.0,
          0.0,
          1.0
        ]
      ]
    },
    {
      "file_path": "/media/NFS/ttao/scannet/posed_images/scene0702_00/00102.jpg",
      "transform_matrix": [
        [
          -0.993324,
          -0.039679,
          0.108316,
          1.348291
        ],
        [
          -0.106974,
          0.668227,
          -0.736226,
          1.6874
        ],
        [
          -0.043167,
          -0.742898,
          -0.668011,
          1.397955
        ],
        [
          0.0,
          0.0,
          0.0,
          1.0
        ]
      ]
    },
    {
      "file_path": "/media/NFS/ttao/scannet/posed_images/scene0702_00/00107.jpg",
      "transform_matrix": [
        [
          -0.999767,
          0.01542,
          0.015089,
          1.336913
        ],
        [
          -0.002466,
          0.61312,
          -0.789986,
          1.671479
        ],
        [
          -0.021433,
          -0.789839,
          -0.61294,
          1.420085
        ],
        [
          0.0,
          0.0,
          0.0,
          1.0
        ]
      ]
    },
    {
      "file_path": "/media/NFS/ttao/scannet/posed_images/scene0702_00/00110.jpg",
      "transform_matrix": [
        [
          -0.999276,
          0.023759,
          -0.029718,
          1.343898
        ],
        [
          0.037987,
          0.578641,
          -0.814698,
          1.665322
        ],
        [
          -0.00216,
          -0.815237,
          -0.579124,
          1.425577
        ],
        [
          0.0,
          0.0,
          0.0,
          1.0
        ]
      ]
    },
    {
      "file_path": "/media/NFS/ttao/scannet/posed_images/scene0702_00/00113.jpg",
      "transform_matrix": [
        [
          -0.997807,
          0.035083,
          -0.056128,
          1.347409
        ],
        [
          0.066164,
          0.552287,
          -0.831024,
          1.655853
        ],
        [
          0.001844,
          -0.832915,
          -0.553397,
          1.441296
        ],
        [
          0.0,
          0.0,
          0.0,
          1.0
        ]
      ]
    },
    {
      "file_path": "/media/NFS/ttao/scannet/posed_images/scene0702_00/00114.jpg",
      "transform_matrix": [
        [
          -0.997324,
          0.039804,
          -0.061328,
          1.349774
        ],
        [
          0.073112,
          0.540513,
          -0.838153,
          1.653275
        ],
        [
          -0.000214,
          -0.840393,
          -0.541977,
          1.446627
        ],
        [
          0.0,
          0.0,
          0.0,
          1.0
        ]
      ]
    },
    {
      "file_path": "/media/NFS/ttao/scannet/posed_images/scene0702_00/00116.jpg",
      "transform_matrix": [
        [
          -0.996916,
          0.045568,
          -0.063896,
          1.354349
        ],
        [
          0.078257,
          0.515837,
          -0.853105,
          1.648551
        ],
        [
          -0.005915,
          -0.855474,
          -0.517812,
          1.457102
        ],
        [
          0.0,
          0.0,
          0.0,
          1.0
        ]
      ]
    },
    {
      "file_path": "/media/NFS/ttao/scannet/posed_images/scene0702_00/00121.jpg",
      "transform_matrix": [
        [
          -0.996266,
          0.064135,
          -0.057797,
          1.366118
        ],
        [
          0.080107,
          0.437045,
          -0.895865,
          1.640327
        ],
        [
          -0.032196,
          -0.89715,
          -0.440551,
          1.483264
        ],
        [
          0.0,
          0.0,
          0.0,
          1.0
        ]
      ]
    },
    {
      "file_path": "/media/NFS/ttao/scannet/posed_images/scene0702_00/00124.jpg",
      "transform_matrix": [
        [
          -0.996033,
          0.063142,
          -0.062696,
          1.370903
        ],
        [
          0.0823,
          0.385832,
          -0.918891,
          1.634327
        ],
        [
          -0.03383,
          -0.920406,
          -0.389498,
          1.510313
        ],
        [
          0.0,
          0.0,
          0.0,
          1.0
        ]
      ]
    },
    {
      "file_path": "/media/NFS/ttao/scannet/posed_images/scene0702_00/00127.jpg",
      "transform_matrix": [
        [
          -0.996139,
          0.064075,
          -0.060002,
          1.372744
        ],
        [
          0.078295,
          0.339433,
          -0.937366,
          1.629653
        ],
        [
          -0.039695,
          -0.938445,
          -0.34314,
          1.539446
        ],
        [
          0.0,
          0.0,
          0.0,
          1.0
        ]
      ]
    },
    {
      "file_path": "/media/NFS/ttao/scannet/posed_images/scene0702_00/00129.jpg",
      "transform_matrix": [
        [
          -0.996115,
          0.064233,
          -0.060233,
          1.371485
        ],
        [
          0.077103,
          0.305833,
          -0.948958,
          1.625917
        ],
        [
          -0.042533,
          -0.949916,
          -0.309597,
          1.557868
        ],
        [
          0.0,
          0.0,
          0.0,
          1.0
        ]
      ]
    },
    {
      "file_path": "/media/NFS/ttao/scannet/posed_images/scene0702_00/00131.jpg",
      "transform_matrix": [
        [
          -0.996724,
          0.054362,
          -0.059885,
          1.372985
        ],
        [
          0.072977,
          0.285263,
          -0.955667,
          1.619617
        ],
        [
          -0.034869,
          -0.956906,
          -0.288296,
          1.563662
        ],
        [
          0.0,
          0.0,
          0.0,
          1.0
        ]
      ]
    },
    {
      "file_path": "/media/NFS/ttao/scannet/posed_images/scene0702_00/00134.jpg",
      "transform_matrix": [
        [
          -0.997553,
          0.038575,
          -0.058305,
          1.369453
        ],
        [
          0.066105,
          0.249063,
          -0.966229,
          1.611412
        ],
        [
          -0.022751,
          -0.967719,
          -0.251003,
          1.58717
        ],
        [
          0.0,
          0.0,
          0.0,
          1.0
        ]
      ]
    },
    {
      "file_path": "/media/NFS/ttao/scannet/posed_images/scene0702_00/00136.jpg",
      "transform_matrix": [
        [
          -0.997655,
          0.034908,
          -0.058873,
          1.365114
        ],
        [
          0.065404,
          0.232714,
          -0.970344,
          1.604218
        ],
        [
          -0.020172,
          -0.971919,
          -0.234451,
          1.60052
        ],
        [
          0.0,
          0.0,
          0.0,
          1.0
        ]
      ]
    },
    {
      "file_path": "/media/NFS/ttao/scannet/posed_images/scene0702_00/00139.jpg",
      "transform_matrix": [
        [
          -0.998348,
          0.030748,
          -0.048523,
          1.358337
        ],
        [
          0.053786,
          0.203685,
          -0.977558,
          1.593852
        ],
        [
          -0.020175,
          -0.978554,
          -0.205002,
          1.618453
        ],
        [
          0.0,
          0.0,
          0.0,
          1.0
        ]
      ]
    },
    {
      "file_path": "/media/NFS/ttao/scannet/posed_images/scene0702_00/00141.jpg",
      "transform_matrix": [
        [
          -0.99869,
          0.02634,
          -0.043858,
          1.355805
        ],
        [
          0.047962,
          0.183758,
          -0.981801,
          1.585838
        ],
        [
          -0.017801,
          -0.982619,
          -0.184781,
          1.623932
        ],
        [
          0.0,
          0.0,
          0.0,
          1.0
        ]
      ]
    },
    {
      "file_path": "/media/NFS/ttao/scannet/posed_images/scene0702_00/00146.jpg",
      "transform_matrix": [
        [
          -0.999725,
          0.010576,
          -0.0209,
          1.343134
        ],
        [
          0.022038,
          0.122374,
          -0.992239,
          1.563257
        ],
        [
          -0.007936,
          -0.992428,
          -0.122574,
          1.655241
        ],
        [
          0.0,
          0.0,
          0.0,
          1.0
        ]
      ]
    },
    {
      "file_path": "/media/NFS/ttao/scannet/posed_images/scene0702_00/00148.jpg",
      "transform_matrix": [
        [
          -0.999903,
          0.001206,
          -0.01384,
          1.336453
        ],
        [
          0.013891,
          0.098227,
          -0.995067,
          1.553285
        ],
        [
          0.000159,
          -0.995163,
          -0.098235,
          1.667992
        ],
        [
          0.0,
          0.0,
          0.0,
          1.0
        ]
      ]
    },
    {
      "file_path": "/media/NFS/ttao/scannet/posed_images/scene0702_00/00152.jpg",
      "transform_matrix": [
        [
          -0.99994,
          -0.010689,
          0.002174,
          1.326302
        ],
        [
          -0.002605,
          0.040462,
          -0.999178,
          1.53671
        ],
        [
          0.010592,
          -0.999124,
          -0.040488,
          1.703136
        ],
        [
          0.0,
          0.0,
          0.0,
          1.0
        ]
      ]
    },
    {
      "file_path": "/media/NFS/ttao/scannet/posed_images/scene0702_00/00153.jpg",
      "transform_matrix": [
        [
          -0.999815,
          -0.018373,
          0.005721,
          1.324254
        ],
        [
          -0.006272,
          0.030067,
          -0.999528,
          1.533001
        ],
        [
          0.018192,
          -0.999379,
          -0.030176,
          1.710579
        ],
        [
          0.0,
          0.0,
          0.0,
          1.0
        ]
      ]
    },
    {
      "file_path": "/media/NFS/ttao/scannet/posed_images/scene0702_00/00155.jpg",
      "transform_matrix": [
        [
          -0.999488,
          -0.031383,
          0.006219,
          1.324327
        ],
        [
          -0.006535,
          0.009967,
          -0.999929,
          1.526005
        ],
        [
          0.031319,
          -0.999458,
          -0.010167,
          1.720797
        ],
        [
          0.0,
          0.0,
          0.0,
          1.0
        ]
      ]
    },
    {
      "file_path": "/media/NFS/ttao/scannet/posed_images/scene0702_00/00158.jpg",
      "transform_matrix": [
        [
          -0.998521,
          -0.053925,
          -0.006824,
          1.323836
        ],
        [
          0.007433,
          -0.011093,
          -0.999911,
          1.515348
        ],
        [
          0.053844,
          -0.998483,
          0.011478,
          1.734018
        ],
        [
          0.0,
          0.0,
          0.0,
          1.0
        ]
      ]
    },
    {
      "file_path": "/media/NFS/ttao/scannet/posed_images/scene0702_00/00163.jpg",
      "transform_matrix": [
        [
          -0.996254,
          -0.069105,
          -0.051983,
          1.332596
        ],
        [
          0.055676,
          -0.052631,
          -0.997061,
          1.507611
        ],
        [
          0.066165,
          -0.99622,
          0.056282,
          1.745257
        ],
        [
          0.0,
          0.0,
          0.0,
          1.0
        ]
      ]
    },
    {
      "file_path": "/media/NFS/ttao/scannet/posed_images/scene0702_00/00166.jpg",
      "transform_matrix": [
        [
          -0.994937,
          -0.064747,
          -0.076863,
          1.342844
        ],
        [
          0.080593,
          -0.05711,
          -0.99511,
          1.509317
        ],
        [
          0.060041,
          -0.996266,
          0.06204,
          1.760679
        ],
        [
          0.0,
          0.0,
          0.0,
          1.0
        ]
      ]
    },
    {
      "file_path": "/media/NFS/ttao/scannet/posed_images/scene0702_00/00168.jpg",
      "transform_matrix": [
        [
          -0.99344,
          -0.063726,
          -0.094952,
          1.34963
        ],
        [
          0.098735,
          -0.059093,
          -0.993358,
          1.512268
        ],
        [
          0.057692,
          -0.996216,
          0.064997,
          1.765429
        ],
        [
          0.0,
          0.0,
          0.0,
          1.0
        ]
      ]
    },
    {
      "file_path": "/media/NFS/ttao/scannet/posed_images/scene0702_00/00171.jpg",
      "transform_matrix": [
        [
          -0.985236,
          -0.059517,
          -0.160525,
          1.356218
        ],
        [
          0.163398,
          -0.047019,
          -0.985439,
          1.515606
        ],
        [
          0.051103,
          -0.997119,
          0.05605,
          1.769788
        ],
        [
          0.0,
          0.0,
          0.0,
          1.0
        ]
      ]
    },
    {
      "file_path": "/media/NFS/ttao/scannet/posed_images/scene0702_00/00172.jpg",
      "transform_matrix": [
        [
          -0.981494,
          -0.055556,
          -0.183258,
          1.355469
        ],
        [
          0.18582,
          -0.04509,
          -0.981549,
          1.518295
        ],
        [
          0.046268,
          -0.997437,
          0.054579,
          1.772385
        ],
        [
          0.0,
          0.0,
          0.0,
          1.0
        ]
      ]
    },
    {
      "file_path": "/media/NFS/ttao/scannet/posed_images/scene0702_00/00176.jpg",
      "transform_matrix": [
        [
          -0.956903,
          -0.046326,
          -0.286686,
          1.350691
        ],
        [
          0.289047,
          -0.056578,
          -0.955641,
          1.533528
        ],
        [
          0.02805,
          -0.997323,
          0.06753,
          1.775688
        ],
        [
          0.0,
          0.0,
          0.0,
          1.0
        ]
      ]
    },
    {
      "file_path": "/media/NFS/ttao/scannet/posed_images/scene0702_00/00179.jpg",
      "transform_matrix": [
        [
          -0.925581,
          -0.049601,
          -0.375287,
          1.346802
        ],
        [
          0.377761,
          -0.057048,
          -0.924144,
          1.546512
        ],
        [
          0.024429,
          -0.997139,
          0.07154,
          1.777352
        ],
        [
          0.0,
          0.0,
          0.0,
          1.0
        ]
      ]
    },
    {
      "file_path": "/media/NFS/ttao/scannet/posed_images/scene0702_00/00182.jpg",
      "transform_matrix": [
        [
          -0.882131,
          -0.038486,
          -0.469428,
          1.345535
        ],
        [
          0.470978,
          -0.061845,
          -0.879974,
          1.559739
        ],
        [
          0.004835,
          -0.997344,
          0.072682,
          1.770324
        ],
        [
          0.0,
          0.0,
          0.0,
          1.0
        ]
      ]
    },
    {
      "file_path": "/media/NFS/ttao/scannet/posed_images/scene0702_00/00184.jpg",
      "transform_matrix": [
        [
          -0.852906,
          -0.040076,
          -0.520524,
          1.338451
        ],
        [
          0.522028,
          -0.05362,
          -0.851241,
          1.568728
        ],
        [
          0.006204,
          -0.997757,
          0.066654,
          1.770023
        ],
        [
          0.0,
          0.0,
          0.0,
          1.0
        ]
      ]
    },
    {
      "file_path": "/media/NFS/ttao/scannet/posed_images/scene0702_00/00187.jpg",
      "transform_matrix": [
        [
          -0.812802,
          -0.042991,
          -0.580952,
          1.323646
        ],
        [
          0.582485,
          -0.0462,
          -0.811528,
          1.586772
        ],
        [
          0.008048,
          -0.998007,
          0.062593,
          1.768639
        ],
        [
          0.0,
          0.0,
          0.0,
          1.0
        ]
      ]
    },
    {
      "file_path": "/media/NFS/ttao/scannet/posed_images/scene0702_00/00190.jpg",
      "transform_matrix": [
        [
          -0.78007,
          -0.036502,
          -0.624627,
          1.309905
        ],
        [
          0.625675,
          -0.038092,
          -0.779153,
          1.609906
        ],
        [
          0.004647,
          -0.998607,
          0.052553,
          1.766741
        ],
        [
          0.0,
          0.0,
          0.0,
          1.0
        ]
      ]
    },
    {
      "file_path": "/media/NFS/ttao/scannet/posed_images/scene0702_00/00193.jpg",
      "transform_matrix": [
        [
          -0.761196,
          -0.032036,
          -0.64773,
          1.297372
        ],
        [
          0.64851,
          -0.031721,
          -0.760545,
          1.626128
        ],
        [
          0.003818,
          -0.998983,
          0.044922,
          1.758758
        ],
        [
          0.0,
          0.0,
          0.0,
          1.0
        ]
      ]
    },
    {
      "file_path": "/media/NFS/ttao/scannet/posed_images/scene0702_00/00195.jpg",
      "transform_matrix": [
        [
          -0.745658,
          -0.028554,
          -0.665716,
          1.290219
        ],
        [
          0.666321,
          -0.036735,
          -0.74476,
          1.633376
        ],
        [
          -0.003189,
          -0.998917,
          0.046418,
          1.754902
        ],
        [
          0.0,
          0.0,
          0.0,
          1.0
        ]
      ]
    },
    {
      "file_path": "/media/NFS/ttao/scannet/posed_images/scene0702_00/00197.jpg",
      "transform_matrix": [
        [
          -0.72825,
          -0.021441,
          -0.684976,
          1.281534
        ],
        [
          0.685211,
          -0.039894,
          -0.727251,
          1.638901
        ],
        [
          -0.011734,
          -0.998974,
          0.043744,
          1.750665
        ],
        [
          0.0,
          0.0,
          0.0,
          1.0
        ]
      ]
    },
    {
      "file_path": "/media/NFS/ttao/scannet/posed_images/scene0702_00/00200.jpg",
      "transform_matrix": [
        [
          -0.695915,
          0.016326,
          -0.717938,
          1.275241
        ],
        [
          0.716655,
          -0.048109,
          -0.695766,
          1.635875
        ],
        [
          -0.045899,
          -0.998709,
          0.021779,
          1.74019
        ],
        [
          0.0,
          0.0,
          0.0,
          1.0
        ]
      ]
    },
    {
      "file_path": "/media/NFS/ttao/scannet/posed_images/scene0702_00/00203.jpg",
      "transform_matrix": [
        [
          -0.657083,
          0.046852,
          -0.75236,
          1.258172
        ],
        [
          0.752535,
          -0.01743,
          -0.658321,
          1.635398
        ],
        [
          -0.043957,
          -0.99875,
          -0.023805,
          1.72709
        ],
        [
          0.0,
          0.0,
          0.0,
          1.0
        ]
      ]
    },
    {
      "file_path": "/media/NFS/ttao/scannet/posed_images/scene0702_00/00206.jpg",
      "transform_matrix": [
        [
          -0.631924,
          0.084325,
          -0.770429,
          1.241631
        ],
        [
          0.772809,
          -0.006647,
          -0.634604,
          1.635098
        ],
        [
          -0.058635,
          -0.996416,
          -0.060967,
          1.699534
        ],
        [
          0.0,
          0.0,
          0.0,
          1.0
        ]
      ]
    },
    {
      "file_path": "/media/NFS/ttao/scannet/posed_images/scene0702_00/00208.jpg",
      "transform_matrix": [
        [
          -Infinity,
          -Infinity,
          -Infinity,
          -Infinity
        ],
        [
          -Infinity,
          -Infinity,
          -Infinity,
          -Infinity
        ],
        [
          -Infinity,
          -Infinity,
          -Infinity,
          -Infinity
        ],
        [
          -Infinity,
          -Infinity,
          -Infinity,
          -Infinity
        ]
      ]
    },
    {
      "file_path": "/media/NFS/ttao/scannet/posed_images/scene0702_00/00211.jpg",
      "transform_matrix": [
        [
          -Infinity,
          -Infinity,
          -Infinity,
          -Infinity
        ],
        [
          -Infinity,
          -Infinity,
          -Infinity,
          -Infinity
        ],
        [
          -Infinity,
          -Infinity,
          -Infinity,
          -Infinity
        ],
        [
          -Infinity,
          -Infinity,
          -Infinity,
          -Infinity
        ]
      ]
    },
    {
      "file_path": "/media/NFS/ttao/scannet/posed_images/scene0702_00/00214.jpg",
      "transform_matrix": [
        [
          -Infinity,
          -Infinity,
          -Infinity,
          -Infinity
        ],
        [
          -Infinity,
