{
  "frames": [
    {
      "file_path": "/media/NFS/ttao/scannet/posed_images/scene0077_01/00000.jpg",
      "transform_matrix": [
        [
          -0.685152,
          -0.366276,
          0.62961,
          3.492918
        ],
        [
          -0.728389,
          0.349269,
          -0.589458,
          4.481487
        ],
        [
          -0.003999,
          -0.862469,
          -0.506094,
          1.307699
        ],
        [
          0.0,
          0.0,
          0.0,
          1.0
        ]
      ]
    },
    {
      "file_path": "/media/NFS/ttao/scannet/posed_images/scene0077_01/00003.jpg",
      "transform_matrix": [
        [
          -0.680189,
          -0.360396,
          0.638324,
          3.490749
        ],
        [
          -0.732988,
          0.324308,
          -0.597957,
          4.48671
        ],
        [
          0.008488,
          -0.874608,
          -0.484757,
          1.315449
        ],
        [
          0.0,
          0.0,
          0.0,
          1.0
        ]
      ]
    },
    {
      "file_path": "/media/NFS/ttao/scannet/posed_images/scene0077_01/00006.jpg",
      "transform_matrix": [
        [
          -0.674318,
          -0.349968,
          0.650244,
          3.489047
        ],
        [
          -0.738127,
          0.293765,
          -0.607347,
          4.495092
        ],
        [
          0.021533,
          -0.889508,
          -0.456412,
          1.319552
        ],
        [
          0.0,
          0.0,
          0.0,
          1.0
        ]
      ]
    },
    {
      "file_path": "/media/NFS/ttao/scannet/posed_images/scene0077_01/00011.jpg",
      "transform_matrix": [
        [
          -0.664823,
          -0.348127,
          0.660923,
          3.490726
        ],
        [
          -0.746776,
          0.288007,
          -0.599481,
          4.501521
        ],
        [
          0.018345,
          -0.89211,
          -0.451447,
          1.33534
        ],
        [
          0.0,
          0.0,
          0.0,
          1.0
        ]
      ]
    },
    {
      "file_path": "/media/NFS/ttao/scannet/posed_images/scene0077_01/00014.jpg",
      "transform_matrix": [
        [
          -0.662792,
          -0.331332,
          0.67151,
          3.490988
        ],
        [
          -0.748492,
          0.267284,
          -0.606893,
          4.508076
        ],
        [
          0.021599,
          -0.904864,
          -0.425153,
          1.344024
        ],
        [
          0.0,
          0.0,
          0.0,
          1.0
        ]
      ]
    },
    {
      "file_path": "/media/NFS/ttao/scannet/posed_images/scene0077_01/00017.jpg",
      "transform_matrix": [
        [
          -0.654091,
          -0.325717,
          0.682696,
          3.493517
        ],
        [
          -0.756079,
          0.254574,
          -0.60294,
          4.512639
        ],
        [
          0.022592,
          -0.91055,
          -0.412782,
          1.358883
        ],
        [
          0.0,
          0.0,
          0.0,
          1.0
        ]
      ]
    },
    {
      "file_path": "/media/NFS/ttao/scannet/posed_images/scene0077_01/00020.jpg",
      "transform_matrix": [
        [
          -0.649384,
          -0.338145,
          0.681144,
          3.502496
        ],
        [
          -0.759717,
          0.248885,
          -0.600738,
          4.520478
        ],
        [
          0.03361,
          -0.907587,
          -0.418517,
          1.367009
        ],
        [
          0.0,
          0.0,
          0.0,
          1.0
        ]
      ]
    },
    {
      "file_path": "/media/NFS/ttao/scannet/posed_images/scene0077_01/00021.jpg",
      "transform_matrix": [
        [
          -0.650816,
          -0.338118,
          0.67979,
          3.504046
        ],
        [
          -0.75833,
          0.245776,
          -0.603763,
          4.522576
        ],
        [
          0.037067,
          -0.908444,
          -0.41636,
          1.36859
        ],
        [
          0.0,
          0.0,
          0.0,
          1.0
        ]
      ]
    },
    {
      "file_path": "/media/NFS/ttao/scannet/posed_images/scene0077_01/00024.jpg",
      "transform_matrix": [
        [
          -0.645788,
          -0.341946,
          0.682664,
          3.508411
        ],
        [
          -0.762259,
          0.23744,
          -0.602149,
          4.527126
        ],
        [
          0.04381,
          -0.909228,
          -0.413988,
          1.378598
        ],
        [
          0.0,
          0.0,
          0.0,
          1.0
        ]
      ]
    },
    {
      "file_path": "/media/NFS/ttao/scannet/posed_images/scene0077_01/00028.jpg",
      "transform_matrix": [
        [
          -0.638037,
          -0.32808,
          0.696615,
          3.513175
        ],
        [
          -0.768788,
          0.220557,
          -0.600267,
          4.535387
        ],
        [
          0.043293,
          -0.918541,
          -0.392947,
          1.389556
        ],
        [
          0.0,
          0.0,
          0.0,
          1.0
        ]
      ]
    },
    {
      "file_path": "/media/NFS/ttao/scannet/posed_images/scene0077_01/00033.jpg",
      "transform_matrix": [
        [
          -0.616889,
          -0.290843,
          0.73134,
          3.516363
        ],
        [
          -0.786641,
          0.197876,
          -0.584843,
          4.546112
        ],
        [
          0.025383,
          -0.936085,
          -0.350857,
          1.411057
        ],
        [
          0.0,
          0.0,
          0.0,
          1.0
        ]
      ]
    },
    {
      "file_path": "/media/NFS/ttao/scannet/posed_images/scene0077_01/00036.jpg",
      "transform_matrix": [
        [
          -0.61046,
          -0.289024,
          0.73743,
          3.520512
        ],
        [
          -0.791463,
          0.186827,
          -0.581965,
          4.553185
        ],
        [
          0.03043,
          -0.938915,
          -0.342802,
          1.421078
        ],
        [
          0.0,
          0.0,
          0.0,
          1.0
        ]
      ]
    },
    {
      "file_path": "/media/NFS/ttao/scannet/posed_images/scene0077_01/00039.jpg",
      "transform_matrix": [
        [
          -0.592526,
          -0.297922,
          0.748435,
          3.525802
        ],
        [
          -0.803984,
          0.160785,
          -0.572501,
          4.564554
        ],
        [
          0.050223,
          -0.940952,
          -0.334794,
          1.432099
        ],
        [
          0.0,
          0.0,
          0.0,
          1.0
        ]
      ]
    },
    {
      "file_path": "/media/NFS/ttao/scannet/posed_images/scene0077_01/00042.jpg",
      "transform_matrix": [
        [
          -0.583627,
          -0.296462,
          0.75597,
          3.533257
        ],
        [
          -0.808937,
          0.131186,
          -0.573072,
          4.579666
        ],
        [
          0.070722,
          -0.945992,
          -0.316382,
          1.438338
        ],
        [
          0.0,
          0.0,
          0.0,
          1.0
        ]
      ]
    },
    {
      "file_path": "/media/NFS/ttao/scannet/posed_images/scene0077_01/00043.jpg",
      "transform_matrix": [
        [
          -0.581163,
          -0.29417,
          0.758758,
          3.53508
        ],
        [
          -0.810438,
          0.124709,
          -0.572397,
          4.583363
        ],
        [
          0.073758,
          -0.947582,
          -0.310882,
          1.441012
        ],
        [
          0.0,
          0.0,
          0.0,
          1.0
        ]
      ]
    },
    {
      "file_path": "/media/NFS/ttao/scannet/posed_images/scene0077_01/00048.jpg",
      "transform_matrix": [
        [
          -0.572898,
          -0.277085,
          0.77137,
          3.546139
        ],
        [
          -0.816086,
          0.105443,
          -0.568231,
          4.603598
        ],
        [
          0.076113,
          -0.955042,
          -0.286533,
          1.446035
        ],
        [
          0.0,
          0.0,
          0.0,
          1.0
        ]
      ]
    },
    {
      "file_path": "/media/NFS/ttao/scannet/posed_images/scene0077_01/00050.jpg",
      "transform_matrix": [
        [
          -0.571983,
          -0.270702,
          0.77431,
          3.550537
        ],
        [
          -0.817383,
          0.109031,
          -0.565683,
          4.609918
        ],
        [
          0.068708,
          -0.956469,
          -0.283632,
          1.443705
        ],
        [
          0.0,
          0.0,
          0.0,
          1.0
        ]
      ]
    },
    {
      "file_path": "/media/NFS/ttao/scannet/posed_images/scene0077_01/00052.jpg",
      "transform_matrix": [
        [
          -0.568593,
          -0.263804,
          0.779172,
          3.557878
        ],
        [
          -0.820505,
          0.114016,
          -0.560153,
          4.617552
        ],
        [
          0.058932,
          -0.957814,
          -0.281281,
          1.445666
        ],
        [
          0.0,
          0.0,
          0.0,
          1.0
        ]
      ]
    },
    {
      "file_path": "/media/NFS/ttao/scannet/posed_images/scene0077_01/00057.jpg",
      "transform_matrix": [
        [
          -0.547552,
          -0.26113,
          0.794983,
          3.577051
        ],
        [
          -0.835064,
          0.109859,
          -0.539072,
          4.636151
        ],
        [
          0.053432,
          -0.959032,
          -0.278214,
          1.444361
        ],
        [
          0.0,
          0.0,
          0.0,
          1.0
        ]
      ]
    },
    {
      "file_path": "/media/NFS/ttao/scannet/posed_images/scene0077_01/00059.jpg",
      "transform_matrix": [
        [
          -0.536668,
          -0.269144,
          0.799718,
          3.587839
        ],
        [
          -0.84199,
          0.108873,
          -0.528394,
          4.643905
        ],
        [
          0.055147,
          -0.956926,
          -0.285045,
          1.443537
        ],
        [
          0.0,
          0.0,
          0.0,
          1.0
        ]
      ]
    },
    {
      "file_path": "/media/NFS/ttao/scannet/posed_images/scene0077_01/00064.jpg",
      "transform_matrix": [
        [
          -0.490773,
          -0.289055,
          0.821942,
          3.619305
        ],
        [
          -0.86941,
          0.100573,
          -0.483746,
          4.662072
        ],
        [
          0.057164,
          -0.952015,
          -0.300666,
          1.431019
        ],
        [
          0.0,
          0.0,
          0.0,
          1.0
        ]
      ]
    },
    {
      "file_path": "/media/NFS/ttao/scannet/posed_images/scene0077_01/00067.jpg",
      "transform_matrix": [
        [
          -0.461365,
          -0.301983,
          0.834236,
          3.636528
        ],
        [
          -0.88525,
          0.094206,
          -0.455476,
          4.664987
        ],
        [
          0.058956,
          -0.948647,
          -0.310794,
          1.427398
        ],
        [
          0.0,
          0.0,
          0.0,
          1.0
        ]
      ]
    },
    {
      "file_path": "/media/NFS/ttao/scannet/posed_images/scene0077_01/00070.jpg",
      "transform_matrix": [
        [
          -0.445876,
          -0.313998,
          0.838212,
          3.661036
        ],
        [
          -0.892455,
          0.084085,
          -0.443231,
          4.674139
        ],
        [
          0.068693,
          -0.945693,
          -0.317721,
          1.423128
        ],
        [
          0.0,
          0.0,
          0.0,
          1.0
        ]
      ]
    },
    {
      "file_path": "/media/NFS/ttao/scannet/posed_images/scene0077_01/00071.jpg",
      "transform_matrix": [
        [
          -0.437705,
          -0.320546,
          0.840038,
          3.668552
        ],
        [
          -0.896182,
          0.080093,
          -0.436397,
          4.673889
        ],
        [
          0.072604,
          -0.943841,
          -0.322324,
          1.423108
        ],
        [
          0.0,
          0.0,
          0.0,
          1.0
        ]
      ]
    },
    {
      "file_path": "/media/NFS/ttao/scannet/posed_images/scene0077_01/00074.jpg",
      "transform_matrix": [
        [
          -0.398426,
          -0.338196,
          0.852573,
          3.694505
        ],
        [
          -0.913928,
          0.067936,
          -0.40015,
          4.671097
        ],
        [
          0.077409,
          -0.93862,
          -0.336154,
          1.424917
        ],
        [
          0.0,
          0.0,
          0.0,
          1.0
        ]
      ]
    },
    {
      "file_path": "/media/NFS/ttao/scannet/posed_images/scene0077_01/00079.jpg",
      "transform_matrix": [
        [
          -0.314917,
          -0.318187,
          0.894195,
          3.735115
        ],
        [
          -0.948097,
          0.061744,
          -0.311929,
          4.659061
        ],
        [
          0.044041,
          -0.946015,
          -0.321116,
          1.426595
        ],
        [
          0.0,
          0.0,
          0.0,
          1.0
        ]
      ]
    },
    {
      "file_path": "/media/NFS/ttao/scannet/posed_images/scene0077_01/00083.jpg",
      "transform_matrix": [
        [
          -0.25453,
          -0.278118,
          0.92621,
          3.775682
        ],
        [
          -0.966822,
          0.05172,
          -0.25016,
          4.635791
        ],
        [
          0.02167,
          -0.959154,
          -0.282055,
          1.440852
        ],
        [
          0.0,
          0.0,
          0.0,
          1.0
        ]
      ]
    },
    {
      "file_path": "/media/NFS/ttao/scannet/posed_images/scene0077_01/00086.jpg",
      "transform_matrix": [
        [
          -0.233155,
          -0.267885,
          0.934813,
          3.801556
        ],
        [
          -0.971241,
          0.016433,
          -0.237531,
          4.620823
        ],
        [
          0.04827,
          -0.963311,
          -0.264012,
          1.449009
        ],
        [
          0.0,
          0.0,
          0.0,
          1.0
        ]
      ]
    },
    {
      "file_path": "/media/NFS/ttao/scannet/posed_images/scene0077_01/00088.jpg",
      "transform_matrix": [
        [
          -0.226179,
          -0.276836,
          0.933919,
          3.818218
        ],
        [
          -0.971865,
          -0.000575,
          -0.235539,
          4.612307
        ],
        [
          0.065742,
          -0.960917,
          -0.268918,
          1.45221
        ],
        [
          0.0,
          0.0,
          0.0,
          1.0
        ]
      ]
    },
    {
      "file_path": "/media/NFS/ttao/scannet/posed_images/scene0077_01/00090.jpg",
      "transform_matrix": [
        [
          -0.216745,
          -0.290718,
          0.931936,
          3.83715
        ],
        [
          -0.973611,
          -0.005481,
          -0.228148,
          4.605189
        ],
        [
          0.071435,
          -0.956793,
          -0.281859,
          1.460279
        ],
        [
          0.0,
          0.0,
          0.0,
          1.0
        ]
      ]
    },
    {
      "file_path": "/media/NFS/ttao/scannet/posed_images/scene0077_01/00093.jpg",
      "transform_matrix": [
        [
          -0.182925,
          -0.284732,
          0.940992,
          3.86327
        ],
        [
          -0.980376,
          -0.018718,
          -0.196245,
          4.599218
        ],
        [
          0.073491,
          -0.958424,
          -0.27572,
          1.46193
        ],
        [
          0.0,
          0.0,
          0.0,
          1.0
        ]
      ]
    },
    {
      "file_path": "/media/NFS/ttao/scannet/posed_images/scene0077_01/00098.jpg",
      "transform_matrix": [
        [
          -0.125993,
          -0.311436,
          0.941877,
          3.907523
        ],
        [
          -0.988777,
          -0.037419,
          -0.144639,
          4.597038
        ],
        [
          0.08029,
          -0.94953,
          -0.303226,
          1.460824
        ],
        [
          0.0,
          0.0,
          0.0,
          1.0
        ]
      ]
    },
    {
      "file_path": "/media/NFS/ttao/scannet/posed_images/scene0077_01/00100.jpg",
      "transform_matrix": [
        [
          -0.109146,
          -0.308037,
          0.945093,
          3.921845
        ],
        [
          -0.991457,
          -0.034571,
          -0.125768,
          4.597878
        ],
        [
          0.071414,
          -0.950746,
          -0.301633,
          1.464458
        ],
        [
          0.0,
          0.0,
          0.0,
          1.0
        ]
      ]
    },
    {
      "file_path": "/media/NFS/ttao/scannet/posed_images/scene0077_01/00104.jpg",
      "transform_matrix": [
        [
          -0.086439,
          -0.312225,
          0.946067,
          3.951137
        ],
        [
          -0.992858,
          -0.051382,
          -0.107671,
          4.605294
        ],
        [
          0.082228,
          -0.948617,
          -0.305554,
          1.463385
        ],
        [
          0.0,
          0.0,
          0.0,
          1.0
        ]
      ]
    },
    {
      "file_path": "/media/NFS/ttao/scannet/posed_images/scene0077_01/00106.jpg",
      "transform_matrix": [
        [
          -0.085297,
          -0.314659,
          0.945364,
          3.968719
        ],
        [
          -0.991932,
          -0.062489,
          -0.110298,
          4.612117
        ],
        [
          0.093781,
          -0.947145,
          -0.306791,
          1.464038
        ],
        [
          0.0,
          0.0,
          0.0,
          1.0
        ]
      ]
    },
    {
      "file_path": "/media/NFS/ttao/scannet/posed_images/scene0077_01/00111.jpg",
      "transform_matrix": [
        [
          -0.087325,
          -0.301216,
          0.949549,
          4.012183
        ],
        [
          -0.992479,
          -0.055786,
          -0.10897,
          4.634505
        ],
        [
          0.085795,
          -0.951923,
          -0.294079,
          1.470699
        ],
        [
          0.0,
          0.0,
          0.0,
          1.0
        ]
      ]
    },
    {
      "file_path": "/media/NFS/ttao/scannet/posed_images/scene0077_01/00113.jpg",
      "transform_matrix": [
        [
          -0.089293,
          -0.29919,
          0.950007,
          4.031579
        ],
        [
          -0.992036,
          -0.058359,
          -0.111622,
          4.647866
        ],
        [
          0.088838,
          -0.952407,
          -0.291596,
          1.471879
        ],
        [
          0.0,
          0.0,
          0.0,
          1.0
        ]
      ]
    },
    {
      "file_path": "/media/NFS/ttao/scannet/posed_images/scene0077_01/00115.jpg",
      "transform_matrix": [
        [
          -0.086974,
          -0.304323,
          0.94859,
          4.051568
        ],
        [
          -0.991327,
          -0.067733,
          -0.112622,
          4.659049
        ],
        [
          0.098524,
          -0.950158,
          -0.295793,
          1.473172
        ],
        [
          0.0,
          0.0,
          0.0,
          1.0
        ]
      ]
    },
    {
      "file_path": "/media/NFS/ttao/scannet/posed_images/scene0077_01/00118.jpg",
      "transform_matrix": [
        [
          -0.091795,
          -0.296883,
          0.950492,
          4.080556
        ],
        [
          -0.990544,
          -0.070513,
          -0.117687,
          4.677149
        ],
        [
          0.101961,
          -0.952307,
          -0.287603,
          1.473408
        ],
        [
          0.0,
          0.0,
          0.0,
          1.0
        ]
      ]
    },
    {
      "file_path": "/media/NFS/ttao/scannet/posed_images/scene0077_01/00121.jpg",
      "transform_matrix": [
        [
          -0.083572,
          -0.294958,
          0.951849,
          4.111376
        ],
        [
          -0.993187,
          -0.053189,
          -0.103683,
          4.700543
        ],
        [
          0.08121,
          -0.954029,
          -0.288504,
          1.47303
        ],
        [
          0.0,
          0.0,
          0.0,
          1.0
        ]
      ]
    },
    {
      "file_path": "/media/NFS/ttao/scannet/posed_images/scene0077_01/00125.jpg",
      "transform_matrix": [
        [
          -0.044559,
          -0.286582,
          0.957019,
          4.147272
        ],
        [
          -0.997507,
          -0.039714,
          -0.058337,
          4.713424
        ],
        [
          0.054725,
          -0.957232,
          -0.284098,
          1.471408
        ],
        [
          0.0,
          0.0,
          0.0,
          1.0
        ]
      ]
    },
    {
      "file_path": "/media/NFS/ttao/scannet/posed_images/scene0077_01/00128.jpg",
      "transform_matrix": [
        [
          -0.025792,
          -0.295152,
          0.955102,
          4.170891
        ],
        [
          -0.998772,
          -0.032827,
          -0.037116,
          4.724301
        ],
        [
          0.042308,
          -0.954886,
          -0.293943,
          1.466031
        ],
        [
          0.0,
          0.0,
          0.0,
          1.0
        ]
      ]
    },
    {
      "file_path": "/media/NFS/ttao/scannet/posed_images/scene0077_01/00131.jpg",
      "transform_matrix": [
        [
          -0.014811,
          -0.310454,
          0.950473,
          4.189976
        ],
        [
          -0.999109,
          -0.03298,
          -0.026341,
          4.735434
        ],
        [
          0.039524,
          -0.950016,
          -0.309689,
          1.463201
        ],
        [
          0.0,
          0.0,
          0.0,
          1.0
        ]
      ]
    },
    {
      "file_path": "/media/NFS/ttao/scannet/posed_images/scene0077_01/00133.jpg",
      "transform_matrix": [
        [
          -0.012786,
          -0.328051,
          0.944573,
          4.204268
        ],
        [
          -0.998797,
          -0.040526,
          -0.027594,
          4.740253
        ],
        [
          0.047332,
          -0.94379,
          -0.327138,
          1.462276
        ],
        [
          0.0,
          0.0,
          0.0,
          1.0
        ]
      ]
    },
    {
      "file_path": "/media/NFS/ttao/scannet/posed_images/scene0077_01/00137.jpg",
      "transform_matrix": [
        [
          0.016119,
          -0.345084,
          0.938433,
          4.233428
        ],
        [
          -0.997424,
          -0.071153,
          -0.009032,
          4.744304
        ],
        [
          0.069889,
          -0.935871,
          -0.345342,
          1.44996
        ],
        [
          0.0,
          0.0,
          0.0,
          1.0
        ]
      ]
    },
    {
      "file_path": "/media/NFS/ttao/scannet/posed_images/scene0077_01/00142.jpg",
      "transform_matrix": [
        [
          0.077097,
          -0.294627,
          0.952497,
          4.264373
        ],
        [
          -0.994368,
          -0.092409,
          0.051902,
          4.743453
        ],
        [
          0.072727,
          -0.951134,
          -0.300092,
          1.453906
        ],
        [
          0.0,
          0.0,
          0.0,
          1.0
        ]
      ]
    },
    {
      "file_path": "/media/NFS/ttao/scannet/posed_images/scene0077_01/00145.jpg",
      "transform_matrix": [
        [
          0.108967,
          -0.274437,
          0.955411,
          4.279562
        ],
        [
          -0.991974,
          -0.092035,
          0.086701,
          4.741656
        ],
        [
          0.064138,
          -0.957191,
          -0.282263,
          1.468876
        ],
        [
          0.0,
          0.0,
          0.0,
          1.0
        ]
      ]
    },
    {
      "file_path": "/media/NFS/ttao/scannet/posed_images/scene0077_01/00146.jpg",
      "transform_matrix": [
        [
          0.119995,
          -0.264028,
          0.957022,
          4.282673
        ],
        [
          -0.990889,
          -0.091233,
          0.099072,
          4.740267
        ],
        [
          0.061154,
          -0.960191,
          -0.27257,
          1.46622
        ],
        [
          0.0,
          0.0,
          0.0,
          1.0
        ]
      ]
    },
    {
      "file_path": "/media/NFS/ttao/scannet/posed_images/scene0077_01/00151.jpg",
      "transform_matrix": [
        [
          0.181313,
          -0.198355,
          0.963214,
          4.299982
        ],
        [
          -0.982577,
          -0.077209,
          0.169058,
          4.731432
        ],
        [
          0.040835,
          -0.977084,
          -0.208899,
          1.489378
        ],
        [
          0.0,
          0.0,
          0.0,
          1.0
        ]
      ]
    },
    {
      "file_path": "/media/NFS/ttao/scannet/posed_images/scene0077_01/00154.jpg",
      "transform_matrix": [
        [
          0.213347,
          -0.180435,
          0.96017,
          4.307509
        ],
        [
          -0.976203,
          -0.078483,
          0.202161,
          4.729661
        ],
        [
          0.03888,
          -0.980451,
          -0.192886,
          1.498955
        ],
        [
          0.0,
          0.0,
          0.0,
          1.0
        ]
      ]
    },
    {
      "file_path": "/media/NFS/ttao/scannet/posed_images/scene0077_01/00155.jpg",
      "transform_matrix": [
        [
          0.219308,
          -0.183196,
          0.958302,
          4.312365
        ],
        [
          -0.974776,
          -0.082847,
          0.20724,
          4.728314
        ],
        [
          0.041427,
          -0.979579,
          -0.196744,
          1.50276
        ],
        [
          0.0,
          0.0,
          0.0,
          1.0
        ]
      ]
    },
    {
      "file_path": "/media/NFS/ttao/scannet/posed_images/scene0077_01/00158.jpg",
      "transform_matrix": [
        [
          0.224912,
          -0.172273,
          0.959029,
          4.32117
        ],
        [
          -0.973314,
          -0.085737,
          0.212861,
          4.728467
        ],
        [
          0.045554,
          -0.981311,
          -0.186959,
          1.514886
        ],
        [
          0.0,
          0.0,
          0.0,
          1.0
        ]
      ]
    },
    {
      "file_path": "/media/NFS/ttao/scannet/posed_images/scene0077_01/00164.jpg",
      "transform_matrix": [
        [
          0.254276,
          -0.124446,
          0.959092,
          4.331855
        ],
        [
          -0.965063,
          -0.097478,
          0.243211,
          4.730993
        ],
        [
          0.063224,
          -0.987427,
          -0.144884,
          1.544562
        ],
        [
          0.0,
          0.0,
          0.0,
          1.0
        ]
      ]
    },
    {
      "file_path": "/media/NFS/ttao/scannet/posed_images/scene0077_01/00166.jpg",
      "transform_matrix": [
        [
          0.259787,
          -0.112548,
          0.959085,
          4.334291
        ],
        [
          -0.963712,
          -0.093358,
          0.250085,
          4.730777
        ],
        [
          0.061392,
          -0.989251,
          -0.132717,
          1.555007
        ],
        [
          0.0,
          0.0,
          0.0,
          1.0
        ]
      ]
    },
    {
      "file_path": "/media/NFS/ttao/scannet/posed_images/scene0077_01/00169.jpg",
      "transform_matrix": [
        [
          0.265161,
          -0.086815,
          0.960288,
          4.332827
        ],
        [
          -0.962329,
          -0.085917,
          0.257958,
          4.735935
        ],
        [
          0.06011,
          -0.992513,
          -0.106326,
          1.560411
        ],
        [
          0.0,
          0.0,
          0.0,
          1.0
        ]
      ]
    },
    {
      "file_path": "/media/NFS/ttao/scannet/posed_images/scene0077_01/00173.jpg",
      "transform_matrix": [
        [
          0.271534,
          -0.070652,
          0.959832,
          4.328165
        ],
        [
          -0.961151,
          -0.07129,
          0.26666,
          4.738688
        ],
        [
          0.049586,
          -0.99495,
          -0.087265,
          1.571413
        ],
        [
          0.0,
          0.0,
          0.0,
          1.0
        ]
      ]
    },
    {
      "file_path": "/media/NFS/ttao/scannet/posed_images/scene0077_01/00174.jpg",
      "transform_matrix": [
        [
          0.272639,
          -0.068567,
          0.95967,
          4.327025
        ],
        [
          -0.961063,
          -0.066073,
          0.268314,
          4.737133
        ],
        [
          0.045011,
          -0.995456,
          -0.083912,
          1.568695
        ],
        [
          0.0,
          0.0,
          0.0,
          1.0
        ]
      ]
    },
    {
      "file_path": "/media/NFS/ttao/scannet/posed_images/scene0077_01/00177.jpg",
      "transform_matrix": [
        [
          0.276845,
          -0.07567,
          0.95793,
          4.324338
        ],
        [
          -0.960511,
          -0.050697,
          0.273586,
          4.734815
        ],
        [
          0.027861,
          -0.995843,
          -0.086717,
          1.571691
        ],
        [
          0.0,
          0.0,
          0.0,
          1.0
        ]
      ]
    },
    {
      "file_path": "/media/NFS/ttao/scannet/posed_images/scene0077_01/00182.jpg",
      "transform_matrix": [
        [
          0.289197,
          -0.081658,
          0.95378,
          4.317528
        ],
        [
          -0.957144,
          -0.040785,
          0.286725,
          4.722519
        ],
        [
          0.015486,
          -0.995825,
          -0.089953,
          1.567024
        ],
        [
          0.0,
          0.0,
          0.0,
          1.0
        ]
      ]
    },
    {
      "file_path": "/media/NFS/ttao/scannet/posed_images/scene0077_01/00185.jpg",
      "transform_matrix": [
        [
          0.282824,
          -0.068691,
          0.956709,
          4.306924
        ],
        [
          -0.959127,
          -0.029841,
          0.281397,
          4.720472
        ],
        [
          0.00922,
          -0.997192,
          -0.074324,
          1.566368
        ],
        [
          0.0,
          0.0,
          0.0,
          1.0
        ]
      ]
    },
    {
      "file_path": "/media/NFS/ttao/scannet/posed_images/scene0077_01/00186.jpg",
      "transform_matrix": [
        [
          0.281505,
          -0.064282,
          0.957404,
          4.303036
        ],
        [
          -0.959526,
          -0.027237,
          0.2803,
          4.721616
        ],
        [
          0.008059,
          -0.99756,
          -0.069347,
          1.567663
        ],
        [
          0.0,
          0.0,
          0.0,
          1.0
        ]
      ]
    },
    {
      "file_path": "/media/NFS/ttao/scannet/posed_images/scene0077_01/00189.jpg",
      "transform_matrix": [
        [
          0.281832,
          -0.03753,
          0.95873,
          4.293727
        ],
        [
          -0.959247,
          -0.03225,
          0.280722,
          4.721756
        ],
        [
          0.020384,
          -0.998775,
          -0.04509,
          1.582187
        ],
        [
          0.0,
          0.0,
          0.0,
          1.0
        ]
      ]
    },
    {
      "file_path": "/media/NFS/ttao/scannet/posed_images/scene0077_01/00193.jpg",
      "transform_matrix": [
        [
          0.302641,
          0.015807,
          0.952974,
          4.279627
        ],
        [
          -0.95274,
          -0.022643,
          0.302942,
          4.720844
        ],
        [
          0.026367,
          -0.999619,
          0.008208,
          1.590043
        ],
        [
          0.0,
          0.0,
          0.0,
          1.0
        ]
      ]
    },
    {
      "file_path": "/media/NFS/ttao/scannet/posed_images/scene0077_01/00196.jpg",
      "transform_matrix": [
        [
          0.328991,
          0.03685,
          0.943614,
          4.273993
        ],
        [
          -0.944244,
          -0.000913,
          0.329247,
          4.717404
        ],
        [
          0.012994,
          -0.99932,
          0.034495,
          1.594483
        ],
        [
          0.0,
          0.0,
          0.0,
          1.0
        ]
      ]
    },
    {
      "file_path": "/media/NFS/ttao/scannet/posed_images/scene0077_01/00200.jpg",
      "transform_matrix": [
        [
          0.355886,
          0.08217,
          0.93091,
          4.265222
        ],
        [
          -0.934508,
          0.02461,
          0.35509,
          4.716771
        ],
        [
          0.006268,
          -0.996314,
          0.085547,
          1.577487
        ],
        [
          0.0,
          0.0,
          0.0,
          1.0
        ]
      ]
    },
    {
      "file_path": "/media/NFS/ttao/scannet/posed_images/scene0077_01/00204.jpg",
      "transform_matrix": [
        [
          0.373249,
          0.107029,
          0.921537,
          4.259558
        ],
        [
          -0.927702,
          0.035151,
          0.371664,
          4.714145
        ],
        [
          0.007386,
          -0.993634,
          0.112411,
          1.580632
        ],
        [
          0.0,
          0.0,
          0.0,
          1.0
        ]
      ]
    },
    {
      "file_path": "/media/NFS/ttao/scannet/posed_images/scene0077_01/00207.jpg",
      "transform_matrix": [
        [
          0.387887,
          0.111695,
          0.914914,
          4.25788
        ],
        [
          -0.921675,
          0.038711,
          0.386027,
          4.713509
        ],
        [
          0.0077,
          -0.992988,
          0.117962,
          1.582448
        ],
        [
          0.0,
          0.0,
          0.0,
          1.0
        ]
      ]
    },
    {
      "file_path": "/media/NFS/ttao/scannet/posed_images/scene0077_01/00209.jpg",
      "transform_matrix": [
        [
          0.396577,
          0.11535,
          0.910725,
          4.256238
        ],
        [
          -0.917954,
          0.039818,
          0.394682,
          4.712564
        ],
        [
          0.009264,
          -0.992526,
          0.121677,
          1.586319
        ],
        [
          0.0,
          0.0,
          0.0,
          1.0
        ]
      ]
    },
    {
      "file_path": "/media/NFS/ttao/scannet/posed_images/scene0077_01/00211.jpg",
      "transform_matrix": [
        [
          0.403219,
          0.124123,
          0.906646,
          4.254884
        ],
        [
          -0.915025,
          0.041687,
          0.401238,
          4.711733
        ],
        [
          0.012008,
          -0.991391,
          0.130384,
          1.583337
        ],
        [
          0.0,
          0.0,
          0.0,
          1.0
        ]
      ]
    },
    {
      "file_path": "/media/NFS/ttao/scannet/posed_images/scene0077_01/00216.jpg",
      "transform_matrix": [
        [
          0.424168,
          0.143005,
          0.894221,
          4.249376
        ],
        [
          -0.905498,
          0.053399,
          0.420977,
          4.711109
        ],
        [
          0.012451,
          -0.98828,
          0.152141,
          1.582189
        ],
        [
          0.0,
          0.0,
          0.0,
          1.0
        ]
      ]
    },
    {
      "file_path": "/media/NFS/ttao/scannet/posed_images/scene0077_01/00219.jpg",
      "transform_matrix": [
        [
          0.436406,
          0.155858,
          0.886148,
          4.246884
        ],
        [
          -0.899618,
          0.058745,
          0.432708,
          4.709043
        ],
        [
          0.015385,
          -0.986031,
          0.165849,
          1.581795
        ],
        [
          0.0,
          0.0,
          0.0,
          1.0
        ]
      ]
    },
    {
      "file_path": "/media/NFS/ttao/scannet/posed_images/scene0077_01/00222.jpg",
      "transform_matrix": [
        [
          0.451573,
          0.157964,
          0.878139,
          4.245598
        ],
        [
          -0.89186,
          0.051432,
          0.449378,
          4.707933
        ],
        [
          0.025821,
          -0.986104,
          0.164107,
          1.57963
        ],
        [
          0.0,
          0.0,
          0.0,
          1.0
        ]
      ]
    },
    {
      "file_path": "/media/NFS/ttao/scannet/posed_images/scene0077_01/00224.jpg",
      "transform_matrix": [
        [
          0.462623,
          0.159186,
          0.872147,
          4.245064
        ],
        [
          -0.885994,
          0.048034,
          0.461202,
          4.70875
        ],
        [
          0.031524,
          -0.986079,
          0.163259,
          1.578642
        ],
        [
          0.0,
          0.0,
          0.0,
          1.0
        ]
      ]
    },
    {
      "file_path": "/media/NFS/ttao/scannet/posed_images/scene0077_01/00227.jpg",
      "transform_matrix": [
        [
          0.477445,
          0.150226,
          0.865724,
          4.244628
        ],
        [
          -0.878019,
          0.043912,
          0.476607,
          4.714255
        ],
        [
          0.033583,
          -0.987676,
          0.152867,
          1.578947
        ],
        [
          0.0,
          0.0,
          0.0,
          1.0
        ]
      ]
    },
    {
      "file_path": "/media/NFS/ttao/scannet/posed_images/scene0077_01/00231.jpg",
      "transform_matrix": [
        [
          0.488701,
          0.122971,
          0.863742,
          4.247808
        ],
        [
          -0.871646,
          0.026297,
          0.48943,
          4.721992
        ],
        [
          0.037472,
          -0.992062,
          0.120038,
          1.572117
        ],
        [
          0.0,
          0.0,
          0.0,
          1.0
        ]
      ]
    },
    {
      "file_path": "/media/NFS/ttao/scannet/posed_images/scene0077_01/00234.jpg",
      "transform_matrix": [
        [
          0.483319,
          0.078736,
          0.871897,
          4.254822
        ],
        [
          -0.874355,
          -0.006248,
          0.485246,
          4.728935
        ],
        [
          0.043654,
          -0.996876,
          0.065823,
          1.569691
        ],
        [
          0.0,
          0.0,
          0.0,
          1.0
        ]
      ]
    },
    {
      "file_path": "/media/NFS/ttao/scannet/posed_images/scene0077_01/00238.jpg",
      "transform_matrix": [
        [
          0.470491,
          0.015417,
          0.88227,
          4.266238
        ],
        [
          -0.881556,
          -0.035634,
          0.470733,
          4.736983
        ],
        [
          0.038696,
          -0.999246,
          -0.003175,
          1.557015
        ],
        [
          0.0,
          0.0,
          0.0,
          1.0
        ]
      ]
    },
    {
      "file_path": "/media/NFS/ttao/scannet/posed_images/scene0077_01/00240.jpg",
      "transform_matrix": [
        [
          0.458706,
          -0.032973,
          0.887976,
          4.274847
        ],
        [
          -0.888164,
          -0.047905,
          0.457024,
          4.74687
        ],
        [
          0.027469,
          -0.998308,
          -0.05126,
