{
  "frames": [
    {
      "file_path": "/media/NFS/ttao/scannet/posed_images/scene0466_01/00001.jpg",
      "transform_matrix": [
        [
          0.711838,
          0.227219,
          -0.664574,
          8.388786
        ],
        [
          0.698519,
          -0.327649,
          0.636174,
          5.046209
        ],
        [
          -0.073196,
          -0.917071,
          -0.391949,
          1.775449
        ],
        [
          0.0,
          0.0,
          0.0,
          1.0
        ]
      ]
    },
    {
      "file_path": "/media/NFS/ttao/scannet/posed_images/scene0466_01/00004.jpg",
      "transform_matrix": [
        [
          0.713617,
          0.23217,
          -0.660945,
          8.389081
        ],
        [
          0.696526,
          -0.335956,
          0.634023,
          5.049316
        ],
        [
          -0.074848,
          -0.912815,
          -0.401456,
          1.773392
        ],
        [
          0.0,
          0.0,
          0.0,
          1.0
        ]
      ]
    },
    {
      "file_path": "/media/NFS/ttao/scannet/posed_images/scene0466_01/00006.jpg",
      "transform_matrix": [
        [
          0.711757,
          0.235188,
          -0.661883,
          8.393695
        ],
        [
          0.698773,
          -0.333046,
          0.633085,
          5.04984
        ],
        [
          -0.071543,
          -0.913108,
          -0.401391,
          1.765
        ],
        [
          0.0,
          0.0,
          0.0,
          1.0
        ]
      ]
    },
    {
      "file_path": "/media/NFS/ttao/scannet/posed_images/scene0466_01/00010.jpg",
      "transform_matrix": [
        [
          0.712169,
          0.248298,
          -0.656631,
          8.394425
        ],
        [
          0.698403,
          -0.345268,
          0.626915,
          5.04704
        ],
        [
          -0.071052,
          -0.905062,
          -0.419301,
          1.75304
        ],
        [
          0.0,
          0.0,
          0.0,
          1.0
        ]
      ]
    },
    {
      "file_path": "/media/NFS/ttao/scannet/posed_images/scene0466_01/00013.jpg",
      "transform_matrix": [
        [
          0.720444,
          0.263468,
          -0.641518,
          8.396935
        ],
        [
          0.690048,
          -0.36469,
          0.625168,
          5.05517
        ],
        [
          -0.069243,
          -0.893077,
          -0.444544,
          1.750694
        ],
        [
          0.0,
          0.0,
          0.0,
          1.0
        ]
      ]
    },
    {
      "file_path": "/media/NFS/ttao/scannet/posed_images/scene0466_01/00014.jpg",
      "transform_matrix": [
        [
          0.721774,
          0.260145,
          -0.64138,
          8.397331
        ],
        [
          0.688364,
          -0.366342,
          0.626059,
          5.05442
        ],
        [
          -0.072098,
          -0.893375,
          -0.44349,
          1.74984
        ],
        [
          0.0,
          0.0,
          0.0,
          1.0
        ]
      ]
    },
    {
      "file_path": "/media/NFS/ttao/scannet/posed_images/scene0466_01/00017.jpg",
      "transform_matrix": [
        [
          0.731949,
          0.257572,
          -0.630799,
          8.401431
        ],
        [
          0.677372,
          -0.375089,
          0.632831,
          5.056623
        ],
        [
          -0.073606,
          -0.890486,
          -0.449018,
          1.74272
        ],
        [
          0.0,
          0.0,
          0.0,
          1.0
        ]
      ]
    },
    {
      "file_path": "/media/NFS/ttao/scannet/posed_images/scene0466_01/00019.jpg",
      "transform_matrix": [
        [
          0.737787,
          0.26302,
          -0.621684,
          8.401658
        ],
        [
          0.671246,
          -0.38328,
          0.634449,
          5.059961
        ],
        [
          -0.071406,
          -0.885391,
          -0.45933,
          1.743521
        ],
        [
          0.0,
          0.0,
          0.0,
          1.0
        ]
      ]
    },
    {
      "file_path": "/media/NFS/ttao/scannet/posed_images/scene0466_01/00024.jpg",
      "transform_matrix": [
        [
          0.745768,
          0.26889,
          -0.609532,
          8.405828
        ],
        [
          0.661927,
          -0.4026,
          0.632271,
          5.059269
        ],
        [
          -0.075386,
          -0.874992,
          -0.478231,
          1.733325
        ],
        [
          0.0,
          0.0,
          0.0,
          1.0
        ]
      ]
    },
    {
      "file_path": "/media/NFS/ttao/scannet/posed_images/scene0466_01/00026.jpg",
      "transform_matrix": [
        [
          0.745771,
          0.27181,
          -0.608231,
          8.403193
        ],
        [
          0.661974,
          -0.405046,
          0.630658,
          5.057365
        ],
        [
          -0.074942,
          -0.872959,
          -0.482003,
          1.733603
        ],
        [
          0.0,
          0.0,
          0.0,
          1.0
        ]
      ]
    },
    {
      "file_path": "/media/NFS/ttao/scannet/posed_images/scene0466_01/00030.jpg",
      "transform_matrix": [
        [
          0.735852,
          0.274091,
          -0.61919,
          8.393826
        ],
        [
          0.672421,
          -0.403578,
          0.620464,
          5.054364
        ],
        [
          -0.079828,
          -0.872926,
          -0.481278,
          1.740526
        ],
        [
          0.0,
          0.0,
          0.0,
          1.0
        ]
      ]
    },
    {
      "file_path": "/media/NFS/ttao/scannet/posed_images/scene0466_01/00033.jpg",
      "transform_matrix": [
        [
          0.723481,
          0.268372,
          -0.636044,
          8.374924
        ],
        [
          0.684782,
          -0.395714,
          0.611951,
          5.048123
        ],
        [
          -0.087461,
          -0.878286,
          -0.470068,
          1.753049
        ],
        [
          0.0,
          0.0,
          0.0,
          1.0
        ]
      ]
    },
    {
      "file_path": "/media/NFS/ttao/scannet/posed_images/scene0466_01/00034.jpg",
      "transform_matrix": [
        [
          0.716694,
          0.266142,
          -0.644607,
          8.369089
        ],
        [
          0.69143,
          -0.391736,
          0.607016,
          5.049718
        ],
        [
          -0.090963,
          -0.880745,
          -0.464773,
          1.7611
        ],
        [
          0.0,
          0.0,
          0.0,
          1.0
        ]
      ]
    },
    {
      "file_path": "/media/NFS/ttao/scannet/posed_images/scene0466_01/00036.jpg",
      "transform_matrix": [
        [
          0.7043,
          0.255033,
          -0.66251,
          8.361799
        ],
        [
          0.703416,
          -0.376575,
          0.602824,
          5.04885
        ],
        [
          -0.095744,
          -0.890589,
          -0.444616,
          1.771882
        ],
        [
          0.0,
          0.0,
          0.0,
          1.0
        ]
      ]
    },
    {
      "file_path": "/media/NFS/ttao/scannet/posed_images/scene0466_01/00039.jpg",
      "transform_matrix": [
        [
          0.691704,
          0.239145,
          -0.681436,
          8.349021
        ],
        [
          0.716071,
          -0.349596,
          0.604173,
          5.044792
        ],
        [
          -0.093742,
          -0.905866,
          -0.413061,
          1.786099
        ],
        [
          0.0,
          0.0,
          0.0,
          1.0
        ]
      ]
    },
    {
      "file_path": "/media/NFS/ttao/scannet/posed_images/scene0466_01/00042.jpg",
      "transform_matrix": [
        [
          0.674906,
          0.226242,
          -0.702365,
          8.337335
        ],
        [
          0.731986,
          -0.325574,
          0.598497,
          5.041698
        ],
        [
          -0.093266,
          -0.91805,
          -0.385338,
          1.802438
        ],
        [
          0.0,
          0.0,
          0.0,
          1.0
        ]
      ]
    },
    {
      "file_path": "/media/NFS/ttao/scannet/posed_images/scene0466_01/00045.jpg",
      "transform_matrix": [
        [
          0.665203,
          0.214653,
          -0.715143,
          8.326347
        ],
        [
          0.741447,
          -0.302909,
          0.598751,
          5.039395
        ],
        [
          -0.0881,
          -0.928531,
          -0.36065,
          1.814324
        ],
        [
          0.0,
          0.0,
          0.0,
          1.0
        ]
      ]
    },
    {
      "file_path": "/media/NFS/ttao/scannet/posed_images/scene0466_01/00050.jpg",
      "transform_matrix": [
        [
          0.642644,
          0.200578,
          -0.739444,
          8.313067
        ],
        [
          0.761715,
          -0.271133,
          0.588454,
          5.037124
        ],
        [
          -0.082457,
          -0.941412,
          -0.327025,
          1.838131
        ],
        [
          0.0,
          0.0,
          0.0,
          1.0
        ]
      ]
    },
    {
      "file_path": "/media/NFS/ttao/scannet/posed_images/scene0466_01/00052.jpg",
      "transform_matrix": [
        [
          0.639505,
          0.201836,
          -0.74182,
          8.310786
        ],
        [
          0.764994,
          -0.2628,
          0.58798,
          5.03672
        ],
        [
          -0.076275,
          -0.943503,
          -0.322465,
          1.842171
        ],
        [
          0.0,
          0.0,
          0.0,
          1.0
        ]
      ]
    },
    {
      "file_path": "/media/NFS/ttao/scannet/posed_images/scene0466_01/00053.jpg",
      "transform_matrix": [
        [
          0.63798,
          0.201468,
          -0.743231,
          8.306383
        ],
        [
          0.766477,
          -0.259049,
          0.587713,
          5.032233
        ],
        [
          -0.074128,
          -0.944619,
          -0.319689,
          1.844369
        ],
        [
          0.0,
          0.0,
          0.0,
          1.0
        ]
      ]
    },
    {
      "file_path": "/media/NFS/ttao/scannet/posed_images/scene0466_01/00056.jpg",
      "transform_matrix": [
        [
          0.623113,
          0.201196,
          -0.755811,
          8.300981
        ],
        [
          0.778644,
          -0.250738,
          0.575191,
          5.027419
        ],
        [
          -0.073784,
          -0.946916,
          -0.312898,
          1.845489
        ],
        [
          0.0,
          0.0,
          0.0,
          1.0
        ]
      ]
    },
    {
      "file_path": "/media/NFS/ttao/scannet/posed_images/scene0466_01/00059.jpg",
      "transform_matrix": [
        [
          0.607774,
          0.208819,
          -0.766163,
          8.290484
        ],
        [
          0.791108,
          -0.243039,
          0.561321,
          5.016785
        ],
        [
          -0.068993,
          -0.947273,
          -0.312911,
          1.849316
        ],
        [
          0.0,
          0.0,
          0.0,
          1.0
        ]
      ]
    },
    {
      "file_path": "/media/NFS/ttao/scannet/posed_images/scene0466_01/00064.jpg",
      "transform_matrix": [
        [
          0.564607,
          0.223873,
          -0.794418,
          8.266233
        ],
        [
          0.822511,
          -0.232516,
          0.519049,
          4.992625
        ],
        [
          -0.068513,
          -0.946476,
          -0.315418,
          1.851344
        ],
        [
          0.0,
          0.0,
          0.0,
          1.0
        ]
      ]
    },
    {
      "file_path": "/media/NFS/ttao/scannet/posed_images/scene0466_01/00065.jpg",
      "transform_matrix": [
        [
          0.555278,
          0.22569,
          -0.800457,
          8.261967
        ],
        [
          0.828764,
          -0.230477,
          0.509931,
          4.985342
        ],
        [
          -0.0694,
          -0.946543,
          -0.315023,
          1.846547
        ],
        [
          0.0,
          0.0,
          0.0,
          1.0
        ]
      ]
    },
    {
      "file_path": "/media/NFS/ttao/scannet/posed_images/scene0466_01/00069.jpg",
      "transform_matrix": [
        [
          0.501096,
          0.252283,
          -0.827802,
          8.227285
        ],
        [
          0.862947,
          -0.217529,
          0.456075,
          4.956107
        ],
        [
          -0.06501,
          -0.942886,
          -0.32671,
          1.851704
        ],
        [
          0.0,
          0.0,
          0.0,
          1.0
        ]
      ]
    },
    {
      "file_path": "/media/NFS/ttao/scannet/posed_images/scene0466_01/00071.jpg",
      "transform_matrix": [
        [
          0.478693,
          0.259829,
          -0.838655,
          8.210109
        ],
        [
          0.875356,
          -0.215063,
          0.433012,
          4.951178
        ],
        [
          -0.067855,
          -0.941402,
          -0.330392,
          1.86026
        ],
        [
          0.0,
          0.0,
          0.0,
          1.0
        ]
      ]
    },
    {
      "file_path": "/media/NFS/ttao/scannet/posed_images/scene0466_01/00075.jpg",
      "transform_matrix": [
        [
          0.445573,
          0.271375,
          -0.853123,
          8.17302
        ],
        [
          0.89248,
          -0.209492,
          0.39949,
          4.924038
        ],
        [
          -0.070311,
          -0.939398,
          -0.335541,
          1.864435
        ],
        [
          0.0,
          0.0,
          0.0,
          1.0
        ]
      ]
    },
    {
      "file_path": "/media/NFS/ttao/scannet/posed_images/scene0466_01/00078.jpg",
      "transform_matrix": [
        [
          0.425425,
          0.27878,
          -0.860985,
          8.141606
        ],
        [
          0.902473,
          -0.201636,
          0.380637,
          4.903542
        ],
        [
          -0.067491,
          -0.938949,
          -0.337373,
          1.870765
        ],
        [
          0.0,
          0.0,
          0.0,
          1.0
        ]
      ]
    },
    {
      "file_path": "/media/NFS/ttao/scannet/posed_images/scene0466_01/00079.jpg",
      "transform_matrix": [
        [
          0.422581,
          0.280985,
          -0.861669,
          8.131265
        ],
        [
          0.904011,
          -0.198582,
          0.37859,
          4.894357
        ],
        [
          -0.064734,
          -0.938942,
          -0.337931,
          1.870475
        ],
        [
          0.0,
          0.0,
          0.0,
          1.0
        ]
      ]
    },
    {
      "file_path": "/media/NFS/ttao/scannet/posed_images/scene0466_01/00082.jpg",
      "transform_matrix": [
        [
          0.390158,
          0.285948,
          -0.87522,
          8.451549
        ],
        [
          0.919138,
          -0.177141,
          0.351861,
          5.225998
        ],
        [
          -0.054423,
          -0.94173,
          -0.331939,
          1.813195
        ],
        [
          0.0,
          0.0,
          0.0,
          1.0
        ]
      ]
    },
    {
      "file_path": "/media/NFS/ttao/scannet/posed_images/scene0466_01/00085.jpg",
      "transform_matrix": [
        [
          0.365996,
          0.297261,
          -0.881863,
          8.412596
        ],
        [
          0.929523,
          -0.162693,
          0.330935,
          5.186737
        ],
        [
          -0.045098,
          -0.940833,
          -0.335856,
          1.813217
        ],
        [
          0.0,
          0.0,
          0.0,
          1.0
        ]
      ]
    },
    {
      "file_path": "/media/NFS/ttao/scannet/posed_images/scene0466_01/00089.jpg",
      "transform_matrix": [
        [
          0.337155,
          0.314783,
          -0.887264,
          8.366657
        ],
        [
          0.940732,
          -0.149427,
          0.304459,
          5.143863
        ],
        [
          -0.036743,
          -0.937328,
          -0.346507,
          1.821841
        ],
        [
          0.0,
          0.0,
          0.0,
          1.0
        ]
      ]
    },
    {
      "file_path": "/media/NFS/ttao/scannet/posed_images/scene0466_01/00092.jpg",
      "transform_matrix": [
        [
          0.319805,
          0.314783,
          -0.893665,
          8.327987
        ],
        [
          0.946717,
          -0.144084,
          0.288039,
          5.109111
        ],
        [
          -0.038093,
          -0.938164,
          -0.344089,
          1.825888
        ],
        [
          0.0,
          0.0,
          0.0,
          1.0
        ]
      ]
    },
    {
      "file_path": "/media/NFS/ttao/scannet/posed_images/scene0466_01/00093.jpg",
      "transform_matrix": [
        [
          0.313782,
          0.317256,
          -0.894924,
          8.319126
        ],
        [
          0.948792,
          -0.141034,
          0.282672,
          5.100707
        ],
        [
          -0.036535,
          -0.937794,
          -0.345264,
          1.82639
        ],
        [
          0.0,
          0.0,
          0.0,
          1.0
        ]
      ]
    },
    {
      "file_path": "/media/NFS/ttao/scannet/posed_images/scene0466_01/00096.jpg",
      "transform_matrix": [
        [
          0.294785,
          0.318056,
          -0.901078,
          8.289965
        ],
        [
          0.954724,
          -0.137546,
          0.263785,
          5.070682
        ],
        [
          -0.040042,
          -0.938041,
          -0.344203,
          1.830243
        ],
        [
          0.0,
          0.0,
          0.0,
          1.0
        ]
      ]
    },
    {
      "file_path": "/media/NFS/ttao/scannet/posed_images/scene0466_01/00100.jpg",
      "transform_matrix": [
        [
          0.272606,
          0.330582,
          -0.903549,
          8.246562
        ],
        [
          0.961673,
          -0.12244,
          0.245345,
          5.020001
        ],
        [
          -0.029524,
          -0.935801,
          -0.35129,
          1.835844
        ],
        [
          0.0,
          0.0,
          0.0,
          1.0
        ]
      ]
    },
    {
      "file_path": "/media/NFS/ttao/scannet/posed_images/scene0466_01/00102.jpg",
      "transform_matrix": [
        [
          0.244099,
          0.34271,
          -0.907175,
          8.218976
        ],
        [
          0.969553,
          -0.105136,
          0.221166,
          4.992491
        ],
        [
          -0.019581,
          -0.93354,
          -0.357939,
          1.839297
        ],
        [
          0.0,
          0.0,
          0.0,
          1.0
        ]
      ]
    },
    {
      "file_path": "/media/NFS/ttao/scannet/posed_images/scene0466_01/00105.jpg",
      "transform_matrix": [
        [
          0.210869,
          0.348179,
          -0.913404,
          8.196666
        ],
        [
          0.977386,
          -0.090258,
          0.191235,
          4.974123
        ],
        [
          -0.015858,
          -0.933073,
          -0.359338,
          1.841872
        ],
        [
          0.0,
          0.0,
          0.0,
          1.0
        ]
      ]
    },
    {
      "file_path": "/media/NFS/ttao/scannet/posed_images/scene0466_01/00108.jpg",
      "transform_matrix": [
        [
          0.180562,
          0.353935,
          -0.917675,
          8.172154
        ],
        [
          0.983505,
          -0.075137,
          0.164536,
          4.956718
        ],
        [
          -0.010717,
          -0.932247,
          -0.361664,
          1.845314
        ],
        [
          0.0,
          0.0,
          0.0,
          1.0
        ]
      ]
    },
    {
      "file_path": "/media/NFS/ttao/scannet/posed_images/scene0466_01/00111.jpg",
      "transform_matrix": [
        [
          0.164047,
          0.359015,
          -0.918802,
          8.142156
        ],
        [
          0.986443,
          -0.06383,
          0.151183,
          4.928777
        ],
        [
          -0.00437,
          -0.931147,
          -0.364619,
          1.85374
        ],
        [
          0.0,
          0.0,
          0.0,
          1.0
        ]
      ]
    },
    {
      "file_path": "/media/NFS/ttao/scannet/posed_images/scene0466_01/00115.jpg",
      "transform_matrix": [
        [
          0.108086,
          0.360094,
          -0.926634,
          8.090104
        ],
        [
          0.994127,
          -0.044166,
          0.098796,
          4.903741
        ],
        [
          -0.00535,
          -0.93187,
          -0.362753,
          1.861758
        ],
        [
          0.0,
          0.0,
          0.0,
          1.0
        ]
      ]
    },
    {
      "file_path": "/media/NFS/ttao/scannet/posed_images/scene0466_01/00116.jpg",
      "transform_matrix": [
        [
          0.095728,
          0.36214,
          -0.927195,
          8.077103
        ],
        [
          0.995395,
          -0.039584,
          0.087308,
          4.906834
        ],
        [
          -0.005084,
          -0.931283,
          -0.364262,
          1.865255
        ],
        [
          0.0,
          0.0,
          0.0,
          1.0
        ]
      ]
    },
    {
      "file_path": "/media/NFS/ttao/scannet/posed_images/scene0466_01/00119.jpg",
      "transform_matrix": [
        [
          0.053803,
          0.350863,
          -0.93488,
          8.018183
        ],
        [
          0.998477,
          -0.030337,
          0.046077,
          4.889348
        ],
        [
          -0.012195,
          -0.935935,
          -0.351961,
          1.877783
        ],
        [
          0.0,
          0.0,
          0.0,
          1.0
        ]
      ]
    },
    {
      "file_path": "/media/NFS/ttao/scannet/posed_images/scene0466_01/00121.jpg",
      "transform_matrix": [
        [
          0.031603,
          0.35514,
          -0.934279,
          7.991405
        ],
        [
          0.999495,
          -0.014449,
          0.028316,
          4.887651
        ],
        [
          -0.003444,
          -0.934702,
          -0.355417,
          1.874963
        ],
        [
          0.0,
          0.0,
          0.0,
          1.0
        ]
      ]
    },
    {
      "file_path": "/media/NFS/ttao/scannet/posed_images/scene0466_01/00125.jpg",
      "transform_matrix": [
        [
          -0.01919,
          0.338321,
          -0.940835,
          7.936327
        ],
        [
          0.999814,
          0.004584,
          -0.018744,
          4.869356
        ],
        [
          -0.002029,
          -0.94102,
          -0.338346,
          1.889695
        ],
        [
          0.0,
          0.0,
          0.0,
          1.0
        ]
      ]
    },
    {
      "file_path": "/media/NFS/ttao/scannet/posed_images/scene0466_01/00129.jpg",
      "transform_matrix": [
        [
          -0.087582,
          0.346551,
          -0.933933,
          7.886102
        ],
        [
          0.996134,
          0.02402,
          -0.084502,
          4.835054
        ],
        [
          -0.006852,
          -0.937723,
          -0.347315,
          1.895263
        ],
        [
          0.0,
          0.0,
          0.0,
          1.0
        ]
      ]
    },
    {
      "file_path": "/media/NFS/ttao/scannet/posed_images/scene0466_01/00131.jpg",
      "transform_matrix": [
        [
          -0.116186,
          0.350403,
          -0.929365,
          7.854041
        ],
        [
          0.993212,
          0.035753,
          -0.110688,
          4.832887
        ],
        [
          -0.005558,
          -0.935917,
          -0.352178,
          1.904586
        ],
        [
          0.0,
          0.0,
          0.0,
          1.0
        ]
      ]
    },
    {
      "file_path": "/media/NFS/ttao/scannet/posed_images/scene0466_01/00134.jpg",
      "transform_matrix": [
        [
          -0.157234,
          0.345388,
          -0.925194,
          7.806056
        ],
        [
          0.987561,
          0.054644,
          -0.147433,
          4.808014
        ],
        [
          -0.000365,
          -0.936868,
          -0.349684,
          1.913102
        ],
        [
          0.0,
          0.0,
          0.0,
          1.0
        ]
      ]
    },
    {
      "file_path": "/media/NFS/ttao/scannet/posed_images/scene0466_01/00136.jpg",
      "transform_matrix": [
        [
          -0.17287,
          0.348468,
          -0.921241,
          7.780699
        ],
        [
          0.984936,
          0.065136,
          -0.160184,
          4.790893
        ],
        [
          0.004187,
          -0.935055,
          -0.354479,
          1.913407
        ],
        [
          0.0,
          0.0,
          0.0,
          1.0
        ]
      ]
    },
    {
      "file_path": "/media/NFS/ttao/scannet/posed_images/scene0466_01/00138.jpg",
      "transform_matrix": [
        [
          -0.186795,
          0.352308,
          -0.917053,
          7.750928
        ],
        [
          0.982371,
          0.074071,
          -0.171643,
          4.770554
        ],
        [
          0.007456,
          -0.932948,
          -0.359933,
          1.915233
        ],
        [
          0.0,
          0.0,
          0.0,
          1.0
        ]
      ]
    },
    {
      "file_path": "/media/NFS/ttao/scannet/posed_images/scene0466_01/00142.jpg",
      "transform_matrix": [
        [
          -0.214901,
          0.346361,
          -0.913155,
          7.688458
        ],
        [
          0.976587,
          0.08557,
          -0.197372,
          4.728502
        ],
        [
          0.009777,
          -0.934191,
          -0.35664,
          1.925266
        ],
        [
          0.0,
          0.0,
          0.0,
          1.0
        ]
      ]
    },
    {
      "file_path": "/media/NFS/ttao/scannet/posed_images/scene0466_01/00145.jpg",
      "transform_matrix": [
        [
          -0.231248,
          0.334228,
          -0.913683,
          7.636733
        ],
        [
          0.972665,
          0.099844,
          -0.209652,
          4.662782
        ],
        [
          0.021154,
          -0.937189,
          -0.348181,
          1.932977
        ],
        [
          0.0,
          0.0,
          0.0,
          1.0
        ]
      ]
    },
    {
      "file_path": "/media/NFS/ttao/scannet/posed_images/scene0466_01/00147.jpg",
      "transform_matrix": [
        [
          -0.261606,
          0.323884,
          -0.90921,
          7.611952
        ],
        [
          0.964852,
          0.112118,
          -0.237676,
          4.63526
        ],
        [
          0.02496,
          -0.93943,
          -0.341831,
          1.934741
        ],
        [
          0.0,
          0.0,
          0.0,
          1.0
        ]
      ]
    },
    {
      "file_path": "/media/NFS/ttao/scannet/posed_images/scene0466_01/00152.jpg",
      "transform_matrix": [
        [
          -0.328989,
          0.306613,
          -0.893171,
          7.536227
        ],
        [
          0.944178,
          0.123981,
          -0.305216,
          4.585127
        ],
        [
          0.017153,
          -0.943725,
          -0.330286,
          1.964805
        ],
        [
          0.0,
          0.0,
          0.0,
          1.0
        ]
      ]
    },
    {
      "file_path": "/media/NFS/ttao/scannet/posed_images/scene0466_01/00153.jpg",
      "transform_matrix": [
        [
          -0.339286,
          0.303436,
          -0.8904,
          7.525316
        ],
        [
          0.94048,
          0.129101,
          -0.314373,
          4.582416
        ],
        [
          0.01956,
          -0.944065,
          -0.329178,
          1.963227
        ],
        [
          0.0,
          0.0,
          0.0,
          1.0
        ]
      ]
    },
    {
      "file_path": "/media/NFS/ttao/scannet/posed_images/scene0466_01/00157.jpg",
      "transform_matrix": [
        [
          -0.374084,
          0.308479,
          -0.874587,
          7.472482
        ],
        [
          0.927065,
          0.149552,
          -0.343781,
          4.542322
        ],
        [
          0.024747,
          -0.939402,
          -0.341925,
          1.972943
        ],
        [
          0.0,
          0.0,
          0.0,
          1.0
        ]
      ]
    },
    {
      "file_path": "/media/NFS/ttao/scannet/posed_images/scene0466_01/00160.jpg",
      "transform_matrix": [
        [
          -0.399975,
          0.299966,
          -0.866049,
          7.418946
        ],
        [
          0.91601,
          0.162532,
          -0.366755,
          4.505069
        ],
        [
          0.030746,
          -0.940002,
          -0.339781,
          1.975194
        ],
        [
          0.0,
          0.0,
          0.0,
          1.0
        ]
      ]
    },
    {
      "file_path": "/media/NFS/ttao/scannet/posed_images/scene0466_01/00161.jpg",
      "transform_matrix": [
        [
          -0.408263,
          0.298576,
          -0.862655,
          7.404702
        ],
        [
          0.912325,
          0.165938,
          -0.374337,
          4.502614
        ],
        [
          0.031379,
          -0.93985,
          -0.340145,
          1.970838
        ],
        [
          0.0,
          0.0,
          0.0,
          1.0
        ]
      ]
    },
    {
      "file_path": "/media/NFS/ttao/scannet/posed_images/scene0466_01/00164.jpg",
      "transform_matrix": [
        [
          -0.442031,
          0.294941,
          -0.847124,
          7.36155
        ],
        [
          0.896523,
          0.176053,
          -0.406512,
          4.478609
        ],
        [
          0.029242,
          -0.939157,
          -0.342242,
          1.976719
        ],
        [
          0.0,
          0.0,
          0.0,
          1.0
        ]
      ]
    },
    {
      "file_path": "/media/NFS/ttao/scannet/posed_images/scene0466_01/00168.jpg",
      "transform_matrix": [
        [
          -0.500117,
          0.280478,
          -0.819278,
          7.302627
        ],
        [
          0.86544,
          0.194603,
          -0.461674,
          4.443109
        ],
        [
          0.029945,
          -0.939927,
          -0.340062,
          1.976204
        ],
        [
          0.0,
          0.0,
          0.0,
          1.0
        ]
      ]
    },
    {
      "file_path": "/media/NFS/ttao/scannet/posed_images/scene0466_01/00170.jpg",
      "transform_matrix": [
        [
          -0.540287,
          0.270998,
          -0.796649,
          7.263784
        ],
        [
          0.840637,
          0.216215,
          -0.496569,
          4.453606
        ],
        [
          0.037678,
          -0.937983,
          -0.344629,
          1.982756
        ],
        [
          0.0,
          0.0,
          0.0,
          1.0
        ]
      ]
    },
    {
      "file_path": "/media/NFS/ttao/scannet/posed_images/scene0466_01/00174.jpg",
      "transform_matrix": [
        [
          -0.601978,
          0.259232,
          -0.755262,
          7.216278
        ],
        [
          0.797609,
          0.240187,
          -0.55329,
          4.420169
        ],
        [
          0.037973,
          -0.935473,
          -0.351353,
          1.988322
        ],
        [
          0.0,
          0.0,
          0.0,
          1.0
        ]
      ]
    },
    {
      "file_path": "/media/NFS/ttao/scannet/posed_images/scene0466_01/00175.jpg",
      "transform_matrix": [
        [
          -0.614441,
          0.258007,
          -0.745584,
          7.206298
        ],
        [
          0.788013,
          0.247052,
          -0.563915,
          4.409015
        ],
        [
          0.038704,
          -0.934023,
          -0.355111,
          1.989693
        ],
        [
          0.0,
          0.0,
          0.0,
          1.0
        ]
      ]
    },
    {
      "file_path": "/media/NFS/ttao/scannet/posed_images/scene0466_01/00180.jpg",
      "transform_matrix": [
        [
          -0.674198,
          0.260566,
          -0.691059,
          7.14365
        ],
        [
          0.738197,
          0.266717,
          -0.619618,
          4.374411
        ],
        [
          0.022866,
          -0.927883,
          -0.372169,
          2.014007
        ],
        [
          0.0,
          0.0,
          0.0,
          1.0
        ]
      ]
    },
    {
      "file_path": "/media/NFS/ttao/scannet/posed_images/scene0466_01/00182.jpg",
      "transform_matrix": [
        [
          -0.689895,
          0.251775,
          -0.678715,
          7.12497
        ],
        [
          0.723453,
          0.273083,
          -0.634067,
          4.367527
        ],
        [
          0.025704,
          -0.928458,
          -0.370546,
          2.006841
        ],
        [
          0.0,
          0.0,
          0.0,
          1.0
        ]
      ]
    },
    {
      "file_path": "/media/NFS/ttao/scannet/posed_images/scene0466_01/00185.jpg",
      "transform_matrix": [
        [
          -0.717829,
          0.24669,
          -0.65105,
          7.089123
        ],
        [
          0.695754,
          0.288381,
          -0.657847,
          4.322318
        ],
        [
          0.025466,
          -0.925192,
          -0.378644,
          2.008414
        ],
        [
          0.0,
          0.0,
          0.0,
          1.0
        ]
      ]
    },
    {
      "file_path": "/media/NFS/ttao/scannet/posed_images/scene0466_01/00187.jpg",
      "transform_matrix": [
        [
          -0.721799,
          0.249705,
          -0.645488,
          7.072756
        ],
        [
          0.691585,
          0.296317,
          -0.658716,
          4.286289
        ],
        [
          0.026784,
          -0.92187,
          -0.386573,
          2.009694
        ],
        [
          0.0,
          0.0,
          0.0,
          1.0
        ]
      ]
    },
    {
      "file_path": "/media/NFS/ttao/scannet/posed_images/scene0466_01/00189.jpg",
      "transform_matrix": [
        [
          -0.731113,
          0.251914,
          -0.634045,
          7.049661
        ],
        [
          0.681947,
          0.2978,
          -0.66803,
          4.262087
        ],
        [
          0.020533,
          -0.920791,
          -0.389517,
          2.009907
        ],
        [
          0.0,
          0.0,
          0.0,
          1.0
        ]
      ]
    },
    {
      "file_path": "/media/NFS/ttao/scannet/posed_images/scene0466_01/00192.jpg",
      "transform_matrix": [
        [
          -0.735745,
          0.253014,
          -0.628223,
          7.00411
        ],
        [
          0.676974,
          0.301655,
          -0.67135,
          4.20982
        ],
        [
          0.019646,
          -0.919233,
          -0.393225,
          2.026823
        ],
        [
          0.0,
          0.0,
          0.0,
          1.0
        ]
      ]
    },
    {
      "file_path": "/media/NFS/ttao/scannet/posed_images/scene0466_01/00197.jpg",
      "transform_matrix": [
        [
          -0.736309,
          0.225497,
          -0.637966,
          6.945496
        ],
        [
          0.675898,
          0.289412,
          -0.677792,
          4.141769
        ],
        [
          0.031795,
          -0.930264,
          -0.36551,
          2.033495
        ],
        [
          0.0,
          0.0,
          0.0,
          1.0
        ]
      ]
    },
    {
      "file_path": "/media/NFS/ttao/scannet/posed_images/scene0466_01/00198.jpg",
      "transform_matrix": [
        [
          -0.73115,
          0.225551,
          -0.643853,
          6.935315
        ],
        [
          0.68123,
          0.292109,
          -0.671266,
          4.126871
        ],
        [
          0.036671,
          -0.929408,
          -0.367228,
          2.036391
        ],
        [
          0.0,
          0.0,
          0.0,
          1.0
        ]
      ]
    },
    {
      "file_path": "/media/NFS/ttao/scannet/posed_images/scene0466_01/00203.jpg",
      "transform_matrix": [
        [
          -0.708771,
          0.21698,
          -0.67124,
          6.876925
        ],
        [
          0.704628,
          0.263358,
          -0.658894,
          4.060913
        ],
        [
          0.033809,
          -0.93998,
          -0.339551,
          2.06146
        ],
        [
          0.0,
          0.0,
          0.0,
          1.0
        ]
      ]
    },
    {
      "file_path": "/media/NFS/ttao/scannet/posed_images/scene0466_01/00205.jpg",
      "transform_matrix": [
        [
          -0.701568,
          0.220773,
          -0.67754,
          6.855696
        ],
        [
          0.712004,
          0.256122,
          -0.653798,
          4.028226
        ],
        [
          0.029192,
          -0.941096,
          -0.336879,
          2.064628
        ],
        [
          0.0,
          0.0,
          0.0,
          1.0
        ]
      ]
    },
    {
      "file_path": "/media/NFS/ttao/scannet/posed_images/scene0466_01/00208.jpg",
      "transform_matrix": [
        [
          -0.703811,
          0.220715,
          -0.675229,
          6.804765
        ],
        [
          0.709565,
          0.264126,
          -0.653264,
          3.986258
        ],
        [
          0.03416,
          -0.938894,
          -0.342507,
          2.069136
        ],
        [
          0.0,
          0.0,
          0.0,
          1.0
        ]
      ]
    },
    {
      "file_path": "/media/NFS/ttao/scannet/posed_images/scene0466_01/00211.jpg",
      "transform_matrix": [
        [
          -0.698873,
          0.222452,
          -0.679773,
          6.770057
        ],
        [
          0.714277,
          0.26652,
          -0.647129,
          3.958931
        ],
        [
          0.037219,
          -0.937807,
          -0.345156,
          2.065907
        ],
        [
          0.0,
          0.0,
          0.0,
          1.0
        ]
      ]
    },
    {
      "file_path": "/media/NFS/ttao/scannet/posed_images/scene0466_01/00213.jpg",
      "transform_matrix": [
        [
          -0.697532,
          0.224805,
          -0.680376,
          6.737963
        ],
        [
          0.715558,
          0.268575,
          -0.64486,
          3.939889
        ],
        [
          0.037764,
          -0.936659,
          -0.348201,
          2.065115
        ],
        [
          0.0,
          0.0,
          0.0,
          1.0
        ]
      ]
    },
    {
      "file_path": "/media/NFS/ttao/scannet/posed_images/scene0466_01/00215.jpg",
      "transform_matrix": [
        [
          -0.694999,
          0.228254,
          -0.681818,
          6.71188
        ],
        [
          0.718253,
          0.263933,
          -0.64378,
          3.92327
        ],
        [
          0.033009,
          -0.937144,
          -0.347377,
          2.062354
        ],
        [
          0.0,
          0.0,
          0.0,
          1.0
        ]
      ]
    },
    {
      "file_path": "/media/NFS/ttao/scannet/posed_images/scene0466_01/00220.jpg",
      "transform_matrix": [
        [
          -0.685836,
          0.237085,
          -0.688055,
          6.625986
        ],
        [
          0.726093,
          0.2868,
          -0.624928,
          3.877014
        ],
        [
          0.049173,
          -0.92819,
          -0.368844,
          2.056275
        ],
        [
