{
  "frames": [
    {
      "file_path": "/media/NFS/ttao/scannet/posed_images/scene0160_01/00000.jpg",
      "transform_matrix": [
        [
          0.292775,
          -0.49898,
          0.81566,
          4.024091
        ],
        [
          -0.956139,
          -0.160829,
          0.244812,
          5.647612
        ],
        [
          0.009025,
          -0.851559,
          -0.524181,
          1.324832
        ],
        [
          0.0,
          0.0,
          0.0,
          1.0
        ]
      ]
    },
    {
      "file_path": "/media/NFS/ttao/scannet/posed_images/scene0160_01/00003.jpg",
      "transform_matrix": [
        [
          0.258631,
          -0.503879,
          0.824146,
          4.036385
        ],
        [
          -0.965709,
          -0.154941,
          0.208325,
          5.656703
        ],
        [
          0.022723,
          -0.849764,
          -0.526673,
          1.316257
        ],
        [
          0.0,
          0.0,
          0.0,
          1.0
        ]
      ]
    },
    {
      "file_path": "/media/NFS/ttao/scannet/posed_images/scene0160_01/00006.jpg",
      "transform_matrix": [
        [
          0.225535,
          -0.510742,
          0.829624,
          4.046981
        ],
        [
          -0.973487,
          -0.151509,
          0.171371,
          5.671778
        ],
        [
          0.038169,
          -0.846279,
          -0.531371,
          1.311098
        ],
        [
          0.0,
          0.0,
          0.0,
          1.0
        ]
      ]
    },
    {
      "file_path": "/media/NFS/ttao/scannet/posed_images/scene0160_01/00010.jpg",
      "transform_matrix": [
        [
          0.173349,
          -0.509425,
          0.842874,
          4.069999
        ],
        [
          -0.984228,
          -0.120263,
          0.129735,
          5.712284
        ],
        [
          0.035276,
          -0.85207,
          -0.522238,
          1.327658
        ],
        [
          0.0,
          0.0,
          0.0,
          1.0
        ]
      ]
    },
    {
      "file_path": "/media/NFS/ttao/scannet/posed_images/scene0160_01/00012.jpg",
      "transform_matrix": [
        [
          0.116183,
          -0.502988,
          0.856449,
          4.073185
        ],
        [
          -0.992559,
          -0.09043,
          0.081538,
          5.746558
        ],
        [
          0.036436,
          -0.85955,
          -0.509752,
          1.324385
        ],
        [
          0.0,
          0.0,
          0.0,
          1.0
        ]
      ]
    },
    {
      "file_path": "/media/NFS/ttao/scannet/posed_images/scene0160_01/00017.jpg",
      "transform_matrix": [
        [
          0.016194,
          -0.52049,
          0.853714,
          4.075245
        ],
        [
          -0.999344,
          -0.036089,
          -0.003047,
          5.827808
        ],
        [
          0.032396,
          -0.853105,
          -0.520733,
          1.329835
        ],
        [
          0.0,
          0.0,
          0.0,
          1.0
        ]
      ]
    },
    {
      "file_path": "/media/NFS/ttao/scannet/posed_images/scene0160_01/00020.jpg",
      "transform_matrix": [
        [
          0.00233,
          -0.521102,
          0.853491,
          4.082698
        ],
        [
          -0.999463,
          -0.029101,
          -0.01504,
          5.825078
        ],
        [
          0.032675,
          -0.852998,
          -0.52089,
          1.33856
        ],
        [
          0.0,
          0.0,
          0.0,
          1.0
        ]
      ]
    },
    {
      "file_path": "/media/NFS/ttao/scannet/posed_images/scene0160_01/00023.jpg",
      "transform_matrix": [
        [
          -0.046569,
          -0.512265,
          0.857564,
          4.067287
        ],
        [
          -0.997854,
          -0.015693,
          -0.063562,
          5.860852
        ],
        [
          0.046018,
          -0.858684,
          -0.510436,
          1.340305
        ],
        [
          0.0,
          0.0,
          0.0,
          1.0
        ]
      ]
    },
    {
      "file_path": "/media/NFS/ttao/scannet/posed_images/scene0160_01/00024.jpg",
      "transform_matrix": [
        [
          -0.059608,
          -0.505043,
          0.861033,
          4.06056
        ],
        [
          -0.997003,
          -0.012482,
          -0.076342,
          5.870061
        ],
        [
          0.049303,
          -0.863004,
          -0.502786,
          1.337489
        ],
        [
          0.0,
          0.0,
          0.0,
          1.0
        ]
      ]
    },
    {
      "file_path": "/media/NFS/ttao/scannet/posed_images/scene0160_01/00028.jpg",
      "transform_matrix": [
        [
          -0.113817,
          -0.492127,
          0.863051,
          4.029593
        ],
        [
          -0.992076,
          0.009784,
          -0.125254,
          5.898215
        ],
        [
          0.053197,
          -0.870468,
          -0.489341,
          1.330927
        ],
        [
          0.0,
          0.0,
          0.0,
          1.0
        ]
      ]
    },
    {
      "file_path": "/media/NFS/ttao/scannet/posed_images/scene0160_01/00030.jpg",
      "transform_matrix": [
        [
          -0.146234,
          -0.488678,
          0.860121,
          4.019382
        ],
        [
          -0.988087,
          0.030007,
          -0.150942,
          5.903303
        ],
        [
          0.047953,
          -0.871948,
          -0.487245,
          1.328013
        ],
        [
          0.0,
          0.0,
          0.0,
          1.0
        ]
      ]
    },
    {
      "file_path": "/media/NFS/ttao/scannet/posed_images/scene0160_01/00033.jpg",
      "transform_matrix": [
        [
          -0.204443,
          -0.489516,
          0.847689,
          3.993526
        ],
        [
          -0.977896,
          0.063357,
          -0.199259,
          5.922518
        ],
        [
          0.043834,
          -0.869689,
          -0.491649,
          1.314806
        ],
        [
          0.0,
          0.0,
          0.0,
          1.0
        ]
      ]
    },
    {
      "file_path": "/media/NFS/ttao/scannet/posed_images/scene0160_01/00038.jpg",
      "transform_matrix": [
        [
          -0.300622,
          -0.503743,
          0.809857,
          3.952442
        ],
        [
          -0.953693,
          0.150093,
          -0.260655,
          5.957884
        ],
        [
          0.00975,
          -0.850714,
          -0.525538,
          1.29862
        ],
        [
          0.0,
          0.0,
          0.0,
          1.0
        ]
      ]
    },
    {
      "file_path": "/media/NFS/ttao/scannet/posed_images/scene0160_01/00039.jpg",
      "transform_matrix": [
        [
          -0.317007,
          -0.506049,
          0.802135,
          3.945251
        ],
        [
          -0.948388,
          0.161859,
          -0.272693,
          5.96171
        ],
        [
          0.008163,
          -0.847181,
          -0.531242,
          1.295805
        ],
        [
          0.0,
          0.0,
          0.0,
          1.0
        ]
      ]
    },
    {
      "file_path": "/media/NFS/ttao/scannet/posed_images/scene0160_01/00044.jpg",
      "transform_matrix": [
        [
          -0.38639,
          -0.527225,
          0.756794,
          3.929875
        ],
        [
          -0.92233,
          0.22353,
          -0.315184,
          5.97857
        ],
        [
          -0.002993,
          -0.819798,
          -0.572645,
          1.294748
        ],
        [
          0.0,
          0.0,
          0.0,
          1.0
        ]
      ]
    },
    {
      "file_path": "/media/NFS/ttao/scannet/posed_images/scene0160_01/00047.jpg",
      "transform_matrix": [
        [
          -0.410032,
          -0.52322,
          0.747071,
          3.926513
        ],
        [
          -0.912054,
          0.240296,
          -0.332289,
          5.989966
        ],
        [
          -0.005658,
          -0.817618,
          -0.575734,
          1.301055
        ],
        [
          0.0,
          0.0,
          0.0,
          1.0
        ]
      ]
    },
    {
      "file_path": "/media/NFS/ttao/scannet/posed_images/scene0160_01/00048.jpg",
      "transform_matrix": [
        [
          -0.419947,
          -0.521595,
          0.742687,
          3.927263
        ],
        [
          -0.907538,
          0.245325,
          -0.340867,
          5.993625
        ],
        [
          -0.004405,
          -0.817162,
          -0.576391,
          1.303377
        ],
        [
          0.0,
          0.0,
          0.0,
          1.0
        ]
      ]
    },
    {
      "file_path": "/media/NFS/ttao/scannet/posed_images/scene0160_01/00054.jpg",
      "transform_matrix": [
        [
          -0.484401,
          -0.51076,
          0.710267,
          3.956771
        ],
        [
          -0.874672,
          0.266584,
          -0.404822,
          6.019328
        ],
        [
          0.017421,
          -0.817348,
          -0.575881,
          1.300282
        ],
        [
          0.0,
          0.0,
          0.0,
          1.0
        ]
      ]
    },
    {
      "file_path": "/media/NFS/ttao/scannet/posed_images/scene0160_01/00055.jpg",
      "transform_matrix": [
        [
          -0.496667,
          -0.510046,
          0.702264,
          3.966078
        ],
        [
          -0.867666,
          0.271393,
          -0.416535,
          6.023275
        ],
        [
          0.021862,
          -0.81621,
          -0.577342,
          1.300462
        ],
        [
          0.0,
          0.0,
          0.0,
          1.0
        ]
      ]
    },
    {
      "file_path": "/media/NFS/ttao/scannet/posed_images/scene0160_01/00058.jpg",
      "transform_matrix": [
        [
          -0.544466,
          -0.491486,
          0.679704,
          4.003734
        ],
        [
          -0.838245,
          0.289813,
          -0.461902,
          6.041475
        ],
        [
          0.030031,
          -0.821249,
          -0.56978,
          1.306225
        ],
        [
          0.0,
          0.0,
          0.0,
          1.0
        ]
      ]
    },
    {
      "file_path": "/media/NFS/ttao/scannet/posed_images/scene0160_01/00063.jpg",
      "transform_matrix": [
        [
          -0.6383,
          -0.424235,
          0.642337,
          4.066681
        ],
        [
          -0.769515,
          0.329444,
          -0.547095,
          6.08777
        ],
        [
          0.020483,
          -0.843499,
          -0.53674,
          1.311315
        ],
        [
          0.0,
          0.0,
          0.0,
          1.0
        ]
      ]
    },
    {
      "file_path": "/media/NFS/ttao/scannet/posed_images/scene0160_01/00066.jpg",
      "transform_matrix": [
        [
          -0.668162,
          -0.403745,
          0.62494,
          4.109237
        ],
        [
          -0.743958,
          0.352043,
          -0.567972,
          6.117942
        ],
        [
          0.00931,
          -0.844426,
          -0.535591,
          1.325602
        ],
        [
          0.0,
          0.0,
          0.0,
          1.0
        ]
      ]
    },
    {
      "file_path": "/media/NFS/ttao/scannet/posed_images/scene0160_01/00067.jpg",
      "transform_matrix": [
        [
          -0.672927,
          -0.396423,
          0.624514,
          4.119134
        ],
        [
          -0.739705,
          0.357789,
          -0.569933,
          6.122696
        ],
        [
          0.00249,
          -0.845479,
          -0.534003,
          1.331678
        ],
        [
          0.0,
          0.0,
          0.0,
          1.0
        ]
      ]
    },
    {
      "file_path": "/media/NFS/ttao/scannet/posed_images/scene0160_01/00070.jpg",
      "transform_matrix": [
        [
          -0.698405,
          -0.366055,
          0.615007,
          4.142254
        ],
        [
          -0.715629,
          0.369452,
          -0.592773,
          6.137626
        ],
        [
          -0.010228,
          -0.854113,
          -0.519987,
          1.346971
        ],
        [
          0.0,
          0.0,
          0.0,
          1.0
        ]
      ]
    },
    {
      "file_path": "/media/NFS/ttao/scannet/posed_images/scene0160_01/00074.jpg",
      "transform_matrix": [
        [
          -0.753305,
          -0.343682,
          0.560727,
          4.194225
        ],
        [
          -0.657349,
          0.366763,
          -0.658314,
          6.145538
        ],
        [
          0.020597,
          -0.864504,
          -0.502203,
          1.350248
        ],
        [
          0.0,
          0.0,
          0.0,
          1.0
        ]
      ]
    },
    {
      "file_path": "/media/NFS/ttao/scannet/posed_images/scene0160_01/00078.jpg",
      "transform_matrix": [
        [
          -0.803274,
          -0.309879,
          0.508651,
          4.246473
        ],
        [
          -0.594652,
          0.368834,
          -0.714388,
          6.144548
        ],
        [
          0.033766,
          -0.87632,
          -0.480545,
          1.350431
        ],
        [
          0.0,
          0.0,
          0.0,
          1.0
        ]
      ]
    },
    {
      "file_path": "/media/NFS/ttao/scannet/posed_images/scene0160_01/00079.jpg",
      "transform_matrix": [
        [
          -0.813838,
          -0.299331,
          0.498065,
          4.261005
        ],
        [
          -0.580365,
          0.375827,
          -0.722448,
          6.143596
        ],
        [
          0.029065,
          -0.877015,
          -0.479584,
          1.350689
        ],
        [
          0.0,
          0.0,
          0.0,
          1.0
        ]
      ]
    },
    {
      "file_path": "/media/NFS/ttao/scannet/posed_images/scene0160_01/00082.jpg",
      "transform_matrix": [
        [
          -0.827344,
          -0.259988,
          0.497904,
          4.278981
        ],
        [
          -0.561688,
          0.387572,
          -0.730954,
          6.113727
        ],
        [
          -0.002935,
          -0.884417,
          -0.466688,
          1.357898
        ],
        [
          0.0,
          0.0,
          0.0,
          1.0
        ]
      ]
    },
    {
      "file_path": "/media/NFS/ttao/scannet/posed_images/scene0160_01/00087.jpg",
      "transform_matrix": [
        [
          -0.883571,
          -0.173771,
          0.434863,
          4.349996
        ],
        [
          -0.466562,
          0.406513,
          -0.785536,
          6.090746
        ],
        [
          -0.040275,
          -0.896967,
          -0.440258,
          1.356594
        ],
        [
          0.0,
          0.0,
          0.0,
          1.0
        ]
      ]
    },
    {
      "file_path": "/media/NFS/ttao/scannet/posed_images/scene0160_01/00090.jpg",
      "transform_matrix": [
        [
          -0.904655,
          -0.152394,
          0.397965,
          4.381192
        ],
        [
          -0.422934,
          0.435497,
          -0.79465,
          6.067404
        ],
        [
          -0.052212,
          -0.887197,
          -0.458427,
          1.360241
        ],
        [
          0.0,
          0.0,
          0.0,
          1.0
        ]
      ]
    },
    {
      "file_path": "/media/NFS/ttao/scannet/posed_images/scene0160_01/00091.jpg",
      "transform_matrix": [
        [
          -0.908921,
          -0.14867,
          0.389563,
          4.392937
        ],
        [
          -0.41378,
          0.436897,
          -0.798691,
          6.064217
        ],
        [
          -0.051458,
          -0.88714,
          -0.458622,
          1.35775
        ],
        [
          0.0,
          0.0,
          0.0,
          1.0
        ]
      ]
    },
    {
      "file_path": "/media/NFS/ttao/scannet/posed_images/scene0160_01/00096.jpg",
      "transform_matrix": [
        [
          -0.941675,
          -0.124553,
          0.312625,
          4.464897
        ],
        [
          -0.333135,
          0.47651,
          -0.813608,
          6.053385
        ],
        [
          -0.047632,
          -0.870301,
          -0.490211,
          1.346753
        ],
        [
          0.0,
          0.0,
          0.0,
          1.0
        ]
      ]
    },
    {
      "file_path": "/media/NFS/ttao/scannet/posed_images/scene0160_01/00097.jpg",
      "transform_matrix": [
        [
          -0.947542,
          -0.115711,
          0.297951,
          4.477199
        ],
        [
          -0.315862,
          0.481691,
          -0.817438,
          6.054486
        ],
        [
          -0.048934,
          -0.868668,
          -0.492971,
          1.342685
        ],
        [
          0.0,
          0.0,
          0.0,
          1.0
        ]
      ]
    },
    {
      "file_path": "/media/NFS/ttao/scannet/posed_images/scene0160_01/00100.jpg",
      "transform_matrix": [
        [
          -0.964051,
          -0.081974,
          0.252757,
          4.507072
        ],
        [
          -0.25826,
          0.512832,
          -0.818721,
          6.047659
        ],
        [
          -0.062508,
          -0.854566,
          -0.515567,
          1.331477
        ],
        [
          0.0,
          0.0,
          0.0,
          1.0
        ]
      ]
    },
    {
      "file_path": "/media/NFS/ttao/scannet/posed_images/scene0160_01/00106.jpg",
      "transform_matrix": [
        [
          -0.990781,
          -0.016777,
          0.134433,
          4.625681
        ],
        [
          -0.121234,
          0.552675,
          -0.824532,
          6.083643
        ],
        [
          -0.060465,
          -0.833228,
          -0.549614,
          1.312182
        ],
        [
          0.0,
          0.0,
          0.0,
          1.0
        ]
      ]
    },
    {
      "file_path": "/media/NFS/ttao/scannet/posed_images/scene0160_01/00108.jpg",
      "transform_matrix": [
        [
          -0.99669,
          0.023228,
          0.077912,
          4.682596
        ],
        [
          -0.050875,
          0.56931,
          -0.820547,
          6.109293
        ],
        [
          -0.063415,
          -0.821795,
          -0.566244,
          1.294446
        ],
        [
          0.0,
          0.0,
          0.0,
          1.0
        ]
      ]
    },
    {
      "file_path": "/media/NFS/ttao/scannet/posed_images/scene0160_01/00112.jpg",
      "transform_matrix": [
        [
          -0.996503,
          0.079142,
          0.026784,
          4.727831
        ],
        [
          0.027231,
          0.610695,
          -0.791398,
          6.116857
        ],
        [
          -0.07899,
          -0.787901,
          -0.610714,
          1.304869
        ],
        [
          0.0,
          0.0,
          0.0,
          1.0
        ]
      ]
    },
    {
      "file_path": "/media/NFS/ttao/scannet/posed_images/scene0160_01/00113.jpg",
      "transform_matrix": [
        [
          -0.996118,
          0.086615,
          0.015691,
          4.742954
        ],
        [
          0.040364,
          0.607863,
          -0.793015,
          6.12879
        ],
        [
          -0.078225,
          -0.789304,
          -0.609,
          1.3043
        ],
        [
          0.0,
          0.0,
          0.0,
          1.0
        ]
      ]
    },
    {
      "file_path": "/media/NFS/ttao/scannet/posed_images/scene0160_01/00118.jpg",
      "transform_matrix": [
        [
          -0.996661,
          0.080593,
          -0.013111,
          4.78513
        ],
        [
          0.059773,
          0.61074,
          -0.789571,
          6.184796
        ],
        [
          -0.055626,
          -0.787719,
          -0.613518,
          1.305925
        ],
        [
          0.0,
          0.0,
          0.0,
          1.0
        ]
      ]
    },
    {
      "file_path": "/media/NFS/ttao/scannet/posed_images/scene0160_01/00120.jpg",
      "transform_matrix": [
        [
          -0.997321,
          0.072141,
          -0.012085,
          4.791297
        ],
        [
          0.053458,
          0.606099,
          -0.793591,
          6.210429
        ],
        [
          -0.049926,
          -0.792111,
          -0.608332,
          1.308317
        ],
        [
          0.0,
          0.0,
          0.0,
          1.0
        ]
      ]
    },
    {
      "file_path": "/media/NFS/ttao/scannet/posed_images/scene0160_01/00122.jpg",
      "transform_matrix": [
        [
          -0.997709,
          0.065823,
          -0.01564,
          4.798705
        ],
        [
          0.051813,
          0.594721,
          -0.802261,
          6.242963
        ],
        [
          -0.043506,
          -0.801233,
          -0.596769,
          1.3084
        ],
        [
          0.0,
          0.0,
          0.0,
          1.0
        ]
      ]
    },
    {
      "file_path": "/media/NFS/ttao/scannet/posed_images/scene0160_01/00125.jpg",
      "transform_matrix": [
        [
          -0.997912,
          0.055346,
          -0.033296,
          4.801966
        ],
        [
          0.058943,
          0.569556,
          -0.819836,
          6.297885
        ],
        [
          -0.026411,
          -0.820087,
          -0.571629,
          1.295755
        ],
        [
          0.0,
          0.0,
          0.0,
          1.0
        ]
      ]
    },
    {
      "file_path": "/media/NFS/ttao/scannet/posed_images/scene0160_01/00128.jpg",
      "transform_matrix": [
        [
          -0.994868,
          0.063428,
          -0.078835,
          4.805188
        ],
        [
          0.101033,
          0.580294,
          -0.808116,
          6.349015
        ],
        [
          -0.005509,
          -0.811933,
          -0.583724,
          1.281317
        ],
        [
          0.0,
          0.0,
          0.0,
          1.0
        ]
      ]
    },
    {
      "file_path": "/media/NFS/ttao/scannet/posed_images/scene0160_01/00131.jpg",
      "transform_matrix": [
        [
          -0.992878,
          0.088872,
          -0.079342,
          4.803367
        ],
        [
          0.11692,
          0.599011,
          -0.792159,
          6.392078
        ],
        [
          -0.022875,
          -0.795794,
          -0.605136,
          1.276552
        ],
        [
          0.0,
          0.0,
          0.0,
          1.0
        ]
      ]
    },
    {
      "file_path": "/media/NFS/ttao/scannet/posed_images/scene0160_01/00134.jpg",
      "transform_matrix": [
        [
          -0.993311,
          0.095962,
          -0.064229,
          4.813643
        ],
        [
          0.1101,
          0.619359,
          -0.77735,
          6.425392
        ],
        [
          -0.034815,
          -0.779222,
          -0.625781,
          1.274421
        ],
        [
          0.0,
          0.0,
          0.0,
          1.0
        ]
      ]
    },
    {
      "file_path": "/media/NFS/ttao/scannet/posed_images/scene0160_01/00139.jpg",
      "transform_matrix": [
        [
          -0.994025,
          0.101863,
          -0.039213,
          4.823032
        ],
        [
          0.095879,
          0.643184,
          -0.759686,
          6.464958
        ],
        [
          -0.052162,
          -0.758906,
          -0.649107,
          1.281985
        ],
        [
          0.0,
          0.0,
          0.0,
          1.0
        ]
      ]
    },
    {
      "file_path": "/media/NFS/ttao/scannet/posed_images/scene0160_01/00141.jpg",
      "transform_matrix": [
        [
          -0.993556,
          0.102915,
          -0.047482,
          4.831534
        ],
        [
          0.102671,
          0.639793,
          -0.761658,
          6.484118
        ],
        [
          -0.048007,
          -0.761625,
          -0.646237,
          1.281987
        ],
        [
          0.0,
          0.0,
          0.0,
          1.0
        ]
      ]
    },
    {
      "file_path": "/media/NFS/ttao/scannet/posed_images/scene0160_01/00143.jpg",
      "transform_matrix": [
        [
          -0.992418,
          0.107554,
          -0.059483,
          4.83421
        ],
        [
          0.114838,
          0.638975,
          -0.760607,
          6.502089
        ],
        [
          -0.043798,
          -0.761671,
          -0.646482,
          1.278345
        ],
        [
          0.0,
          0.0,
          0.0,
          1.0
        ]
      ]
    },
    {
      "file_path": "/media/NFS/ttao/scannet/posed_images/scene0160_01/00146.jpg",
      "transform_matrix": [
        [
          -0.987872,
          0.126546,
          -0.089974,
          4.840044
        ],
        [
          0.150992,
          0.647815,
          -0.746683,
          6.522578
        ],
        [
          -0.036203,
          -0.751213,
          -0.659066,
          1.273956
        ],
        [
          0.0,
          0.0,
          0.0,
          1.0
        ]
      ]
    },
    {
      "file_path": "/media/NFS/ttao/scannet/posed_images/scene0160_01/00151.jpg",
      "transform_matrix": [
        [
          -0.974046,
          0.167476,
          -0.152273,
          4.838984
        ],
        [
          0.22525,
          0.650865,
          -0.725008,
          6.562356
        ],
        [
          -0.022312,
          -0.740491,
          -0.671696,
          1.270143
        ],
        [
          0.0,
          0.0,
          0.0,
          1.0
        ]
      ]
    },
    {
      "file_path": "/media/NFS/ttao/scannet/posed_images/scene0160_01/00155.jpg",
      "transform_matrix": [
        [
          -0.961874,
          0.199818,
          -0.18674,
          4.865046
        ],
        [
          0.272839,
          0.653838,
          -0.705729,
          6.593964
        ],
        [
          -0.01892,
          -0.729773,
          -0.683428,
          1.270898
        ],
        [
          0.0,
          0.0,
          0.0,
          1.0
        ]
      ]
    },
    {
      "file_path": "/media/NFS/ttao/scannet/posed_images/scene0160_01/00156.jpg",
      "transform_matrix": [
        [
          -0.959593,
          0.205996,
          -0.191694,
          4.870962
        ],
        [
          0.280686,
          0.652529,
          -0.703862,
          6.603707
        ],
        [
          -0.019906,
          -0.729227,
          -0.683982,
          1.270682
        ],
        [
          0.0,
          0.0,
          0.0,
          1.0
        ]
      ]
    },
    {
      "file_path": "/media/NFS/ttao/scannet/posed_images/scene0160_01/00161.jpg",
      "transform_matrix": [
        [
          -0.95062,
          0.227845,
          -0.21073,
          4.89889
        ],
        [
          0.309703,
          0.652391,
          -0.691715,
          6.64143
        ],
        [
          -0.020126,
          -0.722822,
          -0.690741,
          1.273849
        ],
        [
          0.0,
          0.0,
          0.0,
          1.0
        ]
      ]
    },
    {
      "file_path": "/media/NFS/ttao/scannet/posed_images/scene0160_01/00163.jpg",
      "transform_matrix": [
        [
          -0.949255,
          0.229452,
          -0.215097,
          4.90364
        ],
        [
          0.31395,
          0.650592,
          -0.691495,
          6.653943
        ],
        [
          -0.018724,
          -0.723935,
          -0.689614,
          1.278471
        ],
        [
          0.0,
          0.0,
          0.0,
          1.0
        ]
      ]
    },
    {
      "file_path": "/media/NFS/ttao/scannet/posed_images/scene0160_01/00165.jpg",
      "transform_matrix": [
        [
          -0.946056,
          0.233577,
          -0.224545,
          4.905007
        ],
        [
          0.323572,
          0.645351,
          -0.691971,
          6.663577
        ],
        [
          -0.016718,
          -0.727299,
          -0.686117,
          1.287176
        ],
        [
          0.0,
          0.0,
          0.0,
          1.0
        ]
      ]
    },
    {
      "file_path": "/media/NFS/ttao/scannet/posed_images/scene0160_01/00170.jpg",
      "transform_matrix": [
        [
          -0.939613,
          0.241296,
          -0.242699,
          4.903943
        ],
        [
          0.341583,
          0.61738,
          -0.708634,
          6.696386
        ],
        [
          -0.021153,
          -0.748744,
          -0.662521,
          1.29837
        ],
        [
          0.0,
          0.0,
          0.0,
          1.0
        ]
      ]
    },
    {
      "file_path": "/media/NFS/ttao/scannet/posed_images/scene0160_01/00172.jpg",
      "transform_matrix": [
        [
          -0.940987,
          0.237154,
          -0.241457,
          4.898374
        ],
        [
          0.337675,
          0.609846,
          -0.716982,
          6.7091
        ],
        [
          -0.022784,
          -0.756205,
          -0.653938,
          1.301453
        ],
        [
          0.0,
          0.0,
          0.0,
          1.0
        ]
      ]
    },
    {
      "file_path": "/media/NFS/ttao/scannet/posed_images/scene0160_01/00176.jpg",
      "transform_matrix": [
        [
          -0.945401,
          0.225911,
          -0.234905,
          4.894359
        ],
        [
          0.324734,
          0.591841,
          -0.737748,
          6.745721
        ],
        [
          -0.027639,
          -0.77375,
          -0.632888,
          1.296781
        ],
        [
          0.0,
          0.0,
          0.0,
          1.0
        ]
      ]
    },
    {
      "file_path": "/media/NFS/ttao/scannet/posed_images/scene0160_01/00177.jpg",
      "transform_matrix": [
        [
          -0.947358,
          0.222525,
          -0.230204,
          4.892765
        ],
        [
          0.318719,
          0.586964,
          -0.744238,
          6.760924
        ],
        [
          -0.03049,
          -0.778431,
          -0.626989,
          1.291627
        ],
        [
          0.0,
          0.0,
          0.0,
          1.0
        ]
      ]
    },
    {
      "file_path": "/media/NFS/ttao/scannet/posed_images/scene0160_01/00181.jpg",
      "transform_matrix": [
        [
          -0.956852,
          0.214681,
          -0.195824,
          4.89078
        ],
        [
          0.287339,
          0.598742,
          -0.747626,
          6.81967
        ],
        [
          -0.043253,
          -0.771635,
          -0.634593,
          1.279399
        ],
        [
          0.0,
          0.0,
          0.0,
          1.0
        ]
      ]
    },
    {
      "file_path": "/media/NFS/ttao/scannet/posed_images/scene0160_01/00184.jpg",
      "transform_matrix": [
        [
          -0.965213,
          0.192109,
          -0.177366,
          4.87689
        ],
        [
          0.258985,
          0.609228,
          -0.749512,
          6.870657
        ],
        [
          -0.035932,
          -0.769374,
          -0.637788,
          1.274724
        ],
        [
          0.0,
          0.0,
          0.0,
          1.0
        ]
      ]
    },
    {
      "file_path": "/media/NFS/ttao/scannet/posed_images/scene0160_01/00186.jpg",
      "transform_matrix": [
        [
          -0.967962,
          0.176946,
          -0.178158,
          4.865431
        ],
        [
          0.250051,
          0.614553,
          -0.748197,
          6.906817
        ],
        [
          -0.022903,
          -0.768775,
          -0.639109,
          1.266735
        ],
        [
          0.0,
          0.0,
          0.0,
          1.0
        ]
      ]
    },
    {
      "file_path": "/media/NFS/ttao/scannet/posed_images/scene0160_01/00190.jpg",
      "transform_matrix": [
        [
          -0.962979,
          0.187206,
          -0.193973,
          4.841896
        ],
        [
          0.269063,
          0.623026,
          -0.734468,
          6.957229
        ],
        [
          -0.016647,
          -0.759468,
          -0.650331,
          1.283713
        ],
        [
          0.0,
          0.0,
          0.0,
          1.0
        ]
      ]
    },
    {
      "file_path": "/media/NFS/ttao/scannet/posed_images/scene0160_01/00194.jpg",
      "transform_matrix": [
        [
          -0.958979,
          0.188363,
          -0.211847,
          4.823479
        ],
        [
          0.282836,
          0.585527,
          -0.759712,
          7.005933
        ],
        [
          -0.01906,
          -0.788465,
          -0.614784,
          1.297741
        ],
        [
          0.0,
          0.0,
          0.0,
          1.0
        ]
      ]
    },
    {
      "file_path": "/media/NFS/ttao/scannet/posed_images/scene0160_01/00197.jpg",
      "transform_matrix": [
        [
          -0.955496,
          0.195882,
          -0.220584,
          4.810602
        ],
        [
          0.293872,
          0.566588,
          -0.769816,
          7.026097
        ],
        [
          -0.025813,
          -0.80038,
          -0.598937,
          1.305712
        ],
        [
          0.0,
          0.0,
          0.0,
          1.0
        ]
      ]
    },
    {
      "file_path": "/media/NFS/ttao/scannet/posed_images/scene0160_01/00200.jpg",
      "transform_matrix": [
        [
          -0.952388,
          0.207116,
          -0.223741,
          4.790928
        ],
        [
          0.302684,
          0.554207,
          -0.775395,
          7.03785
        ],
        [
          -0.036598,
          -0.8062,
          -0.590511,
          1.305724
        ],
        [
          0.0,
          0.0,
          0.0,
          1.0
        ]
      ]
    },
    {
      "file_path": "/media/NFS/ttao/scannet/posed_images/scene0160_01/00201.jpg",
      "transform_matrix": [
        [
          -0.950586,
          0.209468,
          -0.22915,
          4.785474
        ],
        [
          0.308317,
          0.550326,
          -0.775939,
          7.038199
        ],
        [
          -0.036427,
          -0.808248,
          -0.587715,
          1.306421
        ],
        [
          0.0,
          0.0,
          0.0,
          1.0
        ]
      ]
    },
    {
      "file_path": "/media/NFS/ttao/scannet/posed_images/scene0160_01/00207.jpg",
      "transform_matrix": [
        [
          -0.940486,
          0.221428,
          -0.257788,
          4.7488
        ],
        [
          0.338481,
          0.542796,
          -0.768637,
          7.026581
        ],
        [
          -0.030272,
          -0.810149,
          -0.585442,
          1.309032
        ],
        [
          0.0,
          0.0,
          0.0,
          1.0
        ]
      ]
    },
    {
      "file_path": "/media/NFS/ttao/scannet/posed_images/scene0160_01/00209.jpg",
      "transform_matrix": [
        [
          -0.93884,
          0.224747,
          -0.260897,
          4.734685
        ],
        [
          0.342846,
          0.539269,
          -0.769185,
          7.01887
        ],
        [
          -0.032178,
          -0.811589,
          -0.583341,
          1.309477
        ],
        [
          0.0,
          0.0,
          0.0,
          1.0
        ]
      ]
    },
    {
      "file_path": "/media/NFS/ttao/scannet/posed_images/scene0160_01/00211.jpg",
      "transform_matrix": [
        [
          -0.94006,
          0.224329,
          -0.256832,
          4.710297
        ],
        [
          0.339283,
          0.539617,
          -0.77052,
          7.006805
        ],
        [
          -0.034258,
          -0.811474,
          -0.583384,
          1.314318
        ],
        [
          0.0,
          0.0,
          0.0,
          1.0
        ]
      ]
    },
    {
      "file_path": "/media/NFS/ttao/scannet/posed_images/scene0160_01/00214.jpg",
      "transform_matrix": [
        [
          -0.94107,
          0.216966,
          -0.259448,
          4.68345
        ],
        [
          0.336681,
          0.528056,
          -0.779617,
          6.986117
        ],
        [
          -0.032147,
          -0.821025,
          -0.569986,
          1.319394
        ],
        [
          0.0,
          0.0,
          0.0,
          1.0
        ]
      ]
    },
    {
      "file_path": "/media/NFS/ttao/scannet/posed_images/scene0160_01/00219.jpg",
      "transform_matrix": [
        [
          -0.946274,
          0.193791,
          -0.258864,
          4.626524
        ],
        [
          0.322479,
          0.506284,
          -0.799802,
          6.947096
        ],
        [
          -0.023936,
          -0.84031,
          -0.541577,
          1.321893
        ],
        [
          0.0,
          0.0,
          0.0,
          1.0
        ]
      ]
    },
    {
      "file_path": "/media/NFS/ttao/scannet/posed_images/scene0160_01/00222.jpg",
      "transform_matrix": [
        [
          -0.945584,
          0.201045,
          -0.255835,
          4.592548
        ],
        [
          0.324066,
          0.511383,
          -0.795907,
          6.921266
        ],
        [
          -0.029184,
          -0.835505,
          -0.548708,
          1.320592
        ],
        [
          0.0,
          0.0,
          0.0,
          1.0
        ]
      ]
    },
    {
      "file_path": "/media/NFS/ttao/scannet/posed_images/scene0160_01/00223.jpg",
      "transform_matrix": [
        [
          -0.945478,
          0.200219,
          -0.256874,
          4.576599
        ],
        [
          0.324399,
          0.508884,
          -0.797372,
          6.913581
        ],
        [
          -0.02893,
          -0.837228,
          -0.546089,
          1.320314
        ],
        [
          0.0,
          0.0,
          0.0,
          1.0
        ]
      ]
    },
    {
      "file_path": "/media/NFS/ttao/scannet/posed_images/scene0160_01/00227.jpg",
      "transform_matrix": [
        [
          -0.940135,
          0.219846,
          -0.260411,
          4.528871
        ],
        [
          0.338513,
          0.513973,
          -0.788189,
          6.882116
        ],
        [
          -0.039436,
          -0.829156,
          -0.557624,
          1.314025
        ],
        [
          0.0,
          0.0,
          0.0,
          1.0
        ]
      ]
    },
    {
      "file_path": "/media/NFS/ttao/scannet/posed_images/scene0160_01/00229.jpg",
      "transform_matrix": [
        [
          -0.935958,
          0.232402,
          -0.264524,
          4.502981
        ],
        [
          0.349031,
          0.513168,
          -0.784115,
          6.867831
        ],
        [
          -0.046485,
          -0.826225,
          -0.561419,
          1.312448
        ],
        [
          0.0,
          0.0,
          0.0,
          1.0
        ]
      ]
    },
    {
      "file_path": "/media/NFS/ttao/scannet/posed_images/scene0160_01/00233.jpg",
      "transform_matrix": [
        [
          -0.932617,
          0.238466,
          -0.27085,
          4.459219
        ],
        [
          0.358158,
          0.519829,
          -0.775565,
          6.840208
        ],
        [
          -0.04415,
          -0.820312,
          -0.57021,
          1.30791
        ],
        [
          0.0,
          0.0,
          0.0,
          1.0
        ]
      ]
    },
    {
      "file_path": "/media/NFS/ttao/scannet/posed_images/scene0160_01/00236.jpg",
      "transform_matrix": [
        [
          -0.935011,
          0.234051,
          -0.26641,
          4.412848
        ],
        [
          0.352091,
          0.523168,
          -0.776098,
          6.814927
        ],
        [
