{
  "frames": [
    {
      "file_path": "/media/NFS/ttao/scannet/posed_images/scene0182_01/00000.jpg",
      "transform_matrix": [
        [
          0.98648,
          -0.073652,
          -0.146402,
          2.167923
        ],
        [
          0.062829,
          -0.655108,
          0.752919,
          -0.062994
        ],
        [
          -0.151363,
          -0.751937,
          -0.641623,
          3.837275
        ],
        [
          0.0,
          0.0,
          0.0,
          1.0
        ]
      ]
    },
    {
      "file_path": "/media/NFS/ttao/scannet/posed_images/scene0182_01/00003.jpg",
      "transform_matrix": [
        [
          0.989188,
          -0.077223,
          -0.124678,
          2.168541
        ],
        [
          0.046493,
          -0.641167,
          0.765991,
          -0.056569
        ],
        [
          -0.139092,
          -0.763506,
          -0.630645,
          3.842061
        ],
        [
          0.0,
          0.0,
          0.0,
          1.0
        ]
      ]
    },
    {
      "file_path": "/media/NFS/ttao/scannet/posed_images/scene0182_01/00004.jpg",
      "transform_matrix": [
        [
          0.99017,
          -0.076099,
          -0.117352,
          2.168493
        ],
        [
          0.041011,
          -0.644185,
          0.763769,
          -0.054626
        ],
        [
          -0.133719,
          -0.761074,
          -0.634732,
          3.847625
        ],
        [
          0.0,
          0.0,
          0.0,
          1.0
        ]
      ]
    },
    {
      "file_path": "/media/NFS/ttao/scannet/posed_images/scene0182_01/00007.jpg",
      "transform_matrix": [
        [
          0.995218,
          -0.068171,
          -0.069958,
          2.164039
        ],
        [
          0.007432,
          -0.661279,
          0.750103,
          -0.041353
        ],
        [
          -0.097397,
          -0.747036,
          -0.65761,
          3.846774
        ],
        [
          0.0,
          0.0,
          0.0,
          1.0
        ]
      ]
    },
    {
      "file_path": "/media/NFS/ttao/scannet/posed_images/scene0182_01/00008.jpg",
      "transform_matrix": [
        [
          0.995783,
          -0.070728,
          -0.058435,
          2.162927
        ],
        [
          -0.003044,
          -0.662053,
          0.749451,
          -0.037266
        ],
        [
          -0.091694,
          -0.746112,
          -0.659476,
          3.845426
        ],
        [
          0.0,
          0.0,
          0.0,
          1.0
        ]
      ]
    },
    {
      "file_path": "/media/NFS/ttao/scannet/posed_images/scene0182_01/00012.jpg",
      "transform_matrix": [
        [
          0.99492,
          -0.097814,
          0.023821,
          2.156164
        ],
        [
          -0.080707,
          -0.633508,
          0.769515,
          -0.023449
        ],
        [
          -0.060178,
          -0.767529,
          -0.638184,
          3.855997
        ],
        [
          0.0,
          0.0,
          0.0,
          1.0
        ]
      ]
    },
    {
      "file_path": "/media/NFS/ttao/scannet/posed_images/scene0182_01/00014.jpg",
      "transform_matrix": [
        [
          0.992043,
          -0.109642,
          0.061874,
          2.150849
        ],
        [
          -0.116624,
          -0.615214,
          0.779687,
          -0.010974
        ],
        [
          -0.047421,
          -0.780699,
          -0.623105,
          3.86096
        ],
        [
          0.0,
          0.0,
          0.0,
          1.0
        ]
      ]
    },
    {
      "file_path": "/media/NFS/ttao/scannet/posed_images/scene0182_01/00016.jpg",
      "transform_matrix": [
        [
          0.984662,
          -0.134076,
          0.111643,
          2.140931
        ],
        [
          -0.170223,
          -0.597879,
          0.783304,
          0.014528
        ],
        [
          -0.038273,
          -0.790294,
          -0.611531,
          3.876055
        ],
        [
          0.0,
          0.0,
          0.0,
          1.0
        ]
      ]
    },
    {
      "file_path": "/media/NFS/ttao/scannet/posed_images/scene0182_01/00019.jpg",
      "transform_matrix": [
        [
          0.975046,
          -0.155998,
          0.157953,
          2.125726
        ],
        [
          -0.219801,
          -0.578436,
          0.785557,
          0.039623
        ],
        [
          -0.03118,
          -0.800673,
          -0.59829,
          3.886601
        ],
        [
          0.0,
          0.0,
          0.0,
          1.0
        ]
      ]
    },
    {
      "file_path": "/media/NFS/ttao/scannet/posed_images/scene0182_01/00021.jpg",
      "transform_matrix": [
        [
          0.964548,
          -0.178033,
          0.194814,
          2.109447
        ],
        [
          -0.261814,
          -0.552659,
          0.791215,
          0.048752
        ],
        [
          -0.033196,
          -0.81417,
          -0.579677,
          3.903452
        ],
        [
          0.0,
          0.0,
          0.0,
          1.0
        ]
      ]
    },
    {
      "file_path": "/media/NFS/ttao/scannet/posed_images/scene0182_01/00022.jpg",
      "transform_matrix": [
        [
          0.961379,
          -0.185663,
          0.203173,
          2.104695
        ],
        [
          -0.272782,
          -0.544596,
          0.793099,
          0.055656
        ],
        [
          -0.036601,
          -0.817891,
          -0.574208,
          3.908
        ],
        [
          0.0,
          0.0,
          0.0,
          1.0
        ]
      ]
    },
    {
      "file_path": "/media/NFS/ttao/scannet/posed_images/scene0182_01/00025.jpg",
      "transform_matrix": [
        [
          0.953243,
          -0.193429,
          0.232191,
          2.08317
        ],
        [
          -0.300095,
          -0.515254,
          0.802781,
          0.075145
        ],
        [
          -0.035645,
          -0.834924,
          -0.549209,
          3.929595
        ],
        [
          0.0,
          0.0,
          0.0,
          1.0
        ]
      ]
    },
    {
      "file_path": "/media/NFS/ttao/scannet/posed_images/scene0182_01/00026.jpg",
      "transform_matrix": [
        [
          0.951113,
          -0.191579,
          0.242243,
          2.078514
        ],
        [
          -0.307394,
          -0.511337,
          0.802523,
          0.07926
        ],
        [
          -0.029879,
          -0.837754,
          -0.54523,
          3.931789
        ],
        [
          0.0,
          0.0,
          0.0,
          1.0
        ]
      ]
    },
    {
      "file_path": "/media/NFS/ttao/scannet/posed_images/scene0182_01/00028.jpg",
      "transform_matrix": [
        [
          0.94495,
          -0.185851,
          0.269313,
          2.070287
        ],
        [
          -0.326856,
          -0.497581,
          0.803479,
          0.088281
        ],
        [
          -0.015322,
          -0.847274,
          -0.530936,
          3.9346
        ],
        [
          0.0,
          0.0,
          0.0,
          1.0
        ]
      ]
    },
    {
      "file_path": "/media/NFS/ttao/scannet/posed_images/scene0182_01/00032.jpg",
      "transform_matrix": [
        [
          0.925489,
          -0.175585,
          0.335618,
          2.059263
        ],
        [
          -0.378572,
          -0.457673,
          0.804499,
          0.09742
        ],
        [
          0.012345,
          -0.871611,
          -0.490043,
          3.950578
        ],
        [
          0.0,
          0.0,
          0.0,
          1.0
        ]
      ]
    },
    {
      "file_path": "/media/NFS/ttao/scannet/posed_images/scene0182_01/00034.jpg",
      "transform_matrix": [
        [
          0.916231,
          -0.174167,
          0.360814,
          2.056553
        ],
        [
          -0.400233,
          -0.438986,
          0.804428,
          0.105116
        ],
        [
          0.018288,
          -0.881452,
          -0.47192,
          3.95808
        ],
        [
          0.0,
          0.0,
          0.0,
          1.0
        ]
      ]
    },
    {
      "file_path": "/media/NFS/ttao/scannet/posed_images/scene0182_01/00036.jpg",
      "transform_matrix": [
        [
          0.905611,
          -0.174332,
          0.386623,
          2.054057
        ],
        [
          -0.423707,
          -0.411611,
          0.806876,
          0.113486
        ],
        [
          0.018474,
          -0.89453,
          -0.446625,
          3.975847
        ],
        [
          0.0,
          0.0,
          0.0,
          1.0
        ]
      ]
    },
    {
      "file_path": "/media/NFS/ttao/scannet/posed_images/scene0182_01/00039.jpg",
      "transform_matrix": [
        [
          0.898571,
          -0.168876,
          0.405032,
          2.048671
        ],
        [
          -0.438315,
          -0.390019,
          0.809793,
          0.121422
        ],
        [
          0.021215,
          -0.905188,
          -0.424481,
          3.989814
        ],
        [
          0.0,
          0.0,
          0.0,
          1.0
        ]
      ]
    },
    {
      "file_path": "/media/NFS/ttao/scannet/posed_images/scene0182_01/00041.jpg",
      "transform_matrix": [
        [
          0.898363,
          -0.160776,
          0.408771,
          2.041561
        ],
        [
          -0.438812,
          -0.370191,
          0.818781,
          0.126435
        ],
        [
          0.019683,
          -0.914937,
          -0.403116,
          4.006052
        ],
        [
          0.0,
          0.0,
          0.0,
          1.0
        ]
      ]
    },
    {
      "file_path": "/media/NFS/ttao/scannet/posed_images/scene0182_01/00042.jpg",
      "transform_matrix": [
        [
          0.899568,
          -0.157468,
          0.407408,
          2.038711
        ],
        [
          -0.436347,
          -0.365553,
          0.822175,
          0.128499
        ],
        [
          0.019463,
          -0.917374,
          -0.39755,
          4.010342
        ],
        [
          0.0,
          0.0,
          0.0,
          1.0
        ]
      ]
    },
    {
      "file_path": "/media/NFS/ttao/scannet/posed_images/scene0182_01/00044.jpg",
      "transform_matrix": [
        [
          0.90317,
          -0.151775,
          0.401558,
          2.032267
        ],
        [
          -0.428831,
          -0.361936,
          0.827711,
          0.134282
        ],
        [
          0.019712,
          -0.919764,
          -0.391975,
          4.01899
        ],
        [
          0.0,
          0.0,
          0.0,
          1.0
        ]
      ]
    },
    {
      "file_path": "/media/NFS/ttao/scannet/posed_images/scene0182_01/00046.jpg",
      "transform_matrix": [
        [
          0.91254,
          -0.145345,
          0.382289,
          2.020243
        ],
        [
          -0.40867,
          -0.360828,
          0.838327,
          0.139301
        ],
        [
          0.016094,
          -0.921237,
          -0.388669,
          4.029627
        ],
        [
          0.0,
          0.0,
          0.0,
          1.0
        ]
      ]
    },
    {
      "file_path": "/media/NFS/ttao/scannet/posed_images/scene0182_01/00048.jpg",
      "transform_matrix": [
        [
          0.920749,
          -0.138191,
          0.364862,
          2.011735
        ],
        [
          -0.389839,
          -0.363488,
          0.84611,
          0.14487
        ],
        [
          0.015698,
          -0.921292,
          -0.388554,
          4.030664
        ],
        [
          0.0,
          0.0,
          0.0,
          1.0
        ]
      ]
    },
    {
      "file_path": "/media/NFS/ttao/scannet/posed_images/scene0182_01/00052.jpg",
      "transform_matrix": [
        [
          0.945923,
          -0.123488,
          0.299966,
          1.993169
        ],
        [
          -0.32437,
          -0.370458,
          0.870371,
          0.131263
        ],
        [
          0.003644,
          -0.920604,
          -0.390481,
          4.033524
        ],
        [
          0.0,
          0.0,
          0.0,
          1.0
        ]
      ]
    },
    {
      "file_path": "/media/NFS/ttao/scannet/posed_images/scene0182_01/00054.jpg",
      "transform_matrix": [
        [
          0.955686,
          -0.112934,
          0.271864,
          1.986363
        ],
        [
          -0.294366,
          -0.377738,
          0.877874,
          0.130249
        ],
        [
          0.003552,
          -0.918999,
          -0.394243,
          4.029382
        ],
        [
          0.0,
          0.0,
          0.0,
          1.0
        ]
      ]
    },
    {
      "file_path": "/media/NFS/ttao/scannet/posed_images/scene0182_01/00055.jpg",
      "transform_matrix": [
        [
          0.963527,
          -0.10512,
          0.2461,
          1.980957
        ],
        [
          -0.267607,
          -0.382988,
          0.884142,
          0.126789
        ],
        [
          0.001312,
          -0.917753,
          -0.39715,
          4.028711
        ],
        [
          0.0,
          0.0,
          0.0,
          1.0
        ]
      ]
    },
    {
      "file_path": "/media/NFS/ttao/scannet/posed_images/scene0182_01/00058.jpg",
      "transform_matrix": [
        [
          0.974631,
          -0.08821,
          0.205702,
          1.974806
        ],
        [
          -0.223816,
          -0.387167,
          0.894432,
          0.121725
        ],
        [
          0.000743,
          -0.91778,
          -0.397088,
          4.026917
        ],
        [
          0.0,
          0.0,
          0.0,
          1.0
        ]
      ]
    },
    {
      "file_path": "/media/NFS/ttao/scannet/posed_images/scene0182_01/00060.jpg",
      "transform_matrix": [
        [
          0.982804,
          -0.074834,
          0.168807,
          1.972809
        ],
        [
          -0.18465,
          -0.398073,
          0.898578,
          0.121671
        ],
        [
          -4.7e-05,
          -0.914296,
          -0.405046,
          4.02628
        ],
        [
          0.0,
          0.0,
          0.0,
          1.0
        ]
      ]
    },
    {
      "file_path": "/media/NFS/ttao/scannet/posed_images/scene0182_01/00063.jpg",
      "transform_matrix": [
        [
          0.991304,
          -0.06894,
          0.112089,
          1.980362
        ],
        [
          -0.130436,
          -0.402073,
          0.906269,
          0.118652
        ],
        [
          -0.017411,
          -0.913009,
          -0.407568,
          4.020718
        ],
        [
          0.0,
          0.0,
          0.0,
          1.0
        ]
      ]
    },
    {
      "file_path": "/media/NFS/ttao/scannet/posed_images/scene0182_01/00065.jpg",
      "transform_matrix": [
        [
          0.998693,
          -0.049873,
          0.0112,
          2.020555
        ],
        [
          -0.030313,
          -0.401428,
          0.915389,
          0.10268
        ],
        [
          -0.041157,
          -0.914532,
          -0.402415,
          4.001957
        ],
        [
          0.0,
          0.0,
          0.0,
          1.0
        ]
      ]
    },
    {
      "file_path": "/media/NFS/ttao/scannet/posed_images/scene0182_01/00066.jpg",
      "transform_matrix": [
        [
          0.998711,
          -0.044711,
          -0.024011,
          2.055301
        ],
        [
          0.004535,
          -0.392606,
          0.919695,
          0.091883
        ],
        [
          -0.050548,
          -0.918619,
          -0.391897,
          3.982885
        ],
        [
          0.0,
          0.0,
          0.0,
          1.0
        ]
      ]
    },
    {
      "file_path": "/media/NFS/ttao/scannet/posed_images/scene0182_01/00070.jpg",
      "transform_matrix": [
        [
          0.985455,
          0.006873,
          -0.169799,
          2.126271
        ],
        [
          0.161007,
          -0.357415,
          0.919963,
          0.122277
        ],
        [
          -0.054366,
          -0.93392,
          -0.353323,
          3.954592
        ],
        [
          0.0,
          0.0,
          0.0,
          1.0
        ]
      ]
    },
    {
      "file_path": "/media/NFS/ttao/scannet/posed_images/scene0182_01/00072.jpg",
      "transform_matrix": [
        [
          0.9756,
          0.017475,
          -0.218861,
          2.156981
        ],
        [
          0.212162,
          -0.331586,
          0.919259,
          0.106898
        ],
        [
          -0.056507,
          -0.943263,
          -0.327203,
          3.943063
        ],
        [
          0.0,
          0.0,
          0.0,
          1.0
        ]
      ]
    },
    {
      "file_path": "/media/NFS/ttao/scannet/posed_images/scene0182_01/00073.jpg",
      "transform_matrix": [
        [
          0.97121,
          0.024661,
          -0.236943,
          2.16244
        ],
        [
          0.231623,
          -0.330266,
          0.915027,
          0.100558
        ],
        [
          -0.055689,
          -0.943565,
          -0.32647,
          3.946222
        ],
        [
          0.0,
          0.0,
          0.0,
          1.0
        ]
      ]
    },
    {
      "file_path": "/media/NFS/ttao/scannet/posed_images/scene0182_01/00076.jpg",
      "transform_matrix": [
        [
          0.952427,
          0.031012,
          -0.303186,
          2.193338
        ],
        [
          0.297812,
          -0.306018,
          0.904246,
          0.064953
        ],
        [
          -0.064738,
          -0.95152,
          -0.300696,
          3.923307
        ],
        [
          0.0,
          0.0,
          0.0,
          1.0
        ]
      ]
    },
    {
      "file_path": "/media/NFS/ttao/scannet/posed_images/scene0182_01/00077.jpg",
      "transform_matrix": [
        [
          0.947245,
          0.033713,
          -0.318733,
          2.196978
        ],
        [
          0.314131,
          -0.295091,
          0.902354,
          0.054028
        ],
        [
          -0.063635,
          -0.954874,
          -0.290113,
          3.915905
        ],
        [
          0.0,
          0.0,
          0.0,
          1.0
        ]
      ]
    },
    {
      "file_path": "/media/NFS/ttao/scannet/posed_images/scene0182_01/00081.jpg",
      "transform_matrix": [
        [
          -Infinity,
          -Infinity,
          -Infinity,
          -Infinity
        ],
        [
          -Infinity,
          -Infinity,
          -Infinity,
          -Infinity
        ],
        [
          -Infinity,
          -Infinity,
          -Infinity,
          -Infinity
        ],
        [
          -Infinity,
          -Infinity,
          -Infinity,
          -Infinity
        ]
      ]
    },
    {
      "file_path": "/media/NFS/ttao/scannet/posed_images/scene0182_01/00082.jpg",
      "transform_matrix": [
        [
          -Infinity,
          -Infinity,
          -Infinity,
          -Infinity
        ],
        [
          -Infinity,
          -Infinity,
          -Infinity,
          -Infinity
        ],
        [
          -Infinity,
          -Infinity,
          -Infinity,
          -Infinity
        ],
        [
          -Infinity,
          -Infinity,
          -Infinity,
          -Infinity
        ]
      ]
    },
    {
      "file_path": "/media/NFS/ttao/scannet/posed_images/scene0182_01/00084.jpg",
      "transform_matrix": [
        [
          -Infinity,
          -Infinity,
          -Infinity,
          -Infinity
        ],
        [
          -Infinity,
          -Infinity,
          -Infinity,
          -Infinity
        ],
        [
          -Infinity,
          -Infinity,
          -Infinity,
          -Infinity
        ],
        [
          -Infinity,
          -Infinity,
          -Infinity,
          -Infinity
        ]
      ]
    },
    {
      "file_path": "/media/NFS/ttao/scannet/posed_images/scene0182_01/00086.jpg",
      "transform_matrix": [
        [
          -Infinity,
          -Infinity,
          -Infinity,
          -Infinity
        ],
        [
          -Infinity,
          -Infinity,
          -Infinity,
          -Infinity
        ],
        [
          -Infinity,
          -Infinity,
          -Infinity,
          -Infinity
        ],
        [
          -Infinity,
          -Infinity,
          -Infinity,
          -Infinity
        ]
      ]
    },
    {
      "file_path": "/media/NFS/ttao/scannet/posed_images/scene0182_01/00089.jpg",
      "transform_matrix": [
        [
          -Infinity,
          -Infinity,
          -Infinity,
          -Infinity
        ],
        [
          -Infinity,
          -Infinity,
          -Infinity,
          -Infinity
        ],
        [
          -Infinity,
          -Infinity,
          -Infinity,
          -Infinity
        ],
        [
          -Infinity,
          -Infinity,
          -Infinity,
          -Infinity
        ]
      ]
    },
    {
      "file_path": "/media/NFS/ttao/scannet/posed_images/scene0182_01/00092.jpg",
      "transform_matrix": [
        [
          -Infinity,
          -Infinity,
          -Infinity,
          -Infinity
        ],
        [
          -Infinity,
          -Infinity,
          -Infinity,
          -Infinity
        ],
        [
          -Infinity,
          -Infinity,
          -Infinity,
          -Infinity
        ],
        [
          -Infinity,
          -Infinity,
          -Infinity,
          -Infinity
        ]
      ]
    },
    {
      "file_path": "/media/NFS/ttao/scannet/posed_images/scene0182_01/00093.jpg",
      "transform_matrix": [
        [
          -Infinity,
          -Infinity,
          -Infinity,
          -Infinity
        ],
        [
          -Infinity,
          -Infinity,
          -Infinity,
          -Infinity
        ],
        [
          -Infinity,
          -Infinity,
          -Infinity,
          -Infinity
        ],
        [
          -Infinity,
          -Infinity,
          -Infinity,
          -Infinity
        ]
      ]
    },
    {
      "file_path": "/media/NFS/ttao/scannet/posed_images/scene0182_01/00095.jpg",
      "transform_matrix": [
        [
          -Infinity,
          -Infinity,
          -Infinity,
          -Infinity
        ],
        [
          -Infinity,
          -Infinity,
          -Infinity,
          -Infinity
        ],
        [
          -Infinity,
          -Infinity,
          -Infinity,
          -Infinity
        ],
        [
          -Infinity,
          -Infinity,
          -Infinity,
          -Infinity
        ]
      ]
    },
    {
      "file_path": "/media/NFS/ttao/scannet/posed_images/scene0182_01/00099.jpg",
      "transform_matrix": [
        [
          -Infinity,
          -Infinity,
          -Infinity,
          -Infinity
        ],
        [
          -Infinity,
          -Infinity,
          -Infinity,
          -Infinity
        ],
        [
          -Infinity,
          -Infinity,
          -Infinity,
          -Infinity
        ],
        [
          -Infinity,
          -Infinity,
          -Infinity,
          -Infinity
        ]
      ]
    },
    {
      "file_path": "/media/NFS/ttao/scannet/posed_images/scene0182_01/00100.jpg",
      "transform_matrix": [
        [
          -Infinity,
          -Infinity,
          -Infinity,
          -Infinity
        ],
        [
          -Infinity,
          -Infinity,
          -Infinity,
          -Infinity
        ],
        [
          -Infinity,
          -Infinity,
          -Infinity,
          -Infinity
        ],
        [
          -Infinity,
          -Infinity,
          -Infinity,
          -Infinity
        ]
      ]
    },
    {
      "file_path": "/media/NFS/ttao/scannet/posed_images/scene0182_01/00102.jpg",
      "transform_matrix": [
        [
          -Infinity,
          -Infinity,
          -Infinity,
          -Infinity
        ],
        [
          -Infinity,
          -Infinity,
          -Infinity,
          -Infinity
        ],
        [
          -Infinity,
          -Infinity,
          -Infinity,
          -Infinity
        ],
        [
          -Infinity,
          -Infinity,
          -Infinity,
          -Infinity
        ]
      ]
    },
    {
      "file_path": "/media/NFS/ttao/scannet/posed_images/scene0182_01/00104.jpg",
      "transform_matrix": [
        [
          -Infinity,
          -Infinity,
          -Infinity,
          -Infinity
        ],
        [
          -Infinity,
          -Infinity,
          -Infinity,
          -Infinity
        ],
        [
          -Infinity,
          -Infinity,
          -Infinity,
          -Infinity
        ],
        [
          -Infinity,
          -Infinity,
          -Infinity,
          -Infinity
        ]
      ]
    },
    {
      "file_path": "/media/NFS/ttao/scannet/posed_images/scene0182_01/00108.jpg",
      "transform_matrix": [
        [
          -Infinity,
          -Infinity,
          -Infinity,
          -Infinity
        ],
        [
          -Infinity,
          -Infinity,
          -Infinity,
          -Infinity
        ],
        [
          -Infinity,
          -Infinity,
          -Infinity,
          -Infinity
        ],
        [
          -Infinity,
          -Infinity,
          -Infinity,
          -Infinity
        ]
      ]
    },
    {
      "file_path": "/media/NFS/ttao/scannet/posed_images/scene0182_01/00109.jpg",
      "transform_matrix": [
        [
          -Infinity,
          -Infinity,
          -Infinity,
          -Infinity
        ],
        [
          -Infinity,
          -Infinity,
          -Infinity,
          -Infinity
        ],
        [
          -Infinity,
          -Infinity,
          -Infinity,
          -Infinity
        ],
        [
          -Infinity,
          -Infinity,
          -Infinity,
          -Infinity
        ]
      ]
    },
    {
      "file_path": "/media/NFS/ttao/scannet/posed_images/scene0182_01/00112.jpg",
      "transform_matrix": [
        [
          -Infinity,
          -Infinity,
          -Infinity,
          -Infinity
        ],
        [
          -Infinity,
          -Infinity,
          -Infinity,
          -Infinity
        ],
        [
          -Infinity,
          -Infinity,
          -Infinity,
          -Infinity
        ],
        [
          -Infinity,
          -Infinity,
          -Infinity,
          -Infinity
        ]
      ]
    },
    {
      "file_path": "/media/NFS/ttao/scannet/posed_images/scene0182_01/00113.jpg",
      "transform_matrix": [
        [
          -Infinity,
          -Infinity,
          -Infinity,
          -Infinity
        ],
        [
          -Infinity,
          -Infinity,
          -Infinity,
          -Infinity
        ],
        [
          -Infinity,
          -Infinity,
          -Infinity,
          -Infinity
        ],
        [
          -Infinity,
          -Infinity,
          -Infinity,
          -Infinity
        ]
      ]
    },
    {
      "file_path": "/media/NFS/ttao/scannet/posed_images/scene0182_01/00117.jpg",
      "transform_matrix": [
        [
          -Infinity,
          -Infinity,
          -Infinity,
          -Infinity
        ],
        [
          -Infinity,
          -Infinity,
          -Infinity,
          -Infinity
        ],
        [
          -Infinity,
          -Infinity,
          -Infinity,
          -Infinity
        ],
        [
          -Infinity,
          -Infinity,
          -Infinity,
          -Infinity
        ]
      ]
    },
    {
      "file_path": "/media/NFS/ttao/scannet/posed_images/scene0182_01/00118.jpg",
      "transform_matrix": [
        [
          -Infinity,
          -Infinity,
          -Infinity,
          -Infinity
        ],
        [
          -Infinity,
          -Infinity,
          -Infinity,
          -Infinity
        ],
        [
          -Infinity,
          -Infinity,
          -Infinity,
          -Infinity
        ],
        [
          -Infinity,
          -Infinity,
          -Infinity,
          -Infinity
        ]
      ]
    },
    {
      "file_path": "/media/NFS/ttao/scannet/posed_images/scene0182_01/00120.jpg",
      "transform_matrix": [
        [
          -Infinity,
          -Infinity,
          -Infinity,
          -Infinity
        ],
        [
          -Infinity,
          -Infinity,
          -Infinity,
          -Infinity
        ],
        [
          -Infinity,
          -Infinity,
          -Infinity,
          -Infinity
        ],
        [
          -Infinity,
          -Infinity,
          -Infinity,
          -Infinity
        ]
      ]
    },
    {
      "file_path": "/media/NFS/ttao/scannet/posed_images/scene0182_01/00123.jpg",
      "transform_matrix": [
        [
          -Infinity,
          -Infinity,
          -Infinity,
          -Infinity
        ],
        [
          -Infinity,
          -Infinity,
          -Infinity,
          -Infinity
        ],
        [
          -Infinity,
          -Infinity,
          -Infinity,
          -Infinity
        ],
        [
          -Infinity,
          -Infinity,
          -Infinity,
          -Infinity
        ]
      ]
    },
    {
      "file_path": "/media/NFS/ttao/scannet/posed_images/scene0182_01/00125.jpg",
      "transform_matrix": [
        [
          -Infinity,
          -Infinity,
          -Infinity,
          -Infinity
        ],
        [
          -Infinity,
          -Infinity,
          -Infinity,
          -Infinity
        ],
        [
          -Infinity,
          -Infinity,
          -Infinity,
          -Infinity
        ],
        [
          -Infinity,
          -Infinity,
          -Infinity,
          -Infinity
        ]
      ]
    },
    {
      "file_path": "/media/NFS/ttao/scannet/posed_images/scene0182_01/00126.jpg",
      "transform_matrix": [
        [
          -Infinity,
          -Infinity,
          -Infinity,
          -Infinity
        ],
        [
          -Infinity,
          -Infinity,
          -Infinity,
          -Infinity
        ],
        [
          -Infinity,
          -Infinity,
          -Infinity,
          -Infinity
        ],
        [
          -Infinity,
          -Infinity,
          -Infinity,
          -Infinity
        ]
      ]
    },
    {
      "file_path": "/media/NFS/ttao/scannet/posed_images/scene0182_01/00130.jpg",
      "transform_matrix": [
        [
          -Infinity,
          -Infinity,
          -Infinity,
          -Infinity
        ],
        [
          -Infinity,
          -Infinity,
          -Infinity,
          -Infinity
        ],
        [
          -Infinity,
          -Infinity,
          -Infinity,
          -Infinity
        ],
        [
          -Infinity,
          -Infinity,
          -Infinity,
          -Infinity
        ]
      ]
    },
    {
      "file_path": "/media/NFS/ttao/scannet/posed_images/scene0182_01/00131.jpg",
      "transform_matrix": [
        [
          -Infinity,
          -Infinity,
          -Infinity,
          -Infinity
        ],
        [
          -Infinity,
          -Infinity,
          -Infinity,
          -Infinity
        ],
        [
          -Infinity,
          -Infinity,
          -Infinity,
          -Infinity
        ],
        [
          -Infinity,
          -Infinity,
          -Infinity,
          -Infinity
        ]
      ]
    },
    {
      "file_path": "/media/NFS/ttao/scannet/posed_images/scene0182_01/00133.jpg",
      "transform_matrix": [
        [
          -Infinity,
          -Infinity,
          -Infinity,
          -Infinity
        ],
        [
          -Infinity,
          -Infinity,
          -Infinity,
          -Infinity
        ],
        [
          -Infinity,
          -Infinity,
          -Infinity,
          -Infinity
        ],
        [
          -Infinity,
          -Infinity,
          -Infinity,
          -Infinity
        ]
      ]
    },
    {
      "file_path": "/media/NFS/ttao/scannet/posed_images/scene0182_01/00135.jpg",
      "transform_matrix": [
        [
          -Infinity,
          -Infinity,
          -Infinity,
          -Infinity
        ],
        [
          -Infinity,
          -Infinity,
          -Infinity,
          -Infinity
        ],
        [
          -Infinity,
          -Infinity,
          -Infinity,
          -Infinity
        ],
        [
          -Infinity,
          -Infinity,
          -Infinity,
          -Infinity
        ]
      ]
    },
    {
      "file_path": "/media/NFS/ttao/scannet/posed_images/scene0182_01/00139.jpg",
      "transform_matrix": [
        [
          -Infinity,
          -Infinity,
          -Infinity,
          -Infinity
        ],
        [
          -Infinity,
          -Infinity,
          -Infinity,
          -Infinity
        ],
        [
          -Infinity,
          -Infinity,
          -Infinity,
          -Infinity
        ],
        [
          -Infinity,
          -Infinity,
          -Infinity,
          -Infinity
        ]
      ]
    },
    {
      "file_path": "/media/NFS/ttao/scannet/posed_images/scene0182_01/00140.jpg",
      "transform_matrix": [
        [
          -Infinity,
          -Infinity,
          -Infinity,
          -Infinity
        ],
        [
          -Infinity,
          -Infinity,
          -Infinity,
          -Infinity
        ],
        [
          -Infinity,
          -Infinity,
          -Infinity,
          -Infinity
        ],
        [
          -Infinity,
          -Infinity,
          -Infinity,
          -Infinity
        ]
      ]
    },
    {
      "file_path": "/media/NFS/ttao/scannet/posed_images/scene0182_01/00142.jpg",
      "transform_matrix": [
        [
          -Infinity,
          -Infinity,
          -Infinity,
          -Infinity
        ],
        [
          -Infinity,
          -Infinity,
          -Infinity,
          -Infinity
        ],
        [
          -Infinity,
          -Infinity,
          -Infinity,
          -Infinity
        ],
        [
          -Infinity,
          -Infinity,
          -Infinity,
          -Infinity
        ]
      ]
    },
    {
      "file_path": "/media/NFS/ttao/scannet/posed_images/scene0182_01/00145.jpg",
      "transform_matrix": [
        [
          -Infinity,
          -Infinity,
          -Infinity,
          -Infinity
        ],
        [
          -Infinity,
          -Infinity,
          -Infinity,
          -Infinity
        ],
        [
          -Infinity,
          -Infinity,
          -Infinity,
          -Infinity
        ],
        [
          -Infinity,
          -Infinity,
          -Infinity,
          -Infinity
        ]
      ]
    },
    {
      "file_path": "/media/NFS/ttao/scannet/posed_images/scene0182_01/00146.jpg",
      "transform_matrix": [
        [
          -Infinity,
          -Infinity,
          -Infinity,
          -Infinity
        ],
        [
          -Infinity,
          -Infinity,
          -Infinity,
          -Infinity
        ],
        [
          -Infinity,
          -Infinity,
          -Infinity,
          -Infinity
        ],
        [
          -Infinity,
          -Infinity,
          -Infinity,
          -Infinity
        ]
      ]
    },
    {
      "file_path": "/media/NFS/ttao/scannet/posed_images/scene0182_01/00150.jpg",
      "transform_matrix": [
        [
          -Infinity,
          -Infinity,
          -Infinity,
          -Infinity
        ],
        [
          -Infinity,
          -Infinity,
          -Infinity,
          -Infinity
        ],
        [
          -Infinity,
          -Infinity,
          -Infinity,
          -Infinity
        ],
        [
          -Infinity,
          -Infinity,
          -Infinity,
          -Infinity
        ]
      ]
    },
    {
      "file_path": "/media/NFS/ttao/scannet/posed_images/scene0182_01/00151.jpg",
      "transform_matrix": [
        [
          -Infinity,
          -Infinity,
          -Infinity,
          -Infinity
        ],
        [
          -Infinity,
          -Infinity,
          -Infinity,
          -Infinity
        ],
        [
          -Infinity,
          -Infinity,
          -Infinity,
          -Infinity
        ],
        [
          -Infinity,
          -Infinity,
          -Infinity,
          -Infinity
        ]
      ]
    },
    {
      "file_path": "/media/NFS/ttao/scannet/posed_images/scene0182_01/00154.jpg",
      "transform_matrix": [
        [
          -Infinity,
          -Infinity,
          -Infinity,
          -Infinity
        ],
        [
          -Infinity,
          -Infinity,
          -Infinity,
          -Infinity
        ],
        [
          -Infinity,
          -Infinity,
          -Infinity,
          -Infinity
        ],
        [
          -Infinity,
          -Infinity,
          -Infinity,
          -Infinity
        ]
      ]
    },
    {
      "file_path": "/media/NFS/ttao/scannet/posed_images/scene0182_01/00157.jpg",
      "transform_matrix": [
        [
          -Infinity,
          -Infinity,
          -Infinity,
          -Infinity
        ],
        [
          -Infinity,
          -Infinity,
          -Infinity,
          -Infinity
        ],
        [
          -Infinity,
          -Infinity,
          -Infinity,
          -Infinity
        ],
        [
          -Infinity,
          -Infinity,
          -Infinity,
          -Infinity
        ]
      ]
    },
    {
      "file_path": "/media/NFS/ttao/scannet/posed_images/scene0182_01/00159.jpg",
      "transform_matrix": [
        [
          -Infinity,
          -Infinity,
          -Infinity,
          -Infinity
        ],
        [
          -Infinity,
          -Infinity,
          -Infinity,
          -Infinity
        ],
        [
          -Infinity,
          -Infinity,
          -Infinity,
          -Infinity
        ],
        [
          -Infinity,
          -Infinity,
          -Infinity,
          -Infinity
        ]
      ]
    },
    {
      "file_path": "/media/NFS/ttao/scannet/posed_images/scene0182_01/00161.jpg",
      "transform_matrix": [
        [
          -Infinity,
          -Infinity,
          -Infinity,
          -Infinity
        ],
        [
          -Infinity,
          -Infinity,
          -Infinity,
          -Infinity
        ],
        [
          -Infinity,
          -Infinity,
          -Infinity,
          -Infinity
        ],
        [
          -Infinity,
          -Infinity,
          -Infinity,
          -Infinity
        ]
      ]
    },
    {
      "file_path": "/media/NFS/ttao/scannet/posed_images/scene0182_01/00162.jpg",
      "transform_matrix": [
        [
          -Infinity,
          -Infinity,
          -Infinity,
          -Infinity
        ],
        [
          -Infinity,
          -Infinity,
          -Infinity,
          -Infinity
        ],
        [
          -Infinity,
          -Infinity,
          -Infinity,
          -Infinity
        ],
        [
          -Infinity,
          -Infinity,
          -Infinity,
          -Infinity
        ]
      ]
    },
    {
      "file_path": "/media/NFS/ttao/scannet/posed_images/scene0182_01/00164.jpg",
      "transform_matrix": [
        [
          -Infinity,
          -Infinity,
          -Infinity,
          -Infinity
        ],
        [
          -Infinity,
          -Infinity,
          -Infinity,
          -Infinity
        ],
        [
          -Infinity,
          -Infinity,
          -Infinity,
          -Infinity
        ],
        [
          -Infinity,
          -Infinity,
          -Infinity,
          -Infinity
        ]
      ]
    },
    {
      "file_path": "/media/NFS/ttao/scannet/posed_images/scene0182_01/00167.jpg",
      "transform_matrix": [
        [
          -Infinity,
          -Infinity,
