{
  "frames": [
    {
      "file_path": "/media/NFS/ttao/scannet/posed_images/scene0612_00/00000.jpg",
      "transform_matrix": [
        [
          0.274668,
          0.444224,
          -0.852773,
          2.454693
        ],
        [
          0.960369,
          -0.170489,
          0.220513,
          3.707566
        ],
        [
          -0.047431,
          -0.879545,
          -0.473446,
          1.521448
        ],
        [
          0.0,
          0.0,
          0.0,
          1.0
        ]
      ]
    },
    {
      "file_path": "/media/NFS/ttao/scannet/posed_images/scene0612_00/00005.jpg",
      "transform_matrix": [
        [
          0.287754,
          0.450274,
          -0.845252,
          2.474466
        ],
        [
          0.957125,
          -0.165896,
          0.237466,
          3.743908
        ],
        [
          -0.033299,
          -0.877344,
          -0.478706,
          1.51859
        ],
        [
          0.0,
          0.0,
          0.0,
          1.0
        ]
      ]
    },
    {
      "file_path": "/media/NFS/ttao/scannet/posed_images/scene0612_00/00008.jpg",
      "transform_matrix": [
        [
          0.290091,
          0.445026,
          -0.84723,
          2.482813
        ],
        [
          0.956369,
          -0.166928,
          0.239777,
          3.764291
        ],
        [
          -0.034719,
          -0.879822,
          -0.474034,
          1.524508
        ],
        [
          0.0,
          0.0,
          0.0,
          1.0
        ]
      ]
    },
    {
      "file_path": "/media/NFS/ttao/scannet/posed_images/scene0612_00/00013.jpg",
      "transform_matrix": [
        [
          0.296427,
          0.446787,
          -0.844104,
          2.498881
        ],
        [
          0.953797,
          -0.183845,
          0.237638,
          3.80255
        ],
        [
          -0.04901,
          -0.875547,
          -0.480641,
          1.537723
        ],
        [
          0.0,
          0.0,
          0.0,
          1.0
        ]
      ]
    },
    {
      "file_path": "/media/NFS/ttao/scannet/posed_images/scene0612_00/00016.jpg",
      "transform_matrix": [
        [
          0.297363,
          0.438052,
          -0.848343,
          2.509464
        ],
        [
          0.953131,
          -0.188148,
          0.236941,
          3.819035
        ],
        [
          -0.055822,
          -0.87904,
          -0.47347,
          1.537384
        ],
        [
          0.0,
          0.0,
          0.0,
          1.0
        ]
      ]
    },
    {
      "file_path": "/media/NFS/ttao/scannet/posed_images/scene0612_00/00017.jpg",
      "transform_matrix": [
        [
          0.297588,
          0.437788,
          -0.8484,
          2.511734
        ],
        [
          0.953002,
          -0.189113,
          0.236694,
          3.825091
        ],
        [
          -0.056821,
          -0.878964,
          -0.473491,
          1.539504
        ],
        [
          0.0,
          0.0,
          0.0,
          1.0
        ]
      ]
    },
    {
      "file_path": "/media/NFS/ttao/scannet/posed_images/scene0612_00/00020.jpg",
      "transform_matrix": [
        [
          0.295338,
          0.427705,
          -0.854309,
          2.524589
        ],
        [
          0.953354,
          -0.190321,
          0.234295,
          3.83956
        ],
        [
          -0.062384,
          -0.883655,
          -0.463963,
          1.546363
        ],
        [
          0.0,
          0.0,
          0.0,
          1.0
        ]
      ]
    },
    {
      "file_path": "/media/NFS/ttao/scannet/posed_images/scene0612_00/00024.jpg",
      "transform_matrix": [
        [
          0.27088,
          0.410409,
          -0.87074,
          2.534921
        ],
        [
          0.960084,
          -0.180707,
          0.213502,
          3.860793
        ],
        [
          -0.069726,
          -0.893817,
          -0.442977,
          1.561393
        ],
        [
          0.0,
          0.0,
          0.0,
          1.0
        ]
      ]
    },
    {
      "file_path": "/media/NFS/ttao/scannet/posed_images/scene0612_00/00030.jpg",
      "transform_matrix": [
        [
          0.220147,
          0.356218,
          -0.908099,
          2.560614
        ],
        [
          0.973464,
          -0.139858,
          0.181131,
          3.877844
        ],
        [
          -0.062483,
          -0.923877,
          -0.377555,
          1.573222
        ],
        [
          0.0,
          0.0,
          0.0,
          1.0
        ]
      ]
    },
    {
      "file_path": "/media/NFS/ttao/scannet/posed_images/scene0612_00/00031.jpg",
      "transform_matrix": [
        [
          0.213225,
          0.352967,
          -0.911016,
          2.561394
        ],
        [
          0.975056,
          -0.135717,
          0.175631,
          3.882499
        ],
        [
          -0.061648,
          -0.925741,
          -0.373101,
          1.583339
        ],
        [
          0.0,
          0.0,
          0.0,
          1.0
        ]
      ]
    },
    {
      "file_path": "/media/NFS/ttao/scannet/posed_images/scene0612_00/00037.jpg",
      "transform_matrix": [
        [
          0.183918,
          0.331136,
          -0.925485,
          2.571241
        ],
        [
          0.98116,
          -0.118504,
          0.152582,
          3.887
        ],
        [
          -0.059148,
          -0.936112,
          -0.346692,
          1.605512
        ],
        [
          0.0,
          0.0,
          0.0,
          1.0
        ]
      ]
    },
    {
      "file_path": "/media/NFS/ttao/scannet/posed_images/scene0612_00/00040.jpg",
      "transform_matrix": [
        [
          0.176094,
          0.329751,
          -0.9275,
          2.582165
        ],
        [
          0.982816,
          -0.11188,
          0.14682,
          3.886975
        ],
        [
          -0.055355,
          -0.937415,
          -0.343786,
          1.594027
        ],
        [
          0.0,
          0.0,
          0.0,
          1.0
        ]
      ]
    },
    {
      "file_path": "/media/NFS/ttao/scannet/posed_images/scene0612_00/00041.jpg",
      "transform_matrix": [
        [
          0.177287,
          0.3318,
          -0.926541,
          2.585393
        ],
        [
          0.982773,
          -0.109639,
          0.148784,
          3.882964
        ],
        [
          -0.052219,
          -0.936957,
          -0.345521,
          1.589392
        ],
        [
          0.0,
          0.0,
          0.0,
          1.0
        ]
      ]
    },
    {
      "file_path": "/media/NFS/ttao/scannet/posed_images/scene0612_00/00046.jpg",
      "transform_matrix": [
        [
          0.178565,
          0.382173,
          -0.906674,
          2.593249
        ],
        [
          0.9825,
          -0.118892,
          0.143384,
          3.886842
        ],
        [
          -0.052999,
          -0.916411,
          -0.396715,
          1.562695
        ],
        [
          0.0,
          0.0,
          0.0,
          1.0
        ]
      ]
    },
    {
      "file_path": "/media/NFS/ttao/scannet/posed_images/scene0612_00/00050.jpg",
      "transform_matrix": [
        [
          0.169191,
          0.409868,
          -0.896316,
          2.594315
        ],
        [
          0.984056,
          -0.120862,
          0.130486,
          3.884575
        ],
        [
          -0.054848,
          -0.904102,
          -0.423782,
          1.540375
        ],
        [
          0.0,
          0.0,
          0.0,
          1.0
        ]
      ]
    },
    {
      "file_path": "/media/NFS/ttao/scannet/posed_images/scene0612_00/00054.jpg",
      "transform_matrix": [
        [
          0.151067,
          0.43286,
          -0.888713,
          2.598887
        ],
        [
          0.987345,
          -0.109953,
          0.114278,
          3.883986
        ],
        [
          -0.048251,
          -0.89473,
          -0.443993,
          1.511656
        ],
        [
          0.0,
          0.0,
          0.0,
          1.0
        ]
      ]
    },
    {
      "file_path": "/media/NFS/ttao/scannet/posed_images/scene0612_00/00056.jpg",
      "transform_matrix": [
        [
          0.148632,
          0.443085,
          -0.884072,
          2.597115
        ],
        [
          0.987856,
          -0.107462,
          0.112221,
          3.882407
        ],
        [
          -0.045281,
          -0.890015,
          -0.453677,
          1.504181
        ],
        [
          0.0,
          0.0,
          0.0,
          1.0
        ]
      ]
    },
    {
      "file_path": "/media/NFS/ttao/scannet/posed_images/scene0612_00/00059.jpg",
      "transform_matrix": [
        [
          0.130549,
          0.456073,
          -0.880315,
          2.597671
        ],
        [
          0.990221,
          -0.104038,
          0.092948,
          3.87743
        ],
        [
          -0.049195,
          -0.88384,
          -0.465195,
          1.491136
        ],
        [
          0.0,
          0.0,
          0.0,
          1.0
        ]
      ]
    },
    {
      "file_path": "/media/NFS/ttao/scannet/posed_images/scene0612_00/00065.jpg",
      "transform_matrix": [
        [
          0.085499,
          0.489558,
          -0.867768,
          2.593355
        ],
        [
          0.995394,
          -0.07988,
          0.053009,
          3.85927
        ],
        [
          -0.043366,
          -0.868304,
          -0.494133,
          1.487421
        ],
        [
          0.0,
          0.0,
          0.0,
          1.0
        ]
      ]
    },
    {
      "file_path": "/media/NFS/ttao/scannet/posed_images/scene0612_00/00067.jpg",
      "transform_matrix": [
        [
          0.06639,
          0.490025,
          -0.869176,
          2.595487
        ],
        [
          0.996919,
          -0.06905,
          0.037218,
          3.854153
        ],
        [
          -0.041779,
          -0.868969,
          -0.493099,
          1.480644
        ],
        [
          0.0,
          0.0,
          0.0,
          1.0
        ]
      ]
    },
    {
      "file_path": "/media/NFS/ttao/scannet/posed_images/scene0612_00/00070.jpg",
      "transform_matrix": [
        [
          0.034098,
          0.499591,
          -0.86559,
          2.583591
        ],
        [
          0.998767,
          -0.048312,
          0.011459,
          3.844935
        ],
        [
          -0.036094,
          -0.864913,
          -0.500622,
          1.485324
        ],
        [
          0.0,
          0.0,
          0.0,
          1.0
        ]
      ]
    },
    {
      "file_path": "/media/NFS/ttao/scannet/posed_images/scene0612_00/00073.jpg",
      "transform_matrix": [
        [
          0.002361,
          0.503679,
          -0.863888,
          2.584693
        ],
        [
          0.999477,
          -0.029051,
          -0.014206,
          3.830023
        ],
        [
          -0.032252,
          -0.863403,
          -0.503484,
          1.478095
        ],
        [
          0.0,
          0.0,
          0.0,
          1.0
        ]
      ]
    },
    {
      "file_path": "/media/NFS/ttao/scannet/posed_images/scene0612_00/00077.jpg",
      "transform_matrix": [
        [
          -0.047983,
          0.51813,
          -0.853955,
          2.583314
        ],
        [
          0.998391,
          -0.000989,
          -0.056699,
          3.80695
        ],
        [
          -0.030223,
          -0.855301,
          -0.517249,
          1.471937
        ],
        [
          0.0,
          0.0,
          0.0,
          1.0
        ]
      ]
    },
    {
      "file_path": "/media/NFS/ttao/scannet/posed_images/scene0612_00/00082.jpg",
      "transform_matrix": [
        [
          -0.109624,
          0.526044,
          -0.843362,
          2.577654
        ],
        [
          0.993543,
          0.033016,
          -0.108551,
          3.775152
        ],
        [
          -0.029259,
          -0.849816,
          -0.526266,
          1.472989
        ],
        [
          0.0,
          0.0,
          0.0,
          1.0
        ]
      ]
    },
    {
      "file_path": "/media/NFS/ttao/scannet/posed_images/scene0612_00/00084.jpg",
      "transform_matrix": [
        [
          -0.138088,
          0.526375,
          -0.838964,
          2.576794
        ],
        [
          0.989933,
          0.046793,
          -0.133578,
          3.761473
        ],
        [
          -0.031055,
          -0.848964,
          -0.527538,
          1.470769
        ],
        [
          0.0,
          0.0,
          0.0,
          1.0
        ]
      ]
    },
    {
      "file_path": "/media/NFS/ttao/scannet/posed_images/scene0612_00/00090.jpg",
      "transform_matrix": [
        [
          -0.209575,
          0.531553,
          -0.820688,
          2.570538
        ],
        [
          0.977667,
          0.100474,
          -0.184585,
          3.703383
        ],
        [
          -0.015659,
          -0.841045,
          -0.540739,
          1.458459
        ],
        [
          0.0,
          0.0,
          0.0,
          1.0
        ]
      ]
    },
    {
      "file_path": "/media/NFS/ttao/scannet/posed_images/scene0612_00/00092.jpg",
      "transform_matrix": [
        [
          -0.226728,
          0.527735,
          -0.81859,
          2.568377
        ],
        [
          0.973911,
          0.114599,
          -0.195868,
          3.686841
        ],
        [
          -0.009557,
          -0.841643,
          -0.53995,
          1.456538
        ],
        [
          0.0,
          0.0,
          0.0,
          1.0
        ]
      ]
    },
    {
      "file_path": "/media/NFS/ttao/scannet/posed_images/scene0612_00/00094.jpg",
      "transform_matrix": [
        [
          -0.239596,
          0.525807,
          -0.816162,
          2.566606
        ],
        [
          0.97085,
          0.124076,
          -0.205073,
          3.670372
        ],
        [
          -0.006563,
          -0.841506,
          -0.540208,
          1.456896
        ],
        [
          0.0,
          0.0,
          0.0,
          1.0
        ]
      ]
    },
    {
      "file_path": "/media/NFS/ttao/scannet/posed_images/scene0612_00/00101.jpg",
      "transform_matrix": [
        [
          -0.28274,
          0.492588,
          -0.823052,
          2.566638
        ],
        [
          0.959113,
          0.133835,
          -0.249382,
          3.610828
        ],
        [
          -0.012689,
          -0.85991,
          -0.510288,
          1.467589
        ],
        [
          0.0,
          0.0,
          0.0,
          1.0
        ]
      ]
    },
    {
      "file_path": "/media/NFS/ttao/scannet/posed_images/scene0612_00/00104.jpg",
      "transform_matrix": [
        [
          -0.302271,
          0.48322,
          -0.821663,
          2.569507
        ],
        [
          0.953078,
          0.138198,
          -0.269341,
          3.585831
        ],
        [
          -0.016599,
          -0.864523,
          -0.502319,
          1.469398
        ],
        [
          0.0,
          0.0,
          0.0,
          1.0
        ]
      ]
    },
    {
      "file_path": "/media/NFS/ttao/scannet/posed_images/scene0612_00/00107.jpg",
      "transform_matrix": [
        [
          -0.330157,
          0.484126,
          -0.81032,
          2.572399
        ],
        [
          0.943853,
          0.158672,
          -0.289765,
          3.559603
        ],
        [
          -0.011708,
          -0.860491,
          -0.509331,
          1.470849
        ],
        [
          0.0,
          0.0,
          0.0,
          1.0
        ]
      ]
    },
    {
      "file_path": "/media/NFS/ttao/scannet/posed_images/scene0612_00/00111.jpg",
      "transform_matrix": [
        [
          -0.363152,
          0.476039,
          -0.800942,
          2.580472
        ],
        [
          0.931705,
          0.179297,
          -0.315875,
          3.527835
        ],
        [
          -0.006762,
          -0.860953,
          -0.50864,
          1.469872
        ],
        [
          0.0,
          0.0,
          0.0,
          1.0
        ]
      ]
    },
    {
      "file_path": "/media/NFS/ttao/scannet/posed_images/scene0612_00/00113.jpg",
      "transform_matrix": [
        [
          -0.373738,
          0.468566,
          -0.800478,
          2.5847
        ],
        [
          0.927513,
          0.194662,
          -0.319103,
          3.500412
        ],
        [
          0.006302,
          -0.861715,
          -0.507354,
          1.470065
        ],
        [
          0.0,
          0.0,
          0.0,
          1.0
        ]
      ]
    },
    {
      "file_path": "/media/NFS/ttao/scannet/posed_images/scene0612_00/00119.jpg",
      "transform_matrix": [
        [
          -0.378371,
          0.477922,
          -0.792733,
          2.581323
        ],
        [
          0.925622,
          0.188193,
          -0.328341,
          3.451739
        ],
        [
          -0.007734,
          -0.858006,
          -0.513582,
          1.465727
        ],
        [
          0.0,
          0.0,
          0.0,
          1.0
        ]
      ]
    },
    {
      "file_path": "/media/NFS/ttao/scannet/posed_images/scene0612_00/00122.jpg",
      "transform_matrix": [
        [
          -0.406336,
          0.477367,
          -0.77911,
          2.5805
        ],
        [
          0.913606,
          0.198549,
          -0.354828,
          3.426944
        ],
        [
          -0.014691,
          -0.855978,
          -0.516803,
          1.46532
        ],
        [
          0.0,
          0.0,
          0.0,
          1.0
        ]
      ]
    },
    {
      "file_path": "/media/NFS/ttao/scannet/posed_images/scene0612_00/00124.jpg",
      "transform_matrix": [
        [
          -0.4192,
          0.471968,
          -0.775576,
          2.579458
        ],
        [
          0.90784,
          0.208578,
          -0.363762,
          3.416067
        ],
        [
          -0.009916,
          -0.856587,
          -0.515907,
          1.465515
        ],
        [
          0.0,
          0.0,
          0.0,
          1.0
        ]
      ]
    },
    {
      "file_path": "/media/NFS/ttao/scannet/posed_images/scene0612_00/00126.jpg",
      "transform_matrix": [
        [
          -0.435189,
          0.469432,
          -0.768273,
          2.577856
        ],
        [
          0.900284,
          0.217412,
          -0.377123,
          3.404307
        ],
        [
          -0.010002,
          -0.855784,
          -0.517237,
          1.466394
        ],
        [
          0.0,
          0.0,
          0.0,
          1.0
        ]
      ]
    },
    {
      "file_path": "/media/NFS/ttao/scannet/posed_images/scene0612_00/00131.jpg",
      "transform_matrix": [
        [
          -0.494068,
          0.448931,
          -0.744552,
          2.574739
        ],
        [
          0.869312,
          0.241341,
          -0.431338,
          3.383442
        ],
        [
          -0.01395,
          -0.860358,
          -0.5095,
          1.464039
        ],
        [
          0.0,
          0.0,
          0.0,
          1.0
        ]
      ]
    },
    {
      "file_path": "/media/NFS/ttao/scannet/posed_images/scene0612_00/00133.jpg",
      "transform_matrix": [
        [
          -0.515169,
          0.446501,
          -0.7316,
          2.570171
        ],
        [
          0.856853,
          0.248269,
          -0.451847,
          3.377234
        ],
        [
          -0.020117,
          -0.859651,
          -0.510486,
          1.466505
        ],
        [
          0.0,
          0.0,
          0.0,
          1.0
        ]
      ]
    },
    {
      "file_path": "/media/NFS/ttao/scannet/posed_images/scene0612_00/00137.jpg",
      "transform_matrix": [
        [
          -0.568155,
          0.436789,
          -0.697435,
          2.554041
        ],
        [
          0.822307,
          0.268593,
          -0.501666,
          3.373979
        ],
        [
          -0.031796,
          -0.85853,
          -0.511777,
          1.473048
        ],
        [
          0.0,
          0.0,
          0.0,
          1.0
        ]
      ]
    },
    {
      "file_path": "/media/NFS/ttao/scannet/posed_images/scene0612_00/00141.jpg",
      "transform_matrix": [
        [
          -0.593374,
          0.410662,
          -0.692289,
          2.536225
        ],
        [
          0.804593,
          0.277858,
          -0.524809,
          3.381013
        ],
        [
          -0.023162,
          -0.868419,
          -0.495289,
          1.474437
        ],
        [
          0.0,
          0.0,
          0.0,
          1.0
        ]
      ]
    },
    {
      "file_path": "/media/NFS/ttao/scannet/posed_images/scene0612_00/00146.jpg",
      "transform_matrix": [
        [
          -0.630433,
          0.387871,
          -0.672391,
          2.516076
        ],
        [
          0.775914,
          0.28963,
          -0.560421,
          3.391007
        ],
        [
          -0.022626,
          -0.875026,
          -0.483547,
          1.480118
        ],
        [
          0.0,
          0.0,
          0.0,
          1.0
        ]
      ]
    },
    {
      "file_path": "/media/NFS/ttao/scannet/posed_images/scene0612_00/00150.jpg",
      "transform_matrix": [
        [
          -0.668201,
          0.376618,
          -0.641612,
          2.498279
        ],
        [
          0.743304,
          0.301173,
          -0.597322,
          3.405737
        ],
        [
          -0.031727,
          -0.876044,
          -0.481186,
          1.479961
        ],
        [
          0.0,
          0.0,
          0.0,
          1.0
        ]
      ]
    },
    {
      "file_path": "/media/NFS/ttao/scannet/posed_images/scene0612_00/00152.jpg",
      "transform_matrix": [
        [
          -0.68458,
          0.367003,
          -0.629808,
          2.492569
        ],
        [
          0.728458,
          0.313095,
          -0.609361,
          3.409552
        ],
        [
          -0.026447,
          -0.875945,
          -0.481685,
          1.480365
        ],
        [
          0.0,
          0.0,
          0.0,
          1.0
        ]
      ]
    },
    {
      "file_path": "/media/NFS/ttao/scannet/posed_images/scene0612_00/00155.jpg",
      "transform_matrix": [
        [
          -0.705046,
          0.347564,
          -0.61815,
          2.484566
        ],
        [
          0.708885,
          0.321065,
          -0.628012,
          3.417846
        ],
        [
          -0.019808,
          -0.880975,
          -0.472749,
          1.482712
        ],
        [
          0.0,
          0.0,
          0.0,
          1.0
        ]
      ]
    },
    {
      "file_path": "/media/NFS/ttao/scannet/posed_images/scene0612_00/00159.jpg",
      "transform_matrix": [
        [
          -0.740067,
          0.336296,
          -0.582413,
          2.474643
        ],
        [
          0.671977,
          0.33458,
          -0.660683,
          3.43319
        ],
        [
          -0.027322,
          -0.880319,
          -0.473595,
          1.480724
        ],
        [
          0.0,
          0.0,
          0.0,
          1.0
        ]
      ]
    },
    {
      "file_path": "/media/NFS/ttao/scannet/posed_images/scene0612_00/00162.jpg",
      "transform_matrix": [
        [
          -0.765453,
          0.328957,
          -0.553054,
          2.471972
        ],
        [
          0.642777,
          0.350376,
          -0.68123,
          3.441833
        ],
        [
          -0.030319,
          -0.87694,
          -0.479642,
          1.473948
        ],
        [
          0.0,
          0.0,
          0.0,
          1.0
        ]
      ]
    },
    {
      "file_path": "/media/NFS/ttao/scannet/posed_images/scene0612_00/00165.jpg",
      "transform_matrix": [
        [
          -0.784565,
          0.332146,
          -0.52358,
          2.473984
        ],
        [
          0.619267,
          0.377429,
          -0.688517,
          3.444103
        ],
        [
          -0.031074,
          -0.864423,
          -0.501805,
          1.461188
        ],
        [
          0.0,
          0.0,
          0.0,
          1.0
        ]
      ]
    },
    {
      "file_path": "/media/NFS/ttao/scannet/posed_images/scene0612_00/00172.jpg",
      "transform_matrix": [
        [
          -0.806518,
          0.325165,
          -0.493757,
          2.480981
        ],
        [
          0.590845,
          0.414025,
          -0.692449,
          3.440448
        ],
        [
          -0.020732,
          -0.850207,
          -0.52604,
          1.440727
        ],
        [
          0.0,
          0.0,
          0.0,
          1.0
        ]
      ]
    },
    {
      "file_path": "/media/NFS/ttao/scannet/posed_images/scene0612_00/00173.jpg",
      "transform_matrix": [
        [
          -0.807896,
          0.324412,
          -0.491997,
          2.483545
        ],
        [
          0.588936,
          0.414124,
          -0.694014,
          3.438856
        ],
        [
          -0.021398,
          -0.850446,
          -0.525627,
          1.439589
        ],
        [
          0.0,
          0.0,
          0.0,
          1.0
        ]
      ]
    },
    {
      "file_path": "/media/NFS/ttao/scannet/posed_images/scene0612_00/00178.jpg",
      "transform_matrix": [
        [
          -0.818158,
          0.306603,
          -0.486427,
          2.501073
        ],
        [
          0.574719,
          0.409941,
          -0.708271,
          3.43564
        ],
        [
          -0.017752,
          -0.859036,
          -0.511607,
          1.437048
        ],
        [
          0.0,
          0.0,
          0.0,
          1.0
        ]
      ]
    },
    {
      "file_path": "/media/NFS/ttao/scannet/posed_images/scene0612_00/00180.jpg",
      "transform_matrix": [
        [
          -0.824152,
          0.304805,
          -0.477354,
          2.517905
        ],
        [
          0.565916,
          0.409503,
          -0.715574,
          3.434352
        ],
        [
          -0.022633,
          -0.859884,
          -0.509987,
          1.43873
        ],
        [
          0.0,
          0.0,
          0.0,
          1.0
        ]
      ]
    },
    {
      "file_path": "/media/NFS/ttao/scannet/posed_images/scene0612_00/00185.jpg",
      "transform_matrix": [
        [
          -0.838758,
          0.305204,
          -0.450927,
          2.557876
        ],
        [
          0.543632,
          0.422511,
          -0.725224,
          3.431307
        ],
        [
          -0.03082,
          -0.853426,
          -0.520303,
          1.434469
        ],
        [
          0.0,
          0.0,
          0.0,
          1.0
        ]
      ]
    },
    {
      "file_path": "/media/NFS/ttao/scannet/posed_images/scene0612_00/00186.jpg",
      "transform_matrix": [
        [
          -0.841757,
          0.301401,
          -0.447886,
          2.56696
        ],
        [
          0.538986,
          0.422126,
          -0.728906,
          3.430087
        ],
        [
          -0.030629,
          -0.854966,
          -0.517779,
          1.433846
        ],
        [
          0.0,
          0.0,
          0.0,
          1.0
        ]
      ]
    },
    {
      "file_path": "/media/NFS/ttao/scannet/posed_images/scene0612_00/00193.jpg",
      "transform_matrix": [
        [
          -0.871978,
          0.264608,
          -0.411869,
          2.626138
        ],
        [
          0.489456,
          0.455251,
          -0.74376,
          3.424722
        ],
        [
          -0.009301,
          -0.850135,
          -0.526483,
          1.4287
        ],
        [
          0.0,
          0.0,
          0.0,
          1.0
        ]
      ]
    },
    {
      "file_path": "/media/NFS/ttao/scannet/posed_images/scene0612_00/00196.jpg",
      "transform_matrix": [
        [
          -0.884241,
          0.242585,
          -0.399086,
          2.651208
        ],
        [
          0.466983,
          0.471461,
          -0.748099,
          3.423719
        ],
        [
          0.006676,
          -0.847866,
          -0.530168,
          1.421886
        ],
        [
          0.0,
          0.0,
          0.0,
          1.0
        ]
      ]
    },
    {
      "file_path": "/media/NFS/ttao/scannet/posed_images/scene0612_00/00199.jpg",
      "transform_matrix": [
        [
          -0.892937,
          0.23486,
          -0.384063,
          2.672673
        ],
        [
          0.450058,
          0.485763,
          -0.749321,
          3.423104
        ],
        [
          0.010578,
          -0.841947,
          -0.539456,
          1.415049
        ],
        [
          0.0,
          0.0,
          0.0,
          1.0
        ]
      ]
    },
    {
      "file_path": "/media/NFS/ttao/scannet/posed_images/scene0612_00/00200.jpg",
      "transform_matrix": [
        [
          -0.895749,
          0.23184,
          -0.379319,
          2.677498
        ],
        [
          0.444378,
          0.491292,
          -0.749106,
          3.422546
        ],
        [
          0.012684,
          -0.839573,
          -0.5431,
          1.415454
        ],
        [
          0.0,
          0.0,
          0.0,
          1.0
        ]
      ]
    },
    {
      "file_path": "/media/NFS/ttao/scannet/posed_images/scene0612_00/00207.jpg",
      "transform_matrix": [
        [
          -0.913573,
          0.221804,
          -0.340862,
          2.709981
        ],
        [
          0.406582,
          0.516098,
          -0.753879,
          3.423832
        ],
        [
          0.008705,
          -0.827312,
          -0.561675,
          1.40292
        ],
        [
          0.0,
          0.0,
          0.0,
          1.0
        ]
      ]
    },
    {
      "file_path": "/media/NFS/ttao/scannet/posed_images/scene0612_00/00208.jpg",
      "transform_matrix": [
        [
          -0.916599,
          0.220229,
          -0.333684,
          2.712433
        ],
        [
          0.399761,
          0.517537,
          -0.756535,
          3.424277
        ],
        [
          0.006083,
          -0.826834,
          -0.562413,
          1.402209
        ],
        [
          0.0,
          0.0,
          0.0,
          1.0
        ]
      ]
    },
    {
      "file_path": "/media/NFS/ttao/scannet/posed_images/scene0612_00/00213.jpg",
      "transform_matrix": [
        [
          -0.933283,
          0.200078,
          -0.298247,
          2.712967
        ],
        [
          0.359127,
          0.512527,
          -0.779964,
          3.429794
        ],
        [
          -0.003193,
          -0.835036,
          -0.550187,
          1.402626
        ],
        [
          0.0,
          0.0,
          0.0,
          1.0
        ]
      ]
    },
    {
      "file_path": "/media/NFS/ttao/scannet/posed_images/scene0612_00/00217.jpg",
      "transform_matrix": [
        [
          -0.947764,
          0.1842,
          -0.26041,
          2.704467
        ],
        [
          0.318491,
          0.501726,
          -0.80426,
          3.434174
        ],
        [
          -0.01749,
          -0.845187,
          -0.534184,
          1.407566
        ],
        [
          0.0,
          0.0,
          0.0,
          1.0
        ]
      ]
    },
    {
      "file_path": "/media/NFS/ttao/scannet/posed_images/scene0612_00/00220.jpg",
      "transform_matrix": [
        [
          -0.95956,
          0.160976,
          -0.230937,
          2.692302
        ],
        [
          0.280984,
          0.497778,
          -0.820528,
          3.438451
        ],
        [
          -0.01713,
          -0.852235,
          -0.522879,
          1.410987
        ],
        [
          0.0,
          0.0,
          0.0,
          1.0
        ]
      ]
    },
    {
      "file_path": "/media/NFS/ttao/scannet/posed_images/scene0612_00/00223.jpg",
      "transform_matrix": [
        [
          -0.972159,
          0.135043,
          -0.191493,
          2.676495
        ],
        [
          0.233701,
          0.499399,
          -0.834257,
          3.441384
        ],
        [
          -0.017029,
          -0.855783,
          -0.517055,
          1.417211
        ],
        [
          0.0,
          0.0,
          0.0,
          1.0
        ]
      ]
    },
    {
      "file_path": "/media/NFS/ttao/scannet/posed_images/scene0612_00/00228.jpg",
      "transform_matrix": [
        [
          -0.98654,
          0.097978,
          -0.130915,
          2.63963
        ],
        [
          0.162145,
          0.482571,
          -0.860718,
          3.447969
        ],
        [
          -0.021156,
          -0.87036,
          -0.491962,
          1.426627
        ],
        [
          0.0,
          0.0,
          0.0,
          1.0
        ]
      ]
    },
    {
      "file_path": "/media/NFS/ttao/scannet/posed_images/scene0612_00/00229.jpg",
      "transform_matrix": [
        [
          -0.988702,
          0.091707,
          -0.118565,
          2.632946
        ],
        [
          0.148123,
          0.476569,
          -0.866569,
          3.44956
        ],
        [
          -0.022966,
          -0.874341,
          -0.484768,
          1.428164
        ],
        [
          0.0,
          0.0,
          0.0,
          1.0
        ]
      ]
    },
    {
      "file_path": "/media/NFS/ttao/scannet/posed_images/scene0612_00/00235.jpg",
      "transform_matrix": [
        [
          -0.997424,
          0.050576,
          -0.050865,
          2.580418
        ],
        [
          0.068218,
          0.44968,
          -0.890581,
          3.451274
        ],
        [
          -0.02217,
          -0.891757,
          -0.451972,
          1.444037
        ],
        [
          0.0,
          0.0,
          0.0,
          1.0
        ]
      ]
    },
    {
      "file_path": "/media/NFS/ttao/scannet/posed_images/scene0612_00/00238.jpg",
      "transform_matrix": [
        [
          -0.999522,
          0.027793,
          -0.013519,
          2.562578
        ],
        [
          0.024152,
          0.429427,
          -0.902779,
          3.453334
        ],
        [
          -0.019285,
          -0.902674,
          -0.429892,
          1.44837
        ],
        [
          0.0,
          0.0,
          0.0,
          1.0
        ]
      ]
    },
    {
      "file_path": "/media/NFS/ttao/scannet/posed_images/scene0612_00/00240.jpg",
      "transform_matrix": [
        [
          -0.999664,
          0.022611,
          0.012636,
          2.562792
        ],
        [
          -0.001764,
          0.427271,
          -0.904122,
          3.450701
        ],
        [
          -0.025842,
          -0.903841,
          -0.427088,
          1.455849
        ],
        [
          0.0,
          0.0,
          0.0,
          1.0
        ]
      ]
    },
    {
      "file_path": "/media/NFS/ttao/scannet/posed_images/scene0612_00/00246.jpg",
      "transform_matrix": [
        [
          -0.995962,
          0.013265,
          0.088788,
          2.56315
        ],
        [
          -0.075657,
          0.408365,
          -0.909678,
          3.439079
        ],
        [
          -0.048325,
          -0.912722,
          -0.405713,
          1.467362
        ],
        [
          0.0,
          0.0,
          0.0,
          1.0
        ]
      ]
    },
    {
      "file_path": "/media/NFS/ttao/scannet/posed_images/scene0612_00/00247.jpg",
      "transform_matrix": [
        [
          -0.994928,
          0.012415,
          0.099817,
          2.565569
        ],
        [
          -0.086164,
          0.406806,
          -0.909442,
          3.43536
        ],
        [
          -0.051897,
          -0.91343,
          -0.403673,
          1.470178
        ],
        [
          0.0,
          0.0,
          0.0,
          1.0
        ]
      ]
    },
    {
      "file_path": "/media/NFS/ttao/scannet/posed_images/scene0612_00/00250.jpg",
      "transform_matrix": [
        [
          -0.991418,
          0.004573,
          0.130652,
          2.585935
        ],
        [
          -0.118929,
          0.383438,
          -0.915878,
          3.418445
        ],
        [
          -0.054285,
          -0.923555,
          -0.379603,
          1.487049
        ],
        [
          0.0,
          0.0,
          0.0,
          1.0
        ]
      ]
    },
    {
      "file_path": "/media/NFS/ttao/scannet/posed_images/scene0612_00/00253.jpg",
      "transform_matrix": [
        [
          -0.98812,
          -0.01136,
          0.153262,
          2.604064
        ],
        [
          -0.145936,
          0.381982,
          -0.912575,
          3.405452
        ],
        [
          -0.048176,
          -0.9241,
          -0.379102,
          1.492772
        ],
        [
          0.0,
          0.0,
          0.0,
          1.0
        ]
      ]
    },
    {
      "file_path": "/media/NFS/ttao/scannet/posed_images/scene0612_00/00257.jpg",
      "transform_matrix": [
        [
          -0.985151,
          -0.050254,
          0.164172,
          2.630907
        ],
        [
          -0.171279,
          0.353922,
          -0.919458,
          3.393272
        ],
        [
          -0.011898,
          -0.933924,
          -0.357274,
          1.490018
        ],
        [
          0.0,
          0.0,
          0.0,
          1.0
        ]
      ]
    },
    {
      "file_path": "/media/NFS/ttao/scannet/posed_images/scene0612_00/00261.jpg",
      "transform_matrix": [
        [
          -0.982089,
          -0.059456,
          0.178793,
          2.652394
        ],
        [
          -0.188334,
          0.338382,
          -0.92197,
          3.381839
        ],
        [
          -0.005683,
          -0.939129,
          -0.343518,
          1.491783
        ],
        [
          0.0,
          0.0,
          0.0,
          1.0
        ]
      ]
    },
    {
      "file_path": "/media/NFS/ttao/scannet/posed_images/scene0612_00/00267.jpg",
      "transform_matrix": [
        [
          -0.966101,
          -0.047496,
          0.253757,
          2.65625
        ],
        [
          -0.255515,
          0.31634,
          -0.913587,
          3.375672
        ],
        [
          -0.036881,
          -0.947456,
          -0.317753,
          1.516525
        ],
        [
          0.0,
          0.0,
          0.0,
          1.0
        ]
      ]
    },
    {
      "file_path": "/media/NFS/ttao/scannet/posed_images/scene0612_00/00268.jpg",
      "transform_matrix": [
        [
          -0.961804,
          -0.045314,
          0.269963,
          2.654272
        ],
        [
          -0.270474,
          0.309203,
          -0.911722,
          3.376245
        ],
        [
          -0.04216,
          -0.949916,
          -0.309648,
          1.521819
        ],
        [
          0.0,
          0.0,
          0.0,
          1.0
        ]
      ]
    },
    {
      "file_path": "/media/NFS/ttao/scannet/posed_images/scene0612_00/00271.jpg",
      "transform_matrix": [
        [
          -0.94708,
          -0.041243,
          0.318336,
          2.647966
        ],
        [
          -0.315715,
          0.29885,
          -0.900563,
          3.377565
        ],
        [
          -0.057993,
          -0.953409,
