{
  "frames": [
    {
      "file_path": "/media/NFS/ttao/scannet/posed_images/scene0055_02/00000.jpg",
      "transform_matrix": [
        [
          0.957949,
          0.069312,
          -0.278442,
          1.087781
        ],
        [
          0.286771,
          -0.264528,
          0.920754,
          0.972221
        ],
        [
          -0.009837,
          -0.961884,
          -0.273281,
          1.497801
        ],
        [
          0.0,
          0.0,
          0.0,
          1.0
        ]
      ]
    },
    {
      "file_path": "/media/NFS/ttao/scannet/posed_images/scene0055_02/00007.jpg",
      "transform_matrix": [
        [
          0.965111,
          0.057444,
          -0.255463,
          1.068651
        ],
        [
          0.261791,
          -0.230795,
          0.937123,
          0.973502
        ],
        [
          -0.005127,
          -0.971305,
          -0.237781,
          1.518275
        ],
        [
          0.0,
          0.0,
          0.0,
          1.0
        ]
      ]
    },
    {
      "file_path": "/media/NFS/ttao/scannet/posed_images/scene0055_02/00013.jpg",
      "transform_matrix": [
        [
          0.9671,
          0.062389,
          -0.24663,
          1.080625
        ],
        [
          0.254188,
          -0.276465,
          0.926799,
          0.981146
        ],
        [
          -0.010363,
          -0.958997,
          -0.283228,
          1.472463
        ],
        [
          0.0,
          0.0,
          0.0,
          1.0
        ]
      ]
    },
    {
      "file_path": "/media/NFS/ttao/scannet/posed_images/scene0055_02/00020.jpg",
      "transform_matrix": [
        [
          0.969175,
          0.078167,
          -0.233645,
          1.106901
        ],
        [
          0.246035,
          -0.356861,
          0.901176,
          0.985146
        ],
        [
          -0.012936,
          -0.930882,
          -0.365092,
          1.407483
        ],
        [
          0.0,
          0.0,
          0.0,
          1.0
        ]
      ]
    },
    {
      "file_path": "/media/NFS/ttao/scannet/posed_images/scene0055_02/00024.jpg",
      "transform_matrix": [
        [
          0.957179,
          0.090646,
          -0.274941,
          1.137345
        ],
        [
          0.288038,
          -0.393459,
          0.873054,
          0.968537
        ],
        [
          -0.029039,
          -0.914863,
          -0.40272,
          1.374942
        ],
        [
          0.0,
          0.0,
          0.0,
          1.0
        ]
      ]
    },
    {
      "file_path": "/media/NFS/ttao/scannet/posed_images/scene0055_02/00033.jpg",
      "transform_matrix": [
        [
          0.924495,
          0.140896,
          -0.3542,
          1.228752
        ],
        [
          0.379515,
          -0.42734,
          0.820579,
          0.91506
        ],
        [
          -0.035747,
          -0.893045,
          -0.448546,
          1.323292
        ],
        [
          0.0,
          0.0,
          0.0,
          1.0
        ]
      ]
    },
    {
      "file_path": "/media/NFS/ttao/scannet/posed_images/scene0055_02/00038.jpg",
      "transform_matrix": [
        [
          0.920663,
          0.165806,
          -0.353396,
          1.277972
        ],
        [
          0.38986,
          -0.43633,
          0.810941,
          0.898801
        ],
        [
          -0.019739,
          -0.884378,
          -0.466354,
          1.31626
        ],
        [
          0.0,
          0.0,
          0.0,
          1.0
        ]
      ]
    },
    {
      "file_path": "/media/NFS/ttao/scannet/posed_images/scene0055_02/00042.jpg",
      "transform_matrix": [
        [
          0.922414,
          0.165072,
          -0.349147,
          1.339137
        ],
        [
          0.385716,
          -0.439136,
          0.811408,
          0.920383
        ],
        [
          -0.019383,
          -0.883126,
          -0.468736,
          1.347837
        ],
        [
          0.0,
          0.0,
          0.0,
          1.0
        ]
      ]
    },
    {
      "file_path": "/media/NFS/ttao/scannet/posed_images/scene0055_02/00049.jpg",
      "transform_matrix": [
        [
          0.931331,
          0.159283,
          -0.327492,
          1.39043
        ],
        [
          0.364134,
          -0.420528,
          0.831001,
          0.947783
        ],
        [
          -0.005355,
          -0.893188,
          -0.449651,
          1.375613
        ],
        [
          0.0,
          0.0,
          0.0,
          1.0
        ]
      ]
    },
    {
      "file_path": "/media/NFS/ttao/scannet/posed_images/scene0055_02/00058.jpg",
      "transform_matrix": [
        [
          0.926415,
          0.159935,
          -0.340846,
          1.459947
        ],
        [
          0.376412,
          -0.373494,
          0.84783,
          1.003787
        ],
        [
          0.008293,
          -0.913741,
          -0.406212,
          1.384252
        ],
        [
          0.0,
          0.0,
          0.0,
          1.0
        ]
      ]
    },
    {
      "file_path": "/media/NFS/ttao/scannet/posed_images/scene0055_02/00060.jpg",
      "transform_matrix": [
        [
          0.922642,
          0.166294,
          -0.347963,
          1.469247
        ],
        [
          0.385361,
          -0.362142,
          0.848735,
          1.017186
        ],
        [
          0.015127,
          -0.91717,
          -0.39821,
          1.385321
        ],
        [
          0.0,
          0.0,
          0.0,
          1.0
        ]
      ]
    },
    {
      "file_path": "/media/NFS/ttao/scannet/posed_images/scene0055_02/00065.jpg",
      "transform_matrix": [
        [
          0.910614,
          0.173963,
          -0.374858,
          1.514603
        ],
        [
          0.412816,
          -0.340971,
          0.844584,
          1.059953
        ],
        [
          0.019111,
          -0.923837,
          -0.382308,
          1.399624
        ],
        [
          0.0,
          0.0,
          0.0,
          1.0
        ]
      ]
    },
    {
      "file_path": "/media/NFS/ttao/scannet/posed_images/scene0055_02/00076.jpg",
      "transform_matrix": [
        [
          0.89964,
          0.086547,
          -0.427969,
          1.624935
        ],
        [
          0.433996,
          -0.2848,
          0.854715,
          1.1432
        ],
        [
          -0.047913,
          -0.954672,
          -0.293779,
          1.452496
        ],
        [
          0.0,
          0.0,
          0.0,
          1.0
        ]
      ]
    },
    {
      "file_path": "/media/NFS/ttao/scannet/posed_images/scene0055_02/00080.jpg",
      "transform_matrix": [
        [
          0.880314,
          0.083566,
          -0.466974,
          1.67938
        ],
        [
          0.471529,
          -0.262114,
          0.841995,
          1.172101
        ],
        [
          -0.052038,
          -0.961412,
          -0.270147,
          1.463472
        ],
        [
          0.0,
          0.0,
          0.0,
          1.0
        ]
      ]
    },
    {
      "file_path": "/media/NFS/ttao/scannet/posed_images/scene0055_02/00085.jpg",
      "transform_matrix": [
        [
          0.842552,
          0.110722,
          -0.527112,
          1.746035
        ],
        [
          0.537263,
          -0.242088,
          0.807925,
          1.206049
        ],
        [
          -0.038152,
          -0.963916,
          -0.263459,
          1.47139
        ],
        [
          0.0,
          0.0,
          0.0,
          1.0
        ]
      ]
    },
    {
      "file_path": "/media/NFS/ttao/scannet/posed_images/scene0055_02/00089.jpg",
      "transform_matrix": [
        [
          0.818962,
          0.123338,
          -0.560437,
          1.7916
        ],
        [
          0.572399,
          -0.24495,
          0.782534,
          1.239522
        ],
        [
          -0.040763,
          -0.961659,
          -0.271204,
          1.473959
        ],
        [
          0.0,
          0.0,
          0.0,
          1.0
        ]
      ]
    },
    {
      "file_path": "/media/NFS/ttao/scannet/posed_images/scene0055_02/00100.jpg",
      "transform_matrix": [
        [
          0.818776,
          0.12371,
          -0.560627,
          1.871204
        ],
        [
          0.573274,
          -0.228962,
          0.786723,
          1.324074
        ],
        [
          -0.031037,
          -0.965542,
          -0.258388,
          1.475469
        ],
        [
          0.0,
          0.0,
          0.0,
          1.0
        ]
      ]
    },
    {
      "file_path": "/media/NFS/ttao/scannet/posed_images/scene0055_02/00102.jpg",
      "transform_matrix": [
        [
          0.817941,
          0.128878,
          -0.56068,
          1.875869
        ],
        [
          0.574505,
          -0.234258,
          0.784263,
          1.334991
        ],
        [
          -0.030269,
          -0.963594,
          -0.26565,
          1.473513
        ],
        [
          0.0,
          0.0,
          0.0,
          1.0
        ]
      ]
    },
    {
      "file_path": "/media/NFS/ttao/scannet/posed_images/scene0055_02/00112.jpg",
      "transform_matrix": [
        [
          0.883617,
          0.125176,
          -0.451168,
          1.780195
        ],
        [
          0.468043,
          -0.261996,
          0.843975,
          1.293318
        ],
        [
          -0.012559,
          -0.956916,
          -0.290092,
          1.454352
        ],
        [
          0.0,
          0.0,
          0.0,
          1.0
        ]
      ]
    },
    {
      "file_path": "/media/NFS/ttao/scannet/posed_images/scene0055_02/00114.jpg",
      "transform_matrix": [
        [
          0.89552,
          0.11935,
          -0.42872,
          1.74145
        ],
        [
          0.44487,
          -0.265297,
          0.8554,
          1.264903
        ],
        [
          -0.011646,
          -0.956751,
          -0.290674,
          1.443008
        ],
        [
          0.0,
          0.0,
          0.0,
          1.0
        ]
      ]
    },
    {
      "file_path": "/media/NFS/ttao/scannet/posed_images/scene0055_02/00123.jpg",
      "transform_matrix": [
        [
          0.959314,
          0.044065,
          -0.278882,
          1.561395
        ],
        [
          0.276939,
          -0.339172,
          0.899037,
          1.137556
        ],
        [
          -0.054973,
          -0.939692,
          -0.337575,
          1.42087
        ],
        [
          0.0,
          0.0,
          0.0,
          1.0
        ]
      ]
    },
    {
      "file_path": "/media/NFS/ttao/scannet/posed_images/scene0055_02/00131.jpg",
      "transform_matrix": [
        [
          0.990588,
          0.048946,
          -0.127825,
          1.441338
        ],
        [
          0.136873,
          -0.360142,
          0.922802,
          1.071257
        ],
        [
          -0.000868,
          -0.931613,
          -0.363452,
          1.407799
        ],
        [
          0.0,
          0.0,
          0.0,
          1.0
        ]
      ]
    },
    {
      "file_path": "/media/NFS/ttao/scannet/posed_images/scene0055_02/00134.jpg",
      "transform_matrix": [
        [
          0.994583,
          0.043167,
          -0.094565,
          1.405799
        ],
        [
          0.103607,
          -0.337707,
          0.935532,
          1.054621
        ],
        [
          0.008449,
          -0.940261,
          -0.34035,
          1.398931
        ],
        [
          0.0,
          0.0,
          0.0,
          1.0
        ]
      ]
    },
    {
      "file_path": "/media/NFS/ttao/scannet/posed_images/scene0055_02/00140.jpg",
      "transform_matrix": [
        [
          0.999818,
          0.011587,
          0.015185,
          1.323772
        ],
        [
          -0.010522,
          -0.329366,
          0.944144,
          1.050974
        ],
        [
          0.015941,
          -0.944131,
          -0.329184,
          1.377634
        ],
        [
          0.0,
          0.0,
          0.0,
          1.0
        ]
      ]
    },
    {
      "file_path": "/media/NFS/ttao/scannet/posed_images/scene0055_02/00147.jpg",
      "transform_matrix": [
        [
          0.985592,
          -0.076392,
          0.150909,
          1.210977
        ],
        [
          -0.168504,
          -0.365967,
          0.915246,
          1.060024
        ],
        [
          -0.01469,
          -0.927487,
          -0.373567,
          1.373929
        ],
        [
          0.0,
          0.0,
          0.0,
          1.0
        ]
      ]
    },
    {
      "file_path": "/media/NFS/ttao/scannet/posed_images/scene0055_02/00152.jpg",
      "transform_matrix": [
        [
          0.969582,
          -0.111709,
          0.217788,
          1.114878
        ],
        [
          -0.243973,
          -0.369479,
          0.89664,
          1.051797
        ],
        [
          -0.019695,
          -0.9225,
          -0.385494,
          1.377562
        ],
        [
          0.0,
          0.0,
          0.0,
          1.0
        ]
      ]
    },
    {
      "file_path": "/media/NFS/ttao/scannet/posed_images/scene0055_02/00156.jpg",
      "transform_matrix": [
        [
          0.953649,
          -0.137471,
          0.267684,
          1.031601
        ],
        [
          -0.299815,
          -0.35788,
          0.884327,
          1.031971
        ],
        [
          -0.025771,
          -0.923593,
          -0.382508,
          1.374214
        ],
        [
          0.0,
          0.0,
          0.0,
          1.0
        ]
      ]
    },
    {
      "file_path": "/media/NFS/ttao/scannet/posed_images/scene0055_02/00163.jpg",
      "transform_matrix": [
        [
          0.908665,
          -0.232544,
          0.346772,
          0.892286
        ],
        [
          -0.412987,
          -0.378459,
          0.828378,
          1.011403
        ],
        [
          -0.061395,
          -0.895931,
          -0.439931,
          1.368782
        ],
        [
          0.0,
          0.0,
          0.0,
          1.0
        ]
      ]
    },
    {
      "file_path": "/media/NFS/ttao/scannet/posed_images/scene0055_02/00169.jpg",
      "transform_matrix": [
        [
          0.899361,
          -0.248376,
          0.359805,
          0.807245
        ],
        [
          -0.434174,
          -0.410613,
          0.801804,
          1.00441
        ],
        [
          -0.051408,
          -0.877329,
          -0.477128,
          1.355701
        ],
        [
          0.0,
          0.0,
          0.0,
          1.0
        ]
      ]
    },
    {
      "file_path": "/media/NFS/ttao/scannet/posed_images/scene0055_02/00178.jpg",
      "transform_matrix": [
        [
          0.898885,
          -0.239365,
          0.367029,
          0.730438
        ],
        [
          -0.437973,
          -0.464755,
          0.769534,
          1.013152
        ],
        [
          -0.013621,
          -0.852471,
          -0.522596,
          1.300383
        ],
        [
          0.0,
          0.0,
          0.0,
          1.0
        ]
      ]
    },
    {
      "file_path": "/media/NFS/ttao/scannet/posed_images/scene0055_02/00183.jpg",
      "transform_matrix": [
        [
          0.887713,
          -0.259371,
          0.380384,
          0.706965
        ],
        [
          -0.460266,
          -0.480202,
          0.7467,
          1.017691
        ],
        [
          -0.011011,
          -0.837934,
          -0.545661,
          1.275003
        ],
        [
          0.0,
          0.0,
          0.0,
          1.0
        ]
      ]
    },
    {
      "file_path": "/media/NFS/ttao/scannet/posed_images/scene0055_02/00189.jpg",
      "transform_matrix": [
        [
          0.882137,
          -0.266438,
          0.388388,
          0.688551
        ],
        [
          -0.47099,
          -0.496095,
          0.729423,
          1.019604
        ],
        [
          -0.001669,
          -0.826378,
          -0.563113,
          1.266889
        ],
        [
          0.0,
          0.0,
          0.0,
          1.0
        ]
      ]
    },
    {
      "file_path": "/media/NFS/ttao/scannet/posed_images/scene0055_02/00196.jpg",
      "transform_matrix": [
        [
          0.876999,
          -0.264065,
          0.401425,
          0.679176
        ],
        [
          -0.480409,
          -0.497408,
          0.722352,
          1.01335
        ],
        [
          0.008924,
          -0.82635,
          -0.563086,
          1.267342
        ],
        [
          0.0,
          0.0,
          0.0,
          1.0
        ]
      ]
    },
    {
      "file_path": "/media/NFS/ttao/scannet/posed_images/scene0055_02/00203.jpg",
      "transform_matrix": [
        [
          0.891685,
          -0.240362,
          0.383568,
          0.673175
        ],
        [
          -0.451862,
          -0.52285,
          0.722807,
          1.000625
        ],
        [
          0.026813,
          -0.817835,
          -0.574827,
          1.265023
        ],
        [
          0.0,
          0.0,
          0.0,
          1.0
        ]
      ]
    },
    {
      "file_path": "/media/NFS/ttao/scannet/posed_images/scene0055_02/00205.jpg",
      "transform_matrix": [
        [
          0.899559,
          -0.229464,
          0.371672,
          0.674795
        ],
        [
          -0.435896,
          -0.526285,
          0.730082,
          0.988944
        ],
        [
          0.028078,
          -0.818762,
          -0.573446,
          1.266101
        ],
        [
          0.0,
          0.0,
          0.0,
          1.0
        ]
      ]
    },
    {
      "file_path": "/media/NFS/ttao/scannet/posed_images/scene0055_02/00210.jpg",
      "transform_matrix": [
        [
          0.90454,
          -0.235143,
          0.355689,
          0.692772
        ],
        [
          -0.426109,
          -0.528741,
          0.734074,
          0.963345
        ],
        [
          0.015455,
          -0.815562,
          -0.578464,
          1.268567
        ],
        [
          0.0,
          0.0,
          0.0,
          1.0
        ]
      ]
    },
    {
      "file_path": "/media/NFS/ttao/scannet/posed_images/scene0055_02/00221.jpg",
      "transform_matrix": [
        [
          0.905166,
          -0.276664,
          0.322696,
          0.772912
        ],
        [
          -0.424758,
          -0.560176,
          0.711184,
          0.877137
        ],
        [
          -0.015992,
          -0.780807,
          -0.624568,
          1.27117
        ],
        [
          0.0,
          0.0,
          0.0,
          1.0
        ]
      ]
    },
    {
      "file_path": "/media/NFS/ttao/scannet/posed_images/scene0055_02/00223.jpg",
      "transform_matrix": [
        [
          0.903184,
          -0.280226,
          0.325165,
          0.789119
        ],
        [
          -0.428868,
          -0.556987,
          0.711223,
          0.85584
        ],
        [
          -0.018191,
          -0.781818,
          -0.623241,
          1.270305
        ],
        [
          0.0,
          0.0,
          0.0,
          1.0
        ]
      ]
    },
    {
      "file_path": "/media/NFS/ttao/scannet/posed_images/scene0055_02/00228.jpg",
      "transform_matrix": [
        [
          0.895608,
          -0.285665,
          0.341003,
          0.833986
        ],
        [
          -0.444562,
          -0.5474,
          0.709026,
          0.811027
        ],
        [
          -0.015879,
          -0.786606,
          -0.617251,
          1.280862
        ],
        [
          0.0,
          0.0,
          0.0,
          1.0
        ]
      ]
    },
    {
      "file_path": "/media/NFS/ttao/scannet/posed_images/scene0055_02/00234.jpg",
      "transform_matrix": [
        [
          0.883864,
          -0.302919,
          0.356405,
          0.891305
        ],
        [
          -0.467051,
          -0.530097,
          0.707715,
          0.770707
        ],
        [
          -0.02545,
          -0.791983,
          -0.610012,
          1.298398
        ],
        [
          0.0,
          0.0,
          0.0,
          1.0
        ]
      ]
    },
    {
      "file_path": "/media/NFS/ttao/scannet/posed_images/scene0055_02/00243.jpg",
      "transform_matrix": [
        [
          0.814526,
          -0.362801,
          0.452685,
          0.995647
        ],
        [
          -0.579137,
          -0.462939,
          0.671035,
          0.735826
        ],
        [
          -0.033886,
          -0.808742,
          -0.587187,
          1.324201
        ],
        [
          0.0,
          0.0,
          0.0,
          1.0
        ]
      ]
    },
    {
      "file_path": "/media/NFS/ttao/scannet/posed_images/scene0055_02/00250.jpg",
      "transform_matrix": [
        [
          0.74368,
          -0.421044,
          0.519289,
          1.050417
        ],
        [
          -0.667409,
          -0.422516,
          0.613225,
          0.720067
        ],
        [
          -0.038787,
          -0.802622,
          -0.595226,
          1.327289
        ],
        [
          0.0,
          0.0,
          0.0,
          1.0
        ]
      ]
    },
    {
      "file_path": "/media/NFS/ttao/scannet/posed_images/scene0055_02/00257.jpg",
      "transform_matrix": [
        [
          0.708519,
          -0.442396,
          0.549806,
          1.069954
        ],
        [
          -0.703405,
          -0.38005,
          0.600653,
          0.709351
        ],
        [
          -0.056772,
          -0.81231,
          -0.580456,
          1.336561
        ],
        [
          0.0,
          0.0,
          0.0,
          1.0
        ]
      ]
    },
    {
      "file_path": "/media/NFS/ttao/scannet/posed_images/scene0055_02/00259.jpg",
      "transform_matrix": [
        [
          0.706982,
          -0.440565,
          0.553244,
          1.071805
        ],
        [
          -0.704362,
          -0.368223,
          0.606866,
          0.707641
        ],
        [
          -0.063647,
          -0.818727,
          -0.570644,
          1.341995
        ],
        [
          0.0,
          0.0,
          0.0,
          1.0
        ]
      ]
    },
    {
      "file_path": "/media/NFS/ttao/scannet/posed_images/scene0055_02/00265.jpg",
      "transform_matrix": [
        [
          0.710679,
          -0.430292,
          0.556583,
          1.06975
        ],
        [
          -0.699029,
          -0.34268,
          0.627638,
          0.707078
        ],
        [
          -0.079338,
          -0.835116,
          -0.544322,
          1.353168
        ],
        [
          0.0,
          0.0,
          0.0,
          1.0
        ]
      ]
    },
    {
      "file_path": "/media/NFS/ttao/scannet/posed_images/scene0055_02/00274.jpg",
      "transform_matrix": [
        [
          0.741601,
          -0.405952,
          0.534071,
          1.064075
        ],
        [
          -0.663354,
          -0.32514,
          0.673978,
          0.709016
        ],
        [
          -0.099955,
          -0.8541,
          -0.510413,
          1.363942
        ],
        [
          0.0,
          0.0,
          0.0,
          1.0
        ]
      ]
    },
    {
      "file_path": "/media/NFS/ttao/scannet/posed_images/scene0055_02/00281.jpg",
      "transform_matrix": [
        [
          0.769033,
          -0.366595,
          0.523638,
          1.057305
        ],
        [
          -0.632663,
          -0.319601,
          0.705402,
          0.716484
        ],
        [
          -0.091242,
          -0.873764,
          -0.477715,
          1.376177
        ],
        [
          0.0,
          0.0,
          0.0,
          1.0
        ]
      ]
    },
    {
      "file_path": "/media/NFS/ttao/scannet/posed_images/scene0055_02/00286.jpg",
      "transform_matrix": [
        [
          0.782144,
          -0.35199,
          0.514154,
          1.054608
        ],
        [
          -0.615429,
          -0.307336,
          0.725804,
          0.720207
        ],
        [
          -0.097458,
          -0.884108,
          -0.457006,
          1.381315
        ],
        [
          0.0,
          0.0,
          0.0,
          1.0
        ]
      ]
    },
    {
      "file_path": "/media/NFS/ttao/scannet/posed_images/scene0055_02/00294.jpg",
      "transform_matrix": [
        [
          0.795057,
          -0.32762,
          0.510441,
          1.055462
        ],
        [
          -0.598332,
          -0.285703,
          0.748581,
          0.738462
        ],
        [
          -0.099416,
          -0.900577,
          -0.423176,
          1.40502
        ],
        [
          0.0,
          0.0,
          0.0,
          1.0
        ]
      ]
    },
    {
      "file_path": "/media/NFS/ttao/scannet/posed_images/scene0055_02/00299.jpg",
      "transform_matrix": [
        [
          0.798513,
          -0.296276,
          0.52402,
          1.062081
        ],
        [
          -0.595959,
          -0.26629,
          0.757577,
          0.750123
        ],
        [
          -0.084911,
          -0.917229,
          -0.389205,
          1.418464
        ],
        [
          0.0,
          0.0,
          0.0,
          1.0
        ]
      ]
    },
    {
      "file_path": "/media/NFS/ttao/scannet/posed_images/scene0055_02/00303.jpg",
      "transform_matrix": [
        [
          0.798827,
          -0.283791,
          0.530413,
          1.065298
        ],
        [
          -0.597625,
          -0.273694,
          0.753615,
          0.774707
        ],
        [
          -0.068698,
          -0.918996,
          -0.388235,
          1.424066
        ],
        [
          0.0,
          0.0,
          0.0,
          1.0
        ]
      ]
    },
    {
      "file_path": "/media/NFS/ttao/scannet/posed_images/scene0055_02/00306.jpg",
      "transform_matrix": [
        [
          0.792435,
          -0.282541,
          0.540572,
          1.070789
        ],
        [
          -0.607302,
          -0.28287,
          0.742408,
          0.800673
        ],
        [
          -0.056849,
          -0.9166,
          -0.395743,
          1.428862
        ],
        [
          0.0,
          0.0,
          0.0,
          1.0
        ]
      ]
    },
    {
      "file_path": "/media/NFS/ttao/scannet/posed_images/scene0055_02/00317.jpg",
      "transform_matrix": [
        [
          0.751505,
          -0.300538,
          0.587296,
          1.083853
        ],
        [
          -0.656669,
          -0.255149,
          0.709708,
          0.917589
        ],
        [
          -0.063446,
          -0.919008,
          -0.3891,
          1.464418
        ],
        [
          0.0,
          0.0,
          0.0,
          1.0
        ]
      ]
    },
    {
      "file_path": "/media/NFS/ttao/scannet/posed_images/scene0055_02/00323.jpg",
      "transform_matrix": [
        [
          0.72543,
          -0.29727,
          0.620792,
          1.117565
        ],
        [
          -0.683724,
          -0.207433,
          0.699638,
          0.953038
        ],
        [
          -0.079208,
          -0.931988,
          -0.353729,
          1.497814
        ],
        [
          0.0,
          0.0,
          0.0,
          1.0
        ]
      ]
    },
    {
      "file_path": "/media/NFS/ttao/scannet/posed_images/scene0055_02/00330.jpg",
      "transform_matrix": [
        [
          0.686557,
          -0.282209,
          0.670073,
          1.197623
        ],
        [
          -0.724977,
          -0.195733,
          0.660376,
          0.964512
        ],
        [
          -0.055209,
          -0.939173,
          -0.338977,
          1.511589
        ],
        [
          0.0,
          0.0,
          0.0,
          1.0
        ]
      ]
    },
    {
      "file_path": "/media/NFS/ttao/scannet/posed_images/scene0055_02/00332.jpg",
      "transform_matrix": [
        [
          0.679154,
          -0.282568,
          0.677426,
          1.21854
        ],
        [
          -0.732037,
          -0.193366,
          0.653248,
          0.961701
        ],
        [
          -0.053596,
          -0.939556,
          -0.338175,
          1.503724
        ],
        [
          0.0,
          0.0,
          0.0,
          1.0
        ]
      ]
    },
    {
      "file_path": "/media/NFS/ttao/scannet/posed_images/scene0055_02/00341.jpg",
      "transform_matrix": [
        [
          0.692119,
          -0.29457,
          0.658938,
          1.339748
        ],
        [
          -0.720296,
          -0.2233,
          0.656743,
          0.938446
        ],
        [
          -0.046316,
          -0.929175,
          -0.366728,
          1.50702
        ],
        [
          0.0,
          0.0,
          0.0,
          1.0
        ]
      ]
    },
    {
      "file_path": "/media/NFS/ttao/scannet/posed_images/scene0055_02/00343.jpg",
      "transform_matrix": [
        [
          0.688584,
          -0.30267,
          0.658972,
          1.366491
        ],
        [
          -0.722776,
          -0.212883,
          0.657477,
          0.928208
        ],
        [
          -0.058715,
          -0.929017,
          -0.36535,
          1.510905
        ],
        [
          0.0,
          0.0,
          0.0,
          1.0
        ]
      ]
    },
    {
      "file_path": "/media/NFS/ttao/scannet/posed_images/scene0055_02/00350.jpg",
      "transform_matrix": [
        [
          0.66401,
          -0.3249,
          0.673447,
          1.447458
        ],
        [
          -0.742931,
          -0.184862,
          0.643335,
          0.900139
        ],
        [
          -0.084524,
          -0.927505,
          -0.364129,
          1.512837
        ],
        [
          0.0,
          0.0,
          0.0,
          1.0
        ]
      ]
    },
    {
      "file_path": "/media/NFS/ttao/scannet/posed_images/scene0055_02/00355.jpg",
      "transform_matrix": [
        [
          0.643072,
          -0.350035,
          0.681127,
          1.483446
        ],
        [
          -0.760205,
          -0.184415,
          0.62296,
          0.881443
        ],
        [
          -0.092448,
          -0.918404,
          -0.38469,
          1.497367
        ],
        [
          0.0,
          0.0,
          0.0,
          1.0
        ]
      ]
    },
    {
      "file_path": "/media/NFS/ttao/scannet/posed_images/scene0055_02/00364.jpg",
      "transform_matrix": [
        [
          0.601959,
          -0.380801,
          0.701881,
          1.50888
        ],
        [
          -0.792814,
          -0.180052,
          0.58226,
          0.862597
        ],
        [
          -0.09535,
          -0.906958,
          -0.410288,
          1.475922
        ],
        [
          0.0,
          0.0,
          0.0,
          1.0
        ]
      ]
    },
    {
      "file_path": "/media/NFS/ttao/scannet/posed_images/scene0055_02/00372.jpg",
      "transform_matrix": [
        [
          0.567838,
          -0.423336,
          0.705937,
          1.520621
        ],
        [
          -0.815986,
          -0.176667,
          0.550415,
          0.856002
        ],
        [
          -0.108295,
          -0.888581,
          -0.445754,
          1.44152
        ],
        [
          0.0,
          0.0,
          0.0,
          1.0
        ]
      ]
    },
    {
      "file_path": "/media/NFS/ttao/scannet/posed_images/scene0055_02/00373.jpg",
      "transform_matrix": [
        [
          0.564036,
          -0.428651,
          0.705778,
          1.519614
        ],
        [
          -0.818445,
          -0.176757,
          0.546723,
          0.855075
        ],
        [
          -0.109602,
          -0.886011,
          -0.450524,
          1.436441
        ],
        [
          0.0,
          0.0,
          0.0,
          1.0
        ]
      ]
    },
    {
      "file_path": "/media/NFS/ttao/scannet/posed_images/scene0055_02/00379.jpg",
      "transform_matrix": [
        [
          0.548124,
          -0.465354,
          0.694986,
          1.531921
        ],
        [
          -0.828014,
          -0.184554,
          0.529465,
          0.84567
        ],
        [
          -0.118126,
          -0.86567,
          -0.486478,
          1.399556
        ],
        [
          0.0,
          0.0,
          0.0,
          1.0
        ]
      ]
    },
    {
      "file_path": "/media/NFS/ttao/scannet/posed_images/scene0055_02/00386.jpg",
      "transform_matrix": [
        [
          0.547734,
          -0.488576,
          0.679177,
          1.553246
        ],
        [
          -0.827323,
          -0.195404,
          0.526643,
          0.834188
        ],
        [
          -0.124591,
          -0.850359,
          -0.51124,
          1.376072
        ],
        [
          0.0,
          0.0,
          0.0,
          1.0
        ]
      ]
    },
    {
      "file_path": "/media/NFS/ttao/scannet/posed_images/scene0055_02/00393.jpg",
      "transform_matrix": [
        [
          0.545351,
          -0.486574,
          0.682524,
          1.584539
        ],
        [
          -0.833981,
          -0.233303,
          0.500046,
          0.837361
        ],
        [
          -0.084074,
          -0.841912,
          -0.533025,
          1.354695
        ],
        [
          0.0,
          0.0,
          0.0,
          1.0
        ]
      ]
    },
    {
      "file_path": "/media/NFS/ttao/scannet/posed_images/scene0055_02/00397.jpg",
      "transform_matrix": [
        [
          0.538608,
          -0.485678,
          0.68849,
          1.607211
        ],
        [
          -0.840193,
          -0.248445,
          0.482027,
          0.84441
        ],
        [
          -0.063058,
          -0.838088,
          -0.541878,
          1.34173
        ],
        [
          0.0,
          0.0,
          0.0,
          1.0
        ]
      ]
    },
    {
      "file_path": "/media/NFS/ttao/scannet/posed_images/scene0055_02/00404.jpg",
      "transform_matrix": [
        [
          0.553006,
          -0.469878,
          0.688041,
          1.665728
        ],
        [
          -0.83177,
          -0.263357,
          0.488674,
          0.855704
        ],
        [
          -0.048417,
          -0.842531,
          -0.536468,
          1.321293
        ],
        [
          0.0,
          0.0,
          0.0,
          1.0
        ]
      ]
    },
    {
      "file_path": "/media/NFS/ttao/scannet/posed_images/scene0055_02/00410.jpg",
      "transform_matrix": [
        [
          0.551453,
          -0.456301,
          0.698348,
          1.74777
        ],
        [
          -0.834172,
          -0.294069,
          0.466562,
          0.87471
        ],
        [
          -0.00753,
          -0.839829,
          -0.542798,
          1.315392
        ],
        [
          0.0,
          0.0,
          0.0,
          1.0
        ]
      ]
    },
    {
      "file_path": "/media/NFS/ttao/scannet/posed_images/scene0055_02/00421.jpg",
      "transform_matrix": [
        [
          0.484657,
          -0.443896,
          0.7537,
          1.855525
        ],
        [
          -0.874458,
          -0.225442,
          0.429533,
          0.858116
        ],
        [
          -0.020752,
          -0.867256,
          -0.497431,
          1.36056
        ],
        [
          0.0,
          0.0,
          0.0,
          1.0
        ]
      ]
    },
    {
      "file_path": "/media/NFS/ttao/scannet/posed_images/scene0055_02/00426.jpg",
      "transform_matrix": [
        [
          0.451492,
          -0.450989,
          0.769912,
          1.862763
        ],
        [
          -0.892251,
          -0.234603,
          0.385811,
          0.838938
        ],
        [
          0.006627,
          -0.861145,
          -0.508317,
          1.369489
        ],
        [
          0.0,
          0.0,
          0.0,
          1.0
        ]
      ]
    },
    {
      "file_path": "/media/NFS/ttao/scannet/posed_images/scene0055_02/00431.jpg",
      "transform_matrix": [
        [
          0.413615,
          -0.43668,
          0.798895,
          1.857959
        ],
        [
          -0.910448,
          -0.200998,
          0.361503,
          0.832768
        ],
        [
          0.002715,
          -0.876875,
          -0.48071,
          1.394441
        ],
        [
          0.0,
          0.0,
          0.0,
          1.0
        ]
      ]
    },
    {
      "file_path": "/media/NFS/ttao/scannet/posed_images/scene0055_02/00433.jpg",
      "transform_matrix": [
        [
          0.403724,
          -0.427696,
          0.808754,
          1.851627
        ],
        [
          -0.914878,
          -0.19111,
          0.355635,
          0.830355
        ],
        [
          0.002458,
          -0.883489,
          -0.468445,
          1.404766
        ],
        [
          0.0,
          0.0,
          0.0,
          1.0
        ]
      ]
    },
    {
      "file_path": "/media/NFS/ttao/scannet/posed_images/scene0055_02/00442.jpg",
      "transform_matrix": [
        [
          0.354674,
          -0.373353,
          0.857213,
          1.789521
        ],
        [
          -0.934152,
          -0.180321,
          0.307969,
          0.883545
        ],
        [
          0.039592,
          -0.909996,
          -0.412724,
          1.426326
        ],
        [
          0.0,
          0.0,
          0.0,
          1.0
        ]
      ]
    },
    {
      "file_path": "/media/NFS/ttao/scannet/posed_images/scene0055_02/00446.jpg",
      "transform_matrix": [
        [
          0.316338,
          -0.355501,
          0.879517,
          1.748702
        ],
        [
          -0.946976,
          -0.173343,
          0.270536,
          0.945002
        ],
        [
          0.056282,
          -0.918461,
          -0.391486,
          1.427267
        ],
        [
          0.0,
          0.0,
          0.0,
          1.0
        ]
      ]
    },
    {
      "file_path": "/media/NFS/ttao/scannet/posed_images/scene0055_02/00455.jpg",
      "transform_matrix": [
        [
          0.166116,
          -0.349359,
          0.922146,
          1.639448
        ],
        [
          -0.985327,
          -0.095971,
          0.141139,
          1.11215
        ],
        [
          0.039191,
          -0.932061,
          -0.360175,
          1.427096
        ],
        [
          0.0,
          0.0,
          0.0,
          1.0
        ]
      ]
    },
    {
      "file_path": "/media/NFS/ttao/scannet/posed_images/scene0055_02/00461.jpg",
      "transform_matrix": [
        [
          0.101039,
          -0.28041,
          0.954548,
          1.575376
        ],
        [
          -0.993805,
          -0.073085,
          0.083725,
          1.183002
        ],
        [
          0.046286,
          -0.957094,
          -0.286057,
          1.443731
        ],
        [
          0.0,
          0.0,
          0.0,
          1.0
        ]
      ]
    },
    {
      "file_path": "/media/NFS/ttao/scannet/posed_images/scene0055_02/00466.jpg",
      "transform_matrix": [
        [
          0.054312,
          -0.243372,
          0.968412,
          1.528572
        ],
        [
          -0.996917,
          -0.068215,
          0.038768,
          1.224608
        ],
        [
          0.056626,
          -0.967531,
          -0.246326,
