{
  "frames": [
    {
      "file_path": "/media/NFS/ttao/scannet/posed_images/scene0126_00/00000.jpg",
      "transform_matrix": [
        [
          -0.207785,
          -0.462455,
          0.861952,
          2.720584
        ],
        [
          -0.977184,
          0.13779,
          -0.161637,
          1.654419
        ],
        [
          -0.044019,
          -0.875871,
          -0.480534,
          1.522448
        ],
        [
          0.0,
          0.0,
          0.0,
          1.0
        ]
      ]
    },
    {
      "file_path": "/media/NFS/ttao/scannet/posed_images/scene0126_00/00008.jpg",
      "transform_matrix": [
        [
          -0.231894,
          -0.460475,
          0.856848,
          2.714302
        ],
        [
          -0.972112,
          0.141381,
          -0.18711,
          1.645388
        ],
        [
          -0.034983,
          -0.876341,
          -0.480418,
          1.521579
        ],
        [
          0.0,
          0.0,
          0.0,
          1.0
        ]
      ]
    },
    {
      "file_path": "/media/NFS/ttao/scannet/posed_images/scene0126_00/00010.jpg",
      "transform_matrix": [
        [
          -0.241625,
          -0.457008,
          0.856015,
          2.71482
        ],
        [
          -0.969841,
          0.142865,
          -0.197482,
          1.65535
        ],
        [
          -0.032044,
          -0.877914,
          -0.477745,
          1.51712
        ],
        [
          0.0,
          0.0,
          0.0,
          1.0
        ]
      ]
    },
    {
      "file_path": "/media/NFS/ttao/scannet/posed_images/scene0126_00/00015.jpg",
      "transform_matrix": [
        [
          -0.252998,
          -0.455416,
          0.853574,
          2.709693
        ],
        [
          -0.967117,
          0.142773,
          -0.210477,
          1.646688
        ],
        [
          -0.026013,
          -0.878756,
          -0.476562,
          1.517701
        ],
        [
          0.0,
          0.0,
          0.0,
          1.0
        ]
      ]
    },
    {
      "file_path": "/media/NFS/ttao/scannet/posed_images/scene0126_00/00023.jpg",
      "transform_matrix": [
        [
          -0.292153,
          -0.434675,
          0.851883,
          2.705394
        ],
        [
          -0.956279,
          0.145184,
          -0.253875,
          1.640403
        ],
        [
          -0.013327,
          -0.888808,
          -0.458086,
          1.526863
        ],
        [
          0.0,
          0.0,
          0.0,
          1.0
        ]
      ]
    },
    {
      "file_path": "/media/NFS/ttao/scannet/posed_images/scene0126_00/00027.jpg",
      "transform_matrix": [
        [
          -0.305747,
          -0.421952,
          0.853508,
          2.702448
        ],
        [
          -0.952086,
          0.142221,
          -0.27075,
          1.629323
        ],
        [
          -0.007143,
          -0.895394,
          -0.445218,
          1.53581
        ],
        [
          0.0,
          0.0,
          0.0,
          1.0
        ]
      ]
    },
    {
      "file_path": "/media/NFS/ttao/scannet/posed_images/scene0126_00/00037.jpg",
      "transform_matrix": [
        [
          -0.337589,
          -0.363316,
          0.868352,
          2.687841
        ],
        [
          -0.941274,
          0.1244,
          -0.313891,
          1.618821
        ],
        [
          0.006019,
          -0.923324,
          -0.383975,
          1.553298
        ],
        [
          0.0,
          0.0,
          0.0,
          1.0
        ]
      ]
    },
    {
      "file_path": "/media/NFS/ttao/scannet/posed_images/scene0126_00/00038.jpg",
      "transform_matrix": [
        [
          -0.337516,
          -0.357441,
          0.870815,
          2.686507
        ],
        [
          -0.94128,
          0.119637,
          -0.31572,
          1.617419
        ],
        [
          0.008669,
          -0.926241,
          -0.376832,
          1.557355
        ],
        [
          0.0,
          0.0,
          0.0,
          1.0
        ]
      ]
    },
    {
      "file_path": "/media/NFS/ttao/scannet/posed_images/scene0126_00/00043.jpg",
      "transform_matrix": [
        [
          -0.34502,
          -0.333258,
          0.87744,
          2.674144
        ],
        [
          -0.938118,
          0.092631,
          -0.333697,
          1.617305
        ],
        [
          0.029929,
          -0.938274,
          -0.344595,
          1.565698
        ],
        [
          0.0,
          0.0,
          0.0,
          1.0
        ]
      ]
    },
    {
      "file_path": "/media/NFS/ttao/scannet/posed_images/scene0126_00/00053.jpg",
      "transform_matrix": [
        [
          -0.386777,
          -0.291511,
          0.874886,
          2.663182
        ],
        [
          -0.922135,
          0.11362,
          -0.369807,
          1.602737
        ],
        [
          0.008398,
          -0.949796,
          -0.312758,
          1.582071
        ],
        [
          0.0,
          0.0,
          0.0,
          1.0
        ]
      ]
    },
    {
      "file_path": "/media/NFS/ttao/scannet/posed_images/scene0126_00/00055.jpg",
      "transform_matrix": [
        [
          -0.386931,
          -0.291396,
          0.874856,
          2.663558
        ],
        [
          -0.922026,
          0.109534,
          -0.37131,
          1.601054
        ],
        [
          0.012372,
          -0.950311,
          -0.311057,
          1.586046
        ],
        [
          0.0,
          0.0,
          0.0,
          1.0
        ]
      ]
    },
    {
      "file_path": "/media/NFS/ttao/scannet/posed_images/scene0126_00/00060.jpg",
      "transform_matrix": [
        [
          -0.379294,
          -0.276014,
          0.883149,
          2.660195
        ],
        [
          -0.925081,
          0.093502,
          -0.36808,
          1.598247
        ],
        [
          0.019019,
          -0.956595,
          -0.290799,
          1.593725
        ],
        [
          0.0,
          0.0,
          0.0,
          1.0
        ]
      ]
    },
    {
      "file_path": "/media/NFS/ttao/scannet/posed_images/scene0126_00/00067.jpg",
      "transform_matrix": [
        [
          -0.365248,
          -0.243422,
          0.898521,
          2.652196
        ],
        [
          -0.930613,
          0.071087,
          -0.359035,
          1.599304
        ],
        [
          0.023523,
          -0.967312,
          -0.252496,
          1.610625
        ],
        [
          0.0,
          0.0,
          0.0,
          1.0
        ]
      ]
    },
    {
      "file_path": "/media/NFS/ttao/scannet/posed_images/scene0126_00/00075.jpg",
      "transform_matrix": [
        [
          -0.339346,
          -0.209214,
          0.917101,
          2.648019
        ],
        [
          -0.94045,
          0.054762,
          -0.335493,
          1.610137
        ],
        [
          0.019967,
          -0.976335,
          -0.215338,
          1.642311
        ],
        [
          0.0,
          0.0,
          0.0,
          1.0
        ]
      ]
    },
    {
      "file_path": "/media/NFS/ttao/scannet/posed_images/scene0126_00/00080.jpg",
      "transform_matrix": [
        [
          -0.311345,
          -0.19401,
          0.930282,
          2.652548
        ],
        [
          -0.950089,
          0.043063,
          -0.308993,
          1.628052
        ],
        [
          0.019887,
          -0.980054,
          -0.197734,
          1.648757
        ],
        [
          0.0,
          0.0,
          0.0,
          1.0
        ]
      ]
    },
    {
      "file_path": "/media/NFS/ttao/scannet/posed_images/scene0126_00/00083.jpg",
      "transform_matrix": [
        [
          -0.296328,
          -0.198399,
          0.934253,
          2.658365
        ],
        [
          -0.954827,
          0.038738,
          -0.294627,
          1.635579
        ],
        [
          0.022263,
          -0.979356,
          -0.200916,
          1.652874
        ],
        [
          0.0,
          0.0,
          0.0,
          1.0
        ]
      ]
    },
    {
      "file_path": "/media/NFS/ttao/scannet/posed_images/scene0126_00/00088.jpg",
      "transform_matrix": [
        [
          -0.256938,
          -0.187665,
          0.948032,
          2.659629
        ],
        [
          -0.966252,
          0.031137,
          -0.255712,
          1.644699
        ],
        [
          0.018469,
          -0.981739,
          -0.189332,
          1.653351
        ],
        [
          0.0,
          0.0,
          0.0,
          1.0
        ]
      ]
    },
    {
      "file_path": "/media/NFS/ttao/scannet/posed_images/scene0126_00/00093.jpg",
      "transform_matrix": [
        [
          -0.213093,
          -0.186557,
          0.959056,
          2.671021
        ],
        [
          -0.976932,
          0.026618,
          -0.211887,
          1.663044
        ],
        [
          0.014001,
          -0.982083,
          -0.187926,
          1.657676
        ],
        [
          0.0,
          0.0,
          0.0,
          1.0
        ]
      ]
    },
    {
      "file_path": "/media/NFS/ttao/scannet/posed_images/scene0126_00/00103.jpg",
      "transform_matrix": [
        [
          -0.10574,
          -0.208059,
          0.972384,
          2.688073
        ],
        [
          -0.99426,
          0.00607,
          -0.10682,
          1.691048
        ],
        [
          0.016322,
          -0.978097,
          -0.207507,
          1.630486
        ],
        [
          0.0,
          0.0,
          0.0,
          1.0
        ]
      ]
    },
    {
      "file_path": "/media/NFS/ttao/scannet/posed_images/scene0126_00/00105.jpg",
      "transform_matrix": [
        [
          -0.086295,
          -0.213842,
          0.973049,
          2.691719
        ],
        [
          -0.996203,
          0.007223,
          -0.086761,
          1.697634
        ],
        [
          0.011524,
          -0.976842,
          -0.213653,
          1.624704
        ],
        [
          0.0,
          0.0,
          0.0,
          1.0
        ]
      ]
    },
    {
      "file_path": "/media/NFS/ttao/scannet/posed_images/scene0126_00/00113.jpg",
      "transform_matrix": [
        [
          0.018966,
          -0.23945,
          0.970723,
          2.691579
        ],
        [
          -0.999796,
          0.002279,
          0.020096,
          1.696128
        ],
        [
          -0.007025,
          -0.970906,
          -0.239358,
          1.593059
        ],
        [
          0.0,
          0.0,
          0.0,
          1.0
        ]
      ]
    },
    {
      "file_path": "/media/NFS/ttao/scannet/posed_images/scene0126_00/00120.jpg",
      "transform_matrix": [
        [
          0.120131,
          -0.281657,
          0.951965,
          2.68937
        ],
        [
          -0.992738,
          -0.027954,
          0.117005,
          1.680605
        ],
        [
          -0.006344,
          -0.959108,
          -0.28297,
          1.583776
        ],
        [
          0.0,
          0.0,
          0.0,
          1.0
        ]
      ]
    },
    {
      "file_path": "/media/NFS/ttao/scannet/posed_images/scene0126_00/00125.jpg",
      "transform_matrix": [
        [
          0.173097,
          -0.290354,
          0.941133,
          2.679956
        ],
        [
          -0.984891,
          -0.056018,
          0.163863,
          1.673426
        ],
        [
          0.005142,
          -0.955278,
          -0.295664,
          1.571828
        ],
        [
          0.0,
          0.0,
          0.0,
          1.0
        ]
      ]
    },
    {
      "file_path": "/media/NFS/ttao/scannet/posed_images/scene0126_00/00126.jpg",
      "transform_matrix": [
        [
          0.183916,
          -0.289131,
          0.939456,
          2.672168
        ],
        [
          -0.982915,
          -0.061146,
          0.173606,
          1.670828
        ],
        [
          0.007249,
          -0.955335,
          -0.295437,
          1.567043
        ],
        [
          0.0,
          0.0,
          0.0,
          1.0
        ]
      ]
    },
    {
      "file_path": "/media/NFS/ttao/scannet/posed_images/scene0126_00/00135.jpg",
      "transform_matrix": [
        [
          0.281063,
          -0.303566,
          0.910413,
          2.635934
        ],
        [
          -0.959081,
          -0.122612,
          0.255205,
          1.653824
        ],
        [
          0.034156,
          -0.944888,
          -0.325606,
          1.538943
        ],
        [
          0.0,
          0.0,
          0.0,
          1.0
        ]
      ]
    },
    {
      "file_path": "/media/NFS/ttao/scannet/posed_images/scene0126_00/00141.jpg",
      "transform_matrix": [
        [
          0.338338,
          -0.327171,
          0.882319,
          2.615828
        ],
        [
          -0.940243,
          -0.155754,
          0.302794,
          1.637356
        ],
        [
          0.038359,
          -0.932041,
          -0.360317,
          1.514067
        ],
        [
          0.0,
          0.0,
          0.0,
          1.0
        ]
      ]
    },
    {
      "file_path": "/media/NFS/ttao/scannet/posed_images/scene0126_00/00146.jpg",
      "transform_matrix": [
        [
          0.383134,
          -0.342343,
          0.85791,
          2.608267
        ],
        [
          -0.922613,
          -0.186722,
          0.33752,
          1.624174
        ],
        [
          0.044643,
          -0.920834,
          -0.38739,
          1.506149
        ],
        [
          0.0,
          0.0,
          0.0,
          1.0
        ]
      ]
    },
    {
      "file_path": "/media/NFS/ttao/scannet/posed_images/scene0126_00/00148.jpg",
      "transform_matrix": [
        [
          0.392698,
          -0.342255,
          0.85361,
          2.605382
        ],
        [
          -0.918342,
          -0.195747,
          0.343993,
          1.618231
        ],
        [
          0.049358,
          -0.918991,
          -0.391176,
          1.499347
        ],
        [
          0.0,
          0.0,
          0.0,
          1.0
        ]
      ]
    },
    {
      "file_path": "/media/NFS/ttao/scannet/posed_images/scene0126_00/00158.jpg",
      "transform_matrix": [
        [
          0.43837,
          -0.393789,
          0.807937,
          2.631738
        ],
        [
          -0.897749,
          -0.235185,
          0.372471,
          1.594089
        ],
        [
          0.04334,
          -0.888605,
          -0.456621,
          1.469767
        ],
        [
          0.0,
          0.0,
          0.0,
          1.0
        ]
      ]
    },
    {
      "file_path": "/media/NFS/ttao/scannet/posed_images/scene0126_00/00160.jpg",
      "transform_matrix": [
        [
          0.443784,
          -0.390366,
          0.806641,
          2.640649
        ],
        [
          -0.894961,
          -0.23911,
          0.376659,
          1.586557
        ],
        [
          0.045841,
          -0.889067,
          -0.455476,
          1.46596
        ],
        [
          0.0,
          0.0,
          0.0,
          1.0
        ]
      ]
    },
    {
      "file_path": "/media/NFS/ttao/scannet/posed_images/scene0126_00/00168.jpg",
      "transform_matrix": [
        [
          0.489597,
          -0.375109,
          0.787139,
          2.709671
        ],
        [
          -0.870948,
          -0.253611,
          0.420868,
          1.565555
        ],
        [
          0.041756,
          -0.891613,
          -0.450868,
          1.463509
        ],
        [
          0.0,
          0.0,
          0.0,
          1.0
        ]
      ]
    },
    {
      "file_path": "/media/NFS/ttao/scannet/posed_images/scene0126_00/00171.jpg",
      "transform_matrix": [
        [
          0.50815,
          -0.38118,
          0.772325,
          2.742884
        ],
        [
          -0.860403,
          -0.264872,
          0.435373,
          1.560172
        ],
        [
          0.038612,
          -0.885745,
          -0.462563,
          1.467396
        ],
        [
          0.0,
          0.0,
          0.0,
          1.0
        ]
      ]
    },
    {
      "file_path": "/media/NFS/ttao/scannet/posed_images/scene0126_00/00178.jpg",
      "transform_matrix": [
        [
          0.502201,
          -0.375114,
          0.779156,
          2.817548
        ],
        [
          -0.864283,
          -0.247377,
          0.437973,
          1.534064
        ],
        [
          0.028455,
          -0.893361,
          -0.448437,
          1.479405
        ],
        [
          0.0,
          0.0,
          0.0,
          1.0
        ]
      ]
    },
    {
      "file_path": "/media/NFS/ttao/scannet/posed_images/scene0126_00/00185.jpg",
      "transform_matrix": [
        [
          0.503704,
          -0.366457,
          0.782299,
          2.898995
        ],
        [
          -0.863752,
          -0.229007,
          0.448874,
          1.514018
        ],
        [
          0.014658,
          -0.901812,
          -0.43188,
          1.496642
        ],
        [
          0.0,
          0.0,
          0.0,
          1.0
        ]
      ]
    },
    {
      "file_path": "/media/NFS/ttao/scannet/posed_images/scene0126_00/00188.jpg",
      "transform_matrix": [
        [
          0.507379,
          -0.362543,
          0.781747,
          2.937888
        ],
        [
          -0.861523,
          -0.232943,
          0.451127,
          1.506152
        ],
        [
          0.01855,
          -0.902386,
          -0.430529,
          1.505106
        ],
        [
          0.0,
          0.0,
          0.0,
          1.0
        ]
      ]
    },
    {
      "file_path": "/media/NFS/ttao/scannet/posed_images/scene0126_00/00195.jpg",
      "transform_matrix": [
        [
          0.528513,
          -0.33948,
          0.778092,
          3.045165
        ],
        [
          -0.848672,
          -0.233672,
          0.474503,
          1.475023
        ],
        [
          0.020734,
          -0.911126,
          -0.411606,
          1.519677
        ],
        [
          0.0,
          0.0,
          0.0,
          1.0
        ]
      ]
    },
    {
      "file_path": "/media/NFS/ttao/scannet/posed_images/scene0126_00/00203.jpg",
      "transform_matrix": [
        [
          0.574347,
          -0.307101,
          0.758824,
          3.183951
        ],
        [
          -0.818042,
          -0.249909,
          0.518028,
          1.435499
        ],
        [
          0.03055,
          -0.918278,
          -0.394756,
          1.53224
        ],
        [
          0.0,
          0.0,
          0.0,
          1.0
        ]
      ]
    },
    {
      "file_path": "/media/NFS/ttao/scannet/posed_images/scene0126_00/00208.jpg",
      "transform_matrix": [
        [
          0.603879,
          -0.284658,
          0.744513,
          3.266096
        ],
        [
          -0.796417,
          -0.253449,
          0.549075,
          1.405804
        ],
        [
          0.032398,
          -0.924518,
          -0.379759,
          1.534521
        ],
        [
          0.0,
          0.0,
          0.0,
          1.0
        ]
      ]
    },
    {
      "file_path": "/media/NFS/ttao/scannet/posed_images/scene0126_00/00210.jpg",
      "transform_matrix": [
        [
          0.612082,
          -0.290037,
          0.735686,
          3.293986
        ],
        [
          -0.79011,
          -0.262987,
          0.553682,
          1.40271
        ],
        [
          0.032888,
          -0.920172,
          -0.390131,
          1.537071
        ],
        [
          0.0,
          0.0,
          0.0,
          1.0
        ]
      ]
    },
    {
      "file_path": "/media/NFS/ttao/scannet/posed_images/scene0126_00/00218.jpg",
      "transform_matrix": [
        [
          0.607461,
          -0.295511,
          0.737336,
          3.415667
        ],
        [
          -0.794141,
          -0.247184,
          0.555194,
          1.384595
        ],
        [
          0.018192,
          -0.922807,
          -0.384832,
          1.547961
        ],
        [
          0.0,
          0.0,
          0.0,
          1.0
        ]
      ]
    },
    {
      "file_path": "/media/NFS/ttao/scannet/posed_images/scene0126_00/00223.jpg",
      "transform_matrix": [
        [
          0.588393,
          -0.311292,
          0.746252,
          3.502624
        ],
        [
          -0.808512,
          -0.238086,
          0.538167,
          1.378391
        ],
        [
          0.010145,
          -0.920007,
          -0.391771,
          1.536466
        ],
        [
          0.0,
          0.0,
          0.0,
          1.0
        ]
      ]
    },
    {
      "file_path": "/media/NFS/ttao/scannet/posed_images/scene0126_00/00226.jpg",
      "transform_matrix": [
        [
          0.582325,
          -0.309539,
          0.75172,
          3.559657
        ],
        [
          -0.812937,
          -0.22807,
          0.535834,
          1.378474
        ],
        [
          0.005583,
          -0.92313,
          -0.384447,
          1.533868
        ],
        [
          0.0,
          0.0,
          0.0,
          1.0
        ]
      ]
    },
    {
      "file_path": "/media/NFS/ttao/scannet/posed_images/scene0126_00/00236.jpg",
      "transform_matrix": [
        [
          0.524094,
          -0.346803,
          0.777852,
          3.736928
        ],
        [
          -0.851656,
          -0.210354,
          0.480035,
          1.366877
        ],
        [
          -0.002853,
          -0.914045,
          -0.405602,
          1.53501
        ],
        [
          0.0,
          0.0,
          0.0,
          1.0
        ]
      ]
    },
    {
      "file_path": "/media/NFS/ttao/scannet/posed_images/scene0126_00/00238.jpg",
      "transform_matrix": [
        [
          0.512896,
          -0.353137,
          0.782453,
          3.767203
        ],
        [
          -0.858443,
          -0.207193,
          0.469197,
          1.362417
        ],
        [
          -0.003572,
          -0.91234,
          -0.409417,
          1.535145
        ],
        [
          0.0,
          0.0,
          0.0,
          1.0
        ]
      ]
    },
    {
      "file_path": "/media/NFS/ttao/scannet/posed_images/scene0126_00/00244.jpg",
      "transform_matrix": [
        [
          0.489687,
          -0.359241,
          0.794451,
          3.852207
        ],
        [
          -0.871895,
          -0.19923,
          0.447333,
          1.353409
        ],
        [
          -0.002422,
          -0.911731,
          -0.41078,
          1.533535
        ],
        [
          0.0,
          0.0,
          0.0,
          1.0
        ]
      ]
    },
    {
      "file_path": "/media/NFS/ttao/scannet/posed_images/scene0126_00/00249.jpg",
      "transform_matrix": [
        [
          0.497872,
          -0.34286,
          0.796599,
          3.91655
        ],
        [
          -0.867249,
          -0.195078,
          0.458065,
          1.339513
        ],
        [
          -0.001654,
          -0.918908,
          -0.394469,
          1.533314
        ],
        [
          0.0,
          0.0,
          0.0,
          1.0
        ]
      ]
    },
    {
      "file_path": "/media/NFS/ttao/scannet/posed_images/scene0126_00/00254.jpg",
      "transform_matrix": [
        [
          0.510841,
          -0.335133,
          0.791661,
          3.979204
        ],
        [
          -0.859675,
          -0.200309,
          0.469932,
          1.32874
        ],
        [
          0.001087,
          -0.920632,
          -0.390431,
          1.536583
        ],
        [
          0.0,
          0.0,
          0.0,
          1.0
        ]
      ]
    },
    {
      "file_path": "/media/NFS/ttao/scannet/posed_images/scene0126_00/00263.jpg",
      "transform_matrix": [
        [
          0.555977,
          -0.299988,
          0.775175,
          4.071651
        ],
        [
          -0.831197,
          -0.202111,
          0.517942,
          1.349756
        ],
        [
          0.001295,
          -0.932287,
          -0.361718,
          1.55264
        ],
        [
          0.0,
          0.0,
          0.0,
          1.0
        ]
      ]
    },
    {
      "file_path": "/media/NFS/ttao/scannet/posed_images/scene0126_00/00268.jpg",
      "transform_matrix": [
        [
          0.581371,
          -0.272633,
          0.766603,
          4.117883
        ],
        [
          -0.813567,
          -0.207293,
          0.543266,
          1.383612
        ],
        [
          0.010799,
          -0.939521,
          -0.342319,
          1.560556
        ],
        [
          0.0,
          0.0,
          0.0,
          1.0
        ]
      ]
    },
    {
      "file_path": "/media/NFS/ttao/scannet/posed_images/scene0126_00/00274.jpg",
      "transform_matrix": [
        [
          0.669034,
          -0.241148,
          0.703023,
          4.178268
        ],
        [
          -0.743232,
          -0.217135,
          0.632818,
          1.438768
        ],
        [
          4.8e-05,
          -0.945886,
          -0.3245,
          1.570339
        ],
        [
          0.0,
          0.0,
          0.0,
          1.0
        ]
      ]
    },
    {
      "file_path": "/media/NFS/ttao/scannet/posed_images/scene0126_00/00276.jpg",
      "transform_matrix": [
        [
          0.690341,
          -0.234135,
          0.684551,
          4.196115
        ],
        [
          -0.72345,
          -0.232559,
          0.650028,
          1.457105
        ],
        [
          0.007004,
          -0.943979,
          -0.32993,
          1.571628
        ],
        [
          0.0,
          0.0,
          0.0,
          1.0
        ]
      ]
    },
    {
      "file_path": "/media/NFS/ttao/scannet/posed_images/scene0126_00/00286.jpg",
      "transform_matrix": [
        [
          0.780303,
          -0.180502,
          0.598788,
          4.271028
        ],
        [
          -0.625168,
          -0.251357,
          0.738908,
          1.523254
        ],
        [
          0.017135,
          -0.950915,
          -0.308979,
          1.570585
        ],
        [
          0.0,
          0.0,
          0.0,
          1.0
        ]
      ]
    },
    {
      "file_path": "/media/NFS/ttao/scannet/posed_images/scene0126_00/00289.jpg",
      "transform_matrix": [
        [
          0.797901,
          -0.16551,
          0.579621,
          4.287181
        ],
        [
          -0.602319,
          -0.256831,
          0.75581,
          1.536018
        ],
        [
          0.023771,
          -0.952178,
          -0.304616,
          1.571099
        ],
        [
          0.0,
          0.0,
          0.0,
          1.0
        ]
      ]
    },
    {
      "file_path": "/media/NFS/ttao/scannet/posed_images/scene0126_00/00296.jpg",
      "transform_matrix": [
        [
          0.852378,
          -0.136286,
          0.504854,
          4.326828
        ],
        [
          -0.522447,
          -0.263285,
          0.811006,
          1.541815
        ],
        [
          0.022392,
          -0.955043,
          -0.29562,
          1.574708
        ],
        [
          0.0,
          0.0,
          0.0,
          1.0
        ]
      ]
    },
    {
      "file_path": "/media/NFS/ttao/scannet/posed_images/scene0126_00/00298.jpg",
      "transform_matrix": [
        [
          0.87391,
          -0.121668,
          0.470615,
          4.338074
        ],
        [
          -0.485354,
          -0.271578,
          0.83107,
          1.54477
        ],
        [
          0.026694,
          -0.954695,
          -0.296387,
          1.571112
        ],
        [
          0.0,
          0.0,
          0.0,
          1.0
        ]
      ]
    },
    {
      "file_path": "/media/NFS/ttao/scannet/posed_images/scene0126_00/00304.jpg",
      "transform_matrix": [
        [
          0.935339,
          -0.058108,
          0.348948,
          4.369695
        ],
        [
          -0.348663,
          -0.318167,
          0.881592,
          1.531327
        ],
        [
          0.059796,
          -0.946252,
          -0.317854,
          1.566694
        ],
        [
          0.0,
          0.0,
          0.0,
          1.0
        ]
      ]
    },
    {
      "file_path": "/media/NFS/ttao/scannet/posed_images/scene0126_00/00311.jpg",
      "transform_matrix": [
        [
          0.977162,
          0.00398,
          0.21246,
          4.405568
        ],
        [
          -0.198209,
          -0.343356,
          0.918052,
          1.519101
        ],
        [
          0.076604,
          -0.939197,
          -0.334726,
          1.557523
        ],
        [
          0.0,
          0.0,
          0.0,
          1.0
        ]
      ]
    },
    {
      "file_path": "/media/NFS/ttao/scannet/posed_images/scene0126_00/00314.jpg",
      "transform_matrix": [
        [
          0.985884,
          0.026655,
          0.165298,
          4.409781
        ],
        [
          -0.146397,
          -0.341864,
          0.928277,
          1.514778
        ],
        [
          0.081253,
          -0.939371,
          -0.333136,
          1.557557
        ],
        [
          0.0,
          0.0,
          0.0,
          1.0
        ]
      ]
    },
    {
      "file_path": "/media/NFS/ttao/scannet/posed_images/scene0126_00/00324.jpg",
      "transform_matrix": [
        [
          0.996142,
          0.085564,
          -0.019511,
          4.392917
        ],
        [
          0.046853,
          -0.330522,
          0.942635,
          1.503231
        ],
        [
          0.074207,
          -0.939912,
          -0.333256,
          1.543489
        ],
        [
          0.0,
          0.0,
          0.0,
          1.0
        ]
      ]
    },
    {
      "file_path": "/media/NFS/ttao/scannet/posed_images/scene0126_00/00329.jpg",
      "transform_matrix": [
        [
          0.988287,
          0.119488,
          -0.094927,
          4.374538
        ],
        [
          0.129306,
          -0.325312,
          0.936724,
          1.503511
        ],
        [
          0.081047,
          -0.938027,
          -0.336952,
          1.54094
        ],
        [
          0.0,
          0.0,
          0.0,
          1.0
        ]
      ]
    },
    {
      "file_path": "/media/NFS/ttao/scannet/posed_images/scene0126_00/00331.jpg",
      "transform_matrix": [
        [
          0.983848,
          0.13499,
          -0.117561,
          4.370765
        ],
        [
          0.155614,
          -0.320397,
          0.934414,
          1.498587
        ],
        [
          0.08847,
          -0.937616,
          -0.336229,
          1.539751
        ],
        [
          0.0,
          0.0,
          0.0,
          1.0
        ]
      ]
    },
    {
      "file_path": "/media/NFS/ttao/scannet/posed_images/scene0126_00/00341.jpg",
      "transform_matrix": [
        [
          0.962497,
          0.147478,
          -0.227705,
          4.337357
        ],
        [
          0.258345,
          -0.242065,
          0.935234,
          1.501859
        ],
        [
          0.082807,
          -0.958987,
          -0.271087,
          1.567497
        ],
        [
          0.0,
          0.0,
          0.0,
          1.0
        ]
      ]
    },
    {
      "file_path": "/media/NFS/ttao/scannet/posed_images/scene0126_00/00346.jpg",
      "transform_matrix": [
        [
          0.952067,
          0.133972,
          -0.274993,
          4.321966
        ],
        [
          0.297677,
          -0.198838,
          0.93373,
          1.496148
        ],
        [
          0.070414,
          -0.970832,
          -0.229187,
          1.582135
        ],
        [
          0.0,
          0.0,
          0.0,
          1.0
        ]
      ]
    },
    {
      "file_path": "/media/NFS/ttao/scannet/posed_images/scene0126_00/00353.jpg",
      "transform_matrix": [
        [
          0.931158,
          0.110634,
          -0.347427,
          4.306373
        ],
        [
          0.36183,
          -0.162805,
          0.917918,
          1.503827
        ],
        [
          0.04499,
          -0.980436,
          -0.191628,
          1.608759
        ],
        [
          0.0,
          0.0,
          0.0,
          1.0
        ]
      ]
    },
    {
      "file_path": "/media/NFS/ttao/scannet/posed_images/scene0126_00/00356.jpg",
      "transform_matrix": [
        [
          0.921923,
          0.103299,
          -0.373346,
          4.292288
        ],
        [
          0.385735,
          -0.156242,
          0.909284,
          1.501633
        ],
        [
          0.035596,
          -0.982302,
          -0.183889,
          1.616016
        ],
        [
          0.0,
          0.0,
          0.0,
          1.0
        ]
      ]
    },
    {
      "file_path": "/media/NFS/ttao/scannet/posed_images/scene0126_00/00363.jpg",
      "transform_matrix": [
        [
          0.887778,
          0.115796,
          -0.445468,
          4.299629
        ],
        [
          0.45814,
          -0.129277,
          0.879429,
          1.506573
        ],
        [
          0.044246,
          -0.984824,
          -0.167819,
          1.61765
        ],
        [
          0.0,
          0.0,
          0.0,
          1.0
        ]
      ]
    },
    {
      "file_path": "/media/NFS/ttao/scannet/posed_images/scene0126_00/00364.jpg",
      "transform_matrix": [
        [
          0.882321,
          0.115411,
          -0.456278,
          4.297984
        ],
        [
          0.46874,
          -0.128272,
          0.873973,
          1.508005
        ],
        [
          0.042338,
          -0.985001,
          -0.167275,
          1.620301
        ],
        [
          0.0,
          0.0,
          0.0,
          1.0
        ]
      ]
    },
    {
      "file_path": "/media/NFS/ttao/scannet/posed_images/scene0126_00/00374.jpg",
      "transform_matrix": [
        [
          0.831402,
          0.099714,
          -0.546652,
          4.240306
        ],
        [
          0.554986,
          -0.100177,
          0.825805,
          1.500109
        ],
        [
          0.027582,
          -0.98996,
          -0.138628,
          1.644398
        ],
        [
          0.0,
          0.0,
          0.0,
          1.0
        ]
      ]
    },
    {
      "file_path": "/media/NFS/ttao/scannet/posed_images/scene0126_00/00379.jpg",
      "transform_matrix": [
        [
          0.808304,
          0.085481,
          -0.582527,
          4.205961
        ],
        [
          0.588366,
          -0.080835,
          0.804544,
          1.483406
        ],
        [
          0.021684,
          -0.993055,
          -0.115633,
          1.642808
        ],
        [
          0.0,
          0.0,
          0.0,
          1.0
        ]
      ]
    },
    {
      "file_path": "/media/NFS/ttao/scannet/posed_images/scene0126_00/00381.jpg",
      "transform_matrix": [
        [
          0.792435,
          0.090828,
          -0.603157,
          4.226584
        ],
        [
          0.609142,
          -0.066738,
          0.790249,
          1.49878
        ],
        [
          0.031523,
          -0.993628,
          -0.108213,
          1.630968
        ],
        [
          0.0,
          0.0,
          0.0,
          1.0
        ]
      ]
    },
    {
      "file_path": "/media/NFS/ttao/scannet/posed_images/scene0126_00/00391.jpg",
      "transform_matrix": [
        [
          0.754159,
          0.108147,
          -0.647725,
          4.166922
        ],
        [
          0.654488,
          -0.043055,
          0.754845,
          1.477436
        ],
        [
          0.053746,
          -0.993202,
          -0.103251,
          1.606047
        ],
        [
          0.0,
          0.0,
          0.0,
          1.0
        ]
      ]
    },
    {
      "file_path": "/media/NFS/ttao/scannet/posed_images/scene0126_00/00396.jpg",
      "transform_matrix": [
        [
          0.740184,
          0.134559,
          -0.658803,
          4.127641
        ],
        [
          0.668455,
          -0.04122,
          0.74261,
          1.47157
        ],
        [
          0.07277,
          -0.990048,
          -0.120457,
          1.591362
        ],
        [
          0.0,
          0.0,
          0.0,
          1.0
        ]
      ]
    },
    {
      "file_path": "/media/NFS/ttao/scannet/posed_images/scene0126_00/00401.jpg",
      "transform_matrix": [
        [
          0.726404,
          0.165534,
          -0.667036,
          4.091613
        ],
        [
          0.681845,
          -0.051886,
          0.729655,
          1.489327
        ],
        [
          0.086173,
          -0.984838,
          -0.150558,
          1.599294
        ],
        [
          0.0,
          0.0,
          0.0,
          1.0
        ]
      ]
    },
    {
      "file_path": "/media/NFS/ttao/scannet/posed_images/scene0126_00/00407.jpg",
      "transform_matrix": [
        [
          0.718676,
          0.1539,
          -0.678101,
          4.065914
        ],
        [
          0.691271,
          -0.052709,
          0.720671,
          1.493575
        ],
        [
          0.075169,
          -0.98668,
          -0.144267,
          1.587146
        ],
        [
          0.0,
          0.0,
          0.0,
          1.0
        ]
      ]
    },
    {
      "file_path": "/media/NFS/ttao/scannet/posed_images/scene0126_00/00409.jpg",
      "transform_matrix": [
        [
          0.714861,
          0.15065,
          -0.682846,
          4.058674
        ],
        [
          0.695945,
          -0.058208,
          0.715733,
          1.494519
        ],
        [
          0.068079,
          -0.986872,
          -0.146455,
          1.583442
        ],
        [
          0.0,
          0.0,
          0.0,
          1.0
        ]
      ]
    },
    {
      "file_path": "/media/NFS/ttao/scannet/posed_images/scene0126_00/00414.jpg",
      "transform_matrix": [
        [
          0.687608,
          0.168213,
          -0.706328,
          4.067377
        ],
        [
          0.723632,
          -0.078913,
          0.68566,
          1.501169
        ],
        [
          0.059598,
          -0.982587,
          -0.175986,
          1.565042
        ],
        [
          0.0,
          0.0,
          0.0,
          1.0
        ]
      ]
    },
    {
      "file_path": "/media/NFS/ttao/scannet/posed_images/scene0126_00/00422.jpg",
      "transform_matrix": [
        [
          0.616754,
          0.216726,
          -0.756733,
          4.082596
        ],
        [
          0.783879,
          -0.081471,
          0.615545,
          1.494562
        ],
        [
          0.071753,
          -0.972827,
          -0.220135,
          1.547264
        ],
        [
          0.0,
          0.0,
          0.0,
          1.0
        ]
      ]
    },
    {
      "file_path": "/media/NFS/ttao/scannet/posed_images/scene0126_00/00426.jpg",
      "transform_matrix": [
        [
          0.591617,
          0.23143,
          -0.772289,
          4.095386
        ],
        [
          0.803647,
          -0.092825,
          0.587822,
          1.49065
        ],
        [
          0.064352,
          -0.968413,
          -0.240904,
