{
  "frames": [
    {
      "file_path": "/media/NFS/ttao/scannet/posed_images/scene0073_03/00000.jpg",
      "transform_matrix": [
        [
          -0.601221,
          -0.386908,
          0.699167,
          1.858619
        ],
        [
          -0.797818,
          0.339854,
          -0.497982,
          1.452277
        ],
        [
          -0.044941,
          -0.857206,
          -0.51301,
          1.299185
        ],
        [
          0.0,
          0.0,
          0.0,
          1.0
        ]
      ]
    },
    {
      "file_path": "/media/NFS/ttao/scannet/posed_images/scene0073_03/00004.jpg",
      "transform_matrix": [
        [
          -0.605538,
          -0.395319,
          0.690685,
          1.863382
        ],
        [
          -0.794775,
          0.344796,
          -0.499449,
          1.457278
        ],
        [
          -0.040704,
          -0.851375,
          -0.522977,
          1.292634
        ],
        [
          0.0,
          0.0,
          0.0,
          1.0
        ]
      ]
    },
    {
      "file_path": "/media/NFS/ttao/scannet/posed_images/scene0073_03/00008.jpg",
      "transform_matrix": [
        [
          -0.607584,
          -0.397807,
          0.687453,
          1.866148
        ],
        [
          -0.793457,
          0.342806,
          -0.502902,
          1.462689
        ],
        [
          -0.035606,
          -0.851019,
          -0.523926,
          1.29025
        ],
        [
          0.0,
          0.0,
          0.0,
          1.0
        ]
      ]
    },
    {
      "file_path": "/media/NFS/ttao/scannet/posed_images/scene0073_03/00011.jpg",
      "transform_matrix": [
        [
          -0.610527,
          -0.402291,
          0.682216,
          1.870652
        ],
        [
          -0.791521,
          0.339753,
          -0.507999,
          1.467601
        ],
        [
          -0.027422,
          -0.850135,
          -0.52585,
          1.290171
        ],
        [
          0.0,
          0.0,
          0.0,
          1.0
        ]
      ]
    },
    {
      "file_path": "/media/NFS/ttao/scannet/posed_images/scene0073_03/00016.jpg",
      "transform_matrix": [
        [
          -0.60065,
          -0.412353,
          0.684971,
          1.868859
        ],
        [
          -0.798883,
          0.343536,
          -0.49373,
          1.46979
        ],
        [
          -0.03172,
          -0.84377,
          -0.535767,
          1.270818
        ],
        [
          0.0,
          0.0,
          0.0,
          1.0
        ]
      ]
    },
    {
      "file_path": "/media/NFS/ttao/scannet/posed_images/scene0073_03/00021.jpg",
      "transform_matrix": [
        [
          -0.590991,
          -0.428084,
          0.68372,
          1.869577
        ],
        [
          -0.806479,
          0.33237,
          -0.489001,
          1.477878
        ],
        [
          -0.017915,
          -0.840401,
          -0.541668,
          1.233881
        ],
        [
          0.0,
          0.0,
          0.0,
          1.0
        ]
      ]
    },
    {
      "file_path": "/media/NFS/ttao/scannet/posed_images/scene0073_03/00028.jpg",
      "transform_matrix": [
        [
          -0.564774,
          -0.464886,
          0.681844,
          1.852905
        ],
        [
          -0.824633,
          0.349764,
          -0.444574,
          1.47602
        ],
        [
          -0.031808,
          -0.813355,
          -0.580897,
          1.160013
        ],
        [
          0.0,
          0.0,
          0.0,
          1.0
        ]
      ]
    },
    {
      "file_path": "/media/NFS/ttao/scannet/posed_images/scene0073_03/00032.jpg",
      "transform_matrix": [
        [
          -0.557749,
          -0.465566,
          0.687142,
          1.850101
        ],
        [
          -0.828863,
          0.355916,
          -0.431636,
          1.474818
        ],
        [
          -0.04361,
          -0.810292,
          -0.584402,
          1.132831
        ],
        [
          0.0,
          0.0,
          0.0,
          1.0
        ]
      ]
    },
    {
      "file_path": "/media/NFS/ttao/scannet/posed_images/scene0073_03/00033.jpg",
      "transform_matrix": [
        [
          -0.556447,
          -0.465977,
          0.687919,
          1.846454
        ],
        [
          -0.829806,
          0.353816,
          -0.431552,
          1.474631
        ],
        [
          -0.042304,
          -0.810975,
          -0.58355,
          1.124555
        ],
        [
          0.0,
          0.0,
          0.0,
          1.0
        ]
      ]
    },
    {
      "file_path": "/media/NFS/ttao/scannet/posed_images/scene0073_03/00037.jpg",
      "transform_matrix": [
        [
          -0.567504,
          -0.468134,
          0.67734,
          1.851225
        ],
        [
          -0.822589,
          0.35821,
          -0.441626,
          1.473073
        ],
        [
          -0.03589,
          -0.807797,
          -0.588368,
          1.110088
        ],
        [
          0.0,
          0.0,
          0.0,
          1.0
        ]
      ]
    },
    {
      "file_path": "/media/NFS/ttao/scannet/posed_images/scene0073_03/00042.jpg",
      "transform_matrix": [
        [
          -0.574582,
          -0.454916,
          0.680373,
          1.856337
        ],
        [
          -0.817798,
          0.352231,
          -0.455127,
          1.476841
        ],
        [
          -0.032604,
          -0.817915,
          -0.574415,
          1.111924
        ],
        [
          0.0,
          0.0,
          0.0,
          1.0
        ]
      ]
    },
    {
      "file_path": "/media/NFS/ttao/scannet/posed_images/scene0073_03/00048.jpg",
      "transform_matrix": [
        [
          -0.580234,
          -0.393832,
          0.712899,
          1.874907
        ],
        [
          -0.813847,
          0.314031,
          -0.488915,
          1.474511
        ],
        [
          -0.031322,
          -0.863876,
          -0.50273,
          1.167532
        ],
        [
          0.0,
          0.0,
          0.0,
          1.0
        ]
      ]
    },
    {
      "file_path": "/media/NFS/ttao/scannet/posed_images/scene0073_03/00049.jpg",
      "transform_matrix": [
        [
          -0.57735,
          -0.381477,
          0.721902,
          1.876926
        ],
        [
          -0.815847,
          0.304797,
          -0.491419,
          1.472355
        ],
        [
          -0.032569,
          -0.872682,
          -0.487201,
          1.180204
        ],
        [
          0.0,
          0.0,
          0.0,
          1.0
        ]
      ]
    },
    {
      "file_path": "/media/NFS/ttao/scannet/posed_images/scene0073_03/00054.jpg",
      "transform_matrix": [
        [
          -0.544145,
          -0.303037,
          0.782352,
          1.863033
        ],
        [
          -0.838092,
          0.239492,
          -0.490148,
          1.474932
        ],
        [
          -0.038834,
          -0.922395,
          -0.384291,
          1.211813
        ],
        [
          0.0,
          0.0,
          0.0,
          1.0
        ]
      ]
    },
    {
      "file_path": "/media/NFS/ttao/scannet/posed_images/scene0073_03/00061.jpg",
      "transform_matrix": [
        [
          -0.517172,
          -0.246928,
          0.819488,
          1.868522
        ],
        [
          -0.854936,
          0.194035,
          -0.481076,
          1.476153
        ],
        [
          -0.040218,
          -0.949409,
          -0.311457,
          1.262835
        ],
        [
          0.0,
          0.0,
          0.0,
          1.0
        ]
      ]
    },
    {
      "file_path": "/media/NFS/ttao/scannet/posed_images/scene0073_03/00064.jpg",
      "transform_matrix": [
        [
          -0.51164,
          -0.228976,
          0.828128,
          1.870979
        ],
        [
          -0.85876,
          0.167145,
          -0.48435,
          1.481102
        ],
        [
          -0.027513,
          -0.958975,
          -0.282154,
          1.280807
        ],
        [
          0.0,
          0.0,
          0.0,
          1.0
        ]
      ]
    },
    {
      "file_path": "/media/NFS/ttao/scannet/posed_images/scene0073_03/00067.jpg",
      "transform_matrix": [
        [
          -0.511211,
          -0.215805,
          0.831921,
          1.877149
        ],
        [
          -0.859232,
          0.150406,
          -0.488977,
          1.49042
        ],
        [
          -0.019603,
          -0.964783,
          -0.262316,
          1.297566
        ],
        [
          0.0,
          0.0,
          0.0,
          1.0
        ]
      ]
    },
    {
      "file_path": "/media/NFS/ttao/scannet/posed_images/scene0073_03/00073.jpg",
      "transform_matrix": [
        [
          -0.487041,
          -0.18017,
          0.854594,
          1.871796
        ],
        [
          -0.872984,
          0.129886,
          -0.470138,
          1.494158
        ],
        [
          -0.026295,
          -0.975022,
          -0.220545,
          1.33151
        ],
        [
          0.0,
          0.0,
          0.0,
          1.0
        ]
      ]
    },
    {
      "file_path": "/media/NFS/ttao/scannet/posed_images/scene0073_03/00074.jpg",
      "transform_matrix": [
        [
          -0.484165,
          -0.17811,
          0.856657,
          1.871481
        ],
        [
          -0.874625,
          0.126274,
          -0.468067,
          1.495586
        ],
        [
          -0.024806,
          -0.975875,
          -0.216916,
          1.334256
        ],
        [
          0.0,
          0.0,
          0.0,
          1.0
        ]
      ]
    },
    {
      "file_path": "/media/NFS/ttao/scannet/posed_images/scene0073_03/00082.jpg",
      "transform_matrix": [
        [
          -0.450274,
          -0.183124,
          0.873911,
          1.867772
        ],
        [
          -0.892459,
          0.122733,
          -0.434113,
          1.497936
        ],
        [
          -0.027761,
          -0.975399,
          -0.218694,
          1.339355
        ],
        [
          0.0,
          0.0,
          0.0,
          1.0
        ]
      ]
    },
    {
      "file_path": "/media/NFS/ttao/scannet/posed_images/scene0073_03/00083.jpg",
      "transform_matrix": [
        [
          -0.448073,
          -0.190248,
          0.87352,
          1.868156
        ],
        [
          -0.893588,
          0.124858,
          -0.431173,
          1.496579
        ],
        [
          -0.027036,
          -0.973764,
          -0.225949,
          1.336029
        ],
        [
          0.0,
          0.0,
          0.0,
          1.0
        ]
      ]
    },
    {
      "file_path": "/media/NFS/ttao/scannet/posed_images/scene0073_03/00090.jpg",
      "transform_matrix": [
        [
          -0.459776,
          -0.269216,
          0.846244,
          1.882466
        ],
        [
          -0.887531,
          0.171409,
          -0.427677,
          1.497656
        ],
        [
          -0.029916,
          -0.947704,
          -0.317747,
          1.29559
        ],
        [
          0.0,
          0.0,
          0.0,
          1.0
        ]
      ]
    },
    {
      "file_path": "/media/NFS/ttao/scannet/posed_images/scene0073_03/00093.jpg",
      "transform_matrix": [
        [
          -0.457681,
          -0.312645,
          0.832335,
          1.88278
        ],
        [
          -0.888428,
          0.197667,
          -0.414276,
          1.488808
        ],
        [
          -0.035004,
          -0.929075,
          -0.368231,
          1.274845
        ],
        [
          0.0,
          0.0,
          0.0,
          1.0
        ]
      ]
    },
    {
      "file_path": "/media/NFS/ttao/scannet/posed_images/scene0073_03/00096.jpg",
      "transform_matrix": [
        [
          -0.450727,
          -0.365516,
          0.814397,
          1.884113
        ],
        [
          -0.892089,
          0.217118,
          -0.396279,
          1.482083
        ],
        [
          -0.031974,
          -0.905129,
          -0.423934,
          1.250343
        ],
        [
          0.0,
          0.0,
          0.0,
          1.0
        ]
      ]
    },
    {
      "file_path": "/media/NFS/ttao/scannet/posed_images/scene0073_03/00100.jpg",
      "transform_matrix": [
        [
          -0.424172,
          -0.441199,
          0.790837,
          1.889783
        ],
        [
          -0.905444,
          0.221889,
          -0.361853,
          1.492453
        ],
        [
          -0.015829,
          -0.869545,
          -0.493599,
          1.207932
        ],
        [
          0.0,
          0.0,
          0.0,
          1.0
        ]
      ]
    },
    {
      "file_path": "/media/NFS/ttao/scannet/posed_images/scene0073_03/00105.jpg",
      "transform_matrix": [
        [
          -0.383757,
          -0.503541,
          0.774065,
          1.885638
        ],
        [
          -0.923286,
          0.224252,
          -0.311857,
          1.494107
        ],
        [
          -0.016553,
          -0.834361,
          -0.550971,
          1.169402
        ],
        [
          0.0,
          0.0,
          0.0,
          1.0
        ]
      ]
    },
    {
      "file_path": "/media/NFS/ttao/scannet/posed_images/scene0073_03/00108.jpg",
      "transform_matrix": [
        [
          -0.365239,
          -0.535311,
          0.761606,
          1.884067
        ],
        [
          -0.930854,
          0.219323,
          -0.292249,
          1.498106
        ],
        [
          -0.010594,
          -0.815684,
          -0.578401,
          1.145043
        ],
        [
          0.0,
          0.0,
          0.0,
          1.0
        ]
      ]
    },
    {
      "file_path": "/media/NFS/ttao/scannet/posed_images/scene0073_03/00115.jpg",
      "transform_matrix": [
        [
          -0.304519,
          -0.611697,
          0.730134,
          1.883971
        ],
        [
          -0.952318,
          0.210742,
          -0.220629,
          1.511515
        ],
        [
          -0.018912,
          -0.762506,
          -0.646705,
          1.097419
        ],
        [
          0.0,
          0.0,
          0.0,
          1.0
        ]
      ]
    },
    {
      "file_path": "/media/NFS/ttao/scannet/posed_images/scene0073_03/00120.jpg",
      "transform_matrix": [
        [
          -0.273262,
          -0.646294,
          0.712483,
          1.891127
        ],
        [
          -0.961861,
          0.193044,
          -0.193797,
          1.526172
        ],
        [
          -0.012291,
          -0.738267,
          -0.674397,
          1.086457
        ],
        [
          0.0,
          0.0,
          0.0,
          1.0
        ]
      ]
    },
    {
      "file_path": "/media/NFS/ttao/scannet/posed_images/scene0073_03/00122.jpg",
      "transform_matrix": [
        [
          -0.258934,
          -0.652321,
          0.712342,
          1.894466
        ],
        [
          -0.965784,
          0.186039,
          -0.180697,
          1.528911
        ],
        [
          -0.014651,
          -0.734757,
          -0.678173,
          1.087348
        ],
        [
          0.0,
          0.0,
          0.0,
          1.0
        ]
      ]
    },
    {
      "file_path": "/media/NFS/ttao/scannet/posed_images/scene0073_03/00125.jpg",
      "transform_matrix": [
        [
          -0.237348,
          -0.654423,
          0.717912,
          1.900004
        ],
        [
          -0.971231,
          0.174622,
          -0.161919,
          1.537384
        ],
        [
          -0.0194,
          -0.735689,
          -0.677042,
          1.091984
        ],
        [
          0.0,
          0.0,
          0.0,
          1.0
        ]
      ]
    },
    {
      "file_path": "/media/NFS/ttao/scannet/posed_images/scene0073_03/00130.jpg",
      "transform_matrix": [
        [
          -0.19228,
          -0.644105,
          0.740377,
          1.908889
        ],
        [
          -0.980943,
          0.147616,
          -0.126335,
          1.550259
        ],
        [
          -0.027918,
          -0.750559,
          -0.660214,
          1.10614
        ],
        [
          0.0,
          0.0,
          0.0,
          1.0
        ]
      ]
    },
    {
      "file_path": "/media/NFS/ttao/scannet/posed_images/scene0073_03/00136.jpg",
      "transform_matrix": [
        [
          -0.141515,
          -0.616122,
          0.774834,
          1.928502
        ],
        [
          -0.989262,
          0.116897,
          -0.087725,
          1.571626
        ],
        [
          -0.036526,
          -0.778928,
          -0.626049,
          1.144349
        ],
        [
          0.0,
          0.0,
          0.0,
          1.0
        ]
      ]
    },
    {
      "file_path": "/media/NFS/ttao/scannet/posed_images/scene0073_03/00137.jpg",
      "transform_matrix": [
        [
          -0.133639,
          -0.60921,
          0.781667,
          1.932816
        ],
        [
          -0.990334,
          0.111657,
          -0.082292,
          1.574564
        ],
        [
          -0.037145,
          -0.785109,
          -0.618243,
          1.153109
        ],
        [
          0.0,
          0.0,
          0.0,
          1.0
        ]
      ]
    },
    {
      "file_path": "/media/NFS/ttao/scannet/posed_images/scene0073_03/00145.jpg",
      "transform_matrix": [
        [
          -0.081743,
          -0.529269,
          0.844507,
          1.953568
        ],
        [
          -0.99617,
          0.069776,
          -0.052693,
          1.59802
        ],
        [
          -0.031037,
          -0.84558,
          -0.532946,
          1.215745
        ],
        [
          0.0,
          0.0,
          0.0,
          1.0
        ]
      ]
    },
    {
      "file_path": "/media/NFS/ttao/scannet/posed_images/scene0073_03/00149.jpg",
      "transform_matrix": [
        [
          -0.07633,
          -0.512943,
          0.855022,
          1.969287
        ],
        [
          -0.996768,
          0.060784,
          -0.052518,
          1.614257
        ],
        [
          -0.025033,
          -0.856268,
          -0.515925,
          1.23934
        ],
        [
          0.0,
          0.0,
          0.0,
          1.0
        ]
      ]
    },
    {
      "file_path": "/media/NFS/ttao/scannet/posed_images/scene0073_03/00150.jpg",
      "transform_matrix": [
        [
          -0.07601,
          -0.495837,
          0.865083,
          1.959727
        ],
        [
          -0.996711,
          0.062242,
          -0.0519,
          1.616848
        ],
        [
          -0.02811,
          -0.866182,
          -0.498937,
          1.231044
        ],
        [
          0.0,
          0.0,
          0.0,
          1.0
        ]
      ]
    },
    {
      "file_path": "/media/NFS/ttao/scannet/posed_images/scene0073_03/00155.jpg",
      "transform_matrix": [
        [
          -0.077628,
          -0.44646,
          0.89143,
          1.971578
        ],
        [
          -0.996649,
          0.05788,
          -0.057802,
          1.6316
        ],
        [
          -0.02579,
          -0.89293,
          -0.449457,
          1.267454
        ],
        [
          0.0,
          0.0,
          0.0,
          1.0
        ]
      ]
    },
    {
      "file_path": "/media/NFS/ttao/scannet/posed_images/scene0073_03/00161.jpg",
      "transform_matrix": [
        [
          -0.08952,
          -0.40139,
          0.911522,
          1.973844
        ],
        [
          -0.995845,
          0.051404,
          -0.075166,
          1.644886
        ],
        [
          -0.016685,
          -0.914464,
          -0.404324,
          1.291941
        ],
        [
          0.0,
          0.0,
          0.0,
          1.0
        ]
      ]
    },
    {
      "file_path": "/media/NFS/ttao/scannet/posed_images/scene0073_03/00163.jpg",
      "transform_matrix": [
        [
          -0.088996,
          -0.397247,
          0.913386,
          1.975866
        ],
        [
          -0.995982,
          0.044731,
          -0.07759,
          1.647729
        ],
        [
          -0.010035,
          -0.916621,
          -0.399632,
          1.296948
        ],
        [
          0.0,
          0.0,
          0.0,
          1.0
        ]
      ]
    },
    {
      "file_path": "/media/NFS/ttao/scannet/posed_images/scene0073_03/00170.jpg",
      "transform_matrix": [
        [
          -0.002099,
          -0.455076,
          0.89045,
          1.972694
        ],
        [
          -0.999703,
          0.02256,
          0.009173,
          1.633865
        ],
        [
          -0.024263,
          -0.890167,
          -0.454989,
          1.258902
        ],
        [
          0.0,
          0.0,
          0.0,
          1.0
        ]
      ]
    },
    {
      "file_path": "/media/NFS/ttao/scannet/posed_images/scene0073_03/00174.jpg",
      "transform_matrix": [
        [
          0.072743,
          -0.500332,
          0.862772,
          1.96183
        ],
        [
          -0.996532,
          -0.001417,
          0.083199,
          1.605852
        ],
        [
          -0.040405,
          -0.865832,
          -0.4987,
          1.231628
        ],
        [
          0.0,
          0.0,
          0.0,
          1.0
        ]
      ]
    },
    {
      "file_path": "/media/NFS/ttao/scannet/posed_images/scene0073_03/00179.jpg",
      "transform_matrix": [
        [
          0.159445,
          -0.521847,
          0.838005,
          1.943924
        ],
        [
          -0.986089,
          -0.043803,
          0.160343,
          1.580613
        ],
        [
          -0.046967,
          -0.851914,
          -0.521571,
          1.19772
        ],
        [
          0.0,
          0.0,
          0.0,
          1.0
        ]
      ]
    },
    {
      "file_path": "/media/NFS/ttao/scannet/posed_images/scene0073_03/00183.jpg",
      "transform_matrix": [
        [
          0.203948,
          -0.532922,
          0.821218,
          1.933532
        ],
        [
          -0.978551,
          -0.086084,
          0.187158,
          1.586986
        ],
        [
          -0.029047,
          -0.841774,
          -0.539048,
          1.171836
        ],
        [
          0.0,
          0.0,
          0.0,
          1.0
        ]
      ]
    },
    {
      "file_path": "/media/NFS/ttao/scannet/posed_images/scene0073_03/00187.jpg",
      "transform_matrix": [
        [
          0.226126,
          -0.519931,
          0.823734,
          1.920885
        ],
        [
          -0.973845,
          -0.101389,
          0.203338,
          1.573869
        ],
        [
          -0.022204,
          -0.84817,
          -0.529259,
          1.153702
        ],
        [
          0.0,
          0.0,
          0.0,
          1.0
        ]
      ]
    },
    {
      "file_path": "/media/NFS/ttao/scannet/posed_images/scene0073_03/00189.jpg",
      "transform_matrix": [
        [
          0.227845,
          -0.519213,
          0.823714,
          1.917053
        ],
        [
          -0.973233,
          -0.0953,
          0.209132,
          1.563214
        ],
        [
          -0.030084,
          -0.849315,
          -0.527029,
          1.144687
        ],
        [
          0.0,
          0.0,
          0.0,
          1.0
        ]
      ]
    },
    {
      "file_path": "/media/NFS/ttao/scannet/posed_images/scene0073_03/00193.jpg",
      "transform_matrix": [
        [
          0.232275,
          -0.529127,
          0.816133,
          1.908355
        ],
        [
          -0.971053,
          -0.078088,
          0.225739,
          1.545369
        ],
        [
          -0.055715,
          -0.844942,
          -0.531948,
          1.127897
        ],
        [
          0.0,
          0.0,
          0.0,
          1.0
        ]
      ]
    },
    {
      "file_path": "/media/NFS/ttao/scannet/posed_images/scene0073_03/00199.jpg",
      "transform_matrix": [
        [
          0.264315,
          -0.551529,
          0.791172,
          1.89742
        ],
        [
          -0.962921,
          -0.104947,
          0.248533,
          1.538816
        ],
        [
          -0.054042,
          -0.827527,
          -0.558818,
          1.108459
        ],
        [
          0.0,
          0.0,
          0.0,
          1.0
        ]
      ]
    },
    {
      "file_path": "/media/NFS/ttao/scannet/posed_images/scene0073_03/00200.jpg",
      "transform_matrix": [
        [
          0.26584,
          -0.556285,
          0.787322,
          1.901125
        ],
        [
          -0.962629,
          -0.109373,
          0.247755,
          1.546557
        ],
        [
          -0.051711,
          -0.823762,
          -0.564572,
          1.114814
        ],
        [
          0.0,
          0.0,
          0.0,
          1.0
        ]
      ]
    },
    {
      "file_path": "/media/NFS/ttao/scannet/posed_images/scene0073_03/00206.jpg",
      "transform_matrix": [
        [
          0.303756,
          -0.518445,
          0.799341,
          1.903103
        ],
        [
          -0.951826,
          -0.128187,
          0.27856,
          1.555736
        ],
        [
          -0.041953,
          -0.845448,
          -0.532407,
          1.141464
        ],
        [
          0.0,
          0.0,
          0.0,
          1.0
        ]
      ]
    },
    {
      "file_path": "/media/NFS/ttao/scannet/posed_images/scene0073_03/00209.jpg",
      "transform_matrix": [
        [
          0.324901,
          -0.487968,
          0.81014,
          1.90658
        ],
        [
          -0.945068,
          -0.135036,
          0.297677,
          1.566559
        ],
        [
          -0.035858,
          -0.862353,
          -0.505037,
          1.163528
        ],
        [
          0.0,
          0.0,
          0.0,
          1.0
        ]
      ]
    },
    {
      "file_path": "/media/NFS/ttao/scannet/posed_images/scene0073_03/00217.jpg",
      "transform_matrix": [
        [
          0.393513,
          -0.375866,
          0.838971,
          1.898677
        ],
        [
          -0.919082,
          -0.140122,
          0.368313,
          1.596129
        ],
        [
          -0.020878,
          -0.916019,
          -0.400592,
          1.223408
        ],
        [
          0.0,
          0.0,
          0.0,
          1.0
        ]
      ]
    },
    {
      "file_path": "/media/NFS/ttao/scannet/posed_images/scene0073_03/00219.jpg",
      "transform_matrix": [
        [
          0.407149,
          -0.3538,
          0.842054,
          1.894787
        ],
        [
          -0.913063,
          -0.134074,
          0.38515,
          1.603228
        ],
        [
          -0.023369,
          -0.925662,
          -0.37763,
          1.235497
        ],
        [
          0.0,
          0.0,
          0.0,
          1.0
        ]
      ]
    },
    {
      "file_path": "/media/NFS/ttao/scannet/posed_images/scene0073_03/00223.jpg",
      "transform_matrix": [
        [
          0.42652,
          -0.318747,
          0.846452,
          1.882777
        ],
        [
          -0.904149,
          -0.12501,
          0.408518,
          1.633582
        ],
        [
          -0.024399,
          -0.93956,
          -0.341514,
          1.262666
        ],
        [
          0.0,
          0.0,
          0.0,
          1.0
        ]
      ]
    },
    {
      "file_path": "/media/NFS/ttao/scannet/posed_images/scene0073_03/00230.jpg",
      "transform_matrix": [
        [
          0.457117,
          -0.248686,
          0.853932,
          1.858533
        ],
        [
          -0.889246,
          -0.109569,
          0.444112,
          1.679844
        ],
        [
          -0.01688,
          -0.962367,
          -0.271229,
          1.311345
        ],
        [
          0.0,
          0.0,
          0.0,
          1.0
        ]
      ]
    },
    {
      "file_path": "/media/NFS/ttao/scannet/posed_images/scene0073_03/00232.jpg",
      "transform_matrix": [
        [
          0.466559,
          -0.230864,
          0.853829,
          1.853664
        ],
        [
          -0.884277,
          -0.100585,
          0.456,
          1.689071
        ],
        [
          -0.019392,
          -0.967773,
          -0.251077,
          1.323408
        ],
        [
          0.0,
          0.0,
          0.0,
          1.0
        ]
      ]
    },
    {
      "file_path": "/media/NFS/ttao/scannet/posed_images/scene0073_03/00237.jpg",
      "transform_matrix": [
        [
          0.500987,
          -0.175361,
          0.847502,
          1.833926
        ],
        [
          -0.86496,
          -0.068345,
          0.497165,
          1.705401
        ],
        [
          -0.029261,
          -0.982129,
          -0.18592,
          1.358343
        ],
        [
          0.0,
          0.0,
          0.0,
          1.0
        ]
      ]
    },
    {
      "file_path": "/media/NFS/ttao/scannet/posed_images/scene0073_03/00242.jpg",
      "transform_matrix": [
        [
          0.538488,
          -0.139296,
          0.83104,
          1.812171
        ],
        [
          -0.841859,
          -0.046671,
          0.537676,
          1.719465
        ],
        [
          -0.03611,
          -0.98915,
          -0.1424,
          1.38411
        ],
        [
          0.0,
          0.0,
          0.0,
          1.0
        ]
      ]
    },
    {
      "file_path": "/media/NFS/ttao/scannet/posed_images/scene0073_03/00243.jpg",
      "transform_matrix": [
        [
          0.545503,
          -0.138169,
          0.826641,
          1.808248
        ],
        [
          -0.837469,
          -0.05132,
          0.54407,
          1.723284
        ],
        [
          -0.032751,
          -0.989078,
          -0.143707,
          1.384183
        ],
        [
          0.0,
          0.0,
          0.0,
          1.0
        ]
      ]
    },
    {
      "file_path": "/media/NFS/ttao/scannet/posed_images/scene0073_03/00247.jpg",
      "transform_matrix": [
        [
          0.572519,
          -0.149729,
          0.806104,
          1.798423
        ],
        [
          -0.819571,
          -0.07702,
          0.567778,
          1.740421
        ],
        [
          -0.022927,
          -0.985723,
          -0.166809,
          1.37508
        ],
        [
          0.0,
          0.0,
          0.0,
          1.0
        ]
      ]
    },
    {
      "file_path": "/media/NFS/ttao/scannet/posed_images/scene0073_03/00255.jpg",
      "transform_matrix": [
        [
          0.60757,
          -0.215408,
          0.764499,
          1.804834
        ],
        [
          -0.794087,
          -0.14429,
          0.590429,
          1.769114
        ],
        [
          -0.016874,
          -0.965805,
          -0.258719,
          1.344245
        ],
        [
          0.0,
          0.0,
          0.0,
          1.0
        ]
      ]
    },
    {
      "file_path": "/media/NFS/ttao/scannet/posed_images/scene0073_03/00256.jpg",
      "transform_matrix": [
        [
          0.609217,
          -0.223607,
          0.760825,
          1.806068
        ],
        [
          -0.792867,
          -0.153939,
          0.589631,
          1.772012
        ],
        [
          -0.014725,
          -0.962446,
          -0.271073,
          1.338342
        ],
        [
          0.0,
          0.0,
          0.0,
          1.0
        ]
      ]
    },
    {
      "file_path": "/media/NFS/ttao/scannet/posed_images/scene0073_03/00260.jpg",
      "transform_matrix": [
        [
          0.612412,
          -0.286978,
          0.736611,
          1.817535
        ],
        [
          -0.790409,
          -0.20537,
          0.577128,
          1.786155
        ],
        [
          -0.014345,
          -0.935664,
          -0.352601,
          1.297882
        ],
        [
          0.0,
          0.0,
          0.0,
          1.0
        ]
      ]
    },
    {
      "file_path": "/media/NFS/ttao/scannet/posed_images/scene0073_03/00264.jpg",
      "transform_matrix": [
        [
          0.615124,
          -0.336071,
          0.713217,
          1.824279
        ],
        [
          -0.788302,
          -0.245851,
          0.564036,
          1.792186
        ],
        [
          -0.014211,
          -0.909183,
          -0.416155,
          1.257317
        ],
        [
          0.0,
          0.0,
          0.0,
          1.0
        ]
      ]
    },
    {
      "file_path": "/media/NFS/ttao/scannet/posed_images/scene0073_03/00271.jpg",
      "transform_matrix": [
        [
          0.660426,
          -0.39476,
          0.63875,
          1.840981
        ],
        [
          -0.750331,
          -0.314085,
          0.581682,
          1.787711
        ],
        [
          -0.029003,
          -0.863432,
          -0.503631,
          1.184567
        ],
        [
          0.0,
          0.0,
          0.0,
          1.0
        ]
      ]
    },
    {
      "file_path": "/media/NFS/ttao/scannet/posed_images/scene0073_03/00272.jpg",
      "transform_matrix": [
        [
          0.672103,
          -0.397558,
          0.62468,
          1.844508
        ],
        [
          -0.73988,
          -0.327242,
          0.587785,
          1.784368
        ],
        [
          -0.029257,
          -0.85724,
          -0.514085,
          1.175439
        ],
        [
          0.0,
          0.0,
          0.0,
          1.0
        ]
      ]
    },
    {
      "file_path": "/media/NFS/ttao/scannet/posed_images/scene0073_03/00280.jpg",
      "transform_matrix": [
        [
          0.741052,
          -0.415375,
          0.527546,
          1.863941
        ],
        [
          -0.671095,
          -0.432725,
          0.601981,
          1.747492
        ],
        [
          -0.021765,
          -0.800133,
          -0.599428,
          1.092977
        ],
        [
          0.0,
          0.0,
          0.0,
          1.0
        ]
      ]
    },
    {
      "file_path": "/media/NFS/ttao/scannet/posed_images/scene0073_03/00282.jpg",
      "transform_matrix": [
        [
          0.753564,
          -0.413343,
          0.511164,
          1.869674
        ],
        [
          -0.657186,
          -0.455086,
          0.600835,
          1.737898
        ],
        [
          -0.015727,
          -0.788698,
          -0.61458,
          1.079495
        ],
        [
          0.0,
          0.0,
          0.0,
          1.0
        ]
      ]
    },
    {
      "file_path": "/media/NFS/ttao/scannet/posed_images/scene0073_03/00285.jpg",
      "transform_matrix": [
        [
          0.769012,
          -0.41655,
          0.484878,
          1.875834
        ],
        [
          -0.63897,
          -0.479099,
          0.601815,
          1.727026
        ],
        [
          -0.018382,
          -0.772626,
          -0.634596,
          1.064409
        ],
        [
          0.0,
          0.0,
          0.0,
          1.0
        ]
      ]
    },
    {
      "file_path": "/media/NFS/ttao/scannet/posed_images/scene0073_03/00293.jpg",
      "transform_matrix": [
        [
          0.814739,
          -0.409475,
          0.410525,
          1.859508
        ],
        [
          -0.577026,
          -0.503071,
          0.643398,
          1.715284
        ],
        [
          -0.056932,
          -0.761085,
          -0.646149,
          1.064361
        ],
        [
          0.0,
          0.0,
          0.0,
          1.0
        ]
      ]
    },
    {
      "file_path": "/media/NFS/ttao/scannet/posed_images/scene0073_03/00294.jpg",
      "transform_matrix": [
        [
          0.817174,
          -0.406287,
          0.408849,
          1.856988
        ],
        [
          -0.573174,
          -0.497948,
          0.650784,
          1.716697
        ],
        [
          -0.06082,
          -0.766145,
          -0.639783,
          1.072259
        ],
        [
          0.0,
          0.0,
          0.0,
          1.0
        ]
      ]
    },
    {
      "file_path": "/media/NFS/ttao/scannet/posed_images/scene0073_03/00300.jpg",
      "transform_matrix": [
        [
          0.838554,
          -0.348016,
          0.419181,
          1.854971
        ],
        [
          -0.541533,
          -0.448034,
          0.711343,
          1.709245
        ],
        [
          -0.059752,
          -0.823499,
          -0.564162,
          1.132113
        ],
        [
          0.0,
          0.0,
          0.0,
          1.0
        ]
      ]
    },
    {
      "file_path": "/media/NFS/ttao/scannet/posed_images/scene0073_03/00301.jpg",
      "transform_matrix": [
        [
          0.839991,
          -0.34029,
          0.422631,
          1.853469
        ],
        [
          -0.539578,
          -0.441779,
          0.71672,
          1.71209
        ],
        [
          -0.057183,
          -0.830081,
          -0.554703,
          1.145623
        ],
        [
          0.0,
          0.0,
          0.0,
          1.0
        ]
      ]
    },
    {
      "file_path": "/media/NFS/ttao/scannet/posed_images/scene0073_03/00309.jpg",
      "transform_matrix": [
        [
          0.854768,
          -0.239259,
          0.460573,
          1.825958
        ],
        [
          -0.518625,
          -0.359526,
          0.775738,
          1.725784
        ],
        [
          -0.020014,
          -0.90194,
          -0.431397,
          1.277877
        ],
        [
          0.0,
          0.0,
          0.0,
          1.0
        ]
      ]
    },
    {
      "file_path": "/media/NFS/ttao/scannet/posed_images/scene0073_03/00310.jpg",
      "transform_matrix": [
        [
          0.855973,
          -0.232446,
          0.461821,
          1.829777
        ],
        [
          -0.516613,
          -0.349103,
          0.781817,
          1.72286
        ],
        [
          -0.020507,
          -0.907798,
          -0.418907,
          1.290387
        ],
        [
          0.0,
          0.0,
          0.0,
          1.0
        ]
      ]
    },
    {
      "file_path": "/media/NFS/ttao/scannet/posed_images/scene0073_03/00318.jpg",
      "transform_matrix": [
        [
          0.853467,
          -0.170212,
          0.492567,
          1.811993
        ],
        [
          -0.5211,
          -0.266087,
          0.810958,
          1.719298
        ],
        [
          -0.006969,
          -0.948802,
          -0.315794,
          1.39497
        ],
        [
          0.0,
          0.0,
          0.0,
          1.0
        ]
      ]
    },
    {
      "file_path": "/media/NFS/ttao/scannet/posed_images/scene0073_03/00322.jpg",
      "transform_matrix": [
        [
          0.847808,
          -0.141131,
          0.511178,
          1.804636
        ],
        [
          -0.530284,
          -0.233742,
          0.814962,
          1.716135
        ],
        [
          0.004467,
          -0.962002,
          -0.273008,
          1.428668
        ],
        [
          0.0,
          0.0,
          0.0,
          1.0
        ]
      ]
    },
    {
      "file_path": "/media/NFS/ttao/scannet/posed_images/scene0073_03/00325.jpg",
      "transform_matrix": [
        [
          0.840298,
          -0.120915,
          0.528469,
          1.804895
        ],
        [
          -0.542122,
          -0.190518,
          0.818417,
          1.707604
        ],
