{
  "frames": [
    {
      "file_path": "/media/NFS/ttao/scannet/posed_images/scene0586_02/00001.jpg",
      "transform_matrix": [
        [
          -0.216019,
          0.088295,
          0.972389,
          3.8047
        ],
        [
          -0.976041,
          0.00707,
          -0.217473,
          1.184307
        ],
        [
          -0.026076,
          -0.996069,
          0.084652,
          1.574823
        ],
        [
          0.0,
          0.0,
          0.0,
          1.0
        ]
      ]
    },
    {
      "file_path": "/media/NFS/ttao/scannet/posed_images/scene0586_02/00002.jpg",
      "transform_matrix": [
        [
          -0.217649,
          0.089203,
          0.971942,
          3.80582
        ],
        [
          -0.975689,
          0.006321,
          -0.219068,
          1.184856
        ],
        [
          -0.025685,
          -0.995994,
          0.085658,
          1.571961
        ],
        [
          0.0,
          0.0,
          0.0,
          1.0
        ]
      ]
    },
    {
      "file_path": "/media/NFS/ttao/scannet/posed_images/scene0586_02/00005.jpg",
      "transform_matrix": [
        [
          -0.222669,
          0.097721,
          0.969984,
          3.805894
        ],
        [
          -0.974569,
          0.003372,
          -0.224061,
          1.184867
        ],
        [
          -0.025166,
          -0.995208,
          0.094485,
          1.579058
        ],
        [
          0.0,
          0.0,
          0.0,
          1.0
        ]
      ]
    },
    {
      "file_path": "/media/NFS/ttao/scannet/posed_images/scene0586_02/00006.jpg",
      "transform_matrix": [
        [
          -0.220535,
          0.095758,
          0.970667,
          3.805862
        ],
        [
          -0.975075,
          0.003187,
          -0.221851,
          1.185072
        ],
        [
          -0.024337,
          -0.9954,
          0.092668,
          1.582559
        ],
        [
          0.0,
          0.0,
          0.0,
          1.0
        ]
      ]
    },
    {
      "file_path": "/media/NFS/ttao/scannet/posed_images/scene0586_02/00009.jpg",
      "transform_matrix": [
        [
          -0.215039,
          0.074972,
          0.973724,
          3.810412
        ],
        [
          -0.976475,
          -0.00018,
          -0.215632,
          1.18395
        ],
        [
          -0.015991,
          -0.997186,
          0.073247,
          1.56975
        ],
        [
          0.0,
          0.0,
          0.0,
          1.0
        ]
      ]
    },
    {
      "file_path": "/media/NFS/ttao/scannet/posed_images/scene0586_02/00010.jpg",
      "transform_matrix": [
        [
          -0.214451,
          0.052325,
          0.975332,
          3.81516
        ],
        [
          -0.976707,
          -0.003973,
          -0.21454,
          1.183199
        ],
        [
          -0.007351,
          -0.998622,
          0.051958,
          1.570289
        ],
        [
          0.0,
          0.0,
          0.0,
          1.0
        ]
      ]
    },
    {
      "file_path": "/media/NFS/ttao/scannet/posed_images/scene0586_02/00013.jpg",
      "transform_matrix": [
        [
          -0.208295,
          -0.003306,
          0.97806,
          3.827905
        ],
        [
          -0.978059,
          0.004596,
          -0.208279,
          1.181561
        ],
        [
          -0.003807,
          -0.999984,
          -0.00419,
          1.547419
        ],
        [
          0.0,
          0.0,
          0.0,
          1.0
        ]
      ]
    },
    {
      "file_path": "/media/NFS/ttao/scannet/posed_images/scene0586_02/00015.jpg",
      "transform_matrix": [
        [
          -0.199697,
          -0.042584,
          0.978932,
          3.835607
        ],
        [
          -0.979852,
          0.012115,
          -0.199358,
          1.177501
        ],
        [
          -0.003371,
          -0.999019,
          -0.044145,
          1.523985
        ],
        [
          0.0,
          0.0,
          0.0,
          1.0
        ]
      ]
    },
    {
      "file_path": "/media/NFS/ttao/scannet/posed_images/scene0586_02/00016.jpg",
      "transform_matrix": [
        [
          -0.195539,
          -0.064136,
          0.978597,
          3.839725
        ],
        [
          -0.980686,
          0.017313,
          -0.194821,
          1.174975
        ],
        [
          -0.004448,
          -0.997791,
          -0.066283,
          1.514889
        ],
        [
          0.0,
          0.0,
          0.0,
          1.0
        ]
      ]
    },
    {
      "file_path": "/media/NFS/ttao/scannet/posed_images/scene0586_02/00018.jpg",
      "transform_matrix": [
        [
          -0.185301,
          -0.102256,
          0.977347,
          3.845478
        ],
        [
          -0.982667,
          0.024803,
          -0.183714,
          1.170158
        ],
        [
          -0.005455,
          -0.994449,
          -0.10508,
          1.489329
        ],
        [
          0.0,
          0.0,
          0.0,
          1.0
        ]
      ]
    },
    {
      "file_path": "/media/NFS/ttao/scannet/posed_images/scene0586_02/00020.jpg",
      "transform_matrix": [
        [
          -0.179379,
          -0.143316,
          0.973285,
          3.852129
        ],
        [
          -0.983685,
          0.039894,
          -0.175421,
          1.172005
        ],
        [
          -0.013688,
          -0.988873,
          -0.148134,
          1.464812
        ],
        [
          0.0,
          0.0,
          0.0,
          1.0
        ]
      ]
    },
    {
      "file_path": "/media/NFS/ttao/scannet/posed_images/scene0586_02/00023.jpg",
      "transform_matrix": [
        [
          -0.165674,
          -0.201144,
          0.96545,
          3.857675
        ],
        [
          -0.986163,
          0.039602,
          -0.160977,
          1.169149
        ],
        [
          -0.005854,
          -0.978761,
          -0.204921,
          1.432345
        ],
        [
          0.0,
          0.0,
          0.0,
          1.0
        ]
      ]
    },
    {
      "file_path": "/media/NFS/ttao/scannet/posed_images/scene0586_02/00025.jpg",
      "transform_matrix": [
        [
          -0.161204,
          -0.238022,
          0.957788,
          3.860043
        ],
        [
          -0.986907,
          0.033668,
          -0.157739,
          1.168938
        ],
        [
          0.005299,
          -0.970676,
          -0.240333,
          1.407426
        ],
        [
          0.0,
          0.0,
          0.0,
          1.0
        ]
      ]
    },
    {
      "file_path": "/media/NFS/ttao/scannet/posed_images/scene0586_02/00026.jpg",
      "transform_matrix": [
        [
          -0.159369,
          -0.253647,
          0.954078,
          3.861214
        ],
        [
          -0.987202,
          0.035283,
          -0.155522,
          1.170148
        ],
        [
          0.005786,
          -0.966653,
          -0.256024,
          1.395902
        ],
        [
          0.0,
          0.0,
          0.0,
          1.0
        ]
      ]
    },
    {
      "file_path": "/media/NFS/ttao/scannet/posed_images/scene0586_02/00029.jpg",
      "transform_matrix": [
        [
          -0.147634,
          -0.289354,
          0.945769,
          3.861303
        ],
        [
          -0.988971,
          0.031693,
          -0.144682,
          1.175764
        ],
        [
          0.01189,
          -0.956697,
          -0.290842,
          1.367757
        ],
        [
          0.0,
          0.0,
          0.0,
          1.0
        ]
      ]
    },
    {
      "file_path": "/media/NFS/ttao/scannet/posed_images/scene0586_02/00030.jpg",
      "transform_matrix": [
        [
          -0.143052,
          -0.304938,
          0.941567,
          3.86414
        ],
        [
          -0.9897,
          0.038743,
          -0.137818,
          1.17113
        ],
        [
          0.005547,
          -0.951584,
          -0.307339,
          1.361202
        ],
        [
          0.0,
          0.0,
          0.0,
          1.0
        ]
      ]
    },
    {
      "file_path": "/media/NFS/ttao/scannet/posed_images/scene0586_02/00032.jpg",
      "transform_matrix": [
        [
          -0.138329,
          -0.322476,
          0.936416,
          3.865365
        ],
        [
          -0.990304,
          0.032816,
          -0.134989,
          1.183224
        ],
        [
          0.012801,
          -0.946009,
          -0.323888,
          1.347806
        ],
        [
          0.0,
          0.0,
          0.0,
          1.0
        ]
      ]
    },
    {
      "file_path": "/media/NFS/ttao/scannet/posed_images/scene0586_02/00035.jpg",
      "transform_matrix": [
        [
          -0.121582,
          -0.344588,
          0.930847,
          3.863532
        ],
        [
          -0.992172,
          0.015265,
          -0.123941,
          1.190503
        ],
        [
          0.0285,
          -0.93863,
          -0.343747,
          1.333523
        ],
        [
          0.0,
          0.0,
          0.0,
          1.0
        ]
      ]
    },
    {
      "file_path": "/media/NFS/ttao/scannet/posed_images/scene0586_02/00037.jpg",
      "transform_matrix": [
        [
          -0.115771,
          -0.35177,
          0.9289,
          3.863354
        ],
        [
          -0.992681,
          0.008615,
          -0.120458,
          1.196367
        ],
        [
          0.034371,
          -0.936047,
          -0.350193,
          1.327015
        ],
        [
          0.0,
          0.0,
          0.0,
          1.0
        ]
      ]
    },
    {
      "file_path": "/media/NFS/ttao/scannet/posed_images/scene0586_02/00038.jpg",
      "transform_matrix": [
        [
          -0.11223,
          -0.350698,
          0.929739,
          3.861897
        ],
        [
          -0.993026,
          0.00558,
          -0.117764,
          1.197808
        ],
        [
          0.036112,
          -0.936472,
          -0.348879,
          1.324309
        ],
        [
          0.0,
          0.0,
          0.0,
          1.0
        ]
      ]
    },
    {
      "file_path": "/media/NFS/ttao/scannet/posed_images/scene0586_02/00040.jpg",
      "transform_matrix": [
        [
          -0.10179,
          -0.349301,
          0.931465,
          3.858895
        ],
        [
          -0.994394,
          0.008775,
          -0.105376,
          1.194006
        ],
        [
          0.028634,
          -0.936969,
          -0.348236,
          1.319797
        ],
        [
          0.0,
          0.0,
          0.0,
          1.0
        ]
      ]
    },
    {
      "file_path": "/media/NFS/ttao/scannet/posed_images/scene0586_02/00043.jpg",
      "transform_matrix": [
        [
          -0.0803,
          -0.358373,
          0.930119,
          3.854376
        ],
        [
          -0.996416,
          0.003983,
          -0.08449,
          1.196663
        ],
        [
          0.026574,
          -0.93357,
          -0.357408,
          1.310162
        ],
        [
          0.0,
          0.0,
          0.0,
          1.0
        ]
      ]
    },
    {
      "file_path": "/media/NFS/ttao/scannet/posed_images/scene0586_02/00044.jpg",
      "transform_matrix": [
        [
          -0.071727,
          -0.357954,
          0.93098,
          3.854235
        ],
        [
          -0.997075,
          0.001024,
          -0.076426,
          1.19726
        ],
        [
          0.026404,
          -0.933738,
          -0.356981,
          1.311319
        ],
        [
          0.0,
          0.0,
          0.0,
          1.0
        ]
      ]
    },
    {
      "file_path": "/media/NFS/ttao/scannet/posed_images/scene0586_02/00046.jpg",
      "transform_matrix": [
        [
          -0.053897,
          -0.341684,
          0.938268,
          3.849965
        ],
        [
          -0.998249,
          -0.004491,
          -0.058978,
          1.197471
        ],
        [
          0.024366,
          -0.939804,
          -0.340843,
          1.312066
        ],
        [
          0.0,
          0.0,
          0.0,
          1.0
        ]
      ]
    },
    {
      "file_path": "/media/NFS/ttao/scannet/posed_images/scene0586_02/00048.jpg",
      "transform_matrix": [
        [
          -0.036322,
          -0.313979,
          0.948735,
          3.847304
        ],
        [
          -0.999173,
          -0.005957,
          -0.040225,
          1.197214
        ],
        [
          0.018281,
          -0.949411,
          -0.313503,
          1.318337
        ],
        [
          0.0,
          0.0,
          0.0,
          1.0
        ]
      ]
    },
    {
      "file_path": "/media/NFS/ttao/scannet/posed_images/scene0586_02/00051.jpg",
      "transform_matrix": [
        [
          -0.006216,
          -0.269152,
          0.963078,
          3.835036
        ],
        [
          -0.999971,
          -0.002528,
          -0.007161,
          1.18706
        ],
        [
          0.004362,
          -0.963094,
          -0.269129,
          1.329556
        ],
        [
          0.0,
          0.0,
          0.0,
          1.0
        ]
      ]
    },
    {
      "file_path": "/media/NFS/ttao/scannet/posed_images/scene0586_02/00053.jpg",
      "transform_matrix": [
        [
          0.011271,
          -0.244384,
          0.969613,
          3.830682
        ],
        [
          -0.999935,
          -0.004535,
          0.01048,
          1.187937
        ],
        [
          0.001836,
          -0.969668,
          -0.244419,
          1.336352
        ],
        [
          0.0,
          0.0,
          0.0,
          1.0
        ]
      ]
    },
    {
      "file_path": "/media/NFS/ttao/scannet/posed_images/scene0586_02/00055.jpg",
      "transform_matrix": [
        [
          0.0278,
          -0.223118,
          0.974395,
          3.827585
        ],
        [
          -0.999611,
          -0.00818,
          0.026646,
          1.186879
        ],
        [
          0.002025,
          -0.974757,
          -0.223258,
          1.344043
        ],
        [
          0.0,
          0.0,
          0.0,
          1.0
        ]
      ]
    },
    {
      "file_path": "/media/NFS/ttao/scannet/posed_images/scene0586_02/00057.jpg",
      "transform_matrix": [
        [
          0.042518,
          -0.204797,
          0.97788,
          3.824574
        ],
        [
          -0.999093,
          -0.011095,
          0.041117,
          1.185598
        ],
        [
          0.002429,
          -0.978742,
          -0.205083,
          1.350325
        ],
        [
          0.0,
          0.0,
          0.0,
          1.0
        ]
      ]
    },
    {
      "file_path": "/media/NFS/ttao/scannet/posed_images/scene0586_02/00059.jpg",
      "transform_matrix": [
        [
          0.050106,
          -0.195413,
          0.97944,
          3.824507
        ],
        [
          -0.998737,
          -0.013314,
          0.048437,
          1.191162
        ],
        [
          0.003575,
          -0.980631,
          -0.195833,
          1.356715
        ],
        [
          0.0,
          0.0,
          0.0,
          1.0
        ]
      ]
    },
    {
      "file_path": "/media/NFS/ttao/scannet/posed_images/scene0586_02/00061.jpg",
      "transform_matrix": [
        [
          0.050612,
          -0.193462,
          0.979801,
          3.824601
        ],
        [
          -0.998715,
          -0.012239,
          0.049172,
          1.194269
        ],
        [
          0.002478,
          -0.981032,
          -0.193833,
          1.369848
        ],
        [
          0.0,
          0.0,
          0.0,
          1.0
        ]
      ]
    },
    {
      "file_path": "/media/NFS/ttao/scannet/posed_images/scene0586_02/00062.jpg",
      "transform_matrix": [
        [
          0.046802,
          -0.189605,
          0.980744,
          3.827157
        ],
        [
          -0.998903,
          -0.010478,
          0.045643,
          1.19687
        ],
        [
          0.001622,
          -0.981805,
          -0.189888,
          1.372671
        ],
        [
          0.0,
          0.0,
          0.0,
          1.0
        ]
      ]
    },
    {
      "file_path": "/media/NFS/ttao/scannet/posed_images/scene0586_02/00065.jpg",
      "transform_matrix": [
        [
          0.037917,
          -0.164058,
          0.985722,
          3.834094
        ],
        [
          -0.999224,
          0.004306,
          0.039153,
          1.203471
        ],
        [
          -0.010667,
          -0.986441,
          -0.163767,
          1.386289
        ],
        [
          0.0,
          0.0,
          0.0,
          1.0
        ]
      ]
    },
    {
      "file_path": "/media/NFS/ttao/scannet/posed_images/scene0586_02/00066.jpg",
      "transform_matrix": [
        [
          0.038329,
          -0.156559,
          0.986925,
          3.836427
        ],
        [
          -0.999158,
          0.008438,
          0.040143,
          1.205642
        ],
        [
          -0.014613,
          -0.987633,
          -0.156103,
          1.391308
        ],
        [
          0.0,
          0.0,
          0.0,
          1.0
        ]
      ]
    },
    {
      "file_path": "/media/NFS/ttao/scannet/posed_images/scene0586_02/00068.jpg",
      "transform_matrix": [
        [
          0.040291,
          -0.13257,
          0.990354,
          3.841017
        ],
        [
          -0.999088,
          0.008709,
          0.041812,
          1.211011
        ],
        [
          -0.014169,
          -0.991135,
          -0.132098,
          1.401197
        ],
        [
          0.0,
          0.0,
          0.0,
          1.0
        ]
      ]
    },
    {
      "file_path": "/media/NFS/ttao/scannet/posed_images/scene0586_02/00070.jpg",
      "transform_matrix": [
        [
          0.044063,
          -0.117271,
          0.992122,
          3.842299
        ],
        [
          -0.99892,
          0.009467,
          0.045484,
          1.218214
        ],
        [
          -0.014727,
          -0.993055,
          -0.116727,
          1.414124
        ],
        [
          0.0,
          0.0,
          0.0,
          1.0
        ]
      ]
    },
    {
      "file_path": "/media/NFS/ttao/scannet/posed_images/scene0586_02/00073.jpg",
      "transform_matrix": [
        [
          0.05369,
          -0.106849,
          0.992825,
          3.848364
        ],
        [
          -0.998371,
          0.013462,
          0.055439,
          1.2293
        ],
        [
          -0.019289,
          -0.994184,
          -0.105952,
          1.427636
        ],
        [
          0.0,
          0.0,
          0.0,
          1.0
        ]
      ]
    },
    {
      "file_path": "/media/NFS/ttao/scannet/posed_images/scene0586_02/00074.jpg",
      "transform_matrix": [
        [
          0.056278,
          -0.103694,
          0.993016,
          3.850277
        ],
        [
          -0.998157,
          0.01679,
          0.058323,
          1.233233
        ],
        [
          -0.02272,
          -0.994468,
          -0.102558,
          1.430927
        ],
        [
          0.0,
          0.0,
          0.0,
          1.0
        ]
      ]
    },
    {
      "file_path": "/media/NFS/ttao/scannet/posed_images/scene0586_02/00076.jpg",
      "transform_matrix": [
        [
          0.059064,
          -0.088704,
          0.994305,
          3.854363
        ],
        [
          -0.997811,
          0.024439,
          0.061452,
          1.241573
        ],
        [
          -0.029751,
          -0.995758,
          -0.087066,
          1.441206
        ],
        [
          0.0,
          0.0,
          0.0,
          1.0
        ]
      ]
    },
    {
      "file_path": "/media/NFS/ttao/scannet/posed_images/scene0586_02/00078.jpg",
      "transform_matrix": [
        [
          0.066194,
          -0.07042,
          0.995319,
          3.856511
        ],
        [
          -0.997316,
          0.026609,
          0.068209,
          1.246803
        ],
        [
          -0.031288,
          -0.997162,
          -0.06847,
          1.454151
        ],
        [
          0.0,
          0.0,
          0.0,
          1.0
        ]
      ]
    },
    {
      "file_path": "/media/NFS/ttao/scannet/posed_images/scene0586_02/00081.jpg",
      "transform_matrix": [
        [
          0.08637,
          -0.052138,
          0.994898,
          3.857908
        ],
        [
          -0.995843,
          0.024476,
          0.087735,
          1.249273
        ],
        [
          -0.028925,
          -0.99834,
          -0.049807,
          1.468183
        ],
        [
          0.0,
          0.0,
          0.0,
          1.0
        ]
      ]
    },
    {
      "file_path": "/media/NFS/ttao/scannet/posed_images/scene0586_02/00082.jpg",
      "transform_matrix": [
        [
          0.090686,
          -0.047742,
          0.994735,
          3.860941
        ],
        [
          -0.995532,
          0.022052,
          0.091817,
          1.251509
        ],
        [
          -0.02632,
          -0.998616,
          -0.045529,
          1.469309
        ],
        [
          0.0,
          0.0,
          0.0,
          1.0
        ]
      ]
    },
    {
      "file_path": "/media/NFS/ttao/scannet/posed_images/scene0586_02/00084.jpg",
      "transform_matrix": [
        [
          0.099986,
          -0.039772,
          0.994194,
          3.866516
        ],
        [
          -0.9947,
          0.020069,
          0.10084,
          1.255057
        ],
        [
          -0.023963,
          -0.999007,
          -0.037554,
          1.478735
        ],
        [
          0.0,
          0.0,
          0.0,
          1.0
        ]
      ]
    },
    {
      "file_path": "/media/NFS/ttao/scannet/posed_images/scene0586_02/00087.jpg",
      "transform_matrix": [
        [
          0.118004,
          -0.020944,
          0.992792,
          3.876565
        ],
        [
          -0.992812,
          0.01763,
          0.118378,
          1.259263
        ],
        [
          -0.019982,
          -0.999625,
          -0.018713,
          1.492168
        ],
        [
          0.0,
          0.0,
          0.0,
          1.0
        ]
      ]
    },
    {
      "file_path": "/media/NFS/ttao/scannet/posed_images/scene0586_02/00089.jpg",
      "transform_matrix": [
        [
          0.133273,
          -0.009438,
          0.991034,
          3.88518
        ],
        [
          -0.990957,
          0.014445,
          0.1334,
          1.259638
        ],
        [
          -0.015575,
          -0.999851,
          -0.007428,
          1.493852
        ],
        [
          0.0,
          0.0,
          0.0,
          1.0
        ]
      ]
    },
    {
      "file_path": "/media/NFS/ttao/scannet/posed_images/scene0586_02/00091.jpg",
      "transform_matrix": [
        [
          0.153276,
          -0.005243,
          0.98817,
          3.894389
        ],
        [
          -0.988127,
          0.009866,
          0.153321,
          1.250352
        ],
        [
          -0.010553,
          -0.999938,
          -0.003668,
          1.502332
        ],
        [
          0.0,
          0.0,
          0.0,
          1.0
        ]
      ]
    },
    {
      "file_path": "/media/NFS/ttao/scannet/posed_images/scene0586_02/00093.jpg",
      "transform_matrix": [
        [
          0.171501,
          -0.00119,
          0.985183,
          3.904353
        ],
        [
          -0.985147,
          0.008397,
          0.171505,
          1.246101
        ],
        [
          -0.008477,
          -0.999964,
          0.000268,
          1.508127
        ],
        [
          0.0,
          0.0,
          0.0,
          1.0
        ]
      ]
    },
    {
      "file_path": "/media/NFS/ttao/scannet/posed_images/scene0586_02/00094.jpg",
      "transform_matrix": [
        [
          0.182908,
          0.001203,
          0.983129,
          3.909602
        ],
        [
          -0.9831,
          0.00803,
          0.182893,
          1.242628
        ],
        [
          -0.007675,
          -0.999967,
          0.002652,
          1.509022
        ],
        [
          0.0,
          0.0,
          0.0,
          1.0
        ]
      ]
    },
    {
      "file_path": "/media/NFS/ttao/scannet/posed_images/scene0586_02/00097.jpg",
      "transform_matrix": [
        [
          0.213716,
          0.015438,
          0.976774,
          3.925627
        ],
        [
          -0.976892,
          0.006219,
          0.213643,
          1.230803
        ],
        [
          -0.002776,
          -0.999862,
          0.016411,
          1.52318
        ],
        [
          0.0,
          0.0,
          0.0,
          1.0
        ]
      ]
    },
    {
      "file_path": "/media/NFS/ttao/scannet/posed_images/scene0586_02/00100.jpg",
      "transform_matrix": [
        [
          0.250517,
          0.02059,
          0.967893,
          3.944741
        ],
        [
          -0.968086,
          0.012753,
          0.250295,
          1.214983
        ],
        [
          -0.00719,
          -0.999707,
          0.023128,
          1.53725
        ],
        [
          0.0,
          0.0,
          0.0,
          1.0
        ]
      ]
    },
    {
      "file_path": "/media/NFS/ttao/scannet/posed_images/scene0586_02/00101.jpg",
      "transform_matrix": [
        [
          0.264737,
          0.022708,
          0.964053,
          3.950199
        ],
        [
          -0.964283,
          0.015035,
          0.264446,
          1.208847
        ],
        [
          -0.008489,
          -0.999629,
          0.025878,
          1.541124
        ],
        [
          0.0,
          0.0,
          0.0,
          1.0
        ]
      ]
    },
    {
      "file_path": "/media/NFS/ttao/scannet/posed_images/scene0586_02/00104.jpg",
      "transform_matrix": [
        [
          0.307176,
          0.035307,
          0.950997,
          3.966639
        ],
        [
          -0.951641,
          0.0162,
          0.306783,
          1.19575
        ],
        [
          -0.004575,
          -0.999245,
          0.038576,
          1.543964
        ],
        [
          0.0,
          0.0,
          0.0,
          1.0
        ]
      ]
    },
    {
      "file_path": "/media/NFS/ttao/scannet/posed_images/scene0586_02/00106.jpg",
      "transform_matrix": [
        [
          0.331004,
          0.037923,
          0.942867,
          3.975576
        ],
        [
          -0.943624,
          0.01675,
          0.330596,
          1.195181
        ],
        [
          -0.003256,
          -0.99914,
          0.041329,
          1.545371
        ],
        [
          0.0,
          0.0,
          0.0,
          1.0
        ]
      ]
    },
    {
      "file_path": "/media/NFS/ttao/scannet/posed_images/scene0586_02/00108.jpg",
      "transform_matrix": [
        [
          0.353995,
          0.038448,
          0.934457,
          3.984725
        ],
        [
          -0.935216,
          0.022678,
          0.35335,
          1.192863
        ],
        [
          -0.007606,
          -0.999003,
          0.043985,
          1.545447
        ],
        [
          0.0,
          0.0,
          0.0,
          1.0
        ]
      ]
    },
    {
      "file_path": "/media/NFS/ttao/scannet/posed_images/scene0586_02/00109.jpg",
      "transform_matrix": [
        [
          0.366429,
          0.03685,
          0.929716,
          3.990257
        ],
        [
          -0.930378,
          0.02656,
          0.365637,
          1.187158
        ],
        [
          -0.011219,
          -0.998968,
          0.044017,
          1.54752
        ],
        [
          0.0,
          0.0,
          0.0,
          1.0
        ]
      ]
    },
    {
      "file_path": "/media/NFS/ttao/scannet/posed_images/scene0586_02/00112.jpg",
      "transform_matrix": [
        [
          0.393788,
          0.028776,
          0.918751,
          4.011942
        ],
        [
          -0.918917,
          0.037172,
          0.392695,
          1.175348
        ],
        [
          -0.022852,
          -0.998895,
          0.041081,
          1.549099
        ],
        [
          0.0,
          0.0,
          0.0,
          1.0
        ]
      ]
    },
    {
      "file_path": "/media/NFS/ttao/scannet/posed_images/scene0586_02/00113.jpg",
      "transform_matrix": [
        [
          0.398122,
          0.026244,
          0.916957,
          4.01694
        ],
        [
          -0.917014,
          0.037729,
          0.397067,
          1.17622
        ],
        [
          -0.024175,
          -0.998943,
          0.039087,
          1.55075
        ],
        [
          0.0,
          0.0,
          0.0,
          1.0
        ]
      ]
    },
    {
      "file_path": "/media/NFS/ttao/scannet/posed_images/scene0586_02/00116.jpg",
      "transform_matrix": [
        [
          0.408583,
          0.01716,
          0.91256,
          4.033838
        ],
        [
          -0.912383,
          0.034863,
          0.407849,
          1.182475
        ],
        [
          -0.024815,
          -0.999245,
          0.029901,
          1.549098
        ],
        [
          0.0,
          0.0,
          0.0,
          1.0
        ]
      ]
    },
    {
      "file_path": "/media/NFS/ttao/scannet/posed_images/scene0586_02/00117.jpg",
      "transform_matrix": [
        [
          0.411237,
          0.015543,
          0.911396,
          4.039057
        ],
        [
          -0.911212,
          0.033352,
          0.410585,
          1.185002
        ],
        [
          -0.024015,
          -0.999323,
          0.027879,
          1.551509
        ],
        [
          0.0,
          0.0,
          0.0,
          1.0
        ]
      ]
    },
    {
      "file_path": "/media/NFS/ttao/scannet/posed_images/scene0586_02/00119.jpg",
      "transform_matrix": [
        [
          0.420256,
          0.010328,
          0.907346,
          4.049631
        ],
        [
          -0.906953,
          0.036363,
          0.41966,
          1.190711
        ],
        [
          -0.02866,
          -0.999285,
          0.024649,
          1.544979
        ],
        [
          0.0,
          0.0,
          0.0,
          1.0
        ]
      ]
    },
    {
      "file_path": "/media/NFS/ttao/scannet/posed_images/scene0586_02/00122.jpg",
      "transform_matrix": [
        [
          0.442836,
          -0.01499,
          0.896477,
          4.065569
        ],
        [
          -0.895832,
          0.034051,
          0.443086,
          1.195966
        ],
        [
          -0.037168,
          -0.999308,
          0.00165,
          1.553278
        ],
        [
          0.0,
          0.0,
          0.0,
          1.0
        ]
      ]
    },
    {
      "file_path": "/media/NFS/ttao/scannet/posed_images/scene0586_02/00124.jpg",
      "transform_matrix": [
        [
          0.460916,
          -0.019833,
          0.887222,
          4.074735
        ],
        [
          -0.886626,
          0.03263,
          0.461335,
          1.199734
        ],
        [
          -0.0381,
          -0.999271,
          -0.002544,
          1.548674
        ],
        [
          0.0,
          0.0,
          0.0,
          1.0
        ]
      ]
    },
    {
      "file_path": "/media/NFS/ttao/scannet/posed_images/scene0586_02/00125.jpg",
      "transform_matrix": [
        [
          0.469035,
          -0.019757,
          0.882959,
          4.079081
        ],
        [
          -0.882385,
          0.031901,
          0.469444,
          1.202041
        ],
        [
          -0.037442,
          -0.999296,
          -0.002471,
          1.545888
        ],
        [
          0.0,
          0.0,
          0.0,
          1.0
        ]
      ]
    },
    {
      "file_path": "/media/NFS/ttao/scannet/posed_images/scene0586_02/00128.jpg",
      "transform_matrix": [
        [
          0.501,
          -0.033134,
          0.864813,
          4.096713
        ],
        [
          -0.864713,
          0.021984,
          0.501784,
          1.199639
        ],
        [
          -0.035639,
          -0.999209,
          -0.017637,
          1.531675
        ],
        [
          0.0,
          0.0,
          0.0,
          1.0
        ]
      ]
    },
    {
      "file_path": "/media/NFS/ttao/scannet/posed_images/scene0586_02/00129.jpg",
      "transform_matrix": [
        [
          0.514291,
          -0.039134,
          0.856722,
          4.103129
        ],
        [
          -0.856849,
          0.018778,
          0.515225,
          1.195679
        ],
        [
          -0.03625,
          -0.999058,
          -0.023875,
          1.535006
        ],
        [
          0.0,
          0.0,
          0.0,
          1.0
        ]
      ]
    },
    {
      "file_path": "/media/NFS/ttao/scannet/posed_images/scene0586_02/00132.jpg",
      "transform_matrix": [
        [
          0.552477,
          -0.033302,
          0.832862,
          4.126533
        ],
        [
          -0.832766,
          0.02065,
          0.553239,
          1.180452
        ],
        [
          -0.035623,
          -0.999232,
          -0.016324,
          1.535957
        ],
        [
          0.0,
          0.0,
          0.0,
          1.0
        ]
      ]
    },
    {
      "file_path": "/media/NFS/ttao/scannet/posed_images/scene0586_02/00133.jpg",
      "transform_matrix": [
        [
          0.562051,
          -0.029662,
          0.82657,
          4.13171
        ],
        [
          -0.826465,
          0.019075,
          0.562664,
          1.177114
        ],
        [
          -0.032456,
          -0.999378,
          -0.013793,
          1.531747
        ],
        [
          0.0,
          0.0,
          0.0,
          1.0
        ]
      ]
    },
    {
      "file_path": "/media/NFS/ttao/scannet/posed_images/scene0586_02/00135.jpg",
      "transform_matrix": [
        [
          0.584518,
          -0.029997,
          0.810826,
          4.146698
        ],
        [
          -0.811009,
          0.008659,
          0.58497,
          1.163486
        ],
        [
          -0.024569,
          -0.999513,
          -0.019267,
          1.521757
        ],
        [
          0.0,
          0.0,
          0.0,
          1.0
        ]
      ]
    },
    {
      "file_path": "/media/NFS/ttao/scannet/posed_images/scene0586_02/00138.jpg",
      "transform_matrix": [
        [
          0.610764,
          -0.043754,
          0.790603,
          4.170711
        ],
        [
          -0.791764,
          -0.022586,
          0.61041,
          1.140426
        ],
        [
          -0.008851,
          -0.998787,
          -0.048438,
          1.509473
        ],
        [
          0.0,
          0.0,
          0.0,
          1.0
        ]
      ]
    },
    {
      "file_path": "/media/NFS/ttao/scannet/posed_images/scene0586_02/00140.jpg",
      "transform_matrix": [
        [
          0.629172,
          -0.051801,
          0.775538,
          4.195206
        ],
        [
          -0.777262,
          -0.04511,
          0.627557,
          1.11939
        ],
        [
          0.002477,
          -0.997638,
          -0.068645,
          1.507766
        ],
        [
          0.0,
          0.0,
          0.0,
          1.0
        ]
      ]
    },
    {
      "file_path": "/media/NFS/ttao/scannet/posed_images/scene0586_02/00141.jpg",
      "transform_matrix": [
        [
          0.635389,
          -0.054064,
          0.770297,
          4.204037
        ],
        [
          -0.772179,
          -0.050318,
          0.63341,
          1.11209
        ],
        [
          0.004515,
          -0.997269,
          -0.073719,
          1.503685
        ],
        [
          0.0,
          0.0,
          0.0,
          1.0
        ]
      ]
    },
    {
      "file_path": "/media/NFS/ttao/scannet/posed_images/scene0586_02/00144.jpg",
      "transform_matrix": [
        [
          0.660069,
          -0.068431,
          0.748082,
          4.227137
        ],
        [
          -0.751167,
          -0.070149,
          0.656374,
          1.088373
        ],
        [
          0.007561,
          -0.995187,
          -0.097706,
          1.489139
        ],
        [
          0.0,
          0.0,
          0.0,
          1.0
        ]
      ]
    },
    {
      "file_path": "/media/NFS/ttao/scannet/posed_images/scene0586_02/00146.jpg",
      "transform_matrix": [
        [
          0.675267,
          -0.082595,
          0.732934,
          4.241599
        ],
        [
          -0.737509,
          -0.088679,
          0.669489,
          1.076633
        ],
        [
          0.009699,
          -0.99263,
          -0.120797,
          1.477531
        ],
        [
          0.0,
          0.0,
          0.0,
          1.0
        ]
      ]
    },
    {
      "file_path": "/media/NFS/ttao/scannet/posed_images/scene0586_02/00148.jpg",
      "transform_matrix": [
        [
          0.68666,
          -0.09268,
          0.721047,
          4.254814
        ],
        [
          -0.726847,
          -0.106364,
          0.678513,
          1.069288
        ],
        [
          0.013808,
          -0.989999,
          -0.1404,
          1.466299
        ],
        [
          0.0,
          0.0,
          0.0,
          1.0
        ]
      ]
    },
    {
      "file_path": "/media/NFS/ttao/scannet/posed_images/scene0586_02/00149.jpg",
      "transform_matrix": [
        [
          0.690333,
          -0.095815,
          0.717119,
          4.262189
        ],
        [
          -0.723322,
          -0.112865,
          0.681224,
          1.068549
        ],
        [
          0.015667,
          -0.98898,
          -0.147219,
          1.462169
        ],
        [
          0.0,
          0.0,
          0.0,
          1.0
        ]
      ]
    },
    {
      "file_path": "/media/NFS/ttao/scannet/posed_images/scene0586_02/00151.jpg",
      "transform_matrix": [
        [
          0.699852,
          -0.107912,
          0.706089,
          4.275023
        ],
        [
          -0.714182,
          -0.12268,
          0.689125,
          1.06615
        ],
        [
          0.012258,
          -0.986562,
          -0.162927,
          1.458202
        ],
        [
          0.0,
          0.0,
          0.0,
          1.0
        ]
      ]
    },
    {
      "file_path": "/media/NFS/ttao/scannet/posed_images/scene0586_02/00154.jpg",
      "transform_matrix": [
        [
          0.715739,
          -0.119952,
          0.687989,
          4.296525
        ],
        [
          -0.69829,
          -0.137595,
          0.702466,
          1.068285
        ],
        [
          0.010402,
          -0.983198,
          -0.182244,
          1.440125
        ],
        [
          0.0,
          0.0,
          0.0,
          1.0
        ]
      ]
    },
    {
      "file_path": "/media/NFS/ttao/scannet/posed_images/scene0586_02/00156.jpg",
      "transform_matrix": [
        [
          0.722344,
          -0.122998,
          0.680507,
          4.312698
        ],
        [
          -0.691449,
          -0.143858,
          0.707957,
          1.073989
        ],
        [
          0.010819,
          -0.981925,
          -0.188962,
          1.43195
        ],
        [
