{
  "frames": [
    {
      "file_path": "/media/NFS/ttao/scannet/posed_images/scene0684_00/00000.jpg",
      "transform_matrix": [
        [
          0.745003,
          -0.496528,
          0.445456,
          1.989208
        ],
        [
          -0.665235,
          -0.503638,
          0.551191,
          1.024824
        ],
        [
          -0.049333,
          -0.706971,
          -0.705519,
          1.315419
        ],
        [
          0.0,
          0.0,
          0.0,
          1.0
        ]
      ]
    },
    {
      "file_path": "/media/NFS/ttao/scannet/posed_images/scene0684_00/00003.jpg",
      "transform_matrix": [
        [
          0.725363,
          -0.50132,
          0.471728,
          1.996107
        ],
        [
          -0.687246,
          -0.488316,
          0.537811,
          1.022882
        ],
        [
          -0.039263,
          -0.714301,
          -0.698736,
          1.317606
        ],
        [
          0.0,
          0.0,
          0.0,
          1.0
        ]
      ]
    },
    {
      "file_path": "/media/NFS/ttao/scannet/posed_images/scene0684_00/00007.jpg",
      "transform_matrix": [
        [
          0.713331,
          -0.497505,
          0.493607,
          2.002676
        ],
        [
          -0.699934,
          -0.470197,
          0.537593,
          1.021
        ],
        [
          -0.035363,
          -0.728975,
          -0.683627,
          1.322968
        ],
        [
          0.0,
          0.0,
          0.0,
          1.0
        ]
      ]
    },
    {
      "file_path": "/media/NFS/ttao/scannet/posed_images/scene0684_00/00010.jpg",
      "transform_matrix": [
        [
          0.708778,
          -0.496248,
          0.50137,
          2.008179
        ],
        [
          -0.704693,
          -0.465553,
          0.535414,
          1.02122
        ],
        [
          -0.032283,
          -0.732802,
          -0.679676,
          1.325313
        ],
        [
          0.0,
          0.0,
          0.0,
          1.0
        ]
      ]
    },
    {
      "file_path": "/media/NFS/ttao/scannet/posed_images/scene0684_00/00012.jpg",
      "transform_matrix": [
        [
          0.707392,
          -0.497367,
          0.502217,
          2.011132
        ],
        [
          -0.706013,
          -0.463219,
          0.5357,
          1.020903
        ],
        [
          -0.033804,
          -0.733522,
          -0.678825,
          1.325627
        ],
        [
          0.0,
          0.0,
          0.0,
          1.0
        ]
      ]
    },
    {
      "file_path": "/media/NFS/ttao/scannet/posed_images/scene0684_00/00016.jpg",
      "transform_matrix": [
        [
          0.709156,
          -0.492887,
          0.504143,
          2.015249
        ],
        [
          -0.704249,
          -0.461077,
          0.539854,
          1.022212
        ],
        [
          -0.033638,
          -0.737883,
          -0.67409,
          1.327325
        ],
        [
          0.0,
          0.0,
          0.0,
          1.0
        ]
      ]
    },
    {
      "file_path": "/media/NFS/ttao/scannet/posed_images/scene0684_00/00017.jpg",
      "transform_matrix": [
        [
          0.710047,
          -0.492461,
          0.503305,
          2.016394
        ],
        [
          -0.703409,
          -0.463193,
          0.539136,
          1.02318
        ],
        [
          -0.032376,
          -0.736841,
          -0.67529,
          1.327604
        ],
        [
          0.0,
          0.0,
          0.0,
          1.0
        ]
      ]
    },
    {
      "file_path": "/media/NFS/ttao/scannet/posed_images/scene0684_00/00020.jpg",
      "transform_matrix": [
        [
          0.712248,
          -0.493357,
          0.499302,
          2.019876
        ],
        [
          -0.701255,
          -0.468977,
          0.536938,
          1.024467
        ],
        [
          -0.030741,
          -0.732571,
          -0.679996,
          1.325395
        ],
        [
          0.0,
          0.0,
          0.0,
          1.0
        ]
      ]
    },
    {
      "file_path": "/media/NFS/ttao/scannet/posed_images/scene0684_00/00023.jpg",
      "transform_matrix": [
        [
          0.714538,
          -0.495636,
          0.493742,
          2.021942
        ],
        [
          -0.698865,
          -0.473415,
          0.536159,
          1.025977
        ],
        [
          -0.031995,
          -0.728165,
          -0.684655,
          1.323412
        ],
        [
          0.0,
          0.0,
          0.0,
          1.0
        ]
      ]
    },
    {
      "file_path": "/media/NFS/ttao/scannet/posed_images/scene0684_00/00026.jpg",
      "transform_matrix": [
        [
          0.717729,
          -0.498674,
          0.485994,
          2.022504
        ],
        [
          -0.69541,
          -0.477592,
          0.536947,
          1.027996
        ],
        [
          -0.035655,
          -0.723347,
          -0.689564,
          1.32069
        ],
        [
          0.0,
          0.0,
          0.0,
          1.0
        ]
      ]
    },
    {
      "file_path": "/media/NFS/ttao/scannet/posed_images/scene0684_00/00028.jpg",
      "transform_matrix": [
        [
          0.720956,
          -0.500216,
          0.47959,
          2.021999
        ],
        [
          -0.69203,
          -0.483451,
          0.536068,
          1.0306
        ],
        [
          -0.036291,
          -0.718372,
          -0.694712,
          1.318838
        ],
        [
          0.0,
          0.0,
          0.0,
          1.0
        ]
      ]
    },
    {
      "file_path": "/media/NFS/ttao/scannet/posed_images/scene0684_00/00032.jpg",
      "transform_matrix": [
        [
          0.726389,
          -0.506362,
          0.464711,
          2.021714
        ],
        [
          -0.686187,
          -0.496123,
          0.531987,
          1.033641
        ],
        [
          -0.038824,
          -0.705308,
          -0.707838,
          1.312002
        ],
        [
          0.0,
          0.0,
          0.0,
          1.0
        ]
      ]
    },
    {
      "file_path": "/media/NFS/ttao/scannet/posed_images/scene0684_00/00035.jpg",
      "transform_matrix": [
        [
          0.730658,
          -0.508656,
          0.455421,
          2.021148
        ],
        [
          -0.681505,
          -0.503196,
          0.531362,
          1.034814
        ],
        [
          -0.041114,
          -0.698616,
          -0.714315,
          1.307349
        ],
        [
          0.0,
          0.0,
          0.0,
          1.0
        ]
      ]
    },
    {
      "file_path": "/media/NFS/ttao/scannet/posed_images/scene0684_00/00038.jpg",
      "transform_matrix": [
        [
          0.73812,
          -0.503477,
          0.449099,
          2.017947
        ],
        [
          -0.673795,
          -0.516241,
          0.528673,
          1.036744
        ],
        [
          -0.034332,
          -0.692825,
          -0.720288,
          1.302243
        ],
        [
          0.0,
          0.0,
          0.0,
          1.0
        ]
      ]
    },
    {
      "file_path": "/media/NFS/ttao/scannet/posed_images/scene0684_00/00040.jpg",
      "transform_matrix": [
        [
          0.742548,
          -0.500866,
          0.444697,
          2.016031
        ],
        [
          -0.669045,
          -0.523297,
          0.527768,
          1.037974
        ],
        [
          -0.031632,
          -0.689415,
          -0.723675,
          1.299552
        ],
        [
          0.0,
          0.0,
          0.0,
          1.0
        ]
      ]
    },
    {
      "file_path": "/media/NFS/ttao/scannet/posed_images/scene0684_00/00043.jpg",
      "transform_matrix": [
        [
          0.751699,
          -0.503037,
          0.426501,
          2.011856
        ],
        [
          -0.658369,
          -0.534406,
          0.530057,
          1.039592
        ],
        [
          -0.038713,
          -0.679238,
          -0.732896,
          1.294192
        ],
        [
          0.0,
          0.0,
          0.0,
          1.0
        ]
      ]
    },
    {
      "file_path": "/media/NFS/ttao/scannet/posed_images/scene0684_00/00046.jpg",
      "transform_matrix": [
        [
          0.767271,
          -0.495708,
          0.406902,
          2.004282
        ],
        [
          -0.640057,
          -0.552033,
          0.534403,
          1.041708
        ],
        [
          -0.040285,
          -0.670472,
          -0.74084,
          1.289374
        ],
        [
          0.0,
          0.0,
          0.0,
          1.0
        ]
      ]
    },
    {
      "file_path": "/media/NFS/ttao/scannet/posed_images/scene0684_00/00049.jpg",
      "transform_matrix": [
        [
          0.788309,
          -0.481544,
          0.382995,
          1.993609
        ],
        [
          -0.613972,
          -0.575081,
          0.540667,
          1.043881
        ],
        [
          -0.040102,
          -0.66136,
          -0.748996,
          1.284339
        ],
        [
          0.0,
          0.0,
          0.0,
          1.0
        ]
      ]
    },
    {
      "file_path": "/media/NFS/ttao/scannet/posed_images/scene0684_00/00053.jpg",
      "transform_matrix": [
        [
          0.821602,
          -0.451666,
          0.347804,
          1.975761
        ],
        [
          -0.568541,
          -0.604703,
          0.557759,
          1.045001
        ],
        [
          -0.041602,
          -0.655997,
          -0.753616,
          1.280532
        ],
        [
          0.0,
          0.0,
          0.0,
          1.0
        ]
      ]
    },
    {
      "file_path": "/media/NFS/ttao/scannet/posed_images/scene0684_00/00056.jpg",
      "transform_matrix": [
        [
          0.847722,
          -0.424282,
          0.318358,
          1.961307
        ],
        [
          -0.528995,
          -0.631944,
          0.566402,
          1.048439
        ],
        [
          -0.03913,
          -0.648561,
          -0.760156,
          1.27849
        ],
        [
          0.0,
          0.0,
          0.0,
          1.0
        ]
      ]
    },
    {
      "file_path": "/media/NFS/ttao/scannet/posed_images/scene0684_00/00058.jpg",
      "transform_matrix": [
        [
          0.864117,
          -0.406045,
          0.297371,
          1.950526
        ],
        [
          -0.501843,
          -0.650364,
          0.570245,
          1.049755
        ],
        [
          -0.038146,
          -0.641992,
          -0.765762,
          1.275304
        ],
        [
          0.0,
          0.0,
          0.0,
          1.0
        ]
      ]
    },
    {
      "file_path": "/media/NFS/ttao/scannet/posed_images/scene0684_00/00062.jpg",
      "transform_matrix": [
        [
          0.89161,
          -0.369326,
          0.261974,
          1.928788
        ],
        [
          -0.451337,
          -0.678324,
          0.579804,
          1.052642
        ],
        [
          -0.036433,
          -0.635197,
          -0.77149,
          1.270452
        ],
        [
          0.0,
          0.0,
          0.0,
          1.0
        ]
      ]
    },
    {
      "file_path": "/media/NFS/ttao/scannet/posed_images/scene0684_00/00063.jpg",
      "transform_matrix": [
        [
          0.897726,
          -0.359536,
          0.254601,
          1.923982
        ],
        [
          -0.439099,
          -0.683278,
          0.583373,
          1.052718
        ],
        [
          -0.03578,
          -0.635504,
          -0.771268,
          1.269524
        ],
        [
          0.0,
          0.0,
          0.0,
          1.0
        ]
      ]
    },
    {
      "file_path": "/media/NFS/ttao/scannet/posed_images/scene0684_00/00068.jpg",
      "transform_matrix": [
        [
          0.924793,
          -0.311846,
          0.217968,
          1.903499
        ],
        [
          -0.378745,
          -0.700046,
          0.605382,
          1.055637
        ],
        [
          -0.036198,
          -0.642408,
          -0.765508,
          1.270183
        ],
        [
          0.0,
          0.0,
          0.0,
          1.0
        ]
      ]
    },
    {
      "file_path": "/media/NFS/ttao/scannet/posed_images/scene0684_00/00069.jpg",
      "transform_matrix": [
        [
          0.929723,
          -0.302942,
          0.209383,
          1.899855
        ],
        [
          -0.366396,
          -0.703809,
          0.608611,
          1.056709
        ],
        [
          -0.037008,
          -0.642557,
          -0.765344,
          1.270141
        ],
        [
          0.0,
          0.0,
          0.0,
          1.0
        ]
      ]
    },
    {
      "file_path": "/media/NFS/ttao/scannet/posed_images/scene0684_00/00072.jpg",
      "transform_matrix": [
        [
          0.943634,
          -0.272025,
          0.188565,
          1.887035
        ],
        [
          -0.329402,
          -0.71607,
          0.615416,
          1.061461
        ],
        [
          -0.032383,
          -0.642842,
          -0.765314,
          1.272772
        ],
        [
          0.0,
          0.0,
          0.0,
          1.0
        ]
      ]
    },
    {
      "file_path": "/media/NFS/ttao/scannet/posed_images/scene0684_00/00075.jpg",
      "transform_matrix": [
        [
          0.955454,
          -0.241337,
          0.169897,
          1.877244
        ],
        [
          -0.294102,
          -0.730247,
          0.616639,
          1.064275
        ],
        [
          -0.024751,
          -0.639137,
          -0.768695,
          1.272014
        ],
        [
          0.0,
          0.0,
          0.0,
          1.0
        ]
      ]
    },
    {
      "file_path": "/media/NFS/ttao/scannet/posed_images/scene0684_00/00078.jpg",
      "transform_matrix": [
        [
          0.96518,
          -0.214773,
          0.149335,
          1.869276
        ],
        [
          -0.260246,
          -0.730629,
          0.631232,
          1.065026
        ],
        [
          -0.026463,
          -0.648116,
          -0.761082,
          1.272001
        ],
        [
          0.0,
          0.0,
          0.0,
          1.0
        ]
      ]
    },
    {
      "file_path": "/media/NFS/ttao/scannet/posed_images/scene0684_00/00083.jpg",
      "transform_matrix": [
        [
          0.979003,
          -0.173836,
          0.106465,
          1.857629
        ],
        [
          -0.20081,
          -0.732599,
          0.650365,
          1.072331
        ],
        [
          -0.03506,
          -0.658088,
          -0.752124,
          1.274066
        ],
        [
          0.0,
          0.0,
          0.0,
          1.0
        ]
      ]
    },
    {
      "file_path": "/media/NFS/ttao/scannet/posed_images/scene0684_00/00084.jpg",
      "transform_matrix": [
        [
          0.981669,
          -0.16433,
          0.096543,
          1.855479
        ],
        [
          -0.187137,
          -0.735065,
          0.651659,
          1.073818
        ],
        [
          -0.036121,
          -0.657781,
          -0.752343,
          1.273679
        ],
        [
          0.0,
          0.0,
          0.0,
          1.0
        ]
      ]
    },
    {
      "file_path": "/media/NFS/ttao/scannet/posed_images/scene0684_00/00087.jpg",
      "transform_matrix": [
        [
          0.988416,
          -0.13611,
          0.067133,
          1.850604
        ],
        [
          -0.146229,
          -0.735734,
          0.661296,
          1.079135
        ],
        [
          -0.040618,
          -0.663453,
          -0.747115,
          1.273691
        ],
        [
          0.0,
          0.0,
          0.0,
          1.0
        ]
      ]
    },
    {
      "file_path": "/media/NFS/ttao/scannet/posed_images/scene0684_00/00091.jpg",
      "transform_matrix": [
        [
          0.995152,
          -0.095026,
          0.025358,
          1.846432
        ],
        [
          -0.087677,
          -0.740332,
          0.666499,
          1.089401
        ],
        [
          -0.044561,
          -0.665491,
          -0.745075,
          1.274651
        ],
        [
          0.0,
          0.0,
          0.0,
          1.0
        ]
      ]
    },
    {
      "file_path": "/media/NFS/ttao/scannet/posed_images/scene0684_00/00093.jpg",
      "transform_matrix": [
        [
          0.997361,
          -0.070988,
          0.015193,
          1.846115
        ],
        [
          -0.062989,
          -0.742162,
          0.667254,
          1.09432
        ],
        [
          -0.036091,
          -0.66645,
          -0.744675,
          1.27431
        ],
        [
          0.0,
          0.0,
          0.0,
          1.0
        ]
      ]
    },
    {
      "file_path": "/media/NFS/ttao/scannet/posed_images/scene0684_00/00095.jpg",
      "transform_matrix": [
        [
          0.998763,
          -0.049046,
          0.008191,
          1.846502
        ],
        [
          -0.041965,
          -0.743003,
          0.667971,
          1.100743
        ],
        [
          -0.026675,
          -0.667488,
          -0.744142,
          1.274887
        ],
        [
          0.0,
          0.0,
          0.0,
          1.0
        ]
      ]
    },
    {
      "file_path": "/media/NFS/ttao/scannet/posed_images/scene0684_00/00100.jpg",
      "transform_matrix": [
        [
          0.999681,
          0.002873,
          -0.025091,
          1.852893
        ],
        [
          0.018985,
          -0.74067,
          0.6716,
          1.117376
        ],
        [
          -0.016655,
          -0.671863,
          -0.740488,
          1.27723
        ],
        [
          0.0,
          0.0,
          0.0,
          1.0
        ]
      ]
    },
    {
      "file_path": "/media/NFS/ttao/scannet/posed_images/scene0684_00/00102.jpg",
      "transform_matrix": [
        [
          0.998901,
          0.02355,
          -0.040533,
          1.855407
        ],
        [
          0.044672,
          -0.740345,
          0.670741,
          1.122672
        ],
        [
          -0.014213,
          -0.671814,
          -0.740583,
          1.275398
        ],
        [
          0.0,
          0.0,
          0.0,
          1.0
        ]
      ]
    },
    {
      "file_path": "/media/NFS/ttao/scannet/posed_images/scene0684_00/00106.jpg",
      "transform_matrix": [
        [
          0.996201,
          0.057251,
          -0.065619,
          1.858142
        ],
        [
          0.08627,
          -0.751599,
          0.653955,
          1.136148
        ],
        [
          -0.01188,
          -0.657131,
          -0.753682,
          1.270896
        ],
        [
          0.0,
          0.0,
          0.0,
          1.0
        ]
      ]
    },
    {
      "file_path": "/media/NFS/ttao/scannet/posed_images/scene0684_00/00108.jpg",
      "transform_matrix": [
        [
          0.995095,
          0.071292,
          -0.068588,
          1.855887
        ],
        [
          0.098757,
          -0.756657,
          0.646311,
          1.146132
        ],
        [
          -0.005821,
          -0.649914,
          -0.759986,
          1.272506
        ],
        [
          0.0,
          0.0,
          0.0,
          1.0
        ]
      ]
    },
    {
      "file_path": "/media/NFS/ttao/scannet/posed_images/scene0684_00/00110.jpg",
      "transform_matrix": [
        [
          0.994433,
          0.077289,
          -0.071616,
          1.854194
        ],
        [
          0.105238,
          -0.762261,
          0.638657,
          1.15895
        ],
        [
          -0.00523,
          -0.642638,
          -0.766152,
          1.275562
        ],
        [
          0.0,
          0.0,
          0.0,
          1.0
        ]
      ]
    },
    {
      "file_path": "/media/NFS/ttao/scannet/posed_images/scene0684_00/00113.jpg",
      "transform_matrix": [
        [
          0.99328,
          0.089021,
          -0.073964,
          1.847213
        ],
        [
          0.115739,
          -0.764128,
          0.634597,
          1.179574
        ],
        [
          -2.5e-05,
          -0.638892,
          -0.769296,
          1.279786
        ],
        [
          0.0,
          0.0,
          0.0,
          1.0
        ]
      ]
    },
    {
      "file_path": "/media/NFS/ttao/scannet/posed_images/scene0684_00/00117.jpg",
      "transform_matrix": [
        [
          0.994682,
          0.086518,
          -0.055882,
          1.834626
        ],
        [
          0.102372,
          -0.770844,
          0.628744,
          1.216772
        ],
        [
          0.011321,
          -0.631121,
          -0.775601,
          1.288547
        ],
        [
          0.0,
          0.0,
          0.0,
          1.0
        ]
      ]
    },
    {
      "file_path": "/media/NFS/ttao/scannet/posed_images/scene0684_00/00118.jpg",
      "transform_matrix": [
        [
          0.994896,
          0.084252,
          -0.055523,
          1.829737
        ],
        [
          0.100506,
          -0.778737,
          0.619248,
          1.22851
        ],
        [
          0.008935,
          -0.621668,
          -0.78323,
          1.29284
        ],
        [
          0.0,
          0.0,
          0.0,
          1.0
        ]
      ]
    },
    {
      "file_path": "/media/NFS/ttao/scannet/posed_images/scene0684_00/00123.jpg",
      "transform_matrix": [
        [
          0.99579,
          0.090131,
          -0.01667,
          1.814617
        ],
        [
          0.081876,
          -0.792913,
          0.603809,
          1.27663
        ],
        [
          0.041204,
          -0.602632,
          -0.796955,
          1.302664
        ],
        [
          0.0,
          0.0,
          0.0,
          1.0
        ]
      ]
    },
    {
      "file_path": "/media/NFS/ttao/scannet/posed_images/scene0684_00/00124.jpg",
      "transform_matrix": [
        [
          0.995966,
          0.089112,
          -0.010538,
          1.80995
        ],
        [
          0.077761,
          -0.7985,
          0.596951,
          1.288025
        ],
        [
          0.044781,
          -0.595363,
          -0.802208,
          1.305239
        ],
        [
          0.0,
          0.0,
          0.0,
          1.0
        ]
      ]
    },
    {
      "file_path": "/media/NFS/ttao/scannet/posed_images/scene0684_00/00129.jpg",
      "transform_matrix": [
        [
          0.9972,
          0.073698,
          -0.012639,
          1.7985
        ],
        [
          0.066566,
          -0.797974,
          0.599005,
          1.334288
        ],
        [
          0.03406,
          -0.598169,
          -0.800645,
          1.321919
        ],
        [
          0.0,
          0.0,
          0.0,
          1.0
        ]
      ]
    },
    {
      "file_path": "/media/NFS/ttao/scannet/posed_images/scene0684_00/00132.jpg",
      "transform_matrix": [
        [
          0.997724,
          0.0665,
          -0.011144,
          1.799976
        ],
        [
          0.060341,
          -0.806832,
          0.587691,
          1.365503
        ],
        [
          0.03009,
          -0.587026,
          -0.809009,
          1.335467
        ],
        [
          0.0,
          0.0,
          0.0,
          1.0
        ]
      ]
    },
    {
      "file_path": "/media/NFS/ttao/scannet/posed_images/scene0684_00/00135.jpg",
      "transform_matrix": [
        [
          0.996488,
          0.082502,
          -0.014299,
          1.803063
        ],
        [
          0.075663,
          -0.814093,
          0.575784,
          1.394848
        ],
        [
          0.035863,
          -0.574844,
          -0.817477,
          1.349213
        ],
        [
          0.0,
          0.0,
          0.0,
          1.0
        ]
      ]
    },
    {
      "file_path": "/media/NFS/ttao/scannet/posed_images/scene0684_00/00137.jpg",
      "transform_matrix": [
        [
          0.995815,
          0.090643,
          -0.011711,
          1.804806
        ],
        [
          0.081968,
          -0.829039,
          0.553151,
          1.415537
        ],
        [
          0.04043,
          -0.551796,
          -0.832999,
          1.357038
        ],
        [
          0.0,
          0.0,
          0.0,
          1.0
        ]
      ]
    },
    {
      "file_path": "/media/NFS/ttao/scannet/posed_images/scene0684_00/00140.jpg",
      "transform_matrix": [
        [
          0.991637,
          0.12666,
          -0.024749,
          1.808144
        ],
        [
          0.119655,
          -0.830492,
          0.544028,
          1.44324
        ],
        [
          0.048352,
          -0.54244,
          -0.838702,
          1.370053
        ],
        [
          0.0,
          0.0,
          0.0,
          1.0
        ]
      ]
    },
    {
      "file_path": "/media/NFS/ttao/scannet/posed_images/scene0684_00/00142.jpg",
      "transform_matrix": [
        [
          0.984256,
          0.172542,
          -0.03834,
          1.810786
        ],
        [
          0.167096,
          -0.837629,
          0.520054,
          1.462486
        ],
        [
          0.057616,
          -0.518272,
          -0.853273,
          1.377395
        ],
        [
          0.0,
          0.0,
          0.0,
          1.0
        ]
      ]
    },
    {
      "file_path": "/media/NFS/ttao/scannet/posed_images/scene0684_00/00144.jpg",
      "transform_matrix": [
        [
          0.975915,
          0.213147,
          -0.046466,
          1.813241
        ],
        [
          0.206486,
          -0.833803,
          0.511992,
          1.47803
        ],
        [
          0.070386,
          -0.509255,
          -0.857733,
          1.385115
        ],
        [
          0.0,
          0.0,
          0.0,
          1.0
        ]
      ]
    },
    {
      "file_path": "/media/NFS/ttao/scannet/posed_images/scene0684_00/00149.jpg",
      "transform_matrix": [
        [
          0.958427,
          0.279206,
          -0.058837,
          1.825352
        ],
        [
          0.271507,
          -0.828951,
          0.489003,
          1.513659
        ],
        [
          0.087759,
          -0.484649,
          -0.870295,
          1.400202
        ],
        [
          0.0,
          0.0,
          0.0,
          1.0
        ]
      ]
    },
    {
      "file_path": "/media/NFS/ttao/scannet/posed_images/scene0684_00/00152.jpg",
      "transform_matrix": [
        [
          0.954345,
          0.288224,
          -0.078439,
          1.839615
        ],
        [
          0.289006,
          -0.824564,
          0.486385,
          1.525007
        ],
        [
          0.07551,
          -0.486848,
          -0.870217,
          1.40475
        ],
        [
          0.0,
          0.0,
          0.0,
          1.0
        ]
      ]
    },
    {
      "file_path": "/media/NFS/ttao/scannet/posed_images/scene0684_00/00154.jpg",
      "transform_matrix": [
        [
          0.95469,
          0.285037,
          -0.08556,
          1.850107
        ],
        [
          0.289937,
          -0.826005,
          0.483376,
          1.529978
        ],
        [
          0.067107,
          -0.486281,
          -0.871222,
          1.405782
        ],
        [
          0.0,
          0.0,
          0.0,
          1.0
        ]
      ]
    },
    {
      "file_path": "/media/NFS/ttao/scannet/posed_images/scene0684_00/00157.jpg",
      "transform_matrix": [
        [
          0.955885,
          0.278277,
          -0.094056,
          1.864525
        ],
        [
          0.28816,
          -0.826224,
          0.484064,
          1.533101
        ],
        [
          0.056992,
          -0.489812,
          -0.869963,
          1.40697
        ],
        [
          0.0,
          0.0,
          0.0,
          1.0
        ]
      ]
    },
    {
      "file_path": "/media/NFS/ttao/scannet/posed_images/scene0684_00/00161.jpg",
      "transform_matrix": [
        [
          0.952211,
          0.287272,
          -0.103775,
          1.879649
        ],
        [
          0.301111,
          -0.825866,
          0.476737,
          1.535478
        ],
        [
          0.051249,
          -0.485202,
          -0.872899,
          1.408644
        ],
        [
          0.0,
          0.0,
          0.0,
          1.0
        ]
      ]
    },
    {
      "file_path": "/media/NFS/ttao/scannet/posed_images/scene0684_00/00163.jpg",
      "transform_matrix": [
        [
          0.949779,
          0.292768,
          -0.110489,
          1.885913
        ],
        [
          0.309071,
          -0.82244,
          0.477565,
          1.534597
        ],
        [
          0.048945,
          -0.48773,
          -0.871621,
          1.409614
        ],
        [
          0.0,
          0.0,
          0.0,
          1.0
        ]
      ]
    },
    {
      "file_path": "/media/NFS/ttao/scannet/posed_images/scene0684_00/00165.jpg",
      "transform_matrix": [
        [
          0.947537,
          0.297682,
          -0.116445,
          1.892244
        ],
        [
          0.315993,
          -0.817415,
          0.481644,
          1.531766
        ],
        [
          0.048193,
          -0.493171,
          -0.868596,
          1.409419
        ],
        [
          0.0,
          0.0,
          0.0,
          1.0
        ]
      ]
    },
    {
      "file_path": "/media/NFS/ttao/scannet/posed_images/scene0684_00/00169.jpg",
      "transform_matrix": [
        [
          0.939147,
          0.31948,
          -0.126232,
          1.899829
        ],
        [
          0.33936,
          -0.805899,
          0.48514,
          1.516751
        ],
        [
          0.053262,
          -0.498457,
          -0.865277,
          1.402402
        ],
        [
          0.0,
          0.0,
          0.0,
          1.0
        ]
      ]
    },
    {
      "file_path": "/media/NFS/ttao/scannet/posed_images/scene0684_00/00172.jpg",
      "transform_matrix": [
        [
          0.929537,
          0.330339,
          -0.163818,
          1.905153
        ],
        [
          0.367135,
          -0.787919,
          0.494364,
          1.49617
        ],
        [
          0.034232,
          -0.519673,
          -0.853679,
          1.397602
        ],
        [
          0.0,
          0.0,
          0.0,
          1.0
        ]
      ]
    },
    {
      "file_path": "/media/NFS/ttao/scannet/posed_images/scene0684_00/00173.jpg",
      "transform_matrix": [
        [
          0.924392,
          0.335678,
          -0.181161,
          1.908432
        ],
        [
          0.380501,
          -0.77811,
          0.499764,
          1.487157
        ],
        [
          0.026797,
          -0.53091,
          -0.847005,
          1.395749
        ],
        [
          0.0,
          0.0,
          0.0,
          1.0
        ]
      ]
    },
    {
      "file_path": "/media/NFS/ttao/scannet/posed_images/scene0684_00/00178.jpg",
      "transform_matrix": [
        [
          0.891992,
          0.384247,
          -0.238127,
          1.918092
        ],
        [
          0.45205,
          -0.756792,
          0.472141,
          1.439332
        ],
        [
          0.001206,
          -0.528792,
          -0.848751,
          1.379643
        ],
        [
          0.0,
          0.0,
          0.0,
          1.0
        ]
      ]
    },
    {
      "file_path": "/media/NFS/ttao/scannet/posed_images/scene0684_00/00180.jpg",
      "transform_matrix": [
        [
          0.871264,
          0.407351,
          -0.273797,
          1.92866
        ],
        [
          0.490721,
          -0.73393,
          0.469617,
          1.41258
        ],
        [
          -0.009649,
          -0.543518,
          -0.839342,
          1.368988
        ],
        [
          0.0,
          0.0,
          0.0,
          1.0
        ]
      ]
    },
    {
      "file_path": "/media/NFS/ttao/scannet/posed_images/scene0684_00/00184.jpg",
      "transform_matrix": [
        [
          0.85379,
          0.446745,
          -0.267323,
          1.935601
        ],
        [
          0.520494,
          -0.743619,
          0.419662,
          1.381106
        ],
        [
          -0.011304,
          -0.497443,
          -0.867423,
          1.346403
        ],
        [
          0.0,
          0.0,
          0.0,
          1.0
        ]
      ]
    },
    {
      "file_path": "/media/NFS/ttao/scannet/posed_images/scene0684_00/00186.jpg",
      "transform_matrix": [
        [
          0.848057,
          0.458941,
          -0.264902,
          1.935974
        ],
        [
          0.52987,
          -0.740179,
          0.413972,
          1.368731
        ],
        [
          -0.006086,
          -0.491436,
          -0.870893,
          1.338253
        ],
        [
          0.0,
          0.0,
          0.0,
          1.0
        ]
      ]
    },
    {
      "file_path": "/media/NFS/ttao/scannet/posed_images/scene0684_00/00189.jpg",
      "transform_matrix": [
        [
          0.829788,
          0.488685,
          -0.269516,
          1.936947
        ],
        [
          0.558002,
          -0.718499,
          0.415202,
          1.351023
        ],
        [
          0.009256,
          -0.49492,
          -0.868889,
          1.329275
        ],
        [
          0.0,
          0.0,
          0.0,
          1.0
        ]
      ]
    },
    {
      "file_path": "/media/NFS/ttao/scannet/posed_images/scene0684_00/00191.jpg",
      "transform_matrix": [
        [
          0.805498,
          0.519938,
          -0.284322,
          1.940791
        ],
        [
          0.592305,
          -0.691247,
          0.413948,
          1.340713
        ],
        [
          0.01869,
          -0.501839,
          -0.864759,
          1.326589
        ],
        [
          0.0,
          0.0,
          0.0,
          1.0
        ]
      ]
    },
    {
      "file_path": "/media/NFS/ttao/scannet/posed_images/scene0684_00/00194.jpg",
      "transform_matrix": [
        [
          0.784078,
          0.539539,
          -0.30679,
          1.933263
        ],
        [
          0.620532,
          -0.671324,
          0.405294,
          1.328258
        ],
        [
          0.012717,
          -0.508155,
          -0.861172,
          1.323097
        ],
        [
          0.0,
          0.0,
          0.0,
          1.0
        ]
      ]
    },
    {
      "file_path": "/media/NFS/ttao/scannet/posed_images/scene0684_00/00197.jpg",
      "transform_matrix": [
        [
          0.748172,
          0.558259,
          -0.358589,
          1.928633
        ],
        [
          0.663492,
          -0.632899,
          0.399021,
          1.312764
        ],
        [
          -0.004193,
          -0.536457,
          -0.843917,
          1.32152
        ],
        [
          0.0,
          0.0,
          0.0,
          1.0
        ]
      ]
    },
    {
      "file_path": "/media/NFS/ttao/scannet/posed_images/scene0684_00/00201.jpg",
      "transform_matrix": [
        [
          0.714629,
          0.57428,
          -0.399386,
          1.917622
        ],
        [
          0.699502,
          -0.585129,
          0.410271,
          1.29652
        ],
        [
          0.001918,
          -0.572562,
          -0.819859,
          1.323509
        ],
        [
          0.0,
          0.0,
          0.0,
          1.0
        ]
      ]
    },
    {
      "file_path": "/media/NFS/ttao/scannet/posed_images/scene0684_00/00202.jpg",
      "transform_matrix": [
        [
          0.703777,
          0.57884,
          -0.411877,
          1.917434
        ],
        [
          0.710419,
          -0.572037,
          0.409974,
          1.291802
        ],
        [
          0.0017,
          -0.581135,
          -0.813805,
          1.323742
        ],
        [
          0.0,
          0.0,
          0.0,
          1.0
        ]
      ]
    },
    {
      "file_path": "/media/NFS/ttao/scannet/posed_images/scene0684_00/00205.jpg",
      "transform_matrix": [
        [
          0.680322,
          0.594713,
          -0.428344,
          1.909572
        ],
        [
          0.732716,
          -0.538332,
          0.416324,
          1.28178
        ],
        [
          0.017002,
          -0.597089,
          -0.801995,
          1.325112
        ],
        [
          0.0,
          0.0,
          0.0,
          1.0
        ]
      ]
    },
    {
      "file_path": "/media/NFS/ttao/scannet/posed_images/scene0684_00/00208.jpg",
      "transform_matrix": [
        [
          0.662691,
          0.60345,
          -0.443496,
          1.891491
        ],
        [
          0.748371,
          -0.511507,
          0.422258,
          1.27717
        ],
        [
          0.027961,
          -0.611726,
          -0.790575,
          1.3317
        ],
        [
          0.0,
          0.0,
          0.0,
          1.0
        ]
      ]
    },
    {
      "file_path": "/media/NFS/ttao/scannet/posed_images/scene0684_00/00211.jpg",
      "transform_matrix": [
        [
          0.646688,
          0.602351,
          -0.467941,
          1.869296
        ],
        [
          0.762193,
          -0.486758,
          0.426766,
          1.274846
        ],
        [
          0.029289,
          -0.632645,
          -0.773888,
          1.341942
        ],
        [
          0.0,
          0.0,
          0.0,
          1.0
        ]
      ]
    },
    {
      "file_path": "/media/NFS/ttao/scannet/posed_images/scene0684_00/00215.jpg",
      "transform_matrix": [
        [
          0.607497,
          0.581659,
          -0.540944,
          1.860149
        ],
        [
          0.793755,
          -0.418799,
          0.441091,
          1.267356
        ],
        [
          0.030017,
          -0.697338,
          -0.716113,
          1.356162
        ],
        [
          0.0,
          0.0,
          0.0,
          1.0
        ]
      ]
    },
    {
      "file_path": "/media/NFS/ttao/scannet/posed_images/scene0684_00/00219.jpg",
      "transform_matrix": [
        [
          0.59767,
          0.551999,
          -0.581453,
          1.853558
        ],
        [
          0.80071,
          -0.374174,
          0.467822,
          1.256705
        ],
        [
          0.040673,
          -0.745178,
          -0.665624,
          1.365372
        ],
        [
          0.0,
          0.0,
          0.0,
          1.0
        ]
      ]
    },
    {
      "file_path": "/media/NFS/ttao/scannet/posed_images/scene0684_00/00222.jpg",
      "transform_matrix": [
        [
          0.609815,
          0.53671,
          -0.583154,
          1.826136
        ],
        [
          0.791338,
          -0.371751,
          0.485372,
          1.249328
        ],
        [
          0.043716,
          -0.757459,
          -0.651418,
          1.374323
        ],
        [
          0.0,
          0.0,
          0.0,
          1.0
        ]
      ]
    },
    {
      "file_path": "/media/NFS/ttao/scannet/posed_images/scene0684_00/00224.jpg",
      "transform_matrix": [
        [
          0.605878,
          0.528158,
          -0.594946,
          1.814666
        ],
        [
          0.794669,
          -0.366455,
          0.483954,
          1.247768
        ],
        [
          0.037584,
          -0.766002,
          -0.641738,
          1.380002
        ],
        [
