{
  "frames": [
    {
      "file_path": "/media/NFS/ttao/scannet/posed_images/scene0522_00/00000.jpg",
      "transform_matrix": [
        [
          0.696283,
          0.429808,
          -0.574853,
          1.276464
        ],
        [
          0.716708,
          -0.459823,
          0.524301,
          0.932057
        ],
        [
          -0.038982,
          -0.777063,
          -0.628214,
          1.331548
        ],
        [
          0.0,
          0.0,
          0.0,
          1.0
        ]
      ]
    },
    {
      "file_path": "/media/NFS/ttao/scannet/posed_images/scene0522_00/00003.jpg",
      "transform_matrix": [
        [
          0.663857,
          0.439825,
          -0.604854,
          1.306536
        ],
        [
          0.747058,
          -0.427434,
          0.509121,
          0.912135
        ],
        [
          -0.034611,
          -0.789845,
          -0.612329,
          1.334319
        ],
        [
          0.0,
          0.0,
          0.0,
          1.0
        ]
      ]
    },
    {
      "file_path": "/media/NFS/ttao/scannet/posed_images/scene0522_00/00009.jpg",
      "transform_matrix": [
        [
          0.659581,
          0.444618,
          -0.606026,
          1.334726
        ],
        [
          0.751024,
          -0.422317,
          0.507554,
          0.89778
        ],
        [
          -0.030267,
          -0.789913,
          -0.612471,
          1.333323
        ],
        [
          0.0,
          0.0,
          0.0,
          1.0
        ]
      ]
    },
    {
      "file_path": "/media/NFS/ttao/scannet/posed_images/scene0522_00/00010.jpg",
      "transform_matrix": [
        [
          0.660121,
          0.438306,
          -0.610023,
          1.343017
        ],
        [
          0.750551,
          -0.417553,
          0.512174,
          0.892102
        ],
        [
          -0.030228,
          -0.79595,
          -0.604607,
          1.331882
        ],
        [
          0.0,
          0.0,
          0.0,
          1.0
        ]
      ]
    },
    {
      "file_path": "/media/NFS/ttao/scannet/posed_images/scene0522_00/00015.jpg",
      "transform_matrix": [
        [
          0.653737,
          0.420625,
          -0.629049,
          1.358234
        ],
        [
          0.75618,
          -0.394574,
          0.522018,
          0.882672
        ],
        [
          -0.028632,
          -0.816937,
          -0.576016,
          1.341642
        ],
        [
          0.0,
          0.0,
          0.0,
          1.0
        ]
      ]
    },
    {
      "file_path": "/media/NFS/ttao/scannet/posed_images/scene0522_00/00020.jpg",
      "transform_matrix": [
        [
          0.647817,
          0.399877,
          -0.648407,
          1.367946
        ],
        [
          0.761354,
          -0.368834,
          0.533199,
          0.876209
        ],
        [
          -0.025941,
          -0.839083,
          -0.543385,
          1.352991
        ],
        [
          0.0,
          0.0,
          0.0,
          1.0
        ]
      ]
    },
    {
      "file_path": "/media/NFS/ttao/scannet/posed_images/scene0522_00/00024.jpg",
      "transform_matrix": [
        [
          0.653891,
          0.372953,
          -0.65828,
          1.373286
        ],
        [
          0.756145,
          -0.351946,
          0.551706,
          0.872127
        ],
        [
          -0.025919,
          -0.858511,
          -0.51214,
          1.366263
        ],
        [
          0.0,
          0.0,
          0.0,
          1.0
        ]
      ]
    },
    {
      "file_path": "/media/NFS/ttao/scannet/posed_images/scene0522_00/00028.jpg",
      "transform_matrix": [
        [
          0.660289,
          0.354505,
          -0.662076,
          1.37817
        ],
        [
          0.7506,
          -0.340703,
          0.566146,
          0.870842
        ],
        [
          -0.02487,
          -0.870774,
          -0.491054,
          1.372001
        ],
        [
          0.0,
          0.0,
          0.0,
          1.0
        ]
      ]
    },
    {
      "file_path": "/media/NFS/ttao/scannet/posed_images/scene0522_00/00032.jpg",
      "transform_matrix": [
        [
          0.665212,
          0.335404,
          -0.667081,
          1.379825
        ],
        [
          0.746273,
          -0.327232,
          0.579651,
          0.87026
        ],
        [
          -0.023873,
          -0.883415,
          -0.467982,
          1.382135
        ],
        [
          0.0,
          0.0,
          0.0,
          1.0
        ]
      ]
    },
    {
      "file_path": "/media/NFS/ttao/scannet/posed_images/scene0522_00/00037.jpg",
      "transform_matrix": [
        [
          0.669583,
          0.310242,
          -0.67484,
          1.382197
        ],
        [
          0.742383,
          -0.307624,
          0.595176,
          0.864736
        ],
        [
          -0.022948,
          -0.89951,
          -0.436298,
          1.390676
        ],
        [
          0.0,
          0.0,
          0.0,
          1.0
        ]
      ]
    },
    {
      "file_path": "/media/NFS/ttao/scannet/posed_images/scene0522_00/00041.jpg",
      "transform_matrix": [
        [
          0.669476,
          0.298139,
          -0.680379,
          1.386092
        ],
        [
          0.742435,
          -0.298579,
          0.599701,
          0.863184
        ],
        [
          -0.024353,
          -0.906622,
          -0.42124,
          1.395647
        ],
        [
          0.0,
          0.0,
          0.0,
          1.0
        ]
      ]
    },
    {
      "file_path": "/media/NFS/ttao/scannet/posed_images/scene0522_00/00042.jpg",
      "transform_matrix": [
        [
          0.670259,
          0.294953,
          -0.680996,
          1.386048
        ],
        [
          0.741709,
          -0.29705,
          0.601357,
          0.861512
        ],
        [
          -0.024918,
          -0.908165,
          -0.41787,
          1.396642
        ],
        [
          0.0,
          0.0,
          0.0,
          1.0
        ]
      ]
    },
    {
      "file_path": "/media/NFS/ttao/scannet/posed_images/scene0522_00/00045.jpg",
      "transform_matrix": [
        [
          0.670855,
          0.284105,
          -0.685009,
          1.386612
        ],
        [
          0.741087,
          -0.290806,
          0.605163,
          0.860427
        ],
        [
          -0.027274,
          -0.913628,
          -0.405635,
          1.402592
        ],
        [
          0.0,
          0.0,
          0.0,
          1.0
        ]
      ]
    },
    {
      "file_path": "/media/NFS/ttao/scannet/posed_images/scene0522_00/00052.jpg",
      "transform_matrix": [
        [
          0.67173,
          0.242931,
          -0.699831,
          1.392594
        ],
        [
          0.739699,
          -0.271343,
          0.615807,
          0.858577
        ],
        [
          -0.040296,
          -0.93132,
          -0.361965,
          1.41451
        ],
        [
          0.0,
          0.0,
          0.0,
          1.0
        ]
      ]
    },
    {
      "file_path": "/media/NFS/ttao/scannet/posed_images/scene0522_00/00053.jpg",
      "transform_matrix": [
        [
          0.671358,
          0.238047,
          -0.701863,
          1.393319
        ],
        [
          0.739927,
          -0.269279,
          0.616439,
          0.85883
        ],
        [
          -0.042256,
          -0.933179,
          -0.35692,
          1.416272
        ],
        [
          0.0,
          0.0,
          0.0,
          1.0
        ]
      ]
    },
    {
      "file_path": "/media/NFS/ttao/scannet/posed_images/scene0522_00/00058.jpg",
      "transform_matrix": [
        [
          0.670577,
          0.209583,
          -0.711619,
          1.393711
        ],
        [
          0.739787,
          -0.260244,
          0.620474,
          0.856964
        ],
        [
          -0.055153,
          -0.942522,
          -0.32956,
          1.426833
        ],
        [
          0.0,
          0.0,
          0.0,
          1.0
        ]
      ]
    },
    {
      "file_path": "/media/NFS/ttao/scannet/posed_images/scene0522_00/00061.jpg",
      "transform_matrix": [
        [
          0.670935,
          0.189059,
          -0.71701,
          1.395482
        ],
        [
          0.738749,
          -0.253897,
          0.624329,
          0.85502
        ],
        [
          -0.064011,
          -0.948574,
          -0.310015,
          1.432687
        ],
        [
          0.0,
          0.0,
          0.0,
          1.0
        ]
      ]
    },
    {
      "file_path": "/media/NFS/ttao/scannet/posed_images/scene0522_00/00065.jpg",
      "transform_matrix": [
        [
          0.668358,
          0.163951,
          -0.725547,
          1.396898
        ],
        [
          0.740707,
          -0.236131,
          0.628964,
          0.853539
        ],
        [
          -0.068205,
          -0.95779,
          -0.279259,
          1.44447
        ],
        [
          0.0,
          0.0,
          0.0,
          1.0
        ]
      ]
    },
    {
      "file_path": "/media/NFS/ttao/scannet/posed_images/scene0522_00/00072.jpg",
      "transform_matrix": [
        [
          0.657025,
          0.12825,
          -0.742879,
          1.400577
        ],
        [
          0.750964,
          -0.197767,
          0.630033,
          0.849016
        ],
        [
          -0.066115,
          -0.971823,
          -0.226249,
          1.459045
        ],
        [
          0.0,
          0.0,
          0.0,
          1.0
        ]
      ]
    },
    {
      "file_path": "/media/NFS/ttao/scannet/posed_images/scene0522_00/00074.jpg",
      "transform_matrix": [
        [
          0.656282,
          0.121778,
          -0.744623,
          1.39996
        ],
        [
          0.751272,
          -0.19688,
          0.629944,
          0.848597
        ],
        [
          -0.069888,
          -0.972835,
          -0.220697,
          1.461546
        ],
        [
          0.0,
          0.0,
          0.0,
          1.0
        ]
      ]
    },
    {
      "file_path": "/media/NFS/ttao/scannet/posed_images/scene0522_00/00078.jpg",
      "transform_matrix": [
        [
          0.65431,
          0.112344,
          -0.747835,
          1.399737
        ],
        [
          0.752226,
          -0.198274,
          0.628366,
          0.851035
        ],
        [
          -0.077683,
          -0.973687,
          -0.214241,
          1.465632
        ],
        [
          0.0,
          0.0,
          0.0,
          1.0
        ]
      ]
    },
    {
      "file_path": "/media/NFS/ttao/scannet/posed_images/scene0522_00/00081.jpg",
      "transform_matrix": [
        [
          0.655629,
          0.108677,
          -0.747222,
          1.402097
        ],
        [
          0.750675,
          -0.200587,
          0.629485,
          0.85358
        ],
        [
          -0.081473,
          -0.973629,
          -0.213092,
          1.466831
        ],
        [
          0.0,
          0.0,
          0.0,
          1.0
        ]
      ]
    },
    {
      "file_path": "/media/NFS/ttao/scannet/posed_images/scene0522_00/00085.jpg",
      "transform_matrix": [
        [
          0.664595,
          0.107123,
          -0.739485,
          1.402983
        ],
        [
          0.742824,
          -0.201718,
          0.638375,
          0.855057
        ],
        [
          -0.080783,
          -0.973568,
          -0.213634,
          1.468184
        ],
        [
          0.0,
          0.0,
          0.0,
          1.0
        ]
      ]
    },
    {
      "file_path": "/media/NFS/ttao/scannet/posed_images/scene0522_00/00088.jpg",
      "transform_matrix": [
        [
          0.676457,
          0.106916,
          -0.72868,
          1.403855
        ],
        [
          0.732424,
          -0.201383,
          0.650384,
          0.855758
        ],
        [
          -0.077207,
          -0.97366,
          -0.214535,
          1.467729
        ],
        [
          0.0,
          0.0,
          0.0,
          1.0
        ]
      ]
    },
    {
      "file_path": "/media/NFS/ttao/scannet/posed_images/scene0522_00/00092.jpg",
      "transform_matrix": [
        [
          0.69909,
          0.103279,
          -0.707536,
          1.401784
        ],
        [
          0.711429,
          -0.199711,
          0.673784,
          0.864073
        ],
        [
          -0.071714,
          -0.974397,
          -0.213092,
          1.470208
        ],
        [
          0.0,
          0.0,
          0.0,
          1.0
        ]
      ]
    },
    {
      "file_path": "/media/NFS/ttao/scannet/posed_images/scene0522_00/00097.jpg",
      "transform_matrix": [
        [
          0.748201,
          0.078902,
          -0.658764,
          1.397961
        ],
        [
          0.659555,
          -0.196188,
          0.725601,
          0.867867
        ],
        [
          -0.07199,
          -0.977387,
          -0.198828,
          1.471645
        ],
        [
          0.0,
          0.0,
          0.0,
          1.0
        ]
      ]
    },
    {
      "file_path": "/media/NFS/ttao/scannet/posed_images/scene0522_00/00100.jpg",
      "transform_matrix": [
        [
          0.765437,
          0.06037,
          -0.640673,
          1.39652
        ],
        [
          0.638463,
          -0.195701,
          0.744356,
          0.872643
        ],
        [
          -0.080444,
          -0.978804,
          -0.188341,
          1.478753
        ],
        [
          0.0,
          0.0,
          0.0,
          1.0
        ]
      ]
    },
    {
      "file_path": "/media/NFS/ttao/scannet/posed_images/scene0522_00/00107.jpg",
      "transform_matrix": [
        [
          0.821834,
          0.016933,
          -0.569475,
          1.397507
        ],
        [
          0.561924,
          -0.188958,
          0.805317,
          0.884819
        ],
        [
          -0.09397,
          -0.981839,
          -0.164808,
          1.485874
        ],
        [
          0.0,
          0.0,
          0.0,
          1.0
        ]
      ]
    },
    {
      "file_path": "/media/NFS/ttao/scannet/posed_images/scene0522_00/00108.jpg",
      "transform_matrix": [
        [
          0.830881,
          0.012214,
          -0.556317,
          1.395844
        ],
        [
          0.54811,
          -0.190415,
          0.814443,
          0.886117
        ],
        [
          -0.095983,
          -0.981628,
          -0.164907,
          1.486138
        ],
        [
          0.0,
          0.0,
          0.0,
          1.0
        ]
      ]
    },
    {
      "file_path": "/media/NFS/ttao/scannet/posed_images/scene0522_00/00114.jpg",
      "transform_matrix": [
        [
          0.879957,
          -0.003509,
          -0.475039,
          1.384646
        ],
        [
          0.464446,
          -0.203769,
          0.86184,
          0.897345
        ],
        [
          -0.099823,
          -0.979013,
          -0.177678,
          1.480472
        ],
        [
          0.0,
          0.0,
          0.0,
          1.0
        ]
      ]
    },
    {
      "file_path": "/media/NFS/ttao/scannet/posed_images/scene0522_00/00115.jpg",
      "transform_matrix": [
        [
          0.886366,
          -0.006366,
          -0.462942,
          1.384773
        ],
        [
          0.451885,
          -0.205742,
          0.868026,
          0.89993
        ],
        [
          -0.100772,
          -0.978586,
          -0.179486,
          1.481043
        ],
        [
          0.0,
          0.0,
          0.0,
          1.0
        ]
      ]
    },
    {
      "file_path": "/media/NFS/ttao/scannet/posed_images/scene0522_00/00121.jpg",
      "transform_matrix": [
        [
          0.919716,
          -0.030046,
          -0.391433,
          1.37461
        ],
        [
          0.377926,
          -0.202148,
          0.903497,
          0.910066
        ],
        [
          -0.106274,
          -0.978894,
          -0.174564,
          1.481762
        ],
        [
          0.0,
          0.0,
          0.0,
          1.0
        ]
      ]
    },
    {
      "file_path": "/media/NFS/ttao/scannet/posed_images/scene0522_00/00123.jpg",
      "transform_matrix": [
        [
          0.930123,
          -0.035326,
          -0.365545,
          1.372613
        ],
        [
          0.351638,
          -0.201454,
          0.914203,
          0.913947
        ],
        [
          -0.105936,
          -0.978861,
          -0.174955,
          1.482141
        ],
        [
          0.0,
          0.0,
          0.0,
          1.0
        ]
      ]
    },
    {
      "file_path": "/media/NFS/ttao/scannet/posed_images/scene0522_00/00130.jpg",
      "transform_matrix": [
        [
          0.960389,
          -0.048604,
          -0.27439,
          1.369579
        ],
        [
          0.260336,
          -0.194695,
          0.945684,
          0.922418
        ],
        [
          -0.099386,
          -0.979659,
          -0.174329,
          1.487776
        ],
        [
          0.0,
          0.0,
          0.0,
          1.0
        ]
      ]
    },
    {
      "file_path": "/media/NFS/ttao/scannet/posed_images/scene0522_00/00133.jpg",
      "transform_matrix": [
        [
          0.968942,
          -0.051123,
          -0.241948,
          1.363465
        ],
        [
          0.227559,
          -0.198637,
          0.953289,
          0.922941
        ],
        [
          -0.096795,
          -0.978739,
          -0.180834,
          1.493849
        ],
        [
          0.0,
          0.0,
          0.0,
          1.0
        ]
      ]
    },
    {
      "file_path": "/media/NFS/ttao/scannet/posed_images/scene0522_00/00134.jpg",
      "transform_matrix": [
        [
          0.970363,
          -0.050751,
          -0.236261,
          1.365971
        ],
        [
          0.222017,
          -0.198792,
          0.954563,
          0.922629
        ],
        [
          -0.095412,
          -0.978727,
          -0.181633,
          1.497121
        ],
        [
          0.0,
          0.0,
          0.0,
          1.0
        ]
      ]
    },
    {
      "file_path": "/media/NFS/ttao/scannet/posed_images/scene0522_00/00140.jpg",
      "transform_matrix": [
        [
          0.978395,
          -0.076148,
          -0.192208,
          1.373521
        ],
        [
          0.176823,
          -0.173518,
          0.968827,
          0.913332
        ],
        [
          -0.107126,
          -0.981882,
          -0.156304,
          1.515397
        ],
        [
          0.0,
          0.0,
          0.0,
          1.0
        ]
      ]
    },
    {
      "file_path": "/media/NFS/ttao/scannet/posed_images/scene0522_00/00143.jpg",
      "transform_matrix": [
        [
          0.98298,
          -0.084399,
          -0.163178,
          1.377388
        ],
        [
          0.147687,
          -0.165251,
          0.975131,
          0.912017
        ],
        [
          -0.109266,
          -0.982634,
          -0.149974,
          1.517709
        ],
        [
          0.0,
          0.0,
          0.0,
          1.0
        ]
      ]
    },
    {
      "file_path": "/media/NFS/ttao/scannet/posed_images/scene0522_00/00148.jpg",
      "transform_matrix": [
        [
          0.987734,
          -0.090345,
          -0.127355,
          1.379817
        ],
        [
          0.11346,
          -0.145084,
          0.982892,
          0.910202
        ],
        [
          -0.107276,
          -0.985286,
          -0.133054,
          1.523574
        ],
        [
          0.0,
          0.0,
          0.0,
          1.0
        ]
      ]
    },
    {
      "file_path": "/media/NFS/ttao/scannet/posed_images/scene0522_00/00153.jpg",
      "transform_matrix": [
        [
          0.989484,
          -0.097196,
          -0.107121,
          1.384562
        ],
        [
          0.094214,
          -0.128858,
          0.987177,
          0.909589
        ],
        [
          -0.109753,
          -0.986888,
          -0.118346,
          1.530847
        ],
        [
          0.0,
          0.0,
          0.0,
          1.0
        ]
      ]
    },
    {
      "file_path": "/media/NFS/ttao/scannet/posed_images/scene0522_00/00156.jpg",
      "transform_matrix": [
        [
          0.98977,
          -0.101478,
          -0.100291,
          1.388013
        ],
        [
          0.088386,
          -0.115698,
          0.989344,
          0.908407
        ],
        [
          -0.112,
          -0.988087,
          -0.105545,
          1.537323
        ],
        [
          0.0,
          0.0,
          0.0,
          1.0
        ]
      ]
    },
    {
      "file_path": "/media/NFS/ttao/scannet/posed_images/scene0522_00/00158.jpg",
      "transform_matrix": [
        [
          0.989666,
          -0.1019,
          -0.100882,
          1.38923
        ],
        [
          0.089972,
          -0.106521,
          0.990231,
          0.906895
        ],
        [
          -0.111651,
          -0.989075,
          -0.096252,
          1.541839
        ],
        [
          0.0,
          0.0,
          0.0,
          1.0
        ]
      ]
    },
    {
      "file_path": "/media/NFS/ttao/scannet/posed_images/scene0522_00/00161.jpg",
      "transform_matrix": [
        [
          0.989207,
          -0.100976,
          -0.106174,
          1.385036
        ],
        [
          0.096976,
          -0.092019,
          0.991024,
          0.902488
        ],
        [
          -0.10984,
          -0.990624,
          -0.081234,
          1.549134
        ],
        [
          0.0,
          0.0,
          0.0,
          1.0
        ]
      ]
    },
    {
      "file_path": "/media/NFS/ttao/scannet/posed_images/scene0522_00/00168.jpg",
      "transform_matrix": [
        [
          0.983259,
          -0.101637,
          -0.151234,
          1.392089
        ],
        [
          0.146425,
          -0.053258,
          0.987787,
          0.89313
        ],
        [
          -0.10845,
          -0.993395,
          -0.037485,
          1.562685
        ],
        [
          0.0,
          0.0,
          0.0,
          1.0
        ]
      ]
    },
    {
      "file_path": "/media/NFS/ttao/scannet/posed_images/scene0522_00/00172.jpg",
      "transform_matrix": [
        [
          0.979024,
          -0.102919,
          -0.175839,
          1.396376
        ],
        [
          0.172529,
          -0.040291,
          0.98418,
          0.889961
        ],
        [
          -0.108376,
          -0.993873,
          -0.02169,
          1.564264
        ],
        [
          0.0,
          0.0,
          0.0,
          1.0
        ]
      ]
    },
    {
      "file_path": "/media/NFS/ttao/scannet/posed_images/scene0522_00/00175.jpg",
      "transform_matrix": [
        [
          0.975202,
          -0.103377,
          -0.195688,
          1.399599
        ],
        [
          0.1932,
          -0.033661,
          0.980582,
          0.888838
        ],
        [
          -0.107957,
          -0.994072,
          -0.012854,
          1.56543
        ],
        [
          0.0,
          0.0,
          0.0,
          1.0
        ]
      ]
    },
    {
      "file_path": "/media/NFS/ttao/scannet/posed_images/scene0522_00/00180.jpg",
      "transform_matrix": [
        [
          0.973098,
          -0.104037,
          -0.205561,
          1.401951
        ],
        [
          0.204083,
          -0.024783,
          0.97864,
          0.886383
        ],
        [
          -0.106909,
          -0.994265,
          -0.002884,
          1.570052
        ],
        [
          0.0,
          0.0,
          0.0,
          1.0
        ]
      ]
    },
    {
      "file_path": "/media/NFS/ttao/scannet/posed_images/scene0522_00/00182.jpg",
      "transform_matrix": [
        [
          0.974425,
          -0.104959,
          -0.198696,
          1.402895
        ],
        [
          0.197385,
          -0.022838,
          0.98006,
          0.885897
        ],
        [
          -0.107404,
          -0.994214,
          -0.001536,
          1.568895
        ],
        [
          0.0,
          0.0,
          0.0,
          1.0
        ]
      ]
    },
    {
      "file_path": "/media/NFS/ttao/scannet/posed_images/scene0522_00/00185.jpg",
      "transform_matrix": [
        [
          0.979966,
          -0.102246,
          -0.170917,
          1.404629
        ],
        [
          0.169282,
          -0.024522,
          0.985262,
          0.888451
        ],
        [
          -0.104931,
          -0.994457,
          -0.006723,
          1.568186
        ],
        [
          0.0,
          0.0,
          0.0,
          1.0
        ]
      ]
    },
    {
      "file_path": "/media/NFS/ttao/scannet/posed_images/scene0522_00/00190.jpg",
      "transform_matrix": [
        [
          0.988936,
          -0.102293,
          -0.107429,
          1.400277
        ],
        [
          0.105852,
          -0.020743,
          0.994165,
          0.893059
        ],
        [
          -0.103924,
          -0.994538,
          -0.009686,
          1.576971
        ],
        [
          0.0,
          0.0,
          0.0,
          1.0
        ]
      ]
    },
    {
      "file_path": "/media/NFS/ttao/scannet/posed_images/scene0522_00/00192.jpg",
      "transform_matrix": [
        [
          0.99084,
          -0.100826,
          -0.089835,
          1.401145
        ],
        [
          0.088503,
          -0.017619,
          0.99592,
          0.89424
        ],
        [
          -0.101998,
          -0.994748,
          -0.008534,
          1.578018
        ],
        [
          0.0,
          0.0,
          0.0,
          1.0
        ]
      ]
    },
    {
      "file_path": "/media/NFS/ttao/scannet/posed_images/scene0522_00/00199.jpg",
      "transform_matrix": [
        [
          0.99482,
          -0.101626,
          -0.002318,
          1.397362
        ],
        [
          0.001541,
          -0.007728,
          0.999969,
          0.899403
        ],
        [
          -0.101641,
          -0.994793,
          -0.007531,
          1.582423
        ],
        [
          0.0,
          0.0,
          0.0,
          1.0
        ]
      ]
    },
    {
      "file_path": "/media/NFS/ttao/scannet/posed_images/scene0522_00/00203.jpg",
      "transform_matrix": [
        [
          0.994114,
          -0.101519,
          0.03782,
          1.395872
        ],
        [
          -0.038318,
          -0.002964,
          0.999261,
          0.904032
        ],
        [
          -0.101332,
          -0.994829,
          -0.006837,
          1.588073
        ],
        [
          0.0,
          0.0,
          0.0,
          1.0
        ]
      ]
    },
    {
      "file_path": "/media/NFS/ttao/scannet/posed_images/scene0522_00/00204.jpg",
      "transform_matrix": [
        [
          0.993789,
          -0.101436,
          0.045752,
          1.397234
        ],
        [
          -0.046222,
          -0.002287,
          0.998928,
          0.905397
        ],
        [
          -0.101223,
          -0.994839,
          -0.006961,
          1.588404
        ],
        [
          0.0,
          0.0,
          0.0,
          1.0
        ]
      ]
    },
    {
      "file_path": "/media/NFS/ttao/scannet/posed_images/scene0522_00/00207.jpg",
      "transform_matrix": [
        [
          0.992477,
          -0.100001,
          0.070634,
          1.397217
        ],
        [
          -0.070656,
          0.003328,
          0.997495,
          0.907967
        ],
        [
          -0.099986,
          -0.994982,
          -0.003763,
          1.591669
        ],
        [
          0.0,
          0.0,
          0.0,
          1.0
        ]
      ]
    },
    {
      "file_path": "/media/NFS/ttao/scannet/posed_images/scene0522_00/00214.jpg",
      "transform_matrix": [
        [
          0.984346,
          -0.099574,
          0.145426,
          1.388871
        ],
        [
          -0.144167,
          0.01976,
          0.989356,
          0.914628
        ],
        [
          -0.101388,
          -0.994834,
          0.005096,
          1.596261
        ],
        [
          0.0,
          0.0,
          0.0,
          1.0
        ]
      ]
    },
    {
      "file_path": "/media/NFS/ttao/scannet/posed_images/scene0522_00/00218.jpg",
      "transform_matrix": [
        [
          0.976077,
          -0.115549,
          0.184181,
          1.3882
        ],
        [
          -0.182896,
          0.02172,
          0.982892,
          0.919581
        ],
        [
          -0.117572,
          -0.993064,
          6.6e-05,
          1.598267
        ],
        [
          0.0,
          0.0,
          0.0,
          1.0
        ]
      ]
    },
    {
      "file_path": "/media/NFS/ttao/scannet/posed_images/scene0522_00/00219.jpg",
      "transform_matrix": [
        [
          0.974028,
          -0.117282,
          0.193685,
          1.389097
        ],
        [
          -0.192374,
          0.022508,
          0.981064,
          0.921612
        ],
        [
          -0.119421,
          -0.992843,
          -0.000639,
          1.599526
        ],
        [
          0.0,
          0.0,
          0.0,
          1.0
        ]
      ]
    },
    {
      "file_path": "/media/NFS/ttao/scannet/posed_images/scene0522_00/00225.jpg",
      "transform_matrix": [
        [
          0.954235,
          -0.119256,
          0.27425,
          1.387666
        ],
        [
          -0.272614,
          0.030145,
          0.961651,
          0.931823
        ],
        [
          -0.12295,
          -0.992406,
          -0.003745,
          1.621615
        ],
        [
          0.0,
          0.0,
          0.0,
          1.0
        ]
      ]
    },
    {
      "file_path": "/media/NFS/ttao/scannet/posed_images/scene0522_00/00229.jpg",
      "transform_matrix": [
        [
          0.937819,
          -0.124154,
          0.324162,
          1.386851
        ],
        [
          -0.320832,
          0.046492,
          0.945994,
          0.934685
        ],
        [
          -0.13252,
          -0.991173,
          0.003769,
          1.632446
        ],
        [
          0.0,
          0.0,
          0.0,
          1.0
        ]
      ]
    },
    {
      "file_path": "/media/NFS/ttao/scannet/posed_images/scene0522_00/00233.jpg",
      "transform_matrix": [
        [
          0.927148,
          -0.11929,
          0.355199,
          1.374171
        ],
        [
          -0.349964,
          0.063003,
          0.934642,
          0.941699
        ],
        [
          -0.133872,
          -0.990858,
          0.016665,
          1.633642
        ],
        [
          0.0,
          0.0,
          0.0,
          1.0
        ]
      ]
    },
    {
      "file_path": "/media/NFS/ttao/scannet/posed_images/scene0522_00/00235.jpg",
      "transform_matrix": [
        [
          0.920323,
          -0.114592,
          0.373998,
          1.371347
        ],
        [
          -0.369772,
          0.056958,
          0.927375,
          0.94313
        ],
        [
          -0.127572,
          -0.991778,
          0.010046,
          1.638353
        ],
        [
          0.0,
          0.0,
          0.0,
          1.0
        ]
      ]
    },
    {
      "file_path": "/media/NFS/ttao/scannet/posed_images/scene0522_00/00240.jpg",
      "transform_matrix": [
        [
          0.911553,
          -0.113018,
          0.395345,
          1.364607
        ],
        [
          -0.394021,
          0.034784,
          0.918443,
          0.949054
        ],
        [
          -0.117553,
          -0.992984,
          -0.012824,
          1.618213
        ],
        [
          0.0,
          0.0,
          0.0,
          1.0
        ]
      ]
    },
    {
      "file_path": "/media/NFS/ttao/scannet/posed_images/scene0522_00/00243.jpg",
      "transform_matrix": [
        [
          0.915258,
          -0.116534,
          0.385645,
          1.366247
        ],
        [
          -0.388945,
          -0.006125,
          0.921241,
          0.953565
        ],
        [
          -0.104994,
          -0.993168,
          -0.050931,
          1.610663
        ],
        [
          0.0,
          0.0,
          0.0,
          1.0
        ]
      ]
    },
    {
      "file_path": "/media/NFS/ttao/scannet/posed_images/scene0522_00/00247.jpg",
      "transform_matrix": [
        [
          0.922414,
          -0.117675,
          0.367838,
          1.369335
        ],
        [
          -0.375141,
          -0.046682,
          0.925792,
          0.958597
        ],
        [
          -0.091772,
          -0.991954,
          -0.087205,
          1.59252
        ],
        [
          0.0,
          0.0,
          0.0,
          1.0
        ]
      ]
    },
    {
      "file_path": "/media/NFS/ttao/scannet/posed_images/scene0522_00/00252.jpg",
      "transform_matrix": [
        [
          0.931281,
          -0.117181,
          0.344941,
          1.374091
        ],
        [
          -0.357072,
          -0.105916,
          0.928052,
          0.966063
        ],
        [
          -0.072216,
          -0.987446,
          -0.14048,
          1.569156
        ],
        [
          0.0,
          0.0,
          0.0,
          1.0
        ]
      ]
    },
    {
      "file_path": "/media/NFS/ttao/scannet/posed_images/scene0522_00/00255.jpg",
      "transform_matrix": [
        [
          0.932284,
          -0.114508,
          0.343123,
          1.379012
        ],
        [
          -0.356986,
          -0.138207,
          0.923829,
          0.969195
        ],
        [
          -0.058364,
          -0.983761,
          -0.169726,
          1.553975
        ],
        [
          0.0,
          0.0,
          0.0,
          1.0
        ]
      ]
    },
    {
      "file_path": "/media/NFS/ttao/scannet/posed_images/scene0522_00/00261.jpg",
      "transform_matrix": [
        [
          0.919174,
          -0.153679,
          0.362632,
          1.390466
        ],
        [
          -0.390356,
          -0.233062,
          0.890676,
          0.978959
        ],
        [
          -0.052362,
          -0.960242,
          -0.274214,
          1.515291
        ],
        [
          0.0,
          0.0,
          0.0,
          1.0
        ]
      ]
    },
    {
      "file_path": "/media/NFS/ttao/scannet/posed_images/scene0522_00/00262.jpg",
      "transform_matrix": [
        [
          0.919505,
          -0.160555,
          0.358794,
          1.392211
        ],
        [
          -0.389203,
          -0.244018,
          0.888243,
          0.977387
        ],
        [
          -0.055059,
          -0.956388,
          -0.286864,
          1.505502
        ],
        [
          0.0,
          0.0,
          0.0,
          1.0
        ]
      ]
    },
    {
      "file_path": "/media/NFS/ttao/scannet/posed_images/scene0522_00/00265.jpg",
      "transform_matrix": [
        [
          0.928121,
          -0.175288,
          0.328429,
          1.388737
        ],
        [
          -0.367857,
          -0.296252,
          0.881428,
          0.976577
        ],
        [
          -0.057206,
          -0.938887,
          -0.339439,
          1.477255
        ],
        [
          0.0,
          0.0,
          0.0,
          1.0
        ]
      ]
    },
    {
      "file_path": "/media/NFS/ttao/scannet/posed_images/scene0522_00/00272.jpg",
      "transform_matrix": [
        [
          0.953571,
          -0.163045,
          0.253215,
          1.395526
        ],
        [
          -0.298167,
          -0.39271,
          0.869986,
          0.98331
        ],
        [
          -0.042407,
          -0.905094,
          -0.423092,
          1.460465
        ],
        [
          0.0,
          0.0,
          0.0,
          1.0
        ]
      ]
    },
    {
      "file_path": "/media/NFS/ttao/scannet/posed_images/scene0522_00/00274.jpg",
      "transform_matrix": [
        [
          0.956619,
          -0.161783,
          0.242295,
          1.397781
        ],
        [
          -0.288714,
          -0.414931,
          0.862831,
          0.983888
        ],
        [
          -0.039056,
          -0.895354,
          -0.44364,
          1.451634
        ],
        [
          0.0,
          0.0,
          0.0,
          1.0
        ]
      ]
    },
    {
      "file_path": "/media/NFS/ttao/scannet/posed_images/scene0522_00/00280.jpg",
      "transform_matrix": [
        [
          0.968346,
          -0.164165,
          0.188034,
          1.405212
        ],
        [
          -0.24401,
          -0.463851,
          0.851646,
          0.981135
        ],
        [
          -0.052591,
          -0.87057,
          -0.489226,
          1.426979
        ],
        [
          0.0,
          0.0,
          0.0,
          1.0
        ]
      ]
    },
    {
      "file_path": "/media/NFS/ttao/scannet/posed_images/scene0522_00/00283.jpg",
      "transform_matrix": [
        [
          0.972089,
          -0.15838,
          0.173089,
          1.406658
        ],
        [
          -0.229037,
          -0.480724,
          0.846432,
          0.979175
        ],
        [
          -0.05085,
          -0.86245,
          -0.503581,
          1.415581
        ],
        [
          0.0,
          0.0,
          0.0,
          1.0
        ]
      ]
    },
    {
      "file_path": "/media/NFS/ttao/scannet/posed_images/scene0522_00/00285.jpg",
      "transform_matrix": [
        [
          0.973934,
          -0.159043,
          0.161735,
          1.409975
        ],
        [
          -0.220214,
          -0.491956,
          0.84231,
          0.977056
        ],
        [
          -0.054397,
          -0.85597,
          -0.514156,
          1.408579
        ],
        [
          0.0,
          0.0,
          0.0,
          1.0
        ]
      ]
    },
    {
      "file_path": "/media/NFS/ttao/scannet/posed_images/scene0522_00/00291.jpg",
      "transform_matrix": [
        [
          0.982089,
          -0.149734,
          0.114374,
          1.422128
        ],
        [
          -0.176967,
          -0.52462,
          0.83274,
          0.974898
        ],
        [
          -0.064687,
          -0.838065,
          -0.541722,
          1.390072
        ],
        [
          0.0,
          0.0,
          0.0,
          1.0
        ]
      ]
    },
    {
      "file_path": "/media/NFS/ttao/scannet/posed_images/scene0522_00/00293.jpg",
      "transform_matrix": [
        [
          0.984648,
          -0.144005,
          0.098643,
          1.424518
        ],
        [
          -0.161262,
          -0.534222,
          0.82982,
          0.972824
        ],
        [
          -0.066801,
          -0.832989,
          -0.549243,
          1.381583
        ],
        [
          0.0,
          0.0,
          0.0,
          1.0
        ]
      ]
    },
    {
      "file_path": "/media/NFS/ttao/scannet/posed_images/scene0522_00/00297.jpg",
      "transform_matrix": [
        [
          0.990522,
          -0.123546,
          0.060018,
          1.431049
        ],
        [
          -0.119953,
          -0.565226,
          0.816168,
          0.970743
        ],
        [
          -0.06691,
          -0.815632,
