{
  "frames": [
    {
      "file_path": "/media/NFS/ttao/scannet/posed_images/scene0046_00/00000.jpg",
      "transform_matrix": [
        [
          -0.677945,
          0.409221,
          -0.610679,
          3.092599
        ],
        [
          0.735109,
          0.38004,
          -0.561413,
          2.044437
        ],
        [
          0.00234,
          -0.829523,
          -0.558468,
          1.437429
        ],
        [
          0.0,
          0.0,
          0.0,
          1.0
        ]
      ]
    },
    {
      "file_path": "/media/NFS/ttao/scannet/posed_images/scene0046_00/00010.jpg",
      "transform_matrix": [
        [
          -0.672905,
          0.421339,
          -0.608007,
          3.081493
        ],
        [
          0.739655,
          0.394878,
          -0.544961,
          2.025223
        ],
        [
          0.010475,
          -0.816422,
          -0.577361,
          1.464203
        ],
        [
          0.0,
          0.0,
          0.0,
          1.0
        ]
      ]
    },
    {
      "file_path": "/media/NFS/ttao/scannet/posed_images/scene0046_00/00020.jpg",
      "transform_matrix": [
        [
          -0.673144,
          0.429001,
          -0.602358,
          3.077488
        ],
        [
          0.739414,
          0.403692,
          -0.538795,
          2.024627
        ],
        [
          0.012024,
          -0.808078,
          -0.588952,
          1.463891
        ],
        [
          0.0,
          0.0,
          0.0,
          1.0
        ]
      ]
    },
    {
      "file_path": "/media/NFS/ttao/scannet/posed_images/scene0046_00/00025.jpg",
      "transform_matrix": [
        [
          -0.675272,
          0.414452,
          -0.610113,
          3.073247
        ],
        [
          0.737334,
          0.400189,
          -0.544231,
          2.023663
        ],
        [
          0.018603,
          -0.817361,
          -0.575826,
          1.473647
        ],
        [
          0.0,
          0.0,
          0.0,
          1.0
        ]
      ]
    },
    {
      "file_path": "/media/NFS/ttao/scannet/posed_images/scene0046_00/00035.jpg",
      "transform_matrix": [
        [
          -0.661835,
          0.349113,
          -0.663396,
          3.060688
        ],
        [
          0.749331,
          0.333885,
          -0.57186,
          2.027207
        ],
        [
          0.021854,
          -0.87558,
          -0.482578,
          1.514864
        ],
        [
          0.0,
          0.0,
          0.0,
          1.0
        ]
      ]
    },
    {
      "file_path": "/media/NFS/ttao/scannet/posed_images/scene0046_00/00040.jpg",
      "transform_matrix": [
        [
          -0.653424,
          0.321067,
          -0.685532,
          3.052217
        ],
        [
          0.756454,
          0.311094,
          -0.575324,
          2.026227
        ],
        [
          0.028547,
          -0.894503,
          -0.446148,
          1.54211
        ],
        [
          0.0,
          0.0,
          0.0,
          1.0
        ]
      ]
    },
    {
      "file_path": "/media/NFS/ttao/scannet/posed_images/scene0046_00/00052.jpg",
      "transform_matrix": [
        [
          -0.631927,
          0.198577,
          -0.749156,
          3.032153
        ],
        [
          0.774314,
          0.203239,
          -0.599276,
          2.026624
        ],
        [
          0.033255,
          -0.958781,
          -0.282193,
          1.624749
        ],
        [
          0.0,
          0.0,
          0.0,
          1.0
        ]
      ]
    },
    {
      "file_path": "/media/NFS/ttao/scannet/posed_images/scene0046_00/00057.jpg",
      "transform_matrix": [
        [
          -0.622144,
          0.152026,
          -0.768001,
          3.034208
        ],
        [
          0.7821,
          0.165112,
          -0.600881,
          2.033401
        ],
        [
          0.035456,
          -0.974488,
          -0.221623,
          1.65001
        ],
        [
          0.0,
          0.0,
          0.0,
          1.0
        ]
      ]
    },
    {
      "file_path": "/media/NFS/ttao/scannet/posed_images/scene0046_00/00067.jpg",
      "transform_matrix": [
        [
          -0.599767,
          0.073646,
          -0.796778,
          3.044821
        ],
        [
          0.799165,
          0.105136,
          -0.591846,
          2.0321
        ],
        [
          0.040183,
          -0.991727,
          -0.121912,
          1.676499
        ],
        [
          0.0,
          0.0,
          0.0,
          1.0
        ]
      ]
    },
    {
      "file_path": "/media/NFS/ttao/scannet/posed_images/scene0046_00/00072.jpg",
      "transform_matrix": [
        [
          -0.57393,
          0.047096,
          -0.817549,
          3.031033
        ],
        [
          0.817144,
          0.098363,
          -0.567979,
          2.034383
        ],
        [
          0.053667,
          -0.994035,
          -0.094938,
          1.703599
        ],
        [
          0.0,
          0.0,
          0.0,
          1.0
        ]
      ]
    },
    {
      "file_path": "/media/NFS/ttao/scannet/posed_images/scene0046_00/00087.jpg",
      "transform_matrix": [
        [
          -0.380583,
          -0.018371,
          -0.924564,
          3.022259
        ],
        [
          0.920114,
          0.092431,
          -0.380588,
          2.070379
        ],
        [
          0.09245,
          -0.995549,
          -0.018274,
          1.740396
        ],
        [
          0.0,
          0.0,
          0.0,
          1.0
        ]
      ]
    },
    {
      "file_path": "/media/NFS/ttao/scannet/posed_images/scene0046_00/00089.jpg",
      "transform_matrix": [
        [
          -0.357669,
          -0.01729,
          -0.933688,
          3.018417
        ],
        [
          0.929706,
          0.08747,
          -0.357764,
          2.081672
        ],
        [
          0.087856,
          -0.996017,
          -0.015211,
          1.744047
        ],
        [
          0.0,
          0.0,
          0.0,
          1.0
        ]
      ]
    },
    {
      "file_path": "/media/NFS/ttao/scannet/posed_images/scene0046_00/00097.jpg",
      "transform_matrix": [
        [
          -0.252707,
          0.013491,
          -0.967449,
          3.035623
        ],
        [
          0.964441,
          0.083513,
          -0.250756,
          2.070275
        ],
        [
          0.077411,
          -0.996415,
          -0.034116,
          1.745964
        ],
        [
          0.0,
          0.0,
          0.0,
          1.0
        ]
      ]
    },
    {
      "file_path": "/media/NFS/ttao/scannet/posed_images/scene0046_00/00107.jpg",
      "transform_matrix": [
        [
          -0.166276,
          0.064326,
          -0.983979,
          3.01477
        ],
        [
          0.983468,
          0.083389,
          -0.160738,
          2.121395
        ],
        [
          0.071713,
          -0.994439,
          -0.077128,
          1.728075
        ],
        [
          0.0,
          0.0,
          0.0,
          1.0
        ]
      ]
    },
    {
      "file_path": "/media/NFS/ttao/scannet/posed_images/scene0046_00/00119.jpg",
      "transform_matrix": [
        [
          -0.013305,
          0.127315,
          -0.991773,
          2.996549
        ],
        [
          0.997728,
          0.067204,
          -0.004758,
          2.132493
        ],
        [
          0.066045,
          -0.989583,
          -0.12792,
          1.701867
        ],
        [
          0.0,
          0.0,
          0.0,
          1.0
        ]
      ]
    },
    {
      "file_path": "/media/NFS/ttao/scannet/posed_images/scene0046_00/00129.jpg",
      "transform_matrix": [
        [
          0.116155,
          0.182696,
          -0.976284,
          2.984173
        ],
        [
          0.989988,
          0.058071,
          0.128653,
          2.084747
        ],
        [
          0.080198,
          -0.981453,
          -0.174122,
          1.632986
        ],
        [
          0.0,
          0.0,
          0.0,
          1.0
        ]
      ]
    },
    {
      "file_path": "/media/NFS/ttao/scannet/posed_images/scene0046_00/00136.jpg",
      "transform_matrix": [
        [
          0.18911,
          0.220109,
          -0.956969,
          2.980961
        ],
        [
          0.978135,
          0.04366,
          0.203335,
          2.058492
        ],
        [
          0.086537,
          -0.974498,
          -0.20704,
          1.608931
        ],
        [
          0.0,
          0.0,
          0.0,
          1.0
        ]
      ]
    },
    {
      "file_path": "/media/NFS/ttao/scannet/posed_images/scene0046_00/00139.jpg",
      "transform_matrix": [
        [
          0.215792,
          0.222806,
          -0.950679,
          2.97788
        ],
        [
          0.97231,
          0.040413,
          0.230173,
          2.04523
        ],
        [
          0.089703,
          -0.974025,
          -0.207916,
          1.597719
        ],
        [
          0.0,
          0.0,
          0.0,
          1.0
        ]
      ]
    },
    {
      "file_path": "/media/NFS/ttao/scannet/posed_images/scene0046_00/00146.jpg",
      "transform_matrix": [
        [
          0.262842,
          0.231476,
          -0.936661,
          2.980523
        ],
        [
          0.958757,
          0.046165,
          0.280451,
          2.016876
        ],
        [
          0.108158,
          -0.971745,
          -0.209795,
          1.583437
        ],
        [
          0.0,
          0.0,
          0.0,
          1.0
        ]
      ]
    },
    {
      "file_path": "/media/NFS/ttao/scannet/posed_images/scene0046_00/00161.jpg",
      "transform_matrix": [
        [
          0.382114,
          0.283272,
          -0.879628,
          2.967942
        ],
        [
          0.911985,
          0.038123,
          0.408447,
          1.906955
        ],
        [
          0.149236,
          -0.958281,
          -0.243773,
          1.526607
        ],
        [
          0.0,
          0.0,
          0.0,
          1.0
        ]
      ]
    },
    {
      "file_path": "/media/NFS/ttao/scannet/posed_images/scene0046_00/00166.jpg",
      "transform_matrix": [
        [
          0.38115,
          0.303369,
          -0.873323,
          2.970775
        ],
        [
          0.911923,
          0.031995,
          0.409111,
          1.878154
        ],
        [
          0.152054,
          -0.952336,
          -0.264454,
          1.506632
        ],
        [
          0.0,
          0.0,
          0.0,
          1.0
        ]
      ]
    },
    {
      "file_path": "/media/NFS/ttao/scannet/posed_images/scene0046_00/00171.jpg",
      "transform_matrix": [
        [
          0.391633,
          0.350981,
          -0.85055,
          2.972852
        ],
        [
          0.905579,
          0.016672,
          0.423851,
          1.851121
        ],
        [
          0.162944,
          -0.936234,
          -0.311312,
          1.485763
        ],
        [
          0.0,
          0.0,
          0.0,
          1.0
        ]
      ]
    },
    {
      "file_path": "/media/NFS/ttao/scannet/posed_images/scene0046_00/00181.jpg",
      "transform_matrix": [
        [
          0.379955,
          0.500472,
          -0.777922,
          2.982431
        ],
        [
          0.902643,
          -0.016801,
          0.430062,
          1.819928
        ],
        [
          0.202165,
          -0.86559,
          -0.458131,
          1.445471
        ],
        [
          0.0,
          0.0,
          0.0,
          1.0
        ]
      ]
    },
    {
      "file_path": "/media/NFS/ttao/scannet/posed_images/scene0046_00/00191.jpg",
      "transform_matrix": [
        [
          0.315326,
          0.605915,
          -0.730368,
          2.996369
        ],
        [
          0.933702,
          -0.060531,
          0.352896,
          1.810849
        ],
        [
          0.169616,
          -0.793223,
          -0.584831,
          1.401966
        ],
        [
          0.0,
          0.0,
          0.0,
          1.0
        ]
      ]
    },
    {
      "file_path": "/media/NFS/ttao/scannet/posed_images/scene0046_00/00196.jpg",
      "transform_matrix": [
        [
          0.238656,
          0.653065,
          -0.718714,
          3.00548
        ],
        [
          0.96195,
          -0.057603,
          0.267084,
          1.820882
        ],
        [
          0.133023,
          -0.755108,
          -0.641963,
          1.389853
        ],
        [
          0.0,
          0.0,
          0.0,
          1.0
        ]
      ]
    },
    {
      "file_path": "/media/NFS/ttao/scannet/posed_images/scene0046_00/00211.jpg",
      "transform_matrix": [
        [
          0.129098,
          0.717677,
          -0.684305,
          3.02553
        ],
        [
          0.988518,
          -0.038496,
          0.146116,
          1.810019
        ],
        [
          0.078521,
          -0.695311,
          -0.714406,
          1.381985
        ],
        [
          0.0,
          0.0,
          0.0,
          1.0
        ]
      ]
    },
    {
      "file_path": "/media/NFS/ttao/scannet/posed_images/scene0046_00/00213.jpg",
      "transform_matrix": [
        [
          0.140373,
          0.715248,
          -0.684628,
          3.031543
        ],
        [
          0.986966,
          -0.046125,
          0.154175,
          1.800933
        ],
        [
          0.078695,
          -0.697347,
          -0.7124,
          1.382972
        ],
        [
          0.0,
          0.0,
          0.0,
          1.0
        ]
      ]
    },
    {
      "file_path": "/media/NFS/ttao/scannet/posed_images/scene0046_00/00221.jpg",
      "transform_matrix": [
        [
          0.246556,
          0.702332,
          -0.667787,
          3.0633
        ],
        [
          0.966822,
          -0.130746,
          0.219455,
          1.758162
        ],
        [
          0.066819,
          -0.699739,
          -0.711267,
          1.389428
        ],
        [
          0.0,
          0.0,
          0.0,
          1.0
        ]
      ]
    },
    {
      "file_path": "/media/NFS/ttao/scannet/posed_images/scene0046_00/00233.jpg",
      "transform_matrix": [
        [
          0.458226,
          0.615096,
          -0.641628,
          3.125993
        ],
        [
          0.887732,
          -0.280743,
          0.36485,
          1.76871
        ],
        [
          0.044285,
          -0.736777,
          -0.674684,
          1.438474
        ],
        [
          0.0,
          0.0,
          0.0,
          1.0
        ]
      ]
    },
    {
      "file_path": "/media/NFS/ttao/scannet/posed_images/scene0046_00/00243.jpg",
      "transform_matrix": [
        [
          0.593931,
          0.532209,
          -0.603325,
          3.183589
        ],
        [
          0.804006,
          -0.365946,
          0.468677,
          1.810235
        ],
        [
          0.02865,
          -0.763438,
          -0.645245,
          1.454784
        ],
        [
          0.0,
          0.0,
          0.0,
          1.0
        ]
      ]
    },
    {
      "file_path": "/media/NFS/ttao/scannet/posed_images/scene0046_00/00253.jpg",
      "transform_matrix": [
        [
          0.695507,
          0.484934,
          -0.530198,
          3.227084
        ],
        [
          0.717142,
          -0.422823,
          0.554012,
          1.853753
        ],
        [
          0.04448,
          -0.765545,
          -0.641842,
          1.457565
        ],
        [
          0.0,
          0.0,
          0.0,
          1.0
        ]
      ]
    },
    {
      "file_path": "/media/NFS/ttao/scannet/posed_images/scene0046_00/00261.jpg",
      "transform_matrix": [
        [
          0.777356,
          0.417201,
          -0.470808,
          3.260838
        ],
        [
          0.628518,
          -0.484027,
          0.608837,
          1.894361
        ],
        [
          0.026124,
          -0.769195,
          -0.63848,
          1.460736
        ],
        [
          0.0,
          0.0,
          0.0,
          1.0
        ]
      ]
    },
    {
      "file_path": "/media/NFS/ttao/scannet/posed_images/scene0046_00/00263.jpg",
      "transform_matrix": [
        [
          0.795183,
          0.399497,
          -0.456164,
          3.269681
        ],
        [
          0.606022,
          -0.498143,
          0.620154,
          1.904338
        ],
        [
          0.020515,
          -0.769582,
          -0.638219,
          1.460217
        ],
        [
          0.0,
          0.0,
          0.0,
          1.0
        ]
      ]
    },
    {
      "file_path": "/media/NFS/ttao/scannet/posed_images/scene0046_00/00278.jpg",
      "transform_matrix": [
        [
          0.890721,
          0.30509,
          -0.336951,
          3.320138
        ],
        [
          0.454453,
          -0.582407,
          0.673999,
          1.966527
        ],
        [
          0.009388,
          -0.753474,
          -0.657411,
          1.453694
        ],
        [
          0.0,
          0.0,
          0.0,
          1.0
        ]
      ]
    },
    {
      "file_path": "/media/NFS/ttao/scannet/posed_images/scene0046_00/00283.jpg",
      "transform_matrix": [
        [
          0.9165,
          0.276487,
          -0.289107,
          3.332831
        ],
        [
          0.399542,
          -0.596786,
          0.695854,
          1.984248
        ],
        [
          0.01986,
          -0.753261,
          -0.657422,
          1.456714
        ],
        [
          0.0,
          0.0,
          0.0,
          1.0
        ]
      ]
    },
    {
      "file_path": "/media/NFS/ttao/scannet/posed_images/scene0046_00/00290.jpg",
      "transform_matrix": [
        [
          0.937421,
          0.242103,
          -0.250255,
          3.341543
        ],
        [
          0.347066,
          -0.591794,
          0.727547,
          1.999264
        ],
        [
          0.028042,
          -0.768873,
          -0.638786,
          1.468209
        ],
        [
          0.0,
          0.0,
          0.0,
          1.0
        ]
      ]
    },
    {
      "file_path": "/media/NFS/ttao/scannet/posed_images/scene0046_00/00300.jpg",
      "transform_matrix": [
        [
          0.935284,
          0.218014,
          -0.278772,
          3.333816
        ],
        [
          0.353237,
          -0.526983,
          0.772989,
          1.997115
        ],
        [
          0.021614,
          -0.821437,
          -0.56989,
          1.500879
        ],
        [
          0.0,
          0.0,
          0.0,
          1.0
        ]
      ]
    },
    {
      "file_path": "/media/NFS/ttao/scannet/posed_images/scene0046_00/00310.jpg",
      "transform_matrix": [
        [
          0.904823,
          0.246155,
          -0.347423,
          3.313382
        ],
        [
          0.424479,
          -0.457584,
          0.781303,
          1.966404
        ],
        [
          0.033347,
          -0.854415,
          -0.51852,
          1.517452
        ],
        [
          0.0,
          0.0,
          0.0,
          1.0
        ]
      ]
    },
    {
      "file_path": "/media/NFS/ttao/scannet/posed_images/scene0046_00/00313.jpg",
      "transform_matrix": [
        [
          0.888342,
          0.267916,
          -0.372921,
          3.296841
        ],
        [
          0.457165,
          -0.439977,
          0.77293,
          1.95839
        ],
        [
          0.043003,
          -0.857112,
          -0.513332,
          1.529632
        ],
        [
          0.0,
          0.0,
          0.0,
          1.0
        ]
      ]
    },
    {
      "file_path": "/media/NFS/ttao/scannet/posed_images/scene0046_00/00320.jpg",
      "transform_matrix": [
        [
          0.830507,
          0.308026,
          -0.464089,
          3.278425
        ],
        [
          0.554476,
          -0.377817,
          0.741492,
          1.923218
        ],
        [
          0.053058,
          -0.87314,
          -0.484573,
          1.535069
        ],
        [
          0.0,
          0.0,
          0.0,
          1.0
        ]
      ]
    },
    {
      "file_path": "/media/NFS/ttao/scannet/posed_images/scene0046_00/00330.jpg",
      "transform_matrix": [
        [
          0.743819,
          0.338328,
          -0.576426,
          3.260719
        ],
        [
          0.667231,
          -0.325297,
          0.670063,
          1.878274
        ],
        [
          0.039191,
          -0.883015,
          -0.467705,
          1.539051
        ],
        [
          0.0,
          0.0,
          0.0,
          1.0
        ]
      ]
    },
    {
      "file_path": "/media/NFS/ttao/scannet/posed_images/scene0046_00/00337.jpg",
      "transform_matrix": [
        [
          0.69122,
          0.357306,
          -0.62813,
          3.248425
        ],
        [
          0.720972,
          -0.28188,
          0.633043,
          1.848363
        ],
        [
          0.049133,
          -0.890436,
          -0.452449,
          1.545725
        ],
        [
          0.0,
          0.0,
          0.0,
          1.0
        ]
      ]
    },
    {
      "file_path": "/media/NFS/ttao/scannet/posed_images/scene0046_00/00352.jpg",
      "transform_matrix": [
        [
          0.6265,
          0.312352,
          -0.714097,
          3.243219
        ],
        [
          0.778398,
          -0.203803,
          0.593769,
          1.852512
        ],
        [
          0.03993,
          -0.927847,
          -0.370817,
          1.596177
        ],
        [
          0.0,
          0.0,
          0.0,
          1.0
        ]
      ]
    },
    {
      "file_path": "/media/NFS/ttao/scannet/posed_images/scene0046_00/00357.jpg",
      "transform_matrix": [
        [
          0.587982,
          0.263107,
          -0.764887,
          3.232068
        ],
        [
          0.808668,
          -0.169825,
          0.56322,
          1.845526
        ],
        [
          0.01829,
          -0.949702,
          -0.31262,
          1.613481
        ],
        [
          0.0,
          0.0,
          0.0,
          1.0
        ]
      ]
    },
    {
      "file_path": "/media/NFS/ttao/scannet/posed_images/scene0046_00/00365.jpg",
      "transform_matrix": [
        [
          0.519696,
          0.246528,
          -0.81801,
          3.208498
        ],
        [
          0.854049,
          -0.124439,
          0.505089,
          1.831065
        ],
        [
          0.022726,
          -0.961113,
          -0.275217,
          1.617226
        ],
        [
          0.0,
          0.0,
          0.0,
          1.0
        ]
      ]
    },
    {
      "file_path": "/media/NFS/ttao/scannet/posed_images/scene0046_00/00375.jpg",
      "transform_matrix": [
        [
          0.409596,
          0.21096,
          -0.88754,
          3.151513
        ],
        [
          0.912228,
          -0.085742,
          0.400609,
          1.839767
        ],
        [
          0.008413,
          -0.973727,
          -0.227563,
          1.653995
        ],
        [
          0.0,
          0.0,
          0.0,
          1.0
        ]
      ]
    },
    {
      "file_path": "/media/NFS/ttao/scannet/posed_images/scene0046_00/00382.jpg",
      "transform_matrix": [
        [
          0.329993,
          0.168693,
          -0.928788,
          3.108864
        ],
        [
          0.943379,
          -0.023729,
          0.330868,
          1.886228
        ],
        [
          0.033776,
          -0.985383,
          -0.166972,
          1.675302
        ],
        [
          0.0,
          0.0,
          0.0,
          1.0
        ]
      ]
    },
    {
      "file_path": "/media/NFS/ttao/scannet/posed_images/scene0046_00/00392.jpg",
      "transform_matrix": [
        [
          0.27401,
          0.115371,
          -0.954782,
          3.042575
        ],
        [
          0.958274,
          0.051291,
          0.28121,
          1.954655
        ],
        [
          0.081415,
          -0.991997,
          -0.096503,
          1.699766
        ],
        [
          0.0,
          0.0,
          0.0,
          1.0
        ]
      ]
    },
    {
      "file_path": "/media/NFS/ttao/scannet/posed_images/scene0046_00/00394.jpg",
      "transform_matrix": [
        [
          0.268652,
          0.115355,
          -0.956305,
          3.028445
        ],
        [
          0.959593,
          0.054225,
          0.276117,
          1.970006
        ],
        [
          0.083707,
          -0.991843,
          -0.096126,
          1.712275
        ],
        [
          0.0,
          0.0,
          0.0,
          1.0
        ]
      ]
    },
    {
      "file_path": "/media/NFS/ttao/scannet/posed_images/scene0046_00/00404.jpg",
      "transform_matrix": [
        [
          0.158765,
          0.090039,
          -0.983202,
          2.964482
        ],
        [
          0.984586,
          0.059568,
          0.164444,
          2.010787
        ],
        [
          0.073374,
          -0.994155,
          -0.079194,
          1.706013
        ],
        [
          0.0,
          0.0,
          0.0,
          1.0
        ]
      ]
    },
    {
      "file_path": "/media/NFS/ttao/scannet/posed_images/scene0046_00/00412.jpg",
      "transform_matrix": [
        [
          0.052861,
          0.112008,
          -0.9923,
          2.889963
        ],
        [
          0.997019,
          0.050012,
          0.058758,
          1.993709
        ],
        [
          0.056208,
          -0.992448,
          -0.10903,
          1.700786
        ],
        [
          0.0,
          0.0,
          0.0,
          1.0
        ]
      ]
    },
    {
      "file_path": "/media/NFS/ttao/scannet/posed_images/scene0046_00/00427.jpg",
      "transform_matrix": [
        [
          -0.129134,
          0.086069,
          -0.987885,
          2.702664
        ],
        [
          0.991371,
          0.033825,
          -0.126643,
          1.959826
        ],
        [
          0.022515,
          -0.995715,
          -0.089694,
          1.708897
        ],
        [
          0.0,
          0.0,
          0.0,
          1.0
        ]
      ]
    },
    {
      "file_path": "/media/NFS/ttao/scannet/posed_images/scene0046_00/00434.jpg",
      "transform_matrix": [
        [
          -0.181164,
          0.049096,
          -0.982226,
          2.638984
        ],
        [
          0.983452,
          0.007738,
          -0.181003,
          1.950337
        ],
        [
          -0.001286,
          -0.998764,
          -0.049686,
          1.703325
        ],
        [
          0.0,
          0.0,
          0.0,
          1.0
        ]
      ]
    },
    {
      "file_path": "/media/NFS/ttao/scannet/posed_images/scene0046_00/00437.jpg",
      "transform_matrix": [
        [
          -0.207938,
          0.053109,
          -0.976699,
          2.617625
        ],
        [
          0.978108,
          0.003017,
          -0.208074,
          1.953631
        ],
        [
          -0.008104,
          -0.998584,
          -0.052574,
          1.707926
        ],
        [
          0.0,
          0.0,
          0.0,
          1.0
        ]
      ]
    },
    {
      "file_path": "/media/NFS/ttao/scannet/posed_images/scene0046_00/00452.jpg",
      "transform_matrix": [
        [
          -0.510607,
          0.083699,
          -0.855731,
          2.503476
        ],
        [
          0.859786,
          0.057764,
          -0.507376,
          2.031077
        ],
        [
          0.006964,
          -0.994815,
          -0.101458,
          1.699465
        ],
        [
          0.0,
          0.0,
          0.0,
          1.0
        ]
      ]
    },
    {
      "file_path": "/media/NFS/ttao/scannet/posed_images/scene0046_00/00459.jpg",
      "transform_matrix": [
        [
          -0.584385,
          0.113065,
          -0.803561,
          2.468248
        ],
        [
          0.811416,
          0.093487,
          -0.576944,
          2.020621
        ],
        [
          0.00989,
          -0.98918,
          -0.146375,
          1.674728
        ],
        [
          0.0,
          0.0,
          0.0,
          1.0
        ]
      ]
    },
    {
      "file_path": "/media/NFS/ttao/scannet/posed_images/scene0046_00/00466.jpg",
      "transform_matrix": [
        [
          -0.64465,
          0.131984,
          -0.752999,
          2.378324
        ],
        [
          0.764473,
          0.107595,
          -0.635613,
          2.039959
        ],
        [
          -0.002872,
          -0.985395,
          -0.170259,
          1.652119
        ],
        [
          0.0,
          0.0,
          0.0,
          1.0
        ]
      ]
    },
    {
      "file_path": "/media/NFS/ttao/scannet/posed_images/scene0046_00/00476.jpg",
      "transform_matrix": [
        [
          -0.680412,
          0.161722,
          -0.714763,
          2.284253
        ],
        [
          0.732717,
          0.167263,
          -0.659658,
          1.983968
        ],
        [
          0.012872,
          -0.972558,
          -0.232304,
          1.628878
        ],
        [
          0.0,
          0.0,
          0.0,
          1.0
        ]
      ]
    },
    {
      "file_path": "/media/NFS/ttao/scannet/posed_images/scene0046_00/00481.jpg",
      "transform_matrix": [
        [
          -0.712143,
          0.191254,
          -0.67548,
          2.221372
        ],
        [
          0.702024,
          0.199099,
          -0.683755,
          1.990838
        ],
        [
          0.003717,
          -0.961136,
          -0.276052,
          1.6256
        ],
        [
          0.0,
          0.0,
          0.0,
          1.0
        ]
      ]
    },
    {
      "file_path": "/media/NFS/ttao/scannet/posed_images/scene0046_00/00491.jpg",
      "transform_matrix": [
        [
          -0.790051,
          0.205326,
          -0.577634,
          2.119478
        ],
        [
          0.612753,
          0.235562,
          -0.75435,
          1.982977
        ],
        [
          -0.018819,
          -0.949922,
          -0.31192,
          1.611773
        ],
        [
          0.0,
          0.0,
          0.0,
          1.0
        ]
      ]
    },
    {
      "file_path": "/media/NFS/ttao/scannet/posed_images/scene0046_00/00494.jpg",
      "transform_matrix": [
        [
          -0.82688,
          0.191759,
          -0.528676,
          2.098438
        ],
        [
          0.562148,
          0.25495,
          -0.786759,
          1.977547
        ],
        [
          -0.016082,
          -0.947749,
          -0.31861,
          1.600653
        ],
        [
          0.0,
          0.0,
          0.0,
          1.0
        ]
      ]
    },
    {
      "file_path": "/media/NFS/ttao/scannet/posed_images/scene0046_00/00506.jpg",
      "transform_matrix": [
        [
          -0.911363,
          0.194698,
          -0.362643,
          2.005818
        ],
        [
          0.410368,
          0.361591,
          -0.837168,
          1.955474
        ],
        [
          -0.031867,
          -0.911781,
          -0.409438,
          1.545157
        ],
        [
          0.0,
          0.0,
          0.0,
          1.0
        ]
      ]
    },
    {
      "file_path": "/media/NFS/ttao/scannet/posed_images/scene0046_00/00511.jpg",
      "transform_matrix": [
        [
          -0.933219,
          0.175289,
          -0.313649,
          1.95959
        ],
        [
          0.358456,
          0.39412,
          -0.846273,
          1.939668
        ],
        [
          -0.024727,
          -0.902188,
          -0.430634,
          1.532759
        ],
        [
          0.0,
          0.0,
          0.0,
          1.0
        ]
      ]
    },
    {
      "file_path": "/media/NFS/ttao/scannet/posed_images/scene0046_00/00521.jpg",
      "transform_matrix": [
        [
          -0.960791,
          0.136837,
          -0.241157,
          1.896243
        ],
        [
          0.276834,
          0.424366,
          -0.862135,
          1.872782
        ],
        [
          -0.015633,
          -0.895092,
          -0.445608,
          1.498205
        ],
        [
          0.0,
          0.0,
          0.0,
          1.0
        ]
      ]
    },
    {
      "file_path": "/media/NFS/ttao/scannet/posed_images/scene0046_00/00533.jpg",
      "transform_matrix": [
        [
          -0.993393,
          0.058863,
          -0.098519,
          1.825265
        ],
        [
          0.114753,
          0.497655,
          -0.85975,
          1.756755
        ],
        [
          -0.001579,
          -0.865375,
          -0.501122,
          1.480989
        ],
        [
          0.0,
          0.0,
          0.0,
          1.0
        ]
      ]
    },
    {
      "file_path": "/media/NFS/ttao/scannet/posed_images/scene0046_00/00538.jpg",
      "transform_matrix": [
        [
          -0.994481,
          0.066695,
          -0.080987,
          1.797348
        ],
        [
          0.104257,
          0.54192,
          -0.833938,
          1.727217
        ],
        [
          -0.011731,
          -0.837779,
          -0.545883,
          1.462179
        ],
        [
          0.0,
          0.0,
          0.0,
          1.0
        ]
      ]
    },
    {
      "file_path": "/media/NFS/ttao/scannet/posed_images/scene0046_00/00546.jpg",
      "transform_matrix": [
        [
          -0.994177,
          0.077721,
          -0.074644,
          1.737014
        ],
        [
          0.105742,
          0.570191,
          -0.814678,
          1.693385
        ],
        [
          -0.020756,
          -0.817827,
          -0.57509,
          1.455625
        ],
        [
          0.0,
          0.0,
          0.0,
          1.0
        ]
      ]
    },
    {
      "file_path": "/media/NFS/ttao/scannet/posed_images/scene0046_00/00553.jpg",
      "transform_matrix": [
        [
          -0.995182,
          0.082631,
          -0.052781,
          1.653088
        ],
        [
          0.091293,
          0.584541,
          -0.806212,
          1.683678
        ],
        [
          -0.035766,
          -0.807146,
          -0.589268,
          1.444668
        ],
        [
          0.0,
          0.0,
          0.0,
          1.0
        ]
      ]
    },
    {
      "file_path": "/media/NFS/ttao/scannet/posed_images/scene0046_00/00566.jpg",
      "transform_matrix": [
        [
          -0.998005,
          0.061377,
          -0.014808,
          1.417756
        ],
        [
          0.051701,
          0.659801,
          -0.74966,
          1.665311
        ],
        [
          -0.036241,
          -0.74893,
          -0.661658,
          1.402078
        ],
        [
          0.0,
          0.0,
          0.0,
          1.0
        ]
      ]
    },
    {
      "file_path": "/media/NFS/ttao/scannet/posed_images/scene0046_00/00576.jpg",
      "transform_matrix": [
        [
          -0.997755,
          0.066964,
          -0.000646,
          1.280129
        ],
        [
          0.046895,
          0.691769,
          -0.720595,
          1.62722
        ],
        [
          -0.047807,
          -0.719007,
          -0.693356,
          1.386413
        ],
        [
          0.0,
          0.0,
          0.0,
          1.0
        ]
      ]
    },
    {
      "file_path": "/media/NFS/ttao/scannet/posed_images/scene0046_00/00583.jpg",
      "transform_matrix": [
        [
          -0.998028,
          0.059929,
          -0.018683,
          1.227859
        ],
        [
          0.055275,
          0.697911,
          -0.714048,
          1.559751
        ],
        [
          -0.029753,
          -0.713673,
          -0.699847,
          1.379209
        ],
        [
          0.0,
          0.0,
          0.0,
          1.0
        ]
      ]
    },
    {
      "file_path": "/media/NFS/ttao/scannet/posed_images/scene0046_00/00590.jpg",
      "transform_matrix": [
        [
          -0.997034,
          0.072779,
          -0.025018,
          1.19344
        ],
        [
          0.069801,
          0.718273,
          -0.692251,
          1.497466
        ],
        [
          -0.032412,
          -0.691944,
          -0.721223,
          1.381571
        ],
        [
          0.0,
          0.0,
          0.0,
          1.0
        ]
      ]
    },
    {
      "file_path": "/media/NFS/ttao/scannet/posed_images/scene0046_00/00600.jpg",
      "transform_matrix": [
        [
          -0.999366,
          0.031291,
          0.016961,
          1.174877
        ],
        [
          0.010871,
          0.722112,
          -0.691691,
          1.460228
        ],
        [
          -0.033892,
          -0.691068,
          -0.721995,
          1.385626
        ],
        [
          0.0,
          0.0,
          0.0,
          1.0
        ]
      ]
    },
    {
      "file_path": "/media/NFS/ttao/scannet/posed_images/scene0046_00/00608.jpg",
      "transform_matrix": [
        [
          -0.991987,
          -0.071454,
          0.104192,
          1.166711
        ],
        [
          -0.123903,
          0.711389,
          -0.691791,
          1.456755
        ],
        [
          -0.02469,
          -0.699157,
          -0.714542,
          1.384324
        ],
        [
          0.0,
          0.0,
          0.0,
          1.0
        ]
      ]
    },
    {
      "file_path": "/media/NFS/ttao/scannet/posed_images/scene0046_00/00610.jpg",
      "transform_matrix": [
        [
          -0.985359,
          -0.107333,
          0.132468,
          1.158416
        ],
        [
          -0.169604,
          0.696376,
          -0.697348,
          1.461758
        ],
        [
          -0.017399,
          -0.709605,
          -0.704385,
          1.384715
        ],
        [
          0.0,
          0.0,
          0.0,
          1.0
        ]
      ]
    },
    {
      "file_path": "/media/NFS/ttao/scannet/posed_images/scene0046_00/00625.jpg",
      "transform_matrix": [
        [
          -0.849031,
          -0.354491,
          0.391769,
          1.056425
        ],
        [
          -0.527539,
          0.52788,
          -0.665617,
          1.548266
        ],
        [
          0.029148,
          -0.771802,
          -0.635194,
          1.401823
        ],
        [
          0.0,
          0.0,
          0.0,
          1.0
        ]
      ]
    },
    {
      "file_path": "/media/NFS/ttao/scannet/posed_images/scene0046_00/00630.jpg",
      "transform_matrix": [
        [
          -0.805828,
          -0.37976,
          0.454339,
          1.030898
        ],
        [
          -0.591834,
          0.491477,
          -0.638892,
          1.573124
        ],
        [
          0.019328,
          -0.783731,
          -0.6208,
          1.415058
        ],
        [
          0.0,
          0.0,
          0.0,
          1.0
        ]
      ]
    },
    {
      "file_path": "/media/NFS/ttao/scannet/posed_images/scene0046_00/00638.jpg",
      "transform_matrix": [
        [
          -0.730513,
          -0.393919,
          0.557834,
          1.020064
        ],
        [
          -0.682748,
          0.438472,
          -0.584464,
          1.617834
        ],
        [
          -0.014363,
          -0.807818,
          -0.589256,
          1.423023
        ],
        [
