{
  "frames": [
    {
      "file_path": "/media/NFS/ttao/scannet/posed_images/scene0578_02/00002.jpg",
      "transform_matrix": [
        [
          0.995548,
          -0.055531,
          0.07616,
          0.687907
        ],
        [
          -0.088421,
          -0.270351,
          0.958693,
          2.452476
        ],
        [
          -0.032647,
          -0.961159,
          -0.274058,
          1.482315
        ],
        [
          0.0,
          0.0,
          0.0,
          1.0
        ]
      ]
    },
    {
      "file_path": "/media/NFS/ttao/scannet/posed_images/scene0578_02/00003.jpg",
      "transform_matrix": [
        [
          0.995506,
          -0.056127,
          0.076276,
          0.687139
        ],
        [
          -0.088668,
          -0.269528,
          0.958902,
          2.451973
        ],
        [
          -0.033262,
          -0.961356,
          -0.273293,
          1.481974
        ],
        [
          0.0,
          0.0,
          0.0,
          1.0
        ]
      ]
    },
    {
      "file_path": "/media/NFS/ttao/scannet/posed_images/scene0578_02/00007.jpg",
      "transform_matrix": [
        [
          0.995741,
          -0.054471,
          0.074382,
          0.683953
        ],
        [
          -0.086508,
          -0.273051,
          0.958102,
          2.451686
        ],
        [
          -0.031879,
          -0.960456,
          -0.276601,
          1.485153
        ],
        [
          0.0,
          0.0,
          0.0,
          1.0
        ]
      ]
    },
    {
      "file_path": "/media/NFS/ttao/scannet/posed_images/scene0578_02/00010.jpg",
      "transform_matrix": [
        [
          0.996145,
          -0.052726,
          0.070112,
          0.687532
        ],
        [
          -0.081656,
          -0.265176,
          0.960736,
          2.451232
        ],
        [
          -0.032064,
          -0.962757,
          -0.268459,
          1.492299
        ],
        [
          0.0,
          0.0,
          0.0,
          1.0
        ]
      ]
    },
    {
      "file_path": "/media/NFS/ttao/scannet/posed_images/scene0578_02/00015.jpg",
      "transform_matrix": [
        [
          0.995923,
          -0.063098,
          0.064478,
          0.689304
        ],
        [
          -0.077619,
          -0.235049,
          0.96888,
          2.452971
        ],
        [
          -0.045979,
          -0.969933,
          -0.238988,
          1.511799
        ],
        [
          0.0,
          0.0,
          0.0,
          1.0
        ]
      ]
    },
    {
      "file_path": "/media/NFS/ttao/scannet/posed_images/scene0578_02/00019.jpg",
      "transform_matrix": [
        [
          0.995026,
          -0.07734,
          0.062791,
          0.692177
        ],
        [
          -0.076384,
          -0.187689,
          0.979254,
          2.447551
        ],
        [
          -0.06395,
          -0.979179,
          -0.192663,
          1.535698
        ],
        [
          0.0,
          0.0,
          0.0,
          1.0
        ]
      ]
    },
    {
      "file_path": "/media/NFS/ttao/scannet/posed_images/scene0578_02/00023.jpg",
      "transform_matrix": [
        [
          0.99488,
          -0.070343,
          0.072568,
          0.701235
        ],
        [
          -0.082579,
          -0.151829,
          0.984951,
          2.443691
        ],
        [
          -0.058267,
          -0.985901,
          -0.156861,
          1.542006
        ],
        [
          0.0,
          0.0,
          0.0,
          1.0
        ]
      ]
    },
    {
      "file_path": "/media/NFS/ttao/scannet/posed_images/scene0578_02/00027.jpg",
      "transform_matrix": [
        [
          0.991797,
          -0.058665,
          0.113564,
          0.70045
        ],
        [
          -0.120575,
          -0.134489,
          0.983552,
          2.447187
        ],
        [
          -0.042427,
          -0.989177,
          -0.140459,
          1.552729
        ],
        [
          0.0,
          0.0,
          0.0,
          1.0
        ]
      ]
    },
    {
      "file_path": "/media/NFS/ttao/scannet/posed_images/scene0578_02/00033.jpg",
      "transform_matrix": [
        [
          0.982085,
          -0.054938,
          0.180255,
          0.702157
        ],
        [
          -0.185749,
          -0.121098,
          0.975107,
          2.440086
        ],
        [
          -0.031742,
          -0.991119,
          -0.129133,
          1.56542
        ],
        [
          0.0,
          0.0,
          0.0,
          1.0
        ]
      ]
    },
    {
      "file_path": "/media/NFS/ttao/scannet/posed_images/scene0578_02/00034.jpg",
      "transform_matrix": [
        [
          0.981386,
          -0.058316,
          0.182979,
          0.704618
        ],
        [
          -0.188865,
          -0.120351,
          0.9746,
          2.440312
        ],
        [
          -0.034813,
          -0.991017,
          -0.129124,
          1.562324
        ],
        [
          0.0,
          0.0,
          0.0,
          1.0
        ]
      ]
    },
    {
      "file_path": "/media/NFS/ttao/scannet/posed_images/scene0578_02/00038.jpg",
      "transform_matrix": [
        [
          0.978282,
          -0.069819,
          0.195167,
          0.714144
        ],
        [
          -0.203066,
          -0.133939,
          0.969961,
          2.437872
        ],
        [
          -0.041581,
          -0.988527,
          -0.145208,
          1.554158
        ],
        [
          0.0,
          0.0,
          0.0,
          1.0
        ]
      ]
    },
    {
      "file_path": "/media/NFS/ttao/scannet/posed_images/scene0578_02/00044.jpg",
      "transform_matrix": [
        [
          0.967808,
          -0.08193,
          0.237982,
          0.688045
        ],
        [
          -0.249415,
          -0.185344,
          0.950495,
          2.457523
        ],
        [
          -0.033766,
          -0.979252,
          -0.199812,
          1.52343
        ],
        [
          0.0,
          0.0,
          0.0,
          1.0
        ]
      ]
    },
    {
      "file_path": "/media/NFS/ttao/scannet/posed_images/scene0578_02/00048.jpg",
      "transform_matrix": [
        [
          0.966578,
          -0.093228,
          0.238821,
          0.69201
        ],
        [
          -0.254277,
          -0.229737,
          0.939449,
          2.46331
        ],
        [
          -0.032716,
          -0.968777,
          -0.245765,
          1.495821
        ],
        [
          0.0,
          0.0,
          0.0,
          1.0
        ]
      ]
    },
    {
      "file_path": "/media/NFS/ttao/scannet/posed_images/scene0578_02/00050.jpg",
      "transform_matrix": [
        [
          0.965955,
          -0.093179,
          0.241348,
          0.682927
        ],
        [
          -0.257466,
          -0.254812,
          0.932085,
          2.475853
        ],
        [
          -0.025352,
          -0.962491,
          -0.270128,
          1.484075
        ],
        [
          0.0,
          0.0,
          0.0,
          1.0
        ]
      ]
    },
    {
      "file_path": "/media/NFS/ttao/scannet/posed_images/scene0578_02/00056.jpg",
      "transform_matrix": [
        [
          0.971624,
          -0.095481,
          0.216404,
          0.682395
        ],
        [
          -0.235473,
          -0.303981,
          0.923119,
          2.482681
        ],
        [
          -0.022358,
          -0.947881,
          -0.317839,
          1.439698
        ],
        [
          0.0,
          0.0,
          0.0,
          1.0
        ]
      ]
    },
    {
      "file_path": "/media/NFS/ttao/scannet/posed_images/scene0578_02/00059.jpg",
      "transform_matrix": [
        [
          0.97408,
          -0.091632,
          0.206816,
          0.684109
        ],
        [
          -0.225578,
          -0.325374,
          0.918285,
          2.486865
        ],
        [
          -0.016851,
          -0.941135,
          -0.33761,
          1.411931
        ],
        [
          0.0,
          0.0,
          0.0,
          1.0
        ]
      ]
    },
    {
      "file_path": "/media/NFS/ttao/scannet/posed_images/scene0578_02/00064.jpg",
      "transform_matrix": [
        [
          0.968153,
          -0.109925,
          0.224937,
          0.674604
        ],
        [
          -0.250001,
          -0.37636,
          0.892106,
          2.493028
        ],
        [
          -0.013407,
          -0.919929,
          -0.391855,
          1.365039
        ],
        [
          0.0,
          0.0,
          0.0,
          1.0
        ]
      ]
    },
    {
      "file_path": "/media/NFS/ttao/scannet/posed_images/scene0578_02/00068.jpg",
      "transform_matrix": [
        [
          0.962547,
          -0.127659,
          0.239178,
          0.664015
        ],
        [
          -0.270799,
          -0.410217,
          0.870856,
          2.511031
        ],
        [
          -0.013058,
          -0.903009,
          -0.429423,
          1.334437
        ],
        [
          0.0,
          0.0,
          0.0,
          1.0
        ]
      ]
    },
    {
      "file_path": "/media/NFS/ttao/scannet/posed_images/scene0578_02/00070.jpg",
      "transform_matrix": [
        [
          0.959985,
          -0.142993,
          0.240795,
          0.652424
        ],
        [
          -0.279253,
          -0.423871,
          0.861598,
          2.524664
        ],
        [
          -0.021137,
          -0.894364,
          -0.446841,
          1.331071
        ],
        [
          0.0,
          0.0,
          0.0,
          1.0
        ]
      ]
    },
    {
      "file_path": "/media/NFS/ttao/scannet/posed_images/scene0578_02/00073.jpg",
      "transform_matrix": [
        [
          0.957896,
          -0.1446,
          0.248044,
          0.642796
        ],
        [
          -0.286277,
          -0.415094,
          0.863564,
          2.546159
        ],
        [
          -0.02191,
          -0.898214,
          -0.439012,
          1.343539
        ],
        [
          0.0,
          0.0,
          0.0,
          1.0
        ]
      ]
    },
    {
      "file_path": "/media/NFS/ttao/scannet/posed_images/scene0578_02/00077.jpg",
      "transform_matrix": [
        [
          0.949597,
          -0.143667,
          0.278614,
          0.614516
        ],
        [
          -0.312953,
          -0.383304,
          0.868987,
          2.58067
        ],
        [
          -0.018051,
          -0.91238,
          -0.408946,
          1.357467
        ],
        [
          0.0,
          0.0,
          0.0,
          1.0
        ]
      ]
    },
    {
      "file_path": "/media/NFS/ttao/scannet/posed_images/scene0578_02/00083.jpg",
      "transform_matrix": [
        [
          0.932245,
          -0.131357,
          0.337142,
          0.580753
        ],
        [
          -0.361828,
          -0.336876,
          0.86925,
          2.649752
        ],
        [
          -0.000607,
          -0.932341,
          -0.361579,
          1.396363
        ],
        [
          0.0,
          0.0,
          0.0,
          1.0
        ]
      ]
    },
    {
      "file_path": "/media/NFS/ttao/scannet/posed_images/scene0578_02/00085.jpg",
      "transform_matrix": [
        [
          0.927432,
          -0.131035,
          0.350284,
          0.583108
        ],
        [
          -0.373987,
          -0.320422,
          0.870324,
          2.673039
        ],
        [
          -0.001804,
          -0.938168,
          -0.346175,
          1.411323
        ],
        [
          0.0,
          0.0,
          0.0,
          1.0
        ]
      ]
    },
    {
      "file_path": "/media/NFS/ttao/scannet/posed_images/scene0578_02/00089.jpg",
      "transform_matrix": [
        [
          0.916512,
          -0.120858,
          0.381312,
          0.590849
        ],
        [
          -0.400006,
          -0.277655,
          0.873443,
          2.723196
        ],
        [
          0.000311,
          -0.953048,
          -0.302818,
          1.441085
        ],
        [
          0.0,
          0.0,
          0.0,
          1.0
        ]
      ]
    },
    {
      "file_path": "/media/NFS/ttao/scannet/posed_images/scene0578_02/00093.jpg",
      "transform_matrix": [
        [
          0.91787,
          -0.103359,
          0.383187,
          0.615757
        ],
        [
          -0.396863,
          -0.248366,
          0.883637,
          2.7717
        ],
        [
          0.003839,
          -0.963136,
          -0.268987,
          1.455427
        ],
        [
          0.0,
          0.0,
          0.0,
          1.0
        ]
      ]
    },
    {
      "file_path": "/media/NFS/ttao/scannet/posed_images/scene0578_02/00099.jpg",
      "transform_matrix": [
        [
          0.9223,
          -0.09848,
          0.373718,
          0.652919
        ],
        [
          -0.386342,
          -0.209446,
          0.898261,
          2.86098
        ],
        [
          -0.010187,
          -0.972848,
          -0.231219,
          1.495387
        ],
        [
          0.0,
          0.0,
          0.0,
          1.0
        ]
      ]
    },
    {
      "file_path": "/media/NFS/ttao/scannet/posed_images/scene0578_02/00100.jpg",
      "transform_matrix": [
        [
          0.921995,
          -0.098179,
          0.374548,
          0.652578
        ],
        [
          -0.387085,
          -0.209995,
          0.897813,
          2.872519
        ],
        [
          -0.009493,
          -0.972761,
          -0.231618,
          1.501216
        ],
        [
          0.0,
          0.0,
          0.0,
          1.0
        ]
      ]
    },
    {
      "file_path": "/media/NFS/ttao/scannet/posed_images/scene0578_02/00105.jpg",
      "transform_matrix": [
        [
          0.913496,
          -0.065607,
          0.401524,
          0.663727
        ],
        [
          -0.406225,
          -0.20169,
          0.891236,
          2.944939
        ],
        [
          0.022512,
          -0.97725,
          -0.210894,
          1.51579
        ],
        [
          0.0,
          0.0,
          0.0,
          1.0
        ]
      ]
    },
    {
      "file_path": "/media/NFS/ttao/scannet/posed_images/scene0578_02/00108.jpg",
      "transform_matrix": [
        [
          0.904787,
          -0.060671,
          0.421521,
          0.674157
        ],
        [
          -0.424474,
          -0.2084,
          0.881131,
          2.987469
        ],
        [
          0.034386,
          -0.97616,
          -0.214311,
          1.536275
        ],
        [
          0.0,
          0.0,
          0.0,
          1.0
        ]
      ]
    },
    {
      "file_path": "/media/NFS/ttao/scannet/posed_images/scene0578_02/00114.jpg",
      "transform_matrix": [
        [
          0.862469,
          -0.053809,
          0.503242,
          0.646319
        ],
        [
          -0.504727,
          -0.164909,
          0.847381,
          3.094525
        ],
        [
          0.037392,
          -0.98484,
          -0.169388,
          1.53158
        ],
        [
          0.0,
          0.0,
          0.0,
          1.0
        ]
      ]
    },
    {
      "file_path": "/media/NFS/ttao/scannet/posed_images/scene0578_02/00118.jpg",
      "transform_matrix": [
        [
          0.833107,
          -0.068324,
          0.548876,
          0.644098
        ],
        [
          -0.551641,
          -0.174975,
          0.815522,
          3.171659
        ],
        [
          0.04032,
          -0.982199,
          -0.183463,
          1.53573
        ],
        [
          0.0,
          0.0,
          0.0,
          1.0
        ]
      ]
    },
    {
      "file_path": "/media/NFS/ttao/scannet/posed_images/scene0578_02/00122.jpg",
      "transform_matrix": [
        [
          0.800157,
          -0.080258,
          0.594397,
          0.638869
        ],
        [
          -0.599244,
          -0.149293,
          0.786523,
          3.246198
        ],
        [
          0.025615,
          -0.985531,
          -0.167552,
          1.544174
        ],
        [
          0.0,
          0.0,
          0.0,
          1.0
        ]
      ]
    },
    {
      "file_path": "/media/NFS/ttao/scannet/posed_images/scene0578_02/00126.jpg",
      "transform_matrix": [
        [
          0.76955,
          -0.082636,
          0.633217,
          0.631413
        ],
        [
          -0.638181,
          -0.134861,
          0.757983,
          3.307766
        ],
        [
          0.02276,
          -0.987413,
          -0.156519,
          1.54053
        ],
        [
          0.0,
          0.0,
          0.0,
          1.0
        ]
      ]
    },
    {
      "file_path": "/media/NFS/ttao/scannet/posed_images/scene0578_02/00127.jpg",
      "transform_matrix": [
        [
          0.764001,
          -0.086317,
          0.639416,
          0.622392
        ],
        [
          -0.644916,
          -0.132362,
          0.752704,
          3.325799
        ],
        [
          0.019663,
          -0.987436,
          -0.156792,
          1.526065
        ],
        [
          0.0,
          0.0,
          0.0,
          1.0
        ]
      ]
    },
    {
      "file_path": "/media/NFS/ttao/scannet/posed_images/scene0578_02/00133.jpg",
      "transform_matrix": [
        [
          0.764793,
          -0.145704,
          0.627584,
          0.627658
        ],
        [
          -0.643691,
          -0.214309,
          0.734666,
          3.438593
        ],
        [
          0.027453,
          -0.965837,
          -0.25769,
          1.487172
        ],
        [
          0.0,
          0.0,
          0.0,
          1.0
        ]
      ]
    },
    {
      "file_path": "/media/NFS/ttao/scannet/posed_images/scene0578_02/00136.jpg",
      "transform_matrix": [
        [
          0.762189,
          -0.16387,
          0.62627,
          0.629256
        ],
        [
          -0.646604,
          -0.23927,
          0.724329,
          3.501301
        ],
        [
          0.031152,
          -0.957025,
          -0.288328,
          1.447306
        ],
        [
          0.0,
          0.0,
          0.0,
          1.0
        ]
      ]
    },
    {
      "file_path": "/media/NFS/ttao/scannet/posed_images/scene0578_02/00140.jpg",
      "transform_matrix": [
        [
          0.753695,
          -0.203985,
          0.624767,
          0.662393
        ],
        [
          -0.656488,
          -0.27865,
          0.700984,
          3.569969
        ],
        [
          0.031101,
          -0.93848,
          -0.343931,
          1.412649
        ],
        [
          0.0,
          0.0,
          0.0,
          1.0
        ]
      ]
    },
    {
      "file_path": "/media/NFS/ttao/scannet/posed_images/scene0578_02/00143.jpg",
      "transform_matrix": [
        [
          0.740337,
          -0.189652,
          0.644929,
          0.68382
        ],
        [
          -0.670061,
          -0.28529,
          0.685293,
          3.630431
        ],
        [
          0.054025,
          -0.93949,
          -0.338289,
          1.373776
        ],
        [
          0.0,
          0.0,
          0.0,
          1.0
        ]
      ]
    },
    {
      "file_path": "/media/NFS/ttao/scannet/posed_images/scene0578_02/00149.jpg",
      "transform_matrix": [
        [
          0.730051,
          -0.266161,
          0.629432,
          0.719145
        ],
        [
          -0.681087,
          -0.358972,
          0.638169,
          3.756559
        ],
        [
          0.056092,
          -0.894593,
          -0.443347,
          1.304526
        ],
        [
          0.0,
          0.0,
          0.0,
          1.0
        ]
      ]
    },
    {
      "file_path": "/media/NFS/ttao/scannet/posed_images/scene0578_02/00154.jpg",
      "transform_matrix": [
        [
          0.714155,
          -0.315276,
          0.624967,
          0.729613
        ],
        [
          -0.69725,
          -0.399285,
          0.595327,
          3.857472
        ],
        [
          0.061848,
          -0.860914,
          -0.504978,
          1.268743
        ],
        [
          0.0,
          0.0,
          0.0,
          1.0
        ]
      ]
    },
    {
      "file_path": "/media/NFS/ttao/scannet/posed_images/scene0578_02/00156.jpg",
      "transform_matrix": [
        [
          0.709535,
          -0.317723,
          0.628977,
          0.73168
        ],
        [
          -0.701427,
          -0.403984,
          0.587195,
          3.898055
        ],
        [
          0.067531,
          -0.857817,
          -0.5095,
          1.265143
        ],
        [
          0.0,
          0.0,
          0.0,
          1.0
        ]
      ]
    },
    {
      "file_path": "/media/NFS/ttao/scannet/posed_images/scene0578_02/00158.jpg",
      "transform_matrix": [
        [
          0.700231,
          -0.328028,
          0.634094,
          0.731397
        ],
        [
          -0.711258,
          -0.397123,
          0.580005,
          3.943481
        ],
        [
          0.061556,
          -0.857141,
          -0.511391,
          1.262384
        ],
        [
          0.0,
          0.0,
          0.0,
          1.0
        ]
      ]
    },
    {
      "file_path": "/media/NFS/ttao/scannet/posed_images/scene0578_02/00165.jpg",
      "transform_matrix": [
        [
          0.638727,
          -0.355333,
          0.682471,
          0.733098
        ],
        [
          -0.768925,
          -0.327027,
          0.549371,
          4.100334
        ],
        [
          0.027977,
          -0.875667,
          -0.482105,
          1.28141
        ],
        [
          0.0,
          0.0,
          0.0,
          1.0
        ]
      ]
    },
    {
      "file_path": "/media/NFS/ttao/scannet/posed_images/scene0578_02/00167.jpg",
      "transform_matrix": [
        [
          0.612811,
          -0.374566,
          0.695818,
          0.734399
        ],
        [
          -0.789841,
          -0.317925,
          0.524476,
          4.146629
        ],
        [
          0.024767,
          -0.87099,
          -0.490676,
          1.295827
        ],
        [
          0.0,
          0.0,
          0.0,
          1.0
        ]
      ]
    },
    {
      "file_path": "/media/NFS/ttao/scannet/posed_images/scene0578_02/00172.jpg",
      "transform_matrix": [
        [
          0.528301,
          -0.393389,
          0.752425,
          0.759373
        ],
        [
          -0.849015,
          -0.253599,
          0.463531,
          4.248943
        ],
        [
          0.008466,
          -0.883704,
          -0.46797,
          1.336989
        ],
        [
          0.0,
          0.0,
          0.0,
          1.0
        ]
      ]
    },
    {
      "file_path": "/media/NFS/ttao/scannet/posed_images/scene0578_02/00177.jpg",
      "transform_matrix": [
        [
          0.465324,
          -0.403054,
          0.788049,
          0.810221
        ],
        [
          -0.885134,
          -0.215416,
          0.412474,
          4.347472
        ],
        [
          0.003509,
          -0.889463,
          -0.456994,
          1.36823
        ],
        [
          0.0,
          0.0,
          0.0,
          1.0
        ]
      ]
    },
    {
      "file_path": "/media/NFS/ttao/scannet/posed_images/scene0578_02/00178.jpg",
      "transform_matrix": [
        [
          0.456107,
          -0.404257,
          0.792807,
          0.822517
        ],
        [
          -0.889925,
          -0.206749,
          0.406557,
          4.367559
        ],
        [
          -0.000441,
          -0.890972,
          -0.454058,
          1.373247
        ],
        [
          0.0,
          0.0,
          0.0,
          1.0
        ]
      ]
    },
    {
      "file_path": "/media/NFS/ttao/scannet/posed_images/scene0578_02/00184.jpg",
      "transform_matrix": [
        [
          0.447176,
          -0.361813,
          0.818001,
          0.888124
        ],
        [
          -0.894338,
          -0.16665,
          0.415195,
          4.431322
        ],
        [
          -0.013903,
          -0.917235,
          -0.398105,
          1.389667
        ],
        [
          0.0,
          0.0,
          0.0,
          1.0
        ]
      ]
    },
    {
      "file_path": "/media/NFS/ttao/scannet/posed_images/scene0578_02/00185.jpg",
      "transform_matrix": [
        [
          0.445151,
          -0.367862,
          0.816406,
          0.898141
        ],
        [
          -0.895286,
          -0.165117,
          0.413762,
          4.450072
        ],
        [
          -0.017404,
          -0.915103,
          -0.402844,
          1.393186
        ],
        [
          0.0,
          0.0,
          0.0,
          1.0
        ]
      ]
    },
    {
      "file_path": "/media/NFS/ttao/scannet/posed_images/scene0578_02/00190.jpg",
      "transform_matrix": [
        [
          0.435555,
          -0.358656,
          0.825625,
          0.93451
        ],
        [
          -0.899161,
          -0.130102,
          0.417832,
          4.534225
        ],
        [
          -0.042443,
          -0.924359,
          -0.379156,
          1.426079
        ],
        [
          0.0,
          0.0,
          0.0,
          1.0
        ]
      ]
    },
    {
      "file_path": "/media/NFS/ttao/scannet/posed_images/scene0578_02/00195.jpg",
      "transform_matrix": [
        [
          0.401957,
          -0.337522,
          0.851181,
          0.987516
        ],
        [
          -0.915176,
          -0.117916,
          0.38542,
          4.62103
        ],
        [
          -0.02972,
          -0.933903,
          -0.356289,
          1.444057
        ],
        [
          0.0,
          0.0,
          0.0,
          1.0
        ]
      ]
    },
    {
      "file_path": "/media/NFS/ttao/scannet/posed_images/scene0578_02/00200.jpg",
      "transform_matrix": [
        [
          0.343166,
          -0.315739,
          0.884616,
          1.022235
        ],
        [
          -0.938974,
          -0.091505,
          0.331593,
          4.698123
        ],
        [
          -0.02375,
          -0.944424,
          -0.327872,
          1.43228
        ],
        [
          0.0,
          0.0,
          0.0,
          1.0
        ]
      ]
    },
    {
      "file_path": "/media/NFS/ttao/scannet/posed_images/scene0578_02/00202.jpg",
      "transform_matrix": [
        [
          0.305877,
          -0.324229,
          0.895162,
          1.036527
        ],
        [
          -0.951688,
          -0.077454,
          0.297138,
          4.737999
        ],
        [
          -0.027007,
          -0.942802,
          -0.332257,
          1.427586
        ],
        [
          0.0,
          0.0,
          0.0,
          1.0
        ]
      ]
    },
    {
      "file_path": "/media/NFS/ttao/scannet/posed_images/scene0578_02/00205.jpg",
      "transform_matrix": [
        [
          0.255366,
          -0.339931,
          0.905116,
          1.063051
        ],
        [
          -0.966839,
          -0.086554,
          0.240273,
          4.79631
        ],
        [
          -0.003335,
          -0.936459,
          -0.350762,
          1.423866
        ],
        [
          0.0,
          0.0,
          0.0,
          1.0
        ]
      ]
    },
    {
      "file_path": "/media/NFS/ttao/scannet/posed_images/scene0578_02/00211.jpg",
      "transform_matrix": [
        [
          0.186309,
          -0.380275,
          0.905914,
          1.127754
        ],
        [
          -0.982439,
          -0.081649,
          0.167773,
          4.84118
        ],
        [
          0.010167,
          -0.921263,
          -0.388808,
          1.416063
        ],
        [
          0.0,
          0.0,
          0.0,
          1.0
        ]
      ]
    },
    {
      "file_path": "/media/NFS/ttao/scannet/posed_images/scene0578_02/00216.jpg",
      "transform_matrix": [
        [
          0.13878,
          -0.375268,
          0.916468,
          1.187652
        ],
        [
          -0.990285,
          -0.04442,
          0.13177,
          4.892929
        ],
        [
          -0.00874,
          -0.925852,
          -0.377786,
          1.402226
        ],
        [
          0.0,
          0.0,
          0.0,
          1.0
        ]
      ]
    },
    {
      "file_path": "/media/NFS/ttao/scannet/posed_images/scene0578_02/00217.jpg",
      "transform_matrix": [
        [
          0.122965,
          -0.38031,
          0.916648,
          1.203285
        ],
        [
          -0.992392,
          -0.041427,
          0.115938,
          4.909857
        ],
        [
          -0.006118,
          -0.923931,
          -0.382511,
          1.397181
        ],
        [
          0.0,
          0.0,
          0.0,
          1.0
        ]
      ]
    },
    {
      "file_path": "/media/NFS/ttao/scannet/posed_images/scene0578_02/00223.jpg",
      "transform_matrix": [
        [
          0.077245,
          -0.398432,
          0.91394,
          1.294231
        ],
        [
          -0.996375,
          0.001926,
          0.085052,
          4.972237
        ],
        [
          -0.035648,
          -0.917196,
          -0.396839,
          1.40077
        ],
        [
          0.0,
          0.0,
          0.0,
          1.0
        ]
      ]
    },
    {
      "file_path": "/media/NFS/ttao/scannet/posed_images/scene0578_02/00227.jpg",
      "transform_matrix": [
        [
          0.040207,
          -0.416719,
          0.908146,
          1.349646
        ],
        [
          -0.997869,
          0.030001,
          0.057946,
          5.027008
        ],
        [
          -0.051393,
          -0.90854,
          -0.414625,
          1.406895
        ],
        [
          0.0,
          0.0,
          0.0,
          1.0
        ]
      ]
    },
    {
      "file_path": "/media/NFS/ttao/scannet/posed_images/scene0578_02/00228.jpg",
      "transform_matrix": [
        [
          0.033655,
          -0.420629,
          0.906608,
          1.358612
        ],
        [
          -0.998182,
          0.031232,
          0.051545,
          5.041488
        ],
        [
          -0.049996,
          -0.906695,
          -0.418813,
          1.407126
        ],
        [
          0.0,
          0.0,
          0.0,
          1.0
        ]
      ]
    },
    {
      "file_path": "/media/NFS/ttao/scannet/posed_images/scene0578_02/00233.jpg",
      "transform_matrix": [
        [
          -0.03903,
          -0.410955,
          0.91082,
          1.406409
        ],
        [
          -0.998686,
          0.04634,
          -0.021887,
          5.104086
        ],
        [
          -0.033213,
          -0.910477,
          -0.412224,
          1.404961
        ],
        [
          0.0,
          0.0,
          0.0,
          1.0
        ]
      ]
    },
    {
      "file_path": "/media/NFS/ttao/scannet/posed_images/scene0578_02/00238.jpg",
      "transform_matrix": [
        [
          -0.12427,
          -0.408409,
          0.904301,
          1.440291
        ],
        [
          -0.992012,
          0.07104,
          -0.104239,
          5.180648
        ],
        [
          -0.02167,
          -0.910031,
          -0.413974,
          1.394239
        ],
        [
          0.0,
          0.0,
          0.0,
          1.0
        ]
      ]
    },
    {
      "file_path": "/media/NFS/ttao/scannet/posed_images/scene0578_02/00242.jpg",
      "transform_matrix": [
        [
          -0.207649,
          -0.411413,
          0.88748,
          1.460204
        ],
        [
          -0.977849,
          0.111723,
          -0.177002,
          5.244867
        ],
        [
          -0.026331,
          -0.904576,
          -0.425499,
          1.38691
        ],
        [
          0.0,
          0.0,
          0.0,
          1.0
        ]
      ]
    },
    {
      "file_path": "/media/NFS/ttao/scannet/posed_images/scene0578_02/00247.jpg",
      "transform_matrix": [
        [
          -0.310828,
          -0.41351,
          0.855801,
          1.486839
        ],
        [
          -0.95044,
          0.128523,
          -0.2831,
          5.300059
        ],
        [
          0.007074,
          -0.901383,
          -0.432965,
          1.381107
        ],
        [
          0.0,
          0.0,
          0.0,
          1.0
        ]
      ]
    },
    {
      "file_path": "/media/NFS/ttao/scannet/posed_images/scene0578_02/00248.jpg",
      "transform_matrix": [
        [
          -0.321742,
          -0.416565,
          0.850268,
          1.494792
        ],
        [
          -0.946783,
          0.13284,
          -0.293182,
          5.306242
        ],
        [
          0.00918,
          -0.899348,
          -0.437137,
          1.383415
        ],
        [
          0.0,
          0.0,
          0.0,
          1.0
        ]
      ]
    },
    {
      "file_path": "/media/NFS/ttao/scannet/posed_images/scene0578_02/00252.jpg",
      "transform_matrix": [
        [
          -0.360976,
          -0.412798,
          0.836238,
          1.555217
        ],
        [
          -0.932559,
          0.154499,
          -0.326288,
          5.338342
        ],
        [
          0.005493,
          -0.897624,
          -0.440729,
          1.387462
        ],
        [
          0.0,
          0.0,
          0.0,
          1.0
        ]
      ]
    },
    {
      "file_path": "/media/NFS/ttao/scannet/posed_images/scene0578_02/00257.jpg",
      "transform_matrix": [
        [
          -0.419765,
          -0.376885,
          0.825684,
          1.63712
        ],
        [
          -0.907592,
          0.182933,
          -0.377906,
          5.35804
        ],
        [
          -0.008618,
          -0.908016,
          -0.418847,
          1.386237
        ],
        [
          0.0,
          0.0,
          0.0,
          1.0
        ]
      ]
    },
    {
      "file_path": "/media/NFS/ttao/scannet/posed_images/scene0578_02/00260.jpg",
      "transform_matrix": [
        [
          -0.454003,
          -0.362704,
          0.813835,
          1.701939
        ],
        [
          -0.89047,
          0.216205,
          -0.400398,
          5.366736
        ],
        [
          -0.030729,
          -0.906478,
          -0.421134,
          1.387744
        ],
        [
          0.0,
          0.0,
          0.0,
          1.0
        ]
      ]
    },
    {
      "file_path": "/media/NFS/ttao/scannet/posed_images/scene0578_02/00266.jpg",
      "transform_matrix": [
        [
          -0.505459,
          -0.364468,
          0.782096,
          1.819247
        ],
        [
          -0.862672,
          0.231866,
          -0.449482,
          5.384828
        ],
        [
          -0.01752,
          -0.901888,
          -0.431615,
          1.392585
        ],
        [
          0.0,
          0.0,
          0.0,
          1.0
        ]
      ]
    },
    {
      "file_path": "/media/NFS/ttao/scannet/posed_images/scene0578_02/00267.jpg",
      "transform_matrix": [
        [
          -0.510871,
          -0.36787,
          0.77697,
          1.833953
        ],
        [
          -0.859522,
          0.234631,
          -0.45406,
          5.387028
        ],
        [
          -0.015267,
          -0.899789,
          -0.436059,
          1.39106
        ],
        [
          0.0,
          0.0,
          0.0,
          1.0
        ]
      ]
    },
    {
      "file_path": "/media/NFS/ttao/scannet/posed_images/scene0578_02/00274.jpg",
      "transform_matrix": [
        [
          -0.58832,
          -0.375604,
          0.716101,
          1.947503
        ],
        [
          -0.808572,
          0.262854,
          -0.52642,
          5.386879
        ],
        [
          0.009495,
          -0.888724,
          -0.458345,
          1.379652
        ],
        [
          0.0,
          0.0,
          0.0,
          1.0
        ]
      ]
    },
    {
      "file_path": "/media/NFS/ttao/scannet/posed_images/scene0578_02/00275.jpg",
      "transform_matrix": [
        [
          -0.59647,
          -0.377784,
          0.708168,
          1.961375
        ],
        [
          -0.802406,
          0.259601,
          -0.537355,
          5.389433
        ],
        [
          0.019163,
          -0.888756,
          -0.457981,
          1.373354
        ],
        [
          0.0,
          0.0,
          0.0,
          1.0
        ]
      ]
    },
    {
      "file_path": "/media/NFS/ttao/scannet/posed_images/scene0578_02/00281.jpg",
      "transform_matrix": [
        [
          -0.724906,
          -0.326196,
          0.606719,
          2.07138
        ],
        [
          -0.688687,
          0.324123,
          -0.648579,
          5.3822
        ],
        [
          0.014912,
          -0.887998,
          -0.459605,
          1.391319
        ],
        [
          0.0,
          0.0,
          0.0,
          1.0
        ]
      ]
    },
    {
      "file_path": "/media/NFS/ttao/scannet/posed_images/scene0578_02/00285.jpg",
      "transform_matrix": [
        [
          -0.792499,
          -0.269659,
          0.547018,
          2.121328
        ],
        [
          -0.609719,
          0.33018,
          -0.720571,
          5.380633
        ],
        [
          0.013694,
          -0.90458,
          -0.426084,
          1.407829
        ],
        [
          0.0,
          0.0,
          0.0,
          1.0
        ]
      ]
    },
    {
      "file_path": "/media/NFS/ttao/scannet/posed_images/scene0578_02/00287.jpg",
      "transform_matrix": [
        [
          -0.819096,
          -0.24303,
          0.519633,
          2.142501
        ],
        [
          -0.573615,
          0.336064,
          -0.747012,
          5.37504
        ],
        [
          0.006916,
          -0.909944,
          -0.414674,
          1.410273
        ],
        [
          0.0,
          0.0,
          0.0,
          1.0
        ]
      ]
    },
    {
      "file_path": "/media/NFS/ttao/scannet/posed_images/scene0578_02/00292.jpg",
      "transform_matrix": [
        [
          -0.870823,
          -0.241569,
          0.428149,
          2.223509
        ],
        [
          -0.490772,
          0.37678,
          -0.785608,
          5.341116
        ],
        [
          0.02846,
          -0.894249,
          -0.446663,
          1.420023
        ],
        [
          0.0,
          0.0,
          0.0,
          1.0
        ]
      ]
    },
    {
      "file_path": "/media/NFS/ttao/scannet/posed_images/scene0578_02/00297.jpg",
      "transform_matrix": [
        [
          -0.908708,
          -0.175825,
          0.378597,
          2.281433
        ],
        [
          -0.41738,
          0.36838,
          -0.830717,
          5.293887
        ],
        [
          0.006593,
          -0.912897,
          -0.408136,
          1.426015
        ],
        [
          0.0,
          0.0,
          0.0,
          1.0
        ]
      ]
    },
    {
      "file_path": "/media/NFS/ttao/scannet/posed_images/scene0578_02/00301.jpg",
      "transform_matrix": [
        [
          -0.920372,
          -0.145266,
          0.363061,
          2.334394
        ],
        [
          -0.39096,
          0.361106,
          -0.846613,
          5.25668
        ],
        [
          -0.00812,
          -0.921141,
