{
  "frames": [
    {
      "file_path": "/media/NFS/ttao/scannet/posed_images/scene0567_01/00000.jpg",
      "transform_matrix": [
        [
          -0.875989,
          -0.268366,
          0.400778,
          2.150314
        ],
        [
          -0.482308,
          0.495515,
          -0.722388,
          2.74666
        ],
        [
          -0.004727,
          -0.826102,
          -0.563501,
          1.416988
        ],
        [
          0.0,
          0.0,
          0.0,
          1.0
        ]
      ]
    },
    {
      "file_path": "/media/NFS/ttao/scannet/posed_images/scene0567_01/00010.jpg",
      "transform_matrix": [
        [
          -0.913939,
          -0.241192,
          0.326407,
          2.143111
        ],
        [
          -0.405815,
          0.553785,
          -0.727074,
          2.773652
        ],
        [
          -0.005395,
          -0.796962,
          -0.604005,
          1.381387
        ],
        [
          0.0,
          0.0,
          0.0,
          1.0
        ]
      ]
    },
    {
      "file_path": "/media/NFS/ttao/scannet/posed_images/scene0567_01/00014.jpg",
      "transform_matrix": [
        [
          -0.921377,
          -0.238774,
          0.306679,
          2.128844
        ],
        [
          -0.38866,
          0.572121,
          -0.722234,
          2.777166
        ],
        [
          -0.003006,
          -0.784643,
          -0.619941,
          1.372078
        ],
        [
          0.0,
          0.0,
          0.0,
          1.0
        ]
      ]
    },
    {
      "file_path": "/media/NFS/ttao/scannet/posed_images/scene0567_01/00021.jpg",
      "transform_matrix": [
        [
          -0.946544,
          -0.219793,
          0.236105,
          2.09853
        ],
        [
          -0.322555,
          0.636717,
          -0.700392,
          2.782059
        ],
        [
          0.003609,
          -0.739109,
          -0.673577,
          1.342838
        ],
        [
          0.0,
          0.0,
          0.0,
          1.0
        ]
      ]
    },
    {
      "file_path": "/media/NFS/ttao/scannet/posed_images/scene0567_01/00027.jpg",
      "transform_matrix": [
        [
          -0.969195,
          -0.188166,
          0.158919,
          2.065158
        ],
        [
          -0.245608,
          0.690178,
          -0.680684,
          2.777753
        ],
        [
          0.018399,
          -0.698747,
          -0.715132,
          1.315513
        ],
        [
          0.0,
          0.0,
          0.0,
          1.0
        ]
      ]
    },
    {
      "file_path": "/media/NFS/ttao/scannet/posed_images/scene0567_01/00033.jpg",
      "transform_matrix": [
        [
          -0.991907,
          -0.125098,
          0.021686,
          2.042955
        ],
        [
          -0.103967,
          0.702269,
          -0.704279,
          2.756697
        ],
        [
          0.072875,
          -0.700835,
          -0.709592,
          1.322944
        ],
        [
          0.0,
          0.0,
          0.0,
          1.0
        ]
      ]
    },
    {
      "file_path": "/media/NFS/ttao/scannet/posed_images/scene0567_01/00045.jpg",
      "transform_matrix": [
        [
          -0.968157,
          0.023033,
          -0.249284,
          2.015013
        ],
        [
          0.215741,
          0.581906,
          -0.784118,
          2.732247
        ],
        [
          0.126999,
          -0.81293,
          -0.568345,
          1.410061
        ],
        [
          0.0,
          0.0,
          0.0,
          1.0
        ]
      ]
    },
    {
      "file_path": "/media/NFS/ttao/scannet/posed_images/scene0567_01/00050.jpg",
      "transform_matrix": [
        [
          -0.955755,
          0.046519,
          -0.29046,
          1.960101
        ],
        [
          0.273446,
          0.504489,
          -0.818974,
          2.774122
        ],
        [
          0.108436,
          -0.862164,
          -0.494889,
          1.424159
        ],
        [
          0.0,
          0.0,
          0.0,
          1.0
        ]
      ]
    },
    {
      "file_path": "/media/NFS/ttao/scannet/posed_images/scene0567_01/00058.jpg",
      "transform_matrix": [
        [
          -0.927969,
          0.072941,
          -0.365448,
          1.965929
        ],
        [
          0.361312,
          0.416229,
          -0.83439,
          2.759651
        ],
        [
          0.091249,
          -0.906329,
          -0.412602,
          1.485723
        ],
        [
          0.0,
          0.0,
          0.0,
          1.0
        ]
      ]
    },
    {
      "file_path": "/media/NFS/ttao/scannet/posed_images/scene0567_01/00062.jpg",
      "transform_matrix": [
        [
          -0.926385,
          0.078333,
          -0.368341,
          1.962738
        ],
        [
          0.370535,
          0.364131,
          -0.854466,
          2.763031
        ],
        [
          0.067191,
          -0.928048,
          -0.366351,
          1.507068
        ],
        [
          0.0,
          0.0,
          0.0,
          1.0
        ]
      ]
    },
    {
      "file_path": "/media/NFS/ttao/scannet/posed_images/scene0567_01/00068.jpg",
      "transform_matrix": [
        [
          -0.905111,
          0.065642,
          -0.420078,
          1.997746
        ],
        [
          0.420875,
          0.278497,
          -0.86331,
          2.752989
        ],
        [
          0.060321,
          -0.958191,
          -0.279698,
          1.540561
        ],
        [
          0.0,
          0.0,
          0.0,
          1.0
        ]
      ]
    },
    {
      "file_path": "/media/NFS/ttao/scannet/posed_images/scene0567_01/00074.jpg",
      "transform_matrix": [
        [
          -0.873149,
          0.038932,
          -0.485896,
          2.052249
        ],
        [
          0.482133,
          0.215836,
          -0.849095,
          2.742267
        ],
        [
          0.071816,
          -0.975653,
          -0.207227,
          1.585805
        ],
        [
          0.0,
          0.0,
          0.0,
          1.0
        ]
      ]
    },
    {
      "file_path": "/media/NFS/ttao/scannet/posed_images/scene0567_01/00087.jpg",
      "transform_matrix": [
        [
          -0.748362,
          -0.043681,
          -0.661851,
          2.174421
        ],
        [
          0.658357,
          0.072563,
          -0.7492,
          2.747645
        ],
        [
          0.080752,
          -0.996407,
          -0.025545,
          1.652972
        ],
        [
          0.0,
          0.0,
          0.0,
          1.0
        ]
      ]
    },
    {
      "file_path": "/media/NFS/ttao/scannet/posed_images/scene0567_01/00091.jpg",
      "transform_matrix": [
        [
          -0.696034,
          -0.070931,
          -0.714497,
          2.200302
        ],
        [
          0.713755,
          0.039809,
          -0.699263,
          2.749889
        ],
        [
          0.078043,
          -0.996687,
          0.022919,
          1.676156
        ],
        [
          0.0,
          0.0,
          0.0,
          1.0
        ]
      ]
    },
    {
      "file_path": "/media/NFS/ttao/scannet/posed_images/scene0567_01/00099.jpg",
      "transform_matrix": [
        [
          -0.615319,
          -0.142036,
          -0.775376,
          2.250073
        ],
        [
          0.783824,
          -0.005826,
          -0.620956,
          2.753043
        ],
        [
          0.083681,
          -0.989844,
          0.114916,
          1.714403
        ],
        [
          0.0,
          0.0,
          0.0,
          1.0
        ]
      ]
    },
    {
      "file_path": "/media/NFS/ttao/scannet/posed_images/scene0567_01/00103.jpg",
      "transform_matrix": [
        [
          -0.619866,
          -0.181781,
          -0.763362,
          2.272701
        ],
        [
          0.780411,
          -0.041152,
          -0.623911,
          2.763693
        ],
        [
          0.082001,
          -0.982478,
          0.167372,
          1.73572
        ],
        [
          0.0,
          0.0,
          0.0,
          1.0
        ]
      ]
    },
    {
      "file_path": "/media/NFS/ttao/scannet/posed_images/scene0567_01/00112.jpg",
      "transform_matrix": [
        [
          -0.65318,
          -0.238375,
          -0.718703,
          2.320001
        ],
        [
          0.75375,
          -0.11415,
          -0.647171,
          2.774196
        ],
        [
          0.07223,
          -0.964441,
          0.254236,
          1.766796
        ],
        [
          0.0,
          0.0,
          0.0,
          1.0
        ]
      ]
    },
    {
      "file_path": "/media/NFS/ttao/scannet/posed_images/scene0567_01/00116.jpg",
      "transform_matrix": [
        [
          -0.679885,
          -0.247747,
          -0.690201,
          2.332278
        ],
        [
          0.729815,
          -0.136708,
          -0.669836,
          2.779118
        ],
        [
          0.071594,
          -0.959131,
          0.273756,
          1.778042
        ],
        [
          0.0,
          0.0,
          0.0,
          1.0
        ]
      ]
    },
    {
      "file_path": "/media/NFS/ttao/scannet/posed_images/scene0567_01/00122.jpg",
      "transform_matrix": [
        [
          -0.741504,
          -0.244348,
          -0.624873,
          2.353177
        ],
        [
          0.666716,
          -0.163897,
          -0.727068,
          2.773252
        ],
        [
          0.075243,
          -0.955736,
          0.284441,
          1.792393
        ],
        [
          0.0,
          0.0,
          0.0,
          1.0
        ]
      ]
    },
    {
      "file_path": "/media/NFS/ttao/scannet/posed_images/scene0567_01/00134.jpg",
      "transform_matrix": [
        [
          -0.904803,
          -0.186573,
          -0.382781,
          2.388663
        ],
        [
          0.41655,
          -0.201162,
          -0.886578,
          2.760397
        ],
        [
          0.088411,
          -0.961626,
          0.259729,
          1.807081
        ],
        [
          0.0,
          0.0,
          0.0,
          1.0
        ]
      ]
    },
    {
      "file_path": "/media/NFS/ttao/scannet/posed_images/scene0567_01/00136.jpg",
      "transform_matrix": [
        [
          -0.922665,
          -0.176975,
          -0.342592,
          2.392456
        ],
        [
          0.374696,
          -0.201675,
          -0.904948,
          2.749225
        ],
        [
          0.091061,
          -0.963331,
          0.25239,
          1.806166
        ],
        [
          0.0,
          0.0,
          0.0,
          1.0
        ]
      ]
    },
    {
      "file_path": "/media/NFS/ttao/scannet/posed_images/scene0567_01/00145.jpg",
      "transform_matrix": [
        [
          -0.980397,
          -0.130243,
          -0.147846,
          2.35131
        ],
        [
          0.173453,
          -0.214565,
          -0.961185,
          2.738577
        ],
        [
          0.093465,
          -0.967987,
          0.232949,
          1.795543
        ],
        [
          0.0,
          0.0,
          0.0,
          1.0
        ]
      ]
    },
    {
      "file_path": "/media/NFS/ttao/scannet/posed_images/scene0567_01/00155.jpg",
      "transform_matrix": [
        [
          -0.99308,
          -0.117048,
          -0.009572,
          2.365874
        ],
        [
          0.026879,
          -0.147196,
          -0.988742,
          2.711267
        ],
        [
          0.114321,
          -0.982157,
          0.149324,
          1.789317
        ],
        [
          0.0,
          0.0,
          0.0,
          1.0
        ]
      ]
    },
    {
      "file_path": "/media/NFS/ttao/scannet/posed_images/scene0567_01/00159.jpg",
      "transform_matrix": [
        [
          -0.987213,
          -0.103297,
          0.121407,
          2.28856
        ],
        [
          -0.100283,
          -0.189565,
          -0.976733,
          2.689213
        ],
        [
          0.123908,
          -0.976419,
          0.176782,
          1.778599
        ],
        [
          0.0,
          0.0,
          0.0,
          1.0
        ]
      ]
    },
    {
      "file_path": "/media/NFS/ttao/scannet/posed_images/scene0567_01/00169.jpg",
      "transform_matrix": [
        [
          -0.974851,
          -0.112569,
          0.192336,
          2.361694
        ],
        [
          -0.176823,
          -0.134589,
          -0.974997,
          2.62801
        ],
        [
          0.135641,
          -0.984487,
          0.111299,
          1.785008
        ],
        [
          0.0,
          0.0,
          0.0,
          1.0
        ]
      ]
    },
    {
      "file_path": "/media/NFS/ttao/scannet/posed_images/scene0567_01/00176.jpg",
      "transform_matrix": [
        [
          -0.944813,
          -0.159853,
          0.285964,
          2.380581
        ],
        [
          -0.272766,
          -0.099642,
          -0.956907,
          2.566107
        ],
        [
          0.181458,
          -0.982099,
          0.05054,
          1.766628
        ],
        [
          0.0,
          0.0,
          0.0,
          1.0
        ]
      ]
    },
    {
      "file_path": "/media/NFS/ttao/scannet/posed_images/scene0567_01/00180.jpg",
      "transform_matrix": [
        [
          -0.91794,
          -0.140123,
          0.371148,
          2.387443
        ],
        [
          -0.359882,
          -0.099575,
          -0.927669,
          2.515929
        ],
        [
          0.166945,
          -0.985114,
          0.040976,
          1.774397
        ],
        [
          0.0,
          0.0,
          0.0,
          1.0
        ]
      ]
    },
    {
      "file_path": "/media/NFS/ttao/scannet/posed_images/scene0567_01/00184.jpg",
      "transform_matrix": [
        [
          -0.886091,
          -0.11331,
          0.449448,
          2.344195
        ],
        [
          -0.444096,
          -0.070167,
          -0.893227,
          2.459185
        ],
        [
          0.132748,
          -0.991079,
          0.011854,
          1.78838
        ],
        [
          0.0,
          0.0,
          0.0,
          1.0
        ]
      ]
    },
    {
      "file_path": "/media/NFS/ttao/scannet/posed_images/scene0567_01/00196.jpg",
      "transform_matrix": [
        [
          -0.694338,
          -0.054257,
          0.7176,
          2.246732
        ],
        [
          -0.715499,
          -0.054889,
          -0.696454,
          2.29158
        ],
        [
          0.077176,
          -0.997017,
          -0.00071,
          1.789884
        ],
        [
          0.0,
          0.0,
          0.0,
          1.0
        ]
      ]
    },
    {
      "file_path": "/media/NFS/ttao/scannet/posed_images/scene0567_01/00200.jpg",
      "transform_matrix": [
        [
          -0.65259,
          -0.04062,
          0.756622,
          2.223812
        ],
        [
          -0.75478,
          -0.052899,
          -0.653841,
          2.261764
        ],
        [
          0.066584,
          -0.997773,
          0.003862,
          1.764435
        ],
        [
          0.0,
          0.0,
          0.0,
          1.0
        ]
      ]
    },
    {
      "file_path": "/media/NFS/ttao/scannet/posed_images/scene0567_01/00207.jpg",
      "transform_matrix": [
        [
          -0.576297,
          -0.040219,
          0.81625,
          2.190894
        ],
        [
          -0.815005,
          -0.045532,
          -0.577662,
          2.150759
        ],
        [
          0.060399,
          -0.998153,
          -0.006539,
          1.724572
        ],
        [
          0.0,
          0.0,
          0.0,
          1.0
        ]
      ]
    },
    {
      "file_path": "/media/NFS/ttao/scannet/posed_images/scene0567_01/00217.jpg",
      "transform_matrix": [
        [
          -0.414798,
          -0.034127,
          0.909273,
          2.147928
        ],
        [
          -0.907535,
          -0.056685,
          -0.416133,
          1.982356
        ],
        [
          0.065744,
          -0.997809,
          -0.007458,
          1.722826
        ],
        [
          0.0,
          0.0,
          0.0,
          1.0
        ]
      ]
    },
    {
      "file_path": "/media/NFS/ttao/scannet/posed_images/scene0567_01/00219.jpg",
      "transform_matrix": [
        [
          -0.368219,
          -0.043314,
          0.928729,
          2.140722
        ],
        [
          -0.927144,
          -0.057475,
          -0.370271,
          1.932892
        ],
        [
          0.069416,
          -0.997407,
          -0.018995,
          1.727004
        ],
        [
          0.0,
          0.0,
          0.0,
          1.0
        ]
      ]
    },
    {
      "file_path": "/media/NFS/ttao/scannet/posed_images/scene0567_01/00229.jpg",
      "transform_matrix": [
        [
          -0.164004,
          -0.035351,
          0.985826,
          2.103556
        ],
        [
          -0.983514,
          -0.071317,
          -0.166177,
          1.815807
        ],
        [
          0.076181,
          -0.996827,
          -0.023072,
          1.722826
        ],
        [
          0.0,
          0.0,
          0.0,
          1.0
        ]
      ]
    },
    {
      "file_path": "/media/NFS/ttao/scannet/posed_images/scene0567_01/00236.jpg",
      "transform_matrix": [
        [
          -0.006939,
          -0.041385,
          0.999119,
          2.078101
        ],
        [
          -0.995586,
          -0.093237,
          -0.010776,
          1.783203
        ],
        [
          0.093601,
          -0.994784,
          -0.040555,
          1.749373
        ],
        [
          0.0,
          0.0,
          0.0,
          1.0
        ]
      ]
    },
    {
      "file_path": "/media/NFS/ttao/scannet/posed_images/scene0567_01/00240.jpg",
      "transform_matrix": [
        [
          0.052804,
          -0.027484,
          0.998227,
          2.054723
        ],
        [
          -0.99304,
          -0.106827,
          0.049588,
          1.805295
        ],
        [
          0.105274,
          -0.993898,
          -0.032934,
          1.754267
        ],
        [
          0.0,
          0.0,
          0.0,
          1.0
        ]
      ]
    },
    {
      "file_path": "/media/NFS/ttao/scannet/posed_images/scene0567_01/00250.jpg",
      "transform_matrix": [
        [
          0.237032,
          -0.009821,
          0.971452,
          2.044297
        ],
        [
          -0.967492,
          -0.093144,
          0.235124,
          1.700351
        ],
        [
          0.088176,
          -0.995604,
          -0.03158,
          1.738716
        ],
        [
          0.0,
          0.0,
          0.0,
          1.0
        ]
      ]
    },
    {
      "file_path": "/media/NFS/ttao/scannet/posed_images/scene0567_01/00256.jpg",
      "transform_matrix": [
        [
          0.344798,
          0.018013,
          0.938504,
          2.085447
        ],
        [
          -0.931644,
          -0.115589,
          0.344496,
          1.628721
        ],
        [
          0.114686,
          -0.993134,
          -0.023073,
          1.726413
        ],
        [
          0.0,
          0.0,
          0.0,
          1.0
        ]
      ]
    },
    {
      "file_path": "/media/NFS/ttao/scannet/posed_images/scene0567_01/00260.jpg",
      "transform_matrix": [
        [
          0.417178,
          0.032445,
          0.908245,
          2.095287
        ],
        [
          -0.899619,
          -0.127139,
          0.417758,
          1.63061
        ],
        [
          0.129028,
          -0.991354,
          -0.023852,
          1.742919
        ],
        [
          0.0,
          0.0,
          0.0,
          1.0
        ]
      ]
    },
    {
      "file_path": "/media/NFS/ttao/scannet/posed_images/scene0567_01/00267.jpg",
      "transform_matrix": [
        [
          0.569202,
          0.055114,
          0.820348,
          2.166841
        ],
        [
          -0.808596,
          -0.143206,
          0.570669,
          1.550982
        ],
        [
          0.148931,
          -0.988157,
          -0.036948,
          1.749444
        ],
        [
          0.0,
          0.0,
          0.0,
          1.0
        ]
      ]
    },
    {
      "file_path": "/media/NFS/ttao/scannet/posed_images/scene0567_01/00277.jpg",
      "transform_matrix": [
        [
          0.718418,
          0.050746,
          0.693758,
          2.189653
        ],
        [
          -0.685221,
          -0.120106,
          0.718364,
          1.553401
        ],
        [
          0.119779,
          -0.991463,
          -0.051514,
          1.764009
        ],
        [
          0.0,
          0.0,
          0.0,
          1.0
        ]
      ]
    },
    {
      "file_path": "/media/NFS/ttao/scannet/posed_images/scene0567_01/00283.jpg",
      "transform_matrix": [
        [
          0.777115,
          0.068867,
          0.625579,
          2.099425
        ],
        [
          -0.620126,
          -0.085844,
          0.779791,
          1.568175
        ],
        [
          0.107404,
          -0.993926,
          -0.024005,
          1.754304
        ],
        [
          0.0,
          0.0,
          0.0,
          1.0
        ]
      ]
    },
    {
      "file_path": "/media/NFS/ttao/scannet/posed_images/scene0567_01/00293.jpg",
      "transform_matrix": [
        [
          0.887585,
          0.066915,
          0.455757,
          2.008949
        ],
        [
          -0.449096,
          -0.094443,
          0.888478,
          1.4899
        ],
        [
          0.102496,
          -0.993279,
          -0.053775,
          1.75786
        ],
        [
          0.0,
          0.0,
          0.0,
          1.0
        ]
      ]
    },
    {
      "file_path": "/media/NFS/ttao/scannet/posed_images/scene0567_01/00300.jpg",
      "transform_matrix": [
        [
          0.949942,
          0.033605,
          0.310615,
          2.024348
        ],
        [
          -0.304617,
          -0.121298,
          0.94472,
          1.425055
        ],
        [
          0.069424,
          -0.992047,
          -0.104989,
          1.736926
        ],
        [
          0.0,
          0.0,
          0.0,
          1.0
        ]
      ]
    },
    {
      "file_path": "/media/NFS/ttao/scannet/posed_images/scene0567_01/00304.jpg",
      "transform_matrix": [
        [
          0.969433,
          0.019897,
          0.244548,
          2.025688
        ],
        [
          -0.239505,
          -0.139634,
          0.960802,
          1.403654
        ],
        [
          0.053264,
          -0.990003,
          -0.1306,
          1.723474
        ],
        [
          0.0,
          0.0,
          0.0,
          1.0
        ]
      ]
    },
    {
      "file_path": "/media/NFS/ttao/scannet/posed_images/scene0567_01/00312.jpg",
      "transform_matrix": [
        [
          0.988438,
          0.014917,
          0.150891,
          1.98901
        ],
        [
          -0.146351,
          -0.166353,
          0.975145,
          1.400557
        ],
        [
          0.039647,
          -0.985954,
          -0.162246,
          1.675055
        ],
        [
          0.0,
          0.0,
          0.0,
          1.0
        ]
      ]
    },
    {
      "file_path": "/media/NFS/ttao/scannet/posed_images/scene0567_01/00318.jpg",
      "transform_matrix": [
        [
          0.996704,
          0.02252,
          0.077938,
          2.001195
        ],
        [
          -0.071273,
          -0.215806,
          0.973832,
          1.401371
        ],
        [
          0.03875,
          -0.976177,
          -0.21349,
          1.641093
        ],
        [
          0.0,
          0.0,
          0.0,
          1.0
        ]
      ]
    },
    {
      "file_path": "/media/NFS/ttao/scannet/posed_images/scene0567_01/00322.jpg",
      "transform_matrix": [
        [
          0.998704,
          0.019773,
          0.046894,
          1.968384
        ],
        [
          -0.040323,
          -0.254734,
          0.96617,
          1.401147
        ],
        [
          0.03105,
          -0.966809,
          -0.253606,
          1.616136
        ],
        [
          0.0,
          0.0,
          0.0,
          1.0
        ]
      ]
    },
    {
      "file_path": "/media/NFS/ttao/scannet/posed_images/scene0567_01/00333.jpg",
      "transform_matrix": [
        [
          0.989286,
          0.075232,
          -0.125111,
          2.031698
        ],
        [
          0.144655,
          -0.389599,
          0.909553,
          1.354096
        ],
        [
          0.019684,
          -0.917907,
          -0.396308,
          1.548948
        ],
        [
          0.0,
          0.0,
          0.0,
          1.0
        ]
      ]
    },
    {
      "file_path": "/media/NFS/ttao/scannet/posed_images/scene0567_01/00341.jpg",
      "transform_matrix": [
        [
          0.972741,
          0.067669,
          -0.221804,
          2.089471
        ],
        [
          0.229516,
          -0.417638,
          0.879148,
          1.269633
        ],
        [
          -0.033143,
          -0.90609,
          -0.421785,
          1.494202
        ],
        [
          0.0,
          0.0,
          0.0,
          1.0
        ]
      ]
    },
    {
      "file_path": "/media/NFS/ttao/scannet/posed_images/scene0567_01/00343.jpg",
      "transform_matrix": [
        [
          0.966383,
          0.077424,
          -0.245173,
          2.11062
        ],
        [
          0.254207,
          -0.430559,
          0.866024,
          1.250422
        ],
        [
          -0.03851,
          -0.899236,
          -0.435766,
          1.488385
        ],
        [
          0.0,
          0.0,
          0.0,
          1.0
        ]
      ]
    },
    {
      "file_path": "/media/NFS/ttao/scannet/posed_images/scene0567_01/00353.jpg",
      "transform_matrix": [
        [
          0.927672,
          0.144429,
          -0.344334,
          2.131843
        ],
        [
          0.371114,
          -0.458451,
          0.807526,
          1.183219
        ],
        [
          -0.04123,
          -0.876906,
          -0.478891,
          1.465358
        ],
        [
          0.0,
          0.0,
          0.0,
          1.0
        ]
      ]
    },
    {
      "file_path": "/media/NFS/ttao/scannet/posed_images/scene0567_01/00359.jpg",
      "transform_matrix": [
        [
          0.895833,
          0.166028,
          -0.41221,
          2.161158
        ],
        [
          0.440915,
          -0.447856,
          0.77783,
          1.164662
        ],
        [
          -0.055469,
          -0.878555,
          -0.474409,
          1.46054
        ],
        [
          0.0,
          0.0,
          0.0,
          1.0
        ]
      ]
    },
    {
      "file_path": "/media/NFS/ttao/scannet/posed_images/scene0567_01/00366.jpg",
      "transform_matrix": [
        [
          0.861301,
          0.160739,
          -0.481998,
          2.148505
        ],
        [
          0.503071,
          -0.402851,
          0.764611,
          1.144872
        ],
        [
          -0.071271,
          -0.90104,
          -0.42784,
          1.476634
        ],
        [
          0.0,
          0.0,
          0.0,
          1.0
        ]
      ]
    },
    {
      "file_path": "/media/NFS/ttao/scannet/posed_images/scene0567_01/00376.jpg",
      "transform_matrix": [
        [
          0.807884,
          0.150419,
          -0.569822,
          2.104123
        ],
        [
          0.588211,
          -0.265667,
          0.763826,
          1.118911
        ],
        [
          -0.036489,
          -0.952258,
          -0.303106,
          1.537514
        ],
        [
          0.0,
          0.0,
          0.0,
          1.0
        ]
      ]
    },
    {
      "file_path": "/media/NFS/ttao/scannet/posed_images/scene0567_01/00382.jpg",
      "transform_matrix": [
        [
          0.775166,
          0.134599,
          -0.617253,
          2.077587
        ],
        [
          0.631664,
          -0.181999,
          0.753576,
          1.103696
        ],
        [
          -0.010909,
          -0.974043,
          -0.226101,
          1.561018
        ],
        [
          0.0,
          0.0,
          0.0,
          1.0
        ]
      ]
    },
    {
      "file_path": "/media/NFS/ttao/scannet/posed_images/scene0567_01/00388.jpg",
      "transform_matrix": [
        [
          0.735615,
          0.119028,
          -0.666861,
          2.067319
        ],
        [
          0.677199,
          -0.105222,
          0.728238,
          1.086058
        ],
        [
          0.016512,
          -0.9873,
          -0.158008,
          1.586145
        ],
        [
          0.0,
          0.0,
          0.0,
          1.0
        ]
      ]
    },
    {
      "file_path": "/media/NFS/ttao/scannet/posed_images/scene0567_01/00393.jpg",
      "transform_matrix": [
        [
          0.704972,
          0.12533,
          -0.698074,
          2.048155
        ],
        [
          0.707354,
          -0.052605,
          0.704899,
          1.071549
        ],
        [
          0.051623,
          -0.990719,
          -0.125738,
          1.618454
        ],
        [
          0.0,
          0.0,
          0.0,
          1.0
        ]
      ]
    },
    {
      "file_path": "/media/NFS/ttao/scannet/posed_images/scene0567_01/00399.jpg",
      "transform_matrix": [
        [
          0.654163,
          0.120348,
          -0.746717,
          2.034417
        ],
        [
          0.750714,
          0.017021,
          0.660407,
          1.063425
        ],
        [
          0.092188,
          -0.992586,
          -0.079213,
          1.644455
        ],
        [
          0.0,
          0.0,
          0.0,
          1.0
        ]
      ]
    },
    {
      "file_path": "/media/NFS/ttao/scannet/posed_images/scene0567_01/00409.jpg",
      "transform_matrix": [
        [
          0.586711,
          0.140242,
          -0.79756,
          2.014732
        ],
        [
          0.795245,
          0.086089,
          0.600145,
          1.049403
        ],
        [
          0.152827,
          -0.986368,
          -0.061017,
          1.688334
        ],
        [
          0.0,
          0.0,
          0.0,
          1.0
        ]
      ]
    },
    {
      "file_path": "/media/NFS/ttao/scannet/posed_images/scene0567_01/00411.jpg",
      "transform_matrix": [
        [
          0.580049,
          0.164034,
          -0.797895,
          2.011339
        ],
        [
          0.800206,
          0.068468,
          0.595805,
          1.055096
        ],
        [
          0.152363,
          -0.984076,
          -0.091546,
          1.700663
        ],
        [
          0.0,
          0.0,
          0.0,
          1.0
        ]
      ]
    },
    {
      "file_path": "/media/NFS/ttao/scannet/posed_images/scene0567_01/00419.jpg",
      "transform_matrix": [
        [
          0.551272,
          0.261972,
          -0.79213,
          1.982314
        ],
        [
          0.819046,
          0.010947,
          0.573624,
          1.047801
        ],
        [
          0.158945,
          -0.965013,
          -0.208532,
          1.672702
        ],
        [
          0.0,
          0.0,
          0.0,
          1.0
        ]
      ]
    },
    {
      "file_path": "/media/NFS/ttao/scannet/posed_images/scene0567_01/00428.jpg",
      "transform_matrix": [
        [
          0.536122,
          0.350246,
          -0.76805,
          1.952869
        ],
        [
          0.840797,
          -0.140654,
          0.52276,
          1.060056
        ],
        [
          0.075065,
          -0.926037,
          -0.369893,
          1.628542
        ],
        [
          0.0,
          0.0,
          0.0,
          1.0
        ]
      ]
    },
    {
      "file_path": "/media/NFS/ttao/scannet/posed_images/scene0567_01/00432.jpg",
      "transform_matrix": [
        [
          0.543382,
          0.388485,
          -0.744188,
          1.94172
        ],
        [
          0.83916,
          -0.226691,
          0.49439,
          1.078983
        ],
        [
          0.023363,
          -0.893136,
          -0.449181,
          1.584123
        ],
        [
          0.0,
          0.0,
          0.0,
          1.0
        ]
      ]
    },
    {
      "file_path": "/media/NFS/ttao/scannet/posed_images/scene0567_01/00440.jpg",
      "transform_matrix": [
        [
          0.575977,
          0.423839,
          -0.699007,
          1.934183
        ],
        [
          0.816555,
          -0.338657,
          0.467493,
          1.099888
        ],
        [
          -0.038582,
          -0.840043,
          -0.541147,
          1.551659
        ],
        [
          0.0,
          0.0,
          0.0,
          1.0
        ]
      ]
    },
    {
      "file_path": "/media/NFS/ttao/scannet/posed_images/scene0567_01/00446.jpg",
      "transform_matrix": [
        [
          0.62763,
          0.449504,
          -0.63563,
          1.926678
        ],
        [
          0.776898,
          -0.41417,
          0.474228,
          1.099209
        ],
        [
          -0.050092,
          -0.79146,
          -0.609165,
          1.528043
        ],
        [
          0.0,
          0.0,
          0.0,
          1.0
        ]
      ]
    },
    {
      "file_path": "/media/NFS/ttao/scannet/posed_images/scene0567_01/00459.jpg",
      "transform_matrix": [
        [
          0.702783,
          0.463049,
          -0.540075,
          1.913327
        ],
        [
          0.704976,
          -0.55513,
          0.441406,
          1.076867
        ],
        [
          -0.095419,
          -0.690953,
          -0.716575,
          1.450751
        ],
        [
          0.0,
          0.0,
          0.0,
          1.0
        ]
      ]
    },
    {
      "file_path": "/media/NFS/ttao/scannet/posed_images/scene0567_01/00461.jpg",
      "transform_matrix": [
        [
          0.716732,
          0.449045,
          -0.53353,
          1.917461
        ],
        [
          0.689429,
          -0.571266,
          0.445358,
          1.076039
        ],
        [
          -0.104802,
          -0.687033,
          -0.719029,
          1.439458
        ],
        [
          0.0,
          0.0,
          0.0,
          1.0
        ]
      ]
    },
    {
      "file_path": "/media/NFS/ttao/scannet/posed_images/scene0567_01/00471.jpg",
      "transform_matrix": [
        [
          0.799992,
          0.397442,
          -0.449503,
          1.920085
        ],
        [
          0.590064,
          -0.656968,
          0.469273,
          1.0864
        ],
        [
          -0.108801,
          -0.64065,
          -0.760085,
          1.411136
        ],
        [
          0.0,
          0.0,
          0.0,
          1.0
        ]
      ]
    },
    {
      "file_path": "/media/NFS/ttao/scannet/posed_images/scene0567_01/00473.jpg",
      "transform_matrix": [
        [
          0.815685,
          0.388991,
          -0.428186,
          1.919503
        ],
        [
          0.569747,
          -0.668431,
          0.478109,
          1.097236
        ],
        [
          -0.100233,
          -0.633944,
          -0.766856,
          1.409843
        ],
        [
          0.0,
          0.0,
          0.0,
          1.0
        ]
      ]
    },
    {
      "file_path": "/media/NFS/ttao/scannet/posed_images/scene0567_01/00486.jpg",
      "transform_matrix": [
        [
          0.937874,
          0.234854,
          -0.255412,
          1.935341
        ],
        [
          0.344982,
          -0.709947,
          0.613972,
          1.195539
        ],
        [
          -0.037135,
          -0.663942,
          -0.746862,
          1.411499
        ],
        [
          0.0,
          0.0,
          0.0,
          1.0
        ]
      ]
    },
    {
      "file_path": "/media/NFS/ttao/scannet/posed_images/scene0567_01/00492.jpg",
      "transform_matrix": [
        [
          0.971091,
          0.144576,
          -0.189949,
          1.941724
        ],
        [
          0.236288,
          -0.695259,
          0.67881,
          1.272661
        ],
        [
          -0.033924,
          -0.704069,
          -0.709321,
          1.421888
        ],
        [
          0.0,
          0.0,
          0.0,
          1.0
        ]
      ]
    },
    {
      "file_path": "/media/NFS/ttao/scannet/posed_images/scene0567_01/00500.jpg",
      "transform_matrix": [
        [
          0.991891,
          0.036468,
          -0.121746,
          1.934803
        ],
        [
          0.116034,
          -0.650658,
          0.750453,
          1.350843
        ],
        [
          -0.051847,
          -0.758495,
          -0.649613,
          1.439592
        ],
        [
          0.0,
          0.0,
          0.0,
          1.0
        ]
      ]
    },
    {
      "file_path": "/media/NFS/ttao/scannet/posed_images/scene0567_01/00506.jpg",
      "transform_matrix": [
        [
          0.998552,
          -0.017463,
          -0.050882,
          1.918254
        ],
        [
          0.029657,
          -0.610445,
          0.791503,
          1.404783
        ],
        [
          -0.044883,
          -0.791866,
          -0.609043,
          1.45284
        ],
        [
          0.0,
          0.0,
          0.0,
          1.0
        ]
      ]
    },
    {
      "file_path": "/media/NFS/ttao/scannet/posed_images/scene0567_01/00512.jpg",
      "transform_matrix": [
        [
          0.998538,
          -0.052382,
          0.013358,
          1.963735
        ],
        [
          -0.040661,
          -0.564938,
          0.824131,
          1.479751
        ],
        [
          -0.035623,
          -0.823469,
          -0.566242,
          1.472869
        ],
        [
          0.0,
          0.0,
          0.0,
          1.0
        ]
      ]
    },
    {
      "file_path": "/media/NFS/ttao/scannet/posed_images/scene0567_01/00521.jpg",
      "transform_matrix": [
        [
          0.987466,
          -0.105057,
          0.117785,
          1.969445
        ],
        [
          -0.154322,
          -0.486233,
          0.860094,
          1.612454
        ],
        [
          -0.033088,
          -0.867491,
          -0.496351,
          1.515812
        ],
        [
          0.0,
          0.0,
          0.0,
          1.0
        ]
      ]
    },
    {
      "file_path": "/media/NFS/ttao/scannet/posed_images/scene0567_01/00523.jpg",
      "transform_matrix": [
        [
          0.986766,
          -0.106518,
          0.122261,
          1.970008
        ],
        [
          -0.157606,
          -0.452724,
          0.877611,
          1.640815
        ],
        [
          -0.038131,
          -0.885266,
          -0.46352,
          1.521649
        ],
        [
          0.0,
          0.0,
          0.0,
          1.0
        ]
      ]
    },
    {
      "file_path": "/media/NFS/ttao/scannet/posed_images/scene0567_01/00533.jpg",
      "transform_matrix": [
        [
          0.99315,
          -0.08995,
          0.074576,
          2.000105
        ],
        [
          -0.099657,
          -0.318886,
          0.94254,
          1.758346
        ],
        [
          -0.061,
          -0.943515,
          -0.325665,
