{
  "frames": [
    {
      "file_path": "/media/NFS/ttao/scannet/posed_images/scene0322_00/00000.jpg",
      "transform_matrix": [
        [
          0.021658,
          -0.553155,
          0.832797,
          1.029328
        ],
        [
          -0.993856,
          0.078524,
          0.078004,
          4.546046
        ],
        [
          -0.108543,
          -0.82937,
          -0.548055,
          1.40036
        ],
        [
          0.0,
          0.0,
          0.0,
          1.0
        ]
      ]
    },
    {
      "file_path": "/media/NFS/ttao/scannet/posed_images/scene0322_00/00004.jpg",
      "transform_matrix": [
        [
          0.021752,
          -0.54612,
          0.837425,
          1.046911
        ],
        [
          -0.993335,
          0.083027,
          0.079947,
          4.547462
        ],
        [
          -0.113189,
          -0.833583,
          -0.540674,
          1.405629
        ],
        [
          0.0,
          0.0,
          0.0,
          1.0
        ]
      ]
    },
    {
      "file_path": "/media/NFS/ttao/scannet/posed_images/scene0322_00/00008.jpg",
      "transform_matrix": [
        [
          0.010953,
          -0.547551,
          0.836701,
          1.075075
        ],
        [
          -0.994978,
          0.077285,
          0.063601,
          4.539914
        ],
        [
          -0.099489,
          -0.833196,
          -0.543955,
          1.414026
        ],
        [
          0.0,
          0.0,
          0.0,
          1.0
        ]
      ]
    },
    {
      "file_path": "/media/NFS/ttao/scannet/posed_images/scene0322_00/00015.jpg",
      "transform_matrix": [
        [
          -0.020759,
          -0.565257,
          0.824653,
          1.176045
        ],
        [
          -0.997577,
          0.066491,
          0.020465,
          4.572332
        ],
        [
          -0.0664,
          -0.82223,
          -0.565268,
          1.469089
        ],
        [
          0.0,
          0.0,
          0.0,
          1.0
        ]
      ]
    },
    {
      "file_path": "/media/NFS/ttao/scannet/posed_images/scene0322_00/00018.jpg",
      "transform_matrix": [
        [
          -0.029384,
          -0.567735,
          0.822687,
          1.194869
        ],
        [
          -0.997959,
          0.063344,
          0.00807,
          4.572291
        ],
        [
          -0.056694,
          -0.820771,
          -0.568438,
          1.473361
        ],
        [
          0.0,
          0.0,
          0.0,
          1.0
        ]
      ]
    },
    {
      "file_path": "/media/NFS/ttao/scannet/posed_images/scene0322_00/00023.jpg",
      "transform_matrix": [
        [
          -0.05223,
          -0.558839,
          0.827629,
          1.208089
        ],
        [
          -0.9973,
          0.072024,
          -0.014305,
          4.588936
        ],
        [
          -0.051615,
          -0.826142,
          -0.561093,
          1.459336
        ],
        [
          0.0,
          0.0,
          0.0,
          1.0
        ]
      ]
    },
    {
      "file_path": "/media/NFS/ttao/scannet/posed_images/scene0322_00/00024.jpg",
      "transform_matrix": [
        [
          -0.056832,
          -0.559961,
          0.826567,
          1.214586
        ],
        [
          -0.997102,
          0.073778,
          -0.018576,
          4.59547
        ],
        [
          -0.050581,
          -0.825227,
          -0.562531,
          1.456452
        ],
        [
          0.0,
          0.0,
          0.0,
          1.0
        ]
      ]
    },
    {
      "file_path": "/media/NFS/ttao/scannet/posed_images/scene0322_00/00032.jpg",
      "transform_matrix": [
        [
          -0.097449,
          -0.572879,
          0.813826,
          1.282429
        ],
        [
          -0.994439,
          0.088869,
          -0.056518,
          4.622153
        ],
        [
          -0.039946,
          -0.814808,
          -0.578354,
          1.458207
        ],
        [
          0.0,
          0.0,
          0.0,
          1.0
        ]
      ]
    },
    {
      "file_path": "/media/NFS/ttao/scannet/posed_images/scene0322_00/00033.jpg",
      "transform_matrix": [
        [
          -0.103892,
          -0.572033,
          0.813624,
          1.294781
        ],
        [
          -0.993824,
          0.091769,
          -0.062381,
          4.633389
        ],
        [
          -0.038982,
          -0.815081,
          -0.578035,
          1.457247
        ],
        [
          0.0,
          0.0,
          0.0,
          1.0
        ]
      ]
    },
    {
      "file_path": "/media/NFS/ttao/scannet/posed_images/scene0322_00/00040.jpg",
      "transform_matrix": [
        [
          -0.16237,
          -0.582806,
          0.796224,
          1.382719
        ],
        [
          -0.985992,
          0.12704,
          -0.108079,
          4.698358
        ],
        [
          -0.038163,
          -0.802619,
          -0.595269,
          1.449557
        ],
        [
          0.0,
          0.0,
          0.0,
          1.0
        ]
      ]
    },
    {
      "file_path": "/media/NFS/ttao/scannet/posed_images/scene0322_00/00043.jpg",
      "transform_matrix": [
        [
          -0.185855,
          -0.583173,
          0.790801,
          1.410753
        ],
        [
          -0.981773,
          0.14277,
          -0.125452,
          4.721117
        ],
        [
          -0.039742,
          -0.799703,
          -0.599078,
          1.445293
        ],
        [
          0.0,
          0.0,
          0.0,
          1.0
        ]
      ]
    },
    {
      "file_path": "/media/NFS/ttao/scannet/posed_images/scene0322_00/00048.jpg",
      "transform_matrix": [
        [
          -0.221536,
          -0.596564,
          0.771384,
          1.46714
        ],
        [
          -0.97399,
          0.173982,
          -0.14517,
          4.776237
        ],
        [
          -0.047604,
          -0.783481,
          -0.61959,
          1.440544
        ],
        [
          0.0,
          0.0,
          0.0,
          1.0
        ]
      ]
    },
    {
      "file_path": "/media/NFS/ttao/scannet/posed_images/scene0322_00/00053.jpg",
      "transform_matrix": [
        [
          -0.247151,
          -0.613767,
          0.749804,
          1.554832
        ],
        [
          -0.968506,
          0.180603,
          -0.171403,
          4.8205
        ],
        [
          -0.030215,
          -0.768552,
          -0.639073,
          1.453361
        ],
        [
          0.0,
          0.0,
          0.0,
          1.0
        ]
      ]
    },
    {
      "file_path": "/media/NFS/ttao/scannet/posed_images/scene0322_00/00054.jpg",
      "transform_matrix": [
        [
          -0.252893,
          -0.614163,
          0.747562,
          1.568183
        ],
        [
          -0.967018,
          0.184685,
          -0.175404,
          4.824686
        ],
        [
          -0.030337,
          -0.767264,
          -0.640613,
          1.451284
        ],
        [
          0.0,
          0.0,
          0.0,
          1.0
        ]
      ]
    },
    {
      "file_path": "/media/NFS/ttao/scannet/posed_images/scene0322_00/00058.jpg",
      "transform_matrix": [
        [
          -0.287275,
          -0.60861,
          0.739639,
          1.642213
        ],
        [
          -0.957019,
          0.214498,
          -0.195206,
          4.853634
        ],
        [
          -0.039846,
          -0.763927,
          -0.644071,
          1.445258
        ],
        [
          0.0,
          0.0,
          0.0,
          1.0
        ]
      ]
    },
    {
      "file_path": "/media/NFS/ttao/scannet/posed_images/scene0322_00/00062.jpg",
      "transform_matrix": [
        [
          -0.288428,
          -0.625267,
          0.725156,
          1.724374
        ],
        [
          -0.956806,
          0.217084,
          -0.193385,
          4.893163
        ],
        [
          -0.036502,
          -0.749611,
          -0.660872,
          1.434551
        ],
        [
          0.0,
          0.0,
          0.0,
          1.0
        ]
      ]
    },
    {
      "file_path": "/media/NFS/ttao/scannet/posed_images/scene0322_00/00069.jpg",
      "transform_matrix": [
        [
          -0.293393,
          -0.643288,
          0.707178,
          1.863766
        ],
        [
          -0.955982,
          0.200773,
          -0.213982,
          4.953901
        ],
        [
          -0.00433,
          -0.73883,
          -0.673877,
          1.443217
        ],
        [
          0.0,
          0.0,
          0.0,
          1.0
        ]
      ]
    },
    {
      "file_path": "/media/NFS/ttao/scannet/posed_images/scene0322_00/00073.jpg",
      "transform_matrix": [
        [
          -0.317363,
          -0.638306,
          0.701318,
          1.927578
        ],
        [
          -0.94828,
          0.208363,
          -0.239478,
          4.980394
        ],
        [
          0.006731,
          -0.741047,
          -0.671419,
          1.443161
        ],
        [
          0.0,
          0.0,
          0.0,
          1.0
        ]
      ]
    },
    {
      "file_path": "/media/NFS/ttao/scannet/posed_images/scene0322_00/00074.jpg",
      "transform_matrix": [
        [
          -0.327045,
          -0.637412,
          0.697673,
          1.94348
        ],
        [
          -0.944967,
          0.213617,
          -0.247802,
          4.992678
        ],
        [
          0.008917,
          -0.74032,
          -0.672195,
          1.442115
        ],
        [
          0.0,
          0.0,
          0.0,
          1.0
        ]
      ]
    },
    {
      "file_path": "/media/NFS/ttao/scannet/posed_images/scene0322_00/00079.jpg",
      "transform_matrix": [
        [
          -0.383079,
          -0.62346,
          0.681577,
          2.025428
        ],
        [
          -0.923686,
          0.252661,
          -0.288038,
          5.066815
        ],
        [
          0.007372,
          -0.739905,
          -0.672671,
          1.436721
        ],
        [
          0.0,
          0.0,
          0.0,
          1.0
        ]
      ]
    },
    {
      "file_path": "/media/NFS/ttao/scannet/posed_images/scene0322_00/00086.jpg",
      "transform_matrix": [
        [
          -0.495209,
          -0.601473,
          0.626895,
          2.129903
        ],
        [
          -0.868542,
          0.359421,
          -0.34125,
          5.188067
        ],
        [
          -0.020067,
          -0.713475,
          -0.700393,
          1.429044
        ],
        [
          0.0,
          0.0,
          0.0,
          1.0
        ]
      ]
    },
    {
      "file_path": "/media/NFS/ttao/scannet/posed_images/scene0322_00/00091.jpg",
      "transform_matrix": [
        [
          -0.578729,
          -0.581353,
          0.571927,
          2.200133
        ],
        [
          -0.815464,
          0.420696,
          -0.397533,
          5.251537
        ],
        [
          -0.0095,
          -0.69645,
          -0.717542,
          1.4332
        ],
        [
          0.0,
          0.0,
          0.0,
          1.0
        ]
      ]
    },
    {
      "file_path": "/media/NFS/ttao/scannet/posed_images/scene0322_00/00093.jpg",
      "transform_matrix": [
        [
          -0.609145,
          -0.567439,
          0.554035,
          2.225349
        ],
        [
          -0.793055,
          0.438137,
          -0.423203,
          5.271662
        ],
        [
          -0.002601,
          -0.697172,
          -0.716899,
          1.429909
        ],
        [
          0.0,
          0.0,
          0.0,
          1.0
        ]
      ]
    },
    {
      "file_path": "/media/NFS/ttao/scannet/posed_images/scene0322_00/00098.jpg",
      "transform_matrix": [
        [
          -0.677365,
          -0.519914,
          0.520447,
          2.295334
        ],
        [
          -0.735514,
          0.49209,
          -0.465689,
          5.322002
        ],
        [
          -0.013989,
          -0.698238,
          -0.715729,
          1.420506
        ],
        [
          0.0,
          0.0,
          0.0,
          1.0
        ]
      ]
    },
    {
      "file_path": "/media/NFS/ttao/scannet/posed_images/scene0322_00/00100.jpg",
      "transform_matrix": [
        [
          -0.691531,
          -0.512775,
          0.50877,
          2.330613
        ],
        [
          -0.722264,
          0.501517,
          -0.476252,
          5.340359
        ],
        [
          -0.010947,
          -0.696809,
          -0.717173,
          1.415748
        ],
        [
          0.0,
          0.0,
          0.0,
          1.0
        ]
      ]
    },
    {
      "file_path": "/media/NFS/ttao/scannet/posed_images/scene0322_00/00107.jpg",
      "transform_matrix": [
        [
          -0.742346,
          -0.481858,
          0.465548,
          2.450725
        ],
        [
          -0.669976,
          0.541529,
          -0.507818,
          5.401829
        ],
        [
          -0.007411,
          -0.688882,
          -0.724835,
          1.420625
        ],
        [
          0.0,
          0.0,
          0.0,
          1.0
        ]
      ]
    },
    {
      "file_path": "/media/NFS/ttao/scannet/posed_images/scene0322_00/00110.jpg",
      "transform_matrix": [
        [
          -0.764565,
          -0.455903,
          0.455624,
          2.482337
        ],
        [
          -0.644473,
          0.551449,
          -0.529678,
          5.428266
        ],
        [
          -0.009772,
          -0.698611,
          -0.715435,
          1.428818
        ],
        [
          0.0,
          0.0,
          0.0,
          1.0
        ]
      ]
    },
    {
      "file_path": "/media/NFS/ttao/scannet/posed_images/scene0322_00/00113.jpg",
      "transform_matrix": [
        [
          -0.795448,
          -0.420706,
          0.436198,
          2.518482
        ],
        [
          -0.605855,
          0.568963,
          -0.556077,
          5.452452
        ],
        [
          -0.014235,
          -0.706602,
          -0.707467,
          1.438651
        ],
        [
          0.0,
          0.0,
          0.0,
          1.0
        ]
      ]
    },
    {
      "file_path": "/media/NFS/ttao/scannet/posed_images/scene0322_00/00117.jpg",
      "transform_matrix": [
        [
          -0.842853,
          -0.367375,
          0.393234,
          2.568199
        ],
        [
          -0.537908,
          0.596721,
          -0.595465,
          5.49858
        ],
        [
          -0.015892,
          -0.713414,
          -0.700563,
          1.442094
        ],
        [
          0.0,
          0.0,
          0.0,
          1.0
        ]
      ]
    },
    {
      "file_path": "/media/NFS/ttao/scannet/posed_images/scene0322_00/00121.jpg",
      "transform_matrix": [
        [
          -0.892333,
          -0.299112,
          0.338044,
          2.602441
        ],
        [
          -0.449889,
          0.65014,
          -0.612305,
          5.543669
        ],
        [
          -0.036628,
          -0.698463,
          -0.714709,
          1.437681
        ],
        [
          0.0,
          0.0,
          0.0,
          1.0
        ]
      ]
    },
    {
      "file_path": "/media/NFS/ttao/scannet/posed_images/scene0322_00/00125.jpg",
      "transform_matrix": [
        [
          -0.937558,
          -0.225853,
          0.264527,
          2.624666
        ],
        [
          -0.345898,
          0.685391,
          -0.640776,
          5.564072
        ],
        [
          -0.036583,
          -0.692264,
          -0.720716,
          1.449773
        ],
        [
          0.0,
          0.0,
          0.0,
          1.0
        ]
      ]
    },
    {
      "file_path": "/media/NFS/ttao/scannet/posed_images/scene0322_00/00131.jpg",
      "transform_matrix": [
        [
          -0.980236,
          -0.114142,
          0.161583,
          2.601276
        ],
        [
          -0.196265,
          0.663671,
          -0.721817,
          5.574506
        ],
        [
          -0.024849,
          -0.739264,
          -0.672956,
          1.472614
        ],
        [
          0.0,
          0.0,
          0.0,
          1.0
        ]
      ]
    },
    {
      "file_path": "/media/NFS/ttao/scannet/posed_images/scene0322_00/00136.jpg",
      "transform_matrix": [
        [
          -0.991305,
          -0.041051,
          0.12502,
          2.566145
        ],
        [
          -0.121542,
          0.649734,
          -0.750383,
          5.575042
        ],
        [
          -0.050426,
          -0.759053,
          -0.649073,
          1.485054
        ],
        [
          0.0,
          0.0,
          0.0,
          1.0
        ]
      ]
    },
    {
      "file_path": "/media/NFS/ttao/scannet/posed_images/scene0322_00/00141.jpg",
      "transform_matrix": [
        [
          -0.996597,
          0.021092,
          0.079681,
          2.53243
        ],
        [
          -0.047976,
          0.637632,
          -0.768846,
          5.56005
        ],
        [
          -0.067024,
          -0.770052,
          -0.63445,
          1.48472
        ],
        [
          0.0,
          0.0,
          0.0,
          1.0
        ]
      ]
    },
    {
      "file_path": "/media/NFS/ttao/scannet/posed_images/scene0322_00/00145.jpg",
      "transform_matrix": [
        [
          -0.996519,
          0.057441,
          0.060407,
          2.506329
        ],
        [
          -0.011034,
          0.627401,
          -0.778618,
          5.534133
        ],
        [
          -0.082624,
          -0.776574,
          -0.624584,
          1.493819
        ],
        [
          0.0,
          0.0,
          0.0,
          1.0
        ]
      ]
    },
    {
      "file_path": "/media/NFS/ttao/scannet/posed_images/scene0322_00/00146.jpg",
      "transform_matrix": [
        [
          -0.996217,
          0.065521,
          0.057084,
          2.499264
        ],
        [
          -0.004057,
          0.621113,
          -0.783711,
          5.530285
        ],
        [
          -0.086805,
          -0.780977,
          -0.618497,
          1.494263
        ],
        [
          0.0,
          0.0,
          0.0,
          1.0
        ]
      ]
    },
    {
      "file_path": "/media/NFS/ttao/scannet/posed_images/scene0322_00/00154.jpg",
      "transform_matrix": [
        [
          -0.995453,
          0.091221,
          0.027428,
          2.444579
        ],
        [
          0.031577,
          0.587678,
          -0.808478,
          5.438755
        ],
        [
          -0.089869,
          -0.803936,
          -0.587887,
          1.495793
        ],
        [
          0.0,
          0.0,
          0.0,
          1.0
        ]
      ]
    },
    {
      "file_path": "/media/NFS/ttao/scannet/posed_images/scene0322_00/00155.jpg",
      "transform_matrix": [
        [
          -0.995375,
          0.092217,
          0.026897,
          2.435705
        ],
        [
          0.031974,
          0.582099,
          -0.812489,
          5.433656
        ],
        [
          -0.090582,
          -0.807872,
          -0.582355,
          1.48852
        ],
        [
          0.0,
          0.0,
          0.0,
          1.0
        ]
      ]
    },
    {
      "file_path": "/media/NFS/ttao/scannet/posed_images/scene0322_00/00159.jpg",
      "transform_matrix": [
        [
          -0.996491,
          0.080314,
          0.023554,
          2.403813
        ],
        [
          0.027724,
          0.582283,
          -0.812513,
          5.371915
        ],
        [
          -0.078971,
          -0.809009,
          -0.582467,
          1.480472
        ],
        [
          0.0,
          0.0,
          0.0,
          1.0
        ]
      ]
    },
    {
      "file_path": "/media/NFS/ttao/scannet/posed_images/scene0322_00/00166.jpg",
      "transform_matrix": [
        [
          -0.998527,
          0.044427,
          0.031139,
          2.356948
        ],
        [
          0.001997,
          0.603659,
          -0.79724,
          5.252774
        ],
        [
          -0.054216,
          -0.796004,
          -0.602859,
          1.486643
        ],
        [
          0.0,
          0.0,
          0.0,
          1.0
        ]
      ]
    },
    {
      "file_path": "/media/NFS/ttao/scannet/posed_images/scene0322_00/00170.jpg",
      "transform_matrix": [
        [
          -0.997837,
          0.042579,
          0.050072,
          2.329444
        ],
        [
          -0.014157,
          0.604692,
          -0.796334,
          5.197993
        ],
        [
          -0.064186,
          -0.79532,
          -0.602782,
          1.48351
        ],
        [
          0.0,
          0.0,
          0.0,
          1.0
        ]
      ]
    },
    {
      "file_path": "/media/NFS/ttao/scannet/posed_images/scene0322_00/00171.jpg",
      "transform_matrix": [
        [
          -0.997973,
          0.043204,
          0.046717,
          2.336335
        ],
        [
          -0.010987,
          0.606152,
          -0.795273,
          5.181376
        ],
        [
          -0.062676,
          -0.794175,
          -0.604449,
          1.484822
        ],
        [
          0.0,
          0.0,
          0.0,
          1.0
        ]
      ]
    },
    {
      "file_path": "/media/NFS/ttao/scannet/posed_images/scene0322_00/00175.jpg",
      "transform_matrix": [
        [
          -0.998734,
          0.035723,
          0.03543,
          2.313566
        ],
        [
          -0.006528,
          0.606243,
          -0.795253,
          5.126324
        ],
        [
          -0.049888,
          -0.794477,
          -0.605242,
          1.482348
        ],
        [
          0.0,
          0.0,
          0.0,
          1.0
        ]
      ]
    },
    {
      "file_path": "/media/NFS/ttao/scannet/posed_images/scene0322_00/00183.jpg",
      "transform_matrix": [
        [
          -0.999113,
          0.042064,
          0.002168,
          2.301563
        ],
        [
          0.023131,
          0.590978,
          -0.806356,
          4.985594
        ],
        [
          -0.0352,
          -0.80559,
          -0.591426,
          1.483497
        ],
        [
          0.0,
          0.0,
          0.0,
          1.0
        ]
      ]
    },
    {
      "file_path": "/media/NFS/ttao/scannet/posed_images/scene0322_00/00184.jpg",
      "transform_matrix": [
        [
          -0.99898,
          0.045155,
          0.000333,
          2.298498
        ],
        [
          0.026432,
          0.590722,
          -0.806442,
          4.963717
        ],
        [
          -0.036611,
          -0.80561,
          -0.591313,
          1.485887
        ],
        [
          0.0,
          0.0,
          0.0,
          1.0
        ]
      ]
    },
    {
      "file_path": "/media/NFS/ttao/scannet/posed_images/scene0322_00/00192.jpg",
      "transform_matrix": [
        [
          -0.995793,
          0.089511,
          -0.019595,
          2.302281
        ],
        [
          0.068269,
          0.582114,
          -0.810236,
          4.813949
        ],
        [
          -0.061119,
          -0.808165,
          -0.585776,
          1.499229
        ],
        [
          0.0,
          0.0,
          0.0,
          1.0
        ]
      ]
    },
    {
      "file_path": "/media/NFS/ttao/scannet/posed_images/scene0322_00/00194.jpg",
      "transform_matrix": [
        [
          -0.994909,
          0.09925,
          -0.017483,
          2.297291
        ],
        [
          0.07237,
          0.582903,
          -0.809312,
          4.780056
        ],
        [
          -0.070134,
          -0.806457,
          -0.587118,
          1.505025
        ],
        [
          0.0,
          0.0,
          0.0,
          1.0
        ]
      ]
    },
    {
      "file_path": "/media/NFS/ttao/scannet/posed_images/scene0322_00/00198.jpg",
      "transform_matrix": [
        [
          -0.993823,
          0.109223,
          -0.019644,
          2.274367
        ],
        [
          0.080139,
          0.583892,
          -0.807866,
          4.711102
        ],
        [
          -0.076767,
          -0.804451,
          -0.589038,
          1.508722
        ],
        [
          0.0,
          0.0,
          0.0,
          1.0
        ]
      ]
    },
    {
      "file_path": "/media/NFS/ttao/scannet/posed_images/scene0322_00/00200.jpg",
      "transform_matrix": [
        [
          -0.994712,
          0.101206,
          -0.017458,
          2.257342
        ],
        [
          0.073759,
          0.585707,
          -0.80716,
          4.670388
        ],
        [
          -0.071464,
          -0.80418,
          -0.590074,
          1.51164
        ],
        [
          0.0,
          0.0,
          0.0,
          1.0
        ]
      ]
    },
    {
      "file_path": "/media/NFS/ttao/scannet/posed_images/scene0322_00/00207.jpg",
      "transform_matrix": [
        [
          -0.998235,
          0.059365,
          -0.001702,
          2.204213
        ],
        [
          0.035781,
          0.578294,
          -0.815043,
          4.551527
        ],
        [
          -0.047401,
          -0.813666,
          -0.579397,
          1.521577
        ],
        [
          0.0,
          0.0,
          0.0,
          1.0
        ]
      ]
    },
    {
      "file_path": "/media/NFS/ttao/scannet/posed_images/scene0322_00/00209.jpg",
      "transform_matrix": [
        [
          -0.999117,
          0.041948,
          0.002207,
          2.196428
        ],
        [
          0.02285,
          0.586824,
          -0.809392,
          4.521015
        ],
        [
          -0.035248,
          -0.808627,
          -0.587265,
          1.525658
        ],
        [
          0.0,
          0.0,
          0.0,
          1.0
        ]
      ]
    },
    {
      "file_path": "/media/NFS/ttao/scannet/posed_images/scene0322_00/00214.jpg",
      "transform_matrix": [
        [
          -0.999186,
          -0.019845,
          0.035122,
          2.148839
        ],
        [
          -0.039988,
          0.602043,
          -0.797462,
          4.470006
        ],
        [
          -0.00532,
          -0.798217,
          -0.602346,
          1.505293
        ],
        [
          0.0,
          0.0,
          0.0,
          1.0
        ]
      ]
    },
    {
      "file_path": "/media/NFS/ttao/scannet/posed_images/scene0322_00/00221.jpg",
      "transform_matrix": [
        [
          -0.994749,
          -0.050975,
          0.088749,
          2.092132
        ],
        [
          -0.101298,
          0.614202,
          -0.782621,
          4.3826
        ],
        [
          -0.014616,
          -0.787501,
          -0.61614,
          1.504006
        ],
        [
          0.0,
          0.0,
          0.0,
          1.0
        ]
      ]
    },
    {
      "file_path": "/media/NFS/ttao/scannet/posed_images/scene0322_00/00222.jpg",
      "transform_matrix": [
        [
          -0.994044,
          -0.055959,
          0.093518,
          2.085783
        ],
        [
          -0.108103,
          0.61506,
          -0.781035,
          4.369361
        ],
        [
          -0.013813,
          -0.786492,
          -0.617445,
          1.503801
        ],
        [
          0.0,
          0.0,
          0.0,
          1.0
        ]
      ]
    },
    {
      "file_path": "/media/NFS/ttao/scannet/posed_images/scene0322_00/00226.jpg",
      "transform_matrix": [
        [
          -0.992171,
          -0.081329,
          0.094772,
          2.056503
        ],
        [
          -0.124784,
          0.615184,
          -0.778445,
          4.315176
        ],
        [
          0.005008,
          -0.784177,
          -0.620517,
          1.496772
        ],
        [
          0.0,
          0.0,
          0.0,
          1.0
        ]
      ]
    },
    {
      "file_path": "/media/NFS/ttao/scannet/posed_images/scene0322_00/00233.jpg",
      "transform_matrix": [
        [
          -0.992657,
          -0.071997,
          0.097206,
          1.979075
        ],
        [
          -0.120773,
          0.635114,
          -0.762919,
          4.224934
        ],
        [
          -0.006809,
          -0.769056,
          -0.639145,
          1.48442
        ],
        [
          0.0,
          0.0,
          0.0,
          1.0
        ]
      ]
    },
    {
      "file_path": "/media/NFS/ttao/scannet/posed_images/scene0322_00/00235.jpg",
      "transform_matrix": [
        [
          -0.992309,
          -0.063157,
          0.106457,
          1.962153
        ],
        [
          -0.121957,
          0.645983,
          -0.753546,
          4.205587
        ],
        [
          -0.021178,
          -0.760734,
          -0.648718,
          1.482858
        ],
        [
          0.0,
          0.0,
          0.0,
          1.0
        ]
      ]
    },
    {
      "file_path": "/media/NFS/ttao/scannet/posed_images/scene0322_00/00241.jpg",
      "transform_matrix": [
        [
          -0.979978,
          -0.101571,
          0.171248,
          1.895853
        ],
        [
          -0.196001,
          0.64341,
          -0.740005,
          4.150446
        ],
        [
          -0.03502,
          -0.758753,
          -0.650436,
          1.481238
        ],
        [
          0.0,
          0.0,
          0.0,
          1.0
        ]
      ]
    },
    {
      "file_path": "/media/NFS/ttao/scannet/posed_images/scene0322_00/00243.jpg",
      "transform_matrix": [
        [
          -0.972461,
          -0.130408,
          0.193165,
          1.873979
        ],
        [
          -0.231533,
          0.635413,
          -0.736642,
          4.136896
        ],
        [
          -0.026675,
          -0.76108,
          -0.648109,
          1.476107
        ],
        [
          0.0,
          0.0,
          0.0,
          1.0
        ]
      ]
    },
    {
      "file_path": "/media/NFS/ttao/scannet/posed_images/scene0322_00/00247.jpg",
      "transform_matrix": [
        [
          -0.945304,
          -0.199716,
          0.257901,
          1.811568
        ],
        [
          -0.32583,
          0.615212,
          -0.717878,
          4.11
        ],
        [
          -0.015292,
          -0.762645,
          -0.646637,
          1.467806
        ],
        [
          0.0,
          0.0,
          0.0,
          1.0
        ]
      ]
    },
    {
      "file_path": "/media/NFS/ttao/scannet/posed_images/scene0322_00/00253.jpg",
      "transform_matrix": [
        [
          -0.89584,
          -0.307101,
          0.321184,
          1.71397
        ],
        [
          -0.444107,
          0.593566,
          -0.671155,
          4.08166
        ],
        [
          0.015469,
          -0.743887,
          -0.668126,
          1.458933
        ],
        [
          0.0,
          0.0,
          0.0,
          1.0
        ]
      ]
    },
    {
      "file_path": "/media/NFS/ttao/scannet/posed_images/scene0322_00/00259.jpg",
      "transform_matrix": [
        [
          -0.843242,
          -0.37389,
          0.386199,
          1.642105
        ],
        [
          -0.53721,
          0.561225,
          -0.629628,
          4.057313
        ],
        [
          0.018667,
          -0.738399,
          -0.674106,
          1.463291
        ],
        [
          0.0,
          0.0,
          0.0,
          1.0
        ]
      ]
    },
    {
      "file_path": "/media/NFS/ttao/scannet/posed_images/scene0322_00/00261.jpg",
      "transform_matrix": [
        [
          -0.829653,
          -0.385837,
          0.403492,
          1.614627
        ],
        [
          -0.558045,
          0.552191,
          -0.619412,
          4.044593
        ],
        [
          0.016187,
          -0.739064,
          -0.673441,
          1.461103
        ],
        [
          0.0,
          0.0,
          0.0,
          1.0
        ]
      ]
    },
    {
      "file_path": "/media/NFS/ttao/scannet/posed_images/scene0322_00/00265.jpg",
      "transform_matrix": [
        [
          -0.807346,
          -0.404339,
          0.429769,
          1.58472
        ],
        [
          -0.590004,
          0.541662,
          -0.598747,
          4.015535
        ],
        [
          0.009307,
          -0.736962,
          -0.67587,
          1.457858
        ],
        [
          0.0,
          0.0,
          0.0,
          1.0
        ]
      ]
    },
    {
      "file_path": "/media/NFS/ttao/scannet/posed_images/scene0322_00/00269.jpg",
      "transform_matrix": [
        [
          -0.792401,
          -0.416525,
          0.445653,
          1.557795
        ],
        [
          -0.609713,
          0.518429,
          -0.599568,
          3.983812
        ],
        [
          0.018695,
          -0.746819,
          -0.664765,
          1.452531
        ],
        [
          0.0,
          0.0,
          0.0,
          1.0
        ]
      ]
    },
    {
      "file_path": "/media/NFS/ttao/scannet/posed_images/scene0322_00/00272.jpg",
      "transform_matrix": [
        [
          -0.784349,
          -0.423272,
          0.453472,
          1.53548
        ],
        [
          -0.620191,
          0.5202,
          -0.587158,
          3.957131
        ],
        [
          0.012631,
          -0.741777,
          -0.670528,
          1.449199
        ],
        [
          0.0,
          0.0,
          0.0,
          1.0
        ]
      ]
    },
    {
      "file_path": "/media/NFS/ttao/scannet/posed_images/scene0322_00/00280.jpg",
      "transform_matrix": [
        [
          -0.734962,
          -0.455659,
          0.5022,
          1.478203
        ],
        [
          -0.678098,
          0.497829,
          -0.540693,
          3.904793
        ],
        [
          -0.003638,
          -0.73793,
          -0.674867,
          1.457414
        ],
        [
          0.0,
          0.0,
          0.0,
          1.0
        ]
      ]
    },
    {
      "file_path": "/media/NFS/ttao/scannet/posed_images/scene0322_00/00282.jpg",
      "transform_matrix": [
        [
          -0.727076,
          -0.464768,
          0.505322,
          1.472186
        ],
        [
          -0.68655,
          0.489085,
          -0.538001,
          3.899369
        ],
        [
          0.0029,
          -0.738097,
          -0.674688,
          1.45852
        ],
        [
          0.0,
          0.0,
          0.0,
          1.0
        ]
      ]
    },
    {
      "file_path": "/media/NFS/ttao/scannet/posed_images/scene0322_00/00286.jpg",
      "transform_matrix": [
        [
          -0.701789,
          -0.475325,
          0.530621,
          1.441076
        ],
        [
          -0.712327,
          0.477744,
          -0.514151,
          3.880407
        ],
        [
          -0.009112,
          -0.738801,
          -0.673862,
          1.458265
        ],
        [
          0.0,
          0.0,
          0.0,
          1.0
        ]
      ]
    },
    {
      "file_path": "/media/NFS/ttao/scannet/posed_images/scene0322_00/00289.jpg",
      "transform_matrix": [
        [
          -0.679137,
          -0.486548,
          0.549585,
          1.409146
        ],
        [
          -0.733857,
          0.465429,
          -0.494802,
          3.865122
        ],
        [
          -0.015048,
          -0.739355,
          -0.673147,
          1.456017
        ],
        [
          0.0,
          0.0,
          0.0,
          1.0
        ]
      ]
    },
    {
      "file_path": "/media/NFS/ttao/scannet/posed_images/scene0322_00/00294.jpg",
      "transform_matrix": [
        [
          -0.631988,
          -0.513305,
          0.58061,
          1.318557
        ],
        [
          -0.774705,
          0.438317,
          -0.455752,
          3.825283
        ],
        [
          -0.020551,
          -0.737832,
          -0.674671,
          1.444835
        ],
        [
          0.0,
          0.0,
          0.0,
          1.0
        ]
      ]
    },
    {
      "file_path": "/media/NFS/ttao/scannet/posed_images/scene0322_00/00300.jpg",
      "transform_matrix": [
        [
          -0.582237,
          -0.553259,
          0.595738,
          1.224807
        ],
        [
          -0.813003,
          0.400862,
          -0.422299,
          3.771211
        ],
        [
          -0.005168,
          -0.730215,
          -0.683198,
          1.447928
        ],
        [
          0.0,
          0.0,
          0.0,
          1.0
        ]
      ]
    },
    {
      "file_path": "/media/NFS/ttao/scannet/posed_images/scene0322_00/00303.jpg",
      "transform_matrix": [
        [
          -0.56213,
          -0.562914,
          0.605918,
          1.189239
        ],
        [
          -0.827011,
          0.375544,
          -0.418354,
          3.75353
        ],
        [
          0.007948,
          -0.73627,
          -0.676641,
          1.451335
        ],
        [
          0.0,
          0.0,
          0.0,
          1.0
        ]
      ]
    },
    {
      "file_path": "/media/NFS/ttao/scannet/posed_images/scene0322_00/00309.jpg",
      "transform_matrix": [
        [
          -0.50638,
          -0.574336,
          0.643208,
          1.135216
        ],
        [
          -0.862239,
          0.327633,
          -0.386266,
          3.706616
        ],
        [
          0.01111,
          -0.750196,
          -0.661122,
          1.456499
        ],
        [
          0.0,
          0.0,
          0.0,
          1.0
        ]
      ]
    },
    {
      "file_path": "/media/NFS/ttao/scannet/posed_images/scene0322_00/00311.jpg",
      "transform_matrix": [
        [
          -0.498515,
          -0.574523,
          0.649157,
          1.12227
        ],
        [
          -0.8668,
          0.320163,
          -0.3823,
          3.692889
        ],
        [
          0.011804,
          -0.753272,
          -0.657603,
          1.452348
        ],
        [
          0.0,
          0.0,
          0.0,
          1.0
        ]
      ]
    },
    {
      "file_path": "/media/NFS/ttao/scannet/posed_images/scene0322_00/00315.jpg",
      "transform_matrix": [
        [
          -0.475998,
          -0.578296,
          0.66257,
          1.104535
        ],
        [
          -0.879351,
          0.301858,
          -0.368272,
          3.643434
        ],
        [
          0.012968,
          -0.757928,
          -0.652209,
          1.455217
        ],
        [
          0.0,
          0.0,
          0.0,
          1.0
        ]
      ]
    },
    {
      "file_path": "/media/NFS/ttao/scannet/posed_images/scene0322_00/00319.jpg",
      "transform_matrix": [
        [
          -0.4514,
          -0.581003,
          0.677254,
          1.090607
        ],
        [
          -0.891964,
          0.272329,
          -0.360883,
          3.584292
        ],
        [
          0.025238,
          -0.766989,
          -0.641163,
          1.456996
        ],
        [
          0.0,
          0.0,
          0.0,
          1.0
        ]
      ]
    },
    {
      "file_path": "/media/NFS/ttao/scannet/posed_images/scene0322_00/00323.jpg",
      "transform_matrix": [
        [
          -0.452117,
          -0.58964,
          0.669264,
          1.077143
        ],
        [
          -0.891222,
          0.268142,
          -0.365819,
          3.512005
        ],
