{
  "frames": [
    {
      "file_path": "/media/NFS/ttao/scannet/posed_images/scene0457_02/00000.jpg",
      "transform_matrix": [
        [
          -0.483784,
          -0.153962,
          0.861539,
          0.994955
        ],
        [
          -0.874978,
          0.106599,
          -0.472281,
          2.538531
        ],
        [
          -0.019126,
          -0.98231,
          -0.186285,
          1.489303
        ],
        [
          0.0,
          0.0,
          0.0,
          1.0
        ]
      ]
    },
    {
      "file_path": "/media/NFS/ttao/scannet/posed_images/scene0457_02/00010.jpg",
      "transform_matrix": [
        [
          -0.513709,
          -0.156587,
          0.843554,
          0.998016
        ],
        [
          -0.85785,
          0.109768,
          -0.50204,
          2.524382
        ],
        [
          -0.013982,
          -0.981545,
          -0.190717,
          1.486533
        ],
        [
          0.0,
          0.0,
          0.0,
          1.0
        ]
      ]
    },
    {
      "file_path": "/media/NFS/ttao/scannet/posed_images/scene0457_02/00012.jpg",
      "transform_matrix": [
        [
          -0.517144,
          -0.154935,
          0.841759,
          0.993239
        ],
        [
          -0.85575,
          0.111919,
          -0.50514,
          2.512719
        ],
        [
          -0.015945,
          -0.981565,
          -0.190463,
          1.48061
        ],
        [
          0.0,
          0.0,
          0.0,
          1.0
        ]
      ]
    },
    {
      "file_path": "/media/NFS/ttao/scannet/posed_images/scene0457_02/00018.jpg",
      "transform_matrix": [
        [
          -0.569118,
          -0.159282,
          0.806681,
          1.021567
        ],
        [
          -0.822202,
          0.121493,
          -0.556079,
          2.508592
        ],
        [
          -0.009433,
          -0.979729,
          -0.200105,
          1.473521
        ],
        [
          0.0,
          0.0,
          0.0,
          1.0
        ]
      ]
    },
    {
      "file_path": "/media/NFS/ttao/scannet/posed_images/scene0457_02/00026.jpg",
      "transform_matrix": [
        [
          -0.656741,
          -0.167325,
          0.735319,
          1.07264
        ],
        [
          -0.75388,
          0.170088,
          -0.634614,
          2.524772
        ],
        [
          -0.018882,
          -0.971119,
          -0.237847,
          1.443948
        ],
        [
          0.0,
          0.0,
          0.0,
          1.0
        ]
      ]
    },
    {
      "file_path": "/media/NFS/ttao/scannet/posed_images/scene0457_02/00032.jpg",
      "transform_matrix": [
        [
          -0.702523,
          -0.186904,
          0.686679,
          1.105528
        ],
        [
          -0.711127,
          0.22172,
          -0.667187,
          2.541495
        ],
        [
          -0.027551,
          -0.95703,
          -0.288676,
          1.421944
        ],
        [
          0.0,
          0.0,
          0.0,
          1.0
        ]
      ]
    },
    {
      "file_path": "/media/NFS/ttao/scannet/posed_images/scene0457_02/00045.jpg",
      "transform_matrix": [
        [
          -0.723047,
          -0.251219,
          0.6435,
          1.112081
        ],
        [
          -0.689833,
          0.311825,
          -0.653373,
          2.536781
        ],
        [
          -0.03652,
          -0.916327,
          -0.398763,
          1.377468
        ],
        [
          0.0,
          0.0,
          0.0,
          1.0
        ]
      ]
    },
    {
      "file_path": "/media/NFS/ttao/scannet/posed_images/scene0457_02/00047.jpg",
      "transform_matrix": [
        [
          -0.720178,
          -0.252513,
          0.646205,
          1.105316
        ],
        [
          -0.692317,
          0.322211,
          -0.645661,
          2.530587
        ],
        [
          -0.045176,
          -0.912369,
          -0.406868,
          1.367401
        ],
        [
          0.0,
          0.0,
          0.0,
          1.0
        ]
      ]
    },
    {
      "file_path": "/media/NFS/ttao/scannet/posed_images/scene0457_02/00053.jpg",
      "transform_matrix": [
        [
          -0.720409,
          -0.28652,
          0.631599,
          1.098956
        ],
        [
          -0.692657,
          0.343414,
          -0.634266,
          2.522807
        ],
        [
          -0.03517,
          -0.894412,
          -0.445859,
          1.352078
        ],
        [
          0.0,
          0.0,
          0.0,
          1.0
        ]
      ]
    },
    {
      "file_path": "/media/NFS/ttao/scannet/posed_images/scene0457_02/00061.jpg",
      "transform_matrix": [
        [
          -0.731868,
          -0.317809,
          0.602799,
          1.112871
        ],
        [
          -0.680968,
          0.374229,
          -0.629472,
          2.51659
        ],
        [
          -0.025532,
          -0.871177,
          -0.490304,
          1.350526
        ],
        [
          0.0,
          0.0,
          0.0,
          1.0
        ]
      ]
    },
    {
      "file_path": "/media/NFS/ttao/scannet/posed_images/scene0457_02/00071.jpg",
      "transform_matrix": [
        [
          -0.784482,
          -0.268711,
          0.558912,
          1.162412
        ],
        [
          -0.62009,
          0.352583,
          -0.700838,
          2.517196
        ],
        [
          -0.00874,
          -0.89637,
          -0.44322,
          1.384667
        ],
        [
          0.0,
          0.0,
          0.0,
          1.0
        ]
      ]
    },
    {
      "file_path": "/media/NFS/ttao/scannet/posed_images/scene0457_02/00075.jpg",
      "transform_matrix": [
        [
          -0.79001,
          -0.249944,
          0.559832,
          1.162248
        ],
        [
          -0.612781,
          0.351097,
          -0.707977,
          2.512876
        ],
        [
          -0.019601,
          -0.902363,
          -0.430531,
          1.397591
        ],
        [
          0.0,
          0.0,
          0.0,
          1.0
        ]
      ]
    },
    {
      "file_path": "/media/NFS/ttao/scannet/posed_images/scene0457_02/00085.jpg",
      "transform_matrix": [
        [
          -0.806528,
          -0.188266,
          0.560418,
          1.081337
        ],
        [
          -0.591171,
          0.26553,
          -0.761585,
          2.442242
        ],
        [
          -0.005427,
          -0.945542,
          -0.325454,
          1.444791
        ],
        [
          0.0,
          0.0,
          0.0,
          1.0
        ]
      ]
    },
    {
      "file_path": "/media/NFS/ttao/scannet/posed_images/scene0457_02/00091.jpg",
      "transform_matrix": [
        [
          -0.785036,
          -0.179349,
          0.592918,
          1.006202
        ],
        [
          -0.619389,
          0.240702,
          -0.747275,
          2.382035
        ],
        [
          -0.008693,
          -0.953885,
          -0.300047,
          1.446997
        ],
        [
          0.0,
          0.0,
          0.0,
          1.0
        ]
      ]
    },
    {
      "file_path": "/media/NFS/ttao/scannet/posed_images/scene0457_02/00095.jpg",
      "transform_matrix": [
        [
          -0.794329,
          -0.169218,
          0.583445,
          0.969432
        ],
        [
          -0.607306,
          0.244714,
          -0.75584,
          2.351065
        ],
        [
          -0.014875,
          -0.954715,
          -0.29715,
          1.454171
        ],
        [
          0.0,
          0.0,
          0.0,
          1.0
        ]
      ]
    },
    {
      "file_path": "/media/NFS/ttao/scannet/posed_images/scene0457_02/00100.jpg",
      "transform_matrix": [
        [
          -0.836204,
          -0.120326,
          0.535056,
          0.932338
        ],
        [
          -0.546465,
          0.265104,
          -0.794416,
          2.324537
        ],
        [
          -0.046256,
          -0.956683,
          -0.287435,
          1.446733
        ],
        [
          0.0,
          0.0,
          0.0,
          1.0
        ]
      ]
    },
    {
      "file_path": "/media/NFS/ttao/scannet/posed_images/scene0457_02/00108.jpg",
      "transform_matrix": [
        [
          -0.883079,
          -0.078756,
          0.462568,
          0.897493
        ],
        [
          -0.463278,
          0.302794,
          -0.83288,
          2.293572
        ],
        [
          -0.074468,
          -0.949796,
          -0.303877,
          1.428258
        ],
        [
          0.0,
          0.0,
          0.0,
          1.0
        ]
      ]
    },
    {
      "file_path": "/media/NFS/ttao/scannet/posed_images/scene0457_02/00114.jpg",
      "transform_matrix": [
        [
          -0.92205,
          -0.036015,
          0.385391,
          0.905708
        ],
        [
          -0.372138,
          0.356369,
          -0.857038,
          2.278626
        ],
        [
          -0.106475,
          -0.933651,
          -0.341993,
          1.401411
        ],
        [
          0.0,
          0.0,
          0.0,
          1.0
        ]
      ]
    },
    {
      "file_path": "/media/NFS/ttao/scannet/posed_images/scene0457_02/00120.jpg",
      "transform_matrix": [
        [
          -0.937378,
          -0.059007,
          0.343279,
          0.957712
        ],
        [
          -0.33859,
          0.385599,
          -0.858295,
          2.284469
        ],
        [
          -0.081723,
          -0.920778,
          -0.381431,
          1.373178
        ],
        [
          0.0,
          0.0,
          0.0,
          1.0
        ]
      ]
    },
    {
      "file_path": "/media/NFS/ttao/scannet/posed_images/scene0457_02/00128.jpg",
      "transform_matrix": [
        [
          -0.954772,
          -0.086789,
          0.284389,
          1.083802
        ],
        [
          -0.293818,
          0.422115,
          -0.857607,
          2.322125
        ],
        [
          -0.045614,
          -0.902378,
          -0.428524,
          1.335296
        ],
        [
          0.0,
          0.0,
          0.0,
          1.0
        ]
      ]
    },
    {
      "file_path": "/media/NFS/ttao/scannet/posed_images/scene0457_02/00138.jpg",
      "transform_matrix": [
        [
          -0.986976,
          -0.059468,
          0.149474,
          1.276855
        ],
        [
          -0.16007,
          0.455601,
          -0.875674,
          2.397733
        ],
        [
          -0.016026,
          -0.888195,
          -0.459187,
          1.315985
        ],
        [
          0.0,
          0.0,
          0.0,
          1.0
        ]
      ]
    },
    {
      "file_path": "/media/NFS/ttao/scannet/posed_images/scene0457_02/00146.jpg",
      "transform_matrix": [
        [
          -0.988045,
          -0.126432,
          0.088217,
          1.385108
        ],
        [
          -0.136086,
          0.446391,
          -0.88443,
          2.435073
        ],
        [
          0.072441,
          -0.885861,
          -0.45826,
          1.298846
        ],
        [
          0.0,
          0.0,
          0.0,
          1.0
        ]
      ]
    },
    {
      "file_path": "/media/NFS/ttao/scannet/posed_images/scene0457_02/00148.jpg",
      "transform_matrix": [
        [
          -0.987377,
          -0.135723,
          0.081649,
          1.404011
        ],
        [
          -0.134238,
          0.443463,
          -0.886183,
          2.439103
        ],
        [
          0.084067,
          -0.885957,
          -0.456084,
          1.29794
        ],
        [
          0.0,
          0.0,
          0.0,
          1.0
        ]
      ]
    },
    {
      "file_path": "/media/NFS/ttao/scannet/posed_images/scene0457_02/00158.jpg",
      "transform_matrix": [
        [
          -0.985373,
          -0.154416,
          0.072078,
          1.461336
        ],
        [
          -0.133898,
          0.439951,
          -0.887984,
          2.431715
        ],
        [
          0.105408,
          -0.884647,
          -0.454191,
          1.291312
        ],
        [
          0.0,
          0.0,
          0.0,
          1.0
        ]
      ]
    },
    {
      "file_path": "/media/NFS/ttao/scannet/posed_images/scene0457_02/00162.jpg",
      "transform_matrix": [
        [
          -0.984888,
          -0.162549,
          0.059774,
          1.479149
        ],
        [
          -0.12691,
          0.442501,
          -0.887742,
          2.417385
        ],
        [
          0.117851,
          -0.881913,
          -0.456443,
          1.282198
        ],
        [
          0.0,
          0.0,
          0.0,
          1.0
        ]
      ]
    },
    {
      "file_path": "/media/NFS/ttao/scannet/posed_images/scene0457_02/00169.jpg",
      "transform_matrix": [
        [
          -0.985237,
          -0.156744,
          0.068841,
          1.488775
        ],
        [
          -0.13218,
          0.440945,
          -0.887748,
          2.400853
        ],
        [
          0.108794,
          -0.883742,
          -0.455153,
          1.298271
        ],
        [
          0.0,
          0.0,
          0.0,
          1.0
        ]
      ]
    },
    {
      "file_path": "/media/NFS/ttao/scannet/posed_images/scene0457_02/00179.jpg",
      "transform_matrix": [
        [
          -0.993477,
          -0.078108,
          0.083081,
          1.412087
        ],
        [
          -0.109123,
          0.439744,
          -0.891469,
          2.389221
        ],
        [
          0.033097,
          -0.89472,
          -0.445399,
          1.356002
        ],
        [
          0.0,
          0.0,
          0.0,
          1.0
        ]
      ]
    },
    {
      "file_path": "/media/NFS/ttao/scannet/posed_images/scene0457_02/00187.jpg",
      "transform_matrix": [
        [
          -0.995909,
          -0.023683,
          0.087209,
          1.333987
        ],
        [
          -0.08908,
          0.419563,
          -0.903345,
          2.365231
        ],
        [
          -0.015196,
          -0.907417,
          -0.419956,
          1.381422
        ],
        [
          0.0,
          0.0,
          0.0,
          1.0
        ]
      ]
    },
    {
      "file_path": "/media/NFS/ttao/scannet/posed_images/scene0457_02/00191.jpg",
      "transform_matrix": [
        [
          -0.995192,
          -0.021845,
          0.095475,
          1.305563
        ],
        [
          -0.096222,
          0.399999,
          -0.911451,
          2.353021
        ],
        [
          -0.018279,
          -0.916255,
          -0.400178,
          1.382816
        ],
        [
          0.0,
          0.0,
          0.0,
          1.0
        ]
      ]
    },
    {
      "file_path": "/media/NFS/ttao/scannet/posed_images/scene0457_02/00195.jpg",
      "transform_matrix": [
        [
          -0.989502,
          -0.027552,
          0.141871,
          1.246939
        ],
        [
          -0.141494,
          0.384556,
          -0.912193,
          2.332909
        ],
        [
          -0.029425,
          -0.92269,
          -0.384417,
          1.3865
        ],
        [
          0.0,
          0.0,
          0.0,
          1.0
        ]
      ]
    },
    {
      "file_path": "/media/NFS/ttao/scannet/posed_images/scene0457_02/00207.jpg",
      "transform_matrix": [
        [
          -0.971651,
          -0.079085,
          0.2228,
          1.071529
        ],
        [
          -0.23484,
          0.431597,
          -0.870961,
          2.217799
        ],
        [
          -0.02728,
          -0.898593,
          -0.437935,
          1.389995
        ],
        [
          0.0,
          0.0,
          0.0,
          1.0
        ]
      ]
    },
    {
      "file_path": "/media/NFS/ttao/scannet/posed_images/scene0457_02/00211.jpg",
      "transform_matrix": [
        [
          -0.964214,
          -0.102922,
          0.244332,
          1.070948
        ],
        [
          -0.26474,
          0.423425,
          -0.866386,
          2.184092
        ],
        [
          -0.014286,
          -0.900066,
          -0.43552,
          1.399718
        ],
        [
          0.0,
          0.0,
          0.0,
          1.0
        ]
      ]
    },
    {
      "file_path": "/media/NFS/ttao/scannet/posed_images/scene0457_02/00215.jpg",
      "transform_matrix": [
        [
          -0.959198,
          -0.118196,
          0.256844,
          1.076201
        ],
        [
          -0.282518,
          0.436274,
          -0.854312,
          2.141019
        ],
        [
          -0.011078,
          -0.892017,
          -0.451865,
          1.396508
        ],
        [
          0.0,
          0.0,
          0.0,
          1.0
        ]
      ]
    },
    {
      "file_path": "/media/NFS/ttao/scannet/posed_images/scene0457_02/00227.jpg",
      "transform_matrix": [
        [
          -0.948973,
          -0.141236,
          0.281961,
          1.151726
        ],
        [
          -0.314645,
          0.364003,
          -0.876642,
          1.91361
        ],
        [
          0.021178,
          -0.920627,
          -0.389868,
          1.416199
        ],
        [
          0.0,
          0.0,
          0.0,
          1.0
        ]
      ]
    },
    {
      "file_path": "/media/NFS/ttao/scannet/posed_images/scene0457_02/00230.jpg",
      "transform_matrix": [
        [
          -0.94847,
          -0.136088,
          0.286156,
          1.173523
        ],
        [
          -0.316565,
          0.367452,
          -0.874509,
          1.854251
        ],
        [
          0.013861,
          -0.920032,
          -0.391598,
          1.414801
        ],
        [
          0.0,
          0.0,
          0.0,
          1.0
        ]
      ]
    },
    {
      "file_path": "/media/NFS/ttao/scannet/posed_images/scene0457_02/00240.jpg",
      "transform_matrix": [
        [
          -0.930392,
          -0.141068,
          0.338334,
          1.233287
        ],
        [
          -0.366442,
          0.381841,
          -0.848479,
          1.699532
        ],
        [
          -0.009497,
          -0.913399,
          -0.406956,
          1.411129
        ],
        [
          0.0,
          0.0,
          0.0,
          1.0
        ]
      ]
    },
    {
      "file_path": "/media/NFS/ttao/scannet/posed_images/scene0457_02/00242.jpg",
      "transform_matrix": [
        [
          -0.929537,
          -0.149631,
          0.337004,
          1.235559
        ],
        [
          -0.368698,
          0.388935,
          -0.84427,
          1.676659
        ],
        [
          -0.004744,
          -0.909033,
          -0.416698,
          1.408518
        ],
        [
          0.0,
          0.0,
          0.0,
          1.0
        ]
      ]
    },
    {
      "file_path": "/media/NFS/ttao/scannet/posed_images/scene0457_02/00254.jpg",
      "transform_matrix": [
        [
          -0.954458,
          -0.13695,
          0.265055,
          1.215888
        ],
        [
          -0.297895,
          0.388682,
          -0.871886,
          1.684691
        ],
        [
          0.016383,
          -0.911137,
          -0.411777,
          1.417777
        ],
        [
          0.0,
          0.0,
          0.0,
          1.0
        ]
      ]
    },
    {
      "file_path": "/media/NFS/ttao/scannet/posed_images/scene0457_02/00260.jpg",
      "transform_matrix": [
        [
          -0.97023,
          -0.123093,
          0.208571,
          1.212294
        ],
        [
          -0.24012,
          0.376679,
          -0.894682,
          1.775084
        ],
        [
          0.031565,
          -0.918129,
          -0.395022,
          1.416677
        ],
        [
          0.0,
          0.0,
          0.0,
          1.0
        ]
      ]
    },
    {
      "file_path": "/media/NFS/ttao/scannet/posed_images/scene0457_02/00266.jpg",
      "transform_matrix": [
        [
          -0.971574,
          -0.124635,
          0.20127,
          1.205435
        ],
        [
          -0.233714,
          0.369583,
          -0.899326,
          1.879885
        ],
        [
          0.037702,
          -0.920801,
          -0.388206,
          1.420048
        ],
        [
          0.0,
          0.0,
          0.0,
          1.0
        ]
      ]
    },
    {
      "file_path": "/media/NFS/ttao/scannet/posed_images/scene0457_02/00270.jpg",
      "transform_matrix": [
        [
          -0.972476,
          -0.107361,
          0.206793,
          1.177863
        ],
        [
          -0.23214,
          0.370182,
          -0.899487,
          1.969615
        ],
        [
          0.020019,
          -0.922735,
          -0.384916,
          1.417505
        ],
        [
          0.0,
          0.0,
          0.0,
          1.0
        ]
      ]
    },
    {
      "file_path": "/media/NFS/ttao/scannet/posed_images/scene0457_02/00278.jpg",
      "transform_matrix": [
        [
          -0.97384,
          -0.097543,
          0.205235,
          1.125871
        ],
        [
          -0.227066,
          0.382785,
          -0.895498,
          2.139169
        ],
        [
          0.008789,
          -0.918674,
          -0.394919,
          1.385857
        ],
        [
          0.0,
          0.0,
          0.0,
          1.0
        ]
      ]
    },
    {
      "file_path": "/media/NFS/ttao/scannet/posed_images/scene0457_02/00282.jpg",
      "transform_matrix": [
        [
          -0.97647,
          -0.101413,
          0.190318,
          1.11018
        ],
        [
          -0.215081,
          0.393812,
          -0.893674,
          2.219768
        ],
        [
          0.01568,
          -0.91358,
          -0.406357,
          1.354211
        ],
        [
          0.0,
          0.0,
          0.0,
          1.0
        ]
      ]
    },
    {
      "file_path": "/media/NFS/ttao/scannet/posed_images/scene0457_02/00294.jpg",
      "transform_matrix": [
        [
          -0.973387,
          -0.105535,
          0.203419,
          1.112555
        ],
        [
          -0.229164,
          0.445373,
          -0.865521,
          2.356864
        ],
        [
          0.000746,
          -0.889104,
          -0.457705,
          1.347505
        ],
        [
          0.0,
          0.0,
          0.0,
          1.0
        ]
      ]
    },
    {
      "file_path": "/media/NFS/ttao/scannet/posed_images/scene0457_02/00301.jpg",
      "transform_matrix": [
        [
          -0.989592,
          -0.078433,
          0.120649,
          1.10088
        ],
        [
          -0.1432,
          0.454002,
          -0.879418,
          2.398933
        ],
        [
          0.014201,
          -0.887542,
          -0.460508,
          1.345048
        ],
        [
          0.0,
          0.0,
          0.0,
          1.0
        ]
      ]
    },
    {
      "file_path": "/media/NFS/ttao/scannet/posed_images/scene0457_02/00309.jpg",
      "transform_matrix": [
        [
          -0.999358,
          -0.025017,
          0.025658,
          1.155257
        ],
        [
          -0.034412,
          0.470196,
          -0.881891,
          2.452314
        ],
        [
          0.009998,
          -0.882207,
          -0.470755,
          1.33012
        ],
        [
          0.0,
          0.0,
          0.0,
          1.0
        ]
      ]
    },
    {
      "file_path": "/media/NFS/ttao/scannet/posed_images/scene0457_02/00311.jpg",
      "transform_matrix": [
        [
          -0.999976,
          -0.006407,
          -0.002743,
          1.18483
        ],
        [
          -0.000659,
          0.478723,
          -0.877966,
          2.46731
        ],
        [
          0.006939,
          -0.877942,
          -0.478716,
          1.326063
        ],
        [
          0.0,
          0.0,
          0.0,
          1.0
        ]
      ]
    },
    {
      "file_path": "/media/NFS/ttao/scannet/posed_images/scene0457_02/00317.jpg",
      "transform_matrix": [
        [
          -0.994798,
          0.023616,
          -0.099098,
          1.253867
        ],
        [
          0.098385,
          0.47507,
          -0.87443,
          2.500913
        ],
        [
          0.026428,
          -0.879631,
          -0.474922,
          1.351985
        ],
        [
          0.0,
          0.0,
          0.0,
          1.0
        ]
      ]
    },
    {
      "file_path": "/media/NFS/ttao/scannet/posed_images/scene0457_02/00325.jpg",
      "transform_matrix": [
        [
          -0.980521,
          0.054937,
          -0.188577,
          1.315438
        ],
        [
          0.194218,
          0.414443,
          -0.88911,
          2.532678
        ],
        [
          0.02931,
          -0.908415,
          -0.41704,
          1.39758
        ],
        [
          0.0,
          0.0,
          0.0,
          1.0
        ]
      ]
    },
    {
      "file_path": "/media/NFS/ttao/scannet/posed_images/scene0457_02/00331.jpg",
      "transform_matrix": [
        [
          -0.964922,
          0.076218,
          -0.251229,
          1.353356
        ],
        [
          0.261925,
          0.344757,
          -0.901409,
          2.579993
        ],
        [
          0.017909,
          -0.935593,
          -0.352627,
          1.427372
        ],
        [
          0.0,
          0.0,
          0.0,
          1.0
        ]
      ]
    },
    {
      "file_path": "/media/NFS/ttao/scannet/posed_images/scene0457_02/00341.jpg",
      "transform_matrix": [
        [
          -0.955074,
          0.106047,
          -0.276745,
          1.405362
        ],
        [
          0.295559,
          0.271857,
          -0.915827,
          2.663052
        ],
        [
          -0.021886,
          -0.956477,
          -0.290986,
          1.464054
        ],
        [
          0.0,
          0.0,
          0.0,
          1.0
        ]
      ]
    },
    {
      "file_path": "/media/NFS/ttao/scannet/posed_images/scene0457_02/00347.jpg",
      "transform_matrix": [
        [
          -0.942901,
          0.082793,
          -0.32262,
          1.453638
        ],
        [
          0.333069,
          0.240182,
          -0.911799,
          2.691702
        ],
        [
          0.001997,
          -0.967191,
          -0.254044,
          1.489355
        ],
        [
          0.0,
          0.0,
          0.0,
          1.0
        ]
      ]
    },
    {
      "file_path": "/media/NFS/ttao/scannet/posed_images/scene0457_02/00355.jpg",
      "transform_matrix": [
        [
          -0.914279,
          0.099454,
          -0.392687,
          1.553902
        ],
        [
          0.40442,
          0.168552,
          -0.898907,
          2.724473
        ],
        [
          -0.023212,
          -0.980662,
          -0.194325,
          1.522469
        ],
        [
          0.0,
          0.0,
          0.0,
          1.0
        ]
      ]
    },
    {
      "file_path": "/media/NFS/ttao/scannet/posed_images/scene0457_02/00362.jpg",
      "transform_matrix": [
        [
          -0.898546,
          0.107665,
          -0.42547,
          1.620236
        ],
        [
          0.436834,
          0.125879,
          -0.890691,
          2.746068
        ],
        [
          -0.042339,
          -0.986186,
          -0.16014,
          1.541578
        ],
        [
          0.0,
          0.0,
          0.0,
          1.0
        ]
      ]
    },
    {
      "file_path": "/media/NFS/ttao/scannet/posed_images/scene0457_02/00366.jpg",
      "transform_matrix": [
        [
          -0.889768,
          0.098518,
          -0.445654,
          1.639482
        ],
        [
          0.454888,
          0.111641,
          -0.883523,
          2.768304
        ],
        [
          -0.03729,
          -0.988853,
          -0.14415,
          1.556502
        ],
        [
          0.0,
          0.0,
          0.0,
          1.0
        ]
      ]
    },
    {
      "file_path": "/media/NFS/ttao/scannet/posed_images/scene0457_02/00376.jpg",
      "transform_matrix": [
        [
          -0.870152,
          0.092154,
          -0.48409,
          1.670005
        ],
        [
          0.491121,
          0.081534,
          -0.867267,
          2.8485
        ],
        [
          -0.040452,
          -0.992401,
          -0.116206,
          1.572904
        ],
        [
          0.0,
          0.0,
          0.0,
          1.0
        ]
      ]
    },
    {
      "file_path": "/media/NFS/ttao/scannet/posed_images/scene0457_02/00378.jpg",
      "transform_matrix": [
        [
          -0.873181,
          0.096087,
          -0.47783,
          1.665701
        ],
        [
          0.485235,
          0.07918,
          -0.870791,
          2.867714
        ],
        [
          -0.045837,
          -0.992219,
          -0.115764,
          1.576931
        ],
        [
          0.0,
          0.0,
          0.0,
          1.0
        ]
      ]
    },
    {
      "file_path": "/media/NFS/ttao/scannet/posed_images/scene0457_02/00390.jpg",
      "transform_matrix": [
        [
          -0.834736,
          0.132382,
          -0.5345,
          1.686788
        ],
        [
          0.547801,
          0.101035,
          -0.830485,
          2.918252
        ],
        [
          -0.055938,
          -0.986036,
          -0.156857,
          1.512887
        ],
        [
          0.0,
          0.0,
          0.0,
          1.0
        ]
      ]
    },
    {
      "file_path": "/media/NFS/ttao/scannet/posed_images/scene0457_02/00392.jpg",
      "transform_matrix": [
        [
          -0.825168,
          0.1246,
          -0.550974,
          1.690122
        ],
        [
          0.56285,
          0.098579,
          -0.82066,
          2.922302
        ],
        [
          -0.047939,
          -0.987298,
          -0.151475,
          1.500805
        ],
        [
          0.0,
          0.0,
          0.0,
          1.0
        ]
      ]
    },
    {
      "file_path": "/media/NFS/ttao/scannet/posed_images/scene0457_02/00400.jpg",
      "transform_matrix": [
        [
          -0.799261,
          0.108204,
          -0.591163,
          1.740353
        ],
        [
          0.600454,
          0.185088,
          -0.777945,
          2.915607
        ],
        [
          0.02524,
          -0.976747,
          -0.212905,
          1.474823
        ],
        [
          0.0,
          0.0,
          0.0,
          1.0
        ]
      ]
    },
    {
      "file_path": "/media/NFS/ttao/scannet/posed_images/scene0457_02/00408.jpg",
      "transform_matrix": [
        [
          -0.765722,
          0.120919,
          -0.631702,
          1.798748
        ],
        [
          0.641773,
          0.208376,
          -0.738043,
          2.923596
        ],
        [
          0.042388,
          -0.970545,
          -0.23716,
          1.439595
        ],
        [
          0.0,
          0.0,
          0.0,
          1.0
        ]
      ]
    },
    {
      "file_path": "/media/NFS/ttao/scannet/posed_images/scene0457_02/00416.jpg",
      "transform_matrix": [
        [
          -0.711498,
          0.194574,
          -0.675212,
          1.822609
        ],
        [
          0.702461,
          0.221369,
          -0.67642,
          2.935117
        ],
        [
          0.017857,
          -0.955582,
          -0.294185,
          1.406816
        ],
        [
          0.0,
          0.0,
          0.0,
          1.0
        ]
      ]
    },
    {
      "file_path": "/media/NFS/ttao/scannet/posed_images/scene0457_02/00418.jpg",
      "transform_matrix": [
        [
          -0.704565,
          0.206283,
          -0.678996,
          1.819805
        ],
        [
          0.70953,
          0.221575,
          -0.668933,
          2.93464
        ],
        [
          0.012459,
          -0.953075,
          -0.302478,
          1.410245
        ],
        [
          0.0,
          0.0,
          0.0,
          1.0
        ]
      ]
    },
    {
      "file_path": "/media/NFS/ttao/scannet/posed_images/scene0457_02/00424.jpg",
      "transform_matrix": [
        [
          -0.702058,
          0.255525,
          -0.664696,
          1.811501
        ],
        [
          0.711712,
          0.220207,
          -0.667064,
          2.947082
        ],
        [
          -0.024081,
          -0.94139,
          -0.336459,
          1.381554
        ],
        [
          0.0,
          0.0,
          0.0,
          1.0
        ]
      ]
    },
    {
      "file_path": "/media/NFS/ttao/scannet/posed_images/scene0457_02/00437.jpg",
      "transform_matrix": [
        [
          -0.710141,
          0.305461,
          -0.634345,
          1.798308
        ],
        [
          0.701188,
          0.225556,
          -0.676358,
          2.972949
        ],
        [
          -0.06352,
          -0.925104,
          -0.374362,
          1.363799
        ],
        [
          0.0,
          0.0,
          0.0,
          1.0
        ]
      ]
    },
    {
      "file_path": "/media/NFS/ttao/scannet/posed_images/scene0457_02/00439.jpg",
      "transform_matrix": [
        [
          -0.709306,
          0.298846,
          -0.638417,
          1.802978
        ],
        [
          0.702984,
          0.233161,
          -0.6719,
          2.977684
        ],
        [
          -0.05194,
          -0.925379,
          -0.375466,
          1.359866
        ],
        [
          0.0,
          0.0,
          0.0,
          1.0
        ]
      ]
    },
    {
      "file_path": "/media/NFS/ttao/scannet/posed_images/scene0457_02/00451.jpg",
      "transform_matrix": [
        [
          -0.663975,
          0.26655,
          -0.698634,
          1.913473
        ],
        [
          0.747754,
          0.235346,
          -0.620867,
          2.948979
        ],
        [
          -0.001071,
          -0.934646,
          -0.355578,
          1.381698
        ],
        [
          0.0,
          0.0,
          0.0,
          1.0
        ]
      ]
    },
    {
      "file_path": "/media/NFS/ttao/scannet/posed_images/scene0457_02/00457.jpg",
      "transform_matrix": [
        [
          -0.621856,
          0.229151,
          -0.748856,
          2.022194
        ],
        [
          0.782974,
          0.201088,
          -0.588655,
          2.923949
        ],
        [
          0.015695,
          -0.952393,
          -0.304467,
          1.387794
        ],
        [
          0.0,
          0.0,
          0.0,
          1.0
        ]
      ]
    },
    {
      "file_path": "/media/NFS/ttao/scannet/posed_images/scene0457_02/00459.jpg",
      "transform_matrix": [
        [
          -0.619674,
          0.226346,
          -0.751513,
          2.061745
        ],
        [
          0.784626,
          0.202016,
          -0.586133,
          2.909865
        ],
        [
          0.019149,
          -0.952868,
          -0.302781,
          1.392318
        ],
        [
          0.0,
          0.0,
          0.0,
          1.0
        ]
      ]
    },
    {
      "file_path": "/media/NFS/ttao/scannet/posed_images/scene0457_02/00471.jpg",
      "transform_matrix": [
        [
          -0.701738,
          0.213842,
          -0.679585,
          2.199611
        ],
        [
          0.712348,
          0.195643,
          -0.674007,
          2.885653
        ],
        [
          -0.011175,
          -0.957076,
          -0.28962,
          1.415756
        ],
        [
          0.0,
          0.0,
          0.0,
          1.0
        ]
      ]
    },
    {
      "file_path": "/media/NFS/ttao/scannet/posed_images/scene0457_02/00477.jpg",
      "transform_matrix": [
        [
          -0.730418,
          0.192212,
          -0.655396,
          2.232356
        ],
        [
          0.682993,
          0.201205,
          -0.702166,
          2.886966
        ],
        [
          -0.003095,
          -0.960506,
          -0.278244,
          1.422385
        ],
        [
          0.0,
          0.0,
          0.0,
          1.0
        ]
      ]
    },
    {
      "file_path": "/media/NFS/ttao/scannet/posed_images/scene0457_02/00483.jpg",
      "transform_matrix": [
        [
          -0.734233,
          0.181394,
          -0.654216,
          2.236189
        ],
        [
          0.678824,
          0.210437,
          -0.703502,
          2.891739
        ],
        [
          0.01006,
          -0.960631,
          -0.277645,
          1.422565
        ],
        [
          0.0,
          0.0,
          0.0,
          1.0
        ]
      ]
    },
    {
      "file_path": "/media/NFS/ttao/scannet/posed_images/scene0457_02/00492.jpg",
      "transform_matrix": [
        [
          -0.751862,
          0.174762,
          -0.635737,
          2.230573
        ],
        [
          0.65932,
          0.200922,
          -0.724519,
          2.889709
        ],
        [
          0.001115,
          -0.963892,
          -0.26629,
          1.432839
        ],
        [
          0.0,
          0.0,
          0.0,
          1.0
        ]
      ]
    },
    {
      "file_path": "/media/NFS/ttao/scannet/posed_images/scene0457_02/00498.jpg",
      "transform_matrix": [
        [
          -0.724188,
          0.121235,
          -0.678863,
          2.222194
        ],
        [
          0.688549,
          0.181527,
          -0.702103,
          2.889216
        ],
        [
          0.038112,
          -0.975884,
          -0.214936,
          1.443009
        ],
        [
          0.0,
          0.0,
          0.0,
          1.0
        ]
      ]
    },
    {
      "file_path": "/media/NFS/ttao/scannet/posed_images/scene0457_02/00500.jpg",
      "transform_matrix": [
        [
          -0.698988,
          0.10001,
          -0.708106,
          2.254316
        ],
        [
          0.713233,
          0.169627,
          -0.680092,
          2.853186
        ],
        [
          0.052098,
          -0.980421,
          -0.189898,
          1.448764
        ],
        [
          0.0,
          0.0,
          0.0,
          1.0
        ]
      ]
    },
    {
      "file_path": "/media/NFS/ttao/scannet/posed_images/scene0457_02/00506.jpg",
      "transform_matrix": [
        [
          -0.6663,
          0.106849,
          -0.737989,
          2.28256
        ],
        [
          0.744552,
          0.149839,
          -0.650531,
          2.819583
        ],
        [
          0.041071,
          -0.98292,
          -0.179392,
          1.469371
        ],
        [
          0.0,
          0.0,
          0.0,
          1.0
        ]
      ]
    },
    {
      "file_path": "/media/NFS/ttao/scannet/posed_images/scene0457_02/00518.jpg",
      "transform_matrix": [
        [
          -0.557149,
          0.119236,
          -0.821808,
          2.313755
        ],
        [
          0.82975,
          0.119472,
          -0.545199,
          2.808242
        ],
        [
          0.033176,
          -0.985652,
          -0.165499,
          1.471309
        ],
        [
          0.0,
          0.0,
          0.0,
          1.0
        ]
      ]
    },
    {
      "file_path": "/media/NFS/ttao/scannet/posed_images/scene0457_02/00520.jpg",
      "transform_matrix": [
        [
          -0.539137,
          0.135911,
          -0.83118,
          2.338705
        ],
        [
          0.841861,
          0.115727,
          -0.527142,
          2.783794
        ],
        [
