{
  "frames": [
    {
      "file_path": "/media/NFS/ttao/scannet/posed_images/scene0577_00/00001.jpg",
      "transform_matrix": [
        [
          0.976612,
          -0.140724,
          0.162559,
          2.093427
        ],
        [
          -0.208634,
          -0.437516,
          0.874673,
          0.989284
        ],
        [
          -0.051965,
          -0.888131,
          -0.456643,
          1.371601
        ],
        [
          0.0,
          0.0,
          0.0,
          1.0
        ]
      ]
    },
    {
      "file_path": "/media/NFS/ttao/scannet/posed_images/scene0577_00/00004.jpg",
      "transform_matrix": [
        [
          0.977562,
          -0.138534,
          0.158688,
          2.094451
        ],
        [
          -0.204146,
          -0.437289,
          0.875844,
          0.988472
        ],
        [
          -0.051942,
          -0.888587,
          -0.455758,
          1.372447
        ],
        [
          0.0,
          0.0,
          0.0,
          1.0
        ]
      ]
    },
    {
      "file_path": "/media/NFS/ttao/scannet/posed_images/scene0577_00/00008.jpg",
      "transform_matrix": [
        [
          0.978518,
          -0.135837,
          0.155087,
          2.093574
        ],
        [
          -0.199359,
          -0.431764,
          0.87968,
          0.991606
        ],
        [
          -0.052532,
          -0.8917,
          -0.449569,
          1.379073
        ],
        [
          0.0,
          0.0,
          0.0,
          1.0
        ]
      ]
    },
    {
      "file_path": "/media/NFS/ttao/scannet/posed_images/scene0577_00/00017.jpg",
      "transform_matrix": [
        [
          0.981401,
          -0.128694,
          0.142442,
          2.09898
        ],
        [
          -0.183178,
          -0.405832,
          0.895403,
          0.984855
        ],
        [
          -0.057426,
          -0.904842,
          -0.421857,
          1.383168
        ],
        [
          0.0,
          0.0,
          0.0,
          1.0
        ]
      ]
    },
    {
      "file_path": "/media/NFS/ttao/scannet/posed_images/scene0577_00/00020.jpg",
      "transform_matrix": [
        [
          0.982596,
          -0.130112,
          0.132579,
          2.098958
        ],
        [
          -0.174906,
          -0.407654,
          0.896229,
          0.982613
        ],
        [
          -0.062564,
          -0.903819,
          -0.423317,
          1.382231
        ],
        [
          0.0,
          0.0,
          0.0,
          1.0
        ]
      ]
    },
    {
      "file_path": "/media/NFS/ttao/scannet/posed_images/scene0577_00/00025.jpg",
      "transform_matrix": [
        [
          0.984594,
          -0.131276,
          0.115505,
          2.096547
        ],
        [
          -0.160425,
          -0.415407,
          0.895378,
          0.981135
        ],
        [
          -0.06956,
          -0.900113,
          -0.430067,
          1.38163
        ],
        [
          0.0,
          0.0,
          0.0,
          1.0
        ]
      ]
    },
    {
      "file_path": "/media/NFS/ttao/scannet/posed_images/scene0577_00/00028.jpg",
      "transform_matrix": [
        [
          0.985632,
          -0.127822,
          0.110415,
          2.094357
        ],
        [
          -0.154042,
          -0.412081,
          0.898032,
          0.980995
        ],
        [
          -0.069288,
          -0.902137,
          -0.42585,
          1.386222
        ],
        [
          0.0,
          0.0,
          0.0,
          1.0
        ]
      ]
    },
    {
      "file_path": "/media/NFS/ttao/scannet/posed_images/scene0577_00/00034.jpg",
      "transform_matrix": [
        [
          0.989483,
          -0.113835,
          0.089252,
          2.092511
        ],
        [
          -0.127853,
          -0.399648,
          0.907709,
          0.977974
        ],
        [
          -0.06766,
          -0.909573,
          -0.409999,
          1.402703
        ],
        [
          0.0,
          0.0,
          0.0,
          1.0
        ]
      ]
    },
    {
      "file_path": "/media/NFS/ttao/scannet/posed_images/scene0577_00/00036.jpg",
      "transform_matrix": [
        [
          0.990827,
          -0.105727,
          0.084165,
          2.090514
        ],
        [
          -0.119307,
          -0.391887,
          0.912245,
          0.976506
        ],
        [
          -0.063465,
          -0.913918,
          -0.400906,
          1.406581
        ],
        [
          0.0,
          0.0,
          0.0,
          1.0
        ]
      ]
    },
    {
      "file_path": "/media/NFS/ttao/scannet/posed_images/scene0577_00/00043.jpg",
      "transform_matrix": [
        [
          0.994765,
          -0.084675,
          0.057217,
          2.087466
        ],
        [
          -0.083879,
          -0.356681,
          0.930453,
          0.965268
        ],
        [
          -0.058377,
          -0.930381,
          -0.361916,
          1.418359
        ],
        [
          0.0,
          0.0,
          0.0,
          1.0
        ]
      ]
    },
    {
      "file_path": "/media/NFS/ttao/scannet/posed_images/scene0577_00/00049.jpg",
      "transform_matrix": [
        [
          0.995368,
          -0.087186,
          0.040512,
          2.087005
        ],
        [
          -0.067325,
          -0.33133,
          0.94111,
          0.961528
        ],
        [
          -0.068628,
          -0.939478,
          -0.335665,
          1.430249
        ],
        [
          0.0,
          0.0,
          0.0,
          1.0
        ]
      ]
    },
    {
      "file_path": "/media/NFS/ttao/scannet/posed_images/scene0577_00/00050.jpg",
      "transform_matrix": [
        [
          0.995164,
          -0.091571,
          0.035536,
          2.091155
        ],
        [
          -0.06378,
          -0.327279,
          0.942773,
          0.95843
        ],
        [
          -0.074701,
          -0.94048,
          -0.331537,
          1.430403
        ],
        [
          0.0,
          0.0,
          0.0,
          1.0
        ]
      ]
    },
    {
      "file_path": "/media/NFS/ttao/scannet/posed_images/scene0577_00/00059.jpg",
      "transform_matrix": [
        [
          0.995971,
          -0.084637,
          0.029654,
          2.093443
        ],
        [
          -0.050804,
          -0.259996,
          0.964272,
          0.957376
        ],
        [
          -0.073904,
          -0.961893,
          -0.263248,
          1.458038
        ],
        [
          0.0,
          0.0,
          0.0,
          1.0
        ]
      ]
    },
    {
      "file_path": "/media/NFS/ttao/scannet/posed_images/scene0577_00/00062.jpg",
      "transform_matrix": [
        [
          0.996143,
          -0.082654,
          0.029456,
          2.09578
        ],
        [
          -0.048707,
          -0.241622,
          0.969147,
          0.959325
        ],
        [
          -0.072987,
          -0.966844,
          -0.244715,
          1.474563
        ],
        [
          0.0,
          0.0,
          0.0,
          1.0
        ]
      ]
    },
    {
      "file_path": "/media/NFS/ttao/scannet/posed_images/scene0577_00/00064.jpg",
      "transform_matrix": [
        [
          0.996306,
          -0.080933,
          0.028729,
          2.096429
        ],
        [
          -0.046501,
          -0.227146,
          0.97275,
          0.959313
        ],
        [
          -0.072201,
          -0.970492,
          -0.23007,
          1.480053
        ],
        [
          0.0,
          0.0,
          0.0,
          1.0
        ]
      ]
    },
    {
      "file_path": "/media/NFS/ttao/scannet/posed_images/scene0577_00/00073.jpg",
      "transform_matrix": [
        [
          0.997778,
          -0.065376,
          0.012886,
          2.096673
        ],
        [
          -0.026449,
          -0.211077,
          0.977112,
          0.952179
        ],
        [
          -0.06116,
          -0.975281,
          -0.212337,
          1.492432
        ],
        [
          0.0,
          0.0,
          0.0,
          1.0
        ]
      ]
    },
    {
      "file_path": "/media/NFS/ttao/scannet/posed_images/scene0577_00/00074.jpg",
      "transform_matrix": [
        [
          0.997933,
          -0.062871,
          0.013349,
          2.096114
        ],
        [
          -0.026563,
          -0.214308,
          0.976405,
          0.951192
        ],
        [
          -0.058527,
          -0.974741,
          -0.215535,
          1.492242
        ],
        [
          0.0,
          0.0,
          0.0,
          1.0
        ]
      ]
    },
    {
      "file_path": "/media/NFS/ttao/scannet/posed_images/scene0577_00/00081.jpg",
      "transform_matrix": [
        [
          0.998093,
          -0.061205,
          0.008084,
          2.090263
        ],
        [
          -0.024283,
          -0.268799,
          0.96289,
          0.944578
        ],
        [
          -0.056761,
          -0.96125,
          -0.269772,
          1.468444
        ],
        [
          0.0,
          0.0,
          0.0,
          1.0
        ]
      ]
    },
    {
      "file_path": "/media/NFS/ttao/scannet/posed_images/scene0577_00/00082.jpg",
      "transform_matrix": [
        [
          0.998338,
          -0.057174,
          0.007272,
          2.090335
        ],
        [
          -0.022865,
          -0.277076,
          0.960576,
          0.944359
        ],
        [
          -0.052905,
          -0.959146,
          -0.277922,
          1.465772
        ],
        [
          0.0,
          0.0,
          0.0,
          1.0
        ]
      ]
    },
    {
      "file_path": "/media/NFS/ttao/scannet/posed_images/scene0577_00/00089.jpg",
      "transform_matrix": [
        [
          0.998885,
          -0.045982,
          -0.010706,
          2.088445
        ],
        [
          -0.004918,
          -0.326867,
          0.945058,
          0.942902
        ],
        [
          -0.046955,
          -0.943951,
          -0.326728,
          1.442024
        ],
        [
          0.0,
          0.0,
          0.0,
          1.0
        ]
      ]
    },
    {
      "file_path": "/media/NFS/ttao/scannet/posed_images/scene0577_00/00095.jpg",
      "transform_matrix": [
        [
          0.998669,
          -0.050901,
          -0.008385,
          2.090714
        ],
        [
          -0.010921,
          -0.367468,
          0.929972,
          0.941219
        ],
        [
          -0.050418,
          -0.928642,
          -0.367534,
          1.411289
        ],
        [
          0.0,
          0.0,
          0.0,
          1.0
        ]
      ]
    },
    {
      "file_path": "/media/NFS/ttao/scannet/posed_images/scene0577_00/00096.jpg",
      "transform_matrix": [
        [
          0.99877,
          -0.049235,
          -0.005949,
          2.09048
        ],
        [
          -0.012856,
          -0.37289,
          0.927786,
          0.941961
        ],
        [
          -0.047898,
          -0.926568,
          -0.373065,
          1.408161
        ],
        [
          0.0,
          0.0,
          0.0,
          1.0
        ]
      ]
    },
    {
      "file_path": "/media/NFS/ttao/scannet/posed_images/scene0577_00/00102.jpg",
      "transform_matrix": [
        [
          0.998407,
          -0.0564,
          -0.001561,
          2.083524
        ],
        [
          -0.022899,
          -0.430336,
          0.902378,
          0.953328
        ],
        [
          -0.051566,
          -0.900905,
          -0.430942,
          1.381579
        ],
        [
          0.0,
          0.0,
          0.0,
          1.0
        ]
      ]
    },
    {
      "file_path": "/media/NFS/ttao/scannet/posed_images/scene0577_00/00109.jpg",
      "transform_matrix": [
        [
          0.997478,
          -0.070986,
          -3.6e-05,
          2.056434
        ],
        [
          -0.036364,
          -0.511421,
          0.858561,
          0.974733
        ],
        [
          -0.060964,
          -0.856393,
          -0.512712,
          1.365613
        ],
        [
          0.0,
          0.0,
          0.0,
          1.0
        ]
      ]
    },
    {
      "file_path": "/media/NFS/ttao/scannet/posed_images/scene0577_00/00113.jpg",
      "transform_matrix": [
        [
          0.993711,
          -0.105893,
          0.036413,
          2.031811
        ],
        [
          -0.087152,
          -0.527186,
          0.845269,
          0.993913
        ],
        [
          -0.070311,
          -0.843126,
          -0.533099,
          1.371632
        ],
        [
          0.0,
          0.0,
          0.0,
          1.0
        ]
      ]
    },
    {
      "file_path": "/media/NFS/ttao/scannet/posed_images/scene0577_00/00117.jpg",
      "transform_matrix": [
        [
          0.985436,
          -0.149485,
          0.081061,
          2.009621
        ],
        [
          -0.147321,
          -0.512401,
          0.846015,
          1.004807
        ],
        [
          -0.084931,
          -0.845635,
          -0.526961,
          1.370423
        ],
        [
          0.0,
          0.0,
          0.0,
          1.0
        ]
      ]
    },
    {
      "file_path": "/media/NFS/ttao/scannet/posed_images/scene0577_00/00120.jpg",
      "transform_matrix": [
        [
          0.975938,
          -0.180761,
          0.121948,
          1.992175
        ],
        [
          -0.198907,
          -0.508865,
          0.837551,
          1.011625
        ],
        [
          -0.089341,
          -0.841654,
          -0.532575,
          1.365237
        ],
        [
          0.0,
          0.0,
          0.0,
          1.0
        ]
      ]
    },
    {
      "file_path": "/media/NFS/ttao/scannet/posed_images/scene0577_00/00124.jpg",
      "transform_matrix": [
        [
          0.957597,
          -0.225918,
          0.1788,
          1.975017
        ],
        [
          -0.272408,
          -0.507864,
          0.817232,
          1.015738
        ],
        [
          -0.093821,
          -0.831285,
          -0.547871,
          1.360607
        ],
        [
          0.0,
          0.0,
          0.0,
          1.0
        ]
      ]
    },
    {
      "file_path": "/media/NFS/ttao/scannet/posed_images/scene0577_00/00133.jpg",
      "transform_matrix": [
        [
          0.899816,
          -0.306707,
          0.310262,
          1.9117
        ],
        [
          -0.429152,
          -0.494319,
          0.755962,
          1.029206
        ],
        [
          -0.078491,
          -0.813376,
          -0.576419,
          1.369113
        ],
        [
          0.0,
          0.0,
          0.0,
          1.0
        ]
      ]
    },
    {
      "file_path": "/media/NFS/ttao/scannet/posed_images/scene0577_00/00134.jpg",
      "transform_matrix": [
        [
          0.895567,
          -0.311881,
          0.317316,
          1.912613
        ],
        [
          -0.437677,
          -0.489323,
          0.754322,
          1.022467
        ],
        [
          -0.079989,
          -0.814428,
          -0.574724,
          1.367709
        ],
        [
          0.0,
          0.0,
          0.0,
          1.0
        ]
      ]
    },
    {
      "file_path": "/media/NFS/ttao/scannet/posed_images/scene0577_00/00138.jpg",
      "transform_matrix": [
        [
          0.876763,
          -0.330204,
          0.349646,
          1.916715
        ],
        [
          -0.474745,
          -0.478091,
          0.73895,
          1.01252
        ],
        [
          -0.076841,
          -0.813876,
          -0.575935,
          1.37316
        ],
        [
          0.0,
          0.0,
          0.0,
          1.0
        ]
      ]
    },
    {
      "file_path": "/media/NFS/ttao/scannet/posed_images/scene0577_00/00147.jpg",
      "transform_matrix": [
        [
          0.802508,
          -0.402471,
          0.440452,
          1.866468
        ],
        [
          -0.593734,
          -0.465906,
          0.656058,
          1.005731
        ],
        [
          -0.058835,
          -0.788003,
          -0.612854,
          1.369588
        ],
        [
          0.0,
          0.0,
          0.0,
          1.0
        ]
      ]
    },
    {
      "file_path": "/media/NFS/ttao/scannet/posed_images/scene0577_00/00148.jpg",
      "transform_matrix": [
        [
          0.796807,
          -0.40711,
          0.446497,
          1.866476
        ],
        [
          -0.601415,
          -0.463063,
          0.651055,
          1.003092
        ],
        [
          -0.058295,
          -0.787295,
          -0.613814,
          1.369754
        ],
        [
          0.0,
          0.0,
          0.0,
          1.0
        ]
      ]
    },
    {
      "file_path": "/media/NFS/ttao/scannet/posed_images/scene0577_00/00152.jpg",
      "transform_matrix": [
        [
          0.768347,
          -0.422436,
          0.480823,
          1.852506
        ],
        [
          -0.638449,
          -0.453044,
          0.622201,
          1.001035
        ],
        [
          -0.045006,
          -0.785047,
          -0.617799,
          1.366573
        ],
        [
          0.0,
          0.0,
          0.0,
          1.0
        ]
      ]
    },
    {
      "file_path": "/media/NFS/ttao/scannet/posed_images/scene0577_00/00158.jpg",
      "transform_matrix": [
        [
          0.716942,
          -0.446492,
          0.535387,
          1.852452
        ],
        [
          -0.696387,
          -0.423166,
          0.579635,
          0.984363
        ],
        [
          -0.032245,
          -0.788401,
          -0.614316,
          1.37078
        ],
        [
          0.0,
          0.0,
          0.0,
          1.0
        ]
      ]
    },
    {
      "file_path": "/media/NFS/ttao/scannet/posed_images/scene0577_00/00164.jpg",
      "transform_matrix": [
        [
          0.688087,
          -0.462547,
          0.559094,
          1.840302
        ],
        [
          -0.725374,
          -0.418064,
          0.54686,
          0.975045
        ],
        [
          -0.019211,
          -0.781839,
          -0.623184,
          1.365786
        ],
        [
          0.0,
          0.0,
          0.0,
          1.0
        ]
      ]
    },
    {
      "file_path": "/media/NFS/ttao/scannet/posed_images/scene0577_00/00166.jpg",
      "transform_matrix": [
        [
          0.689681,
          -0.458108,
          0.560783,
          1.83645
        ],
        [
          -0.723726,
          -0.410761,
          0.554523,
          0.973736
        ],
        [
          -0.023684,
          -0.788298,
          -0.614838,
          1.367336
        ],
        [
          0.0,
          0.0,
          0.0,
          1.0
        ]
      ]
    },
    {
      "file_path": "/media/NFS/ttao/scannet/posed_images/scene0577_00/00172.jpg",
      "transform_matrix": [
        [
          0.692897,
          -0.427819,
          0.580401,
          1.828563
        ],
        [
          -0.720935,
          -0.397518,
          0.567655,
          0.974993
        ],
        [
          -0.012133,
          -0.811758,
          -0.583869,
          1.382884
        ],
        [
          0.0,
          0.0,
          0.0,
          1.0
        ]
      ]
    },
    {
      "file_path": "/media/NFS/ttao/scannet/posed_images/scene0577_00/00179.jpg",
      "transform_matrix": [
        [
          0.698356,
          -0.389913,
          0.600222,
          1.835493
        ],
        [
          -0.715722,
          -0.372893,
          0.590502,
          0.999067
        ],
        [
          -0.006426,
          -0.841973,
          -0.539481,
          1.403557
        ],
        [
          0.0,
          0.0,
          0.0,
          1.0
        ]
      ]
    },
    {
      "file_path": "/media/NFS/ttao/scannet/posed_images/scene0577_00/00185.jpg",
      "transform_matrix": [
        [
          0.714965,
          -0.364928,
          0.596366,
          1.844015
        ],
        [
          -0.699023,
          -0.356194,
          0.620075,
          1.03422
        ],
        [
          -0.013861,
          -0.860206,
          -0.509759,
          1.409625
        ],
        [
          0.0,
          0.0,
          0.0,
          1.0
        ]
      ]
    },
    {
      "file_path": "/media/NFS/ttao/scannet/posed_images/scene0577_00/00186.jpg",
      "transform_matrix": [
        [
          0.718427,
          -0.361394,
          0.594355,
          1.844884
        ],
        [
          -0.695425,
          -0.353819,
          0.625457,
          1.045007
        ],
        [
          -0.015742,
          -0.862674,
          -0.505515,
          1.41104
        ],
        [
          0.0,
          0.0,
          0.0,
          1.0
        ]
      ]
    },
    {
      "file_path": "/media/NFS/ttao/scannet/posed_images/scene0577_00/00192.jpg",
      "transform_matrix": [
        [
          0.733276,
          -0.343435,
          0.586821,
          1.858866
        ],
        [
          -0.679298,
          -0.332804,
          0.654061,
          1.101522
        ],
        [
          -0.029331,
          -0.878233,
          -0.477332,
          1.406493
        ],
        [
          0.0,
          0.0,
          0.0,
          1.0
        ]
      ]
    },
    {
      "file_path": "/media/NFS/ttao/scannet/posed_images/scene0577_00/00199.jpg",
      "transform_matrix": [
        [
          0.73834,
          -0.338963,
          0.58306,
          1.883145
        ],
        [
          -0.673515,
          -0.32558,
          0.663608,
          1.167499
        ],
        [
          -0.035106,
          -0.882668,
          -0.468685,
          1.397948
        ],
        [
          0.0,
          0.0,
          0.0,
          1.0
        ]
      ]
    },
    {
      "file_path": "/media/NFS/ttao/scannet/posed_images/scene0577_00/00200.jpg",
      "transform_matrix": [
        [
          0.739569,
          -0.339806,
          0.581007,
          1.88779
        ],
        [
          -0.672102,
          -0.326308,
          0.664682,
          1.17294
        ],
        [
          -0.036276,
          -0.882074,
          -0.469712,
          1.393536
        ],
        [
          0.0,
          0.0,
          0.0,
          1.0
        ]
      ]
    },
    {
      "file_path": "/media/NFS/ttao/scannet/posed_images/scene0577_00/00204.jpg",
      "transform_matrix": [
        [
          0.744496,
          -0.334395,
          0.577847,
          1.908847
        ],
        [
          -0.667126,
          -0.33906,
          0.663311,
          1.205495
        ],
        [
          -0.025883,
          -0.879329,
          -0.475512,
          1.396863
        ],
        [
          0.0,
          0.0,
          0.0,
          1.0
        ]
      ]
    },
    {
      "file_path": "/media/NFS/ttao/scannet/posed_images/scene0577_00/00208.jpg",
      "transform_matrix": [
        [
          0.748525,
          -0.322396,
          0.579457,
          1.934416
        ],
        [
          -0.662707,
          -0.333383,
          0.670579,
          1.236376
        ],
        [
          -0.023011,
          -0.885956,
          -0.463199,
          1.401585
        ],
        [
          0.0,
          0.0,
          0.0,
          1.0
        ]
      ]
    },
    {
      "file_path": "/media/NFS/ttao/scannet/posed_images/scene0577_00/00214.jpg",
      "transform_matrix": [
        [
          0.783051,
          -0.282452,
          0.554123,
          1.982224
        ],
        [
          -0.621397,
          -0.31748,
          0.71629,
          1.274647
        ],
        [
          -0.026395,
          -0.905222,
          -0.424118,
          1.407176
        ],
        [
          0.0,
          0.0,
          0.0,
          1.0
        ]
      ]
    },
    {
      "file_path": "/media/NFS/ttao/scannet/posed_images/scene0577_00/00221.jpg",
      "transform_matrix": [
        [
          0.849967,
          -0.215927,
          0.480553,
          2.060188
        ],
        [
          -0.525929,
          -0.294277,
          0.797998,
          1.313032
        ],
        [
          -0.030894,
          -0.931008,
          -0.363688,
          1.423434
        ],
        [
          0.0,
          0.0,
          0.0,
          1.0
        ]
      ]
    },
    {
      "file_path": "/media/NFS/ttao/scannet/posed_images/scene0577_00/00226.jpg",
      "transform_matrix": [
        [
          0.895092,
          -0.176701,
          0.409373,
          2.107499
        ],
        [
          -0.444309,
          -0.276435,
          0.852158,
          1.331597
        ],
        [
          -0.037412,
          -0.944649,
          -0.325944,
          1.422778
        ],
        [
          0.0,
          0.0,
          0.0,
          1.0
        ]
      ]
    },
    {
      "file_path": "/media/NFS/ttao/scannet/posed_images/scene0577_00/00228.jpg",
      "transform_matrix": [
        [
          0.90662,
          -0.171331,
          0.385599,
          2.118767
        ],
        [
          -0.419731,
          -0.27262,
          0.865739,
          1.345112
        ],
        [
          -0.043206,
          -0.946744,
          -0.319076,
          1.429987
        ],
        [
          0.0,
          0.0,
          0.0,
          1.0
        ]
      ]
    },
    {
      "file_path": "/media/NFS/ttao/scannet/posed_images/scene0577_00/00233.jpg",
      "transform_matrix": [
        [
          0.930574,
          -0.145225,
          0.33607,
          2.138006
        ],
        [
          -0.36301,
          -0.246899,
          0.898479,
          1.371722
        ],
        [
          -0.047506,
          -0.958097,
          -0.282476,
          1.443445
        ],
        [
          0.0,
          0.0,
          0.0,
          1.0
        ]
      ]
    },
    {
      "file_path": "/media/NFS/ttao/scannet/posed_images/scene0577_00/00240.jpg",
      "transform_matrix": [
        [
          0.943016,
          -0.120664,
          0.3101,
          2.15978
        ],
        [
          -0.328587,
          -0.190752,
          0.925011,
          1.410611
        ],
        [
          -0.052463,
          -0.974194,
          -0.21953,
          1.464687
        ],
        [
          0.0,
          0.0,
          0.0,
          1.0
        ]
      ]
    },
    {
      "file_path": "/media/NFS/ttao/scannet/posed_images/scene0577_00/00245.jpg",
      "transform_matrix": [
        [
          0.940186,
          -0.115966,
          0.320315,
          2.165704
        ],
        [
          -0.335314,
          -0.149093,
          0.930234,
          1.450541
        ],
        [
          -0.060119,
          -0.982,
          -0.17906,
          1.484647
        ],
        [
          0.0,
          0.0,
          0.0,
          1.0
        ]
      ]
    },
    {
      "file_path": "/media/NFS/ttao/scannet/posed_images/scene0577_00/00246.jpg",
      "transform_matrix": [
        [
          0.937331,
          -0.11717,
          0.328148,
          2.163263
        ],
        [
          -0.342569,
          -0.137731,
          0.929342,
          1.469467
        ],
        [
          -0.063695,
          -0.983515,
          -0.169238,
          1.487352
        ],
        [
          0.0,
          0.0,
          0.0,
          1.0
        ]
      ]
    },
    {
      "file_path": "/media/NFS/ttao/scannet/posed_images/scene0577_00/00253.jpg",
      "transform_matrix": [
        [
          0.927462,
          -0.086385,
          0.363803,
          2.153847
        ],
        [
          -0.371656,
          -0.106106,
          0.922287,
          1.534045
        ],
        [
          -0.04107,
          -0.990595,
          -0.130515,
          1.469967
        ],
        [
          0.0,
          0.0,
          0.0,
          1.0
        ]
      ]
    },
    {
      "file_path": "/media/NFS/ttao/scannet/posed_images/scene0577_00/00256.jpg",
      "transform_matrix": [
        [
          0.920074,
          -0.091004,
          0.381028,
          2.151927
        ],
        [
          -0.38913,
          -0.100116,
          0.915726,
          1.564619
        ],
        [
          -0.045188,
          -0.990805,
          -0.127526,
          1.466645
        ],
        [
          0.0,
          0.0,
          0.0,
          1.0
        ]
      ]
    },
    {
      "file_path": "/media/NFS/ttao/scannet/posed_images/scene0577_00/00260.jpg",
      "transform_matrix": [
        [
          0.909181,
          -0.077625,
          0.409102,
          2.159075
        ],
        [
          -0.416029,
          -0.127786,
          0.900328,
          1.610485
        ],
        [
          -0.017611,
          -0.988759,
          -0.148475,
          1.466696
        ],
        [
          0.0,
          0.0,
          0.0,
          1.0
        ]
      ]
    },
    {
      "file_path": "/media/NFS/ttao/scannet/posed_images/scene0577_00/00264.jpg",
      "transform_matrix": [
        [
          0.891401,
          -0.085013,
          0.445171,
          2.163297
        ],
        [
          -0.452753,
          -0.122676,
          0.883156,
          1.649335
        ],
        [
          -0.020468,
          -0.988799,
          -0.147844,
          1.462487
        ],
        [
          0.0,
          0.0,
          0.0,
          1.0
        ]
      ]
    },
    {
      "file_path": "/media/NFS/ttao/scannet/posed_images/scene0577_00/00273.jpg",
      "transform_matrix": [
        [
          0.848821,
          -0.054194,
          0.525896,
          2.21973
        ],
        [
          -0.528561,
          -0.065737,
          0.846346,
          1.736384
        ],
        [
          -0.011296,
          -0.996364,
          -0.084444,
          1.465209
        ],
        [
          0.0,
          0.0,
          0.0,
          1.0
        ]
      ]
    },
    {
      "file_path": "/media/NFS/ttao/scannet/posed_images/scene0577_00/00274.jpg",
      "transform_matrix": [
        [
          0.847973,
          -0.048586,
          0.527808,
          2.231215
        ],
        [
          -0.529933,
          -0.05772,
          0.846073,
          1.743573
        ],
        [
          -0.010642,
          -0.99715,
          -0.074692,
          1.468181
        ],
        [
          0.0,
          0.0,
          0.0,
          1.0
        ]
      ]
    },
    {
      "file_path": "/media/NFS/ttao/scannet/posed_images/scene0577_00/00280.jpg",
      "transform_matrix": [
        [
          0.82457,
          -0.019456,
          0.565425,
          2.279885
        ],
        [
          -0.56576,
          -0.028652,
          0.824072,
          1.793213
        ],
        [
          0.000168,
          -0.9994,
          -0.034633,
          1.480848
        ],
        [
          0.0,
          0.0,
          0.0,
          1.0
        ]
      ]
    },
    {
      "file_path": "/media/NFS/ttao/scannet/posed_images/scene0577_00/00287.jpg",
      "transform_matrix": [
        [
          0.802038,
          -0.004842,
          0.597254,
          2.319952
        ],
        [
          -0.597162,
          0.012847,
          0.802018,
          1.847978
        ],
        [
          -0.011556,
          -0.999906,
          0.007412,
          1.495438
        ],
        [
          0.0,
          0.0,
          0.0,
          1.0
        ]
      ]
    },
    {
      "file_path": "/media/NFS/ttao/scannet/posed_images/scene0577_00/00291.jpg",
      "transform_matrix": [
        [
          0.79741,
          -0.007386,
          0.603393,
          2.33621
        ],
        [
          -0.603407,
          0.000377,
          0.797433,
          1.875929
        ],
        [
          -0.006118,
          -0.999973,
          -0.004156,
          1.502968
        ],
        [
          0.0,
          0.0,
          0.0,
          1.0
        ]
      ]
    },
    {
      "file_path": "/media/NFS/ttao/scannet/posed_images/scene0577_00/00292.jpg",
      "transform_matrix": [
        [
          0.79511,
          -0.005943,
          0.606436,
          2.339563
        ],
        [
          -0.606454,
          -0.001602,
          0.795117,
          1.882914
        ],
        [
          -0.003754,
          -0.999981,
          -0.004878,
          1.505696
        ],
        [
          0.0,
          0.0,
          0.0,
          1.0
        ]
      ]
    },
    {
      "file_path": "/media/NFS/ttao/scannet/posed_images/scene0577_00/00299.jpg",
      "transform_matrix": [
        [
          0.761486,
          -4e-06,
          0.648182,
          2.362137
        ],
        [
          -0.648096,
          -0.016279,
          0.761384,
          1.924994
        ],
        [
          0.010549,
          -0.999867,
          -0.012399,
          1.519412
        ],
        [
          0.0,
          0.0,
          0.0,
          1.0
        ]
      ]
    },
    {
      "file_path": "/media/NFS/ttao/scannet/posed_images/scene0577_00/00302.jpg",
      "transform_matrix": [
        [
          0.726868,
          0.002225,
          0.686774,
          2.368755
        ],
        [
          -0.686557,
          -0.022946,
          0.726714,
          1.949413
        ],
        [
          0.017376,
          -0.999734,
          -0.015152,
          1.526162
        ],
        [
          0.0,
          0.0,
          0.0,
          1.0
        ]
      ]
    },
    {
      "file_path": "/media/NFS/ttao/scannet/posed_images/scene0577_00/00310.jpg",
      "transform_matrix": [
        [
          0.632115,
          0.035168,
          0.774076,
          2.377146
        ],
        [
          -0.774802,
          0.014999,
          0.632026,
          1.99775
        ],
        [
          0.010616,
          -0.999269,
          0.036729,
          1.506784
        ],
        [
          0.0,
          0.0,
          0.0,
          1.0
        ]
      ]
    },
    {
      "file_path": "/media/NFS/ttao/scannet/posed_images/scene0577_00/00312.jpg",
      "transform_matrix": [
        [
          0.608168,
          0.038437,
          0.792877,
          2.377388
        ],
        [
          -0.793718,
          0.014358,
          0.608117,
          2.013936
        ],
        [
          0.01199,
          -0.999158,
          0.03924,
          1.508957
        ],
        [
          0.0,
          0.0,
          0.0,
          1.0
        ]
      ]
    },
    {
      "file_path": "/media/NFS/ttao/scannet/posed_images/scene0577_00/00319.jpg",
      "transform_matrix": [
        [
          0.531382,
          0.049902,
          0.845661,
          2.383078
        ],
        [
          -0.847049,
          0.017257,
          0.531235,
          2.051698
        ],
        [
          0.011916,
          -0.998605,
          0.051439,
          1.514054
        ],
        [
          0.0,
          0.0,
          0.0,
          1.0
        ]
      ]
    },
    {
      "file_path": "/media/NFS/ttao/scannet/posed_images/scene0577_00/00323.jpg",
      "transform_matrix": [
        [
          0.480334,
          0.045119,
          0.875925,
          2.390386
        ],
        [
          -0.876948,
          0.007009,
          0.480534,
          2.063631
        ],
        [
          0.015542,
          -0.998957,
          0.042933,
          1.521152
        ],
        [
          0.0,
          0.0,
          0.0,
          1.0
        ]
      ]
    },
    {
      "file_path": "/media/NFS/ttao/scannet/posed_images/scene0577_00/00329.jpg",
      "transform_matrix": [
        [
          0.416794,
          0.057923,
          0.907154,
          2.394523
        ],
        [
          -0.90871,
          0.001284,
          0.417427,
          2.07336
        ],
        [
          0.023014,
          -0.99832,
          0.05317,
          1.530869
        ],
        [
          0.0,
          0.0,
          0.0,
          1.0
        ]
      ]
    },
    {
      "file_path": "/media/NFS/ttao/scannet/posed_images/scene0577_00/00333.jpg",
      "transform_matrix": [
        [
          0.387204,
          0.064021,
          0.919768,
          2.396867
        ],
        [
          -0.921469,
          -0.006782,
          0.388392,
          2.07789
        ],
        [
          0.031102,
          -0.997926,
          0.056367,
          1.521633
        ],
        [
          0.0,
          0.0,
          0.0,
          1.0
        ]
      ]
    },
    {
      "file_path": "/media/NFS/ttao/scannet/posed_images/scene0577_00/00337.jpg",
      "transform_matrix": [
        [
          0.360113,
          0.060678,
          0.930933,
          2.401116
        ],
        [
          -0.932415,
          -0.009052,
          0.361276,
          2.081842
        ],
        [
          0.030348,
          -0.998116,
          0.053317,
          1.529536
        ],
        [
          0.0,
          0.0,
          0.0,
          1.0
        ]
      ]
    },
    {
      "file_path": "/media/NFS/ttao/scannet/posed_images/scene0577_00/00341.jpg",
      "transform_matrix": [
        [
          0.323295,
          0.070848,
          0.943643,
          2.398241
        ],
        [
          -0.94585,
          -0.006502,
          0.324539,
          2.095038
        ],
        [
          0.029128,
          -0.997466,
          0.06491,
          1.51172
        ],
        [
          0.0,
          0.0,
          0.0,
          1.0
        ]
      ]
    },
    {
      "file_path": "/media/NFS/ttao/scannet/posed_images/scene0577_00/00344.jpg",
      "transform_matrix": [
        [
          0.304865,
          0.067562,
          0.949996,
          2.403976
        ],
        [
          -0.951967,
          -0.008301,
          0.306088,
          2.093678
        ],
        [
          0.028566,
          -0.997681,
          0.061786,
          1.514372
        ],
        [
          0.0,
          0.0,
          0.0,
          1.0
        ]
      ]
    },
    {
      "file_path": "/media/NFS/ttao/scannet/posed_images/scene0577_00/00352.jpg",
      "transform_matrix": [
        [
          0.221107,
          0.0256,
          0.974914,
          2.404612
        ],
        [
          -0.974421,
          -0.035405,
          0.221925,
          2.116922
        ],
        [
          0.040198,
          -0.999045,
          0.017117,
          1.513353
        ],
        [
          0.0,
          0.0,
          0.0,
          1.0
        ]
      ]
    },
    {
      "file_path": "/media/NFS/ttao/scannet/posed_images/scene0577_00/00356.jpg",
      "transform_matrix": [
        [
          0.196149,
          0.01027,
          0.98052,
          2.405934
        ],
        [
          -0.979692,
          -0.040348,
          0.196406,
          2.120255
        ],
        [
          0.041579,
          -0.999133,
          0.002147,
          1.504748
        ],
        [
          0.0,
          0.0,
          0.0,
          1.0
        ]
      ]
    },
    {
      "file_path": "/media/NFS/ttao/scannet/posed_images/scene0577_00/00361.jpg",
      "transform_matrix": [
        [
          0.175552,
          -0.034416,
          0.983868,
          2.406227
        ],
        [
          -0.982907,
          -0.062425,
          0.173197,
          2.125283
        ],
        [
          0.055457,
          -0.997456,
