{
  "frames": [
    {
      "file_path": "/media/NFS/ttao/scannet/posed_images/scene0455_00/00000.jpg",
      "transform_matrix": [
        [
          0.13084,
          -0.456404,
          0.8801,
          3.812347
        ],
        [
          -0.990888,
          -0.08884,
          0.101239,
          4.473783
        ],
        [
          0.031982,
          -0.885327,
          -0.463869,
          1.309441
        ],
        [
          0.0,
          0.0,
          0.0,
          1.0
        ]
      ]
    },
    {
      "file_path": "/media/NFS/ttao/scannet/posed_images/scene0455_00/00010.jpg",
      "transform_matrix": [
        [
          0.167704,
          -0.462028,
          0.870865,
          3.857174
        ],
        [
          -0.985232,
          -0.10952,
          0.131622,
          4.438575
        ],
        [
          0.034564,
          -0.880077,
          -0.473571,
          1.314499
        ],
        [
          0.0,
          0.0,
          0.0,
          1.0
        ]
      ]
    },
    {
      "file_path": "/media/NFS/ttao/scannet/posed_images/scene0455_00/00015.jpg",
      "transform_matrix": [
        [
          0.216688,
          -0.465242,
          0.858252,
          3.882285
        ],
        [
          -0.97574,
          -0.131365,
          0.17514,
          4.426133
        ],
        [
          0.031262,
          -0.875382,
          -0.482421,
          1.310361
        ],
        [
          0.0,
          0.0,
          0.0,
          1.0
        ]
      ]
    },
    {
      "file_path": "/media/NFS/ttao/scannet/posed_images/scene0455_00/00017.jpg",
      "transform_matrix": [
        [
          0.235832,
          -0.462444,
          0.85471,
          3.88569
        ],
        [
          -0.971122,
          -0.144857,
          0.189577,
          4.43031
        ],
        [
          0.036142,
          -0.874736,
          -0.483251,
          1.301273
        ],
        [
          0.0,
          0.0,
          0.0,
          1.0
        ]
      ]
    },
    {
      "file_path": "/media/NFS/ttao/scannet/posed_images/scene0455_00/00027.jpg",
      "transform_matrix": [
        [
          0.325995,
          -0.467753,
          0.821544,
          3.949889
        ],
        [
          -0.944382,
          -0.200875,
          0.260368,
          4.468354
        ],
        [
          0.04324,
          -0.86073,
          -0.507222,
          1.297423
        ],
        [
          0.0,
          0.0,
          0.0,
          1.0
        ]
      ]
    },
    {
      "file_path": "/media/NFS/ttao/scannet/posed_images/scene0455_00/00034.jpg",
      "transform_matrix": [
        [
          0.33727,
          -0.432461,
          0.836198,
          4.008138
        ],
        [
          -0.939016,
          -0.217824,
          0.266087,
          4.531557
        ],
        [
          0.067071,
          -0.874946,
          -0.479553,
          1.299649
        ],
        [
          0.0,
          0.0,
          0.0,
          1.0
        ]
      ]
    },
    {
      "file_path": "/media/NFS/ttao/scannet/posed_images/scene0455_00/00036.jpg",
      "transform_matrix": [
        [
          0.340243,
          -0.431408,
          0.835537,
          4.032308
        ],
        [
          -0.937338,
          -0.226512,
          0.264745,
          4.554716
        ],
        [
          0.075046,
          -0.873258,
          -0.481444,
          1.306964
        ],
        [
          0.0,
          0.0,
          0.0,
          1.0
        ]
      ]
    },
    {
      "file_path": "/media/NFS/ttao/scannet/posed_images/scene0455_00/00046.jpg",
      "transform_matrix": [
        [
          0.37027,
          -0.437359,
          0.819523,
          4.110129
        ],
        [
          -0.926601,
          -0.236265,
          0.29256,
          4.644678
        ],
        [
          0.065671,
          -0.867696,
          -0.492738,
          1.300987
        ],
        [
          0.0,
          0.0,
          0.0,
          1.0
        ]
      ]
    },
    {
      "file_path": "/media/NFS/ttao/scannet/posed_images/scene0455_00/00052.jpg",
      "transform_matrix": [
        [
          0.414693,
          -0.437721,
          0.797766,
          4.164013
        ],
        [
          -0.907877,
          -0.258334,
          0.330187,
          4.675596
        ],
        [
          0.06156,
          -0.861199,
          -0.504526,
          1.288308
        ],
        [
          0.0,
          0.0,
          0.0,
          1.0
        ]
      ]
    },
    {
      "file_path": "/media/NFS/ttao/scannet/posed_images/scene0455_00/00059.jpg",
      "transform_matrix": [
        [
          0.524264,
          -0.425379,
          0.737699,
          4.254151
        ],
        [
          -0.851123,
          -0.289375,
          0.438009,
          4.699525
        ],
        [
          0.027152,
          -0.857505,
          -0.513759,
          1.292576
        ],
        [
          0.0,
          0.0,
          0.0,
          1.0
        ]
      ]
    },
    {
      "file_path": "/media/NFS/ttao/scannet/posed_images/scene0455_00/00063.jpg",
      "transform_matrix": [
        [
          0.596105,
          -0.396426,
          0.698216,
          4.296626
        ],
        [
          -0.802449,
          -0.323511,
          0.501414,
          4.732014
        ],
        [
          0.027107,
          -0.859178,
          -0.510958,
          1.296657
        ],
        [
          0.0,
          0.0,
          0.0,
          1.0
        ]
      ]
    },
    {
      "file_path": "/media/NFS/ttao/scannet/posed_images/scene0455_00/00069.jpg",
      "transform_matrix": [
        [
          0.691653,
          -0.345324,
          0.634324,
          4.347186
        ],
        [
          -0.721157,
          -0.378066,
          0.580516,
          4.763279
        ],
        [
          0.03935,
          -0.858963,
          -0.510523,
          1.290978
        ],
        [
          0.0,
          0.0,
          0.0,
          1.0
        ]
      ]
    },
    {
      "file_path": "/media/NFS/ttao/scannet/posed_images/scene0455_00/00076.jpg",
      "transform_matrix": [
        [
          0.757375,
          -0.316501,
          0.571148,
          4.394166
        ],
        [
          -0.652317,
          -0.406148,
          0.639943,
          4.844798
        ],
        [
          0.029428,
          -0.857246,
          -0.514065,
          1.286789
        ],
        [
          0.0,
          0.0,
          0.0,
          1.0
        ]
      ]
    },
    {
      "file_path": "/media/NFS/ttao/scannet/posed_images/scene0455_00/00086.jpg",
      "transform_matrix": [
        [
          0.800507,
          -0.267717,
          0.536205,
          4.464841
        ],
        [
          -0.59721,
          -0.43139,
          0.676197,
          5.020469
        ],
        [
          0.050284,
          -0.861528,
          -0.505214,
          1.28294
        ],
        [
          0.0,
          0.0,
          0.0,
          1.0
        ]
      ]
    },
    {
      "file_path": "/media/NFS/ttao/scannet/posed_images/scene0455_00/00092.jpg",
      "transform_matrix": [
        [
          0.831426,
          -0.233454,
          0.504212,
          4.499497
        ],
        [
          -0.553291,
          -0.43112,
          0.712745,
          5.136182
        ],
        [
          0.050982,
          -0.871571,
          -0.487612,
          1.290869
        ],
        [
          0.0,
          0.0,
          0.0,
          1.0
        ]
      ]
    },
    {
      "file_path": "/media/NFS/ttao/scannet/posed_images/scene0455_00/00093.jpg",
      "transform_matrix": [
        [
          0.834134,
          -0.237345,
          0.497883,
          4.504394
        ],
        [
          -0.549479,
          -0.435951,
          0.712755,
          5.152506
        ],
        [
          0.047884,
          -0.86811,
          -0.494058,
          1.292231
        ],
        [
          0.0,
          0.0,
          0.0,
          1.0
        ]
      ]
    },
    {
      "file_path": "/media/NFS/ttao/scannet/posed_images/scene0455_00/00101.jpg",
      "transform_matrix": [
        [
          0.895861,
          -0.186957,
          0.403089,
          4.549578
        ],
        [
          -0.443403,
          -0.434908,
          0.783741,
          5.283409
        ],
        [
          0.02878,
          -0.880853,
          -0.472514,
          1.312243
        ],
        [
          0.0,
          0.0,
          0.0,
          1.0
        ]
      ]
    },
    {
      "file_path": "/media/NFS/ttao/scannet/posed_images/scene0455_00/00107.jpg",
      "transform_matrix": [
        [
          0.947181,
          -0.117504,
          0.298397,
          4.597075
        ],
        [
          -0.319782,
          -0.41637,
          0.851103,
          5.354253
        ],
        [
          0.024236,
          -0.90157,
          -0.431953,
          1.336084
        ],
        [
          0.0,
          0.0,
          0.0,
          1.0
        ]
      ]
    },
    {
      "file_path": "/media/NFS/ttao/scannet/posed_images/scene0455_00/00114.jpg",
      "transform_matrix": [
        [
          0.978769,
          -0.055868,
          0.197205,
          4.63669
        ],
        [
          -0.203147,
          -0.392321,
          0.897115,
          5.419017
        ],
        [
          0.027248,
          -0.91813,
          -0.395341,
          1.353653
        ],
        [
          0.0,
          0.0,
          0.0,
          1.0
        ]
      ]
    },
    {
      "file_path": "/media/NFS/ttao/scannet/posed_images/scene0455_00/00124.jpg",
      "transform_matrix": [
        [
          0.991256,
          -0.027777,
          0.128998,
          4.64637
        ],
        [
          -0.1302,
          -0.364799,
          0.921938,
          5.549122
        ],
        [
          0.02145,
          -0.930672,
          -0.365226,
          1.380461
        ],
        [
          0.0,
          0.0,
          0.0,
          1.0
        ]
      ]
    },
    {
      "file_path": "/media/NFS/ttao/scannet/posed_images/scene0455_00/00126.jpg",
      "transform_matrix": [
        [
          0.992643,
          -0.018278,
          0.119694,
          4.64002
        ],
        [
          -0.11835,
          -0.355257,
          0.927247,
          5.5712
        ],
        [
          0.025574,
          -0.93459,
          -0.354806,
          1.382622
        ],
        [
          0.0,
          0.0,
          0.0,
          1.0
        ]
      ]
    },
    {
      "file_path": "/media/NFS/ttao/scannet/posed_images/scene0455_00/00135.jpg",
      "transform_matrix": [
        [
          0.999573,
          0.021344,
          0.019941,
          4.627745
        ],
        [
          -0.011739,
          -0.331622,
          0.94334,
          5.667997
        ],
        [
          0.026748,
          -0.943171,
          -0.33123,
          1.388346
        ],
        [
          0.0,
          0.0,
          0.0,
          1.0
        ]
      ]
    },
    {
      "file_path": "/media/NFS/ttao/scannet/posed_images/scene0455_00/00139.jpg",
      "transform_matrix": [
        [
          0.998851,
          0.025532,
          -0.04056,
          4.62866
        ],
        [
          0.04678,
          -0.335276,
          0.940958,
          5.698876
        ],
        [
          0.010426,
          -0.941774,
          -0.336085,
          1.377681
        ],
        [
          0.0,
          0.0,
          0.0,
          1.0
        ]
      ]
    },
    {
      "file_path": "/media/NFS/ttao/scannet/posed_images/scene0455_00/00145.jpg",
      "transform_matrix": [
        [
          0.988458,
          0.05967,
          -0.139252,
          4.611803
        ],
        [
          0.151361,
          -0.349913,
          0.924473,
          5.760738
        ],
        [
          0.006437,
          -0.93488,
          -0.354906,
          1.367288
        ],
        [
          0.0,
          0.0,
          0.0,
          1.0
        ]
      ]
    },
    {
      "file_path": "/media/NFS/ttao/scannet/posed_images/scene0455_00/00155.jpg",
      "transform_matrix": [
        [
          0.924577,
          0.113195,
          -0.36379,
          4.583643
        ],
        [
          0.380587,
          -0.318514,
          0.86816,
          5.840257
        ],
        [
          -0.017601,
          -0.941135,
          -0.337572,
          1.342893
        ],
        [
          0.0,
          0.0,
          0.0,
          1.0
        ]
      ]
    },
    {
      "file_path": "/media/NFS/ttao/scannet/posed_images/scene0455_00/00162.jpg",
      "transform_matrix": [
        [
          0.869044,
          0.136596,
          -0.475503,
          4.570002
        ],
        [
          0.494035,
          -0.290691,
          0.819408,
          5.8858
        ],
        [
          -0.026296,
          -0.947017,
          -0.320107,
          1.339574
        ],
        [
          0.0,
          0.0,
          0.0,
          1.0
        ]
      ]
    },
    {
      "file_path": "/media/NFS/ttao/scannet/posed_images/scene0455_00/00164.jpg",
      "transform_matrix": [
        [
          0.852237,
          0.144231,
          -0.502882,
          4.570836
        ],
        [
          0.522359,
          -0.287654,
          0.802743,
          5.895345
        ],
        [
          -0.028876,
          -0.946812,
          -0.32049,
          1.333382
        ],
        [
          0.0,
          0.0,
          0.0,
          1.0
        ]
      ]
    },
    {
      "file_path": "/media/NFS/ttao/scannet/posed_images/scene0455_00/00170.jpg",
      "transform_matrix": [
        [
          0.803352,
          0.156828,
          -0.574483,
          4.546861
        ],
        [
          0.593425,
          -0.291372,
          0.750299,
          5.951406
        ],
        [
          -0.04972,
          -0.943667,
          -0.32714,
          1.341531
        ],
        [
          0.0,
          0.0,
          0.0,
          1.0
        ]
      ]
    },
    {
      "file_path": "/media/NFS/ttao/scannet/posed_images/scene0455_00/00181.jpg",
      "transform_matrix": [
        [
          0.704889,
          0.181665,
          -0.685659,
          4.413772
        ],
        [
          0.708766,
          -0.218496,
          0.670754,
          6.037096
        ],
        [
          -0.027962,
          -0.958779,
          -0.282774,
          1.356746
        ],
        [
          0.0,
          0.0,
          0.0,
          1.0
        ]
      ]
    },
    {
      "file_path": "/media/NFS/ttao/scannet/posed_images/scene0455_00/00187.jpg",
      "transform_matrix": [
        [
          0.648114,
          0.167817,
          -0.742822,
          4.352111
        ],
        [
          0.760725,
          -0.187875,
          0.62129,
          6.068795
        ],
        [
          -0.035295,
          -0.96775,
          -0.249427,
          1.370912
        ],
        [
          0.0,
          0.0,
          0.0,
          1.0
        ]
      ]
    },
    {
      "file_path": "/media/NFS/ttao/scannet/posed_images/scene0455_00/00191.jpg",
      "transform_matrix": [
        [
          0.607135,
          0.195267,
          -0.770232,
          4.304442
        ],
        [
          0.793839,
          -0.191427,
          0.577214,
          6.065242
        ],
        [
          -0.034733,
          -0.961887,
          -0.271233,
          1.381647
        ],
        [
          0.0,
          0.0,
          0.0,
          1.0
        ]
      ]
    },
    {
      "file_path": "/media/NFS/ttao/scannet/posed_images/scene0455_00/00200.jpg",
      "transform_matrix": [
        [
          0.460425,
          0.228037,
          -0.857909,
          4.283867
        ],
        [
          0.887419,
          -0.142499,
          0.438385,
          6.069179
        ],
        [
          -0.022283,
          -0.963168,
          -0.267974,
          1.394041
        ],
        [
          0.0,
          0.0,
          0.0,
          1.0
        ]
      ]
    },
    {
      "file_path": "/media/NFS/ttao/scannet/posed_images/scene0455_00/00202.jpg",
      "transform_matrix": [
        [
          0.419964,
          0.22912,
          -0.878142,
          4.292721
        ],
        [
          0.907334,
          -0.126637,
          0.400884,
          6.102814
        ],
        [
          -0.019355,
          -0.965126,
          -0.261071,
          1.394702
        ],
        [
          0.0,
          0.0,
          0.0,
          1.0
        ]
      ]
    },
    {
      "file_path": "/media/NFS/ttao/scannet/posed_images/scene0455_00/00214.jpg",
      "transform_matrix": [
        [
          0.241676,
          0.236843,
          -0.941009,
          4.31488
        ],
        [
          0.970101,
          -0.081262,
          0.228694,
          6.111455
        ],
        [
          -0.022304,
          -0.968143,
          -0.249401,
          1.399386
        ],
        [
          0.0,
          0.0,
          0.0,
          1.0
        ]
      ]
    },
    {
      "file_path": "/media/NFS/ttao/scannet/posed_images/scene0455_00/00216.jpg",
      "transform_matrix": [
        [
          0.207394,
          0.238752,
          -0.948676,
          4.326194
        ],
        [
          0.977941,
          -0.075266,
          0.19485,
          6.134124
        ],
        [
          -0.024882,
          -0.968159,
          -0.249095,
          1.397717
        ],
        [
          0.0,
          0.0,
          0.0,
          1.0
        ]
      ]
    },
    {
      "file_path": "/media/NFS/ttao/scannet/posed_images/scene0455_00/00225.jpg",
      "transform_matrix": [
        [
          0.073623,
          0.255925,
          -0.963889,
          4.333148
        ],
        [
          0.996716,
          -0.051548,
          0.062444,
          6.167279
        ],
        [
          -0.033706,
          -0.965321,
          -0.25888,
          1.397738
        ],
        [
          0.0,
          0.0,
          0.0,
          1.0
        ]
      ]
    },
    {
      "file_path": "/media/NFS/ttao/scannet/posed_images/scene0455_00/00231.jpg",
      "transform_matrix": [
        [
          0.019227,
          0.253576,
          -0.967124,
          4.334133
        ],
        [
          0.999517,
          -0.028512,
          0.012396,
          6.159415
        ],
        [
          -0.024432,
          -0.966895,
          -0.254002,
          1.399523
        ],
        [
          0.0,
          0.0,
          0.0,
          1.0
        ]
      ]
    },
    {
      "file_path": "/media/NFS/ttao/scannet/posed_images/scene0455_00/00235.jpg",
      "transform_matrix": [
        [
          -0.004309,
          0.25112,
          -0.967946,
          4.327028
        ],
        [
          0.999922,
          -0.010303,
          -0.007124,
          6.153148
        ],
        [
          -0.011762,
          -0.967901,
          -0.251056,
          1.402236
        ],
        [
          0.0,
          0.0,
          0.0,
          1.0
        ]
      ]
    },
    {
      "file_path": "/media/NFS/ttao/scannet/posed_images/scene0455_00/00244.jpg",
      "transform_matrix": [
        [
          -0.067206,
          0.235048,
          -0.969658,
          4.326468
        ],
        [
          0.99767,
          0.004328,
          -0.068098,
          6.124434
        ],
        [
          -0.01181,
          -0.971974,
          -0.234791,
          1.411833
        ],
        [
          0.0,
          0.0,
          0.0,
          1.0
        ]
      ]
    },
    {
      "file_path": "/media/NFS/ttao/scannet/posed_images/scene0455_00/00248.jpg",
      "transform_matrix": [
        [
          -0.135083,
          0.233991,
          -0.962809,
          4.31121
        ],
        [
          0.990723,
          0.017328,
          -0.134788,
          6.173018
        ],
        [
          -0.014856,
          -0.972084,
          -0.234161,
          1.417018
        ],
        [
          0.0,
          0.0,
          0.0,
          1.0
        ]
      ]
    },
    {
      "file_path": "/media/NFS/ttao/scannet/posed_images/scene0455_00/00256.jpg",
      "transform_matrix": [
        [
          -0.234628,
          0.234456,
          -0.943388,
          4.31794
        ],
        [
          0.972005,
          0.044062,
          -0.230794,
          6.1141
        ],
        [
          -0.012543,
          -0.971128,
          -0.238231,
          1.414008
        ],
        [
          0.0,
          0.0,
          0.0,
          1.0
        ]
      ]
    },
    {
      "file_path": "/media/NFS/ttao/scannet/posed_images/scene0455_00/00261.jpg",
      "transform_matrix": [
        [
          -0.237817,
          0.239358,
          -0.941356,
          4.32269
        ],
        [
          0.9713,
          0.05416,
          -0.231611,
          5.947466
        ],
        [
          -0.004454,
          -0.96942,
          -0.245368,
          1.411972
        ],
        [
          0.0,
          0.0,
          0.0,
          1.0
        ]
      ]
    },
    {
      "file_path": "/media/NFS/ttao/scannet/posed_images/scene0455_00/00265.jpg",
      "transform_matrix": [
        [
          -0.291952,
          0.239022,
          -0.926085,
          4.326962
        ],
        [
          0.956433,
          0.071833,
          -0.282979,
          5.996893
        ],
        [
          -0.001115,
          -0.968354,
          -0.24958,
          1.410188
        ],
        [
          0.0,
          0.0,
          0.0,
          1.0
        ]
      ]
    },
    {
      "file_path": "/media/NFS/ttao/scannet/posed_images/scene0455_00/00277.jpg",
      "transform_matrix": [
        [
          -0.367242,
          0.269748,
          -0.890151,
          4.33938
        ],
        [
          0.930118,
          0.110312,
          -0.350302,
          5.915787
        ],
        [
          0.003701,
          -0.956591,
          -0.291409,
          1.385549
        ],
        [
          0.0,
          0.0,
          0.0,
          1.0
        ]
      ]
    },
    {
      "file_path": "/media/NFS/ttao/scannet/posed_images/scene0455_00/00279.jpg",
      "transform_matrix": [
        [
          -0.378293,
          0.275319,
          -0.883795,
          4.345247
        ],
        [
          0.925667,
          0.118599,
          -0.35927,
          5.920914
        ],
        [
          0.005903,
          -0.954009,
          -0.299719,
          1.384031
        ],
        [
          0.0,
          0.0,
          0.0,
          1.0
        ]
      ]
    },
    {
      "file_path": "/media/NFS/ttao/scannet/posed_images/scene0455_00/00288.jpg",
      "transform_matrix": [
        [
          -0.421265,
          0.3008,
          -0.855602,
          4.40052
        ],
        [
          0.906916,
          0.133147,
          -0.39972,
          5.952086
        ],
        [
          -0.006315,
          -0.944347,
          -0.32889,
          1.355682
        ],
        [
          0.0,
          0.0,
          0.0,
          1.0
        ]
      ]
    },
    {
      "file_path": "/media/NFS/ttao/scannet/posed_images/scene0455_00/00294.jpg",
      "transform_matrix": [
        [
          -0.460564,
          0.329309,
          -0.824279,
          4.465823
        ],
        [
          0.887624,
          0.173143,
          -0.426785,
          5.994192
        ],
        [
          0.002174,
          -0.928212,
          -0.372046,
          1.317889
        ],
        [
          0.0,
          0.0,
          0.0,
          1.0
        ]
      ]
    },
    {
      "file_path": "/media/NFS/ttao/scannet/posed_images/scene0455_00/00300.jpg",
      "transform_matrix": [
        [
          -0.481932,
          0.392269,
          -0.783496,
          4.531587
        ],
        [
          0.876128,
          0.203596,
          -0.436977,
          6.067172
        ],
        [
          -0.011896,
          -0.897036,
          -0.441797,
          1.280171
        ],
        [
          0.0,
          0.0,
          0.0,
          1.0
        ]
      ]
    },
    {
      "file_path": "/media/NFS/ttao/scannet/posed_images/scene0455_00/00305.jpg",
      "transform_matrix": [
        [
          -0.468518,
          0.413558,
          -0.780679,
          4.571362
        ],
        [
          0.883179,
          0.197217,
          -0.425559,
          6.122597
        ],
        [
          -0.02203,
          -0.888862,
          -0.457646,
          1.282776
        ],
        [
          0.0,
          0.0,
          0.0,
          1.0
        ]
      ]
    },
    {
      "file_path": "/media/NFS/ttao/scannet/posed_images/scene0455_00/00313.jpg",
      "transform_matrix": [
        [
          -0.423347,
          0.435914,
          -0.794202,
          4.657226
        ],
        [
          0.905056,
          0.164167,
          -0.392331,
          6.209019
        ],
        [
          -0.040641,
          -0.884889,
          -0.464026,
          1.261189
        ],
        [
          0.0,
          0.0,
          0.0,
          1.0
        ]
      ]
    },
    {
      "file_path": "/media/NFS/ttao/scannet/posed_images/scene0455_00/00321.jpg",
      "transform_matrix": [
        [
          -0.39287,
          0.470963,
          -0.78984,
          4.70757
        ],
        [
          0.917236,
          0.139222,
          -0.373222,
          6.340727
        ],
        [
          -0.065811,
          -0.871098,
          -0.486681,
          1.255026
        ],
        [
          0.0,
          0.0,
          0.0,
          1.0
        ]
      ]
    },
    {
      "file_path": "/media/NFS/ttao/scannet/posed_images/scene0455_00/00322.jpg",
      "transform_matrix": [
        [
          -0.391237,
          0.465732,
          -0.793743,
          4.709892
        ],
        [
          0.91752,
          0.130525,
          -0.37566,
          6.360939
        ],
        [
          -0.071354,
          -0.875247,
          -0.478384,
          1.256205
        ],
        [
          0.0,
          0.0,
          0.0,
          1.0
        ]
      ]
    },
    {
      "file_path": "/media/NFS/ttao/scannet/posed_images/scene0455_00/00334.jpg",
      "transform_matrix": [
        [
          -0.348437,
          0.443809,
          -0.825606,
          4.722495
        ],
        [
          0.936948,
          0.139678,
          -0.320343,
          6.647628
        ],
        [
          -0.026852,
          -0.885169,
          -0.464495,
          1.216932
        ],
        [
          0.0,
          0.0,
          0.0,
          1.0
        ]
      ]
    },
    {
      "file_path": "/media/NFS/ttao/scannet/posed_images/scene0455_00/00336.jpg",
      "transform_matrix": [
        [
          -0.319347,
          0.447874,
          -0.835121,
          4.720669
        ],
        [
          0.94757,
          0.140314,
          -0.287096,
          6.688714
        ],
        [
          -0.011404,
          -0.883018,
          -0.4692,
          1.218561
        ],
        [
          0.0,
          0.0,
          0.0,
          1.0
        ]
      ]
    },
    {
      "file_path": "/media/NFS/ttao/scannet/posed_images/scene0455_00/00345.jpg",
      "transform_matrix": [
        [
          -0.128933,
          0.425557,
          -0.8957,
          4.719779
        ],
        [
          0.991389,
          0.034448,
          -0.12634,
          6.825198
        ],
        [
          -0.02291,
          -0.904276,
          -0.426333,
          1.222594
        ],
        [
          0.0,
          0.0,
          0.0,
          1.0
        ]
      ]
    },
    {
      "file_path": "/media/NFS/ttao/scannet/posed_images/scene0455_00/00351.jpg",
      "transform_matrix": [
        [
          -0.018028,
          0.429113,
          -0.903071,
          4.702493
        ],
        [
          0.999375,
          -0.019736,
          -0.029329,
          6.872451
        ],
        [
          -0.030409,
          -0.903036,
          -0.428488,
          1.217756
        ],
        [
          0.0,
          0.0,
          0.0,
          1.0
        ]
      ]
    },
    {
      "file_path": "/media/NFS/ttao/scannet/posed_images/scene0455_00/00357.jpg",
      "transform_matrix": [
        [
          0.085174,
          0.409291,
          -0.90842,
          4.693086
        ],
        [
          0.996038,
          -0.058376,
          0.067088,
          6.905302
        ],
        [
          -0.025571,
          -0.910535,
          -0.412642,
          1.220094
        ],
        [
          0.0,
          0.0,
          0.0,
          1.0
        ]
      ]
    },
    {
      "file_path": "/media/NFS/ttao/scannet/posed_images/scene0455_00/00363.jpg",
      "transform_matrix": [
        [
          0.164803,
          0.387032,
          -0.907219,
          4.688735
        ],
        [
          0.985744,
          -0.096235,
          0.138012,
          6.946095
        ],
        [
          -0.033891,
          -0.917031,
          -0.397374,
          1.227059
        ],
        [
          0.0,
          0.0,
          0.0,
          1.0
        ]
      ]
    },
    {
      "file_path": "/media/NFS/ttao/scannet/posed_images/scene0455_00/00372.jpg",
      "transform_matrix": [
        [
          0.23039,
          0.350399,
          -0.907822,
          4.691274
        ],
        [
          0.972867,
          -0.103281,
          0.207033,
          6.980594
        ],
        [
          -0.021216,
          -0.930889,
          -0.364687,
          1.238964
        ],
        [
          0.0,
          0.0,
          0.0,
          1.0
        ]
      ]
    },
    {
      "file_path": "/media/NFS/ttao/scannet/posed_images/scene0455_00/00374.jpg",
      "transform_matrix": [
        [
          0.228815,
          0.345125,
          -0.910238,
          4.688873
        ],
        [
          0.973315,
          -0.097799,
          0.20759,
          6.982381
        ],
        [
          -0.017376,
          -0.933448,
          -0.358293,
          1.24626
        ],
        [
          0.0,
          0.0,
          0.0,
          1.0
        ]
      ]
    },
    {
      "file_path": "/media/NFS/ttao/scannet/posed_images/scene0455_00/00385.jpg",
      "transform_matrix": [
        [
          0.183182,
          0.290003,
          -0.939331,
          4.681322
        ],
        [
          0.982909,
          -0.036272,
          0.180482,
          7.003178
        ],
        [
          0.018269,
          -0.956338,
          -0.291691,
          1.293816
        ],
        [
          0.0,
          0.0,
          0.0,
          1.0
        ]
      ]
    },
    {
      "file_path": "/media/NFS/ttao/scannet/posed_images/scene0455_00/00391.jpg",
      "transform_matrix": [
        [
          0.21439,
          0.315677,
          -0.924329,
          4.674148
        ],
        [
          0.97602,
          -0.032698,
          0.215213,
          7.003118
        ],
        [
          0.037714,
          -0.948303,
          -0.315118,
          1.30021
        ],
        [
          0.0,
          0.0,
          0.0,
          1.0
        ]
      ]
    },
    {
      "file_path": "/media/NFS/ttao/scannet/posed_images/scene0455_00/00393.jpg",
      "transform_matrix": [
        [
          0.217377,
          0.318555,
          -0.922643,
          4.671887
        ],
        [
          0.975068,
          -0.027663,
          0.220177,
          7.002088
        ],
        [
          0.044615,
          -0.947501,
          -0.316626,
          1.305979
        ],
        [
          0.0,
          0.0,
          0.0,
          1.0
        ]
      ]
    },
    {
      "file_path": "/media/NFS/ttao/scannet/posed_images/scene0455_00/00401.jpg",
      "transform_matrix": [
        [
          0.150291,
          0.288297,
          -0.945673,
          4.678494
        ],
        [
          0.988475,
          -0.026269,
          0.149085,
          6.951897
        ],
        [
          0.018139,
          -0.957181,
          -0.288923,
          1.335071
        ],
        [
          0.0,
          0.0,
          0.0,
          1.0
        ]
      ]
    },
    {
      "file_path": "/media/NFS/ttao/scannet/posed_images/scene0455_00/00410.jpg",
      "transform_matrix": [
        [
          -0.12638,
          0.298222,
          -0.946093,
          4.683585
        ],
        [
          0.991968,
          0.043172,
          -0.118899,
          6.810045
        ],
        [
          0.005386,
          -0.95352,
          -0.301282,
          1.360702
        ],
        [
          0.0,
          0.0,
          0.0,
          1.0
        ]
      ]
    },
    {
      "file_path": "/media/NFS/ttao/scannet/posed_images/scene0455_00/00416.jpg",
      "transform_matrix": [
        [
          -0.288418,
          0.286935,
          -0.913501,
          4.694939
        ],
        [
          0.95735,
          0.103584,
          -0.269726,
          6.752512
        ],
        [
          0.01723,
          -0.952333,
          -0.304572,
          1.359154
        ],
        [
          0.0,
          0.0,
          0.0,
          1.0
        ]
      ]
    },
    {
      "file_path": "/media/NFS/ttao/scannet/posed_images/scene0455_00/00420.jpg",
      "transform_matrix": [
        [
          -0.41254,
          0.266021,
          -0.87123,
          4.715423
        ],
        [
          0.910587,
          0.147005,
          -0.38629,
          6.619628
        ],
        [
          0.025314,
          -0.952692,
          -0.302881,
          1.367461
        ],
        [
          0.0,
          0.0,
          0.0,
          1.0
        ]
      ]
    },
    {
      "file_path": "/media/NFS/ttao/scannet/posed_images/scene0455_00/00425.jpg",
      "transform_matrix": [
        [
          -0.489099,
          0.25839,
          -0.833076,
          4.723254
        ],
        [
          0.872194,
          0.153313,
          -0.464513,
          6.54798
        ],
        [
          0.007696,
          -0.953798,
          -0.300351,
          1.373844
        ],
        [
          0.0,
          0.0,
          0.0,
          1.0
        ]
      ]
    },
    {
      "file_path": "/media/NFS/ttao/scannet/posed_images/scene0455_00/00431.jpg",
      "transform_matrix": [
        [
          -0.545774,
          0.239326,
          -0.803028,
          4.763851
        ],
        [
          0.8379,
          0.16433,
          -0.5205,
          6.424746
        ],
        [
          0.007392,
          -0.956932,
          -0.290218,
          1.372042
        ],
        [
          0.0,
          0.0,
          0.0,
          1.0
        ]
      ]
    },
    {
      "file_path": "/media/NFS/ttao/scannet/posed_images/scene0455_00/00443.jpg",
      "transform_matrix": [
        [
          -0.666961,
          0.255548,
          -0.699899,
          4.745942
        ],
        [
          0.745091,
          0.230857,
          -0.625736,
          6.278687
        ],
        [
          0.001671,
          -0.938829,
          -0.344379,
          1.359184
        ],
        [
          0.0,
          0.0,
          0.0,
          1.0
        ]
      ]
    },
    {
      "file_path": "/media/NFS/ttao/scannet/posed_images/scene0455_00/00445.jpg",
      "transform_matrix": [
        [
          -0.689173,
          0.243651,
          -0.682404,
          4.736492
        ],
        [
          0.724573,
          0.239395,
          -0.646285,
          6.24846
        ],
        [
          0.005896,
          -0.939853,
          -0.341527,
          1.353251
        ],
        [
          0.0,
          0.0,
          0.0,
          1.0
        ]
      ]
    },
    {
      "file_path": "/media/NFS/ttao/scannet/posed_images/scene0455_00/00454.jpg",
      "transform_matrix": [
        [
          -0.810923,
          0.199575,
          -0.550067,
          4.691329
        ],
        [
          0.584949,
          0.25164,
          -0.771046,
          6.112934
        ],
        [
          -0.015463,
          -0.94702,
          -0.320802,
          1.351218
        ],
        [
          0.0,
          0.0,
          0.0,
          1.0
        ]
      ]
    },
    {
      "file_path": "/media/NFS/ttao/scannet/posed_images/scene0455_00/00460.jpg",
      "transform_matrix": [
        [
          -0.863609,
          0.187735,
          -0.467905,
          4.717872
        ],
        [
          0.504156,
          0.3169,
          -0.803369,
          6.006512
        ],
        [
          -0.002542,
          -0.929693,
          -0.368326,
          1.346041
        ],
        [
          0.0,
          0.0,
          0.0,
          1.0
        ]
      ]
    },
    {
      "file_path": "/media/NFS/ttao/scannet/posed_images/scene0455_00/00464.jpg",
      "transform_matrix": [
        [
          -0.884325,
          0.168222,
          -0.435511,
          4.689474
        ],
        [
          0.466826,
          0.331621,
          -0.819818,
          5.944782
        ],
        [
          0.006514,
          -0.928294,
          -0.371791,
          1.345817
        ],
        [
          0.0,
          0.0,
          0.0,
          1.0
        ]
      ]
    },
    {
      "file_path": "/media/NFS/ttao/scannet/posed_images/scene0455_00/00473.jpg",
      "transform_matrix": [
        [
          -0.888448,
          0.147408,
          -0.434663,
          4.706328
        ],
        [
          0.458967,
          0.29198,
          -0.839105,
          5.769935
        ],
        [
          0.003222,
          -0.944996,
          -0.327065,
          1.334299
        ],
        [
          0.0,
          0.0,
          0.0,
          1.0
        ]
      ]
    },
    {
      "file_path": "/media/NFS/ttao/scannet/posed_images/scene0455_00/00479.jpg",
      "transform_matrix": [
        [
          -0.890622,
          0.165827,
          -0.42343,
          4.704866
        ],
        [
          0.454473,
          0.292484,
          -0.841372,
          5.657089
        ],
        [
          -0.015676,
          -0.941783,
          -0.335857,
          1.342143
        ],
        [
          0.0,
          0.0,
          0.0,
          1.0
        ]
      ]
    },
    {
      "file_path": "/media/NFS/ttao/scannet/posed_images/scene0455_00/00483.jpg",
      "transform_matrix": [
        [
          -0.890486,
          0.197472,
          -0.409927,
          4.709189
        ],
        [
          0.454124,
          0.329456,
          -0.827787,
          5.579767
        ],
        [
          -0.028412,
          -0.92329,
          -0.383052,
          1.349845
        ],
        [
          0.0,
          0.0,
          0.0,
          1.0
        ]
      ]
    },
    {
      "file_path": "/media/NFS/ttao/scannet/posed_images/scene0455_00/00488.jpg",
      "transform_matrix": [
        [
          -0.913087,
          0.168489,
          -0.371326,
          4.687376
        ],
        [
          0.407124,
          0.32568,
          -0.853336,
          5.495485
        ],
        [
          -0.022845,
          -0.930346,
          -0.36597,
          1.349244
        ],
        [
