{
  "frames": [
    {
      "file_path": "/media/NFS/ttao/scannet/posed_images/scene0410_01/00000.jpg",
      "transform_matrix": [
        [
          -0.371038,
          -0.088507,
          0.92439,
          1.2328
        ],
        [
          -0.928615,
          0.037706,
          -0.369123,
          1.0305
        ],
        [
          -0.002185,
          -0.995362,
          -0.096179,
          1.586891
        ],
        [
          0.0,
          0.0,
          0.0,
          1.0
        ]
      ]
    },
    {
      "file_path": "/media/NFS/ttao/scannet/posed_images/scene0410_01/00005.jpg",
      "transform_matrix": [
        [
          -0.384774,
          -0.085494,
          0.919043,
          1.237414
        ],
        [
          -0.923011,
          0.036231,
          -0.383064,
          1.033647
        ],
        [
          -0.000548,
          -0.99568,
          -0.092853,
          1.586212
        ],
        [
          0.0,
          0.0,
          0.0,
          1.0
        ]
      ]
    },
    {
      "file_path": "/media/NFS/ttao/scannet/posed_images/scene0410_01/00009.jpg",
      "transform_matrix": [
        [
          -0.396959,
          -0.087575,
          0.913649,
          1.242921
        ],
        [
          -0.917832,
          0.034832,
          -0.395438,
          1.038791
        ],
        [
          0.002806,
          -0.995549,
          -0.094206,
          1.587281
        ],
        [
          0.0,
          0.0,
          0.0,
          1.0
        ]
      ]
    },
    {
      "file_path": "/media/NFS/ttao/scannet/posed_images/scene0410_01/00014.jpg",
      "transform_matrix": [
        [
          -0.430895,
          -0.089334,
          0.897969,
          1.254439
        ],
        [
          -0.902402,
          0.0421,
          -0.428834,
          1.045567
        ],
        [
          0.000505,
          -0.995112,
          -0.098756,
          1.594372
        ],
        [
          0.0,
          0.0,
          0.0,
          1.0
        ]
      ]
    },
    {
      "file_path": "/media/NFS/ttao/scannet/posed_images/scene0410_01/00023.jpg",
      "transform_matrix": [
        [
          -0.507988,
          -0.076639,
          0.857948,
          1.287421
        ],
        [
          -0.860996,
          0.074291,
          -0.503156,
          1.075281
        ],
        [
          -0.025177,
          -0.994287,
          -0.103725,
          1.593581
        ],
        [
          0.0,
          0.0,
          0.0,
          1.0
        ]
      ]
    },
    {
      "file_path": "/media/NFS/ttao/scannet/posed_images/scene0410_01/00024.jpg",
      "transform_matrix": [
        [
          -0.513716,
          -0.077669,
          0.854438,
          1.29282
        ],
        [
          -0.857509,
          0.078779,
          -0.508402,
          1.079392
        ],
        [
          -0.027825,
          -0.993862,
          -0.107072,
          1.594921
        ],
        [
          0.0,
          0.0,
          0.0,
          1.0
        ]
      ]
    },
    {
      "file_path": "/media/NFS/ttao/scannet/posed_images/scene0410_01/00030.jpg",
      "transform_matrix": [
        [
          -0.539186,
          -0.078022,
          0.838565,
          1.328948
        ],
        [
          -0.841537,
          0.089021,
          -0.532815,
          1.098384
        ],
        [
          -0.033079,
          -0.992969,
          -0.113657,
          1.597193
        ],
        [
          0.0,
          0.0,
          0.0,
          1.0
        ]
      ]
    },
    {
      "file_path": "/media/NFS/ttao/scannet/posed_images/scene0410_01/00035.jpg",
      "transform_matrix": [
        [
          -0.550802,
          -0.069616,
          0.831728,
          1.360917
        ],
        [
          -0.833936,
          0.086718,
          -0.545006,
          1.099477
        ],
        [
          -0.034185,
          -0.993798,
          -0.10582,
          1.594908
        ],
        [
          0.0,
          0.0,
          0.0,
          1.0
        ]
      ]
    },
    {
      "file_path": "/media/NFS/ttao/scannet/posed_images/scene0410_01/00041.jpg",
      "transform_matrix": [
        [
          -0.547148,
          -0.087191,
          0.832482,
          1.400443
        ],
        [
          -0.836934,
          0.072462,
          -0.542485,
          1.095402
        ],
        [
          -0.013024,
          -0.993553,
          -0.112621,
          1.603892
        ],
        [
          0.0,
          0.0,
          0.0,
          1.0
        ]
      ]
    },
    {
      "file_path": "/media/NFS/ttao/scannet/posed_images/scene0410_01/00044.jpg",
      "transform_matrix": [
        [
          -0.551873,
          -0.082411,
          0.829846,
          1.420407
        ],
        [
          -0.83382,
          0.070625,
          -0.547501,
          1.093684
        ],
        [
          -0.013487,
          -0.994093,
          -0.107692,
          1.603317
        ],
        [
          0.0,
          0.0,
          0.0,
          1.0
        ]
      ]
    },
    {
      "file_path": "/media/NFS/ttao/scannet/posed_images/scene0410_01/00050.jpg",
      "transform_matrix": [
        [
          -0.601797,
          -0.095268,
          0.792946,
          1.471867
        ],
        [
          -0.798483,
          0.091992,
          -0.594947,
          1.087853
        ],
        [
          -0.016265,
          -0.991192,
          -0.131431,
          1.601427
        ],
        [
          0.0,
          0.0,
          0.0,
          1.0
        ]
      ]
    },
    {
      "file_path": "/media/NFS/ttao/scannet/posed_images/scene0410_01/00057.jpg",
      "transform_matrix": [
        [
          -0.699712,
          -0.119515,
          0.704357,
          1.532488
        ],
        [
          -0.7144,
          0.125207,
          -0.688444,
          1.075415
        ],
        [
          -0.005911,
          -0.984906,
          -0.17299,
          1.585912
        ],
        [
          0.0,
          0.0,
          0.0,
          1.0
        ]
      ]
    },
    {
      "file_path": "/media/NFS/ttao/scannet/posed_images/scene0410_01/00060.jpg",
      "transform_matrix": [
        [
          -0.739828,
          -0.151599,
          0.655494,
          1.55916
        ],
        [
          -0.672505,
          0.137954,
          -0.727122,
          1.067982
        ],
        [
          0.019803,
          -0.978768,
          -0.204013,
          1.56238
        ],
        [
          0.0,
          0.0,
          0.0,
          1.0
        ]
      ]
    },
    {
      "file_path": "/media/NFS/ttao/scannet/posed_images/scene0410_01/00065.jpg",
      "transform_matrix": [
        [
          -0.766813,
          -0.18819,
          0.613662,
          1.576893
        ],
        [
          -0.640914,
          0.172321,
          -0.748021,
          1.058214
        ],
        [
          0.035024,
          -0.966897,
          -0.252752,
          1.537156
        ],
        [
          0.0,
          0.0,
          0.0,
          1.0
        ]
      ]
    },
    {
      "file_path": "/media/NFS/ttao/scannet/posed_images/scene0410_01/00069.jpg",
      "transform_matrix": [
        [
          -0.784232,
          -0.2052,
          0.585553,
          1.582974
        ],
        [
          -0.61957,
          0.208247,
          -0.756814,
          1.046506
        ],
        [
          0.033358,
          -0.956309,
          -0.290449,
          1.522056
        ],
        [
          0.0,
          0.0,
          0.0,
          1.0
        ]
      ]
    },
    {
      "file_path": "/media/NFS/ttao/scannet/posed_images/scene0410_01/00078.jpg",
      "transform_matrix": [
        [
          -0.837909,
          -0.231398,
          0.494332,
          1.587417
        ],
        [
          -0.544853,
          0.300988,
          -0.782651,
          1.004889
        ],
        [
          0.032316,
          -0.925128,
          -0.378278,
          1.497553
        ],
        [
          0.0,
          0.0,
          0.0,
          1.0
        ]
      ]
    },
    {
      "file_path": "/media/NFS/ttao/scannet/posed_images/scene0410_01/00083.jpg",
      "transform_matrix": [
        [
          -0.874504,
          -0.225576,
          0.429369,
          1.5886
        ],
        [
          -0.483777,
          0.34238,
          -0.805441,
          0.980604
        ],
        [
          0.034681,
          -0.912081,
          -0.408541,
          1.481182
        ],
        [
          0.0,
          0.0,
          0.0,
          1.0
        ]
      ]
    },
    {
      "file_path": "/media/NFS/ttao/scannet/posed_images/scene0410_01/00087.jpg",
      "transform_matrix": [
        [
          -0.88913,
          -0.221109,
          0.400697,
          1.588498
        ],
        [
          -0.456429,
          0.364401,
          -0.811717,
          0.969141
        ],
        [
          0.033464,
          -0.904612,
          -0.424921,
          1.471959
        ],
        [
          0.0,
          0.0,
          0.0,
          1.0
        ]
      ]
    },
    {
      "file_path": "/media/NFS/ttao/scannet/posed_images/scene0410_01/00093.jpg",
      "transform_matrix": [
        [
          -0.907049,
          -0.199628,
          0.37069,
          1.590469
        ],
        [
          -0.420366,
          0.380131,
          -0.823889,
          0.961452
        ],
        [
          0.023561,
          -0.903133,
          -0.428714,
          1.467979
        ],
        [
          0.0,
          0.0,
          0.0,
          1.0
        ]
      ]
    },
    {
      "file_path": "/media/NFS/ttao/scannet/posed_images/scene0410_01/00096.jpg",
      "transform_matrix": [
        [
          -0.913783,
          -0.187672,
          0.360249,
          1.590086
        ],
        [
          -0.405887,
          0.386953,
          -0.827963,
          0.959809
        ],
        [
          0.015986,
          -0.902799,
          -0.429765,
          1.465715
        ],
        [
          0.0,
          0.0,
          0.0,
          1.0
        ]
      ]
    },
    {
      "file_path": "/media/NFS/ttao/scannet/posed_images/scene0410_01/00099.jpg",
      "transform_matrix": [
        [
          -0.920951,
          -0.175519,
          0.34791,
          1.588786
        ],
        [
          -0.389579,
          0.394707,
          -0.832127,
          0.958807
        ],
        [
          0.008732,
          -0.901887,
          -0.431885,
          1.460975
        ],
        [
          0.0,
          0.0,
          0.0,
          1.0
        ]
      ]
    },
    {
      "file_path": "/media/NFS/ttao/scannet/posed_images/scene0410_01/00107.jpg",
      "transform_matrix": [
        [
          -0.9314,
          -0.176654,
          0.318258,
          1.57561
        ],
        [
          -0.363941,
          0.436442,
          -0.82284,
          0.954561
        ],
        [
          0.006457,
          -0.88222,
          -0.470793,
          1.429443
        ],
        [
          0.0,
          0.0,
          0.0,
          1.0
        ]
      ]
    },
    {
      "file_path": "/media/NFS/ttao/scannet/posed_images/scene0410_01/00110.jpg",
      "transform_matrix": [
        [
          -0.918145,
          -0.196737,
          0.343954,
          1.558263
        ],
        [
          -0.396113,
          0.43336,
          -0.809502,
          0.958443
        ],
        [
          0.010203,
          -0.879485,
          -0.475818,
          1.41941
        ],
        [
          0.0,
          0.0,
          0.0,
          1.0
        ]
      ]
    },
    {
      "file_path": "/media/NFS/ttao/scannet/posed_images/scene0410_01/00117.jpg",
      "transform_matrix": [
        [
          -0.86332,
          -0.257501,
          0.434018,
          1.480923
        ],
        [
          -0.504421,
          0.414027,
          -0.757721,
          0.971433
        ],
        [
          0.015419,
          -0.873083,
          -0.487327,
          1.393784
        ],
        [
          0.0,
          0.0,
          0.0,
          1.0
        ]
      ]
    },
    {
      "file_path": "/media/NFS/ttao/scannet/posed_images/scene0410_01/00120.jpg",
      "transform_matrix": [
        [
          -0.827451,
          -0.292797,
          0.479161,
          1.433612
        ],
        [
          -0.560503,
          0.378869,
          -0.736407,
          0.978346
        ],
        [
          0.034079,
          -0.877911,
          -0.477609,
          1.381522
        ],
        [
          0.0,
          0.0,
          0.0,
          1.0
        ]
      ]
    },
    {
      "file_path": "/media/NFS/ttao/scannet/posed_images/scene0410_01/00126.jpg",
      "transform_matrix": [
        [
          -0.781043,
          -0.339742,
          0.523973,
          1.351056
        ],
        [
          -0.62216,
          0.351121,
          -0.699736,
          0.984593
        ],
        [
          0.053752,
          -0.872519,
          -0.485615,
          1.363491
        ],
        [
          0.0,
          0.0,
          0.0,
          1.0
        ]
      ]
    },
    {
      "file_path": "/media/NFS/ttao/scannet/posed_images/scene0410_01/00132.jpg",
      "transform_matrix": [
        [
          -0.761726,
          -0.371883,
          0.530543,
          1.289958
        ],
        [
          -0.645874,
          0.37116,
          -0.667149,
          0.987602
        ],
        [
          0.051185,
          -0.850849,
          -0.522912,
          1.336849
        ],
        [
          0.0,
          0.0,
          0.0,
          1.0
        ]
      ]
    },
    {
      "file_path": "/media/NFS/ttao/scannet/posed_images/scene0410_01/00135.jpg",
      "transform_matrix": [
        [
          -0.756838,
          -0.376114,
          0.534542,
          1.26858
        ],
        [
          -0.652339,
          0.383832,
          -0.65355,
          0.98628
        ],
        [
          0.040636,
          -0.843333,
          -0.535852,
          1.326491
        ],
        [
          0.0,
          0.0,
          0.0,
          1.0
        ]
      ]
    },
    {
      "file_path": "/media/NFS/ttao/scannet/posed_images/scene0410_01/00143.jpg",
      "transform_matrix": [
        [
          -0.730162,
          -0.408659,
          0.547597,
          1.237159
        ],
        [
          -0.6828,
          0.406527,
          -0.607059,
          0.988389
        ],
        [
          0.025468,
          -0.81715,
          -0.575862,
          1.292262
        ],
        [
          0.0,
          0.0,
          0.0,
          1.0
        ]
      ]
    },
    {
      "file_path": "/media/NFS/ttao/scannet/posed_images/scene0410_01/00147.jpg",
      "transform_matrix": [
        [
          -0.726899,
          -0.424066,
          0.540172,
          1.233428
        ],
        [
          -0.686697,
          0.43958,
          -0.578979,
          0.985355
        ],
        [
          0.008076,
          -0.791794,
          -0.610735,
          1.284606
        ],
        [
          0.0,
          0.0,
          0.0,
          1.0
        ]
      ]
    },
    {
      "file_path": "/media/NFS/ttao/scannet/posed_images/scene0410_01/00153.jpg",
      "transform_matrix": [
        [
          -0.729798,
          -0.444836,
          0.519149,
          1.239844
        ],
        [
          -0.683633,
          0.481833,
          -0.548163,
          0.978492
        ],
        [
          -0.0063,
          -0.754956,
          -0.655746,
          1.278102
        ],
        [
          0.0,
          0.0,
          0.0,
          1.0
        ]
      ]
    },
    {
      "file_path": "/media/NFS/ttao/scannet/posed_images/scene0410_01/00155.jpg",
      "transform_matrix": [
        [
          -0.730343,
          -0.446038,
          0.517348,
          1.245762
        ],
        [
          -0.683029,
          0.486135,
          -0.545109,
          0.976072
        ],
        [
          -0.008362,
          -0.75148,
          -0.659703,
          1.277827
        ],
        [
          0.0,
          0.0,
          0.0,
          1.0
        ]
      ]
    },
    {
      "file_path": "/media/NFS/ttao/scannet/posed_images/scene0410_01/00162.jpg",
      "transform_matrix": [
        [
          -0.733578,
          -0.478378,
          0.482718,
          1.299442
        ],
        [
          -0.67959,
          0.511618,
          -0.525742,
          0.969729
        ],
        [
          0.004536,
          -0.713723,
          -0.700413,
          1.272408
        ],
        [
          0.0,
          0.0,
          0.0,
          1.0
        ]
      ]
    },
    {
      "file_path": "/media/NFS/ttao/scannet/posed_images/scene0410_01/00164.jpg",
      "transform_matrix": [
        [
          -0.738086,
          -0.484201,
          0.46987,
          1.319723
        ],
        [
          -0.67462,
          0.518454,
          -0.525446,
          0.965028
        ],
        [
          0.010815,
          -0.704808,
          -0.709316,
          1.271539
        ],
        [
          0.0,
          0.0,
          0.0,
          1.0
        ]
      ]
    },
    {
      "file_path": "/media/NFS/ttao/scannet/posed_images/scene0410_01/00173.jpg",
      "transform_matrix": [
        [
          -0.789572,
          -0.473376,
          0.390501,
          1.452604
        ],
        [
          -0.612361,
          0.566429,
          -0.551518,
          0.927606
        ],
        [
          0.039884,
          -0.674591,
          -0.737114,
          1.263933
        ],
        [
          0.0,
          0.0,
          0.0,
          1.0
        ]
      ]
    },
    {
      "file_path": "/media/NFS/ttao/scannet/posed_images/scene0410_01/00177.jpg",
      "transform_matrix": [
        [
          -0.825005,
          -0.440774,
          0.353674,
          1.518368
        ],
        [
          -0.56431,
          0.608915,
          -0.557474,
          0.901134
        ],
        [
          0.030363,
          -0.6595,
          -0.751091,
          1.260995
        ],
        [
          0.0,
          0.0,
          0.0,
          1.0
        ]
      ]
    },
    {
      "file_path": "/media/NFS/ttao/scannet/posed_images/scene0410_01/00179.jpg",
      "transform_matrix": [
        [
          -0.838036,
          -0.433033,
          0.331931,
          1.548408
        ],
        [
          -0.544922,
          0.633595,
          -0.549198,
          0.887796
        ],
        [
          0.027511,
          -0.641124,
          -0.766944,
          1.25815
        ],
        [
          0.0,
          0.0,
          0.0,
          1.0
        ]
      ]
    },
    {
      "file_path": "/media/NFS/ttao/scannet/posed_images/scene0410_01/00186.jpg",
      "transform_matrix": [
        [
          -0.884479,
          -0.394338,
          0.249387,
          1.628118
        ],
        [
          -0.464981,
          0.700772,
          -0.541028,
          0.847269
        ],
        [
          0.038585,
          -0.594489,
          -0.803178,
          1.241086
        ],
        [
          0.0,
          0.0,
          0.0,
          1.0
        ]
      ]
    },
    {
      "file_path": "/media/NFS/ttao/scannet/posed_images/scene0410_01/00189.jpg",
      "transform_matrix": [
        [
          -0.891861,
          -0.39264,
          0.22454,
          1.648385
        ],
        [
          -0.44956,
          0.71483,
          -0.535645,
          0.833653
        ],
        [
          0.049808,
          -0.578664,
          -0.814044,
          1.232002
        ],
        [
          0.0,
          0.0,
          0.0,
          1.0
        ]
      ]
    },
    {
      "file_path": "/media/NFS/ttao/scannet/posed_images/scene0410_01/00194.jpg",
      "transform_matrix": [
        [
          -0.893522,
          -0.409285,
          0.184673,
          1.671765
        ],
        [
          -0.441851,
          0.728251,
          -0.523849,
          0.820044
        ],
        [
          0.079916,
          -0.549669,
          -0.831552,
          1.212753
        ],
        [
          0.0,
          0.0,
          0.0,
          1.0
        ]
      ]
    },
    {
      "file_path": "/media/NFS/ttao/scannet/posed_images/scene0410_01/00200.jpg",
      "transform_matrix": [
        [
          -0.869558,
          -0.444243,
          0.21568,
          1.682682
        ],
        [
          -0.486822,
          0.697811,
          -0.525419,
          0.82615
        ],
        [
          0.08291,
          -0.561879,
          -0.823054,
          1.200429
        ],
        [
          0.0,
          0.0,
          0.0,
          1.0
        ]
      ]
    },
    {
      "file_path": "/media/NFS/ttao/scannet/posed_images/scene0410_01/00204.jpg",
      "transform_matrix": [
        [
          -0.852581,
          -0.463307,
          0.241769,
          1.674451
        ],
        [
          -0.514677,
          0.664175,
          -0.542198,
          0.835512
        ],
        [
          0.090627,
          -0.586701,
          -0.804716,
          1.188789
        ],
        [
          0.0,
          0.0,
          0.0,
          1.0
        ]
      ]
    },
    {
      "file_path": "/media/NFS/ttao/scannet/posed_images/scene0410_01/00213.jpg",
      "transform_matrix": [
        [
          -0.766137,
          -0.526509,
          0.368541,
          1.634558
        ],
        [
          -0.640439,
          0.57764,
          -0.506133,
          0.885381
        ],
        [
          0.0536,
          -0.623795,
          -0.779748,
          1.155636
        ],
        [
          0.0,
          0.0,
          0.0,
          1.0
        ]
      ]
    },
    {
      "file_path": "/media/NFS/ttao/scannet/posed_images/scene0410_01/00218.jpg",
      "transform_matrix": [
        [
          -0.732517,
          -0.539421,
          0.415263,
          1.612629
        ],
        [
          -0.677923,
          0.522511,
          -0.51711,
          0.905814
        ],
        [
          0.061961,
          -0.660308,
          -0.748434,
          1.131261
        ],
        [
          0.0,
          0.0,
          0.0,
          1.0
        ]
      ]
    },
    {
      "file_path": "/media/NFS/ttao/scannet/posed_images/scene0410_01/00219.jpg",
      "transform_matrix": [
        [
          -0.727633,
          -0.539511,
          0.423648,
          1.608046
        ],
        [
          -0.682807,
          0.510436,
          -0.522713,
          0.908617
        ],
        [
          0.065764,
          -0.669614,
          -0.739792,
          1.124618
        ],
        [
          0.0,
          0.0,
          0.0,
          1.0
        ]
      ]
    },
    {
      "file_path": "/media/NFS/ttao/scannet/posed_images/scene0410_01/00224.jpg",
      "transform_matrix": [
        [
          -0.699457,
          -0.545316,
          0.461942,
          1.583063
        ],
        [
          -0.70922,
          0.449918,
          -0.542754,
          0.914945
        ],
        [
          0.088137,
          -0.707251,
          -0.701447,
          1.087472
        ],
        [
          0.0,
          0.0,
          0.0,
          1.0
        ]
      ]
    },
    {
      "file_path": "/media/NFS/ttao/scannet/posed_images/scene0410_01/00230.jpg",
      "transform_matrix": [
        [
          -0.64903,
          -0.555379,
          0.519917,
          1.556
        ],
        [
          -0.755503,
          0.390307,
          -0.526191,
          0.929145
        ],
        [
          0.089308,
          -0.734312,
          -0.672911,
          1.026128
        ],
        [
          0.0,
          0.0,
          0.0,
          1.0
        ]
      ]
    },
    {
      "file_path": "/media/NFS/ttao/scannet/posed_images/scene0410_01/00234.jpg",
      "transform_matrix": [
        [
          -0.608833,
          -0.547458,
          0.574119,
          1.528888
        ],
        [
          -0.788707,
          0.339975,
          -0.512209,
          0.929283
        ],
        [
          0.085227,
          -0.764661,
          -0.638772,
          0.974703
        ],
        [
          0.0,
          0.0,
          0.0,
          1.0
        ]
      ]
    },
    {
      "file_path": "/media/NFS/ttao/scannet/posed_images/scene0410_01/00240.jpg",
      "transform_matrix": [
        [
          -0.544339,
          -0.523071,
          0.655814,
          1.472621
        ],
        [
          -0.835605,
          0.269234,
          -0.47883,
          0.901257
        ],
        [
          0.073894,
          -0.808647,
          -0.583635,
          0.894848
        ],
        [
          0.0,
          0.0,
          0.0,
          1.0
        ]
      ]
    },
    {
      "file_path": "/media/NFS/ttao/scannet/posed_images/scene0410_01/00246.jpg",
      "transform_matrix": [
        [
          -0.517833,
          -0.500456,
          0.693825,
          1.429589
        ],
        [
          -0.853219,
          0.243179,
          -0.461391,
          0.868932
        ],
        [
          0.062182,
          -0.830908,
          -0.552924,
          0.826501
        ],
        [
          0.0,
          0.0,
          0.0,
          1.0
        ]
      ]
    },
    {
      "file_path": "/media/NFS/ttao/scannet/posed_images/scene0410_01/00253.jpg",
      "transform_matrix": [
        [
          -0.485191,
          -0.487777,
          0.725715,
          1.387783
        ],
        [
          -0.873678,
          0.23652,
          -0.425142,
          0.833058
        ],
        [
          0.035728,
          -0.840316,
          -0.540918,
          0.779427
        ],
        [
          0.0,
          0.0,
          0.0,
          1.0
        ]
      ]
    },
    {
      "file_path": "/media/NFS/ttao/scannet/posed_images/scene0410_01/00254.jpg",
      "transform_matrix": [
        [
          -0.48226,
          -0.484665,
          0.729743,
          1.380728
        ],
        [
          -0.875419,
          0.23557,
          -0.422076,
          0.827843
        ],
        [
          0.03266,
          -0.842382,
          -0.53789,
          0.776336
        ],
        [
          0.0,
          0.0,
          0.0,
          1.0
        ]
      ]
    },
    {
      "file_path": "/media/NFS/ttao/scannet/posed_images/scene0410_01/00263.jpg",
      "transform_matrix": [
        [
          -0.486727,
          -0.460997,
          0.74201,
          1.312
        ],
        [
          -0.873404,
          0.241054,
          -0.423154,
          0.769886
        ],
        [
          0.016209,
          -0.854035,
          -0.519964,
          0.764144
        ],
        [
          0.0,
          0.0,
          0.0,
          1.0
        ]
      ]
    },
    {
      "file_path": "/media/NFS/ttao/scannet/posed_images/scene0410_01/00265.jpg",
      "transform_matrix": [
        [
          -0.495314,
          -0.453715,
          0.740815,
          1.296734
        ],
        [
          -0.86855,
          0.242077,
          -0.432457,
          0.758073
        ],
        [
          0.016878,
          -0.857637,
          -0.513978,
          0.769836
        ],
        [
          0.0,
          0.0,
          0.0,
          1.0
        ]
      ]
    },
    {
      "file_path": "/media/NFS/ttao/scannet/posed_images/scene0410_01/00274.jpg",
      "transform_matrix": [
        [
          -0.471339,
          -0.464596,
          0.74966,
          1.204654
        ],
        [
          -0.881847,
          0.261372,
          -0.392468,
          0.704494
        ],
        [
          -0.013601,
          -0.846071,
          -0.532897,
          0.789299
        ],
        [
          0.0,
          0.0,
          0.0,
          1.0
        ]
      ]
    },
    {
      "file_path": "/media/NFS/ttao/scannet/posed_images/scene0410_01/00278.jpg",
      "transform_matrix": [
        [
          -0.448205,
          -0.451299,
          0.771649,
          1.168457
        ],
        [
          -0.893825,
          0.23955,
          -0.379069,
          0.682956
        ],
        [
          -0.013775,
          -0.859619,
          -0.510749,
          0.802321
        ],
        [
          0.0,
          0.0,
          0.0,
          1.0
        ]
      ]
    },
    {
      "file_path": "/media/NFS/ttao/scannet/posed_images/scene0410_01/00283.jpg",
      "transform_matrix": [
        [
          -0.433202,
          -0.436011,
          0.788815,
          1.138916
        ],
        [
          -0.901176,
          0.223858,
          -0.371173,
          0.645425
        ],
        [
          -0.014747,
          -0.871655,
          -0.489899,
          0.807272
        ],
        [
          0.0,
          0.0,
          0.0,
          1.0
        ]
      ]
    },
    {
      "file_path": "/media/NFS/ttao/scannet/posed_images/scene0410_01/00284.jpg",
      "transform_matrix": [
        [
          -0.432976,
          -0.437911,
          0.787887,
          1.134289
        ],
        [
          -0.901316,
          0.222621,
          -0.371577,
          0.636661
        ],
        [
          -0.012683,
          -0.871019,
          -0.491085,
          0.80614
        ],
        [
          0.0,
          0.0,
          0.0,
          1.0
        ]
      ]
    },
    {
      "file_path": "/media/NFS/ttao/scannet/posed_images/scene0410_01/00290.jpg",
      "transform_matrix": [
        [
          -0.456042,
          -0.444614,
          0.770937,
          1.109748
        ],
        [
          -0.889933,
          0.234342,
          -0.391284,
          0.5815
        ],
        [
          -0.006692,
          -0.864524,
          -0.502547,
          0.794163
        ],
        [
          0.0,
          0.0,
          0.0,
          1.0
        ]
      ]
    },
    {
      "file_path": "/media/NFS/ttao/scannet/posed_images/scene0410_01/00298.jpg",
      "transform_matrix": [
        [
          -0.489782,
          -0.412951,
          0.767844,
          1.087133
        ],
        [
          -0.871842,
          0.229788,
          -0.432537,
          0.51214
        ],
        [
          0.002175,
          -0.881288,
          -0.472574,
          0.80318
        ],
        [
          0.0,
          0.0,
          0.0,
          1.0
        ]
      ]
    },
    {
      "file_path": "/media/NFS/ttao/scannet/posed_images/scene0410_01/00302.jpg",
      "transform_matrix": [
        [
          -0.455533,
          -0.40725,
          0.791605,
          1.066379
        ],
        [
          -0.890174,
          0.21732,
          -0.400452,
          0.48715
        ],
        [
          -0.008947,
          -0.887085,
          -0.46152,
          0.808262
        ],
        [
          0.0,
          0.0,
          0.0,
          1.0
        ]
      ]
    },
    {
      "file_path": "/media/NFS/ttao/scannet/posed_images/scene0410_01/00307.jpg",
      "transform_matrix": [
        [
          -0.411768,
          -0.399747,
          0.818932,
          1.043122
        ],
        [
          -0.910829,
          0.209099,
          -0.355907,
          0.474277
        ],
        [
          -0.028965,
          -0.892458,
          -0.450201,
          0.814227
        ],
        [
          0.0,
          0.0,
          0.0,
          1.0
        ]
      ]
    },
    {
      "file_path": "/media/NFS/ttao/scannet/posed_images/scene0410_01/00311.jpg",
      "transform_matrix": [
        [
          -0.408584,
          -0.383161,
          0.8284,
          1.031474
        ],
        [
          -0.912184,
          0.202542,
          -0.356226,
          0.462747
        ],
        [
          -0.031294,
          -0.901202,
          -0.432269,
          0.827065
        ],
        [
          0.0,
          0.0,
          0.0,
          1.0
        ]
      ]
    },
    {
      "file_path": "/media/NFS/ttao/scannet/posed_images/scene0410_01/00317.jpg",
      "transform_matrix": [
        [
          -0.40169,
          -0.386957,
          0.830006,
          1.019489
        ],
        [
          -0.915651,
          0.184674,
          -0.357042,
          0.453372
        ],
        [
          -0.015121,
          -0.903416,
          -0.428499,
          0.862949
        ],
        [
          0.0,
          0.0,
          0.0,
          1.0
        ]
      ]
    },
    {
      "file_path": "/media/NFS/ttao/scannet/posed_images/scene0410_01/00323.jpg",
      "transform_matrix": [
        [
          -0.402028,
          -0.406627,
          0.820383,
          1.00392
        ],
        [
          -0.915579,
          0.187742,
          -0.355624,
          0.463252
        ],
        [
          -0.009414,
          -0.894096,
          -0.447777,
          0.924766
        ],
        [
          0.0,
          0.0,
          0.0,
          1.0
        ]
      ]
    },
    {
      "file_path": "/media/NFS/ttao/scannet/posed_images/scene0410_01/00326.jpg",
      "transform_matrix": [
        [
          -0.407268,
          -0.425211,
          0.808287,
          0.992464
        ],
        [
          -0.913297,
          0.185184,
          -0.362761,
          0.473659
        ],
        [
          0.004568,
          -0.885948,
          -0.463763,
          0.959517
        ],
        [
          0.0,
          0.0,
          0.0,
          1.0
        ]
      ]
    },
    {
      "file_path": "/media/NFS/ttao/scannet/posed_images/scene0410_01/00334.jpg",
      "transform_matrix": [
        [
          -0.446555,
          -0.440802,
          0.778641,
          0.956275
        ],
        [
          -0.894317,
          0.192616,
          -0.403852,
          0.50077
        ],
        [
          0.02804,
          -0.876694,
          -0.48023,
          1.04779
        ],
        [
          0.0,
          0.0,
          0.0,
          1.0
        ]
      ]
    },
    {
      "file_path": "/media/NFS/ttao/scannet/posed_images/scene0410_01/00335.jpg",
      "transform_matrix": [
        [
          -0.44934,
          -0.445911,
          0.774117,
          0.952511
        ],
        [
          -0.89291,
          0.196626,
          -0.405032,
          0.503033
        ],
        [
          0.028397,
          -0.873213,
          -0.48651,
          1.059058
        ],
        [
          0.0,
          0.0,
          0.0,
          1.0
        ]
      ]
    },
    {
      "file_path": "/media/NFS/ttao/scannet/posed_images/scene0410_01/00340.jpg",
      "transform_matrix": [
        [
          -0.454783,
          -0.462206,
          0.761274,
          0.939669
        ],
        [
          -0.890317,
          0.214313,
          -0.401753,
          0.513811
        ],
        [
          0.022542,
          -0.860486,
          -0.508975,
          1.107996
        ],
        [
          0.0,
          0.0,
          0.0,
          1.0
        ]
      ]
    },
    {
      "file_path": "/media/NFS/ttao/scannet/posed_images/scene0410_01/00344.jpg",
      "transform_matrix": [
        [
          -0.464422,
          -0.466243,
          0.752947,
          0.937402
        ],
        [
          -0.885463,
          0.228784,
          -0.404491,
          0.518588
        ],
        [
          0.016328,
          -0.854562,
          -0.519094,
          1.141792
        ],
        [
          0.0,
          0.0,
          0.0,
          1.0
        ]
      ]
    },
    {
      "file_path": "/media/NFS/ttao/scannet/posed_images/scene0410_01/00353.jpg",
      "transform_matrix": [
        [
          -0.520447,
          -0.492398,
          0.697624,
          0.945873
        ],
        [
          -0.853524,
          0.275954,
          -0.441979,
          0.515576
        ],
        [
          0.025117,
          -0.825466,
          -0.563893,
          1.198495
        ],
        [
          0.0,
          0.0,
          0.0,
          1.0
        ]
      ]
    },
    {
      "file_path": "/media/NFS/ttao/scannet/posed_images/scene0410_01/00356.jpg",
      "transform_matrix": [
        [
          -0.522685,
          -0.507764,
          0.684818,
          0.951875
        ],
        [
          -0.851959,
          0.281806,
          -0.441307,
          0.513081
        ],
        [
          0.031094,
          -0.814101,
          -0.57989,
          1.211949
        ],
        [
          0.0,
          0.0,
          0.0,
          1.0
        ]
      ]
    },
    {
      "file_path": "/media/NFS/ttao/scannet/posed_images/scene0410_01/00359.jpg",
      "transform_matrix": [
        [
          -0.52721,
          -0.512385,
          0.677873,
          0.962705
        ],
        [
          -0.849311,
          0.292557,
          -0.439409,
          0.506503
        ],
        [
          0.02683,
          -0.807386,
          -0.589413,
          1.228942
        ],
        [
          0.0,
          0.0,
          0.0,
          1.0
        ]
      ]
    },
    {
      "file_path": "/media/NFS/ttao/scannet/posed_images/scene0410_01/00368.jpg",
      "transform_matrix": [
        [
          -0.496315,
          -0.535056,
          0.683656,
          1.025131
        ],
        [
          -0.866704,
          0.260062,
          -0.425667,
          0.492796
        ],
        [
          0.049963,
          -0.803792,
          -0.592808,
          1.281539
        ],
        [
          0.0,
          0.0,
          0.0,
          1.0
        ]
      ]
    },
    {
      "file_path": "/media/NFS/ttao/scannet/posed_images/scene0410_01/00370.jpg",
      "transform_matrix": [
        [
          -0.491837,
          -0.547192,
          0.677258,
          1.046466
        ],
        [
          -0.868631,
          0.254932,
          -0.424842,
          0.491504
        ],
        [
          0.059816,
          -0.79724,
          -0.600692,
          1.290142
        ],
        [
          0.0,
          0.0,
          0.0,
          1.0
        ]
      ]
    },
    {
      "file_path": "/media/NFS/ttao/scannet/posed_images/scene0410_01/00379.jpg",
      "transform_matrix": [
        [
          -0.515009,
          -0.574958,
          0.635759,
          1.14228
        ],
        [
          -0.85295,
          0.270103,
          -0.446677,
          0.472824
        ],
        [
          0.0851,
          -0.772313,
          -0.629516,
          1.323604
        ],
        [
          0.0,
          0.0,
          0.0,
          1.0
        ]
      ]
    },
    {
      "file_path": "/media/NFS/ttao/scannet/posed_images/scene0410_01/00380.jpg",
      "transform_matrix": [
        [
          -0.517541,
          -0.579313,
          0.62972,
          1.152303
        ],
        [
          -0.851297,
          0.274394,
          -0.447216,
          0.471317
        ],
        [
          0.086287,
          -0.767531,
          -0.635178,
          1.326621
        ],
        [
          0.0,
          0.0,
          0.0,
          1.0
        ]
      ]
    },
    {
      "file_path": "/media/NFS/ttao/scannet/posed_images/scene0410_01/00386.jpg",
      "transform_matrix": [
        [
          -0.535711,
          -0.588788,
          0.605263,
          1.187304
        ],
        [
          -0.840466,
          0.302677,
          -0.449448,
          0.46112
        ],
        [
