{
  "frames": [
    {
      "file_path": "/media/NFS/ttao/scannet/posed_images/scene0271_01/00002.jpg",
      "transform_matrix": [
        [
          -0.883281,
          -0.267813,
          0.384826,
          1.869916
        ],
        [
          -0.461246,
          0.3492,
          -0.815666,
          3.464972
        ],
        [
          0.084065,
          -0.897962,
          -0.43197,
          1.561034
        ],
        [
          0.0,
          0.0,
          0.0,
          1.0
        ]
      ]
    },
    {
      "file_path": "/media/NFS/ttao/scannet/posed_images/scene0271_01/00008.jpg",
      "transform_matrix": [
        [
          -0.880619,
          -0.278134,
          0.383604,
          1.877571
        ],
        [
          -0.464553,
          0.347425,
          -0.814547,
          3.448042
        ],
        [
          0.09328,
          -0.895509,
          -0.435157,
          1.551751
        ],
        [
          0.0,
          0.0,
          0.0,
          1.0
        ]
      ]
    },
    {
      "file_path": "/media/NFS/ttao/scannet/posed_images/scene0271_01/00011.jpg",
      "transform_matrix": [
        [
          -0.878026,
          -0.285087,
          0.384443,
          1.899717
        ],
        [
          -0.469533,
          0.357352,
          -0.807365,
          3.418282
        ],
        [
          0.092788,
          -0.889396,
          -0.447622,
          1.560852
        ],
        [
          0.0,
          0.0,
          0.0,
          1.0
        ]
      ]
    },
    {
      "file_path": "/media/NFS/ttao/scannet/posed_images/scene0271_01/00017.jpg",
      "transform_matrix": [
        [
          -0.855562,
          -0.303953,
          0.419078,
          1.904452
        ],
        [
          -0.51052,
          0.360992,
          -0.780419,
          3.335661
        ],
        [
          0.085926,
          -0.881645,
          -0.464025,
          1.585162
        ],
        [
          0.0,
          0.0,
          0.0,
          1.0
        ]
      ]
    },
    {
      "file_path": "/media/NFS/ttao/scannet/posed_images/scene0271_01/00029.jpg",
      "transform_matrix": [
        [
          -0.819119,
          -0.251366,
          0.515615,
          1.915789
        ],
        [
          -0.569466,
          0.248314,
          -0.783613,
          3.239248
        ],
        [
          0.068939,
          -0.935498,
          -0.346543,
          1.661178
        ],
        [
          0.0,
          0.0,
          0.0,
          1.0
        ]
      ]
    },
    {
      "file_path": "/media/NFS/ttao/scannet/posed_images/scene0271_01/00032.jpg",
      "transform_matrix": [
        [
          -0.821541,
          -0.230483,
          0.521486,
          1.932276
        ],
        [
          -0.564941,
          0.205722,
          -0.799075,
          3.262281
        ],
        [
          0.076892,
          -0.951081,
          -0.299218,
          1.644029
        ],
        [
          0.0,
          0.0,
          0.0,
          1.0
        ]
      ]
    },
    {
      "file_path": "/media/NFS/ttao/scannet/posed_images/scene0271_01/00036.jpg",
      "transform_matrix": [
        [
          -0.821982,
          -0.202462,
          0.532311,
          1.925143
        ],
        [
          -0.563634,
          0.155232,
          -0.811307,
          3.268127
        ],
        [
          0.081628,
          -0.966909,
          -0.241712,
          1.663293
        ],
        [
          0.0,
          0.0,
          0.0,
          1.0
        ]
      ]
    },
    {
      "file_path": "/media/NFS/ttao/scannet/posed_images/scene0271_01/00044.jpg",
      "transform_matrix": [
        [
          -0.781393,
          -0.177659,
          0.598216,
          1.926659
        ],
        [
          -0.617298,
          0.079535,
          -0.782699,
          3.282693
        ],
        [
          0.091474,
          -0.980873,
          -0.171817,
          1.690179
        ],
        [
          0.0,
          0.0,
          0.0,
          1.0
        ]
      ]
    },
    {
      "file_path": "/media/NFS/ttao/scannet/posed_images/scene0271_01/00050.jpg",
      "transform_matrix": [
        [
          -0.738507,
          -0.136603,
          0.660263,
          1.943548
        ],
        [
          -0.670338,
          0.04348,
          -0.740781,
          3.314087
        ],
        [
          0.072485,
          -0.989671,
          -0.123681,
          1.690735
        ],
        [
          0.0,
          0.0,
          0.0,
          1.0
        ]
      ]
    },
    {
      "file_path": "/media/NFS/ttao/scannet/posed_images/scene0271_01/00061.jpg",
      "transform_matrix": [
        [
          -0.586549,
          -0.101915,
          0.803476,
          1.906785
        ],
        [
          -0.808476,
          0.014581,
          -0.588349,
          3.297964
        ],
        [
          0.048247,
          -0.994686,
          -0.090949,
          1.694479
        ],
        [
          0.0,
          0.0,
          0.0,
          1.0
        ]
      ]
    },
    {
      "file_path": "/media/NFS/ttao/scannet/posed_images/scene0271_01/00063.jpg",
      "transform_matrix": [
        [
          -0.553644,
          -0.104649,
          0.826152,
          1.896099
        ],
        [
          -0.831358,
          0.012045,
          -0.555607,
          3.287771
        ],
        [
          0.048193,
          -0.994436,
          -0.093669,
          1.699125
        ],
        [
          0.0,
          0.0,
          0.0,
          1.0
        ]
      ]
    },
    {
      "file_path": "/media/NFS/ttao/scannet/posed_images/scene0271_01/00072.jpg",
      "transform_matrix": [
        [
          -0.442099,
          -0.120139,
          0.888884,
          1.908319
        ],
        [
          -0.895981,
          0.012714,
          -0.443911,
          3.299203
        ],
        [
          0.04203,
          -0.992676,
          -0.113263,
          1.704348
        ],
        [
          0.0,
          0.0,
          0.0,
          1.0
        ]
      ]
    },
    {
      "file_path": "/media/NFS/ttao/scannet/posed_images/scene0271_01/00080.jpg",
      "transform_matrix": [
        [
          -0.36562,
          -0.143455,
          0.919643,
          1.928408
        ],
        [
          -0.929653,
          0.008021,
          -0.368348,
          3.323557
        ],
        [
          0.045465,
          -0.989624,
          -0.136296,
          1.694113
        ],
        [
          0.0,
          0.0,
          0.0,
          1.0
        ]
      ]
    },
    {
      "file_path": "/media/NFS/ttao/scannet/posed_images/scene0271_01/00086.jpg",
      "transform_matrix": [
        [
          -0.29865,
          -0.166961,
          0.939645,
          1.932433
        ],
        [
          -0.952797,
          -0.004217,
          -0.303579,
          3.31692
        ],
        [
          0.054648,
          -0.985954,
          -0.157821,
          1.699721
        ],
        [
          0.0,
          0.0,
          0.0,
          1.0
        ]
      ]
    },
    {
      "file_path": "/media/NFS/ttao/scannet/posed_images/scene0271_01/00089.jpg",
      "transform_matrix": [
        [
          -0.271473,
          -0.177362,
          0.945962,
          1.937327
        ],
        [
          -0.961157,
          -0.000882,
          -0.275999,
          3.316373
        ],
        [
          0.049786,
          -0.984145,
          -0.170234,
          1.688029
        ],
        [
          0.0,
          0.0,
          0.0,
          1.0
        ]
      ]
    },
    {
      "file_path": "/media/NFS/ttao/scannet/posed_images/scene0271_01/00093.jpg",
      "transform_matrix": [
        [
          -0.237589,
          -0.190239,
          0.952555,
          1.940573
        ],
        [
          -0.970149,
          -0.002587,
          -0.242494,
          3.320596
        ],
        [
          0.048596,
          -0.981734,
          -0.183946,
          1.668429
        ],
        [
          0.0,
          0.0,
          0.0,
          1.0
        ]
      ]
    },
    {
      "file_path": "/media/NFS/ttao/scannet/posed_images/scene0271_01/00103.jpg",
      "transform_matrix": [
        [
          -0.150467,
          -0.28267,
          0.947342,
          1.967245
        ],
        [
          -0.987375,
          -0.005007,
          -0.158319,
          3.325756
        ],
        [
          0.049496,
          -0.959204,
          -0.278348,
          1.630593
        ],
        [
          0.0,
          0.0,
          0.0,
          1.0
        ]
      ]
    },
    {
      "file_path": "/media/NFS/ttao/scannet/posed_images/scene0271_01/00110.jpg",
      "transform_matrix": [
        [
          -0.094874,
          -0.339791,
          0.935704,
          1.977537
        ],
        [
          -0.994888,
          -0.000307,
          -0.100987,
          3.330436
        ],
        [
          0.034602,
          -0.940501,
          -0.338025,
          1.597255
        ],
        [
          0.0,
          0.0,
          0.0,
          1.0
        ]
      ]
    },
    {
      "file_path": "/media/NFS/ttao/scannet/posed_images/scene0271_01/00118.jpg",
      "transform_matrix": [
        [
          -0.023229,
          -0.395907,
          0.917997,
          1.996399
        ],
        [
          -0.99901,
          -0.025661,
          -0.036346,
          3.316552
        ],
        [
          0.037947,
          -0.917932,
          -0.394919,
          1.556885
        ],
        [
          0.0,
          0.0,
          0.0,
          1.0
        ]
      ]
    },
    {
      "file_path": "/media/NFS/ttao/scannet/posed_images/scene0271_01/00120.jpg",
      "transform_matrix": [
        [
          -0.011179,
          -0.417129,
          0.908779,
          2.0073
        ],
        [
          -0.998934,
          -0.036046,
          -0.028834,
          3.308613
        ],
        [
          0.044785,
          -0.908132,
          -0.416281,
          1.545367
        ],
        [
          0.0,
          0.0,
          0.0,
          1.0
        ]
      ]
    },
    {
      "file_path": "/media/NFS/ttao/scannet/posed_images/scene0271_01/00128.jpg",
      "transform_matrix": [
        [
          0.064738,
          -0.469827,
          0.880382,
          2.05534
        ],
        [
          -0.996578,
          -0.075875,
          0.032791,
          3.280461
        ],
        [
          0.051393,
          -0.879492,
          -0.473131,
          1.502982
        ],
        [
          0.0,
          0.0,
          0.0,
          1.0
        ]
      ]
    },
    {
      "file_path": "/media/NFS/ttao/scannet/posed_images/scene0271_01/00137.jpg",
      "transform_matrix": [
        [
          0.160709,
          -0.5019,
          0.849864,
          2.165023
        ],
        [
          -0.986851,
          -0.096778,
          0.12946,
          3.284148
        ],
        [
          0.017272,
          -0.859494,
          -0.510853,
          1.460396
        ],
        [
          0.0,
          0.0,
          0.0,
          1.0
        ]
      ]
    },
    {
      "file_path": "/media/NFS/ttao/scannet/posed_images/scene0271_01/00143.jpg",
      "transform_matrix": [
        [
          0.208018,
          -0.478332,
          0.853186,
          2.270957
        ],
        [
          -0.977829,
          -0.12314,
          0.16937,
          3.295126
        ],
        [
          0.024047,
          -0.869502,
          -0.493343,
          1.461587
        ],
        [
          0.0,
          0.0,
          0.0,
          1.0
        ]
      ]
    },
    {
      "file_path": "/media/NFS/ttao/scannet/posed_images/scene0271_01/00145.jpg",
      "transform_matrix": [
        [
          0.217346,
          -0.478142,
          0.850965,
          2.305479
        ],
        [
          -0.975655,
          -0.132591,
          0.174693,
          3.30053
        ],
        [
          0.029302,
          -0.868217,
          -0.495319,
          1.472496
        ],
        [
          0.0,
          0.0,
          0.0,
          1.0
        ]
      ]
    },
    {
      "file_path": "/media/NFS/ttao/scannet/posed_images/scene0271_01/00156.jpg",
      "transform_matrix": [
        [
          0.296819,
          -0.332739,
          0.895089,
          2.438402
        ],
        [
          -0.954141,
          -0.141524,
          0.263791,
          3.277813
        ],
        [
          0.038903,
          -0.932339,
          -0.359487,
          1.549353
        ],
        [
          0.0,
          0.0,
          0.0,
          1.0
        ]
      ]
    },
    {
      "file_path": "/media/NFS/ttao/scannet/posed_images/scene0271_01/00158.jpg",
      "transform_matrix": [
        [
          0.305854,
          -0.307064,
          0.901202,
          2.458672
        ],
        [
          -0.951011,
          -0.143338,
          0.27392,
          3.26848
        ],
        [
          0.045065,
          -0.940832,
          -0.335862,
          1.56283
        ],
        [
          0.0,
          0.0,
          0.0,
          1.0
        ]
      ]
    },
    {
      "file_path": "/media/NFS/ttao/scannet/posed_images/scene0271_01/00168.jpg",
      "transform_matrix": [
        [
          0.416255,
          -0.21341,
          0.883848,
          2.548385
        ],
        [
          -0.908946,
          -0.122727,
          0.398441,
          3.139637
        ],
        [
          0.023441,
          -0.969223,
          -0.245064,
          1.60357
        ],
        [
          0.0,
          0.0,
          0.0,
          1.0
        ]
      ]
    },
    {
      "file_path": "/media/NFS/ttao/scannet/posed_images/scene0271_01/00173.jpg",
      "transform_matrix": [
        [
          0.471362,
          -0.209898,
          0.856598,
          2.604793
        ],
        [
          -0.881722,
          -0.133724,
          0.45242,
          3.078262
        ],
        [
          0.019586,
          -0.968535,
          -0.248105,
          1.616261
        ],
        [
          0.0,
          0.0,
          0.0,
          1.0
        ]
      ]
    },
    {
      "file_path": "/media/NFS/ttao/scannet/posed_images/scene0271_01/00181.jpg",
      "transform_matrix": [
        [
          0.581987,
          -0.204856,
          0.786973,
          2.699503
        ],
        [
          -0.813128,
          -0.15933,
          0.559855,
          3.008159
        ],
        [
          0.010699,
          -0.965737,
          -0.259302,
          1.619785
        ],
        [
          0.0,
          0.0,
          0.0,
          1.0
        ]
      ]
    },
    {
      "file_path": "/media/NFS/ttao/scannet/posed_images/scene0271_01/00187.jpg",
      "transform_matrix": [
        [
          0.651336,
          -0.202253,
          0.731338,
          2.802657
        ],
        [
          -0.758549,
          -0.197785,
          0.620874,
          2.973082
        ],
        [
          0.019074,
          -0.959153,
          -0.282243,
          1.588698
        ],
        [
          0.0,
          0.0,
          0.0,
          1.0
        ]
      ]
    },
    {
      "file_path": "/media/NFS/ttao/scannet/posed_images/scene0271_01/00188.jpg",
      "transform_matrix": [
        [
          0.663059,
          -0.19772,
          0.721983,
          2.823109
        ],
        [
          -0.748146,
          -0.207404,
          0.630287,
          2.968951
        ],
        [
          0.025122,
          -0.958066,
          -0.285445,
          1.581591
        ],
        [
          0.0,
          0.0,
          0.0,
          1.0
        ]
      ]
    },
    {
      "file_path": "/media/NFS/ttao/scannet/posed_images/scene0271_01/00196.jpg",
      "transform_matrix": [
        [
          0.709379,
          -0.181034,
          0.681182,
          2.950849
        ],
        [
          -0.698386,
          -0.310896,
          0.644671,
          2.965943
        ],
        [
          0.095069,
          -0.933044,
          -0.346975,
          1.5343
        ],
        [
          0.0,
          0.0,
          0.0,
          1.0
        ]
      ]
    },
    {
      "file_path": "/media/NFS/ttao/scannet/posed_images/scene0271_01/00204.jpg",
      "transform_matrix": [
        [
          0.798273,
          -0.213724,
          0.5631,
          3.063107
        ],
        [
          -0.601951,
          -0.314703,
          0.733905,
          2.945645
        ],
        [
          0.020356,
          -0.924816,
          -0.379871,
          1.504236
        ],
        [
          0.0,
          0.0,
          0.0,
          1.0
        ]
      ]
    },
    {
      "file_path": "/media/NFS/ttao/scannet/posed_images/scene0271_01/00211.jpg",
      "transform_matrix": [
        [
          0.877836,
          -0.172235,
          0.446924,
          3.144441
        ],
        [
          -0.478799,
          -0.339988,
          0.80942,
          2.89944
        ],
        [
          0.012538,
          -0.924523,
          -0.380919,
          1.481949
        ],
        [
          0.0,
          0.0,
          0.0,
          1.0
        ]
      ]
    },
    {
      "file_path": "/media/NFS/ttao/scannet/posed_images/scene0271_01/00215.jpg",
      "transform_matrix": [
        [
          0.912576,
          -0.140752,
          0.38392,
          3.200991
        ],
        [
          -0.408132,
          -0.371339,
          0.833988,
          2.8618
        ],
        [
          0.025179,
          -0.917767,
          -0.39632,
          1.470031
        ],
        [
          0.0,
          0.0,
          0.0,
          1.0
        ]
      ]
    },
    {
      "file_path": "/media/NFS/ttao/scannet/posed_images/scene0271_01/00225.jpg",
      "transform_matrix": [
        [
          0.96965,
          -0.109381,
          0.218665,
          3.286911
        ],
        [
          -0.244495,
          -0.430811,
          0.868691,
          2.845081
        ],
        [
          -0.000815,
          -0.895789,
          -0.444479,
          1.456737
        ],
        [
          0.0,
          0.0,
          0.0,
          1.0
        ]
      ]
    },
    {
      "file_path": "/media/NFS/ttao/scannet/posed_images/scene0271_01/00232.jpg",
      "transform_matrix": [
        [
          0.988699,
          -0.077859,
          0.128106,
          3.30986
        ],
        [
          -0.148721,
          -0.401968,
          0.903495,
          2.877769
        ],
        [
          -0.018851,
          -0.912337,
          -0.409005,
          1.453456
        ],
        [
          0.0,
          0.0,
          0.0,
          1.0
        ]
      ]
    },
    {
      "file_path": "/media/NFS/ttao/scannet/posed_images/scene0271_01/00234.jpg",
      "transform_matrix": [
        [
          0.990292,
          -0.07143,
          0.119244,
          3.312813
        ],
        [
          -0.138102,
          -0.40821,
          0.902381,
          2.895
        ],
        [
          -0.015781,
          -0.910089,
          -0.414112,
          1.45522
        ],
        [
          0.0,
          0.0,
          0.0,
          1.0
        ]
      ]
    },
    {
      "file_path": "/media/NFS/ttao/scannet/posed_images/scene0271_01/00244.jpg",
      "transform_matrix": [
        [
          0.998334,
          -0.051164,
          0.02669,
          3.319824
        ],
        [
          -0.043014,
          -0.351455,
          0.935216,
          2.955357
        ],
        [
          -0.038469,
          -0.934805,
          -0.35307,
          1.503813
        ],
        [
          0.0,
          0.0,
          0.0,
          1.0
        ]
      ]
    },
    {
      "file_path": "/media/NFS/ttao/scannet/posed_images/scene0271_01/00249.jpg",
      "transform_matrix": [
        [
          0.998864,
          -0.034144,
          -0.033247,
          3.341635
        ],
        [
          0.020657,
          -0.318484,
          0.947703,
          2.975672
        ],
        [
          -0.042947,
          -0.947313,
          -0.317417,
          1.520952
        ],
        [
          0.0,
          0.0,
          0.0,
          1.0
        ]
      ]
    },
    {
      "file_path": "/media/NFS/ttao/scannet/posed_images/scene0271_01/00257.jpg",
      "transform_matrix": [
        [
          0.985954,
          -0.028621,
          -0.16455,
          3.374681
        ],
        [
          0.151198,
          -0.265612,
          0.95215,
          2.999967
        ],
        [
          -0.070957,
          -0.963655,
          -0.257553,
          1.558641
        ],
        [
          0.0,
          0.0,
          0.0,
          1.0
        ]
      ]
    },
    {
      "file_path": "/media/NFS/ttao/scannet/posed_images/scene0271_01/00261.jpg",
      "transform_matrix": [
        [
          0.972927,
          -0.009412,
          -0.230923,
          3.390901
        ],
        [
          0.221276,
          -0.250498,
          0.942491,
          3.004947
        ],
        [
          -0.066716,
          -0.968071,
          -0.241633,
          1.566298
        ],
        [
          0.0,
          0.0,
          0.0,
          1.0
        ]
      ]
    },
    {
      "file_path": "/media/NFS/ttao/scannet/posed_images/scene0271_01/00268.jpg",
      "transform_matrix": [
        [
          0.928198,
          0.030977,
          -0.370794,
          3.453559
        ],
        [
          0.368237,
          -0.219444,
          0.903463,
          3.005089
        ],
        [
          -0.053382,
          -0.975133,
          -0.215095,
          1.561016
        ],
        [
          0.0,
          0.0,
          0.0,
          1.0
        ]
      ]
    },
    {
      "file_path": "/media/NFS/ttao/scannet/posed_images/scene0271_01/00276.jpg",
      "transform_matrix": [
        [
          0.881281,
          0.073243,
          -0.466884,
          3.444556
        ],
        [
          0.470099,
          -0.237254,
          0.850128,
          2.985923
        ],
        [
          -0.048504,
          -0.968683,
          -0.243519,
          1.548637
        ],
        [
          0.0,
          0.0,
          0.0,
          1.0
        ]
      ]
    },
    {
      "file_path": "/media/NFS/ttao/scannet/posed_images/scene0271_01/00278.jpg",
      "transform_matrix": [
        [
          0.864829,
          0.085614,
          -0.494714,
          3.446994
        ],
        [
          0.499941,
          -0.237435,
          0.832876,
          2.984668
        ],
        [
          -0.046157,
          -0.967623,
          -0.248143,
          1.547965
        ],
        [
          0.0,
          0.0,
          0.0,
          1.0
        ]
      ]
    },
    {
      "file_path": "/media/NFS/ttao/scannet/posed_images/scene0271_01/00289.jpg",
      "transform_matrix": [
        [
          0.776401,
          0.135039,
          -0.615602,
          3.431777
        ],
        [
          0.628733,
          -0.233439,
          0.741755,
          2.9613
        ],
        [
          -0.04354,
          -0.962949,
          -0.266146,
          1.531979
        ],
        [
          0.0,
          0.0,
          0.0,
          1.0
        ]
      ]
    },
    {
      "file_path": "/media/NFS/ttao/scannet/posed_images/scene0271_01/00291.jpg",
      "transform_matrix": [
        [
          0.772998,
          0.143072,
          -0.618066,
          3.404333
        ],
        [
          0.633728,
          -0.219268,
          0.741829,
          2.931804
        ],
        [
          -0.029387,
          -0.965118,
          -0.260162,
          1.522473
        ],
        [
          0.0,
          0.0,
          0.0,
          1.0
        ]
      ]
    },
    {
      "file_path": "/media/NFS/ttao/scannet/posed_images/scene0271_01/00297.jpg",
      "transform_matrix": [
        [
          0.70027,
          0.157545,
          -0.696277,
          3.404871
        ],
        [
          0.712903,
          -0.205279,
          0.670544,
          2.924659
        ],
        [
          -0.03729,
          -0.96594,
          -0.256065,
          1.519598
        ],
        [
          0.0,
          0.0,
          0.0,
          1.0
        ]
      ]
    },
    {
      "file_path": "/media/NFS/ttao/scannet/posed_images/scene0271_01/00308.jpg",
      "transform_matrix": [
        [
          0.570663,
          0.191383,
          -0.798572,
          3.372406
        ],
        [
          0.820396,
          -0.175491,
          0.544201,
          2.885957
        ],
        [
          -0.035992,
          -0.965699,
          -0.257156,
          1.513728
        ],
        [
          0.0,
          0.0,
          0.0,
          1.0
        ]
      ]
    },
    {
      "file_path": "/media/NFS/ttao/scannet/posed_images/scene0271_01/00310.jpg",
      "transform_matrix": [
        [
          0.560587,
          0.19538,
          -0.804717,
          3.359435
        ],
        [
          0.827127,
          -0.179094,
          0.532716,
          2.878026
        ],
        [
          -0.040038,
          -0.964236,
          -0.262002,
          1.523166
        ],
        [
          0.0,
          0.0,
          0.0,
          1.0
        ]
      ]
    },
    {
      "file_path": "/media/NFS/ttao/scannet/posed_images/scene0271_01/00320.jpg",
      "transform_matrix": [
        [
          0.461398,
          0.212779,
          -0.8613,
          3.36902
        ],
        [
          0.886571,
          -0.146934,
          0.438636,
          2.876943
        ],
        [
          -0.033222,
          -0.965989,
          -0.256439,
          1.515759
        ],
        [
          0.0,
          0.0,
          0.0,
          1.0
        ]
      ]
    },
    {
      "file_path": "/media/NFS/ttao/scannet/posed_images/scene0271_01/00324.jpg",
      "transform_matrix": [
        [
          0.422601,
          0.219837,
          -0.87925,
          3.366723
        ],
        [
          0.906001,
          -0.128031,
          0.403447,
          2.872925
        ],
        [
          -0.023879,
          -0.967099,
          -0.253278,
          1.504057
        ],
        [
          0.0,
          0.0,
          0.0,
          1.0
        ]
      ]
    },
    {
      "file_path": "/media/NFS/ttao/scannet/posed_images/scene0271_01/00329.jpg",
      "transform_matrix": [
        [
          0.364491,
          0.230771,
          -0.902159,
          3.364513
        ],
        [
          0.931002,
          -0.110622,
          0.347847,
          2.877859
        ],
        [
          -0.019525,
          -0.966699,
          -0.255169,
          1.499231
        ],
        [
          0.0,
          0.0,
          0.0,
          1.0
        ]
      ]
    },
    {
      "file_path": "/media/NFS/ttao/scannet/posed_images/scene0271_01/00339.jpg",
      "transform_matrix": [
        [
          0.220114,
          0.269693,
          -0.937451,
          3.340451
        ],
        [
          0.975146,
          -0.085751,
          0.204295,
          2.855336
        ],
        [
          -0.02529,
          -0.959121,
          -0.281866,
          1.471604
        ],
        [
          0.0,
          0.0,
          0.0,
          1.0
        ]
      ]
    },
    {
      "file_path": "/media/NFS/ttao/scannet/posed_images/scene0271_01/00347.jpg",
      "transform_matrix": [
        [
          0.119931,
          0.285177,
          -0.950942,
          3.317233
        ],
        [
          0.992459,
          -0.058874,
          0.107512,
          2.904323
        ],
        [
          -0.025325,
          -0.956665,
          -0.290088,
          1.453639
        ],
        [
          0.0,
          0.0,
          0.0,
          1.0
        ]
      ]
    },
    {
      "file_path": "/media/NFS/ttao/scannet/posed_images/scene0271_01/00350.jpg",
      "transform_matrix": [
        [
          0.092966,
          0.276693,
          -0.956451,
          3.303147
        ],
        [
          0.995355,
          -0.049953,
          0.082296,
          2.908923
        ],
        [
          -0.025007,
          -0.959659,
          -0.280051,
          1.450888
        ],
        [
          0.0,
          0.0,
          0.0,
          1.0
        ]
      ]
    },
    {
      "file_path": "/media/NFS/ttao/scannet/posed_images/scene0271_01/00358.jpg",
      "transform_matrix": [
        [
          0.008284,
          0.265351,
          -0.964117,
          3.258271
        ],
        [
          0.999907,
          -0.012657,
          0.005108,
          2.905
        ],
        [
          -0.010848,
          -0.964069,
          -0.265431,
          1.422713
        ],
        [
          0.0,
          0.0,
          0.0,
          1.0
        ]
      ]
    },
    {
      "file_path": "/media/NFS/ttao/scannet/posed_images/scene0271_01/00360.jpg",
      "transform_matrix": [
        [
          -0.004781,
          0.271175,
          -0.962518,
          3.232401
        ],
        [
          0.999977,
          -0.003257,
          -0.005884,
          2.899435
        ],
        [
          -0.004731,
          -0.962524,
          -0.271154,
          1.434537
        ],
        [
          0.0,
          0.0,
          0.0,
          1.0
        ]
      ]
    },
    {
      "file_path": "/media/NFS/ttao/scannet/posed_images/scene0271_01/00371.jpg",
      "transform_matrix": [
        [
          -0.12063,
          0.19166,
          -0.97402,
          3.136977
        ],
        [
          0.99172,
          -0.020273,
          -0.126812,
          2.896744
        ],
        [
          -0.044051,
          -0.981252,
          -0.187628,
          1.397951
        ],
        [
          0.0,
          0.0,
          0.0,
          1.0
        ]
      ]
    },
    {
      "file_path": "/media/NFS/ttao/scannet/posed_images/scene0271_01/00377.jpg",
      "transform_matrix": [
        [
          -0.148811,
          0.193246,
          -0.9698,
          3.086546
        ],
        [
          0.98857,
          0.005068,
          -0.150681,
          2.875684
        ],
        [
          -0.024203,
          -0.981137,
          -0.191791,
          1.366985
        ],
        [
          0.0,
          0.0,
          0.0,
          1.0
        ]
      ]
    },
    {
      "file_path": "/media/NFS/ttao/scannet/posed_images/scene0271_01/00379.jpg",
      "transform_matrix": [
        [
          -0.158485,
          0.18514,
          -0.969848,
          3.070106
        ],
        [
          0.987253,
          0.015167,
          -0.158434,
          2.869325
        ],
        [
          -0.014622,
          -0.982595,
          -0.185184,
          1.355936
        ],
        [
          0.0,
          0.0,
          0.0,
          1.0
        ]
      ]
    },
    {
      "file_path": "/media/NFS/ttao/scannet/posed_images/scene0271_01/00390.jpg",
      "transform_matrix": [
        [
          -0.253607,
          0.113097,
          -0.960673,
          3.022087
        ],
        [
          0.96696,
          0.003013,
          -0.254912,
          2.851848
        ],
        [
          -0.025935,
          -0.993579,
          -0.110125,
          1.207645
        ],
        [
          0.0,
          0.0,
          0.0,
          1.0
        ]
      ]
    },
    {
      "file_path": "/media/NFS/ttao/scannet/posed_images/scene0271_01/00394.jpg",
      "transform_matrix": [
        [
          -0.284813,
          0.106174,
          -0.952685,
          3.01354
        ],
        [
          0.958371,
          0.010625,
          -0.285328,
          2.851969
        ],
        [
          -0.020172,
          -0.994291,
          -0.10478,
          1.158795
        ],
        [
          0.0,
          0.0,
          0.0,
          1.0
        ]
      ]
    },
    {
      "file_path": "/media/NFS/ttao/scannet/posed_images/scene0271_01/00400.jpg",
      "transform_matrix": [
        [
          -0.300268,
          0.112322,
          -0.947218,
          3.006723
        ],
        [
          0.953638,
          0.014165,
          -0.300623,
          2.80744
        ],
        [
          -0.02035,
          -0.993571,
          -0.111368,
          1.047336
        ],
        [
          0.0,
          0.0,
          0.0,
          1.0
        ]
      ]
    },
    {
      "file_path": "/media/NFS/ttao/scannet/posed_images/scene0271_01/00407.jpg",
      "transform_matrix": [
        [
          -0.355205,
          0.154578,
          -0.921919,
          2.990365
        ],
        [
          0.934623,
          0.04015,
          -0.353368,
          2.814238
        ],
        [
          -0.017608,
          -0.987164,
          -0.158733,
          0.993432
        ],
        [
          0.0,
          0.0,
          0.0,
          1.0
        ]
      ]
    },
    {
      "file_path": "/media/NFS/ttao/scannet/posed_images/scene0271_01/00411.jpg",
      "transform_matrix": [
        [
          -0.370222,
          0.15815,
          -0.915382,
          3.000459
        ],
        [
          0.928942,
          0.06112,
          -0.365146,
          2.768157
        ],
        [
          -0.001799,
          -0.985522,
          -0.16954,
          0.965875
        ],
        [
          0.0,
          0.0,
          0.0,
          1.0
        ]
      ]
    },
    {
      "file_path": "/media/NFS/ttao/scannet/posed_images/scene0271_01/00421.jpg",
      "transform_matrix": [
        [
          -0.461763,
          0.270886,
          -0.844627,
          3.022864
        ],
        [
          0.886993,
          0.136491,
          -0.44115,
          2.737625
        ],
        [
          -0.004217,
          -0.952886,
          -0.303301,
          1.002286
        ],
        [
          0.0,
          0.0,
          0.0,
          1.0
        ]
      ]
    },
    {
      "file_path": "/media/NFS/ttao/scannet/posed_images/scene0271_01/00425.jpg",
      "transform_matrix": [
        [
          -0.486883,
          0.306789,
          -0.817817,
          3.033044
        ],
        [
          0.873263,
          0.150742,
          -0.463345,
          2.745655
        ],
        [
          -0.01887,
          -0.939764,
          -0.341302,
          1.039751
        ],
        [
          0.0,
          0.0,
          0.0,
          1.0
        ]
      ]
    },
    {
      "file_path": "/media/NFS/ttao/scannet/posed_images/scene0271_01/00430.jpg",
      "transform_matrix": [
        [
          -0.515693,
          0.342604,
          -0.785292,
          3.055962
        ],
        [
          0.855411,
          0.154221,
          -0.494457,
          2.739513
        ],
        [
          -0.048294,
          -0.926735,
          -0.372598,
          1.096078
        ],
        [
          0.0,
          0.0,
          0.0,
          1.0
        ]
      ]
    },
    {
      "file_path": "/media/NFS/ttao/scannet/posed_images/scene0271_01/00442.jpg",
      "transform_matrix": [
        [
          -0.621774,
          0.398445,
          -0.674269,
          3.086248
        ],
        [
          0.781488,
          0.258794,
          -0.567717,
          2.755807
        ],
        [
          -0.051707,
          -0.879925,
          -0.472291,
          1.195603
        ],
        [
          0.0,
          0.0,
          0.0,
          1.0
        ]
      ]
    },
    {
      "file_path": "/media/NFS/ttao/scannet/posed_images/scene0271_01/00446.jpg",
      "transform_matrix": [
        [
          -0.657535,
          0.376305,
          -0.652719,
          3.090447
        ],
        [
          0.752683,
          0.28967,
          -0.591236,
          2.758396
        ],
        [
          -0.033412,
          -0.880049,
          -0.473706,
          1.233989
        ],
        [
          0.0,
          0.0,
          0.0,
          1.0
        ]
      ]
    },
    {
      "file_path": "/media/NFS/ttao/scannet/posed_images/scene0271_01/00453.jpg",
      "transform_matrix": [
        [
          -0.685239,
          0.319043,
          -0.654721,
          3.088459
        ],
        [
          0.727477,
          0.256638,
          -0.636328,
          2.743655
        ],
        [
          -0.03499,
          -0.912331,
          -0.407955,
          1.310434
        ],
        [
          0.0,
          0.0,
          0.0,
          1.0
        ]
      ]
    },
    {
      "file_path": "/media/NFS/ttao/scannet/posed_images/scene0271_01/00459.jpg",
      "transform_matrix": [
        [
          -0.705891,
          0.280195,
          -0.650545,
          3.069735
        ],
        [
          0.706777,
          0.218041,
          -0.672996,
          2.7523
        ],
        [
          -0.046725,
          -0.934852,
          -0.351949,
          1.355128
        ],
        [
          0.0,
          0.0,
          0.0,
          1.0
        ]
      ]
    },
    {
      "file_path": "/media/NFS/ttao/scannet/posed_images/scene0271_01/00466.jpg",
      "transform_matrix": [
        [
          -0.723581,
          0.239964,
          -0.647185,
          3.059114
        ],
        [
          0.688458,
          0.18358,
          -0.701658,
          2.761292
        ],
        [
          -0.049562,
          -0.953266,
          -0.29804,
          1.420486
        ],
        [
          0.0,
          0.0,
          0.0,
          1.0
        ]
      ]
    },
    {
      "file_path": "/media/NFS/ttao/scannet/posed_images/scene0271_01/00468.jpg",
      "transform_matrix": [
        [
          -0.730849,
          0.219702,
          -0.646212,
          3.051589
        ],
        [
          0.681242,
          0.176477,
          -0.710468,
          2.776278
        ],
        [
          -0.042049,
          -0.959472,
          -0.278649,
          1.437628
        ],
        [
          0.0,
          0.0,
          0.0,
          1.0
        ]
      ]
    },
    {
      "file_path": "/media/NFS/ttao/scannet/posed_images/scene0271_01/00474.jpg",
      "transform_matrix": [
        [
          -0.761758,
          0.171089,
          -0.624863,
          3.056503
        ],
        [
          0.647512,
          0.169402,
          -0.742988,
          2.816921
        ],
        [
          -0.021264,
          -0.970583,
          -0.239825,
          1.475895
        ],
        [
          0.0,
          0.0,
          0.0,
          1.0
        ]
      ]
    },
    {
      "file_path": "/media/NFS/ttao/scannet/posed_images/scene0271_01/00484.jpg",
      "transform_matrix": [
        [
          -0.84049,
          0.056631,
          -0.538859,
          3.041641
        ],
        [
          0.538503,
          0.19729,
          -0.819202,
          2.917849
        ],
        [
          0.059919,
          -0.978708,
          -0.196316,
          1.526077
        ],
        [
          0.0,
          0.0,
          0.0,
          1.0
        ]
      ]
    },
    {
      "file_path": "/media/NFS/ttao/scannet/posed_images/scene0271_01/00491.jpg",
      "transform_matrix": [
        [
          -0.887983,
          0.027596,
          -0.459048,
          3.027939
        ],
        [
          0.456557,
          0.172631,
          -0.872785,
          2.972761
        ],
        [
          0.055161,
