{
  "frames": [
    {
      "file_path": "/media/NFS/ttao/scannet/posed_images/scene0574_01/00002.jpg",
      "transform_matrix": [
        [
          -0.763113,
          -0.353689,
          0.540891,
          0.644099
        ],
        [
          -0.641347,
          0.517518,
          -0.566435,
          3.512277
        ],
        [
          -0.079579,
          -0.779153,
          -0.621762,
          1.356568
        ],
        [
          0.0,
          0.0,
          0.0,
          1.0
        ]
      ]
    },
    {
      "file_path": "/media/NFS/ttao/scannet/posed_images/scene0574_01/00008.jpg",
      "transform_matrix": [
        [
          -0.770014,
          -0.35656,
          0.529097,
          0.651145
        ],
        [
          -0.633677,
          0.524057,
          -0.56905,
          3.520508
        ],
        [
          -0.074376,
          -0.773453,
          -0.629475,
          1.356549
        ],
        [
          0.0,
          0.0,
          0.0,
          1.0
        ]
      ]
    },
    {
      "file_path": "/media/NFS/ttao/scannet/posed_images/scene0574_01/00010.jpg",
      "transform_matrix": [
        [
          -0.772086,
          -0.358298,
          0.524886,
          0.654675
        ],
        [
          -0.631596,
          0.524229,
          -0.571201,
          3.522788
        ],
        [
          -0.0705,
          -0.772532,
          -0.63105,
          1.356537
        ],
        [
          0.0,
          0.0,
          0.0,
          1.0
        ]
      ]
    },
    {
      "file_path": "/media/NFS/ttao/scannet/posed_images/scene0574_01/00020.jpg",
      "transform_matrix": [
        [
          -0.783084,
          -0.332333,
          0.525676,
          0.718381
        ],
        [
          -0.618125,
          0.509096,
          -0.598952,
          3.481444
        ],
        [
          -0.068568,
          -0.793962,
          -0.604088,
          1.356639
        ],
        [
          0.0,
          0.0,
          0.0,
          1.0
        ]
      ]
    },
    {
      "file_path": "/media/NFS/ttao/scannet/posed_images/scene0574_01/00022.jpg",
      "transform_matrix": [
        [
          -0.782301,
          -0.330645,
          0.5279,
          0.735255
        ],
        [
          -0.618884,
          0.508668,
          -0.598531,
          3.466899
        ],
        [
          -0.070624,
          -0.79494,
          -0.602563,
          1.354116
        ],
        [
          0.0,
          0.0,
          0.0,
          1.0
        ]
      ]
    },
    {
      "file_path": "/media/NFS/ttao/scannet/posed_images/scene0574_01/00029.jpg",
      "transform_matrix": [
        [
          -0.79099,
          -0.325995,
          0.517747,
          0.802962
        ],
        [
          -0.60722,
          0.521955,
          -0.599039,
          3.39431
        ],
        [
          -0.074957,
          -0.78822,
          -0.610812,
          1.358529
        ],
        [
          0.0,
          0.0,
          0.0,
          1.0
        ]
      ]
    },
    {
      "file_path": "/media/NFS/ttao/scannet/posed_images/scene0574_01/00032.jpg",
      "transform_matrix": [
        [
          -0.78892,
          -0.329411,
          0.518742,
          0.822033
        ],
        [
          -0.610672,
          0.514315,
          -0.60213,
          3.374489
        ],
        [
          -0.068448,
          -0.791813,
          -0.606916,
          1.359612
        ],
        [
          0.0,
          0.0,
          0.0,
          1.0
        ]
      ]
    },
    {
      "file_path": "/media/NFS/ttao/scannet/posed_images/scene0574_01/00040.jpg",
      "transform_matrix": [
        [
          -0.81692,
          -0.323176,
          0.477702,
          0.861832
        ],
        [
          -0.573153,
          0.547278,
          -0.609904,
          3.334683
        ],
        [
          -0.064329,
          -0.772039,
          -0.632311,
          1.350138
        ],
        [
          0.0,
          0.0,
          0.0,
          1.0
        ]
      ]
    },
    {
      "file_path": "/media/NFS/ttao/scannet/posed_images/scene0574_01/00047.jpg",
      "transform_matrix": [
        [
          -0.849602,
          -0.297962,
          0.435196,
          0.900086
        ],
        [
          -0.523912,
          0.571846,
          -0.631275,
          3.305935
        ],
        [
          -0.06077,
          -0.764336,
          -0.641948,
          1.345277
        ],
        [
          0.0,
          0.0,
          0.0,
          1.0
        ]
      ]
    },
    {
      "file_path": "/media/NFS/ttao/scannet/posed_images/scene0574_01/00054.jpg",
      "transform_matrix": [
        [
          -0.889961,
          -0.255976,
          0.377419,
          0.957978
        ],
        [
          -0.452647,
          0.596547,
          -0.662753,
          3.291345
        ],
        [
          -0.0555,
          -0.760662,
          -0.646771,
          1.340327
        ],
        [
          0.0,
          0.0,
          0.0,
          1.0
        ]
      ]
    },
    {
      "file_path": "/media/NFS/ttao/scannet/posed_images/scene0574_01/00057.jpg",
      "transform_matrix": [
        [
          -0.904539,
          -0.237776,
          0.353939,
          0.985525
        ],
        [
          -0.423247,
          0.601328,
          -0.677692,
          3.288171
        ],
        [
          -0.051694,
          -0.762802,
          -0.644562,
          1.337427
        ],
        [
          0.0,
          0.0,
          0.0,
          1.0
        ]
      ]
    },
    {
      "file_path": "/media/NFS/ttao/scannet/posed_images/scene0574_01/00064.jpg",
      "transform_matrix": [
        [
          -0.943271,
          -0.180492,
          0.278681,
          1.052093
        ],
        [
          -0.32847,
          0.629783,
          -0.703904,
          3.285038
        ],
        [
          -0.04846,
          -0.75551,
          -0.653342,
          1.313986
        ],
        [
          0.0,
          0.0,
          0.0,
          1.0
        ]
      ]
    },
    {
      "file_path": "/media/NFS/ttao/scannet/posed_images/scene0574_01/00066.jpg",
      "transform_matrix": [
        [
          -0.95099,
          -0.165626,
          0.261125,
          1.068797
        ],
        [
          -0.305595,
          0.632348,
          -0.711862,
          3.286043
        ],
        [
          -0.047219,
          -0.756772,
          -0.651971,
          1.306123
        ],
        [
          0.0,
          0.0,
          0.0,
          1.0
        ]
      ]
    },
    {
      "file_path": "/media/NFS/ttao/scannet/posed_images/scene0574_01/00076.jpg",
      "transform_matrix": [
        [
          -0.959358,
          -0.099977,
          0.263886,
          1.115898
        ],
        [
          -0.271332,
          0.583718,
          -0.765279,
          3.290299
        ],
        [
          -0.077525,
          -0.805778,
          -0.587122,
          1.284806
        ],
        [
          0.0,
          0.0,
          0.0,
          1.0
        ]
      ]
    },
    {
      "file_path": "/media/NFS/ttao/scannet/posed_images/scene0574_01/00078.jpg",
      "transform_matrix": [
        [
          -0.961779,
          -0.084475,
          0.26047,
          1.119575
        ],
        [
          -0.260734,
          0.573125,
          -0.776882,
          3.287959
        ],
        [
          -0.083654,
          -0.815102,
          -0.573245,
          1.276377
        ],
        [
          0.0,
          0.0,
          0.0,
          1.0
        ]
      ]
    },
    {
      "file_path": "/media/NFS/ttao/scannet/posed_images/scene0574_01/00083.jpg",
      "transform_matrix": [
        [
          -0.969761,
          -0.059078,
          0.236796,
          1.112241
        ],
        [
          -0.232627,
          0.517184,
          -0.823654,
          3.280003
        ],
        [
          -0.073807,
          -0.853833,
          -0.515288,
          1.246508
        ],
        [
          0.0,
          0.0,
          0.0,
          1.0
        ]
      ]
    },
    {
      "file_path": "/media/NFS/ttao/scannet/posed_images/scene0574_01/00089.jpg",
      "transform_matrix": [
        [
          -0.968981,
          -0.071964,
          0.236426,
          1.099102
        ],
        [
          -0.2409,
          0.488579,
          -0.838604,
          3.282792
        ],
        [
          -0.055164,
          -0.869547,
          -0.49076,
          1.19692
        ],
        [
          0.0,
          0.0,
          0.0,
          1.0
        ]
      ]
    },
    {
      "file_path": "/media/NFS/ttao/scannet/posed_images/scene0574_01/00098.jpg",
      "transform_matrix": [
        [
          -0.965988,
          -0.110228,
          0.233918,
          1.086531
        ],
        [
          -0.257526,
          0.491992,
          -0.831639,
          3.299359
        ],
        [
          -0.023416,
          -0.863593,
          -0.503645,
          1.100434
        ],
        [
          0.0,
          0.0,
          0.0,
          1.0
        ]
      ]
    },
    {
      "file_path": "/media/NFS/ttao/scannet/posed_images/scene0574_01/00101.jpg",
      "transform_matrix": [
        [
          -0.966048,
          -0.119099,
          0.229275,
          1.082567
        ],
        [
          -0.258038,
          0.489254,
          -0.833095,
          3.298524
        ],
        [
          -0.012953,
          -0.863971,
          -0.503375,
          1.083849
        ],
        [
          0.0,
          0.0,
          0.0,
          1.0
        ]
      ]
    },
    {
      "file_path": "/media/NFS/ttao/scannet/posed_images/scene0574_01/00110.jpg",
      "transform_matrix": [
        [
          -0.966066,
          -0.111793,
          0.232851,
          1.077798
        ],
        [
          -0.258248,
          0.400609,
          -0.879102,
          3.305601
        ],
        [
          0.004995,
          -0.909403,
          -0.415885,
          1.025081
        ],
        [
          0.0,
          0.0,
          0.0,
          1.0
        ]
      ]
    },
    {
      "file_path": "/media/NFS/ttao/scannet/posed_images/scene0574_01/00113.jpg",
      "transform_matrix": [
        [
          -0.964241,
          -0.11253,
          0.239951,
          1.07845
        ],
        [
          -0.264854,
          0.376447,
          -0.887772,
          3.309059
        ],
        [
          0.009572,
          -0.919578,
          -0.39279,
          1.004725
        ],
        [
          0.0,
          0.0,
          0.0,
          1.0
        ]
      ]
    },
    {
      "file_path": "/media/NFS/ttao/scannet/posed_images/scene0574_01/00118.jpg",
      "transform_matrix": [
        [
          -0.960479,
          -0.118473,
          0.251883,
          1.079571
        ],
        [
          -0.278016,
          0.363738,
          -0.889045,
          3.316493
        ],
        [
          0.013708,
          -0.923936,
          -0.3823,
          0.970708
        ],
        [
          0.0,
          0.0,
          0.0,
          1.0
        ]
      ]
    },
    {
      "file_path": "/media/NFS/ttao/scannet/posed_images/scene0574_01/00126.jpg",
      "transform_matrix": [
        [
          -0.946755,
          -0.154115,
          0.282674,
          1.080574
        ],
        [
          -0.320949,
          0.382384,
          -0.866472,
          3.327347
        ],
        [
          0.025447,
          -0.91106,
          -0.411487,
          0.974342
        ],
        [
          0.0,
          0.0,
          0.0,
          1.0
        ]
      ]
    },
    {
      "file_path": "/media/NFS/ttao/scannet/posed_images/scene0574_01/00131.jpg",
      "transform_matrix": [
        [
          -0.935906,
          -0.179327,
          0.303185,
          1.092685
        ],
        [
          -0.35154,
          0.420929,
          -0.836205,
          3.330692
        ],
        [
          0.022335,
          -0.889191,
          -0.45699,
          1.012154
        ],
        [
          0.0,
          0.0,
          0.0,
          1.0
        ]
      ]
    },
    {
      "file_path": "/media/NFS/ttao/scannet/posed_images/scene0574_01/00136.jpg",
      "transform_matrix": [
        [
          -0.934297,
          -0.188138,
          0.302809,
          1.106355
        ],
        [
          -0.356012,
          0.448149,
          -0.820011,
          3.325047
        ],
        [
          0.018572,
          -0.873937,
          -0.485683,
          1.066797
        ],
        [
          0.0,
          0.0,
          0.0,
          1.0
        ]
      ]
    },
    {
      "file_path": "/media/NFS/ttao/scannet/posed_images/scene0574_01/00143.jpg",
      "transform_matrix": [
        [
          -0.937016,
          -0.212982,
          0.27684,
          1.125157
        ],
        [
          -0.347773,
          0.495162,
          -0.796158,
          3.305036
        ],
        [
          0.032487,
          -0.84229,
          -0.538044,
          1.142937
        ],
        [
          0.0,
          0.0,
          0.0,
          1.0
        ]
      ]
    },
    {
      "file_path": "/media/NFS/ttao/scannet/posed_images/scene0574_01/00145.jpg",
      "transform_matrix": [
        [
          -0.937417,
          -0.219327,
          0.270453,
          1.13405
        ],
        [
          -0.346604,
          0.513262,
          -0.785129,
          3.298294
        ],
        [
          0.033387,
          -0.829733,
          -0.557161,
          1.16498
        ],
        [
          0.0,
          0.0,
          0.0,
          1.0
        ]
      ]
    },
    {
      "file_path": "/media/NFS/ttao/scannet/posed_images/scene0574_01/00155.jpg",
      "transform_matrix": [
        [
          -0.917001,
          -0.235466,
          0.32197,
          1.192963
        ],
        [
          -0.398843,
          0.529629,
          -0.74861,
          3.274283
        ],
        [
          0.005748,
          -0.814891,
          -0.579585,
          1.276598
        ],
        [
          0.0,
          0.0,
          0.0,
          1.0
        ]
      ]
    },
    {
      "file_path": "/media/NFS/ttao/scannet/posed_images/scene0574_01/00158.jpg",
      "transform_matrix": [
        [
          -0.910017,
          -0.235785,
          0.340989,
          1.208652
        ],
        [
          -0.414512,
          0.531196,
          -0.738925,
          3.270188
        ],
        [
          -0.006904,
          -0.813779,
          -0.581133,
          1.292889
        ],
        [
          0.0,
          0.0,
          0.0,
          1.0
        ]
      ]
    },
    {
      "file_path": "/media/NFS/ttao/scannet/posed_images/scene0574_01/00165.jpg",
      "transform_matrix": [
        [
          -0.901504,
          -0.243901,
          0.357496,
          1.2336
        ],
        [
          -0.431546,
          0.568751,
          -0.700207,
          3.244615
        ],
        [
          -0.032545,
          -0.785515,
          -0.617985,
          1.308597
        ],
        [
          0.0,
          0.0,
          0.0,
          1.0
        ]
      ]
    },
    {
      "file_path": "/media/NFS/ttao/scannet/posed_images/scene0574_01/00170.jpg",
      "transform_matrix": [
        [
          -0.903382,
          -0.252293,
          0.346768,
          1.254323
        ],
        [
          -0.427516,
          0.593242,
          -0.682125,
          3.208463
        ],
        [
          -0.033622,
          -0.764468,
          -0.643784,
          1.303063
        ],
        [
          0.0,
          0.0,
          0.0,
          1.0
        ]
      ]
    },
    {
      "file_path": "/media/NFS/ttao/scannet/posed_images/scene0574_01/00177.jpg",
      "transform_matrix": [
        [
          -0.889328,
          -0.268527,
          0.370121,
          1.287372
        ],
        [
          -0.455908,
          0.583129,
          -0.672391,
          3.142251
        ],
        [
          -0.035273,
          -0.766717,
          -0.641016,
          1.304832
        ],
        [
          0.0,
          0.0,
          0.0,
          1.0
        ]
      ]
    },
    {
      "file_path": "/media/NFS/ttao/scannet/posed_images/scene0574_01/00180.jpg",
      "transform_matrix": [
        [
          -0.883374,
          -0.29389,
          0.365074,
          1.306657
        ],
        [
          -0.468355,
          0.582049,
          -0.664727,
          3.110337
        ],
        [
          -0.017134,
          -0.758187,
          -0.651812,
          1.303535
        ],
        [
          0.0,
          0.0,
          0.0,
          1.0
        ]
      ]
    },
    {
      "file_path": "/media/NFS/ttao/scannet/posed_images/scene0574_01/00189.jpg",
      "transform_matrix": [
        [
          -0.881835,
          -0.302655,
          0.361618,
          1.364168
        ],
        [
          -0.471124,
          0.598399,
          -0.648044,
          3.030537
        ],
        [
          -0.020258,
          -0.741834,
          -0.670277,
          1.304276
        ],
        [
          0.0,
          0.0,
          0.0,
          1.0
        ]
      ]
    },
    {
      "file_path": "/media/NFS/ttao/scannet/posed_images/scene0574_01/00190.jpg",
      "transform_matrix": [
        [
          -0.884673,
          -0.301264,
          0.3558,
          1.372017
        ],
        [
          -0.465784,
          0.603819,
          -0.646875,
          3.022045
        ],
        [
          -0.019959,
          -0.737999,
          -0.674506,
          1.303068
        ],
        [
          0.0,
          0.0,
          0.0,
          1.0
        ]
      ]
    },
    {
      "file_path": "/media/NFS/ttao/scannet/posed_images/scene0574_01/00195.jpg",
      "transform_matrix": [
        [
          -0.903887,
          -0.282803,
          0.320952,
          1.418117
        ],
        [
          -0.427145,
          0.637254,
          -0.641448,
          2.977118
        ],
        [
          -0.023124,
          -0.716889,
          -0.696803,
          1.298949
        ],
        [
          0.0,
          0.0,
          0.0,
          1.0
        ]
      ]
    },
    {
      "file_path": "/media/NFS/ttao/scannet/posed_images/scene0574_01/00202.jpg",
      "transform_matrix": [
        [
          -0.94149,
          -0.216292,
          0.258486,
          1.4955
        ],
        [
          -0.335148,
          0.68198,
          -0.650061,
          2.912706
        ],
        [
          -0.035679,
          -0.698656,
          -0.714567,
          1.299635
        ],
        [
          0.0,
          0.0,
          0.0,
          1.0
        ]
      ]
    },
    {
      "file_path": "/media/NFS/ttao/scannet/posed_images/scene0574_01/00211.jpg",
      "transform_matrix": [
        [
          -0.970098,
          -0.137274,
          0.200164,
          1.571257
        ],
        [
          -0.234781,
          0.739854,
          -0.630471,
          2.84103
        ],
        [
          -0.061545,
          -0.658613,
          -0.74996,
          1.306406
        ],
        [
          0.0,
          0.0,
          0.0,
          1.0
        ]
      ]
    },
    {
      "file_path": "/media/NFS/ttao/scannet/posed_images/scene0574_01/00216.jpg",
      "transform_matrix": [
        [
          -0.975692,
          -0.1222,
          0.181911,
          1.601562
        ],
        [
          -0.20992,
          0.759476,
          -0.615735,
          2.799483
        ],
        [
          -0.062915,
          -0.638955,
          -0.766667,
          1.303148
        ],
        [
          0.0,
          0.0,
          0.0,
          1.0
        ]
      ]
    },
    {
      "file_path": "/media/NFS/ttao/scannet/posed_images/scene0574_01/00217.jpg",
      "transform_matrix": [
        [
          -0.975933,
          -0.119889,
          0.182156,
          1.607131
        ],
        [
          -0.207875,
          0.763874,
          -0.61097,
          2.790269
        ],
        [
          -0.065895,
          -0.634132,
          -0.770412,
          1.302619
        ],
        [
          0.0,
          0.0,
          0.0,
          1.0
        ]
      ]
    },
    {
      "file_path": "/media/NFS/ttao/scannet/posed_images/scene0574_01/00224.jpg",
      "transform_matrix": [
        [
          -0.977954,
          -0.114084,
          0.174902,
          1.648638
        ],
        [
          -0.197614,
          0.7763,
          -0.598588,
          2.719265
        ],
        [
          -0.067487,
          -0.619954,
          -0.78173,
          1.298515
        ],
        [
          0.0,
          0.0,
          0.0,
          1.0
        ]
      ]
    },
    {
      "file_path": "/media/NFS/ttao/scannet/posed_images/scene0574_01/00233.jpg",
      "transform_matrix": [
        [
          -0.976413,
          -0.156288,
          0.148969,
          1.674775
        ],
        [
          -0.213789,
          0.796325,
          -0.565827,
          2.628619
        ],
        [
          -0.030196,
          -0.584329,
          -0.810955,
          1.284003
        ],
        [
          0.0,
          0.0,
          0.0,
          1.0
        ]
      ]
    },
    {
      "file_path": "/media/NFS/ttao/scannet/posed_images/scene0574_01/00238.jpg",
      "transform_matrix": [
        [
          -0.97561,
          -0.172105,
          0.13625,
          1.681432
        ],
        [
          -0.218744,
          0.814043,
          -0.538038,
          2.603996
        ],
        [
          -0.018314,
          -0.55472,
          -0.831835,
          1.281358
        ],
        [
          0.0,
          0.0,
          0.0,
          1.0
        ]
      ]
    },
    {
      "file_path": "/media/NFS/ttao/scannet/posed_images/scene0574_01/00241.jpg",
      "transform_matrix": [
        [
          -0.977856,
          -0.162497,
          0.131882,
          1.685967
        ],
        [
          -0.20781,
          0.828502,
          -0.52,
          2.593954
        ],
        [
          -0.024766,
          -0.535892,
          -0.843923,
          1.28514
        ],
        [
          0.0,
          0.0,
          0.0,
          1.0
        ]
      ]
    },
    {
      "file_path": "/media/NFS/ttao/scannet/posed_images/scene0574_01/00246.jpg",
      "transform_matrix": [
        [
          -0.983894,
          -0.138037,
          0.113573,
          1.696726
        ],
        [
          -0.176975,
          0.841642,
          -0.510215,
          2.582101
        ],
        [
          -0.025159,
          -0.522097,
          -0.852515,
          1.290763
        ],
        [
          0.0,
          0.0,
          0.0,
          1.0
        ]
      ]
    },
    {
      "file_path": "/media/NFS/ttao/scannet/posed_images/scene0574_01/00256.jpg",
      "transform_matrix": [
        [
          -0.998524,
          -0.043989,
          0.031838,
          1.745244
        ],
        [
          -0.054022,
          0.864218,
          -0.500208,
          2.554671
        ],
        [
          -0.005511,
          -0.50119,
          -0.865319,
          1.312666
        ],
        [
          0.0,
          0.0,
          0.0,
          1.0
        ]
      ]
    },
    {
      "file_path": "/media/NFS/ttao/scannet/posed_images/scene0574_01/00261.jpg",
      "transform_matrix": [
        [
          -0.999954,
          0.002008,
          -0.009411,
          1.777704
        ],
        [
          0.006334,
          0.873594,
          -0.486614,
          2.550701
        ],
        [
          0.007244,
          -0.486651,
          -0.873566,
          1.323082
        ],
        [
          0.0,
          0.0,
          0.0,
          1.0
        ]
      ]
    },
    {
      "file_path": "/media/NFS/ttao/scannet/posed_images/scene0574_01/00263.jpg",
      "transform_matrix": [
        [
          -0.999427,
          0.022611,
          -0.025185,
          1.789166
        ],
        [
          0.03195,
          0.875818,
          -0.481582,
          2.551359
        ],
        [
          0.011168,
          -0.482111,
          -0.876039,
          1.324565
        ],
        [
          0.0,
          0.0,
          0.0,
          1.0
        ]
      ]
    },
    {
      "file_path": "/media/NFS/ttao/scannet/posed_images/scene0574_01/00268.jpg",
      "transform_matrix": [
        [
          -0.994654,
          0.074161,
          -0.071857,
          1.806049
        ],
        [
          0.099048,
          0.881956,
          -0.460806,
          2.552634
        ],
        [
          0.029201,
          -0.46546,
          -0.884587,
          1.324446
        ],
        [
          0.0,
          0.0,
          0.0,
          1.0
        ]
      ]
    },
    {
      "file_path": "/media/NFS/ttao/scannet/posed_images/scene0574_01/00278.jpg",
      "transform_matrix": [
        [
          -0.963799,
          0.209888,
          -0.16443,
          1.791942
        ],
        [
          0.263409,
          0.845074,
          -0.465259,
          2.559947
        ],
        [
          0.041304,
          -0.491729,
          -0.869768,
          1.32862
        ],
        [
          0.0,
          0.0,
          0.0,
          1.0
        ]
      ]
    },
    {
      "file_path": "/media/NFS/ttao/scannet/posed_images/scene0574_01/00280.jpg",
      "transform_matrix": [
        [
          -0.956512,
          0.228934,
          -0.180759,
          1.788551
        ],
        [
          0.287835,
          0.841241,
          -0.457674,
          2.559165
        ],
        [
          0.047284,
          -0.489799,
          -0.870552,
          1.328821
        ],
        [
          0.0,
          0.0,
          0.0,
          1.0
        ]
      ]
    },
    {
      "file_path": "/media/NFS/ttao/scannet/posed_images/scene0574_01/00288.jpg",
      "transform_matrix": [
        [
          -0.935927,
          0.268729,
          -0.22765,
          1.756998
        ],
        [
          0.34569,
          0.824584,
          -0.44784,
          2.569564
        ],
        [
          0.067369,
          -0.497842,
          -0.864647,
          1.324836
        ],
        [
          0.0,
          0.0,
          0.0,
          1.0
        ]
      ]
    },
    {
      "file_path": "/media/NFS/ttao/scannet/posed_images/scene0574_01/00292.jpg",
      "transform_matrix": [
        [
          -0.92471,
          0.28806,
          -0.248865,
          1.742749
        ],
        [
          0.373093,
          0.815617,
          -0.442233,
          2.572753
        ],
        [
          0.075589,
          -0.501787,
          -0.861682,
          1.324022
        ],
        [
          0.0,
          0.0,
          0.0,
          1.0
        ]
      ]
    },
    {
      "file_path": "/media/NFS/ttao/scannet/posed_images/scene0574_01/00300.jpg",
      "transform_matrix": [
        [
          -0.890308,
          0.348915,
          -0.292591,
          1.700529
        ],
        [
          0.447714,
          0.787978,
          -0.422661,
          2.577016
        ],
        [
          0.083082,
          -0.507296,
          -0.857758,
          1.3214
        ],
        [
          0.0,
          0.0,
          0.0,
          1.0
        ]
      ]
    },
    {
      "file_path": "/media/NFS/ttao/scannet/posed_images/scene0574_01/00302.jpg",
      "transform_matrix": [
        [
          -0.877572,
          0.371176,
          -0.303473,
          1.685388
        ],
        [
          0.472672,
          0.775815,
          -0.417962,
          2.578948
        ],
        [
          0.080302,
          -0.510234,
          -0.856278,
          1.321133
        ],
        [
          0.0,
          0.0,
          0.0,
          1.0
        ]
      ]
    },
    {
      "file_path": "/media/NFS/ttao/scannet/posed_images/scene0574_01/00308.jpg",
      "transform_matrix": [
        [
          -0.814937,
          0.458758,
          -0.354143,
          1.628393
        ],
        [
          0.575262,
          0.714503,
          -0.398195,
          2.582134
        ],
        [
          0.070361,
          -0.52823,
          -0.846181,
          1.326727
        ],
        [
          0.0,
          0.0,
          0.0,
          1.0
        ]
      ]
    },
    {
      "file_path": "/media/NFS/ttao/scannet/posed_images/scene0574_01/00317.jpg",
      "transform_matrix": [
        [
          -0.716863,
          0.556293,
          -0.420292,
          1.569328
        ],
        [
          0.696167,
          0.604123,
          -0.387797,
          2.589891
        ],
        [
          0.03818,
          -0.570591,
          -0.820346,
          1.342624
        ],
        [
          0.0,
          0.0,
          0.0,
          1.0
        ]
      ]
    },
    {
      "file_path": "/media/NFS/ttao/scannet/posed_images/scene0574_01/00324.jpg",
      "transform_matrix": [
        [
          -0.662149,
          0.594469,
          -0.456252,
          1.542404
        ],
        [
          0.748857,
          0.547501,
          -0.373438,
          2.589847
        ],
        [
          0.027801,
          -0.588939,
          -0.807699,
          1.350241
        ],
        [
          0.0,
          0.0,
          0.0,
          1.0
        ]
      ]
    },
    {
      "file_path": "/media/NFS/ttao/scannet/posed_images/scene0574_01/00329.jpg",
      "transform_matrix": [
        [
          -0.620149,
          0.62291,
          -0.476863,
          1.530732
        ],
        [
          0.784346,
          0.503736,
          -0.36201,
          2.581635
        ],
        [
          0.014713,
          -0.598526,
          -0.800968,
          1.357351
        ],
        [
          0.0,
          0.0,
          0.0,
          1.0
        ]
      ]
    },
    {
      "file_path": "/media/NFS/ttao/scannet/posed_images/scene0574_01/00334.jpg",
      "transform_matrix": [
        [
          -0.574149,
          0.643931,
          -0.505674,
          1.520306
        ],
        [
          0.818576,
          0.464216,
          -0.338284,
          2.569075
        ],
        [
          0.01691,
          -0.608158,
          -0.793636,
          1.360694
        ],
        [
          0.0,
          0.0,
          0.0,
          1.0
        ]
      ]
    },
    {
      "file_path": "/media/NFS/ttao/scannet/posed_images/scene0574_01/00337.jpg",
      "transform_matrix": [
        [
          -0.541473,
          0.658878,
          -0.522195,
          1.514545
        ],
        [
          0.840505,
          0.43823,
          -0.318599,
          2.560519
        ],
        [
          0.018924,
          -0.61142,
          -0.79108,
          1.361872
        ],
        [
          0.0,
          0.0,
          0.0,
          1.0
        ]
      ]
    },
    {
      "file_path": "/media/NFS/ttao/scannet/posed_images/scene0574_01/00345.jpg",
      "transform_matrix": [
        [
          -0.507542,
          0.657013,
          -0.557436,
          1.505128
        ],
        [
          0.860556,
          0.418783,
          -0.289938,
          2.544739
        ],
        [
          0.042952,
          -0.626861,
          -0.777946,
          1.364882
        ],
        [
          0.0,
          0.0,
          0.0,
          1.0
        ]
      ]
    },
    {
      "file_path": "/media/NFS/ttao/scannet/posed_images/scene0574_01/00349.jpg",
      "transform_matrix": [
        [
          -0.50048,
          0.654494,
          -0.566707,
          1.500371
        ],
        [
          0.86437,
          0.414676,
          -0.284445,
          2.540412
        ],
        [
          0.048832,
          -0.632204,
          -0.773262,
          1.36427
        ],
        [
          0.0,
          0.0,
          0.0,
          1.0
        ]
      ]
    },
    {
      "file_path": "/media/NFS/ttao/scannet/posed_images/scene0574_01/00356.jpg",
      "transform_matrix": [
        [
          -0.485398,
          0.65352,
          -0.580776,
          1.488094
        ],
        [
          0.872175,
          0.408163,
          -0.269655,
          2.534634
        ],
        [
          0.060827,
          -0.637428,
          -0.768105,
          1.362675
        ],
        [
          0.0,
          0.0,
          0.0,
          1.0
        ]
      ]
    },
    {
      "file_path": "/media/NFS/ttao/scannet/posed_images/scene0574_01/00359.jpg",
      "transform_matrix": [
        [
          -0.50331,
          0.646952,
          -0.572828,
          1.490957
        ],
        [
          0.862429,
          0.417377,
          -0.286378,
          2.535468
        ],
        [
          0.053813,
          -0.638161,
          -0.76802,
          1.360769
        ],
        [
          0.0,
          0.0,
          0.0,
          1.0
        ]
      ]
    },
    {
      "file_path": "/media/NFS/ttao/scannet/posed_images/scene0574_01/00367.jpg",
      "transform_matrix": [
        [
          -0.611154,
          0.60302,
          -0.512695,
          1.530845
        ],
        [
          0.790054,
          0.504047,
          -0.348929,
          2.537869
        ],
        [
          0.048011,
          -0.618306,
          -0.784469,
          1.344667
        ],
        [
          0.0,
          0.0,
          0.0,
          1.0
        ]
      ]
    },
    {
      "file_path": "/media/NFS/ttao/scannet/posed_images/scene0574_01/00369.jpg",
      "transform_matrix": [
        [
          -0.64095,
          0.586364,
          -0.495338,
          1.543252
        ],
        [
          0.766228,
          0.527082,
          -0.367531,
          2.541859
        ],
        [
          0.045577,
          -0.615111,
          -0.787122,
          1.341146
        ],
        [
          0.0,
          0.0,
          0.0,
          1.0
        ]
      ]
    },
    {
      "file_path": "/media/NFS/ttao/scannet/posed_images/scene0574_01/00377.jpg",
      "transform_matrix": [
        [
          -0.776105,
          0.496256,
          -0.38909,
          1.57815
        ],
        [
          0.630082,
          0.635348,
          -0.446463,
          2.57159
        ],
        [
          0.025647,
          -0.591661,
          -0.805778,
          1.333734
        ],
        [
          0.0,
          0.0,
          0.0,
          1.0
        ]
      ]
    },
    {
      "file_path": "/media/NFS/ttao/scannet/posed_images/scene0574_01/00384.jpg",
      "transform_matrix": [
        [
          -0.862259,
          0.412726,
          -0.293541,
          1.581058
        ],
        [
          0.506448,
          0.707702,
          -0.492614,
          2.595401
        ],
        [
          0.004425,
          -0.573424,
          -0.819246,
          1.325018
        ],
        [
          0.0,
          0.0,
          0.0,
          1.0
        ]
      ]
    },
    {
      "file_path": "/media/NFS/ttao/scannet/posed_images/scene0574_01/00389.jpg",
      "transform_matrix": [
        [
          -0.911806,
          0.332252,
          -0.241286,
          1.561656
        ],
        [
          0.41056,
          0.747854,
          -0.521684,
          2.610569
        ],
        [
          0.007116,
          -0.574737,
          -0.818307,
          1.319736
        ],
        [
          0.0,
          0.0,
          0.0,
          1.0
        ]
      ]
    },
    {
      "file_path": "/media/NFS/ttao/scannet/posed_images/scene0574_01/00393.jpg",
      "transform_matrix": [
        [
          -0.950477,
          0.234121,
          -0.204402,
          1.53479
        ],
        [
          0.309696,
          0.768699,
          -0.559634,
          2.629938
        ],
        [
          0.026101,
          -0.595222,
          -0.803137,
          1.315773
        ],
        [
          0.0,
          0.0,
          0.0,
          1.0
        ]
      ]
    },
    {
      "file_path": "/media/NFS/ttao/scannet/posed_images/scene0574_01/00401.jpg",
      "transform_matrix": [
        [
          -0.995722,
          0.050587,
          -0.077324,
          1.492793
        ],
        [
          0.086719,
          0.800539,
          -0.592973,
          2.664889
        ],
        [
          0.031904,
          -0.597142,
          -0.801501,
          1.313295
        ],
        [
          0.0,
          0.0,
          0.0,
          1.0
        ]
      ]
    },
    {
      "file_path": "/media/NFS/ttao/scannet/posed_images/scene0574_01/00406.jpg",
      "transform_matrix": [
        [
          -0.99973,
          -0.02224,
          -0.006749,
          1.489082
        ],
        [
          -0.01376,
          0.800408,
          -0.599297,
          2.689852
        ],
        [
          0.018731,
          -0.599042,
          -0.800498,
          1.315524
        ],
        [
          0.0,
          0.0,
          0.0,
          1.0
        ]
      ]
    },
    {
      "file_path": "/media/NFS/ttao/scannet/posed_images/scene0574_01/00413.jpg",
      "transform_matrix": [
        [
          -0.983663,
          -0.130698,
          0.123793,
          1.486145
        ],
        [
          -0.179279,
          0.773516,
          -0.607892,
          2.737231
        ],
        [
          -0.016306,
          -0.620154,
          -0.78431,
          1.31844
        ],
        [
          0.0,
          0.0,
          0.0,
          1.0
        ]
      ]
    },
    {
      "file_path": "/media/NFS/ttao/scannet/posed_images/scene0574_01/00415.jpg",
      "transform_matrix": [
        [
          -0.975087,
          -0.163716,
          0.149676,
          1.485517
        ],
        [
          -0.221346,
          0.762367,
          -0.608114,
          2.750731
        ],
        [
          -0.01455,
          -0.626094,
          -0.779612,
          1.317297
        ],
        [
          0.0,
          0.0,
          0.0,
          1.0
        ]
      ]
    },
    {
      "file_path": "/media/NFS/ttao/scannet/posed_images/scene0574_01/00425.jpg",
      "transform_matrix": [
        [
          -0.915635,
          -0.311918,
          0.253613,
          1.456976
        ],
        [
          -0.401805,
          0.730229,
          -0.552556,
          2.806459
        ],
        [
          -0.012843,
          -0.607843,
          -0.793953,
          1.320276
        ],
        [
          0.0,
          0.0,
          0.0,
          1.0
        ]
      ]
    },
    {
      "file_path": "/media/NFS/ttao/scannet/posed_images/scene0574_01/00428.jpg",
      "transform_matrix": [
        [
          -0.899314,
          -0.33271,
          0.283792,
          1.447167
        ],
        [
          -0.43702,
          0.707123,
          -0.555869,
          2.819575
        ],
        [
          -0.015733,
          -0.623924,
          -0.781327,
          1.327664
        ],
        [
          0.0,
          0.0,
          0.0,
          1.0
        ]
      ]
    },
    {
      "file_path": "/media/NFS/ttao/scannet/posed_images/scene0574_01/00433.jpg",
      "transform_matrix": [
        [
          -0.864153,
          -0.366363,
          0.344989,
          1.427795
        ],
        [
          -0.50253,
          0.664377,
          -0.553233,
          2.828679
        ],
        [
