{
  "frames": [
    {
      "file_path": "/media/NFS/ttao/scannet/posed_images/scene0143_00/00000.jpg",
      "transform_matrix": [
        [
          -0.079918,
          -0.690871,
          0.718547,
          1.142658
        ],
        [
          -0.996802,
          0.055321,
          -0.057677,
          0.968078
        ],
        [
          9.6e-05,
          -0.720858,
          -0.693082,
          1.385987
        ],
        [
          0.0,
          0.0,
          0.0,
          1.0
        ]
      ]
    },
    {
      "file_path": "/media/NFS/ttao/scannet/posed_images/scene0143_00/00001.jpg",
      "transform_matrix": [
        [
          -0.080635,
          -0.691404,
          0.717954,
          1.144302
        ],
        [
          -0.996742,
          0.054488,
          -0.059473,
          0.967344
        ],
        [
          0.002,
          -0.72041,
          -0.693545,
          1.387927
        ],
        [
          0.0,
          0.0,
          0.0,
          1.0
        ]
      ]
    },
    {
      "file_path": "/media/NFS/ttao/scannet/posed_images/scene0143_00/00002.jpg",
      "transform_matrix": [
        [
          -0.081714,
          -0.689876,
          0.719301,
          1.143872
        ],
        [
          -0.996653,
          0.054911,
          -0.060558,
          0.96595
        ],
        [
          0.00228,
          -0.721842,
          -0.692054,
          1.386324
        ],
        [
          0.0,
          0.0,
          0.0,
          1.0
        ]
      ]
    },
    {
      "file_path": "/media/NFS/ttao/scannet/posed_images/scene0143_00/00003.jpg",
      "transform_matrix": [
        [
          -0.082095,
          -0.690035,
          0.719105,
          1.142854
        ],
        [
          -0.996618,
          0.054259,
          -0.061711,
          0.964299
        ],
        [
          0.003565,
          -0.72174,
          -0.692155,
          1.384999
        ],
        [
          0.0,
          0.0,
          0.0,
          1.0
        ]
      ]
    },
    {
      "file_path": "/media/NFS/ttao/scannet/posed_images/scene0143_00/00004.jpg",
      "transform_matrix": [
        [
          -0.082522,
          -0.690473,
          0.718636,
          1.142415
        ],
        [
          -0.99657,
          0.052619,
          -0.063881,
          0.962891
        ],
        [
          0.006294,
          -0.721442,
          -0.692446,
          1.383926
        ],
        [
          0.0,
          0.0,
          0.0,
          1.0
        ]
      ]
    },
    {
      "file_path": "/media/NFS/ttao/scannet/posed_images/scene0143_00/00005.jpg",
      "transform_matrix": [
        [
          -0.083227,
          -0.691375,
          0.717687,
          1.142997
        ],
        [
          -0.996496,
          0.051676,
          -0.065778,
          0.962293
        ],
        [
          0.00839,
          -0.720646,
          -0.693253,
          1.383265
        ],
        [
          0.0,
          0.0,
          0.0,
          1.0
        ]
      ]
    },
    {
      "file_path": "/media/NFS/ttao/scannet/posed_images/scene0143_00/00006.jpg",
      "transform_matrix": [
        [
          -0.083084,
          -0.692621,
          0.716501,
          1.14414
        ],
        [
          -0.996498,
          0.050916,
          -0.066333,
          0.961638
        ],
        [
          0.009462,
          -0.719503,
          -0.694425,
          1.383318
        ],
        [
          0.0,
          0.0,
          0.0,
          1.0
        ]
      ]
    },
    {
      "file_path": "/media/NFS/ttao/scannet/posed_images/scene0143_00/00007.jpg",
      "transform_matrix": [
        [
          -0.083529,
          -0.693232,
          0.715858,
          1.144896
        ],
        [
          -0.996457,
          0.051009,
          -0.066873,
          0.961098
        ],
        [
          0.009843,
          -0.718907,
          -0.695037,
          1.382646
        ],
        [
          0.0,
          0.0,
          0.0,
          1.0
        ]
      ]
    },
    {
      "file_path": "/media/NFS/ttao/scannet/posed_images/scene0143_00/00008.jpg",
      "transform_matrix": [
        [
          -0.084083,
          -0.694272,
          0.714784,
          1.14387
        ],
        [
          -0.996413,
          0.051668,
          -0.067028,
          0.959606
        ],
        [
          0.009604,
          -0.717856,
          -0.696126,
          1.37935
        ],
        [
          0.0,
          0.0,
          0.0,
          1.0
        ]
      ]
    },
    {
      "file_path": "/media/NFS/ttao/scannet/posed_images/scene0143_00/00009.jpg",
      "transform_matrix": [
        [
          -0.084359,
          -0.697761,
          0.711347,
          1.144001
        ],
        [
          -0.996391,
          0.05228,
          -0.066881,
          0.956717
        ],
        [
          0.009477,
          -0.714421,
          -0.699652,
          1.378471
        ],
        [
          0.0,
          0.0,
          0.0,
          1.0
        ]
      ]
    },
    {
      "file_path": "/media/NFS/ttao/scannet/posed_images/scene0143_00/00010.jpg",
      "transform_matrix": [
        [
          -0.087517,
          -0.701421,
          0.707354,
          1.146061
        ],
        [
          -0.996116,
          0.05471,
          -0.068992,
          0.955615
        ],
        [
          0.009693,
          -0.710644,
          -0.703485,
          1.377908
        ],
        [
          0.0,
          0.0,
          0.0,
          1.0
        ]
      ]
    },
    {
      "file_path": "/media/NFS/ttao/scannet/posed_images/scene0143_00/00011.jpg",
      "transform_matrix": [
        [
          -0.088973,
          -0.705117,
          0.703487,
          1.148248
        ],
        [
          -0.995991,
          0.056418,
          -0.069418,
          0.954928
        ],
        [
          0.009259,
          -0.706843,
          -0.70731,
          1.377326
        ],
        [
          0.0,
          0.0,
          0.0,
          1.0
        ]
      ]
    },
    {
      "file_path": "/media/NFS/ttao/scannet/posed_images/scene0143_00/00012.jpg",
      "transform_matrix": [
        [
          -0.087998,
          -0.708431,
          0.700273,
          1.14824
        ],
        [
          -0.996087,
          0.056767,
          -0.067742,
          0.953139
        ],
        [
          0.008238,
          -0.703494,
          -0.710654,
          1.375163
        ],
        [
          0.0,
          0.0,
          0.0,
          1.0
        ]
      ]
    },
    {
      "file_path": "/media/NFS/ttao/scannet/posed_images/scene0143_00/00013.jpg",
      "transform_matrix": [
        [
          -0.086699,
          -0.712322,
          0.696477,
          1.146527
        ],
        [
          -0.996202,
          0.056306,
          -0.066422,
          0.95109
        ],
        [
          0.008098,
          -0.699591,
          -0.714498,
          1.370794
        ],
        [
          0.0,
          0.0,
          0.0,
          1.0
        ]
      ]
    },
    {
      "file_path": "/media/NFS/ttao/scannet/posed_images/scene0143_00/00014.jpg",
      "transform_matrix": [
        [
          -0.089269,
          -0.719007,
          0.689246,
          1.145123
        ],
        [
          -0.995977,
          0.058953,
          -0.067497,
          0.949524
        ],
        [
          0.007898,
          -0.692498,
          -0.721377,
          1.365084
        ],
        [
          0.0,
          0.0,
          0.0,
          1.0
        ]
      ]
    },
    {
      "file_path": "/media/NFS/ttao/scannet/posed_images/scene0143_00/00015.jpg",
      "transform_matrix": [
        [
          -0.091237,
          -0.730397,
          0.676902,
          1.149992
        ],
        [
          -0.995803,
          0.061904,
          -0.067424,
          0.94901
        ],
        [
          0.007344,
          -0.680212,
          -0.732979,
          1.365818
        ],
        [
          0.0,
          0.0,
          0.0,
          1.0
        ]
      ]
    },
    {
      "file_path": "/media/NFS/ttao/scannet/posed_images/scene0143_00/00016.jpg",
      "transform_matrix": [
        [
          -0.091904,
          -0.738601,
          0.667849,
          1.157409
        ],
        [
          -0.995749,
          0.06396,
          -0.066291,
          0.94653
        ],
        [
          0.006246,
          -0.671102,
          -0.741339,
          1.369701
        ],
        [
          0.0,
          0.0,
          0.0,
          1.0
        ]
      ]
    },
    {
      "file_path": "/media/NFS/ttao/scannet/posed_images/scene0143_00/00017.jpg",
      "transform_matrix": [
        [
          -0.092934,
          -0.740553,
          0.665541,
          1.161632
        ],
        [
          -0.995658,
          0.065453,
          -0.066201,
          0.945919
        ],
        [
          0.005464,
          -0.668803,
          -0.743419,
          1.370681
        ],
        [
          0.0,
          0.0,
          0.0,
          1.0
        ]
      ]
    },
    {
      "file_path": "/media/NFS/ttao/scannet/posed_images/scene0143_00/00018.jpg",
      "transform_matrix": [
        [
          -0.092719,
          -0.740809,
          0.665286,
          1.163786
        ],
        [
          -0.995687,
          0.066658,
          -0.064541,
          0.943608
        ],
        [
          0.003466,
          -0.6684,
          -0.743794,
          1.371548
        ],
        [
          0.0,
          0.0,
          0.0,
          1.0
        ]
      ]
    },
    {
      "file_path": "/media/NFS/ttao/scannet/posed_images/scene0143_00/00019.jpg",
      "transform_matrix": [
        [
          -0.093889,
          -0.739158,
          0.666956,
          1.168684
        ],
        [
          -0.995583,
          0.069202,
          -0.063458,
          0.942914
        ],
        [
          0.00075,
          -0.669968,
          -0.74239,
          1.373864
        ],
        [
          0.0,
          0.0,
          0.0,
          1.0
        ]
      ]
    },
    {
      "file_path": "/media/NFS/ttao/scannet/posed_images/scene0143_00/00020.jpg",
      "transform_matrix": [
        [
          -0.091905,
          -0.737561,
          0.668998,
          1.173401
        ],
        [
          -0.995768,
          0.068639,
          -0.061123,
          0.939839
        ],
        [
          -0.000837,
          -0.671784,
          -0.740747,
          1.379107
        ],
        [
          0.0,
          0.0,
          0.0,
          1.0
        ]
      ]
    },
    {
      "file_path": "/media/NFS/ttao/scannet/posed_images/scene0143_00/00021.jpg",
      "transform_matrix": [
        [
          -0.092129,
          -0.732147,
          0.674887,
          1.176323
        ],
        [
          -0.995745,
          0.069309,
          -0.060741,
          0.938708
        ],
        [
          -0.002304,
          -0.677611,
          -0.735417,
          1.381234
        ],
        [
          0.0,
          0.0,
          0.0,
          1.0
        ]
      ]
    },
    {
      "file_path": "/media/NFS/ttao/scannet/posed_images/scene0143_00/00022.jpg",
      "transform_matrix": [
        [
          -0.091778,
          -0.724645,
          0.682983,
          1.174753
        ],
        [
          -0.995775,
          0.068947,
          -0.060658,
          0.936042
        ],
        [
          -0.003134,
          -0.685664,
          -0.727911,
          1.378381
        ],
        [
          0.0,
          0.0,
          0.0,
          1.0
        ]
      ]
    },
    {
      "file_path": "/media/NFS/ttao/scannet/posed_images/scene0143_00/00023.jpg",
      "transform_matrix": [
        [
          -0.09314,
          -0.720846,
          0.686809,
          1.174139
        ],
        [
          -0.995644,
          0.070345,
          -0.061191,
          0.933602
        ],
        [
          -0.004205,
          -0.689516,
          -0.724258,
          1.375545
        ],
        [
          0.0,
          0.0,
          0.0,
          1.0
        ]
      ]
    },
    {
      "file_path": "/media/NFS/ttao/scannet/posed_images/scene0143_00/00024.jpg",
      "transform_matrix": [
        [
          -0.094303,
          -0.719879,
          0.687663,
          1.17492
        ],
        [
          -0.995531,
          0.071634,
          -0.061533,
          0.93175
        ],
        [
          -0.004963,
          -0.690393,
          -0.723418,
          1.373345
        ],
        [
          0.0,
          0.0,
          0.0,
          1.0
        ]
      ]
    },
    {
      "file_path": "/media/NFS/ttao/scannet/posed_images/scene0143_00/00025.jpg",
      "transform_matrix": [
        [
          -0.095233,
          -0.720848,
          0.68652,
          1.177237
        ],
        [
          -0.995433,
          0.073604,
          -0.0608,
          0.929284
        ],
        [
          -0.006703,
          -0.689174,
          -0.724565,
          1.370843
        ],
        [
          0.0,
          0.0,
          0.0,
          1.0
        ]
      ]
    },
    {
      "file_path": "/media/NFS/ttao/scannet/posed_images/scene0143_00/00026.jpg",
      "transform_matrix": [
        [
          -0.096042,
          -0.723302,
          0.68382,
          1.182105
        ],
        [
          -0.995343,
          0.075516,
          -0.059919,
          0.927058
        ],
        [
          -0.0083,
          -0.68639,
          -0.727187,
          1.371081
        ],
        [
          0.0,
          0.0,
          0.0,
          1.0
        ]
      ]
    },
    {
      "file_path": "/media/NFS/ttao/scannet/posed_images/scene0143_00/00027.jpg",
      "transform_matrix": [
        [
          -0.095922,
          -0.724031,
          0.683065,
          1.186795
        ],
        [
          -0.995332,
          0.077103,
          -0.058047,
          0.924818
        ],
        [
          -0.010638,
          -0.685445,
          -0.728047,
          1.370739
        ],
        [
          0.0,
          0.0,
          0.0,
          1.0
        ]
      ]
    },
    {
      "file_path": "/media/NFS/ttao/scannet/posed_images/scene0143_00/00028.jpg",
      "transform_matrix": [
        [
          -0.097067,
          -0.724734,
          0.682157,
          1.192137
        ],
        [
          -0.995184,
          0.080097,
          -0.056513,
          0.923696
        ],
        [
          -0.013682,
          -0.684358,
          -0.729018,
          1.370533
        ],
        [
          0.0,
          0.0,
          0.0,
          1.0
        ]
      ]
    },
    {
      "file_path": "/media/NFS/ttao/scannet/posed_images/scene0143_00/00029.jpg",
      "transform_matrix": [
        [
          -0.094865,
          -0.723917,
          0.683334,
          1.198563
        ],
        [
          -0.995341,
          0.080875,
          -0.052502,
          0.922998
        ],
        [
          -0.017258,
          -0.685131,
          -0.728216,
          1.371016
        ],
        [
          0.0,
          0.0,
          0.0,
          1.0
        ]
      ]
    },
    {
      "file_path": "/media/NFS/ttao/scannet/posed_images/scene0143_00/00030.jpg",
      "transform_matrix": [
        [
          -0.09104,
          -0.720968,
          0.686962,
          1.198932
        ],
        [
          -0.995639,
          0.080024,
          -0.047963,
          0.921198
        ],
        [
          -0.020394,
          -0.688332,
          -0.725109,
          1.363487
        ],
        [
          0.0,
          0.0,
          0.0,
          1.0
        ]
      ]
    },
    {
      "file_path": "/media/NFS/ttao/scannet/posed_images/scene0143_00/00031.jpg",
      "transform_matrix": [
        [
          -0.085971,
          -0.724481,
          0.683912,
          1.205168
        ],
        [
          -0.996142,
          0.07465,
          -0.046142,
          0.921441
        ],
        [
          -0.017625,
          -0.685241,
          -0.728104,
          1.362116
        ],
        [
          0.0,
          0.0,
          0.0,
          1.0
        ]
      ]
    },
    {
      "file_path": "/media/NFS/ttao/scannet/posed_images/scene0143_00/00032.jpg",
      "transform_matrix": [
        [
          -0.079614,
          -0.728733,
          0.680154,
          1.215175
        ],
        [
          -0.996694,
          0.069309,
          -0.042407,
          0.92082
        ],
        [
          -0.016237,
          -0.681281,
          -0.731842,
          1.363989
        ],
        [
          0.0,
          0.0,
          0.0,
          1.0
        ]
      ]
    },
    {
      "file_path": "/media/NFS/ttao/scannet/posed_images/scene0143_00/00033.jpg",
      "transform_matrix": [
        [
          -0.073647,
          -0.730982,
          0.678411,
          1.226817
        ],
        [
          -0.997129,
          0.065991,
          -0.037142,
          0.921779
        ],
        [
          -0.017619,
          -0.679199,
          -0.733743,
          1.366748
        ],
        [
          0.0,
          0.0,
          0.0,
          1.0
        ]
      ]
    },
    {
      "file_path": "/media/NFS/ttao/scannet/posed_images/scene0143_00/00034.jpg",
      "transform_matrix": [
        [
          -0.070494,
          -0.729662,
          0.680164,
          1.238977
        ],
        [
          -0.997267,
          0.066671,
          -0.031838,
          0.923749
        ],
        [
          -0.022116,
          -0.68055,
          -0.732368,
          1.371008
        ],
        [
          0.0,
          0.0,
          0.0,
          1.0
        ]
      ]
    },
    {
      "file_path": "/media/NFS/ttao/scannet/posed_images/scene0143_00/00035.jpg",
      "transform_matrix": [
        [
          -0.067009,
          -0.725282,
          0.685183,
          1.252366
        ],
        [
          -0.997312,
          0.069101,
          -0.02439,
          0.925987
        ],
        [
          -0.029657,
          -0.684976,
          -0.727962,
          1.375343
        ],
        [
          0.0,
          0.0,
          0.0,
          1.0
        ]
      ]
    },
    {
      "file_path": "/media/NFS/ttao/scannet/posed_images/scene0143_00/00036.jpg",
      "transform_matrix": [
        [
          -0.057426,
          -0.719032,
          0.692601,
          1.264653
        ],
        [
          -0.997606,
          0.06811,
          -0.012006,
          0.927239
        ],
        [
          -0.038541,
          -0.691632,
          -0.721221,
          1.378487
        ],
        [
          0.0,
          0.0,
          0.0,
          1.0
        ]
      ]
    },
    {
      "file_path": "/media/NFS/ttao/scannet/posed_images/scene0143_00/00037.jpg",
      "transform_matrix": [
        [
          -0.046394,
          -0.711584,
          0.701067,
          1.274813
        ],
        [
          -0.997932,
          0.064271,
          -0.000804,
          0.928454
        ],
        [
          -0.044486,
          -0.699655,
          -0.713094,
          1.378961
        ],
        [
          0.0,
          0.0,
          0.0,
          1.0
        ]
      ]
    },
    {
      "file_path": "/media/NFS/ttao/scannet/posed_images/scene0143_00/00038.jpg",
      "transform_matrix": [
        [
          -0.036888,
          -0.706258,
          0.706993,
          1.291376
        ],
        [
          -0.998234,
          0.059009,
          0.006863,
          0.930248
        ],
        [
          -0.046566,
          -0.705491,
          -0.707187,
          1.384152
        ],
        [
          0.0,
          0.0,
          0.0,
          1.0
        ]
      ]
    },
    {
      "file_path": "/media/NFS/ttao/scannet/posed_images/scene0143_00/00039.jpg",
      "transform_matrix": [
        [
          -0.029561,
          -0.698775,
          0.71473,
          1.311745
        ],
        [
          -0.998363,
          0.055673,
          0.013139,
          0.933027
        ],
        [
          -0.048972,
          -0.713171,
          -0.699277,
          1.392775
        ],
        [
          0.0,
          0.0,
          0.0,
          1.0
        ]
      ]
    },
    {
      "file_path": "/media/NFS/ttao/scannet/posed_images/scene0143_00/00040.jpg",
      "transform_matrix": [
        [
          -0.019189,
          -0.688217,
          0.725251,
          1.320839
        ],
        [
          -0.99841,
          0.051652,
          0.022598,
          0.933735
        ],
        [
          -0.053013,
          -0.723664,
          -0.688114,
          1.39973
        ],
        [
          0.0,
          0.0,
          0.0,
          1.0
        ]
      ]
    },
    {
      "file_path": "/media/NFS/ttao/scannet/posed_images/scene0143_00/00041.jpg",
      "transform_matrix": [
        [
          -0.008553,
          -0.678331,
          0.734707,
          1.338217
        ],
        [
          -0.997979,
          0.052053,
          0.036441,
          0.932979
        ],
        [
          -0.062962,
          -0.73291,
          -0.677406,
          1.406681
        ],
        [
          0.0,
          0.0,
          0.0,
          1.0
        ]
      ]
    },
    {
      "file_path": "/media/NFS/ttao/scannet/posed_images/scene0143_00/00042.jpg",
      "transform_matrix": [
        [
          0.003897,
          -0.666658,
          0.745354,
          1.357238
        ],
        [
          -0.997294,
          0.052133,
          0.051842,
          0.932875
        ],
        [
          -0.073418,
          -0.743539,
          -0.66465,
          1.416257
        ],
        [
          0.0,
          0.0,
          0.0,
          1.0
        ]
      ]
    },
    {
      "file_path": "/media/NFS/ttao/scannet/posed_images/scene0143_00/00043.jpg",
      "transform_matrix": [
        [
          0.016244,
          -0.64941,
          0.760265,
          1.37241
        ],
        [
          -0.996612,
          0.050803,
          0.064689,
          0.934807
        ],
        [
          -0.080634,
          -0.75874,
          -0.646384,
          1.418085
        ],
        [
          0.0,
          0.0,
          0.0,
          1.0
        ]
      ]
    },
    {
      "file_path": "/media/NFS/ttao/scannet/posed_images/scene0143_00/00044.jpg",
      "transform_matrix": [
        [
          0.027963,
          -0.634349,
          0.772541,
          1.382597
        ],
        [
          -0.99642,
          0.043996,
          0.072192,
          0.935078
        ],
        [
          -0.079783,
          -0.771794,
          -0.630847,
          1.41826
        ],
        [
          0.0,
          0.0,
          0.0,
          1.0
        ]
      ]
    },
    {
      "file_path": "/media/NFS/ttao/scannet/posed_images/scene0143_00/00045.jpg",
      "transform_matrix": [
        [
          0.034897,
          -0.624706,
          0.78008,
          1.398823
        ],
        [
          -0.996358,
          0.039016,
          0.075818,
          0.936599
        ],
        [
          -0.0778,
          -0.779885,
          -0.621069,
          1.422458
        ],
        [
          0.0,
          0.0,
          0.0,
          1.0
        ]
      ]
    },
    {
      "file_path": "/media/NFS/ttao/scannet/posed_images/scene0143_00/00046.jpg",
      "transform_matrix": [
        [
          0.040672,
          -0.616469,
          0.786328,
          1.417917
        ],
        [
          -0.996416,
          0.033399,
          0.077722,
          0.941009
        ],
        [
          -0.074176,
          -0.786671,
          -0.6129,
          1.43429
        ],
        [
          0.0,
          0.0,
          0.0,
          1.0
        ]
      ]
    },
    {
      "file_path": "/media/NFS/ttao/scannet/posed_images/scene0143_00/00047.jpg",
      "transform_matrix": [
        [
          0.049827,
          -0.605132,
          0.794565,
          1.437308
        ],
        [
          -0.996082,
          0.028088,
          0.083856,
          0.940145
        ],
        [
          -0.073062,
          -0.79563,
          -0.601361,
          1.442969
        ],
        [
          0.0,
          0.0,
          0.0,
          1.0
        ]
      ]
    },
    {
      "file_path": "/media/NFS/ttao/scannet/posed_images/scene0143_00/00048.jpg",
      "transform_matrix": [
        [
          0.055511,
          -0.592778,
          0.803451,
          1.453948
        ],
        [
          -0.995803,
          0.025782,
          0.087822,
          0.942455
        ],
        [
          -0.072773,
          -0.804953,
          -0.588858,
          1.451685
        ],
        [
          0.0,
          0.0,
          0.0,
          1.0
        ]
      ]
    },
    {
      "file_path": "/media/NFS/ttao/scannet/posed_images/scene0143_00/00049.jpg",
      "transform_matrix": [
        [
          0.062266,
          -0.578245,
          0.813484,
          1.469052
        ],
        [
          -0.995573,
          0.021516,
          0.091497,
          0.94456
        ],
        [
          -0.070411,
          -0.815579,
          -0.574345,
          1.456843
        ],
        [
          0.0,
          0.0,
          0.0,
          1.0
        ]
      ]
    },
    {
      "file_path": "/media/NFS/ttao/scannet/posed_images/scene0143_00/00050.jpg",
      "transform_matrix": [
        [
          0.069697,
          -0.556246,
          0.82809,
          1.467343
        ],
        [
          -0.995635,
          0.012877,
          0.092448,
          0.951105
        ],
        [
          -0.062087,
          -0.830918,
          -0.55292,
          1.448474
        ],
        [
          0.0,
          0.0,
          0.0,
          1.0
        ]
      ]
    },
    {
      "file_path": "/media/NFS/ttao/scannet/posed_images/scene0143_00/00051.jpg",
      "transform_matrix": [
        [
          0.078224,
          -0.542506,
          0.836402,
          1.483397
        ],
        [
          -0.995173,
          0.007384,
          0.097863,
          0.951236
        ],
        [
          -0.059267,
          -0.84002,
          -0.53931,
          1.455087
        ],
        [
          0.0,
          0.0,
          0.0,
          1.0
        ]
      ]
    },
    {
      "file_path": "/media/NFS/ttao/scannet/posed_images/scene0143_00/00052.jpg",
      "transform_matrix": [
        [
          0.086125,
          -0.52824,
          0.844716,
          1.499728
        ],
        [
          -0.994765,
          0.001214,
          0.102183,
          0.952461
        ],
        [
          -0.055003,
          -0.849095,
          -0.52537,
          1.463254
        ],
        [
          0.0,
          0.0,
          0.0,
          1.0
        ]
      ]
    },
    {
      "file_path": "/media/NFS/ttao/scannet/posed_images/scene0143_00/00053.jpg",
      "transform_matrix": [
        [
          0.091414,
          -0.513775,
          0.853041,
          1.515237
        ],
        [
          -0.994654,
          -0.005789,
          0.103103,
          0.954647
        ],
        [
          -0.048033,
          -0.857905,
          -0.511558,
          1.472181
        ],
        [
          0.0,
          0.0,
          0.0,
          1.0
        ]
      ]
    },
    {
      "file_path": "/media/NFS/ttao/scannet/posed_images/scene0143_00/00054.jpg",
      "transform_matrix": [
        [
          0.095446,
          -0.49759,
          0.862145,
          1.52913
        ],
        [
          -0.994503,
          -0.01021,
          0.104206,
          0.957537
        ],
        [
          -0.043049,
          -0.867352,
          -0.495829,
          1.477613
        ],
        [
          0.0,
          0.0,
          0.0,
          1.0
        ]
      ]
    },
    {
      "file_path": "/media/NFS/ttao/scannet/posed_images/scene0143_00/00055.jpg",
      "transform_matrix": [
        [
          0.102419,
          -0.480736,
          0.870864,
          1.542559
        ],
        [
          -0.993955,
          -0.014658,
          0.108803,
          0.957555
        ],
        [
          -0.039541,
          -0.876743,
          -0.479331,
          1.484437
        ],
        [
          0.0,
          0.0,
          0.0,
          1.0
        ]
      ]
    },
    {
      "file_path": "/media/NFS/ttao/scannet/posed_images/scene0143_00/00056.jpg",
      "transform_matrix": [
        [
          0.110142,
          -0.463703,
          0.879118,
          1.555294
        ],
        [
          -0.993243,
          -0.018794,
          0.114527,
          0.959636
        ],
        [
          -0.036584,
          -0.885792,
          -0.462639,
          1.49338
        ],
        [
          0.0,
          0.0,
          0.0,
          1.0
        ]
      ]
    },
    {
      "file_path": "/media/NFS/ttao/scannet/posed_images/scene0143_00/00057.jpg",
      "transform_matrix": [
        [
          0.117949,
          -0.448858,
          0.885785,
          1.568788
        ],
        [
          -0.992408,
          -0.02198,
          0.121009,
          0.961874
        ],
        [
          -0.034847,
          -0.893333,
          -0.448043,
          1.501951
        ],
        [
          0.0,
          0.0,
          0.0,
          1.0
        ]
      ]
    },
    {
      "file_path": "/media/NFS/ttao/scannet/posed_images/scene0143_00/00058.jpg",
      "transform_matrix": [
        [
          0.127545,
          -0.432019,
          0.8928,
          1.578778
        ],
        [
          -0.991356,
          -0.027604,
          0.128267,
          0.964365
        ],
        [
          -0.030769,
          -0.901442,
          -0.431805,
          1.507106
        ],
        [
          0.0,
          0.0,
          0.0,
          1.0
        ]
      ]
    },
    {
      "file_path": "/media/NFS/ttao/scannet/posed_images/scene0143_00/00059.jpg",
      "transform_matrix": [
        [
          0.136848,
          -0.41601,
          0.899004,
          1.587135
        ],
        [
          -0.990315,
          -0.035971,
          0.134102,
          0.966305
        ],
        [
          -0.023449,
          -0.908648,
          -0.416903,
          1.510761
        ],
        [
          0.0,
          0.0,
          0.0,
          1.0
        ]
      ]
    },
    {
      "file_path": "/media/NFS/ttao/scannet/posed_images/scene0143_00/00060.jpg",
      "transform_matrix": [
        [
          0.140061,
          -0.404118,
          0.90392,
          1.583716
        ],
        [
          -0.990008,
          -0.042097,
          0.134579,
          0.968048
        ],
        [
          -0.016334,
          -0.913738,
          -0.405977,
          1.505602
        ],
        [
          0.0,
          0.0,
          0.0,
          1.0
        ]
      ]
    },
    {
      "file_path": "/media/NFS/ttao/scannet/posed_images/scene0143_00/00061.jpg",
      "transform_matrix": [
        [
          0.148583,
          -0.40049,
          0.904174,
          1.594312
        ],
        [
          -0.988827,
          -0.04903,
          0.140777,
          0.967647
        ],
        [
          -0.012049,
          -0.914989,
          -0.4033,
          1.508352
        ],
        [
          0.0,
          0.0,
          0.0,
          1.0
        ]
      ]
    },
    {
      "file_path": "/media/NFS/ttao/scannet/posed_images/scene0143_00/00062.jpg",
      "transform_matrix": [
        [
          0.161128,
          -0.400625,
          0.901963,
          1.604523
        ],
        [
          -0.986887,
          -0.056532,
          0.151189,
          0.970745
        ],
        [
          -0.009581,
          -0.914496,
          -0.404481,
          1.518592
        ],
        [
          0.0,
          0.0,
          0.0,
          1.0
        ]
      ]
    },
    {
      "file_path": "/media/NFS/ttao/scannet/posed_images/scene0143_00/00063.jpg",
      "transform_matrix": [
        [
          0.180877,
          -0.394316,
          0.900999,
          1.614153
        ],
        [
          -0.983485,
          -0.066452,
          0.168354,
          0.972036
        ],
        [
          -0.006512,
          -0.916569,
          -0.399823,
          1.526184
        ],
        [
          0.0,
          0.0,
          0.0,
          1.0
        ]
      ]
    },
    {
      "file_path": "/media/NFS/ttao/scannet/posed_images/scene0143_00/00064.jpg",
      "transform_matrix": [
        [
          0.201109,
          -0.385339,
          0.900594,
          1.621922
        ],
        [
          -0.979563,
          -0.075857,
          0.186287,
          0.969829
        ],
        [
          -0.003467,
          -0.919652,
          -0.392719,
          1.529598
        ],
        [
          0.0,
          0.0,
          0.0,
          1.0
        ]
      ]
    },
    {
      "file_path": "/media/NFS/ttao/scannet/posed_images/scene0143_00/00065.jpg",
      "transform_matrix": [
        [
          0.216312,
          -0.379955,
          0.899357,
          1.630533
        ],
        [
          -0.976324,
          -0.083713,
          0.199458,
          0.969299
        ],
        [
          -0.000497,
          -0.921209,
          -0.389067,
          1.534663
        ],
        [
          0.0,
          0.0,
          0.0,
          1.0
        ]
      ]
    },
    {
      "file_path": "/media/NFS/ttao/scannet/posed_images/scene0143_00/00066.jpg",
      "transform_matrix": [
        [
          0.228824,
          -0.37316,
          0.899106,
          1.637137
        ],
        [
          -0.973461,
          -0.091278,
          0.209864,
          0.969453
        ],
        [
          0.003756,
          -0.923266,
          -0.384143,
          1.538309
        ],
        [
          0.0,
          0.0,
          0.0,
          1.0
        ]
      ]
    },
    {
      "file_path": "/media/NFS/ttao/scannet/posed_images/scene0143_00/00067.jpg",
      "transform_matrix": [
        [
          0.241107,
          -0.366741,
          0.898537,
          1.643829
        ],
        [
          -0.970484,
          -0.096233,
          0.221134,
          0.967701
        ],
        [
          0.00537,
          -0.925333,
          -0.379118,
          1.541195
        ],
        [
          0.0,
          0.0,
          0.0,
          1.0
        ]
      ]
    },
    {
      "file_path": "/media/NFS/ttao/scannet/posed_images/scene0143_00/00068.jpg",
      "transform_matrix": [
        [
          0.25349,
          -0.364393,
          0.896081,
          1.649402
        ],
        [
          -0.967328,
          -0.09978,
          0.233069,
          0.966132
        ],
        [
          0.004482,
          -0.925884,
          -0.377781,
          1.541958
        ],
        [
          0.0,
          0.0,
          0.0,
          1.0
        ]
      ]
    },
    {
      "file_path": "/media/NFS/ttao/scannet/posed_images/scene0143_00/00069.jpg",
      "transform_matrix": [
        [
          0.269612,
          -0.364778,
          0.891205,
          1.656208
        ],
        [
          -0.962969,
          -0.102432,
          0.249396,
          0.962047
        ],
        [
          0.000314,
          -0.925443,
          -0.378887,
          1.542647
        ],
        [
          0.0,
          0.0,
          0.0,
          1.0
        ]
      ]
    },
    {
      "file_path": "/media/NFS/ttao/scannet/posed_images/scene0143_00/00070.jpg",
      "transform_matrix": [
        [
          0.288091,
          -0.360693,
          0.887076,
          1.655603
        ],
        [
          -0.957602,
          -0.107072,
          0.267459,
          0.953136
        ],
        [
          -0.00149,
          -0.926518,
          -0.376247,
          1.534723
        ],
        [
          0.0,
          0.0,
          0.0,
          1.0
        ]
      ]
    },
    {
      "file_path": "/media/NFS/ttao/scannet/posed_images/scene0143_00/00071.jpg",
      "transform_matrix": [
        [
          0.299877,
          -0.359309,
          0.883726,
          1.658881
        ],
        [
          -0.953978,
          -0.113176,
          0.2777,
          0.948012
        ],
        [
          0.000237,
          -0.926331,
          -0.376711,
          1.530553
        ],
        [
          0.0,
          0.0,
          0.0,
          1.0
        ]
      ]
    },
    {
      "file_path": "/media/NFS/ttao/scannet/posed_images/scene0143_00/00072.jpg",
      "transform_matrix": [
        [
          0.310564,
          -0.360951,
          0.879354,
          1.66407
        ],
        [
          -0.950552,
          -0.119184,
          0.286787,
          0.941469
        ],
        [
          0.001289,
          -0.924938,
          -0.380117,
          1.530679
        ],
        [
          0.0,
          0.0,
          0.0,
          1.0
        ]
      ]
    },
    {
      "file_path": "/media/NFS/ttao/scannet/posed_images/scene0143_00/00073.jpg",
      "transform_matrix": [
        [
          0.323225,
          -0.360951,
          0.87478,
          1.668819
        ],
        [
          -0.946322,
          -0.122087,
          0.299283,
          0.935582
        ],
        [
          -0.001227,
          -0.924559,
          -0.381037,
          1.531769
        ],
        [
          0.0,
          0.0,
          0.0,
          1.0
        ]
      ]
    },
    {
      "file_path": "/media/NFS/ttao/scannet/posed_images/scene0143_00/00074.jpg",
      "transform_matrix": [
        [
          0.3398,
          -0.356975,
          0.870118,
          1.670557
        ],
        [
          -0.940473,
          -0.122292,
          0.317104,
          0.934308
        ],
        [
          -0.00679,
          -0.926074,
          -0.37728,
          1.530382
        ],
        [
          0.0,
          0.0,
          0.0,
          1.0
        ]
      ]
    },
    {
      "file_path": "/media/NFS/ttao/scannet/posed_images/scene0143_00/00075.jpg",
      "transform_matrix": [
        [
          0.363082,
          -0.355177,
          0.861406,
          1.675522
        ],
        [
          -0.93168,
          -0.126452,
          0.340563,
          0.928529
        ],
        [
          -0.012033,
          -0.926207,
          -0.376824,
          1.53073
        ],
        [
          0.0,
          0.0,
          0.0,
          1.0
        ]
      ]
    },
    {
      "file_path": "/media/NFS/ttao/scannet/posed_images/scene0143_00/00076.jpg",
      "transform_matrix": [
        [
          0.390801,
          -0.353197,
          0.850016,
          1.679862
        ],
        [
          -0.92033,
          -0.133514,
          0.367651,
          0.917174
        ],
        [
          -0.016364,
          -0.925973,
          -0.377235,
          1.529014
        ],
        [
          0.0,
          0.0,
          0.0,
          1.0
        ]
      ]
    },
    {
      "file_path": "/media/NFS/ttao/scannet/posed_images/scene0143_00/00077.jpg",
      "transform_matrix": [
        [
          0.417903,
          -0.347157,
          0.839547,
          1.682694
        ],
        [
          -0.908428,
          -0.148712,
          0.390697,
          0.908041
        ],
        [
