{
  "frames": [
    {
      "file_path": "/media/NFS/ttao/scannet/posed_images/scene0674_01/00004.jpg",
      "transform_matrix": [
        [
          0.529885,
          -0.681207,
          0.505153,
          1.173419
        ],
        [
          -0.847588,
          -0.445461,
          0.288374,
          2.084197
        ],
        [
          0.028584,
          -0.580966,
          -0.813425,
          1.233474
        ],
        [
          0.0,
          0.0,
          0.0,
          1.0
        ]
      ]
    },
    {
      "file_path": "/media/NFS/ttao/scannet/posed_images/scene0674_01/00007.jpg",
      "transform_matrix": [
        [
          0.531165,
          -0.682258,
          0.502383,
          1.172117
        ],
        [
          -0.846818,
          -0.446828,
          0.288521,
          2.080471
        ],
        [
          0.027633,
          -0.578679,
          -0.815087,
          1.230027
        ],
        [
          0.0,
          0.0,
          0.0,
          1.0
        ]
      ]
    },
    {
      "file_path": "/media/NFS/ttao/scannet/posed_images/scene0674_01/00012.jpg",
      "transform_matrix": [
        [
          0.541525,
          -0.670452,
          0.507194,
          1.175776
        ],
        [
          -0.840512,
          -0.444036,
          0.310439,
          2.076115
        ],
        [
          0.017078,
          -0.594412,
          -0.803979,
          1.223778
        ],
        [
          0.0,
          0.0,
          0.0,
          1.0
        ]
      ]
    },
    {
      "file_path": "/media/NFS/ttao/scannet/posed_images/scene0674_01/00016.jpg",
      "transform_matrix": [
        [
          0.53027,
          -0.657869,
          0.53481,
          1.165135
        ],
        [
          -0.847193,
          -0.435572,
          0.304205,
          2.072455
        ],
        [
          0.032822,
          -0.614398,
          -0.788313,
          1.194492
        ],
        [
          0.0,
          0.0,
          0.0,
          1.0
        ]
      ]
    },
    {
      "file_path": "/media/NFS/ttao/scannet/posed_images/scene0674_01/00023.jpg",
      "transform_matrix": [
        [
          0.540002,
          -0.680771,
          0.494923,
          1.137884
        ],
        [
          -0.841495,
          -0.448458,
          0.301283,
          2.059837
        ],
        [
          0.016847,
          -0.579169,
          -0.815033,
          1.159565
        ],
        [
          0.0,
          0.0,
          0.0,
          1.0
        ]
      ]
    },
    {
      "file_path": "/media/NFS/ttao/scannet/posed_images/scene0674_01/00028.jpg",
      "transform_matrix": [
        [
          0.602195,
          -0.656237,
          0.454659,
          1.123186
        ],
        [
          -0.798176,
          -0.506778,
          0.325718,
          2.040925
        ],
        [
          0.016662,
          -0.559043,
          -0.828971,
          1.161836
        ],
        [
          0.0,
          0.0,
          0.0,
          1.0
        ]
      ]
    },
    {
      "file_path": "/media/NFS/ttao/scannet/posed_images/scene0674_01/00039.jpg",
      "transform_matrix": [
        [
          0.707682,
          -0.570864,
          0.416295,
          1.085566
        ],
        [
          -0.706478,
          -0.564484,
          0.426905,
          1.94629
        ],
        [
          -0.008713,
          -0.596215,
          -0.802777,
          1.184735
        ],
        [
          0.0,
          0.0,
          0.0,
          1.0
        ]
      ]
    },
    {
      "file_path": "/media/NFS/ttao/scannet/posed_images/scene0674_01/00043.jpg",
      "transform_matrix": [
        [
          0.730606,
          -0.553158,
          0.400288,
          1.072061
        ],
        [
          -0.682604,
          -0.577723,
          0.447535,
          1.912618
        ],
        [
          -0.016302,
          -0.60021,
          -0.799676,
          1.188714
        ],
        [
          0.0,
          0.0,
          0.0,
          1.0
        ]
      ]
    },
    {
      "file_path": "/media/NFS/ttao/scannet/posed_images/scene0674_01/00046.jpg",
      "transform_matrix": [
        [
          0.739744,
          -0.545559,
          0.393885,
          1.062272
        ],
        [
          -0.672604,
          -0.582466,
          0.45644,
          1.899666
        ],
        [
          -0.019591,
          -0.602577,
          -0.79782,
          1.1977
        ],
        [
          0.0,
          0.0,
          0.0,
          1.0
        ]
      ]
    },
    {
      "file_path": "/media/NFS/ttao/scannet/posed_images/scene0674_01/00055.jpg",
      "transform_matrix": [
        [
          0.791991,
          -0.509735,
          0.336037,
          1.030561
        ],
        [
          -0.60787,
          -0.606999,
          0.511904,
          1.867782
        ],
        [
          -0.056961,
          -0.60969,
          -0.79059,
          1.216774
        ],
        [
          0.0,
          0.0,
          0.0,
          1.0
        ]
      ]
    },
    {
      "file_path": "/media/NFS/ttao/scannet/posed_images/scene0674_01/00059.jpg",
      "transform_matrix": [
        [
          0.797454,
          -0.505039,
          0.330155,
          1.017767
        ],
        [
          -0.601934,
          -0.628037,
          0.493198,
          1.860838
        ],
        [
          -0.041735,
          -0.592035,
          -0.804831,
          1.207926
        ],
        [
          0.0,
          0.0,
          0.0,
          1.0
        ]
      ]
    },
    {
      "file_path": "/media/NFS/ttao/scannet/posed_images/scene0674_01/00067.jpg",
      "transform_matrix": [
        [
          0.766148,
          -0.560712,
          0.314038,
          1.02241
        ],
        [
          -0.641768,
          -0.641709,
          0.419933,
          1.850373
        ],
        [
          -0.033941,
          -0.52327,
          -0.851491,
          1.190684
        ],
        [
          0.0,
          0.0,
          0.0,
          1.0
        ]
      ]
    },
    {
      "file_path": "/media/NFS/ttao/scannet/posed_images/scene0674_01/00075.jpg",
      "transform_matrix": [
        [
          0.718673,
          -0.623615,
          0.307591,
          1.031974
        ],
        [
          -0.694672,
          -0.624404,
          0.357144,
          1.825618
        ],
        [
          -0.030659,
          -0.470344,
          -0.88195,
          1.168194
        ],
        [
          0.0,
          0.0,
          0.0,
          1.0
        ]
      ]
    },
    {
      "file_path": "/media/NFS/ttao/scannet/posed_images/scene0674_01/00080.jpg",
      "transform_matrix": [
        [
          0.666159,
          -0.674633,
          0.317966,
          1.04637
        ],
        [
          -0.74544,
          -0.588862,
          0.312348,
          1.817902
        ],
        [
          -0.023483,
          -0.445098,
          -0.895174,
          1.165239
        ],
        [
          0.0,
          0.0,
          0.0,
          1.0
        ]
      ]
    },
    {
      "file_path": "/media/NFS/ttao/scannet/posed_images/scene0674_01/00083.jpg",
      "transform_matrix": [
        [
          0.63343,
          -0.703423,
          0.322432,
          1.055516
        ],
        [
          -0.773366,
          -0.561538,
          0.294246,
          1.810258
        ],
        [
          -0.025922,
          -0.435742,
          -0.899698,
          1.163833
        ],
        [
          0.0,
          0.0,
          0.0,
          1.0
        ]
      ]
    },
    {
      "file_path": "/media/NFS/ttao/scannet/posed_images/scene0674_01/00087.jpg",
      "transform_matrix": [
        [
          0.58516,
          -0.740048,
          0.331538,
          1.068324
        ],
        [
          -0.81055,
          -0.52146,
          0.266624,
          1.799297
        ],
        [
          -0.024431,
          -0.424746,
          -0.904983,
          1.161386
        ],
        [
          0.0,
          0.0,
          0.0,
          1.0
        ]
      ]
    },
    {
      "file_path": "/media/NFS/ttao/scannet/posed_images/scene0674_01/00098.jpg",
      "transform_matrix": [
        [
          0.404071,
          -0.830723,
          0.382917,
          1.109692
        ],
        [
          -0.914547,
          -0.358581,
          0.187145,
          1.749673
        ],
        [
          -0.018159,
          -0.425816,
          -0.904627,
          1.164942
        ],
        [
          0.0,
          0.0,
          0.0,
          1.0
        ]
      ]
    },
    {
      "file_path": "/media/NFS/ttao/scannet/posed_images/scene0674_01/00101.jpg",
      "transform_matrix": [
        [
          0.345782,
          -0.849818,
          0.3978,
          1.11372
        ],
        [
          -0.93824,
          -0.307785,
          0.158032,
          1.744241
        ],
        [
          -0.011862,
          -0.427876,
          -0.903759,
          1.164628
        ],
        [
          0.0,
          0.0,
          0.0,
          1.0
        ]
      ]
    },
    {
      "file_path": "/media/NFS/ttao/scannet/posed_images/scene0674_01/00105.jpg",
      "transform_matrix": [
        [
          0.279362,
          -0.867391,
          0.411812,
          1.127934
        ],
        [
          -0.960164,
          -0.249471,
          0.125893,
          1.723153
        ],
        [
          -0.006463,
          -0.430577,
          -0.902531,
          1.166207
        ],
        [
          0.0,
          0.0,
          0.0,
          1.0
        ]
      ]
    },
    {
      "file_path": "/media/NFS/ttao/scannet/posed_images/scene0674_01/00115.jpg",
      "transform_matrix": [
        [
          0.045978,
          -0.892685,
          0.44833,
          1.166549
        ],
        [
          -0.998666,
          -0.051627,
          -0.000378,
          1.665027
        ],
        [
          0.023484,
          -0.447715,
          -0.893868,
          1.170642
        ],
        [
          0.0,
          0.0,
          0.0,
          1.0
        ]
      ]
    },
    {
      "file_path": "/media/NFS/ttao/scannet/posed_images/scene0674_01/00117.jpg",
      "transform_matrix": [
        [
          0.006627,
          -0.889701,
          0.456495,
          1.172494
        ],
        [
          -0.999684,
          -0.016966,
          -0.018555,
          1.654786
        ],
        [
          0.024253,
          -0.456228,
          -0.889532,
          1.174746
        ],
        [
          0.0,
          0.0,
          0.0,
          1.0
        ]
      ]
    },
    {
      "file_path": "/media/NFS/ttao/scannet/posed_images/scene0674_01/00128.jpg",
      "transform_matrix": [
        [
          -0.186962,
          -0.84639,
          0.498668,
          1.189716
        ],
        [
          -0.981243,
          0.136618,
          -0.136007,
          1.610638
        ],
        [
          0.046988,
          -0.514742,
          -0.856056,
          1.206327
        ],
        [
          0.0,
          0.0,
          0.0,
          1.0
        ]
      ]
    },
    {
      "file_path": "/media/NFS/ttao/scannet/posed_images/scene0674_01/00133.jpg",
      "transform_matrix": [
        [
          -0.251999,
          -0.804643,
          0.53763,
          1.194348
        ],
        [
          -0.966815,
          0.185218,
          -0.175962,
          1.594357
        ],
        [
          0.042008,
          -0.564131,
          -0.824616,
          1.224058
        ],
        [
          0.0,
          0.0,
          0.0,
          1.0
        ]
      ]
    },
    {
      "file_path": "/media/NFS/ttao/scannet/posed_images/scene0674_01/00137.jpg",
      "transform_matrix": [
        [
          -0.300076,
          -0.763598,
          0.571728,
          1.191083
        ],
        [
          -0.953416,
          0.220686,
          -0.205662,
          1.581626
        ],
        [
          0.03087,
          -0.606808,
          -0.794248,
          1.236151
        ],
        [
          0.0,
          0.0,
          0.0,
          1.0
        ]
      ]
    },
    {
      "file_path": "/media/NFS/ttao/scannet/posed_images/scene0674_01/00146.jpg",
      "transform_matrix": [
        [
          -0.356474,
          -0.69893,
          0.620018,
          1.197194
        ],
        [
          -0.93413,
          0.253779,
          -0.250992,
          1.568806
        ],
        [
          0.018078,
          -0.66865,
          -0.743357,
          1.265331
        ],
        [
          0.0,
          0.0,
          0.0,
          1.0
        ]
      ]
    },
    {
      "file_path": "/media/NFS/ttao/scannet/posed_images/scene0674_01/00151.jpg",
      "transform_matrix": [
        [
          -0.351047,
          -0.672368,
          0.651681,
          1.195423
        ],
        [
          -0.936,
          0.232749,
          -0.264066,
          1.567823
        ],
        [
          0.025871,
          -0.702673,
          -0.711043,
          1.278743
        ],
        [
          0.0,
          0.0,
          0.0,
          1.0
        ]
      ]
    },
    {
      "file_path": "/media/NFS/ttao/scannet/posed_images/scene0674_01/00153.jpg",
      "transform_matrix": [
        [
          -0.354272,
          -0.661887,
          0.660603,
          1.194299
        ],
        [
          -0.934794,
          0.231371,
          -0.269497,
          1.569822
        ],
        [
          0.025532,
          -0.713003,
          -0.700696,
          1.282359
        ],
        [
          0.0,
          0.0,
          0.0,
          1.0
        ]
      ]
    },
    {
      "file_path": "/media/NFS/ttao/scannet/posed_images/scene0674_01/00162.jpg",
      "transform_matrix": [
        [
          -0.352157,
          -0.606772,
          0.71261,
          1.199726
        ],
        [
          -0.93591,
          0.222129,
          -0.273369,
          1.572651
        ],
        [
          0.007581,
          -0.763208,
          -0.646108,
          1.313053
        ],
        [
          0.0,
          0.0,
          0.0,
          1.0
        ]
      ]
    },
    {
      "file_path": "/media/NFS/ttao/scannet/posed_images/scene0674_01/00169.jpg",
      "transform_matrix": [
        [
          -0.323244,
          -0.563422,
          0.760308,
          1.198646
        ],
        [
          -0.946263,
          0.18396,
          -0.26598,
          1.576856
        ],
        [
          0.009993,
          -0.805428,
          -0.59261,
          1.340289
        ],
        [
          0.0,
          0.0,
          0.0,
          1.0
        ]
      ]
    },
    {
      "file_path": "/media/NFS/ttao/scannet/posed_images/scene0674_01/00174.jpg",
      "transform_matrix": [
        [
          -0.313498,
          -0.551054,
          0.773342,
          1.188899
        ],
        [
          -0.949469,
          0.168983,
          -0.264486,
          1.577514
        ],
        [
          0.015065,
          -0.817181,
          -0.576185,
          1.345505
        ],
        [
          0.0,
          0.0,
          0.0,
          1.0
        ]
      ]
    },
    {
      "file_path": "/media/NFS/ttao/scannet/posed_images/scene0674_01/00178.jpg",
      "transform_matrix": [
        [
          -0.305641,
          -0.552254,
          0.775628,
          1.185825
        ],
        [
          -0.951834,
          0.156332,
          -0.263766,
          1.579376
        ],
        [
          0.02441,
          -0.818887,
          -0.573435,
          1.345059
        ],
        [
          0.0,
          0.0,
          0.0,
          1.0
        ]
      ]
    },
    {
      "file_path": "/media/NFS/ttao/scannet/posed_images/scene0674_01/00186.jpg",
      "transform_matrix": [
        [
          -0.287095,
          -0.561026,
          0.776419,
          1.181118
        ],
        [
          -0.957457,
          0.143356,
          -0.250451,
          1.580061
        ],
        [
          0.029206,
          -0.815291,
          -0.578315,
          1.34355
        ],
        [
          0.0,
          0.0,
          0.0,
          1.0
        ]
      ]
    },
    {
      "file_path": "/media/NFS/ttao/scannet/posed_images/scene0674_01/00188.jpg",
      "transform_matrix": [
        [
          -0.284355,
          -0.560423,
          0.777861,
          1.179482
        ],
        [
          -0.958291,
          0.14191,
          -0.248072,
          1.581986
        ],
        [
          0.028639,
          -0.815958,
          -0.577401,
          1.342435
        ],
        [
          0.0,
          0.0,
          0.0,
          1.0
        ]
      ]
    },
    {
      "file_path": "/media/NFS/ttao/scannet/posed_images/scene0674_01/00199.jpg",
      "transform_matrix": [
        [
          -0.203598,
          -0.630183,
          0.749278,
          1.160014
        ],
        [
          -0.978173,
          0.098463,
          -0.182983,
          1.606382
        ],
        [
          0.041537,
          -0.770178,
          -0.636475,
          1.307981
        ],
        [
          0.0,
          0.0,
          0.0,
          1.0
        ]
      ]
    },
    {
      "file_path": "/media/NFS/ttao/scannet/posed_images/scene0674_01/00201.jpg",
      "transform_matrix": [
        [
          -0.182917,
          -0.643053,
          0.743656,
          1.156753
        ],
        [
          -0.982198,
          0.086631,
          -0.166681,
          1.608577
        ],
        [
          0.042761,
          -0.760906,
          -0.647452,
          1.305908
        ],
        [
          0.0,
          0.0,
          0.0,
          1.0
        ]
      ]
    },
    {
      "file_path": "/media/NFS/ttao/scannet/posed_images/scene0674_01/00209.jpg",
      "transform_matrix": [
        [
          -0.11411,
          -0.660296,
          0.742286,
          1.147835
        ],
        [
          -0.992384,
          0.040866,
          -0.116205,
          1.627329
        ],
        [
          0.046395,
          -0.749893,
          -0.65993,
          1.300728
        ],
        [
          0.0,
          0.0,
          0.0,
          1.0
        ]
      ]
    },
    {
      "file_path": "/media/NFS/ttao/scannet/posed_images/scene0674_01/00217.jpg",
      "transform_matrix": [
        [
          -0.083723,
          -0.673033,
          0.734859,
          1.141675
        ],
        [
          -0.995169,
          0.018527,
          -0.096412,
          1.637082
        ],
        [
          0.051274,
          -0.73938,
          -0.671333,
          1.292484
        ],
        [
          0.0,
          0.0,
          0.0,
          1.0
        ]
      ]
    },
    {
      "file_path": "/media/NFS/ttao/scannet/posed_images/scene0674_01/00222.jpg",
      "transform_matrix": [
        [
          -0.077506,
          -0.680888,
          0.728275,
          1.141854
        ],
        [
          -0.995549,
          0.013565,
          -0.093268,
          1.638612
        ],
        [
          0.053626,
          -0.732262,
          -0.678909,
          1.28986
        ],
        [
          0.0,
          0.0,
          0.0,
          1.0
        ]
      ]
    },
    {
      "file_path": "/media/NFS/ttao/scannet/posed_images/scene0674_01/00225.jpg",
      "transform_matrix": [
        [
          -0.075911,
          -0.682108,
          0.727301,
          1.142565
        ],
        [
          -0.995753,
          0.013751,
          -0.091034,
          1.638768
        ],
        [
          0.052094,
          -0.731122,
          -0.680254,
          1.289737
        ],
        [
          0.0,
          0.0,
          0.0,
          1.0
        ]
      ]
    },
    {
      "file_path": "/media/NFS/ttao/scannet/posed_images/scene0674_01/00229.jpg",
      "transform_matrix": [
        [
          -0.074252,
          -0.681082,
          0.728433,
          1.142602
        ],
        [
          -0.996013,
          0.014435,
          -0.088032,
          1.637765
        ],
        [
          0.049442,
          -0.732065,
          -0.679438,
          1.28992
        ],
        [
          0.0,
          0.0,
          0.0,
          1.0
        ]
      ]
    },
    {
      "file_path": "/media/NFS/ttao/scannet/posed_images/scene0674_01/00236.jpg",
      "transform_matrix": [
        [
          -0.072834,
          -0.685274,
          0.724634,
          1.143527
        ],
        [
          -0.996209,
          0.015329,
          -0.085633,
          1.636799
        ],
        [
          0.047574,
          -0.728124,
          -0.683793,
          1.287479
        ],
        [
          0.0,
          0.0,
          0.0,
          1.0
        ]
      ]
    },
    {
      "file_path": "/media/NFS/ttao/scannet/posed_images/scene0674_01/00241.jpg",
      "transform_matrix": [
        [
          -0.06179,
          -0.690918,
          0.720288,
          1.14266
        ],
        [
          -0.996944,
          0.008164,
          -0.077691,
          1.639691
        ],
        [
          0.047798,
          -0.722887,
          -0.689311,
          1.283823
        ],
        [
          0.0,
          0.0,
          0.0,
          1.0
        ]
      ]
    },
    {
      "file_path": "/media/NFS/ttao/scannet/posed_images/scene0674_01/00247.jpg",
      "transform_matrix": [
        [
          -0.034678,
          -0.701084,
          0.712235,
          1.141209
        ],
        [
          -0.997869,
          -0.015123,
          -0.063471,
          1.65065
        ],
        [
          0.05527,
          -0.712918,
          -0.699066,
          1.277399
        ],
        [
          0.0,
          0.0,
          0.0,
          1.0
        ]
      ]
    },
    {
      "file_path": "/media/NFS/ttao/scannet/posed_images/scene0674_01/00254.jpg",
      "transform_matrix": [
        [
          0.026991,
          -0.711735,
          0.701929,
          1.134153
        ],
        [
          -0.997914,
          -0.060373,
          -0.022844,
          1.667364
        ],
        [
          0.058637,
          -0.699849,
          -0.71188,
          1.271414
        ],
        [
          0.0,
          0.0,
          0.0,
          1.0
        ]
      ]
    },
    {
      "file_path": "/media/NFS/ttao/scannet/posed_images/scene0674_01/00263.jpg",
      "transform_matrix": [
        [
          0.153855,
          -0.710522,
          0.686649,
          1.118463
        ],
        [
          -0.986983,
          -0.143448,
          0.072715,
          1.699934
        ],
        [
          0.046833,
          -0.688898,
          -0.723344,
          1.268029
        ],
        [
          0.0,
          0.0,
          0.0,
          1.0
        ]
      ]
    },
    {
      "file_path": "/media/NFS/ttao/scannet/posed_images/scene0674_01/00268.jpg",
      "transform_matrix": [
        [
          0.242978,
          -0.69483,
          0.676884,
          1.107763
        ],
        [
          -0.969337,
          -0.200317,
          0.142331,
          1.723589
        ],
        [
          0.036695,
          -0.690713,
          -0.722198,
          1.268233
        ],
        [
          0.0,
          0.0,
          0.0,
          1.0
        ]
      ]
    },
    {
      "file_path": "/media/NFS/ttao/scannet/posed_images/scene0674_01/00273.jpg",
      "transform_matrix": [
        [
          0.307616,
          -0.670939,
          0.674695,
          1.097749
        ],
        [
          -0.950878,
          -0.242616,
          0.192272,
          1.741747
        ],
        [
          0.034689,
          -0.700699,
          -0.712613,
          1.268485
        ],
        [
          0.0,
          0.0,
          0.0,
          1.0
        ]
      ]
    },
    {
      "file_path": "/media/NFS/ttao/scannet/posed_images/scene0674_01/00277.jpg",
      "transform_matrix": [
        [
          0.347546,
          -0.649255,
          0.67652,
          1.090954
        ],
        [
          -0.9371,
          -0.265507,
          0.226606,
          1.751372
        ],
        [
          0.032495,
          -0.712723,
          -0.700692,
          1.26736
        ],
        [
          0.0,
          0.0,
          0.0,
          1.0
        ]
      ]
    },
    {
      "file_path": "/media/NFS/ttao/scannet/posed_images/scene0674_01/00282.jpg",
      "transform_matrix": [
        [
          0.406155,
          -0.633442,
          0.658627,
          1.081779
        ],
        [
          -0.91356,
          -0.298132,
          0.276632,
          1.765669
        ],
        [
          0.021127,
          -0.71405,
          -0.699775,
          1.264069
        ],
        [
          0.0,
          0.0,
          0.0,
          1.0
        ]
      ]
    },
    {
      "file_path": "/media/NFS/ttao/scannet/posed_images/scene0674_01/00289.jpg",
      "transform_matrix": [
        [
          0.514794,
          -0.597065,
          0.615224,
          1.090107
        ],
        [
          -0.857297,
          -0.363068,
          0.365,
          1.789091
        ],
        [
          0.005439,
          -0.715329,
          -0.698767,
          1.266002
        ],
        [
          0.0,
          0.0,
          0.0,
          1.0
        ]
      ]
    },
    {
      "file_path": "/media/NFS/ttao/scannet/posed_images/scene0674_01/00298.jpg",
      "transform_matrix": [
        [
          0.65185,
          -0.505902,
          0.564939,
          1.119729
        ],
        [
          -0.75829,
          -0.44405,
          0.477301,
          1.797332
        ],
        [
          0.009394,
          -0.739516,
          -0.673074,
          1.26309
        ],
        [
          0.0,
          0.0,
          0.0,
          1.0
        ]
      ]
    },
    {
      "file_path": "/media/NFS/ttao/scannet/posed_images/scene0674_01/00300.jpg",
      "transform_matrix": [
        [
          0.673919,
          -0.487553,
          0.55509,
          1.1237
        ],
        [
          -0.738664,
          -0.459341,
          0.493338,
          1.803549
        ],
        [
          0.014447,
          -0.742494,
          -0.669697,
          1.264215
        ],
        [
          0.0,
          0.0,
          0.0,
          1.0
        ]
      ]
    },
    {
      "file_path": "/media/NFS/ttao/scannet/posed_images/scene0674_01/00307.jpg",
      "transform_matrix": [
        [
          0.750789,
          -0.429295,
          0.502018,
          1.145006
        ],
        [
          -0.66053,
          -0.492523,
          0.566675,
          1.804755
        ],
        [
          0.003985,
          -0.757052,
          -0.653343,
          1.263147
        ],
        [
          0.0,
          0.0,
          0.0,
          1.0
        ]
      ]
    },
    {
      "file_path": "/media/NFS/ttao/scannet/posed_images/scene0674_01/00316.jpg",
      "transform_matrix": [
        [
          0.829651,
          -0.358071,
          0.428327,
          1.151832
        ],
        [
          -0.558138,
          -0.514542,
          0.650945,
          1.808527
        ],
        [
          -0.012693,
          -0.779122,
          -0.626743,
          1.26695
        ],
        [
          0.0,
          0.0,
          0.0,
          1.0
        ]
      ]
    },
    {
      "file_path": "/media/NFS/ttao/scannet/posed_images/scene0674_01/00318.jpg",
      "transform_matrix": [
        [
          0.838312,
          -0.347858,
          0.419795,
          1.156715
        ],
        [
          -0.545004,
          -0.514534,
          0.661986,
          1.808512
        ],
        [
          -0.014278,
          -0.783741,
          -0.620924,
          1.270313
        ],
        [
          0.0,
          0.0,
          0.0,
          1.0
        ]
      ]
    },
    {
      "file_path": "/media/NFS/ttao/scannet/posed_images/scene0674_01/00328.jpg",
      "transform_matrix": [
        [
          0.85982,
          -0.311955,
          0.404221,
          1.183803
        ],
        [
          -0.509481,
          -0.471844,
          0.719577,
          1.812835
        ],
        [
          -0.033746,
          -0.824649,
          -0.564636,
          1.297503
        ],
        [
          0.0,
          0.0,
          0.0,
          1.0
        ]
      ]
    },
    {
      "file_path": "/media/NFS/ttao/scannet/posed_images/scene0674_01/00334.jpg",
      "transform_matrix": [
        [
          0.866802,
          -0.298736,
          0.399264,
          1.193128
        ],
        [
          -0.497153,
          -0.455655,
          0.738389,
          1.809852
        ],
        [
          -0.038656,
          -0.838531,
          -0.54348,
          1.303365
        ],
        [
          0.0,
          0.0,
          0.0,
          1.0
        ]
      ]
    },
    {
      "file_path": "/media/NFS/ttao/scannet/posed_images/scene0674_01/00337.jpg",
      "transform_matrix": [
        [
          0.871582,
          -0.291713,
          0.394014,
          1.201108
        ],
        [
          -0.488595,
          -0.450912,
          0.746963,
          1.81078
        ],
        [
          -0.040233,
          -0.843553,
          -0.535536,
          1.307693
        ],
        [
          0.0,
          0.0,
          0.0,
          1.0
        ]
      ]
    },
    {
      "file_path": "/media/NFS/ttao/scannet/posed_images/scene0674_01/00344.jpg",
      "transform_matrix": [
        [
          0.882219,
          -0.277581,
          0.380313,
          1.208102
        ],
        [
          -0.468484,
          -0.436809,
          0.767933,
          1.816423
        ],
        [
          -0.04704,
          -0.855656,
          -0.515403,
          1.320409
        ],
        [
          0.0,
          0.0,
          0.0,
          1.0
        ]
      ]
    },
    {
      "file_path": "/media/NFS/ttao/scannet/posed_images/scene0674_01/00348.jpg",
      "transform_matrix": [
        [
          0.886547,
          -0.268506,
          0.376749,
          1.217104
        ],
        [
          -0.460153,
          -0.427462,
          0.778162,
          1.820136
        ],
        [
          -0.047895,
          -0.863239,
          -0.502519,
          1.331017
        ],
        [
          0.0,
          0.0,
          0.0,
          1.0
        ]
      ]
    },
    {
      "file_path": "/media/NFS/ttao/scannet/posed_images/scene0674_01/00357.jpg",
      "transform_matrix": [
        [
          0.895051,
          -0.236318,
          0.378201,
          1.216944
        ],
        [
          -0.44369,
          -0.386362,
          0.808619,
          1.818343
        ],
        [
          -0.044969,
          -0.891559,
          -0.450666,
          1.351597
        ],
        [
          0.0,
          0.0,
          0.0,
          1.0
        ]
      ]
    },
    {
      "file_path": "/media/NFS/ttao/scannet/posed_images/scene0674_01/00360.jpg",
      "transform_matrix": [
        [
          0.905038,
          -0.21384,
          0.367665,
          1.221696
        ],
        [
          -0.424239,
          -0.391971,
          0.816321,
          1.81437
        ],
        [
          -0.030448,
          -0.89478,
          -0.445468,
          1.357767
        ],
        [
          0.0,
          0.0,
          0.0,
          1.0
        ]
      ]
    },
    {
      "file_path": "/media/NFS/ttao/scannet/posed_images/scene0674_01/00369.jpg",
      "transform_matrix": [
        [
          0.911542,
          -0.177725,
          0.370817,
          1.22853
        ],
        [
          -0.410453,
          -0.338658,
          0.846663,
          1.81856
        ],
        [
          -0.024893,
          -0.923972,
          -0.381649,
          1.399073
        ],
        [
          0.0,
          0.0,
          0.0,
          1.0
        ]
      ]
    },
    {
      "file_path": "/media/NFS/ttao/scannet/posed_images/scene0674_01/00376.jpg",
      "transform_matrix": [
        [
          0.90739,
          -0.160251,
          0.388538,
          1.233113
        ],
        [
          -0.419547,
          -0.290467,
          0.860005,
          1.807941
        ],
        [
          -0.02496,
          -0.943371,
          -0.3308,
          1.417249
        ],
        [
          0.0,
          0.0,
          0.0,
          1.0
        ]
      ]
    },
    {
      "file_path": "/media/NFS/ttao/scannet/posed_images/scene0674_01/00380.jpg",
      "transform_matrix": [
        [
          0.900805,
          -0.16272,
          0.402582,
          1.233425
        ],
        [
          -0.433513,
          -0.283989,
          0.855229,
          1.802253
        ],
        [
          -0.024834,
          -0.944919,
          -0.32636,
          1.415421
        ],
        [
          0.0,
          0.0,
          0.0,
          1.0
        ]
      ]
    },
    {
      "file_path": "/media/NFS/ttao/scannet/posed_images/scene0674_01/00385.jpg",
      "transform_matrix": [
        [
          0.892189,
          -0.173441,
          0.417033,
          1.231941
        ],
        [
          -0.450832,
          -0.286025,
          0.845541,
          1.798252
        ],
        [
          -0.027369,
          -0.942395,
          -0.333381,
          1.409572
        ],
        [
          0.0,
          0.0,
          0.0,
          1.0
        ]
      ]
    },
    {
      "file_path": "/media/NFS/ttao/scannet/posed_images/scene0674_01/00389.jpg",
      "transform_matrix": [
        [
          0.890424,
          -0.177536,
          0.419077,
          1.227703
        ],
        [
          -0.45448,
          -0.297588,
          0.839577,
          1.794612
        ],
        [
          -0.024342,
          -0.938041,
          -0.345666,
          1.397296
        ],
        [
          0.0,
          0.0,
          0.0,
          1.0
        ]
      ]
    },
    {
      "file_path": "/media/NFS/ttao/scannet/posed_images/scene0674_01/00396.jpg",
      "transform_matrix": [
        [
          0.900334,
          -0.209575,
          0.381415,
          1.229324
        ],
        [
          -0.433813,
          -0.362245,
          0.824976,
          1.786122
        ],
        [
          -0.034728,
          -0.908216,
          -0.417058,
          1.363728
        ],
        [
          0.0,
          0.0,
          0.0,
          1.0
        ]
      ]
    },
    {
      "file_path": "/media/NFS/ttao/scannet/posed_images/scene0674_01/00405.jpg",
      "transform_matrix": [
        [
          0.888072,
          -0.260223,
          0.378962,
          1.208955
        ],
        [
          -0.458481,
          -0.441274,
          0.771409,
          1.790073
        ],
        [
          -0.033512,
          -0.858813,
          -0.511191,
          1.333462
        ],
        [
          0.0,
          0.0,
          0.0,
          1.0
        ]
      ]
    },
    {
      "file_path": "/media/NFS/ttao/scannet/posed_images/scene0674_01/00412.jpg",
      "transform_matrix": [
        [
          0.893954,
          -0.272548,
          0.355757,
          1.205522
        ],
        [
          -0.446978,
          -0.484665,
          0.751871,
          1.803951
        ],
        [
          -0.032498,
          -0.831154,
          -0.555092,
          1.323949
        ],
        [
          0.0,
          0.0,
          0.0,
          1.0
        ]
      ]
    },
    {
      "file_path": "/media/NFS/ttao/scannet/posed_images/scene0674_01/00417.jpg",
      "transform_matrix": [
        [
          0.907882,
          -0.262833,
          0.326601,
          1.219207
        ],
        [
          -0.417087,
          -0.487719,
          0.766922,
          1.812904
        ],
        [
          -0.042283,
          -0.832496,
          -0.552416,
          1.322183
        ],
        [
          0.0,
          0.0,
          0.0,
          1.0
        ]
      ]
    },
    {
      "file_path": "/media/NFS/ttao/scannet/posed_images/scene0674_01/00419.jpg",
      "transform_matrix": [
        [
          0.907939,
          -0.267422,
          0.322694,
          1.229695
        ],
        [
          -0.416406,
          -0.488428,
          0.766841,
          1.818042
        ],
        [
          -0.047457,
          -0.830617,
          -0.554819,
          1.323076
        ],
        [
          0.0,
          0.0,
          0.0,
          1.0
        ]
      ]
    },
    {
      "file_path": "/media/NFS/ttao/scannet/posed_images/scene0674_01/00424.jpg",
      "transform_matrix": [
        [
          0.911048,
          -0.257262,
          0.322192,
          1.253305
        ],
        [
          -0.409737,
          -0.477922,
          0.776985,
          1.839242
        ],
        [
          -0.045906,
          -0.839885,
          -0.54082,
          1.315186
        ],
        [
          0.0,
          0.0,
          0.0,
          1.0
        ]
      ]
    },
    {
      "file_path": "/media/NFS/ttao/scannet/posed_images/scene0674_01/00431.jpg",
      "transform_matrix": [
        [
          0.953599,
          -0.159689,
          0.255243,
          1.291273
        ],
        [
          -0.300964,
          -0.482049,
          0.82283,
          1.88846
        ],
        [
          -0.008358,
          -0.861469,
          -0.507742,
          1.29428
        ],
        [
          0.0,
          0.0,
          0.0,
          1.0
        ]
      ]
    },
    {
      "file_path": "/media/NFS/ttao/scannet/posed_images/scene0674_01/00440.jpg",
      "transform_matrix": [
        [
          0.987675,
          -0.072376,
          0.138776,
          1.366893
        ],
        [
          -0.156482,
          -0.438322,
          0.885092,
          1.947424
        ],
        [
          -0.00323,
          -0.895899,
          -0.444245,
          1.298429
        ],
        [
          0.0,
          0.0,
          0.0,
          1.0
        ]
      ]
    },
    {
      "file_path": "/media/NFS/ttao/scannet/posed_images/scene0674_01/00442.jpg",
      "transform_matrix": [
        [
          0.988748,
          -0.06205,
          0.136117,
          1.374994
        ],
        [
          -0.149525,
          -0.437293,
          0.886801,
          1.949803
        ],
        [
          0.004497,
          -0.897176,
          -0.441651,
          1.280263
        ],
        [
          0.0,
          0.0,
          0.0,
          1.0
        ]
      ]
    },
    {
      "file_path": "/media/NFS/ttao/scannet/posed_images/scene0674_01/00451.jpg",
      "transform_matrix": [
        [
          0.986748,
          -0.132232,
          0.09404,
          1.396805
        ],
        [
          -0.152008,
          -0.550562,
          0.820838,
          2.018252
        ],
        [
          -0.056766,
          -0.824255,
          -0.563366,
          1.261623
        ],
        [
          0.0,
          0.0,
          0.0,
          1.0
        ]
      ]
    },
    {
      "file_path": "/media/NFS/ttao/scannet/posed_images/scene0674_01/00456.jpg",
      "transform_matrix": [
        [
          0.991648,
          -0.1198,
          0.047769,
          1.408935
        ],
        [
          -0.106485,
          -0.551549,
          0.827318,
          2.046789
        ],
        [
          -0.072765,
