{
  "frames": [
    {
      "file_path": "/media/NFS/ttao/scannet/posed_images/scene0414_00/00000.jpg",
      "transform_matrix": [
        [
          -0.917881,
          -0.285009,
          0.276159,
          2.365471
        ],
        [
          -0.387548,
          0.493918,
          -0.778364,
          4.126899
        ],
        [
          0.085441,
          -0.821471,
          -0.563813,
          1.732335
        ],
        [
          0.0,
          0.0,
          0.0,
          1.0
        ]
      ]
    },
    {
      "file_path": "/media/NFS/ttao/scannet/posed_images/scene0414_00/00003.jpg",
      "transform_matrix": [
        [
          -0.917683,
          -0.284428,
          0.277416,
          2.364979
        ],
        [
          -0.386535,
          0.477584,
          -0.788989,
          4.066725
        ],
        [
          0.091921,
          -0.831273,
          -0.548212,
          1.728176
        ],
        [
          0.0,
          0.0,
          0.0,
          1.0
        ]
      ]
    },
    {
      "file_path": "/media/NFS/ttao/scannet/posed_images/scene0414_00/00008.jpg",
      "transform_matrix": [
        [
          -0.90778,
          -0.319976,
          0.271204,
          2.37472
        ],
        [
          -0.404697,
          0.498192,
          -0.766828,
          3.991722
        ],
        [
          0.110255,
          -0.805866,
          -0.581742,
          1.72507
        ],
        [
          0.0,
          0.0,
          0.0,
          1.0
        ]
      ]
    },
    {
      "file_path": "/media/NFS/ttao/scannet/posed_images/scene0414_00/00012.jpg",
      "transform_matrix": [
        [
          -0.89824,
          -0.333831,
          0.28587,
          2.381013
        ],
        [
          -0.423023,
          0.480226,
          -0.768398,
          3.953567
        ],
        [
          0.119232,
          -0.811135,
          -0.572576,
          1.712006
        ],
        [
          0.0,
          0.0,
          0.0,
          1.0
        ]
      ]
    },
    {
      "file_path": "/media/NFS/ttao/scannet/posed_images/scene0414_00/00017.jpg",
      "transform_matrix": [
        [
          -0.895079,
          -0.326683,
          0.303501,
          2.396018
        ],
        [
          -0.435763,
          0.496466,
          -0.750754,
          3.893254
        ],
        [
          0.09458,
          -0.804239,
          -0.586732,
          1.724785
        ],
        [
          0.0,
          0.0,
          0.0,
          1.0
        ]
      ]
    },
    {
      "file_path": "/media/NFS/ttao/scannet/posed_images/scene0414_00/00019.jpg",
      "transform_matrix": [
        [
          -0.898189,
          -0.318358,
          0.30316,
          2.402788
        ],
        [
          -0.429577,
          0.489108,
          -0.759103,
          3.872851
        ],
        [
          0.093388,
          -0.812048,
          -0.57607,
          1.718538
        ],
        [
          0.0,
          0.0,
          0.0,
          1.0
        ]
      ]
    },
    {
      "file_path": "/media/NFS/ttao/scannet/posed_images/scene0414_00/00026.jpg",
      "transform_matrix": [
        [
          -0.909512,
          -0.302766,
          0.284817,
          2.468641
        ],
        [
          -0.401844,
          0.465109,
          -0.788793,
          3.761194
        ],
        [
          0.106349,
          -0.831869,
          -0.544687,
          1.724097
        ],
        [
          0.0,
          0.0,
          0.0,
          1.0
        ]
      ]
    },
    {
      "file_path": "/media/NFS/ttao/scannet/posed_images/scene0414_00/00029.jpg",
      "transform_matrix": [
        [
          -0.911835,
          -0.290796,
          0.289819,
          2.514034
        ],
        [
          -0.398005,
          0.45288,
          -0.797805,
          3.713749
        ],
        [
          0.100745,
          -0.842815,
          -0.52869,
          1.731442
        ],
        [
          0.0,
          0.0,
          0.0,
          1.0
        ]
      ]
    },
    {
      "file_path": "/media/NFS/ttao/scannet/posed_images/scene0414_00/00030.jpg",
      "transform_matrix": [
        [
          -0.914194,
          -0.288,
          0.28514,
          2.536924
        ],
        [
          -0.392267,
          0.451969,
          -0.801156,
          3.699957
        ],
        [
          0.101858,
          -0.844263,
          -0.52616,
          1.73436
        ],
        [
          0.0,
          0.0,
          0.0,
          1.0
        ]
      ]
    },
    {
      "file_path": "/media/NFS/ttao/scannet/posed_images/scene0414_00/00036.jpg",
      "transform_matrix": [
        [
          -0.918366,
          -0.276389,
          0.28322,
          2.614223
        ],
        [
          -0.381601,
          0.428949,
          -0.81877,
          3.62095
        ],
        [
          0.104812,
          -0.860007,
          -0.499402,
          1.742496
        ],
        [
          0.0,
          0.0,
          0.0,
          1.0
        ]
      ]
    },
    {
      "file_path": "/media/NFS/ttao/scannet/posed_images/scene0414_00/00038.jpg",
      "transform_matrix": [
        [
          -0.923564,
          -0.272847,
          0.269415,
          2.636386
        ],
        [
          -0.369596,
          0.446314,
          -0.814986,
          3.602877
        ],
        [
          0.102122,
          -0.852266,
          -0.513043,
          1.731382
        ],
        [
          0.0,
          0.0,
          0.0,
          1.0
        ]
      ]
    },
    {
      "file_path": "/media/NFS/ttao/scannet/posed_images/scene0414_00/00042.jpg",
      "transform_matrix": [
        [
          -0.921999,
          -0.262542,
          0.284587,
          2.685141
        ],
        [
          -0.3788,
          0.45943,
          -0.803389,
          3.55197
        ],
        [
          0.080176,
          -0.848526,
          -0.523045,
          1.737451
        ],
        [
          0.0,
          0.0,
          0.0,
          1.0
        ]
      ]
    },
    {
      "file_path": "/media/NFS/ttao/scannet/posed_images/scene0414_00/00045.jpg",
      "transform_matrix": [
        [
          -0.913015,
          -0.26856,
          0.307048,
          2.71103
        ],
        [
          -0.401312,
          0.456355,
          -0.794159,
          3.517807
        ],
        [
          0.073156,
          -0.848301,
          -0.524436,
          1.730636
        ],
        [
          0.0,
          0.0,
          0.0,
          1.0
        ]
      ]
    },
    {
      "file_path": "/media/NFS/ttao/scannet/posed_images/scene0414_00/00050.jpg",
      "transform_matrix": [
        [
          -0.887837,
          -0.303138,
          0.346197,
          2.740648
        ],
        [
          -0.45218,
          0.43526,
          -0.778513,
          3.449235
        ],
        [
          0.085311,
          -0.847736,
          -0.523513,
          1.720042
        ],
        [
          0.0,
          0.0,
          0.0,
          1.0
        ]
      ]
    },
    {
      "file_path": "/media/NFS/ttao/scannet/posed_images/scene0414_00/00053.jpg",
      "transform_matrix": [
        [
          -0.888814,
          -0.29683,
          0.349144,
          2.781725
        ],
        [
          -0.450451,
          0.425762,
          -0.784743,
          3.401765
        ],
        [
          0.084283,
          -0.854763,
          -0.51213,
          1.723152
        ],
        [
          0.0,
          0.0,
          0.0,
          1.0
        ]
      ]
    },
    {
      "file_path": "/media/NFS/ttao/scannet/posed_images/scene0414_00/00058.jpg",
      "transform_matrix": [
        [
          -0.869468,
          -0.317129,
          0.378755,
          2.809655
        ],
        [
          -0.483633,
          0.390291,
          -0.783436,
          3.316783
        ],
        [
          0.100626,
          -0.864351,
          -0.492719,
          1.726585
        ],
        [
          0.0,
          0.0,
          0.0,
          1.0
        ]
      ]
    },
    {
      "file_path": "/media/NFS/ttao/scannet/posed_images/scene0414_00/00064.jpg",
      "transform_matrix": [
        [
          -0.852556,
          -0.316851,
          0.415636,
          2.861742
        ],
        [
          -0.513554,
          0.360275,
          -0.778758,
          3.22821
        ],
        [
          0.097007,
          -0.877387,
          -0.469875,
          1.745928
        ],
        [
          0.0,
          0.0,
          0.0,
          1.0
        ]
      ]
    },
    {
      "file_path": "/media/NFS/ttao/scannet/posed_images/scene0414_00/00067.jpg",
      "transform_matrix": [
        [
          -0.831942,
          -0.335439,
          0.441988,
          2.883685
        ],
        [
          -0.546114,
          0.354117,
          -0.759184,
          3.199128
        ],
        [
          0.098144,
          -0.872973,
          -0.477793,
          1.738622
        ],
        [
          0.0,
          0.0,
          0.0,
          1.0
        ]
      ]
    },
    {
      "file_path": "/media/NFS/ttao/scannet/posed_images/scene0414_00/00068.jpg",
      "transform_matrix": [
        [
          -0.828252,
          -0.339903,
          0.445494,
          2.886126
        ],
        [
          -0.55133,
          0.352187,
          -0.756306,
          3.185094
        ],
        [
          0.100174,
          -0.872026,
          -0.479098,
          1.741979
        ],
        [
          0.0,
          0.0,
          0.0,
          1.0
        ]
      ]
    },
    {
      "file_path": "/media/NFS/ttao/scannet/posed_images/scene0414_00/00073.jpg",
      "transform_matrix": [
        [
          -0.821973,
          -0.341618,
          0.455695,
          2.93261
        ],
        [
          -0.560464,
          0.343023,
          -0.7538,
          3.12077
        ],
        [
          0.101198,
          -0.875004,
          -0.47342,
          1.734328
        ],
        [
          0.0,
          0.0,
          0.0,
          1.0
        ]
      ]
    },
    {
      "file_path": "/media/NFS/ttao/scannet/posed_images/scene0414_00/00077.jpg",
      "transform_matrix": [
        [
          -0.818733,
          -0.344202,
          0.459566,
          2.977714
        ],
        [
          -0.564646,
          0.337455,
          -0.753193,
          3.066547
        ],
        [
          0.104167,
          -0.876156,
          -0.470637,
          1.731998
        ],
        [
          0.0,
          0.0,
          0.0,
          1.0
        ]
      ]
    },
    {
      "file_path": "/media/NFS/ttao/scannet/posed_images/scene0414_00/00084.jpg",
      "transform_matrix": [
        [
          -0.805659,
          -0.354784,
          0.474386,
          3.093951
        ],
        [
          -0.581669,
          0.322205,
          -0.74689,
          2.996425
        ],
        [
          0.112135,
          -0.877674,
          -0.465955,
          1.713721
        ],
        [
          0.0,
          0.0,
          0.0,
          1.0
        ]
      ]
    },
    {
      "file_path": "/media/NFS/ttao/scannet/posed_images/scene0414_00/00086.jpg",
      "transform_matrix": [
        [
          -0.802836,
          -0.361082,
          0.47442,
          3.124234
        ],
        [
          -0.584181,
          0.317453,
          -0.746965,
          2.967848
        ],
        [
          0.11911,
          -0.876837,
          -0.4658,
          1.719992
        ],
        [
          0.0,
          0.0,
          0.0,
          1.0
        ]
      ]
    },
    {
      "file_path": "/media/NFS/ttao/scannet/posed_images/scene0414_00/00091.jpg",
      "transform_matrix": [
        [
          -0.791587,
          -0.359905,
          0.493821,
          3.202824
        ],
        [
          -0.600647,
          0.30976,
          -0.73707,
          2.923063
        ],
        [
          0.112309,
          -0.880067,
          -0.461378,
          1.712927
        ],
        [
          0.0,
          0.0,
          0.0,
          1.0
        ]
      ]
    },
    {
      "file_path": "/media/NFS/ttao/scannet/posed_images/scene0414_00/00095.jpg",
      "transform_matrix": [
        [
          -0.761291,
          -0.401539,
          0.509119,
          3.271588
        ],
        [
          -0.632946,
          0.289739,
          -0.717935,
          2.906611
        ],
        [
          0.140767,
          -0.868803,
          -0.474728,
          1.696833
        ],
        [
          0.0,
          0.0,
          0.0,
          1.0
        ]
      ]
    },
    {
      "file_path": "/media/NFS/ttao/scannet/posed_images/scene0414_00/00096.jpg",
      "transform_matrix": [
        [
          -0.753841,
          -0.410183,
          0.513296,
          3.285871
        ],
        [
          -0.640605,
          0.285101,
          -0.712981,
          2.903611
        ],
        [
          0.146112,
          -0.866295,
          -0.477687,
          1.69275
        ],
        [
          0.0,
          0.0,
          0.0,
          1.0
        ]
      ]
    },
    {
      "file_path": "/media/NFS/ttao/scannet/posed_images/scene0414_00/00100.jpg",
      "transform_matrix": [
        [
          -0.707928,
          -0.443237,
          0.54989,
          3.337125
        ],
        [
          -0.690565,
          0.271031,
          -0.670569,
          2.877781
        ],
        [
          0.148184,
          -0.854449,
          -0.497954,
          1.713996
        ],
        [
          0.0,
          0.0,
          0.0,
          1.0
        ]
      ]
    },
    {
      "file_path": "/media/NFS/ttao/scannet/posed_images/scene0414_00/00104.jpg",
      "transform_matrix": [
        [
          -0.684099,
          -0.45444,
          0.570519,
          3.390431
        ],
        [
          -0.711653,
          0.244415,
          -0.658644,
          2.862335
        ],
        [
          0.159871,
          -0.856589,
          -0.490608,
          1.695959
        ],
        [
          0.0,
          0.0,
          0.0,
          1.0
        ]
      ]
    },
    {
      "file_path": "/media/NFS/ttao/scannet/posed_images/scene0414_00/00108.jpg",
      "transform_matrix": [
        [
          -0.65274,
          -0.465992,
          0.597312,
          3.42898
        ],
        [
          -0.740919,
          0.228221,
          -0.631627,
          2.829272
        ],
        [
          0.158014,
          -0.854849,
          -0.494232,
          1.678907
        ],
        [
          0.0,
          0.0,
          0.0,
          1.0
        ]
      ]
    },
    {
      "file_path": "/media/NFS/ttao/scannet/posed_images/scene0414_00/00113.jpg",
      "transform_matrix": [
        [
          -0.59312,
          -0.461702,
          0.659576,
          3.480744
        ],
        [
          -0.795627,
          0.210732,
          -0.567951,
          2.819874
        ],
        [
          0.12323,
          -0.86164,
          -0.492332,
          1.65139
        ],
        [
          0.0,
          0.0,
          0.0,
          1.0
        ]
      ]
    },
    {
      "file_path": "/media/NFS/ttao/scannet/posed_images/scene0414_00/00115.jpg",
      "transform_matrix": [
        [
          -0.541659,
          -0.47046,
          0.696616,
          3.492612
        ],
        [
          -0.834537,
          0.201627,
          -0.512731,
          2.807158
        ],
        [
          0.100763,
          -0.859077,
          -0.50183,
          1.645717
        ],
        [
          0.0,
          0.0,
          0.0,
          1.0
        ]
      ]
    },
    {
      "file_path": "/media/NFS/ttao/scannet/posed_images/scene0414_00/00120.jpg",
      "transform_matrix": [
        [
          -0.448495,
          -0.507425,
          0.73578,
          3.522882
        ],
        [
          -0.889639,
          0.174241,
          -0.422116,
          2.760661
        ],
        [
          0.085989,
          -0.843896,
          -0.529571,
          1.65035
        ],
        [
          0.0,
          0.0,
          0.0,
          1.0
        ]
      ]
    },
    {
      "file_path": "/media/NFS/ttao/scannet/posed_images/scene0414_00/00123.jpg",
      "transform_matrix": [
        [
          -0.412583,
          -0.524954,
          0.744446,
          3.542047
        ],
        [
          -0.906338,
          0.154707,
          -0.393213,
          2.753247
        ],
        [
          0.091248,
          -0.836952,
          -0.539615,
          1.618317
        ],
        [
          0.0,
          0.0,
          0.0,
          1.0
        ]
      ]
    },
    {
      "file_path": "/media/NFS/ttao/scannet/posed_images/scene0414_00/00128.jpg",
      "transform_matrix": [
        [
          -0.368426,
          -0.515443,
          0.77368,
          3.585158
        ],
        [
          -0.926132,
          0.131088,
          -0.353689,
          2.701651
        ],
        [
          0.080886,
          -0.846838,
          -0.525664,
          1.616357
        ],
        [
          0.0,
          0.0,
          0.0,
          1.0
        ]
      ]
    },
    {
      "file_path": "/media/NFS/ttao/scannet/posed_images/scene0414_00/00131.jpg",
      "transform_matrix": [
        [
          -0.329668,
          -0.541494,
          0.773371,
          3.609894
        ],
        [
          -0.937991,
          0.094844,
          -0.333434,
          2.692885
        ],
        [
          0.107203,
          -0.835337,
          -0.539184,
          1.591122
        ],
        [
          0.0,
          0.0,
          0.0,
          1.0
        ]
      ]
    },
    {
      "file_path": "/media/NFS/ttao/scannet/posed_images/scene0414_00/00135.jpg",
      "transform_matrix": [
        [
          -0.243885,
          -0.557688,
          0.793413,
          3.64089
        ],
        [
          -0.961159,
          0.030005,
          -0.274357,
          2.659245
        ],
        [
          0.1292,
          -0.829508,
          -0.543345,
          1.566981
        ],
        [
          0.0,
          0.0,
          0.0,
          1.0
        ]
      ]
    },
    {
      "file_path": "/media/NFS/ttao/scannet/posed_images/scene0414_00/00138.jpg",
      "transform_matrix": [
        [
          -0.183088,
          -0.565803,
          0.803956,
          3.669512
        ],
        [
          -0.974516,
          -0.003353,
          -0.22429,
          2.629803
        ],
        [
          0.1296,
          -0.824533,
          -0.550771,
          1.561783
        ],
        [
          0.0,
          0.0,
          0.0,
          1.0
        ]
      ]
    },
    {
      "file_path": "/media/NFS/ttao/scannet/posed_images/scene0414_00/00145.jpg",
      "transform_matrix": [
        [
          -Infinity,
          -Infinity,
          -Infinity,
          -Infinity
        ],
        [
          -Infinity,
          -Infinity,
          -Infinity,
          -Infinity
        ],
        [
          -Infinity,
          -Infinity,
          -Infinity,
          -Infinity
        ],
        [
          -Infinity,
          -Infinity,
          -Infinity,
          -Infinity
        ]
      ]
    },
    {
      "file_path": "/media/NFS/ttao/scannet/posed_images/scene0414_00/00146.jpg",
      "transform_matrix": [
        [
          -Infinity,
          -Infinity,
          -Infinity,
          -Infinity
        ],
        [
          -Infinity,
          -Infinity,
          -Infinity,
          -Infinity
        ],
        [
          -Infinity,
          -Infinity,
          -Infinity,
          -Infinity
        ],
        [
          -Infinity,
          -Infinity,
          -Infinity,
          -Infinity
        ]
      ]
    },
    {
      "file_path": "/media/NFS/ttao/scannet/posed_images/scene0414_00/00153.jpg",
      "transform_matrix": [
        [
          -Infinity,
          -Infinity,
          -Infinity,
          -Infinity
        ],
        [
          -Infinity,
          -Infinity,
          -Infinity,
          -Infinity
        ],
        [
          -Infinity,
          -Infinity,
          -Infinity,
          -Infinity
        ],
        [
          -Infinity,
          -Infinity,
          -Infinity,
          -Infinity
        ]
      ]
    },
    {
      "file_path": "/media/NFS/ttao/scannet/posed_images/scene0414_00/00157.jpg",
      "transform_matrix": [
        [
          -Infinity,
          -Infinity,
          -Infinity,
          -Infinity
        ],
        [
          -Infinity,
          -Infinity,
          -Infinity,
          -Infinity
        ],
        [
          -Infinity,
          -Infinity,
          -Infinity,
          -Infinity
        ],
        [
          -Infinity,
          -Infinity,
          -Infinity,
          -Infinity
        ]
      ]
    },
    {
      "file_path": "/media/NFS/ttao/scannet/posed_images/scene0414_00/00160.jpg",
      "transform_matrix": [
        [
          -Infinity,
          -Infinity,
          -Infinity,
          -Infinity
        ],
        [
          -Infinity,
          -Infinity,
          -Infinity,
          -Infinity
        ],
        [
          -Infinity,
          -Infinity,
          -Infinity,
          -Infinity
        ],
        [
          -Infinity,
          -Infinity,
          -Infinity,
          -Infinity
        ]
      ]
    },
    {
      "file_path": "/media/NFS/ttao/scannet/posed_images/scene0414_00/00165.jpg",
      "transform_matrix": [
        [
          -Infinity,
          -Infinity,
          -Infinity,
          -Infinity
        ],
        [
          -Infinity,
          -Infinity,
          -Infinity,
          -Infinity
        ],
        [
          -Infinity,
          -Infinity,
          -Infinity,
          -Infinity
        ],
        [
          -Infinity,
          -Infinity,
          -Infinity,
          -Infinity
        ]
      ]
    },
    {
      "file_path": "/media/NFS/ttao/scannet/posed_images/scene0414_00/00168.jpg",
      "transform_matrix": [
        [
          -Infinity,
          -Infinity,
          -Infinity,
          -Infinity
        ],
        [
          -Infinity,
          -Infinity,
          -Infinity,
          -Infinity
        ],
        [
          -Infinity,
          -Infinity,
          -Infinity,
          -Infinity
        ],
        [
          -Infinity,
          -Infinity,
          -Infinity,
          -Infinity
        ]
      ]
    },
    {
      "file_path": "/media/NFS/ttao/scannet/posed_images/scene0414_00/00172.jpg",
      "transform_matrix": [
        [
          -Infinity,
          -Infinity,
          -Infinity,
          -Infinity
        ],
        [
          -Infinity,
          -Infinity,
          -Infinity,
          -Infinity
        ],
        [
          -Infinity,
          -Infinity,
          -Infinity,
          -Infinity
        ],
        [
          -Infinity,
          -Infinity,
          -Infinity,
          -Infinity
        ]
      ]
    },
    {
      "file_path": "/media/NFS/ttao/scannet/posed_images/scene0414_00/00173.jpg",
      "transform_matrix": [
        [
          -Infinity,
          -Infinity,
          -Infinity,
          -Infinity
        ],
        [
          -Infinity,
          -Infinity,
          -Infinity,
          -Infinity
        ],
        [
          -Infinity,
          -Infinity,
          -Infinity,
          -Infinity
        ],
        [
          -Infinity,
          -Infinity,
          -Infinity,
          -Infinity
        ]
      ]
    },
    {
      "file_path": "/media/NFS/ttao/scannet/posed_images/scene0414_00/00179.jpg",
      "transform_matrix": [
        [
          -Infinity,
          -Infinity,
          -Infinity,
          -Infinity
        ],
        [
          -Infinity,
          -Infinity,
          -Infinity,
          -Infinity
        ],
        [
          -Infinity,
          -Infinity,
          -Infinity,
          -Infinity
        ],
        [
          -Infinity,
          -Infinity,
          -Infinity,
          -Infinity
        ]
      ]
    },
    {
      "file_path": "/media/NFS/ttao/scannet/posed_images/scene0414_00/00181.jpg",
      "transform_matrix": [
        [
          -Infinity,
          -Infinity,
          -Infinity,
          -Infinity
        ],
        [
          -Infinity,
          -Infinity,
          -Infinity,
          -Infinity
        ],
        [
          -Infinity,
          -Infinity,
          -Infinity,
          -Infinity
        ],
        [
          -Infinity,
          -Infinity,
          -Infinity,
          -Infinity
        ]
      ]
    },
    {
      "file_path": "/media/NFS/ttao/scannet/posed_images/scene0414_00/00185.jpg",
      "transform_matrix": [
        [
          -Infinity,
          -Infinity,
          -Infinity,
          -Infinity
        ],
        [
          -Infinity,
          -Infinity,
          -Infinity,
          -Infinity
        ],
        [
          -Infinity,
          -Infinity,
          -Infinity,
          -Infinity
        ],
        [
          -Infinity,
          -Infinity,
          -Infinity,
          -Infinity
        ]
      ]
    },
    {
      "file_path": "/media/NFS/ttao/scannet/posed_images/scene0414_00/00189.jpg",
      "transform_matrix": [
        [
          -Infinity,
          -Infinity,
          -Infinity,
          -Infinity
        ],
        [
          -Infinity,
          -Infinity,
          -Infinity,
          -Infinity
        ],
        [
          -Infinity,
          -Infinity,
          -Infinity,
          -Infinity
        ],
        [
          -Infinity,
          -Infinity,
          -Infinity,
          -Infinity
        ]
      ]
    },
    {
      "file_path": "/media/NFS/ttao/scannet/posed_images/scene0414_00/00195.jpg",
      "transform_matrix": [
        [
          -Infinity,
          -Infinity,
          -Infinity,
          -Infinity
        ],
        [
          -Infinity,
          -Infinity,
          -Infinity,
          -Infinity
        ],
        [
          -Infinity,
          -Infinity,
          -Infinity,
          -Infinity
        ],
        [
          -Infinity,
          -Infinity,
          -Infinity,
          -Infinity
        ]
      ]
    },
    {
      "file_path": "/media/NFS/ttao/scannet/posed_images/scene0414_00/00200.jpg",
      "transform_matrix": [
        [
          -Infinity,
          -Infinity,
          -Infinity,
          -Infinity
        ],
        [
          -Infinity,
          -Infinity,
          -Infinity,
          -Infinity
        ],
        [
          -Infinity,
          -Infinity,
          -Infinity,
          -Infinity
        ],
        [
          -Infinity,
          -Infinity,
          -Infinity,
          -Infinity
        ]
      ]
    },
    {
      "file_path": "/media/NFS/ttao/scannet/posed_images/scene0414_00/00201.jpg",
      "transform_matrix": [
        [
          -Infinity,
          -Infinity,
          -Infinity,
          -Infinity
        ],
        [
          -Infinity,
          -Infinity,
          -Infinity,
          -Infinity
        ],
        [
          -Infinity,
          -Infinity,
          -Infinity,
          -Infinity
        ],
        [
          -Infinity,
          -Infinity,
          -Infinity,
          -Infinity
        ]
      ]
    },
    {
      "file_path": "/media/NFS/ttao/scannet/posed_images/scene0414_00/00204.jpg",
      "transform_matrix": [
        [
          -Infinity,
          -Infinity,
          -Infinity,
          -Infinity
        ],
        [
          -Infinity,
          -Infinity,
          -Infinity,
          -Infinity
        ],
        [
          -Infinity,
          -Infinity,
          -Infinity,
          -Infinity
        ],
        [
          -Infinity,
          -Infinity,
          -Infinity,
          -Infinity
        ]
      ]
    },
    {
      "file_path": "/media/NFS/ttao/scannet/posed_images/scene0414_00/00208.jpg",
      "transform_matrix": [
        [
          -Infinity,
          -Infinity,
          -Infinity,
          -Infinity
        ],
        [
          -Infinity,
          -Infinity,
          -Infinity,
          -Infinity
        ],
        [
          -Infinity,
          -Infinity,
          -Infinity,
          -Infinity
        ],
        [
          -Infinity,
          -Infinity,
          -Infinity,
          -Infinity
        ]
      ]
    },
    {
      "file_path": "/media/NFS/ttao/scannet/posed_images/scene0414_00/00214.jpg",
      "transform_matrix": [
        [
          -Infinity,
          -Infinity,
          -Infinity,
          -Infinity
        ],
        [
          -Infinity,
          -Infinity,
          -Infinity,
          -Infinity
        ],
        [
          -Infinity,
          -Infinity,
          -Infinity,
          -Infinity
        ],
        [
          -Infinity,
          -Infinity,
          -Infinity,
          -Infinity
        ]
      ]
    },
    {
      "file_path": "/media/NFS/ttao/scannet/posed_images/scene0414_00/00218.jpg",
      "transform_matrix": [
        [
          -Infinity,
          -Infinity,
          -Infinity,
          -Infinity
        ],
        [
          -Infinity,
          -Infinity,
          -Infinity,
          -Infinity
        ],
        [
          -Infinity,
          -Infinity,
          -Infinity,
          -Infinity
        ],
        [
          -Infinity,
          -Infinity,
          -Infinity,
          -Infinity
        ]
      ]
    },
    {
      "file_path": "/media/NFS/ttao/scannet/posed_images/scene0414_00/00219.jpg",
      "transform_matrix": [
        [
          -Infinity,
          -Infinity,
          -Infinity,
          -Infinity
        ],
        [
          -Infinity,
          -Infinity,
          -Infinity,
          -Infinity
        ],
        [
          -Infinity,
          -Infinity,
          -Infinity,
          -Infinity
        ],
        [
          -Infinity,
          -Infinity,
          -Infinity,
          -Infinity
        ]
      ]
    },
    {
      "file_path": "/media/NFS/ttao/scannet/posed_images/scene0414_00/00224.jpg",
      "transform_matrix": [
        [
          -Infinity,
          -Infinity,
          -Infinity,
          -Infinity
        ],
        [
          -Infinity,
          -Infinity,
          -Infinity,
          -Infinity
        ],
        [
          -Infinity,
          -Infinity,
          -Infinity,
          -Infinity
        ],
        [
          -Infinity,
          -Infinity,
          -Infinity,
          -Infinity
        ]
      ]
    },
    {
      "file_path": "/media/NFS/ttao/scannet/posed_images/scene0414_00/00228.jpg",
      "transform_matrix": [
        [
          -Infinity,
          -Infinity,
          -Infinity,
          -Infinity
        ],
        [
          -Infinity,
          -Infinity,
          -Infinity,
          -Infinity
        ],
        [
          -Infinity,
          -Infinity,
          -Infinity,
          -Infinity
        ],
        [
          -Infinity,
          -Infinity,
          -Infinity,
          -Infinity
        ]
      ]
    },
    {
      "file_path": "/media/NFS/ttao/scannet/posed_images/scene0414_00/00232.jpg",
      "transform_matrix": [
        [
          -Infinity,
          -Infinity,
          -Infinity,
          -Infinity
        ],
        [
          -Infinity,
          -Infinity,
          -Infinity,
          -Infinity
        ],
        [
          -Infinity,
          -Infinity,
          -Infinity,
          -Infinity
        ],
        [
          -Infinity,
          -Infinity,
          -Infinity,
          -Infinity
        ]
      ]
    },
    {
      "file_path": "/media/NFS/ttao/scannet/posed_images/scene0414_00/00236.jpg",
      "transform_matrix": [
        [
          -Infinity,
          -Infinity,
          -Infinity,
          -Infinity
        ],
        [
          -Infinity,
          -Infinity,
          -Infinity,
          -Infinity
        ],
        [
          -Infinity,
          -Infinity,
          -Infinity,
          -Infinity
        ],
        [
          -Infinity,
          -Infinity,
          -Infinity,
          -Infinity
        ]
      ]
    },
    {
      "file_path": "/media/NFS/ttao/scannet/posed_images/scene0414_00/00241.jpg",
      "transform_matrix": [
        [
          -Infinity,
          -Infinity,
          -Infinity,
          -Infinity
        ],
        [
          -Infinity,
          -Infinity,
          -Infinity,
          -Infinity
        ],
        [
          -Infinity,
          -Infinity,
          -Infinity,
          -Infinity
        ],
        [
          -Infinity,
          -Infinity,
          -Infinity,
          -Infinity
        ]
      ]
    },
    {
      "file_path": "/media/NFS/ttao/scannet/posed_images/scene0414_00/00243.jpg",
      "transform_matrix": [
        [
          -Infinity,
          -Infinity,
          -Infinity,
          -Infinity
        ],
        [
          -Infinity,
          -Infinity,
          -Infinity,
          -Infinity
        ],
        [
          -Infinity,
          -Infinity,
          -Infinity,
          -Infinity
        ],
        [
          -Infinity,
          -Infinity,
          -Infinity,
          -Infinity
        ]
      ]
    },
    {
      "file_path": "/media/NFS/ttao/scannet/posed_images/scene0414_00/00247.jpg",
      "transform_matrix": [
        [
          -Infinity,
          -Infinity,
          -Infinity,
          -Infinity
        ],
        [
          -Infinity,
          -Infinity,
          -Infinity,
          -Infinity
        ],
        [
          -Infinity,
          -Infinity,
          -Infinity,
          -Infinity
        ],
        [
          -Infinity,
          -Infinity,
          -Infinity,
          -Infinity
        ]
      ]
    },
    {
      "file_path": "/media/NFS/ttao/scannet/posed_images/scene0414_00/00252.jpg",
      "transform_matrix": [
        [
          -Infinity,
          -Infinity,
          -Infinity,
          -Infinity
        ],
        [
          -Infinity,
          -Infinity,
          -Infinity,
          -Infinity
        ],
        [
          -Infinity,
          -Infinity,
          -Infinity,
          -Infinity
        ],
        [
          -Infinity,
          -Infinity,
          -Infinity,
          -Infinity
        ]
      ]
    },
    {
      "file_path": "/media/NFS/ttao/scannet/posed_images/scene0414_00/00255.jpg",
      "transform_matrix": [
        [
          -Infinity,
          -Infinity,
          -Infinity,
          -Infinity
        ],
        [
          -Infinity,
          -Infinity,
          -Infinity,
          -Infinity
        ],
        [
          -Infinity,
          -Infinity,
          -Infinity,
          -Infinity
        ],
        [
          -Infinity,
          -Infinity,
          -Infinity,
          -Infinity
        ]
      ]
    },
    {
      "file_path": "/media/NFS/ttao/scannet/posed_images/scene0414_00/00260.jpg",
      "transform_matrix": [
        [
          -Infinity,
          -Infinity,
          -Infinity,
          -Infinity
        ],
        [
          -Infinity,
          -Infinity,
          -Infinity,
          -Infinity
        ],
        [
          -Infinity,
          -Infinity,
          -Infinity,
          -Infinity
        ],
        [
          -Infinity,
          -Infinity,
          -Infinity,
          -Infinity
        ]
      ]
    },
    {
      "file_path": "/media/NFS/ttao/scannet/posed_images/scene0414_00/00262.jpg",
      "transform_matrix": [
        [
          -Infinity,
          -Infinity,
          -Infinity,
          -Infinity
        ],
        [
          -Infinity,
          -Infinity,
          -Infinity,
          -Infinity
        ],
        [
          -Infinity,
          -Infinity,
          -Infinity,
          -Infinity
        ],
        [
          -Infinity,
          -Infinity,
          -Infinity,
          -Infinity
        ]
      ]
    },
    {
      "file_path": "/media/NFS/ttao/scannet/posed_images/scene0414_00/00267.jpg",
      "transform_matrix": [
        [
          -Infinity,
          -Infinity,
          -Infinity,
          -Infinity
        ],
        [
          -Infinity,
          -Infinity,
          -Infinity,
          -Infinity
        ],
        [
          -Infinity,
          -Infinity,
          -Infinity,
          -Infinity
        ],
        [
          -Infinity,
          -Infinity,
          -Infinity,
          -Infinity
        ]
      ]
    },
    {
      "file_path": "/media/NFS/ttao/scannet/posed_images/scene0414_00/00273.jpg",
      "transform_matrix": [
        [
          -Infinity,
          -Infinity,
          -Infinity,
          -Infinity
        ],
        [
          -Infinity,
          -Infinity,
          -Infinity,
          -Infinity
        ],
        [
          -Infinity,
          -Infinity,
          -Infinity,
          -Infinity
        ],
        [
          -Infinity,
          -Infinity,
          -Infinity,
          -Infinity
        ]
      ]
    },
    {
      "file_path": "/media/NFS/ttao/scannet/posed_images/scene0414_00/00275.jpg",
      "transform_matrix": [
        [
          -Infinity,
          -Infinity,
          -Infinity,
          -Infinity
        ],
        [
          -Infinity,
          -Infinity,
          -Infinity,
          -Infinity
        ],
        [
          -Infinity,
          -Infinity,
          -Infinity,
          -Infinity
        ],
        [
          -Infinity,
          -Infinity,
          -Infinity,
          -Infinity
        ]
      ]
    },
    {
      "file_path": "/media/NFS/ttao/scannet/posed_images/scene0414_00/00277.jpg",
      "transform_matrix": [
        [
          -Infinity,
          -Infinity,
          -Infinity,
          -Infinity
        ],
        [
          -Infinity,
          -Infinity,
          -Infinity,
          -Infinity
        ],
        [
          -Infinity,
          -Infinity,
          -Infinity,
          -Infinity
        ],
        [
          -Infinity,
          -Infinity,
          -Infinity,
          -Infinity
        ]
      ]
    },
    {
      "file_path": "/media/NFS/ttao/scannet/posed_images/scene0414_00/00283.jpg",
      "transform_matrix": [
        [
          -Infinity,
          -Infinity,
          -Infinity,
          -Infinity
        ],
        [
          -Infinity,
          -Infinity,
          -Infinity,
          -Infinity
        ],
        [
          -Infinity,
          -Infinity,
          -Infinity,
          -Infinity
        ],
        [
          -Infinity,
          -Infinity,
          -Infinity,
          -Infinity
        ]
      ]
    },
    {
      "file_path": "/media/NFS/ttao/scannet/posed_images/scene0414_00/00288.jpg",
      "transform_matrix": [
        [
          -Infinity,
          -Infinity,
          -Infinity,
          -Infinity
        ],
        [
          -Infinity,
          -Infinity,
          -Infinity,
          -Infinity
        ],
        [
          -Infinity,
          -Infinity,
          -Infinity,
          -Infinity
        ],
        [
          -Infinity,
          -Infinity,
          -Infinity,
          -Infinity
        ]
      ]
    },
    {
      "file_path": "/media/NFS/ttao/scannet/posed_images/scene0414_00/00290.jpg",
      "transform_matrix": [
        [
          -Infinity,
          -Infinity,
          -Infinity,
