{
  "frames": [
    {
      "file_path": "/media/NFS/ttao/scannet/posed_images/scene0324_01/00000.jpg",
      "transform_matrix": [
        [
          -0.993499,
          -0.097349,
          0.059023,
          3.102277
        ],
        [
          -0.090789,
          0.3647,
          -0.926689,
          4.941273
        ],
        [
          0.068687,
          -0.926022,
          -0.371167,
          1.568147
        ],
        [
          0.0,
          0.0,
          0.0,
          1.0
        ]
      ]
    },
    {
      "file_path": "/media/NFS/ttao/scannet/posed_images/scene0324_01/00002.jpg",
      "transform_matrix": [
        [
          -0.993483,
          -0.10293,
          0.048963,
          3.105101
        ],
        [
          -0.083058,
          0.359564,
          -0.929417,
          4.943307
        ],
        [
          0.07806,
          -0.927426,
          -0.36577,
          1.574982
        ],
        [
          0.0,
          0.0,
          0.0,
          1.0
        ]
      ]
    },
    {
      "file_path": "/media/NFS/ttao/scannet/posed_images/scene0324_01/00004.jpg",
      "transform_matrix": [
        [
          -0.9933,
          -0.108202,
          0.040589,
          3.10974
        ],
        [
          -0.07629,
          0.350132,
          -0.933588,
          4.944303
        ],
        [
          0.086805,
          -0.93043,
          -0.356041,
          1.581013
        ],
        [
          0.0,
          0.0,
          0.0,
          1.0
        ]
      ]
    },
    {
      "file_path": "/media/NFS/ttao/scannet/posed_images/scene0324_01/00007.jpg",
      "transform_matrix": [
        [
          -0.993536,
          -0.107584,
          0.036218,
          3.112702
        ],
        [
          -0.070307,
          0.332697,
          -0.940409,
          4.949383
        ],
        [
          0.089123,
          -0.936877,
          -0.338111,
          1.589766
        ],
        [
          0.0,
          0.0,
          0.0,
          1.0
        ]
      ]
    },
    {
      "file_path": "/media/NFS/ttao/scannet/posed_images/scene0324_01/00011.jpg",
      "transform_matrix": [
        [
          -0.994705,
          -0.098257,
          0.030137,
          3.138422
        ],
        [
          -0.058849,
          0.304135,
          -0.95081,
          4.965327
        ],
        [
          0.084258,
          -0.947548,
          -0.308307,
          1.606477
        ],
        [
          0.0,
          0.0,
          0.0,
          1.0
        ]
      ]
    },
    {
      "file_path": "/media/NFS/ttao/scannet/posed_images/scene0324_01/00013.jpg",
      "transform_matrix": [
        [
          -0.995301,
          -0.09238,
          0.029027,
          3.143274
        ],
        [
          -0.054841,
          0.29071,
          -0.955238,
          4.969553
        ],
        [
          0.079806,
          -0.952341,
          -0.29441,
          1.614495
        ],
        [
          0.0,
          0.0,
          0.0,
          1.0
        ]
      ]
    },
    {
      "file_path": "/media/NFS/ttao/scannet/posed_images/scene0324_01/00016.jpg",
      "transform_matrix": [
        [
          -0.995679,
          -0.087584,
          0.030864,
          3.144893
        ],
        [
          -0.053294,
          0.266758,
          -0.962289,
          4.975872
        ],
        [
          0.076048,
          -0.959776,
          -0.270273,
          1.62407
        ],
        [
          0.0,
          0.0,
          0.0,
          1.0
        ]
      ]
    },
    {
      "file_path": "/media/NFS/ttao/scannet/posed_images/scene0324_01/00018.jpg",
      "transform_matrix": [
        [
          -0.995735,
          -0.086685,
          0.031574,
          3.152327
        ],
        [
          -0.052821,
          0.255084,
          -0.965475,
          4.979931
        ],
        [
          0.075638,
          -0.963025,
          -0.258575,
          1.629867
        ],
        [
          0.0,
          0.0,
          0.0,
          1.0
        ]
      ]
    },
    {
      "file_path": "/media/NFS/ttao/scannet/posed_images/scene0324_01/00019.jpg",
      "transform_matrix": [
        [
          -0.995843,
          -0.084737,
          0.033416,
          3.152076
        ],
        [
          -0.053716,
          0.250049,
          -0.966742,
          4.982649
        ],
        [
          0.073563,
          -0.964518,
          -0.253561,
          1.631369
        ],
        [
          0.0,
          0.0,
          0.0,
          1.0
        ]
      ]
    },
    {
      "file_path": "/media/NFS/ttao/scannet/posed_images/scene0324_01/00021.jpg",
      "transform_matrix": [
        [
          -0.995958,
          -0.081528,
          0.037699,
          3.155502
        ],
        [
          -0.056288,
          0.239425,
          -0.969282,
          4.988321
        ],
        [
          0.069997,
          -0.967486,
          -0.243046,
          1.636623
        ],
        [
          0.0,
          0.0,
          0.0,
          1.0
        ]
      ]
    },
    {
      "file_path": "/media/NFS/ttao/scannet/posed_images/scene0324_01/00025.jpg",
      "transform_matrix": [
        [
          -0.995307,
          -0.083431,
          0.04903,
          3.157817
        ],
        [
          -0.066382,
          0.219972,
          -0.973245,
          5.003259
        ],
        [
          0.070413,
          -0.971932,
          -0.224478,
          1.651635
        ],
        [
          0.0,
          0.0,
          0.0,
          1.0
        ]
      ]
    },
    {
      "file_path": "/media/NFS/ttao/scannet/posed_images/scene0324_01/00028.jpg",
      "transform_matrix": [
        [
          -0.994782,
          -0.083182,
          0.059073,
          3.15724
        ],
        [
          -0.075375,
          0.209005,
          -0.975005,
          5.010022
        ],
        [
          0.068757,
          -0.97437,
          -0.214185,
          1.651978
        ],
        [
          0.0,
          0.0,
          0.0,
          1.0
        ]
      ]
    },
    {
      "file_path": "/media/NFS/ttao/scannet/posed_images/scene0324_01/00029.jpg",
      "transform_matrix": [
        [
          -0.994401,
          -0.084875,
          0.06296,
          3.160603
        ],
        [
          -0.079478,
          0.207996,
          -0.974895,
          5.0102
        ],
        [
          0.069649,
          -0.97444,
          -0.213577,
          1.653698
        ],
        [
          0.0,
          0.0,
          0.0,
          1.0
        ]
      ]
    },
    {
      "file_path": "/media/NFS/ttao/scannet/posed_images/scene0324_01/00032.jpg",
      "transform_matrix": [
        [
          -0.992473,
          -0.079111,
          0.093487,
          3.13011
        ],
        [
          -0.107763,
          0.201454,
          -0.973552,
          5.023072
        ],
        [
          0.058186,
          -0.976298,
          -0.208463,
          1.647515
        ],
        [
          0.0,
          0.0,
          0.0,
          1.0
        ]
      ]
    },
    {
      "file_path": "/media/NFS/ttao/scannet/posed_images/scene0324_01/00035.jpg",
      "transform_matrix": [
        [
          -0.987405,
          -0.092069,
          0.128664,
          3.128062
        ],
        [
          -0.145232,
          0.204862,
          -0.967956,
          5.027108
        ],
        [
          0.06276,
          -0.974451,
          -0.215653,
          1.645094
        ],
        [
          0.0,
          0.0,
          0.0,
          1.0
        ]
      ]
    },
    {
      "file_path": "/media/NFS/ttao/scannet/posed_images/scene0324_01/00037.jpg",
      "transform_matrix": [
        [
          -0.982285,
          -0.09844,
          0.159457,
          3.113476
        ],
        [
          -0.176704,
          0.203263,
          -0.963047,
          5.020631
        ],
        [
          0.062391,
          -0.974163,
          -0.217057,
          1.645002
        ],
        [
          0.0,
          0.0,
          0.0,
          1.0
        ]
      ]
    },
    {
      "file_path": "/media/NFS/ttao/scannet/posed_images/scene0324_01/00038.jpg",
      "transform_matrix": [
        [
          -0.97958,
          -0.103404,
          0.172427,
          3.116586
        ],
        [
          -0.190522,
          0.203453,
          -0.960369,
          5.024737
        ],
        [
          0.064225,
          -0.973609,
          -0.218999,
          1.647505
        ],
        [
          0.0,
          0.0,
          0.0,
          1.0
        ]
      ]
    },
    {
      "file_path": "/media/NFS/ttao/scannet/posed_images/scene0324_01/00041.jpg",
      "transform_matrix": [
        [
          -0.9649,
          -0.108842,
          0.239001,
          3.028695
        ],
        [
          -0.256963,
          0.20345,
          -0.944764,
          5.024658
        ],
        [
          0.054205,
          -0.973017,
          -0.224277,
          1.634443
        ],
        [
          0.0,
          0.0,
          0.0,
          1.0
        ]
      ]
    },
    {
      "file_path": "/media/NFS/ttao/scannet/posed_images/scene0324_01/00043.jpg",
      "transform_matrix": [
        [
          -0.957258,
          -0.115943,
          0.264982,
          3.027566
        ],
        [
          -0.284638,
          0.214894,
          -0.934239,
          5.021326
        ],
        [
          0.051376,
          -0.969731,
          -0.23871,
          1.62799
        ],
        [
          0.0,
          0.0,
          0.0,
          1.0
        ]
      ]
    },
    {
      "file_path": "/media/NFS/ttao/scannet/posed_images/scene0324_01/00047.jpg",
      "transform_matrix": [
        [
          -0.944144,
          -0.139014,
          0.298777,
          3.035643
        ],
        [
          -0.325714,
          0.256024,
          -0.910144,
          5.030153
        ],
        [
          0.050029,
          -0.956623,
          -0.287002,
          1.611037
        ],
        [
          0.0,
          0.0,
          0.0,
          1.0
        ]
      ]
    },
    {
      "file_path": "/media/NFS/ttao/scannet/posed_images/scene0324_01/00050.jpg",
      "transform_matrix": [
        [
          -0.935101,
          -0.162427,
          0.314968,
          3.030137
        ],
        [
          -0.350387,
          0.290673,
          -0.890358,
          5.029281
        ],
        [
          0.053065,
          -0.942935,
          -0.328721,
          1.59977
        ],
        [
          0.0,
          0.0,
          0.0,
          1.0
        ]
      ]
    },
    {
      "file_path": "/media/NFS/ttao/scannet/posed_images/scene0324_01/00051.jpg",
      "transform_matrix": [
        [
          -0.93324,
          -0.170437,
          0.316252,
          3.032821
        ],
        [
          -0.355129,
          0.304646,
          -0.883784,
          5.033905
        ],
        [
          0.054284,
          -0.937093,
          -0.344835,
          1.597064
        ],
        [
          0.0,
          0.0,
          0.0,
          1.0
        ]
      ]
    },
    {
      "file_path": "/media/NFS/ttao/scannet/posed_images/scene0324_01/00054.jpg",
      "transform_matrix": [
        [
          -0.929327,
          -0.183457,
          0.320459,
          3.045232
        ],
        [
          -0.366274,
          0.347897,
          -0.863024,
          5.053131
        ],
        [
          0.046841,
          -0.919408,
          -0.390506,
          1.587387
        ],
        [
          0.0,
          0.0,
          0.0,
          1.0
        ]
      ]
    },
    {
      "file_path": "/media/NFS/ttao/scannet/posed_images/scene0324_01/00057.jpg",
      "transform_matrix": [
        [
          -0.927817,
          -0.190527,
          0.320711,
          3.06188
        ],
        [
          -0.37158,
          0.396148,
          -0.83964,
          5.075357
        ],
        [
          0.032925,
          -0.898202,
          -0.438348,
          1.57815
        ],
        [
          0.0,
          0.0,
          0.0,
          1.0
        ]
      ]
    },
    {
      "file_path": "/media/NFS/ttao/scannet/posed_images/scene0324_01/00059.jpg",
      "transform_matrix": [
        [
          -0.928645,
          -0.196612,
          0.314583,
          3.075272
        ],
        [
          -0.369563,
          0.416527,
          -0.830619,
          5.096272
        ],
        [
          0.032278,
          -0.887609,
          -0.459466,
          1.573232
        ],
        [
          0.0,
          0.0,
          0.0,
          1.0
        ]
      ]
    },
    {
      "file_path": "/media/NFS/ttao/scannet/posed_images/scene0324_01/00062.jpg",
      "transform_matrix": [
        [
          -0.930613,
          -0.202708,
          0.304745,
          3.087999
        ],
        [
          -0.364313,
          0.433035,
          -0.824474,
          5.134228
        ],
        [
          0.035162,
          -0.878288,
          -0.476837,
          1.560367
        ],
        [
          0.0,
          0.0,
          0.0,
          1.0
        ]
      ]
    },
    {
      "file_path": "/media/NFS/ttao/scannet/posed_images/scene0324_01/00063.jpg",
      "transform_matrix": [
        [
          -0.931505,
          -0.20461,
          0.30072,
          3.098741
        ],
        [
          -0.361877,
          0.438048,
          -0.822897,
          5.145147
        ],
        [
          0.036643,
          -0.875356,
          -0.482088,
          1.557624
        ],
        [
          0.0,
          0.0,
          0.0,
          1.0
        ]
      ]
    },
    {
      "file_path": "/media/NFS/ttao/scannet/posed_images/scene0324_01/00065.jpg",
      "transform_matrix": [
        [
          -0.930469,
          -0.209902,
          0.30028,
          3.110332
        ],
        [
          -0.364434,
          0.446124,
          -0.817412,
          5.16679
        ],
        [
          0.037614,
          -0.870009,
          -0.4916,
          1.550454
        ],
        [
          0.0,
          0.0,
          0.0,
          1.0
        ]
      ]
    },
    {
      "file_path": "/media/NFS/ttao/scannet/posed_images/scene0324_01/00068.jpg",
      "transform_matrix": [
        [
          -0.923397,
          -0.23268,
          0.305284,
          3.129051
        ],
        [
          -0.380891,
          0.456934,
          -0.803824,
          5.198344
        ],
        [
          0.047539,
          -0.858529,
          -0.510557,
          1.53936
        ],
        [
          0.0,
          0.0,
          0.0,
          1.0
        ]
      ]
    },
    {
      "file_path": "/media/NFS/ttao/scannet/posed_images/scene0324_01/00070.jpg",
      "transform_matrix": [
        [
          -0.915927,
          -0.256141,
          0.308981,
          3.138644
        ],
        [
          -0.397042,
          0.465859,
          -0.79078,
          5.218504
        ],
        [
          0.05861,
          -0.846976,
          -0.528391,
          1.532475
        ],
        [
          0.0,
          0.0,
          0.0,
          1.0
        ]
      ]
    },
    {
      "file_path": "/media/NFS/ttao/scannet/posed_images/scene0324_01/00073.jpg",
      "transform_matrix": [
        [
          -0.906031,
          -0.275198,
          0.321518,
          3.160106
        ],
        [
          -0.418978,
          0.476078,
          -0.77318,
          5.239357
        ],
        [
          0.05971,
          -0.835234,
          -0.546643,
          1.524091
        ],
        [
          0.0,
          0.0,
          0.0,
          1.0
        ]
      ]
    },
    {
      "file_path": "/media/NFS/ttao/scannet/posed_images/scene0324_01/00076.jpg",
      "transform_matrix": [
        [
          -0.896582,
          -0.283461,
          0.340281,
          3.179931
        ],
        [
          -0.439812,
          0.479618,
          -0.759297,
          5.249669
        ],
        [
          0.052026,
          -0.830432,
          -0.554686,
          1.51844
        ],
        [
          0.0,
          0.0,
          0.0,
          1.0
        ]
      ]
    },
    {
      "file_path": "/media/NFS/ttao/scannet/posed_images/scene0324_01/00077.jpg",
      "transform_matrix": [
        [
          -0.895082,
          -0.285127,
          0.342828,
          3.191406
        ],
        [
          -0.442677,
          0.475911,
          -0.759964,
          5.255527
        ],
        [
          0.05353,
          -0.831992,
          -0.552199,
          1.515989
        ],
        [
          0.0,
          0.0,
          0.0,
          1.0
        ]
      ]
    },
    {
      "file_path": "/media/NFS/ttao/scannet/posed_images/scene0324_01/00080.jpg",
      "transform_matrix": [
        [
          -0.89059,
          -0.29465,
          0.346455,
          3.231881
        ],
        [
          -0.451117,
          0.475445,
          -0.755278,
          5.276192
        ],
        [
          0.057822,
          -0.828935,
          -0.556348,
          1.505107
        ],
        [
          0.0,
          0.0,
          0.0,
          1.0
        ]
      ]
    },
    {
      "file_path": "/media/NFS/ttao/scannet/posed_images/scene0324_01/00082.jpg",
      "transform_matrix": [
        [
          -0.885864,
          -0.295724,
          0.357481,
          3.257818
        ],
        [
          -0.461805,
          0.488131,
          -0.740584,
          5.281275
        ],
        [
          0.044511,
          -0.821143,
          -0.568985,
          1.498214
        ],
        [
          0.0,
          0.0,
          0.0,
          1.0
        ]
      ]
    },
    {
      "file_path": "/media/NFS/ttao/scannet/posed_images/scene0324_01/00086.jpg",
      "transform_matrix": [
        [
          -0.880185,
          -0.286377,
          0.3785,
          3.313344
        ],
        [
          -0.474396,
          0.505774,
          -0.720514,
          5.277861
        ],
        [
          0.014903,
          -0.813745,
          -0.581031,
          1.489939
        ],
        [
          0.0,
          0.0,
          0.0,
          1.0
        ]
      ]
    },
    {
      "file_path": "/media/NFS/ttao/scannet/posed_images/scene0324_01/00088.jpg",
      "transform_matrix": [
        [
          -0.881992,
          -0.28096,
          0.378355,
          3.350184
        ],
        [
          -0.471101,
          0.504462,
          -0.72359,
          5.274863
        ],
        [
          0.012434,
          -0.816443,
          -0.577292,
          1.485961
        ],
        [
          0.0,
          0.0,
          0.0,
          1.0
        ]
      ]
    },
    {
      "file_path": "/media/NFS/ttao/scannet/posed_images/scene0324_01/00089.jpg",
      "transform_matrix": [
        [
          -0.883299,
          -0.27761,
          0.377777,
          3.369177
        ],
        [
          -0.468731,
          0.508204,
          -0.722509,
          5.272955
        ],
        [
          0.008588,
          -0.815268,
          -0.579021,
          1.484983
        ],
        [
          0.0,
          0.0,
          0.0,
          1.0
        ]
      ]
    },
    {
      "file_path": "/media/NFS/ttao/scannet/posed_images/scene0324_01/00093.jpg",
      "transform_matrix": [
        [
          -0.893821,
          -0.234818,
          0.382028,
          3.453112
        ],
        [
          -0.44823,
          0.492941,
          -0.745721,
          5.274951
        ],
        [
          -0.013209,
          -0.837777,
          -0.545853,
          1.485397
        ],
        [
          0.0,
          0.0,
          0.0,
          1.0
        ]
      ]
    },
    {
      "file_path": "/media/NFS/ttao/scannet/posed_images/scene0324_01/00095.jpg",
      "transform_matrix": [
        [
          -0.900009,
          -0.227387,
          0.371858,
          3.509443
        ],
        [
          -0.435528,
          0.503005,
          -0.746526,
          5.279253
        ],
        [
          -0.017296,
          -0.833835,
          -0.551743,
          1.483554
        ],
        [
          0.0,
          0.0,
          0.0,
          1.0
        ]
      ]
    },
    {
      "file_path": "/media/NFS/ttao/scannet/posed_images/scene0324_01/00097.jpg",
      "transform_matrix": [
        [
          -0.9044,
          -0.224052,
          0.363128,
          3.547954
        ],
        [
          -0.426438,
          0.503651,
          -0.751322,
          5.282201
        ],
        [
          -0.014555,
          -0.834348,
          -0.551047,
          1.485532
        ],
        [
          0.0,
          0.0,
          0.0,
          1.0
        ]
      ]
    },
    {
      "file_path": "/media/NFS/ttao/scannet/posed_images/scene0324_01/00100.jpg",
      "transform_matrix": [
        [
          -0.911359,
          -0.228968,
          0.34205,
          3.614675
        ],
        [
          -0.41161,
          0.508873,
          -0.756059,
          5.28719
        ],
        [
          -0.000947,
          -0.829833,
          -0.558011,
          1.490862
        ],
        [
          0.0,
          0.0,
          0.0,
          1.0
        ]
      ]
    },
    {
      "file_path": "/media/NFS/ttao/scannet/posed_images/scene0324_01/00103.jpg",
      "transform_matrix": [
        [
          -0.91566,
          -0.230393,
          0.329373,
          3.671689
        ],
        [
          -0.401781,
          0.500484,
          -0.766869,
          5.295923
        ],
        [
          0.011835,
          -0.834527,
          -0.55084,
          1.492512
        ],
        [
          0.0,
          0.0,
          0.0,
          1.0
        ]
      ]
    },
    {
      "file_path": "/media/NFS/ttao/scannet/posed_images/scene0324_01/00104.jpg",
      "transform_matrix": [
        [
          -0.918186,
          -0.229528,
          0.322879,
          3.692517
        ],
        [
          -0.39587,
          0.501035,
          -0.769579,
          5.300013
        ],
        [
          0.014866,
          -0.834435,
          -0.550907,
          1.490874
        ],
        [
          0.0,
          0.0,
          0.0,
          1.0
        ]
      ]
    },
    {
      "file_path": "/media/NFS/ttao/scannet/posed_images/scene0324_01/00108.jpg",
      "transform_matrix": [
        [
          -0.93261,
          -0.20022,
          0.30025,
          3.770543
        ],
        [
          -0.360851,
          0.505976,
          -0.783438,
          5.311333
        ],
        [
          0.00494,
          -0.838988,
          -0.544128,
          1.492053
        ],
        [
          0.0,
          0.0,
          0.0,
          1.0
        ]
      ]
    },
    {
      "file_path": "/media/NFS/ttao/scannet/posed_images/scene0324_01/00109.jpg",
      "transform_matrix": [
        [
          -0.937842,
          -0.190327,
          0.290222,
          3.792238
        ],
        [
          -0.347063,
          0.512408,
          -0.785484,
          5.315144
        ],
        [
          0.000787,
          -0.837385,
          -0.546613,
          1.492828
        ],
        [
          0.0,
          0.0,
          0.0,
          1.0
        ]
      ]
    },
    {
      "file_path": "/media/NFS/ttao/scannet/posed_images/scene0324_01/00113.jpg",
      "transform_matrix": [
        [
          -0.953134,
          -0.128988,
          0.273676,
          3.870592
        ],
        [
          -0.299988,
          0.520389,
          -0.799501,
          5.338315
        ],
        [
          -0.039292,
          -0.844131,
          -0.534695,
          1.504501
        ],
        [
          0.0,
          0.0,
          0.0,
          1.0
        ]
      ]
    },
    {
      "file_path": "/media/NFS/ttao/scannet/posed_images/scene0324_01/00115.jpg",
      "transform_matrix": [
        [
          -0.95992,
          -0.108925,
          0.258241,
          3.905898
        ],
        [
          -0.275485,
          0.536274,
          -0.797821,
          5.337743
        ],
        [
          -0.051585,
          -0.836986,
          -0.544787,
          1.515796
        ],
        [
          0.0,
          0.0,
          0.0,
          1.0
        ]
      ]
    },
    {
      "file_path": "/media/NFS/ttao/scannet/posed_images/scene0324_01/00116.jpg",
      "transform_matrix": [
        [
          -0.9625,
          -0.097358,
          0.253209,
          3.921265
        ],
        [
          -0.265047,
          0.536437,
          -0.80124,
          5.336475
        ],
        [
          -0.057823,
          -0.838306,
          -0.542125,
          1.521724
        ],
        [
          0.0,
          0.0,
          0.0,
          1.0
        ]
      ]
    },
    {
      "file_path": "/media/NFS/ttao/scannet/posed_images/scene0324_01/00120.jpg",
      "transform_matrix": [
        [
          -0.972582,
          -0.06032,
          0.224602,
          3.987116
        ],
        [
          -0.222242,
          0.525553,
          -0.82122,
          5.338488
        ],
        [
          -0.068504,
          -0.84862,
          -0.524549,
          1.540266
        ],
        [
          0.0,
          0.0,
          0.0,
          1.0
        ]
      ]
    },
    {
      "file_path": "/media/NFS/ttao/scannet/posed_images/scene0324_01/00122.jpg",
      "transform_matrix": [
        [
          -0.975097,
          -0.053616,
          0.215201,
          4.011663
        ],
        [
          -0.211584,
          0.515725,
          -0.830217,
          5.333235
        ],
        [
          -0.066472,
          -0.855075,
          -0.514226,
          1.55046
        ],
        [
          0.0,
          0.0,
          0.0,
          1.0
        ]
      ]
    },
    {
      "file_path": "/media/NFS/ttao/scannet/posed_images/scene0324_01/00125.jpg",
      "transform_matrix": [
        [
          -0.979365,
          -0.056045,
          0.194172,
          4.054161
        ],
        [
          -0.195878,
          0.499773,
          -0.843717,
          5.330369
        ],
        [
          -0.049756,
          -0.864341,
          -0.500439,
          1.556013
        ],
        [
          0.0,
          0.0,
          0.0,
          1.0
        ]
      ]
    },
    {
      "file_path": "/media/NFS/ttao/scannet/posed_images/scene0324_01/00126.jpg",
      "transform_matrix": [
        [
          -0.980995,
          -0.056879,
          0.185509,
          4.071341
        ],
        [
          -0.18897,
          0.497038,
          -0.846902,
          5.326038
        ],
        [
          -0.044034,
          -0.865863,
          -0.49834,
          1.557526
        ],
        [
          0.0,
          0.0,
          0.0,
          1.0
        ]
      ]
    },
    {
      "file_path": "/media/NFS/ttao/scannet/posed_images/scene0324_01/00130.jpg",
      "transform_matrix": [
        [
          -0.984659,
          -0.052943,
          0.166263,
          4.131662
        ],
        [
          -0.170721,
          0.489235,
          -0.85528,
          5.295747
        ],
        [
          -0.03606,
          -0.870543,
          -0.490769,
          1.563765
        ],
        [
          0.0,
          0.0,
          0.0,
          1.0
        ]
      ]
    },
    {
      "file_path": "/media/NFS/ttao/scannet/posed_images/scene0324_01/00131.jpg",
      "transform_matrix": [
        [
          -0.983995,
          -0.051581,
          0.170568,
          4.133564
        ],
        [
          -0.173871,
          0.487527,
          -0.85562,
          5.286026
        ],
        [
          -0.039023,
          -0.871583,
          -0.488693,
          1.564484
        ],
        [
          0.0,
          0.0,
          0.0,
          1.0
        ]
      ]
    },
    {
      "file_path": "/media/NFS/ttao/scannet/posed_images/scene0324_01/00135.jpg",
      "transform_matrix": [
        [
          -0.983814,
          -0.048362,
          0.172544,
          4.184686
        ],
        [
          -0.174271,
          0.482356,
          -0.858465,
          5.240413
        ],
        [
          -0.041711,
          -0.874639,
          -0.482977,
          1.560436
        ],
        [
          0.0,
          0.0,
          0.0,
          1.0
        ]
      ]
    },
    {
      "file_path": "/media/NFS/ttao/scannet/posed_images/scene0324_01/00136.jpg",
      "transform_matrix": [
        [
          -0.984811,
          -0.043225,
          0.168167,
          4.206255
        ],
        [
          -0.167898,
          0.483929,
          -0.85885,
          5.225836
        ],
        [
          -0.044257,
          -0.874039,
          -0.483836,
          1.56051
        ],
        [
          0.0,
          0.0,
          0.0,
          1.0
        ]
      ]
    },
    {
      "file_path": "/media/NFS/ttao/scannet/posed_images/scene0324_01/00139.jpg",
      "transform_matrix": [
        [
          -0.986164,
          -0.028949,
          0.163226,
          4.242196
        ],
        [
          -0.156837,
          0.481842,
          -0.862108,
          5.178144
        ],
        [
          -0.053692,
          -0.87578,
          -0.479716,
          1.56033
        ],
        [
          0.0,
          0.0,
          0.0,
          1.0
        ]
      ]
    },
    {
      "file_path": "/media/NFS/ttao/scannet/posed_images/scene0324_01/00140.jpg",
      "transform_matrix": [
        [
          -0.987412,
          -0.025509,
          0.156099,
          4.261125
        ],
        [
          -0.148657,
          0.486755,
          -0.860797,
          5.157723
        ],
        [
          -0.054023,
          -0.873166,
          -0.48442,
          1.560541
        ],
        [
          0.0,
          0.0,
          0.0,
          1.0
        ]
      ]
    },
    {
      "file_path": "/media/NFS/ttao/scannet/posed_images/scene0324_01/00144.jpg",
      "transform_matrix": [
        [
          -0.991846,
          -0.011735,
          0.126898,
          4.30556
        ],
        [
          -0.116325,
          0.490062,
          -0.863891,
          5.090786
        ],
        [
          -0.052051,
          -0.871609,
          -0.487431,
          1.567002
        ],
        [
          0.0,
          0.0,
          0.0,
          1.0
        ]
      ]
    },
    {
      "file_path": "/media/NFS/ttao/scannet/posed_images/scene0324_01/00146.jpg",
      "transform_matrix": [
        [
          -0.993621,
          -0.010335,
          0.112294,
          4.337813
        ],
        [
          -0.1028,
          0.492357,
          -0.864301,
          5.06061
        ],
        [
          -0.046357,
          -0.870332,
          -0.490279,
          1.57037
        ],
        [
          0.0,
          0.0,
          0.0,
          1.0
        ]
      ]
    },
    {
      "file_path": "/media/NFS/ttao/scannet/posed_images/scene0324_01/00149.jpg",
      "transform_matrix": [
        [
          -0.995804,
          -0.005128,
          0.09137,
          4.376909
        ],
        [
          -0.082364,
          0.485397,
          -0.870406,
          5.020442
        ],
        [
          -0.039887,
          -0.874279,
          -0.483782,
          1.575992
        ],
        [
          0.0,
          0.0,
          0.0,
          1.0
        ]
      ]
    },
    {
      "file_path": "/media/NFS/ttao/scannet/posed_images/scene0324_01/00150.jpg",
      "transform_matrix": [
        [
          -0.996824,
          -0.003487,
          0.079562,
          4.40622
        ],
        [
          -0.071329,
          0.483394,
          -0.872492,
          5.008715
        ],
        [
          -0.035418,
          -0.875396,
          -0.482108,
          1.574412
        ],
        [
          0.0,
          0.0,
          0.0,
          1.0
        ]
      ]
    },
    {
      "file_path": "/media/NFS/ttao/scannet/posed_images/scene0324_01/00153.jpg",
      "transform_matrix": [
        [
          -0.998101,
          -0.002549,
          0.061548,
          4.437305
        ],
        [
          -0.055205,
          0.480329,
          -0.87535,
          4.974521
        ],
        [
          -0.027332,
          -0.877085,
          -0.479557,
          1.576404
        ],
        [
          0.0,
          0.0,
          0.0,
          1.0
        ]
      ]
    },
    {
      "file_path": "/media/NFS/ttao/scannet/posed_images/scene0324_01/00155.jpg",
      "transform_matrix": [
        [
          -0.999056,
          -0.001471,
          0.043424,
          4.473179
        ],
        [
          -0.038884,
          0.476228,
          -0.878462,
          4.952274
        ],
        [
          -0.019388,
          -0.879321,
          -0.475836,
          1.575651
        ],
        [
          0.0,
          0.0,
          0.0,
          1.0
        ]
      ]
    },
    {
      "file_path": "/media/NFS/ttao/scannet/posed_images/scene0324_01/00159.jpg",
      "transform_matrix": [
        [
          -0.999957,
          0.009303,
          -0.000127,
          4.546485
        ],
        [
          0.004437,
          0.46474,
          -0.885436,
          4.910089
        ],
        [
          -0.008178,
          -0.885399,
          -0.464761,
          1.568229
        ],
        [
          0.0,
          0.0,
          0.0,
          1.0
        ]
      ]
    },
    {
      "file_path": "/media/NFS/ttao/scannet/posed_images/scene0324_01/00160.jpg",
      "transform_matrix": [
        [
          -0.999792,
          0.015042,
          -0.0138,
          4.576329
        ],
        [
          0.019218,
          0.465599,
          -0.884787,
          4.891447
        ],
        [
          -0.006884,
          -0.884868,
          -0.465791,
          1.568876
        ],
        [
          0.0,
          0.0,
          0.0,
          1.0
        ]
      ]
    },
    {
      "file_path": "/media/NFS/ttao/scannet/posed_images/scene0324_01/00164.jpg",
      "transform_matrix": [
        [
          -0.997925,
          0.04058,
          -0.049984,
          4.647562
        ],
        [
          0.062939,
          0.451416,
          -0.890091,
          4.841046
        ],
        [
          -0.013556,
          -0.89139,
          -0.453034,
          1.572057
        ],
        [
          0.0,
          0.0,
          0.0,
          1.0
        ]
      ]
    },
    {
      "file_path": "/media/NFS/ttao/scannet/posed_images/scene0324_01/00165.jpg",
      "transform_matrix": [
        [
          -0.997125,
          0.045873,
          -0.060307,
          4.665802
        ],
        [
          0.074571,
          0.452973,
          -0.8884,
          4.831378
        ],
        [
          -0.013436,
          -0.890343,
          -0.455092,
          1.570225
        ],
        [
          0.0,
          0.0,
          0.0,
          1.0
        ]
      ]
    },
    {
      "file_path": "/media/NFS/ttao/scannet/posed_images/scene0324_01/00168.jpg",
      "transform_matrix": [
        [
          -0.994283,
          0.065603,
          -0.084251,
          4.712605
        ],
        [
          0.105136,
          0.463519,
          -0.879828,
          4.792112
        ],
        [
          -0.018668,
          -0.883655,
          -0.467766,
          1.571051
        ],
        [
          0.0,
          0.0,
          0.0,
          1.0
        ]
      ]
    },
    {
      "file_path": "/media/NFS/ttao/scannet/posed_images/scene0324_01/00170.jpg",
      "transform_matrix": [
        [
          -0.990421,
          0.072789,
          -0.117337,
          4.743421
        ],
        [
          0.137708,
          0.458325,
          -0.878052,
          4.770352
        ],
        [
          -0.010134,
          -0.885799,
          -0.463958,
          1.558569
        ],
        [
          0.0,
          0.0,
          0.0,
          1.0
        ]
      ]
    },
    {
      "file_path": "/media/NFS/ttao/scannet/posed_images/scene0324_01/00172.jpg",
      "transform_matrix": [
        [
          -0.984987,
          0.081898,
          -0.151966,
          4.77729
        ],
        [
          0.17263,
          0.467544,
          -0.86695,
          4.741251
        ],
        [
          4.9e-05,
          -0.880168,
          -0.474663,
          1.554043
        ],
        [
          0.0,
          0.0,
          0.0,
          1.0
        ]
      ]
    },
    {
      "file_path": "/media/NFS/ttao/scannet/posed_images/scene0324_01/00174.jpg",
      "transform_matrix": [
        [
          -0.982002,
          0.086688,
          -0.167798,
          4.803703
        ],
        [
          0.188772,
          0.478853,
          -0.857359,
          4.713053
        ],
        [
          0.006028,
          -0.873605,
          -0.486599,
          1.555993
        ],
        [
          0.0,
          0.0,
          0.0,
          1.0
        ]
      ]
    },
    {
      "file_path": "/media/NFS/ttao/scannet/posed_images/scene0324_01/00177.jpg",
      "transform_matrix": [
        [
          -0.982196,
          0.083678,
          -0.168196,
          4.836318
        ],
        [
          0.187699,
          0.474321,
          -0.86011,
          4.672683
        ],
        [
          0.007807,
          -0.876366,
          -0.481582,
          1.560858
        ],
        [
          0.0,
          0.0,
          0.0,
          1.0
        ]
      ]
    },
    {
      "file_path": "/media/NFS/ttao/scannet/posed_images/scene0324_01/00179.jpg",
      "transform_matrix": [
        [
          -0.982861,
          0.081932,
          -0.165143,
          4.856365
        ],
        [
          0.184244,
          0.466991,
          -0.864855,
          4.642548
        ],
        [
          0.006261,
          -0.880458,
          -0.474083,
          1.566698
        ],
        [
          0.0,
          0.0,
          0.0,
          1.0
        ]
      ]
    },
    {
      "file_path": "/media/NFS/ttao/scannet/posed_images/scene0324_01/00182.jpg",
      "transform_matrix": [
        [
          -0.986648,
          0.074868,
          -0.144638,
          4.869629
        ],
        [
          0.162866,
          0.452684,
          -0.876671,
          4.598317
        ],
        [
          -0.000159,
          -0.888522,
          -0.458834,
          1.570855
        ],
        [
          0.0,
          0.0,
          0.0,
          1.0
        ]
      ]
    },
    {
      "file_path": "/media/NFS/ttao/scannet/posed_images/scene0324_01/00186.jpg",
      "transform_matrix": [
        [
          -0.991896,
          0.065484,
          -0.108875,
          4.898644
        ],
        [
          0.126389,
          0.421207,
          -0.898115,
          4.536466
        ],
        [
          -0.012954,
          -0.904598,
          -0.42607,
          1.568076
        ],
        [
          0.0,
          0.0,
          0.0,
          1.0
        ]
      ]
    },
    {
      "file_path": "/media/NFS/ttao/scannet/posed_images/scene0324_01/00188.jpg",
      "transform_matrix": [
        [
          -0.993416,
          0.058619,
          -0.09843,
          4.918907
        ],
        [
          0.113602,
          0.393018,
          -0.912486,
          4.47371
        ],
        [
