{
  "frames": [
    {
      "file_path": "/media/NFS/ttao/scannet/posed_images/scene0116_01/00000.jpg",
      "transform_matrix": [
        [
          -0.033013,
          -0.60191,
          0.797881,
          1.216009
        ],
        [
          -0.997396,
          -0.031371,
          -0.064935,
          1.438928
        ],
        [
          0.064116,
          -0.797947,
          -0.599307,
          1.355586
        ],
        [
          0.0,
          0.0,
          0.0,
          1.0
        ]
      ]
    },
    {
      "file_path": "/media/NFS/ttao/scannet/posed_images/scene0116_01/00006.jpg",
      "transform_matrix": [
        [
          -0.044215,
          -0.596684,
          0.801257,
          1.217031
        ],
        [
          -0.996891,
          -0.026011,
          -0.07438,
          1.432204
        ],
        [
          0.065223,
          -0.802055,
          -0.593679,
          1.357357
        ],
        [
          0.0,
          0.0,
          0.0,
          1.0
        ]
      ]
    },
    {
      "file_path": "/media/NFS/ttao/scannet/posed_images/scene0116_01/00017.jpg",
      "transform_matrix": [
        [
          -0.050254,
          -0.602651,
          0.796421,
          1.202065
        ],
        [
          -0.997091,
          -0.015476,
          -0.074628,
          1.431597
        ],
        [
          0.0573,
          -0.797854,
          -0.600121,
          1.350312
        ],
        [
          0.0,
          0.0,
          0.0,
          1.0
        ]
      ]
    },
    {
      "file_path": "/media/NFS/ttao/scannet/posed_images/scene0116_01/00019.jpg",
      "transform_matrix": [
        [
          -0.049822,
          -0.595213,
          0.802022,
          1.19522
        ],
        [
          -0.997286,
          -0.013936,
          -0.072294,
          1.430029
        ],
        [
          0.054208,
          -0.803447,
          -0.592903,
          1.347194
        ],
        [
          0.0,
          0.0,
          0.0,
          1.0
        ]
      ]
    },
    {
      "file_path": "/media/NFS/ttao/scannet/posed_images/scene0116_01/00029.jpg",
      "transform_matrix": [
        [
          0.018405,
          -0.598531,
          0.800888,
          1.143441
        ],
        [
          -0.996058,
          -0.080499,
          -0.03727,
          1.418111
        ],
        [
          0.086778,
          -0.797045,
          -0.597654,
          1.315205
        ],
        [
          0.0,
          0.0,
          0.0,
          1.0
        ]
      ]
    },
    {
      "file_path": "/media/NFS/ttao/scannet/posed_images/scene0116_01/00037.jpg",
      "transform_matrix": [
        [
          0.051617,
          -0.60982,
          0.790857,
          1.104288
        ],
        [
          -0.993324,
          -0.113156,
          -0.022422,
          1.414408
        ],
        [
          0.103164,
          -0.78442,
          -0.61159,
          1.319618
        ],
        [
          0.0,
          0.0,
          0.0,
          1.0
        ]
      ]
    },
    {
      "file_path": "/media/NFS/ttao/scannet/posed_images/scene0116_01/00041.jpg",
      "transform_matrix": [
        [
          0.033687,
          -0.584095,
          0.810986,
          1.078769
        ],
        [
          -0.996823,
          -0.078231,
          -0.014938,
          1.417697
        ],
        [
          0.07217,
          -0.807907,
          -0.584875,
          1.332078
        ],
        [
          0.0,
          0.0,
          0.0,
          1.0
        ]
      ]
    },
    {
      "file_path": "/media/NFS/ttao/scannet/posed_images/scene0116_01/00048.jpg",
      "transform_matrix": [
        [
          0.034283,
          -0.584223,
          0.810869,
          1.054412
        ],
        [
          -0.997125,
          -0.074853,
          -0.011773,
          1.438719
        ],
        [
          0.067574,
          -0.808134,
          -0.58511,
          1.337521
        ],
        [
          0.0,
          0.0,
          0.0,
          1.0
        ]
      ]
    },
    {
      "file_path": "/media/NFS/ttao/scannet/posed_images/scene0116_01/00056.jpg",
      "transform_matrix": [
        [
          0.070434,
          -0.566025,
          0.821373,
          1.023081
        ],
        [
          -0.995267,
          -0.095144,
          0.019779,
          1.461282
        ],
        [
          0.066954,
          -0.818879,
          -0.570048,
          1.339534
        ],
        [
          0.0,
          0.0,
          0.0,
          1.0
        ]
      ]
    },
    {
      "file_path": "/media/NFS/ttao/scannet/posed_images/scene0116_01/00066.jpg",
      "transform_matrix": [
        [
          0.092675,
          -0.551143,
          0.829248,
          0.981114
        ],
        [
          -0.993778,
          -0.10288,
          0.042686,
          1.469636
        ],
        [
          0.061787,
          -0.828044,
          -0.557249,
          1.343293
        ],
        [
          0.0,
          0.0,
          0.0,
          1.0
        ]
      ]
    },
    {
      "file_path": "/media/NFS/ttao/scannet/posed_images/scene0116_01/00068.jpg",
      "transform_matrix": [
        [
          0.092678,
          -0.547841,
          0.831433,
          0.972916
        ],
        [
          -0.993802,
          -0.102378,
          0.043319,
          1.471528
        ],
        [
          0.061388,
          -0.830294,
          -0.553934,
          1.341879
        ],
        [
          0.0,
          0.0,
          0.0,
          1.0
        ]
      ]
    },
    {
      "file_path": "/media/NFS/ttao/scannet/posed_images/scene0116_01/00079.jpg",
      "transform_matrix": [
        [
          0.076368,
          -0.566323,
          0.820637,
          0.956347
        ],
        [
          -0.994963,
          -0.096877,
          0.025736,
          1.464773
        ],
        [
          0.064926,
          -0.81847,
          -0.570869,
          1.335466
        ],
        [
          0.0,
          0.0,
          0.0,
          1.0
        ]
      ]
    },
    {
      "file_path": "/media/NFS/ttao/scannet/posed_images/scene0116_01/00087.jpg",
      "transform_matrix": [
        [
          0.063775,
          -0.566385,
          0.821669,
          0.957546
        ],
        [
          -0.996266,
          -0.084153,
          0.019319,
          1.461343
        ],
        [
          0.058204,
          -0.819833,
          -0.569637,
          1.338249
        ],
        [
          0.0,
          0.0,
          0.0,
          1.0
        ]
      ]
    },
    {
      "file_path": "/media/NFS/ttao/scannet/posed_images/scene0116_01/00089.jpg",
      "transform_matrix": [
        [
          0.064281,
          -0.57105,
          0.818395,
          0.956934
        ],
        [
          -0.996432,
          -0.08167,
          0.021278,
          1.45977
        ],
        [
          0.054688,
          -0.816843,
          -0.574263,
          1.338923
        ],
        [
          0.0,
          0.0,
          0.0,
          1.0
        ]
      ]
    },
    {
      "file_path": "/media/NFS/ttao/scannet/posed_images/scene0116_01/00097.jpg",
      "transform_matrix": [
        [
          0.067418,
          -0.613022,
          0.787184,
          0.954845
        ],
        [
          -0.996725,
          -0.076695,
          0.025638,
          1.463911
        ],
        [
          0.044656,
          -0.786334,
          -0.616185,
          1.332508
        ],
        [
          0.0,
          0.0,
          0.0,
          1.0
        ]
      ]
    },
    {
      "file_path": "/media/NFS/ttao/scannet/posed_images/scene0116_01/00103.jpg",
      "transform_matrix": [
        [
          0.073258,
          -0.621913,
          0.779652,
          0.953486
        ],
        [
          -0.996631,
          -0.074562,
          0.034169,
          1.467211
        ],
        [
          0.036882,
          -0.779528,
          -0.62528,
          1.334099
        ],
        [
          0.0,
          0.0,
          0.0,
          1.0
        ]
      ]
    },
    {
      "file_path": "/media/NFS/ttao/scannet/posed_images/scene0116_01/00112.jpg",
      "transform_matrix": [
        [
          0.115936,
          -0.621255,
          0.774985,
          0.942424
        ],
        [
          -0.992184,
          -0.10869,
          0.061299,
          1.495879
        ],
        [
          0.046151,
          -0.776034,
          -0.629,
          1.328122
        ],
        [
          0.0,
          0.0,
          0.0,
          1.0
        ]
      ]
    },
    {
      "file_path": "/media/NFS/ttao/scannet/posed_images/scene0116_01/00118.jpg",
      "transform_matrix": [
        [
          0.1601,
          -0.618858,
          0.769014,
          0.935518
        ],
        [
          -0.986015,
          -0.136792,
          0.095195,
          1.515314
        ],
        [
          0.046282,
          -0.7735,
          -0.632104,
          1.322646
        ],
        [
          0.0,
          0.0,
          0.0,
          1.0
        ]
      ]
    },
    {
      "file_path": "/media/NFS/ttao/scannet/posed_images/scene0116_01/00124.jpg",
      "transform_matrix": [
        [
          0.198619,
          -0.613351,
          0.764429,
          0.935281
        ],
        [
          -0.978324,
          -0.170704,
          0.117227,
          1.524488
        ],
        [
          0.05859,
          -0.771143,
          -0.633961,
          1.315799
        ],
        [
          0.0,
          0.0,
          0.0,
          1.0
        ]
      ]
    },
    {
      "file_path": "/media/NFS/ttao/scannet/posed_images/scene0116_01/00130.jpg",
      "transform_matrix": [
        [
          0.26992,
          -0.592143,
          0.759282,
          0.933721
        ],
        [
          -0.96103,
          -0.214562,
          0.17431,
          1.534512
        ],
        [
          0.059697,
          -0.776743,
          -0.626982,
          1.320081
        ],
        [
          0.0,
          0.0,
          0.0,
          1.0
        ]
      ]
    },
    {
      "file_path": "/media/NFS/ttao/scannet/posed_images/scene0116_01/00139.jpg",
      "transform_matrix": [
        [
          0.411523,
          -0.546803,
          0.729147,
          0.92929
        ],
        [
          -0.907608,
          -0.318767,
          0.273194,
          1.510828
        ],
        [
          0.083044,
          -0.774205,
          -0.627463,
          1.315752
        ],
        [
          0.0,
          0.0,
          0.0,
          1.0
        ]
      ]
    },
    {
      "file_path": "/media/NFS/ttao/scannet/posed_images/scene0116_01/00145.jpg",
      "transform_matrix": [
        [
          0.495336,
          -0.493688,
          0.714783,
          0.932673
        ],
        [
          -0.860151,
          -0.393894,
          0.324018,
          1.469746
        ],
        [
          0.121584,
          -0.775319,
          -0.619756,
          1.32014
        ],
        [
          0.0,
          0.0,
          0.0,
          1.0
        ]
      ]
    },
    {
      "file_path": "/media/NFS/ttao/scannet/posed_images/scene0116_01/00153.jpg",
      "transform_matrix": [
        [
          0.574848,
          -0.484408,
          0.659469,
          0.93631
        ],
        [
          -0.811367,
          -0.441832,
          0.382711,
          1.425624
        ],
        [
          0.105986,
          -0.755072,
          -0.647019,
          1.314004
        ],
        [
          0.0,
          0.0,
          0.0,
          1.0
        ]
      ]
    },
    {
      "file_path": "/media/NFS/ttao/scannet/posed_images/scene0116_01/00159.jpg",
      "transform_matrix": [
        [
          0.606438,
          -0.486472,
          0.62895,
          0.935862
        ],
        [
          -0.787617,
          -0.476004,
          0.391253,
          1.408711
        ],
        [
          0.109049,
          -0.732643,
          -0.671821,
          1.291528
        ],
        [
          0.0,
          0.0,
          0.0,
          1.0
        ]
      ]
    },
    {
      "file_path": "/media/NFS/ttao/scannet/posed_images/scene0116_01/00170.jpg",
      "transform_matrix": [
        [
          0.646351,
          -0.489793,
          0.585092,
          0.927732
        ],
        [
          -0.755332,
          -0.519416,
          0.3996,
          1.406494
        ],
        [
          0.108185,
          -0.700221,
          -0.705682,
          1.254839
        ],
        [
          0.0,
          0.0,
          0.0,
          1.0
        ]
      ]
    },
    {
      "file_path": "/media/NFS/ttao/scannet/posed_images/scene0116_01/00172.jpg",
      "transform_matrix": [
        [
          0.648128,
          -0.493383,
          0.580089,
          0.926476
        ],
        [
          -0.753751,
          -0.524231,
          0.396284,
          1.410528
        ],
        [
          0.10858,
          -0.694086,
          -0.711657,
          1.251247
        ],
        [
          0.0,
          0.0,
          0.0,
          1.0
        ]
      ]
    },
    {
      "file_path": "/media/NFS/ttao/scannet/posed_images/scene0116_01/00182.jpg",
      "transform_matrix": [
        [
          0.61984,
          -0.454631,
          0.639616,
          0.926047
        ],
        [
          -0.779125,
          -0.453767,
          0.432504,
          1.435387
        ],
        [
          0.093607,
          -0.766424,
          -0.635478,
          1.226456
        ],
        [
          0.0,
          0.0,
          0.0,
          1.0
        ]
      ]
    },
    {
      "file_path": "/media/NFS/ttao/scannet/posed_images/scene0116_01/00188.jpg",
      "transform_matrix": [
        [
          0.56597,
          -0.508749,
          0.648731,
          0.926006
        ],
        [
          -0.820124,
          -0.427716,
          0.380073,
          1.444256
        ],
        [
          0.084111,
          -0.74715,
          -0.659312,
          1.201874
        ],
        [
          0.0,
          0.0,
          0.0,
          1.0
        ]
      ]
    },
    {
      "file_path": "/media/NFS/ttao/scannet/posed_images/scene0116_01/00197.jpg",
      "transform_matrix": [
        [
          0.528444,
          -0.467707,
          0.708518,
          0.906614
        ],
        [
          -0.844971,
          -0.370643,
          0.385548,
          1.427247
        ],
        [
          0.082283,
          -0.802418,
          -0.591063,
          1.202536
        ],
        [
          0.0,
          0.0,
          0.0,
          1.0
        ]
      ]
    },
    {
      "file_path": "/media/NFS/ttao/scannet/posed_images/scene0116_01/00201.jpg",
      "transform_matrix": [
        [
          0.519028,
          -0.465993,
          0.716561,
          0.90277
        ],
        [
          -0.850774,
          -0.36248,
          0.380515,
          1.427133
        ],
        [
          0.082422,
          -0.80713,
          -0.584592,
          1.213423
        ],
        [
          0.0,
          0.0,
          0.0,
          1.0
        ]
      ]
    },
    {
      "file_path": "/media/NFS/ttao/scannet/posed_images/scene0116_01/00211.jpg",
      "transform_matrix": [
        [
          0.530767,
          -0.440579,
          0.724,
          0.931436
        ],
        [
          -0.845281,
          -0.337212,
          0.414473,
          1.409557
        ],
        [
          0.061533,
          -0.831972,
          -0.551394,
          1.279039
        ],
        [
          0.0,
          0.0,
          0.0,
          1.0
        ]
      ]
    },
    {
      "file_path": "/media/NFS/ttao/scannet/posed_images/scene0116_01/00215.jpg",
      "transform_matrix": [
        [
          0.541903,
          -0.470202,
          0.6966,
          0.946119
        ],
        [
          -0.839509,
          -0.341862,
          0.42232,
          1.401367
        ],
        [
          0.039566,
          -0.813658,
          -0.579995,
          1.305208
        ],
        [
          0.0,
          0.0,
          0.0,
          1.0
        ]
      ]
    },
    {
      "file_path": "/media/NFS/ttao/scannet/posed_images/scene0116_01/00221.jpg",
      "transform_matrix": [
        [
          0.520634,
          -0.514871,
          0.681064,
          0.966025
        ],
        [
          -0.852875,
          -0.350345,
          0.38712,
          1.399207
        ],
        [
          0.03929,
          -0.782411,
          -0.621522,
          1.323537
        ],
        [
          0.0,
          0.0,
          0.0,
          1.0
        ]
      ]
    },
    {
      "file_path": "/media/NFS/ttao/scannet/posed_images/scene0116_01/00232.jpg",
      "transform_matrix": [
        [
          0.431506,
          -0.505331,
          0.74729,
          0.997012
        ],
        [
          -0.901692,
          -0.266797,
          0.34025,
          1.4415
        ],
        [
          0.027436,
          -0.820646,
          -0.570778,
          1.348832
        ],
        [
          0.0,
          0.0,
          0.0,
          1.0
        ]
      ]
    },
    {
      "file_path": "/media/NFS/ttao/scannet/posed_images/scene0116_01/00234.jpg",
      "transform_matrix": [
        [
          0.41072,
          -0.513662,
          0.7533,
          1.002944
        ],
        [
          -0.911459,
          -0.252598,
          0.32471,
          1.456573
        ],
        [
          0.023491,
          -0.819967,
          -0.571929,
          1.35112
        ],
        [
          0.0,
          0.0,
          0.0,
          1.0
        ]
      ]
    },
    {
      "file_path": "/media/NFS/ttao/scannet/posed_images/scene0116_01/00242.jpg",
      "transform_matrix": [
        [
          0.346937,
          -0.556681,
          0.754812,
          1.022229
        ],
        [
          -0.937878,
          -0.20981,
          0.276343,
          1.5149
        ],
        [
          0.004532,
          -0.803795,
          -0.594889,
          1.361107
        ],
        [
          0.0,
          0.0,
          0.0,
          1.0
        ]
      ]
    },
    {
      "file_path": "/media/NFS/ttao/scannet/posed_images/scene0116_01/00250.jpg",
      "transform_matrix": [
        [
          0.309879,
          -0.603099,
          0.735014,
          1.051959
        ],
        [
          -0.950542,
          -0.179357,
          0.253577,
          1.560712
        ],
        [
          -0.021102,
          -0.77724,
          -0.62885,
          1.38477
        ],
        [
          0.0,
          0.0,
          0.0,
          1.0
        ]
      ]
    },
    {
      "file_path": "/media/NFS/ttao/scannet/posed_images/scene0116_01/00259.jpg",
      "transform_matrix": [
        [
          0.280542,
          -0.615538,
          0.736484,
          1.092798
        ],
        [
          -0.959168,
          -0.151036,
          0.239135,
          1.597197
        ],
        [
          -0.035961,
          -0.773499,
          -0.632776,
          1.402075
        ],
        [
          0.0,
          0.0,
          0.0,
          1.0
        ]
      ]
    },
    {
      "file_path": "/media/NFS/ttao/scannet/posed_images/scene0116_01/00261.jpg",
      "transform_matrix": [
        [
          0.268984,
          -0.624538,
          0.733212,
          1.101691
        ],
        [
          -0.962372,
          -0.143801,
          0.230565,
          1.601055
        ],
        [
          -0.03856,
          -0.767641,
          -0.639719,
          1.405092
        ],
        [
          0.0,
          0.0,
          0.0,
          1.0
        ]
      ]
    },
    {
      "file_path": "/media/NFS/ttao/scannet/posed_images/scene0116_01/00267.jpg",
      "transform_matrix": [
        [
          0.218343,
          -0.65317,
          0.725048,
          1.132494
        ],
        [
          -0.974669,
          -0.109071,
          0.195256,
          1.604015
        ],
        [
          -0.048454,
          -0.749314,
          -0.66044,
          1.414224
        ],
        [
          0.0,
          0.0,
          0.0,
          1.0
        ]
      ]
    },
    {
      "file_path": "/media/NFS/ttao/scannet/posed_images/scene0116_01/00277.jpg",
      "transform_matrix": [
        [
          0.192874,
          -0.640682,
          0.743187,
          1.166585
        ],
        [
          -0.980163,
          -0.090598,
          0.176272,
          1.618073
        ],
        [
          -0.045603,
          -0.762443,
          -0.645447,
          1.428383
        ],
        [
          0.0,
          0.0,
          0.0,
          1.0
        ]
      ]
    },
    {
      "file_path": "/media/NFS/ttao/scannet/posed_images/scene0116_01/00284.jpg",
      "transform_matrix": [
        [
          0.196769,
          -0.623848,
          0.75637,
          1.180077
        ],
        [
          -0.979716,
          -0.095262,
          0.176301,
          1.631021
        ],
        [
          -0.037932,
          -0.775718,
          -0.629939,
          1.438327
        ],
        [
          0.0,
          0.0,
          0.0,
          1.0
        ]
      ]
    },
    {
      "file_path": "/media/NFS/ttao/scannet/posed_images/scene0116_01/00290.jpg",
      "transform_matrix": [
        [
          0.187867,
          -0.622264,
          0.759929,
          1.186546
        ],
        [
          -0.981569,
          -0.091329,
          0.167875,
          1.636848
        ],
        [
          -0.035059,
          -0.777461,
          -0.627953,
          1.435415
        ],
        [
          0.0,
          0.0,
          0.0,
          1.0
        ]
      ]
    },
    {
      "file_path": "/media/NFS/ttao/scannet/posed_images/scene0116_01/00300.jpg",
      "transform_matrix": [
        [
          0.189638,
          -0.638831,
          0.745609,
          1.187509
        ],
        [
          -0.981607,
          -0.106302,
          0.158583,
          1.633019
        ],
        [
          -0.022048,
          -0.761968,
          -0.647239,
          1.416443
        ],
        [
          0.0,
          0.0,
          0.0,
          1.0
        ]
      ]
    },
    {
      "file_path": "/media/NFS/ttao/scannet/posed_images/scene0116_01/00302.jpg",
      "transform_matrix": [
        [
          0.193544,
          -0.634285,
          0.74848,
          1.185769
        ],
        [
          -0.980911,
          -0.110455,
          0.160043,
          1.631085
        ],
        [
          -0.01884,
          -0.765168,
          -0.643555,
          1.414289
        ],
        [
          0.0,
          0.0,
          0.0,
          1.0
        ]
      ]
    },
    {
      "file_path": "/media/NFS/ttao/scannet/posed_images/scene0116_01/00310.jpg",
      "transform_matrix": [
        [
          0.221115,
          -0.605847,
          0.764236,
          1.159256
        ],
        [
          -0.975215,
          -0.143774,
          0.168181,
          1.611313
        ],
        [
          0.007986,
          -0.782482,
          -0.622622,
          1.40122
        ],
        [
          0.0,
          0.0,
          0.0,
          1.0
        ]
      ]
    },
    {
      "file_path": "/media/NFS/ttao/scannet/posed_images/scene0116_01/00317.jpg",
      "transform_matrix": [
        [
          0.334242,
          -0.556241,
          0.76084,
          1.106743
        ],
        [
          -0.942304,
          -0.213119,
          0.258152,
          1.592672
        ],
        [
          0.018555,
          -0.803228,
          -0.595383,
          1.391315
        ],
        [
          0.0,
          0.0,
          0.0,
          1.0
        ]
      ]
    },
    {
      "file_path": "/media/NFS/ttao/scannet/posed_images/scene0116_01/00323.jpg",
      "transform_matrix": [
        [
          0.408094,
          -0.426434,
          0.807225,
          1.050467
        ],
        [
          -0.908713,
          -0.274725,
          0.314271,
          1.552033
        ],
        [
          0.087749,
          -0.861789,
          -0.49962,
          1.355094
        ],
        [
          0.0,
          0.0,
          0.0,
          1.0
        ]
      ]
    },
    {
      "file_path": "/media/NFS/ttao/scannet/posed_images/scene0116_01/00335.jpg",
      "transform_matrix": [
        [
          0.530815,
          -0.432377,
          0.728893,
          0.98428
        ],
        [
          -0.841644,
          -0.369769,
          0.393581,
          1.46026
        ],
        [
          0.099347,
          -0.822388,
          -0.560186,
          1.298488
        ],
        [
          0.0,
          0.0,
          0.0,
          1.0
        ]
      ]
    },
    {
      "file_path": "/media/NFS/ttao/scannet/posed_images/scene0116_01/00342.jpg",
      "transform_matrix": [
        [
          0.592867,
          -0.421137,
          0.686405,
          0.955231
        ],
        [
          -0.79815,
          -0.420624,
          0.431314,
          1.432653
        ],
        [
          0.107076,
          -0.803567,
          -0.585504,
          1.287697
        ],
        [
          0.0,
          0.0,
          0.0,
          1.0
        ]
      ]
    },
    {
      "file_path": "/media/NFS/ttao/scannet/posed_images/scene0116_01/00344.jpg",
      "transform_matrix": [
        [
          0.609374,
          -0.408497,
          0.679554,
          0.946086
        ],
        [
          -0.78462,
          -0.434091,
          0.442646,
          1.428739
        ],
        [
          0.114169,
          -0.802929,
          -0.585039,
          1.285814
        ],
        [
          0.0,
          0.0,
          0.0,
          1.0
        ]
      ]
    },
    {
      "file_path": "/media/NFS/ttao/scannet/posed_images/scene0116_01/00354.jpg",
      "transform_matrix": [
        [
          0.656818,
          -0.389519,
          0.645651,
          0.915824
        ],
        [
          -0.743629,
          -0.476457,
          0.469046,
          1.415878
        ],
        [
          0.124922,
          -0.788203,
          -0.602603,
          1.277244
        ],
        [
          0.0,
          0.0,
          0.0,
          1.0
        ]
      ]
    },
    {
      "file_path": "/media/NFS/ttao/scannet/posed_images/scene0116_01/00360.jpg",
      "transform_matrix": [
        [
          0.666949,
          -0.385448,
          0.637658,
          0.90426
        ],
        [
          -0.735876,
          -0.475008,
          0.482549,
          1.414723
        ],
        [
          0.116895,
          -0.791073,
          -0.600449,
          1.282566
        ],
        [
          0.0,
          0.0,
          0.0,
          1.0
        ]
      ]
    },
    {
      "file_path": "/media/NFS/ttao/scannet/posed_images/scene0116_01/00364.jpg",
      "transform_matrix": [
        [
          0.674507,
          -0.382845,
          0.631245,
          0.897452
        ],
        [
          -0.729407,
          -0.47766,
          0.4897,
          1.417213
        ],
        [
          0.114041,
          -0.79074,
          -0.601435,
          1.284516
        ],
        [
          0.0,
          0.0,
          0.0,
          1.0
        ]
      ]
    },
    {
      "file_path": "/media/NFS/ttao/scannet/posed_images/scene0116_01/00375.jpg",
      "transform_matrix": [
        [
          0.694771,
          -0.376233,
          0.612977,
          0.891106
        ],
        [
          -0.712382,
          -0.477316,
          0.514472,
          1.422187
        ],
        [
          0.099023,
          -0.794114,
          -0.599648,
          1.291836
        ],
        [
          0.0,
          0.0,
          0.0,
          1.0
        ]
      ]
    },
    {
      "file_path": "/media/NFS/ttao/scannet/posed_images/scene0116_01/00379.jpg",
      "transform_matrix": [
        [
          0.696637,
          -0.372667,
          0.613039,
          0.891051
        ],
        [
          -0.710506,
          -0.476761,
          0.517572,
          1.42702
        ],
        [
          0.099391,
          -0.796127,
          -0.596911,
          1.293263
        ],
        [
          0.0,
          0.0,
          0.0,
          1.0
        ]
      ]
    },
    {
      "file_path": "/media/NFS/ttao/scannet/posed_images/scene0116_01/00385.jpg",
      "transform_matrix": [
        [
          0.701748,
          -0.372121,
          0.607515,
          0.89123
        ],
        [
          -0.706739,
          -0.471142,
          0.527775,
          1.441887
        ],
        [
          0.08983,
          -0.79972,
          -0.593615,
          1.294353
        ],
        [
          0.0,
          0.0,
          0.0,
          1.0
        ]
      ]
    },
    {
      "file_path": "/media/NFS/ttao/scannet/posed_images/scene0116_01/00391.jpg",
      "transform_matrix": [
        [
          0.685398,
          -0.372389,
          0.625744,
          0.898994
        ],
        [
          -0.722829,
          -0.451819,
          0.522855,
          1.486056
        ],
        [
          0.088018,
          -0.81067,
          -0.578849,
          1.299807
        ],
        [
          0.0,
          0.0,
          0.0,
          1.0
        ]
      ]
    },
    {
      "file_path": "/media/NFS/ttao/scannet/posed_images/scene0116_01/00404.jpg",
      "transform_matrix": [
        [
          0.66894,
          -0.388453,
          0.633738,
          0.922113
        ],
        [
          -0.740775,
          -0.418837,
          0.525194,
          1.600083
        ],
        [
          0.06142,
          -0.82078,
          -0.567933,
          1.306595
        ],
        [
          0.0,
          0.0,
          0.0,
          1.0
        ]
      ]
    },
    {
      "file_path": "/media/NFS/ttao/scannet/posed_images/scene0116_01/00410.jpg",
      "transform_matrix": [
        [
          0.668588,
          -0.400548,
          0.626539,
          0.926717
        ],
        [
          -0.741211,
          -0.426898,
          0.518039,
          1.639886
        ],
        [
          0.059968,
          -0.810752,
          -0.58231,
          1.305506
        ],
        [
          0.0,
          0.0,
          0.0,
          1.0
        ]
      ]
    },
    {
      "file_path": "/media/NFS/ttao/scannet/posed_images/scene0116_01/00412.jpg",
      "transform_matrix": [
        [
          0.668795,
          -0.401541,
          0.625681,
          0.927329
        ],
        [
          -0.740928,
          -0.429217,
          0.516526,
          1.648667
        ],
        [
          0.061146,
          -0.809035,
          -0.584571,
          1.303658
        ],
        [
          0.0,
          0.0,
          0.0,
          1.0
        ]
      ]
    },
    {
      "file_path": "/media/NFS/ttao/scannet/posed_images/scene0116_01/00420.jpg",
      "transform_matrix": [
        [
          0.693018,
          -0.389389,
          0.606714,
          0.916012
        ],
        [
          -0.717214,
          -0.457619,
          0.525537,
          1.675064
        ],
        [
          0.073006,
          -0.79935,
          -0.596414,
          1.29688
        ],
        [
          0.0,
          0.0,
          0.0,
          1.0
        ]
      ]
    },
    {
      "file_path": "/media/NFS/ttao/scannet/posed_images/scene0116_01/00426.jpg",
      "transform_matrix": [
        [
          0.735402,
          -0.368378,
          0.568754,
          0.900445
        ],
        [
          -0.674505,
          -0.478462,
          0.562242,
          1.691336
        ],
        [
          0.06501,
          -0.797102,
          -0.600335,
          1.294331
        ],
        [
          0.0,
          0.0,
          0.0,
          1.0
        ]
      ]
    },
    {
      "file_path": "/media/NFS/ttao/scannet/posed_images/scene0116_01/00439.jpg",
      "transform_matrix": [
        [
          0.791868,
          -0.337983,
          0.508637,
          0.897966
        ],
        [
          -0.609721,
          -0.484503,
          0.627293,
          1.736422
        ],
        [
          0.034422,
          -0.806861,
          -0.589738,
          1.313531
        ],
        [
          0.0,
          0.0,
          0.0,
          1.0
        ]
      ]
    },
    {
      "file_path": "/media/NFS/ttao/scannet/posed_images/scene0116_01/00441.jpg",
      "transform_matrix": [
        [
          0.797214,
          -0.338929,
          0.499576,
          0.902735
        ],
        [
          -0.60282,
          -0.491508,
          0.628512,
          1.746309
        ],
        [
          0.032525,
          -0.802214,
          -0.596151,
          1.32129
        ],
        [
          0.0,
          0.0,
          0.0,
          1.0
        ]
      ]
    },
    {
      "file_path": "/media/NFS/ttao/scannet/posed_images/scene0116_01/00449.jpg",
      "transform_matrix": [
        [
          0.828947,
          -0.31911,
          0.459365,
          0.920669
        ],
        [
          -0.559025,
          -0.499695,
          0.661662,
          1.777251
        ],
        [
          0.0184,
          -0.805279,
          -0.592611,
          1.333113
        ],
        [
          0.0,
          0.0,
          0.0,
          1.0
        ]
      ]
    },
    {
      "file_path": "/media/NFS/ttao/scannet/posed_images/scene0116_01/00455.jpg",
      "transform_matrix": [
        [
          0.860828,
          -0.286931,
          0.420293,
          0.949656
        ],
        [
          -0.508895,
          -0.483068,
          0.71251,
          1.797948
        ],
        [
          -0.001411,
          -0.827234,
          -0.561856,
          1.337982
        ],
        [
          0.0,
          0.0,
          0.0,
          1.0
        ]
      ]
    },
    {
      "file_path": "/media/NFS/ttao/scannet/posed_images/scene0116_01/00464.jpg",
      "transform_matrix": [
        [
          0.893699,
          -0.257095,
          0.367702,
          0.994772
        ],
        [
          -0.448278,
          -0.477526,
          0.755655,
          1.83827
        ],
        [
          -0.018688,
          -0.840161,
          -0.542015,
          1.350499
        ],
        [
          0.0,
          0.0,
          0.0,
          1.0
        ]
      ]
    },
    {
      "file_path": "/media/NFS/ttao/scannet/posed_images/scene0116_01/00468.jpg",
      "transform_matrix": [
        [
          0.89663,
          -0.256594,
          0.360852,
          1.001814
        ],
        [
          -0.442075,
          -0.472784,
          0.762263,
          1.864245
        ],
        [
          -0.024988,
          -0.842992,
          -0.537346,
          1.353805
        ],
        [
          0.0,
          0.0,
          0.0,
          1.0
        ]
      ]
    },
    {
      "file_path": "/media/NFS/ttao/scannet/posed_images/scene0116_01/00478.jpg",
      "transform_matrix": [
        [
          0.858623,
          -0.229231,
          0.458497,
          0.991548
        ],
        [
          -0.512128,
          -0.422274,
          0.747937,
          1.945745
        ],
        [
          0.022161,
          -0.877005,
          -0.47997,
          1.361676
        ],
        [
          0.0,
          0.0,
          0.0,
          1.0
        ]
      ]
    },
    {
      "file_path": "/media/NFS/ttao/scannet/posed_images/scene0116_01/00482.jpg",
      "transform_matrix": [
        [
          0.856073,
          -0.222431,
          0.466545,
          0.981923
        ],
        [
          -0.516168,
          -0.414454,
          0.749532,
          1.976441
        ],
        [
          0.026642,
          -0.88247,
          -0.469615,
          1.370877
        ],
        [
          0.0,
          0.0,
          0.0,
          1.0
        ]
      ]
    },
    {
      "file_path": "/media/NFS/ttao/scannet/posed_images/scene0116_01/00489.jpg",
      "transform_matrix": [
        [
          0.853589,
          -0.207967,
          0.477635,
          0.955387
        ],
        [
          -0.520134,
          -0.391437,
          0.759103,
          2.025257
        ],
        [
          0.029096,
          -0.896397,
          -0.442297,
          1.376664
        ],
        [
          0.0,
          0.0,
          0.0,
          1.0
        ]
      ]
    },
    {
      "file_path": "/media/NFS/ttao/scannet/posed_images/scene0116_01/00497.jpg",
      "transform_matrix": [
        [
          0.859007,
          -0.19372,
          0.473899,
          0.960222
        ],
        [
          -0.511023,
          -0.380532,
          0.770747,
          2.066257
        ],
        [
          0.031025,
          -0.90425,
          -0.425875,
          1.389755
        ],
        [
          0.0,
          0.0,
          0.0,
          1.0
        ]
      ]
    },
    {
      "file_path": "/media/NFS/ttao/scannet/posed_images/scene0116_01/00507.jpg",
      "transform_matrix": [
        [
          0.855398,
          -0.211338,
          0.472897,
          0.98624
        ],
        [
          -0.51571,
          -0.432723,
          0.739455,
          2.12163
        ],
        [
          0.048358,
          -0.876406,
          -0.47914,
          1.346372
        ],
        [
          0.0,
          0.0,
          0.0,
          1.0
        ]
      ]
    },
    {
      "file_path": "/media/NFS/ttao/scannet/posed_images/scene0116_01/00511.jpg",
      "transform_matrix": [
        [
          0.846227,
          -0.241477,
          0.474961,
          1.003708
        ],
        [
          -0.531848,
          -0.436704,
          0.725553,
          2.140524
        ],
        [
          0.032213,
          -0.86659,
          -0.49798,
          1.333207
        ],
        [
          0.0,
          0.0,
          0.0,
          1.0
        ]
      ]
    },
    {
      "file_path": "/media/NFS/ttao/scannet/posed_images/scene0116_01/00515.jpg",
      "transform_matrix": [
        [
          0.833737,
          -0.253763,
          0.490394,
          1.010087
        ],
        [
          -0.551081,
          -0.437938,
          0.710296,
          2.158189
        ],
        [
          0.034515,
          -0.862447,
          -0.504969,
          1.324234
        ],
        [
          0.0,
          0.0,
          0.0,
          1.0
        ]
      ]
    },
    {
      "file_path": "/media/NFS/ttao/scannet/posed_images/scene0116_01/00526.jpg",
      "transform_matrix": [
        [
          0.783084,
          -0.233688,
          0.576342,
          0.990773
        ],
        [
          -0.611101,
          -0.461204,
          0.643308,
          2.184191
        ],
        [
          0.115478,
          -0.855968,
          -0.503969,
          1.302896
        ],
        [
          0.0,
          0.0,
          0.0,
          1.0
        ]
      ]
    },
    {
      "file_path": "/media/NFS/ttao/scannet/posed_images/scene0116_01/00534.jpg",
      "transform_matrix": [
        [
          0.701399,
          -0.254088,
          0.665942,
          0.971107
        ],
        [
          -0.691482,
          -0.469198,
          0.549277,
          2.221962
        ],
        [
          0.172894,
          -0.84575,
          -0.504792,
          1.296356
