{
  "frames": [
    {
      "file_path": "/media/NFS/ttao/scannet/posed_images/scene0398_00/00001.jpg",
      "transform_matrix": [
        [
          -0.937026,
          -0.140341,
          0.319824,
          2.517846
        ],
        [
          -0.346927,
          0.479673,
          -0.80595,
          2.313565
        ],
        [
          -0.040303,
          -0.866152,
          -0.498154,
          1.428768
        ],
        [
          0.0,
          0.0,
          0.0,
          1.0
        ]
      ]
    },
    {
      "file_path": "/media/NFS/ttao/scannet/posed_images/scene0398_00/00004.jpg",
      "transform_matrix": [
        [
          -0.938829,
          -0.134865,
          0.316879,
          2.514547
        ],
        [
          -0.342041,
          0.472313,
          -0.81236,
          2.315145
        ],
        [
          -0.040107,
          -0.871052,
          -0.48955,
          1.429522
        ],
        [
          0.0,
          0.0,
          0.0,
          1.0
        ]
      ]
    },
    {
      "file_path": "/media/NFS/ttao/scannet/posed_images/scene0398_00/00010.jpg",
      "transform_matrix": [
        [
          -0.949717,
          -0.120543,
          0.288977,
          2.506711
        ],
        [
          -0.310888,
          0.472801,
          -0.824505,
          2.326268
        ],
        [
          -0.03724,
          -0.872885,
          -0.486502,
          1.409832
        ],
        [
          0.0,
          0.0,
          0.0,
          1.0
        ]
      ]
    },
    {
      "file_path": "/media/NFS/ttao/scannet/posed_images/scene0398_00/00013.jpg",
      "transform_matrix": [
        [
          -0.957748,
          -0.100042,
          0.269648,
          2.499545
        ],
        [
          -0.284003,
          0.476954,
          -0.83178,
          2.327451
        ],
        [
          -0.045396,
          -0.873217,
          -0.485214,
          1.403702
        ],
        [
          0.0,
          0.0,
          0.0,
          1.0
        ]
      ]
    },
    {
      "file_path": "/media/NFS/ttao/scannet/posed_images/scene0398_00/00019.jpg",
      "transform_matrix": [
        [
          -0.973678,
          -0.065545,
          0.2183,
          2.489815
        ],
        [
          -0.222761,
          0.476427,
          -0.850526,
          2.320375
        ],
        [
          -0.048256,
          -0.876768,
          -0.478487,
          1.410002
        ],
        [
          0.0,
          0.0,
          0.0,
          1.0
        ]
      ]
    },
    {
      "file_path": "/media/NFS/ttao/scannet/posed_images/scene0398_00/00023.jpg",
      "transform_matrix": [
        [
          -0.982795,
          -0.047653,
          0.178447,
          2.498919
        ],
        [
          -0.179614,
          0.471749,
          -0.863245,
          2.322545
        ],
        [
          -0.043046,
          -0.880444,
          -0.472192,
          1.413604
        ],
        [
          0.0,
          0.0,
          0.0,
          1.0
        ]
      ]
    },
    {
      "file_path": "/media/NFS/ttao/scannet/posed_images/scene0398_00/00024.jpg",
      "transform_matrix": [
        [
          -0.984425,
          -0.043341,
          0.170376,
          2.499664
        ],
        [
          -0.170431,
          0.473015,
          -0.864414,
          2.320329
        ],
        [
          -0.043126,
          -0.879988,
          -0.473034,
          1.414613
        ],
        [
          0.0,
          0.0,
          0.0,
          1.0
        ]
      ]
    },
    {
      "file_path": "/media/NFS/ttao/scannet/posed_images/scene0398_00/00032.jpg",
      "transform_matrix": [
        [
          -0.993738,
          -0.012205,
          0.111072,
          2.494274
        ],
        [
          -0.103989,
          0.464769,
          -0.879305,
          2.322142
        ],
        [
          -0.040891,
          -0.885348,
          -0.463127,
          1.405902
        ],
        [
          0.0,
          0.0,
          0.0,
          1.0
        ]
      ]
    },
    {
      "file_path": "/media/NFS/ttao/scannet/posed_images/scene0398_00/00033.jpg",
      "transform_matrix": [
        [
          -0.994636,
          -0.005943,
          0.103261,
          2.494219
        ],
        [
          -0.094111,
          0.46619,
          -0.879665,
          2.321714
        ],
        [
          -0.042912,
          -0.884665,
          -0.464249,
          1.406174
        ],
        [
          0.0,
          0.0,
          0.0,
          1.0
        ]
      ]
    },
    {
      "file_path": "/media/NFS/ttao/scannet/posed_images/scene0398_00/00041.jpg",
      "transform_matrix": [
        [
          -0.999307,
          0.028955,
          0.02341,
          2.491689
        ],
        [
          -0.00606,
          0.493867,
          -0.869517,
          2.309799
        ],
        [
          -0.036738,
          -0.869056,
          -0.493349,
          1.392634
        ],
        [
          0.0,
          0.0,
          0.0,
          1.0
        ]
      ]
    },
    {
      "file_path": "/media/NFS/ttao/scannet/posed_images/scene0398_00/00045.jpg",
      "transform_matrix": [
        [
          -0.998111,
          0.052371,
          -0.032132,
          2.486687
        ],
        [
          0.054172,
          0.503304,
          -0.86241,
          2.290808
        ],
        [
          -0.028993,
          -0.862521,
          -0.50519,
          1.393451
        ],
        [
          0.0,
          0.0,
          0.0,
          1.0
        ]
      ]
    },
    {
      "file_path": "/media/NFS/ttao/scannet/posed_images/scene0398_00/00049.jpg",
      "transform_matrix": [
        [
          -0.995094,
          0.077688,
          -0.061264,
          2.475658
        ],
        [
          0.092027,
          0.499431,
          -0.861452,
          2.269314
        ],
        [
          -0.036327,
          -0.862863,
          -0.50413,
          1.390326
        ],
        [
          0.0,
          0.0,
          0.0,
          1.0
        ]
      ]
    },
    {
      "file_path": "/media/NFS/ttao/scannet/posed_images/scene0398_00/00054.jpg",
      "transform_matrix": [
        [
          -0.992364,
          0.094153,
          -0.079684,
          2.429026
        ],
        [
          0.116001,
          0.492787,
          -0.862383,
          2.227025
        ],
        [
          -0.041929,
          -0.865041,
          -0.499946,
          1.3986
        ],
        [
          0.0,
          0.0,
          0.0,
          1.0
        ]
      ]
    },
    {
      "file_path": "/media/NFS/ttao/scannet/posed_images/scene0398_00/00055.jpg",
      "transform_matrix": [
        [
          -0.991515,
          0.102009,
          -0.080568,
          2.419038
        ],
        [
          0.12076,
          0.493466,
          -0.861341,
          2.218652
        ],
        [
          -0.048107,
          -0.863762,
          -0.501598,
          1.397101
        ],
        [
          0.0,
          0.0,
          0.0,
          1.0
        ]
      ]
    },
    {
      "file_path": "/media/NFS/ttao/scannet/posed_images/scene0398_00/00059.jpg",
      "transform_matrix": [
        [
          -0.988002,
          0.128656,
          -0.085441,
          2.396612
        ],
        [
          0.138642,
          0.49507,
          -0.857721,
          2.180483
        ],
        [
          -0.068051,
          -0.859275,
          -0.506967,
          1.39765
        ],
        [
          0.0,
          0.0,
          0.0,
          1.0
        ]
      ]
    },
    {
      "file_path": "/media/NFS/ttao/scannet/posed_images/scene0398_00/00064.jpg",
      "transform_matrix": [
        [
          -0.982539,
          0.15052,
          -0.109368,
          2.344766
        ],
        [
          0.17102,
          0.499118,
          -0.84949,
          2.110765
        ],
        [
          -0.073278,
          -0.853361,
          -0.516145,
          1.422875
        ],
        [
          0.0,
          0.0,
          0.0,
          1.0
        ]
      ]
    },
    {
      "file_path": "/media/NFS/ttao/scannet/posed_images/scene0398_00/00068.jpg",
      "transform_matrix": [
        [
          -0.974909,
          0.171633,
          -0.141757,
          2.310512
        ],
        [
          0.209237,
          0.489178,
          -0.846714,
          2.061798
        ],
        [
          -0.075979,
          -0.85513,
          -0.512816,
          1.425758
        ],
        [
          0.0,
          0.0,
          0.0,
          1.0
        ]
      ]
    },
    {
      "file_path": "/media/NFS/ttao/scannet/posed_images/scene0398_00/00074.jpg",
      "transform_matrix": [
        [
          -0.959268,
          0.20918,
          -0.189866,
          2.254538
        ],
        [
          0.268133,
          0.462584,
          -0.845057,
          2.022156
        ],
        [
          -0.08894,
          -0.861545,
          -0.49983,
          1.397859
        ],
        [
          0.0,
          0.0,
          0.0,
          1.0
        ]
      ]
    },
    {
      "file_path": "/media/NFS/ttao/scannet/posed_images/scene0398_00/00078.jpg",
      "transform_matrix": [
        [
          -0.943303,
          0.236212,
          -0.233204,
          2.221607
        ],
        [
          0.320325,
          0.463614,
          -0.826108,
          1.980898
        ],
        [
          -0.08702,
          -0.853971,
          -0.512993,
          1.402742
        ],
        [
          0.0,
          0.0,
          0.0,
          1.0
        ]
      ]
    },
    {
      "file_path": "/media/NFS/ttao/scannet/posed_images/scene0398_00/00083.jpg",
      "transform_matrix": [
        [
          -0.919473,
          0.27775,
          -0.278251,
          2.205964
        ],
        [
          0.381551,
          0.459749,
          -0.801904,
          1.928775
        ],
        [
          -0.094803,
          -0.843496,
          -0.528703,
          1.399296
        ],
        [
          0.0,
          0.0,
          0.0,
          1.0
        ]
      ]
    },
    {
      "file_path": "/media/NFS/ttao/scannet/posed_images/scene0398_00/00086.jpg",
      "transform_matrix": [
        [
          -0.907776,
          0.289888,
          -0.303161,
          2.194782
        ],
        [
          0.40977,
          0.458478,
          -0.788598,
          1.899966
        ],
        [
          -0.089612,
          -0.840097,
          -0.534983,
          1.394297
        ],
        [
          0.0,
          0.0,
          0.0,
          1.0
        ]
      ]
    },
    {
      "file_path": "/media/NFS/ttao/scannet/posed_images/scene0398_00/00088.jpg",
      "transform_matrix": [
        [
          -0.896938,
          0.299205,
          -0.325545,
          2.192071
        ],
        [
          0.434167,
          0.456644,
          -0.776515,
          1.873772
        ],
        [
          -0.083679,
          -0.837826,
          -0.539486,
          1.396429
        ],
        [
          0.0,
          0.0,
          0.0,
          1.0
        ]
      ]
    },
    {
      "file_path": "/media/NFS/ttao/scannet/posed_images/scene0398_00/00096.jpg",
      "transform_matrix": [
        [
          -0.831598,
          0.34884,
          -0.432152,
          2.203663
        ],
        [
          0.551671,
          0.429096,
          -0.715218,
          1.769644
        ],
        [
          -0.064061,
          -0.833179,
          -0.54928,
          1.399259
        ],
        [
          0.0,
          0.0,
          0.0,
          1.0
        ]
      ]
    },
    {
      "file_path": "/media/NFS/ttao/scannet/posed_images/scene0398_00/00100.jpg",
      "transform_matrix": [
        [
          -0.791855,
          0.380418,
          -0.477753,
          2.223717
        ],
        [
          0.606979,
          0.403902,
          -0.684427,
          1.705414
        ],
        [
          -0.067403,
          -0.831953,
          -0.550737,
          1.411239
        ],
        [
          0.0,
          0.0,
          0.0,
          1.0
        ]
      ]
    },
    {
      "file_path": "/media/NFS/ttao/scannet/posed_images/scene0398_00/00104.jpg",
      "transform_matrix": [
        [
          -0.752508,
          0.398726,
          -0.524165,
          2.219258
        ],
        [
          0.654479,
          0.364041,
          -0.66267,
          1.660307
        ],
        [
          -0.073406,
          -0.84172,
          -0.534901,
          1.421757
        ],
        [
          0.0,
          0.0,
          0.0,
          1.0
        ]
      ]
    },
    {
      "file_path": "/media/NFS/ttao/scannet/posed_images/scene0398_00/00109.jpg",
      "transform_matrix": [
        [
          -0.689654,
          0.414711,
          -0.593626,
          2.219987
        ],
        [
          0.721272,
          0.320528,
          -0.614026,
          1.609255
        ],
        [
          -0.06437,
          -0.851632,
          -0.520173,
          1.435055
        ],
        [
          0.0,
          0.0,
          0.0,
          1.0
        ]
      ]
    },
    {
      "file_path": "/media/NFS/ttao/scannet/posed_images/scene0398_00/00112.jpg",
      "transform_matrix": [
        [
          -0.656275,
          0.420347,
          -0.626587,
          2.222002
        ],
        [
          0.75272,
          0.307388,
          -0.582173,
          1.582268
        ],
        [
          -0.05211,
          -0.85371,
          -0.518135,
          1.441194
        ],
        [
          0.0,
          0.0,
          0.0,
          1.0
        ]
      ]
    },
    {
      "file_path": "/media/NFS/ttao/scannet/posed_images/scene0398_00/00115.jpg",
      "transform_matrix": [
        [
          -0.627905,
          0.42699,
          -0.650704,
          2.211056
        ],
        [
          0.776609,
          0.288804,
          -0.559885,
          1.556051
        ],
        [
          -0.051139,
          -0.856897,
          -0.512945,
          1.448298
        ],
        [
          0.0,
          0.0,
          0.0,
          1.0
        ]
      ]
    },
    {
      "file_path": "/media/NFS/ttao/scannet/posed_images/scene0398_00/00119.jpg",
      "transform_matrix": [
        [
          -0.593149,
          0.423943,
          -0.684432,
          2.180532
        ],
        [
          0.803987,
          0.267369,
          -0.531148,
          1.518815
        ],
        [
          -0.042181,
          -0.865324,
          -0.499435,
          1.45539
        ],
        [
          0.0,
          0.0,
          0.0,
          1.0
        ]
      ]
    },
    {
      "file_path": "/media/NFS/ttao/scannet/posed_images/scene0398_00/00123.jpg",
      "transform_matrix": [
        [
          -0.560091,
          0.432778,
          -0.7064,
          2.154145
        ],
        [
          0.826863,
          0.239593,
          -0.508816,
          1.479306
        ],
        [
          -0.050956,
          -0.869079,
          -0.492042,
          1.453973
        ],
        [
          0.0,
          0.0,
          0.0,
          1.0
        ]
      ]
    },
    {
      "file_path": "/media/NFS/ttao/scannet/posed_images/scene0398_00/00130.jpg",
      "transform_matrix": [
        [
          -0.507317,
          0.452384,
          -0.73347,
          2.094438
        ],
        [
          0.8579,
          0.184657,
          -0.479489,
          1.417947
        ],
        [
          -0.081473,
          -0.872497,
          -0.48178,
          1.454744
        ],
        [
          0.0,
          0.0,
          0.0,
          1.0
        ]
      ]
    },
    {
      "file_path": "/media/NFS/ttao/scannet/posed_images/scene0398_00/00132.jpg",
      "transform_matrix": [
        [
          -0.493732,
          0.46004,
          -0.737965,
          2.074701
        ],
        [
          0.865625,
          0.178795,
          -0.467683,
          1.404292
        ],
        [
          -0.083209,
          -0.86971,
          -0.486498,
          1.460101
        ],
        [
          0.0,
          0.0,
          0.0,
          1.0
        ]
      ]
    },
    {
      "file_path": "/media/NFS/ttao/scannet/posed_images/scene0398_00/00135.jpg",
      "transform_matrix": [
        [
          -0.465394,
          0.464494,
          -0.753428,
          2.052022
        ],
        [
          0.881549,
          0.167033,
          -0.441557,
          1.391571
        ],
        [
          -0.079253,
          -0.869681,
          -0.487211,
          1.458925
        ],
        [
          0.0,
          0.0,
          0.0,
          1.0
        ]
      ]
    },
    {
      "file_path": "/media/NFS/ttao/scannet/posed_images/scene0398_00/00139.jpg",
      "transform_matrix": [
        [
          -0.414319,
          0.470395,
          -0.779146,
          2.02945
        ],
        [
          0.907183,
          0.144579,
          -0.395116,
          1.377379
        ],
        [
          -0.073212,
          -0.870532,
          -0.486636,
          1.462683
        ],
        [
          0.0,
          0.0,
          0.0,
          1.0
        ]
      ]
    },
    {
      "file_path": "/media/NFS/ttao/scannet/posed_images/scene0398_00/00146.jpg",
      "transform_matrix": [
        [
          -0.346155,
          0.471128,
          -0.811305,
          2.01702
        ],
        [
          0.934273,
          0.09429,
          -0.343866,
          1.353373
        ],
        [
          -0.085507,
          -0.877011,
          -0.472801,
          1.48346
        ],
        [
          0.0,
          0.0,
          0.0,
          1.0
        ]
      ]
    },
    {
      "file_path": "/media/NFS/ttao/scannet/posed_images/scene0398_00/00151.jpg",
      "transform_matrix": [
        [
          -0.289461,
          0.472131,
          -0.832649,
          2.028172
        ],
        [
          0.952645,
          0.057429,
          -0.298613,
          1.332047
        ],
        [
          -0.093166,
          -0.879656,
          -0.466397,
          1.492493
        ],
        [
          0.0,
          0.0,
          0.0,
          1.0
        ]
      ]
    },
    {
      "file_path": "/media/NFS/ttao/scannet/posed_images/scene0398_00/00156.jpg",
      "transform_matrix": [
        [
          -0.224877,
          0.460186,
          -0.858871,
          2.046452
        ],
        [
          0.970934,
          0.031687,
          -0.237241,
          1.321384
        ],
        [
          -0.08196,
          -0.887257,
          -0.453936,
          1.499098
        ],
        [
          0.0,
          0.0,
          0.0,
          1.0
        ]
      ]
    },
    {
      "file_path": "/media/NFS/ttao/scannet/posed_images/scene0398_00/00157.jpg",
      "transform_matrix": [
        [
          -0.215007,
          0.460392,
          -0.861285,
          2.0512
        ],
        [
          0.973054,
          0.025765,
          -0.229136,
          1.322195
        ],
        [
          -0.083301,
          -0.887342,
          -0.453525,
          1.500198
        ],
        [
          0.0,
          0.0,
          0.0,
          1.0
        ]
      ]
    },
    {
      "file_path": "/media/NFS/ttao/scannet/posed_images/scene0398_00/00161.jpg",
      "transform_matrix": [
        [
          -0.172652,
          0.465993,
          -0.86778,
          2.069151
        ],
        [
          0.980581,
          -0.001882,
          -0.196105,
          1.321145
        ],
        [
          -0.093016,
          -0.884787,
          -0.456619,
          1.499605
        ],
        [
          0.0,
          0.0,
          0.0,
          1.0
        ]
      ]
    },
    {
      "file_path": "/media/NFS/ttao/scannet/posed_images/scene0398_00/00165.jpg",
      "transform_matrix": [
        [
          -0.143808,
          0.460317,
          -0.87603,
          2.087977
        ],
        [
          0.98534,
          -0.015503,
          -0.169899,
          1.3235
        ],
        [
          -0.091788,
          -0.887619,
          -0.451339,
          1.49624
        ],
        [
          0.0,
          0.0,
          0.0,
          1.0
        ]
      ]
    },
    {
      "file_path": "/media/NFS/ttao/scannet/posed_images/scene0398_00/00173.jpg",
      "transform_matrix": [
        [
          -0.080592,
          0.454802,
          -0.886939,
          2.104352
        ],
        [
          0.993364,
          -0.036605,
          -0.109033,
          1.32849
        ],
        [
          -0.082054,
          -0.88984,
          -0.448834,
          1.493373
        ],
        [
          0.0,
          0.0,
          0.0,
          1.0
        ]
      ]
    },
    {
      "file_path": "/media/NFS/ttao/scannet/posed_images/scene0398_00/00176.jpg",
      "transform_matrix": [
        [
          -0.059817,
          0.458847,
          -0.8865,
          2.103299
        ],
        [
          0.994727,
          -0.046722,
          -0.091303,
          1.340641
        ],
        [
          -0.083314,
          -0.887286,
          -0.453632,
          1.492914
        ],
        [
          0.0,
          0.0,
          0.0,
          1.0
        ]
      ]
    },
    {
      "file_path": "/media/NFS/ttao/scannet/posed_images/scene0398_00/00180.jpg",
      "transform_matrix": [
        [
          -0.015336,
          0.450259,
          -0.892766,
          2.103032
        ],
        [
          0.996797,
          -0.063206,
          -0.049,
          1.347624
        ],
        [
          -0.07849,
          -0.890658,
          -0.447847,
          1.488268
        ],
        [
          0.0,
          0.0,
          0.0,
          1.0
        ]
      ]
    },
    {
      "file_path": "/media/NFS/ttao/scannet/posed_images/scene0398_00/00183.jpg",
      "transform_matrix": [
        [
          0.010984,
          0.454257,
          -0.890803,
          2.099623
        ],
        [
          0.996772,
          -0.075825,
          -0.026376,
          1.358518
        ],
        [
          -0.079527,
          -0.887638,
          -0.453624,
          1.484674
        ],
        [
          0.0,
          0.0,
          0.0,
          1.0
        ]
      ]
    },
    {
      "file_path": "/media/NFS/ttao/scannet/posed_images/scene0398_00/00188.jpg",
      "transform_matrix": [
        [
          0.060854,
          0.461783,
          -0.884903,
          2.083577
        ],
        [
          0.995689,
          -0.090261,
          0.021371,
          1.369077
        ],
        [
          -0.070004,
          -0.882388,
          -0.465285,
          1.486405
        ],
        [
          0.0,
          0.0,
          0.0,
          1.0
        ]
      ]
    },
    {
      "file_path": "/media/NFS/ttao/scannet/posed_images/scene0398_00/00192.jpg",
      "transform_matrix": [
        [
          0.087884,
          0.458115,
          -0.884538,
          2.070122
        ],
        [
          0.993537,
          -0.104348,
          0.044671,
          1.387326
        ],
        [
          -0.071835,
          -0.882747,
          -0.464325,
          1.482087
        ],
        [
          0.0,
          0.0,
          0.0,
          1.0
        ]
      ]
    },
    {
      "file_path": "/media/NFS/ttao/scannet/posed_images/scene0398_00/00198.jpg",
      "transform_matrix": [
        [
          0.11884,
          0.452978,
          -0.883566,
          2.036086
        ],
        [
          0.990432,
          -0.116958,
          0.073252,
          1.395624
        ],
        [
          -0.070159,
          -0.883817,
          -0.462543,
          1.486637
        ],
        [
          0.0,
          0.0,
          0.0,
          1.0
        ]
      ]
    },
    {
      "file_path": "/media/NFS/ttao/scannet/posed_images/scene0398_00/00201.jpg",
      "transform_matrix": [
        [
          0.130218,
          0.451052,
          -0.882947,
          2.014233
        ],
        [
          0.987789,
          -0.135845,
          0.076284,
          1.398585
        ],
        [
          -0.085535,
          -0.882099,
          -0.463234,
          1.488649
        ],
        [
          0.0,
          0.0,
          0.0,
          1.0
        ]
      ]
    },
    {
      "file_path": "/media/NFS/ttao/scannet/posed_images/scene0398_00/00207.jpg",
      "transform_matrix": [
        [
          0.18049,
          0.447734,
          -0.875761,
          1.961785
        ],
        [
          0.978731,
          -0.170029,
          0.114784,
          1.417709
        ],
        [
          -0.097512,
          -0.877852,
          -0.4689,
          1.489946
        ],
        [
          0.0,
          0.0,
          0.0,
          1.0
        ]
      ]
    },
    {
      "file_path": "/media/NFS/ttao/scannet/posed_images/scene0398_00/00211.jpg",
      "transform_matrix": [
        [
          0.217081,
          0.434457,
          -0.874141,
          1.935525
        ],
        [
          0.97194,
          -0.179316,
          0.152247,
          1.425035
        ],
        [
          -0.090603,
          -0.882663,
          -0.461192,
          1.482399
        ],
        [
          0.0,
          0.0,
          0.0,
          1.0
        ]
      ]
    },
    {
      "file_path": "/media/NFS/ttao/scannet/posed_images/scene0398_00/00213.jpg",
      "transform_matrix": [
        [
          0.241088,
          0.429025,
          -0.870525,
          1.922309
        ],
        [
          0.967549,
          -0.176192,
          0.181125,
          1.425049
        ],
        [
          -0.075672,
          -0.885943,
          -0.45758,
          1.481108
        ],
        [
          0.0,
          0.0,
          0.0,
          1.0
        ]
      ]
    },
    {
      "file_path": "/media/NFS/ttao/scannet/posed_images/scene0398_00/00220.jpg",
      "transform_matrix": [
        [
          0.323207,
          0.444541,
          -0.835416,
          1.885136
        ],
        [
          0.944733,
          -0.202807,
          0.257583,
          1.41837
        ],
        [
          -0.054922,
          -0.872498,
          -0.485521,
          1.479407
        ],
        [
          0.0,
          0.0,
          0.0,
          1.0
        ]
      ]
    },
    {
      "file_path": "/media/NFS/ttao/scannet/posed_images/scene0398_00/00221.jpg",
      "transform_matrix": [
        [
          0.332038,
          0.43636,
          -0.836266,
          1.890409
        ],
        [
          0.941607,
          -0.205885,
          0.266434,
          1.420035
        ],
        [
          -0.055913,
          -0.8759,
          -0.479241,
          1.46968
        ],
        [
          0.0,
          0.0,
          0.0,
          1.0
        ]
      ]
    },
    {
      "file_path": "/media/NFS/ttao/scannet/posed_images/scene0398_00/00227.jpg",
      "transform_matrix": [
        [
          0.417287,
          0.428628,
          -0.801342,
          1.884438
        ],
        [
          0.907218,
          -0.248073,
          0.339729,
          1.402543
        ],
        [
          -0.053174,
          -0.868756,
          -0.492377,
          1.469424
        ],
        [
          0.0,
          0.0,
          0.0,
          1.0
        ]
      ]
    },
    {
      "file_path": "/media/NFS/ttao/scannet/posed_images/scene0398_00/00229.jpg",
      "transform_matrix": [
        [
          0.436853,
          0.420372,
          -0.795265,
          1.886302
        ],
        [
          0.897597,
          -0.261686,
          0.35474,
          1.394601
        ],
        [
          -0.058987,
          -0.868797,
          -0.491643,
          1.469595
        ],
        [
          0.0,
          0.0,
          0.0,
          1.0
        ]
      ]
    },
    {
      "file_path": "/media/NFS/ttao/scannet/posed_images/scene0398_00/00234.jpg",
      "transform_matrix": [
        [
          0.508878,
          0.400399,
          -0.762052,
          1.890936
        ],
        [
          0.856752,
          -0.321719,
          0.403078,
          1.373027
        ],
        [
          -0.083775,
          -0.858008,
          -0.506759,
          1.470688
        ],
        [
          0.0,
          0.0,
          0.0,
          1.0
        ]
      ]
    },
    {
      "file_path": "/media/NFS/ttao/scannet/posed_images/scene0398_00/00239.jpg",
      "transform_matrix": [
        [
          0.556329,
          0.376352,
          -0.740849,
          1.905505
        ],
        [
          0.825893,
          -0.348762,
          0.44302,
          1.368116
        ],
        [
          -0.091648,
          -0.858326,
          -0.504853,
          1.470147
        ],
        [
          0.0,
          0.0,
          0.0,
          1.0
        ]
      ]
    },
    {
      "file_path": "/media/NFS/ttao/scannet/posed_images/scene0398_00/00245.jpg",
      "transform_matrix": [
        [
          0.613801,
          0.340582,
          -0.712216,
          1.916958
        ],
        [
          0.784073,
          -0.368214,
          0.499648,
          1.374406
        ],
        [
          -0.092077,
          -0.865114,
          -0.493052,
          1.473172
        ],
        [
          0.0,
          0.0,
          0.0,
          1.0
        ]
      ]
    },
    {
      "file_path": "/media/NFS/ttao/scannet/posed_images/scene0398_00/00249.jpg",
      "transform_matrix": [
        [
          0.6409,
          0.319521,
          -0.697963,
          1.928865
        ],
        [
          0.762318,
          -0.371649,
          0.529857,
          1.391547
        ],
        [
          -0.090097,
          -0.871656,
          -0.481767,
          1.476224
        ],
        [
          0.0,
          0.0,
          0.0,
          1.0
        ]
      ]
    },
    {
      "file_path": "/media/NFS/ttao/scannet/posed_images/scene0398_00/00250.jpg",
      "transform_matrix": [
        [
          0.644515,
          0.311699,
          -0.698172,
          1.934124
        ],
        [
          0.758586,
          -0.374914,
          0.532905,
          1.402704
        ],
        [
          -0.095649,
          -0.873088,
          -0.478088,
          1.477786
        ],
        [
          0.0,
          0.0,
          0.0,
          1.0
        ]
      ]
    },
    {
      "file_path": "/media/NFS/ttao/scannet/posed_images/scene0398_00/00256.jpg",
      "transform_matrix": [
        [
          0.666267,
          0.288754,
          -0.687539,
          1.939282
        ],
        [
          0.74039,
          -0.36612,
          0.563718,
          1.456623
        ],
        [
          -0.088946,
          -0.884634,
          -0.457725,
          1.495426
        ],
        [
          0.0,
          0.0,
          0.0,
          1.0
        ]
      ]
    },
    {
      "file_path": "/media/NFS/ttao/scannet/posed_images/scene0398_00/00262.jpg",
      "transform_matrix": [
        [
          0.677847,
          0.252056,
          -0.690646,
          1.93196
        ],
        [
          0.72774,
          -0.363549,
          0.581574,
          1.508563
        ],
        [
          -0.104495,
          -0.896828,
          -0.429861,
          1.497099
        ],
        [
          0.0,
          0.0,
          0.0,
          1.0
        ]
      ]
    },
    {
      "file_path": "/media/NFS/ttao/scannet/posed_images/scene0398_00/00265.jpg",
      "transform_matrix": [
        [
          0.681384,
          0.237304,
          -0.692389,
          1.922832
        ],
        [
          0.722903,
          -0.366275,
          0.585879,
          1.540743
        ],
        [
          -0.114574,
          -0.899739,
          -0.421121,
          1.500549
        ],
        [
          0.0,
          0.0,
          0.0,
          1.0
        ]
      ]
    },
    {
      "file_path": "/media/NFS/ttao/scannet/posed_images/scene0398_00/00267.jpg",
      "transform_matrix": [
        [
          0.68494,
          0.231638,
          -0.690798,
          1.916339
        ],
        [
          0.719693,
          -0.362887,
          0.591908,
          1.5629
        ],
        [
          -0.113573,
          -0.902584,
          -0.415264,
          1.504318
        ],
        [
          0.0,
          0.0,
          0.0,
          1.0
        ]
      ]
    },
    {
      "file_path": "/media/NFS/ttao/scannet/posed_images/scene0398_00/00273.jpg",
      "transform_matrix": [
        [
          0.692111,
          0.212443,
          -0.689819,
          1.900877
        ],
        [
          0.71156,
          -0.361163,
          0.602697,
          1.626628
        ],
        [
          -0.121098,
          -0.907981,
          -0.401131,
          1.504652
        ],
        [
          0.0,
          0.0,
          0.0,
          1.0
        ]
      ]
    },
    {
      "file_path": "/media/NFS/ttao/scannet/posed_images/scene0398_00/00279.jpg",
      "transform_matrix": [
        [
          0.705855,
          0.225324,
          -0.671564,
          1.873735
        ],
        [
          0.702507,
          -0.344259,
          0.622872,
          1.686519
        ],
        [
          -0.090844,
          -0.911436,
          -0.401289,
          1.505652
        ],
        [
          0.0,
          0.0,
          0.0,
          1.0
        ]
      ]
    },
    {
      "file_path": "/media/NFS/ttao/scannet/posed_images/scene0398_00/00282.jpg",
      "transform_matrix": [
        [
          0.70667,
          0.230682,
          -0.668882,
          1.859031
        ],
        [
          0.702786,
          -0.338287,
          0.625823,
          1.702847
        ],
        [
          -0.081908,
          -0.912331,
          -0.401177,
          1.499092
        ],
        [
          0.0,
          0.0,
          0.0,
          1.0
        ]
      ]
    },
    {
      "file_path": "/media/NFS/ttao/scannet/posed_images/scene0398_00/00285.jpg",
      "transform_matrix": [
        [
          0.712069,
          0.231413,
          -0.662876,
          1.842575
        ],
        [
          0.696826,
          -0.348528,
          0.626866,
          1.719329
        ],
        [
          -0.085966,
          -0.908282,
          -0.409431,
          1.495211
        ],
        [
          0.0,
          0.0,
          0.0,
          1.0
        ]
      ]
    },
    {
      "file_path": "/media/NFS/ttao/scannet/posed_images/scene0398_00/00289.jpg",
      "transform_matrix": [
        [
          0.720017,
          0.238293,
          -0.651761,
          1.810537
        ],
        [
          0.688876,
          -0.358873,
          0.62981,
          1.73541
        ],
        [
          -0.08382,
          -0.902456,
          -0.422549,
          1.483895
        ],
        [
          0.0,
          0.0,
          0.0,
          1.0
        ]
      ]
    },
    {
      "file_path": "/media/NFS/ttao/scannet/posed_images/scene0398_00/00293.jpg",
      "transform_matrix": [
        [
          0.746362,
          0.248638,
          -0.617351,
          1.770069
        ],
        [
          0.662565,
          -0.3652,
          0.65394,
          1.740327
        ],
        [
          -0.062862,
          -0.897111,
          -0.43731,
          1.479634
        ],
        [
          0.0,
          0.0,
          0.0,
          1.0
        ]
      ]
    },
    {
      "file_path": "/media/NFS/ttao/scannet/posed_images/scene0398_00/00300.jpg",
      "transform_matrix": [
        [
          0.805847,
          0.230914,
          -0.545243,
          1.699572
        ],
        [
          0.589108,
          -0.405487,
          0.698951,
          1.751898
        ],
        [
          -0.059691,
          -0.884454,
          -0.462793,
          1.483327
        ],
        [
          0.0,
          0.0,
          0.0,
          1.0
        ]
      ]
    },
    {
      "file_path": "/media/NFS/ttao/scannet/posed_images/scene0398_00/00302.jpg",
      "transform_matrix": [
        [
          0.816977,
          0.222056,
          -0.532202,
          1.692417
        ],
        [
          0.573971,
          -0.402297,
          0.713243,
          1.757703
        ],
        [
          -0.055723,
          -0.888172,
          -0.456121,
          1.481545
        ],
        [
          0.0,
          0.0,
          0.0,
          1.0
        ]
      ]
    },
    {
      "file_path": "/media/NFS/ttao/scannet/posed_images/scene0398_00/00309.jpg",
      "transform_matrix": [
        [
          0.858837,
          0.182529,
          -0.478625,
          1.658959
        ],
        [
          0.508995,
          -0.409234,
          0.757266,
          1.767106
        ],
        [
          -0.057647,
          -0.893986,
          -0.444372,
          1.486748
        ],
        [
          0.0,
          0.0,
          0.0,
          1.0
        ]
      ]
    },
    {
      "file_path": "/media/NFS/ttao/scannet/posed_images/scene0398_00/00313.jpg",
      "transform_matrix": [
        [
          0.881286,
          0.166598,
          -0.442244,
          1.638983
        ],
        [
          0.470164,
          -0.403651,
          0.784865,
          1.770417
        ],
        [
          -0.047756,
          -0.899617,
          -0.434061,
          1.487328
        ],
        [
          0.0,
          0.0,
          0.0,
          1.0
        ]
      ]
    },
    {
      "file_path": "/media/NFS/ttao/scannet/posed_images/scene0398_00/00314.jpg",
      "transform_matrix": [
        [
          0.888165,
          0.154925,
          -0.432621,
          1.634585
        ],
        [
          0.456992,
          -0.396499,
          0.796208,
          1.769886
        ],
        [
          -0.048181,
          -0.904869,
          -0.422956,
          1.484784
        ],
        [
          0.0,
          0.0,
          0.0,
          1.0
        ]
      ]
    },
    {
      "file_path": "/media/NFS/ttao/scannet/posed_images/scene0398_00/00322.jpg",
      "transform_matrix": [
        [
          0.906179,
          0.130942,
          -0.402112,
          1.617598
        ],
        [
          0.420098,
          -0.387899,
          0.820398,
          1.803044
        ],
        [
          -0.048554,
          -0.912354,
          -0.406514,
          1.483758
        ],
        [
          0.0,
          0.0,
          0.0,
          1.0
        ]
      ]
    },
    {
      "file_path": "/media/NFS/ttao/scannet/posed_images/scene0398_00/00326.jpg",
      "transform_matrix": [
        [
          0.906424,
          0.124329,
          -0.403657,
          1.611303
        ],
        [
          0.418853,
          -0.387661,
          0.821146,
          1.832121
        ],
        [
          -0.05439,
          -0.913379,
          -0.403461,
          1.489741
        ],
        [
          0.0,
          0.0,
          0.0,
          1.0
        ]
      ]
    },
    {
      "file_path": "/media/NFS/ttao/scannet/posed_images/scene0398_00/00327.jpg",
      "transform_matrix": [
        [
          0.906694,
          0.122347,
          -0.403655,
          1.610364
        ],
        [
          0.418086,
          -0.38723,
          0.82174,
          1.838513
        ],
        [
          -0.05577,
          -0.91383,
