{
  "frames": [
    {
      "file_path": "/media/NFS/ttao/scannet/posed_images/scene0355_01/00000.jpg",
      "transform_matrix": [
        [
          0.074577,
          -0.403261,
          0.912041,
          1.11239
        ],
        [
          -0.996728,
          -0.058743,
          0.055528,
          1.782516
        ],
        [
          0.031184,
          -0.913198,
          -0.406322,
          0.994151
        ],
        [
          0.0,
          0.0,
          0.0,
          1.0
        ]
      ]
    },
    {
      "file_path": "/media/NFS/ttao/scannet/posed_images/scene0355_01/00003.jpg",
      "transform_matrix": [
        [
          0.077843,
          -0.384631,
          0.919783,
          1.109585
        ],
        [
          -0.996561,
          -0.056307,
          0.060795,
          1.789303
        ],
        [
          0.028407,
          -0.921352,
          -0.387691,
          1.004435
        ],
        [
          0.0,
          0.0,
          0.0,
          1.0
        ]
      ]
    },
    {
      "file_path": "/media/NFS/ttao/scannet/posed_images/scene0355_01/00008.jpg",
      "transform_matrix": [
        [
          0.092814,
          -0.370871,
          0.924035,
          1.112468
        ],
        [
          -0.995292,
          -0.060574,
          0.075659,
          1.787564
        ],
        [
          0.027912,
          -0.926707,
          -0.374747,
          1.025753
        ],
        [
          0.0,
          0.0,
          0.0,
          1.0
        ]
      ]
    },
    {
      "file_path": "/media/NFS/ttao/scannet/posed_images/scene0355_01/00011.jpg",
      "transform_matrix": [
        [
          0.090105,
          -0.371929,
          0.923878,
          1.116
        ],
        [
          -0.995727,
          -0.052472,
          0.075988,
          1.798126
        ],
        [
          0.020215,
          -0.926777,
          -0.375068,
          1.034199
        ],
        [
          0.0,
          0.0,
          0.0,
          1.0
        ]
      ]
    },
    {
      "file_path": "/media/NFS/ttao/scannet/posed_images/scene0355_01/00013.jpg",
      "transform_matrix": [
        [
          0.089224,
          -0.390305,
          0.916352,
          1.123691
        ],
        [
          -0.995891,
          -0.049284,
          0.075977,
          1.794772
        ],
        [
          0.015508,
          -0.919366,
          -0.393099,
          1.051603
        ],
        [
          0.0,
          0.0,
          0.0,
          1.0
        ]
      ]
    },
    {
      "file_path": "/media/NFS/ttao/scannet/posed_images/scene0355_01/00016.jpg",
      "transform_matrix": [
        [
          0.095854,
          -0.4121,
          0.906083,
          1.137015
        ],
        [
          -0.995377,
          -0.045146,
          0.084767,
          1.793515
        ],
        [
          0.005974,
          -0.91002,
          -0.414523,
          1.103157
        ],
        [
          0.0,
          0.0,
          0.0,
          1.0
        ]
      ]
    },
    {
      "file_path": "/media/NFS/ttao/scannet/posed_images/scene0355_01/00021.jpg",
      "transform_matrix": [
        [
          0.13403,
          -0.448909,
          0.883469,
          1.16772
        ],
        [
          -0.990818,
          -0.044728,
          0.127589,
          1.773896
        ],
        [
          -0.01776,
          -0.892457,
          -0.450782,
          1.201906
        ],
        [
          0.0,
          0.0,
          0.0,
          1.0
        ]
      ]
    },
    {
      "file_path": "/media/NFS/ttao/scannet/posed_images/scene0355_01/00025.jpg",
      "transform_matrix": [
        [
          0.162976,
          -0.471889,
          0.866464,
          1.199818
        ],
        [
          -0.986069,
          -0.048286,
          0.159175,
          1.758698
        ],
        [
          -0.033275,
          -0.880335,
          -0.473185,
          1.292763
        ],
        [
          0.0,
          0.0,
          0.0,
          1.0
        ]
      ]
    },
    {
      "file_path": "/media/NFS/ttao/scannet/posed_images/scene0355_01/00026.jpg",
      "transform_matrix": [
        [
          0.168572,
          -0.474879,
          0.863755,
          1.207102
        ],
        [
          -0.985003,
          -0.048462,
          0.165592,
          1.753744
        ],
        [
          -0.036777,
          -0.878716,
          -0.475926,
          1.313417
        ],
        [
          0.0,
          0.0,
          0.0,
          1.0
        ]
      ]
    },
    {
      "file_path": "/media/NFS/ttao/scannet/posed_images/scene0355_01/00031.jpg",
      "transform_matrix": [
        [
          0.197163,
          -0.472045,
          0.859244,
          1.246121
        ],
        [
          -0.979292,
          -0.053732,
          0.195191,
          1.728494
        ],
        [
          -0.04597,
          -0.879936,
          -0.472863,
          1.388842
        ],
        [
          0.0,
          0.0,
          0.0,
          1.0
        ]
      ]
    },
    {
      "file_path": "/media/NFS/ttao/scannet/posed_images/scene0355_01/00035.jpg",
      "transform_matrix": [
        [
          0.203848,
          -0.470526,
          0.858517,
          1.293803
        ],
        [
          -0.978445,
          -0.068333,
          0.194873,
          1.712252
        ],
        [
          -0.033028,
          -0.879737,
          -0.474313,
          1.433347
        ],
        [
          0.0,
          0.0,
          0.0,
          1.0
        ]
      ]
    },
    {
      "file_path": "/media/NFS/ttao/scannet/posed_images/scene0355_01/00036.jpg",
      "transform_matrix": [
        [
          0.203447,
          -0.471346,
          0.858162,
          1.307644
        ],
        [
          -0.978565,
          -0.069302,
          0.193928,
          1.707974
        ],
        [
          -0.031935,
          -0.879221,
          -0.475342,
          1.440758
        ],
        [
          0.0,
          0.0,
          0.0,
          1.0
        ]
      ]
    },
    {
      "file_path": "/media/NFS/ttao/scannet/posed_images/scene0355_01/00039.jpg",
      "transform_matrix": [
        [
          0.198419,
          -0.471664,
          0.859164,
          1.352465
        ],
        [
          -0.979915,
          -0.077656,
          0.183674,
          1.697879
        ],
        [
          -0.019913,
          -0.878352,
          -0.477599,
          1.456731
        ],
        [
          0.0,
          0.0,
          0.0,
          1.0
        ]
      ]
    },
    {
      "file_path": "/media/NFS/ttao/scannet/posed_images/scene0355_01/00042.jpg",
      "transform_matrix": [
        [
          0.191959,
          -0.467411,
          0.862948,
          1.404403
        ],
        [
          -0.981393,
          -0.095304,
          0.166686,
          1.693185
        ],
        [
          0.004331,
          -0.878888,
          -0.477008,
          1.456038
        ],
        [
          0.0,
          0.0,
          0.0,
          1.0
        ]
      ]
    },
    {
      "file_path": "/media/NFS/ttao/scannet/posed_images/scene0355_01/00048.jpg",
      "transform_matrix": [
        [
          0.192377,
          -0.488601,
          0.851035,
          1.52185
        ],
        [
          -0.980612,
          -0.128673,
          0.147794,
          1.661738
        ],
        [
          0.037293,
          -0.862967,
          -0.503881,
          1.476428
        ],
        [
          0.0,
          0.0,
          0.0,
          1.0
        ]
      ]
    },
    {
      "file_path": "/media/NFS/ttao/scannet/posed_images/scene0355_01/00049.jpg",
      "transform_matrix": [
        [
          0.192268,
          -0.490203,
          0.850138,
          1.541247
        ],
        [
          -0.980593,
          -0.129811,
          0.146921,
          1.654189
        ],
        [
          0.038337,
          -0.861888,
          -0.505648,
          1.479299
        ],
        [
          0.0,
          0.0,
          0.0,
          1.0
        ]
      ]
    },
    {
      "file_path": "/media/NFS/ttao/scannet/posed_images/scene0355_01/00054.jpg",
      "transform_matrix": [
        [
          0.184243,
          -0.521042,
          0.833408,
          1.644589
        ],
        [
          -0.981364,
          -0.144612,
          0.12654,
          1.634508
        ],
        [
          0.054588,
          -0.841191,
          -0.537976,
          1.495063
        ],
        [
          0.0,
          0.0,
          0.0,
          1.0
        ]
      ]
    },
    {
      "file_path": "/media/NFS/ttao/scannet/posed_images/scene0355_01/00055.jpg",
      "transform_matrix": [
        [
          0.186193,
          -0.519367,
          0.83402,
          1.66626
        ],
        [
          -0.980838,
          -0.147798,
          0.126932,
          1.626712
        ],
        [
          0.057342,
          -0.841673,
          -0.536935,
          1.497095
        ],
        [
          0.0,
          0.0,
          0.0,
          1.0
        ]
      ]
    },
    {
      "file_path": "/media/NFS/ttao/scannet/posed_images/scene0355_01/00058.jpg",
      "transform_matrix": [
        [
          0.193497,
          -0.512992,
          0.8363,
          1.73427
        ],
        [
          -0.978824,
          -0.158982,
          0.128952,
          1.599236
        ],
        [
          0.066805,
          -0.843543,
          -0.532891,
          1.496001
        ],
        [
          0.0,
          0.0,
          0.0,
          1.0
        ]
      ]
    },
    {
      "file_path": "/media/NFS/ttao/scannet/posed_images/scene0355_01/00063.jpg",
      "transform_matrix": [
        [
          0.205515,
          -0.499607,
          0.841521,
          1.853438
        ],
        [
          -0.975197,
          -0.176754,
          0.133223,
          1.547385
        ],
        [
          0.082183,
          -0.848028,
          -0.523541,
          1.497538
        ],
        [
          0.0,
          0.0,
          0.0,
          1.0
        ]
      ]
    },
    {
      "file_path": "/media/NFS/ttao/scannet/posed_images/scene0355_01/00066.jpg",
      "transform_matrix": [
        [
          0.230606,
          -0.485145,
          0.843478,
          1.926005
        ],
        [
          -0.969266,
          -0.190878,
          0.155209,
          1.512739
        ],
        [
          0.085702,
          -0.853347,
          -0.514252,
          1.493311
        ],
        [
          0.0,
          0.0,
          0.0,
          1.0
        ]
      ]
    },
    {
      "file_path": "/media/NFS/ttao/scannet/posed_images/scene0355_01/00068.jpg",
      "transform_matrix": [
        [
          0.247757,
          -0.496834,
          0.831729,
          1.978199
        ],
        [
          -0.963894,
          -0.212889,
          0.159957,
          1.498278
        ],
        [
          0.097594,
          -0.841329,
          -0.53164,
          1.495006
        ],
        [
          0.0,
          0.0,
          0.0,
          1.0
        ]
      ]
    },
    {
      "file_path": "/media/NFS/ttao/scannet/posed_images/scene0355_01/00072.jpg",
      "transform_matrix": [
        [
          0.288033,
          -0.511925,
          0.809302,
          2.077065
        ],
        [
          -0.951432,
          -0.248903,
          0.181173,
          1.473253
        ],
        [
          0.108691,
          -0.82218,
          -0.558755,
          1.499438
        ],
        [
          0.0,
          0.0,
          0.0,
          1.0
        ]
      ]
    },
    {
      "file_path": "/media/NFS/ttao/scannet/posed_images/scene0355_01/00077.jpg",
      "transform_matrix": [
        [
          0.30501,
          -0.506191,
          0.806685,
          2.206886
        ],
        [
          -0.946864,
          -0.251967,
          0.199904,
          1.457175
        ],
        [
          0.102068,
          -0.824793,
          -0.556146,
          1.504996
        ],
        [
          0.0,
          0.0,
          0.0,
          1.0
        ]
      ]
    },
    {
      "file_path": "/media/NFS/ttao/scannet/posed_images/scene0355_01/00078.jpg",
      "transform_matrix": [
        [
          0.307587,
          -0.506253,
          0.805667,
          2.232869
        ],
        [
          -0.946088,
          -0.253057,
          0.202185,
          1.455253
        ],
        [
          0.101523,
          -0.824421,
          -0.556797,
          1.505337
        ],
        [
          0.0,
          0.0,
          0.0,
          1.0
        ]
      ]
    },
    {
      "file_path": "/media/NFS/ttao/scannet/posed_images/scene0355_01/00084.jpg",
      "transform_matrix": [
        [
          0.296387,
          -0.492783,
          0.81812,
          2.377946
        ],
        [
          -0.949195,
          -0.246835,
          0.195195,
          1.463359
        ],
        [
          0.105751,
          -0.834409,
          -0.540906,
          1.515957
        ],
        [
          0.0,
          0.0,
          0.0,
          1.0
        ]
      ]
    },
    {
      "file_path": "/media/NFS/ttao/scannet/posed_images/scene0355_01/00085.jpg",
      "transform_matrix": [
        [
          0.297566,
          -0.502723,
          0.811618,
          2.405031
        ],
        [
          -0.949226,
          -0.24671,
          0.195204,
          1.467561
        ],
        [
          0.1021,
          -0.828495,
          -0.550611,
          1.523236
        ],
        [
          0.0,
          0.0,
          0.0,
          1.0
        ]
      ]
    },
    {
      "file_path": "/media/NFS/ttao/scannet/posed_images/scene0355_01/00088.jpg",
      "transform_matrix": [
        [
          0.297159,
          -0.503182,
          0.811483,
          2.474446
        ],
        [
          -0.949931,
          -0.241761,
          0.197948,
          1.480224
        ],
        [
          0.096581,
          -0.829675,
          -0.549829,
          1.538905
        ],
        [
          0.0,
          0.0,
          0.0,
          1.0
        ]
      ]
    },
    {
      "file_path": "/media/NFS/ttao/scannet/posed_images/scene0355_01/00094.jpg",
      "transform_matrix": [
        [
          0.311526,
          -0.483913,
          0.81779,
          2.589693
        ],
        [
          -0.947016,
          -0.228918,
          0.225294,
          1.512872
        ],
        [
          0.078184,
          -0.844645,
          -0.529587,
          1.558943
        ],
        [
          0.0,
          0.0,
          0.0,
          1.0
        ]
      ]
    },
    {
      "file_path": "/media/NFS/ttao/scannet/posed_images/scene0355_01/00097.jpg",
      "transform_matrix": [
        [
          0.32443,
          -0.475573,
          0.817665,
          2.655331
        ],
        [
          -0.943055,
          -0.229726,
          0.240568,
          1.532388
        ],
        [
          0.073431,
          -0.84915,
          -0.523022,
          1.560393
        ],
        [
          0.0,
          0.0,
          0.0,
          1.0
        ]
      ]
    },
    {
      "file_path": "/media/NFS/ttao/scannet/posed_images/scene0355_01/00100.jpg",
      "transform_matrix": [
        [
          0.348506,
          -0.465177,
          0.813728,
          2.727196
        ],
        [
          -0.934455,
          -0.240096,
          0.262958,
          1.548165
        ],
        [
          0.073051,
          -0.852036,
          -0.518362,
          1.559409
        ],
        [
          0.0,
          0.0,
          0.0,
          1.0
        ]
      ]
    },
    {
      "file_path": "/media/NFS/ttao/scannet/posed_images/scene0355_01/00102.jpg",
      "transform_matrix": [
        [
          0.363501,
          -0.450572,
          0.815384,
          2.771585
        ],
        [
          -0.928684,
          -0.244383,
          0.278968,
          1.563252
        ],
        [
          0.073571,
          -0.85864,
          -0.507272,
          1.557518
        ],
        [
          0.0,
          0.0,
          0.0,
          1.0
        ]
      ]
    },
    {
      "file_path": "/media/NFS/ttao/scannet/posed_images/scene0355_01/00106.jpg",
      "transform_matrix": [
        [
          0.38726,
          -0.477156,
          0.788893,
          2.865756
        ],
        [
          -0.918887,
          -0.269674,
          0.287962,
          1.600862
        ],
        [
          0.075341,
          -0.83642,
          -0.542887,
          1.551418
        ],
        [
          0.0,
          0.0,
          0.0,
          1.0
        ]
      ]
    },
    {
      "file_path": "/media/NFS/ttao/scannet/posed_images/scene0355_01/00108.jpg",
      "transform_matrix": [
        [
          0.398297,
          -0.485794,
          0.778051,
          2.909373
        ],
        [
          -0.913521,
          -0.286556,
          0.288729,
          1.622904
        ],
        [
          0.082692,
          -0.825767,
          -0.557917,
          1.54939
        ],
        [
          0.0,
          0.0,
          0.0,
          1.0
        ]
      ]
    },
    {
      "file_path": "/media/NFS/ttao/scannet/posed_images/scene0355_01/00113.jpg",
      "transform_matrix": [
        [
          0.430457,
          -0.535193,
          0.726825,
          3.040802
        ],
        [
          -0.897824,
          -0.336707,
          0.283798,
          1.705899
        ],
        [
          0.09284,
          -0.774724,
          -0.625447,
          1.540579
        ],
        [
          0.0,
          0.0,
          0.0,
          1.0
        ]
      ]
    },
    {
      "file_path": "/media/NFS/ttao/scannet/posed_images/scene0355_01/00116.jpg",
      "transform_matrix": [
        [
          0.435221,
          -0.546808,
          0.715251,
          3.101312
        ],
        [
          -0.895985,
          -0.340952,
          0.284539,
          1.761338
        ],
        [
          0.088278,
          -0.764692,
          -0.638321,
          1.538899
        ],
        [
          0.0,
          0.0,
          0.0,
          1.0
        ]
      ]
    },
    {
      "file_path": "/media/NFS/ttao/scannet/posed_images/scene0355_01/00119.jpg",
      "transform_matrix": [
        [
          0.438908,
          -0.563411,
          0.699949,
          3.157299
        ],
        [
          -0.89479,
          -0.34509,
          0.28331,
          1.824254
        ],
        [
          0.081925,
          -0.750654,
          -0.655597,
          1.533237
        ],
        [
          0.0,
          0.0,
          0.0,
          1.0
        ]
      ]
    },
    {
      "file_path": "/media/NFS/ttao/scannet/posed_images/scene0355_01/00123.jpg",
      "transform_matrix": [
        [
          0.44714,
          -0.561366,
          0.696372,
          3.22394
        ],
        [
          -0.890792,
          -0.349946,
          0.289875,
          1.910548
        ],
        [
          0.080967,
          -0.749938,
          -0.656535,
          1.525295
        ],
        [
          0.0,
          0.0,
          0.0,
          1.0
        ]
      ]
    },
    {
      "file_path": "/media/NFS/ttao/scannet/posed_images/scene0355_01/00124.jpg",
      "transform_matrix": [
        [
          0.449559,
          -0.564462,
          0.6923,
          3.238776
        ],
        [
          -0.889769,
          -0.351339,
          0.291327,
          1.934323
        ],
        [
          0.078789,
          -0.746956,
          -0.660189,
          1.522932
        ],
        [
          0.0,
          0.0,
          0.0,
          1.0
        ]
      ]
    },
    {
      "file_path": "/media/NFS/ttao/scannet/posed_images/scene0355_01/00129.jpg",
      "transform_matrix": [
        [
          0.482925,
          -0.579387,
          0.656578,
          3.311794
        ],
        [
          -0.872606,
          -0.380997,
          0.305613,
          2.048293
        ],
        [
          0.073086,
          -0.720522,
          -0.68957,
          1.515146
        ],
        [
          0.0,
          0.0,
          0.0,
          1.0
        ]
      ]
    },
    {
      "file_path": "/media/NFS/ttao/scannet/posed_images/scene0355_01/00132.jpg",
      "transform_matrix": [
        [
          0.497335,
          -0.583345,
          0.642157,
          3.351683
        ],
        [
          -0.86381,
          -0.401694,
          0.304095,
          2.113086
        ],
        [
          0.080558,
          -0.70594,
          -0.703676,
          1.505912
        ],
        [
          0.0,
          0.0,
          0.0,
          1.0
        ]
      ]
    },
    {
      "file_path": "/media/NFS/ttao/scannet/posed_images/scene0355_01/00134.jpg",
      "transform_matrix": [
        [
          0.504406,
          -0.586736,
          0.633495,
          3.373861
        ],
        [
          -0.859093,
          -0.414761,
          0.299887,
          2.157862
        ],
        [
          0.086795,
          -0.695496,
          -0.713269,
          1.500676
        ],
        [
          0.0,
          0.0,
          0.0,
          1.0
        ]
      ]
    },
    {
      "file_path": "/media/NFS/ttao/scannet/posed_images/scene0355_01/00139.jpg",
      "transform_matrix": [
        [
          0.515381,
          -0.606997,
          0.604928,
          3.424009
        ],
        [
          -0.852482,
          -0.435219,
          0.289583,
          2.275347
        ],
        [
          0.0875,
          -0.664936,
          -0.741758,
          1.485346
        ],
        [
          0.0,
          0.0,
          0.0,
          1.0
        ]
      ]
    },
    {
      "file_path": "/media/NFS/ttao/scannet/posed_images/scene0355_01/00140.jpg",
      "transform_matrix": [
        [
          0.517751,
          -0.60765,
          0.602242,
          3.428329
        ],
        [
          -0.8514,
          -0.435058,
          0.292988,
          2.290427
        ],
        [
          0.083976,
          -0.664444,
          -0.742605,
          1.482869
        ],
        [
          0.0,
          0.0,
          0.0,
          1.0
        ]
      ]
    },
    {
      "file_path": "/media/NFS/ttao/scannet/posed_images/scene0355_01/00145.jpg",
      "transform_matrix": [
        [
          0.531386,
          -0.597345,
          0.600673,
          3.424705
        ],
        [
          -0.843933,
          -0.434828,
          0.314168,
          2.368721
        ],
        [
          0.073523,
          -0.673873,
          -0.73518,
          1.483762
        ],
        [
          0.0,
          0.0,
          0.0,
          1.0
        ]
      ]
    },
    {
      "file_path": "/media/NFS/ttao/scannet/posed_images/scene0355_01/00147.jpg",
      "transform_matrix": [
        [
          0.54414,
          -0.589228,
          0.597262,
          3.411855
        ],
        [
          -0.836516,
          -0.435706,
          0.332268,
          2.396175
        ],
        [
          0.064448,
          -0.680419,
          -0.729983,
          1.486543
        ],
        [
          0.0,
          0.0,
          0.0,
          1.0
        ]
      ]
    },
    {
      "file_path": "/media/NFS/ttao/scannet/posed_images/scene0355_01/00153.jpg",
      "transform_matrix": [
        [
          0.619435,
          -0.552429,
          0.557783,
          3.343673
        ],
        [
          -0.784794,
          -0.453781,
          0.422114,
          2.452072
        ],
        [
          0.019924,
          -0.699218,
          -0.714631,
          1.503298
        ],
        [
          0.0,
          0.0,
          0.0,
          1.0
        ]
      ]
    },
    {
      "file_path": "/media/NFS/ttao/scannet/posed_images/scene0355_01/00156.jpg",
      "transform_matrix": [
        [
          0.657725,
          -0.529624,
          0.535627,
          3.286473
        ],
        [
          -0.753215,
          -0.470063,
          0.460117,
          2.47764
        ],
        [
          0.008089,
          -0.706073,
          -0.708093,
          1.509284
        ],
        [
          0.0,
          0.0,
          0.0,
          1.0
        ]
      ]
    },
    {
      "file_path": "/media/NFS/ttao/scannet/posed_images/scene0355_01/00157.jpg",
      "transform_matrix": [
        [
          0.674633,
          -0.519432,
          0.524462,
          3.266843
        ],
        [
          -0.738137,
          -0.479381,
          0.474707,
          2.480552
        ],
        [
          0.004838,
          -0.707378,
          -0.706819,
          1.509769
        ],
        [
          0.0,
          0.0,
          0.0,
          1.0
        ]
      ]
    },
    {
      "file_path": "/media/NFS/ttao/scannet/posed_images/scene0355_01/00161.jpg",
      "transform_matrix": [
        [
          0.733019,
          -0.48118,
          0.480778,
          3.181773
        ],
        [
          -0.680205,
          -0.520475,
          0.516166,
          2.485186
        ],
        [
          0.001864,
          -0.705387,
          -0.70882,
          1.508925
        ],
        [
          0.0,
          0.0,
          0.0,
          1.0
        ]
      ]
    },
    {
      "file_path": "/media/NFS/ttao/scannet/posed_images/scene0355_01/00165.jpg",
      "transform_matrix": [
        [
          0.768338,
          -0.461277,
          0.443711,
          3.102547
        ],
        [
          -0.64,
          -0.545648,
          0.540988,
          2.474
        ],
        [
          -0.007436,
          -0.699637,
          -0.71446,
          1.509465
        ],
        [
          0.0,
          0.0,
          0.0,
          1.0
        ]
      ]
    },
    {
      "file_path": "/media/NFS/ttao/scannet/posed_images/scene0355_01/00169.jpg",
      "transform_matrix": [
        [
          0.779924,
          -0.46201,
          0.422213,
          3.023272
        ],
        [
          -0.625683,
          -0.558887,
          0.544211,
          2.449084
        ],
        [
          -0.015462,
          -0.688616,
          -0.724962,
          1.50658
        ],
        [
          0.0,
          0.0,
          0.0,
          1.0
        ]
      ]
    },
    {
      "file_path": "/media/NFS/ttao/scannet/posed_images/scene0355_01/00172.jpg",
      "transform_matrix": [
        [
          0.786609,
          -0.448756,
          0.424104,
          2.952462
        ],
        [
          -0.617418,
          -0.564583,
          0.54776,
          2.423033
        ],
        [
          -0.006369,
          -0.692722,
          -0.721176,
          1.504207
        ],
        [
          0.0,
          0.0,
          0.0,
          1.0
        ]
      ]
    },
    {
      "file_path": "/media/NFS/ttao/scannet/posed_images/scene0355_01/00174.jpg",
      "transform_matrix": [
        [
          0.786007,
          -0.442108,
          0.432127,
          2.901528
        ],
        [
          -0.618215,
          -0.560065,
          0.551487,
          2.403266
        ],
        [
          -0.001798,
          -0.70062,
          -0.713533,
          1.504999
        ],
        [
          0.0,
          0.0,
          0.0,
          1.0
        ]
      ]
    },
    {
      "file_path": "/media/NFS/ttao/scannet/posed_images/scene0355_01/00179.jpg",
      "transform_matrix": [
        [
          0.78273,
          -0.445984,
          0.434088,
          2.765401
        ],
        [
          -0.622343,
          -0.555548,
          0.551412,
          2.345722
        ],
        [
          -0.004764,
          -0.701759,
          -0.712399,
          1.499017
        ],
        [
          0.0,
          0.0,
          0.0,
          1.0
        ]
      ]
    },
    {
      "file_path": "/media/NFS/ttao/scannet/posed_images/scene0355_01/00182.jpg",
      "transform_matrix": [
        [
          0.778785,
          -0.440134,
          0.446964,
          2.67789
        ],
        [
          -0.627255,
          -0.554086,
          0.547303,
          2.30949
        ],
        [
          0.00677,
          -0.706591,
          -0.70759,
          1.491247
        ],
        [
          0.0,
          0.0,
          0.0,
          1.0
        ]
      ]
    },
    {
      "file_path": "/media/NFS/ttao/scannet/posed_images/scene0355_01/00183.jpg",
      "transform_matrix": [
        [
          0.775329,
          -0.437863,
          0.455128,
          2.646211
        ],
        [
          -0.631451,
          -0.550701,
          0.545892,
          2.298082
        ],
        [
          0.011614,
          -0.710636,
          -0.703464,
          1.486255
        ],
        [
          0.0,
          0.0,
          0.0,
          1.0
        ]
      ]
    },
    {
      "file_path": "/media/NFS/ttao/scannet/posed_images/scene0355_01/00188.jpg",
      "transform_matrix": [
        [
          0.728459,
          -0.461666,
          0.506174,
          2.497642
        ],
        [
          -0.685064,
          -0.497343,
          0.532294,
          2.240551
        ],
        [
          0.006,
          -0.734516,
          -0.678565,
          1.458208
        ],
        [
          0.0,
          0.0,
          0.0,
          1.0
        ]
      ]
    },
    {
      "file_path": "/media/NFS/ttao/scannet/posed_images/scene0355_01/00190.jpg",
      "transform_matrix": [
        [
          0.701324,
          -0.48336,
          0.523936,
          2.445824
        ],
        [
          -0.712626,
          -0.457298,
          0.532017,
          2.214895
        ],
        [
          -0.017561,
          -0.746487,
          -0.665169,
          1.454688
        ],
        [
          0.0,
          0.0,
          0.0,
          1.0
        ]
      ]
    },
    {
      "file_path": "/media/NFS/ttao/scannet/posed_images/scene0355_01/00193.jpg",
      "transform_matrix": [
        [
          0.639486,
          -0.511946,
          0.573559,
          2.358905
        ],
        [
          -0.768187,
          -0.395651,
          0.503337,
          2.176358
        ],
        [
          -0.030753,
          -0.762478,
          -0.646283,
          1.438351
        ],
        [
          0.0,
          0.0,
          0.0,
          1.0
        ]
      ]
    },
    {
      "file_path": "/media/NFS/ttao/scannet/posed_images/scene0355_01/00197.jpg",
      "transform_matrix": [
        [
          0.538329,
          -0.57969,
          0.611687,
          2.26928
        ],
        [
          -0.839818,
          -0.308678,
          0.446569,
          2.132781
        ],
        [
          -0.070057,
          -0.754107,
          -0.653004,
          1.433534
        ],
        [
          0.0,
          0.0,
          0.0,
          1.0
        ]
      ]
    },
    {
      "file_path": "/media/NFS/ttao/scannet/posed_images/scene0355_01/00200.jpg",
      "transform_matrix": [
        [
          0.450769,
          -0.601127,
          0.659889,
          2.179837
        ],
        [
          -0.890768,
          -0.255063,
          0.376132,
          2.117615
        ],
        [
          -0.05779,
          -0.757357,
          -0.650439,
          1.419126
        ],
        [
          0.0,
          0.0,
          0.0,
          1.0
        ]
      ]
    },
    {
      "file_path": "/media/NFS/ttao/scannet/posed_images/scene0355_01/00205.jpg",
      "transform_matrix": [
        [
          0.356812,
          -0.603928,
          0.71271,
          2.071539
        ],
        [
          -0.933592,
          -0.203545,
          0.294917,
          2.079846
        ],
        [
          -0.03304,
          -0.77061,
          -0.63645,
          1.415289
        ],
        [
          0.0,
          0.0,
          0.0,
          1.0
        ]
      ]
    },
    {
      "file_path": "/media/NFS/ttao/scannet/posed_images/scene0355_01/00207.jpg",
      "transform_matrix": [
        [
          0.325615,
          -0.58246,
          0.744792,
          2.020767
        ],
        [
          -0.945113,
          -0.17792,
          0.274053,
          2.064768
        ],
        [
          -0.027112,
          -0.793149,
          -0.608424,
          1.415506
        ],
        [
          0.0,
          0.0,
          0.0,
          1.0
        ]
      ]
    },
    {
      "file_path": "/media/NFS/ttao/scannet/posed_images/scene0355_01/00210.jpg",
      "transform_matrix": [
        [
          0.272682,
          -0.555303,
          0.785674,
          1.939603
        ],
        [
          -0.961919,
          -0.141337,
          0.233956,
          2.055612
        ],
        [
          -0.018872,
          -0.81955,
          -0.572697,
          1.409187
        ],
        [
          0.0,
          0.0,
          0.0,
          1.0
        ]
      ]
    },
    {
      "file_path": "/media/NFS/ttao/scannet/posed_images/scene0355_01/00215.jpg",
      "transform_matrix": [
        [
          0.19814,
          -0.532881,
          0.822666,
          1.825392
        ],
        [
          -0.980164,
          -0.104094,
          0.168647,
          2.048824
        ],
        [
          -0.004234,
          -0.839763,
          -0.542936,
          1.400397
        ],
        [
          0.0,
          0.0,
          0.0,
          1.0
        ]
      ]
    },
    {
      "file_path": "/media/NFS/ttao/scannet/posed_images/scene0355_01/00216.jpg",
      "transform_matrix": [
        [
          0.189662,
          -0.526107,
          0.828999,
          1.802366
        ],
        [
          -0.981849,
          -0.101069,
          0.160491,
          2.049105
        ],
        [
          -0.000649,
          -0.844391,
          -0.535727,
          1.396817
        ],
        [
          0.0,
          0.0,
          0.0,
          1.0
        ]
      ]
    },
    {
      "file_path": "/media/NFS/ttao/scannet/posed_images/scene0355_01/00219.jpg",
      "transform_matrix": [
        [
          0.162498,
          -0.509749,
          0.844838,
          1.743456
        ],
        [
          -0.986454,
          -0.103399,
          0.127349,
          2.057208
        ],
        [
          0.022439,
          -0.854087,
          -0.519645,
          1.389106
        ],
        [
          0.0,
          0.0,
          0.0,
          1.0
        ]
      ]
    },
    {
      "file_path": "/media/NFS/ttao/scannet/posed_images/scene0355_01/00224.jpg",
      "transform_matrix": [
        [
          0.101552,
          -0.502408,
          0.858646,
          1.648188
        ],
        [
          -0.993867,
          -0.089212,
          0.065345,
          2.090272
        ],
        [
          0.043772,
          -0.860016,
          -0.508386,
          1.360401
        ],
        [
          0.0,
          0.0,
          0.0,
          1.0
        ]
      ]
    },
    {
      "file_path": "/media/NFS/ttao/scannet/posed_images/scene0355_01/00227.jpg",
      "transform_matrix": [
        [
          0.070339,
          -0.506848,
          0.859161,
          1.594453
        ],
        [
          -0.996627,
          -0.072209,
          0.038995,
          2.129465
        ],
        [
          0.042275,
          -0.859006,
          -0.510218,
          1.348513
        ],
        [
          0.0,
          0.0,
          0.0,
          1.0
        ]
      ]
    },
    {
      "file_path": "/media/NFS/ttao/scannet/posed_images/scene0355_01/00229.jpg",
      "transform_matrix": [
        [
          0.046254,
          -0.505028,
          0.861863,
          1.559274
        ],
        [
          -0.998578,
          -0.046256,
          0.026486,
          2.15965
        ],
        [
          0.02649,
          -0.861863,
          -0.506449,
          1.332778
        ],
        [
          0.0,
          0.0,
          0.0,
          1.0
        ]
      ]
    },
    {
      "file_path": "/media/NFS/ttao/scannet/posed_images/scene0355_01/00232.jpg",
      "transform_matrix": [
        [
          -0.01025,
          -0.526078,
          0.850375,
          1.527244
        ],
        [
          -0.999932,
          0.000615,
          -0.011672,
          2.2142
        ],
        [
          0.005617,
          -0.850436,
          -0.526048,
          1.325833
        ],
        [
          0.0,
          0.0,
          0.0,
          1.0
        ]
      ]
    },
    {
      "file_path": "/media/NFS/ttao/scannet/posed_images/scene0355_01/00238.jpg",
      "transform_matrix": [
        [
          -0.109417,
          -0.557308,
          0.823065,
          1.491051
        ],
        [
          -0.993994,
          0.059618,
          -0.091772,
          2.350356
        ],
        [
          0.002075,
          -0.828163,
          -0.560484,
          1.303207
        ],
        [
          0.0,
          0.0,
          0.0,
          1.0
        ]
      ]
    },
    {
      "file_path": "/media/NFS/ttao/scannet/posed_images/scene0355_01/00240.jpg",
      "transform_matrix": [
        [
          -0.129832,
          -0.568012,
          0.812715,
          1.4968
        ],
        [
          -0.991472,
          0.065057,
          -0.11292,
          2.408499
        ],
        [
          0.011267,
          -0.820445,
          -0.571614,
          1.318613
        ],
        [
          0.0,
          0.0,
          0.0,
          1.0
        ]
      ]
    },
    {
      "file_path": "/media/NFS/ttao/scannet/posed_images/scene0355_01/00244.jpg",
      "transform_matrix": [
        [
          -0.168713,
          -0.540739,
          0.824098,
          1.517271
        ],
        [
          -0.985175,
          0.066152,
          -0.158283,
          2.525999
        ],
        [
          0.031074,
          -0.838585,
          -0.543883,
          1.317929
        ],
        [
          0.0,
          0.0,
          0.0,
          1.0
        ]
      ]
    },
    {
      "file_path": "/media/NFS/ttao/scannet/posed_images/scene0355_01/00247.jpg",
      "transform_matrix": [
        [
          -0.205613,
          -0.530787,
          0.822185,
          1.552827
        ],
        [
          -0.977797,
          0.076692,
          -0.195018,
          2.614871
        ],
        [
          0.040458,
          -0.844028,
          -0.534771,
          1.320163
        ],
        [
          0.0,
          0.0,
          0.0,
          1.0
        ]
      ]
    },
    {
      "file_path": "/media/NFS/ttao/scannet/posed_images/scene0355_01/00250.jpg",
      "transform_matrix": [
        [
          -0.232004,
          -0.518971,
          0.822705,
          1.589826
        ],
        [
          -0.970752,
          0.069824,
          -0.229708,
          2.702299
        ],
        [
          0.061768,
          -0.851935,
          -0.519991,
          1.325354
        ],
        [
          0.0,
          0.0,
          0.0,
          1.0
        ]
      ]
    },
    {
      "file_path": "/media/NFS/ttao/scannet/posed_images/scene0355_01/00254.jpg",
      "transform_matrix": [
        [
          -0.261914,
          -0.504526,
          0.822711,
          1.646992
        ],
        [
          -0.963265,
          0.084241,
          -0.254999,
          2.834476
        ],
        [
          0.059348,
          -0.859277,
          -0.508056,
