{
  "frames": [
    {
      "file_path": "/media/NFS/ttao/scannet/posed_images/scene0638_00/00000.jpg",
      "transform_matrix": [
        [
          -0.998725,
          -0.0326,
          0.038542,
          3.352167
        ],
        [
          -0.050027,
          0.537108,
          -0.842029,
          5.821459
        ],
        [
          0.006749,
          -0.842884,
          -0.538054,
          1.362461
        ],
        [
          0.0,
          0.0,
          0.0,
          1.0
        ]
      ]
    },
    {
      "file_path": "/media/NFS/ttao/scannet/posed_images/scene0638_00/00002.jpg",
      "transform_matrix": [
        [
          -0.998883,
          -0.02393,
          0.040738,
          3.351435
        ],
        [
          -0.047203,
          0.542513,
          -0.838721,
          5.821528
        ],
        [
          -0.00203,
          -0.839707,
          -0.543036,
          1.365575
        ],
        [
          0.0,
          0.0,
          0.0,
          1.0
        ]
      ]
    },
    {
      "file_path": "/media/NFS/ttao/scannet/posed_images/scene0638_00/00003.jpg",
      "transform_matrix": [
        [
          -0.99895,
          -0.022671,
          0.039799,
          3.352206
        ],
        [
          -0.045732,
          0.542133,
          -0.839047,
          5.820668
        ],
        [
          -0.002554,
          -0.839987,
          -0.542601,
          1.368182
        ],
        [
          0.0,
          0.0,
          0.0,
          1.0
        ]
      ]
    },
    {
      "file_path": "/media/NFS/ttao/scannet/posed_images/scene0638_00/00005.jpg",
      "transform_matrix": [
        [
          -0.999057,
          -0.022597,
          0.037075,
          3.356891
        ],
        [
          -0.04341,
          0.537263,
          -0.842297,
          5.822087
        ],
        [
          -0.000886,
          -0.843112,
          -0.537738,
          1.370293
        ],
        [
          0.0,
          0.0,
          0.0,
          1.0
        ]
      ]
    },
    {
      "file_path": "/media/NFS/ttao/scannet/posed_images/scene0638_00/00006.jpg",
      "transform_matrix": [
        [
          -0.999026,
          -0.021963,
          0.038265,
          3.354046
        ],
        [
          -0.044078,
          0.534508,
          -0.844013,
          5.823345
        ],
        [
          -0.001916,
          -0.844878,
          -0.534956,
          1.369123
        ],
        [
          0.0,
          0.0,
          0.0,
          1.0
        ]
      ]
    },
    {
      "file_path": "/media/NFS/ttao/scannet/posed_images/scene0638_00/00009.jpg",
      "transform_matrix": [
        [
          -0.998836,
          -0.011446,
          0.046853,
          3.350877
        ],
        [
          -0.04596,
          0.520439,
          -0.852661,
          5.821286
        ],
        [
          -0.014625,
          -0.853822,
          -0.52036,
          1.377796
        ],
        [
          0.0,
          0.0,
          0.0,
          1.0
        ]
      ]
    },
    {
      "file_path": "/media/NFS/ttao/scannet/posed_images/scene0638_00/00010.jpg",
      "transform_matrix": [
        [
          -0.999275,
          -0.004693,
          0.037779,
          3.368128
        ],
        [
          -0.034791,
          0.515495,
          -0.856186,
          5.823051
        ],
        [
          -0.015457,
          -0.85688,
          -0.515285,
          1.382731
        ],
        [
          0.0,
          0.0,
          0.0,
          1.0
        ]
      ]
    },
    {
      "file_path": "/media/NFS/ttao/scannet/posed_images/scene0638_00/00012.jpg",
      "transform_matrix": [
        [
          -0.999388,
          -0.004393,
          0.034698,
          3.368624
        ],
        [
          -0.032098,
          0.509259,
          -0.860015,
          5.827343
        ],
        [
          -0.013892,
          -0.860602,
          -0.509088,
          1.378794
        ],
        [
          0.0,
          0.0,
          0.0,
          1.0
        ]
      ]
    },
    {
      "file_path": "/media/NFS/ttao/scannet/posed_images/scene0638_00/00013.jpg",
      "transform_matrix": [
        [
          -0.999468,
          -0.004609,
          0.032275,
          3.366226
        ],
        [
          -0.030122,
          0.509275,
          -0.860076,
          5.828156
        ],
        [
          -0.012472,
          -0.860591,
          -0.509144,
          1.377136
        ],
        [
          0.0,
          0.0,
          0.0,
          1.0
        ]
      ]
    },
    {
      "file_path": "/media/NFS/ttao/scannet/posed_images/scene0638_00/00015.jpg",
      "transform_matrix": [
        [
          -0.999695,
          -0.004759,
          0.024242,
          3.365162
        ],
        [
          -0.023248,
          0.513196,
          -0.857957,
          5.825185
        ],
        [
          -0.008358,
          -0.858258,
          -0.51315,
          1.377293
        ],
        [
          0.0,
          0.0,
          0.0,
          1.0
        ]
      ]
    },
    {
      "file_path": "/media/NFS/ttao/scannet/posed_images/scene0638_00/00016.jpg",
      "transform_matrix": [
        [
          -0.999821,
          -0.004686,
          0.018331,
          3.36527
        ],
        [
          -0.018134,
          0.513714,
          -0.85777,
          5.823788
        ],
        [
          -0.005398,
          -0.857949,
          -0.513707,
          1.377771
        ],
        [
          0.0,
          0.0,
          0.0,
          1.0
        ]
      ]
    },
    {
      "file_path": "/media/NFS/ttao/scannet/posed_images/scene0638_00/00019.jpg",
      "transform_matrix": [
        [
          -0.999996,
          0.000614,
          -0.002828,
          3.364167
        ],
        [
          0.002745,
          0.511333,
          -0.859378,
          5.820863
        ],
        [
          0.000919,
          -0.859382,
          -0.511333,
          1.376415
        ],
        [
          0.0,
          0.0,
          0.0,
          1.0
        ]
      ]
    },
    {
      "file_path": "/media/NFS/ttao/scannet/posed_images/scene0638_00/00020.jpg",
      "transform_matrix": [
        [
          -0.999963,
          0.001286,
          -0.008463,
          3.361145
        ],
        [
          0.007939,
          0.508935,
          -0.860768,
          5.821107
        ],
        [
          0.0032,
          -0.860804,
          -0.508926,
          1.371458
        ],
        [
          0.0,
          0.0,
          0.0,
          1.0
        ]
      ]
    },
    {
      "file_path": "/media/NFS/ttao/scannet/posed_images/scene0638_00/00022.jpg",
      "transform_matrix": [
        [
          -0.999762,
          0.00739,
          -0.020548,
          3.354899
        ],
        [
          0.021446,
          0.509581,
          -0.860156,
          5.817002
        ],
        [
          0.004114,
          -0.860391,
          -0.509618,
          1.368112
        ],
        [
          0.0,
          0.0,
          0.0,
          1.0
        ]
      ]
    },
    {
      "file_path": "/media/NFS/ttao/scannet/posed_images/scene0638_00/00024.jpg",
      "transform_matrix": [
        [
          -0.999421,
          0.014544,
          -0.030757,
          3.34616
        ],
        [
          0.033862,
          0.512811,
          -0.857833,
          5.810539
        ],
        [
          0.003296,
          -0.858378,
          -0.513007,
          1.368728
        ],
        [
          0.0,
          0.0,
          0.0,
          1.0
        ]
      ]
    },
    {
      "file_path": "/media/NFS/ttao/scannet/posed_images/scene0638_00/00025.jpg",
      "transform_matrix": [
        [
          -0.999194,
          0.018067,
          -0.035846,
          3.342454
        ],
        [
          0.040039,
          0.512098,
          -0.857993,
          5.807907
        ],
        [
          0.002855,
          -0.858737,
          -0.512409,
          1.366955
        ],
        [
          0.0,
          0.0,
          0.0,
          1.0
        ]
      ]
    },
    {
      "file_path": "/media/NFS/ttao/scannet/posed_images/scene0638_00/00027.jpg",
      "transform_matrix": [
        [
          -0.998896,
          0.022175,
          -0.041421,
          3.329393
        ],
        [
          0.04693,
          0.512926,
          -0.857149,
          5.801268
        ],
        [
          0.002238,
          -0.858146,
          -0.5134,
          1.36416
        ],
        [
          0.0,
          0.0,
          0.0,
          1.0
        ]
      ]
    },
    {
      "file_path": "/media/NFS/ttao/scannet/posed_images/scene0638_00/00028.jpg",
      "transform_matrix": [
        [
          -0.998768,
          0.023186,
          -0.04387,
          3.324012
        ],
        [
          0.049547,
          0.513975,
          -0.856373,
          5.797253
        ],
        [
          0.002692,
          -0.857492,
          -0.51449,
          1.363027
        ],
        [
          0.0,
          0.0,
          0.0,
          1.0
        ]
      ]
    },
    {
      "file_path": "/media/NFS/ttao/scannet/posed_images/scene0638_00/00030.jpg",
      "transform_matrix": [
        [
          -0.998357,
          0.031096,
          -0.048134,
          3.316997
        ],
        [
          0.057283,
          0.518197,
          -0.853341,
          5.788945
        ],
        [
          -0.001592,
          -0.854696,
          -0.519126,
          1.354519
        ],
        [
          0.0,
          0.0,
          0.0,
          1.0
        ]
      ]
    },
    {
      "file_path": "/media/NFS/ttao/scannet/posed_images/scene0638_00/00031.jpg",
      "transform_matrix": [
        [
          -0.998322,
          0.034582,
          -0.046439,
          3.310246
        ],
        [
          0.057669,
          0.522189,
          -0.850878,
          5.783787
        ],
        [
          -0.005176,
          -0.852129,
          -0.523307,
          1.35169
        ],
        [
          0.0,
          0.0,
          0.0,
          1.0
        ]
      ]
    },
    {
      "file_path": "/media/NFS/ttao/scannet/posed_images/scene0638_00/00033.jpg",
      "transform_matrix": [
        [
          -0.997685,
          0.035479,
          -0.058021,
          3.319809
        ],
        [
          0.068003,
          0.532169,
          -0.843903,
          5.766591
        ],
        [
          0.000936,
          -0.845895,
          -0.533349,
          1.357577
        ],
        [
          0.0,
          0.0,
          0.0,
          1.0
        ]
      ]
    },
    {
      "file_path": "/media/NFS/ttao/scannet/posed_images/scene0638_00/00035.jpg",
      "transform_matrix": [
        [
          -0.997498,
          0.034267,
          -0.061833,
          3.302957
        ],
        [
          0.07059,
          0.529984,
          -0.845065,
          5.754406
        ],
        [
          0.003813,
          -0.847315,
          -0.531077,
          1.359699
        ],
        [
          0.0,
          0.0,
          0.0,
          1.0
        ]
      ]
    },
    {
      "file_path": "/media/NFS/ttao/scannet/posed_images/scene0638_00/00037.jpg",
      "transform_matrix": [
        [
          -0.997248,
          0.034118,
          -0.065817,
          3.288937
        ],
        [
          0.073912,
          0.526347,
          -0.847052,
          5.741631
        ],
        [
          0.005743,
          -0.849585,
          -0.52742,
          1.362441
        ],
        [
          0.0,
          0.0,
          0.0,
          1.0
        ]
      ]
    },
    {
      "file_path": "/media/NFS/ttao/scannet/posed_images/scene0638_00/00039.jpg",
      "transform_matrix": [
        [
          -0.997211,
          0.034881,
          -0.065977,
          3.26838
        ],
        [
          0.074473,
          0.522336,
          -0.849482,
          5.731554
        ],
        [
          0.004831,
          -0.852026,
          -0.523477,
          1.358572
        ],
        [
          0.0,
          0.0,
          0.0,
          1.0
        ]
      ]
    },
    {
      "file_path": "/media/NFS/ttao/scannet/posed_images/scene0638_00/00040.jpg",
      "transform_matrix": [
        [
          -0.997644,
          0.035026,
          -0.05899,
          3.247748
        ],
        [
          0.068597,
          0.522486,
          -0.849884,
          5.730639
        ],
        [
          0.001054,
          -0.851928,
          -0.523658,
          1.355186
        ],
        [
          0.0,
          0.0,
          0.0,
          1.0
        ]
      ]
    },
    {
      "file_path": "/media/NFS/ttao/scannet/posed_images/scene0638_00/00041.jpg",
      "transform_matrix": [
        [
          -0.997584,
          0.034947,
          -0.060038,
          3.234187
        ],
        [
          0.069441,
          0.52601,
          -0.847639,
          5.722758
        ],
        [
          0.001958,
          -0.84976,
          -0.527166,
          1.359456
        ],
        [
          0.0,
          0.0,
          0.0,
          1.0
        ]
      ]
    },
    {
      "file_path": "/media/NFS/ttao/scannet/posed_images/scene0638_00/00043.jpg",
      "transform_matrix": [
        [
          -0.996152,
          0.039739,
          -0.078122,
          3.223921
        ],
        [
          0.087319,
          0.527072,
          -0.845323,
          5.709931
        ],
        [
          0.007583,
          -0.848891,
          -0.528514,
          1.359481
        ],
        [
          0.0,
          0.0,
          0.0,
          1.0
        ]
      ]
    },
    {
      "file_path": "/media/NFS/ttao/scannet/posed_images/scene0638_00/00045.jpg",
      "transform_matrix": [
        [
          -0.994383,
          0.050481,
          -0.093029,
          3.210123
        ],
        [
          0.105614,
          0.531071,
          -0.84072,
          5.696312
        ],
        [
          0.006964,
          -0.845822,
          -0.53342,
          1.361186
        ],
        [
          0.0,
          0.0,
          0.0,
          1.0
        ]
      ]
    },
    {
      "file_path": "/media/NFS/ttao/scannet/posed_images/scene0638_00/00047.jpg",
      "transform_matrix": [
        [
          -0.991993,
          0.067232,
          -0.106911,
          3.194022
        ],
        [
          0.126287,
          0.536778,
          -0.834219,
          5.680809
        ],
        [
          0.001302,
          -0.841041,
          -0.54097,
          1.365285
        ],
        [
          0.0,
          0.0,
          0.0,
          1.0
        ]
      ]
    },
    {
      "file_path": "/media/NFS/ttao/scannet/posed_images/scene0638_00/00049.jpg",
      "transform_matrix": [
        [
          -0.988827,
          0.080692,
          -0.125341,
          3.180646
        ],
        [
          0.149068,
          0.539192,
          -0.828885,
          5.663767
        ],
        [
          0.000698,
          -0.838308,
          -0.545196,
          1.367868
        ],
        [
          0.0,
          0.0,
          0.0,
          1.0
        ]
      ]
    },
    {
      "file_path": "/media/NFS/ttao/scannet/posed_images/scene0638_00/00050.jpg",
      "transform_matrix": [
        [
          -0.986427,
          0.092231,
          -0.135849,
          3.182162
        ],
        [
          0.164162,
          0.536273,
          -0.827927,
          5.655781
        ],
        [
          -0.003508,
          -0.838991,
          -0.544135,
          1.360897
        ],
        [
          0.0,
          0.0,
          0.0,
          1.0
        ]
      ]
    },
    {
      "file_path": "/media/NFS/ttao/scannet/posed_images/scene0638_00/00052.jpg",
      "transform_matrix": [
        [
          -0.98336,
          0.103675,
          -0.149181,
          3.174267
        ],
        [
          0.181638,
          0.546213,
          -0.817715,
          5.634843
        ],
        [
          -0.003292,
          -0.831206,
          -0.555956,
          1.357592
        ],
        [
          0.0,
          0.0,
          0.0,
          1.0
        ]
      ]
    },
    {
      "file_path": "/media/NFS/ttao/scannet/posed_images/scene0638_00/00053.jpg",
      "transform_matrix": [
        [
          -0.982637,
          0.106654,
          -0.151817,
          3.164701
        ],
        [
          0.185512,
          0.551765,
          -0.813105,
          5.624053
        ],
        [
          -0.002954,
          -0.827152,
          -0.561971,
          1.357188
        ],
        [
          0.0,
          0.0,
          0.0,
          1.0
        ]
      ]
    },
    {
      "file_path": "/media/NFS/ttao/scannet/posed_images/scene0638_00/00055.jpg",
      "transform_matrix": [
        [
          -0.979979,
          0.110774,
          -0.165437,
          3.152515
        ],
        [
          0.199067,
          0.559918,
          -0.804278,
          5.600935
        ],
        [
          0.003538,
          -0.821109,
          -0.57076,
          1.352567
        ],
        [
          0.0,
          0.0,
          0.0,
          1.0
        ]
      ]
    },
    {
      "file_path": "/media/NFS/ttao/scannet/posed_images/scene0638_00/00056.jpg",
      "transform_matrix": [
        [
          -0.978573,
          0.111513,
          -0.173088,
          3.14507
        ],
        [
          0.205697,
          0.566736,
          -0.797809,
          5.588294
        ],
        [
          0.009129,
          -0.816318,
          -0.577531,
          1.349743
        ],
        [
          0.0,
          0.0,
          0.0,
          1.0
        ]
      ]
    },
    {
      "file_path": "/media/NFS/ttao/scannet/posed_images/scene0638_00/00058.jpg",
      "transform_matrix": [
        [
          -0.97548,
          0.116766,
          -0.186559,
          3.132301
        ],
        [
          0.219455,
          0.580233,
          -0.784327,
          5.559595
        ],
        [
          0.016665,
          -0.806037,
          -0.591631,
          1.346456
        ],
        [
          0.0,
          0.0,
          0.0,
          1.0
        ]
      ]
    },
    {
      "file_path": "/media/NFS/ttao/scannet/posed_images/scene0638_00/00060.jpg",
      "transform_matrix": [
        [
          -0.975878,
          0.115228,
          -0.185431,
          3.103825
        ],
        [
          0.217207,
          0.597952,
          -0.77154,
          5.525705
        ],
        [
          0.021976,
          -0.793206,
          -0.608557,
          1.351871
        ],
        [
          0.0,
          0.0,
          0.0,
          1.0
        ]
      ]
    },
    {
      "file_path": "/media/NFS/ttao/scannet/posed_images/scene0638_00/00061.jpg",
      "transform_matrix": [
        [
          -0.975454,
          0.116996,
          -0.186549,
          3.091098
        ],
        [
          0.218981,
          0.604472,
          -0.765938,
          5.510439
        ],
        [
          0.023152,
          -0.787988,
          -0.615255,
          1.35733
        ],
        [
          0.0,
          0.0,
          0.0,
          1.0
        ]
      ]
    },
    {
      "file_path": "/media/NFS/ttao/scannet/posed_images/scene0638_00/00063.jpg",
      "transform_matrix": [
        [
          -0.971825,
          0.120628,
          -0.202495,
          3.075157
        ],
        [
          0.23378,
          0.602813,
          -0.762866,
          5.478272
        ],
        [
          0.030044,
          -0.788712,
          -0.614029,
          1.365551
        ],
        [
          0.0,
          0.0,
          0.0,
          1.0
        ]
      ]
    },
    {
      "file_path": "/media/NFS/ttao/scannet/posed_images/scene0638_00/00065.jpg",
      "transform_matrix": [
        [
          -0.967343,
          0.132925,
          -0.21582,
          3.059563
        ],
        [
          0.25222,
          0.589277,
          -0.767553,
          5.445509
        ],
        [
          0.025151,
          -0.796922,
          -0.603559,
          1.376589
        ],
        [
          0.0,
          0.0,
          0.0,
          1.0
        ]
      ]
    },
    {
      "file_path": "/media/NFS/ttao/scannet/posed_images/scene0638_00/00067.jpg",
      "transform_matrix": [
        [
          -0.963885,
          0.15081,
          -0.219505,
          3.044305
        ],
        [
          0.266265,
          0.562491,
          -0.782756,
          5.420544
        ],
        [
          0.005422,
          -0.812933,
          -0.582332,
          1.372837
        ],
        [
          0.0,
          0.0,
          0.0,
          1.0
        ]
      ]
    },
    {
      "file_path": "/media/NFS/ttao/scannet/posed_images/scene0638_00/00068.jpg",
      "transform_matrix": [
        [
          -0.96346,
          0.159171,
          -0.215428,
          3.033073
        ],
        [
          0.267819,
          0.559985,
          -0.784021,
          5.40643
        ],
        [
          -0.004157,
          -0.813069,
          -0.582152,
          1.37616
        ],
        [
          0.0,
          0.0,
          0.0,
          1.0
        ]
      ]
    },
    {
      "file_path": "/media/NFS/ttao/scannet/posed_images/scene0638_00/00070.jpg",
      "transform_matrix": [
        [
          -0.962536,
          0.158103,
          -0.22029,
          3.017704
        ],
        [
          0.271109,
          0.546269,
          -0.792522,
          5.368528
        ],
        [
          -0.004962,
          -0.822553,
          -0.568666,
          1.392524
        ],
        [
          0.0,
          0.0,
          0.0,
          1.0
        ]
      ]
    },
    {
      "file_path": "/media/NFS/ttao/scannet/posed_images/scene0638_00/00072.jpg",
      "transform_matrix": [
        [
          -0.958908,
          0.158679,
          -0.235195,
          3.007345
        ],
        [
          0.283668,
          0.520775,
          -0.805187,
          5.353271
        ],
        [
          -0.005283,
          -0.838817,
          -0.544387,
          1.381968
        ],
        [
          0.0,
          0.0,
          0.0,
          1.0
        ]
      ]
    },
    {
      "file_path": "/media/NFS/ttao/scannet/posed_images/scene0638_00/00073.jpg",
      "transform_matrix": [
        [
          -0.95645,
          0.161402,
          -0.243215,
          3.001182
        ],
        [
          0.291891,
          0.5232,
          -0.800663,
          5.346976
        ],
        [
          -0.001979,
          -0.836786,
          -0.547526,
          1.373549
        ],
        [
          0.0,
          0.0,
          0.0,
          1.0
        ]
      ]
    },
    {
      "file_path": "/media/NFS/ttao/scannet/posed_images/scene0638_00/00075.jpg",
      "transform_matrix": [
        [
          -0.953782,
          0.159084,
          -0.254935,
          2.988671
        ],
        [
          0.299796,
          0.561777,
          -0.771058,
          5.32237
        ],
        [
          0.020554,
          -0.811849,
          -0.583505,
          1.374272
        ],
        [
          0.0,
          0.0,
          0.0,
          1.0
        ]
      ]
    },
    {
      "file_path": "/media/NFS/ttao/scannet/posed_images/scene0638_00/00077.jpg",
      "transform_matrix": [
        [
          -0.953386,
          0.147084,
          -0.26348,
          2.968942
        ],
        [
          0.298378,
          0.589741,
          -0.75045,
          5.296393
        ],
        [
          0.045006,
          -0.794085,
          -0.606138,
          1.380481
        ],
        [
          0.0,
          0.0,
          0.0,
          1.0
        ]
      ]
    },
    {
      "file_path": "/media/NFS/ttao/scannet/posed_images/scene0638_00/00078.jpg",
      "transform_matrix": [
        [
          -0.951426,
          0.146003,
          -0.271057,
          2.964483
        ],
        [
          0.303338,
          0.595174,
          -0.744146,
          5.28654
        ],
        [
          0.052679,
          -0.790222,
          -0.610552,
          1.376919
        ],
        [
          0.0,
          0.0,
          0.0,
          1.0
        ]
      ]
    },
    {
      "file_path": "/media/NFS/ttao/scannet/posed_images/scene0638_00/00080.jpg",
      "transform_matrix": [
        [
          -0.94926,
          0.151274,
          -0.27572,
          2.940122
        ],
        [
          0.309617,
          0.603295,
          -0.734964,
          5.269974
        ],
        [
          0.055159,
          -0.78304,
          -0.619521,
          1.356904
        ],
        [
          0.0,
          0.0,
          0.0,
          1.0
        ]
      ]
    },
    {
      "file_path": "/media/NFS/ttao/scannet/posed_images/scene0638_00/00081.jpg",
      "transform_matrix": [
        [
          -0.949265,
          0.154079,
          -0.274145,
          2.928672
        ],
        [
          0.309519,
          0.611962,
          -0.727806,
          5.25529
        ],
        [
          0.055627,
          -0.775734,
          -0.628604,
          1.358116
        ],
        [
          0.0,
          0.0,
          0.0,
          1.0
        ]
      ]
    },
    {
      "file_path": "/media/NFS/ttao/scannet/posed_images/scene0638_00/00084.jpg",
      "transform_matrix": [
        [
          -0.95366,
          0.161992,
          -0.253557,
          2.879757
        ],
        [
          0.299264,
          0.598056,
          -0.743485,
          5.221748
        ],
        [
          0.031202,
          -0.784913,
          -0.61882,
          1.364375
        ],
        [
          0.0,
          0.0,
          0.0,
          1.0
        ]
      ]
    },
    {
      "file_path": "/media/NFS/ttao/scannet/posed_images/scene0638_00/00085.jpg",
      "transform_matrix": [
        [
          -0.954071,
          0.167636,
          -0.248287,
          2.862824
        ],
        [
          0.298896,
          0.588625,
          -0.75112,
          5.21448
        ],
        [
          0.020234,
          -0.790834,
          -0.611696,
          1.363751
        ],
        [
          0.0,
          0.0,
          0.0,
          1.0
        ]
      ]
    },
    {
      "file_path": "/media/NFS/ttao/scannet/posed_images/scene0638_00/00087.jpg",
      "transform_matrix": [
        [
          -0.956869,
          0.171049,
          -0.234828,
          2.823783
        ],
        [
          0.29048,
          0.576752,
          -0.76353,
          5.200232
        ],
        [
          0.004837,
          -0.798811,
          -0.601563,
          1.362154
        ],
        [
          0.0,
          0.0,
          0.0,
          1.0
        ]
      ]
    },
    {
      "file_path": "/media/NFS/ttao/scannet/posed_images/scene0638_00/00088.jpg",
      "transform_matrix": [
        [
          -0.95881,
          0.170633,
          -0.227086,
          2.804935
        ],
        [
          0.284048,
          0.576395,
          -0.766215,
          5.192381
        ],
        [
          0.000149,
          -0.799158,
          -0.601121,
          1.363587
        ],
        [
          0.0,
          0.0,
          0.0,
          1.0
        ]
      ]
    },
    {
      "file_path": "/media/NFS/ttao/scannet/posed_images/scene0638_00/00090.jpg",
      "transform_matrix": [
        [
          -0.964989,
          0.159722,
          -0.208051,
          2.758828
        ],
        [
          0.262282,
          0.581294,
          -0.770263,
          5.175899
        ],
        [
          -0.002089,
          -0.797864,
          -0.602834,
          1.365951
        ],
        [
          0.0,
          0.0,
          0.0,
          1.0
        ]
      ]
    },
    {
      "file_path": "/media/NFS/ttao/scannet/posed_images/scene0638_00/00091.jpg",
      "transform_matrix": [
        [
          -0.96682,
          0.155739,
          -0.202498,
          2.742095
        ],
        [
          0.255451,
          0.582576,
          -0.771589,
          5.165872
        ],
        [
          -0.002197,
          -0.797716,
          -0.60303,
          1.368527
        ],
        [
          0.0,
          0.0,
          0.0,
          1.0
        ]
      ]
    },
    {
      "file_path": "/media/NFS/ttao/scannet/posed_images/scene0638_00/00093.jpg",
      "transform_matrix": [
        [
          -0.972785,
          0.145731,
          -0.180146,
          2.705191
        ],
        [
          0.231603,
          0.587796,
          -0.775149,
          5.150948
        ],
        [
          -0.007074,
          -0.795775,
          -0.605551,
          1.370978
        ],
        [
          0.0,
          0.0,
          0.0,
          1.0
        ]
      ]
    },
    {
      "file_path": "/media/NFS/ttao/scannet/posed_images/scene0638_00/00095.jpg",
      "transform_matrix": [
        [
          -0.978953,
          0.129405,
          -0.15781,
          2.666244
        ],
        [
          0.20391,
          0.588424,
          -0.782418,
          5.131732
        ],
        [
          -0.00839,
          -0.79813,
          -0.602427,
          1.382869
        ],
        [
          0.0,
          0.0,
          0.0,
          1.0
        ]
      ]
    },
    {
      "file_path": "/media/NFS/ttao/scannet/posed_images/scene0638_00/00097.jpg",
      "transform_matrix": [
        [
          -0.981442,
          0.117006,
          -0.151924,
          2.636326
        ],
        [
          0.191732,
          0.585652,
          -0.78756,
          5.124267
        ],
        [
          -0.003174,
          -0.802073,
          -0.597218,
          1.383063
        ],
        [
          0.0,
          0.0,
          0.0,
          1.0
        ]
      ]
    },
    {
      "file_path": "/media/NFS/ttao/scannet/posed_images/scene0638_00/00098.jpg",
      "transform_matrix": [
        [
          -0.983155,
          0.110837,
          -0.145329,
          2.624632
        ],
        [
          0.182765,
          0.589552,
          -0.786782,
          5.116311
        ],
        [
          -0.001526,
          -0.80009,
          -0.599878,
          1.387081
        ],
        [
          0.0,
          0.0,
          0.0,
          1.0
        ]
      ]
    },
    {
      "file_path": "/media/NFS/ttao/scannet/posed_images/scene0638_00/00100.jpg",
      "transform_matrix": [
        [
          -0.989702,
          0.093759,
          -0.108161,
          2.596458
        ],
        [
          0.14271,
          0.587636,
          -0.796441,
          5.101993
        ],
        [
          -0.011114,
          -0.803675,
          -0.594964,
          1.39448
        ],
        [
          0.0,
          0.0,
          0.0,
          1.0
        ]
      ]
    },
    {
      "file_path": "/media/NFS/ttao/scannet/posed_images/scene0638_00/00102.jpg",
      "transform_matrix": [
        [
          -0.994106,
          0.084424,
          -0.068008,
          2.561621
        ],
        [
          0.104111,
          0.568562,
          -0.816026,
          5.088612
        ],
        [
          -0.030225,
          -0.818297,
          -0.574,
          1.405241
        ],
        [
          0.0,
          0.0,
          0.0,
          1.0
        ]
      ]
    },
    {
      "file_path": "/media/NFS/ttao/scannet/posed_images/scene0638_00/00104.jpg",
      "transform_matrix": [
        [
          -0.99517,
          0.08383,
          -0.051087,
          2.525565
        ],
        [
          0.089014,
          0.551106,
          -0.829674,
          5.092266
        ],
        [
          -0.041397,
          -0.830214,
          -0.555906,
          1.397722
        ],
        [
          0.0,
          0.0,
          0.0,
          1.0
        ]
      ]
    },
    {
      "file_path": "/media/NFS/ttao/scannet/posed_images/scene0638_00/00105.jpg",
      "transform_matrix": [
        [
          -0.995179,
          0.082428,
          -0.053144,
          2.510016
        ],
        [
          0.090047,
          0.553248,
          -0.828136,
          5.089693
        ],
        [
          -0.03886,
          -0.828929,
          -0.558003,
          1.395336
        ],
        [
          0.0,
          0.0,
          0.0,
          1.0
        ]
      ]
    },
    {
      "file_path": "/media/NFS/ttao/scannet/posed_images/scene0638_00/00106.jpg",
      "transform_matrix": [
        [
          -0.994796,
          0.082437,
          -0.059869,
          2.495955
        ],
        [
          0.095845,
          0.557935,
          -0.824332,
          5.085613
        ],
        [
          -0.034552,
          -0.82578,
          -0.562933,
          1.392586
        ],
        [
          0.0,
          0.0,
          0.0,
          1.0
        ]
      ]
    },
    {
      "file_path": "/media/NFS/ttao/scannet/posed_images/scene0638_00/00109.jpg",
      "transform_matrix": [
        [
          -0.993215,
          0.074755,
          -0.089081,
          2.454088
        ],
        [
          0.115987,
          0.581389,
          -0.805316,
          5.054094
        ],
        [
          -0.008411,
          -0.810184,
          -0.586115,
          1.395592
        ],
        [
          0.0,
          0.0,
          0.0,
          1.0
        ]
      ]
    },
    {
      "file_path": "/media/NFS/ttao/scannet/posed_images/scene0638_00/00110.jpg",
      "transform_matrix": [
        [
          -0.993014,
          0.068414,
          -0.096134,
          2.440083
        ],
        [
          0.117992,
          0.576215,
          -0.808736,
          5.042836
        ],
        [
          6.5e-05,
          -0.81443,
          -0.580262,
          1.385665
        ],
        [
          0.0,
          0.0,
          0.0,
          1.0
        ]
      ]
    },
    {
      "file_path": "/media/NFS/ttao/scannet/posed_images/scene0638_00/00111.jpg",
      "transform_matrix": [
        [
          -0.992473,
          0.063981,
          -0.104419,
          2.42862
        ],
        [
          0.122166,
          0.576522,
          -0.807897,
          5.036584
        ],
        [
          0.00851,
          -0.814573,
          -0.579999,
          1.381216
        ],
        [
          0.0,
          0.0,
          0.0,
          1.0
        ]
      ]
    },
    {
      "file_path": "/media/NFS/ttao/scannet/posed_images/scene0638_00/00113.jpg",
      "transform_matrix": [
        [
          -0.99171,
          0.057256,
          -0.11503,
          2.396975
        ],
        [
          0.126691,
          0.585083,
          -0.801016,
          5.008243
        ],
        [
          0.021439,
          -0.80895,
          -0.587487,
          1.381361
        ],
        [
          0.0,
          0.0,
          0.0,
          1.0
        ]
      ]
    },
    {
      "file_path": "/media/NFS/ttao/scannet/posed_images/scene0638_00/00115.jpg",
      "transform_matrix": [
        [
          -0.990998,
          0.047086,
          -0.12532,
          2.366353
        ],
        [
          0.128996,
          0.586248,
          -0.799796,
          4.978206
        ],
        [
          0.035809,
          -0.808762,
          -0.587044,
          1.383451
        ],
        [
          0.0,
          0.0,
          0.0,
          1.0
        ]
      ]
    },
    {
      "file_path": "/media/NFS/ttao/scannet/posed_images/scene0638_00/00117.jpg",
      "transform_matrix": [
        [
          -0.990091,
          0.037777,
          -0.135247,
          2.33292
        ],
        [
          0.131914,
          0.580385,
          -0.803587,
          4.953496
        ],
        [
          0.048138,
          -0.813466,
          -0.579617,
          1.382053
        ],
        [
          0.0,
          0.0,
          0.0,
          1.0
        ]
      ]
    },
    {
      "file_path": "/media/NFS/ttao/scannet/posed_images/scene0638_00/00118.jpg",
      "transform_matrix": [
        [
          -0.98957,
          0.037283,
          -0.13914,
          2.31637
        ],
        [
          0.134717,
          0.581536,
          -0.802288,
          4.946117
        ],
        [
          0.051003,
          -0.812666,
          -0.580494,
          1.376585
        ],
        [
          0.0,
          0.0,
          0.0,
          1.0
        ]
      ]
    },
    {
      "file_path": "/media/NFS/ttao/scannet/posed_images/scene0638_00/00120.jpg",
      "transform_matrix": [
        [
          -0.986064,
          0.037131,
          -0.162172,
          2.321807
        ],
        [
          0.151791,
          0.599823,
          -0.785603,
          4.882497
        ],
        [
          0.068104,
          -0.799271,
          -0.597099,
          1.384538
        ],
        [
          0.0,
          0.0,
          0.0,
          1.0
        ]
      ]
    },
    {
      "file_path": "/media/NFS/ttao/scannet/posed_images/scene0638_00/00122.jpg",
      "transform_matrix": [
        [
          -0.983216,
          0.037618,
          -0.178525,
          2.290444
        ],
        [
          0.166485,
          0.585241,
          -0.793584,
          4.872381
        ],
        [
          0.074627,
          -0.809986,
          -0.581681,
          1.376252
        ],
        [
          0.0,
          0.0,
          0.0,
          1.0
        ]
      ]
    },
    {
      "file_path": "/media/NFS/ttao/scannet/posed_images/scene0638_00/00124.jpg",
      "transform_matrix": [
        [
          -0.983162,
          0.049136,
          -0.176008,
          2.272439
        ],
        [
          0.16971,
          0.602675,
          -0.779732,
          4.840239
        ],
        [
          0.067762,
          -0.796473,
          -0.600866,
          1.379429
        ],
        [
          0.0,
          0.0,
          0.0,
          1.0
        ]
      ]
    },
    {
      "file_path": "/media/NFS/ttao/scannet/posed_images/scene0638_00/00125.jpg",
      "transform_matrix": [
        [
          -0.985029,
          0.046878,
          -0.165895,
          2.25994
        ],
        [
          0.160126,
          0.605287,
          -0.779735,
          4.824944
        ],
        [
          0.063862,
          -0.794626,
          -0.603732,
          1.383243
        ],
        [
          0.0,
          0.0,
          0.0,
          1.0
        ]
      ]
    },
    {
      "file_path": "/media/NFS/ttao/scannet/posed_images/scene0638_00/00126.jpg",
      "transform_matrix": [
        [
          -0.98676,
          0.044212,
          -0.156047,
          2.240281
        ],
        [
          0.150785,
          0.604479,
          -0.78222,
          4.817677
        ],
        [
          0.059744,
          -0.795393,
          -0.603142,
          1.380794
        ],
        [
          0.0,
          0.0,
          0.0,
          1.0
        ]
      ]
    },
    {
      "file_path": "/media/NFS/ttao/scannet/posed_images/scene0638_00/00128.jpg",
      "transform_matrix": [
        [
          -0.987577,
          0.046834,
          -0.149994,
          2.213362
        ],
        [
          0.146555,
          0.618867,
          -0.771703,
          4.797596
        ],
        [
          0.056685,
          -0.784099,
