{
  "frames": [
    {
      "file_path": "/media/NFS/ttao/scannet/posed_images/scene0579_02/00001.jpg",
      "transform_matrix": [
        [
          -0.367682,
          0.487082,
          -0.792188,
          4.662438
        ],
        [
          0.928091,
          0.246059,
          -0.279468,
          1.047315
        ],
        [
          0.058801,
          -0.837978,
          -0.542527,
          1.449677
        ],
        [
          0.0,
          0.0,
          0.0,
          1.0
        ]
      ]
    },
    {
      "file_path": "/media/NFS/ttao/scannet/posed_images/scene0579_02/00002.jpg",
      "transform_matrix": [
        [
          -0.371809,
          0.486696,
          -0.790497,
          4.659437
        ],
        [
          0.926508,
          0.247575,
          -0.283354,
          1.053461
        ],
        [
          0.0578,
          -0.837755,
          -0.542979,
          1.451875
        ],
        [
          0.0,
          0.0,
          0.0,
          1.0
        ]
      ]
    },
    {
      "file_path": "/media/NFS/ttao/scannet/posed_images/scene0579_02/00004.jpg",
      "transform_matrix": [
        [
          -0.381974,
          0.482846,
          -0.788008,
          4.645389
        ],
        [
          0.922597,
          0.249013,
          -0.294632,
          1.076898
        ],
        [
          0.053963,
          -0.839555,
          -0.540588,
          1.45539
        ],
        [
          0.0,
          0.0,
          0.0,
          1.0
        ]
      ]
    },
    {
      "file_path": "/media/NFS/ttao/scannet/posed_images/scene0579_02/00006.jpg",
      "transform_matrix": [
        [
          -0.391135,
          0.475641,
          -0.787896,
          4.633234
        ],
        [
          0.918628,
          0.253866,
          -0.302779,
          1.09663
        ],
        [
          0.056006,
          -0.84221,
          -0.536233,
          1.457857
        ],
        [
          0.0,
          0.0,
          0.0,
          1.0
        ]
      ]
    },
    {
      "file_path": "/media/NFS/ttao/scannet/posed_images/scene0579_02/00009.jpg",
      "transform_matrix": [
        [
          -0.406371,
          0.470722,
          -0.783124,
          4.609017
        ],
        [
          0.910893,
          0.275936,
          -0.306811,
          1.131516
        ],
        [
          0.07167,
          -0.838022,
          -0.540909,
          1.455514
        ],
        [
          0.0,
          0.0,
          0.0,
          1.0
        ]
      ]
    },
    {
      "file_path": "/media/NFS/ttao/scannet/posed_images/scene0579_02/00010.jpg",
      "transform_matrix": [
        [
          -0.412623,
          0.468553,
          -0.781153,
          4.600101
        ],
        [
          0.907728,
          0.283034,
          -0.309713,
          1.148225
        ],
        [
          0.075976,
          -0.836869,
          -0.542105,
          1.450207
        ],
        [
          0.0,
          0.0,
          0.0,
          1.0
        ]
      ]
    },
    {
      "file_path": "/media/NFS/ttao/scannet/posed_images/scene0579_02/00012.jpg",
      "transform_matrix": [
        [
          -0.418147,
          0.470444,
          -0.777069,
          4.582891
        ],
        [
          0.903943,
          0.299949,
          -0.304826,
          1.171064
        ],
        [
          0.089678,
          -0.829887,
          -0.550677,
          1.444377
        ],
        [
          0.0,
          0.0,
          0.0,
          1.0
        ]
      ]
    },
    {
      "file_path": "/media/NFS/ttao/scannet/posed_images/scene0579_02/00015.jpg",
      "transform_matrix": [
        [
          -0.423402,
          0.481473,
          -0.767408,
          4.555942
        ],
        [
          0.901283,
          0.309664,
          -0.302981,
          1.206676
        ],
        [
          0.091762,
          -0.819934,
          -0.565056,
          1.445732
        ],
        [
          0.0,
          0.0,
          0.0,
          1.0
        ]
      ]
    },
    {
      "file_path": "/media/NFS/ttao/scannet/posed_images/scene0579_02/00017.jpg",
      "transform_matrix": [
        [
          -0.422296,
          0.4925,
          -0.760992,
          4.538858
        ],
        [
          0.9026,
          0.305839,
          -0.302945,
          1.232137
        ],
        [
          0.08354,
          -0.814804,
          -0.573685,
          1.448169
        ],
        [
          0.0,
          0.0,
          0.0,
          1.0
        ]
      ]
    },
    {
      "file_path": "/media/NFS/ttao/scannet/posed_images/scene0579_02/00018.jpg",
      "transform_matrix": [
        [
          -0.423404,
          0.493611,
          -0.759656,
          4.535074
        ],
        [
          0.902299,
          0.304884,
          -0.3048,
          1.239259
        ],
        [
          0.081155,
          -0.81449,
          -0.574474,
          1.446785
        ],
        [
          0.0,
          0.0,
          0.0,
          1.0
        ]
      ]
    },
    {
      "file_path": "/media/NFS/ttao/scannet/posed_images/scene0579_02/00020.jpg",
      "transform_matrix": [
        [
          -0.422911,
          0.498374,
          -0.756816,
          4.525421
        ],
        [
          0.902756,
          0.304165,
          -0.304165,
          1.249743
        ],
        [
          0.078609,
          -0.811854,
          -0.578544,
          1.448231
        ],
        [
          0.0,
          0.0,
          0.0,
          1.0
        ]
      ]
    },
    {
      "file_path": "/media/NFS/ttao/scannet/posed_images/scene0579_02/00023.jpg",
      "transform_matrix": [
        [
          -0.421742,
          0.50344,
          -0.75411,
          4.520175
        ],
        [
          0.903167,
          0.306762,
          -0.300311,
          1.257479
        ],
        [
          0.080144,
          -0.807741,
          -0.584065,
          1.443628
        ],
        [
          0.0,
          0.0,
          0.0,
          1.0
        ]
      ]
    },
    {
      "file_path": "/media/NFS/ttao/scannet/posed_images/scene0579_02/00025.jpg",
      "transform_matrix": [
        [
          -0.421672,
          0.505152,
          -0.753003,
          4.517029
        ],
        [
          0.903777,
          0.301326,
          -0.303959,
          1.261698
        ],
        [
          0.073354,
          -0.808718,
          -0.583605,
          1.446007
        ],
        [
          0.0,
          0.0,
          0.0,
          1.0
        ]
      ]
    },
    {
      "file_path": "/media/NFS/ttao/scannet/posed_images/scene0579_02/00026.jpg",
      "transform_matrix": [
        [
          -0.420849,
          0.503713,
          -0.754427,
          4.515489
        ],
        [
          0.904287,
          0.298762,
          -0.30497,
          1.263077
        ],
        [
          0.071777,
          -0.810564,
          -0.581235,
          1.447886
        ],
        [
          0.0,
          0.0,
          0.0,
          1.0
        ]
      ]
    },
    {
      "file_path": "/media/NFS/ttao/scannet/posed_images/scene0579_02/00028.jpg",
      "transform_matrix": [
        [
          -0.411308,
          0.498601,
          -0.763035,
          4.514162
        ],
        [
          0.908502,
          0.292052,
          -0.298881,
          1.262749
        ],
        [
          0.073824,
          -0.816151,
          -0.573103,
          1.45132
        ],
        [
          0.0,
          0.0,
          0.0,
          1.0
        ]
      ]
    },
    {
      "file_path": "/media/NFS/ttao/scannet/posed_images/scene0579_02/00030.jpg",
      "transform_matrix": [
        [
          -0.397987,
          0.494834,
          -0.772493,
          4.512856
        ],
        [
          0.914372,
          0.282226,
          -0.290297,
          1.264094
        ],
        [
          0.074369,
          -0.82188,
          -0.564785,
          1.458803
        ],
        [
          0.0,
          0.0,
          0.0,
          1.0
        ]
      ]
    },
    {
      "file_path": "/media/NFS/ttao/scannet/posed_images/scene0579_02/00033.jpg",
      "transform_matrix": [
        [
          -0.379441,
          0.491804,
          -0.783679,
          4.510126
        ],
        [
          0.922306,
          0.268184,
          -0.278261,
          1.265031
        ],
        [
          0.07332,
          -0.828376,
          -0.555354,
          1.467295
        ],
        [
          0.0,
          0.0,
          0.0,
          1.0
        ]
      ]
    },
    {
      "file_path": "/media/NFS/ttao/scannet/posed_images/scene0579_02/00035.jpg",
      "transform_matrix": [
        [
          -0.355252,
          0.494255,
          -0.793415,
          4.512678
        ],
        [
          0.931884,
          0.253915,
          -0.259076,
          1.256421
        ],
        [
          0.07341,
          -0.831408,
          -0.550792,
          1.468795
        ],
        [
          0.0,
          0.0,
          0.0,
          1.0
        ]
      ]
    },
    {
      "file_path": "/media/NFS/ttao/scannet/posed_images/scene0579_02/00037.jpg",
      "transform_matrix": [
        [
          -0.337032,
          0.495277,
          -0.800694,
          4.517381
        ],
        [
          0.938701,
          0.24222,
          -0.245296,
          1.247019
        ],
        [
          0.072454,
          -0.834284,
          -0.546553,
          1.469322
        ],
        [
          0.0,
          0.0,
          0.0,
          1.0
        ]
      ]
    },
    {
      "file_path": "/media/NFS/ttao/scannet/posed_images/scene0579_02/00038.jpg",
      "transform_matrix": [
        [
          -0.321813,
          0.493881,
          -0.807786,
          4.527395
        ],
        [
          0.944038,
          0.232534,
          -0.233923,
          1.231041
        ],
        [
          0.072308,
          -0.83786,
          -0.541075,
          1.47137
        ],
        [
          0.0,
          0.0,
          0.0,
          1.0
        ]
      ]
    },
    {
      "file_path": "/media/NFS/ttao/scannet/posed_images/scene0579_02/00040.jpg",
      "transform_matrix": [
        [
          -0.300124,
          0.488452,
          -0.819353,
          4.547293
        ],
        [
          0.951471,
          0.214556,
          -0.220612,
          1.203606
        ],
        [
          0.068039,
          -0.845802,
          -0.529141,
          1.465269
        ],
        [
          0.0,
          0.0,
          0.0,
          1.0
        ]
      ]
    },
    {
      "file_path": "/media/NFS/ttao/scannet/posed_images/scene0579_02/00042.jpg",
      "transform_matrix": [
        [
          -0.27976,
          0.486467,
          -0.827698,
          4.563184
        ],
        [
          0.958409,
          0.1922,
          -0.210978,
          1.180016
        ],
        [
          0.05645,
          -0.852296,
          -0.520004,
          1.467704
        ],
        [
          0.0,
          0.0,
          0.0,
          1.0
        ]
      ]
    },
    {
      "file_path": "/media/NFS/ttao/scannet/posed_images/scene0579_02/00045.jpg",
      "transform_matrix": [
        [
          -0.232692,
          0.48481,
          -0.843098,
          4.588398
        ],
        [
          0.971163,
          0.16212,
          -0.174813,
          1.133357
        ],
        [
          0.051932,
          -0.859463,
          -0.508553,
          1.473223
        ],
        [
          0.0,
          0.0,
          0.0,
          1.0
        ]
      ]
    },
    {
      "file_path": "/media/NFS/ttao/scannet/posed_images/scene0579_02/00047.jpg",
      "transform_matrix": [
        [
          -0.209227,
          0.483059,
          -0.850223,
          4.608303
        ],
        [
          0.977032,
          0.139196,
          -0.161348,
          1.108369
        ],
        [
          0.040407,
          -0.864453,
          -0.501088,
          1.468277
        ],
        [
          0.0,
          0.0,
          0.0,
          1.0
        ]
      ]
    },
    {
      "file_path": "/media/NFS/ttao/scannet/posed_images/scene0579_02/00048.jpg",
      "transform_matrix": [
        [
          -0.195495,
          0.486288,
          -0.851649,
          4.615849
        ],
        [
          0.979683,
          0.136471,
          -0.146961,
          1.08993
        ],
        [
          0.04476,
          -0.863076,
          -0.503087,
          1.469138
        ],
        [
          0.0,
          0.0,
          0.0,
          1.0
        ]
      ]
    },
    {
      "file_path": "/media/NFS/ttao/scannet/posed_images/scene0579_02/00051.jpg",
      "transform_matrix": [
        [
          -0.159957,
          0.493773,
          -0.854753,
          4.635787
        ],
        [
          0.985671,
          0.126866,
          -0.111168,
          1.051996
        ],
        [
          0.053547,
          -0.860287,
          -0.50699,
          1.455643
        ],
        [
          0.0,
          0.0,
          0.0,
          1.0
        ]
      ]
    },
    {
      "file_path": "/media/NFS/ttao/scannet/posed_images/scene0579_02/00053.jpg",
      "transform_matrix": [
        [
          -0.135638,
          0.496403,
          -0.85743,
          4.645854
        ],
        [
          0.98859,
          0.125045,
          -0.083992,
          1.026139
        ],
        [
          0.065523,
          -0.859039,
          -0.5077,
          1.448071
        ],
        [
          0.0,
          0.0,
          0.0,
          1.0
        ]
      ]
    },
    {
      "file_path": "/media/NFS/ttao/scannet/posed_images/scene0579_02/00055.jpg",
      "transform_matrix": [
        [
          -0.114434,
          0.500653,
          -0.858051,
          4.651881
        ],
        [
          0.99045,
          0.124355,
          -0.059533,
          0.999562
        ],
        [
          0.076897,
          -0.85667,
          -0.510102,
          1.442914
        ],
        [
          0.0,
          0.0,
          0.0,
          1.0
        ]
      ]
    },
    {
      "file_path": "/media/NFS/ttao/scannet/posed_images/scene0579_02/00057.jpg",
      "transform_matrix": [
        [
          -0.09735,
          0.503783,
          -0.858327,
          4.654035
        ],
        [
          0.990825,
          0.130298,
          -0.035901,
          0.972673
        ],
        [
          0.093752,
          -0.853947,
          -0.511845,
          1.432438
        ],
        [
          0.0,
          0.0,
          0.0,
          1.0
        ]
      ]
    },
    {
      "file_path": "/media/NFS/ttao/scannet/posed_images/scene0579_02/00059.jpg",
      "transform_matrix": [
        [
          -0.08315,
          0.508992,
          -0.856746,
          4.648303
        ],
        [
          0.990355,
          0.137819,
          -0.014239,
          0.950751
        ],
        [
          0.110828,
          -0.849666,
          -0.515543,
          1.426068
        ],
        [
          0.0,
          0.0,
          0.0,
          1.0
        ]
      ]
    },
    {
      "file_path": "/media/NFS/ttao/scannet/posed_images/scene0579_02/00060.jpg",
      "transform_matrix": [
        [
          -0.072846,
          0.512769,
          -0.855431,
          4.645718
        ],
        [
          0.990462,
          0.137777,
          -0.001757,
          0.930764
        ],
        [
          0.116958,
          -0.847399,
          -0.517914,
          1.426653
        ],
        [
          0.0,
          0.0,
          0.0,
          1.0
        ]
      ]
    },
    {
      "file_path": "/media/NFS/ttao/scannet/posed_images/scene0579_02/00063.jpg",
      "transform_matrix": [
        [
          -0.064191,
          0.508736,
          -0.858526,
          4.636636
        ],
        [
          0.991516,
          0.129952,
          0.002871,
          0.891058
        ],
        [
          0.113027,
          -0.851058,
          -0.512762,
          1.423071
        ],
        [
          0.0,
          0.0,
          0.0,
          1.0
        ]
      ]
    },
    {
      "file_path": "/media/NFS/ttao/scannet/posed_images/scene0579_02/00065.jpg",
      "transform_matrix": [
        [
          -0.045723,
          0.505541,
          -0.86159,
          4.625577
        ],
        [
          0.994243,
          0.1067,
          0.009844,
          0.856973
        ],
        [
          0.096908,
          -0.856179,
          -0.507509,
          1.424301
        ],
        [
          0.0,
          0.0,
          0.0,
          1.0
        ]
      ]
    },
    {
      "file_path": "/media/NFS/ttao/scannet/posed_images/scene0579_02/00066.jpg",
      "transform_matrix": [
        [
          -0.031134,
          0.499411,
          -0.865806,
          4.620947
        ],
        [
          0.99555,
          0.09258,
          0.017602,
          0.839939
        ],
        [
          0.088947,
          -0.861404,
          -0.500071,
          1.419889
        ],
        [
          0.0,
          0.0,
          0.0,
          1.0
        ]
      ]
    },
    {
      "file_path": "/media/NFS/ttao/scannet/posed_images/scene0579_02/00068.jpg",
      "transform_matrix": [
        [
          0.009253,
          0.490947,
          -0.87114,
          4.603885
        ],
        [
          0.997155,
          0.060647,
          0.044771,
          0.805649
        ],
        [
          0.074812,
          -0.869076,
          -0.488989,
          1.423005
        ],
        [
          0.0,
          0.0,
          0.0,
          1.0
        ]
      ]
    },
    {
      "file_path": "/media/NFS/ttao/scannet/posed_images/scene0579_02/00071.jpg",
      "transform_matrix": [
        [
          0.077446,
          0.480806,
          -0.8734,
          4.579751
        ],
        [
          0.995576,
          0.009452,
          0.093483,
          0.755014
        ],
        [
          0.053203,
          -0.876776,
          -0.477947,
          1.431863
        ],
        [
          0.0,
          0.0,
          0.0,
          1.0
        ]
      ]
    },
    {
      "file_path": "/media/NFS/ttao/scannet/posed_images/scene0579_02/00072.jpg",
      "transform_matrix": [
        [
          0.089453,
          0.481235,
          -0.872015,
          4.575012
        ],
        [
          0.994805,
          -0.000461,
          0.101795,
          0.744795
        ],
        [
          0.048586,
          -0.876591,
          -0.478777,
          1.435511
        ],
        [
          0.0,
          0.0,
          0.0,
          1.0
        ]
      ]
    },
    {
      "file_path": "/media/NFS/ttao/scannet/posed_images/scene0579_02/00074.jpg",
      "transform_matrix": [
        [
          0.123795,
          0.491555,
          -0.862003,
          4.56419
        ],
        [
          0.991567,
          -0.02771,
          0.1266,
          0.716716
        ],
        [
          0.038345,
          -0.870406,
          -0.49084,
          1.438197
        ],
        [
          0.0,
          0.0,
          0.0,
          1.0
        ]
      ]
    },
    {
      "file_path": "/media/NFS/ttao/scannet/posed_images/scene0579_02/00077.jpg",
      "transform_matrix": [
        [
          0.156636,
          0.48226,
          -0.861911,
          4.551013
        ],
        [
          0.987473,
          -0.059636,
          0.146087,
          0.680046
        ],
        [
          0.019051,
          -0.873996,
          -0.48556,
          1.44857
        ],
        [
          0.0,
          0.0,
          0.0,
          1.0
        ]
      ]
    },
    {
      "file_path": "/media/NFS/ttao/scannet/posed_images/scene0579_02/00078.jpg",
      "transform_matrix": [
        [
          0.168266,
          0.47796,
          -0.862114,
          4.548726
        ],
        [
          0.985631,
          -0.068442,
          0.154429,
          0.668265
        ],
        [
          0.014806,
          -0.875711,
          -0.482608,
          1.448303
        ],
        [
          0.0,
          0.0,
          0.0,
          1.0
        ]
      ]
    },
    {
      "file_path": "/media/NFS/ttao/scannet/posed_images/scene0579_02/00081.jpg",
      "transform_matrix": [
        [
          0.219048,
          0.475696,
          -0.851899,
          4.542205
        ],
        [
          0.975686,
          -0.100122,
          0.19497,
          0.627987
        ],
        [
          0.007453,
          -0.873893,
          -0.486061,
          1.437721
        ],
        [
          0.0,
          0.0,
          0.0,
          1.0
        ]
      ]
    },
    {
      "file_path": "/media/NFS/ttao/scannet/posed_images/scene0579_02/00083.jpg",
      "transform_matrix": [
        [
          0.28099,
          0.476402,
          -0.833118,
          4.533488
        ],
        [
          0.959643,
          -0.129152,
          0.249811,
          0.580906
        ],
        [
          0.011412,
          -0.86969,
          -0.493466,
          1.442997
        ],
        [
          0.0,
          0.0,
          0.0,
          1.0
        ]
      ]
    },
    {
      "file_path": "/media/NFS/ttao/scannet/posed_images/scene0579_02/00084.jpg",
      "transform_matrix": [
        [
          0.300125,
          0.471227,
          -0.829379,
          4.535306
        ],
        [
          0.953844,
          -0.138861,
          0.266269,
          0.564846
        ],
        [
          0.010305,
          -0.871012,
          -0.491153,
          1.441235
        ],
        [
          0.0,
          0.0,
          0.0,
          1.0
        ]
      ]
    },
    {
      "file_path": "/media/NFS/ttao/scannet/posed_images/scene0579_02/00087.jpg",
      "transform_matrix": [
        [
          0.346455,
          0.471509,
          -0.810955,
          4.533973
        ],
        [
          0.938025,
          -0.182327,
          0.294732,
          0.519599
        ],
        [
          -0.00889,
          -0.862807,
          -0.505455,
          1.445739
        ],
        [
          0.0,
          0.0,
          0.0,
          1.0
        ]
      ]
    },
    {
      "file_path": "/media/NFS/ttao/scannet/posed_images/scene0579_02/00088.jpg",
      "transform_matrix": [
        [
          0.35415,
          0.472358,
          -0.807128,
          4.533626
        ],
        [
          0.935116,
          -0.189605,
          0.299345,
          0.507234
        ],
        [
          -0.011638,
          -0.860772,
          -0.508858,
          1.446459
        ],
        [
          0.0,
          0.0,
          0.0,
          1.0
        ]
      ]
    },
    {
      "file_path": "/media/NFS/ttao/scannet/posed_images/scene0579_02/00091.jpg",
      "transform_matrix": [
        [
          0.37627,
          0.474787,
          -0.795612,
          4.531936
        ],
        [
          0.926455,
          -0.20219,
          0.317492,
          0.468471
        ],
        [
          -0.010124,
          -0.856561,
          -0.515946,
          1.441635
        ],
        [
          0.0,
          0.0,
          0.0,
          1.0
        ]
      ]
    },
    {
      "file_path": "/media/NFS/ttao/scannet/posed_images/scene0579_02/00092.jpg",
      "transform_matrix": [
        [
          0.381409,
          0.476942,
          -0.791867,
          4.531527
        ],
        [
          0.924379,
          -0.203464,
          0.322687,
          0.457526
        ],
        [
          -0.007214,
          -0.855061,
          -0.518478,
          1.439724
        ],
        [
          0.0,
          0.0,
          0.0,
          1.0
        ]
      ]
    },
    {
      "file_path": "/media/NFS/ttao/scannet/posed_images/scene0579_02/00095.jpg",
      "transform_matrix": [
        [
          0.400626,
          0.488169,
          -0.775364,
          4.528361
        ],
        [
          0.916231,
          -0.209314,
          0.341627,
          0.430868
        ],
        [
          0.004477,
          -0.847277,
          -0.531132,
          1.431666
        ],
        [
          0.0,
          0.0,
          0.0,
          1.0
        ]
      ]
    },
    {
      "file_path": "/media/NFS/ttao/scannet/posed_images/scene0579_02/00097.jpg",
      "transform_matrix": [
        [
          0.408872,
          0.49569,
          -0.766234,
          4.522698
        ],
        [
          0.912536,
          -0.212816,
          0.349267,
          0.420161
        ],
        [
          0.010061,
          -0.842022,
          -0.539349,
          1.434423
        ],
        [
          0.0,
          0.0,
          0.0,
          1.0
        ]
      ]
    },
    {
      "file_path": "/media/NFS/ttao/scannet/posed_images/scene0579_02/00099.jpg",
      "transform_matrix": [
        [
          0.416444,
          0.488048,
          -0.767061,
          4.522241
        ],
        [
          0.909031,
          -0.209229,
          0.360397,
          0.41325
        ],
        [
          0.0154,
          -0.847368,
          -0.530783,
          1.431825
        ],
        [
          0.0,
          0.0,
          0.0,
          1.0
        ]
      ]
    },
    {
      "file_path": "/media/NFS/ttao/scannet/posed_images/scene0579_02/00100.jpg",
      "transform_matrix": [
        [
          0.421941,
          0.486489,
          -0.765045,
          4.521096
        ],
        [
          0.906444,
          -0.209612,
          0.366636,
          0.408278
        ],
        [
          0.018002,
          -0.84817,
          -0.529419,
          1.435659
        ],
        [
          0.0,
          0.0,
          0.0,
          1.0
        ]
      ]
    },
    {
      "file_path": "/media/NFS/ttao/scannet/posed_images/scene0579_02/00102.jpg",
      "transform_matrix": [
        [
          0.431036,
          0.4809,
          -0.763507,
          4.517781
        ],
        [
          0.902056,
          -0.208633,
          0.377845,
          0.410713
        ],
        [
          0.022413,
          -0.851591,
          -0.523728,
          1.443582
        ],
        [
          0.0,
          0.0,
          0.0,
          1.0
        ]
      ]
    },
    {
      "file_path": "/media/NFS/ttao/scannet/posed_images/scene0579_02/00104.jpg",
      "transform_matrix": [
        [
          0.450853,
          0.465748,
          -0.761453,
          4.518627
        ],
        [
          0.892302,
          -0.213205,
          0.39792,
          0.414278
        ],
        [
          0.022985,
          -0.858849,
          -0.511712,
          1.445912
        ],
        [
          0.0,
          0.0,
          0.0,
          1.0
        ]
      ]
    },
    {
      "file_path": "/media/NFS/ttao/scannet/posed_images/scene0579_02/00107.jpg",
      "transform_matrix": [
        [
          0.482458,
          0.442014,
          -0.756213,
          4.520787
        ],
        [
          0.875642,
          -0.221666,
          0.429087,
          0.432407
        ],
        [
          0.022036,
          -0.869188,
          -0.493991,
          1.452516
        ],
        [
          0.0,
          0.0,
          0.0,
          1.0
        ]
      ]
    },
    {
      "file_path": "/media/NFS/ttao/scannet/posed_images/scene0579_02/00109.jpg",
      "transform_matrix": [
        [
          0.500958,
          0.42659,
          -0.753035,
          4.524157
        ],
        [
          0.865374,
          -0.233848,
          0.443218,
          0.452211
        ],
        [
          0.012976,
          -0.873691,
          -0.486308,
          1.456899
        ],
        [
          0.0,
          0.0,
          0.0,
          1.0
        ]
      ]
    },
    {
      "file_path": "/media/NFS/ttao/scannet/posed_images/scene0579_02/00110.jpg",
      "transform_matrix": [
        [
          0.507866,
          0.419912,
          -0.752161,
          4.523194
        ],
        [
          0.861411,
          -0.240915,
          0.447137,
          0.463132
        ],
        [
          0.006551,
          -0.875005,
          -0.484069,
          1.461479
        ],
        [
          0.0,
          0.0,
          0.0,
          1.0
        ]
      ]
    },
    {
      "file_path": "/media/NFS/ttao/scannet/posed_images/scene0579_02/00112.jpg",
      "transform_matrix": [
        [
          0.519964,
          0.406769,
          -0.751117,
          4.525207
        ],
        [
          0.854184,
          -0.250669,
          0.455561,
          0.491828
        ],
        [
          -0.002974,
          -0.878467,
          -0.477794,
          1.470212
        ],
        [
          0.0,
          0.0,
          0.0,
          1.0
        ]
      ]
    },
    {
      "file_path": "/media/NFS/ttao/scannet/posed_images/scene0579_02/00115.jpg",
      "transform_matrix": [
        [
          0.53441,
          0.376543,
          -0.756718,
          4.530566
        ],
        [
          0.845099,
          -0.253507,
          0.470682,
          0.531719
        ],
        [
          -0.014601,
          -0.891039,
          -0.453693,
          1.478598
        ],
        [
          0.0,
          0.0,
          0.0,
          1.0
        ]
      ]
    },
    {
      "file_path": "/media/NFS/ttao/scannet/posed_images/scene0579_02/00117.jpg",
      "transform_matrix": [
        [
          0.538011,
          0.359417,
          -0.762472,
          4.534626
        ],
        [
          0.84269,
          -0.251279,
          0.476165,
          0.558953
        ],
        [
          -0.020451,
          -0.898709,
          -0.438068,
          1.483604
        ],
        [
          0.0,
          0.0,
          0.0,
          1.0
        ]
      ]
    },
    {
      "file_path": "/media/NFS/ttao/scannet/posed_images/scene0579_02/00120.jpg",
      "transform_matrix": [
        [
          0.542272,
          0.34335,
          -0.766845,
          4.533209
        ],
        [
          0.839732,
          -0.252044,
          0.480962,
          0.588513
        ],
        [
          -0.02814,
          -0.904757,
          -0.424998,
          1.496097
        ],
        [
          0.0,
          0.0,
          0.0,
          1.0
        ]
      ]
    },
    {
      "file_path": "/media/NFS/ttao/scannet/posed_images/scene0579_02/00122.jpg",
      "transform_matrix": [
        [
          0.54069,
          0.334806,
          -0.771725,
          4.536161
        ],
        [
          0.840686,
          -0.247804,
          0.481499,
          0.617782
        ],
        [
          -0.030028,
          -0.90912,
          -0.415452,
          1.5041
        ],
        [
          0.0,
          0.0,
          0.0,
          1.0
        ]
      ]
    },
    {
      "file_path": "/media/NFS/ttao/scannet/posed_images/scene0579_02/00124.jpg",
      "transform_matrix": [
        [
          0.543725,
          0.331798,
          -0.770891,
          4.536021
        ],
        [
          0.838885,
          -0.242436,
          0.487336,
          0.639274
        ],
        [
          -0.025195,
          -0.911666,
          -0.410159,
          1.507379
        ],
        [
          0.0,
          0.0,
          0.0,
          1.0
        ]
      ]
    },
    {
      "file_path": "/media/NFS/ttao/scannet/posed_images/scene0579_02/00125.jpg",
      "transform_matrix": [
        [
          0.543845,
          0.332795,
          -0.770376,
          4.537222
        ],
        [
          0.838846,
          -0.241709,
          0.487765,
          0.653171
        ],
        [
          -0.023881,
          -0.911496,
          -0.410616,
          1.509472
        ],
        [
          0.0,
          0.0,
          0.0,
          1.0
        ]
      ]
    },
    {
      "file_path": "/media/NFS/ttao/scannet/posed_images/scene0579_02/00128.jpg",
      "transform_matrix": [
        [
          0.550587,
          0.338045,
          -0.763269,
          4.538704
        ],
        [
          0.834563,
          -0.243676,
          0.494092,
          0.682548
        ],
        [
          -0.018965,
          -0.909037,
          -0.416285,
          1.509199
        ],
        [
          0.0,
          0.0,
          0.0,
          1.0
        ]
      ]
    },
    {
      "file_path": "/media/NFS/ttao/scannet/posed_images/scene0579_02/00129.jpg",
      "transform_matrix": [
        [
          0.553205,
          0.336986,
          -0.761843,
          4.539755
        ],
        [
          0.832828,
          -0.244611,
          0.496551,
          0.695022
        ],
        [
          -0.019025,
          -0.909178,
          -0.415972,
          1.509721
        ],
        [
          0.0,
          0.0,
          0.0,
          1.0
        ]
      ]
    },
    {
      "file_path": "/media/NFS/ttao/scannet/posed_images/scene0579_02/00131.jpg",
      "transform_matrix": [
        [
          0.55991,
          0.333372,
          -0.758528,
          4.544087
        ],
        [
          0.828391,
          -0.243373,
          0.504518,
          0.714388
        ],
        [
          -0.016413,
          -0.910842,
          -0.412429,
          1.503719
        ],
        [
          0.0,
          0.0,
          0.0,
          1.0
        ]
      ]
    },
    {
      "file_path": "/media/NFS/ttao/scannet/posed_images/scene0579_02/00134.jpg",
      "transform_matrix": [
        [
          0.574869,
          0.330047,
          -0.748729,
          4.552383
        ],
        [
          0.818096,
          -0.249361,
          0.518207,
          0.750804
        ],
        [
          -0.015671,
          -0.910433,
          -0.41336,
          1.504104
        ],
        [
          0.0,
          0.0,
          0.0,
          1.0
        ]
      ]
    },
    {
      "file_path": "/media/NFS/ttao/scannet/posed_images/scene0579_02/00135.jpg",
      "transform_matrix": [
        [
          0.579456,
          0.330639,
          -0.744922,
          4.553919
        ],
        [
          0.814889,
          -0.250414,
          0.522733,
          0.763384
        ],
        [
          -0.013703,
          -0.909929,
          -0.414538,
          1.506199
        ],
        [
          0.0,
          0.0,
          0.0,
          1.0
        ]
      ]
    },
    {
      "file_path": "/media/NFS/ttao/scannet/posed_images/scene0579_02/00137.jpg",
      "transform_matrix": [
        [
          0.592148,
          0.324498,
          -0.737606,
          4.555481
        ],
        [
          0.805757,
          -0.250682,
          0.536577,
          0.781483
        ],
        [
          -0.010787,
          -0.912063,
          -0.409907,
          1.506007
        ],
        [
          0.0,
          0.0,
          0.0,
          1.0
        ]
      ]
    },
    {
      "file_path": "/media/NFS/ttao/scannet/posed_images/scene0579_02/00140.jpg",
      "transform_matrix": [
        [
          0.60709,
          0.306478,
          -0.733153,
          4.554078
        ],
        [
          0.794624,
          -0.238634,
          0.558235,
          0.796088
        ],
        [
          -0.003869,
          -0.92148,
          -0.388407,
          1.514307
        ],
        [
          0.0,
          0.0,
          0.0,
          1.0
        ]
      ]
    },
    {
      "file_path": "/media/NFS/ttao/scannet/posed_images/scene0579_02/00142.jpg",
      "transform_matrix": [
        [
          0.622222,
          0.294169,
          -0.725468,
          4.547263
        ],
        [
          0.782838,
          -0.231623,
          0.577508,
          0.814595
        ],
        [
          0.001849,
          -0.927262,
          -0.374407,
          1.53116
        ],
        [
          0.0,
          0.0,
          0.0,
          1.0
        ]
      ]
    },
    {
      "file_path": "/media/NFS/ttao/scannet/posed_images/scene0579_02/00143.jpg",
      "transform_matrix": [
        [
          0.627767,
          0.290655,
          -0.7221,
          4.547546
        ],
        [
          0.77838,
          -0.227553,
          0.585102,
          0.823508
        ],
        [
          0.005747,
          -0.929376,
          -0.36909,
          1.539753
        ],
        [
          0.0,
          0.0,
          0.0,
          1.0
        ]
      ]
    },
    {
      "file_path": "/media/NFS/ttao/scannet/posed_images/scene0579_02/00146.jpg",
      "transform_matrix": [
        [
          0.658803,
          0.264088,
          -0.70444,
          4.544247
        ],
        [
          0.752202,
          -0.214968,
          0.622881,
          0.839394
        ],
        [
          0.013064,
          -0.940237,
          -0.340269,
          1.550107
        ],
        [
          0.0,
          0.0,
          0.0,
          1.0
        ]
      ]
    },
    {
      "file_path": "/media/NFS/ttao/scannet/posed_images/scene0579_02/00148.jpg",
      "transform_matrix": [
        [
          0.679521,
          0.25001,
          -0.689744,
          4.539814
        ],
        [
          0.733541,
          -0.214845,
          0.644794,
          0.848306
        ],
        [
          0.013017,
          -0.944106,
          -0.329385,
          1.555074
        ],
        [
          0.0,
          0.0,
          0.0,
          1.0
        ]
      ]
    },
    {
      "file_path": "/media/NFS/ttao/scannet/posed_images/scene0579_02/00149.jpg",
      "transform_matrix": [
        [
          0.68906,
          0.242398,
          -0.682964,
          4.534726
        ],
        [
          0.724581,
          -0.21305,
          0.655433,
          0.851371
        ],
        [
          0.01337,
          -0.946495,
          -0.322441,
          1.558298
        ],
        [
          0.0,
          0.0,
          0.0,
          1.0
        ]
      ]
    },
    {
      "file_path": "/media/NFS/ttao/scannet/posed_images/scene0579_02/00151.jpg",
      "transform_matrix": [
        [
          0.699826,
          0.22344,
          -0.678467,
          4.54422
        ],
        [
          0.714249,
          -0.206183,
          0.668832,
          0.871599
        ],
        [
          0.009556,
          -0.952661,
          -0.303884,
          1.553243
        ],
        [
          0.0,
          0.0,
          0.0,
          1.0
        ]
      ]
    },
    {
      "file_path": "/media/NFS/ttao/scannet/posed_images/scene0579_02/00154.jpg",
      "transform_matrix": [
        [
          0.726136,
          0.205379,
          -0.65616,
          4.527162
        ],
        [
          0.687511,
          -0.206663,
          0.696146,
          0.883386
        ],
        [
          0.00737,
          -0.956614,
          -0.291266,
          1.560924
        ],
        [
          0.0,
          0.0,
          0.0,
          1.0
        ]
      ]
    },
    {
      "file_path": "/media/NFS/ttao/scannet/posed_images/scene0579_02/00155.jpg",
      "transform_matrix": [
        [
          0.738017,
          0.200234,
          -0.644389,
          4.517608
        ],
        [
          0.674759,
          -0.211165,
          0.707184,
          0.880625
        ],
        [
          0.00553,
          -0.956721,
          -0.290953,
          1.560178
        ],
        [
          0.0,
          0.0,
