{
  "frames": [
    {
      "file_path": "/media/NFS/ttao/scannet/posed_images/scene0347_02/00000.jpg",
      "transform_matrix": [
        [
          -0.994955,
          0.054856,
          -0.084001,
          1.728855
        ],
        [
          0.096595,
          0.297564,
          -0.949803,
          1.698221
        ],
        [
          -0.027106,
          -0.953125,
          -0.301361,
          1.476273
        ],
        [
          0.0,
          0.0,
          0.0,
          1.0
        ]
      ]
    },
    {
      "file_path": "/media/NFS/ttao/scannet/posed_images/scene0347_02/00003.jpg",
      "transform_matrix": [
        [
          -0.995461,
          0.058675,
          -0.074938,
          1.718816
        ],
        [
          0.089927,
          0.321972,
          -0.942469,
          1.680558
        ],
        [
          -0.031171,
          -0.944929,
          -0.325786,
          1.467346
        ],
        [
          0.0,
          0.0,
          0.0,
          1.0
        ]
      ]
    },
    {
      "file_path": "/media/NFS/ttao/scannet/posed_images/scene0347_02/00007.jpg",
      "transform_matrix": [
        [
          -0.995869,
          0.048522,
          -0.07675,
          1.718361
        ],
        [
          0.089217,
          0.365664,
          -0.926461,
          1.66714
        ],
        [
          -0.016889,
          -0.929481,
          -0.368482,
          1.447726
        ],
        [
          0.0,
          0.0,
          0.0,
          1.0
        ]
      ]
    },
    {
      "file_path": "/media/NFS/ttao/scannet/posed_images/scene0347_02/00014.jpg",
      "transform_matrix": [
        [
          -0.99958,
          0.008082,
          -0.027821,
          1.736014
        ],
        [
          0.028457,
          0.454099,
          -0.890496,
          1.666123
        ],
        [
          0.005437,
          -0.890914,
          -0.454139,
          1.401359
        ],
        [
          0.0,
          0.0,
          0.0,
          1.0
        ]
      ]
    },
    {
      "file_path": "/media/NFS/ttao/scannet/posed_images/scene0347_02/00016.jpg",
      "transform_matrix": [
        [
          -0.999673,
          -0.000391,
          -0.025579,
          1.742904
        ],
        [
          0.022386,
          0.470615,
          -0.882055,
          1.669361
        ],
        [
          0.012383,
          -0.882339,
          -0.470452,
          1.389705
        ],
        [
          0.0,
          0.0,
          0.0,
          1.0
        ]
      ]
    },
    {
      "file_path": "/media/NFS/ttao/scannet/posed_images/scene0347_02/00018.jpg",
      "transform_matrix": [
        [
          -0.999572,
          -0.012854,
          -0.026289,
          1.750959
        ],
        [
          0.016675,
          0.488072,
          -0.872644,
          1.678113
        ],
        [
          0.024048,
          -0.872708,
          -0.487649,
          1.375154
        ],
        [
          0.0,
          0.0,
          0.0,
          1.0
        ]
      ]
    },
    {
      "file_path": "/media/NFS/ttao/scannet/posed_images/scene0347_02/00025.jpg",
      "transform_matrix": [
        [
          -0.999371,
          -0.015987,
          -0.031656,
          1.769754
        ],
        [
          0.018005,
          0.540294,
          -0.841284,
          1.708471
        ],
        [
          0.030554,
          -0.841325,
          -0.539666,
          1.350698
        ],
        [
          0.0,
          0.0,
          0.0,
          1.0
        ]
      ]
    },
    {
      "file_path": "/media/NFS/ttao/scannet/posed_images/scene0347_02/00029.jpg",
      "transform_matrix": [
        [
          -0.999158,
          -0.020904,
          -0.035304,
          1.792939
        ],
        [
          0.017487,
          0.561426,
          -0.827342,
          1.741604
        ],
        [
          0.037115,
          -0.827263,
          -0.560588,
          1.336517
        ],
        [
          0.0,
          0.0,
          0.0,
          1.0
        ]
      ]
    },
    {
      "file_path": "/media/NFS/ttao/scannet/posed_images/scene0347_02/00032.jpg",
      "transform_matrix": [
        [
          -0.999291,
          -0.011406,
          -0.035876,
          1.810327
        ],
        [
          0.023028,
          0.568697,
          -0.822224,
          1.760032
        ],
        [
          0.029781,
          -0.822468,
          -0.568031,
          1.333602
        ],
        [
          0.0,
          0.0,
          0.0,
          1.0
        ]
      ]
    },
    {
      "file_path": "/media/NFS/ttao/scannet/posed_images/scene0347_02/00035.jpg",
      "transform_matrix": [
        [
          -0.999383,
          -0.005379,
          -0.034716,
          1.821634
        ],
        [
          0.025488,
          0.569061,
          -0.8219,
          1.778583
        ],
        [
          0.024176,
          -0.822278,
          -0.568573,
          1.328381
        ],
        [
          0.0,
          0.0,
          0.0,
          1.0
        ]
      ]
    },
    {
      "file_path": "/media/NFS/ttao/scannet/posed_images/scene0347_02/00040.jpg",
      "transform_matrix": [
        [
          -0.99844,
          0.008525,
          -0.055177,
          1.838696
        ],
        [
          0.049578,
          0.589868,
          -0.805976,
          1.78833
        ],
        [
          0.025676,
          -0.807454,
          -0.589371,
          1.320856
        ],
        [
          0.0,
          0.0,
          0.0,
          1.0
        ]
      ]
    },
    {
      "file_path": "/media/NFS/ttao/scannet/posed_images/scene0347_02/00041.jpg",
      "transform_matrix": [
        [
          -0.998287,
          0.013188,
          -0.057002,
          1.837937
        ],
        [
          0.053656,
          0.594812,
          -0.802072,
          1.784368
        ],
        [
          0.023328,
          -0.803756,
          -0.594501,
          1.324122
        ],
        [
          0.0,
          0.0,
          0.0,
          1.0
        ]
      ]
    },
    {
      "file_path": "/media/NFS/ttao/scannet/posed_images/scene0347_02/00045.jpg",
      "transform_matrix": [
        [
          -0.997747,
          0.027311,
          -0.061279,
          1.8333
        ],
        [
          0.065718,
          0.581589,
          -0.810824,
          1.776635
        ],
        [
          0.013495,
          -0.813024,
          -0.582074,
          1.325891
        ],
        [
          0.0,
          0.0,
          0.0,
          1.0
        ]
      ]
    },
    {
      "file_path": "/media/NFS/ttao/scannet/posed_images/scene0347_02/00049.jpg",
      "transform_matrix": [
        [
          -0.997712,
          0.026086,
          -0.062374,
          1.8205
        ],
        [
          0.066345,
          0.555329,
          -0.82898,
          1.751894
        ],
        [
          0.013014,
          -0.831221,
          -0.555789,
          1.332319
        ],
        [
          0.0,
          0.0,
          0.0,
          1.0
        ]
      ]
    },
    {
      "file_path": "/media/NFS/ttao/scannet/posed_images/scene0347_02/00053.jpg",
      "transform_matrix": [
        [
          -0.998036,
          0.027448,
          -0.056306,
          1.795091
        ],
        [
          0.06236,
          0.52016,
          -0.851789,
          1.723831
        ],
        [
          0.005908,
          -0.853627,
          -0.520851,
          1.335344
        ],
        [
          0.0,
          0.0,
          0.0,
          1.0
        ]
      ]
    },
    {
      "file_path": "/media/NFS/ttao/scannet/posed_images/scene0347_02/00060.jpg",
      "transform_matrix": [
        [
          -0.996754,
          0.033992,
          -0.072988,
          1.706261
        ],
        [
          0.080382,
          0.47219,
          -0.877824,
          1.625121
        ],
        [
          0.004626,
          -0.880841,
          -0.47339,
          1.363756
        ],
        [
          0.0,
          0.0,
          0.0,
          1.0
        ]
      ]
    },
    {
      "file_path": "/media/NFS/ttao/scannet/posed_images/scene0347_02/00063.jpg",
      "transform_matrix": [
        [
          -0.995829,
          0.040994,
          -0.081515,
          1.670482
        ],
        [
          0.091225,
          0.464648,
          -0.880784,
          1.586203
        ],
        [
          0.001769,
          -0.884546,
          -0.466449,
          1.3797
        ],
        [
          0.0,
          0.0,
          0.0,
          1.0
        ]
      ]
    },
    {
      "file_path": "/media/NFS/ttao/scannet/posed_images/scene0347_02/00067.jpg",
      "transform_matrix": [
        [
          -0.995722,
          0.04503,
          -0.080691,
          1.633911
        ],
        [
          0.09235,
          0.454695,
          -0.885846,
          1.543765
        ],
        [
          -0.0032,
          -0.889508,
          -0.456908,
          1.392156
        ],
        [
          0.0,
          0.0,
          0.0,
          1.0
        ]
      ]
    },
    {
      "file_path": "/media/NFS/ttao/scannet/posed_images/scene0347_02/00068.jpg",
      "transform_matrix": [
        [
          -0.995211,
          0.052563,
          -0.082422,
          1.620548
        ],
        [
          0.097361,
          0.457289,
          -0.883973,
          1.522828
        ],
        [
          -0.008774,
          -0.887763,
          -0.460216,
          1.398686
        ],
        [
          0.0,
          0.0,
          0.0,
          1.0
        ]
      ]
    },
    {
      "file_path": "/media/NFS/ttao/scannet/posed_images/scene0347_02/00075.jpg",
      "transform_matrix": [
        [
          -0.99511,
          0.064239,
          -0.075026,
          1.589677
        ],
        [
          0.095694,
          0.438927,
          -0.893413,
          1.461786
        ],
        [
          -0.024461,
          -0.896224,
          -0.442928,
          1.420186
        ],
        [
          0.0,
          0.0,
          0.0,
          1.0
        ]
      ]
    },
    {
      "file_path": "/media/NFS/ttao/scannet/posed_images/scene0347_02/00078.jpg",
      "transform_matrix": [
        [
          -0.996481,
          0.065959,
          -0.051726,
          1.577826
        ],
        [
          0.07512,
          0.42891,
          -0.900218,
          1.428599
        ],
        [
          -0.037191,
          -0.900936,
          -0.432355,
          1.427236
        ],
        [
          0.0,
          0.0,
          0.0,
          1.0
        ]
      ]
    },
    {
      "file_path": "/media/NFS/ttao/scannet/posed_images/scene0347_02/00079.jpg",
      "transform_matrix": [
        [
          -0.996694,
          0.065122,
          -0.048583,
          1.577027
        ],
        [
          0.071823,
          0.426663,
          -0.901555,
          1.42099
        ],
        [
          -0.037983,
          -0.902063,
          -0.429929,
          1.427965
        ],
        [
          0.0,
          0.0,
          0.0,
          1.0
        ]
      ]
    },
    {
      "file_path": "/media/NFS/ttao/scannet/posed_images/scene0347_02/00086.jpg",
      "transform_matrix": [
        [
          -0.997689,
          0.053649,
          -0.041695,
          1.57093
        ],
        [
          0.059944,
          0.406082,
          -0.911868,
          1.382179
        ],
        [
          -0.031989,
          -0.91226,
          -0.40836,
          1.43712
        ],
        [
          0.0,
          0.0,
          0.0,
          1.0
        ]
      ]
    },
    {
      "file_path": "/media/NFS/ttao/scannet/posed_images/scene0347_02/00087.jpg",
      "transform_matrix": [
        [
          -0.99796,
          0.052686,
          -0.036067,
          1.567769
        ],
        [
          0.054232,
          0.40132,
          -0.914331,
          1.376323
        ],
        [
          -0.033698,
          -0.914421,
          -0.403358,
          1.442205
        ],
        [
          0.0,
          0.0,
          0.0,
          1.0
        ]
      ]
    },
    {
      "file_path": "/media/NFS/ttao/scannet/posed_images/scene0347_02/00094.jpg",
      "transform_matrix": [
        [
          -0.998282,
          0.039796,
          -0.043013,
          1.565629
        ],
        [
          0.053967,
          0.338346,
          -0.939473,
          1.379761
        ],
        [
          -0.022834,
          -0.94018,
          -0.339913,
          1.477443
        ],
        [
          0.0,
          0.0,
          0.0,
          1.0
        ]
      ]
    },
    {
      "file_path": "/media/NFS/ttao/scannet/posed_images/scene0347_02/00098.jpg",
      "transform_matrix": [
        [
          -0.997931,
          0.024525,
          -0.059441,
          1.568367
        ],
        [
          0.06386,
          0.269772,
          -0.960804,
          1.396877
        ],
        [
          -0.007528,
          -0.962612,
          -0.27078,
          1.510588
        ],
        [
          0.0,
          0.0,
          0.0,
          1.0
        ]
      ]
    },
    {
      "file_path": "/media/NFS/ttao/scannet/posed_images/scene0347_02/00100.jpg",
      "transform_matrix": [
        [
          -0.997623,
          0.027955,
          -0.062981,
          1.568381
        ],
        [
          0.068001,
          0.251782,
          -0.965392,
          1.40543
        ],
        [
          -0.01113,
          -0.96738,
          -0.253085,
          1.528118
        ],
        [
          0.0,
          0.0,
          0.0,
          1.0
        ]
      ]
    },
    {
      "file_path": "/media/NFS/ttao/scannet/posed_images/scene0347_02/00105.jpg",
      "transform_matrix": [
        [
          -0.997047,
          0.008079,
          -0.076373,
          1.590404
        ],
        [
          0.076487,
          0.193997,
          -0.978016,
          1.4456
        ],
        [
          0.006915,
          -0.980969,
          -0.194042,
          1.564459
        ],
        [
          0.0,
          0.0,
          0.0,
          1.0
        ]
      ]
    },
    {
      "file_path": "/media/NFS/ttao/scannet/posed_images/scene0347_02/00108.jpg",
      "transform_matrix": [
        [
          -0.995559,
          0.000941,
          -0.094143,
          1.604069
        ],
        [
          0.093165,
          0.153933,
          -0.983679,
          1.471399
        ],
        [
          0.013566,
          -0.988081,
          -0.153337,
          1.580054
        ],
        [
          0.0,
          0.0,
          0.0,
          1.0
        ]
      ]
    },
    {
      "file_path": "/media/NFS/ttao/scannet/posed_images/scene0347_02/00110.jpg",
      "transform_matrix": [
        [
          -0.99499,
          0.006404,
          -0.099768,
          1.607229
        ],
        [
          0.099804,
          0.12173,
          -0.987533,
          1.491423
        ],
        [
          0.00582,
          -0.992542,
          -0.12176,
          1.587268
        ],
        [
          0.0,
          0.0,
          0.0,
          1.0
        ]
      ]
    },
    {
      "file_path": "/media/NFS/ttao/scannet/posed_images/scene0347_02/00116.jpg",
      "transform_matrix": [
        [
          -0.990039,
          0.001523,
          -0.140784,
          1.647626
        ],
        [
          0.140689,
          0.049041,
          -0.988839,
          1.564403
        ],
        [
          0.005398,
          -0.998796,
          -0.048766,
          1.618165
        ],
        [
          0.0,
          0.0,
          0.0,
          1.0
        ]
      ]
    },
    {
      "file_path": "/media/NFS/ttao/scannet/posed_images/scene0347_02/00120.jpg",
      "transform_matrix": [
        [
          -0.982922,
          0.004567,
          -0.183968,
          1.682591
        ],
        [
          0.184025,
          0.022832,
          -0.982656,
          1.609983
        ],
        [
          -0.000288,
          -0.999729,
          -0.023283,
          1.618296
        ],
        [
          0.0,
          0.0,
          0.0,
          1.0
        ]
      ]
    },
    {
      "file_path": "/media/NFS/ttao/scannet/posed_images/scene0347_02/00122.jpg",
      "transform_matrix": [
        [
          -0.979792,
          0.00755,
          -0.199876,
          1.69865
        ],
        [
          0.199966,
          0.0141,
          -0.979702,
          1.63495
        ],
        [
          -0.004579,
          -0.999872,
          -0.015325,
          1.617642
        ],
        [
          0.0,
          0.0,
          0.0,
          1.0
        ]
      ]
    },
    {
      "file_path": "/media/NFS/ttao/scannet/posed_images/scene0347_02/00129.jpg",
      "transform_matrix": [
        [
          -0.96671,
          0.014546,
          -0.25546,
          1.763385
        ],
        [
          0.255686,
          0.016632,
          -0.966617,
          1.719846
        ],
        [
          -0.009811,
          -0.999756,
          -0.019798,
          1.582803
        ],
        [
          0.0,
          0.0,
          0.0,
          1.0
        ]
      ]
    },
    {
      "file_path": "/media/NFS/ttao/scannet/posed_images/scene0347_02/00132.jpg",
      "transform_matrix": [
        [
          -0.960619,
          0.018665,
          -0.277241,
          1.792186
        ],
        [
          0.277799,
          0.042235,
          -0.95971,
          1.732382
        ],
        [
          -0.006204,
          -0.998933,
          -0.045757,
          1.560462
        ],
        [
          0.0,
          0.0,
          0.0,
          1.0
        ]
      ]
    },
    {
      "file_path": "/media/NFS/ttao/scannet/posed_images/scene0347_02/00134.jpg",
      "transform_matrix": [
        [
          -0.955809,
          0.024206,
          -0.292992,
          1.799537
        ],
        [
          0.29398,
          0.070559,
          -0.953204,
          1.739412
        ],
        [
          -0.0024,
          -0.997214,
          -0.074557,
          1.545734
        ],
        [
          0.0,
          0.0,
          0.0,
          1.0
        ]
      ]
    },
    {
      "file_path": "/media/NFS/ttao/scannet/posed_images/scene0347_02/00137.jpg",
      "transform_matrix": [
        [
          -0.942754,
          0.047402,
          -0.330105,
          1.805609
        ],
        [
          0.333454,
          0.119209,
          -0.935199,
          1.741313
        ],
        [
          -0.004979,
          -0.991737,
          -0.128191,
          1.52582
        ],
        [
          0.0,
          0.0,
          0.0,
          1.0
        ]
      ]
    },
    {
      "file_path": "/media/NFS/ttao/scannet/posed_images/scene0347_02/00142.jpg",
      "transform_matrix": [
        [
          -0.92029,
          0.112547,
          -0.3747,
          1.792953
        ],
        [
          0.389168,
          0.16497,
          -0.906274,
          1.737815
        ],
        [
          -0.040185,
          -0.979856,
          -0.19562,
          1.503701
        ],
        [
          0.0,
          0.0,
          0.0,
          1.0
        ]
      ]
    },
    {
      "file_path": "/media/NFS/ttao/scannet/posed_images/scene0347_02/00145.jpg",
      "transform_matrix": [
        [
          -0.91215,
          0.122233,
          -0.391206,
          1.780747
        ],
        [
          0.408304,
          0.187982,
          -0.893281,
          1.730422
        ],
        [
          -0.035649,
          -0.974537,
          -0.221376,
          1.491966
        ],
        [
          0.0,
          0.0,
          0.0,
          1.0
        ]
      ]
    },
    {
      "file_path": "/media/NFS/ttao/scannet/posed_images/scene0347_02/00148.jpg",
      "transform_matrix": [
        [
          -0.905452,
          0.132759,
          -0.403152,
          1.769835
        ],
        [
          0.423446,
          0.217312,
          -0.879471,
          1.718812
        ],
        [
          -0.029148,
          -0.967032,
          -0.252982,
          1.479134
        ],
        [
          0.0,
          0.0,
          0.0,
          1.0
        ]
      ]
    },
    {
      "file_path": "/media/NFS/ttao/scannet/posed_images/scene0347_02/00154.jpg",
      "transform_matrix": [
        [
          -0.892216,
          0.163613,
          -0.420931,
          1.747256
        ],
        [
          0.450497,
          0.25705,
          -0.854972,
          1.693968
        ],
        [
          -0.031685,
          -0.952448,
          -0.303051,
          1.452869
        ],
        [
          0.0,
          0.0,
          0.0,
          1.0
        ]
      ]
    },
    {
      "file_path": "/media/NFS/ttao/scannet/posed_images/scene0347_02/00158.jpg",
      "transform_matrix": [
        [
          -0.883985,
          0.181263,
          -0.430947,
          1.743591
        ],
        [
          0.466245,
          0.273886,
          -0.841191,
          1.683431
        ],
        [
          -0.034446,
          -0.944526,
          -0.326624,
          1.442487
        ],
        [
          0.0,
          0.0,
          0.0,
          1.0
        ]
      ]
    },
    {
      "file_path": "/media/NFS/ttao/scannet/posed_images/scene0347_02/00163.jpg",
      "transform_matrix": [
        [
          -0.871144,
          0.190441,
          -0.452594,
          1.753068
        ],
        [
          0.490623,
          0.300109,
          -0.818061,
          1.674036
        ],
        [
          -0.019965,
          -0.934702,
          -0.354873,
          1.427597
        ],
        [
          0.0,
          0.0,
          0.0,
          1.0
        ]
      ]
    },
    {
      "file_path": "/media/NFS/ttao/scannet/posed_images/scene0347_02/00166.jpg",
      "transform_matrix": [
        [
          -0.850996,
          0.20094,
          -0.48521,
          1.777049
        ],
        [
          0.525124,
          0.313058,
          -0.791353,
          1.664443
        ],
        [
          -0.007116,
          -0.928234,
          -0.371929,
          1.41949
        ],
        [
          0.0,
          0.0,
          0.0,
          1.0
        ]
      ]
    },
    {
      "file_path": "/media/NFS/ttao/scannet/posed_images/scene0347_02/00168.jpg",
      "transform_matrix": [
        [
          -0.838268,
          0.214617,
          -0.501246,
          1.793304
        ],
        [
          0.545161,
          0.312411,
          -0.777946,
          1.662183
        ],
        [
          -0.010366,
          -0.925386,
          -0.378884,
          1.416563
        ],
        [
          0.0,
          0.0,
          0.0,
          1.0
        ]
      ]
    },
    {
      "file_path": "/media/NFS/ttao/scannet/posed_images/scene0347_02/00171.jpg",
      "transform_matrix": [
        [
          -0.817121,
          0.243676,
          -0.522432,
          1.829624
        ],
        [
          0.576266,
          0.321437,
          -0.751396,
          1.65364
        ],
        [
          -0.015168,
          -0.915041,
          -0.403075,
          1.417686
        ],
        [
          0.0,
          0.0,
          0.0,
          1.0
        ]
      ]
    },
    {
      "file_path": "/media/NFS/ttao/scannet/posed_images/scene0347_02/00177.jpg",
      "transform_matrix": [
        [
          -0.802287,
          0.284752,
          -0.524644,
          1.909572
        ],
        [
          0.59677,
          0.361768,
          -0.716232,
          1.648996
        ],
        [
          -0.014149,
          -0.887716,
          -0.460174,
          1.405127
        ],
        [
          0.0,
          0.0,
          0.0,
          1.0
        ]
      ]
    },
    {
      "file_path": "/media/NFS/ttao/scannet/posed_images/scene0347_02/00180.jpg",
      "transform_matrix": [
        [
          -0.795003,
          0.313819,
          -0.519122,
          1.936576
        ],
        [
          0.606414,
          0.389657,
          -0.69313,
          1.657966
        ],
        [
          -0.015237,
          -0.865844,
          -0.500083,
          1.391478
        ],
        [
          0.0,
          0.0,
          0.0,
          1.0
        ]
      ]
    },
    {
      "file_path": "/media/NFS/ttao/scannet/posed_images/scene0347_02/00186.jpg",
      "transform_matrix": [
        [
          -0.791022,
          0.316315,
          -0.523669,
          1.987549
        ],
        [
          0.611782,
          0.405031,
          -0.679466,
          1.689335
        ],
        [
          -0.002823,
          -0.857843,
          -0.513904,
          1.379259
        ],
        [
          0.0,
          0.0,
          0.0,
          1.0
        ]
      ]
    },
    {
      "file_path": "/media/NFS/ttao/scannet/posed_images/scene0347_02/00190.jpg",
      "transform_matrix": [
        [
          -0.79468,
          0.325267,
          -0.512529,
          2.011069
        ],
        [
          0.606848,
          0.405035,
          -0.683873,
          1.728556
        ],
        [
          -0.014849,
          -0.854487,
          -0.51926,
          1.374743
        ],
        [
          0.0,
          0.0,
          0.0,
          1.0
        ]
      ]
    },
    {
      "file_path": "/media/NFS/ttao/scannet/posed_images/scene0347_02/00191.jpg",
      "transform_matrix": [
        [
          -0.794964,
          0.327786,
          -0.51048,
          2.015228
        ],
        [
          0.606354,
          0.402708,
          -0.685683,
          1.741216
        ],
        [
          -0.019183,
          -0.854624,
          -0.518892,
          1.373154
        ],
        [
          0.0,
          0.0,
          0.0,
          1.0
        ]
      ]
    },
    {
      "file_path": "/media/NFS/ttao/scannet/posed_images/scene0347_02/00195.jpg",
      "transform_matrix": [
        [
          -0.788049,
          0.331781,
          -0.518557,
          2.032643
        ],
        [
          0.615346,
          0.399729,
          -0.679386,
          1.801244
        ],
        [
          -0.018125,
          -0.854481,
          -0.519166,
          1.367449
        ],
        [
          0.0,
          0.0,
          0.0,
          1.0
        ]
      ]
    },
    {
      "file_path": "/media/NFS/ttao/scannet/posed_images/scene0347_02/00200.jpg",
      "transform_matrix": [
        [
          -0.758726,
          0.344973,
          -0.552566,
          2.049932
        ],
        [
          0.651333,
          0.388682,
          -0.651684,
          1.843022
        ],
        [
          -0.010041,
          -0.854354,
          -0.519595,
          1.370255
        ],
        [
          0.0,
          0.0,
          0.0,
          1.0
        ]
      ]
    },
    {
      "file_path": "/media/NFS/ttao/scannet/posed_images/scene0347_02/00203.jpg",
      "transform_matrix": [
        [
          -0.741718,
          0.345729,
          -0.57474,
          2.057981
        ],
        [
          0.670709,
          0.379636,
          -0.637202,
          1.862328
        ],
        [
          -0.002107,
          -0.858107,
          -0.513466,
          1.373695
        ],
        [
          0.0,
          0.0,
          0.0,
          1.0
        ]
      ]
    },
    {
      "file_path": "/media/NFS/ttao/scannet/posed_images/scene0347_02/00206.jpg",
      "transform_matrix": [
        [
          -0.721641,
          0.34994,
          -0.597307,
          2.063367
        ],
        [
          0.692236,
          0.372994,
          -0.617806,
          1.875735
        ],
        [
          0.006597,
          -0.859312,
          -0.511409,
          1.374398
        ],
        [
          0.0,
          0.0,
          0.0,
          1.0
        ]
      ]
    },
    {
      "file_path": "/media/NFS/ttao/scannet/posed_images/scene0347_02/00211.jpg",
      "transform_matrix": [
        [
          -0.678458,
          0.353321,
          -0.644096,
          2.068792
        ],
        [
          0.734353,
          0.350649,
          -0.581181,
          1.888486
        ],
        [
          0.020509,
          -0.8673,
          -0.497363,
          1.374992
        ],
        [
          0.0,
          0.0,
          0.0,
          1.0
        ]
      ]
    },
    {
      "file_path": "/media/NFS/ttao/scannet/posed_images/scene0347_02/00216.jpg",
      "transform_matrix": [
        [
          -0.626824,
          0.363526,
          -0.68916,
          2.07465
        ],
        [
          0.778785,
          0.319773,
          -0.539665,
          1.88311
        ],
        [
          0.024193,
          -0.874982,
          -0.483551,
          1.373549
        ],
        [
          0.0,
          0.0,
          0.0,
          1.0
        ]
      ]
    },
    {
      "file_path": "/media/NFS/ttao/scannet/posed_images/scene0347_02/00218.jpg",
      "transform_matrix": [
        [
          -0.600625,
          0.374108,
          -0.706606,
          2.080242
        ],
        [
          0.799161,
          0.307759,
          -0.516358,
          1.874859
        ],
        [
          0.024291,
          -0.87483,
          -0.483821,
          1.371902
        ],
        [
          0.0,
          0.0,
          0.0,
          1.0
        ]
      ]
    },
    {
      "file_path": "/media/NFS/ttao/scannet/posed_images/scene0347_02/00223.jpg",
      "transform_matrix": [
        [
          -0.536296,
          0.384379,
          -0.751425,
          2.101717
        ],
        [
          0.843728,
          0.26798,
          -0.465092,
          1.84669
        ],
        [
          0.022595,
          -0.883425,
          -0.468028,
          1.379936
        ],
        [
          0.0,
          0.0,
          0.0,
          1.0
        ]
      ]
    },
    {
      "file_path": "/media/NFS/ttao/scannet/posed_images/scene0347_02/00226.jpg",
      "transform_matrix": [
        [
          -0.513411,
          0.37795,
          -0.770431,
          2.120333
        ],
        [
          0.857876,
          0.248421,
          -0.449816,
          1.828245
        ],
        [
          0.021383,
          -0.891875,
          -0.451777,
          1.386891
        ],
        [
          0.0,
          0.0,
          0.0,
          1.0
        ]
      ]
    },
    {
      "file_path": "/media/NFS/ttao/scannet/posed_images/scene0347_02/00233.jpg",
      "transform_matrix": [
        [
          -0.479048,
          0.336147,
          -0.810875,
          2.153538
        ],
        [
          0.877492,
          0.207418,
          -0.432419,
          1.806953
        ],
        [
          0.022834,
          -0.918686,
          -0.394329,
          1.410828
        ],
        [
          0.0,
          0.0,
          0.0,
          1.0
        ]
      ]
    },
    {
      "file_path": "/media/NFS/ttao/scannet/posed_images/scene0347_02/00236.jpg",
      "transform_matrix": [
        [
          -0.451145,
          0.327723,
          -0.8301,
          2.159078
        ],
        [
          0.892273,
          0.184178,
          -0.412222,
          1.814001
        ],
        [
          0.017792,
          -0.926648,
          -0.37551,
          1.424083
        ],
        [
          0.0,
          0.0,
          0.0,
          1.0
        ]
      ]
    },
    {
      "file_path": "/media/NFS/ttao/scannet/posed_images/scene0347_02/00239.jpg",
      "transform_matrix": [
        [
          -0.428604,
          0.325326,
          -0.842889,
          2.163
        ],
        [
          0.903182,
          0.17874,
          -0.390275,
          1.824997
        ],
        [
          0.023692,
          -0.928556,
          -0.370437,
          1.424361
        ],
        [
          0.0,
          0.0,
          0.0,
          1.0
        ]
      ]
    },
    {
      "file_path": "/media/NFS/ttao/scannet/posed_images/scene0347_02/00243.jpg",
      "transform_matrix": [
        [
          -0.388001,
          0.334951,
          -0.85864,
          2.168236
        ],
        [
          0.921327,
          0.165953,
          -0.35159,
          1.835362
        ],
        [
          0.024728,
          -0.927506,
          -0.37299,
          1.422743
        ],
        [
          0.0,
          0.0,
          0.0,
          1.0
        ]
      ]
    },
    {
      "file_path": "/media/NFS/ttao/scannet/posed_images/scene0347_02/00245.jpg",
      "transform_matrix": [
        [
          -0.36786,
          0.341912,
          -0.86474,
          2.166787
        ],
        [
          0.929632,
          0.156764,
          -0.333482,
          1.845407
        ],
        [
          0.021539,
          -0.926564,
          -0.375519,
          1.420607
        ],
        [
          0.0,
          0.0,
          0.0,
          1.0
        ]
      ]
    },
    {
      "file_path": "/media/NFS/ttao/scannet/posed_images/scene0347_02/00251.jpg",
      "transform_matrix": [
        [
          -0.308636,
          0.375651,
          -0.87386,
          2.154909
        ],
        [
          0.951179,
          0.123419,
          -0.28289,
          1.878975
        ],
        [
          0.001583,
          -0.918507,
          -0.395403,
          1.412013
        ],
        [
          0.0,
          0.0,
          0.0,
          1.0
        ]
      ]
    },
    {
      "file_path": "/media/NFS/ttao/scannet/posed_images/scene0347_02/00254.jpg",
      "transform_matrix": [
        [
          -0.288736,
          0.382623,
          -0.877629,
          2.14881
        ],
        [
          0.95738,
          0.108213,
          -0.267795,
          1.893028
        ],
        [
          -0.007494,
          -0.917546,
          -0.39756,
          1.410177
        ],
        [
          0.0,
          0.0,
          0.0,
          1.0
        ]
      ]
    },
    {
      "file_path": "/media/NFS/ttao/scannet/posed_images/scene0347_02/00257.jpg",
      "transform_matrix": [
        [
          -0.274872,
          0.394665,
          -0.876747,
          2.145776
        ],
        [
          0.961354,
          0.09803,
          -0.25727,
          1.902444
        ],
        [
          -0.015588,
          -0.913581,
          -0.406359,
          1.404131
        ],
        [
          0.0,
          0.0,
          0.0,
          1.0
        ]
      ]
    },
    {
      "file_path": "/media/NFS/ttao/scannet/posed_images/scene0347_02/00262.jpg",
      "transform_matrix": [
        [
          -0.254911,
          0.42375,
          -0.86917,
          2.139728
        ],
        [
          0.966537,
          0.084925,
          -0.242063,
          1.912428
        ],
        [
          -0.028759,
          -0.901789,
          -0.431218,
          1.39246
        ],
        [
          0.0,
          0.0,
          0.0,
          1.0
        ]
      ]
    },
    {
      "file_path": "/media/NFS/ttao/scannet/posed_images/scene0347_02/00264.jpg",
      "transform_matrix": [
        [
          -0.236489,
          0.432889,
          -0.869874,
          2.135565
        ],
        [
          0.971223,
          0.079262,
          -0.224598,
          1.918095
        ],
        [
          -0.028278,
          -0.897956,
          -0.439176,
          1.38457
        ],
        [
          0.0,
          0.0,
          0.0,
          1.0
        ]
      ]
    },
    {
      "file_path": "/media/NFS/ttao/scannet/posed_images/scene0347_02/00270.jpg",
      "transform_matrix": [
        [
          -0.177956,
          0.466823,
          -0.866261,
          2.117673
        ],
        [
          0.983424,
          0.053267,
          -0.173319,
          1.916464
        ],
        [
          -0.034766,
          -0.882745,
          -0.468564,
          1.375264
        ],
        [
          0.0,
          0.0,
          0.0,
          1.0
        ]
      ]
    },
    {
      "file_path": "/media/NFS/ttao/scannet/posed_images/scene0347_02/00272.jpg",
      "transform_matrix": [
        [
          -0.163371,
          0.470183,
          -0.867316,
          2.109368
        ],
        [
          0.985853,
          0.044412,
          -0.161622,
          1.912748
        ],
        [
          -0.037473,
          -0.881451,
          -0.470787,
          1.374522
        ],
        [
          0.0,
          0.0,
          0.0,
          1.0
        ]
      ]
    },
    {
      "file_path": "/media/NFS/ttao/scannet/posed_images/scene0347_02/00275.jpg",
      "transform_matrix": [
        [
          -0.113134,
          0.457354,
          -0.882059,
          2.086179
        ],
        [
          0.992298,
          0.006935,
          -0.123678,
          1.902789
        ],
        [
          -0.050447,
          -0.889258,
          -0.454616,
          1.382872
        ],
        [
          0.0,
          0.0,
          0.0,
          1.0
        ]
      ]
    },
    {
      "file_path": "/media/NFS/ttao/scannet/posed_images/scene0347_02/00280.jpg",
      "transform_matrix": [
        [
          -0.06399,
          0.412747,
          -0.908595,
          2.05118
        ],
        [
          0.996824,
          -0.016815,
          -0.077842,
          1.871824
        ],
        [
          -0.047407,
          -0.91069,
          -0.41036,
          1.401799
        ],
        [
          0.0,
          0.0,
          0.0,
          1.0
        ]
      ]
    },
    {
      "file_path": "/media/NFS/ttao/scannet/posed_images/scene0347_02/00285.jpg",
      "transform_matrix": [
        [
          0.00603,
          0.378984,
          -0.925384,
          2.000084
        ],
        [
          0.999341,
          -0.035412,
          -0.007991,
          1.809585
        ],
        [
          -0.035798,
          -0.924726,
          -0.378947,
          1.418871
        ],
        [
          0.0,
          0.0,
          0.0,
          1.0
        ]
      ]
    },
    {
      "file_path": "/media/NFS/ttao/scannet/posed_images/scene0347_02/00288.jpg",
      "transform_matrix": [
        [
          0.041304,
          0.394547,
          -0.917947,
          1.970188
        ],
        [
          0.998708,
          -0.043511,
          0.026236,
          1.776277
        ],
        [
          -0.029589,
          -0.917845,
          -0.395834,
          1.420445
        ],
        [
          0.0,
          0.0,
          0.0,
          1.0
        ]
      ]
    },
    {
      "file_path": "/media/NFS/ttao/scannet/posed_images/scene0347_02/00292.jpg",
      "transform_matrix": [
        [
          0.083518,
          0.390623,
          -0.916754,
          1.932589
        ],
        [
          0.996324,
          -0.05035,
          0.069313,
          1.734343
        ],
        [
          -0.019083,
          -0.919173,
          -0.393392,
          1.421115
        ],
        [
          0.0,
          0.0,
          0.0,
          1.0
        ]
      ]
    },
    {
      "file_path": "/media/NFS/ttao/scannet/posed_images/scene0347_02/00295.jpg",
      "transform_matrix": [
        [
          0.118063,
          0.383407,
          -0.916002,
          1.894262
        ],
        [
          0.992729,
          -0.067359,
          0.099758,
          1.7051
        ],
        [
          -0.023453,
          -0.92112,
          -0.388572,
