{
  "frames": [
    {
      "file_path": "/media/NFS/ttao/scannet/posed_images/scene0052_02/00000.jpg",
      "transform_matrix": [
        [
          -0.96108,
          -0.04482,
          0.27261,
          1.575895
        ],
        [
          -0.275982,
          0.200848,
          -0.939944,
          2.925529
        ],
        [
          -0.012625,
          -0.978597,
          -0.2054,
          1.599381
        ],
        [
          0.0,
          0.0,
          0.0,
          1.0
        ]
      ]
    },
    {
      "file_path": "/media/NFS/ttao/scannet/posed_images/scene0052_02/00002.jpg",
      "transform_matrix": [
        [
          -0.961252,
          -0.0242,
          0.274607,
          1.596143
        ],
        [
          -0.273283,
          0.214485,
          -0.937717,
          2.928925
        ],
        [
          -0.036206,
          -0.976428,
          -0.212788,
          1.581906
        ],
        [
          0.0,
          0.0,
          0.0,
          1.0
        ]
      ]
    },
    {
      "file_path": "/media/NFS/ttao/scannet/posed_images/scene0052_02/00004.jpg",
      "transform_matrix": [
        [
          -0.962468,
          -0.022099,
          0.270493,
          1.614327
        ],
        [
          -0.268463,
          0.223597,
          -0.93698,
          2.930051
        ],
        [
          -0.039775,
          -0.974431,
          -0.221138,
          1.567956
        ],
        [
          0.0,
          0.0,
          0.0,
          1.0
        ]
      ]
    },
    {
      "file_path": "/media/NFS/ttao/scannet/posed_images/scene0052_02/00008.jpg",
      "transform_matrix": [
        [
          -0.966544,
          -0.026716,
          0.255106,
          1.632918
        ],
        [
          -0.253245,
          0.257362,
          -0.932541,
          2.922345
        ],
        [
          -0.040741,
          -0.965946,
          -0.255517,
          1.554213
        ],
        [
          0.0,
          0.0,
          0.0,
          1.0
        ]
      ]
    },
    {
      "file_path": "/media/NFS/ttao/scannet/posed_images/scene0052_02/00010.jpg",
      "transform_matrix": [
        [
          -0.96777,
          -0.024361,
          0.250654,
          1.639013
        ],
        [
          -0.247212,
          0.281719,
          -0.927103,
          2.914696
        ],
        [
          -0.048028,
          -0.959188,
          -0.278662,
          1.557648
        ],
        [
          0.0,
          0.0,
          0.0,
          1.0
        ]
      ]
    },
    {
      "file_path": "/media/NFS/ttao/scannet/posed_images/scene0052_02/00011.jpg",
      "transform_matrix": [
        [
          -0.968313,
          -0.022928,
          0.248687,
          1.644155
        ],
        [
          -0.244856,
          0.28316,
          -0.92729,
          2.922987
        ],
        [
          -0.049158,
          -0.958799,
          -0.279801,
          1.533888
        ],
        [
          0.0,
          0.0,
          0.0,
          1.0
        ]
      ]
    },
    {
      "file_path": "/media/NFS/ttao/scannet/posed_images/scene0052_02/00014.jpg",
      "transform_matrix": [
        [
          -0.970008,
          -0.036926,
          0.240252,
          1.641702
        ],
        [
          -0.239782,
          0.307444,
          -0.92086,
          2.920703
        ],
        [
          -0.03986,
          -0.95085,
          -0.307077,
          1.511955
        ],
        [
          0.0,
          0.0,
          0.0,
          1.0
        ]
      ]
    },
    {
      "file_path": "/media/NFS/ttao/scannet/posed_images/scene0052_02/00017.jpg",
      "transform_matrix": [
        [
          -0.973735,
          -0.053926,
          0.221204,
          1.649666
        ],
        [
          -0.226289,
          0.336551,
          -0.914072,
          2.923272
        ],
        [
          -0.025154,
          -0.94012,
          -0.339915,
          1.502306
        ],
        [
          0.0,
          0.0,
          0.0,
          1.0
        ]
      ]
    },
    {
      "file_path": "/media/NFS/ttao/scannet/posed_images/scene0052_02/00019.jpg",
      "transform_matrix": [
        [
          -0.97503,
          -0.055201,
          0.215102,
          1.642002
        ],
        [
          -0.220692,
          0.348706,
          -0.910878,
          2.926373
        ],
        [
          -0.024726,
          -0.935605,
          -0.352182,
          1.494959
        ],
        [
          0.0,
          0.0,
          0.0,
          1.0
        ]
      ]
    },
    {
      "file_path": "/media/NFS/ttao/scannet/posed_images/scene0052_02/00021.jpg",
      "transform_matrix": [
        [
          -0.978107,
          -0.053659,
          0.201065,
          1.64547
        ],
        [
          -0.206555,
          0.367932,
          -0.906621,
          2.926645
        ],
        [
          -0.02533,
          -0.928303,
          -0.37096,
          1.508204
        ],
        [
          0.0,
          0.0,
          0.0,
          1.0
        ]
      ]
    },
    {
      "file_path": "/media/NFS/ttao/scannet/posed_images/scene0052_02/00023.jpg",
      "transform_matrix": [
        [
          -0.98035,
          -0.046039,
          0.191818,
          1.629503
        ],
        [
          -0.19493,
          0.375296,
          -0.906176,
          2.934074
        ],
        [
          -0.030269,
          -0.925761,
          -0.376896,
          1.504943
        ],
        [
          0.0,
          0.0,
          0.0,
          1.0
        ]
      ]
    },
    {
      "file_path": "/media/NFS/ttao/scannet/posed_images/scene0052_02/00025.jpg",
      "transform_matrix": [
        [
          -0.981561,
          -0.037799,
          0.187372,
          1.614578
        ],
        [
          -0.187635,
          0.377583,
          -0.906766,
          2.943374
        ],
        [
          -0.036473,
          -0.925204,
          -0.377713,
          1.504098
        ],
        [
          0.0,
          0.0,
          0.0,
          1.0
        ]
      ]
    },
    {
      "file_path": "/media/NFS/ttao/scannet/posed_images/scene0052_02/00028.jpg",
      "transform_matrix": [
        [
          -0.982224,
          -0.02986,
          0.185325,
          1.595242
        ],
        [
          -0.182489,
          0.383235,
          -0.905444,
          2.963866
        ],
        [
          -0.043987,
          -0.923168,
          -0.381872,
          1.498348
        ],
        [
          0.0,
          0.0,
          0.0,
          1.0
        ]
      ]
    },
    {
      "file_path": "/media/NFS/ttao/scannet/posed_images/scene0052_02/00029.jpg",
      "transform_matrix": [
        [
          -0.982087,
          -0.032573,
          0.185594,
          1.590401
        ],
        [
          -0.183695,
          0.384925,
          -0.904483,
          2.972991
        ],
        [
          -0.041978,
          -0.922373,
          -0.384013,
          1.494493
        ],
        [
          0.0,
          0.0,
          0.0,
          1.0
        ]
      ]
    },
    {
      "file_path": "/media/NFS/ttao/scannet/posed_images/scene0052_02/00032.jpg",
      "transform_matrix": [
        [
          -0.980641,
          -0.042852,
          0.191068,
          1.590379
        ],
        [
          -0.192267,
          0.39561,
          -0.898068,
          2.994003
        ],
        [
          -0.037104,
          -0.917419,
          -0.39619,
          1.505477
        ],
        [
          0.0,
          0.0,
          0.0,
          1.0
        ]
      ]
    },
    {
      "file_path": "/media/NFS/ttao/scannet/posed_images/scene0052_02/00033.jpg",
      "transform_matrix": [
        [
          -0.97948,
          -0.04574,
          0.196281,
          1.586518
        ],
        [
          -0.198395,
          0.39022,
          -0.899093,
          3.004846
        ],
        [
          -0.035468,
          -0.919585,
          -0.391287,
          1.500099
        ],
        [
          0.0,
          0.0,
          0.0,
          1.0
        ]
      ]
    },
    {
      "file_path": "/media/NFS/ttao/scannet/posed_images/scene0052_02/00037.jpg",
      "transform_matrix": [
        [
          -0.975039,
          -0.055789,
          0.21491,
          1.580869
        ],
        [
          -0.219936,
          0.375411,
          -0.900386,
          3.034378
        ],
        [
          -0.030448,
          -0.925178,
          -0.37831,
          1.506312
        ],
        [
          0.0,
          0.0,
          0.0,
          1.0
        ]
      ]
    },
    {
      "file_path": "/media/NFS/ttao/scannet/posed_images/scene0052_02/00038.jpg",
      "transform_matrix": [
        [
          -0.973881,
          -0.053922,
          0.220564,
          1.576704
        ],
        [
          -0.224544,
          0.37293,
          -0.90028,
          3.040849
        ],
        [
          -0.03371,
          -0.926292,
          -0.375297,
          1.507292
        ],
        [
          0.0,
          0.0,
          0.0,
          1.0
        ]
      ]
    },
    {
      "file_path": "/media/NFS/ttao/scannet/posed_images/scene0052_02/00041.jpg",
      "transform_matrix": [
        [
          -0.972066,
          -0.049439,
          0.229441,
          1.572991
        ],
        [
          -0.231379,
          0.365889,
          -0.901437,
          3.05345
        ],
        [
          -0.039384,
          -0.929344,
          -0.367108,
          1.528654
        ],
        [
          0.0,
          0.0,
          0.0,
          1.0
        ]
      ]
    },
    {
      "file_path": "/media/NFS/ttao/scannet/posed_images/scene0052_02/00042.jpg",
      "transform_matrix": [
        [
          -0.971458,
          -0.04594,
          0.232721,
          1.571382
        ],
        [
          -0.233297,
          0.36255,
          -0.902292,
          3.057205
        ],
        [
          -0.042921,
          -0.930832,
          -0.362919,
          1.534742
        ],
        [
          0.0,
          0.0,
          0.0,
          1.0
        ]
      ]
    },
    {
      "file_path": "/media/NFS/ttao/scannet/posed_images/scene0052_02/00045.jpg",
      "transform_matrix": [
        [
          -0.968129,
          -0.04235,
          0.246845,
          1.577464
        ],
        [
          -0.245939,
          0.347012,
          -0.90504,
          3.068574
        ],
        [
          -0.04733,
          -0.936904,
          -0.346368,
          1.552869
        ],
        [
          0.0,
          0.0,
          0.0,
          1.0
        ]
      ]
    },
    {
      "file_path": "/media/NFS/ttao/scannet/posed_images/scene0052_02/00048.jpg",
      "transform_matrix": [
        [
          -0.963863,
          -0.043147,
          0.262881,
          1.57891
        ],
        [
          -0.262449,
          0.323099,
          -0.909246,
          3.081527
        ],
        [
          -0.045705,
          -0.945381,
          -0.322747,
          1.560313
        ],
        [
          0.0,
          0.0,
          0.0,
          1.0
        ]
      ]
    },
    {
      "file_path": "/media/NFS/ttao/scannet/posed_images/scene0052_02/00050.jpg",
      "transform_matrix": [
        [
          -0.96244,
          -0.044035,
          0.267899,
          1.572912
        ],
        [
          -0.268909,
          0.290477,
          -0.91832,
          3.102727
        ],
        [
          -0.037381,
          -0.955868,
          -0.291408,
          1.533291
        ],
        [
          0.0,
          0.0,
          0.0,
          1.0
        ]
      ]
    },
    {
      "file_path": "/media/NFS/ttao/scannet/posed_images/scene0052_02/00051.jpg",
      "transform_matrix": [
        [
          -0.961627,
          -0.049119,
          0.269928,
          1.572536
        ],
        [
          -0.272191,
          0.294293,
          -0.916136,
          3.096185
        ],
        [
          -0.034438,
          -0.954453,
          -0.296369,
          1.559913
        ],
        [
          0.0,
          0.0,
          0.0,
          1.0
        ]
      ]
    },
    {
      "file_path": "/media/NFS/ttao/scannet/posed_images/scene0052_02/00055.jpg",
      "transform_matrix": [
        [
          -0.958071,
          -0.060772,
          0.280012,
          1.600826
        ],
        [
          -0.286051,
          0.25943,
          -0.922427,
          3.110475
        ],
        [
          -0.016586,
          -0.963848,
          -0.265936,
          1.604726
        ],
        [
          0.0,
          0.0,
          0.0,
          1.0
        ]
      ]
    },
    {
      "file_path": "/media/NFS/ttao/scannet/posed_images/scene0052_02/00057.jpg",
      "transform_matrix": [
        [
          -0.954096,
          -0.062193,
          0.292972,
          1.616077
        ],
        [
          -0.299242,
          0.238615,
          -0.92386,
          3.120871
        ],
        [
          -0.012449,
          -0.969121,
          -0.246272,
          1.615429
        ],
        [
          0.0,
          0.0,
          0.0,
          1.0
        ]
      ]
    },
    {
      "file_path": "/media/NFS/ttao/scannet/posed_images/scene0052_02/00058.jpg",
      "transform_matrix": [
        [
          -0.95304,
          -0.06042,
          0.296755,
          1.632384
        ],
        [
          -0.302623,
          0.227443,
          -0.925575,
          3.130499
        ],
        [
          -0.011571,
          -0.971915,
          -0.235047,
          1.612526
        ],
        [
          0.0,
          0.0,
          0.0,
          1.0
        ]
      ]
    },
    {
      "file_path": "/media/NFS/ttao/scannet/posed_images/scene0052_02/00060.jpg",
      "transform_matrix": [
        [
          -0.949054,
          -0.053035,
          0.310618,
          1.653334
        ],
        [
          -0.31487,
          0.198286,
          -0.928192,
          3.155241
        ],
        [
          -0.012364,
          -0.978708,
          -0.204883,
          1.585325
        ],
        [
          0.0,
          0.0,
          0.0,
          1.0
        ]
      ]
    },
    {
      "file_path": "/media/NFS/ttao/scannet/posed_images/scene0052_02/00063.jpg",
      "transform_matrix": [
        [
          -0.939248,
          -0.047081,
          0.339996,
          1.68344
        ],
        [
          -0.342862,
          0.175205,
          -0.922903,
          3.179048
        ],
        [
          -0.016117,
          -0.983406,
          -0.180703,
          1.599813
        ],
        [
          0.0,
          0.0,
          0.0,
          1.0
        ]
      ]
    },
    {
      "file_path": "/media/NFS/ttao/scannet/posed_images/scene0052_02/00066.jpg",
      "transform_matrix": [
        [
          -0.935873,
          -0.034743,
          0.35062,
          1.724669
        ],
        [
          -0.351649,
          0.154256,
          -0.923335,
          3.211291
        ],
        [
          -0.022006,
          -0.98742,
          -0.156582,
          1.601578
        ],
        [
          0.0,
          0.0,
          0.0,
          1.0
        ]
      ]
    },
    {
      "file_path": "/media/NFS/ttao/scannet/posed_images/scene0052_02/00067.jpg",
      "transform_matrix": [
        [
          -0.935127,
          -0.030029,
          0.353037,
          1.74069
        ],
        [
          -0.35327,
          0.155386,
          -0.922527,
          3.223962
        ],
        [
          -0.027155,
          -0.987397,
          -0.155914,
          1.607856
        ],
        [
          0.0,
          0.0,
          0.0,
          1.0
        ]
      ]
    },
    {
      "file_path": "/media/NFS/ttao/scannet/posed_images/scene0052_02/00070.jpg",
      "transform_matrix": [
        [
          -0.931504,
          -0.022958,
          0.363006,
          1.782976
        ],
        [
          -0.362127,
          0.152175,
          -0.919623,
          3.246836
        ],
        [
          -0.034128,
          -0.988087,
          -0.150065,
          1.585352
        ],
        [
          0.0,
          0.0,
          0.0,
          1.0
        ]
      ]
    },
    {
      "file_path": "/media/NFS/ttao/scannet/posed_images/scene0052_02/00072.jpg",
      "transform_matrix": [
        [
          -0.926066,
          -0.02118,
          0.376768,
          1.79825
        ],
        [
          -0.375321,
          0.155403,
          -0.913775,
          3.254895
        ],
        [
          -0.039197,
          -0.987624,
          -0.151863,
          1.578285
        ],
        [
          0.0,
          0.0,
          0.0,
          1.0
        ]
      ]
    },
    {
      "file_path": "/media/NFS/ttao/scannet/posed_images/scene0052_02/00075.jpg",
      "transform_matrix": [
        [
          -0.921531,
          -0.021008,
          0.387736,
          1.844732
        ],
        [
          -0.385708,
          0.164792,
          -0.907785,
          3.275722
        ],
        [
          -0.044825,
          -0.986105,
          -0.159964,
          1.567143
        ],
        [
          0.0,
          0.0,
          0.0,
          1.0
        ]
      ]
    },
    {
      "file_path": "/media/NFS/ttao/scannet/posed_images/scene0052_02/00077.jpg",
      "transform_matrix": [
        [
          -0.919357,
          -0.022447,
          0.392782,
          1.865589
        ],
        [
          -0.390889,
          0.165249,
          -0.905482,
          3.286826
        ],
        [
          -0.044582,
          -0.985996,
          -0.160698,
          1.560208
        ],
        [
          0.0,
          0.0,
          0.0,
          1.0
        ]
      ]
    },
    {
      "file_path": "/media/NFS/ttao/scannet/posed_images/scene0052_02/00080.jpg",
      "transform_matrix": [
        [
          -0.917029,
          -0.031148,
          0.397603,
          1.902664
        ],
        [
          -0.397104,
          0.163741,
          -0.903049,
          3.293687
        ],
        [
          -0.036976,
          -0.986012,
          -0.162524,
          1.558927
        ],
        [
          0.0,
          0.0,
          0.0,
          1.0
        ]
      ]
    },
    {
      "file_path": "/media/NFS/ttao/scannet/posed_images/scene0052_02/00082.jpg",
      "transform_matrix": [
        [
          -0.914698,
          -0.040108,
          0.402143,
          1.934405
        ],
        [
          -0.403027,
          0.16426,
          -0.900327,
          3.300945
        ],
        [
          -0.029946,
          -0.985601,
          -0.166413,
          1.568534
        ],
        [
          0.0,
          0.0,
          0.0,
          1.0
        ]
      ]
    },
    {
      "file_path": "/media/NFS/ttao/scannet/posed_images/scene0052_02/00083.jpg",
      "transform_matrix": [
        [
          -0.912203,
          -0.040277,
          0.407753,
          1.945428
        ],
        [
          -0.408838,
          0.15541,
          -0.899277,
          3.304466
        ],
        [
          -0.027149,
          -0.987029,
          -0.158232,
          1.549284
        ],
        [
          0.0,
          0.0,
          0.0,
          1.0
        ]
      ]
    },
    {
      "file_path": "/media/NFS/ttao/scannet/posed_images/scene0052_02/00085.jpg",
      "transform_matrix": [
        [
          -0.902688,
          -0.043852,
          0.428056,
          1.955786
        ],
        [
          -0.429521,
          0.151536,
          -0.890252,
          3.305187
        ],
        [
          -0.025827,
          -0.987479,
          -0.155625,
          1.549956
        ],
        [
          0.0,
          0.0,
          0.0,
          1.0
        ]
      ]
    },
    {
      "file_path": "/media/NFS/ttao/scannet/posed_images/scene0052_02/00087.jpg",
      "transform_matrix": [
        [
          -0.893342,
          -0.050694,
          0.446509,
          1.971826
        ],
        [
          -0.449002,
          0.141326,
          -0.882284,
          3.30364
        ],
        [
          -0.018377,
          -0.988664,
          -0.149014,
          1.540759
        ],
        [
          0.0,
          0.0,
          0.0,
          1.0
        ]
      ]
    },
    {
      "file_path": "/media/NFS/ttao/scannet/posed_images/scene0052_02/00091.jpg",
      "transform_matrix": [
        [
          -0.882871,
          -0.059451,
          0.465838,
          2.021364
        ],
        [
          -0.469403,
          0.141613,
          -0.871554,
          3.29519
        ],
        [
          -0.014153,
          -0.988136,
          -0.152932,
          1.51718
        ],
        [
          0.0,
          0.0,
          0.0,
          1.0
        ]
      ]
    },
    {
      "file_path": "/media/NFS/ttao/scannet/posed_images/scene0052_02/00093.jpg",
      "transform_matrix": [
        [
          -0.877677,
          -0.057768,
          0.475758,
          2.045239
        ],
        [
          -0.478954,
          0.140738,
          -0.866485,
          3.290718
        ],
        [
          -0.016902,
          -0.98836,
          -0.151191,
          1.508462
        ],
        [
          0.0,
          0.0,
          0.0,
          1.0
        ]
      ]
    },
    {
      "file_path": "/media/NFS/ttao/scannet/posed_images/scene0052_02/00094.jpg",
      "transform_matrix": [
        [
          -0.871652,
          -0.053142,
          0.487237,
          2.045345
        ],
        [
          -0.489605,
          0.140254,
          -0.860591,
          3.282542
        ],
        [
          -0.022603,
          -0.988689,
          -0.148271,
          1.502578
        ],
        [
          0.0,
          0.0,
          0.0,
          1.0
        ]
      ]
    },
    {
      "file_path": "/media/NFS/ttao/scannet/posed_images/scene0052_02/00098.jpg",
      "transform_matrix": [
        [
          -0.851309,
          -0.045443,
          0.522694,
          2.06728
        ],
        [
          -0.523791,
          0.1311,
          -0.841698,
          3.25287
        ],
        [
          -0.030276,
          -0.990327,
          -0.135409,
          1.492634
        ],
        [
          0.0,
          0.0,
          0.0,
          1.0
        ]
      ]
    },
    {
      "file_path": "/media/NFS/ttao/scannet/posed_images/scene0052_02/00099.jpg",
      "transform_matrix": [
        [
          -0.848998,
          -0.047819,
          0.526227,
          2.077496
        ],
        [
          -0.527727,
          0.126808,
          -0.839895,
          3.246226
        ],
        [
          -0.026567,
          -0.990774,
          -0.132895,
          1.486471
        ],
        [
          0.0,
          0.0,
          0.0,
          1.0
        ]
      ]
    },
    {
      "file_path": "/media/NFS/ttao/scannet/posed_images/scene0052_02/00101.jpg",
      "transform_matrix": [
        [
          -0.835773,
          -0.050141,
          0.54678,
          2.058676
        ],
        [
          -0.548371,
          0.126619,
          -0.826594,
          3.214855
        ],
        [
          -0.027786,
          -0.990684,
          -0.133321,
          1.495696
        ],
        [
          0.0,
          0.0,
          0.0,
          1.0
        ]
      ]
    },
    {
      "file_path": "/media/NFS/ttao/scannet/posed_images/scene0052_02/00104.jpg",
      "transform_matrix": [
        [
          -0.82676,
          -0.053289,
          0.560024,
          2.071036
        ],
        [
          -0.562189,
          0.114113,
          -0.819098,
          3.187165
        ],
        [
          -0.020257,
          -0.992038,
          -0.124302,
          1.4981
        ],
        [
          0.0,
          0.0,
          0.0,
          1.0
        ]
      ]
    },
    {
      "file_path": "/media/NFS/ttao/scannet/posed_images/scene0052_02/00107.jpg",
      "transform_matrix": [
        [
          -0.820801,
          -0.062625,
          0.567771,
          2.091763
        ],
        [
          -0.571063,
          0.112888,
          -0.813107,
          3.164251
        ],
        [
          -0.013174,
          -0.991632,
          -0.128421,
          1.496639
        ],
        [
          0.0,
          0.0,
          0.0,
          1.0
        ]
      ]
    },
    {
      "file_path": "/media/NFS/ttao/scannet/posed_images/scene0052_02/00108.jpg",
      "transform_matrix": [
        [
          -0.817653,
          -0.065986,
          0.571917,
          2.097728
        ],
        [
          -0.575612,
          0.112123,
          -0.81,
          3.156474
        ],
        [
          -0.010676,
          -0.991501,
          -0.12966,
          1.498776
        ],
        [
          0.0,
          0.0,
          0.0,
          1.0
        ]
      ]
    },
    {
      "file_path": "/media/NFS/ttao/scannet/posed_images/scene0052_02/00111.jpg",
      "transform_matrix": [
        [
          -0.807417,
          -0.070244,
          0.585785,
          2.114325
        ],
        [
          -0.589835,
          0.118217,
          -0.798824,
          3.139993
        ],
        [
          -0.013137,
          -0.9905,
          -0.136883,
          1.492025
        ],
        [
          0.0,
          0.0,
          0.0,
          1.0
        ]
      ]
    },
    {
      "file_path": "/media/NFS/ttao/scannet/posed_images/scene0052_02/00113.jpg",
      "transform_matrix": [
        [
          -0.8039,
          -0.070896,
          0.590524,
          2.13209
        ],
        [
          -0.594454,
          0.127846,
          -0.793902,
          3.133976
        ],
        [
          -0.019212,
          -0.989257,
          -0.14492,
          1.492554
        ],
        [
          0.0,
          0.0,
          0.0,
          1.0
        ]
      ]
    },
    {
      "file_path": "/media/NFS/ttao/scannet/posed_images/scene0052_02/00116.jpg",
      "transform_matrix": [
        [
          -0.798545,
          -0.075812,
          0.597142,
          2.148229
        ],
        [
          -0.601703,
          0.128099,
          -0.788381,
          3.122097
        ],
        [
          -0.016725,
          -0.98886,
          -0.147909,
          1.488092
        ],
        [
          0.0,
          0.0,
          0.0,
          1.0
        ]
      ]
    },
    {
      "file_path": "/media/NFS/ttao/scannet/posed_images/scene0052_02/00117.jpg",
      "transform_matrix": [
        [
          -0.800275,
          -0.077225,
          0.59464,
          2.160969
        ],
        [
          -0.599432,
          0.128784,
          -0.789998,
          3.119574
        ],
        [
          -0.015573,
          -0.988661,
          -0.149354,
          1.489313
        ],
        [
          0.0,
          0.0,
          0.0,
          1.0
        ]
      ]
    },
    {
      "file_path": "/media/NFS/ttao/scannet/posed_images/scene0052_02/00119.jpg",
      "transform_matrix": [
        [
          -0.80269,
          -0.074102,
          0.591776,
          2.175944
        ],
        [
          -0.596176,
          0.126739,
          -0.792788,
          3.114337
        ],
        [
          -0.016253,
          -0.989164,
          -0.14591,
          1.490466
        ],
        [
          0.0,
          0.0,
          0.0,
          1.0
        ]
      ]
    },
    {
      "file_path": "/media/NFS/ttao/scannet/posed_images/scene0052_02/00122.jpg",
      "transform_matrix": [
        [
          -0.802104,
          -0.071005,
          0.592948,
          2.193046
        ],
        [
          -0.596939,
          0.123779,
          -0.792681,
          3.101059
        ],
        [
          -0.01711,
          -0.989766,
          -0.141669,
          1.499755
        ],
        [
          0.0,
          0.0,
          0.0,
          1.0
        ]
      ]
    },
    {
      "file_path": "/media/NFS/ttao/scannet/posed_images/scene0052_02/00123.jpg",
      "transform_matrix": [
        [
          -0.803637,
          -0.06889,
          0.591119,
          2.202523
        ],
        [
          -0.594868,
          0.121865,
          -0.794532,
          3.100583
        ],
        [
          -0.017302,
          -0.990153,
          -0.138916,
          1.500361
        ],
        [
          0.0,
          0.0,
          0.0,
          1.0
        ]
      ]
    },
    {
      "file_path": "/media/NFS/ttao/scannet/posed_images/scene0052_02/00127.jpg",
      "transform_matrix": [
        [
          -0.803843,
          -0.059582,
          0.59185,
          2.252578
        ],
        [
          -0.594539,
          0.112196,
          -0.7962,
          3.101172
        ],
        [
          -0.018964,
          -0.991898,
          -0.125612,
          1.505117
        ],
        [
          0.0,
          0.0,
          0.0,
          1.0
        ]
      ]
    },
    {
      "file_path": "/media/NFS/ttao/scannet/posed_images/scene0052_02/00128.jpg",
      "transform_matrix": [
        [
          -0.802986,
          -0.061072,
          0.59286,
          2.268294
        ],
        [
          -0.595702,
          0.113534,
          -0.795141,
          3.104388
        ],
        [
          -0.018748,
          -0.991655,
          -0.127547,
          1.508778
        ],
        [
          0.0,
          0.0,
          0.0,
          1.0
        ]
      ]
    },
    {
      "file_path": "/media/NFS/ttao/scannet/posed_images/scene0052_02/00131.jpg",
      "transform_matrix": [
        [
          -0.802701,
          -0.060766,
          0.593277,
          2.329542
        ],
        [
          -0.595976,
          0.118426,
          -0.794222,
          3.115168
        ],
        [
          -0.021998,
          -0.991102,
          -0.131276,
          1.494844
        ],
        [
          0.0,
          0.0,
          0.0,
          1.0
        ]
      ]
    },
    {
      "file_path": "/media/NFS/ttao/scannet/posed_images/scene0052_02/00132.jpg",
      "transform_matrix": [
        [
          -0.800001,
          -0.056211,
          0.59736,
          2.340892
        ],
        [
          -0.599247,
          0.124669,
          -0.790797,
          3.113916
        ],
        [
          -0.030021,
          -0.990605,
          -0.13342,
          1.49749
        ],
        [
          0.0,
          0.0,
          0.0,
          1.0
        ]
      ]
    },
    {
      "file_path": "/media/NFS/ttao/scannet/posed_images/scene0052_02/00136.jpg",
      "transform_matrix": [
        [
          -0.78826,
          -0.05679,
          0.612716,
          2.411541
        ],
        [
          -0.614068,
          0.136627,
          -0.777337,
          3.117338
        ],
        [
          -0.039569,
          -0.988994,
          -0.14257,
          1.49637
        ],
        [
          0.0,
          0.0,
          0.0,
          1.0
        ]
      ]
    },
    {
      "file_path": "/media/NFS/ttao/scannet/posed_images/scene0052_02/00137.jpg",
      "transform_matrix": [
        [
          -0.785765,
          -0.05753,
          0.615844,
          2.432003
        ],
        [
          -0.617285,
          0.135984,
          -0.774899,
          3.120071
        ],
        [
          -0.039165,
          -0.989039,
          -0.142364,
          1.487033
        ],
        [
          0.0,
          0.0,
          0.0,
          1.0
        ]
      ]
    },
    {
      "file_path": "/media/NFS/ttao/scannet/posed_images/scene0052_02/00139.jpg",
      "transform_matrix": [
        [
          -0.774966,
          -0.054006,
          0.629691,
          2.450423
        ],
        [
          -0.630459,
          0.13566,
          -0.764276,
          3.113436
        ],
        [
          -0.044148,
          -0.989283,
          -0.139181,
          1.490237
        ],
        [
          0.0,
          0.0,
          0.0,
          1.0
        ]
      ]
    },
    {
      "file_path": "/media/NFS/ttao/scannet/posed_images/scene0052_02/00143.jpg",
      "transform_matrix": [
        [
          -0.73958,
          -0.076454,
          0.668712,
          2.514825
        ],
        [
          -0.672078,
          0.137759,
          -0.727553,
          3.104121
        ],
        [
          -0.036497,
          -0.987511,
          -0.153267,
          1.491241
        ],
        [
          0.0,
          0.0,
          0.0,
          1.0
        ]
      ]
    },
    {
      "file_path": "/media/NFS/ttao/scannet/posed_images/scene0052_02/00145.jpg",
      "transform_matrix": [
        [
          -0.723335,
          -0.092133,
          0.684323,
          2.54149
        ],
        [
          -0.690169,
          0.126999,
          -0.712417,
          3.096786
        ],
        [
          -0.021271,
          -0.987615,
          -0.15545,
          1.468701
        ],
        [
          0.0,
          0.0,
          0.0,
          1.0
        ]
      ]
    },
    {
      "file_path": "/media/NFS/ttao/scannet/posed_images/scene0052_02/00146.jpg",
      "transform_matrix": [
        [
          -0.71822,
          -0.098729,
          0.688776,
          2.557317
        ],
        [
          -0.695595,
          0.126846,
          -0.707148,
          3.094311
        ],
        [
          -0.017553,
          -0.986997,
          -0.159779,
          1.473272
        ],
        [
          0.0,
          0.0,
          0.0,
          1.0
        ]
      ]
    },
    {
      "file_path": "/media/NFS/ttao/scannet/posed_images/scene0052_02/00149.jpg",
      "transform_matrix": [
        [
          -0.693405,
          -0.100928,
          0.713444,
          2.593088
        ],
        [
          -0.720502,
          0.108346,
          -0.684937,
          3.074712
        ],
        [
          -0.008169,
          -0.988977,
          -0.147847,
          1.460008
        ],
        [
          0.0,
          0.0,
          0.0,
          1.0
        ]
      ]
    },
    {
      "file_path": "/media/NFS/ttao/scannet/posed_images/scene0052_02/00150.jpg",
      "transform_matrix": [
        [
          -0.677684,
          -0.103724,
          0.728001,
          2.595025
        ],
        [
          -0.735352,
          0.09795,
          -0.67057,
          3.055871
        ],
        [
          -0.001753,
          -0.989771,
          -0.142653,
          1.456132
        ],
        [
          0.0,
          0.0,
          0.0,
          1.0
        ]
      ]
    },
    {
      "file_path": "/media/NFS/ttao/scannet/posed_images/scene0052_02/00154.jpg",
      "transform_matrix": [
        [
          -0.647333,
          -0.136713,
          0.749846,
          2.666492
        ],
        [
          -0.761936,
          0.08983,
          -0.641392,
          3.033864
        ],
        [
          0.020328,
          -0.98653,
          -0.162316,
          1.434469
        ],
        [
          0.0,
          0.0,
          0.0,
          1.0
        ]
      ]
    },
    {
      "file_path": "/media/NFS/ttao/scannet/posed_images/scene0052_02/00155.jpg",
      "transform_matrix": [
        [
          -0.64353,
          -0.147603,
          0.751054,
          2.686484
        ],
        [
          -0.7649,
          0.087825,
          -0.638134,
          3.028514
        ],
        [
          0.028229,
          -0.98514,
          -0.16942,
          1.434381
        ],
        [
          0.0,
          0.0,
          0.0,
          1.0
        ]
      ]
    },
    {
      "file_path": "/media/NFS/ttao/scannet/posed_images/scene0052_02/00157.jpg",
      "transform_matrix": [
        [
          -0.631969,
          -0.162787,
          0.757704,
          2.716553
        ],
        [
          -0.774302,
          0.091341,
          -0.626189,
          3.011519
        ],
        [
          0.032726,
          -0.982424,
          -0.183771,
          1.437137
        ],
        [
          0.0,
          0.0,
          0.0,
          1.0
        ]
      ]
    },
    {
      "file_path": "/media/NFS/ttao/scannet/posed_images/scene0052_02/00160.jpg",
      "transform_matrix": [
        [
          -0.586431,
          -0.190768,
          0.787214,
          2.702074
        ],
        [
          -0.809459,
          0.102531,
          -0.578156,
          2.941506
        ],
        [
          0.02958,
          -0.976266,
          -0.214547,
          1.473
        ],
        [
          0.0,
          0.0,
          0.0,
          1.0
        ]
      ]
    },
    {
      "file_path": "/media/NFS/ttao/scannet/posed_images/scene0052_02/00162.jpg",
      "transform_matrix": [
        [
          -0.587665,
          -0.188101,
          0.786935,
          2.7418
        ],
        [
          -0.808642,
          0.103683,
          -0.579092,
          2.949109
        ],
        [
          0.027336,
          -0.976662,
          -0.213038,
          1.438542
        ],
        [
          0.0,
          0.0,
          0.0,
          1.0
        ]
      ]
    },
    {
      "file_path": "/media/NFS/ttao/scannet/posed_images/scene0052_02/00164.jpg",
      "transform_matrix": [
        [
          -0.578285,
          -0.192929,
          0.792694,
          2.758556
        ],
        [
          -0.815713,
          0.119958,
          -0.565882,
          2.92918
        ],
        [
          0.014085,
          -0.973852,
          -0.226745,
          1.44228
        ],
        [
          0.0,
          0.0,
          0.0,
          1.0
        ]
      ]
    },
    {
      "file_path": "/media/NFS/ttao/scannet/posed_images/scene0052_02/00168.jpg",
      "transform_matrix": [
        [
          -0.549945,
          -0.207544,
          0.809003,
          2.794884
        ],
        [
          -0.835201,
          0.136778,
          -0.532664,
          2.898024
        ],
        [
          -0.000103,
          -0.968616,
          -0.248561,
          1.441848
        ],
        [
          0.0,
          0.0,
          0.0,
          1.0
        ]
      ]
    },
    {
      "file_path": "/media/NFS/ttao/scannet/posed_images/scene0052_02/00170.jpg",
      "transform_matrix": [
        [
          -0.528987,
          -0.212633,
          0.821559,
          2.80704
        ],
        [
          -0.848581,
          0.142959,
          -0.509385,
          2.875566
        ],
        [
          -0.009137,
          -0.966618,
          -0.25606,
          1.439798
        ],
        [
          0.0,
          0.0,
          0.0,
          1.0
        ]
      ]
    },
    {
      "file_path": "/media/NFS/ttao/scannet/posed_images/scene0052_02/00171.jpg",
      "transform_matrix": [
        [
          -0.526906,
          -0.220736,
          0.820759,
          2.829144
        ],
        [
          -0.849832,
          0.15101,
          -0.504957,
          2.874285
        ],
        [
          -0.012481,
          -0.963573,
          -0.267156,
          1.465346
        ],
        [
          0.0,
          0.0,
          0.0,
          1.0
        ]
      ]
    },
    {
      "file_path": "/media/NFS/ttao/scannet/posed_images/scene0052_02/00174.jpg",
      "transform_matrix": [
        [
          -0.504933,
          -0.21015,
          0.837186,
          2.849979
        ],
        [
          -0.863149,
          0.127618,
          -0.488557,
