{
  "frames": [
    {
      "file_path": "/media/NFS/ttao/scannet/posed_images/scene0309_01/00001.jpg",
      "transform_matrix": [
        [
          0.010109,
          -0.388176,
          0.92153,
          5.438709
        ],
        [
          -0.999294,
          -0.037285,
          -0.004743,
          4.107727
        ],
        [
          0.036201,
          -0.920831,
          -0.388279,
          1.660341
        ],
        [
          0.0,
          0.0,
          0.0,
          1.0
        ]
      ]
    },
    {
      "file_path": "/media/NFS/ttao/scannet/posed_images/scene0309_01/00004.jpg",
      "transform_matrix": [
        [
          0.008093,
          -0.387949,
          0.921645,
          5.486583
        ],
        [
          -0.998457,
          -0.05378,
          -0.013871,
          4.100552
        ],
        [
          0.054947,
          -0.92011,
          -0.387785,
          1.658972
        ],
        [
          0.0,
          0.0,
          0.0,
          1.0
        ]
      ]
    },
    {
      "file_path": "/media/NFS/ttao/scannet/posed_images/scene0309_01/00008.jpg",
      "transform_matrix": [
        [
          0.017072,
          -0.380183,
          0.924754,
          5.539629
        ],
        [
          -0.998992,
          -0.044887,
          -1.1e-05,
          4.113898
        ],
        [
          0.041514,
          -0.923821,
          -0.380566,
          1.667957
        ],
        [
          0.0,
          0.0,
          0.0,
          1.0
        ]
      ]
    },
    {
      "file_path": "/media/NFS/ttao/scannet/posed_images/scene0309_01/00011.jpg",
      "transform_matrix": [
        [
          0.038738,
          -0.373529,
          0.92681,
          5.583453
        ],
        [
          -0.998903,
          -0.038883,
          0.02608,
          4.100262
        ],
        [
          0.026295,
          -0.926803,
          -0.374626,
          1.667277
        ],
        [
          0.0,
          0.0,
          0.0,
          1.0
        ]
      ]
    },
    {
      "file_path": "/media/NFS/ttao/scannet/posed_images/scene0309_01/00014.jpg",
      "transform_matrix": [
        [
          0.06439,
          -0.374571,
          0.92496,
          5.610187
        ],
        [
          -0.997848,
          -0.035699,
          0.055007,
          4.114313
        ],
        [
          0.012416,
          -0.926511,
          -0.376063,
          1.658946
        ],
        [
          0.0,
          0.0,
          0.0,
          1.0
        ]
      ]
    },
    {
      "file_path": "/media/NFS/ttao/scannet/posed_images/scene0309_01/00017.jpg",
      "transform_matrix": [
        [
          0.117189,
          -0.383012,
          0.91628,
          5.649074
        ],
        [
          -0.993106,
          -0.047627,
          0.107107,
          4.108806
        ],
        [
          0.002616,
          -0.922515,
          -0.385953,
          1.663067
        ],
        [
          0.0,
          0.0,
          0.0,
          1.0
        ]
      ]
    },
    {
      "file_path": "/media/NFS/ttao/scannet/posed_images/scene0309_01/00018.jpg",
      "transform_matrix": [
        [
          0.133534,
          -0.380762,
          0.91498,
          5.665987
        ],
        [
          -0.991044,
          -0.052378,
          0.122838,
          4.110929
        ],
        [
          0.001153,
          -0.923188,
          -0.384347,
          1.67416
        ],
        [
          0.0,
          0.0,
          0.0,
          1.0
        ]
      ]
    },
    {
      "file_path": "/media/NFS/ttao/scannet/posed_images/scene0309_01/00022.jpg",
      "transform_matrix": [
        [
          0.207129,
          -0.350799,
          0.913257,
          5.712387
        ],
        [
          -0.978227,
          -0.061818,
          0.198119,
          4.103425
        ],
        [
          -0.013045,
          -0.934408,
          -0.355965,
          1.697065
        ],
        [
          0.0,
          0.0,
          0.0,
          1.0
        ]
      ]
    },
    {
      "file_path": "/media/NFS/ttao/scannet/posed_images/scene0309_01/00025.jpg",
      "transform_matrix": [
        [
          0.249335,
          -0.31536,
          0.915631,
          5.745811
        ],
        [
          -0.968315,
          -0.06746,
          0.240447,
          4.095377
        ],
        [
          -0.014059,
          -0.946572,
          -0.322188,
          1.723175
        ],
        [
          0.0,
          0.0,
          0.0,
          1.0
        ]
      ]
    },
    {
      "file_path": "/media/NFS/ttao/scannet/posed_images/scene0309_01/00029.jpg",
      "transform_matrix": [
        [
          0.28738,
          -0.261291,
          0.921488,
          5.779978
        ],
        [
          -0.957775,
          -0.069401,
          0.279018,
          4.086604
        ],
        [
          -0.008953,
          -0.962762,
          -0.270203,
          1.751839
        ],
        [
          0.0,
          0.0,
          0.0,
          1.0
        ]
      ]
    },
    {
      "file_path": "/media/NFS/ttao/scannet/posed_images/scene0309_01/00031.jpg",
      "transform_matrix": [
        [
          0.299648,
          -0.227715,
          0.926476,
          5.786709
        ],
        [
          -0.953942,
          -0.056928,
          0.29454,
          4.06496
        ],
        [
          -0.014328,
          -0.972062,
          -0.234286,
          1.750408
        ],
        [
          0.0,
          0.0,
          0.0,
          1.0
        ]
      ]
    },
    {
      "file_path": "/media/NFS/ttao/scannet/posed_images/scene0309_01/00036.jpg",
      "transform_matrix": [
        [
          0.277547,
          -0.181029,
          0.943502,
          5.820326
        ],
        [
          -0.960681,
          -0.060182,
          0.271053,
          4.034681
        ],
        [
          0.007713,
          -0.981635,
          -0.190615,
          1.777277
        ],
        [
          0.0,
          0.0,
          0.0,
          1.0
        ]
      ]
    },
    {
      "file_path": "/media/NFS/ttao/scannet/posed_images/scene0309_01/00040.jpg",
      "transform_matrix": [
        [
          0.216667,
          -0.133405,
          0.967088,
          5.837592
        ],
        [
          -0.976046,
          -0.049622,
          0.211829,
          4.018542
        ],
        [
          0.01973,
          -0.989819,
          -0.140961,
          1.801769
        ],
        [
          0.0,
          0.0,
          0.0,
          1.0
        ]
      ]
    },
    {
      "file_path": "/media/NFS/ttao/scannet/posed_images/scene0309_01/00042.jpg",
      "transform_matrix": [
        [
          0.174553,
          -0.115112,
          0.977896,
          5.849919
        ],
        [
          -0.984412,
          -0.042137,
          0.170756,
          4.017421
        ],
        [
          0.02155,
          -0.992458,
          -0.120673,
          1.831614
        ],
        [
          0.0,
          0.0,
          0.0,
          1.0
        ]
      ]
    },
    {
      "file_path": "/media/NFS/ttao/scannet/posed_images/scene0309_01/00044.jpg",
      "transform_matrix": [
        [
          0.124717,
          -0.098214,
          0.987319,
          5.851827
        ],
        [
          -0.991829,
          -0.039278,
          0.121379,
          4.030569
        ],
        [
          0.026859,
          -0.99439,
          -0.102311,
          1.842456
        ],
        [
          0.0,
          0.0,
          0.0,
          1.0
        ]
      ]
    },
    {
      "file_path": "/media/NFS/ttao/scannet/posed_images/scene0309_01/00047.jpg",
      "transform_matrix": [
        [
          0.04703,
          -0.065368,
          0.996752,
          5.841857
        ],
        [
          -0.998509,
          -0.030774,
          0.045095,
          4.02651
        ],
        [
          0.027726,
          -0.997387,
          -0.066718,
          1.837359
        ],
        [
          0.0,
          0.0,
          0.0,
          1.0
        ]
      ]
    },
    {
      "file_path": "/media/NFS/ttao/scannet/posed_images/scene0309_01/00050.jpg",
      "transform_matrix": [
        [
          -0.02743,
          -0.02949,
          0.999189,
          5.829103
        ],
        [
          -0.99955,
          -0.011313,
          -0.027774,
          3.987724
        ],
        [
          0.012123,
          -0.999501,
          -0.029167,
          1.816134
        ],
        [
          0.0,
          0.0,
          0.0,
          1.0
        ]
      ]
    },
    {
      "file_path": "/media/NFS/ttao/scannet/posed_images/scene0309_01/00053.jpg",
      "transform_matrix": [
        [
          -0.10842,
          -0.013138,
          0.994018,
          5.834085
        ],
        [
          -0.994094,
          -0.003418,
          -0.108473,
          3.973354
        ],
        [
          0.004823,
          -0.999908,
          -0.01269,
          1.835894
        ],
        [
          0.0,
          0.0,
          0.0,
          1.0
        ]
      ]
    },
    {
      "file_path": "/media/NFS/ttao/scannet/posed_images/scene0309_01/00056.jpg",
      "transform_matrix": [
        [
          -0.176246,
          -9.3e-05,
          0.984346,
          5.827935
        ],
        [
          -0.98433,
          0.005704,
          -0.176243,
          3.960027
        ],
        [
          -0.005599,
          -0.999984,
          -0.001097,
          1.858571
        ],
        [
          0.0,
          0.0,
          0.0,
          1.0
        ]
      ]
    },
    {
      "file_path": "/media/NFS/ttao/scannet/posed_images/scene0309_01/00062.jpg",
      "transform_matrix": [
        [
          -0.293343,
          0.029312,
          0.955558,
          5.803487
        ],
        [
          -0.955794,
          0.012115,
          -0.293788,
          3.953035
        ],
        [
          -0.020188,
          -0.999497,
          0.024463,
          1.835784
        ],
        [
          0.0,
          0.0,
          0.0,
          1.0
        ]
      ]
    },
    {
      "file_path": "/media/NFS/ttao/scannet/posed_images/scene0309_01/00065.jpg",
      "transform_matrix": [
        [
          -0.343074,
          0.025852,
          0.938953,
          5.806588
        ],
        [
          -0.939118,
          0.010692,
          -0.343429,
          3.95015
        ],
        [
          -0.018918,
          -0.999609,
          0.02061,
          1.846981
        ],
        [
          0.0,
          0.0,
          0.0,
          1.0
        ]
      ]
    },
    {
      "file_path": "/media/NFS/ttao/scannet/posed_images/scene0309_01/00066.jpg",
      "transform_matrix": [
        [
          -0.350262,
          0.02601,
          0.936291,
          5.788974
        ],
        [
          -0.936449,
          0.011063,
          -0.350629,
          3.933932
        ],
        [
          -0.019478,
          -0.9996,
          0.020482,
          1.846371
        ],
        [
          0.0,
          0.0,
          0.0,
          1.0
        ]
      ]
    },
    {
      "file_path": "/media/NFS/ttao/scannet/posed_images/scene0309_01/00069.jpg",
      "transform_matrix": [
        [
          -0.388787,
          0.010558,
          0.921267,
          5.783201
        ],
        [
          -0.92124,
          0.009307,
          -0.388882,
          3.926568
        ],
        [
          -0.01268,
          -0.999901,
          0.006108,
          1.853619
        ],
        [
          0.0,
          0.0,
          0.0,
          1.0
        ]
      ]
    },
    {
      "file_path": "/media/NFS/ttao/scannet/posed_images/scene0309_01/00072.jpg",
      "transform_matrix": [
        [
          -0.431942,
          -0.002565,
          0.901898,
          5.769577
        ],
        [
          -0.901847,
          0.012196,
          -0.431883,
          3.917228
        ],
        [
          -0.009892,
          -0.999922,
          -0.007581,
          1.843833
        ],
        [
          0.0,
          0.0,
          0.0,
          1.0
        ]
      ]
    },
    {
      "file_path": "/media/NFS/ttao/scannet/posed_images/scene0309_01/00075.jpg",
      "transform_matrix": [
        [
          -0.479973,
          -0.027567,
          0.87685,
          5.771056
        ],
        [
          -0.877273,
          0.019824,
          -0.479582,
          3.92468
        ],
        [
          -0.004162,
          -0.999423,
          -0.033699,
          1.856999
        ],
        [
          0.0,
          0.0,
          0.0,
          1.0
        ]
      ]
    },
    {
      "file_path": "/media/NFS/ttao/scannet/posed_images/scene0309_01/00079.jpg",
      "transform_matrix": [
        [
          -0.536992,
          -0.063839,
          0.841168,
          5.751751
        ],
        [
          -0.84358,
          0.036548,
          -0.535758,
          3.905148
        ],
        [
          0.003459,
          -0.997291,
          -0.073479,
          1.815068
        ],
        [
          0.0,
          0.0,
          0.0,
          1.0
        ]
      ]
    },
    {
      "file_path": "/media/NFS/ttao/scannet/posed_images/scene0309_01/00083.jpg",
      "transform_matrix": [
        [
          -0.614643,
          -0.113874,
          0.780543,
          5.77796
        ],
        [
          -0.788791,
          0.082678,
          -0.609076,
          3.977731
        ],
        [
          0.004825,
          -0.990049,
          -0.14064,
          1.782094
        ],
        [
          0.0,
          0.0,
          0.0,
          1.0
        ]
      ]
    },
    {
      "file_path": "/media/NFS/ttao/scannet/posed_images/scene0309_01/00087.jpg",
      "transform_matrix": [
        [
          -0.657774,
          -0.17133,
          0.73347,
          5.761489
        ],
        [
          -0.752961,
          0.124249,
          -0.646229,
          3.962379
        ],
        [
          0.019586,
          -0.977348,
          -0.210733,
          1.740282
        ],
        [
          0.0,
          0.0,
          0.0,
          1.0
        ]
      ]
    },
    {
      "file_path": "/media/NFS/ttao/scannet/posed_images/scene0309_01/00090.jpg",
      "transform_matrix": [
        [
          -0.691208,
          -0.194916,
          0.695873,
          5.776314
        ],
        [
          -0.72246,
          0.164001,
          -0.67168,
          3.964941
        ],
        [
          0.016798,
          -0.967012,
          -0.254178,
          1.740113
        ],
        [
          0.0,
          0.0,
          0.0,
          1.0
        ]
      ]
    },
    {
      "file_path": "/media/NFS/ttao/scannet/posed_images/scene0309_01/00093.jpg",
      "transform_matrix": [
        [
          -0.720393,
          -0.206675,
          0.662057,
          5.764402
        ],
        [
          -0.693385,
          0.192823,
          -0.694288,
          3.955829
        ],
        [
          0.015833,
          -0.959221,
          -0.282214,
          1.707083
        ],
        [
          0.0,
          0.0,
          0.0,
          1.0
        ]
      ]
    },
    {
      "file_path": "/media/NFS/ttao/scannet/posed_images/scene0309_01/00095.jpg",
      "transform_matrix": [
        [
          -0.738579,
          -0.214083,
          0.639273,
          5.749074
        ],
        [
          -0.67403,
          0.215387,
          -0.706605,
          3.947265
        ],
        [
          0.013581,
          -0.952773,
          -0.303379,
          1.690713
        ],
        [
          0.0,
          0.0,
          0.0,
          1.0
        ]
      ]
    },
    {
      "file_path": "/media/NFS/ttao/scannet/posed_images/scene0309_01/00097.jpg",
      "transform_matrix": [
        [
          -0.757052,
          -0.230175,
          0.611467,
          5.74817
        ],
        [
          -0.653156,
          0.243567,
          -0.716981,
          3.941146
        ],
        [
          0.016098,
          -0.942176,
          -0.334733,
          1.679291
        ],
        [
          0.0,
          0.0,
          0.0,
          1.0
        ]
      ]
    },
    {
      "file_path": "/media/NFS/ttao/scannet/posed_images/scene0309_01/00103.jpg",
      "transform_matrix": [
        [
          -0.806831,
          -0.251858,
          0.534407,
          5.733374
        ],
        [
          -0.590528,
          0.317312,
          -0.742017,
          3.9242
        ],
        [
          0.017309,
          -0.914265,
          -0.404746,
          1.655494
        ],
        [
          0.0,
          0.0,
          0.0,
          1.0
        ]
      ]
    },
    {
      "file_path": "/media/NFS/ttao/scannet/posed_images/scene0309_01/00106.jpg",
      "transform_matrix": [
        [
          -0.830693,
          -0.254079,
          0.495372,
          5.724749
        ],
        [
          -0.556346,
          0.345751,
          -0.755602,
          3.914921
        ],
        [
          0.020707,
          -0.903272,
          -0.428569,
          1.645395
        ],
        [
          0.0,
          0.0,
          0.0,
          1.0
        ]
      ]
    },
    {
      "file_path": "/media/NFS/ttao/scannet/posed_images/scene0309_01/00107.jpg",
      "transform_matrix": [
        [
          -0.836493,
          -0.252328,
          0.486426,
          5.716836
        ],
        [
          -0.547641,
          0.353809,
          -0.758227,
          3.909971
        ],
        [
          0.01922,
          -0.900639,
          -0.434144,
          1.641153
        ],
        [
          0.0,
          0.0,
          0.0,
          1.0
        ]
      ]
    },
    {
      "file_path": "/media/NFS/ttao/scannet/posed_images/scene0309_01/00111.jpg",
      "transform_matrix": [
        [
          -0.864847,
          -0.240296,
          0.440792,
          5.682545
        ],
        [
          -0.501906,
          0.393852,
          -0.770047,
          3.895186
        ],
        [
          0.011432,
          -0.887208,
          -0.461227,
          1.609568
        ],
        [
          0.0,
          0.0,
          0.0,
          1.0
        ]
      ]
    },
    {
      "file_path": "/media/NFS/ttao/scannet/posed_images/scene0309_01/00115.jpg",
      "transform_matrix": [
        [
          -0.88486,
          -0.244149,
          0.396754,
          5.666192
        ],
        [
          -0.465516,
          0.430801,
          -0.773114,
          3.871307
        ],
        [
          0.017833,
          -0.868793,
          -0.494854,
          1.59768
        ],
        [
          0.0,
          0.0,
          0.0,
          1.0
        ]
      ]
    },
    {
      "file_path": "/media/NFS/ttao/scannet/posed_images/scene0309_01/00118.jpg",
      "transform_matrix": [
        [
          -0.898622,
          -0.243523,
          0.364932,
          5.658183
        ],
        [
          -0.438092,
          0.453463,
          -0.776174,
          3.847497
        ],
        [
          0.023533,
          -0.857361,
          -0.514177,
          1.594785
        ],
        [
          0.0,
          0.0,
          0.0,
          1.0
        ]
      ]
    },
    {
      "file_path": "/media/NFS/ttao/scannet/posed_images/scene0309_01/00119.jpg",
      "transform_matrix": [
        [
          -0.902875,
          -0.240022,
          0.35666,
          5.65761
        ],
        [
          -0.429272,
          0.458429,
          -0.778182,
          3.840092
        ],
        [
          0.023277,
          -0.855706,
          -0.516939,
          1.593689
        ],
        [
          0.0,
          0.0,
          0.0,
          1.0
        ]
      ]
    },
    {
      "file_path": "/media/NFS/ttao/scannet/posed_images/scene0309_01/00123.jpg",
      "transform_matrix": [
        [
          -0.918051,
          -0.22822,
          0.324188,
          5.657219
        ],
        [
          -0.395739,
          0.478156,
          -0.784064,
          3.803219
        ],
        [
          0.023927,
          -0.848105,
          -0.529288,
          1.597687
        ],
        [
          0.0,
          0.0,
          0.0,
          1.0
        ]
      ]
    },
    {
      "file_path": "/media/NFS/ttao/scannet/posed_images/scene0309_01/00128.jpg",
      "transform_matrix": [
        [
          -0.936785,
          -0.192442,
          0.292232,
          5.662597
        ],
        [
          -0.349589,
          0.479273,
          -0.805037,
          3.750878
        ],
        [
          0.014864,
          -0.856308,
          -0.516252,
          1.612453
        ],
        [
          0.0,
          0.0,
          0.0,
          1.0
        ]
      ]
    },
    {
      "file_path": "/media/NFS/ttao/scannet/posed_images/scene0309_01/00130.jpg",
      "transform_matrix": [
        [
          -0.942211,
          -0.182836,
          0.28073,
          5.669153
        ],
        [
          -0.334571,
          0.470144,
          -0.816717,
          3.729064
        ],
        [
          0.017342,
          -0.863444,
          -0.504147,
          1.624674
        ],
        [
          0.0,
          0.0,
          0.0,
          1.0
        ]
      ]
    },
    {
      "file_path": "/media/NFS/ttao/scannet/posed_images/scene0309_01/00134.jpg",
      "transform_matrix": [
        [
          -0.95088,
          -0.155621,
          0.2676,
          5.685964
        ],
        [
          -0.309279,
          0.440759,
          -0.842661,
          3.682747
        ],
        [
          0.013188,
          -0.884033,
          -0.467239,
          1.656852
        ],
        [
          0.0,
          0.0,
          0.0,
          1.0
        ]
      ]
    },
    {
      "file_path": "/media/NFS/ttao/scannet/posed_images/scene0309_01/00137.jpg",
      "transform_matrix": [
        [
          -0.952924,
          -0.135609,
          0.271195,
          5.690606
        ],
        [
          -0.303149,
          0.408208,
          -0.861085,
          3.650487
        ],
        [
          0.006067,
          -0.902761,
          -0.430101,
          1.680069
        ],
        [
          0.0,
          0.0,
          0.0,
          1.0
        ]
      ]
    },
    {
      "file_path": "/media/NFS/ttao/scannet/posed_images/scene0309_01/00140.jpg",
      "transform_matrix": [
        [
          -0.952161,
          -0.120281,
          0.28093,
          5.693483
        ],
        [
          -0.305589,
          0.368273,
          -0.878061,
          3.637264
        ],
        [
          0.002156,
          -0.921904,
          -0.387412,
          1.694855
        ],
        [
          0.0,
          0.0,
          0.0,
          1.0
        ]
      ]
    },
    {
      "file_path": "/media/NFS/ttao/scannet/posed_images/scene0309_01/00142.jpg",
      "transform_matrix": [
        [
          -0.952039,
          -0.116291,
          0.283017,
          5.700322
        ],
        [
          -0.305943,
          0.347917,
          -0.886201,
          3.619993
        ],
        [
          0.004591,
          -0.930285,
          -0.366809,
          1.710966
        ],
        [
          0.0,
          0.0,
          0.0,
          1.0
        ]
      ]
    },
    {
      "file_path": "/media/NFS/ttao/scannet/posed_images/scene0309_01/00146.jpg",
      "transform_matrix": [
        [
          -0.952758,
          -0.095665,
          0.288273,
          5.711392
        ],
        [
          -0.303731,
          0.296952,
          -0.9053,
          3.601126
        ],
        [
          0.001002,
          -0.950088,
          -0.311979,
          1.736996
        ],
        [
          0.0,
          0.0,
          0.0,
          1.0
        ]
      ]
    },
    {
      "file_path": "/media/NFS/ttao/scannet/posed_images/scene0309_01/00150.jpg",
      "transform_matrix": [
        [
          -0.955681,
          -0.090917,
          0.280016,
          5.722462
        ],
        [
          -0.294065,
          0.249062,
          -0.922764,
          3.597178
        ],
        [
          0.014154,
          -0.964211,
          -0.264759,
          1.756012
        ],
        [
          0.0,
          0.0,
          0.0,
          1.0
        ]
      ]
    },
    {
      "file_path": "/media/NFS/ttao/scannet/posed_images/scene0309_01/00151.jpg",
      "transform_matrix": [
        [
          -0.955131,
          -0.08719,
          0.28306,
          5.707887
        ],
        [
          -0.295837,
          0.234612,
          -0.925979,
          3.590453
        ],
        [
          0.014327,
          -0.968171,
          -0.249879,
          1.757066
        ],
        [
          0.0,
          0.0,
          0.0,
          1.0
        ]
      ]
    },
    {
      "file_path": "/media/NFS/ttao/scannet/posed_images/scene0309_01/00154.jpg",
      "transform_matrix": [
        [
          -0.961581,
          -0.079382,
          0.262793,
          5.716987
        ],
        [
          -0.273527,
          0.195691,
          -0.941747,
          3.587409
        ],
        [
          0.023332,
          -0.977448,
          -0.209886,
          1.765214
        ],
        [
          0.0,
          0.0,
          0.0,
          1.0
        ]
      ]
    },
    {
      "file_path": "/media/NFS/ttao/scannet/posed_images/scene0309_01/00157.jpg",
      "transform_matrix": [
        [
          -0.972661,
          -0.070661,
          0.221218,
          5.724543
        ],
        [
          -0.230113,
          0.16495,
          -0.959083,
          3.585299
        ],
        [
          0.03128,
          -0.983768,
          -0.1767,
          1.780932
        ],
        [
          0.0,
          0.0,
          0.0,
          1.0
        ]
      ]
    },
    {
      "file_path": "/media/NFS/ttao/scannet/posed_images/scene0309_01/00163.jpg",
      "transform_matrix": [
        [
          -0.99229,
          -0.042778,
          0.116318,
          5.754967
        ],
        [
          -0.12046,
          0.112196,
          -0.986358,
          3.575496
        ],
        [
          0.029144,
          -0.992765,
          -0.116484,
          1.81734
        ],
        [
          0.0,
          0.0,
          0.0,
          1.0
        ]
      ]
    },
    {
      "file_path": "/media/NFS/ttao/scannet/posed_images/scene0309_01/00164.jpg",
      "transform_matrix": [
        [
          -0.994664,
          -0.037566,
          0.096081,
          5.765139
        ],
        [
          -0.099666,
          0.109473,
          -0.988981,
          3.578882
        ],
        [
          0.026634,
          -0.99328,
          -0.112633,
          1.827524
        ],
        [
          0.0,
          0.0,
          0.0,
          1.0
        ]
      ]
    },
    {
      "file_path": "/media/NFS/ttao/scannet/posed_images/scene0309_01/00167.jpg",
      "transform_matrix": [
        [
          -0.998993,
          -0.020769,
          0.03978,
          5.792569
        ],
        [
          -0.041424,
          0.08583,
          -0.995448,
          3.583161
        ],
        [
          0.01726,
          -0.996093,
          -0.086604,
          1.82365
        ],
        [
          0.0,
          0.0,
          0.0,
          1.0
        ]
      ]
    },
    {
      "file_path": "/media/NFS/ttao/scannet/posed_images/scene0309_01/00172.jpg",
      "transform_matrix": [
        [
          -0.999328,
          -0.005033,
          -0.036301,
          5.801529
        ],
        [
          0.035897,
          0.065193,
          -0.997227,
          3.588188
        ],
        [
          0.007386,
          -0.99786,
          -0.064968,
          1.824057
        ],
        [
          0.0,
          0.0,
          0.0,
          1.0
        ]
      ]
    },
    {
      "file_path": "/media/NFS/ttao/scannet/posed_images/scene0309_01/00175.jpg",
      "transform_matrix": [
        [
          -0.9961,
          -0.00826,
          -0.087842,
          5.807753
        ],
        [
          0.087169,
          0.061758,
          -0.994277,
          3.595107
        ],
        [
          0.013637,
          -0.998057,
          -0.060797,
          1.829609
        ],
        [
          0.0,
          0.0,
          0.0,
          1.0
        ]
      ]
    },
    {
      "file_path": "/media/NFS/ttao/scannet/posed_images/scene0309_01/00177.jpg",
      "transform_matrix": [
        [
          -0.99212,
          -0.00789,
          -0.125042,
          5.812156
        ],
        [
          0.124234,
          0.06739,
          -0.989962,
          3.594125
        ],
        [
          0.016237,
          -0.997696,
          -0.065879,
          1.834736
        ],
        [
          0.0,
          0.0,
          0.0,
          1.0
        ]
      ]
    },
    {
      "file_path": "/media/NFS/ttao/scannet/posed_images/scene0309_01/00182.jpg",
      "transform_matrix": [
        [
          -0.980155,
          -0.013617,
          -0.197766,
          5.808273
        ],
        [
          0.196676,
          0.058008,
          -0.978751,
          3.602365
        ],
        [
          0.0248,
          -0.998223,
          -0.054178,
          1.847237
        ],
        [
          0.0,
          0.0,
          0.0,
          1.0
        ]
      ]
    },
    {
      "file_path": "/media/NFS/ttao/scannet/posed_images/scene0309_01/00183.jpg",
      "transform_matrix": [
        [
          -0.976268,
          -0.018566,
          -0.215769,
          5.812917
        ],
        [
          0.214294,
          0.061133,
          -0.974854,
          3.600585
        ],
        [
          0.03129,
          -0.997957,
          -0.055704,
          1.85632
        ],
        [
          0.0,
          0.0,
          0.0,
          1.0
        ]
      ]
    },
    {
      "file_path": "/media/NFS/ttao/scannet/posed_images/scene0309_01/00188.jpg",
      "transform_matrix": [
        [
          -0.956827,
          -0.031116,
          -0.288986,
          5.795604
        ],
        [
          0.287329,
          0.048761,
          -0.95659,
          3.5998
        ],
        [
          0.043857,
          -0.998326,
          -0.037715,
          1.856737
        ],
        [
          0.0,
          0.0,
          0.0,
          1.0
        ]
      ]
    },
    {
      "file_path": "/media/NFS/ttao/scannet/posed_images/scene0309_01/00191.jpg",
      "transform_matrix": [
        [
          -0.943516,
          -0.03766,
          -0.329179,
          5.791926
        ],
        [
          0.327408,
          0.046376,
          -0.943744,
          3.602876
        ],
        [
          0.050808,
          -0.998214,
          -0.031427,
          1.851309
        ],
        [
          0.0,
          0.0,
          0.0,
          1.0
        ]
      ]
    },
    {
      "file_path": "/media/NFS/ttao/scannet/posed_images/scene0309_01/00194.jpg",
      "transform_matrix": [
        [
          -0.933761,
          -0.037605,
          -0.355917,
          5.768589
        ],
        [
          0.354082,
          0.047778,
          -0.933993,
          3.609941
        ],
        [
          0.052128,
          -0.99815,
          -0.031298,
          1.859518
        ],
        [
          0.0,
          0.0,
          0.0,
          1.0
        ]
      ]
    },
    {
      "file_path": "/media/NFS/ttao/scannet/posed_images/scene0309_01/00196.jpg",
      "transform_matrix": [
        [
          -0.927012,
          -0.038743,
          -0.373025,
          5.758359
        ],
        [
          0.371217,
          0.046717,
          -0.92737,
          3.610506
        ],
        [
          0.053355,
          -0.998157,
          -0.028925,
          1.862427
        ],
        [
          0.0,
          0.0,
          0.0,
          1.0
        ]
      ]
    },
    {
      "file_path": "/media/NFS/ttao/scannet/posed_images/scene0309_01/00201.jpg",
      "transform_matrix": [
        [
          -0.891427,
          -0.040685,
          -0.451334,
          5.803148
        ],
        [
          0.448385,
          0.065083,
          -0.891468,
          3.607801
        ],
        [
          0.065643,
          -0.99705,
          -0.039774,
          1.832761
        ],
        [
          0.0,
          0.0,
          0.0,
          1.0
        ]
      ]
    },
    {
      "file_path": "/media/NFS/ttao/scannet/posed_images/scene0309_01/00202.jpg",
      "transform_matrix": [
        [
          -0.885388,
          -0.040054,
          -0.463124,
          5.799689
        ],
        [
          0.460234,
          0.064559,
          -0.885447,
          3.613289
        ],
        [
          0.065365,
          -0.99711,
          -0.038726,
          1.827537
        ],
        [
          0.0,
          0.0,
          0.0,
          1.0
        ]
      ]
    },
    {
      "file_path": "/media/NFS/ttao/scannet/posed_images/scene0309_01/00207.jpg",
      "transform_matrix": [
        [
          -0.842833,
          -0.03247,
          -0.537195,
          5.78305
        ],
        [
          0.53373,
          0.077609,
          -0.842086,
          3.624115
        ],
        [
          0.069034,
          -0.996455,
          -0.048081,
          1.816814
        ],
        [
          0.0,
          0.0,
          0.0,
          1.0
        ]
      ]
    },
    {
      "file_path": "/media/NFS/ttao/scannet/posed_images/scene0309_01/00208.jpg",
      "transform_matrix": [
        [
          -0.832528,
          -0.032118,
          -0.553051,
          5.784272
        ],
        [
          0.549771,
          0.074964,
          -0.831945,
          3.630118
        ],
        [
          0.068179,
          -0.996669,
          -0.044752,
          1.809478
        ],
        [
          0.0,
          0.0,
          0.0,
          1.0
        ]
      ]
    },
    {
      "file_path": "/media/NFS/ttao/scannet/posed_images/scene0309_01/00212.jpg",
      "transform_matrix": [
        [
          -0.772727,
          -0.016766,
          -0.634517,
          5.813506
        ],
        [
          0.632218,
          0.068651,
          -0.771742,
          3.619652
        ],
        [
          0.056499,
          -0.9975,
          -0.042448,
          1.80318
        ],
        [
          0.0,
          0.0,
          0.0,
          1.0
        ]
      ]
    },
    {
      "file_path": "/media/NFS/ttao/scannet/posed_images/scene0309_01/00216.jpg",
      "transform_matrix": [
        [
          -0.714969,
          0.018006,
          -0.698924,
          5.823954
        ],
        [
          0.698119,
          0.07279,
          -0.712271,
          3.61656
        ],
        [
          0.03805,
          -0.997185,
          -0.064613,
          1.804121
        ],
        [
          0.0,
          0.0,
          0.0,
          1.0
        ]
      ]
    },
    {
      "file_path": "/media/NFS/ttao/scannet/posed_images/scene0309_01/00217.jpg",
      "transform_matrix": [
        [
          -0.703661,
          0.023239,
          -0.710155,
          5.8279
        ],
        [
          0.709714,
          0.07102,
          -0.7009,
          3.617945
        ],
        [
          0.034148,
          -0.997204,
          -0.066467,
          1.804218
        ],
        [
          0.0,
          0.0,
          0.0,
          1.0
        ]
      ]
    },
    {
      "file_path": "/media/NFS/ttao/scannet/posed_images/scene0309_01/00223.jpg",
      "transform_matrix": [
        [
          -0.598442,
          0.051991,
          -0.799477,
          5.864599
        ],
        [
          0.800694,
          0.073056,
          -0.594602,
          3.615919
        ],
        [
          0.027493,
          -0.995972,
          -0.085348,
          1.795338
        ],
        [
          0.0,
          0.0,
          0.0,
          1.0
        ]
      ]
    },
    {
      "file_path": "/media/NFS/ttao/scannet/posed_images/scene0309_01/00225.jpg",
      "transform_matrix": [
        [
          -0.558684,
          0.062913,
          -0.826991,
          5.873121
        ],
        [
          0.829053,
          0.070386,
          -0.554723,
          3.618365
        ],
        [
          0.023309,
          -0.995534,
          -0.091482,
          1.795554
        ],
        [
          0.0,
          0.0,
          0.0,
          1.0
        ]
      ]
    },
    {
      "file_path": "/media/NFS/ttao/scannet/posed_images/scene0309_01/00229.jpg",
      "transform_matrix": [
        [
          -0.494175,
          0.08655,
          -0.865043,
          5.889295
        ],
        [
          0.869282,
          0.062714,
          -0.490322,
          3.630787
        ],
        [
          0.011813,
          -0.994272,
          -0.106228,
          1.793009
        ],
        [
          0.0,
          0.0,
          0.0,
          1.0
        ]
      ]
    },
    {
      "file_path": "/media/NFS/ttao/scannet/posed_images/scene0309_01/00231.jpg",
      "transform_matrix": [
        [
          -0.461013,
          0.093818,
          -0.88242,
          5.898716
        ],
        [
          0.887357,
          0.057786,
          -0.457448,
          3.629807
        ],
        [
          0.008075,
          -0.993911,
          -0.10989,
          1.797
        ],
        [
          0.0,
          0.0,
          0.0,
          1.0
        ]
      ]
    },
    {
      "file_path": "/media/NFS/ttao/scannet/posed_images/scene0309_01/00234.jpg",
      "transform_matrix": [
        [
          -0.416327,
          0.105408,
          -0.903084,
          5.905027
        ],
        [
          0.90916,
          0.059201,
          -0.412218,
          3.64706
        ],
        [
          0.010012,
          -0.992665,
          -0.120479,
          1.790293
        ],
        [
          0.0,
          0.0,
          0.0,
          1.0
        ]
      ]
    },
    {
      "file_path": "/media/NFS/ttao/scannet/posed_images/scene0309_01/00238.jpg",
      "transform_matrix": [
        [
          -0.357635,
          0.123918,
          -0.925603,
          5.907564
        ],
        [
          0.933832,
          0.055368,
          -0.353401,
          3.673897
        ],
        [
          0.007456,
          -0.990747,
          -0.13552,
          1.785158
        ],
        [
          0.0,
          0.0,
          0.0,
          1.0
        ]
      ]
    },
    {
      "file_path": "/media/NFS/ttao/scannet/posed_images/scene0309_01/00242.jpg",
      "transform_matrix": [
        [
          -0.304213,
          0.140073,
          -0.942249,
          5.909663
        ],
        [
          0.952598,
          0.04828,
          -0.300377,
          3.702454
        ],
        [
          0.003417,
          -0.988963,
          -0.14812,
          1.780868
        ],
        [
          0.0,
          0.0,
          0.0,
          1.0
        ]
      ]
    },
    {
      "file_path": "/media/NFS/ttao/scannet/posed_images/scene0309_01/00243.jpg",
      "transform_matrix": [
        [
          -0.291545,
          0.144262,
          -0.945616,
          5.910724
        ],
        [
          0.956547,
          0.048445,
          -0.287525,
          3.708706
        ],
        [
          0.004331,
          -0.988353,
