{
  "frames": [
    {
      "file_path": "/media/NFS/ttao/scannet/posed_images/scene0382_01/00000.jpg",
      "transform_matrix": [
        [
          -0.793389,
          0.426374,
          -0.434442,
          3.55805
        ],
        [
          0.607799,
          0.594045,
          -0.526965,
          1.438286
        ],
        [
          0.033394,
          -0.682141,
          -0.730458,
          1.282059
        ],
        [
          0.0,
          0.0,
          0.0,
          1.0
        ]
      ]
    },
    {
      "file_path": "/media/NFS/ttao/scannet/posed_images/scene0382_01/00002.jpg",
      "transform_matrix": [
        [
          -0.779964,
          0.445648,
          -0.439378,
          3.568287
        ],
        [
          0.625392,
          0.581113,
          -0.520761,
          1.446173
        ],
        [
          0.023252,
          -0.680959,
          -0.731953,
          1.280146
        ],
        [
          0.0,
          0.0,
          0.0,
          1.0
        ]
      ]
    },
    {
      "file_path": "/media/NFS/ttao/scannet/posed_images/scene0382_01/00005.jpg",
      "transform_matrix": [
        [
          -0.771115,
          0.455229,
          -0.445139,
          3.577915
        ],
        [
          0.636468,
          0.569876,
          -0.51976,
          1.449638
        ],
        [
          0.017064,
          -0.684111,
          -0.729179,
          1.284463
        ],
        [
          0.0,
          0.0,
          0.0,
          1.0
        ]
      ]
    },
    {
      "file_path": "/media/NFS/ttao/scannet/posed_images/scene0382_01/00008.jpg",
      "transform_matrix": [
        [
          -0.766638,
          0.460108,
          -0.447846,
          3.587241
        ],
        [
          0.641892,
          0.566053,
          -0.517261,
          1.452552
        ],
        [
          0.015508,
          -0.684021,
          -0.729297,
          1.284542
        ],
        [
          0.0,
          0.0,
          0.0,
          1.0
        ]
      ]
    },
    {
      "file_path": "/media/NFS/ttao/scannet/posed_images/scene0382_01/00010.jpg",
      "transform_matrix": [
        [
          -0.762498,
          0.489948,
          -0.422549,
          3.561922
        ],
        [
          0.646977,
          0.581609,
          -0.493104,
          1.430263
        ],
        [
          0.004163,
          -0.649371,
          -0.760461,
          1.323806
        ],
        [
          0.0,
          0.0,
          0.0,
          1.0
        ]
      ]
    },
    {
      "file_path": "/media/NFS/ttao/scannet/posed_images/scene0382_01/00013.jpg",
      "transform_matrix": [
        [
          -0.753592,
          0.501354,
          -0.425139,
          3.566212
        ],
        [
          0.657333,
          0.578199,
          -0.483322,
          1.431085
        ],
        [
          0.0035,
          -0.643686,
          -0.765282,
          1.319271
        ],
        [
          0.0,
          0.0,
          0.0,
          1.0
        ]
      ]
    },
    {
      "file_path": "/media/NFS/ttao/scannet/posed_images/scene0382_01/00017.jpg",
      "transform_matrix": [
        [
          -0.73782,
          0.515015,
          -0.436327,
          3.565308
        ],
        [
          0.674929,
          0.572116,
          -0.465998,
          1.431923
        ],
        [
          0.009633,
          -0.638313,
          -0.769717,
          1.316766
        ],
        [
          0.0,
          0.0,
          0.0,
          1.0
        ]
      ]
    },
    {
      "file_path": "/media/NFS/ttao/scannet/posed_images/scene0382_01/00019.jpg",
      "transform_matrix": [
        [
          -0.733379,
          0.518261,
          -0.439955,
          3.563408
        ],
        [
          0.679759,
          0.567743,
          -0.464324,
          1.432921
        ],
        [
          0.00914,
          -0.639589,
          -0.768663,
          1.318113
        ],
        [
          0.0,
          0.0,
          0.0,
          1.0
        ]
      ]
    },
    {
      "file_path": "/media/NFS/ttao/scannet/posed_images/scene0382_01/00023.jpg",
      "transform_matrix": [
        [
          -0.716368,
          0.52658,
          -0.457745,
          3.556249
        ],
        [
          0.697721,
          0.539405,
          -0.471409,
          1.43326
        ],
        [
          -0.001325,
          -0.657081,
          -0.753819,
          1.328027
        ],
        [
          0.0,
          0.0,
          0.0,
          1.0
        ]
      ]
    },
    {
      "file_path": "/media/NFS/ttao/scannet/posed_images/scene0382_01/00024.jpg",
      "transform_matrix": [
        [
          -0.714259,
          0.523923,
          -0.464046,
          3.552057
        ],
        [
          0.699881,
          0.535554,
          -0.472598,
          1.438566
        ],
        [
          0.000916,
          -0.662335,
          -0.749208,
          1.328344
        ],
        [
          0.0,
          0.0,
          0.0,
          1.0
        ]
      ]
    },
    {
      "file_path": "/media/NFS/ttao/scannet/posed_images/scene0382_01/00027.jpg",
      "transform_matrix": [
        [
          -0.697676,
          0.525526,
          -0.4869,
          3.53752
        ],
        [
          0.716333,
          0.521947,
          -0.463076,
          1.445485
        ],
        [
          0.010777,
          -0.671859,
          -0.740601,
          1.336599
        ],
        [
          0.0,
          0.0,
          0.0,
          1.0
        ]
      ]
    },
    {
      "file_path": "/media/NFS/ttao/scannet/posed_images/scene0382_01/00031.jpg",
      "transform_matrix": [
        [
          -0.676724,
          0.530021,
          -0.511001,
          3.522242
        ],
        [
          0.736237,
          0.487807,
          -0.469042,
          1.444461
        ],
        [
          0.000667,
          -0.69363,
          -0.720332,
          1.358435
        ],
        [
          0.0,
          0.0,
          0.0,
          1.0
        ]
      ]
    },
    {
      "file_path": "/media/NFS/ttao/scannet/posed_images/scene0382_01/00032.jpg",
      "transform_matrix": [
        [
          -0.674401,
          0.528098,
          -0.516038,
          3.519486
        ],
        [
          0.738365,
          0.48235,
          -0.471334,
          1.445558
        ],
        [
          0.0,
          -0.698893,
          -0.715227,
          1.364507
        ],
        [
          0.0,
          0.0,
          0.0,
          1.0
        ]
      ]
    },
    {
      "file_path": "/media/NFS/ttao/scannet/posed_images/scene0382_01/00034.jpg",
      "transform_matrix": [
        [
          -0.670134,
          0.520138,
          -0.529506,
          3.514068
        ],
        [
          0.74224,
          0.468902,
          -0.47876,
          1.450892
        ],
        [
          -0.000735,
          -0.713854,
          -0.700295,
          1.370636
        ],
        [
          0.0,
          0.0,
          0.0,
          1.0
        ]
      ]
    },
    {
      "file_path": "/media/NFS/ttao/scannet/posed_images/scene0382_01/00039.jpg",
      "transform_matrix": [
        [
          -0.665822,
          0.492844,
          -0.560166,
          3.500656
        ],
        [
          0.746062,
          0.448411,
          -0.49226,
          1.456735
        ],
        [
          0.008577,
          -0.745676,
          -0.666253,
          1.387977
        ],
        [
          0.0,
          0.0,
          0.0,
          1.0
        ]
      ]
    },
    {
      "file_path": "/media/NFS/ttao/scannet/posed_images/scene0382_01/00040.jpg",
      "transform_matrix": [
        [
          -0.662195,
          0.496638,
          -0.561114,
          3.490613
        ],
        [
          0.749302,
          0.445535,
          -0.489944,
          1.453125
        ],
        [
          0.006671,
          -0.744882,
          -0.667163,
          1.400416
        ],
        [
          0.0,
          0.0,
          0.0,
          1.0
        ]
      ]
    },
    {
      "file_path": "/media/NFS/ttao/scannet/posed_images/scene0382_01/00044.jpg",
      "transform_matrix": [
        [
          -0.652616,
          0.483699,
          -0.583204,
          3.480795
        ],
        [
          0.757667,
          0.422358,
          -0.497548,
          1.45427
        ],
        [
          0.005658,
          -0.766582,
          -0.642121,
          1.41374
        ],
        [
          0.0,
          0.0,
          0.0,
          1.0
        ]
      ]
    },
    {
      "file_path": "/media/NFS/ttao/scannet/posed_images/scene0382_01/00047.jpg",
      "transform_matrix": [
        [
          -0.638258,
          0.479604,
          -0.602169,
          3.474699
        ],
        [
          0.769774,
          0.406408,
          -0.49222,
          1.454729
        ],
        [
          0.008656,
          -0.777697,
          -0.62858,
          1.42244
        ],
        [
          0.0,
          0.0,
          0.0,
          1.0
        ]
      ]
    },
    {
      "file_path": "/media/NFS/ttao/scannet/posed_images/scene0382_01/00049.jpg",
      "transform_matrix": [
        [
          -0.627401,
          0.479096,
          -0.613869,
          3.468969
        ],
        [
          0.778667,
          0.392894,
          -0.489195,
          1.452089
        ],
        [
          0.006814,
          -0.784921,
          -0.619558,
          1.428331
        ],
        [
          0.0,
          0.0,
          0.0,
          1.0
        ]
      ]
    },
    {
      "file_path": "/media/NFS/ttao/scannet/posed_images/scene0382_01/00050.jpg",
      "transform_matrix": [
        [
          -0.619874,
          0.480798,
          -0.620153,
          3.462943
        ],
        [
          0.784691,
          0.383894,
          -0.486708,
          1.451487
        ],
        [
          0.004064,
          -0.788326,
          -0.615244,
          1.437336
        ],
        [
          0.0,
          0.0,
          0.0,
          1.0
        ]
      ]
    },
    {
      "file_path": "/media/NFS/ttao/scannet/posed_images/scene0382_01/00053.jpg",
      "transform_matrix": [
        [
          -0.605887,
          0.46825,
          -0.643151,
          3.450346
        ],
        [
          0.795548,
          0.35887,
          -0.488176,
          1.457758
        ],
        [
          0.002219,
          -0.807437,
          -0.58995,
          1.450734
        ],
        [
          0.0,
          0.0,
          0.0,
          1.0
        ]
      ]
    },
    {
      "file_path": "/media/NFS/ttao/scannet/posed_images/scene0382_01/00056.jpg",
      "transform_matrix": [
        [
          -0.601305,
          0.454971,
          -0.656836,
          3.449694
        ],
        [
          0.798998,
          0.34841,
          -0.490115,
          1.469404
        ],
        [
          0.00586,
          -0.819519,
          -0.573021,
          1.450768
        ],
        [
          0.0,
          0.0,
          0.0,
          1.0
        ]
      ]
    },
    {
      "file_path": "/media/NFS/ttao/scannet/posed_images/scene0382_01/00059.jpg",
      "transform_matrix": [
        [
          -0.581685,
          0.450195,
          -0.677471,
          3.443779
        ],
        [
          0.813254,
          0.338394,
          -0.473399,
          1.469933
        ],
        [
          0.01613,
          -0.826325,
          -0.562962,
          1.45354
        ],
        [
          0.0,
          0.0,
          0.0,
          1.0
        ]
      ]
    },
    {
      "file_path": "/media/NFS/ttao/scannet/posed_images/scene0382_01/00061.jpg",
      "transform_matrix": [
        [
          -0.567666,
          0.452269,
          -0.687901,
          3.432278
        ],
        [
          0.823081,
          0.32914,
          -0.462822,
          1.464569
        ],
        [
          0.017096,
          -0.828927,
          -0.559096,
          1.468274
        ],
        [
          0.0,
          0.0,
          0.0,
          1.0
        ]
      ]
    },
    {
      "file_path": "/media/NFS/ttao/scannet/posed_images/scene0382_01/00064.jpg",
      "transform_matrix": [
        [
          -0.548031,
          0.440423,
          -0.711119,
          3.423173
        ],
        [
          0.836444,
          0.293529,
          -0.46282,
          1.474737
        ],
        [
          0.004898,
          -0.848451,
          -0.529252,
          1.477563
        ],
        [
          0.0,
          0.0,
          0.0,
          1.0
        ]
      ]
    },
    {
      "file_path": "/media/NFS/ttao/scannet/posed_images/scene0382_01/00067.jpg",
      "transform_matrix": [
        [
          -0.522418,
          0.43053,
          -0.736019,
          3.416931
        ],
        [
          0.852668,
          0.257664,
          -0.454495,
          1.479895
        ],
        [
          -0.006028,
          -0.865016,
          -0.501707,
          1.487683
        ],
        [
          0.0,
          0.0,
          0.0,
          1.0
        ]
      ]
    },
    {
      "file_path": "/media/NFS/ttao/scannet/posed_images/scene0382_01/00071.jpg",
      "transform_matrix": [
        [
          -0.500196,
          0.401963,
          -0.766962,
          3.409226
        ],
        [
          0.865893,
          0.226319,
          -0.446103,
          1.489553
        ],
        [
          -0.005739,
          -0.887246,
          -0.461261,
          1.496847
        ],
        [
          0.0,
          0.0,
          0.0,
          1.0
        ]
      ]
    },
    {
      "file_path": "/media/NFS/ttao/scannet/posed_images/scene0382_01/00072.jpg",
      "transform_matrix": [
        [
          -0.496329,
          0.393429,
          -0.773867,
          3.407942
        ],
        [
          0.868126,
          0.221037,
          -0.44441,
          1.490793
        ],
        [
          -0.003791,
          -0.892388,
          -0.451253,
          1.499352
        ],
        [
          0.0,
          0.0,
          0.0,
          1.0
        ]
      ]
    },
    {
      "file_path": "/media/NFS/ttao/scannet/posed_images/scene0382_01/00076.jpg",
      "transform_matrix": [
        [
          -0.48212,
          0.366741,
          -0.795652,
          3.404129
        ],
        [
          0.876104,
          0.200009,
          -0.438678,
          1.494418
        ],
        [
          -0.001744,
          -0.908569,
          -0.417732,
          1.509161
        ],
        [
          0.0,
          0.0,
          0.0,
          1.0
        ]
      ]
    },
    {
      "file_path": "/media/NFS/ttao/scannet/posed_images/scene0382_01/00079.jpg",
      "transform_matrix": [
        [
          -0.477355,
          0.346657,
          -0.807441,
          3.402506
        ],
        [
          0.878665,
          0.178911,
          -0.44265,
          1.492746
        ],
        [
          -0.008988,
          -0.920771,
          -0.389999,
          1.520838
        ],
        [
          0.0,
          0.0,
          0.0,
          1.0
        ]
      ]
    },
    {
      "file_path": "/media/NFS/ttao/scannet/posed_images/scene0382_01/00081.jpg",
      "transform_matrix": [
        [
          -0.47827,
          0.330174,
          -0.813783,
          3.397758
        ],
        [
          0.878145,
          0.168304,
          -0.447811,
          1.495986
        ],
        [
          -0.010893,
          -0.928794,
          -0.370436,
          1.52838
        ],
        [
          0.0,
          0.0,
          0.0,
          1.0
        ]
      ]
    },
    {
      "file_path": "/media/NFS/ttao/scannet/posed_images/scene0382_01/00084.jpg",
      "transform_matrix": [
        [
          -0.474277,
          0.301397,
          -0.827177,
          3.39886
        ],
        [
          0.880326,
          0.152386,
          -0.449226,
          1.495213
        ],
        [
          -0.009345,
          -0.941243,
          -0.3376,
          1.537014
        ],
        [
          0.0,
          0.0,
          0.0,
          1.0
        ]
      ]
    },
    {
      "file_path": "/media/NFS/ttao/scannet/posed_images/scene0382_01/00087.jpg",
      "transform_matrix": [
        [
          -0.473148,
          0.276753,
          -0.836384,
          3.40151
        ],
        [
          0.880905,
          0.135998,
          -0.453333,
          1.493404
        ],
        [
          -0.011715,
          -0.951269,
          -0.308141,
          1.552211
        ],
        [
          0.0,
          0.0,
          0.0,
          1.0
        ]
      ]
    },
    {
      "file_path": "/media/NFS/ttao/scannet/posed_images/scene0382_01/00089.jpg",
      "transform_matrix": [
        [
          -0.476845,
          0.258489,
          -0.840121,
          3.396786
        ],
        [
          0.878893,
          0.126193,
          -0.460024,
          1.495301
        ],
        [
          -0.012894,
          -0.957736,
          -0.287359,
          1.558612
        ],
        [
          0.0,
          0.0,
          0.0,
          1.0
        ]
      ]
    },
    {
      "file_path": "/media/NFS/ttao/scannet/posed_images/scene0382_01/00091.jpg",
      "transform_matrix": [
        [
          -0.481563,
          0.236894,
          -0.843788,
          3.390628
        ],
        [
          0.876385,
          0.122703,
          -0.465717,
          1.502874
        ],
        [
          -0.006791,
          -0.963756,
          -0.2667,
          1.567555
        ],
        [
          0.0,
          0.0,
          0.0,
          1.0
        ]
      ]
    },
    {
      "file_path": "/media/NFS/ttao/scannet/posed_images/scene0382_01/00095.jpg",
      "transform_matrix": [
        [
          -0.474274,
          0.202081,
          -0.85687,
          3.392621
        ],
        [
          0.880377,
          0.109001,
          -0.461579,
          1.50424
        ],
        [
          0.000124,
          -0.973284,
          -0.229604,
          1.578213
        ],
        [
          0.0,
          0.0,
          0.0,
          1.0
        ]
      ]
    },
    {
      "file_path": "/media/NFS/ttao/scannet/posed_images/scene0382_01/00097.jpg",
      "transform_matrix": [
        [
          -0.465672,
          0.187508,
          -0.864865,
          3.396529
        ],
        [
          0.884956,
          0.097263,
          -0.455403,
          1.508178
        ],
        [
          -0.001272,
          -0.977436,
          -0.211229,
          1.588337
        ],
        [
          0.0,
          0.0,
          0.0,
          1.0
        ]
      ]
    },
    {
      "file_path": "/media/NFS/ttao/scannet/posed_images/scene0382_01/00100.jpg",
      "transform_matrix": [
        [
          -0.462133,
          0.177696,
          -0.868825,
          3.373404
        ],
        [
          0.8866,
          0.071257,
          -0.457014,
          1.522645
        ],
        [
          -0.0193,
          -0.981502,
          -0.190476,
          1.607806
        ],
        [
          0.0,
          0.0,
          0.0,
          1.0
        ]
      ]
    },
    {
      "file_path": "/media/NFS/ttao/scannet/posed_images/scene0382_01/00101.jpg",
      "transform_matrix": [
        [
          -0.462064,
          0.17132,
          -0.870142,
          3.373961
        ],
        [
          0.886547,
          0.063731,
          -0.458228,
          1.528152
        ],
        [
          -0.023049,
          -0.983152,
          -0.181331,
          1.615319
        ],
        [
          0.0,
          0.0,
          0.0,
          1.0
        ]
      ]
    },
    {
      "file_path": "/media/NFS/ttao/scannet/posed_images/scene0382_01/00104.jpg",
      "transform_matrix": [
        [
          -0.456758,
          0.151741,
          -0.876554,
          3.373179
        ],
        [
          0.889166,
          0.047411,
          -0.455122,
          1.540708
        ],
        [
          -0.027503,
          -0.987283,
          -0.156578,
          1.608773
        ],
        [
          0.0,
          0.0,
          0.0,
          1.0
        ]
      ]
    },
    {
      "file_path": "/media/NFS/ttao/scannet/posed_images/scene0382_01/00106.jpg",
      "transform_matrix": [
        [
          -0.444703,
          0.142096,
          -0.884335,
          3.376026
        ],
        [
          0.895408,
          0.046267,
          -0.442837,
          1.540098
        ],
        [
          -0.02201,
          -0.988771,
          -0.147809,
          1.611438
        ],
        [
          0.0,
          0.0,
          0.0,
          1.0
        ]
      ]
    },
    {
      "file_path": "/media/NFS/ttao/scannet/posed_images/scene0382_01/00109.jpg",
      "transform_matrix": [
        [
          -0.435159,
          0.139833,
          -0.889429,
          3.374187
        ],
        [
          0.90017,
          0.047634,
          -0.432926,
          1.549284
        ],
        [
          -0.01817,
          -0.989029,
          -0.146602,
          1.608746
        ],
        [
          0.0,
          0.0,
          0.0,
          1.0
        ]
      ]
    },
    {
      "file_path": "/media/NFS/ttao/scannet/posed_images/scene0382_01/00112.jpg",
      "transform_matrix": [
        [
          -0.423265,
          0.155281,
          -0.8926,
          3.382623
        ],
        [
          0.905934,
          0.060099,
          -0.419133,
          1.542342
        ],
        [
          -0.011439,
          -0.986041,
          -0.166112,
          1.598374
        ],
        [
          0.0,
          0.0,
          0.0,
          1.0
        ]
      ]
    },
    {
      "file_path": "/media/NFS/ttao/scannet/posed_images/scene0382_01/00114.jpg",
      "transform_matrix": [
        [
          -0.419411,
          0.173308,
          -0.8911,
          3.384683
        ],
        [
          0.907735,
          0.068688,
          -0.413882,
          1.54675
        ],
        [
          -0.010522,
          -0.982469,
          -0.186126,
          1.575578
        ],
        [
          0.0,
          0.0,
          0.0,
          1.0
        ]
      ]
    },
    {
      "file_path": "/media/NFS/ttao/scannet/posed_images/scene0382_01/00117.jpg",
      "transform_matrix": [
        [
          -0.421952,
          0.208615,
          -0.88229,
          3.389299
        ],
        [
          0.906615,
          0.094565,
          -0.411226,
          1.544115
        ],
        [
          -0.002355,
          -0.973415,
          -0.229036,
          1.545773
        ],
        [
          0.0,
          0.0,
          0.0,
          1.0
        ]
      ]
    },
    {
      "file_path": "/media/NFS/ttao/scannet/posed_images/scene0382_01/00120.jpg",
      "transform_matrix": [
        [
          -0.412313,
          0.266271,
          -0.871262,
          3.410156
        ],
        [
          0.911042,
          0.120765,
          -0.39423,
          1.54757
        ],
        [
          0.000246,
          -0.956303,
          -0.292377,
          1.517266
        ],
        [
          0.0,
          0.0,
          0.0,
          1.0
        ]
      ]
    },
    {
      "file_path": "/media/NFS/ttao/scannet/posed_images/scene0382_01/00124.jpg",
      "transform_matrix": [
        [
          -0.408751,
          0.338623,
          -0.847501,
          3.406972
        ],
        [
          0.912606,
          0.160371,
          -0.376074,
          1.543964
        ],
        [
          0.008567,
          -0.927155,
          -0.374581,
          1.498863
        ],
        [
          0.0,
          0.0,
          0.0,
          1.0
        ]
      ]
    },
    {
      "file_path": "/media/NFS/ttao/scannet/posed_images/scene0382_01/00127.jpg",
      "transform_matrix": [
        [
          -0.411356,
          0.385751,
          -0.825822,
          3.405955
        ],
        [
          0.91139,
          0.186427,
          -0.366897,
          1.547479
        ],
        [
          0.012424,
          -0.903571,
          -0.428257,
          1.483627
        ],
        [
          0.0,
          0.0,
          0.0,
          1.0
        ]
      ]
    },
    {
      "file_path": "/media/NFS/ttao/scannet/posed_images/scene0382_01/00129.jpg",
      "transform_matrix": [
        [
          -0.420312,
          0.413329,
          -0.807773,
          3.400247
        ],
        [
          0.907264,
          0.205629,
          -0.366862,
          1.552176
        ],
        [
          0.014467,
          -0.88706,
          -0.461427,
          1.477725
        ],
        [
          0.0,
          0.0,
          0.0,
          1.0
        ]
      ]
    },
    {
      "file_path": "/media/NFS/ttao/scannet/posed_images/scene0382_01/00131.jpg",
      "transform_matrix": [
        [
          -0.424242,
          0.438771,
          -0.792148,
          3.397674
        ],
        [
          0.905521,
          0.212463,
          -0.367276,
          1.560121
        ],
        [
          0.007152,
          -0.873121,
          -0.487452,
          1.47536
        ],
        [
          0.0,
          0.0,
          0.0,
          1.0
        ]
      ]
    },
    {
      "file_path": "/media/NFS/ttao/scannet/posed_images/scene0382_01/00133.jpg",
      "transform_matrix": [
        [
          -0.436737,
          0.4588,
          -0.773798,
          3.393414
        ],
        [
          0.899588,
          0.223642,
          -0.375133,
          1.57717
        ],
        [
          0.000943,
          -0.859934,
          -0.510404,
          1.464695
        ],
        [
          0.0,
          0.0,
          0.0,
          1.0
        ]
      ]
    },
    {
      "file_path": "/media/NFS/ttao/scannet/posed_images/scene0382_01/00138.jpg",
      "transform_matrix": [
        [
          -0.451417,
          0.512896,
          -0.730178,
          3.360552
        ],
        [
          0.892313,
          0.25987,
          -0.369114,
          1.612942
        ],
        [
          0.000434,
          -0.818172,
          -0.574974,
          1.451949
        ],
        [
          0.0,
          0.0,
          0.0,
          1.0
        ]
      ]
    },
    {
      "file_path": "/media/NFS/ttao/scannet/posed_images/scene0382_01/00140.jpg",
      "transform_matrix": [
        [
          -0.453299,
          0.524732,
          -0.720539,
          3.353822
        ],
        [
          0.891357,
          0.265461,
          -0.36744,
          1.635101
        ],
        [
          -0.001532,
          -0.808818,
          -0.588057,
          1.442718
        ],
        [
          0.0,
          0.0,
          0.0,
          1.0
        ]
      ]
    },
    {
      "file_path": "/media/NFS/ttao/scannet/posed_images/scene0382_01/00143.jpg",
      "transform_matrix": [
        [
          -0.460568,
          0.544641,
          -0.700887,
          3.334167
        ],
        [
          0.887543,
          0.271887,
          -0.371948,
          1.66011
        ],
        [
          -0.012016,
          -0.793375,
          -0.608615,
          1.436274
        ],
        [
          0.0,
          0.0,
          0.0,
          1.0
        ]
      ]
    },
    {
      "file_path": "/media/NFS/ttao/scannet/posed_images/scene0382_01/00145.jpg",
      "transform_matrix": [
        [
          -0.460132,
          0.550768,
          -0.696372,
          3.318392
        ],
        [
          0.88762,
          0.2675,
          -0.374932,
          1.679307
        ],
        [
          -0.020221,
          -0.790632,
          -0.611958,
          1.435911
        ],
        [
          0.0,
          0.0,
          0.0,
          1.0
        ]
      ]
    },
    {
      "file_path": "/media/NFS/ttao/scannet/posed_images/scene0382_01/00148.jpg",
      "transform_matrix": [
        [
          -0.437118,
          0.561953,
          -0.702237,
          3.298828
        ],
        [
          0.898854,
          0.245637,
          -0.362938,
          1.707119
        ],
        [
          -0.031459,
          -0.789855,
          -0.612486,
          1.434351
        ],
        [
          0.0,
          0.0,
          0.0,
          1.0
        ]
      ]
    },
    {
      "file_path": "/media/NFS/ttao/scannet/posed_images/scene0382_01/00149.jpg",
      "transform_matrix": [
        [
          -0.429801,
          0.565597,
          -0.703826,
          3.291199
        ],
        [
          0.902288,
          0.239789,
          -0.358298,
          1.720811
        ],
        [
          -0.033883,
          -0.789051,
          -0.613393,
          1.432187
        ],
        [
          0.0,
          0.0,
          0.0,
          1.0
        ]
      ]
    },
    {
      "file_path": "/media/NFS/ttao/scannet/posed_images/scene0382_01/00152.jpg",
      "transform_matrix": [
        [
          -0.390434,
          0.585541,
          -0.710424,
          3.27522
        ],
        [
          0.919965,
          0.21881,
          -0.325247,
          1.739625
        ],
        [
          -0.034998,
          -0.780553,
          -0.624109,
          1.42084
        ],
        [
          0.0,
          0.0,
          0.0,
          1.0
        ]
      ]
    },
    {
      "file_path": "/media/NFS/ttao/scannet/posed_images/scene0382_01/00155.jpg",
      "transform_matrix": [
        [
          -0.34999,
          0.599768,
          -0.719573,
          3.256972
        ],
        [
          0.936085,
          0.19491,
          -0.29284,
          1.771212
        ],
        [
          -0.035385,
          -0.776072,
          -0.629651,
          1.408442
        ],
        [
          0.0,
          0.0,
          0.0,
          1.0
        ]
      ]
    },
    {
      "file_path": "/media/NFS/ttao/scannet/posed_images/scene0382_01/00157.jpg",
      "transform_matrix": [
        [
          -0.320281,
          0.617533,
          -0.718383,
          3.243298
        ],
        [
          0.946807,
          0.183664,
          -0.26424,
          1.786944
        ],
        [
          -0.031236,
          -0.764801,
          -0.643509,
          1.400728
        ],
        [
          0.0,
          0.0,
          0.0,
          1.0
        ]
      ]
    },
    {
      "file_path": "/media/NFS/ttao/scannet/posed_images/scene0382_01/00160.jpg",
      "transform_matrix": [
        [
          -0.271113,
          0.644251,
          -0.715149,
          3.218158
        ],
        [
          0.962469,
          0.171972,
          -0.209949,
          1.786008
        ],
        [
          -0.012274,
          -0.745229,
          -0.666696,
          1.402529
        ],
        [
          0.0,
          0.0,
          0.0,
          1.0
        ]
      ]
    },
    {
      "file_path": "/media/NFS/ttao/scannet/posed_images/scene0382_01/00163.jpg",
      "transform_matrix": [
        [
          -0.219232,
          0.658904,
          -0.719571,
          3.215305
        ],
        [
          0.975668,
          0.14578,
          -0.163768,
          1.792797
        ],
        [
          -0.003008,
          -0.737966,
          -0.674831,
          1.387114
        ],
        [
          0.0,
          0.0,
          0.0,
          1.0
        ]
      ]
    },
    {
      "file_path": "/media/NFS/ttao/scannet/posed_images/scene0382_01/00167.jpg",
      "transform_matrix": [
        [
          -0.155004,
          0.678837,
          -0.717742,
          3.195569
        ],
        [
          0.987903,
          0.109962,
          -0.109346,
          1.794461
        ],
        [
          0.004697,
          -0.726009,
          -0.68767,
          1.382763
        ],
        [
          0.0,
          0.0,
          0.0,
          1.0
        ]
      ]
    },
    {
      "file_path": "/media/NFS/ttao/scannet/posed_images/scene0382_01/00170.jpg",
      "transform_matrix": [
        [
          -0.103851,
          0.684223,
          -0.721841,
          3.173581
        ],
        [
          0.994591,
          0.070203,
          -0.076548,
          1.790132
        ],
        [
          -0.0017,
          -0.725886,
          -0.687813,
          1.386138
        ],
        [
          0.0,
          0.0,
          0.0,
          1.0
        ]
      ]
    },
    {
      "file_path": "/media/NFS/ttao/scannet/posed_images/scene0382_01/00172.jpg",
      "transform_matrix": [
        [
          -0.07573,
          0.685227,
          -0.724382,
          3.168162
        ],
        [
          0.997021,
          0.041395,
          -0.065075,
          1.79015
        ],
        [
          -0.014606,
          -0.727153,
          -0.68632,
          1.382731
        ],
        [
          0.0,
          0.0,
          0.0,
          1.0
        ]
      ]
    },
    {
      "file_path": "/media/NFS/ttao/scannet/posed_images/scene0382_01/00173.jpg",
      "transform_matrix": [
        [
          -0.061958,
          0.687582,
          -0.723458,
          3.162036
        ],
        [
          0.997878,
          0.02814,
          -0.058716,
          1.785605
        ],
        [
          -0.020014,
          -0.725561,
          -0.687867,
          1.38384
        ],
        [
          0.0,
          0.0,
          0.0,
          1.0
        ]
      ]
    },
    {
      "file_path": "/media/NFS/ttao/scannet/posed_images/scene0382_01/00178.jpg",
      "transform_matrix": [
        [
          0.034512,
          0.680314,
          -0.732107,
          3.131243
        ],
        [
          0.998689,
          -0.051185,
          -0.000485,
          1.76614
        ],
        [
          -0.037803,
          -0.731131,
          -0.681189,
          1.389959
        ],
        [
          0.0,
          0.0,
          0.0,
          1.0
        ]
      ]
    },
    {
      "file_path": "/media/NFS/ttao/scannet/posed_images/scene0382_01/00180.jpg",
      "transform_matrix": [
        [
          0.071095,
          0.675257,
          -0.734148,
          3.120293
        ],
        [
          0.996803,
          -0.074999,
          0.027548,
          1.750148
        ],
        [
          -0.036459,
          -0.73376,
          -0.678431,
          1.392321
        ],
        [
          0.0,
          0.0,
          0.0,
          1.0
        ]
      ]
    },
    {
      "file_path": "/media/NFS/ttao/scannet/posed_images/scene0382_01/00182.jpg",
      "transform_matrix": [
        [
          0.104154,
          0.667902,
          -0.736926,
          3.119015
        ],
        [
          0.993895,
          -0.097003,
          0.052556,
          1.744683
        ],
        [
          -0.036382,
          -0.737901,
          -0.673928,
          1.380528
        ],
        [
          0.0,
          0.0,
          0.0,
          1.0
        ]
      ]
    },
    {
      "file_path": "/media/NFS/ttao/scannet/posed_images/scene0382_01/00184.jpg",
      "transform_matrix": [
        [
          0.139751,
          0.666404,
          -0.732376,
          3.112394
        ],
        [
          0.989768,
          -0.11553,
          0.083742,
          1.734651
        ],
        [
          -0.028805,
          -0.736585,
          -0.675731,
          1.374735
        ],
        [
          0.0,
          0.0,
          0.0,
          1.0
        ]
      ]
    },
    {
      "file_path": "/media/NFS/ttao/scannet/posed_images/scene0382_01/00187.jpg",
      "transform_matrix": [
        [
          0.180886,
          0.672996,
          -0.717187,
          3.110903
        ],
        [
          0.983499,
          -0.126111,
          0.129714,
          1.729135
        ],
        [
          -0.003148,
          -0.728816,
          -0.684702,
          1.35575
        ],
        [
          0.0,
          0.0,
          0.0,
          1.0
        ]
      ]
    },
    {
      "file_path": "/media/NFS/ttao/scannet/posed_images/scene0382_01/00191.jpg",
      "transform_matrix": [
        [
          0.262796,
          0.677658,
          -0.686817,
          3.091312
        ],
        [
          0.964108,
          -0.156502,
          0.21448,
          1.715706
        ],
        [
          0.037856,
          -0.718531,
          -0.694464,
          1.359012
        ],
        [
          0.0,
          0.0,
          0.0,
          1.0
        ]
      ]
    },
    {
      "file_path": "/media/NFS/ttao/scannet/posed_images/scene0382_01/00194.jpg",
      "transform_matrix": [
        [
          0.309873,
          0.666688,
          -0.677869,
          3.084666
        ],
        [
          0.950091,
          -0.190037,
          0.247412,
          1.699193
        ],
        [
          0.036127,
          -0.720704,
          -0.692302,
          1.34793
        ],
        [
          0.0,
          0.0,
          0.0,
          1.0
        ]
      ]
    },
    {
      "file_path": "/media/NFS/ttao/scannet/posed_images/scene0382_01/00196.jpg",
      "transform_matrix": [
        [
          0.327012,
          0.669529,
          -0.666928,
          3.072615
        ],
        [
          0.944359,
          -0.205119,
          0.257124,
          1.700585
        ],
        [
          0.035353,
          -0.713902,
          -0.699352,
          1.344312
        ],
        [
          0.0,
          0.0,
          0.0,
          1.0
        ]
      ]
    },
    {
      "file_path": "/media/NFS/ttao/scannet/posed_images/scene0382_01/00197.jpg",
      "transform_matrix": [
        [
          0.336089,
          0.671266,
          -0.660641,
          3.06039
        ],
        [
          0.941179,
          -0.213302,
          0.262075,
          1.700553
        ],
        [
          0.035005,
          -0.709862,
          -0.70347,
          1.345771
        ],
        [
          0.0,
          0.0,
          0.0,
          1.0
        ]
      ]
    },
    {
      "file_path": "/media/NFS/ttao/scannet/posed_images/scene0382_01/00200.jpg",
      "transform_matrix": [
        [
          0.371973,
          0.662813,
          -0.649858,
          3.026641
        ],
        [
          0.927532,
          -0.237995,
          0.288171,
          1.692053
        ],
        [
          0.036341,
          -0.709956,
          -0.703308,
          1.344022
        ],
        [
          0.0,
          0.0,
          0.0,
          1.0
        ]
      ]
    },
    {
      "file_path": "/media/NFS/ttao/scannet/posed_images/scene0382_01/00203.jpg",
      "transform_matrix": [
        [
          0.406298,
          0.651676,
          -0.6405,
          3.002576
        ],
        [
          0.912703,
          -0.256053,
          0.318448,
          1.700178
        ],
        [
          0.043523,
          -0.713971,
          -0.698821,
          1.32644
        ],
        [
          0.0,
          0.0,
          0.0,
          1.0
        ]
      ]
    },
    {
      "file_path": "/media/NFS/ttao/scannet/posed_images/scene0382_01/00206.jpg",
      "transform_matrix": [
        [
          0.447949,
          0.638851,
          -0.625468,
          2.962826
        ],
        [
          0.892483,
          -0.278,
          0.355232,
          1.713701
        ],
        [
          0.05306,
          -0.717346,
          -0.694694,
