{
  "frames": [
    {
      "file_path": "/media/NFS/ttao/scannet/posed_images/scene0387_01/00000.jpg",
      "transform_matrix": [
        [
          -0.992528,
          0.09229,
          -0.079824,
          3.399239
        ],
        [
          0.112806,
          0.444605,
          -0.888595,
          4.026421
        ],
        [
          -0.046518,
          -0.89096,
          -0.451693,
          1.471056
        ],
        [
          0.0,
          0.0,
          0.0,
          1.0
        ]
      ]
    },
    {
      "file_path": "/media/NFS/ttao/scannet/posed_images/scene0387_01/00003.jpg",
      "transform_matrix": [
        [
          -0.991146,
          0.095561,
          -0.09218,
          3.353734
        ],
        [
          0.125277,
          0.443062,
          -0.887695,
          3.96686
        ],
        [
          -0.043988,
          -0.891383,
          -0.45111,
          1.45059
        ],
        [
          0.0,
          0.0,
          0.0,
          1.0
        ]
      ]
    },
    {
      "file_path": "/media/NFS/ttao/scannet/posed_images/scene0387_01/00006.jpg",
      "transform_matrix": [
        [
          -0.991213,
          0.104201,
          -0.081481,
          3.343158
        ],
        [
          0.121009,
          0.465542,
          -0.876714,
          3.930526
        ],
        [
          -0.053422,
          -0.87887,
          -0.47406,
          1.443324
        ],
        [
          0.0,
          0.0,
          0.0,
          1.0
        ]
      ]
    },
    {
      "file_path": "/media/NFS/ttao/scannet/posed_images/scene0387_01/00010.jpg",
      "transform_matrix": [
        [
          -0.990774,
          0.120733,
          -0.061564,
          3.32365
        ],
        [
          0.113557,
          0.491638,
          -0.863364,
          3.89818
        ],
        [
          -0.07397,
          -0.862389,
          -0.500813,
          1.433209
        ],
        [
          0.0,
          0.0,
          0.0,
          1.0
        ]
      ]
    },
    {
      "file_path": "/media/NFS/ttao/scannet/posed_images/scene0387_01/00016.jpg",
      "transform_matrix": [
        [
          -0.988266,
          0.144051,
          -0.05079,
          3.306237
        ],
        [
          0.120415,
          0.530193,
          -0.839283,
          3.891493
        ],
        [
          -0.093971,
          -0.835551,
          -0.541317,
          1.415136
        ],
        [
          0.0,
          0.0,
          0.0,
          1.0
        ]
      ]
    },
    {
      "file_path": "/media/NFS/ttao/scannet/posed_images/scene0387_01/00019.jpg",
      "transform_matrix": [
        [
          -0.986825,
          0.147659,
          -0.066137,
          3.326534
        ],
        [
          0.136097,
          0.536517,
          -0.832843,
          3.891179
        ],
        [
          -0.087493,
          -0.83087,
          -0.549544,
          1.417435
        ],
        [
          0.0,
          0.0,
          0.0,
          1.0
        ]
      ]
    },
    {
      "file_path": "/media/NFS/ttao/scannet/posed_images/scene0387_01/00020.jpg",
      "transform_matrix": [
        [
          -0.98579,
          0.14917,
          -0.077236,
          3.338588
        ],
        [
          0.146321,
          0.5367,
          -0.83099,
          3.889031
        ],
        [
          -0.082506,
          -0.830483,
          -0.5509,
          1.422749
        ],
        [
          0.0,
          0.0,
          0.0,
          1.0
        ]
      ]
    },
    {
      "file_path": "/media/NFS/ttao/scannet/posed_images/scene0387_01/00026.jpg",
      "transform_matrix": [
        [
          -0.975817,
          0.148755,
          -0.160167,
          3.40587
        ],
        [
          0.214602,
          0.512636,
          -0.831355,
          3.956962
        ],
        [
          -0.041561,
          -0.845622,
          -0.532162,
          1.422431
        ],
        [
          0.0,
          0.0,
          0.0,
          1.0
        ]
      ]
    },
    {
      "file_path": "/media/NFS/ttao/scannet/posed_images/scene0387_01/00029.jpg",
      "transform_matrix": [
        [
          -0.966301,
          0.161223,
          -0.200673,
          3.458544
        ],
        [
          0.255242,
          0.499019,
          -0.82815,
          4.007849
        ],
        [
          -0.033377,
          -0.851462,
          -0.523353,
          1.419121
        ],
        [
          0.0,
          0.0,
          0.0,
          1.0
        ]
      ]
    },
    {
      "file_path": "/media/NFS/ttao/scannet/posed_images/scene0387_01/00034.jpg",
      "transform_matrix": [
        [
          -0.949159,
          0.209396,
          -0.235053,
          3.544944
        ],
        [
          0.311097,
          0.509808,
          -0.802069,
          4.078606
        ],
        [
          -0.048118,
          -0.834415,
          -0.549032,
          1.426367
        ],
        [
          0.0,
          0.0,
          0.0,
          1.0
        ]
      ]
    },
    {
      "file_path": "/media/NFS/ttao/scannet/posed_images/scene0387_01/00036.jpg",
      "transform_matrix": [
        [
          -0.947989,
          0.209949,
          -0.239246,
          3.571456
        ],
        [
          0.314523,
          0.502347,
          -0.805433,
          4.11224
        ],
        [
          -0.048915,
          -0.83879,
          -0.542253,
          1.428559
        ],
        [
          0.0,
          0.0,
          0.0,
          1.0
        ]
      ]
    },
    {
      "file_path": "/media/NFS/ttao/scannet/posed_images/scene0387_01/00038.jpg",
      "transform_matrix": [
        [
          -0.943722,
          0.216486,
          -0.250043,
          3.590067
        ],
        [
          0.327145,
          0.499869,
          -0.80194,
          4.150992
        ],
        [
          -0.04862,
          -0.838609,
          -0.54256,
          1.433779
        ],
        [
          0.0,
          0.0,
          0.0,
          1.0
        ]
      ]
    },
    {
      "file_path": "/media/NFS/ttao/scannet/posed_images/scene0387_01/00044.jpg",
      "transform_matrix": [
        [
          -0.924699,
          0.241673,
          -0.294151,
          3.656962
        ],
        [
          0.37662,
          0.467929,
          -0.7995,
          4.236359
        ],
        [
          -0.055576,
          -0.85008,
          -0.523713,
          1.444687
        ],
        [
          0.0,
          0.0,
          0.0,
          1.0
        ]
      ]
    },
    {
      "file_path": "/media/NFS/ttao/scannet/posed_images/scene0387_01/00045.jpg",
      "transform_matrix": [
        [
          -0.924241,
          0.241382,
          -0.295827,
          3.663052
        ],
        [
          0.377802,
          0.466206,
          -0.799948,
          4.260063
        ],
        [
          -0.055177,
          -0.851109,
          -0.522081,
          1.445946
        ],
        [
          0.0,
          0.0,
          0.0,
          1.0
        ]
      ]
    },
    {
      "file_path": "/media/NFS/ttao/scannet/posed_images/scene0387_01/00051.jpg",
      "transform_matrix": [
        [
          -0.917299,
          0.230818,
          -0.324478,
          3.693692
        ],
        [
          0.396064,
          0.444585,
          -0.803416,
          4.385646
        ],
        [
          -0.041185,
          -0.865487,
          -0.499236,
          1.450151
        ],
        [
          0.0,
          0.0,
          0.0,
          1.0
        ]
      ]
    },
    {
      "file_path": "/media/NFS/ttao/scannet/posed_images/scene0387_01/00052.jpg",
      "transform_matrix": [
        [
          -0.917949,
          0.221337,
          -0.329211,
          3.703689
        ],
        [
          0.395355,
          0.442175,
          -0.805094,
          4.420976
        ],
        [
          -0.032628,
          -0.86919,
          -0.4934,
          1.445932
        ],
        [
          0.0,
          0.0,
          0.0,
          1.0
        ]
      ]
    },
    {
      "file_path": "/media/NFS/ttao/scannet/posed_images/scene0387_01/00058.jpg",
      "transform_matrix": [
        [
          -0.904017,
          0.237851,
          -0.355218,
          3.735917
        ],
        [
          0.426877,
          0.457548,
          -0.780017,
          4.518039
        ],
        [
          -0.022999,
          -0.856783,
          -0.515164,
          1.472839
        ],
        [
          0.0,
          0.0,
          0.0,
          1.0
        ]
      ]
    },
    {
      "file_path": "/media/NFS/ttao/scannet/posed_images/scene0387_01/00059.jpg",
      "transform_matrix": [
        [
          -0.902229,
          0.23873,
          -0.359152,
          3.749905
        ],
        [
          0.430518,
          0.449875,
          -0.782475,
          4.543743
        ],
        [
          -0.025226,
          -0.860593,
          -0.508668,
          1.474273
        ],
        [
          0.0,
          0.0,
          0.0,
          1.0
        ]
      ]
    },
    {
      "file_path": "/media/NFS/ttao/scannet/posed_images/scene0387_01/00063.jpg",
      "transform_matrix": [
        [
          -0.895132,
          0.238781,
          -0.376459,
          3.778258
        ],
        [
          0.44508,
          0.430695,
          -0.785115,
          4.600922
        ],
        [
          -0.025331,
          -0.870336,
          -0.491806,
          1.492999
        ],
        [
          0.0,
          0.0,
          0.0,
          1.0
        ]
      ]
    },
    {
      "file_path": "/media/NFS/ttao/scannet/posed_images/scene0387_01/00068.jpg",
      "transform_matrix": [
        [
          -0.882362,
          0.223989,
          -0.413844,
          3.824624
        ],
        [
          0.470544,
          0.41045,
          -0.781101,
          4.668304
        ],
        [
          -0.005096,
          -0.883945,
          -0.467562,
          1.507439
        ],
        [
          0.0,
          0.0,
          0.0,
          1.0
        ]
      ]
    },
    {
      "file_path": "/media/NFS/ttao/scannet/posed_images/scene0387_01/00072.jpg",
      "transform_matrix": [
        [
          -0.870645,
          0.21877,
          -0.440587,
          3.891932
        ],
        [
          0.491896,
          0.380243,
          -0.783233,
          4.706364
        ],
        [
          -0.003817,
          -0.898641,
          -0.438669,
          1.51933
        ],
        [
          0.0,
          0.0,
          0.0,
          1.0
        ]
      ]
    },
    {
      "file_path": "/media/NFS/ttao/scannet/posed_images/scene0387_01/00074.jpg",
      "transform_matrix": [
        [
          -0.862068,
          0.222977,
          -0.455106,
          3.922458
        ],
        [
          0.506749,
          0.367326,
          -0.779922,
          4.727588
        ],
        [
          -0.006732,
          -0.902969,
          -0.429653,
          1.524338
        ],
        [
          0.0,
          0.0,
          0.0,
          1.0
        ]
      ]
    },
    {
      "file_path": "/media/NFS/ttao/scannet/posed_images/scene0387_01/00078.jpg",
      "transform_matrix": [
        [
          -0.839117,
          0.244649,
          -0.485829,
          3.976781
        ],
        [
          0.543915,
          0.367123,
          -0.754571,
          4.768346
        ],
        [
          -0.006246,
          -0.897423,
          -0.441127,
          1.528709
        ],
        [
          0.0,
          0.0,
          0.0,
          1.0
        ]
      ]
    },
    {
      "file_path": "/media/NFS/ttao/scannet/posed_images/scene0387_01/00080.jpg",
      "transform_matrix": [
        [
          -0.829841,
          0.251221,
          -0.49825,
          4.011899
        ],
        [
          0.55788,
          0.354982,
          -0.750172,
          4.821411
        ],
        [
          -0.011589,
          -0.900487,
          -0.434729,
          1.501687
        ],
        [
          0.0,
          0.0,
          0.0,
          1.0
        ]
      ]
    },
    {
      "file_path": "/media/NFS/ttao/scannet/posed_images/scene0387_01/00087.jpg",
      "transform_matrix": [
        [
          -0.77296,
          0.279451,
          -0.569596,
          4.052141
        ],
        [
          0.63442,
          0.349723,
          -0.689351,
          4.87095
        ],
        [
          0.006561,
          -0.894204,
          -0.447611,
          1.510604
        ],
        [
          0.0,
          0.0,
          0.0,
          1.0
        ]
      ]
    },
    {
      "file_path": "/media/NFS/ttao/scannet/posed_images/scene0387_01/00090.jpg",
      "transform_matrix": [
        [
          -0.749765,
          0.280377,
          -0.599368,
          4.067952
        ],
        [
          0.661398,
          0.345108,
          -0.665923,
          4.902819
        ],
        [
          0.020138,
          -0.895706,
          -0.44419,
          1.512816
        ],
        [
          0.0,
          0.0,
          0.0,
          1.0
        ]
      ]
    },
    {
      "file_path": "/media/NFS/ttao/scannet/posed_images/scene0387_01/00091.jpg",
      "transform_matrix": [
        [
          -0.744703,
          0.281636,
          -0.605061,
          4.070997
        ],
        [
          0.667111,
          0.340614,
          -0.662529,
          4.915236
        ],
        [
          0.019501,
          -0.89703,
          -0.441539,
          1.510756
        ],
        [
          0.0,
          0.0,
          0.0,
          1.0
        ]
      ]
    },
    {
      "file_path": "/media/NFS/ttao/scannet/posed_images/scene0387_01/00094.jpg",
      "transform_matrix": [
        [
          -0.729204,
          0.292737,
          -0.61852,
          4.058161
        ],
        [
          0.684085,
          0.334345,
          -0.64826,
          4.940606
        ],
        [
          0.017029,
          -0.895834,
          -0.444062,
          1.518235
        ],
        [
          0.0,
          0.0,
          0.0,
          1.0
        ]
      ]
    },
    {
      "file_path": "/media/NFS/ttao/scannet/posed_images/scene0387_01/00101.jpg",
      "transform_matrix": [
        [
          -0.655904,
          0.337687,
          -0.675098,
          3.999457
        ],
        [
          0.754835,
          0.288883,
          -0.588873,
          5.04125
        ],
        [
          -0.00383,
          -0.895831,
          -0.444378,
          1.521163
        ],
        [
          0.0,
          0.0,
          0.0,
          1.0
        ]
      ]
    },
    {
      "file_path": "/media/NFS/ttao/scannet/posed_images/scene0387_01/00102.jpg",
      "transform_matrix": [
        [
          -0.645502,
          0.341266,
          -0.683275,
          3.996621
        ],
        [
          0.76375,
          0.284288,
          -0.579539,
          5.055304
        ],
        [
          -0.003531,
          -0.895945,
          -0.444151,
          1.51954
        ],
        [
          0.0,
          0.0,
          0.0,
          1.0
        ]
      ]
    },
    {
      "file_path": "/media/NFS/ttao/scannet/posed_images/scene0387_01/00108.jpg",
      "transform_matrix": [
        [
          -0.595273,
          0.393294,
          -0.700692,
          3.965638
        ],
        [
          0.803336,
          0.27246,
          -0.529544,
          5.10622
        ],
        [
          -0.017356,
          -0.878115,
          -0.478136,
          1.51173
        ],
        [
          0.0,
          0.0,
          0.0,
          1.0
        ]
      ]
    },
    {
      "file_path": "/media/NFS/ttao/scannet/posed_images/scene0387_01/00109.jpg",
      "transform_matrix": [
        [
          -0.591492,
          0.39958,
          -0.700338,
          3.95891
        ],
        [
          0.805964,
          0.267509,
          -0.528073,
          5.116661
        ],
        [
          -0.02366,
          -0.876798,
          -0.480277,
          1.505598
        ],
        [
          0.0,
          0.0,
          0.0,
          1.0
        ]
      ]
    },
    {
      "file_path": "/media/NFS/ttao/scannet/posed_images/scene0387_01/00112.jpg",
      "transform_matrix": [
        [
          -0.58047,
          0.414519,
          -0.700876,
          3.963307
        ],
        [
          0.813232,
          0.251428,
          -0.524822,
          5.149314
        ],
        [
          -0.041329,
          -0.874619,
          -0.483047,
          1.465667
        ],
        [
          0.0,
          0.0,
          0.0,
          1.0
        ]
      ]
    },
    {
      "file_path": "/media/NFS/ttao/scannet/posed_images/scene0387_01/00118.jpg",
      "transform_matrix": [
        [
          -0.545499,
          0.463739,
          -0.698124,
          3.949689
        ],
        [
          0.836007,
          0.242078,
          -0.492434,
          5.167408
        ],
        [
          -0.05936,
          -0.852258,
          -0.519742,
          1.455814
        ],
        [
          0.0,
          0.0,
          0.0,
          1.0
        ]
      ]
    },
    {
      "file_path": "/media/NFS/ttao/scannet/posed_images/scene0387_01/00120.jpg",
      "transform_matrix": [
        [
          -0.529513,
          0.478554,
          -0.70043,
          3.931226
        ],
        [
          0.84578,
          0.234216,
          -0.479373,
          5.150105
        ],
        [
          -0.065354,
          -0.846244,
          -0.528772,
          1.477284
        ],
        [
          0.0,
          0.0,
          0.0,
          1.0
        ]
      ]
    },
    {
      "file_path": "/media/NFS/ttao/scannet/posed_images/scene0387_01/00124.jpg",
      "transform_matrix": [
        [
          -0.501561,
          0.466996,
          -0.728253,
          3.906443
        ],
        [
          0.862246,
          0.201257,
          -0.464787,
          5.189504
        ],
        [
          -0.070487,
          -0.861052,
          -0.503608,
          1.490291
        ],
        [
          0.0,
          0.0,
          0.0,
          1.0
        ]
      ]
    },
    {
      "file_path": "/media/NFS/ttao/scannet/posed_images/scene0387_01/00126.jpg",
      "transform_matrix": [
        [
          -0.476311,
          0.46263,
          -0.747731,
          3.897511
        ],
        [
          0.877004,
          0.188856,
          -0.441811,
          5.190759
        ],
        [
          -0.063181,
          -0.866202,
          -0.495683,
          1.504207
        ],
        [
          0.0,
          0.0,
          0.0,
          1.0
        ]
      ]
    },
    {
      "file_path": "/media/NFS/ttao/scannet/posed_images/scene0387_01/00132.jpg",
      "transform_matrix": [
        [
          -0.395922,
          0.442028,
          -0.804896,
          3.878219
        ],
        [
          0.917888,
          0.164757,
          -0.361022,
          5.196926
        ],
        [
          -0.02697,
          -0.881741,
          -0.470963,
          1.518881
        ],
        [
          0.0,
          0.0,
          0.0,
          1.0
        ]
      ]
    },
    {
      "file_path": "/media/NFS/ttao/scannet/posed_images/scene0387_01/00135.jpg",
      "transform_matrix": [
        [
          -0.35163,
          0.445537,
          -0.823318,
          3.876141
        ],
        [
          0.936011,
          0.152796,
          -0.317074,
          5.170861
        ],
        [
          -0.015468,
          -0.882128,
          -0.470755,
          1.518417
        ],
        [
          0.0,
          0.0,
          0.0,
          1.0
        ]
      ]
    },
    {
      "file_path": "/media/NFS/ttao/scannet/posed_images/scene0387_01/00136.jpg",
      "transform_matrix": [
        [
          -0.336778,
          0.446691,
          -0.828883,
          3.8812
        ],
        [
          0.941507,
          0.148515,
          -0.302502,
          5.155473
        ],
        [
          -0.012024,
          -0.882276,
          -0.470579,
          1.518625
        ],
        [
          0.0,
          0.0,
          0.0,
          1.0
        ]
      ]
    },
    {
      "file_path": "/media/NFS/ttao/scannet/posed_images/scene0387_01/00143.jpg",
      "transform_matrix": [
        [
          -0.219046,
          0.450082,
          -0.865705,
          3.888124
        ],
        [
          0.975412,
          0.078916,
          -0.205776,
          5.063985
        ],
        [
          -0.024298,
          -0.889494,
          -0.456301,
          1.503143
        ],
        [
          0.0,
          0.0,
          0.0,
          1.0
        ]
      ]
    },
    {
      "file_path": "/media/NFS/ttao/scannet/posed_images/scene0387_01/00146.jpg",
      "transform_matrix": [
        [
          -0.173331,
          0.462522,
          -0.8695,
          3.877559
        ],
        [
          0.98465,
          0.062986,
          -0.16278,
          5.028526
        ],
        [
          -0.020523,
          -0.884368,
          -0.466339,
          1.50771
        ],
        [
          0.0,
          0.0,
          0.0,
          1.0
        ]
      ]
    },
    {
      "file_path": "/media/NFS/ttao/scannet/posed_images/scene0387_01/00147.jpg",
      "transform_matrix": [
        [
          -0.159914,
          0.465941,
          -0.870245,
          3.884216
        ],
        [
          0.986981,
          0.060102,
          -0.149186,
          5.014965
        ],
        [
          -0.017208,
          -0.882772,
          -0.469486,
          1.508083
        ],
        [
          0.0,
          0.0,
          0.0,
          1.0
        ]
      ]
    },
    {
      "file_path": "/media/NFS/ttao/scannet/posed_images/scene0387_01/00153.jpg",
      "transform_matrix": [
        [
          -0.064508,
          0.495233,
          -0.866362,
          3.866603
        ],
        [
          0.997741,
          0.048317,
          -0.046671,
          4.919662
        ],
        [
          0.018747,
          -0.867416,
          -0.497231,
          1.483042
        ],
        [
          0.0,
          0.0,
          0.0,
          1.0
        ]
      ]
    },
    {
      "file_path": "/media/NFS/ttao/scannet/posed_images/scene0387_01/00154.jpg",
      "transform_matrix": [
        [
          -0.054085,
          0.499781,
          -0.864461,
          3.857738
        ],
        [
          0.998287,
          0.046411,
          -0.035626,
          4.906728
        ],
        [
          0.022316,
          -0.864907,
          -0.501435,
          1.484519
        ],
        [
          0.0,
          0.0,
          0.0,
          1.0
        ]
      ]
    },
    {
      "file_path": "/media/NFS/ttao/scannet/posed_images/scene0387_01/00159.jpg",
      "transform_matrix": [
        [
          -0.015034,
          0.498595,
          -0.866705,
          3.822984
        ],
        [
          0.999538,
          0.030389,
          0.000144,
          4.86044
        ],
        [
          0.02641,
          -0.866302,
          -0.498822,
          1.478776
        ],
        [
          0.0,
          0.0,
          0.0,
          1.0
        ]
      ]
    },
    {
      "file_path": "/media/NFS/ttao/scannet/posed_images/scene0387_01/00162.jpg",
      "transform_matrix": [
        [
          0.002833,
          0.494728,
          -0.869043,
          3.785746
        ],
        [
          0.999834,
          0.014247,
          0.01137,
          4.826992
        ],
        [
          0.018006,
          -0.868931,
          -0.494606,
          1.475298
        ],
        [
          0.0,
          0.0,
          0.0,
          1.0
        ]
      ]
    },
    {
      "file_path": "/media/NFS/ttao/scannet/posed_images/scene0387_01/00166.jpg",
      "transform_matrix": [
        [
          0.037999,
          0.486862,
          -0.872652,
          3.739042
        ],
        [
          0.999266,
          -0.022773,
          0.030807,
          4.78835
        ],
        [
          -0.004874,
          -0.873182,
          -0.48737,
          1.472493
        ],
        [
          0.0,
          0.0,
          0.0,
          1.0
        ]
      ]
    },
    {
      "file_path": "/media/NFS/ttao/scannet/posed_images/scene0387_01/00168.jpg",
      "transform_matrix": [
        [
          0.060265,
          0.491008,
          -0.869069,
          3.717368
        ],
        [
          0.998102,
          -0.04071,
          0.046212,
          4.785332
        ],
        [
          -0.012689,
          -0.870204,
          -0.492529,
          1.47343
        ],
        [
          0.0,
          0.0,
          0.0,
          1.0
        ]
      ]
    },
    {
      "file_path": "/media/NFS/ttao/scannet/posed_images/scene0387_01/00174.jpg",
      "transform_matrix": [
        [
          0.151363,
          0.476656,
          -0.865961,
          3.64393
        ],
        [
          0.988154,
          -0.095398,
          0.120211,
          4.753874
        ],
        [
          -0.025311,
          -0.873899,
          -0.485449,
          1.470925
        ],
        [
          0.0,
          0.0,
          0.0,
          1.0
        ]
      ]
    },
    {
      "file_path": "/media/NFS/ttao/scannet/posed_images/scene0387_01/00176.jpg",
      "transform_matrix": [
        [
          0.179396,
          0.483972,
          -0.856498,
          3.625122
        ],
        [
          0.983625,
          -0.103527,
          0.147525,
          4.748698
        ],
        [
          -0.017272,
          -0.868938,
          -0.494619,
          1.476858
        ],
        [
          0.0,
          0.0,
          0.0,
          1.0
        ]
      ]
    },
    {
      "file_path": "/media/NFS/ttao/scannet/posed_images/scene0387_01/00182.jpg",
      "transform_matrix": [
        [
          0.297264,
          0.4635,
          -0.834747,
          3.575386
        ],
        [
          0.954794,
          -0.145915,
          0.258993,
          4.68153
        ],
        [
          -0.001759,
          -0.874,
          -0.485922,
          1.48301
        ],
        [
          0.0,
          0.0,
          0.0,
          1.0
        ]
      ]
    },
    {
      "file_path": "/media/NFS/ttao/scannet/posed_images/scene0387_01/00185.jpg",
      "transform_matrix": [
        [
          0.358145,
          0.451366,
          -0.817313,
          3.560436
        ],
        [
          0.933666,
          -0.173747,
          0.313178,
          4.632656
        ],
        [
          -0.000648,
          -0.875261,
          -0.483651,
          1.48141
        ],
        [
          0.0,
          0.0,
          0.0,
          1.0
        ]
      ]
    },
    {
      "file_path": "/media/NFS/ttao/scannet/posed_images/scene0387_01/00186.jpg",
      "transform_matrix": [
        [
          0.371564,
          0.450729,
          -0.811655,
          3.557171
        ],
        [
          0.928404,
          -0.182718,
          0.323543,
          4.610119
        ],
        [
          -0.002474,
          -0.873761,
          -0.48635,
          1.483301
        ],
        [
          0.0,
          0.0,
          0.0,
          1.0
        ]
      ]
    },
    {
      "file_path": "/media/NFS/ttao/scannet/posed_images/scene0387_01/00193.jpg",
      "transform_matrix": [
        [
          0.419615,
          0.425282,
          -0.80191,
          3.51218
        ],
        [
          0.907687,
          -0.201723,
          0.367984,
          4.47697
        ],
        [
          -0.005267,
          -0.882294,
          -0.470669,
          1.494852
        ],
        [
          0.0,
          0.0,
          0.0,
          1.0
        ]
      ]
    },
    {
      "file_path": "/media/NFS/ttao/scannet/posed_images/scene0387_01/00195.jpg",
      "transform_matrix": [
        [
          0.42819,
          0.426308,
          -0.796816,
          3.504604
        ],
        [
          0.903677,
          -0.206558,
          0.375103,
          4.459702
        ],
        [
          -0.004679,
          -0.880679,
          -0.47369,
          1.500754
        ],
        [
          0.0,
          0.0,
          0.0,
          1.0
        ]
      ]
    },
    {
      "file_path": "/media/NFS/ttao/scannet/posed_images/scene0387_01/00198.jpg",
      "transform_matrix": [
        [
          0.450418,
          0.428095,
          -0.783491,
          3.503532
        ],
        [
          0.892785,
          -0.208485,
          0.399335,
          4.432188
        ],
        [
          0.007607,
          -0.879357,
          -0.476102,
          1.494763
        ],
        [
          0.0,
          0.0,
          0.0,
          1.0
        ]
      ]
    },
    {
      "file_path": "/media/NFS/ttao/scannet/posed_images/scene0387_01/00200.jpg",
      "transform_matrix": [
        [
          0.472074,
          0.427658,
          -0.770879,
          3.473832
        ],
        [
          0.881392,
          -0.211956,
          0.422164,
          4.422985
        ],
        [
          0.017149,
          -0.87874,
          -0.476993,
          1.498919
        ],
        [
          0.0,
          0.0,
          0.0,
          1.0
        ]
      ]
    },
    {
      "file_path": "/media/NFS/ttao/scannet/posed_images/scene0387_01/00206.jpg",
      "transform_matrix": [
        [
          0.538108,
          0.41805,
          -0.731897,
          3.434287
        ],
        [
          0.842349,
          -0.236016,
          0.484506,
          4.395076
        ],
        [
          0.029809,
          -0.877229,
          -0.479146,
          1.490419
        ],
        [
          0.0,
          0.0,
          0.0,
          1.0
        ]
      ]
    },
    {
      "file_path": "/media/NFS/ttao/scannet/posed_images/scene0387_01/00207.jpg",
      "transform_matrix": [
        [
          0.549798,
          0.413374,
          -0.72584,
          3.424251
        ],
        [
          0.834827,
          -0.242771,
          0.494091,
          4.385084
        ],
        [
          0.028032,
          -0.877602,
          -0.478571,
          1.486177
        ],
        [
          0.0,
          0.0,
          0.0,
          1.0
        ]
      ]
    },
    {
      "file_path": "/media/NFS/ttao/scannet/posed_images/scene0387_01/00213.jpg",
      "transform_matrix": [
        [
          0.637289,
          0.364619,
          -0.678908,
          3.33252
        ],
        [
          0.770526,
          -0.315609,
          0.553787,
          4.360505
        ],
        [
          -0.012348,
          -0.876039,
          -0.482083,
          1.478353
        ],
        [
          0.0,
          0.0,
          0.0,
          1.0
        ]
      ]
    },
    {
      "file_path": "/media/NFS/ttao/scannet/posed_images/scene0387_01/00215.jpg",
      "transform_matrix": [
        [
          0.663687,
          0.351517,
          -0.660269,
          3.324379
        ],
        [
          0.747512,
          -0.343904,
          0.568293,
          4.352005
        ],
        [
          -0.027304,
          -0.870727,
          -0.491008,
          1.471616
        ],
        [
          0.0,
          0.0,
          0.0,
          1.0
        ]
      ]
    },
    {
      "file_path": "/media/NFS/ttao/scannet/posed_images/scene0387_01/00220.jpg",
      "transform_matrix": [
        [
          0.720708,
          0.323602,
          -0.613076,
          3.2476
        ],
        [
          0.692829,
          -0.366647,
          0.620934,
          4.335638
        ],
        [
          -0.023847,
          -0.872268,
          -0.488446,
          1.470671
        ],
        [
          0.0,
          0.0,
          0.0,
          1.0
        ]
      ]
    },
    {
      "file_path": "/media/NFS/ttao/scannet/posed_images/scene0387_01/00221.jpg",
      "transform_matrix": [
        [
          0.725399,
          0.32524,
          -0.606644,
          3.240069
        ],
        [
          0.688057,
          -0.367417,
          0.625766,
          4.326752
        ],
        [
          -0.019367,
          -0.871335,
          -0.490307,
          1.466515
        ],
        [
          0.0,
          0.0,
          0.0,
          1.0
        ]
      ]
    },
    {
      "file_path": "/media/NFS/ttao/scannet/posed_images/scene0387_01/00225.jpg",
      "transform_matrix": [
        [
          0.763854,
          0.32468,
          -0.557772,
          3.17606
        ],
        [
          0.645378,
          -0.389351,
          0.657186,
          4.31402
        ],
        [
          -0.003794,
          -0.861968,
          -0.506949,
          1.466732
        ],
        [
          0.0,
          0.0,
          0.0,
          1.0
        ]
      ]
    },
    {
      "file_path": "/media/NFS/ttao/scannet/posed_images/scene0387_01/00231.jpg",
      "transform_matrix": [
        [
          0.848109,
          0.2541,
          -0.464914,
          3.086059
        ],
        [
          0.529708,
          -0.424938,
          0.734055,
          4.214102
        ],
        [
          -0.011036,
          -0.868827,
          -0.494992,
          1.454094
        ],
        [
          0.0,
          0.0,
          0.0,
          1.0
        ]
      ]
    },
    {
      "file_path": "/media/NFS/ttao/scannet/posed_images/scene0387_01/00234.jpg",
      "transform_matrix": [
        [
          0.853075,
          0.259448,
          -0.452714,
          3.031454
        ],
        [
          0.521609,
          -0.446799,
          0.726839,
          4.188089
        ],
        [
          -0.013695,
          -0.856188,
          -0.516483,
          1.465475
        ],
        [
          0.0,
          0.0,
          0.0,
          1.0
        ]
      ]
    },
    {
      "file_path": "/media/NFS/ttao/scannet/posed_images/scene0387_01/00238.jpg",
      "transform_matrix": [
        [
          0.867863,
          0.237187,
          -0.436527,
          2.963249
        ],
        [
          0.496673,
          -0.434372,
          0.751423,
          4.143863
        ],
        [
          -0.011387,
          -0.868944,
          -0.49478,
          1.475012
        ],
        [
          0.0,
          0.0,
          0.0,
          1.0
        ]
      ]
    },
    {
      "file_path": "/media/NFS/ttao/scannet/posed_images/scene0387_01/00239.jpg",
      "transform_matrix": [
        [
          0.871201,
          0.232423,
          -0.432422,
          2.965487
        ],
        [
          0.490806,
          -0.431909,
          0.75668,
          4.123495
        ],
        [
          -0.010897,
          -0.871455,
          -0.490354,
          1.465713
        ],
        [
          0.0,
          0.0,
          0.0,
          1.0
        ]
      ]
    },
    {
      "file_path": "/media/NFS/ttao/scannet/posed_images/scene0387_01/00245.jpg",
      "transform_matrix": [
        [
          0.911029,
          0.223217,
          -0.346701,
          2.867316
        ],
        [
          0.411663,
          -0.444074,
          0.795822,
          4.105977
        ],
        [
          0.023681,
          -0.86774,
          -0.496454,
          1.451836
        ],
        [
          0.0,
          0.0,
          0.0,
          1.0
        ]
      ]
    },
    {
      "file_path": "/media/NFS/ttao/scannet/posed_images/scene0387_01/00249.jpg",
      "transform_matrix": [
        [
          0.934993,
          0.180403,
          -0.305359,
          2.788743
        ],
        [
          0.354594,
          -0.457958,
          0.815192,
          4.127743
        ],
        [
          0.007222,
          -0.870476,
          -0.492157,
          1.447711
        ],
        [
          0.0,
          0.0,
          0.0,
          1.0
        ]
      ]
    },
    {
      "file_path": "/media/NFS/ttao/scannet/posed_images/scene0387_01/00250.jpg",
      "transform_matrix": [
        [
          0.945615,
          0.155653,
          -0.285631,
          2.741556
        ],
        [
          0.325251,
          -0.465682,
          0.823014,
          4.136387
        ],
        [
          -0.004909,
          -0.871156,
          -0.490982,
          1.453167
        ],
        [
          0.0,
          0.0,
          0.0,
          1.0
        ]
      ]
    },
    {
      "file_path": "/media/NFS/ttao/scannet/posed_images/scene0387_01/00253.jpg",
      "transform_matrix": [
        [
          0.958903,
          0.107768,
          -0.26247,
          2.717369
        ],
        [
          0.281684,
          -0.472555,
          0.835072,
          4.157057
        ],
        [
          -0.034037,
          -0.874687,
          -0.483492,
          1.453085
        ],
        [
          0.0,
          0.0,
          0.0,
          1.0
        ]
      ]
    },
    {
      "file_path": "/media/NFS/ttao/scannet/posed_images/scene0387_01/00258.jpg",
      "transform_matrix": [
        [
          0.978696,
          0.03945,
          -0.201489,
          2.663346
        ],
        [
          0.195046,
          -0.485129,
          0.852412,
          4.214543
        ],
        [
          -0.06412,
          -0.873552,
          -0.482489,
          1.464367
        ],
        [
          0.0,
          0.0,
          0.0,
          1.0
        ]
      ]
    },
    {
      "file_path": "/media/NFS/ttao/scannet/posed_images/scene0387_01/00260.jpg",
      "transform_matrix": [
        [
          0.984895,
          0.035654,
          -0.169441,
          2.649921
        ],
        [
          0.165391,
          -0.483385,
          0.859642,
          4.207533
        ],
        [
          -0.051256,
          -0.874682,
          -0.48198,
          1.45313
        ],
        [
          0.0,
          0.0,
          0.0,
          1.0
        ]
      ]
    },
    {
      "file_path": "/media/NFS/ttao/scannet/posed_images/scene0387_01/00266.jpg",
      "transform_matrix": [
        [
          0.997803,
          0.013004,
          -0.064958,
          2.568401
        ],
        [
          0.062748,
          -0.499948,
          0.863779,
          4.260631
        ],
        [
          -0.021243,
          -0.865958,
          -0.499666,
          1.449526
        ],
        [
          0.0,
          0.0,
          0.0,
          1.0
        ]
      ]
    },
    {
      "file_path": "/media/NFS/ttao/scannet/posed_images/scene0387_01/00269.jpg",
      "transform_matrix": [
        [
          0.999638,
          -0.002248,
          -0.026806,
          2.544435
        ],
        [
          0.022027,
          -0.503586,
          0.863665,
          4.283644
        ],
        [
          -0.01544,
          -0.863942,
          -0.503354,
          1.441262
        ],
        [
          0.0,
          0.0,
          0.0,
          1.0
        ]
      ]
    },
    {
      "file_path": "/media/NFS/ttao/scannet/posed_images/scene0387_01/00271.jpg",
      "transform_matrix": [
        [
          0.999817,
          -0.01835,
          0.005418,
          2.516344
        ],
        [
          -0.014006,
          -0.509,
          0.860653,
          4.305589
        ],
        [
          -0.013035,
          -0.860571,
          -0.509164,
          1.439283
