{
  "frames": [
    {
      "file_path": "/media/NFS/ttao/scannet/posed_images/scene0038_02/00000.jpg",
      "transform_matrix": [
        [
          -0.552827,
          -0.565833,
          0.611731,
          6.399984
        ],
        [
          -0.833247,
          0.367372,
          -0.413205,
          5.555766
        ],
        [
          0.009072,
          -0.738154,
          -0.674572,
          1.385583
        ],
        [
          0.0,
          0.0,
          0.0,
          1.0
        ]
      ]
    },
    {
      "file_path": "/media/NFS/ttao/scannet/posed_images/scene0038_02/00003.jpg",
      "transform_matrix": [
        [
          -0.537884,
          -0.560582,
          0.629625,
          6.335938
        ],
        [
          -0.843006,
          0.353657,
          -0.405299,
          5.622964
        ],
        [
          0.004532,
          -0.748782,
          -0.662801,
          1.378917
        ],
        [
          0.0,
          0.0,
          0.0,
          1.0
        ]
      ]
    },
    {
      "file_path": "/media/NFS/ttao/scannet/posed_images/scene0038_02/00006.jpg",
      "transform_matrix": [
        [
          -0.5473,
          -0.559646,
          0.622301,
          6.29577
        ],
        [
          -0.836913,
          0.360427,
          -0.411909,
          5.660998
        ],
        [
          0.006229,
          -0.74625,
          -0.665637,
          1.384312
        ],
        [
          0.0,
          0.0,
          0.0,
          1.0
        ]
      ]
    },
    {
      "file_path": "/media/NFS/ttao/scannet/posed_images/scene0038_02/00009.jpg",
      "transform_matrix": [
        [
          -0.547589,
          -0.566338,
          0.615961,
          6.270991
        ],
        [
          -0.83672,
          0.376559,
          -0.397622,
          5.696365
        ],
        [
          -0.006757,
          -0.73312,
          -0.680066,
          1.39187
        ],
        [
          0.0,
          0.0,
          0.0,
          1.0
        ]
      ]
    },
    {
      "file_path": "/media/NFS/ttao/scannet/posed_images/scene0038_02/00015.jpg",
      "transform_matrix": [
        [
          -0.552401,
          -0.57757,
          0.601054,
          6.228384
        ],
        [
          -0.833413,
          0.36829,
          -0.412051,
          5.770048
        ],
        [
          0.016627,
          -0.728543,
          -0.684798,
          1.389342
        ],
        [
          0.0,
          0.0,
          0.0,
          1.0
        ]
      ]
    },
    {
      "file_path": "/media/NFS/ttao/scannet/posed_images/scene0038_02/00018.jpg",
      "transform_matrix": [
        [
          -0.559341,
          -0.574947,
          0.597138,
          6.211651
        ],
        [
          -0.828567,
          0.366251,
          -0.423482,
          5.809911
        ],
        [
          0.024777,
          -0.73164,
          -0.681241,
          1.387904
        ],
        [
          0.0,
          0.0,
          0.0,
          1.0
        ]
      ]
    },
    {
      "file_path": "/media/NFS/ttao/scannet/posed_images/scene0038_02/00022.jpg",
      "transform_matrix": [
        [
          -0.570162,
          -0.558181,
          0.602784,
          6.208267
        ],
        [
          -0.820957,
          0.359666,
          -0.443475,
          5.880328
        ],
        [
          0.030739,
          -0.747713,
          -0.663311,
          1.405448
        ],
        [
          0.0,
          0.0,
          0.0,
          1.0
        ]
      ]
    },
    {
      "file_path": "/media/NFS/ttao/scannet/posed_images/scene0038_02/00023.jpg",
      "transform_matrix": [
        [
          -0.569138,
          -0.548844,
          0.612251,
          6.206616
        ],
        [
          -0.821863,
          0.357135,
          -0.443842,
          5.901906
        ],
        [
          0.024944,
          -0.755794,
          -0.654334,
          1.409963
        ],
        [
          0.0,
          0.0,
          0.0,
          1.0
        ]
      ]
    },
    {
      "file_path": "/media/NFS/ttao/scannet/posed_images/scene0038_02/00026.jpg",
      "transform_matrix": [
        [
          -0.538354,
          -0.527866,
          0.656911,
          6.197243
        ],
        [
          -0.842714,
          0.334594,
          -0.421758,
          5.971092
        ],
        [
          0.002833,
          -0.780643,
          -0.624971,
          1.417068
        ],
        [
          0.0,
          0.0,
          0.0,
          1.0
        ]
      ]
    },
    {
      "file_path": "/media/NFS/ttao/scannet/posed_images/scene0038_02/00033.jpg",
      "transform_matrix": [
        [
          -0.45002,
          -0.55515,
          0.699493,
          6.193421
        ],
        [
          -0.892769,
          0.261178,
          -0.367082,
          6.114016
        ],
        [
          0.021093,
          -0.78968,
          -0.613157,
          1.420415
        ],
        [
          0.0,
          0.0,
          0.0,
          1.0
        ]
      ]
    },
    {
      "file_path": "/media/NFS/ttao/scannet/posed_images/scene0038_02/00036.jpg",
      "transform_matrix": [
        [
          -0.432895,
          -0.552489,
          0.712291,
          6.182035
        ],
        [
          -0.901197,
          0.246737,
          -0.356321,
          6.142641
        ],
        [
          0.021115,
          -0.796164,
          -0.604713,
          1.429197
        ],
        [
          0.0,
          0.0,
          0.0,
          1.0
        ]
      ]
    },
    {
      "file_path": "/media/NFS/ttao/scannet/posed_images/scene0038_02/00038.jpg",
      "transform_matrix": [
        [
          -0.420192,
          -0.547818,
          0.723418,
          6.168741
        ],
        [
          -0.907202,
          0.235518,
          -0.348593,
          6.160063
        ],
        [
          0.020588,
          -0.802762,
          -0.595944,
          1.42801
        ],
        [
          0.0,
          0.0,
          0.0,
          1.0
        ]
      ]
    },
    {
      "file_path": "/media/NFS/ttao/scannet/posed_images/scene0038_02/00040.jpg",
      "transform_matrix": [
        [
          -0.406845,
          -0.556288,
          0.724583,
          6.154246
        ],
        [
          -0.913114,
          0.224674,
          -0.340213,
          6.199926
        ],
        [
          0.026462,
          -0.800041,
          -0.599362,
          1.417409
        ],
        [
          0.0,
          0.0,
          0.0,
          1.0
        ]
      ]
    },
    {
      "file_path": "/media/NFS/ttao/scannet/posed_images/scene0038_02/00045.jpg",
      "transform_matrix": [
        [
          -0.37657,
          -0.588101,
          0.715774,
          6.114519
        ],
        [
          -0.926326,
          0.230075,
          -0.298306,
          6.226792
        ],
        [
          0.010753,
          -0.775373,
          -0.631413,
          1.400938
        ],
        [
          0.0,
          0.0,
          0.0,
          1.0
        ]
      ]
    },
    {
      "file_path": "/media/NFS/ttao/scannet/posed_images/scene0038_02/00047.jpg",
      "transform_matrix": [
        [
          -0.369447,
          -0.591145,
          0.716977,
          6.088881
        ],
        [
          -0.929247,
          0.237542,
          -0.282973,
          6.233294
        ],
        [
          -0.003034,
          -0.770793,
          -0.637079,
          1.391993
        ],
        [
          0.0,
          0.0,
          0.0,
          1.0
        ]
      ]
    },
    {
      "file_path": "/media/NFS/ttao/scannet/posed_images/scene0038_02/00053.jpg",
      "transform_matrix": [
        [
          -0.352383,
          -0.611869,
          0.708126,
          6.026572
        ],
        [
          -0.935534,
          0.250153,
          -0.249399,
          6.259244
        ],
        [
          -0.02454,
          -0.75036,
          -0.660574,
          1.373535
        ],
        [
          0.0,
          0.0,
          0.0,
          1.0
        ]
      ]
    },
    {
      "file_path": "/media/NFS/ttao/scannet/posed_images/scene0038_02/00056.jpg",
      "transform_matrix": [
        [
          -0.328602,
          -0.633882,
          0.700153,
          6.013163
        ],
        [
          -0.94422,
          0.237479,
          -0.228148,
          6.280198
        ],
        [
          -0.021653,
          -0.736069,
          -0.676561,
          1.372615
        ],
        [
          0.0,
          0.0,
          0.0,
          1.0
        ]
      ]
    },
    {
      "file_path": "/media/NFS/ttao/scannet/posed_images/scene0038_02/00059.jpg",
      "transform_matrix": [
        [
          -0.277462,
          -0.63478,
          0.721159,
          6.004745
        ],
        [
          -0.960619,
          0.195033,
          -0.197921,
          6.298539
        ],
        [
          -0.015014,
          -0.747674,
          -0.663896,
          1.382037
        ],
        [
          0.0,
          0.0,
          0.0,
          1.0
        ]
      ]
    },
    {
      "file_path": "/media/NFS/ttao/scannet/posed_images/scene0038_02/00062.jpg",
      "transform_matrix": [
        [
          -0.253643,
          -0.621234,
          0.74144,
          5.997579
        ],
        [
          -0.967214,
          0.172963,
          -0.185958,
          6.333543
        ],
        [
          -0.012718,
          -0.764298,
          -0.644738,
          1.401047
        ],
        [
          0.0,
          0.0,
          0.0,
          1.0
        ]
      ]
    },
    {
      "file_path": "/media/NFS/ttao/scannet/posed_images/scene0038_02/00066.jpg",
      "transform_matrix": [
        [
          -0.225213,
          -0.577526,
          0.784692,
          5.985249
        ],
        [
          -0.974267,
          0.141056,
          -0.175806,
          6.376146
        ],
        [
          -0.009153,
          -0.804094,
          -0.594432,
          1.418605
        ],
        [
          0.0,
          0.0,
          0.0,
          1.0
        ]
      ]
    },
    {
      "file_path": "/media/NFS/ttao/scannet/posed_images/scene0038_02/00067.jpg",
      "transform_matrix": [
        [
          -0.219716,
          -0.568035,
          0.793134,
          5.984373
        ],
        [
          -0.975534,
          0.13433,
          -0.174039,
          6.39524
        ],
        [
          -0.007681,
          -0.811968,
          -0.583651,
          1.419383
        ],
        [
          0.0,
          0.0,
          0.0,
          1.0
        ]
      ]
    },
    {
      "file_path": "/media/NFS/ttao/scannet/posed_images/scene0038_02/00070.jpg",
      "transform_matrix": [
        [
          -0.205918,
          -0.549175,
          0.809941,
          5.985034
        ],
        [
          -0.978563,
          0.118556,
          -0.168402,
          6.455818
        ],
        [
          -0.003541,
          -0.827255,
          -0.561816,
          1.422115
        ],
        [
          0.0,
          0.0,
          0.0,
          1.0
        ]
      ]
    },
    {
      "file_path": "/media/NFS/ttao/scannet/posed_images/scene0038_02/00076.jpg",
      "transform_matrix": [
        [
          -0.184924,
          -0.547246,
          0.816287,
          5.992797
        ],
        [
          -0.98249,
          0.122164,
          -0.140676,
          6.564983
        ],
        [
          -0.022736,
          -0.828009,
          -0.560254,
          1.414796
        ],
        [
          0.0,
          0.0,
          0.0,
          1.0
        ]
      ]
    },
    {
      "file_path": "/media/NFS/ttao/scannet/posed_images/scene0038_02/00079.jpg",
      "transform_matrix": [
        [
          -0.175141,
          -0.557029,
          0.811815,
          5.991909
        ],
        [
          -0.984447,
          0.110585,
          -0.136507,
          6.589626
        ],
        [
          -0.013736,
          -0.823097,
          -0.567734,
          1.407228
        ],
        [
          0.0,
          0.0,
          0.0,
          1.0
        ]
      ]
    },
    {
      "file_path": "/media/NFS/ttao/scannet/posed_images/scene0038_02/00081.jpg",
      "transform_matrix": [
        [
          -0.186937,
          -0.560159,
          0.807017,
          6.00208
        ],
        [
          -0.982368,
          0.108957,
          -0.151927,
          6.618795
        ],
        [
          -0.002826,
          -0.821189,
          -0.570651,
          1.404296
        ],
        [
          0.0,
          0.0,
          0.0,
          1.0
        ]
      ]
    },
    {
      "file_path": "/media/NFS/ttao/scannet/posed_images/scene0038_02/00084.jpg",
      "transform_matrix": [
        [
          -0.206815,
          -0.567157,
          0.797221,
          6.011019
        ],
        [
          -0.978242,
          0.106162,
          -0.17825,
          6.629499
        ],
        [
          0.016461,
          -0.816739,
          -0.576772,
          1.400139
        ],
        [
          0.0,
          0.0,
          0.0,
          1.0
        ]
      ]
    },
    {
      "file_path": "/media/NFS/ttao/scannet/posed_images/scene0038_02/00087.jpg",
      "transform_matrix": [
        [
          -0.235323,
          -0.570509,
          0.786856,
          6.024742
        ],
        [
          -0.971343,
          0.110213,
          -0.210587,
          6.628232
        ],
        [
          0.03342,
          -0.813863,
          -0.580095,
          1.397927
        ],
        [
          0.0,
          0.0,
          0.0,
          1.0
        ]
      ]
    },
    {
      "file_path": "/media/NFS/ttao/scannet/posed_images/scene0038_02/00090.jpg",
      "transform_matrix": [
        [
          -0.268972,
          -0.570383,
          0.776091,
          6.041729
        ],
        [
          -0.962656,
          0.133438,
          -0.23556,
          6.612075
        ],
        [
          0.030799,
          -0.810468,
          -0.584974,
          1.403074
        ],
        [
          0.0,
          0.0,
          0.0,
          1.0
        ]
      ]
    },
    {
      "file_path": "/media/NFS/ttao/scannet/posed_images/scene0038_02/00094.jpg",
      "transform_matrix": [
        [
          -0.327646,
          -0.550659,
          0.767739,
          6.059329
        ],
        [
          -0.944689,
          0.178425,
          -0.275187,
          6.560329
        ],
        [
          0.01455,
          -0.815438,
          -0.578662,
          1.406886
        ],
        [
          0.0,
          0.0,
          0.0,
          1.0
        ]
      ]
    },
    {
      "file_path": "/media/NFS/ttao/scannet/posed_images/scene0038_02/00100.jpg",
      "transform_matrix": [
        [
          -0.395285,
          -0.511158,
          0.763195,
          6.099373
        ],
        [
          -0.918504,
          0.22899,
          -0.322356,
          6.449272
        ],
        [
          -0.009989,
          -0.828421,
          -0.560017,
          1.418483
        ],
        [
          0.0,
          0.0,
          0.0,
          1.0
        ]
      ]
    },
    {
      "file_path": "/media/NFS/ttao/scannet/posed_images/scene0038_02/00104.jpg",
      "transform_matrix": [
        [
          -0.405037,
          -0.506739,
          0.761026,
          6.14007
        ],
        [
          -0.914214,
          0.235885,
          -0.329501,
          6.401497
        ],
        [
          -0.012543,
          -0.829201,
          -0.55881,
          1.42817
        ],
        [
          0.0,
          0.0,
          0.0,
          1.0
        ]
      ]
    },
    {
      "file_path": "/media/NFS/ttao/scannet/posed_images/scene0038_02/00105.jpg",
      "transform_matrix": [
        [
          -0.401579,
          -0.510048,
          0.760648,
          6.152942
        ],
        [
          -0.915715,
          0.236488,
          -0.32487,
          6.391772
        ],
        [
          -0.014185,
          -0.826998,
          -0.562027,
          1.430269
        ],
        [
          0.0,
          0.0,
          0.0,
          1.0
        ]
      ]
    },
    {
      "file_path": "/media/NFS/ttao/scannet/posed_images/scene0038_02/00108.jpg",
      "transform_matrix": [
        [
          -0.37847,
          -0.517863,
          0.767188,
          6.181924
        ],
        [
          -0.925415,
          0.228868,
          -0.302038,
          6.371884
        ],
        [
          -0.01917,
          -0.82428,
          -0.565859,
          1.427339
        ],
        [
          0.0,
          0.0,
          0.0,
          1.0
        ]
      ]
    },
    {
      "file_path": "/media/NFS/ttao/scannet/posed_images/scene0038_02/00111.jpg",
      "transform_matrix": [
        [
          -0.362272,
          -0.521535,
          0.772503,
          6.21794
        ],
        [
          -0.931744,
          0.22465,
          -0.285283,
          6.350255
        ],
        [
          -0.024757,
          -0.823125,
          -0.567321,
          1.436619
        ],
        [
          0.0,
          0.0,
          0.0,
          1.0
        ]
      ]
    },
    {
      "file_path": "/media/NFS/ttao/scannet/posed_images/scene0038_02/00115.jpg",
      "transform_matrix": [
        [
          -0.348162,
          -0.497052,
          0.79481,
          6.260026
        ],
        [
          -0.935874,
          0.233187,
          -0.264126,
          6.361254
        ],
        [
          -0.054055,
          -0.835801,
          -0.546365,
          1.447683
        ],
        [
          0.0,
          0.0,
          0.0,
          1.0
        ]
      ]
    },
    {
      "file_path": "/media/NFS/ttao/scannet/posed_images/scene0038_02/00120.jpg",
      "transform_matrix": [
        [
          -0.37007,
          -0.475804,
          0.797909,
          6.317745
        ],
        [
          -0.927943,
          0.230362,
          -0.293011,
          6.413485
        ],
        [
          -0.044392,
          -0.848849,
          -0.526769,
          1.459404
        ],
        [
          0.0,
          0.0,
          0.0,
          1.0
        ]
      ]
    },
    {
      "file_path": "/media/NFS/ttao/scannet/posed_images/scene0038_02/00124.jpg",
      "transform_matrix": [
        [
          -0.416822,
          -0.479223,
          0.772402,
          6.361477
        ],
        [
          -0.908823,
          0.235915,
          -0.344072,
          6.497262
        ],
        [
          -0.017334,
          -0.845394,
          -0.533863,
          1.458182
        ],
        [
          0.0,
          0.0,
          0.0,
          1.0
        ]
      ]
    },
    {
      "file_path": "/media/NFS/ttao/scannet/posed_images/scene0038_02/00127.jpg",
      "transform_matrix": [
        [
          -0.458252,
          -0.472525,
          0.752811,
          6.39811
        ],
        [
          -0.888799,
          0.249677,
          -0.384314,
          6.56651
        ],
        [
          -0.006361,
          -0.845211,
          -0.534395,
          1.459478
        ],
        [
          0.0,
          0.0,
          0.0,
          1.0
        ]
      ]
    },
    {
      "file_path": "/media/NFS/ttao/scannet/posed_images/scene0038_02/00130.jpg",
      "transform_matrix": [
        [
          -0.489414,
          -0.473513,
          0.732297,
          6.442338
        ],
        [
          -0.871939,
          0.252181,
          -0.419676,
          6.637614
        ],
        [
          0.014051,
          -0.843914,
          -0.536295,
          1.453643
        ],
        [
          0.0,
          0.0,
          0.0,
          1.0
        ]
      ]
    },
    {
      "file_path": "/media/NFS/ttao/scannet/posed_images/scene0038_02/00133.jpg",
      "transform_matrix": [
        [
          -0.497437,
          -0.483102,
          0.720534,
          6.480363
        ],
        [
          -0.866421,
          0.235259,
          -0.440418,
          6.684679
        ],
        [
          0.043255,
          -0.843366,
          -0.535596,
          1.454502
        ],
        [
          0.0,
          0.0,
          0.0,
          1.0
        ]
      ]
    },
    {
      "file_path": "/media/NFS/ttao/scannet/posed_images/scene0038_02/00137.jpg",
      "transform_matrix": [
        [
          -0.520811,
          -0.471247,
          0.711816,
          6.541054
        ],
        [
          -0.850987,
          0.220525,
          -0.476644,
          6.765607
        ],
        [
          0.067644,
          -0.853988,
          -0.515877,
          1.450336
        ],
        [
          0.0,
          0.0,
          0.0,
          1.0
        ]
      ]
    },
    {
      "file_path": "/media/NFS/ttao/scannet/posed_images/scene0038_02/00140.jpg",
      "transform_matrix": [
        [
          -0.565091,
          -0.444253,
          0.695205,
          6.602224
        ],
        [
          -0.822204,
          0.233582,
          -0.519057,
          6.836302
        ],
        [
          0.068205,
          -0.864915,
          -0.497262,
          1.445391
        ],
        [
          0.0,
          0.0,
          0.0,
          1.0
        ]
      ]
    },
    {
      "file_path": "/media/NFS/ttao/scannet/posed_images/scene0038_02/00141.jpg",
      "transform_matrix": [
        [
          -0.575453,
          -0.435518,
          0.692227,
          6.621587
        ],
        [
          -0.815621,
          0.243378,
          -0.524909,
          6.858097
        ],
        [
          0.060135,
          -0.866655,
          -0.495271,
          1.444267
        ],
        [
          0.0,
          0.0,
          0.0,
          1.0
        ]
      ]
    },
    {
      "file_path": "/media/NFS/ttao/scannet/posed_images/scene0038_02/00145.jpg",
      "transform_matrix": [
        [
          -0.600464,
          -0.414951,
          0.683563,
          6.697606
        ],
        [
          -0.799596,
          0.301482,
          -0.519379,
          6.945569
        ],
        [
          0.009434,
          -0.858443,
          -0.512823,
          1.442219
        ],
        [
          0.0,
          0.0,
          0.0,
          1.0
        ]
      ]
    },
    {
      "file_path": "/media/NFS/ttao/scannet/posed_images/scene0038_02/00150.jpg",
      "transform_matrix": [
        [
          -0.609416,
          -0.376318,
          0.697851,
          6.789581
        ],
        [
          -0.792742,
          0.30379,
          -0.528462,
          7.080351
        ],
        [
          -0.01313,
          -0.87527,
          -0.483458,
          1.459651
        ],
        [
          0.0,
          0.0,
          0.0,
          1.0
        ]
      ]
    },
    {
      "file_path": "/media/NFS/ttao/scannet/posed_images/scene0038_02/00153.jpg",
      "transform_matrix": [
        [
          -0.635015,
          -0.360581,
          0.683182,
          6.824285
        ],
        [
          -0.772487,
          0.301523,
          -0.558881,
          7.140916
        ],
        [
          -0.004473,
          -0.882647,
          -0.470015,
          1.456646
        ],
        [
          0.0,
          0.0,
          0.0,
          1.0
        ]
      ]
    },
    {
      "file_path": "/media/NFS/ttao/scannet/posed_images/scene0038_02/00157.jpg",
      "transform_matrix": [
        [
          -0.720058,
          -0.325355,
          0.612911,
          6.874112
        ],
        [
          -0.693872,
          0.347304,
          -0.63081,
          7.2264
        ],
        [
          -0.007629,
          -0.879502,
          -0.475834,
          1.440264
        ],
        [
          0.0,
          0.0,
          0.0,
          1.0
        ]
      ]
    },
    {
      "file_path": "/media/NFS/ttao/scannet/posed_images/scene0038_02/00161.jpg",
      "transform_matrix": [
        [
          -0.817191,
          -0.272633,
          0.507809,
          6.920202
        ],
        [
          -0.576002,
          0.417637,
          -0.70271,
          7.333544
        ],
        [
          -0.020498,
          -0.866747,
          -0.498326,
          1.426701
        ],
        [
          0.0,
          0.0,
          0.0,
          1.0
        ]
      ]
    },
    {
      "file_path": "/media/NFS/ttao/scannet/posed_images/scene0038_02/00164.jpg",
      "transform_matrix": [
        [
          -0.855064,
          -0.258187,
          0.449671,
          6.960588
        ],
        [
          -0.518522,
          0.425365,
          -0.741754,
          7.384705
        ],
        [
          0.000237,
          -0.867412,
          -0.49759,
          1.4408
        ],
        [
          0.0,
          0.0,
          0.0,
          1.0
        ]
      ]
    },
    {
      "file_path": "/media/NFS/ttao/scannet/posed_images/scene0038_02/00168.jpg",
      "transform_matrix": [
        [
          -0.874365,
          -0.231435,
          0.426524,
          7.028316
        ],
        [
          -0.485263,
          0.413087,
          -0.770635,
          7.452693
        ],
        [
          0.00216,
          -0.880793,
          -0.473496,
          1.435153
        ],
        [
          0.0,
          0.0,
          0.0,
          1.0
        ]
      ]
    },
    {
      "file_path": "/media/NFS/ttao/scannet/posed_images/scene0038_02/00169.jpg",
      "transform_matrix": [
        [
          -0.878553,
          -0.223532,
          0.422111,
          7.050778
        ],
        [
          -0.477644,
          0.411031,
          -0.776472,
          7.471975
        ],
        [
          6.5e-05,
          -0.883791,
          -0.467882,
          1.430044
        ],
        [
          0.0,
          0.0,
          0.0,
          1.0
        ]
      ]
    },
    {
      "file_path": "/media/NFS/ttao/scannet/posed_images/scene0038_02/00173.jpg",
      "transform_matrix": [
        [
          -0.886614,
          -0.234487,
          0.398661,
          7.165797
        ],
        [
          -0.462262,
          0.42108,
          -0.780388,
          7.54116
        ],
        [
          0.015122,
          -0.876189,
          -0.48173,
          1.405757
        ],
        [
          0.0,
          0.0,
          0.0,
          1.0
        ]
      ]
    },
    {
      "file_path": "/media/NFS/ttao/scannet/posed_images/scene0038_02/00176.jpg",
      "transform_matrix": [
        [
          -0.884212,
          -0.225176,
          0.409224,
          7.248325
        ],
        [
          -0.467085,
          0.425461,
          -0.775123,
          7.583091
        ],
        [
          0.00043,
          -0.876515,
          -0.481374,
          1.393583
        ],
        [
          0.0,
          0.0,
          0.0,
          1.0
        ]
      ]
    },
    {
      "file_path": "/media/NFS/ttao/scannet/posed_images/scene0038_02/00181.jpg",
      "transform_matrix": [
        [
          -0.902451,
          -0.210734,
          0.37573,
          7.372073
        ],
        [
          -0.430696,
          0.459824,
          -0.776571,
          7.63513
        ],
        [
          -0.00912,
          -0.862643,
          -0.505731,
          1.397945
        ],
        [
          0.0,
          0.0,
          0.0,
          1.0
        ]
      ]
    },
    {
      "file_path": "/media/NFS/ttao/scannet/posed_images/scene0038_02/00184.jpg",
      "transform_matrix": [
        [
          -0.9118,
          -0.209481,
          0.353182,
          7.450527
        ],
        [
          -0.410604,
          0.454856,
          -0.790259,
          7.670511
        ],
        [
          0.004897,
          -0.865577,
          -0.500752,
          1.394429
        ],
        [
          0.0,
          0.0,
          0.0,
          1.0
        ]
      ]
    },
    {
      "file_path": "/media/NFS/ttao/scannet/posed_images/scene0038_02/00188.jpg",
      "transform_matrix": [
        [
          -0.929282,
          -0.172119,
          0.326817,
          7.543715
        ],
        [
          -0.369227,
          0.457421,
          -0.808973,
          7.707546
        ],
        [
          -0.010253,
          -0.872434,
          -0.488625,
          1.395259
        ],
        [
          0.0,
          0.0,
          0.0,
          1.0
        ]
      ]
    },
    {
      "file_path": "/media/NFS/ttao/scannet/posed_images/scene0038_02/00189.jpg",
      "transform_matrix": [
        [
          -0.932368,
          -0.166244,
          0.321019,
          7.567616
        ],
        [
          -0.361273,
          0.460671,
          -0.810718,
          7.720088
        ],
        [
          -0.013107,
          -0.871863,
          -0.489575,
          1.39052
        ],
        [
          0.0,
          0.0,
          0.0,
          1.0
        ]
      ]
    },
    {
      "file_path": "/media/NFS/ttao/scannet/posed_images/scene0038_02/00193.jpg",
      "transform_matrix": [
        [
          -0.940334,
          -0.146739,
          0.306986,
          7.691569
        ],
        [
          -0.338576,
          0.493017,
          -0.801437,
          7.76702
        ],
        [
          -0.033747,
          -0.857556,
          -0.513283,
          1.382316
        ],
        [
          0.0,
          0.0,
          0.0,
          1.0
        ]
      ]
    },
    {
      "file_path": "/media/NFS/ttao/scannet/posed_images/scene0038_02/00198.jpg",
      "transform_matrix": [
        [
          -0.945498,
          -0.127601,
          0.299584,
          7.829409
        ],
        [
          -0.322037,
          0.502649,
          -0.802269,
          7.795171
        ],
        [
          -0.048216,
          -0.855022,
          -0.516347,
          1.396389
        ],
        [
          0.0,
          0.0,
          0.0,
          1.0
        ]
      ]
    },
    {
      "file_path": "/media/NFS/ttao/scannet/posed_images/scene0038_02/00200.jpg",
      "transform_matrix": [
        [
          -0.954714,
          -0.13114,
          0.267063,
          7.9017
        ],
        [
          -0.296165,
          0.504564,
          -0.810988,
          7.811351
        ],
        [
          -0.028398,
          -0.853356,
          -0.520554,
          1.404168
        ],
        [
          0.0,
          0.0,
          0.0,
          1.0
        ]
      ]
    },
    {
      "file_path": "/media/NFS/ttao/scannet/posed_images/scene0038_02/00204.jpg",
      "transform_matrix": [
        [
          -0.960441,
          -0.116159,
          0.2531,
          7.996125
        ],
        [
          -0.276816,
          0.497493,
          -0.822115,
          7.817264
        ],
        [
          -0.030419,
          -0.859656,
          -0.509968,
          1.394768
        ],
        [
          0.0,
          0.0,
          0.0,
          1.0
        ]
      ]
    },
    {
      "file_path": "/media/NFS/ttao/scannet/posed_images/scene0038_02/00206.jpg",
      "transform_matrix": [
        [
          -0.9605,
          -0.116026,
          0.252938,
          8.041766
        ],
        [
          -0.276602,
          0.497704,
          -0.82206,
          7.812603
        ],
        [
          -0.030508,
          -0.859552,
          -0.510137,
          1.386115
        ],
        [
          0.0,
          0.0,
          0.0,
          1.0
        ]
      ]
    },
    {
      "file_path": "/media/NFS/ttao/scannet/posed_images/scene0038_02/00211.jpg",
      "transform_matrix": [
        [
          -0.960671,
          -0.08559,
          0.264169,
          8.164283
        ],
        [
          -0.2709,
          0.49793,
          -0.82382,
          7.784135
        ],
        [
          -0.061027,
          -0.862983,
          -0.501534,
          1.376732
        ],
        [
          0.0,
          0.0,
          0.0,
          1.0
        ]
      ]
    },
    {
      "file_path": "/media/NFS/ttao/scannet/posed_images/scene0038_02/00212.jpg",
      "transform_matrix": [
        [
          -0.95967,
          -0.082239,
          0.268831,
          8.172557
        ],
        [
          -0.272564,
          0.50643,
          -0.81807,
          7.791659
        ],
        [
          -0.068867,
          -0.858351,
          -0.508421,
          1.366646
        ],
        [
          0.0,
          0.0,
          0.0,
          1.0
        ]
      ]
    },
    {
      "file_path": "/media/NFS/ttao/scannet/posed_images/scene0038_02/00218.jpg",
      "transform_matrix": [
        [
          -0.963827,
          -0.055399,
          0.260708,
          8.291538
        ],
        [
          -0.250408,
          0.52325,
          -0.814559,
          7.711036
        ],
        [
          -0.091289,
          -0.850377,
          -0.518194,
          1.384573
        ],
        [
          0.0,
          0.0,
          0.0,
          1.0
        ]
      ]
    },
    {
      "file_path": "/media/NFS/ttao/scannet/posed_images/scene0038_02/00221.jpg",
      "transform_matrix": [
        [
          -0.9796,
          -0.031189,
          0.198521,
          8.409086
        ],
        [
          -0.186189,
          0.512559,
          -0.838223,
          7.699362
        ],
        [
          -0.07561,
          -0.858086,
          -0.50791,
          1.390377
        ],
        [
          0.0,
          0.0,
          0.0,
          1.0
        ]
      ]
    },
    {
      "file_path": "/media/NFS/ttao/scannet/posed_images/scene0038_02/00225.jpg",
      "transform_matrix": [
        [
          -0.987937,
          -0.024032,
          0.152976,
          8.466572
        ],
        [
          -0.144945,
          0.491187,
          -0.858909,
          7.6826
        ],
        [
          -0.054498,
          -0.870722,
          -0.488746,
          1.382625
        ],
        [
          0.0,
          0.0,
          0.0,
          1.0
        ]
      ]
    },
    {
      "file_path": "/media/NFS/ttao/scannet/posed_images/scene0038_02/00228.jpg",
      "transform_matrix": [
        [
          -0.990905,
          -0.035045,
          0.129915,
          8.497409
        ],
        [
          -0.13003,
          0.497766,
          -0.857509,
          7.675089
        ],
        [
          -0.034616,
          -0.866603,
          -0.497796,
          1.374015
        ],
        [
          0.0,
          0.0,
          0.0,
          1.0
        ]
      ]
    },
    {
      "file_path": "/media/NFS/ttao/scannet/posed_images/scene0038_02/00230.jpg",
      "transform_matrix": [
        [
          -0.996712,
          -0.022663,
          0.077794,
          8.604941
        ],
        [
          -0.078638,
          0.502014,
          -0.861277,
          7.657485
        ],
        [
          -0.019534,
          -0.864563,
          -0.502145,
          1.349579
        ],
        [
          0.0,
          0.0,
          0.0,
          1.0
        ]
      ]
    },
    {
      "file_path": "/media/NFS/ttao/scannet/posed_images/scene0038_02/00236.jpg",
      "transform_matrix": [
        [
          -0.999785,
          -0.010863,
          0.017657,
          8.708164
        ],
        [
          -0.020723,
          0.547415,
          -0.836605,
          7.599465
        ],
        [
          -0.000577,
          -0.836791,
          -0.547523,
          1.347607
        ],
        [
          0.0,
          0.0,
          0.0,
          1.0
        ]
      ]
    },
    {
      "file_path": "/media/NFS/ttao/scannet/posed_images/scene0038_02/00237.jpg",
      "transform_matrix": [
        [
          -0.999978,
          -0.006517,
          0.001156,
          8.732134
        ],
        [
          -0.004565,
          0.552742,
          -0.83334,
          7.584921
        ],
        [
          0.004792,
          -0.833327,
          -0.55276,
          1.349582
        ],
        [
          0.0,
          0.0,
          0.0,
          1.0
        ]
      ]
    },
    {
      "file_path": "/media/NFS/ttao/scannet/posed_images/scene0038_02/00242.jpg",
      "transform_matrix": [
        [
          -0.998776,
          0.017466,
          -0.046277,
          8.775761
        ],
        [
          0.048112,
          0.560304,
          -0.826888,
          7.518374
        ],
        [
          0.011487,
          -0.828103,
          -0.560459,
          1.361051
        ],
        [
          0.0,
          0.0,
          0.0,
          1.0
        ]
      ]
    },
    {
      "file_path": "/media/NFS/ttao/scannet/posed_images/scene0038_02/00243.jpg",
      "transform_matrix": [
        [
          -0.998036,
          0.024328,
          -0.057727,
          8.777991
        ],
        [
          0.061403,
          0.56243,
          -0.824562,
          7.503566
        ],
        [
          0.012407,
          -0.826487,
          -0.562819,
          1.35796
        ],
        [
          0.0,
          0.0,
          0.0,
          1.0
        ]
      ]
    },
    {
      "file_path": "/media/NFS/ttao/scannet/posed_images/scene0038_02/00247.jpg",
      "transform_matrix": [
        [
          -0.993888,
          0.060204,
          -0.09253,
          8.780968
        ],
        [
          0.110336,
          0.568324,
          -0.815373,
          7.421513
        ],
        [
          0.003499,
          -0.820599,
          -0.571494,
          1.357589
        ],
        [
          0.0,
          0.0,
          0.0,
          1.0
        ]
      ]
    },
    {
      "file_path": "/media/NFS/ttao/scannet/posed_images/scene0038_02/00252.jpg",
      "transform_matrix": [
        [
          -0.987816,
          0.106968,
          -0.113039,
          8.767597
        ],
        [
          0.153679,
          0.555848,
          -0.816955,
          7.313735
        ],
        [
          -0.024555,
          -0.824373,
          -0.565515,
          1.362303
        ],
        [
          0.0,
          0.0,
          0.0,
          1.0
        ]
      ]
    },
    {
      "file_path": "/media/NFS/ttao/scannet/posed_images/scene0038_02/00253.jpg",
      "transform_matrix": [
        [
          -0.986482,
          0.114733,
          -0.117,
          8.746965
        ],
        [
          0.161502,
          0.55982,
          -0.812723,
          7.289356
        ],
        [
          -0.027748,
          -0.820633,
          -0.570782,
          1.364576
        ],
        [
          0.0,
          0.0,
          0.0,
          1.0
        ]
      ]
    },
    {
      "file_path": "/media/NFS/ttao/scannet/posed_images/scene0038_02/00259.jpg",
      "transform_matrix": [
        [
          -0.970775,
          0.160934,
          -0.178034,
          8.714496
        ],
        [
          0.237851,
          0.546321,
          -0.803094,
          7.149733
        ],
        [
          -0.031981,
          -0.82197,
          -0.568633,
          1.374316
        ],
        [
          0.0,
          0.0,
          0.0,
          1.0
        ]
      ]
    },
    {
      "file_path": "/media/NFS/ttao/scannet/posed_images/scene0038_02/00260.jpg",
      "transform_matrix": [
        [
          -0.970424,
          0.162017,
          -0.178961,
          8.706469
        ],
        [
          0.239333,
          0.548765,
          -0.800985,
          7.125941
