{
  "frames": [
    {
      "file_path": "/media/NFS/ttao/scannet/posed_images/scene0130_00/00001.jpg",
      "transform_matrix": [
        [
          -0.314195,
          -0.454542,
          0.833471,
          2.299448
        ],
        [
          -0.947818,
          0.20019,
          -0.248124,
          2.389842
        ],
        [
          -0.05407,
          -0.867937,
          -0.493722,
          1.45904
        ],
        [
          0.0,
          0.0,
          0.0,
          1.0
        ]
      ]
    },
    {
      "file_path": "/media/NFS/ttao/scannet/posed_images/scene0130_00/00006.jpg",
      "transform_matrix": [
        [
          -0.319728,
          -0.473633,
          0.820638,
          2.297426
        ],
        [
          -0.94632,
          0.203013,
          -0.251526,
          2.387927
        ],
        [
          -0.047469,
          -0.857005,
          -0.513117,
          1.454235
        ],
        [
          0.0,
          0.0,
          0.0,
          1.0
        ]
      ]
    },
    {
      "file_path": "/media/NFS/ttao/scannet/posed_images/scene0130_00/00009.jpg",
      "transform_matrix": [
        [
          -0.319309,
          -0.479365,
          0.817466,
          2.297309
        ],
        [
          -0.946515,
          0.203543,
          -0.250358,
          2.382683
        ],
        [
          -0.046377,
          -0.853686,
          -0.518719,
          1.450072
        ],
        [
          0.0,
          0.0,
          0.0,
          1.0
        ]
      ]
    },
    {
      "file_path": "/media/NFS/ttao/scannet/posed_images/scene0130_00/00014.jpg",
      "transform_matrix": [
        [
          -0.305546,
          -0.479592,
          0.822578,
          2.282328
        ],
        [
          -0.950709,
          0.201625,
          -0.235586,
          2.36243
        ],
        [
          -0.052867,
          -0.854014,
          -0.517557,
          1.433875
        ],
        [
          0.0,
          0.0,
          0.0,
          1.0
        ]
      ]
    },
    {
      "file_path": "/media/NFS/ttao/scannet/posed_images/scene0130_00/00017.jpg",
      "transform_matrix": [
        [
          -0.310499,
          -0.473763,
          0.824099,
          2.284849
        ],
        [
          -0.948919,
          0.205615,
          -0.239323,
          2.360412
        ],
        [
          -0.056065,
          -0.856312,
          -0.513406,
          1.436351
        ],
        [
          0.0,
          0.0,
          0.0,
          1.0
        ]
      ]
    },
    {
      "file_path": "/media/NFS/ttao/scannet/posed_images/scene0130_00/00023.jpg",
      "transform_matrix": [
        [
          -0.32349,
          -0.456687,
          0.828729,
          2.286985
        ],
        [
          -0.944663,
          0.206278,
          -0.255071,
          2.355685
        ],
        [
          -0.054461,
          -0.865382,
          -0.498144,
          1.443499
        ],
        [
          0.0,
          0.0,
          0.0,
          1.0
        ]
      ]
    },
    {
      "file_path": "/media/NFS/ttao/scannet/posed_images/scene0130_00/00025.jpg",
      "transform_matrix": [
        [
          -0.327848,
          -0.450173,
          0.830578,
          2.287333
        ],
        [
          -0.943238,
          0.205374,
          -0.261005,
          2.352494
        ],
        [
          -0.053082,
          -0.869003,
          -0.491952,
          1.446127
        ],
        [
          0.0,
          0.0,
          0.0,
          1.0
        ]
      ]
    },
    {
      "file_path": "/media/NFS/ttao/scannet/posed_images/scene0130_00/00031.jpg",
      "transform_matrix": [
        [
          -0.363676,
          -0.424712,
          0.829071,
          2.290211
        ],
        [
          -0.930265,
          0.211879,
          -0.299525,
          2.343288
        ],
        [
          -0.04845,
          -0.880186,
          -0.47215,
          1.453378
        ],
        [
          0.0,
          0.0,
          0.0,
          1.0
        ]
      ]
    },
    {
      "file_path": "/media/NFS/ttao/scannet/posed_images/scene0130_00/00035.jpg",
      "transform_matrix": [
        [
          -0.394964,
          -0.418949,
          0.817609,
          2.296971
        ],
        [
          -0.917701,
          0.221347,
          -0.329896,
          2.339524
        ],
        [
          -0.042766,
          -0.880617,
          -0.471894,
          1.462238
        ],
        [
          0.0,
          0.0,
          0.0,
          1.0
        ]
      ]
    },
    {
      "file_path": "/media/NFS/ttao/scannet/posed_images/scene0130_00/00041.jpg",
      "transform_matrix": [
        [
          -0.418261,
          -0.392624,
          0.819087,
          2.29915
        ],
        [
          -0.907892,
          0.208602,
          -0.363617,
          2.342131
        ],
        [
          -0.028099,
          -0.89573,
          -0.443711,
          1.469459
        ],
        [
          0.0,
          0.0,
          0.0,
          1.0
        ]
      ]
    },
    {
      "file_path": "/media/NFS/ttao/scannet/posed_images/scene0130_00/00043.jpg",
      "transform_matrix": [
        [
          -0.419733,
          -0.382296,
          0.82321,
          2.300493
        ],
        [
          -0.907302,
          0.201753,
          -0.368916,
          2.343821
        ],
        [
          -0.025049,
          -0.901746,
          -0.43154,
          1.472078
        ],
        [
          0.0,
          0.0,
          0.0,
          1.0
        ]
      ]
    },
    {
      "file_path": "/media/NFS/ttao/scannet/posed_images/scene0130_00/00049.jpg",
      "transform_matrix": [
        [
          -0.430675,
          -0.345703,
          0.833672,
          2.308774
        ],
        [
          -0.902396,
          0.179452,
          -0.391764,
          2.351936
        ],
        [
          -0.01417,
          -0.921025,
          -0.389247,
          1.48817
        ],
        [
          0.0,
          0.0,
          0.0,
          1.0
        ]
      ]
    },
    {
      "file_path": "/media/NFS/ttao/scannet/posed_images/scene0130_00/00050.jpg",
      "transform_matrix": [
        [
          -0.428099,
          -0.334274,
          0.839638,
          2.30588
        ],
        [
          -0.903688,
          0.167511,
          -0.394067,
          2.356719
        ],
        [
          -0.008923,
          -0.92747,
          -0.37379,
          1.480848
        ],
        [
          0.0,
          0.0,
          0.0,
          1.0
        ]
      ]
    },
    {
      "file_path": "/media/NFS/ttao/scannet/posed_images/scene0130_00/00058.jpg",
      "transform_matrix": [
        [
          -0.401017,
          -0.276882,
          0.873225,
          2.316972
        ],
        [
          -0.915873,
          0.140979,
          -0.375902,
          2.354292
        ],
        [
          -0.019026,
          -0.950506,
          -0.310123,
          1.511261
        ],
        [
          0.0,
          0.0,
          0.0,
          1.0
        ]
      ]
    },
    {
      "file_path": "/media/NFS/ttao/scannet/posed_images/scene0130_00/00059.jpg",
      "transform_matrix": [
        [
          -0.403417,
          -0.270815,
          0.874022,
          2.319549
        ],
        [
          -0.914809,
          0.139731,
          -0.378947,
          2.35688
        ],
        [
          -0.019504,
          -0.952436,
          -0.304114,
          1.514176
        ],
        [
          0.0,
          0.0,
          0.0,
          1.0
        ]
      ]
    },
    {
      "file_path": "/media/NFS/ttao/scannet/posed_images/scene0130_00/00063.jpg",
      "transform_matrix": [
        [
          -0.416686,
          -0.243027,
          0.875962,
          2.318917
        ],
        [
          -0.90905,
          0.111865,
          -0.40139,
          2.371049
        ],
        [
          -0.000441,
          -0.963548,
          -0.267537,
          1.502376
        ],
        [
          0.0,
          0.0,
          0.0,
          1.0
        ]
      ]
    },
    {
      "file_path": "/media/NFS/ttao/scannet/posed_images/scene0130_00/00071.jpg",
      "transform_matrix": [
        [
          -0.459131,
          -0.22232,
          0.8601,
          2.342745
        ],
        [
          -0.888293,
          0.102251,
          -0.447751,
          2.374282
        ],
        [
          0.011598,
          -0.969597,
          -0.244432,
          1.516462
        ],
        [
          0.0,
          0.0,
          0.0,
          1.0
        ]
      ]
    },
    {
      "file_path": "/media/NFS/ttao/scannet/posed_images/scene0130_00/00072.jpg",
      "transform_matrix": [
        [
          -0.465551,
          -0.219437,
          0.857385,
          2.345468
        ],
        [
          -0.884943,
          0.102531,
          -0.454273,
          2.375072
        ],
        [
          0.011776,
          -0.970224,
          -0.241923,
          1.513075
        ],
        [
          0.0,
          0.0,
          0.0,
          1.0
        ]
      ]
    },
    {
      "file_path": "/media/NFS/ttao/scannet/posed_images/scene0130_00/00076.jpg",
      "transform_matrix": [
        [
          -0.491312,
          -0.220031,
          0.842733,
          2.357562
        ],
        [
          -0.870825,
          0.105631,
          -0.48011,
          2.376939
        ],
        [
          0.01662,
          -0.969757,
          -0.243506,
          1.509618
        ],
        [
          0.0,
          0.0,
          0.0,
          1.0
        ]
      ]
    },
    {
      "file_path": "/media/NFS/ttao/scannet/posed_images/scene0130_00/00084.jpg",
      "transform_matrix": [
        [
          -0.542906,
          -0.232245,
          0.807041,
          2.389852
        ],
        [
          -0.839659,
          0.132932,
          -0.526594,
          2.365356
        ],
        [
          0.015018,
          -0.963531,
          -0.267176,
          1.513753
        ],
        [
          0.0,
          0.0,
          0.0,
          1.0
        ]
      ]
    },
    {
      "file_path": "/media/NFS/ttao/scannet/posed_images/scene0130_00/00085.jpg",
      "transform_matrix": [
        [
          -0.549746,
          -0.231124,
          0.802721,
          2.392882
        ],
        [
          -0.835203,
          0.135213,
          -0.53306,
          2.364741
        ],
        [
          0.014664,
          -0.963483,
          -0.267368,
          1.51167
        ],
        [
          0.0,
          0.0,
          0.0,
          1.0
        ]
      ]
    },
    {
      "file_path": "/media/NFS/ttao/scannet/posed_images/scene0130_00/00093.jpg",
      "transform_matrix": [
        [
          -0.619836,
          -0.249401,
          0.744045,
          2.448406
        ],
        [
          -0.784033,
          0.156835,
          -0.600579,
          2.383771
        ],
        [
          0.033093,
          -0.955616,
          -0.292751,
          1.508033
        ],
        [
          0.0,
          0.0,
          0.0,
          1.0
        ]
      ]
    },
    {
      "file_path": "/media/NFS/ttao/scannet/posed_images/scene0130_00/00094.jpg",
      "transform_matrix": [
        [
          -0.625056,
          -0.251329,
          0.739012,
          2.454036
        ],
        [
          -0.779868,
          0.160651,
          -0.604977,
          2.38471
        ],
        [
          0.033325,
          -0.954476,
          -0.296419,
          1.503733
        ],
        [
          0.0,
          0.0,
          0.0,
          1.0
        ]
      ]
    },
    {
      "file_path": "/media/NFS/ttao/scannet/posed_images/scene0130_00/00101.jpg",
      "transform_matrix": [
        [
          -0.652274,
          -0.283248,
          0.703071,
          2.506029
        ],
        [
          -0.756735,
          0.190125,
          -0.625464,
          2.398545
        ],
        [
          0.04349,
          -0.940012,
          -0.338357,
          1.496762
        ],
        [
          0.0,
          0.0,
          0.0,
          1.0
        ]
      ]
    },
    {
      "file_path": "/media/NFS/ttao/scannet/posed_images/scene0130_00/00102.jpg",
      "transform_matrix": [
        [
          -0.659131,
          -0.283807,
          0.696419,
          2.512896
        ],
        [
          -0.750748,
          0.194316,
          -0.631363,
          2.403454
        ],
        [
          0.043859,
          -0.938986,
          -0.341148,
          1.49165
        ],
        [
          0.0,
          0.0,
          0.0,
          1.0
        ]
      ]
    },
    {
      "file_path": "/media/NFS/ttao/scannet/posed_images/scene0130_00/00107.jpg",
      "transform_matrix": [
        [
          -0.682876,
          -0.318567,
          0.657415,
          2.543023
        ],
        [
          -0.728813,
          0.235337,
          -0.643,
          2.395531
        ],
        [
          0.050125,
          -0.918222,
          -0.392882,
          1.466742
        ],
        [
          0.0,
          0.0,
          0.0,
          1.0
        ]
      ]
    },
    {
      "file_path": "/media/NFS/ttao/scannet/posed_images/scene0130_00/00111.jpg",
      "transform_matrix": [
        [
          -0.715097,
          -0.348745,
          0.605816,
          2.572131
        ],
        [
          -0.695889,
          0.273157,
          -0.664172,
          2.400858
        ],
        [
          0.066144,
          -0.896528,
          -0.438021,
          1.431855
        ],
        [
          0.0,
          0.0,
          0.0,
          1.0
        ]
      ]
    },
    {
      "file_path": "/media/NFS/ttao/scannet/posed_images/scene0130_00/00119.jpg",
      "transform_matrix": [
        [
          -0.751783,
          -0.387282,
          0.533699,
          2.612396
        ],
        [
          -0.653428,
          0.328753,
          -0.681875,
          2.368639
        ],
        [
          0.088623,
          -0.861356,
          -0.500212,
          1.384644
        ],
        [
          0.0,
          0.0,
          0.0,
          1.0
        ]
      ]
    },
    {
      "file_path": "/media/NFS/ttao/scannet/posed_images/scene0130_00/00123.jpg",
      "transform_matrix": [
        [
          -0.764619,
          -0.380346,
          0.520284,
          2.639206
        ],
        [
          -0.63975,
          0.350273,
          -0.684127,
          2.346582
        ],
        [
          0.077963,
          -0.855948,
          -0.511151,
          1.374362
        ],
        [
          0.0,
          0.0,
          0.0,
          1.0
        ]
      ]
    },
    {
      "file_path": "/media/NFS/ttao/scannet/posed_images/scene0130_00/00124.jpg",
      "transform_matrix": [
        [
          -0.767366,
          -0.376103,
          0.519322,
          2.646335
        ],
        [
          -0.636996,
          0.354448,
          -0.684546,
          2.340366
        ],
        [
          0.073387,
          -0.856103,
          -0.511568,
          1.373029
        ],
        [
          0.0,
          0.0,
          0.0,
          1.0
        ]
      ]
    },
    {
      "file_path": "/media/NFS/ttao/scannet/posed_images/scene0130_00/00130.jpg",
      "transform_matrix": [
        [
          -0.792406,
          -0.339465,
          0.50681,
          2.691283
        ],
        [
          -0.60761,
          0.365863,
          -0.70495,
          2.29343
        ],
        [
          0.053883,
          -0.866549,
          -0.496174,
          1.374057
        ],
        [
          0.0,
          0.0,
          0.0,
          1.0
        ]
      ]
    },
    {
      "file_path": "/media/NFS/ttao/scannet/posed_images/scene0130_00/00136.jpg",
      "transform_matrix": [
        [
          -0.790302,
          -0.316093,
          0.524888,
          2.726444
        ],
        [
          -0.611442,
          0.351614,
          -0.708877,
          2.267288
        ],
        [
          0.039513,
          -0.881166,
          -0.471154,
          1.384728
        ],
        [
          0.0,
          0.0,
          0.0,
          1.0
        ]
      ]
    },
    {
      "file_path": "/media/NFS/ttao/scannet/posed_images/scene0130_00/00140.jpg",
      "transform_matrix": [
        [
          -0.800204,
          -0.303134,
          0.517478,
          2.773868
        ],
        [
          -0.59818,
          0.341455,
          -0.724975,
          2.272326
        ],
        [
          0.043069,
          -0.889673,
          -0.454562,
          1.399227
        ],
        [
          0.0,
          0.0,
          0.0,
          1.0
        ]
      ]
    },
    {
      "file_path": "/media/NFS/ttao/scannet/posed_images/scene0130_00/00141.jpg",
      "transform_matrix": [
        [
          -0.802203,
          -0.299364,
          0.516576,
          2.781801
        ],
        [
          -0.595431,
          0.337448,
          -0.729103,
          2.269466
        ],
        [
          0.04395,
          -0.892474,
          -0.448953,
          1.40401
        ],
        [
          0.0,
          0.0,
          0.0,
          1.0
        ]
      ]
    },
    {
      "file_path": "/media/NFS/ttao/scannet/posed_images/scene0130_00/00149.jpg",
      "transform_matrix": [
        [
          -0.842161,
          -0.230639,
          0.487412,
          2.852839
        ],
        [
          -0.538823,
          0.324982,
          -0.777211,
          2.27086
        ],
        [
          0.020855,
          -0.917166,
          -0.39796,
          1.420591
        ],
        [
          0.0,
          0.0,
          0.0,
          1.0
        ]
      ]
    },
    {
      "file_path": "/media/NFS/ttao/scannet/posed_images/scene0130_00/00150.jpg",
      "transform_matrix": [
        [
          -0.852701,
          -0.220699,
          0.473491,
          2.87759
        ],
        [
          -0.522069,
          0.327753,
          -0.787415,
          2.285568
        ],
        [
          0.018594,
          -0.918624,
          -0.394695,
          1.423491
        ],
        [
          0.0,
          0.0,
          0.0,
          1.0
        ]
      ]
    },
    {
      "file_path": "/media/NFS/ttao/scannet/posed_images/scene0130_00/00156.jpg",
      "transform_matrix": [
        [
          -0.873359,
          -0.182679,
          0.451522,
          2.947114
        ],
        [
          -0.48704,
          0.316135,
          -0.814157,
          2.300476
        ],
        [
          0.005988,
          -0.93096,
          -0.365071,
          1.438289
        ],
        [
          0.0,
          0.0,
          0.0,
          1.0
        ]
      ]
    },
    {
      "file_path": "/media/NFS/ttao/scannet/posed_images/scene0130_00/00160.jpg",
      "transform_matrix": [
        [
          -0.887734,
          -0.185299,
          0.421418,
          2.992235
        ],
        [
          -0.460058,
          0.324124,
          -0.826613,
          2.309728
        ],
        [
          0.016579,
          -0.92769,
          -0.372984,
          1.439283
        ],
        [
          0.0,
          0.0,
          0.0,
          1.0
        ]
      ]
    },
    {
      "file_path": "/media/NFS/ttao/scannet/posed_images/scene0130_00/00165.jpg",
      "transform_matrix": [
        [
          -0.904334,
          -0.170094,
          0.39147,
          3.026189
        ],
        [
          -0.426191,
          0.309827,
          -0.849923,
          2.310887
        ],
        [
          0.023279,
          -0.935455,
          -0.35268,
          1.44531
        ],
        [
          0.0,
          0.0,
          0.0,
          1.0
        ]
      ]
    },
    {
      "file_path": "/media/NFS/ttao/scannet/posed_images/scene0130_00/00167.jpg",
      "transform_matrix": [
        [
          -0.906571,
          -0.174559,
          0.384263,
          3.036068
        ],
        [
          -0.420879,
          0.306026,
          -0.853938,
          2.304137
        ],
        [
          0.031468,
          -0.935883,
          -0.350902,
          1.44973
        ],
        [
          0.0,
          0.0,
          0.0,
          1.0
        ]
      ]
    },
    {
      "file_path": "/media/NFS/ttao/scannet/posed_images/scene0130_00/00172.jpg",
      "transform_matrix": [
        [
          -0.915095,
          -0.172395,
          0.364529,
          3.065369
        ],
        [
          -0.39983,
          0.270618,
          -0.87573,
          2.294154
        ],
        [
          0.052324,
          -0.947125,
          -0.31657,
          1.438143
        ],
        [
          0.0,
          0.0,
          0.0,
          1.0
        ]
      ]
    },
    {
      "file_path": "/media/NFS/ttao/scannet/posed_images/scene0130_00/00178.jpg",
      "transform_matrix": [
        [
          -0.915372,
          -0.142188,
          0.376664,
          3.089879
        ],
        [
          -0.401722,
          0.260519,
          -0.877923,
          2.259801
        ],
        [
          0.026702,
          -0.954941,
          -0.295592,
          1.44609
        ],
        [
          0.0,
          0.0,
          0.0,
          1.0
        ]
      ]
    },
    {
      "file_path": "/media/NFS/ttao/scannet/posed_images/scene0130_00/00180.jpg",
      "transform_matrix": [
        [
          -0.916566,
          -0.136231,
          0.375963,
          3.099197
        ],
        [
          -0.39935,
          0.263265,
          -0.878186,
          2.245085
        ],
        [
          0.020659,
          -0.955056,
          -0.295704,
          1.441504
        ],
        [
          0.0,
          0.0,
          0.0,
          1.0
        ]
      ]
    },
    {
      "file_path": "/media/NFS/ttao/scannet/posed_images/scene0130_00/00187.jpg",
      "transform_matrix": [
        [
          -0.927094,
          -0.119623,
          0.355227,
          3.124263
        ],
        [
          -0.374555,
          0.259491,
          -0.890154,
          2.188166
        ],
        [
          0.014305,
          -0.958308,
          -0.285378,
          1.445221
        ],
        [
          0.0,
          0.0,
          0.0,
          1.0
        ]
      ]
    },
    {
      "file_path": "/media/NFS/ttao/scannet/posed_images/scene0130_00/00189.jpg",
      "transform_matrix": [
        [
          -0.934406,
          -0.118902,
          0.335778,
          3.132795
        ],
        [
          -0.355629,
          0.257648,
          -0.898413,
          2.174522
        ],
        [
          0.020311,
          -0.958895,
          -0.283033,
          1.445188
        ],
        [
          0.0,
          0.0,
          0.0,
          1.0
        ]
      ]
    },
    {
      "file_path": "/media/NFS/ttao/scannet/posed_images/scene0130_00/00196.jpg",
      "transform_matrix": [
        [
          -0.966075,
          -0.122117,
          0.227566,
          3.175308
        ],
        [
          -0.253268,
          0.275543,
          -0.927325,
          2.133856
        ],
        [
          0.050538,
          -0.953501,
          -0.297124,
          1.443629
        ],
        [
          0.0,
          0.0,
          0.0,
          1.0
        ]
      ]
    },
    {
      "file_path": "/media/NFS/ttao/scannet/posed_images/scene0130_00/00200.jpg",
      "transform_matrix": [
        [
          -0.981224,
          -0.0961,
          0.167228,
          3.201483
        ],
        [
          -0.187158,
          0.264895,
          -0.94594,
          2.122498
        ],
        [
          0.046607,
          -0.959477,
          -0.277907,
          1.435807
        ],
        [
          0.0,
          0.0,
          0.0,
          1.0
        ]
      ]
    },
    {
      "file_path": "/media/NFS/ttao/scannet/posed_images/scene0130_00/00204.jpg",
      "transform_matrix": [
        [
          -0.991621,
          -0.066576,
          0.110699,
          3.245086
        ],
        [
          -0.125218,
          0.28488,
          -0.950349,
          2.114318
        ],
        [
          0.031734,
          -0.956248,
          -0.29083,
          1.441295
        ],
        [
          0.0,
          0.0,
          0.0,
          1.0
        ]
      ]
    },
    {
      "file_path": "/media/NFS/ttao/scannet/posed_images/scene0130_00/00207.jpg",
      "transform_matrix": [
        [
          -0.996742,
          -0.040897,
          0.069515,
          3.274932
        ],
        [
          -0.078117,
          0.275139,
          -0.958226,
          2.111127
        ],
        [
          0.020062,
          -0.960534,
          -0.277437,
          1.448288
        ],
        [
          0.0,
          0.0,
          0.0,
          1.0
        ]
      ]
    },
    {
      "file_path": "/media/NFS/ttao/scannet/posed_images/scene0130_00/00213.jpg",
      "transform_matrix": [
        [
          -0.999325,
          -0.013547,
          -0.034142,
          3.310565
        ],
        [
          0.02925,
          0.268717,
          -0.962775,
          2.109834
        ],
        [
          0.022217,
          -0.963124,
          -0.268139,
          1.44863
        ],
        [
          0.0,
          0.0,
          0.0,
          1.0
        ]
      ]
    },
    {
      "file_path": "/media/NFS/ttao/scannet/posed_images/scene0130_00/00214.jpg",
      "transform_matrix": [
        [
          -0.998626,
          -0.005488,
          -0.052106,
          3.317634
        ],
        [
          0.048799,
          0.264624,
          -0.963116,
          2.110721
        ],
        [
          0.019074,
          -0.964336,
          -0.263993,
          1.450593
        ],
        [
          0.0,
          0.0,
          0.0,
          1.0
        ]
      ]
    },
    {
      "file_path": "/media/NFS/ttao/scannet/posed_images/scene0130_00/00218.jpg",
      "transform_matrix": [
        [
          -0.992754,
          0.013496,
          -0.119404,
          3.336102
        ],
        [
          0.118982,
          0.249412,
          -0.96106,
          2.111212
        ],
        [
          0.01681,
          -0.968303,
          -0.249211,
          1.452074
        ],
        [
          0.0,
          0.0,
          0.0,
          1.0
        ]
      ]
    },
    {
      "file_path": "/media/NFS/ttao/scannet/posed_images/scene0130_00/00226.jpg",
      "transform_matrix": [
        [
          -0.973223,
          0.047953,
          -0.224808,
          3.338993
        ],
        [
          0.229071,
          0.283598,
          -0.931182,
          2.119513
        ],
        [
          0.019102,
          -0.957744,
          -0.286988,
          1.459059
        ],
        [
          0.0,
          0.0,
          0.0,
          1.0
        ]
      ]
    },
    {
      "file_path": "/media/NFS/ttao/scannet/posed_images/scene0130_00/00230.jpg",
      "transform_matrix": [
        [
          -0.966805,
          0.051041,
          -0.250367,
          3.338858
        ],
        [
          0.254395,
          0.283998,
          -0.924461,
          2.130818
        ],
        [
          0.023918,
          -0.957465,
          -0.287555,
          1.465145
        ],
        [
          0.0,
          0.0,
          0.0,
          1.0
        ]
      ]
    },
    {
      "file_path": "/media/NFS/ttao/scannet/posed_images/scene0130_00/00235.jpg",
      "transform_matrix": [
        [
          -0.966149,
          0.048528,
          -0.25338,
          3.333804
        ],
        [
          0.257161,
          0.259598,
          -0.930848,
          2.162505
        ],
        [
          0.020604,
          -0.964497,
          -0.26329,
          1.473284
        ],
        [
          0.0,
          0.0,
          0.0,
          1.0
        ]
      ]
    },
    {
      "file_path": "/media/NFS/ttao/scannet/posed_images/scene0130_00/00236.jpg",
      "transform_matrix": [
        [
          -0.966394,
          0.047097,
          -0.252715,
          3.332131
        ],
        [
          0.256218,
          0.256233,
          -0.932039,
          2.169104
        ],
        [
          0.020858,
          -0.965467,
          -0.259689,
          1.473552
        ],
        [
          0.0,
          0.0,
          0.0,
          1.0
        ]
      ]
    },
    {
      "file_path": "/media/NFS/ttao/scannet/posed_images/scene0130_00/00242.jpg",
      "transform_matrix": [
        [
          -0.96131,
          0.061999,
          -0.268403,
          3.315693
        ],
        [
          0.27526,
          0.254262,
          -0.927137,
          2.202425
        ],
        [
          0.010763,
          -0.965146,
          -0.261491,
          1.473621
        ],
        [
          0.0,
          0.0,
          0.0,
          1.0
        ]
      ]
    },
    {
      "file_path": "/media/NFS/ttao/scannet/posed_images/scene0130_00/00247.jpg",
      "transform_matrix": [
        [
          -0.957111,
          0.065053,
          -0.282325,
          3.311316
        ],
        [
          0.289499,
          0.253052,
          -0.923122,
          2.217412
        ],
        [
          0.011391,
          -0.965263,
          -0.261032,
          1.473515
        ],
        [
          0.0,
          0.0,
          0.0,
          1.0
        ]
      ]
    },
    {
      "file_path": "/media/NFS/ttao/scannet/posed_images/scene0130_00/00249.jpg",
      "transform_matrix": [
        [
          -0.954916,
          0.059896,
          -0.290772,
          3.316678
        ],
        [
          0.29636,
          0.250139,
          -0.921738,
          2.222291
        ],
        [
          0.017525,
          -0.966356,
          -0.256612,
          1.476846
        ],
        [
          0.0,
          0.0,
          0.0,
          1.0
        ]
      ]
    },
    {
      "file_path": "/media/NFS/ttao/scannet/posed_images/scene0130_00/00256.jpg",
      "transform_matrix": [
        [
          -0.942405,
          0.081657,
          -0.324354,
          3.326585
        ],
        [
          0.334438,
          0.215659,
          -0.917411,
          2.225722
        ],
        [
          -0.004963,
          -0.973048,
          -0.230548,
          1.496264
        ],
        [
          0.0,
          0.0,
          0.0,
          1.0
        ]
      ]
    },
    {
      "file_path": "/media/NFS/ttao/scannet/posed_images/scene0130_00/00258.jpg",
      "transform_matrix": [
        [
          -0.936705,
          0.086047,
          -0.339381,
          3.335669
        ],
        [
          0.35006,
          0.212253,
          -0.912364,
          2.224332
        ],
        [
          -0.006472,
          -0.973419,
          -0.22894,
          1.49969
        ],
        [
          0.0,
          0.0,
          0.0,
          1.0
        ]
      ]
    },
    {
      "file_path": "/media/NFS/ttao/scannet/posed_images/scene0130_00/00262.jpg",
      "transform_matrix": [
        [
          -0.925157,
          0.10354,
          -0.36519,
          3.35586
        ],
        [
          0.378956,
          0.196574,
          -0.904296,
          2.214527
        ],
        [
          -0.021844,
          -0.975007,
          -0.221099,
          1.511022
        ],
        [
          0.0,
          0.0,
          0.0,
          1.0
        ]
      ]
    },
    {
      "file_path": "/media/NFS/ttao/scannet/posed_images/scene0130_00/00269.jpg",
      "transform_matrix": [
        [
          -0.89102,
          0.115823,
          -0.438941,
          3.420958
        ],
        [
          0.452455,
          0.14777,
          -0.87946,
          2.196547
        ],
        [
          -0.037,
          -0.982216,
          -0.184071,
          1.519952
        ],
        [
          0.0,
          0.0,
          0.0,
          1.0
        ]
      ]
    },
    {
      "file_path": "/media/NFS/ttao/scannet/posed_images/scene0130_00/00273.jpg",
      "transform_matrix": [
        [
          -0.876702,
          0.103178,
          -0.469838,
          3.442868
        ],
        [
          0.480572,
          0.145081,
          -0.864871,
          2.184512
        ],
        [
          -0.021071,
          -0.984025,
          -0.176778,
          1.519726
        ],
        [
          0.0,
          0.0,
          0.0,
          1.0
        ]
      ]
    },
    {
      "file_path": "/media/NFS/ttao/scannet/posed_images/scene0130_00/00278.jpg",
      "transform_matrix": [
        [
          -0.852308,
          0.111834,
          -0.510944,
          3.485565
        ],
        [
          0.522514,
          0.138254,
          -0.841347,
          2.165261
        ],
        [
          -0.023451,
          -0.984063,
          -0.17627,
          1.515835
        ],
        [
          0.0,
          0.0,
          0.0,
          1.0
        ]
      ]
    },
    {
      "file_path": "/media/NFS/ttao/scannet/posed_images/scene0130_00/00282.jpg",
      "transform_matrix": [
        [
          -0.843399,
          0.120893,
          -0.523511,
          3.493886
        ],
        [
          0.536849,
          0.150229,
          -0.830195,
          2.15005
        ],
        [
          -0.021718,
          -0.981232,
          -0.191604,
          1.51839
        ],
        [
          0.0,
          0.0,
          0.0,
          1.0
        ]
      ]
    },
    {
      "file_path": "/media/NFS/ttao/scannet/posed_images/scene0130_00/00287.jpg",
      "transform_matrix": [
        [
          -0.835146,
          0.097088,
          -0.541392,
          3.51012
        ],
        [
          0.550013,
          0.154746,
          -0.820695,
          2.12922
        ],
        [
          0.004099,
          -0.983172,
          -0.182636,
          1.515751
        ],
        [
          0.0,
          0.0,
          0.0,
          1.0
        ]
      ]
    },
    {
      "file_path": "/media/NFS/ttao/scannet/posed_images/scene0130_00/00288.jpg",
      "transform_matrix": [
        [
          -0.834695,
          0.094817,
          -0.542489,
          3.51064
        ],
        [
          0.55067,
          0.155957,
          -0.820025,
          2.126826
        ],
        [
          0.006853,
          -0.983203,
          -0.18239,
          1.511413
        ],
        [
          0.0,
          0.0,
          0.0,
          1.0
        ]
      ]
    },
    {
      "file_path": "/media/NFS/ttao/scannet/posed_images/scene0130_00/00292.jpg",
      "transform_matrix": [
        [
          -0.835916,
          0.098951,
          -0.539864,
          3.510225
        ],
        [
          0.548728,
          0.17199,
          -0.818118,
          2.104887
        ],
        [
          0.011898,
          -0.980117,
          -0.198067,
          1.495943
        ],
        [
          0.0,
          0.0,
          0.0,
          1.0
        ]
      ]
    },
    {
      "file_path": "/media/NFS/ttao/scannet/posed_images/scene0130_00/00300.jpg",
      "transform_matrix": [
        [
          -0.842912,
          0.152187,
          -0.51608,
          3.482611
        ],
        [
          0.537824,
          0.210432,
          -0.816372,
          2.04432
        ],
        [
          -0.015641,
          -0.96569,
          -0.259226,
          1.485985
        ],
        [
          0.0,
          0.0,
          0.0,
          1.0
        ]
      ]
    },
    {
      "file_path": "/media/NFS/ttao/scannet/posed_images/scene0130_00/00301.jpg",
      "transform_matrix": [
        [
          -0.842591,
          0.152311,
          -0.516567,
          3.479125
        ],
        [
          0.538388,
          0.214489,
          -0.814943,
          2.03565
        ],
        [
          -0.013327,
          -0.964778,
          -0.262729,
          1.483698
        ],
        [
          0.0,
          0.0,
          0.0,
          1.0
        ]
      ]
    },
    {
      "file_path": "/media/NFS/ttao/scannet/posed_images/scene0130_00/00305.jpg",
      "transform_matrix": [
        [
          -0.840302,
          0.154684,
          -0.519581,
          3.458899
        ],
        [
          0.54209,
          0.229963,
          -0.808242,
          2.007497
        ],
        [
          -0.005538,
          -0.960828,
          -0.277091,
          1.468987
        ],
        [
          0.0,
          0.0,
          0.0,
          1.0
        ]
      ]
    },
    {
      "file_path": "/media/NFS/ttao/scannet/posed_images/scene0130_00/00313.jpg",
      "transform_matrix": [
        [
          -0.814846,
          0.191847,
          -0.54701,
          3.424824
        ],
        [
          0.579547,
          0.289636,
          -0.761733,
          1.937203
        ],
        [
          0.012297,
          -0.937713,
          -0.347193,
          1.429239
        ],
        [
          0.0,
          0.0,
          0.0,
          1.0
        ]
      ]
    },
    {
      "file_path": "/media/NFS/ttao/scannet/posed_images/scene0130_00/00317.jpg",
      "transform_matrix": [
        [
          -0.779404,
          0.221474,
          -0.586071,
          3.414825
        ],
        [
          0.626187,
          0.305973,
          -0.717127,
          1.903179
        ],
        [
          0.020497,
          -0.925921,
          -0.37716,
          1.409073
        ],
        [
          0.0,
          0.0,
          0.0,
          1.0
        ]
      ]
    },
    {
      "file_path": "/media/NFS/ttao/scannet/posed_images/scene0130_00/00319.jpg",
      "transform_matrix": [
        [
          -0.755943,
          0.244681,
          -0.607191,
          3.412701
        ],
        [
          0.654382,
          0.308345,
          -0.69044,
          1.879351
        ],
        [
          0.018287,
          -0.919269,
          -0.393206,
          1.402867
        ],
        [
          0.0,
          0.0,
          0.0,
          1.0
        ]
      ]
    },
    {
      "file_path": "/media/NFS/ttao/scannet/posed_images/scene0130_00/00322.jpg",
      "transform_matrix": [
        [
          -0.726022,
          0.280239,
          -0.62798,
          3.413997
        ],
        [
          0.68765,
          0.303144,
          -0.659728,
          1.84697
        ],
        [
          0.005487,
          -0.910807,
          -0.412795,
          1.39207
        ],
        [
          0.0,
          0.0,
          0.0,
          1.0
        ]
      ]
    },
    {
      "file_path": "/media/NFS/ttao/scannet/posed_images/scene0130_00/00329.jpg",
      "transform_matrix": [
        [
          -0.673963,
          0.347415,
          -0.651979,
          3.418962
        ],
        [
          0.738765,
          0.315998,
          -0.595292,
          1.788533
        ],
        [
          -0.000789,
          -0.882864,
          -0.469629,
          1.366594
        ],
        [
          0.0,
          0.0,
          0.0,
          1.0
        ]
      ]
    },
    {
      "file_path": "/media/NFS/ttao/scannet/posed_images/scene0130_00/00332.jpg",
      "transform_matrix": [
        [
          -0.651183,
          0.36463,
          -0.665587,
          3.433118
        ],
        [
          0.758905,
          0.318483,
          -0.568007,
          1.763248
        ],
        [
          0.004866,
