{
  "frames": [
    {
      "file_path": "/media/NFS/ttao/scannet/posed_images/scene0639_00/00000.jpg",
      "transform_matrix": [
        [
          0.835728,
          -0.380062,
          0.396374,
          0.735897
        ],
        [
          -0.544162,
          -0.476151,
          0.690773,
          1.824755
        ],
        [
          -0.073803,
          -0.79299,
          -0.604748,
          1.416868
        ],
        [
          0.0,
          0.0,
          0.0,
          1.0
        ]
      ]
    },
    {
      "file_path": "/media/NFS/ttao/scannet/posed_images/scene0639_00/00002.jpg",
      "transform_matrix": [
        [
          0.840438,
          -0.371136,
          0.394871,
          0.726583
        ],
        [
          -0.538297,
          -0.487766,
          0.687256,
          1.825954
        ],
        [
          -0.062461,
          -0.790154,
          -0.609718,
          1.415347
        ],
        [
          0.0,
          0.0,
          0.0,
          1.0
        ]
      ]
    },
    {
      "file_path": "/media/NFS/ttao/scannet/posed_images/scene0639_00/00004.jpg",
      "transform_matrix": [
        [
          0.837313,
          -0.375296,
          0.397568,
          0.720177
        ],
        [
          -0.543559,
          -0.493308,
          0.67911,
          1.830655
        ],
        [
          -0.058744,
          -0.784729,
          -0.617049,
          1.414351
        ],
        [
          0.0,
          0.0,
          0.0,
          1.0
        ]
      ]
    },
    {
      "file_path": "/media/NFS/ttao/scannet/posed_images/scene0639_00/00007.jpg",
      "transform_matrix": [
        [
          0.831008,
          -0.3812,
          0.405109,
          0.712745
        ],
        [
          -0.552506,
          -0.481158,
          0.680605,
          1.835347
        ],
        [
          -0.064525,
          -0.789413,
          -0.610461,
          1.415613
        ],
        [
          0.0,
          0.0,
          0.0,
          1.0
        ]
      ]
    },
    {
      "file_path": "/media/NFS/ttao/scannet/posed_images/scene0639_00/00009.jpg",
      "transform_matrix": [
        [
          0.830359,
          -0.380896,
          0.406721,
          0.709188
        ],
        [
          -0.553673,
          -0.481656,
          0.679304,
          1.839733
        ],
        [
          -0.062845,
          -0.789257,
          -0.610839,
          1.417296
        ],
        [
          0.0,
          0.0,
          0.0,
          1.0
        ]
      ]
    },
    {
      "file_path": "/media/NFS/ttao/scannet/posed_images/scene0639_00/00011.jpg",
      "transform_matrix": [
        [
          0.827254,
          -0.379453,
          0.414326,
          0.704498
        ],
        [
          -0.558844,
          -0.479851,
          0.67634,
          1.844482
        ],
        [
          -0.057824,
          -0.791049,
          -0.609014,
          1.418284
        ],
        [
          0.0,
          0.0,
          0.0,
          1.0
        ]
      ]
    },
    {
      "file_path": "/media/NFS/ttao/scannet/posed_images/scene0639_00/00012.jpg",
      "transform_matrix": [
        [
          0.825404,
          -0.381694,
          0.415955,
          0.703146
        ],
        [
          -0.561424,
          -0.477642,
          0.675767,
          1.84595
        ],
        [
          -0.059259,
          -0.791308,
          -0.60854,
          1.418584
        ],
        [
          0.0,
          0.0,
          0.0,
          1.0
        ]
      ]
    },
    {
      "file_path": "/media/NFS/ttao/scannet/posed_images/scene0639_00/00014.jpg",
      "transform_matrix": [
        [
          0.824529,
          -0.382239,
          0.417187,
          0.700436
        ],
        [
          -0.562661,
          -0.476093,
          0.675832,
          1.849921
        ],
        [
          -0.059709,
          -0.791978,
          -0.607624,
          1.41994
        ],
        [
          0.0,
          0.0,
          0.0,
          1.0
        ]
      ]
    },
    {
      "file_path": "/media/NFS/ttao/scannet/posed_images/scene0639_00/00016.jpg",
      "transform_matrix": [
        [
          0.823305,
          -0.383058,
          0.41885,
          0.700892
        ],
        [
          -0.564382,
          -0.474024,
          0.675851,
          1.853508
        ],
        [
          -0.060345,
          -0.792823,
          -0.606458,
          1.421728
        ],
        [
          0.0,
          0.0,
          0.0,
          1.0
        ]
      ]
    },
    {
      "file_path": "/media/NFS/ttao/scannet/posed_images/scene0639_00/00019.jpg",
      "transform_matrix": [
        [
          0.813671,
          -0.391992,
          0.429281,
          0.701767
        ],
        [
          -0.577399,
          -0.459271,
          0.675041,
          1.855559
        ],
        [
          -0.067454,
          -0.797128,
          -0.600031,
          1.422319
        ],
        [
          0.0,
          0.0,
          0.0,
          1.0
        ]
      ]
    },
    {
      "file_path": "/media/NFS/ttao/scannet/posed_images/scene0639_00/00020.jpg",
      "transform_matrix": [
        [
          0.8107,
          -0.3937,
          0.433319,
          0.701588
        ],
        [
          -0.581638,
          -0.457159,
          0.672832,
          1.856236
        ],
        [
          -0.066798,
          -0.7975,
          -0.59961,
          1.421526
        ],
        [
          0.0,
          0.0,
          0.0,
          1.0
        ]
      ]
    },
    {
      "file_path": "/media/NFS/ttao/scannet/posed_images/scene0639_00/00023.jpg",
      "transform_matrix": [
        [
          0.802492,
          -0.400581,
          0.442201,
          0.706184
        ],
        [
          -0.592831,
          -0.451447,
          0.666894,
          1.858192
        ],
        [
          -0.067515,
          -0.797327,
          -0.599759,
          1.422171
        ],
        [
          0.0,
          0.0,
          0.0,
          1.0
        ]
      ]
    },
    {
      "file_path": "/media/NFS/ttao/scannet/posed_images/scene0639_00/00024.jpg",
      "transform_matrix": [
        [
          0.799713,
          -0.403041,
          0.444992,
          0.708231
        ],
        [
          -0.596516,
          -0.449402,
          0.664986,
          1.858551
        ],
        [
          -0.068036,
          -0.797242,
          -0.599813,
          1.423459
        ],
        [
          0.0,
          0.0,
          0.0,
          1.0
        ]
      ]
    },
    {
      "file_path": "/media/NFS/ttao/scannet/posed_images/scene0639_00/00028.jpg",
      "transform_matrix": [
        [
          0.785764,
          -0.408564,
          0.464382,
          0.716657
        ],
        [
          -0.614248,
          -0.427281,
          0.663423,
          1.85702
        ],
        [
          -0.07263,
          -0.80654,
          -0.586702,
          1.430241
        ],
        [
          0.0,
          0.0,
          0.0,
          1.0
        ]
      ]
    },
    {
      "file_path": "/media/NFS/ttao/scannet/posed_images/scene0639_00/00029.jpg",
      "transform_matrix": [
        [
          0.783297,
          -0.409978,
          0.467294,
          0.717736
        ],
        [
          -0.617017,
          -0.42116,
          0.664767,
          1.85614
        ],
        [
          -0.075734,
          -0.809038,
          -0.582857,
          1.431369
        ],
        [
          0.0,
          0.0,
          0.0,
          1.0
        ]
      ]
    },
    {
      "file_path": "/media/NFS/ttao/scannet/posed_images/scene0639_00/00032.jpg",
      "transform_matrix": [
        [
          0.778814,
          -0.41111,
          0.473749,
          0.720328
        ],
        [
          -0.620664,
          -0.395874,
          0.676801,
          1.851995
        ],
        [
          -0.090695,
          -0.821141,
          -0.563473,
          1.437477
        ],
        [
          0.0,
          0.0,
          0.0,
          1.0
        ]
      ]
    },
    {
      "file_path": "/media/NFS/ttao/scannet/posed_images/scene0639_00/00033.jpg",
      "transform_matrix": [
        [
          0.77831,
          -0.409724,
          0.475773,
          0.720731
        ],
        [
          -0.621046,
          -0.390865,
          0.679357,
          1.850847
        ],
        [
          -0.092386,
          -0.824227,
          -0.558672,
          1.438196
        ],
        [
          0.0,
          0.0,
          0.0,
          1.0
        ]
      ]
    },
    {
      "file_path": "/media/NFS/ttao/scannet/posed_images/scene0639_00/00036.jpg",
      "transform_matrix": [
        [
          0.775281,
          -0.405775,
          0.484032,
          0.724064
        ],
        [
          -0.624937,
          -0.381646,
          0.681028,
          1.848531
        ],
        [
          -0.091615,
          -0.830478,
          -0.549466,
          1.440413
        ],
        [
          0.0,
          0.0,
          0.0,
          1.0
        ]
      ]
    },
    {
      "file_path": "/media/NFS/ttao/scannet/posed_images/scene0639_00/00038.jpg",
      "transform_matrix": [
        [
          0.768199,
          -0.404661,
          0.496105,
          0.727924
        ],
        [
          -0.633811,
          -0.371411,
          0.678481,
          1.847023
        ],
        [
          -0.090296,
          -0.835645,
          -0.541796,
          1.44145
        ],
        [
          0.0,
          0.0,
          0.0,
          1.0
        ]
      ]
    },
    {
      "file_path": "/media/NFS/ttao/scannet/posed_images/scene0639_00/00039.jpg",
      "transform_matrix": [
        [
          0.76506,
          -0.406703,
          0.499275,
          0.730419
        ],
        [
          -0.637344,
          -0.36738,
          0.677366,
          1.846517
        ],
        [
          -0.092064,
          -0.836436,
          -0.540277,
          1.442211
        ],
        [
          0.0,
          0.0,
          0.0,
          1.0
        ]
      ]
    },
    {
      "file_path": "/media/NFS/ttao/scannet/posed_images/scene0639_00/00042.jpg",
      "transform_matrix": [
        [
          0.755017,
          -0.408452,
          0.512948,
          0.738997
        ],
        [
          -0.648597,
          -0.350348,
          0.675706,
          1.843668
        ],
        [
          -0.096283,
          -0.842866,
          -0.529439,
          1.44433
        ],
        [
          0.0,
          0.0,
          0.0,
          1.0
        ]
      ]
    },
    {
      "file_path": "/media/NFS/ttao/scannet/posed_images/scene0639_00/00044.jpg",
      "transform_matrix": [
        [
          0.746997,
          -0.408879,
          0.524227,
          0.743888
        ],
        [
          -0.657253,
          -0.335485,
          0.674884,
          1.842668
        ],
        [
          -0.100076,
          -0.848686,
          -0.519343,
          1.445585
        ],
        [
          0.0,
          0.0,
          0.0,
          1.0
        ]
      ]
    },
    {
      "file_path": "/media/NFS/ttao/scannet/posed_images/scene0639_00/00045.jpg",
      "transform_matrix": [
        [
          0.74326,
          -0.410091,
          0.528574,
          0.74657
        ],
        [
          -0.661043,
          -0.328666,
          0.674537,
          1.842679
        ],
        [
          -0.102897,
          -0.850767,
          -0.515372,
          1.446469
        ],
        [
          0.0,
          0.0,
          0.0,
          1.0
        ]
      ]
    },
    {
      "file_path": "/media/NFS/ttao/scannet/posed_images/scene0639_00/00048.jpg",
      "transform_matrix": [
        [
          0.737683,
          -0.404654,
          0.540443,
          0.750942
        ],
        [
          -0.666782,
          -0.311042,
          0.67724,
          1.840819
        ],
        [
          -0.105947,
          -0.859947,
          -0.499266,
          1.446936
        ],
        [
          0.0,
          0.0,
          0.0,
          1.0
        ]
      ]
    },
    {
      "file_path": "/media/NFS/ttao/scannet/posed_images/scene0639_00/00050.jpg",
      "transform_matrix": [
        [
          0.734146,
          -0.406125,
          0.544143,
          0.75398
        ],
        [
          -0.670396,
          -0.306444,
          0.675767,
          1.840839
        ],
        [
          -0.107696,
          -0.860904,
          -0.497239,
          1.44669
        ],
        [
          0.0,
          0.0,
          0.0,
          1.0
        ]
      ]
    },
    {
      "file_path": "/media/NFS/ttao/scannet/posed_images/scene0639_00/00051.jpg",
      "transform_matrix": [
        [
          0.731595,
          -0.408762,
          0.545603,
          0.756901
        ],
        [
          -0.673133,
          -0.306353,
          0.673082,
          1.842529
        ],
        [
          -0.107983,
          -0.859687,
          -0.499278,
          1.448001
        ],
        [
          0.0,
          0.0,
          0.0,
          1.0
        ]
      ]
    },
    {
      "file_path": "/media/NFS/ttao/scannet/posed_images/scene0639_00/00054.jpg",
      "transform_matrix": [
        [
          0.723944,
          -0.425255,
          0.543198,
          0.759061
        ],
        [
          -0.681202,
          -0.316319,
          0.660232,
          1.847865
        ],
        [
          -0.108943,
          -0.847998,
          -0.518682,
          1.434348
        ],
        [
          0.0,
          0.0,
          0.0,
          1.0
        ]
      ]
    },
    {
      "file_path": "/media/NFS/ttao/scannet/posed_images/scene0639_00/00057.jpg",
      "transform_matrix": [
        [
          0.717181,
          -0.441308,
          0.53935,
          0.767443
        ],
        [
          -0.689337,
          -0.335628,
          0.642003,
          1.859967
        ],
        [
          -0.1023,
          -0.832227,
          -0.544916,
          1.427967
        ],
        [
          0.0,
          0.0,
          0.0,
          1.0
        ]
      ]
    },
    {
      "file_path": "/media/NFS/ttao/scannet/posed_images/scene0639_00/00058.jpg",
      "transform_matrix": [
        [
          0.70848,
          -0.448693,
          0.544731,
          0.77266
        ],
        [
          -0.698428,
          -0.335021,
          0.632423,
          1.864907
        ],
        [
          -0.101268,
          -0.828514,
          -0.550735,
          1.426247
        ],
        [
          0.0,
          0.0,
          0.0,
          1.0
        ]
      ]
    },
    {
      "file_path": "/media/NFS/ttao/scannet/posed_images/scene0639_00/00060.jpg",
      "transform_matrix": [
        [
          0.684983,
          -0.468192,
          0.558207,
          0.782589
        ],
        [
          -0.721526,
          -0.329735,
          0.608831,
          1.876003
        ],
        [
          -0.10099,
          -0.819799,
          -0.563676,
          1.423847
        ],
        [
          0.0,
          0.0,
          0.0,
          1.0
        ]
      ]
    },
    {
      "file_path": "/media/NFS/ttao/scannet/posed_images/scene0639_00/00063.jpg",
      "transform_matrix": [
        [
          0.650442,
          -0.485501,
          0.584135,
          0.795689
        ],
        [
          -0.752997,
          -0.311317,
          0.579722,
          1.894323
        ],
        [
          -0.099605,
          -0.816927,
          -0.568075,
          1.42278
        ],
        [
          0.0,
          0.0,
          0.0,
          1.0
        ]
      ]
    },
    {
      "file_path": "/media/NFS/ttao/scannet/posed_images/scene0639_00/00065.jpg",
      "transform_matrix": [
        [
          0.63174,
          -0.496903,
          0.594972,
          0.800182
        ],
        [
          -0.768004,
          -0.297011,
          0.56741,
          1.906821
        ],
        [
          -0.105235,
          -0.815397,
          -0.569257,
          1.421257
        ],
        [
          0.0,
          0.0,
          0.0,
          1.0
        ]
      ]
    },
    {
      "file_path": "/media/NFS/ttao/scannet/posed_images/scene0639_00/00066.jpg",
      "transform_matrix": [
        [
          0.624385,
          -0.50255,
          0.597986,
          0.802523
        ],
        [
          -0.773593,
          -0.291845,
          0.562477,
          1.913304
        ],
        [
          -0.108154,
          -0.8138,
          -0.570993,
          1.420179
        ],
        [
          0.0,
          0.0,
          0.0,
          1.0
        ]
      ]
    },
    {
      "file_path": "/media/NFS/ttao/scannet/posed_images/scene0639_00/00068.jpg",
      "transform_matrix": [
        [
          0.596922,
          -0.518508,
          0.612236,
          0.809946
        ],
        [
          -0.794306,
          -0.274487,
          0.541973,
          1.935009
        ],
        [
          -0.112967,
          -0.809819,
          -0.575701,
          1.415853
        ],
        [
          0.0,
          0.0,
          0.0,
          1.0
        ]
      ]
    },
    {
      "file_path": "/media/NFS/ttao/scannet/posed_images/scene0639_00/00071.jpg",
      "transform_matrix": [
        [
          0.563889,
          -0.545013,
          0.620476,
          0.823061
        ],
        [
          -0.817733,
          -0.263388,
          0.511801,
          1.960299
        ],
        [
          -0.115513,
          -0.795982,
          -0.594196,
          1.417604
        ],
        [
          0.0,
          0.0,
          0.0,
          1.0
        ]
      ]
    },
    {
      "file_path": "/media/NFS/ttao/scannet/posed_images/scene0639_00/00072.jpg",
      "transform_matrix": [
        [
          0.554092,
          -0.544863,
          0.62937,
          0.822611
        ],
        [
          -0.824638,
          -0.255893,
          0.50447,
          1.966769
        ],
        [
          -0.113816,
          -0.798526,
          -0.591103,
          1.412641
        ],
        [
          0.0,
          0.0,
          0.0,
          1.0
        ]
      ]
    },
    {
      "file_path": "/media/NFS/ttao/scannet/posed_images/scene0639_00/00075.jpg",
      "transform_matrix": [
        [
          0.52696,
          -0.55808,
          0.640983,
          0.829174
        ],
        [
          -0.843248,
          -0.249216,
          0.476261,
          1.990565
        ],
        [
          -0.106049,
          -0.791478,
          -0.601927,
          1.401745
        ],
        [
          0.0,
          0.0,
          0.0,
          1.0
        ]
      ]
    },
    {
      "file_path": "/media/NFS/ttao/scannet/posed_images/scene0639_00/00077.jpg",
      "transform_matrix": [
        [
          0.509851,
          -0.568299,
          0.645824,
          0.836489
        ],
        [
          -0.855228,
          -0.253737,
          0.451888,
          2.006798
        ],
        [
          -0.092938,
          -0.782722,
          -0.615393,
          1.392212
        ],
        [
          0.0,
          0.0,
          0.0,
          1.0
        ]
      ]
    },
    {
      "file_path": "/media/NFS/ttao/scannet/posed_images/scene0639_00/00078.jpg",
      "transform_matrix": [
        [
          0.501901,
          -0.573152,
          0.647759,
          0.844406
        ],
        [
          -0.860631,
          -0.256408,
          0.439964,
          2.015346
        ],
        [
          -0.086076,
          -0.7783,
          -0.621964,
          1.391093
        ],
        [
          0.0,
          0.0,
          0.0,
          1.0
        ]
      ]
    },
    {
      "file_path": "/media/NFS/ttao/scannet/posed_images/scene0639_00/00080.jpg",
      "transform_matrix": [
        [
          0.481334,
          -0.590269,
          0.647997,
          0.866308
        ],
        [
          -0.872685,
          -0.253475,
          0.417339,
          2.033937
        ],
        [
          -0.082092,
          -0.766376,
          -0.637125,
          1.392587
        ],
        [
          0.0,
          0.0,
          0.0,
          1.0
        ]
      ]
    },
    {
      "file_path": "/media/NFS/ttao/scannet/posed_images/scene0639_00/00083.jpg",
      "transform_matrix": [
        [
          0.452954,
          -0.601431,
          0.658113,
          0.892922
        ],
        [
          -0.887566,
          -0.23464,
          0.396447,
          2.05817
        ],
        [
          -0.084016,
          -0.763692,
          -0.640091,
          1.385121
        ],
        [
          0.0,
          0.0,
          0.0,
          1.0
        ]
      ]
    },
    {
      "file_path": "/media/NFS/ttao/scannet/posed_images/scene0639_00/00085.jpg",
      "transform_matrix": [
        [
          0.433846,
          -0.596227,
          0.675493,
          0.909498
        ],
        [
          -0.897832,
          -0.223406,
          0.379456,
          2.071171
        ],
        [
          -0.075332,
          -0.771105,
          -0.632236,
          1.375291
        ],
        [
          0.0,
          0.0,
          0.0,
          1.0
        ]
      ]
    },
    {
      "file_path": "/media/NFS/ttao/scannet/posed_images/scene0639_00/00088.jpg",
      "transform_matrix": [
        [
          0.394244,
          -0.626434,
          0.672423,
          0.941896
        ],
        [
          -0.916027,
          -0.209,
          0.342363,
          2.093304
        ],
        [
          -0.073932,
          -0.750932,
          -0.656228,
          1.368608
        ],
        [
          0.0,
          0.0,
          0.0,
          1.0
        ]
      ]
    },
    {
      "file_path": "/media/NFS/ttao/scannet/posed_images/scene0639_00/00090.jpg",
      "transform_matrix": [
        [
          0.368312,
          -0.633039,
          0.680887,
          0.962015
        ],
        [
          -0.926778,
          -0.191962,
          0.32285,
          2.104345
        ],
        [
          -0.073672,
          -0.749942,
          -0.657389,
          1.368615
        ],
        [
          0.0,
          0.0,
          0.0,
          1.0
        ]
      ]
    },
    {
      "file_path": "/media/NFS/ttao/scannet/posed_images/scene0639_00/00092.jpg",
      "transform_matrix": [
        [
          0.339887,
          -0.644951,
          0.684482,
          0.977712
        ],
        [
          -0.937254,
          -0.172185,
          0.303163,
          2.114731
        ],
        [
          -0.077667,
          -0.744574,
          -0.663006,
          1.366939
        ],
        [
          0.0,
          0.0,
          0.0,
          1.0
        ]
      ]
    },
    {
      "file_path": "/media/NFS/ttao/scannet/posed_images/scene0639_00/00094.jpg",
      "transform_matrix": [
        [
          0.307837,
          -0.663631,
          0.681785,
          0.990253
        ],
        [
          -0.947503,
          -0.148711,
          0.283061,
          2.125489
        ],
        [
          -0.086459,
          -0.73313,
          -0.674571,
          1.366215
        ],
        [
          0.0,
          0.0,
          0.0,
          1.0
        ]
      ]
    },
    {
      "file_path": "/media/NFS/ttao/scannet/posed_images/scene0639_00/00095.jpg",
      "transform_matrix": [
        [
          0.295629,
          -0.670482,
          0.680483,
          0.996203
        ],
        [
          -0.951252,
          -0.141079,
          0.274255,
          2.129618
        ],
        [
          -0.087881,
          -0.728389,
          -0.679505,
          1.366661
        ],
        [
          0.0,
          0.0,
          0.0,
          1.0
        ]
      ]
    },
    {
      "file_path": "/media/NFS/ttao/scannet/posed_images/scene0639_00/00098.jpg",
      "transform_matrix": [
        [
          0.247259,
          -0.675156,
          0.695001,
          1.007619
        ],
        [
          -0.966001,
          -0.115853,
          0.231127,
          2.143104
        ],
        [
          -0.075529,
          -0.72852,
          -0.680848,
          1.363264
        ],
        [
          0.0,
          0.0,
          0.0,
          1.0
        ]
      ]
    },
    {
      "file_path": "/media/NFS/ttao/scannet/posed_images/scene0639_00/00100.jpg",
      "transform_matrix": [
        [
          0.208346,
          -0.682849,
          0.700221,
          1.013497
        ],
        [
          -0.975572,
          -0.094104,
          0.198505,
          2.154267
        ],
        [
          -0.069655,
          -0.724474,
          -0.685774,
          1.362763
        ],
        [
          0.0,
          0.0,
          0.0,
          1.0
        ]
      ]
    },
    {
      "file_path": "/media/NFS/ttao/scannet/posed_images/scene0639_00/00101.jpg",
      "transform_matrix": [
        [
          0.190966,
          -0.685439,
          0.702642,
          1.015107
        ],
        [
          -0.979234,
          -0.083394,
          0.184787,
          2.159125
        ],
        [
          -0.068064,
          -0.723339,
          -0.68713,
          1.362046
        ],
        [
          0.0,
          0.0,
          0.0,
          1.0
        ]
      ]
    },
    {
      "file_path": "/media/NFS/ttao/scannet/posed_images/scene0639_00/00104.jpg",
      "transform_matrix": [
        [
          0.123929,
          -0.699613,
          0.703693,
          1.019395
        ],
        [
          -0.989975,
          -0.038753,
          0.135818,
          2.176805
        ],
        [
          -0.06775,
          -0.71347,
          -0.697402,
          1.360728
        ],
        [
          0.0,
          0.0,
          0.0,
          1.0
        ]
      ]
    },
    {
      "file_path": "/media/NFS/ttao/scannet/posed_images/scene0639_00/00106.jpg",
      "transform_matrix": [
        [
          0.073744,
          -0.711026,
          0.699288,
          1.02093
        ],
        [
          -0.994637,
          -0.001454,
          0.103412,
          2.190501
        ],
        [
          -0.072512,
          -0.703164,
          -0.70732,
          1.359919
        ],
        [
          0.0,
          0.0,
          0.0,
          1.0
        ]
      ]
    },
    {
      "file_path": "/media/NFS/ttao/scannet/posed_images/scene0639_00/00107.jpg",
      "transform_matrix": [
        [
          0.030786,
          -0.719328,
          0.693988,
          1.0252
        ],
        [
          -0.996784,
          0.029301,
          0.074589,
          2.201362
        ],
        [
          -0.073989,
          -0.694052,
          -0.716112,
          1.362883
        ],
        [
          0.0,
          0.0,
          0.0,
          1.0
        ]
      ]
    },
    {
      "file_path": "/media/NFS/ttao/scannet/posed_images/scene0639_00/00111.jpg",
      "transform_matrix": [
        [
          -0.055023,
          -0.705392,
          0.706679,
          1.025474
        ],
        [
          -0.996222,
          0.086408,
          0.008683,
          2.218057
        ],
        [
          -0.067188,
          -0.703531,
          -0.707481,
          1.365468
        ],
        [
          0.0,
          0.0,
          0.0,
          1.0
        ]
      ]
    },
    {
      "file_path": "/media/NFS/ttao/scannet/posed_images/scene0639_00/00112.jpg",
      "transform_matrix": [
        [
          -0.075467,
          -0.700385,
          0.709764,
          1.024644
        ],
        [
          -0.994763,
          0.102086,
          -0.005033,
          2.220438
        ],
        [
          -0.068932,
          -0.706427,
          -0.704421,
          1.366223
        ],
        [
          0.0,
          0.0,
          0.0,
          1.0
        ]
      ]
    },
    {
      "file_path": "/media/NFS/ttao/scannet/posed_images/scene0639_00/00115.jpg",
      "transform_matrix": [
        [
          -0.140441,
          -0.683467,
          0.716345,
          1.022622
        ],
        [
          -0.98683,
          0.155279,
          -0.045319,
          2.224826
        ],
        [
          -0.080259,
          -0.713275,
          -0.696273,
          1.370046
        ],
        [
          0.0,
          0.0,
          0.0,
          1.0
        ]
      ]
    },
    {
      "file_path": "/media/NFS/ttao/scannet/posed_images/scene0639_00/00116.jpg",
      "transform_matrix": [
        [
          -0.162306,
          -0.680322,
          0.714716,
          1.021699
        ],
        [
          -0.983219,
          0.172642,
          -0.058947,
          2.225357
        ],
        [
          -0.083287,
          -0.71229,
          -0.696926,
          1.370692
        ],
        [
          0.0,
          0.0,
          0.0,
          1.0
        ]
      ]
    },
    {
      "file_path": "/media/NFS/ttao/scannet/posed_images/scene0639_00/00118.jpg",
      "transform_matrix": [
        [
          -0.202697,
          -0.673938,
          0.710437,
          1.01961
        ],
        [
          -0.975641,
          0.201146,
          -0.087552,
          2.223329
        ],
        [
          -0.083897,
          -0.710878,
          -0.698293,
          1.371892
        ],
        [
          0.0,
          0.0,
          0.0,
          1.0
        ]
      ]
    },
    {
      "file_path": "/media/NFS/ttao/scannet/posed_images/scene0639_00/00121.jpg",
      "transform_matrix": [
        [
          -0.249984,
          -0.664621,
          0.704122,
          1.014529
        ],
        [
          -0.965352,
          0.227298,
          -0.128183,
          2.22078
        ],
        [
          -0.074852,
          -0.711769,
          -0.698414,
          1.371626
        ],
        [
          0.0,
          0.0,
          0.0,
          1.0
        ]
      ]
    },
    {
      "file_path": "/media/NFS/ttao/scannet/posed_images/scene0639_00/00122.jpg",
      "transform_matrix": [
        [
          -0.265482,
          -0.660058,
          0.702739,
          1.013076
        ],
        [
          -0.961365,
          0.236255,
          -0.14128,
          2.216792
        ],
        [
          -0.072773,
          -0.713096,
          -0.697279,
          1.371662
        ],
        [
          0.0,
          0.0,
          0.0,
          1.0
        ]
      ]
    },
    {
      "file_path": "/media/NFS/ttao/scannet/posed_images/scene0639_00/00124.jpg",
      "transform_matrix": [
        [
          -0.298793,
          -0.652191,
          0.696685,
          1.010551
        ],
        [
          -0.951348,
          0.261112,
          -0.163576,
          2.209292
        ],
        [
          -0.07523,
          -0.711665,
          -0.698479,
          1.370989
        ],
        [
          0.0,
          0.0,
          0.0,
          1.0
        ]
      ]
    },
    {
      "file_path": "/media/NFS/ttao/scannet/posed_images/scene0639_00/00127.jpg",
      "transform_matrix": [
        [
          -0.343888,
          -0.643859,
          0.683511,
          1.012293
        ],
        [
          -0.936023,
          0.293064,
          -0.194869,
          2.191159
        ],
        [
          -0.074845,
          -0.706795,
          -0.703448,
          1.373251
        ],
        [
          0.0,
          0.0,
          0.0,
          1.0
        ]
      ]
    },
    {
      "file_path": "/media/NFS/ttao/scannet/posed_images/scene0639_00/00128.jpg",
      "transform_matrix": [
        [
          -0.358412,
          -0.63887,
          0.680724,
          1.013328
        ],
        [
          -0.930665,
          0.301926,
          -0.206647,
          2.182939
        ],
        [
          -0.073508,
          -0.707591,
          -0.702788,
          1.374542
        ],
        [
          0.0,
          0.0,
          0.0,
          1.0
        ]
      ]
    },
    {
      "file_path": "/media/NFS/ttao/scannet/posed_images/scene0639_00/00130.jpg",
      "transform_matrix": [
        [
          -0.382813,
          -0.626728,
          0.678725,
          1.013736
        ],
        [
          -0.920775,
          0.318501,
          -0.225232,
          2.168786
        ],
        [
          -0.075015,
          -0.711175,
          -0.699002,
          1.376578
        ],
        [
          0.0,
          0.0,
          0.0,
          1.0
        ]
      ]
    },
    {
      "file_path": "/media/NFS/ttao/scannet/posed_images/scene0639_00/00132.jpg",
      "transform_matrix": [
        [
          -0.402058,
          -0.616504,
          0.676958,
          1.014225
        ],
        [
          -0.912042,
          0.3349,
          -0.236687,
          2.152916
        ],
        [
          -0.080795,
          -0.712577,
          -0.696927,
          1.379294
        ],
        [
          0.0,
          0.0,
          0.0,
          1.0
        ]
      ]
    },
    {
      "file_path": "/media/NFS/ttao/scannet/posed_images/scene0639_00/00134.jpg",
      "transform_matrix": [
        [
          -0.415474,
          -0.607982,
          0.676565,
          1.01321
        ],
        [
          -0.905378,
          0.348036,
          -0.243231,
          2.134209
        ],
        [
          -0.087589,
          -0.713603,
          -0.695053,
          1.381177
        ],
        [
          0.0,
          0.0,
          0.0,
          1.0
        ]
      ]
    },
    {
      "file_path": "/media/NFS/ttao/scannet/posed_images/scene0639_00/00138.jpg",
      "transform_matrix": [
        [
          -0.436874,
          -0.595992,
          0.673746,
          1.011604
        ],
        [
          -0.894588,
          0.366215,
          -0.256122,
          2.096274
        ],
        [
          -0.094089,
          -0.714619,
          -0.693157,
          1.381117
        ],
        [
          0.0,
          0.0,
          0.0,
          1.0
        ]
      ]
    },
    {
      "file_path": "/media/NFS/ttao/scannet/posed_images/scene0639_00/00140.jpg",
      "transform_matrix": [
        [
          -0.443029,
          -0.594914,
          0.670673,
          1.012122
        ],
        [
          -0.891328,
          0.372591,
          -0.258285,
          2.070621
        ],
        [
          -0.09623,
          -0.712217,
          -0.695332,
          1.381435
        ],
        [
          0.0,
          0.0,
          0.0,
          1.0
        ]
      ]
    },
    {
      "file_path": "/media/NFS/ttao/scannet/posed_images/scene0639_00/00142.jpg",
      "transform_matrix": [
        [
          -0.455202,
          -0.589748,
          0.667075,
          1.014299
        ],
        [
          -0.884996,
          0.382007,
          -0.266184,
          2.049682
        ],
        [
          -0.097846,
          -0.711526,
          -0.695814,
          1.380625
        ],
        [
          0.0,
          0.0,
          0.0,
          1.0
        ]
      ]
    },
    {
      "file_path": "/media/NFS/ttao/scannet/posed_images/scene0639_00/00144.jpg",
      "transform_matrix": [
        [
          -0.465717,
          -0.584832,
          0.664138,
          1.015471
        ],
        [
          -0.878992,
          0.392536,
          -0.270718,
          2.024056
        ],
        [
          -0.102374,
          -0.70985,
          -0.696874,
          1.380796
        ],
        [
          0.0,
          0.0,
          0.0,
          1.0
        ]
      ]
    },
    {
      "file_path": "/media/NFS/ttao/scannet/posed_images/scene0639_00/00146.jpg",
      "transform_matrix": [
        [
          -0.475609,
          -0.578358,
          0.662795,
          1.015848
        ],
        [
          -0.873114,
          0.402102,
          -0.275655,
          1.99927
        ],
        [
          -0.107084,
          -0.7098,
          -0.696216,
          1.380847
        ],
        [
          0.0,
          0.0,
          0.0,
          1.0
        ]
      ]
    },
    {
      "file_path": "/media/NFS/ttao/scannet/posed_images/scene0639_00/00147.jpg",
      "transform_matrix": [
        [
          -0.479105,
          -0.574643,
          0.663509,
          1.014248
        ],
        [
          -0.87072,
          0.406673,
          -0.276521,
          1.986488
        ],
        [
          -0.11093,
          -0.710213,
          -0.695192,
          1.380632
        ],
        [
          0.0,
          0.0,
          0.0,
          1.0
        ]
      ]
    },
    {
      "file_path": "/media/NFS/ttao/scannet/posed_images/scene0639_00/00149.jpg",
      "transform_matrix": [
        [
          -0.481616,
          -0.568117,
          0.6673,
          1.009356
        ],
        [
          -0.868598,
          0.410694,
          -0.277249,
          1.958608
        ],
        [
          -0.116546,
          -0.713143,
          -0.691262,
          1.380403
        ],
        [
          0.0,
          0.0,
          0.0,
          1.0
        ]
      ]
    },
    {
      "file_path": "/media/NFS/ttao/scannet/posed_images/scene0639_00/00151.jpg",
      "transform_matrix": [
        [
          -0.489243,
          -0.56327,
          0.665859,
          1.005604
        ],
        [
          -0.862985,
          0.423031,
          -0.276228,
          1.924051
        ],
        [
          -0.126088,
          -0.709769,
          -0.693058,
          1.379446
        ],
        [
          0.0,
          0.0,
          0.0,
          1.0
        ]
      ]
    },
    {
      "file_path": "/media/NFS/ttao/scannet/posed_images/scene0639_00/00153.jpg",
      "transform_matrix": [
        [
          -0.511857,
          -0.553234,
          0.657218,
          1.00085
        ],
        [
          -0.846889,
          0.453332,
          -0.277972,
          1.880394
        ],
        [
          -0.144154,
          -0.698872,
          -0.700569,
          1.375313
        ],
        [
          0.0,
          0.0,
          0.0,
          1.0
        ]
      ]
    },
    {
      "file_path": "/media/NFS/ttao/scannet/posed_images/scene0639_00/00155.jpg",
      "transform_matrix": [
        [
          -0.525599,
          -0.547698,
          0.650978,
          0.996425
        ],
        [
          -0.837766,
          0.466311,
          -0.284082,
          1.853785
        ],
        [
          -0.147967,
          -0.69468,
          -0.703936,
          1.371855
        ],
        [
          0.0,
          0.0,
          0.0,
          1.0
        ]
      ]
    },
    {
      "file_path": "/media/NFS/ttao/scannet/posed_images/scene0639_00/00158.jpg",
      "transform_matrix": [
        [
          -0.539567,
          -0.537651,
          0.647919,
          0.987305
        ],
        [
          -0.826605,
          0.4845,
          -0.286327,
          1.815927
        ],
        [
          -0.159973,
          -0.690066,
          -0.705846,
          1.367816
        ],
        [
          0.0,
          0.0,
          0.0,
          1.0
        ]
      ]
    },
    {
      "file_path": "/media/NFS/ttao/scannet/posed_images/scene0639_00/00160.jpg",
      "transform_matrix": [
        [
          -0.544946,
          -0.533535,
          0.646819,
          0.980543
        ],
        [
          -0.819805,
          0.500907,
          -0.277509,
          1.793802
