{
  "frames": [
    {
      "file_path": "/media/NFS/ttao/scannet/posed_images/scene0523_01/00000.jpg",
      "transform_matrix": [
        [
          0.927962,
          0.22448,
          -0.297483,
          1.58226
        ],
        [
          0.372149,
          -0.600596,
          0.707665,
          1.385594
        ],
        [
          -0.01981,
          -0.767394,
          -0.64087,
          1.229012
        ],
        [
          0.0,
          0.0,
          0.0,
          1.0
        ]
      ]
    },
    {
      "file_path": "/media/NFS/ttao/scannet/posed_images/scene0523_01/00005.jpg",
      "transform_matrix": [
        [
          0.917047,
          0.247609,
          -0.312593,
          1.621096
        ],
        [
          0.398439,
          -0.601278,
          0.692612,
          1.388241
        ],
        [
          -0.016459,
          -0.759707,
          -0.650058,
          1.224586
        ],
        [
          0.0,
          0.0,
          0.0,
          1.0
        ]
      ]
    },
    {
      "file_path": "/media/NFS/ttao/scannet/posed_images/scene0523_01/00014.jpg",
      "transform_matrix": [
        [
          0.86296,
          0.291854,
          -0.412457,
          1.692868
        ],
        [
          0.503059,
          -0.572599,
          0.64735,
          1.39762
        ],
        [
          -0.04724,
          -0.766127,
          -0.64095,
          1.221307
        ],
        [
          0.0,
          0.0,
          0.0,
          1.0
        ]
      ]
    },
    {
      "file_path": "/media/NFS/ttao/scannet/posed_images/scene0523_01/00017.jpg",
      "transform_matrix": [
        [
          0.818966,
          0.322011,
          -0.474978,
          1.724585
        ],
        [
          0.56963,
          -0.556295,
          0.605027,
          1.399672
        ],
        [
          -0.069402,
          -0.766058,
          -0.639014,
          1.206956
        ],
        [
          0.0,
          0.0,
          0.0,
          1.0
        ]
      ]
    },
    {
      "file_path": "/media/NFS/ttao/scannet/posed_images/scene0523_01/00026.jpg",
      "transform_matrix": [
        [
          0.773066,
          0.376124,
          -0.510784,
          1.772609
        ],
        [
          0.624737,
          -0.590946,
          0.510379,
          1.406129
        ],
        [
          -0.10988,
          -0.713661,
          -0.691819,
          1.164117
        ],
        [
          0.0,
          0.0,
          0.0,
          1.0
        ]
      ]
    },
    {
      "file_path": "/media/NFS/ttao/scannet/posed_images/scene0523_01/00031.jpg",
      "transform_matrix": [
        [
          0.758642,
          0.388342,
          -0.523119,
          1.789275
        ],
        [
          0.639266,
          -0.598627,
          0.482685,
          1.409888
        ],
        [
          -0.125706,
          -0.700597,
          -0.702397,
          1.155759
        ],
        [
          0.0,
          0.0,
          0.0,
          1.0
        ]
      ]
    },
    {
      "file_path": "/media/NFS/ttao/scannet/posed_images/scene0523_01/00033.jpg",
      "transform_matrix": [
        [
          0.763588,
          0.385985,
          -0.517638,
          1.792295
        ],
        [
          0.634184,
          -0.599062,
          0.48881,
          1.410461
        ],
        [
          -0.121424,
          -0.701527,
          -0.702222,
          1.156731
        ],
        [
          0.0,
          0.0,
          0.0,
          1.0
        ]
      ]
    },
    {
      "file_path": "/media/NFS/ttao/scannet/posed_images/scene0523_01/00043.jpg",
      "transform_matrix": [
        [
          0.771846,
          0.393523,
          -0.499393,
          1.794175
        ],
        [
          0.633556,
          -0.542098,
          0.552029,
          1.405894
        ],
        [
          -0.053484,
          -0.742475,
          -0.667735,
          1.177581
        ],
        [
          0.0,
          0.0,
          0.0,
          1.0
        ]
      ]
    },
    {
      "file_path": "/media/NFS/ttao/scannet/posed_images/scene0523_01/00045.jpg",
      "transform_matrix": [
        [
          0.771083,
          0.40309,
          -0.4929,
          1.793668
        ],
        [
          0.635728,
          -0.530875,
          0.560375,
          1.405781
        ],
        [
          -0.035787,
          -0.745446,
          -0.665604,
          1.179621
        ],
        [
          0.0,
          0.0,
          0.0,
          1.0
        ]
      ]
    },
    {
      "file_path": "/media/NFS/ttao/scannet/posed_images/scene0523_01/00052.jpg",
      "transform_matrix": [
        [
          0.787029,
          0.400848,
          -0.468942,
          1.775125
        ],
        [
          0.616905,
          -0.506824,
          0.602128,
          1.403556
        ],
        [
          0.003691,
          -0.763185,
          -0.64617,
          1.196363
        ],
        [
          0.0,
          0.0,
          0.0,
          1.0
        ]
      ]
    },
    {
      "file_path": "/media/NFS/ttao/scannet/posed_images/scene0523_01/00057.jpg",
      "transform_matrix": [
        [
          0.826287,
          0.365071,
          -0.428921,
          1.745547
        ],
        [
          0.563108,
          -0.518352,
          0.643599,
          1.398541
        ],
        [
          0.012627,
          -0.773327,
          -0.633882,
          1.207453
        ],
        [
          0.0,
          0.0,
          0.0,
          1.0
        ]
      ]
    },
    {
      "file_path": "/media/NFS/ttao/scannet/posed_images/scene0523_01/00062.jpg",
      "transform_matrix": [
        [
          0.88057,
          0.312289,
          -0.356472,
          1.693669
        ],
        [
          0.473903,
          -0.574692,
          0.667192,
          1.391106
        ],
        [
          0.003495,
          -0.756442,
          -0.654051,
          1.213907
        ],
        [
          0.0,
          0.0,
          0.0,
          1.0
        ]
      ]
    },
    {
      "file_path": "/media/NFS/ttao/scannet/posed_images/scene0523_01/00071.jpg",
      "transform_matrix": [
        [
          0.968253,
          0.195676,
          -0.155552,
          1.533379
        ],
        [
          0.244181,
          -0.607219,
          0.756083,
          1.35631
        ],
        [
          0.053493,
          -0.770062,
          -0.635722,
          1.225097
        ],
        [
          0.0,
          0.0,
          0.0,
          1.0
        ]
      ]
    },
    {
      "file_path": "/media/NFS/ttao/scannet/posed_images/scene0523_01/00076.jpg",
      "transform_matrix": [
        [
          0.988892,
          0.108653,
          -0.101422,
          1.437744
        ],
        [
          0.147474,
          -0.63219,
          0.760649,
          1.331325
        ],
        [
          0.018529,
          -0.767157,
          -0.641191,
          1.227765
        ],
        [
          0.0,
          0.0,
          0.0,
          1.0
        ]
      ]
    },
    {
      "file_path": "/media/NFS/ttao/scannet/posed_images/scene0523_01/00083.jpg",
      "transform_matrix": [
        [
          0.99624,
          0.05743,
          -0.064871,
          1.35699
        ],
        [
          0.086611,
          -0.640946,
          0.762684,
          1.297481
        ],
        [
          0.002222,
          -0.765434,
          -0.64351,
          1.243001
        ],
        [
          0.0,
          0.0,
          0.0,
          1.0
        ]
      ]
    },
    {
      "file_path": "/media/NFS/ttao/scannet/posed_images/scene0523_01/00090.jpg",
      "transform_matrix": [
        [
          0.999187,
          0.039946,
          -0.005438,
          1.34081
        ],
        [
          0.029985,
          -0.646205,
          0.762575,
          1.280906
        ],
        [
          0.026948,
          -0.762118,
          -0.646877,
          1.245792
        ],
        [
          0.0,
          0.0,
          0.0,
          1.0
        ]
      ]
    },
    {
      "file_path": "/media/NFS/ttao/scannet/posed_images/scene0523_01/00095.jpg",
      "transform_matrix": [
        [
          0.99975,
          0.01338,
          -0.017904,
          1.3521
        ],
        [
          0.022298,
          -0.651829,
          0.758038,
          1.267038
        ],
        [
          -0.001528,
          -0.758248,
          -0.651965,
          1.242846
        ],
        [
          0.0,
          0.0,
          0.0,
          1.0
        ]
      ]
    },
    {
      "file_path": "/media/NFS/ttao/scannet/posed_images/scene0523_01/00100.jpg",
      "transform_matrix": [
        [
          0.999855,
          -0.002251,
          -0.016869,
          1.3624
        ],
        [
          0.010937,
          -0.674494,
          0.738199,
          1.258064
        ],
        [
          -0.01304,
          -0.738277,
          -0.674372,
          1.238522
        ],
        [
          0.0,
          0.0,
          0.0,
          1.0
        ]
      ]
    },
    {
      "file_path": "/media/NFS/ttao/scannet/posed_images/scene0523_01/00102.jpg",
      "transform_matrix": [
        [
          0.9999,
          -0.007341,
          -0.012077,
          1.363233
        ],
        [
          0.003824,
          -0.682109,
          0.73124,
          1.255332
        ],
        [
          -0.013606,
          -0.731213,
          -0.682013,
          1.237442
        ],
        [
          0.0,
          0.0,
          0.0,
          1.0
        ]
      ]
    },
    {
      "file_path": "/media/NFS/ttao/scannet/posed_images/scene0523_01/00113.jpg",
      "transform_matrix": [
        [
          0.992925,
          -0.071427,
          0.094854,
          1.337897
        ],
        [
          -0.118238,
          -0.668118,
          0.7346,
          1.248848
        ],
        [
          0.010904,
          -0.740619,
          -0.671837,
          1.235759
        ],
        [
          0.0,
          0.0,
          0.0,
          1.0
        ]
      ]
    },
    {
      "file_path": "/media/NFS/ttao/scannet/posed_images/scene0523_01/00118.jpg",
      "transform_matrix": [
        [
          0.988676,
          -0.127554,
          0.079058,
          1.322736
        ],
        [
          -0.143478,
          -0.649061,
          0.747084,
          1.246616
        ],
        [
          -0.04398,
          -0.749967,
          -0.660012,
          1.231862
        ],
        [
          0.0,
          0.0,
          0.0,
          1.0
        ]
      ]
    },
    {
      "file_path": "/media/NFS/ttao/scannet/posed_images/scene0523_01/00119.jpg",
      "transform_matrix": [
        [
          0.989418,
          -0.124142,
          0.075108,
          1.322392
        ],
        [
          -0.138359,
          -0.651348,
          0.746058,
          1.248142
        ],
        [
          -0.043696,
          -0.748555,
          -0.661632,
          1.232259
        ],
        [
          0.0,
          0.0,
          0.0,
          1.0
        ]
      ]
    },
    {
      "file_path": "/media/NFS/ttao/scannet/posed_images/scene0523_01/00130.jpg",
      "transform_matrix": [
        [
          0.998829,
          -0.035572,
          0.0328,
          1.321355
        ],
        [
          -0.048324,
          -0.699015,
          0.713473,
          1.22806
        ],
        [
          -0.002452,
          -0.714222,
          -0.699915,
          1.196674
        ],
        [
          0.0,
          0.0,
          0.0,
          1.0
        ]
      ]
    },
    {
      "file_path": "/media/NFS/ttao/scannet/posed_images/scene0523_01/00133.jpg",
      "transform_matrix": [
        [
          0.999687,
          -0.011901,
          0.022024,
          1.317568
        ],
        [
          -0.024059,
          -0.699822,
          0.713912,
          1.218127
        ],
        [
          0.006917,
          -0.714218,
          -0.699889,
          1.191382
        ],
        [
          0.0,
          0.0,
          0.0,
          1.0
        ]
      ]
    },
    {
      "file_path": "/media/NFS/ttao/scannet/posed_images/scene0523_01/00138.jpg",
      "transform_matrix": [
        [
          0.999352,
          0.034416,
          0.010535,
          1.310472
        ],
        [
          0.015967,
          -0.686226,
          0.727213,
          1.205065
        ],
        [
          0.032258,
          -0.726574,
          -0.686331,
          1.175932
        ],
        [
          0.0,
          0.0,
          0.0,
          1.0
        ]
      ]
    },
    {
      "file_path": "/media/NFS/ttao/scannet/posed_images/scene0523_01/00145.jpg",
      "transform_matrix": [
        [
          0.995169,
          0.09529,
          -0.023647,
          1.301732
        ],
        [
          0.083605,
          -0.696209,
          0.712954,
          1.193929
        ],
        [
          0.051474,
          -0.711486,
          -0.700812,
          1.146841
        ],
        [
          0.0,
          0.0,
          0.0,
          1.0
        ]
      ]
    },
    {
      "file_path": "/media/NFS/ttao/scannet/posed_images/scene0523_01/00149.jpg",
      "transform_matrix": [
        [
          0.991422,
          0.123703,
          -0.042177,
          1.292459
        ],
        [
          0.117709,
          -0.704896,
          0.699476,
          1.188306
        ],
        [
          0.056797,
          -0.69844,
          -0.713411,
          1.138885
        ],
        [
          0.0,
          0.0,
          0.0,
          1.0
        ]
      ]
    },
    {
      "file_path": "/media/NFS/ttao/scannet/posed_images/scene0523_01/00156.jpg",
      "transform_matrix": [
        [
          0.985327,
          0.158057,
          -0.064413,
          1.284772
        ],
        [
          0.154139,
          -0.661981,
          0.7335,
          1.176396
        ],
        [
          0.073295,
          -0.732666,
          -0.67663,
          1.140627
        ],
        [
          0.0,
          0.0,
          0.0,
          1.0
        ]
      ]
    },
    {
      "file_path": "/media/NFS/ttao/scannet/posed_images/scene0523_01/00161.jpg",
      "transform_matrix": [
        [
          0.982832,
          0.167846,
          -0.076615,
          1.285591
        ],
        [
          0.17025,
          -0.664965,
          0.727212,
          1.170289
        ],
        [
          0.071114,
          -0.72777,
          -0.682124,
          1.137095
        ],
        [
          0.0,
          0.0,
          0.0,
          1.0
        ]
      ]
    },
    {
      "file_path": "/media/NFS/ttao/scannet/posed_images/scene0523_01/00170.jpg",
      "transform_matrix": [
        [
          0.980882,
          0.164148,
          -0.104523,
          1.283329
        ],
        [
          0.185118,
          -0.62144,
          0.761278,
          1.170064
        ],
        [
          0.060008,
          -0.766073,
          -0.639946,
          1.166659
        ],
        [
          0.0,
          0.0,
          0.0,
          1.0
        ]
      ]
    },
    {
      "file_path": "/media/NFS/ttao/scannet/posed_images/scene0523_01/00173.jpg",
      "transform_matrix": [
        [
          0.981609,
          0.153085,
          -0.114057,
          1.286713
        ],
        [
          0.184179,
          -0.602258,
          0.776764,
          1.173318
        ],
        [
          0.050219,
          -0.783486,
          -0.619377,
          1.182676
        ],
        [
          0.0,
          0.0,
          0.0,
          1.0
        ]
      ]
    },
    {
      "file_path": "/media/NFS/ttao/scannet/posed_images/scene0523_01/00180.jpg",
      "transform_matrix": [
        [
          0.988832,
          0.105317,
          -0.105453,
          1.297622
        ],
        [
          0.14728,
          -0.582169,
          0.799617,
          1.182098
        ],
        [
          0.022822,
          -0.806218,
          -0.591178,
          1.211424
        ],
        [
          0.0,
          0.0,
          0.0,
          1.0
        ]
      ]
    },
    {
      "file_path": "/media/NFS/ttao/scannet/posed_images/scene0523_01/00183.jpg",
      "transform_matrix": [
        [
          0.990381,
          0.083487,
          -0.110343,
          1.308529
        ],
        [
          0.138322,
          -0.576997,
          0.804948,
          1.189947
        ],
        [
          0.003535,
          -0.812468,
          -0.582995,
          1.231572
        ],
        [
          0.0,
          0.0,
          0.0,
          1.0
        ]
      ]
    },
    {
      "file_path": "/media/NFS/ttao/scannet/posed_images/scene0523_01/00189.jpg",
      "transform_matrix": [
        [
          0.991736,
          0.040111,
          -0.121862,
          1.332233
        ],
        [
          0.123972,
          -0.544101,
          0.829811,
          1.2038
        ],
        [
          -0.033021,
          -0.838061,
          -0.544577,
          1.276591
        ],
        [
          0.0,
          0.0,
          0.0,
          1.0
        ]
      ]
    },
    {
      "file_path": "/media/NFS/ttao/scannet/posed_images/scene0523_01/00196.jpg",
      "transform_matrix": [
        [
          0.989299,
          0.012131,
          -0.145399,
          1.35803
        ],
        [
          0.133866,
          -0.471844,
          0.871461,
          1.214257
        ],
        [
          -0.058034,
          -0.881599,
          -0.468418,
          1.323261
        ],
        [
          0.0,
          0.0,
          0.0,
          1.0
        ]
      ]
    },
    {
      "file_path": "/media/NFS/ttao/scannet/posed_images/scene0523_01/00203.jpg",
      "transform_matrix": [
        [
          0.985579,
          0.025792,
          -0.16724,
          1.364932
        ],
        [
          0.162453,
          -0.42086,
          0.892461,
          1.223805
        ],
        [
          -0.047366,
          -0.906759,
          -0.41898,
          1.341642
        ],
        [
          0.0,
          0.0,
          0.0,
          1.0
        ]
      ]
    },
    {
      "file_path": "/media/NFS/ttao/scannet/posed_images/scene0523_01/00208.jpg",
      "transform_matrix": [
        [
          0.981388,
          0.044662,
          -0.186771,
          1.375974
        ],
        [
          0.189311,
          -0.388288,
          0.901883,
          1.235955
        ],
        [
          -0.032241,
          -0.920455,
          -0.389517,
          1.352485
        ],
        [
          0.0,
          0.0,
          0.0,
          1.0
        ]
      ]
    },
    {
      "file_path": "/media/NFS/ttao/scannet/posed_images/scene0523_01/00216.jpg",
      "transform_matrix": [
        [
          0.965431,
          0.088469,
          -0.245188,
          1.3742
        ],
        [
          0.260653,
          -0.334528,
          0.905622,
          1.239665
        ],
        [
          -0.001903,
          -0.938224,
          -0.346023,
          1.372515
        ],
        [
          0.0,
          0.0,
          0.0,
          1.0
        ]
      ]
    },
    {
      "file_path": "/media/NFS/ttao/scannet/posed_images/scene0523_01/00222.jpg",
      "transform_matrix": [
        [
          0.969157,
          0.098352,
          -0.225968,
          1.356098
        ],
        [
          0.24529,
          -0.296331,
          0.92305,
          1.239066
        ],
        [
          0.023822,
          -0.950008,
          -0.311315,
          1.383405
        ],
        [
          0.0,
          0.0,
          0.0,
          1.0
        ]
      ]
    },
    {
      "file_path": "/media/NFS/ttao/scannet/posed_images/scene0523_01/00223.jpg",
      "transform_matrix": [
        [
          0.969962,
          0.099766,
          -0.221857,
          1.352646
        ],
        [
          0.241796,
          -0.295633,
          0.924195,
          1.24065
        ],
        [
          0.026615,
          -0.950078,
          -0.310876,
          1.386099
        ],
        [
          0.0,
          0.0,
          0.0,
          1.0
        ]
      ]
    },
    {
      "file_path": "/media/NFS/ttao/scannet/posed_images/scene0523_01/00230.jpg",
      "transform_matrix": [
        [
          0.972031,
          0.077765,
          -0.221604,
          1.34418
        ],
        [
          0.234671,
          -0.284535,
          0.9295,
          1.260447
        ],
        [
          0.009228,
          -0.955506,
          -0.294826,
          1.40183
        ],
        [
          0.0,
          0.0,
          0.0,
          1.0
        ]
      ]
    },
    {
      "file_path": "/media/NFS/ttao/scannet/posed_images/scene0523_01/00237.jpg",
      "transform_matrix": [
        [
          0.966825,
          0.053477,
          -0.249781,
          1.361502
        ],
        [
          0.254669,
          -0.277776,
          0.926274,
          1.275358
        ],
        [
          -0.019849,
          -0.959156,
          -0.28218,
          1.41029
        ],
        [
          0.0,
          0.0,
          0.0,
          1.0
        ]
      ]
    },
    {
      "file_path": "/media/NFS/ttao/scannet/posed_images/scene0523_01/00241.jpg",
      "transform_matrix": [
        [
          0.961483,
          0.054134,
          -0.269481,
          1.39492
        ],
        [
          0.273976,
          -0.2675,
          0.923786,
          1.286094
        ],
        [
          -0.022078,
          -0.962036,
          -0.272029,
          1.415673
        ],
        [
          0.0,
          0.0,
          0.0,
          1.0
        ]
      ]
    },
    {
      "file_path": "/media/NFS/ttao/scannet/posed_images/scene0523_01/00249.jpg",
      "transform_matrix": [
        [
          0.950081,
          0.054429,
          -0.30722,
          1.500469
        ],
        [
          0.311886,
          -0.192777,
          0.930357,
          1.321023
        ],
        [
          -0.008587,
          -0.979732,
          -0.20013,
          1.439801
        ],
        [
          0.0,
          0.0,
          0.0,
          1.0
        ]
      ]
    },
    {
      "file_path": "/media/NFS/ttao/scannet/posed_images/scene0523_01/00256.jpg",
      "transform_matrix": [
        [
          0.944262,
          0.045127,
          -0.326087,
          1.569701
        ],
        [
          0.329105,
          -0.15263,
          0.931877,
          1.342732
        ],
        [
          -0.007718,
          -0.987253,
          -0.158974,
          1.468645
        ],
        [
          0.0,
          0.0,
          0.0,
          1.0
        ]
      ]
    },
    {
      "file_path": "/media/NFS/ttao/scannet/posed_images/scene0523_01/00263.jpg",
      "transform_matrix": [
        [
          0.948757,
          0.036815,
          -0.313854,
          1.596553
        ],
        [
          0.316,
          -0.116747,
          0.941549,
          1.348249
        ],
        [
          -0.001979,
          -0.992479,
          -0.122398,
          1.489492
        ],
        [
          0.0,
          0.0,
          0.0,
          1.0
        ]
      ]
    },
    {
      "file_path": "/media/NFS/ttao/scannet/posed_images/scene0523_01/00268.jpg",
      "transform_matrix": [
        [
          0.952932,
          0.025305,
          -0.302127,
          1.602506
        ],
        [
          0.303169,
          -0.089917,
          0.948685,
          1.335938
        ],
        [
          -0.00316,
          -0.995628,
          -0.093356,
          1.50014
        ],
        [
          0.0,
          0.0,
          0.0,
          1.0
        ]
      ]
    },
    {
      "file_path": "/media/NFS/ttao/scannet/posed_images/scene0523_01/00270.jpg",
      "transform_matrix": [
        [
          0.9549,
          0.027512,
          -0.295652,
          1.603259
        ],
        [
          0.296913,
          -0.077988,
          0.951715,
          1.327886
        ],
        [
          0.003126,
          -0.996575,
          -0.08264,
          1.506724
        ],
        [
          0.0,
          0.0,
          0.0,
          1.0
        ]
      ]
    },
    {
      "file_path": "/media/NFS/ttao/scannet/posed_images/scene0523_01/00279.jpg",
      "transform_matrix": [
        [
          0.963037,
          -0.007517,
          -0.269263,
          1.610193
        ],
        [
          0.268985,
          -0.026458,
          0.962781,
          1.303927
        ],
        [
          -0.014361,
          -0.999622,
          -0.023458,
          1.527765
        ],
        [
          0.0,
          0.0,
          0.0,
          1.0
        ]
      ]
    },
    {
      "file_path": "/media/NFS/ttao/scannet/posed_images/scene0523_01/00284.jpg",
      "transform_matrix": [
        [
          0.960262,
          -0.01614,
          -0.278634,
          1.614163
        ],
        [
          0.278746,
          0.005119,
          0.960351,
          1.292473
        ],
        [
          -0.014074,
          -0.999857,
          0.009415,
          1.541795
        ],
        [
          0.0,
          0.0,
          0.0,
          1.0
        ]
      ]
    },
    {
      "file_path": "/media/NFS/ttao/scannet/posed_images/scene0523_01/00291.jpg",
      "transform_matrix": [
        [
          0.968176,
          -0.015277,
          -0.249802,
          1.618382
        ],
        [
          0.250148,
          0.028053,
          0.967801,
          1.29472
        ],
        [
          -0.007778,
          -0.999489,
          0.030982,
          1.549621
        ],
        [
          0.0,
          0.0,
          0.0,
          1.0
        ]
      ]
    },
    {
      "file_path": "/media/NFS/ttao/scannet/posed_images/scene0523_01/00293.jpg",
      "transform_matrix": [
        [
          0.96801,
          -0.013962,
          -0.250521,
          1.618205
        ],
        [
          0.250872,
          0.036391,
          0.967336,
          1.295369
        ],
        [
          -0.00439,
          -0.99924,
          0.03873,
          1.552909
        ],
        [
          0.0,
          0.0,
          0.0,
          1.0
        ]
      ]
    },
    {
      "file_path": "/media/NFS/ttao/scannet/posed_images/scene0523_01/00301.jpg",
      "transform_matrix": [
        [
          0.971699,
          -0.008974,
          -0.236052,
          1.615736
        ],
        [
          0.236102,
          0.068885,
          0.969284,
          1.302124
        ],
        [
          0.007562,
          -0.997584,
          0.069054,
          1.568663
        ],
        [
          0.0,
          0.0,
          0.0,
          1.0
        ]
      ]
    },
    {
      "file_path": "/media/NFS/ttao/scannet/posed_images/scene0523_01/00305.jpg",
      "transform_matrix": [
        [
          0.971511,
          -0.011244,
          -0.236726,
          1.613006
        ],
        [
          0.236843,
          0.081655,
          0.968111,
          1.301929
        ],
        [
          0.008445,
          -0.996597,
          0.081991,
          1.576274
        ],
        [
          0.0,
          0.0,
          0.0,
          1.0
        ]
      ]
    },
    {
      "file_path": "/media/NFS/ttao/scannet/posed_images/scene0523_01/00310.jpg",
      "transform_matrix": [
        [
          0.970548,
          -0.01864,
          -0.240185,
          1.611335
        ],
        [
          0.240866,
          0.09358,
          0.966036,
          1.302063
        ],
        [
          0.004469,
          -0.995437,
          0.095314,
          1.579452
        ],
        [
          0.0,
          0.0,
          0.0,
          1.0
        ]
      ]
    },
    {
      "file_path": "/media/NFS/ttao/scannet/posed_images/scene0523_01/00320.jpg",
      "transform_matrix": [
        [
          0.975992,
          -0.011205,
          -0.217519,
          1.605534
        ],
        [
          0.217679,
          0.084484,
          0.972357,
          1.307404
        ],
        [
          0.007481,
          -0.996362,
          0.084894,
          1.579145
        ],
        [
          0.0,
          0.0,
          0.0,
          1.0
        ]
      ]
    },
    {
      "file_path": "/media/NFS/ttao/scannet/posed_images/scene0523_01/00322.jpg",
      "transform_matrix": [
        [
          0.975527,
          -0.012844,
          -0.219503,
          1.602402
        ],
        [
          0.219835,
          0.076905,
          0.972501,
          1.308074
        ],
        [
          0.00439,
          -0.996956,
          0.077847,
          1.574142
        ],
        [
          0.0,
          0.0,
          0.0,
          1.0
        ]
      ]
    },
    {
      "file_path": "/media/NFS/ttao/scannet/posed_images/scene0523_01/00332.jpg",
      "transform_matrix": [
        [
          0.964509,
          0.001695,
          -0.264047,
          1.563596
        ],
        [
          0.263618,
          -0.063479,
          0.962536,
          1.31982
        ],
        [
          -0.01513,
          -0.997982,
          -0.061673,
          1.525337
        ],
        [
          0.0,
          0.0,
          0.0,
          1.0
        ]
      ]
    },
    {
      "file_path": "/media/NFS/ttao/scannet/posed_images/scene0523_01/00336.jpg",
      "transform_matrix": [
        [
          0.962171,
          0.018043,
          -0.271849,
          1.554837
        ],
        [
          0.272241,
          -0.1024,
          0.956765,
          1.326596
        ],
        [
          -0.010575,
          -0.99458,
          -0.103439,
          1.509113
        ],
        [
          0.0,
          0.0,
          0.0,
          1.0
        ]
      ]
    },
    {
      "file_path": "/media/NFS/ttao/scannet/posed_images/scene0523_01/00339.jpg",
      "transform_matrix": [
        [
          0.959602,
          0.017833,
          -0.280794,
          1.550536
        ],
        [
          0.280791,
          -0.124147,
          0.951706,
          1.327054
        ],
        [
          -0.017888,
          -0.992103,
          -0.124139,
          1.501466
        ],
        [
          0.0,
          0.0,
          0.0,
          1.0
        ]
      ]
    },
    {
      "file_path": "/media/NFS/ttao/scannet/posed_images/scene0523_01/00350.jpg",
      "transform_matrix": [
        [
          0.933748,
          0.098553,
          -0.344095,
          1.524101
        ],
        [
          0.357597,
          -0.215354,
          0.908706,
          1.323115
        ],
        [
          0.015454,
          -0.97155,
          -0.236328,
          1.443143
        ],
        [
          0.0,
          0.0,
          0.0,
          1.0
        ]
      ]
    },
    {
      "file_path": "/media/NFS/ttao/scannet/posed_images/scene0523_01/00353.jpg",
      "transform_matrix": [
        [
          0.930704,
          0.103877,
          -0.350713,
          1.517431
        ],
        [
          0.365541,
          -0.230035,
          0.901922,
          1.319755
        ],
        [
          0.013012,
          -0.967622,
          -0.252066,
          1.431802
        ],
        [
          0.0,
          0.0,
          0.0,
          1.0
        ]
      ]
    },
    {
      "file_path": "/media/NFS/ttao/scannet/posed_images/scene0523_01/00360.jpg",
      "transform_matrix": [
        [
          0.928795,
          0.128907,
          -0.347453,
          1.499488
        ],
        [
          0.369389,
          -0.246456,
          0.895997,
          1.318072
        ],
        [
          0.029869,
          -0.960543,
          -0.276524,
          1.421334
        ],
        [
          0.0,
          0.0,
          0.0,
          1.0
        ]
      ]
    },
    {
      "file_path": "/media/NFS/ttao/scannet/posed_images/scene0523_01/00362.jpg",
      "transform_matrix": [
        [
          0.930445,
          0.136114,
          -0.340214,
          1.495688
        ],
        [
          0.364735,
          -0.254777,
          0.895576,
          1.320059
        ],
        [
          0.035221,
          -0.957372,
          -0.286702,
          1.41836
        ],
        [
          0.0,
          0.0,
          0.0,
          1.0
        ]
      ]
    },
    {
      "file_path": "/media/NFS/ttao/scannet/posed_images/scene0523_01/00370.jpg",
      "transform_matrix": [
        [
          0.907133,
          0.109161,
          -0.40644,
          1.507488
        ],
        [
          0.42079,
          -0.219878,
          0.880107,
          1.331066
        ],
        [
          0.006706,
          -0.9694,
          -0.245393,
          1.430769
        ],
        [
          0.0,
          0.0,
          0.0,
          1.0
        ]
      ]
    },
    {
      "file_path": "/media/NFS/ttao/scannet/posed_images/scene0523_01/00374.jpg",
      "transform_matrix": [
        [
          0.882897,
          0.109869,
          -0.456533,
          1.526888
        ],
        [
          0.469312,
          -0.174414,
          0.865636,
          1.345142
        ],
        [
          0.015481,
          -0.978524,
          -0.205552,
          1.459274
        ],
        [
          0.0,
          0.0,
          0.0,
          1.0
        ]
      ]
    },
    {
      "file_path": "/media/NFS/ttao/scannet/posed_images/scene0523_01/00381.jpg",
      "transform_matrix": [
        [
          0.809614,
          0.074159,
          -0.582259,
          1.569205
        ],
        [
          0.586915,
          -0.114963,
          0.801445,
          1.380967
        ],
        [
          -0.007504,
          -0.990598,
          -0.136601,
          1.468194
        ],
        [
          0.0,
          0.0,
          0.0,
          1.0
        ]
      ]
    },
    {
      "file_path": "/media/NFS/ttao/scannet/posed_images/scene0523_01/00389.jpg",
      "transform_matrix": [
        [
          0.754548,
          0.087967,
          -0.650322,
          1.603755
        ],
        [
          0.655479,
          -0.053169,
          0.753339,
          1.422234
        ],
        [
          0.031693,
          -0.994703,
          -0.097779,
          1.492198
        ],
        [
          0.0,
          0.0,
          0.0,
          1.0
        ]
      ]
    },
    {
      "file_path": "/media/NFS/ttao/scannet/posed_images/scene0523_01/00395.jpg",
      "transform_matrix": [
        [
          0.725592,
          0.080325,
          -0.68342,
          1.609478
        ],
        [
          0.687651,
          -0.047767,
          0.724469,
          1.428715
        ],
        [
          0.025548,
          -0.995623,
          -0.089895,
          1.502718
        ],
        [
          0.0,
          0.0,
          0.0,
          1.0
        ]
      ]
    },
    {
      "file_path": "/media/NFS/ttao/scannet/posed_images/scene0523_01/00400.jpg",
      "transform_matrix": [
        [
          0.7434,
          0.068347,
          -0.665346,
          1.605955
        ],
        [
          0.668692,
          -0.05452,
          0.741538,
          1.420481
        ],
        [
          0.014407,
          -0.996171,
          -0.086233,
          1.512725
        ],
        [
          0.0,
          0.0,
          0.0,
          1.0
        ]
      ]
    },
    {
      "file_path": "/media/NFS/ttao/scannet/posed_images/scene0523_01/00405.jpg",
      "transform_matrix": [
        [
          0.752106,
          0.055307,
          -0.656717,
          1.602776
        ],
        [
          0.658825,
          -0.037505,
          0.751361,
          1.397643
        ],
        [
          0.016925,
          -0.997765,
          -0.064645,
          1.518735
        ],
        [
          0.0,
          0.0,
          0.0,
          1.0
        ]
      ]
    },
    {
      "file_path": "/media/NFS/ttao/scannet/posed_images/scene0523_01/00412.jpg",
      "transform_matrix": [
        [
          0.753247,
          0.023938,
          -0.657302,
          1.601768
        ],
        [
          0.65768,
          -0.014134,
          0.753165,
          1.360247
        ],
        [
          0.008739,
          -0.999613,
          -0.026389,
          1.534565
        ],
        [
          0.0,
          0.0,
          0.0,
          1.0
        ]
      ]
    },
    {
      "file_path": "/media/NFS/ttao/scannet/posed_images/scene0523_01/00419.jpg",
      "transform_matrix": [
        [
          0.758826,
          0.003464,
          -0.651284,
          1.602283
        ],
        [
          0.651289,
          -0.007489,
          0.758793,
          1.336888
        ],
        [
          -0.002249,
          -0.999966,
          -0.007939,
          1.548043
        ],
        [
          0.0,
          0.0,
          0.0,
          1.0
        ]
      ]
    },
    {
      "file_path": "/media/NFS/ttao/scannet/posed_images/scene0523_01/00422.jpg",
      "transform_matrix": [
        [
          0.759954,
          -0.010225,
          -0.649896,
          1.607747
        ],
        [
          0.649931,
          0.000143,
          0.759993,
          1.33026
        ],
        [
          -0.007678,
          -0.999948,
          0.006754,
          1.552848
        ],
        [
          0.0,
          0.0,
          0.0,
          1.0
        ]
      ]
    },
    {
      "file_path": "/media/NFS/ttao/scannet/posed_images/scene0523_01/00426.jpg",
      "transform_matrix": [
        [
          0.750187,
          -0.029955,
          -0.660547,
          1.615583
        ],
        [
          0.661075,
          0.012637,
          0.750214,
          1.321717
        ],
        [
          -0.014125,
          -0.999471,
          0.029283,
          1.56551
        ],
        [
          0.0,
          0.0,
          0.0,
          1.0
        ]
      ]
    },
    {
      "file_path": "/media/NFS/ttao/scannet/posed_images/scene0523_01/00436.jpg",
      "transform_matrix": [
        [
          0.717884,
          -0.06795,
          -0.692839,
          1.630831
        ],
        [
          0.695941,
          0.044951,
          0.71669,
          1.309415
        ],
        [
          -0.017555,
          -0.996675,
          0.079559,
          1.582434
        ],
        [
          0.0,
          0.0,
          0.0,
          1.0
        ]
      ]
    },
    {
      "file_path": "/media/NFS/ttao/scannet/posed_images/scene0523_01/00438.jpg",
      "transform_matrix": [
        [
          0.7166,
          -0.073104,
          -0.693642,
          1.633629
        ],
        [
          0.697171,
          0.045275,
          0.715474,
          1.309445
        ],
        [
          -0.020899,
          -0.996296,
          0.083409,
          1.583609
        ],
        [
          0.0,
          0.0,
          0.0,
          1.0
        ]
      ]
    },
    {
      "file_path": "/media/NFS/ttao/scannet/posed_images/scene0523_01/00447.jpg",
      "transform_matrix": [
        [
          0.722932,
          -0.03536,
          -0.690013,
          1.631009
        ],
        [
          0.690707,
          0.012257,
          0.723031,
          1.324916
        ],
        [
          -0.017109,
          -0.999299,
          0.033284,
          1.558915
        ],
        [
          0.0,
          0.0,
          0.0,
