{
  "frames": [
    {
      "file_path": "/media/NFS/ttao/scannet/posed_images/scene0481_01/00000.jpg",
      "transform_matrix": [
        [
          0.934767,
          -0.168146,
          0.312949,
          6.630501
        ],
        [
          -0.355214,
          -0.428096,
          0.830998,
          1.146632
        ],
        [
          -0.005757,
          -0.887953,
          -0.459898,
          1.513977
        ],
        [
          0.0,
          0.0,
          0.0,
          1.0
        ]
      ]
    },
    {
      "file_path": "/media/NFS/ttao/scannet/posed_images/scene0481_01/00004.jpg",
      "transform_matrix": [
        [
          0.931982,
          -0.18372,
          0.3125,
          6.646229
        ],
        [
          -0.362348,
          -0.446908,
          0.81791,
          1.155556
        ],
        [
          -0.010608,
          -0.875511,
          -0.483081,
          1.49281
        ],
        [
          0.0,
          0.0,
          0.0,
          1.0
        ]
      ]
    },
    {
      "file_path": "/media/NFS/ttao/scannet/posed_images/scene0481_01/00010.jpg",
      "transform_matrix": [
        [
          0.930965,
          -0.187726,
          0.313151,
          6.65202
        ],
        [
          -0.364992,
          -0.456838,
          0.811221,
          1.155202
        ],
        [
          -0.009228,
          -0.869516,
          -0.493818,
          1.462777
        ],
        [
          0.0,
          0.0,
          0.0,
          1.0
        ]
      ]
    },
    {
      "file_path": "/media/NFS/ttao/scannet/posed_images/scene0481_01/00013.jpg",
      "transform_matrix": [
        [
          0.929492,
          -0.196125,
          0.312378,
          6.632332
        ],
        [
          -0.368446,
          -0.454435,
          0.81101,
          1.155612
        ],
        [
          -0.017104,
          -0.868921,
          -0.494655,
          1.440038
        ],
        [
          0.0,
          0.0,
          0.0,
          1.0
        ]
      ]
    },
    {
      "file_path": "/media/NFS/ttao/scannet/posed_images/scene0481_01/00016.jpg",
      "transform_matrix": [
        [
          0.930891,
          -0.209167,
          0.299486,
          6.635633
        ],
        [
          -0.364276,
          -0.470231,
          0.803857,
          1.150856
        ],
        [
          -0.027312,
          -0.857398,
          -0.513928,
          1.429535
        ],
        [
          0.0,
          0.0,
          0.0,
          1.0
        ]
      ]
    },
    {
      "file_path": "/media/NFS/ttao/scannet/posed_images/scene0481_01/00022.jpg",
      "transform_matrix": [
        [
          0.924018,
          -0.239912,
          0.297714,
          6.580342
        ],
        [
          -0.381098,
          -0.514925,
          0.767865,
          1.166307
        ],
        [
          -0.03092,
          -0.822979,
          -0.56723,
          1.421697
        ],
        [
          0.0,
          0.0,
          0.0,
          1.0
        ]
      ]
    },
    {
      "file_path": "/media/NFS/ttao/scannet/posed_images/scene0481_01/00027.jpg",
      "transform_matrix": [
        [
          0.924742,
          -0.237337,
          0.29753,
          6.5053
        ],
        [
          -0.379061,
          -0.504204,
          0.775946,
          1.159408
        ],
        [
          -0.034145,
          -0.830331,
          -0.556223,
          1.42484
        ],
        [
          0.0,
          0.0,
          0.0,
          1.0
        ]
      ]
    },
    {
      "file_path": "/media/NFS/ttao/scannet/posed_images/scene0481_01/00030.jpg",
      "transform_matrix": [
        [
          0.91945,
          -0.236123,
          0.314416,
          6.445853
        ],
        [
          -0.392447,
          -0.501384,
          0.771103,
          1.157162
        ],
        [
          -0.024432,
          -0.832382,
          -0.553663,
          1.441435
        ],
        [
          0.0,
          0.0,
          0.0,
          1.0
        ]
      ]
    },
    {
      "file_path": "/media/NFS/ttao/scannet/posed_images/scene0481_01/00034.jpg",
      "transform_matrix": [
        [
          0.899915,
          -0.239989,
          0.364085,
          6.38149
        ],
        [
          -0.435939,
          -0.475038,
          0.764393,
          1.158415
        ],
        [
          -0.010492,
          -0.846607,
          -0.532115,
          1.469668
        ],
        [
          0.0,
          0.0,
          0.0,
          1.0
        ]
      ]
    },
    {
      "file_path": "/media/NFS/ttao/scannet/posed_images/scene0481_01/00037.jpg",
      "transform_matrix": [
        [
          0.887947,
          -0.236234,
          0.394645,
          6.311984
        ],
        [
          -0.459922,
          -0.464886,
          0.75654,
          1.168974
        ],
        [
          0.004744,
          -0.853273,
          -0.521443,
          1.474722
        ],
        [
          0.0,
          0.0,
          0.0,
          1.0
        ]
      ]
    },
    {
      "file_path": "/media/NFS/ttao/scannet/posed_images/scene0481_01/00040.jpg",
      "transform_matrix": [
        [
          0.87681,
          -0.22782,
          0.42344,
          6.254913
        ],
        [
          -0.480487,
          -0.44868,
          0.753537,
          1.184488
        ],
        [
          0.018319,
          -0.864167,
          -0.502872,
          1.458502
        ],
        [
          0.0,
          0.0,
          0.0,
          1.0
        ]
      ]
    },
    {
      "file_path": "/media/NFS/ttao/scannet/posed_images/scene0481_01/00046.jpg",
      "transform_matrix": [
        [
          0.86718,
          -0.204875,
          0.453901,
          6.181578
        ],
        [
          -0.496131,
          -0.434226,
          0.751866,
          1.24616
        ],
        [
          0.043056,
          -0.877197,
          -0.478197,
          1.46364
        ],
        [
          0.0,
          0.0,
          0.0,
          1.0
        ]
      ]
    },
    {
      "file_path": "/media/NFS/ttao/scannet/posed_images/scene0481_01/00048.jpg",
      "transform_matrix": [
        [
          0.859551,
          -0.195969,
          0.471983,
          6.152516
        ],
        [
          -0.508229,
          -0.424688,
          0.749228,
          1.271656
        ],
        [
          0.05362,
          -0.883876,
          -0.464638,
          1.459536
        ],
        [
          0.0,
          0.0,
          0.0,
          1.0
        ]
      ]
    },
    {
      "file_path": "/media/NFS/ttao/scannet/posed_images/scene0481_01/00054.jpg",
      "transform_matrix": [
        [
          0.860102,
          -0.181692,
          0.476668,
          6.044101
        ],
        [
          -0.505545,
          -0.428492,
          0.748879,
          1.381916
        ],
        [
          0.068183,
          -0.885089,
          -0.4604,
          1.457641
        ],
        [
          0.0,
          0.0,
          0.0,
          1.0
        ]
      ]
    },
    {
      "file_path": "/media/NFS/ttao/scannet/posed_images/scene0481_01/00056.jpg",
      "transform_matrix": [
        [
          0.85518,
          -0.185572,
          0.483975,
          6.001794
        ],
        [
          -0.514955,
          -0.410588,
          0.752489,
          1.440726
        ],
        [
          0.059073,
          -0.892738,
          -0.446687,
          1.461736
        ],
        [
          0.0,
          0.0,
          0.0,
          1.0
        ]
      ]
    },
    {
      "file_path": "/media/NFS/ttao/scannet/posed_images/scene0481_01/00063.jpg",
      "transform_matrix": [
        [
          0.864332,
          -0.185962,
          0.467277,
          5.887999
        ],
        [
          -0.501737,
          -0.382578,
          0.775819,
          1.549901
        ],
        [
          0.034497,
          -0.905015,
          -0.423979,
          1.480166
        ],
        [
          0.0,
          0.0,
          0.0,
          1.0
        ]
      ]
    },
    {
      "file_path": "/media/NFS/ttao/scannet/posed_images/scene0481_01/00064.jpg",
      "transform_matrix": [
        [
          0.863379,
          -0.18413,
          0.469758,
          5.868639
        ],
        [
          -0.503312,
          -0.379629,
          0.776247,
          1.56652
        ],
        [
          0.035403,
          -0.90663,
          -0.420439,
          1.480972
        ],
        [
          0.0,
          0.0,
          0.0,
          1.0
        ]
      ]
    },
    {
      "file_path": "/media/NFS/ttao/scannet/posed_images/scene0481_01/00068.jpg",
      "transform_matrix": [
        [
          0.850945,
          -0.19075,
          0.489394,
          5.793611
        ],
        [
          -0.524235,
          -0.366448,
          0.768696,
          1.623371
        ],
        [
          0.032708,
          -0.910676,
          -0.411825,
          1.475452
        ],
        [
          0.0,
          0.0,
          0.0,
          1.0
        ]
      ]
    },
    {
      "file_path": "/media/NFS/ttao/scannet/posed_images/scene0481_01/00075.jpg",
      "transform_matrix": [
        [
          0.830814,
          -0.21791,
          0.512116,
          5.656705
        ],
        [
          -0.556424,
          -0.344803,
          0.755978,
          1.743571
        ],
        [
          0.011844,
          -0.913031,
          -0.407717,
          1.476564
        ],
        [
          0.0,
          0.0,
          0.0,
          1.0
        ]
      ]
    },
    {
      "file_path": "/media/NFS/ttao/scannet/posed_images/scene0481_01/00077.jpg",
      "transform_matrix": [
        [
          0.816583,
          -0.214166,
          0.536028,
          5.593157
        ],
        [
          -0.576845,
          -0.336612,
          0.744273,
          1.791719
        ],
        [
          0.021036,
          -0.916965,
          -0.398412,
          1.482856
        ],
        [
          0.0,
          0.0,
          0.0,
          1.0
        ]
      ]
    },
    {
      "file_path": "/media/NFS/ttao/scannet/posed_images/scene0481_01/00080.jpg",
      "transform_matrix": [
        [
          0.805247,
          -0.221129,
          0.550163,
          5.565746
        ],
        [
          -0.592398,
          -0.339679,
          0.730536,
          1.840832
        ],
        [
          0.025336,
          -0.914177,
          -0.404522,
          1.481144
        ],
        [
          0.0,
          0.0,
          0.0,
          1.0
        ]
      ]
    },
    {
      "file_path": "/media/NFS/ttao/scannet/posed_images/scene0481_01/00086.jpg",
      "transform_matrix": [
        [
          0.798582,
          -0.231466,
          0.555599,
          5.515424
        ],
        [
          -0.601807,
          -0.322035,
          0.730836,
          1.946731
        ],
        [
          0.009759,
          -0.917996,
          -0.396469,
          1.462793
        ],
        [
          0.0,
          0.0,
          0.0,
          1.0
        ]
      ]
    },
    {
      "file_path": "/media/NFS/ttao/scannet/posed_images/scene0481_01/00089.jpg",
      "transform_matrix": [
        [
          0.793219,
          -0.248163,
          0.556074,
          5.500416
        ],
        [
          -0.608732,
          -0.299461,
          0.73469,
          2.019584
        ],
        [
          -0.0158,
          -0.92127,
          -0.388603,
          1.458892
        ],
        [
          0.0,
          0.0,
          0.0,
          1.0
        ]
      ]
    },
    {
      "file_path": "/media/NFS/ttao/scannet/posed_images/scene0481_01/00092.jpg",
      "transform_matrix": [
        [
          0.77054,
          -0.264764,
          0.5798,
          5.484347
        ],
        [
          -0.637076,
          -0.291297,
          0.713638,
          2.093062
        ],
        [
          -0.020052,
          -0.919264,
          -0.393131,
          1.457727
        ],
        [
          0.0,
          0.0,
          0.0,
          1.0
        ]
      ]
    },
    {
      "file_path": "/media/NFS/ttao/scannet/posed_images/scene0481_01/00096.jpg",
      "transform_matrix": [
        [
          0.751817,
          -0.269635,
          0.60172,
          5.475037
        ],
        [
          -0.658892,
          -0.272416,
          0.701179,
          2.174873
        ],
        [
          -0.025144,
          -0.923627,
          -0.382467,
          1.456269
        ],
        [
          0.0,
          0.0,
          0.0,
          1.0
        ]
      ]
    },
    {
      "file_path": "/media/NFS/ttao/scannet/posed_images/scene0481_01/00100.jpg",
      "transform_matrix": [
        [
          0.705608,
          -0.283156,
          0.649569,
          5.450971
        ],
        [
          -0.708597,
          -0.285282,
          0.645371,
          2.286626
        ],
        [
          0.002569,
          -0.915662,
          -0.401941,
          1.456088
        ],
        [
          0.0,
          0.0,
          0.0,
          1.0
        ]
      ]
    },
    {
      "file_path": "/media/NFS/ttao/scannet/posed_images/scene0481_01/00106.jpg",
      "transform_matrix": [
        [
          0.651562,
          -0.27751,
          0.706014,
          5.402606
        ],
        [
          -0.75789,
          -0.278272,
          0.590057,
          2.424601
        ],
        [
          0.032717,
          -0.919539,
          -0.391634,
          1.445532
        ],
        [
          0.0,
          0.0,
          0.0,
          1.0
        ]
      ]
    },
    {
      "file_path": "/media/NFS/ttao/scannet/posed_images/scene0481_01/00108.jpg",
      "transform_matrix": [
        [
          0.629016,
          -0.285311,
          0.723144,
          5.373034
        ],
        [
          -0.776689,
          -0.270203,
          0.568985,
          2.471737
        ],
        [
          0.033058,
          -0.919559,
          -0.39156,
          1.442486
        ],
        [
          0.0,
          0.0,
          0.0,
          1.0
        ]
      ]
    },
    {
      "file_path": "/media/NFS/ttao/scannet/posed_images/scene0481_01/00115.jpg",
      "transform_matrix": [
        [
          0.579559,
          -0.3074,
          0.754729,
          5.305574
        ],
        [
          -0.814503,
          -0.248488,
          0.524251,
          2.646452
        ],
        [
          0.026386,
          -0.918564,
          -0.394392,
          1.458835
        ],
        [
          0.0,
          0.0,
          0.0,
          1.0
        ]
      ]
    },
    {
      "file_path": "/media/NFS/ttao/scannet/posed_images/scene0481_01/00116.jpg",
      "transform_matrix": [
        [
          0.56948,
          -0.309562,
          0.761488,
          5.29517
        ],
        [
          -0.821559,
          -0.244867,
          0.514861,
          2.670065
        ],
        [
          0.027082,
          -0.91881,
          -0.39377,
          1.458006
        ],
        [
          0.0,
          0.0,
          0.0,
          1.0
        ]
      ]
    },
    {
      "file_path": "/media/NFS/ttao/scannet/posed_images/scene0481_01/00123.jpg",
      "transform_matrix": [
        [
          0.484341,
          -0.335182,
          0.808125,
          5.249475
        ],
        [
          -0.874732,
          -0.202445,
          0.440295,
          2.839358
        ],
        [
          0.016022,
          -0.920146,
          -0.391248,
          1.44338
        ],
        [
          0.0,
          0.0,
          0.0,
          1.0
        ]
      ]
    },
    {
      "file_path": "/media/NFS/ttao/scannet/posed_images/scene0481_01/00125.jpg",
      "transform_matrix": [
        [
          0.462562,
          -0.341975,
          0.817979,
          5.246279
        ],
        [
          -0.886534,
          -0.188518,
          0.422515,
          2.879297
        ],
        [
          0.009715,
          -0.920605,
          -0.390374,
          1.4382
        ],
        [
          0.0,
          0.0,
          0.0,
          1.0
        ]
      ]
    },
    {
      "file_path": "/media/NFS/ttao/scannet/posed_images/scene0481_01/00129.jpg",
      "transform_matrix": [
        [
          0.382663,
          -0.373192,
          0.84516,
          5.241682
        ],
        [
          -0.923239,
          -0.120186,
          0.364945,
          3.012434
        ],
        [
          -0.034618,
          -0.919936,
          -0.390537,
          1.430752
        ],
        [
          0.0,
          0.0,
          0.0,
          1.0
        ]
      ]
    },
    {
      "file_path": "/media/NFS/ttao/scannet/posed_images/scene0481_01/00135.jpg",
      "transform_matrix": [
        [
          0.345245,
          -0.364941,
          0.864652,
          5.234307
        ],
        [
          -0.938111,
          -0.107227,
          0.329319,
          3.162016
        ],
        [
          -0.027468,
          -0.924835,
          -0.379375,
          1.433469
        ],
        [
          0.0,
          0.0,
          0.0,
          1.0
        ]
      ]
    },
    {
      "file_path": "/media/NFS/ttao/scannet/posed_images/scene0481_01/00139.jpg",
      "transform_matrix": [
        [
          0.308431,
          -0.344167,
          0.886803,
          5.213692
        ],
        [
          -0.951247,
          -0.111992,
          0.287381,
          3.251298
        ],
        [
          0.000408,
          -0.932205,
          -0.361929,
          1.434868
        ],
        [
          0.0,
          0.0,
          0.0,
          1.0
        ]
      ]
    },
    {
      "file_path": "/media/NFS/ttao/scannet/posed_images/scene0481_01/00143.jpg",
      "transform_matrix": [
        [
          0.243135,
          -0.341593,
          0.907854,
          5.197712
        ],
        [
          -0.969781,
          -0.105155,
          0.220154,
          3.361795
        ],
        [
          0.020262,
          -0.933947,
          -0.356837,
          1.433354
        ],
        [
          0.0,
          0.0,
          0.0,
          1.0
        ]
      ]
    },
    {
      "file_path": "/media/NFS/ttao/scannet/posed_images/scene0481_01/00144.jpg",
      "transform_matrix": [
        [
          0.231541,
          -0.343259,
          0.910254,
          5.191639
        ],
        [
          -0.97251,
          -0.105496,
          0.207594,
          3.390063
        ],
        [
          0.02477,
          -0.933297,
          -0.358249,
          1.432817
        ],
        [
          0.0,
          0.0,
          0.0,
          1.0
        ]
      ]
    },
    {
      "file_path": "/media/NFS/ttao/scannet/posed_images/scene0481_01/00151.jpg",
      "transform_matrix": [
        [
          0.156321,
          -0.38241,
          0.910673,
          5.176543
        ],
        [
          -0.987081,
          -0.093293,
          0.130262,
          3.5769
        ],
        [
          0.035146,
          -0.919271,
          -0.392053,
          1.418092
        ],
        [
          0.0,
          0.0,
          0.0,
          1.0
        ]
      ]
    },
    {
      "file_path": "/media/NFS/ttao/scannet/posed_images/scene0481_01/00154.jpg",
      "transform_matrix": [
        [
          0.115465,
          -0.401809,
          0.908415,
          5.178768
        ],
        [
          -0.992046,
          -0.092798,
          0.085049,
          3.667863
        ],
        [
          0.050125,
          -0.911009,
          -0.409328,
          1.418815
        ],
        [
          0.0,
          0.0,
          0.0,
          1.0
        ]
      ]
    },
    {
      "file_path": "/media/NFS/ttao/scannet/posed_images/scene0481_01/00156.jpg",
      "transform_matrix": [
        [
          0.095743,
          -0.414696,
          0.904909,
          5.187358
        ],
        [
          -0.99412,
          -0.086026,
          0.065758,
          3.710378
        ],
        [
          0.050576,
          -0.905885,
          -0.420494,
          1.412053
        ],
        [
          0.0,
          0.0,
          0.0,
          1.0
        ]
      ]
    },
    {
      "file_path": "/media/NFS/ttao/scannet/posed_images/scene0481_01/00163.jpg",
      "transform_matrix": [
        [
          0.057022,
          -0.436069,
          0.898105,
          5.232827
        ],
        [
          -0.997999,
          -0.049511,
          0.039325,
          3.877403
        ],
        [
          0.027318,
          -0.89855,
          -0.43802,
          1.378056
        ],
        [
          0.0,
          0.0,
          0.0,
          1.0
        ]
      ]
    },
    {
      "file_path": "/media/NFS/ttao/scannet/posed_images/scene0481_01/00164.jpg",
      "transform_matrix": [
        [
          0.048826,
          -0.432628,
          0.90025,
          5.230872
        ],
        [
          -0.99865,
          -0.037123,
          0.036323,
          3.89392
        ],
        [
          0.017706,
          -0.900808,
          -0.433856,
          1.375052
        ],
        [
          0.0,
          0.0,
          0.0,
          1.0
        ]
      ]
    },
    {
      "file_path": "/media/NFS/ttao/scannet/posed_images/scene0481_01/00172.jpg",
      "transform_matrix": [
        [
          -0.030589,
          -0.453347,
          0.890809,
          5.294727
        ],
        [
          -0.999532,
          0.014863,
          -0.026758,
          4.031971
        ],
        [
          -0.00111,
          -0.89121,
          -0.453589,
          1.38716
        ],
        [
          0.0,
          0.0,
          0.0,
          1.0
        ]
      ]
    },
    {
      "file_path": "/media/NFS/ttao/scannet/posed_images/scene0481_01/00173.jpg",
      "transform_matrix": [
        [
          -0.034621,
          -0.451321,
          0.89169,
          5.2979
        ],
        [
          -0.999381,
          0.010023,
          -0.033729,
          4.046751
        ],
        [
          0.006285,
          -0.892305,
          -0.451388,
          1.384917
        ],
        [
          0.0,
          0.0,
          0.0,
          1.0
        ]
      ]
    },
    {
      "file_path": "/media/NFS/ttao/scannet/posed_images/scene0481_01/00177.jpg",
      "transform_matrix": [
        [
          -0.058515,
          -0.462517,
          0.884677,
          5.302161
        ],
        [
          -0.998158,
          0.012857,
          -0.059299,
          4.104626
        ],
        [
          0.016053,
          -0.886517,
          -0.462417,
          1.383787
        ],
        [
          0.0,
          0.0,
          0.0,
          1.0
        ]
      ]
    },
    {
      "file_path": "/media/NFS/ttao/scannet/posed_images/scene0481_01/00180.jpg",
      "transform_matrix": [
        [
          -0.092446,
          -0.466892,
          0.879469,
          5.303744
        ],
        [
          -0.99541,
          0.021387,
          -0.093279,
          4.15922
        ],
        [
          0.024742,
          -0.884056,
          -0.466726,
          1.377394
        ],
        [
          0.0,
          0.0,
          0.0,
          1.0
        ]
      ]
    },
    {
      "file_path": "/media/NFS/ttao/scannet/posed_images/scene0481_01/00185.jpg",
      "transform_matrix": [
        [
          -0.141488,
          -0.488019,
          0.861289,
          5.293679
        ],
        [
          -0.989785,
          0.054327,
          -0.131814,
          4.23149
        ],
        [
          0.017536,
          -0.87114,
          -0.490721,
          1.381275
        ],
        [
          0.0,
          0.0,
          0.0,
          1.0
        ]
      ]
    },
    {
      "file_path": "/media/NFS/ttao/scannet/posed_images/scene0481_01/00189.jpg",
      "transform_matrix": [
        [
          -0.137093,
          -0.505803,
          0.851686,
          5.283797
        ],
        [
          -0.990212,
          0.047258,
          -0.131325,
          4.259772
        ],
        [
          0.026176,
          -0.861353,
          -0.507331,
          1.382488
        ],
        [
          0.0,
          0.0,
          0.0,
          1.0
        ]
      ]
    },
    {
      "file_path": "/media/NFS/ttao/scannet/posed_images/scene0481_01/00193.jpg",
      "transform_matrix": [
        [
          -0.11714,
          -0.514658,
          0.849356,
          5.270526
        ],
        [
          -0.992315,
          0.026314,
          -0.120912,
          4.276273
        ],
        [
          0.039879,
          -0.856992,
          -0.513785,
          1.380952
        ],
        [
          0.0,
          0.0,
          0.0,
          1.0
        ]
      ]
    },
    {
      "file_path": "/media/NFS/ttao/scannet/posed_images/scene0481_01/00199.jpg",
      "transform_matrix": [
        [
          -0.062752,
          -0.518618,
          0.852701,
          5.244618
        ],
        [
          -0.997468,
          0.003934,
          -0.071013,
          4.210837
        ],
        [
          0.033475,
          -0.854997,
          -0.517551,
          1.386903
        ],
        [
          0.0,
          0.0,
          0.0,
          1.0
        ]
      ]
    },
    {
      "file_path": "/media/NFS/ttao/scannet/posed_images/scene0481_01/00202.jpg",
      "transform_matrix": [
        [
          -0.026096,
          -0.515562,
          0.856455,
          5.215581
        ],
        [
          -0.998456,
          -0.028583,
          -0.047628,
          4.154567
        ],
        [
          0.049036,
          -0.856375,
          -0.51402,
          1.388301
        ],
        [
          0.0,
          0.0,
          0.0,
          1.0
        ]
      ]
    },
    {
      "file_path": "/media/NFS/ttao/scannet/posed_images/scene0481_01/00204.jpg",
      "transform_matrix": [
        [
          0.006428,
          -0.512959,
          0.858389,
          5.21771
        ],
        [
          -0.99794,
          -0.058088,
          -0.02724,
          4.123147
        ],
        [
          0.063835,
          -0.856446,
          -0.512275,
          1.39514
        ],
        [
          0.0,
          0.0,
          0.0,
          1.0
        ]
      ]
    },
    {
      "file_path": "/media/NFS/ttao/scannet/posed_images/scene0481_01/00212.jpg",
      "transform_matrix": [
        [
          0.179094,
          -0.487651,
          0.854472,
          5.169767
        ],
        [
          -0.982503,
          -0.133787,
          0.129576,
          3.9789
        ],
        [
          0.05113,
          -0.862727,
          -0.503079,
          1.408764
        ],
        [
          0.0,
          0.0,
          0.0,
          1.0
        ]
      ]
    },
    {
      "file_path": "/media/NFS/ttao/scannet/posed_images/scene0481_01/00213.jpg",
      "transform_matrix": [
        [
          0.194895,
          -0.481718,
          0.854379,
          5.170962
        ],
        [
          -0.979312,
          -0.143929,
          0.142243,
          3.958171
        ],
        [
          0.054449,
          -0.864426,
          -0.499803,
          1.4096
        ],
        [
          0.0,
          0.0,
          0.0,
          1.0
        ]
      ]
    },
    {
      "file_path": "/media/NFS/ttao/scannet/posed_images/scene0481_01/00216.jpg",
      "transform_matrix": [
        [
          0.232592,
          -0.473508,
          0.849524,
          5.167747
        ],
        [
          -0.970545,
          -0.169395,
          0.17131,
          3.915098
        ],
        [
          0.062789,
          -0.864347,
          -0.498961,
          1.400668
        ],
        [
          0.0,
          0.0,
          0.0,
          1.0
        ]
      ]
    },
    {
      "file_path": "/media/NFS/ttao/scannet/posed_images/scene0481_01/00222.jpg",
      "transform_matrix": [
        [
          0.351743,
          -0.461707,
          0.814311,
          5.197992
        ],
        [
          -0.932992,
          -0.243704,
          0.264829,
          3.802674
        ],
        [
          0.076178,
          -0.852898,
          -0.51649,
          1.389913
        ],
        [
          0.0,
          0.0,
          0.0,
          1.0
        ]
      ]
    },
    {
      "file_path": "/media/NFS/ttao/scannet/posed_images/scene0481_01/00227.jpg",
      "transform_matrix": [
        [
          0.431959,
          -0.455543,
          0.778391,
          5.235167
        ],
        [
          -0.896578,
          -0.310455,
          0.315856,
          3.703897
        ],
        [
          0.09777,
          -0.834325,
          -0.542534,
          1.390995
        ],
        [
          0.0,
          0.0,
          0.0,
          1.0
        ]
      ]
    },
    {
      "file_path": "/media/NFS/ttao/scannet/posed_images/scene0481_01/00232.jpg",
      "transform_matrix": [
        [
          0.489089,
          -0.431457,
          0.758048,
          5.257936
        ],
        [
          -0.869135,
          -0.314262,
          0.381894,
          3.610327
        ],
        [
          0.073455,
          -0.845626,
          -0.528697,
          1.411734
        ],
        [
          0.0,
          0.0,
          0.0,
          1.0
        ]
      ]
    },
    {
      "file_path": "/media/NFS/ttao/scannet/posed_images/scene0481_01/00236.jpg",
      "transform_matrix": [
        [
          0.541562,
          -0.39105,
          0.744171,
          5.2766
        ],
        [
          -0.838813,
          -0.310023,
          0.447525,
          3.526445
        ],
        [
          0.055705,
          -0.866583,
          -0.495914,
          1.419728
        ],
        [
          0.0,
          0.0,
          0.0,
          1.0
        ]
      ]
    },
    {
      "file_path": "/media/NFS/ttao/scannet/posed_images/scene0481_01/00238.jpg",
      "transform_matrix": [
        [
          0.565131,
          -0.372537,
          0.736099,
          5.289299
        ],
        [
          -0.823316,
          -0.311653,
          0.474365,
          3.475688
        ],
        [
          0.052689,
          -0.874122,
          -0.482841,
          1.417327
        ],
        [
          0.0,
          0.0,
          0.0,
          1.0
        ]
      ]
    },
    {
      "file_path": "/media/NFS/ttao/scannet/posed_images/scene0481_01/00244.jpg",
      "transform_matrix": [
        [
          0.627538,
          -0.367573,
          0.686357,
          5.356508
        ],
        [
          -0.776945,
          -0.352835,
          0.521406,
          3.30783
        ],
        [
          0.050516,
          -0.860464,
          -0.507002,
          1.43219
        ],
        [
          0.0,
          0.0,
          0.0,
          1.0
        ]
      ]
    },
    {
      "file_path": "/media/NFS/ttao/scannet/posed_images/scene0481_01/00247.jpg",
      "transform_matrix": [
        [
          0.648757,
          -0.35434,
          0.673467,
          5.389505
        ],
        [
          -0.759661,
          -0.353928,
          0.545573,
          3.247599
        ],
        [
          0.045041,
          -0.865551,
          -0.498792,
          1.442715
        ],
        [
          0.0,
          0.0,
          0.0,
          1.0
        ]
      ]
    },
    {
      "file_path": "/media/NFS/ttao/scannet/posed_images/scene0481_01/00249.jpg",
      "transform_matrix": [
        [
          0.657172,
          -0.35241,
          0.666282,
          5.406065
        ],
        [
          -0.753061,
          -0.344509,
          0.560547,
          3.222576
        ],
        [
          0.031998,
          -0.870127,
          -0.491788,
          1.449571
        ],
        [
          0.0,
          0.0,
          0.0,
          1.0
        ]
      ]
    },
    {
      "file_path": "/media/NFS/ttao/scannet/posed_images/scene0481_01/00256.jpg",
      "transform_matrix": [
        [
          0.715362,
          -0.3163,
          0.623066,
          5.483327
        ],
        [
          -0.698695,
          -0.335344,
          0.631957,
          3.150424
        ],
        [
          0.009054,
          -0.887411,
          -0.46089,
          1.445117
        ],
        [
          0.0,
          0.0,
          0.0,
          1.0
        ]
      ]
    },
    {
      "file_path": "/media/NFS/ttao/scannet/posed_images/scene0481_01/00259.jpg",
      "transform_matrix": [
        [
          0.739499,
          -0.30105,
          0.602089,
          5.531201
        ],
        [
          -0.673141,
          -0.337189,
          0.658168,
          3.120059
        ],
        [
          0.004877,
          -0.892005,
          -0.452,
          1.440782
        ],
        [
          0.0,
          0.0,
          0.0,
          1.0
        ]
      ]
    },
    {
      "file_path": "/media/NFS/ttao/scannet/posed_images/scene0481_01/00262.jpg",
      "transform_matrix": [
        [
          0.756282,
          -0.278001,
          0.592244,
          5.580607
        ],
        [
          -0.654122,
          -0.33889,
          0.676224,
          3.105405
        ],
        [
          0.012714,
          -0.898816,
          -0.438143,
          1.439585
        ],
        [
          0.0,
          0.0,
          0.0,
          1.0
        ]
      ]
    },
    {
      "file_path": "/media/NFS/ttao/scannet/posed_images/scene0481_01/00268.jpg",
      "transform_matrix": [
        [
          0.817896,
          -0.241064,
          0.52243,
          5.674735
        ],
        [
          -0.575113,
          -0.369423,
          0.729912,
          3.074735
        ],
        [
          0.017042,
          -0.897449,
          -0.440789,
          1.445266
        ],
        [
          0.0,
          0.0,
          0.0,
          1.0
        ]
      ]
    },
    {
      "file_path": "/media/NFS/ttao/scannet/posed_images/scene0481_01/00272.jpg",
      "transform_matrix": [
        [
          0.859507,
          -0.208212,
          0.466792,
          5.753814
        ],
        [
          -0.510942,
          -0.374371,
          0.773812,
          3.060435
        ],
        [
          0.013636,
          -0.9036,
          -0.428159,
          1.461775
        ],
        [
          0.0,
          0.0,
          0.0,
          1.0
        ]
      ]
    },
    {
      "file_path": "/media/NFS/ttao/scannet/posed_images/scene0481_01/00276.jpg",
      "transform_matrix": [
        [
          0.896147,
          -0.17757,
          0.406682,
          5.815584
        ],
        [
          -0.443603,
          -0.382756,
          0.81038,
          3.041393
        ],
        [
          0.011761,
          -0.906624,
          -0.421775,
          1.459499
        ],
        [
          0.0,
          0.0,
          0.0,
          1.0
        ]
      ]
    },
    {
      "file_path": "/media/NFS/ttao/scannet/posed_images/scene0481_01/00280.jpg",
      "transform_matrix": [
        [
          0.920424,
          -0.167016,
          0.353447,
          5.899693
        ],
        [
          -0.390867,
          -0.408168,
          0.824998,
          3.05073
        ],
        [
          0.006478,
          -0.897499,
          -0.440969,
          1.463487
        ],
        [
          0.0,
          0.0,
          0.0,
          1.0
        ]
      ]
    },
    {
      "file_path": "/media/NFS/ttao/scannet/posed_images/scene0481_01/00282.jpg",
      "transform_matrix": [
        [
          0.928436,
          -0.158672,
          0.335901,
          5.923549
        ],
        [
          -0.371387,
          -0.41786,
          0.829135,
          3.059423
        ],
        [
          0.008799,
          -0.894548,
          -0.446885,
          1.462688
        ],
        [
          0.0,
          0.0,
          0.0,
          1.0
        ]
      ]
    },
    {
      "file_path": "/media/NFS/ttao/scannet/posed_images/scene0481_01/00288.jpg",
      "transform_matrix": [
        [
          0.954729,
          -0.136247,
          0.264443,
          5.987508
        ],
        [
          -0.297456,
          -0.448057,
          0.843069,
          3.142586
        ],
        [
          0.00362,
          -0.883562,
          -0.4683,
          1.453311
        ],
        [
          0.0,
          0.0,
          0.0,
          1.0
        ]
      ]
    },
    {
      "file_path": "/media/NFS/ttao/scannet/posed_images/scene0481_01/00289.jpg",
      "transform_matrix": [
        [
          0.956093,
          -0.130519,
          0.262394,
          5.987456
        ],
        [
          -0.292946,
          -0.450901,
          0.843131,
          3.156972
        ],
        [
          0.008269,
          -0.88298,
          -0.469339,
          1.448699
        ],
        [
          0.0,
          0.0,
          0.0,
          1.0
        ]
      ]
    },
    {
      "file_path": "/media/NFS/ttao/scannet/posed_images/scene0481_01/00294.jpg",
      "transform_matrix": [
        [
          0.954018,
          -0.136149,
          0.267045,
          5.991487
        ],
        [
          -0.299745,
          -0.437795,
          0.847637,
          3.260243
        ],
        [
          0.001506,
          -0.888706,
          -0.458475,
          1.432926
        ],
        [
          0.0,
          0.0,
          0.0,
          1.0
        ]
      ]
    },
    {
      "file_path": "/media/NFS/ttao/scannet/posed_images/scene0481_01/00300.jpg",
      "transform_matrix": [
        [
          0.94853,
          -0.149311,
          0.279281,
          5.993998
        ],
        [
          -0.31655,
          -0.421012,
          0.850026,
          3.384684
        ],
        [
          -0.009337,
          -0.894682,
          -0.446607,
          1.435684
        ],
        [
          0.0,
          0.0,
          0.0,
          1.0
        ]
      ]
    },
    {
      "file_path": "/media/NFS/ttao/scannet/posed_images/scene0481_01/00301.jpg",
      "transform_matrix": [
        [
          0.948964,
          -0.149691,
          0.277598,
          5.99659
        ],
        [
          -0.315205,
          -0.420408,
          0.850825,
          3.406872
        ],
        [
          -0.010656,
          -0.894902,
          -0.446135,
          1.437516
        ],
        [
          0.0,
          0.0,
          0.0,
          1.0
        ]
      ]
    },
    {
      "file_path": "/media/NFS/ttao/scannet/posed_images/scene0481_01/00306.jpg",
      "transform_matrix": [
        [
          0.956881,
          -0.133279,
          0.258101,
          5.964361
        ],
        [
          -0.290321,
          -0.409318,
          0.86497,
          3.501348
        ],
        [
          -0.009637,
          -0.902605,
          -0.430362,
          1.435226
        ],
        [
          0.0,
          0.0,
          0.0,
          1.0
        ]
      ]
    },
    {
      "file_path": "/media/NFS/ttao/scannet/posed_images/scene0481_01/00311.jpg",
      "transform_matrix": [
        [
          0.968765,
          -0.127094,
          0.212936,
          5.953343
        ],
        [
          -0.246582,
          -0.402635,
          0.881523,
          3.586159
        ],
        [
          -0.026301,
          -0.906494,
          -0.421398,
          1.436056
