{
  "frames": [
    {
      "file_path": "/media/NFS/ttao/scannet/posed_images/scene0449_02/00003.jpg",
      "transform_matrix": [
        [
          0.895201,
          0.300713,
          -0.328917,
          1.906229
        ],
        [
          0.441769,
          -0.696107,
          0.565929,
          0.8262
        ],
        [
          -0.058779,
          -0.651925,
          -0.756002,
          1.18191
        ],
        [
          0.0,
          0.0,
          0.0,
          1.0
        ]
      ]
    },
    {
      "file_path": "/media/NFS/ttao/scannet/posed_images/scene0449_02/00008.jpg",
      "transform_matrix": [
        [
          0.900724,
          0.310917,
          -0.303358,
          1.925229
        ],
        [
          0.432654,
          -0.704514,
          0.562558,
          0.825573
        ],
        [
          -0.038811,
          -0.637958,
          -0.769092,
          1.164178
        ],
        [
          0.0,
          0.0,
          0.0,
          1.0
        ]
      ]
    },
    {
      "file_path": "/media/NFS/ttao/scannet/posed_images/scene0449_02/00013.jpg",
      "transform_matrix": [
        [
          0.906119,
          0.302049,
          -0.296165,
          1.939262
        ],
        [
          0.419691,
          -0.729594,
          0.539956,
          0.823979
        ],
        [
          -0.052987,
          -0.613562,
          -0.787867,
          1.143252
        ],
        [
          0.0,
          0.0,
          0.0,
          1.0
        ]
      ]
    },
    {
      "file_path": "/media/NFS/ttao/scannet/posed_images/scene0449_02/00020.jpg",
      "transform_matrix": [
        [
          0.914249,
          0.299533,
          -0.272815,
          1.95792
        ],
        [
          0.401979,
          -0.754734,
          0.518449,
          0.824112
        ],
        [
          -0.05061,
          -0.583658,
          -0.810421,
          1.102848
        ],
        [
          0.0,
          0.0,
          0.0,
          1.0
        ]
      ]
    },
    {
      "file_path": "/media/NFS/ttao/scannet/posed_images/scene0449_02/00025.jpg",
      "transform_matrix": [
        [
          0.91408,
          0.314458,
          -0.256073,
          1.959268
        ],
        [
          0.40362,
          -0.766709,
          0.499247,
          0.816263
        ],
        [
          -0.039342,
          -0.559708,
          -0.827755,
          1.074937
        ],
        [
          0.0,
          0.0,
          0.0,
          1.0
        ]
      ]
    },
    {
      "file_path": "/media/NFS/ttao/scannet/posed_images/scene0449_02/00030.jpg",
      "transform_matrix": [
        [
          0.901204,
          0.332796,
          -0.277629,
          1.95657
        ],
        [
          0.429899,
          -0.767636,
          0.475312,
          0.808956
        ],
        [
          -0.054936,
          -0.547706,
          -0.834865,
          1.070429
        ],
        [
          0.0,
          0.0,
          0.0,
          1.0
        ]
      ]
    },
    {
      "file_path": "/media/NFS/ttao/scannet/posed_images/scene0449_02/00031.jpg",
      "transform_matrix": [
        [
          0.899392,
          0.332622,
          -0.283647,
          1.952682
        ],
        [
          0.433538,
          -0.761864,
          0.481257,
          0.808015
        ],
        [
          -0.056024,
          -0.555811,
          -0.829419,
          1.075067
        ],
        [
          0.0,
          0.0,
          0.0,
          1.0
        ]
      ]
    },
    {
      "file_path": "/media/NFS/ttao/scannet/posed_images/scene0449_02/00041.jpg",
      "transform_matrix": [
        [
          0.852929,
          0.315884,
          -0.415608,
          1.931209
        ],
        [
          0.512354,
          -0.659113,
          0.550513,
          0.794868
        ],
        [
          -0.100034,
          -0.682486,
          -0.724021,
          1.137518
        ],
        [
          0.0,
          0.0,
          0.0,
          1.0
        ]
      ]
    },
    {
      "file_path": "/media/NFS/ttao/scannet/posed_images/scene0449_02/00046.jpg",
      "transform_matrix": [
        [
          0.841387,
          0.320018,
          -0.435495,
          1.916667
        ],
        [
          0.531264,
          -0.637583,
          0.557895,
          0.789073
        ],
        [
          -0.099127,
          -0.700768,
          -0.706468,
          1.158487
        ],
        [
          0.0,
          0.0,
          0.0,
          1.0
        ]
      ]
    },
    {
      "file_path": "/media/NFS/ttao/scannet/posed_images/scene0449_02/00053.jpg",
      "transform_matrix": [
        [
          0.853357,
          0.331802,
          -0.402107,
          1.897729
        ],
        [
          0.518262,
          -0.623458,
          0.58541,
          0.797957
        ],
        [
          -0.056457,
          -0.70796,
          -0.703993,
          1.177414
        ],
        [
          0.0,
          0.0,
          0.0,
          1.0
        ]
      ]
    },
    {
      "file_path": "/media/NFS/ttao/scannet/posed_images/scene0449_02/00054.jpg",
      "transform_matrix": [
        [
          0.852874,
          0.328376,
          -0.405926,
          1.894498
        ],
        [
          0.519227,
          -0.615131,
          0.59331,
          0.797363
        ],
        [
          -0.054869,
          -0.716786,
          -0.695131,
          1.182259
        ],
        [
          0.0,
          0.0,
          0.0,
          1.0
        ]
      ]
    },
    {
      "file_path": "/media/NFS/ttao/scannet/posed_images/scene0449_02/00059.jpg",
      "transform_matrix": [
        [
          0.848435,
          0.30628,
          -0.431684,
          1.883288
        ],
        [
          0.526783,
          -0.56806,
          0.632304,
          0.794201
        ],
        [
          -0.05156,
          -0.763872,
          -0.643305,
          1.211367
        ],
        [
          0.0,
          0.0,
          0.0,
          1.0
        ]
      ]
    },
    {
      "file_path": "/media/NFS/ttao/scannet/posed_images/scene0449_02/00067.jpg",
      "transform_matrix": [
        [
          0.869968,
          0.26236,
          -0.41752,
          1.880441
        ],
        [
          0.490883,
          -0.541122,
          0.682804,
          0.807105
        ],
        [
          -0.046789,
          -0.798971,
          -0.599547,
          1.254339
        ],
        [
          0.0,
          0.0,
          0.0,
          1.0
        ]
      ]
    },
    {
      "file_path": "/media/NFS/ttao/scannet/posed_images/scene0449_02/00074.jpg",
      "transform_matrix": [
        [
          0.889068,
          0.215499,
          -0.403878,
          1.888738
        ],
        [
          0.455844,
          -0.497722,
          0.737888,
          0.809849
        ],
        [
          -0.042005,
          -0.840139,
          -0.540743,
          1.278163
        ],
        [
          0.0,
          0.0,
          0.0,
          1.0
        ]
      ]
    },
    {
      "file_path": "/media/NFS/ttao/scannet/posed_images/scene0449_02/00076.jpg",
      "transform_matrix": [
        [
          0.892784,
          0.207516,
          -0.399841,
          1.890229
        ],
        [
          0.448343,
          -0.495748,
          0.743789,
          0.813071
        ],
        [
          -0.043872,
          -0.84331,
          -0.535634,
          1.284774
        ],
        [
          0.0,
          0.0,
          0.0,
          1.0
        ]
      ]
    },
    {
      "file_path": "/media/NFS/ttao/scannet/posed_images/scene0449_02/00085.jpg",
      "transform_matrix": [
        [
          0.900278,
          0.164468,
          -0.403051,
          1.902782
        ],
        [
          0.430168,
          -0.478085,
          0.765761,
          0.82685
        ],
        [
          -0.066749,
          -0.862778,
          -0.501158,
          1.311827
        ],
        [
          0.0,
          0.0,
          0.0,
          1.0
        ]
      ]
    },
    {
      "file_path": "/media/NFS/ttao/scannet/posed_images/scene0449_02/00089.jpg",
      "transform_matrix": [
        [
          0.901231,
          0.171378,
          -0.39801,
          1.905092
        ],
        [
          0.428744,
          -0.486038,
          0.761541,
          0.831753
        ],
        [
          -0.062936,
          -0.856969,
          -0.51151,
          1.308142
        ],
        [
          0.0,
          0.0,
          0.0,
          1.0
        ]
      ]
    },
    {
      "file_path": "/media/NFS/ttao/scannet/posed_images/scene0449_02/00095.jpg",
      "transform_matrix": [
        [
          0.896348,
          0.178598,
          -0.405786,
          1.902275
        ],
        [
          0.437669,
          -0.502518,
          0.745601,
          0.827773
        ],
        [
          -0.070752,
          -0.845918,
          -0.528599,
          1.289301
        ],
        [
          0.0,
          0.0,
          0.0,
          1.0
        ]
      ]
    },
    {
      "file_path": "/media/NFS/ttao/scannet/posed_images/scene0449_02/00099.jpg",
      "transform_matrix": [
        [
          0.888348,
          0.201613,
          -0.412541,
          1.893409
        ],
        [
          0.454737,
          -0.510839,
          0.72956,
          0.824416
        ],
        [
          -0.063653,
          -0.835701,
          -0.545483,
          1.277444
        ],
        [
          0.0,
          0.0,
          0.0,
          1.0
        ]
      ]
    },
    {
      "file_path": "/media/NFS/ttao/scannet/posed_images/scene0449_02/00103.jpg",
      "transform_matrix": [
        [
          0.871403,
          0.227145,
          -0.434813,
          1.880711
        ],
        [
          0.486268,
          -0.517053,
          0.704415,
          0.820933
        ],
        [
          -0.064817,
          -0.825265,
          -0.561014,
          1.271924
        ],
        [
          0.0,
          0.0,
          0.0,
          1.0
        ]
      ]
    },
    {
      "file_path": "/media/NFS/ttao/scannet/posed_images/scene0449_02/00112.jpg",
      "transform_matrix": [
        [
          0.821796,
          0.287617,
          -0.491863,
          1.841462
        ],
        [
          0.564723,
          -0.525935,
          0.635988,
          0.804199
        ],
        [
          -0.075767,
          -0.800418,
          -0.594634,
          1.252124
        ],
        [
          0.0,
          0.0,
          0.0,
          1.0
        ]
      ]
    },
    {
      "file_path": "/media/NFS/ttao/scannet/posed_images/scene0449_02/00117.jpg",
      "transform_matrix": [
        [
          0.80274,
          0.301677,
          -0.514393,
          1.822906
        ],
        [
          0.590651,
          -0.52099,
          0.616198,
          0.793786
        ],
        [
          -0.0821,
          -0.798473,
          -0.596406,
          1.250876
        ],
        [
          0.0,
          0.0,
          0.0,
          1.0
        ]
      ]
    },
    {
      "file_path": "/media/NFS/ttao/scannet/posed_images/scene0449_02/00123.jpg",
      "transform_matrix": [
        [
          0.795475,
          0.303164,
          -0.524702,
          1.807027
        ],
        [
          0.601274,
          -0.502642,
          0.621144,
          0.803402
        ],
        [
          -0.075429,
          -0.809594,
          -0.582124,
          1.268206
        ],
        [
          0.0,
          0.0,
          0.0,
          1.0
        ]
      ]
    },
    {
      "file_path": "/media/NFS/ttao/scannet/posed_images/scene0449_02/00128.jpg",
      "transform_matrix": [
        [
          0.8015,
          0.282518,
          -0.52705,
          1.805212
        ],
        [
          0.593367,
          -0.48517,
          0.642281,
          0.825632
        ],
        [
          -0.074253,
          -0.827523,
          -0.5565,
          1.292027
        ],
        [
          0.0,
          0.0,
          0.0,
          1.0
        ]
      ]
    },
    {
      "file_path": "/media/NFS/ttao/scannet/posed_images/scene0449_02/00130.jpg",
      "transform_matrix": [
        [
          0.799039,
          0.278301,
          -0.532997,
          1.810787
        ],
        [
          0.597048,
          -0.472222,
          0.648491,
          0.832842
        ],
        [
          -0.071217,
          -0.836394,
          -0.543482,
          1.29866
        ],
        [
          0.0,
          0.0,
          0.0,
          1.0
        ]
      ]
    },
    {
      "file_path": "/media/NFS/ttao/scannet/posed_images/scene0449_02/00140.jpg",
      "transform_matrix": [
        [
          0.747136,
          0.324801,
          -0.579907,
          1.847918
        ],
        [
          0.664025,
          -0.403212,
          0.629675,
          0.870719
        ],
        [
          -0.029307,
          -0.855526,
          -0.51693,
          1.309971
        ],
        [
          0.0,
          0.0,
          0.0,
          1.0
        ]
      ]
    },
    {
      "file_path": "/media/NFS/ttao/scannet/posed_images/scene0449_02/00141.jpg",
      "transform_matrix": [
        [
          0.742429,
          0.32742,
          -0.584462,
          1.851624
        ],
        [
          0.669298,
          -0.400267,
          0.625961,
          0.875304
        ],
        [
          -0.028989,
          -0.85591,
          -0.516311,
          1.310033
        ],
        [
          0.0,
          0.0,
          0.0,
          1.0
        ]
      ]
    },
    {
      "file_path": "/media/NFS/ttao/scannet/posed_images/scene0449_02/00148.jpg",
      "transform_matrix": [
        [
          0.707847,
          0.344414,
          -0.616711,
          1.870583
        ],
        [
          0.704923,
          -0.400208,
          0.585591,
          0.901971
        ],
        [
          -0.045127,
          -0.849242,
          -0.526071,
          1.31138
        ],
        [
          0.0,
          0.0,
          0.0,
          1.0
        ]
      ]
    },
    {
      "file_path": "/media/NFS/ttao/scannet/posed_images/scene0449_02/00156.jpg",
      "transform_matrix": [
        [
          0.694742,
          0.318011,
          -0.645137,
          1.886892
        ],
        [
          0.716763,
          -0.380765,
          0.584183,
          0.926004
        ],
        [
          -0.059869,
          -0.868267,
          -0.492472,
          1.333977
        ],
        [
          0.0,
          0.0,
          0.0,
          1.0
        ]
      ]
    },
    {
      "file_path": "/media/NFS/ttao/scannet/posed_images/scene0449_02/00161.jpg",
      "transform_matrix": [
        [
          0.689418,
          0.30678,
          -0.656193,
          1.892276
        ],
        [
          0.721529,
          -0.370914,
          0.584653,
          0.92589
        ],
        [
          -0.064031,
          -0.876532,
          -0.477065,
          1.338645
        ],
        [
          0.0,
          0.0,
          0.0,
          1.0
        ]
      ]
    },
    {
      "file_path": "/media/NFS/ttao/scannet/posed_images/scene0449_02/00163.jpg",
      "transform_matrix": [
        [
          0.68806,
          0.306993,
          -0.657517,
          1.893144
        ],
        [
          0.72277,
          -0.370636,
          0.583295,
          0.925986
        ],
        [
          -0.064632,
          -0.876575,
          -0.476906,
          1.338344
        ],
        [
          0.0,
          0.0,
          0.0,
          1.0
        ]
      ]
    },
    {
      "file_path": "/media/NFS/ttao/scannet/posed_images/scene0449_02/00169.jpg",
      "transform_matrix": [
        [
          0.673196,
          0.322415,
          -0.665473,
          1.889341
        ],
        [
          0.736924,
          -0.367036,
          0.567651,
          0.920152
        ],
        [
          -0.061233,
          -0.872544,
          -0.484683,
          1.331921
        ],
        [
          0.0,
          0.0,
          0.0,
          1.0
        ]
      ]
    },
    {
      "file_path": "/media/NFS/ttao/scannet/posed_images/scene0449_02/00174.jpg",
      "transform_matrix": [
        [
          0.658406,
          0.331209,
          -0.675872,
          1.884574
        ],
        [
          0.748723,
          -0.37998,
          0.543166,
          0.909976
        ],
        [
          -0.076917,
          -0.863664,
          -0.498165,
          1.317656
        ],
        [
          0.0,
          0.0,
          0.0,
          1.0
        ]
      ]
    },
    {
      "file_path": "/media/NFS/ttao/scannet/posed_images/scene0449_02/00179.jpg",
      "transform_matrix": [
        [
          0.645556,
          0.345531,
          -0.681077,
          1.881733
        ],
        [
          0.757065,
          -0.406939,
          0.511129,
          0.894715
        ],
        [
          -0.100546,
          -0.845582,
          -0.524292,
          1.291861
        ],
        [
          0.0,
          0.0,
          0.0,
          1.0
        ]
      ]
    },
    {
      "file_path": "/media/NFS/ttao/scannet/posed_images/scene0449_02/00189.jpg",
      "transform_matrix": [
        [
          0.592898,
          0.450871,
          -0.667223,
          1.876081
        ],
        [
          0.798142,
          -0.439073,
          0.412533,
          0.874613
        ],
        [
          -0.106961,
          -0.777129,
          -0.620185,
          1.241816
        ],
        [
          0.0,
          0.0,
          0.0,
          1.0
        ]
      ]
    },
    {
      "file_path": "/media/NFS/ttao/scannet/posed_images/scene0449_02/00194.jpg",
      "transform_matrix": [
        [
          0.592449,
          0.475095,
          -0.650607,
          1.86811
        ],
        [
          0.79932,
          -0.447367,
          0.401186,
          0.861528
        ],
        [
          -0.100459,
          -0.757725,
          -0.644795,
          1.223333
        ],
        [
          0.0,
          0.0,
          0.0,
          1.0
        ]
      ]
    },
    {
      "file_path": "/media/NFS/ttao/scannet/posed_images/scene0449_02/00200.jpg",
      "transform_matrix": [
        [
          0.588943,
          0.507365,
          -0.629068,
          1.850345
        ],
        [
          0.804493,
          -0.442265,
          0.396476,
          0.832178
        ],
        [
          -0.077057,
          -0.739583,
          -0.66864,
          1.211527
        ],
        [
          0.0,
          0.0,
          0.0,
          1.0
        ]
      ]
    },
    {
      "file_path": "/media/NFS/ttao/scannet/posed_images/scene0449_02/00202.jpg",
      "transform_matrix": [
        [
          0.585067,
          0.515445,
          -0.62611,
          1.843417
        ],
        [
          0.808346,
          -0.432885,
          0.398984,
          0.817584
        ],
        [
          -0.065379,
          -0.739545,
          -0.669924,
          1.208751
        ],
        [
          0.0,
          0.0,
          0.0,
          1.0
        ]
      ]
    },
    {
      "file_path": "/media/NFS/ttao/scannet/posed_images/scene0449_02/00210.jpg",
      "transform_matrix": [
        [
          0.540138,
          0.512273,
          -0.667703,
          1.816526
        ],
        [
          0.840599,
          -0.366624,
          0.398723,
          0.763133
        ],
        [
          -0.040541,
          -0.776636,
          -0.628644,
          1.232213
        ],
        [
          0.0,
          0.0,
          0.0,
          1.0
        ]
      ]
    },
    {
      "file_path": "/media/NFS/ttao/scannet/posed_images/scene0449_02/00217.jpg",
      "transform_matrix": [
        [
          0.540995,
          0.464648,
          -0.701019,
          1.802494
        ],
        [
          0.840229,
          -0.334889,
          0.426457,
          0.738895
        ],
        [
          -0.036611,
          -0.819727,
          -0.571583,
          1.263344
        ],
        [
          0.0,
          0.0,
          0.0,
          1.0
        ]
      ]
    },
    {
      "file_path": "/media/NFS/ttao/scannet/posed_images/scene0449_02/00222.jpg",
      "transform_matrix": [
        [
          0.540928,
          0.426045,
          -0.725178,
          1.804262
        ],
        [
          0.84029,
          -0.310856,
          0.444164,
          0.736622
        ],
        [
          -0.036192,
          -0.84962,
          -0.526152,
          1.287963
        ],
        [
          0.0,
          0.0,
          0.0,
          1.0
        ]
      ]
    },
    {
      "file_path": "/media/NFS/ttao/scannet/posed_images/scene0449_02/00227.jpg",
      "transform_matrix": [
        [
          0.5484,
          0.410937,
          -0.728277,
          1.806958
        ],
        [
          0.835384,
          -0.308084,
          0.455212,
          0.744852
        ],
        [
          -0.037307,
          -0.85803,
          -0.512244,
          1.30455
        ],
        [
          0.0,
          0.0,
          0.0,
          1.0
        ]
      ]
    },
    {
      "file_path": "/media/NFS/ttao/scannet/posed_images/scene0449_02/00228.jpg",
      "transform_matrix": [
        [
          0.549433,
          0.409496,
          -0.728311,
          1.807972
        ],
        [
          0.834687,
          -0.308327,
          0.456324,
          0.747231
        ],
        [
          -0.037695,
          -0.858631,
          -0.511206,
          1.307563
        ],
        [
          0.0,
          0.0,
          0.0,
          1.0
        ]
      ]
    },
    {
      "file_path": "/media/NFS/ttao/scannet/posed_images/scene0449_02/00238.jpg",
      "transform_matrix": [
        [
          0.564316,
          0.34438,
          -0.750299,
          1.828212
        ],
        [
          0.824495,
          -0.281229,
          0.491038,
          0.78052
        ],
        [
          -0.041902,
          -0.895719,
          -0.442642,
          1.34844
        ],
        [
          0.0,
          0.0,
          0.0,
          1.0
        ]
      ]
    },
    {
      "file_path": "/media/NFS/ttao/scannet/posed_images/scene0449_02/00243.jpg",
      "transform_matrix": [
        [
          0.56755,
          0.312965,
          -0.761538,
          1.834777
        ],
        [
          0.821928,
          -0.269492,
          0.501805,
          0.79101
        ],
        [
          -0.04818,
          -0.910729,
          -0.410185,
          1.365924
        ],
        [
          0.0,
          0.0,
          0.0,
          1.0
        ]
      ]
    },
    {
      "file_path": "/media/NFS/ttao/scannet/posed_images/scene0449_02/00250.jpg",
      "transform_matrix": [
        [
          0.551103,
          0.283095,
          -0.784947,
          1.837508
        ],
        [
          0.832336,
          -0.253217,
          0.49305,
          0.795057
        ],
        [
          -0.059182,
          -0.925061,
          -0.375178,
          1.378843
        ],
        [
          0.0,
          0.0,
          0.0,
          1.0
        ]
      ]
    },
    {
      "file_path": "/media/NFS/ttao/scannet/posed_images/scene0449_02/00255.jpg",
      "transform_matrix": [
        [
          0.546554,
          0.257238,
          -0.796936,
          1.83665
        ],
        [
          0.834628,
          -0.245025,
          0.493314,
          0.801001
        ],
        [
          -0.06837,
          -0.934768,
          -0.348618,
          1.397001
        ],
        [
          0.0,
          0.0,
          0.0,
          1.0
        ]
      ]
    },
    {
      "file_path": "/media/NFS/ttao/scannet/posed_images/scene0449_02/00259.jpg",
      "transform_matrix": [
        [
          0.536823,
          0.235934,
          -0.810035,
          1.839214
        ],
        [
          0.840825,
          -0.228734,
          0.490606,
          0.800669
        ],
        [
          -0.069532,
          -0.944466,
          -0.321168,
          1.408127
        ],
        [
          0.0,
          0.0,
          0.0,
          1.0
        ]
      ]
    },
    {
      "file_path": "/media/NFS/ttao/scannet/posed_images/scene0449_02/00264.jpg",
      "transform_matrix": [
        [
          0.529965,
          0.216906,
          -0.81981,
          1.842188
        ],
        [
          0.846121,
          -0.199912,
          0.49408,
          0.796595
        ],
        [
          -0.05672,
          -0.955503,
          -0.289475,
          1.41839
        ],
        [
          0.0,
          0.0,
          0.0,
          1.0
        ]
      ]
    },
    {
      "file_path": "/media/NFS/ttao/scannet/posed_images/scene0449_02/00269.jpg",
      "transform_matrix": [
        [
          0.52096,
          0.199361,
          -0.829973,
          1.843994
        ],
        [
          0.851933,
          -0.181832,
          0.491067,
          0.796441
        ],
        [
          -0.053016,
          -0.962908,
          -0.26457,
          1.431708
        ],
        [
          0.0,
          0.0,
          0.0,
          1.0
        ]
      ]
    },
    {
      "file_path": "/media/NFS/ttao/scannet/posed_images/scene0449_02/00276.jpg",
      "transform_matrix": [
        [
          0.514263,
          0.168912,
          -0.840834,
          1.843915
        ],
        [
          0.856032,
          -0.160957,
          0.491224,
          0.799667
        ],
        [
          -0.052365,
          -0.9724,
          -0.227368,
          1.45446
        ],
        [
          0.0,
          0.0,
          0.0,
          1.0
        ]
      ]
    },
    {
      "file_path": "/media/NFS/ttao/scannet/posed_images/scene0449_02/00277.jpg",
      "transform_matrix": [
        [
          0.514178,
          0.166024,
          -0.841461,
          1.843915
        ],
        [
          0.856132,
          -0.158341,
          0.491901,
          0.800497
        ],
        [
          -0.051571,
          -0.973326,
          -0.223554,
          1.456708
        ],
        [
          0.0,
          0.0,
          0.0,
          1.0
        ]
      ]
    },
    {
      "file_path": "/media/NFS/ttao/scannet/posed_images/scene0449_02/00287.jpg",
      "transform_matrix": [
        [
          0.49566,
          0.135087,
          -0.857947,
          1.843043
        ],
        [
          0.866886,
          -0.137442,
          0.479184,
          0.791758
        ],
        [
          -0.053187,
          -0.981255,
          -0.18523,
          1.476253
        ],
        [
          0.0,
          0.0,
          0.0,
          1.0
        ]
      ]
    },
    {
      "file_path": "/media/NFS/ttao/scannet/posed_images/scene0449_02/00289.jpg",
      "transform_matrix": [
        [
          0.493797,
          0.130728,
          -0.859694,
          1.842031
        ],
        [
          0.867706,
          -0.138905,
          0.477276,
          0.790557
        ],
        [
          -0.057023,
          -0.981639,
          -0.182025,
          1.476817
        ],
        [
          0.0,
          0.0,
          0.0,
          1.0
        ]
      ]
    },
    {
      "file_path": "/media/NFS/ttao/scannet/posed_images/scene0449_02/00294.jpg",
      "transform_matrix": [
        [
          0.491497,
          0.14576,
          -0.858595,
          1.838312
        ],
        [
          0.869264,
          -0.142129,
          0.473476,
          0.789523
        ],
        [
          -0.053018,
          -0.979057,
          -0.19656,
          1.46312
        ],
        [
          0.0,
          0.0,
          0.0,
          1.0
        ]
      ]
    },
    {
      "file_path": "/media/NFS/ttao/scannet/posed_images/scene0449_02/00300.jpg",
      "transform_matrix": [
        [
          0.480507,
          0.19957,
          -0.853981,
          1.826896
        ],
        [
          0.875138,
          -0.172381,
          0.452127,
          0.787594
        ],
        [
          -0.056979,
          -0.964602,
          -0.257482,
          1.433193
        ],
        [
          0.0,
          0.0,
          0.0,
          1.0
        ]
      ]
    },
    {
      "file_path": "/media/NFS/ttao/scannet/posed_images/scene0449_02/00305.jpg",
      "transform_matrix": [
        [
          0.472437,
          0.241552,
          -0.847618,
          1.817621
        ],
        [
          0.879509,
          -0.191574,
          0.435617,
          0.779674
        ],
        [
          -0.057157,
          -0.951289,
          -0.302955,
          1.412488
        ],
        [
          0.0,
          0.0,
          0.0,
          1.0
        ]
      ]
    },
    {
      "file_path": "/media/NFS/ttao/scannet/posed_images/scene0449_02/00310.jpg",
      "transform_matrix": [
        [
          0.4583,
          0.293365,
          -0.838986,
          1.809849
        ],
        [
          0.88718,
          -0.20792,
          0.411923,
          0.774505
        ],
        [
          -0.053599,
          -0.933116,
          -0.355557,
          1.391161
        ],
        [
          0.0,
          0.0,
          0.0,
          1.0
        ]
      ]
    },
    {
      "file_path": "/media/NFS/ttao/scannet/posed_images/scene0449_02/00320.jpg",
      "transform_matrix": [
        [
          0.425338,
          0.39747,
          -0.813084,
          1.796284
        ],
        [
          0.904347,
          -0.221677,
          0.364714,
          0.75513
        ],
        [
          -0.035279,
          -0.890436,
          -0.453738,
          1.341626
        ],
        [
          0.0,
          0.0,
          0.0,
          1.0
        ]
      ]
    },
    {
      "file_path": "/media/NFS/ttao/scannet/posed_images/scene0449_02/00322.jpg",
      "transform_matrix": [
        [
          0.42327,
          0.414536,
          -0.805607,
          1.793828
        ],
        [
          0.905254,
          -0.229661,
          0.35745,
          0.75018
        ],
        [
          -0.036841,
          -0.880577,
          -0.472469,
          1.329441
        ],
        [
          0.0,
          0.0,
          0.0,
          1.0
        ]
      ]
    },
    {
      "file_path": "/media/NFS/ttao/scannet/posed_images/scene0449_02/00327.jpg",
      "transform_matrix": [
        [
          0.416772,
          0.450498,
          -0.789527,
          1.790276
        ],
        [
          0.907411,
          -0.257698,
          0.331959,
          0.740993
        ],
        [
          -0.053913,
          -0.854777,
          -0.516188,
          1.303457
        ],
        [
          0.0,
          0.0,
          0.0,
          1.0
        ]
      ]
    },
    {
      "file_path": "/media/NFS/ttao/scannet/posed_images/scene0449_02/00337.jpg",
      "transform_matrix": [
        [
          0.410372,
          0.520516,
          -0.748771,
          1.790592
        ],
        [
          0.909698,
          -0.290923,
          0.296331,
          0.707121
        ],
        [
          -0.06359,
          -0.802762,
          -0.592899,
          1.249415
        ],
        [
          0.0,
          0.0,
          0.0,
          1.0
        ]
      ]
    },
    {
      "file_path": "/media/NFS/ttao/scannet/posed_images/scene0449_02/00342.jpg",
      "transform_matrix": [
        [
          0.402666,
          0.533843,
          -0.743554,
          1.797813
        ],
        [
          0.913915,
          -0.279893,
          0.293972,
          0.693895
        ],
        [
          -0.05118,
          -0.797917,
          -0.60059,
          1.233133
        ],
        [
          0.0,
          0.0,
          0.0,
          1.0
        ]
      ]
    },
    {
      "file_path": "/media/NFS/ttao/scannet/posed_images/scene0449_02/00343.jpg",
      "transform_matrix": [
        [
          0.40349,
          0.535689,
          -0.741777,
          1.800151
        ],
        [
          0.913829,
          -0.276659,
          0.297283,
          0.690603
        ],
        [
          -0.045969,
          -0.797808,
          -0.601157,
          1.228931
        ],
        [
          0.0,
          0.0,
          0.0,
          1.0
        ]
      ]
    },
    {
      "file_path": "/media/NFS/ttao/scannet/posed_images/scene0449_02/00351.jpg",
      "transform_matrix": [
        [
          0.417967,
          0.529505,
          -0.738192,
          1.804251
        ],
        [
          0.908041,
          -0.268224,
          0.321739,
          0.670085
        ],
        [
          -0.027639,
          -0.804786,
          -0.592921,
          1.234391
        ],
        [
          0.0,
          0.0,
          0.0,
          1.0
        ]
      ]
    },
    {
      "file_path": "/media/NFS/ttao/scannet/posed_images/scene0449_02/00355.jpg",
      "transform_matrix": [
        [
          0.419869,
          0.52543,
          -0.740022,
          1.802097
        ],
        [
          0.907357,
          -0.261269,
          0.329304,
          0.662415
        ],
        [
          -0.020319,
          -0.809729,
          -0.586452,
          1.238833
        ],
        [
          0.0,
          0.0,
          0.0,
          1.0
        ]
      ]
    },
    {
      "file_path": "/media/NFS/ttao/scannet/posed_images/scene0449_02/00361.jpg",
      "transform_matrix": [
        [
          0.414458,
          0.542313,
          -0.730836,
          1.807086
        ],
        [
          0.910068,
          -0.247304,
          0.332591,
          0.658807
        ],
        [
          -0.00037,
          -0.802956,
          -0.596039,
          1.230423
        ],
        [
          0.0,
          0.0,
          0.0,
          1.0
        ]
      ]
    },
    {
      "file_path": "/media/NFS/ttao/scannet/posed_images/scene0449_02/00369.jpg",
      "transform_matrix": [
        [
          0.338251,
          0.508912,
          -0.791577,
          1.812266
        ],
        [
          0.939843,
          -0.225382,
          0.256706,
          0.677132
        ],
        [
          -0.047767,
          -0.83079,
          -0.554533,
          1.264161
        ],
        [
          0.0,
          0.0,
          0.0,
          1.0
        ]
      ]
    },
    {
      "file_path": "/media/NFS/ttao/scannet/posed_images/scene0449_02/00374.jpg",
      "transform_matrix": [
        [
          0.283808,
          0.48619,
          -0.826482,
          1.809994
        ],
        [
          0.957224,
          -0.194298,
          0.214405,
          0.719618
        ],
        [
          -0.056343,
          -0.851978,
          -0.520536,
          1.291132
        ],
        [
          0.0,
          0.0,
          0.0,
          1.0
        ]
      ]
    },
    {
      "file_path": "/media/NFS/ttao/scannet/posed_images/scene0449_02/00378.jpg",
      "transform_matrix": [
        [
          0.253016,
          0.464691,
          -0.848555,
          1.801922
        ],
        [
          0.966778,
          -0.154425,
          0.203699,
          0.761555
        ],
        [
          -0.036381,
          -0.871903,
          -0.488325,
          1.312634
        ],
        [
          0.0,
          0.0,
          0.0,
          1.0
        ]
      ]
    },
    {
      "file_path": "/media/NFS/ttao/scannet/posed_images/scene0449_02/00386.jpg",
      "transform_matrix": [
        [
          0.195779,
          0.395695,
          -0.897271,
          1.793131
        ],
        [
          0.979629,
          -0.120624,
          0.160553,
          0.815494
        ],
        [
          -0.044702,
          -0.910426,
          -0.41125,
          1.357856
        ],
        [
          0.0,
          0.0,
          0.0,
          1.0
        ]
      ]
    },
    {
      "file_path": "/media/NFS/ttao/scannet/posed_images/scene0449_02/00391.jpg",
      "transform_matrix": [
        [
          0.157629,
          0.364404,
          -0.917804,
          1.790379
        ],
        [
          0.985858,
          -0.111627,
          0.124996,
          0.828449
        ],
        [
          -0.056903,
          -0.924527,
          -0.376846,
          1.380472
        ],
        [
          0.0,
          0.0,
          0.0,
          1.0
        ]
      ]
    },
    {
      "file_path": "/media/NFS/ttao/scannet/posed_images/scene0449_02/00397.jpg",
      "transform_matrix": [
        [
          0.134467,
          0.350314,
          -0.92693,
          1.78668
        ],
        [
          0.989565,
          -0.096333,
          0.107146,
          0.834284
        ],
        [
          -0.051759,
          -0.931665,
          -0.359612,
          1.397935
        ],
        [
          0.0,
          0.0,
          0.0,
          1.0
        ]
      ]
    },
    {
      "file_path": "/media/NFS/ttao/scannet/posed_images/scene0449_02/00401.jpg",
      "transform_matrix": [
        [
          0.128503,
          0.342647,
          -0.930634,
          1.784875
        ],
        [
          0.990998,
          -0.079891,
          0.107423,
          0.839643
        ],
        [
          -0.037541,
          -0.936061,
          -0.349829,
          1.404125
        ],
        [
          0.0,
          0.0,
          0.0,
          1.0
        ]
      ]
    },
    {
      "file_path": "/media/NFS/ttao/scannet/posed_images/scene0449_02/00407.jpg",
      "transform_matrix": [
        [
          0.122058,
          0.312123,
          -0.942168,
          1.786174
        ],
        [
          0.99196,
          -0.070326,
          0.105211,
          0.844962
        ],
        [
          -0.03342,
          -0.947435,
          -0.318197,
          1.425328
        ],
        [
          0.0,
          0.0,
          0.0,
          1.0
        ]
      ]
    },
    {
      "file_path": "/media/NFS/ttao/scannet/posed_images/scene0449_02/00410.jpg",
      "transform_matrix": [
        [
          0.11933,
          0.291327,
          -0.949152,
          1.790504
        ],
        [
          0.992137,
          -0.071321,
          0.102843,
          0.847439
        ],
        [
          -0.037733,
          -0.953961,
          -0.297547,
          1.429758
        ],
        [
          0.0,
          0.0,
          0.0,
          1.0
        ]
      ]
    },
    {
      "file_path": "/media/NFS/ttao/scannet/posed_images/scene0449_02/00419.jpg",
      "transform_matrix": [
        [
          0.08956,
          0.257016,
          -0.962248,
          1.803846
        ],
        [
          0.994889,
          -0.06832,
          0.07435,
          0.846611
        ],
        [
          -0.046631,
          -0.963989,
          -0.261822,
          1.444225
        ],
        [
          0.0,
          0.0,
          0.0,
          1.0
        ]
      ]
    },
    {
      "file_path": "/media/NFS/ttao/scannet/posed_images/scene0449_02/00422.jpg",
      "transform_matrix": [
        [
          0.085403,
          0.252606,
          -0.963793,
          1.806209
        ],
        [
          0.995289,
          -0.06619,
          0.070845,
          0.843874
        ],
        [
          -0.045897,
          -0.965303,
          -0.257069,
          1.443367
        ],
        [
