{
  "frames": [
    {
      "file_path": "/media/NFS/ttao/scannet/posed_images/scene0488_01/00001.jpg",
      "transform_matrix": [
        [
          0.507876,
          -0.266944,
          0.819026,
          0.844707
        ],
        [
          -0.861429,
          -0.159156,
          0.482296,
          4.209101
        ],
        [
          0.001607,
          -0.950479,
          -0.310785,
          1.503707
        ],
        [
          0.0,
          0.0,
          0.0,
          1.0
        ]
      ]
    },
    {
      "file_path": "/media/NFS/ttao/scannet/posed_images/scene0488_01/00003.jpg",
      "transform_matrix": [
        [
          0.505629,
          -0.264367,
          0.821249,
          0.83953
        ],
        [
          -0.862716,
          -0.163462,
          0.47854,
          4.216882
        ],
        [
          0.007733,
          -0.950469,
          -0.310725,
          1.520528
        ],
        [
          0.0,
          0.0,
          0.0,
          1.0
        ]
      ]
    },
    {
      "file_path": "/media/NFS/ttao/scannet/posed_images/scene0488_01/00007.jpg",
      "transform_matrix": [
        [
          0.509009,
          -0.247917,
          0.824286,
          0.832505
        ],
        [
          -0.860747,
          -0.152215,
          0.485743,
          4.215314
        ],
        [
          0.005045,
          -0.956749,
          -0.290873,
          1.522416
        ],
        [
          0.0,
          0.0,
          0.0,
          1.0
        ]
      ]
    },
    {
      "file_path": "/media/NFS/ttao/scannet/posed_images/scene0488_01/00013.jpg",
      "transform_matrix": [
        [
          0.543318,
          -0.233764,
          0.806325,
          0.838305
        ],
        [
          -0.839401,
          -0.134656,
          0.526568,
          4.200626
        ],
        [
          -0.014516,
          -0.962924,
          -0.269382,
          1.573956
        ],
        [
          0.0,
          0.0,
          0.0,
          1.0
        ]
      ]
    },
    {
      "file_path": "/media/NFS/ttao/scannet/posed_images/scene0488_01/00014.jpg",
      "transform_matrix": [
        [
          0.544136,
          -0.224429,
          0.808423,
          0.836483
        ],
        [
          -0.838915,
          -0.13208,
          0.527993,
          4.204213
        ],
        [
          -0.01172,
          -0.965498,
          -0.260146,
          1.581976
        ],
        [
          0.0,
          0.0,
          0.0,
          1.0
        ]
      ]
    },
    {
      "file_path": "/media/NFS/ttao/scannet/posed_images/scene0488_01/00018.jpg",
      "transform_matrix": [
        [
          0.550651,
          -0.185887,
          0.813775,
          0.825371
        ],
        [
          -0.834599,
          -0.104977,
          0.540763,
          4.20131
        ],
        [
          -0.015093,
          -0.976947,
          -0.212947,
          1.585235
        ],
        [
          0.0,
          0.0,
          0.0,
          1.0
        ]
      ]
    },
    {
      "file_path": "/media/NFS/ttao/scannet/posed_images/scene0488_01/00024.jpg",
      "transform_matrix": [
        [
          0.573483,
          -0.142004,
          0.806816,
          0.816166
        ],
        [
          -0.818725,
          -0.065195,
          0.570474,
          4.202375
        ],
        [
          -0.028409,
          -0.987717,
          -0.153651,
          1.617877
        ],
        [
          0.0,
          0.0,
          0.0,
          1.0
        ]
      ]
    },
    {
      "file_path": "/media/NFS/ttao/scannet/posed_images/scene0488_01/00026.jpg",
      "transform_matrix": [
        [
          0.575521,
          -0.128832,
          0.807575,
          0.810647
        ],
        [
          -0.817432,
          -0.061513,
          0.572732,
          4.198619
        ],
        [
          -0.02411,
          -0.989757,
          -0.140714,
          1.62765
        ],
        [
          0.0,
          0.0,
          0.0,
          1.0
        ]
      ]
    },
    {
      "file_path": "/media/NFS/ttao/scannet/posed_images/scene0488_01/00030.jpg",
      "transform_matrix": [
        [
          0.572439,
          -0.096648,
          0.814231,
          0.805912
        ],
        [
          -0.819737,
          -0.044979,
          0.570971,
          4.19619
        ],
        [
          -0.01856,
          -0.994302,
          -0.104974,
          1.632939
        ],
        [
          0.0,
          0.0,
          0.0,
          1.0
        ]
      ]
    },
    {
      "file_path": "/media/NFS/ttao/scannet/posed_images/scene0488_01/00033.jpg",
      "transform_matrix": [
        [
          0.571565,
          -0.076562,
          0.816977,
          0.795469
        ],
        [
          -0.820402,
          -0.033987,
          0.570776,
          4.205596
        ],
        [
          -0.015933,
          -0.996485,
          -0.082237,
          1.652278
        ],
        [
          0.0,
          0.0,
          0.0,
          1.0
        ]
      ]
    },
    {
      "file_path": "/media/NFS/ttao/scannet/posed_images/scene0488_01/00038.jpg",
      "transform_matrix": [
        [
          0.562517,
          -0.046737,
          0.825464,
          0.789668
        ],
        [
          -0.826569,
          -0.008914,
          0.562766,
          4.202474
        ],
        [
          -0.018943,
          -0.998868,
          -0.043646,
          1.648017
        ],
        [
          0.0,
          0.0,
          0.0,
          1.0
        ]
      ]
    },
    {
      "file_path": "/media/NFS/ttao/scannet/posed_images/scene0488_01/00042.jpg",
      "transform_matrix": [
        [
          0.563343,
          -0.033123,
          0.825559,
          0.794058
        ],
        [
          -0.826019,
          -0.000348,
          0.563643,
          4.184511
        ],
        [
          -0.018382,
          -0.999451,
          -0.027556,
          1.670765
        ],
        [
          0.0,
          0.0,
          0.0,
          1.0
        ]
      ]
    },
    {
      "file_path": "/media/NFS/ttao/scannet/posed_images/scene0488_01/00044.jpg",
      "transform_matrix": [
        [
          0.567025,
          -0.021783,
          0.823413,
          0.796388
        ],
        [
          -0.823578,
          0.00229,
          0.567199,
          4.171144
        ],
        [
          -0.014241,
          -0.99976,
          -0.016641,
          1.669955
        ],
        [
          0.0,
          0.0,
          0.0,
          1.0
        ]
      ]
    },
    {
      "file_path": "/media/NFS/ttao/scannet/posed_images/scene0488_01/00047.jpg",
      "transform_matrix": [
        [
          0.558076,
          -0.022264,
          0.829491,
          0.795628
        ],
        [
          -0.829747,
          -0.004873,
          0.558118,
          4.172723
        ],
        [
          -0.008384,
          -0.99974,
          -0.021193,
          1.683887
        ],
        [
          0.0,
          0.0,
          0.0,
          1.0
        ]
      ]
    },
    {
      "file_path": "/media/NFS/ttao/scannet/posed_images/scene0488_01/00050.jpg",
      "transform_matrix": [
        [
          0.549492,
          -0.014098,
          0.83538,
          0.800326
        ],
        [
          -0.835354,
          0.009367,
          0.549633,
          4.166399
        ],
        [
          -0.015573,
          -0.999857,
          -0.006629,
          1.658833
        ],
        [
          0.0,
          0.0,
          0.0,
          1.0
        ]
      ]
    },
    {
      "file_path": "/media/NFS/ttao/scannet/posed_images/scene0488_01/00055.jpg",
      "transform_matrix": [
        [
          0.555191,
          -0.016371,
          0.831562,
          0.797369
        ],
        [
          -0.831044,
          0.029463,
          0.555426,
          4.168413
        ],
        [
          -0.033593,
          -0.999432,
          0.002752,
          1.677294
        ],
        [
          0.0,
          0.0,
          0.0,
          1.0
        ]
      ]
    },
    {
      "file_path": "/media/NFS/ttao/scannet/posed_images/scene0488_01/00059.jpg",
      "transform_matrix": [
        [
          0.542048,
          -0.012086,
          0.840261,
          0.803547
        ],
        [
          -0.83979,
          0.028637,
          0.542156,
          4.157073
        ],
        [
          -0.030615,
          -0.999517,
          0.005373,
          1.689979
        ],
        [
          0.0,
          0.0,
          0.0,
          1.0
        ]
      ]
    },
    {
      "file_path": "/media/NFS/ttao/scannet/posed_images/scene0488_01/00061.jpg",
      "transform_matrix": [
        [
          0.537918,
          -0.01033,
          0.842934,
          0.813508
        ],
        [
          -0.842417,
          0.030499,
          0.537962,
          4.14333
        ],
        [
          -0.031266,
          -0.999481,
          0.007704,
          1.685477
        ],
        [
          0.0,
          0.0,
          0.0,
          1.0
        ]
      ]
    },
    {
      "file_path": "/media/NFS/ttao/scannet/posed_images/scene0488_01/00065.jpg",
      "transform_matrix": [
        [
          0.522645,
          -0.008897,
          0.852504,
          0.812255
        ],
        [
          -0.851885,
          0.034062,
          0.52262,
          4.146037
        ],
        [
          -0.033688,
          -0.99938,
          0.010223,
          1.687419
        ],
        [
          0.0,
          0.0,
          0.0,
          1.0
        ]
      ]
    },
    {
      "file_path": "/media/NFS/ttao/scannet/posed_images/scene0488_01/00070.jpg",
      "transform_matrix": [
        [
          0.501722,
          -0.009867,
          0.864973,
          0.817653
        ],
        [
          -0.864333,
          0.034393,
          0.501743,
          4.143574
        ],
        [
          -0.0347,
          -0.99936,
          0.008727,
          1.676943
        ],
        [
          0.0,
          0.0,
          0.0,
          1.0
        ]
      ]
    },
    {
      "file_path": "/media/NFS/ttao/scannet/posed_images/scene0488_01/00072.jpg",
      "transform_matrix": [
        [
          0.494773,
          -0.009197,
          0.868974,
          0.824148
        ],
        [
          -0.868363,
          0.03373,
          0.494782,
          4.142073
        ],
        [
          -0.033861,
          -0.999389,
          0.008702,
          1.667621
        ],
        [
          0.0,
          0.0,
          0.0,
          1.0
        ]
      ]
    },
    {
      "file_path": "/media/NFS/ttao/scannet/posed_images/scene0488_01/00076.jpg",
      "transform_matrix": [
        [
          0.481753,
          -0.017864,
          0.876125,
          0.843116
        ],
        [
          -0.875842,
          0.022739,
          0.482062,
          4.130525
        ],
        [
          -0.028534,
          -0.999582,
          -0.004692,
          1.674733
        ],
        [
          0.0,
          0.0,
          0.0,
          1.0
        ]
      ]
    },
    {
      "file_path": "/media/NFS/ttao/scannet/posed_images/scene0488_01/00080.jpg",
      "transform_matrix": [
        [
          0.463862,
          -0.032464,
          0.885313,
          0.849653
        ],
        [
          -0.885604,
          0.00919,
          0.464351,
          4.139573
        ],
        [
          -0.023211,
          -0.999431,
          -0.024487,
          1.672549
        ],
        [
          0.0,
          0.0,
          0.0,
          1.0
        ]
      ]
    },
    {
      "file_path": "/media/NFS/ttao/scannet/posed_images/scene0488_01/00083.jpg",
      "transform_matrix": [
        [
          0.448443,
          -0.039377,
          0.892944,
          0.863141
        ],
        [
          -0.893482,
          0.007389,
          0.449039,
          4.138047
        ],
        [
          -0.02428,
          -0.999197,
          -0.031869,
          1.665017
        ],
        [
          0.0,
          0.0,
          0.0,
          1.0
        ]
      ]
    },
    {
      "file_path": "/media/NFS/ttao/scannet/posed_images/scene0488_01/00089.jpg",
      "transform_matrix": [
        [
          0.424149,
          -0.05882,
          0.90368,
          0.886438
        ],
        [
          -0.905143,
          0.003909,
          0.42509,
          4.153059
        ],
        [
          -0.028536,
          -0.998261,
          -0.051583,
          1.646808
        ],
        [
          0.0,
          0.0,
          0.0,
          1.0
        ]
      ]
    },
    {
      "file_path": "/media/NFS/ttao/scannet/posed_images/scene0488_01/00092.jpg",
      "transform_matrix": [
        [
          0.407837,
          -0.073124,
          0.910122,
          0.897018
        ],
        [
          -0.912739,
          -0.006415,
          0.408494,
          4.165206
        ],
        [
          -0.024032,
          -0.997302,
          -0.06936,
          1.620662
        ],
        [
          0.0,
          0.0,
          0.0,
          1.0
        ]
      ]
    },
    {
      "file_path": "/media/NFS/ttao/scannet/posed_images/scene0488_01/00094.jpg",
      "transform_matrix": [
        [
          0.39386,
          -0.092709,
          0.914483,
          0.913777
        ],
        [
          -0.918914,
          -0.01622,
          0.394124,
          4.176882
        ],
        [
          -0.021706,
          -0.995561,
          -0.09158,
          1.613032
        ],
        [
          0.0,
          0.0,
          0.0,
          1.0
        ]
      ]
    },
    {
      "file_path": "/media/NFS/ttao/scannet/posed_images/scene0488_01/00100.jpg",
      "transform_matrix": [
        [
          0.294901,
          -0.154072,
          0.943025,
          0.952202
        ],
        [
          -0.95491,
          -0.012023,
          0.296653,
          4.22699
        ],
        [
          -0.034368,
          -0.987986,
          -0.150671,
          1.604472
        ],
        [
          0.0,
          0.0,
          0.0,
          1.0
        ]
      ]
    },
    {
      "file_path": "/media/NFS/ttao/scannet/posed_images/scene0488_01/00104.jpg",
      "transform_matrix": [
        [
          0.2606,
          -0.170321,
          0.950304,
          0.972252
        ],
        [
          -0.964215,
          0.003804,
          0.265096,
          4.248964
        ],
        [
          -0.048766,
          -0.985381,
          -0.163235,
          1.575164
        ],
        [
          0.0,
          0.0,
          0.0,
          1.0
        ]
      ]
    },
    {
      "file_path": "/media/NFS/ttao/scannet/posed_images/scene0488_01/00107.jpg",
      "transform_matrix": [
        [
          0.229971,
          -0.187238,
          0.955016,
          0.985086
        ],
        [
          -0.972007,
          0.004333,
          0.234912,
          4.272283
        ],
        [
          -0.048122,
          -0.982305,
          -0.181,
          1.563
        ],
        [
          0.0,
          0.0,
          0.0,
          1.0
        ]
      ]
    },
    {
      "file_path": "/media/NFS/ttao/scannet/posed_images/scene0488_01/00112.jpg",
      "transform_matrix": [
        [
          0.177244,
          -0.204334,
          0.962721,
          0.996897
        ],
        [
          -0.983363,
          0.002754,
          0.181629,
          4.288476
        ],
        [
          -0.039764,
          -0.978897,
          -0.200447,
          1.543599
        ],
        [
          0.0,
          0.0,
          0.0,
          1.0
        ]
      ]
    },
    {
      "file_path": "/media/NFS/ttao/scannet/posed_images/scene0488_01/00115.jpg",
      "transform_matrix": [
        [
          0.155708,
          -0.21436,
          0.964264,
          1.001381
        ],
        [
          -0.987186,
          0.000748,
          0.159576,
          4.286627
        ],
        [
          -0.034928,
          -0.976754,
          -0.211497,
          1.53552
        ],
        [
          0.0,
          0.0,
          0.0,
          1.0
        ]
      ]
    },
    {
      "file_path": "/media/NFS/ttao/scannet/posed_images/scene0488_01/00118.jpg",
      "transform_matrix": [
        [
          0.130483,
          -0.22571,
          0.965417,
          1.008087
        ],
        [
          -0.990906,
          0.002568,
          0.134529,
          4.297425
        ],
        [
          -0.032844,
          -0.974191,
          -0.223322,
          1.533606
        ],
        [
          0.0,
          0.0,
          0.0,
          1.0
        ]
      ]
    },
    {
      "file_path": "/media/NFS/ttao/scannet/posed_images/scene0488_01/00119.jpg",
      "transform_matrix": [
        [
          0.119869,
          -0.223326,
          0.967345,
          1.00973
        ],
        [
          -0.992307,
          0.003435,
          0.123755,
          4.30162
        ],
        [
          -0.030961,
          -0.974738,
          -0.221196,
          1.525848
        ],
        [
          0.0,
          0.0,
          0.0,
          1.0
        ]
      ]
    },
    {
      "file_path": "/media/NFS/ttao/scannet/posed_images/scene0488_01/00126.jpg",
      "transform_matrix": [
        [
          0.027299,
          -0.235993,
          0.971371,
          1.006955
        ],
        [
          -0.999183,
          0.022539,
          0.033556,
          4.296252
        ],
        [
          -0.029813,
          -0.971493,
          -0.235185,
          1.516134
        ],
        [
          0.0,
          0.0,
          0.0,
          1.0
        ]
      ]
    },
    {
      "file_path": "/media/NFS/ttao/scannet/posed_images/scene0488_01/00127.jpg",
      "transform_matrix": [
        [
          0.015988,
          -0.243227,
          0.969838,
          1.012566
        ],
        [
          -0.999316,
          0.028463,
          0.023612,
          4.283664
        ],
        [
          -0.033348,
          -0.969552,
          -0.242605,
          1.533112
        ],
        [
          0.0,
          0.0,
          0.0,
          1.0
        ]
      ]
    },
    {
      "file_path": "/media/NFS/ttao/scannet/posed_images/scene0488_01/00134.jpg",
      "transform_matrix": [
        [
          -0.060137,
          -0.21966,
          0.973721,
          1.013721
        ],
        [
          -0.997578,
          0.047391,
          -0.050919,
          4.232523
        ],
        [
          -0.034961,
          -0.974425,
          -0.221978,
          1.531728
        ],
        [
          0.0,
          0.0,
          0.0,
          1.0
        ]
      ]
    },
    {
      "file_path": "/media/NFS/ttao/scannet/posed_images/scene0488_01/00137.jpg",
      "transform_matrix": [
        [
          -0.09251,
          -0.223501,
          0.970303,
          1.019788
        ],
        [
          -0.99483,
          0.061746,
          -0.080625,
          4.208025
        ],
        [
          -0.041893,
          -0.972746,
          -0.228058,
          1.537028
        ],
        [
          0.0,
          0.0,
          0.0,
          1.0
        ]
      ]
    },
    {
      "file_path": "/media/NFS/ttao/scannet/posed_images/scene0488_01/00140.jpg",
      "transform_matrix": [
        [
          -0.11857,
          -0.226095,
          0.966862,
          1.019776
        ],
        [
          -0.992178,
          0.065263,
          -0.106413,
          4.207397
        ],
        [
          -0.039041,
          -0.971916,
          -0.232065,
          1.533948
        ],
        [
          0.0,
          0.0,
          0.0,
          1.0
        ]
      ]
    },
    {
      "file_path": "/media/NFS/ttao/scannet/posed_images/scene0488_01/00141.jpg",
      "transform_matrix": [
        [
          -0.108277,
          -0.2188,
          0.969744,
          1.008524
        ],
        [
          -0.993363,
          0.061901,
          -0.096947,
          4.161058
        ],
        [
          -0.038816,
          -0.973804,
          -0.22405,
          1.513628
        ],
        [
          0.0,
          0.0,
          0.0,
          1.0
        ]
      ]
    },
    {
      "file_path": "/media/NFS/ttao/scannet/posed_images/scene0488_01/00146.jpg",
      "transform_matrix": [
        [
          -0.153315,
          -0.241853,
          0.958124,
          1.00809
        ],
        [
          -0.987655,
          0.069031,
          -0.140615,
          4.133953
        ],
        [
          -0.032132,
          -0.967854,
          -0.24945,
          1.503025
        ],
        [
          0.0,
          0.0,
          0.0,
          1.0
        ]
      ]
    },
    {
      "file_path": "/media/NFS/ttao/scannet/posed_images/scene0488_01/00151.jpg",
      "transform_matrix": [
        [
          -0.210283,
          -0.277352,
          0.937474,
          1.016327
        ],
        [
          -0.977124,
          0.090803,
          -0.192313,
          4.130497
        ],
        [
          -0.031787,
          -0.956468,
          -0.290101,
          1.484133
        ],
        [
          0.0,
          0.0,
          0.0,
          1.0
        ]
      ]
    },
    {
      "file_path": "/media/NFS/ttao/scannet/posed_images/scene0488_01/00156.jpg",
      "transform_matrix": [
        [
          -0.242063,
          -0.295361,
          0.924212,
          1.017733
        ],
        [
          -0.969897,
          0.099724,
          -0.222158,
          4.11081
        ],
        [
          -0.026549,
          -0.950167,
          -0.31061,
          1.472134
        ],
        [
          0.0,
          0.0,
          0.0,
          1.0
        ]
      ]
    },
    {
      "file_path": "/media/NFS/ttao/scannet/posed_images/scene0488_01/00159.jpg",
      "transform_matrix": [
        [
          -0.255698,
          -0.294939,
          0.920668,
          1.016971
        ],
        [
          -0.966042,
          0.114554,
          -0.231602,
          4.102343
        ],
        [
          -0.037158,
          -0.948624,
          -0.314215,
          1.474504
        ],
        [
          0.0,
          0.0,
          0.0,
          1.0
        ]
      ]
    },
    {
      "file_path": "/media/NFS/ttao/scannet/posed_images/scene0488_01/00162.jpg",
      "transform_matrix": [
        [
          -0.263928,
          -0.292668,
          0.919068,
          1.010593
        ],
        [
          -0.963786,
          0.11775,
          -0.239273,
          4.070733
        ],
        [
          -0.038193,
          -0.948936,
          -0.313147,
          1.478846
        ],
        [
          0.0,
          0.0,
          0.0,
          1.0
        ]
      ]
    },
    {
      "file_path": "/media/NFS/ttao/scannet/posed_images/scene0488_01/00163.jpg",
      "transform_matrix": [
        [
          -0.268826,
          -0.29231,
          0.917762,
          1.010895
        ],
        [
          -0.962525,
          0.116908,
          -0.244702,
          4.066888
        ],
        [
          -0.035765,
          -0.949151,
          -0.312783,
          1.475822
        ],
        [
          0.0,
          0.0,
          0.0,
          1.0
        ]
      ]
    },
    {
      "file_path": "/media/NFS/ttao/scannet/posed_images/scene0488_01/00169.jpg",
      "transform_matrix": [
        [
          -0.281421,
          -0.295343,
          0.913003,
          1.0038
        ],
        [
          -0.959017,
          0.119263,
          -0.257025,
          4.031891
        ],
        [
          -0.032977,
          -0.947918,
          -0.316803,
          1.463717
        ],
        [
          0.0,
          0.0,
          0.0,
          1.0
        ]
      ]
    },
    {
      "file_path": "/media/NFS/ttao/scannet/posed_images/scene0488_01/00171.jpg",
      "transform_matrix": [
        [
          -0.292711,
          -0.290348,
          0.911053,
          1.012488
        ],
        [
          -0.955568,
          0.123485,
          -0.267659,
          4.044546
        ],
        [
          -0.034787,
          -0.94892,
          -0.313593,
          1.46806
        ],
        [
          0.0,
          0.0,
          0.0,
          1.0
        ]
      ]
    },
    {
      "file_path": "/media/NFS/ttao/scannet/posed_images/scene0488_01/00175.jpg",
      "transform_matrix": [
        [
          -0.298592,
          -0.267838,
          0.916027,
          1.010001
        ],
        [
          -0.953712,
          0.119681,
          -0.275882,
          4.024327
        ],
        [
          -0.035739,
          -0.956002,
          -0.291176,
          1.473468
        ],
        [
          0.0,
          0.0,
          0.0,
          1.0
        ]
      ]
    },
    {
      "file_path": "/media/NFS/ttao/scannet/posed_images/scene0488_01/00181.jpg",
      "transform_matrix": [
        [
          -0.296081,
          -0.258949,
          0.919392,
          1.000082
        ],
        [
          -0.95513,
          0.088311,
          -0.282717,
          3.962899
        ],
        [
          -0.007983,
          -0.961845,
          -0.273477,
          1.469492
        ],
        [
          0.0,
          0.0,
          0.0,
          1.0
        ]
      ]
    },
    {
      "file_path": "/media/NFS/ttao/scannet/posed_images/scene0488_01/00184.jpg",
      "transform_matrix": [
        [
          -0.288246,
          -0.287932,
          0.913241,
          0.994755
        ],
        [
          -0.957377,
          0.068199,
          -0.280674,
          3.925559
        ],
        [
          0.018533,
          -0.955219,
          -0.295318,
          1.466636
        ],
        [
          0.0,
          0.0,
          0.0,
          1.0
        ]
      ]
    },
    {
      "file_path": "/media/NFS/ttao/scannet/posed_images/scene0488_01/00187.jpg",
      "transform_matrix": [
        [
          -0.281634,
          -0.28648,
          0.915757,
          0.994689
        ],
        [
          -0.958993,
          0.052349,
          -0.278554,
          3.907296
        ],
        [
          0.031861,
          -0.956655,
          -0.289475,
          1.470944
        ],
        [
          0.0,
          0.0,
          0.0,
          1.0
        ]
      ]
    },
    {
      "file_path": "/media/NFS/ttao/scannet/posed_images/scene0488_01/00191.jpg",
      "transform_matrix": [
        [
          -0.263902,
          -0.26728,
          0.926778,
          0.994427
        ],
        [
          -0.964364,
          0.054257,
          -0.258957,
          3.889773
        ],
        [
          0.018929,
          -0.96209,
          -0.272074,
          1.487498
        ],
        [
          0.0,
          0.0,
          0.0,
          1.0
        ]
      ]
    },
    {
      "file_path": "/media/NFS/ttao/scannet/posed_images/scene0488_01/00194.jpg",
      "transform_matrix": [
        [
          -0.246327,
          -0.25971,
          0.933742,
          0.99551
        ],
        [
          -0.968652,
          0.033971,
          -0.246088,
          3.889977
        ],
        [
          0.032191,
          -0.965089,
          -0.259937,
          1.497896
        ],
        [
          0.0,
          0.0,
          0.0,
          1.0
        ]
      ]
    },
    {
      "file_path": "/media/NFS/ttao/scannet/posed_images/scene0488_01/00197.jpg",
      "transform_matrix": [
        [
          -0.230501,
          -0.245725,
          0.941535,
          0.989445
        ],
        [
          -0.972849,
          0.037463,
          -0.22839,
          3.887167
        ],
        [
          0.020849,
          -0.968615,
          -0.247688,
          1.505002
        ],
        [
          0.0,
          0.0,
          0.0,
          1.0
        ]
      ]
    },
    {
      "file_path": "/media/NFS/ttao/scannet/posed_images/scene0488_01/00201.jpg",
      "transform_matrix": [
        [
          -0.21363,
          -0.213674,
          0.95326,
          0.989864
        ],
        [
          -0.976798,
          0.031621,
          -0.211817,
          3.893778
        ],
        [
          0.015116,
          -0.976393,
          -0.215472,
          1.516792
        ],
        [
          0.0,
          0.0,
          0.0,
          1.0
        ]
      ]
    },
    {
      "file_path": "/media/NFS/ttao/scannet/posed_images/scene0488_01/00204.jpg",
      "transform_matrix": [
        [
          -0.186567,
          -0.200334,
          0.9618,
          0.988324
        ],
        [
          -0.982246,
          0.018469,
          -0.186686,
          3.88317
        ],
        [
          0.019636,
          -0.979554,
          -0.200223,
          1.539646
        ],
        [
          0.0,
          0.0,
          0.0,
          1.0
        ]
      ]
    },
    {
      "file_path": "/media/NFS/ttao/scannet/posed_images/scene0488_01/00207.jpg",
      "transform_matrix": [
        [
          -0.176628,
          -0.174098,
          0.968758,
          0.987114
        ],
        [
          -0.984176,
          0.017064,
          -0.176372,
          3.892375
        ],
        [
          0.014175,
          -0.98458,
          -0.174357,
          1.557835
        ],
        [
          0.0,
          0.0,
          0.0,
          1.0
        ]
      ]
    },
    {
      "file_path": "/media/NFS/ttao/scannet/posed_images/scene0488_01/00213.jpg",
      "transform_matrix": [
        [
          -0.16166,
          -0.126388,
          0.97872,
          0.982105
        ],
        [
          -0.986373,
          -0.010014,
          -0.164217,
          3.903693
        ],
        [
          0.030556,
          -0.99193,
          -0.123047,
          1.600638
        ],
        [
          0.0,
          0.0,
          0.0,
          1.0
        ]
      ]
    },
    {
      "file_path": "/media/NFS/ttao/scannet/posed_images/scene0488_01/00217.jpg",
      "transform_matrix": [
        [
          -0.168248,
          -0.090089,
          0.981619,
          0.979787
        ],
        [
          -0.985551,
          -0.004391,
          -0.169325,
          3.915242
        ],
        [
          0.019565,
          -0.995924,
          -0.088048,
          1.616197
        ],
        [
          0.0,
          0.0,
          0.0,
          1.0
        ]
      ]
    },
    {
      "file_path": "/media/NFS/ttao/scannet/posed_images/scene0488_01/00218.jpg",
      "transform_matrix": [
        [
          -0.168988,
          -0.080292,
          0.982342,
          0.977929
        ],
        [
          -0.985477,
          -0.003095,
          -0.16978,
          3.916173
        ],
        [
          0.016673,
          -0.996766,
          -0.078603,
          1.618441
        ],
        [
          0.0,
          0.0,
          0.0,
          1.0
        ]
      ]
    },
    {
      "file_path": "/media/NFS/ttao/scannet/posed_images/scene0488_01/00224.jpg",
      "transform_matrix": [
        [
          -0.176477,
          -0.048047,
          0.983131,
          0.976027
        ],
        [
          -0.984256,
          -0.001296,
          -0.176742,
          3.926111
        ],
        [
          0.009766,
          -0.998844,
          -0.047062,
          1.629118
        ],
        [
          0.0,
          0.0,
          0.0,
          1.0
        ]
      ]
    },
    {
      "file_path": "/media/NFS/ttao/scannet/posed_images/scene0488_01/00227.jpg",
      "transform_matrix": [
        [
          -0.180228,
          -0.035971,
          0.982967,
          0.974287
        ],
        [
          -0.983622,
          0.004307,
          -0.18019,
          3.924178
        ],
        [
          0.002248,
          -0.999344,
          -0.036158,
          1.63906
        ],
        [
          0.0,
          0.0,
          0.0,
          1.0
        ]
      ]
    },
    {
      "file_path": "/media/NFS/ttao/scannet/posed_images/scene0488_01/00232.jpg",
      "transform_matrix": [
        [
          -0.193223,
          -0.018511,
          0.98098,
          0.969723
        ],
        [
          -0.981146,
          0.007881,
          -0.193107,
          3.908228
        ],
        [
          -0.004157,
          -0.999798,
          -0.019685,
          1.629604
        ],
        [
          0.0,
          0.0,
          0.0,
          1.0
        ]
      ]
    },
    {
      "file_path": "/media/NFS/ttao/scannet/posed_images/scene0488_01/00235.jpg",
      "transform_matrix": [
        [
          -0.215632,
          -0.016877,
          0.976329,
          0.96633
        ],
        [
          -0.976466,
          0.007921,
          -0.215526,
          3.908178
        ],
        [
          -0.004096,
          -0.999826,
          -0.018188,
          1.629672
        ],
        [
          0.0,
          0.0,
          0.0,
          1.0
        ]
      ]
    },
    {
      "file_path": "/media/NFS/ttao/scannet/posed_images/scene0488_01/00239.jpg",
      "transform_matrix": [
        [
          -0.245041,
          -0.020853,
          0.969288,
          0.963086
        ],
        [
          -0.969512,
          0.004156,
          -0.245008,
          3.887837
        ],
        [
          0.001081,
          -0.999774,
          -0.021236,
          1.626544
        ],
        [
          0.0,
          0.0,
          0.0,
          1.0
        ]
      ]
    },
    {
      "file_path": "/media/NFS/ttao/scannet/posed_images/scene0488_01/00241.jpg",
      "transform_matrix": [
        [
          -0.262724,
          -0.017876,
          0.964705,
          0.962477
        ],
        [
          -0.96487,
          0.003431,
          -0.262706,
          3.881849
        ],
        [
          0.001386,
          -0.999834,
          -0.018149,
          1.621125
        ],
        [
          0.0,
          0.0,
          0.0,
          1.0
        ]
      ]
    },
    {
      "file_path": "/media/NFS/ttao/scannet/posed_images/scene0488_01/00247.jpg",
      "transform_matrix": [
        [
          -0.303307,
          -0.011608,
          0.952822,
          0.955523
        ],
        [
          -0.952889,
          0.006488,
          -0.303249,
          3.860802
        ],
        [
          -0.002662,
          -0.999912,
          -0.013029,
          1.625809
        ],
        [
          0.0,
          0.0,
          0.0,
          1.0
        ]
      ]
    },
    {
      "file_path": "/media/NFS/ttao/scannet/posed_images/scene0488_01/00250.jpg",
      "transform_matrix": [
        [
          -0.327537,
          -0.005633,
          0.944822,
          0.957419
        ],
        [
          -0.944836,
          0.003994,
          -0.327518,
          3.861048
        ],
        [
          -0.001929,
          -0.999976,
          -0.006631,
          1.61639
        ],
        [
          0.0,
          0.0,
          0.0,
          1.0
        ]
      ]
    },
    {
      "file_path": "/media/NFS/ttao/scannet/posed_images/scene0488_01/00254.jpg",
      "transform_matrix": [
        [
          -0.353763,
          -0.007543,
          0.935305,
          0.948585
        ],
        [
          -0.935332,
          0.000179,
          -0.353772,
          3.834078
        ],
        [
          0.002501,
          -0.999972,
          -0.007118,
          1.612987
        ],
        [
          0.0,
          0.0,
          0.0,
          1.0
        ]
      ]
    },
    {
      "file_path": "/media/NFS/ttao/scannet/posed_images/scene0488_01/00258.jpg",
      "transform_matrix": [
        [
          -0.38542,
          -0.008954,
          0.922698,
          0.946243
        ],
        [
          -0.92273,
          -0.001252,
          -0.385446,
          3.825686
        ],
        [
          0.004606,
          -0.999959,
          -0.00778,
          1.613457
        ],
        [
          0.0,
          0.0,
          0.0,
          1.0
        ]
      ]
    },
    {
      "file_path": "/media/NFS/ttao/scannet/posed_images/scene0488_01/00261.jpg",
      "transform_matrix": [
        [
          -0.409078,
          -0.008319,
          0.912461,
          0.949162
        ],
        [
          -0.912477,
          -0.003327,
          -0.409115,
          3.81346
        ],
        [
          0.006439,
          -0.99996,
          -0.00623,
          1.610254
        ],
        [
          0.0,
          0.0,
          0.0,
          1.0
        ]
      ]
    },
    {
      "file_path": "/media/NFS/ttao/scannet/posed_images/scene0488_01/00264.jpg",
      "transform_matrix": [
        [
          -0.423293,
          -0.013136,
          0.905897,
          0.947857
        ],
        [
          -0.905962,
          -0.002148,
          -0.423354,
          3.794158
        ],
        [
          0.007507,
          -0.999911,
          -0.010991,
          1.619484
        ],
        [
          0.0,
          0.0,
          0.0,
          1.0
        ]
      ]
    },
    {
      "file_path": "/media/NFS/ttao/scannet/posed_images/scene0488_01/00266.jpg",
      "transform_matrix": [
        [
          -0.431578,
          -0.010064,
          0.90202,
          0.946844
        ],
        [
          -0.902041,
          -0.003995,
          -0.431632,
          3.787335
        ],
        [
          0.007947,
          -0.999941,
          -0.007354,
          1.611388
        ],
        [
          0.0,
          0.0,
          0.0,
          1.0
        ]
      ]
    },
    {
      "file_path": "/media/NFS/ttao/scannet/posed_images/scene0488_01/00270.jpg",
      "transform_matrix": [
        [
          -0.464506,
          -0.013185,
          0.885472,
          0.950043
        ],
        [
          -0.885496,
          -0.005975,
          -0.464608,
          3.787644
        ],
        [
          0.011417,
          -0.999895,
          -0.0089,
          1.606183
        ],
        [
          0.0,
          0.0,
          0.0,
          1.0
        ]
      ]
    },
    {
      "file_path": "/media/NFS/ttao/scannet/posed_images/scene0488_01/00273.jpg",
      "transform_matrix": [
        [
          -0.474993,
          -0.016625,
          0.879833,
          0.930867
        ],
        [
          -0.879932,
          -0.00252,
          -0.475094,
          3.742053
        ],
        [
          0.010116,
          -0.999859,
          -0.013432,
          1.611687
        ],
        [
          0.0,
          0.0,
          0.0,
          1.0
        ]
      ]
    },
    {
      "file_path": "/media/NFS/ttao/scannet/posed_images/scene0488_01/00278.jpg",
      "transform_matrix": [
        [
          -0.506579,
          -0.014015,
          0.86208,
          0.930113
        ],
        [
          -0.862052,
          -0.009911,
          -0.506723,
          3.725231
        ],
        [
          0.015646,
          -0.999853,
          -0.007061,
          1.602376
        ],
        [
          0.0,
          0.0,
          0.0,
          1.0
        ]
      ]
    },
    {
      "file_path": "/media/NFS/ttao/scannet/posed_images/scene0488_01/00281.jpg",
      "transform_matrix": [
        [
          -0.515581,
          -0.006961,
          0.856813,
          0.931402
        ],
        [
          -0.856768,
          -0.008821,
          -0.515626,
          3.719745
        ],
        [
