{
  "frames": [
    {
      "file_path": "/media/NFS/ttao/scannet/posed_images/scene0086_02/00001.jpg",
      "transform_matrix": [
        [
          -0.575959,
          -0.379615,
          0.723991,
          2.576086
        ],
        [
          -0.817329,
          0.25045,
          -0.518892,
          3.72812
        ],
        [
          0.015655,
          -0.890599,
          -0.454519,
          1.439271
        ],
        [
          0.0,
          0.0,
          0.0,
          1.0
        ]
      ]
    },
    {
      "file_path": "/media/NFS/ttao/scannet/posed_images/scene0086_02/00004.jpg",
      "transform_matrix": [
        [
          -0.583516,
          -0.376044,
          0.719791,
          2.583198
        ],
        [
          -0.811902,
          0.250463,
          -0.527337,
          3.731542
        ],
        [
          0.01802,
          -0.89211,
          -0.45146,
          1.436142
        ],
        [
          0.0,
          0.0,
          0.0,
          1.0
        ]
      ]
    },
    {
      "file_path": "/media/NFS/ttao/scannet/posed_images/scene0086_02/00010.jpg",
      "transform_matrix": [
        [
          -0.611794,
          -0.348957,
          0.709886,
          2.606218
        ],
        [
          -0.790463,
          0.236116,
          -0.56517,
          3.736949
        ],
        [
          0.029604,
          -0.906906,
          -0.420292,
          1.434592
        ],
        [
          0.0,
          0.0,
          0.0,
          1.0
        ]
      ]
    },
    {
      "file_path": "/media/NFS/ttao/scannet/posed_images/scene0086_02/00011.jpg",
      "transform_matrix": [
        [
          -0.615024,
          -0.349313,
          0.706912,
          2.608044
        ],
        [
          -0.787892,
          0.23681,
          -0.568461,
          3.733709
        ],
        [
          0.031167,
          -0.906588,
          -0.420865,
          1.439161
        ],
        [
          0.0,
          0.0,
          0.0,
          1.0
        ]
      ]
    },
    {
      "file_path": "/media/NFS/ttao/scannet/posed_images/scene0086_02/00016.jpg",
      "transform_matrix": [
        [
          -0.649577,
          -0.338359,
          0.680855,
          2.605437
        ],
        [
          -0.759625,
          0.251223,
          -0.59988,
          3.714459
        ],
        [
          0.031929,
          -0.906863,
          -0.420215,
          1.449717
        ],
        [
          0.0,
          0.0,
          0.0,
          1.0
        ]
      ]
    },
    {
      "file_path": "/media/NFS/ttao/scannet/posed_images/scene0086_02/00020.jpg",
      "transform_matrix": [
        [
          -0.65858,
          -0.339447,
          0.671601,
          2.589493
        ],
        [
          -0.752214,
          0.271887,
          -0.60021,
          3.688316
        ],
        [
          0.021139,
          -0.900474,
          -0.434396,
          1.449917
        ],
        [
          0.0,
          0.0,
          0.0,
          1.0
        ]
      ]
    },
    {
      "file_path": "/media/NFS/ttao/scannet/posed_images/scene0086_02/00027.jpg",
      "transform_matrix": [
        [
          -0.641949,
          -0.364554,
          0.674539,
          2.550946
        ],
        [
          -0.766737,
          0.300513,
          -0.567281,
          3.647242
        ],
        [
          0.004097,
          -0.881359,
          -0.47243,
          1.42175
        ],
        [
          0.0,
          0.0,
          0.0,
          1.0
        ]
      ]
    },
    {
      "file_path": "/media/NFS/ttao/scannet/posed_images/scene0086_02/00029.jpg",
      "transform_matrix": [
        [
          -0.634449,
          -0.374194,
          0.676353,
          2.539237
        ],
        [
          -0.772964,
          0.306019,
          -0.555769,
          3.635719
        ],
        [
          0.000988,
          -0.875404,
          -0.483392,
          1.414041
        ],
        [
          0.0,
          0.0,
          0.0,
          1.0
        ]
      ]
    },
    {
      "file_path": "/media/NFS/ttao/scannet/posed_images/scene0086_02/00036.jpg",
      "transform_matrix": [
        [
          -0.636537,
          -0.392164,
          0.664099,
          2.486053
        ],
        [
          -0.771097,
          0.340564,
          -0.537984,
          3.583326
        ],
        [
          -0.015191,
          -0.854531,
          -0.519178,
          1.387989
        ],
        [
          0.0,
          0.0,
          0.0,
          1.0
        ]
      ]
    },
    {
      "file_path": "/media/NFS/ttao/scannet/posed_images/scene0086_02/00041.jpg",
      "transform_matrix": [
        [
          -0.679825,
          -0.359707,
          0.6391,
          2.446587
        ],
        [
          -0.733062,
          0.358736,
          -0.577865,
          3.535617
        ],
        [
          -0.021406,
          -0.861348,
          -0.507565,
          1.416285
        ],
        [
          0.0,
          0.0,
          0.0,
          1.0
        ]
      ]
    },
    {
      "file_path": "/media/NFS/ttao/scannet/posed_images/scene0086_02/00042.jpg",
      "transform_matrix": [
        [
          -0.686772,
          -0.349823,
          0.637156,
          2.440367
        ],
        [
          -0.726513,
          0.357946,
          -0.586561,
          3.53266
        ],
        [
          -0.022875,
          -0.865736,
          -0.499979,
          1.416294
        ],
        [
          0.0,
          0.0,
          0.0,
          1.0
        ]
      ]
    },
    {
      "file_path": "/media/NFS/ttao/scannet/posed_images/scene0086_02/00046.jpg",
      "transform_matrix": [
        [
          -0.704782,
          -0.312347,
          0.636963,
          2.421384
        ],
        [
          -0.708727,
          0.349787,
          -0.612662,
          3.514653
        ],
        [
          -0.031438,
          -0.883226,
          -0.467892,
          1.439725
        ],
        [
          0.0,
          0.0,
          0.0,
          1.0
        ]
      ]
    },
    {
      "file_path": "/media/NFS/ttao/scannet/posed_images/scene0086_02/00049.jpg",
      "transform_matrix": [
        [
          -0.714891,
          -0.285491,
          0.6383,
          2.410257
        ],
        [
          -0.698659,
          0.32874,
          -0.635458,
          3.51055
        ],
        [
          -0.028417,
          -0.900236,
          -0.434473,
          1.459348
        ],
        [
          0.0,
          0.0,
          0.0,
          1.0
        ]
      ]
    },
    {
      "file_path": "/media/NFS/ttao/scannet/posed_images/scene0086_02/00055.jpg",
      "transform_matrix": [
        [
          -0.730892,
          -0.242657,
          0.637899,
          2.409309
        ],
        [
          -0.682181,
          0.288014,
          -0.672069,
          3.524941
        ],
        [
          -0.020641,
          -0.926372,
          -0.376043,
          1.511127
        ],
        [
          0.0,
          0.0,
          0.0,
          1.0
        ]
      ]
    },
    {
      "file_path": "/media/NFS/ttao/scannet/posed_images/scene0086_02/00061.jpg",
      "transform_matrix": [
        [
          -0.747025,
          -0.205305,
          0.6323,
          2.398729
        ],
        [
          -0.664779,
          0.237604,
          -0.708247,
          3.548589
        ],
        [
          -0.00483,
          -0.949418,
          -0.313978,
          1.530159
        ],
        [
          0.0,
          0.0,
          0.0,
          1.0
        ]
      ]
    },
    {
      "file_path": "/media/NFS/ttao/scannet/posed_images/scene0086_02/00065.jpg",
      "transform_matrix": [
        [
          -0.762304,
          -0.205147,
          0.613846,
          2.407583
        ],
        [
          -0.647058,
          0.220364,
          -0.729902,
          3.580981
        ],
        [
          0.014468,
          -0.953601,
          -0.300726,
          1.539202
        ],
        [
          0.0,
          0.0,
          0.0,
          1.0
        ]
      ]
    },
    {
      "file_path": "/media/NFS/ttao/scannet/posed_images/scene0086_02/00068.jpg",
      "transform_matrix": [
        [
          -0.769634,
          -0.197327,
          0.607227,
          2.411949
        ],
        [
          -0.638283,
          0.213844,
          -0.739504,
          3.602261
        ],
        [
          0.016072,
          -0.95673,
          -0.290532,
          1.550312
        ],
        [
          0.0,
          0.0,
          0.0,
          1.0
        ]
      ]
    },
    {
      "file_path": "/media/NFS/ttao/scannet/posed_images/scene0086_02/00072.jpg",
      "transform_matrix": [
        [
          -0.783923,
          -0.170936,
          0.596863,
          2.41377
        ],
        [
          -0.620822,
          0.205503,
          -0.756537,
          3.623144
        ],
        [
          0.006663,
          -0.963613,
          -0.26722,
          1.582952
        ],
        [
          0.0,
          0.0,
          0.0,
          1.0
        ]
      ]
    },
    {
      "file_path": "/media/NFS/ttao/scannet/posed_images/scene0086_02/00079.jpg",
      "transform_matrix": [
        [
          -0.818749,
          -0.119892,
          0.561495,
          2.395793
        ],
        [
          -0.574152,
          0.172126,
          -0.800451,
          3.632993
        ],
        [
          -0.00068,
          -0.977752,
          -0.209765,
          1.614074
        ],
        [
          0.0,
          0.0,
          0.0,
          1.0
        ]
      ]
    },
    {
      "file_path": "/media/NFS/ttao/scannet/posed_images/scene0086_02/00081.jpg",
      "transform_matrix": [
        [
          -0.833703,
          -0.09767,
          0.543507,
          2.386039
        ],
        [
          -0.552119,
          0.165672,
          -0.81714,
          3.633762
        ],
        [
          -0.010234,
          -0.981333,
          -0.192047,
          1.597924
        ],
        [
          0.0,
          0.0,
          0.0,
          1.0
        ]
      ]
    },
    {
      "file_path": "/media/NFS/ttao/scannet/posed_images/scene0086_02/00084.jpg",
      "transform_matrix": [
        [
          -0.845657,
          -0.095803,
          0.525057,
          2.375949
        ],
        [
          -0.533633,
          0.170137,
          -0.828426,
          3.628493
        ],
        [
          -0.009966,
          -0.980752,
          -0.195001,
          1.5969
        ],
        [
          0.0,
          0.0,
          0.0,
          1.0
        ]
      ]
    },
    {
      "file_path": "/media/NFS/ttao/scannet/posed_images/scene0086_02/00087.jpg",
      "transform_matrix": [
        [
          -0.855176,
          -0.092271,
          0.510058,
          2.366325
        ],
        [
          -0.518172,
          0.177038,
          -0.836753,
          3.617572
        ],
        [
          -0.013091,
          -0.979869,
          -0.199211,
          1.593341
        ],
        [
          0.0,
          0.0,
          0.0,
          1.0
        ]
      ]
    },
    {
      "file_path": "/media/NFS/ttao/scannet/posed_images/scene0086_02/00095.jpg",
      "transform_matrix": [
        [
          -0.882619,
          -0.072771,
          0.464422,
          2.373753
        ],
        [
          -0.468361,
          0.220757,
          -0.855514,
          3.596376
        ],
        [
          -0.040268,
          -0.97261,
          -0.228928,
          1.589844
        ],
        [
          0.0,
          0.0,
          0.0,
          1.0
        ]
      ]
    },
    {
      "file_path": "/media/NFS/ttao/scannet/posed_images/scene0086_02/00096.jpg",
      "transform_matrix": [
        [
          -0.884134,
          -0.075144,
          0.461151,
          2.377076
        ],
        [
          -0.465603,
          0.224074,
          -0.856157,
          3.595864
        ],
        [
          -0.038997,
          -0.971671,
          -0.233099,
          1.588894
        ],
        [
          0.0,
          0.0,
          0.0,
          1.0
        ]
      ]
    },
    {
      "file_path": "/media/NFS/ttao/scannet/posed_images/scene0086_02/00100.jpg",
      "transform_matrix": [
        [
          -0.883101,
          -0.094798,
          0.459506,
          2.404413
        ],
        [
          -0.46803,
          0.246606,
          -0.848607,
          3.600832
        ],
        [
          -0.032871,
          -0.964468,
          -0.262147,
          1.587293
        ],
        [
          0.0,
          0.0,
          0.0,
          1.0
        ]
      ]
    },
    {
      "file_path": "/media/NFS/ttao/scannet/posed_images/scene0086_02/00107.jpg",
      "transform_matrix": [
        [
          -0.875249,
          -0.151535,
          0.459322,
          2.432487
        ],
        [
          -0.483658,
          0.281684,
          -0.828691,
          3.607594
        ],
        [
          -0.003808,
          -0.947466,
          -0.319835,
          1.522627
        ],
        [
          0.0,
          0.0,
          0.0,
          1.0
        ]
      ]
    },
    {
      "file_path": "/media/NFS/ttao/scannet/posed_images/scene0086_02/00112.jpg",
      "transform_matrix": [
        [
          -0.872577,
          -0.182454,
          0.453123,
          2.445022
        ],
        [
          -0.488456,
          0.317319,
          -0.812846,
          3.590852
        ],
        [
          0.004522,
          -0.930602,
          -0.366006,
          1.518186
        ],
        [
          0.0,
          0.0,
          0.0,
          1.0
        ]
      ]
    },
    {
      "file_path": "/media/NFS/ttao/scannet/posed_images/scene0086_02/00117.jpg",
      "transform_matrix": [
        [
          -0.852441,
          -0.197514,
          0.484079,
          2.430983
        ],
        [
          -0.522777,
          0.309599,
          -0.794263,
          3.579176
        ],
        [
          0.007008,
          -0.930127,
          -0.367171,
          1.503885
        ],
        [
          0.0,
          0.0,
          0.0,
          1.0
        ]
      ]
    },
    {
      "file_path": "/media/NFS/ttao/scannet/posed_images/scene0086_02/00118.jpg",
      "transform_matrix": [
        [
          -0.847613,
          -0.19855,
          0.492068,
          2.425765
        ],
        [
          -0.530589,
          0.307906,
          -0.789727,
          3.57592
        ],
        [
          0.00529,
          -0.930469,
          -0.366333,
          1.500828
        ],
        [
          0.0,
          0.0,
          0.0,
          1.0
        ]
      ]
    },
    {
      "file_path": "/media/NFS/ttao/scannet/posed_images/scene0086_02/00122.jpg",
      "transform_matrix": [
        [
          -0.820901,
          -0.208894,
          0.531492,
          2.396089
        ],
        [
          -0.571033,
          0.310775,
          -0.759829,
          3.548744
        ],
        [
          -0.006451,
          -0.927244,
          -0.374402,
          1.510724
        ],
        [
          0.0,
          0.0,
          0.0,
          1.0
        ]
      ]
    },
    {
      "file_path": "/media/NFS/ttao/scannet/posed_images/scene0086_02/00126.jpg",
      "transform_matrix": [
        [
          -0.793377,
          -0.205265,
          0.573078,
          2.340614
        ],
        [
          -0.608604,
          0.286645,
          -0.739889,
          3.511486
        ],
        [
          -0.012397,
          -0.935789,
          -0.352343,
          1.509358
        ],
        [
          0.0,
          0.0,
          0.0,
          1.0
        ]
      ]
    },
    {
      "file_path": "/media/NFS/ttao/scannet/posed_images/scene0086_02/00133.jpg",
      "transform_matrix": [
        [
          -0.737944,
          -0.201396,
          0.64411,
          2.20032
        ],
        [
          -0.674352,
          0.257155,
          -0.692186,
          3.408598
        ],
        [
          -0.026233,
          -0.945151,
          -0.325578,
          1.544187
        ],
        [
          0.0,
          0.0,
          0.0,
          1.0
        ]
      ]
    },
    {
      "file_path": "/media/NFS/ttao/scannet/posed_images/scene0086_02/00134.jpg",
      "transform_matrix": [
        [
          -0.729312,
          -0.204137,
          0.653018,
          2.18191
        ],
        [
          -0.683739,
          0.251772,
          -0.684917,
          3.395206
        ],
        [
          -0.024595,
          -0.946012,
          -0.323197,
          1.554645
        ],
        [
          0.0,
          0.0,
          0.0,
          1.0
        ]
      ]
    },
    {
      "file_path": "/media/NFS/ttao/scannet/posed_images/scene0086_02/00142.jpg",
      "transform_matrix": [
        [
          -0.65513,
          -0.168323,
          0.736527,
          2.074317
        ],
        [
          -0.754988,
          0.182302,
          -0.629888,
          3.340545
        ],
        [
          -0.028246,
          -0.968728,
          -0.246513,
          1.616369
        ],
        [
          0.0,
          0.0,
          0.0,
          1.0
        ]
      ]
    },
    {
      "file_path": "/media/NFS/ttao/scannet/posed_images/scene0086_02/00146.jpg",
      "transform_matrix": [
        [
          -0.650708,
          -0.152161,
          0.743926,
          2.051476
        ],
        [
          -0.759032,
          0.157677,
          -0.631671,
          3.331039
        ],
        [
          -0.021184,
          -0.975697,
          -0.218097,
          1.63517
        ],
        [
          0.0,
          0.0,
          0.0,
          1.0
        ]
      ]
    },
    {
      "file_path": "/media/NFS/ttao/scannet/posed_images/scene0086_02/00150.jpg",
      "transform_matrix": [
        [
          -0.644082,
          -0.123006,
          0.755002,
          2.036108
        ],
        [
          -0.764828,
          0.121636,
          -0.632648,
          3.341675
        ],
        [
          -0.014016,
          -0.984923,
          -0.172422,
          1.64705
        ],
        [
          0.0,
          0.0,
          0.0,
          1.0
        ]
      ]
    },
    {
      "file_path": "/media/NFS/ttao/scannet/posed_images/scene0086_02/00151.jpg",
      "transform_matrix": [
        [
          -0.643524,
          -0.117865,
          0.756297,
          2.035773
        ],
        [
          -0.765353,
          0.112773,
          -0.633654,
          3.344707
        ],
        [
          -0.010604,
          -0.986605,
          -0.16278,
          1.652771
        ],
        [
          0.0,
          0.0,
          0.0,
          1.0
        ]
      ]
    },
    {
      "file_path": "/media/NFS/ttao/scannet/posed_images/scene0086_02/00158.jpg",
      "transform_matrix": [
        [
          -0.627164,
          -0.075499,
          0.775219,
          2.025522
        ],
        [
          -0.778859,
          0.069252,
          -0.623364,
          3.370454
        ],
        [
          -0.006622,
          -0.994738,
          -0.102235,
          1.670933
        ],
        [
          0.0,
          0.0,
          0.0,
          1.0
        ]
      ]
    },
    {
      "file_path": "/media/NFS/ttao/scannet/posed_images/scene0086_02/00160.jpg",
      "transform_matrix": [
        [
          -0.625683,
          -0.073129,
          0.776642,
          2.031921
        ],
        [
          -0.780077,
          0.059941,
          -0.622806,
          3.380972
        ],
        [
          -0.001008,
          -0.99552,
          -0.09455,
          1.672315
        ],
        [
          0.0,
          0.0,
          0.0,
          1.0
        ]
      ]
    },
    {
      "file_path": "/media/NFS/ttao/scannet/posed_images/scene0086_02/00164.jpg",
      "transform_matrix": [
        [
          -0.611795,
          -0.07848,
          0.787113,
          2.052144
        ],
        [
          -0.791001,
          0.054531,
          -0.60938,
          3.411488
        ],
        [
          0.004902,
          -0.995423,
          -0.09544,
          1.65453
        ],
        [
          0.0,
          0.0,
          0.0,
          1.0
        ]
      ]
    },
    {
      "file_path": "/media/NFS/ttao/scannet/posed_images/scene0086_02/00170.jpg",
      "transform_matrix": [
        [
          -0.590702,
          -0.156915,
          0.791485,
          2.10767
        ],
        [
          -0.806587,
          0.087952,
          -0.584536,
          3.460752
        ],
        [
          0.02211,
          -0.983688,
          -0.178519,
          1.620756
        ],
        [
          0.0,
          0.0,
          0.0,
          1.0
        ]
      ]
    },
    {
      "file_path": "/media/NFS/ttao/scannet/posed_images/scene0086_02/00172.jpg",
      "transform_matrix": [
        [
          -0.575009,
          -0.17552,
          0.799098,
          2.121424
        ],
        [
          -0.817772,
          0.093711,
          -0.567863,
          3.486367
        ],
        [
          0.024787,
          -0.980006,
          -0.19742,
          1.572917
        ],
        [
          0.0,
          0.0,
          0.0,
          1.0
        ]
      ]
    },
    {
      "file_path": "/media/NFS/ttao/scannet/posed_images/scene0086_02/00180.jpg",
      "transform_matrix": [
        [
          -0.493992,
          -0.299076,
          0.81641,
          2.190213
        ],
        [
          -0.869032,
          0.140161,
          -0.474487,
          3.560409
        ],
        [
          0.027479,
          -0.943879,
          -0.329145,
          1.523839
        ],
        [
          0.0,
          0.0,
          0.0,
          1.0
        ]
      ]
    },
    {
      "file_path": "/media/NFS/ttao/scannet/posed_images/scene0086_02/00184.jpg",
      "transform_matrix": [
        [
          -0.453985,
          -0.341442,
          0.822991,
          2.212871
        ],
        [
          -0.890084,
          0.131697,
          -0.436356,
          3.605392
        ],
        [
          0.040605,
          -0.93063,
          -0.363701,
          1.490648
        ],
        [
          0.0,
          0.0,
          0.0,
          1.0
        ]
      ]
    },
    {
      "file_path": "/media/NFS/ttao/scannet/posed_images/scene0086_02/00188.jpg",
      "transform_matrix": [
        [
          -0.397545,
          -0.378821,
          0.835735,
          2.23809
        ],
        [
          -0.916385,
          0.117393,
          -0.382697,
          3.656742
        ],
        [
          0.046864,
          -0.917994,
          -0.393815,
          1.462815
        ],
        [
          0.0,
          0.0,
          0.0,
          1.0
        ]
      ]
    },
    {
      "file_path": "/media/NFS/ttao/scannet/posed_images/scene0086_02/00193.jpg",
      "transform_matrix": [
        [
          -0.339113,
          -0.400127,
          0.851411,
          2.250363
        ],
        [
          -0.939667,
          0.10075,
          -0.326917,
          3.68929
        ],
        [
          0.045028,
          -0.910905,
          -0.410152,
          1.427066
        ],
        [
          0.0,
          0.0,
          0.0,
          1.0
        ]
      ]
    },
    {
      "file_path": "/media/NFS/ttao/scannet/posed_images/scene0086_02/00197.jpg",
      "transform_matrix": [
        [
          -0.291734,
          -0.420828,
          0.85895,
          2.269282
        ],
        [
          -0.955444,
          0.086046,
          -0.282351,
          3.734363
        ],
        [
          0.044912,
          -0.90305,
          -0.42718,
          1.411437
        ],
        [
          0.0,
          0.0,
          0.0,
          1.0
        ]
      ]
    },
    {
      "file_path": "/media/NFS/ttao/scannet/posed_images/scene0086_02/00200.jpg",
      "transform_matrix": [
        [
          -0.247035,
          -0.448943,
          0.858734,
          2.284413
        ],
        [
          -0.968555,
          0.087334,
          -0.23297,
          3.739868
        ],
        [
          0.029593,
          -0.889282,
          -0.4564,
          1.427234
        ],
        [
          0.0,
          0.0,
          0.0,
          1.0
        ]
      ]
    },
    {
      "file_path": "/media/NFS/ttao/scannet/posed_images/scene0086_02/00205.jpg",
      "transform_matrix": [
        [
          -0.195639,
          -0.463142,
          0.864422,
          2.299328
        ],
        [
          -0.980397,
          0.071328,
          -0.183671,
          3.772935
        ],
        [
          0.023408,
          -0.883409,
          -0.468017,
          1.411249
        ],
        [
          0.0,
          0.0,
          0.0,
          1.0
        ]
      ]
    },
    {
      "file_path": "/media/NFS/ttao/scannet/posed_images/scene0086_02/00209.jpg",
      "transform_matrix": [
        [
          -0.151913,
          -0.483268,
          0.862192,
          2.308412
        ],
        [
          -0.987822,
          0.044575,
          -0.149063,
          3.805696
        ],
        [
          0.033606,
          -0.874337,
          -0.484154,
          1.398875
        ],
        [
          0.0,
          0.0,
          0.0,
          1.0
        ]
      ]
    },
    {
      "file_path": "/media/NFS/ttao/scannet/posed_images/scene0086_02/00210.jpg",
      "transform_matrix": [
        [
          -0.141366,
          -0.489569,
          0.860429,
          2.313229
        ],
        [
          -0.989481,
          0.042908,
          -0.138155,
          3.807754
        ],
        [
          0.030717,
          -0.870908,
          -0.490485,
          1.402673
        ],
        [
          0.0,
          0.0,
          0.0,
          1.0
        ]
      ]
    },
    {
      "file_path": "/media/NFS/ttao/scannet/posed_images/scene0086_02/00218.jpg",
      "transform_matrix": [
        [
          -0.057748,
          -0.500434,
          0.863847,
          2.323915
        ],
        [
          -0.998272,
          0.019502,
          -0.055436,
          3.854188
        ],
        [
          0.010895,
          -0.865555,
          -0.500695,
          1.384212
        ],
        [
          0.0,
          0.0,
          0.0,
          1.0
        ]
      ]
    },
    {
      "file_path": "/media/NFS/ttao/scannet/posed_images/scene0086_02/00222.jpg",
      "transform_matrix": [
        [
          -0.009711,
          -0.502662,
          0.864428,
          2.337856
        ],
        [
          -0.999952,
          0.004207,
          -0.008787,
          3.852616
        ],
        [
          0.00078,
          -0.864473,
          -0.502679,
          1.389807
        ],
        [
          0.0,
          0.0,
          0.0,
          1.0
        ]
      ]
    },
    {
      "file_path": "/media/NFS/ttao/scannet/posed_images/scene0086_02/00226.jpg",
      "transform_matrix": [
        [
          0.014634,
          -0.494228,
          0.869209,
          2.352219
        ],
        [
          -0.999887,
          -0.010322,
          0.010965,
          3.857024
        ],
        [
          0.003553,
          -0.869271,
          -0.494323,
          1.382221
        ],
        [
          0.0,
          0.0,
          0.0,
          1.0
        ]
      ]
    },
    {
      "file_path": "/media/NFS/ttao/scannet/posed_images/scene0086_02/00230.jpg",
      "transform_matrix": [
        [
          0.034686,
          -0.487446,
          0.872464,
          2.374056
        ],
        [
          -0.99939,
          -0.013312,
          0.032295,
          3.852412
        ],
        [
          -0.004128,
          -0.873052,
          -0.48761,
          1.380086
        ],
        [
          0.0,
          0.0,
          0.0,
          1.0
        ]
      ]
    },
    {
      "file_path": "/media/NFS/ttao/scannet/posed_images/scene0086_02/00232.jpg",
      "transform_matrix": [
        [
          0.04051,
          -0.480543,
          0.876035,
          2.387244
        ],
        [
          -0.999103,
          -0.008662,
          0.04145,
          3.854721
        ],
        [
          -0.01233,
          -0.876928,
          -0.480463,
          1.37683
        ],
        [
          0.0,
          0.0,
          0.0,
          1.0
        ]
      ]
    },
    {
      "file_path": "/media/NFS/ttao/scannet/posed_images/scene0086_02/00236.jpg",
      "transform_matrix": [
        [
          0.06644,
          -0.480919,
          0.874244,
          2.415069
        ],
        [
          -0.997615,
          -0.015578,
          0.067247,
          3.866916
        ],
        [
          -0.018722,
          -0.876627,
          -0.480807,
          1.372745
        ],
        [
          0.0,
          0.0,
          0.0,
          1.0
        ]
      ]
    },
    {
      "file_path": "/media/NFS/ttao/scannet/posed_images/scene0086_02/00243.jpg",
      "transform_matrix": [
        [
          0.105949,
          -0.510489,
          0.853332,
          2.483523
        ],
        [
          -0.994056,
          -0.032771,
          0.103817,
          3.917037
        ],
        [
          -0.025033,
          -0.85926,
          -0.510927,
          1.381807
        ],
        [
          0.0,
          0.0,
          0.0,
          1.0
        ]
      ]
    },
    {
      "file_path": "/media/NFS/ttao/scannet/posed_images/scene0086_02/00245.jpg",
      "transform_matrix": [
        [
          0.108981,
          -0.500112,
          0.859076,
          2.508601
        ],
        [
          -0.993814,
          -0.03624,
          0.104977,
          3.945957
        ],
        [
          -0.021368,
          -0.865202,
          -0.500967,
          1.376281
        ],
        [
          0.0,
          0.0,
          0.0,
          1.0
        ]
      ]
    },
    {
      "file_path": "/media/NFS/ttao/scannet/posed_images/scene0086_02/00251.jpg",
      "transform_matrix": [
        [
          0.111824,
          -0.489298,
          0.864918,
          2.566775
        ],
        [
          -0.992955,
          -0.020688,
          0.116675,
          4.022714
        ],
        [
          -0.039196,
          -0.871871,
          -0.488164,
          1.375541
        ],
        [
          0.0,
          0.0,
          0.0,
          1.0
        ]
      ]
    },
    {
      "file_path": "/media/NFS/ttao/scannet/posed_images/scene0086_02/00252.jpg",
      "transform_matrix": [
        [
          0.112485,
          -0.488613,
          0.865219,
          2.578547
        ],
        [
          -0.993207,
          -0.029203,
          0.112633,
          4.043068
        ],
        [
          -0.029766,
          -0.872012,
          -0.488579,
          1.377837
        ],
        [
          0.0,
          0.0,
          0.0,
          1.0
        ]
      ]
    },
    {
      "file_path": "/media/NFS/ttao/scannet/posed_images/scene0086_02/00260.jpg",
      "transform_matrix": [
        [
          0.046915,
          -0.518061,
          0.854056,
          2.665619
        ],
        [
          -0.998882,
          -0.02928,
          0.037109,
          4.215022
        ],
        [
          0.005782,
          -0.854842,
          -0.518856,
          1.350884
        ],
        [
          0.0,
          0.0,
          0.0,
          1.0
        ]
      ]
    },
    {
      "file_path": "/media/NFS/ttao/scannet/posed_images/scene0086_02/00262.jpg",
      "transform_matrix": [
        [
          0.023364,
          -0.521326,
          0.853037,
          2.695538
        ],
        [
          -0.999721,
          -0.015075,
          0.018169,
          4.258863
        ],
        [
          0.003388,
          -0.853224,
          -0.521533,
          1.350836
        ],
        [
          0.0,
          0.0,
          0.0,
          1.0
        ]
      ]
    },
    {
      "file_path": "/media/NFS/ttao/scannet/posed_images/scene0086_02/00268.jpg",
      "transform_matrix": [
        [
          -0.016219,
          -0.495342,
          0.868547,
          2.767612
        ],
        [
          -0.999866,
          0.010075,
          -0.012925,
          4.346876
        ],
        [
          -0.002348,
          -0.86864,
          -0.495439,
          1.35001
        ],
        [
          0.0,
          0.0,
          0.0,
          1.0
        ]
      ]
    },
    {
      "file_path": "/media/NFS/ttao/scannet/posed_images/scene0086_02/00273.jpg",
      "transform_matrix": [
        [
          -0.051321,
          -0.468359,
          0.882047,
          2.831303
        ],
        [
          -0.998678,
          0.026609,
          -0.043978,
          4.394848
        ],
        [
          -0.002873,
          -0.883138,
          -0.469105,
          1.362513
        ],
        [
          0.0,
          0.0,
          0.0,
          1.0
        ]
      ]
    },
    {
      "file_path": "/media/NFS/ttao/scannet/posed_images/scene0086_02/00276.jpg",
      "transform_matrix": [
        [
          -0.077595,
          -0.451599,
          0.88884,
          2.873415
        ],
        [
          -0.996938,
          0.043777,
          -0.06479,
          4.421671
        ],
        [
          -0.009652,
          -0.891146,
          -0.453614,
          1.360254
        ],
        [
          0.0,
          0.0,
          0.0,
          1.0
        ]
      ]
    },
    {
      "file_path": "/media/NFS/ttao/scannet/posed_images/scene0086_02/00278.jpg",
      "transform_matrix": [
        [
          -0.093776,
          -0.452145,
          0.887001,
          2.904202
        ],
        [
          -0.995452,
          0.057613,
          -0.075874,
          4.441269
        ],
        [
          -0.016797,
          -0.890082,
          -0.455491,
          1.358135
        ],
        [
          0.0,
          0.0,
          0.0,
          1.0
        ]
      ]
    },
    {
      "file_path": "/media/NFS/ttao/scannet/posed_images/scene0086_02/00283.jpg",
      "transform_matrix": [
        [
          -0.158337,
          -0.449278,
          0.879249,
          2.991379
        ],
        [
          -0.987147,
          0.091589,
          -0.130968,
          4.490343
        ],
        [
          -0.021689,
          -0.888685,
          -0.458005,
          1.370586
        ],
        [
          0.0,
          0.0,
          0.0,
          1.0
        ]
      ]
    },
    {
      "file_path": "/media/NFS/ttao/scannet/posed_images/scene0086_02/00289.jpg",
      "transform_matrix": [
        [
          -0.271025,
          -0.41098,
          0.870426,
          3.091666
        ],
        [
          -0.962347,
          0.135263,
          -0.235781,
          4.542618
        ],
        [
          -0.020835,
          -0.901554,
          -0.432165,
          1.379738
        ],
        [
          0.0,
          0.0,
          0.0,
          1.0
        ]
      ]
    },
    {
      "file_path": "/media/NFS/ttao/scannet/posed_images/scene0086_02/00292.jpg",
      "transform_matrix": [
        [
          -0.310212,
          -0.404947,
          0.860108,
          3.135418
        ],
        [
          -0.950495,
          0.149341,
          -0.272501,
          4.566478
        ],
        [
          -0.018101,
          -0.902062,
          -0.431227,
          1.372433
        ],
        [
          0.0,
          0.0,
          0.0,
          1.0
        ]
      ]
    },
    {
      "file_path": "/media/NFS/ttao/scannet/posed_images/scene0086_02/00298.jpg",
      "transform_matrix": [
        [
          -0.400137,
          -0.426374,
          0.811231,
          3.246038
        ],
        [
          -0.916453,
          0.188333,
          -0.353051,
          4.63292
        ],
        [
          -0.00225,
          -0.884724,
          -0.46611,
          1.366641
        ],
        [
          0.0,
          0.0,
          0.0,
          1.0
        ]
      ]
    },
    {
      "file_path": "/media/NFS/ttao/scannet/posed_images/scene0086_02/00299.jpg",
      "transform_matrix": [
        [
          -0.40207,
          -0.430411,
          0.808138,
          3.262295
        ],
        [
          -0.915601,
          0.185387,
          -0.356799,
          4.643528
        ],
        [
          0.003752,
          -0.88339,
          -0.468623,
          1.367725
        ],
        [
          0.0,
          0.0,
          0.0,
          1.0
        ]
      ]
    },
    {
      "file_path": "/media/NFS/ttao/scannet/posed_images/scene0086_02/00307.jpg",
      "transform_matrix": [
        [
          -0.481347,
          -0.440842,
          0.757604,
          3.371099
        ],
        [
          -0.875899,
          0.20912,
          -0.434822,
          4.683429
        ],
        [
          0.033258,
          -0.872885,
          -0.486792,
          1.362128
        ],
        [
          0.0,
          0.0,
          0.0,
          1.0
        ]
      ]
    },
    {
      "file_path": "/media/NFS/ttao/scannet/posed_images/scene0086_02/00309.jpg",
      "transform_matrix": [
        [
          -0.488329,
          -0.444678,
          0.750863,
          3.388478
        ],
        [
          -0.872092,
          0.217654,
          -0.438272,
          4.686303
        ],
        [
          0.031462,
          -0.868843,
          -0.494087,
          1.359567
        ],
        [
          0.0,
          0.0,
          0.0,
          1.0
        ]
      ]
    },
    {
      "file_path": "/media/NFS/ttao/scannet/posed_images/scene0086_02/00312.jpg",
      "transform_matrix": [
        [
          -0.51015,
          -0.455167,
          0.729774,
          3.418626
        ],
        [
          -0.859218,
          0.231611,
          -0.45618,
          4.691971
        ],
        [
          0.038614,
          -0.859755,
          -0.509244,
          1.360987
        ],
        [
          0.0,
          0.0,
          0.0,
          1.0
        ]
      ]
    },
    {
      "file_path": "/media/NFS/ttao/scannet/posed_images/scene0086_02/00316.jpg",
      "transform_matrix": [
        [
          -0.546859,
          -0.449671,
          0.706216,
          3.45056
        ],
        [
          -0.836486,
          0.258035,
          -0.483434,
          4.691541
        ],
        [
          0.035157,
          -0.85511,
          -0.517253,
          1.355966
        ],
        [
          0.0,
          0.0,
          0.0,
          1.0
        ]
      ]
    },
    {
      "file_path": "/media/NFS/ttao/scannet/posed_images/scene0086_02/00321.jpg",
      "transform_matrix": [
        [
          -0.592059,
          -0.443397,
          0.672952,
          3.483189
        ],
        [
          -0.803741,
          0.263871,
          -0.533266,
          4.694759
        ],
        [
          0.058877,
          -0.856604,
          -0.512604,
          1.358393
        ],
        [
          0.0,
          0.0,
          0.0,
          1.0
        ]
      ]
    },
    {
      "file_path": "/media/NFS/ttao/scannet/posed_images/scene0086_02/00325.jpg",
      "transform_matrix": [
        [
          -0.638054,
          -0.430861,
          0.638158,
          3.508659
        ],
        [
          -0.766193,
          0.27305,
          -0.581715,
          4.702047
