{
  "frames": [
    {
      "file_path": "/media/NFS/ttao/scannet/posed_images/scene0321_00/00000.jpg",
      "transform_matrix": [
        [
          -0.985504,
          0.073712,
          -0.152802,
          4.743505
        ],
        [
          0.167349,
          0.274477,
          -0.946919,
          3.781633
        ],
        [
          -0.027858,
          -0.958764,
          -0.282834,
          1.552242
        ],
        [
          0.0,
          0.0,
          0.0,
          1.0
        ]
      ]
    },
    {
      "file_path": "/media/NFS/ttao/scannet/posed_images/scene0321_00/00003.jpg",
      "transform_matrix": [
        [
          -0.985723,
          0.076383,
          -0.150053,
          4.751307
        ],
        [
          0.165567,
          0.277612,
          -0.946319,
          3.779106
        ],
        [
          -0.030626,
          -0.957652,
          -0.286295,
          1.552646
        ],
        [
          0.0,
          0.0,
          0.0,
          1.0
        ]
      ]
    },
    {
      "file_path": "/media/NFS/ttao/scannet/posed_images/scene0321_00/00006.jpg",
      "transform_matrix": [
        [
          -0.9861,
          0.076882,
          -0.147294,
          4.755383
        ],
        [
          0.162992,
          0.275551,
          -0.947368,
          3.779187
        ],
        [
          -0.032248,
          -0.958207,
          -0.284252,
          1.550462
        ],
        [
          0.0,
          0.0,
          0.0,
          1.0
        ]
      ]
    },
    {
      "file_path": "/media/NFS/ttao/scannet/posed_images/scene0321_00/00009.jpg",
      "transform_matrix": [
        [
          -0.987164,
          0.070056,
          -0.143528,
          4.753553
        ],
        [
          0.157294,
          0.270668,
          -0.949735,
          3.778917
        ],
        [
          -0.027686,
          -0.96012,
          -0.278213,
          1.561343
        ],
        [
          0.0,
          0.0,
          0.0,
          1.0
        ]
      ]
    },
    {
      "file_path": "/media/NFS/ttao/scannet/posed_images/scene0321_00/00012.jpg",
      "transform_matrix": [
        [
          -0.987066,
          0.061088,
          -0.148223,
          4.758128
        ],
        [
          0.159206,
          0.264789,
          -0.951073,
          3.773643
        ],
        [
          -0.018851,
          -0.96237,
          -0.271089,
          1.587129
        ],
        [
          0.0,
          0.0,
          0.0,
          1.0
        ]
      ]
    },
    {
      "file_path": "/media/NFS/ttao/scannet/posed_images/scene0321_00/00016.jpg",
      "transform_matrix": [
        [
          -0.98703,
          0.054409,
          -0.151038,
          4.765589
        ],
        [
          0.159857,
          0.246437,
          -0.955884,
          3.773561
        ],
        [
          -0.014787,
          -0.96763,
          -0.251938,
          1.612797
        ],
        [
          0.0,
          0.0,
          0.0,
          1.0
        ]
      ]
    },
    {
      "file_path": "/media/NFS/ttao/scannet/posed_images/scene0321_00/00019.jpg",
      "transform_matrix": [
        [
          -0.987816,
          0.051064,
          -0.147015,
          4.761226
        ],
        [
          0.154773,
          0.223292,
          -0.962386,
          3.773735
        ],
        [
          -0.016316,
          -0.973413,
          -0.228475,
          1.609834
        ],
        [
          0.0,
          0.0,
          0.0,
          1.0
        ]
      ]
    },
    {
      "file_path": "/media/NFS/ttao/scannet/posed_images/scene0321_00/00022.jpg",
      "transform_matrix": [
        [
          -0.985828,
          0.055039,
          -0.158475,
          4.777599
        ],
        [
          0.166152,
          0.189815,
          -0.967659,
          3.781812
        ],
        [
          -0.023178,
          -0.980276,
          -0.19627,
          1.575675
        ],
        [
          0.0,
          0.0,
          0.0,
          1.0
        ]
      ]
    },
    {
      "file_path": "/media/NFS/ttao/scannet/posed_images/scene0321_00/00025.jpg",
      "transform_matrix": [
        [
          -0.982135,
          0.053487,
          -0.180417,
          4.764083
        ],
        [
          0.187562,
          0.200663,
          -0.961538,
          3.776712
        ],
        [
          -0.015227,
          -0.978199,
          -0.20711,
          1.629626
        ],
        [
          0.0,
          0.0,
          0.0,
          1.0
        ]
      ]
    },
    {
      "file_path": "/media/NFS/ttao/scannet/posed_images/scene0321_00/00031.jpg",
      "transform_matrix": [
        [
          -0.962474,
          0.07638,
          -0.260403,
          4.721764
        ],
        [
          0.270629,
          0.199127,
          -0.941864,
          3.800629
        ],
        [
          -0.020086,
          -0.976992,
          -0.212326,
          1.572896
        ],
        [
          0.0,
          0.0,
          0.0,
          1.0
        ]
      ]
    },
    {
      "file_path": "/media/NFS/ttao/scannet/posed_images/scene0321_00/00034.jpg",
      "transform_matrix": [
        [
          -0.950657,
          0.090794,
          -0.296662,
          4.682668
        ],
        [
          0.309321,
          0.203668,
          -0.928892,
          3.803128
        ],
        [
          -0.023917,
          -0.974821,
          -0.221703,
          1.571996
        ],
        [
          0.0,
          0.0,
          0.0,
          1.0
        ]
      ]
    },
    {
      "file_path": "/media/NFS/ttao/scannet/posed_images/scene0321_00/00037.jpg",
      "transform_matrix": [
        [
          -0.934202,
          0.103687,
          -0.341344,
          4.657544
        ],
        [
          0.355984,
          0.208497,
          -0.910936,
          3.809282
        ],
        [
          -0.023283,
          -0.972511,
          -0.231689,
          1.553929
        ],
        [
          0.0,
          0.0,
          0.0,
          1.0
        ]
      ]
    },
    {
      "file_path": "/media/NFS/ttao/scannet/posed_images/scene0321_00/00041.jpg",
      "transform_matrix": [
        [
          -0.921695,
          0.122677,
          -0.368006,
          4.614321
        ],
        [
          0.387111,
          0.229861,
          -0.892922,
          3.813679
        ],
        [
          -0.024951,
          -0.965461,
          -0.259351,
          1.530548
        ],
        [
          0.0,
          0.0,
          0.0,
          1.0
        ]
      ]
    },
    {
      "file_path": "/media/NFS/ttao/scannet/posed_images/scene0321_00/00042.jpg",
      "transform_matrix": [
        [
          -0.919138,
          0.1285,
          -0.37239,
          4.598407
        ],
        [
          0.392862,
          0.229215,
          -0.890573,
          3.813308
        ],
        [
          -0.029081,
          -0.964857,
          -0.261162,
          1.514549
        ],
        [
          0.0,
          0.0,
          0.0,
          1.0
        ]
      ]
    },
    {
      "file_path": "/media/NFS/ttao/scannet/posed_images/scene0321_00/00047.jpg",
      "transform_matrix": [
        [
          -0.902766,
          0.140593,
          -0.406506,
          4.563169
        ],
        [
          0.429973,
          0.26928,
          -0.861749,
          3.825897
        ],
        [
          -0.011692,
          -0.952744,
          -0.303547,
          1.459598
        ],
        [
          0.0,
          0.0,
          0.0,
          1.0
        ]
      ]
    },
    {
      "file_path": "/media/NFS/ttao/scannet/posed_images/scene0321_00/00050.jpg",
      "transform_matrix": [
        [
          -0.894882,
          0.164617,
          -0.414835,
          4.528877
        ],
        [
          0.446301,
          0.326715,
          -0.83311,
          3.793163
        ],
        [
          -0.001611,
          -0.930676,
          -0.36584,
          1.477442
        ],
        [
          0.0,
          0.0,
          0.0,
          1.0
        ]
      ]
    },
    {
      "file_path": "/media/NFS/ttao/scannet/posed_images/scene0321_00/00054.jpg",
      "transform_matrix": [
        [
          -0.888426,
          0.194382,
          -0.415831,
          4.509313
        ],
        [
          0.458807,
          0.348431,
          -0.817369,
          3.748803
        ],
        [
          -0.013993,
          -0.916957,
          -0.398739,
          1.480885
        ],
        [
          0.0,
          0.0,
          0.0,
          1.0
        ]
      ]
    },
    {
      "file_path": "/media/NFS/ttao/scannet/posed_images/scene0321_00/00057.jpg",
      "transform_matrix": [
        [
          -0.882942,
          0.200051,
          -0.424728,
          4.499366
        ],
        [
          0.469061,
          0.33759,
          -0.816097,
          3.709791
        ],
        [
          -0.019877,
          -0.919789,
          -0.391909,
          1.462814
        ],
        [
          0.0,
          0.0,
          0.0,
          1.0
        ]
      ]
    },
    {
      "file_path": "/media/NFS/ttao/scannet/posed_images/scene0321_00/00058.jpg",
      "transform_matrix": [
        [
          -0.88188,
          0.201525,
          -0.426233,
          4.490674
        ],
        [
          0.47104,
          0.337876,
          -0.814837,
          3.700939
        ],
        [
          -0.020196,
          -0.919362,
          -0.392893,
          1.452501
        ],
        [
          0.0,
          0.0,
          0.0,
          1.0
        ]
      ]
    },
    {
      "file_path": "/media/NFS/ttao/scannet/posed_images/scene0321_00/00063.jpg",
      "transform_matrix": [
        [
          -0.854709,
          0.200839,
          -0.478683,
          4.460087
        ],
        [
          0.51876,
          0.364228,
          -0.773451,
          3.595721
        ],
        [
          0.019011,
          -0.909396,
          -0.415496,
          1.478025
        ],
        [
          0.0,
          0.0,
          0.0,
          1.0
        ]
      ]
    },
    {
      "file_path": "/media/NFS/ttao/scannet/posed_images/scene0321_00/00065.jpg",
      "transform_matrix": [
        [
          -0.845422,
          0.200388,
          -0.495083,
          4.466272
        ],
        [
          0.533436,
          0.362991,
          -0.763992,
          3.56955
        ],
        [
          0.026616,
          -0.90999,
          -0.413774,
          1.464448
        ],
        [
          0.0,
          0.0,
          0.0,
          1.0
        ]
      ]
    },
    {
      "file_path": "/media/NFS/ttao/scannet/posed_images/scene0321_00/00070.jpg",
      "transform_matrix": [
        [
          -0.827005,
          0.221416,
          -0.516758,
          4.448782
        ],
        [
          0.5619,
          0.355344,
          -0.746993,
          3.486536
        ],
        [
          0.018231,
          -0.908133,
          -0.418285,
          1.465509
        ],
        [
          0.0,
          0.0,
          0.0,
          1.0
        ]
      ]
    },
    {
      "file_path": "/media/NFS/ttao/scannet/posed_images/scene0321_00/00073.jpg",
      "transform_matrix": [
        [
          -0.816131,
          0.243296,
          -0.524154,
          4.417847
        ],
        [
          0.577638,
          0.369022,
          -0.728119,
          3.441861
        ],
        [
          0.016276,
          -0.897011,
          -0.441707,
          1.470269
        ],
        [
          0.0,
          0.0,
          0.0,
          1.0
        ]
      ]
    },
    {
      "file_path": "/media/NFS/ttao/scannet/posed_images/scene0321_00/00074.jpg",
      "transform_matrix": [
        [
          -0.812118,
          0.243422,
          -0.530293,
          4.418612
        ],
        [
          0.583186,
          0.36814,
          -0.724132,
          3.436179
        ],
        [
          0.018952,
          -0.89734,
          -0.440933,
          1.470919
        ],
        [
          0.0,
          0.0,
          0.0,
          1.0
        ]
      ]
    },
    {
      "file_path": "/media/NFS/ttao/scannet/posed_images/scene0321_00/00079.jpg",
      "transform_matrix": [
        [
          -0.786681,
          0.25578,
          -0.56188,
          4.362596
        ],
        [
          0.617164,
          0.348759,
          -0.70532,
          3.382963
        ],
        [
          0.015554,
          -0.901634,
          -0.43222,
          1.476084
        ],
        [
          0.0,
          0.0,
          0.0,
          1.0
        ]
      ]
    },
    {
      "file_path": "/media/NFS/ttao/scannet/posed_images/scene0321_00/00082.jpg",
      "transform_matrix": [
        [
          -0.77521,
          0.262953,
          -0.574373,
          4.31306
        ],
        [
          0.631635,
          0.336056,
          -0.698645,
          3.357263
        ],
        [
          0.009311,
          -0.90439,
          -0.426604,
          1.476747
        ],
        [
          0.0,
          0.0,
          0.0,
          1.0
        ]
      ]
    },
    {
      "file_path": "/media/NFS/ttao/scannet/posed_images/scene0321_00/00086.jpg",
      "transform_matrix": [
        [
          -0.747847,
          0.279811,
          -0.602023,
          4.251663
        ],
        [
          0.663871,
          0.314596,
          -0.678457,
          3.310367
        ],
        [
          -0.000446,
          -0.907047,
          -0.421028,
          1.478945
        ],
        [
          0.0,
          0.0,
          0.0,
          1.0
        ]
      ]
    },
    {
      "file_path": "/media/NFS/ttao/scannet/posed_images/scene0321_00/00088.jpg",
      "transform_matrix": [
        [
          -0.729961,
          0.295525,
          -0.616297,
          4.219488
        ],
        [
          0.683384,
          0.299797,
          -0.665663,
          3.282781
        ],
        [
          -0.011956,
          -0.907076,
          -0.420797,
          1.477125
        ],
        [
          0.0,
          0.0,
          0.0,
          1.0
        ]
      ]
    },
    {
      "file_path": "/media/NFS/ttao/scannet/posed_images/scene0321_00/00092.jpg",
      "transform_matrix": [
        [
          -0.682616,
          0.339278,
          -0.647245,
          4.172816
        ],
        [
          0.730386,
          0.287782,
          -0.619449,
          3.23146
        ],
        [
          -0.0239,
          -0.895584,
          -0.444249,
          1.459927
        ],
        [
          0.0,
          0.0,
          0.0,
          1.0
        ]
      ]
    },
    {
      "file_path": "/media/NFS/ttao/scannet/posed_images/scene0321_00/00094.jpg",
      "transform_matrix": [
        [
          -0.66548,
          0.34333,
          -0.662767,
          4.15636
        ],
        [
          0.745817,
          0.270296,
          -0.608849,
          3.217746
        ],
        [
          -0.029893,
          -0.89948,
          -0.435938,
          1.443166
        ],
        [
          0.0,
          0.0,
          0.0,
          1.0
        ]
      ]
    },
    {
      "file_path": "/media/NFS/ttao/scannet/posed_images/scene0321_00/00099.jpg",
      "transform_matrix": [
        [
          -0.621322,
          0.366367,
          -0.692629,
          4.106947
        ],
        [
          0.783445,
          0.275631,
          -0.556993,
          3.18871
        ],
        [
          -0.013154,
          -0.888708,
          -0.458284,
          1.418794
        ],
        [
          0.0,
          0.0,
          0.0,
          1.0
        ]
      ]
    },
    {
      "file_path": "/media/NFS/ttao/scannet/posed_images/scene0321_00/00100.jpg",
      "transform_matrix": [
        [
          -0.604327,
          0.386947,
          -0.696463,
          4.080118
        ],
        [
          0.796728,
          0.289402,
          -0.530538,
          3.149881
        ],
        [
          -0.003732,
          -0.87551,
          -0.483185,
          1.463147
        ],
        [
          0.0,
          0.0,
          0.0,
          1.0
        ]
      ]
    },
    {
      "file_path": "/media/NFS/ttao/scannet/posed_images/scene0321_00/00104.jpg",
      "transform_matrix": [
        [
          -0.550312,
          0.412253,
          -0.726088,
          4.038767
        ],
        [
          0.834924,
          0.263772,
          -0.483038,
          3.116651
        ],
        [
          -0.007613,
          -0.87205,
          -0.489357,
          1.450397
        ],
        [
          0.0,
          0.0,
          0.0,
          1.0
        ]
      ]
    },
    {
      "file_path": "/media/NFS/ttao/scannet/posed_images/scene0321_00/00106.jpg",
      "transform_matrix": [
        [
          -0.5014,
          0.425114,
          -0.753576,
          4.022042
        ],
        [
          0.865212,
          0.243735,
          -0.43818,
          3.090376
        ],
        [
          -0.002603,
          -0.871706,
          -0.490022,
          1.444453
        ],
        [
          0.0,
          0.0,
          0.0,
          1.0
        ]
      ]
    },
    {
      "file_path": "/media/NFS/ttao/scannet/posed_images/scene0321_00/00111.jpg",
      "transform_matrix": [
        [
          -0.368419,
          0.467099,
          -0.803795,
          3.95326
        ],
        [
          0.929654,
          0.187981,
          -0.316868,
          3.044302
        ],
        [
          0.003089,
          -0.863992,
          -0.503496,
          1.434703
        ],
        [
          0.0,
          0.0,
          0.0,
          1.0
        ]
      ]
    },
    {
      "file_path": "/media/NFS/ttao/scannet/posed_images/scene0321_00/00115.jpg",
      "transform_matrix": [
        [
          -0.241984,
          0.510359,
          -0.825214,
          3.914508
        ],
        [
          0.970231,
          0.118672,
          -0.211115,
          2.996135
        ],
        [
          -0.009815,
          -0.851734,
          -0.523882,
          1.423531
        ],
        [
          0.0,
          0.0,
          0.0,
          1.0
        ]
      ]
    },
    {
      "file_path": "/media/NFS/ttao/scannet/posed_images/scene0321_00/00116.jpg",
      "transform_matrix": [
        [
          -0.209213,
          0.51313,
          -0.832423,
          3.913167
        ],
        [
          0.977778,
          0.098109,
          -0.185268,
          2.979177
        ],
        [
          -0.013398,
          -0.852685,
          -0.522253,
          1.414972
        ],
        [
          0.0,
          0.0,
          0.0,
          1.0
        ]
      ]
    },
    {
      "file_path": "/media/NFS/ttao/scannet/posed_images/scene0321_00/00121.jpg",
      "transform_matrix": [
        [
          -0.09662,
          0.545149,
          -0.832753,
          3.824533
        ],
        [
          0.995319,
          0.051037,
          -0.082071,
          2.972266
        ],
        [
          -0.00224,
          -0.836784,
          -0.547528,
          1.413041
        ],
        [
          0.0,
          0.0,
          0.0,
          1.0
        ]
      ]
    },
    {
      "file_path": "/media/NFS/ttao/scannet/posed_images/scene0321_00/00125.jpg",
      "transform_matrix": [
        [
          -0.007706,
          0.531866,
          -0.846793,
          3.751488
        ],
        [
          0.99997,
          0.005067,
          -0.005918,
          2.956657
        ],
        [
          0.001143,
          -0.846813,
          -0.531889,
          1.402358
        ],
        [
          0.0,
          0.0,
          0.0,
          1.0
        ]
      ]
    },
    {
      "file_path": "/media/NFS/ttao/scannet/posed_images/scene0321_00/00128.jpg",
      "transform_matrix": [
        [
          0.038147,
          0.536486,
          -0.843046,
          3.696956
        ],
        [
          0.999167,
          -0.03268,
          0.024415,
          2.946562
        ],
        [
          -0.014452,
          -0.843276,
          -0.537286,
          1.401081
        ],
        [
          0.0,
          0.0,
          0.0,
          1.0
        ]
      ]
    },
    {
      "file_path": "/media/NFS/ttao/scannet/posed_images/scene0321_00/00129.jpg",
      "transform_matrix": [
        [
          0.053737,
          0.538644,
          -0.840818,
          3.678708
        ],
        [
          0.998334,
          -0.046705,
          0.033884,
          2.948454
        ],
        [
          -0.021019,
          -0.841238,
          -0.540256,
          1.399433
        ],
        [
          0.0,
          0.0,
          0.0,
          1.0
        ]
      ]
    },
    {
      "file_path": "/media/NFS/ttao/scannet/posed_images/scene0321_00/00132.jpg",
      "transform_matrix": [
        [
          0.104639,
          0.550951,
          -0.827952,
          3.626786
        ],
        [
          0.993778,
          -0.089863,
          0.065798,
          2.942743
        ],
        [
          -0.038151,
          -0.829685,
          -0.556926,
          1.394758
        ],
        [
          0.0,
          0.0,
          0.0,
          1.0
        ]
      ]
    },
    {
      "file_path": "/media/NFS/ttao/scannet/posed_images/scene0321_00/00135.jpg",
      "transform_matrix": [
        [
          0.146812,
          0.543442,
          -0.826509,
          3.579782
        ],
        [
          0.988017,
          -0.120802,
          0.096071,
          2.933221
        ],
        [
          -0.047635,
          -0.830709,
          -0.554665,
          1.399316
        ],
        [
          0.0,
          0.0,
          0.0,
          1.0
        ]
      ]
    },
    {
      "file_path": "/media/NFS/ttao/scannet/posed_images/scene0321_00/00141.jpg",
      "transform_matrix": [
        [
          0.231029,
          0.533118,
          -0.813886,
          3.492978
        ],
        [
          0.972663,
          -0.146771,
          0.17996,
          2.918762
        ],
        [
          -0.023515,
          -0.833212,
          -0.552453,
          1.402743
        ],
        [
          0.0,
          0.0,
          0.0,
          1.0
        ]
      ]
    },
    {
      "file_path": "/media/NFS/ttao/scannet/posed_images/scene0321_00/00144.jpg",
      "transform_matrix": [
        [
          0.26998,
          0.525151,
          -0.807049,
          3.450291
        ],
        [
          0.962462,
          -0.171469,
          0.210394,
          2.900437
        ],
        [
          -0.027895,
          -0.833556,
          -0.55173,
          1.395969
        ],
        [
          0.0,
          0.0,
          0.0,
          1.0
        ]
      ]
    },
    {
      "file_path": "/media/NFS/ttao/scannet/posed_images/scene0321_00/00145.jpg",
      "transform_matrix": [
        [
          0.282614,
          0.5257,
          -0.802352,
          3.432333
        ],
        [
          0.95882,
          -0.179377,
          0.220199,
          2.89466
        ],
        [
          -0.028165,
          -0.831543,
          -0.554746,
          1.396486
        ],
        [
          0.0,
          0.0,
          0.0,
          1.0
        ]
      ]
    },
    {
      "file_path": "/media/NFS/ttao/scannet/posed_images/scene0321_00/00150.jpg",
      "transform_matrix": [
        [
          0.338918,
          0.518642,
          -0.78495,
          3.353123
        ],
        [
          0.940408,
          -0.211332,
          0.266406,
          2.853116
        ],
        [
          -0.027715,
          -0.828462,
          -0.559359,
          1.401311
        ],
        [
          0.0,
          0.0,
          0.0,
          1.0
        ]
      ]
    },
    {
      "file_path": "/media/NFS/ttao/scannet/posed_images/scene0321_00/00154.jpg",
      "transform_matrix": [
        [
          0.37918,
          0.530272,
          -0.758311,
          3.291016
        ],
        [
          0.924659,
          -0.248174,
          0.288816,
          2.821316
        ],
        [
          -0.035041,
          -0.810692,
          -0.584423,
          1.397056
        ],
        [
          0.0,
          0.0,
          0.0,
          1.0
        ]
      ]
    },
    {
      "file_path": "/media/NFS/ttao/scannet/posed_images/scene0321_00/00155.jpg",
      "transform_matrix": [
        [
          0.382864,
          0.53125,
          -0.75577,
          3.27679
        ],
        [
          0.922996,
          -0.254195,
          0.288899,
          2.813838
        ],
        [
          -0.038636,
          -0.808182,
          -0.587664,
          1.3942
        ],
        [
          0.0,
          0.0,
          0.0,
          1.0
        ]
      ]
    },
    {
      "file_path": "/media/NFS/ttao/scannet/posed_images/scene0321_00/00160.jpg",
      "transform_matrix": [
        [
          0.388279,
          0.572575,
          -0.722078,
          3.203296
        ],
        [
          0.921279,
          -0.259877,
          0.289324,
          2.789886
        ],
        [
          -0.021991,
          -0.777574,
          -0.628406,
          1.380987
        ],
        [
          0.0,
          0.0,
          0.0,
          1.0
        ]
      ]
    },
    {
      "file_path": "/media/NFS/ttao/scannet/posed_images/scene0321_00/00163.jpg",
      "transform_matrix": [
        [
          0.368989,
          0.578997,
          -0.727055,
          3.163367
        ],
        [
          0.92925,
          -0.245356,
          0.276214,
          2.784122
        ],
        [
          -0.01846,
          -0.777536,
          -0.628567,
          1.374918
        ],
        [
          0.0,
          0.0,
          0.0,
          1.0
        ]
      ]
    },
    {
      "file_path": "/media/NFS/ttao/scannet/posed_images/scene0321_00/00167.jpg",
      "transform_matrix": [
        [
          0.304306,
          0.59884,
          -0.740802,
          3.103713
        ],
        [
          0.952574,
          -0.190862,
          0.237011,
          2.78195
        ],
        [
          0.000541,
          -0.777793,
          -0.62852,
          1.366022
        ],
        [
          0.0,
          0.0,
          0.0,
          1.0
        ]
      ]
    },
    {
      "file_path": "/media/NFS/ttao/scannet/posed_images/scene0321_00/00169.jpg",
      "transform_matrix": [
        [
          0.263027,
          0.603198,
          -0.752973,
          3.071029
        ],
        [
          0.964787,
          -0.163025,
          0.20642,
          2.782595
        ],
        [
          0.001758,
          -0.780752,
          -0.624838,
          1.362639
        ],
        [
          0.0,
          0.0,
          0.0,
          1.0
        ]
      ]
    },
    {
      "file_path": "/media/NFS/ttao/scannet/posed_images/scene0321_00/00172.jpg",
      "transform_matrix": [
        [
          0.179215,
          0.611796,
          -0.770446,
          3.014691
        ],
        [
          0.983794,
          -0.115864,
          0.136837,
          2.789069
        ],
        [
          -0.005551,
          -0.782484,
          -0.622646,
          1.364251
        ],
        [
          0.0,
          0.0,
          0.0,
          1.0
        ]
      ]
    },
    {
      "file_path": "/media/NFS/ttao/scannet/posed_images/scene0321_00/00177.jpg",
      "transform_matrix": [
        [
          0.041953,
          0.64531,
          -0.762768,
          2.937814
        ],
        [
          0.999106,
          -0.031065,
          0.028671,
          2.80305
        ],
        [
          -0.005193,
          -0.763288,
          -0.646037,
          1.36254
        ],
        [
          0.0,
          0.0,
          0.0,
          1.0
        ]
      ]
    },
    {
      "file_path": "/media/NFS/ttao/scannet/posed_images/scene0321_00/00180.jpg",
      "transform_matrix": [
        [
          -0.059525,
          0.654225,
          -0.753954,
          2.886292
        ],
        [
          0.998204,
          0.044165,
          -0.040486,
          2.803172
        ],
        [
          0.006811,
          -0.755009,
          -0.655678,
          1.365615
        ],
        [
          0.0,
          0.0,
          0.0,
          1.0
        ]
      ]
    },
    {
      "file_path": "/media/NFS/ttao/scannet/posed_images/scene0321_00/00181.jpg",
      "transform_matrix": [
        [
          -0.091389,
          0.657451,
          -0.747935,
          2.871499
        ],
        [
          0.995804,
          0.063843,
          -0.065556,
          2.802291
        ],
        [
          0.004651,
          -0.750788,
          -0.660527,
          1.364541
        ],
        [
          0.0,
          0.0,
          0.0,
          1.0
        ]
      ]
    },
    {
      "file_path": "/media/NFS/ttao/scannet/posed_images/scene0321_00/00186.jpg",
      "transform_matrix": [
        [
          -0.194994,
          0.673857,
          -0.712667,
          2.78652
        ],
        [
          0.980787,
          0.138351,
          -0.137537,
          2.785762
        ],
        [
          0.005918,
          -0.725793,
          -0.687887,
          1.37227
        ],
        [
          0.0,
          0.0,
          0.0,
          1.0
        ]
      ]
    },
    {
      "file_path": "/media/NFS/ttao/scannet/posed_images/scene0321_00/00188.jpg",
      "transform_matrix": [
        [
          -0.235824,
          0.648689,
          -0.723595,
          2.763024
        ],
        [
          0.971787,
          0.154315,
          -0.178371,
          2.786529
        ],
        [
          -0.004046,
          -0.745244,
          -0.666779,
          1.356701
        ],
        [
          0.0,
          0.0,
          0.0,
          1.0
        ]
      ]
    },
    {
      "file_path": "/media/NFS/ttao/scannet/posed_images/scene0321_00/00190.jpg",
      "transform_matrix": [
        [
          -0.282384,
          0.653879,
          -0.701927,
          2.730209
        ],
        [
          0.959296,
          0.189928,
          -0.208995,
          2.796085
        ],
        [
          -0.003342,
          -0.732373,
          -0.680895,
          1.332745
        ],
        [
          0.0,
          0.0,
          0.0,
          1.0
        ]
      ]
    },
    {
      "file_path": "/media/NFS/ttao/scannet/posed_images/scene0321_00/00196.jpg",
      "transform_matrix": [
        [
          -0.378621,
          0.664856,
          -0.643905,
          2.596016
        ],
        [
          0.925322,
          0.287408,
          -0.247336,
          2.747226
        ],
        [
          0.020621,
          -0.689466,
          -0.724024,
          1.326014
        ],
        [
          0.0,
          0.0,
          0.0,
          1.0
        ]
      ]
    },
    {
      "file_path": "/media/NFS/ttao/scannet/posed_images/scene0321_00/00197.jpg",
      "transform_matrix": [
        [
          -0.40235,
          0.66546,
          -0.628711,
          2.57218
        ],
        [
          0.915228,
          0.308673,
          -0.258995,
          2.741219
        ],
        [
          0.021715,
          -0.67962,
          -0.733242,
          1.331505
        ],
        [
          0.0,
          0.0,
          0.0,
          1.0
        ]
      ]
    },
    {
      "file_path": "/media/NFS/ttao/scannet/posed_images/scene0321_00/00200.jpg",
      "transform_matrix": [
        [
          -0.471183,
          0.626844,
          -0.620527,
          2.509312
        ],
        [
          0.881888,
          0.347685,
          -0.318417,
          2.727731
        ],
        [
          0.01615,
          -0.697268,
          -0.716629,
          1.342458
        ],
        [
          0.0,
          0.0,
          0.0,
          1.0
        ]
      ]
    },
    {
      "file_path": "/media/NFS/ttao/scannet/posed_images/scene0321_00/00206.jpg",
      "transform_matrix": [
        [
          -0.571498,
          0.574219,
          -0.586227,
          2.402253
        ],
        [
          0.820519,
          0.410122,
          -0.398182,
          2.70793
        ],
        [
          0.011781,
          -0.70857,
          -0.705542,
          1.352984
        ],
        [
          0.0,
          0.0,
          0.0,
          1.0
        ]
      ]
    },
    {
      "file_path": "/media/NFS/ttao/scannet/posed_images/scene0321_00/00209.jpg",
      "transform_matrix": [
        [
          -0.613746,
          0.540859,
          -0.575141,
          2.347158
        ],
        [
          0.78921,
          0.440144,
          -0.428275,
          2.704985
        ],
        [
          0.021508,
          -0.716759,
          -0.696989,
          1.34254
        ],
        [
          0.0,
          0.0,
          0.0,
          1.0
        ]
      ]
    },
    {
      "file_path": "/media/NFS/ttao/scannet/posed_images/scene0321_00/00212.jpg",
      "transform_matrix": [
        [
          -0.657237,
          0.501138,
          -0.562939,
          2.281369
        ],
        [
          0.753147,
          0.464879,
          -0.465464,
          2.705664
        ],
        [
          0.028437,
          -0.729896,
          -0.682966,
          1.339147
        ],
        [
          0.0,
          0.0,
          0.0,
          1.0
        ]
      ]
    },
    {
      "file_path": "/media/NFS/ttao/scannet/posed_images/scene0321_00/00214.jpg",
      "transform_matrix": [
        [
          -0.674084,
          0.493679,
          -0.549447,
          2.24946
        ],
        [
          0.738376,
          0.470808,
          -0.482847,
          2.713545
        ],
        [
          0.020313,
          -0.731178,
          -0.681885,
          1.335094
        ],
        [
          0.0,
          0.0,
          0.0,
          1.0
        ]
      ]
    },
    {
      "file_path": "/media/NFS/ttao/scannet/posed_images/scene0321_00/00219.jpg",
      "transform_matrix": [
        [
          -0.75497,
          0.432797,
          -0.492652,
          2.179229
        ],
        [
          0.654994,
          0.533977,
          -0.534651,
          2.702242
        ],
        [
          0.03167,
          -0.72633,
          -0.686616,
          1.346184
        ],
        [
          0.0,
          0.0,
          0.0,
          1.0
        ]
      ]
    },
    {
      "file_path": "/media/NFS/ttao/scannet/posed_images/scene0321_00/00220.jpg",
      "transform_matrix": [
        [
          -0.769445,
          0.426179,
          -0.475738,
          2.15961
        ],
        [
          0.638229,
          0.542026,
          -0.546692,
          2.708869
        ],
        [
          0.024874,
          -0.724279,
          -0.689058,
          1.341261
        ],
        [
          0.0,
          0.0,
          0.0,
          1.0
        ]
      ]
    },
    {
      "file_path": "/media/NFS/ttao/scannet/posed_images/scene0321_00/00225.jpg",
      "transform_matrix": [
        [
          -0.825891,
          0.387757,
          -0.409328,
          2.093732
        ],
        [
          0.563422,
          0.59521,
          -0.572958,
          2.674966
        ],
        [
          0.021468,
          -0.703825,
          -0.710048,
          1.340517
        ],
        [
          0.0,
          0.0,
          0.0,
          1.0
        ]
      ]
    },
    {
      "file_path": "/media/NFS/ttao/scannet/posed_images/scene0321_00/00228.jpg",
      "transform_matrix": [
        [
          -0.865092,
          0.278223,
          -0.417383,
          2.090375
        ],
        [
          0.494085,
          0.616254,
          -0.613279,
          2.670915
        ],
        [
          0.086585,
          -0.736765,
          -0.670582,
          1.334356
        ],
        [
          0.0,
          0.0,
          0.0,
          1.0
        ]
      ]
    },
    {
      "file_path": "/media/NFS/ttao/scannet/posed_images/scene0321_00/00229.jpg",
      "transform_matrix": [
        [
          -0.875504,
          0.230991,
          -0.424425,
          2.083253
        ],
        [
          0.469621,
          0.613594,
          -0.63479,
          2.671628
        ],
        [
          0.113794,
          -0.75508,
          -0.645682,
          1.330698
        ],
        [
          0.0,
          0.0,
          0.0,
          1.0
        ]
      ]
    },
    {
      "file_path": "/media/NFS/ttao/scannet/posed_images/scene0321_00/00235.jpg",
      "transform_matrix": [
        [
          -0.921298,
          0.15259,
          -0.357668,
          1.932902
        ],
        [
          0.370553,
          0.623384,
          -0.688536,
          2.595166
        ],
        [
          0.117901,
          -0.766882,
          -0.630865,
          1.342298
        ],
        [
          0.0,
          0.0,
          0.0,
          1.0
        ]
      ]
    },
    {
      "file_path": "/media/NFS/ttao/scannet/posed_images/scene0321_00/00236.jpg",
      "transform_matrix": [
        [
          -0.926501,
          0.145121,
          -0.347183,
          1.916616
        ],
        [
          0.359675,
          0.612692,
          -0.703735,
          2.588663
        ],
        [
          0.11059,
          -0.776884,
          -0.619856,
          1.347246
        ],
        [
          0.0,
          0.0,
          0.0,
          1.0
        ]
      ]
    },
    {
      "file_path": "/media/NFS/ttao/scannet/posed_images/scene0321_00/00239.jpg",
      "transform_matrix": [
        [
          -0.941777,
          0.139092,
          -0.306122,
          1.863778
        ],
        [
          0.326501,
          0.595832,
          -0.733745,
          2.591749
        ],
        [
          0.080339,
          -0.790972,
          -0.606555,
          1.347291
        ],
        [
          0.0,
          0.0,
          0.0,
          1.0
        ]
      ]
    },
    {
      "file_path": "/media/NFS/ttao/scannet/posed_images/scene0321_00/00244.jpg",
      "transform_matrix": [
        [
          -0.959976,
          0.093117,
          -0.264151,
          1.792506
        ],
        [
          0.25888,
          0.654957,
          -0.709938,
          2.531849
        ],
        [
          0.1069,
          -0.749906,
          -0.652849,
          1.34801
        ],
        [
          0.0,
          0.0,
          0.0,
          1.0
        ]
      ]
    },
    {
      "file_path": "/media/NFS/ttao/scannet/posed_images/scene0321_00/00246.jpg",
      "transform_matrix": [
        [
          -0.969602,
          0.058646,
          -0.237558,
          1.761483
        ],
        [
          0.215561,
          0.66413,
          -0.715866,
          2.511765
        ],
        [
          0.115787,
          -0.745313,
          -0.656584,
          1.348314
        ],
        [
          0.0,
          0.0,
          0.0,
          1.0
        ]
      ]
    },
    {
      "file_path": "/media/NFS/ttao/scannet/posed_images/scene0321_00/00249.jpg",
      "transform_matrix": [
        [
          -0.979268,
          0.018734,
          -0.201702,
          1.708884
        ],
        [
          0.163938,
          0.658185,
          -0.73479,
          2.523954
        ],
        [
          0.118992,
          -0.752623,
          -0.64761,
