{
  "frames": [
    {
      "file_path": "/media/NFS/ttao/scannet/posed_images/scene0031_00/00006.jpg",
      "transform_matrix": [
        [
          0.991282,
          -0.018289,
          -0.130486,
          3.932098
        ],
        [
          0.130882,
          0.022406,
          0.991145,
          2.662731
        ],
        [
          -0.015203,
          -0.999582,
          0.024605,
          1.616782
        ],
        [
          0.0,
          0.0,
          0.0,
          1.0
        ]
      ]
    },
    {
      "file_path": "/media/NFS/ttao/scannet/posed_images/scene0031_00/00011.jpg",
      "transform_matrix": [
        [
          0.993142,
          -0.049081,
          -0.106115,
          3.884839
        ],
        [
          0.107255,
          0.021188,
          0.994006,
          2.633815
        ],
        [
          -0.046538,
          -0.99857,
          0.026307,
          1.644113
        ],
        [
          0.0,
          0.0,
          0.0,
          1.0
        ]
      ]
    },
    {
      "file_path": "/media/NFS/ttao/scannet/posed_images/scene0031_00/00017.jpg",
      "transform_matrix": [
        [
          0.995701,
          -0.042462,
          -0.082324,
          3.868924
        ],
        [
          0.083937,
          0.037712,
          0.995757,
          2.612751
        ],
        [
          -0.039177,
          -0.998386,
          0.041114,
          1.668737
        ],
        [
          0.0,
          0.0,
          0.0,
          1.0
        ]
      ]
    },
    {
      "file_path": "/media/NFS/ttao/scannet/posed_images/scene0031_00/00033.jpg",
      "transform_matrix": [
        [
          0.992641,
          -0.09564,
          -0.074275,
          3.833838
        ],
        [
          0.071135,
          -0.035838,
          0.996823,
          2.623269
        ],
        [
          -0.097998,
          -0.994771,
          -0.028771,
          1.556729
        ],
        [
          0.0,
          0.0,
          0.0,
          1.0
        ]
      ]
    },
    {
      "file_path": "/media/NFS/ttao/scannet/posed_images/scene0031_00/00039.jpg",
      "transform_matrix": [
        [
          0.992401,
          -0.107406,
          -0.060029,
          3.821287
        ],
        [
          0.043872,
          -0.14693,
          0.988173,
          2.647333
        ],
        [
          -0.114956,
          -0.983298,
          -0.141101,
          1.502473
        ],
        [
          0.0,
          0.0,
          0.0,
          1.0
        ]
      ]
    },
    {
      "file_path": "/media/NFS/ttao/scannet/posed_images/scene0031_00/00050.jpg",
      "transform_matrix": [
        [
          0.998313,
          -0.020271,
          -0.054401,
          3.688738
        ],
        [
          0.046315,
          -0.286919,
          0.956835,
          2.6473
        ],
        [
          -0.035004,
          -0.95774,
          -0.285496,
          1.437483
        ],
        [
          0.0,
          0.0,
          0.0,
          1.0
        ]
      ]
    },
    {
      "file_path": "/media/NFS/ttao/scannet/posed_images/scene0031_00/00052.jpg",
      "transform_matrix": [
        [
          0.997883,
          -0.009368,
          -0.06436,
          3.679775
        ],
        [
          0.058916,
          -0.288953,
          0.955529,
          2.636788
        ],
        [
          -0.027549,
          -0.957298,
          -0.287789,
          1.38655
        ],
        [
          0.0,
          0.0,
          0.0,
          1.0
        ]
      ]
    },
    {
      "file_path": "/media/NFS/ttao/scannet/posed_images/scene0031_00/00066.jpg",
      "transform_matrix": [
        [
          0.992966,
          0.026733,
          -0.115343,
          3.364993
        ],
        [
          0.11793,
          -0.310088,
          0.943365,
          2.636079
        ],
        [
          -0.010547,
          -0.950332,
          -0.31106,
          1.36222
        ],
        [
          0.0,
          0.0,
          0.0,
          1.0
        ]
      ]
    },
    {
      "file_path": "/media/NFS/ttao/scannet/posed_images/scene0031_00/00074.jpg",
      "transform_matrix": [
        [
          0.989283,
          0.001794,
          -0.146,
          3.27889
        ],
        [
          0.138928,
          -0.319239,
          0.937436,
          2.688418
        ],
        [
          -0.044927,
          -0.947673,
          -0.316067,
          1.366493
        ],
        [
          0.0,
          0.0,
          0.0,
          1.0
        ]
      ]
    },
    {
      "file_path": "/media/NFS/ttao/scannet/posed_images/scene0031_00/00083.jpg",
      "transform_matrix": [
        [
          0.982905,
          -0.00047,
          -0.184112,
          3.165704
        ],
        [
          0.174261,
          -0.320358,
          0.93113,
          2.794107
        ],
        [
          -0.059419,
          -0.947296,
          -0.3148,
          1.372503
        ],
        [
          0.0,
          0.0,
          0.0,
          1.0
        ]
      ]
    },
    {
      "file_path": "/media/NFS/ttao/scannet/posed_images/scene0031_00/00091.jpg",
      "transform_matrix": [
        [
          0.985644,
          0.005415,
          -0.168753,
          3.107387
        ],
        [
          0.16231,
          -0.305668,
          0.938202,
          2.859487
        ],
        [
          -0.046502,
          -0.952123,
          -0.302159,
          1.390307
        ],
        [
          0.0,
          0.0,
          0.0,
          1.0
        ]
      ]
    },
    {
      "file_path": "/media/NFS/ttao/scannet/posed_images/scene0031_00/00099.jpg",
      "transform_matrix": [
        [
          0.996843,
          -0.021388,
          -0.076464,
          3.056533
        ],
        [
          0.065243,
          -0.328178,
          0.94236,
          2.918579
        ],
        [
          -0.045249,
          -0.944374,
          -0.325746,
          1.401949
        ],
        [
          0.0,
          0.0,
          0.0,
          1.0
        ]
      ]
    },
    {
      "file_path": "/media/NFS/ttao/scannet/posed_images/scene0031_00/00113.jpg",
      "transform_matrix": [
        [
          0.968412,
          -0.125211,
          0.21564,
          3.051788
        ],
        [
          -0.245941,
          -0.336964,
          0.908828,
          2.970215
        ],
        [
          -0.041132,
          -0.933155,
          -0.357115,
          1.437187
        ],
        [
          0.0,
          0.0,
          0.0,
          1.0
        ]
      ]
    },
    {
      "file_path": "/media/NFS/ttao/scannet/posed_images/scene0031_00/00124.jpg",
      "transform_matrix": [
        [
          0.923908,
          -0.181998,
          0.336559,
          3.143045
        ],
        [
          -0.378326,
          -0.303193,
          0.87461,
          2.961746
        ],
        [
          -0.057135,
          -0.935388,
          -0.348977,
          1.475566
        ],
        [
          0.0,
          0.0,
          0.0,
          1.0
        ]
      ]
    },
    {
      "file_path": "/media/NFS/ttao/scannet/posed_images/scene0031_00/00132.jpg",
      "transform_matrix": [
        [
          0.904507,
          -0.198677,
          0.377352,
          3.256723
        ],
        [
          -0.421973,
          -0.288946,
          0.85933,
          2.946851
        ],
        [
          -0.061695,
          -0.936503,
          -0.34519,
          1.49631
        ],
        [
          0.0,
          0.0,
          0.0,
          1.0
        ]
      ]
    },
    {
      "file_path": "/media/NFS/ttao/scannet/posed_images/scene0031_00/00143.jpg",
      "transform_matrix": [
        [
          0.843541,
          -0.197724,
          0.499343,
          3.470472
        ],
        [
          -0.536875,
          -0.285779,
          0.793785,
          2.943368
        ],
        [
          -0.014249,
          -0.937676,
          -0.34722,
          1.543513
        ],
        [
          0.0,
          0.0,
          0.0,
          1.0
        ]
      ]
    },
    {
      "file_path": "/media/NFS/ttao/scannet/posed_images/scene0031_00/00146.jpg",
      "transform_matrix": [
        [
          0.833154,
          -0.215312,
          0.509406,
          3.512409
        ],
        [
          -0.552221,
          -0.273775,
          0.787463,
          2.942821
        ],
        [
          -0.030088,
          -0.937384,
          -0.346996,
          1.527177
        ],
        [
          0.0,
          0.0,
          0.0,
          1.0
        ]
      ]
    },
    {
      "file_path": "/media/NFS/ttao/scannet/posed_images/scene0031_00/00160.jpg",
      "transform_matrix": [
        [
          0.79417,
          -0.27326,
          0.542791,
          3.684889
        ],
        [
          -0.603773,
          -0.253491,
          0.755778,
          2.9602
        ],
        [
          -0.068931,
          -0.927939,
          -0.366302,
          1.507268
        ],
        [
          0.0,
          0.0,
          0.0,
          1.0
        ]
      ]
    },
    {
      "file_path": "/media/NFS/ttao/scannet/posed_images/scene0031_00/00171.jpg",
      "transform_matrix": [
        [
          0.880768,
          -0.242001,
          0.407043,
          3.86136
        ],
        [
          -0.47015,
          -0.344076,
          0.812755,
          2.91673
        ],
        [
          -0.056634,
          -0.90722,
          -0.416827,
          1.506206
        ],
        [
          0.0,
          0.0,
          0.0,
          1.0
        ]
      ]
    },
    {
      "file_path": "/media/NFS/ttao/scannet/posed_images/scene0031_00/00176.jpg",
      "transform_matrix": [
        [
          0.888041,
          -0.219137,
          0.404181,
          3.937804
        ],
        [
          -0.457538,
          -0.334808,
          0.823749,
          2.88492
        ],
        [
          -0.045191,
          -0.916451,
          -0.397587,
          1.518996
        ],
        [
          0.0,
          0.0,
          0.0,
          1.0
        ]
      ]
    },
    {
      "file_path": "/media/NFS/ttao/scannet/posed_images/scene0031_00/00185.jpg",
      "transform_matrix": [
        [
          0.910015,
          -0.181812,
          0.372581,
          4.07509
        ],
        [
          -0.413301,
          -0.327447,
          0.849683,
          2.850319
        ],
        [
          -0.032482,
          -0.927212,
          -0.373125,
          1.494699
        ],
        [
          0.0,
          0.0,
          0.0,
          1.0
        ]
      ]
    },
    {
      "file_path": "/media/NFS/ttao/scannet/posed_images/scene0031_00/00198.jpg",
      "transform_matrix": [
        [
          0.95191,
          -0.103918,
          0.288218,
          4.265899
        ],
        [
          -0.305652,
          -0.386903,
          0.86999,
          2.866959
        ],
        [
          0.021105,
          -0.916246,
          -0.40006,
          1.488275
        ],
        [
          0.0,
          0.0,
          0.0,
          1.0
        ]
      ]
    },
    {
      "file_path": "/media/NFS/ttao/scannet/posed_images/scene0031_00/00201.jpg",
      "transform_matrix": [
        [
          0.956532,
          -0.120334,
          0.265642,
          4.318655
        ],
        [
          -0.291617,
          -0.387316,
          0.874612,
          2.864349
        ],
        [
          -0.002358,
          -0.91406,
          -0.405572,
          1.470281
        ],
        [
          0.0,
          0.0,
          0.0,
          1.0
        ]
      ]
    },
    {
      "file_path": "/media/NFS/ttao/scannet/posed_images/scene0031_00/00215.jpg",
      "transform_matrix": [
        [
          0.991808,
          -0.066062,
          0.109327,
          4.664999
        ],
        [
          -0.126854,
          -0.408936,
          0.903703,
          2.800047
        ],
        [
          -0.014993,
          -0.910169,
          -0.413967,
          1.463798
        ],
        [
          0.0,
          0.0,
          0.0,
          1.0
        ]
      ]
    },
    {
      "file_path": "/media/NFS/ttao/scannet/posed_images/scene0031_00/00218.jpg",
      "transform_matrix": [
        [
          0.995599,
          -0.053902,
          0.076664,
          4.737243
        ],
        [
          -0.092117,
          -0.412358,
          0.906353,
          2.792626
        ],
        [
          -0.017241,
          -0.909426,
          -0.415508,
          1.469595
        ],
        [
          0.0,
          0.0,
          0.0,
          1.0
        ]
      ]
    },
    {
      "file_path": "/media/NFS/ttao/scannet/posed_images/scene0031_00/00234.jpg",
      "transform_matrix": [
        [
          0.994539,
          0.015829,
          -0.103154,
          5.12357
        ],
        [
          0.10286,
          -0.315737,
          0.943255,
          2.824299
        ],
        [
          -0.017639,
          -0.948715,
          -0.315641,
          1.515152
        ],
        [
          0.0,
          0.0,
          0.0,
          1.0
        ]
      ]
    },
    {
      "file_path": "/media/NFS/ttao/scannet/posed_images/scene0031_00/00243.jpg",
      "transform_matrix": [
        [
          0.976188,
          0.03856,
          -0.213472,
          5.308854
        ],
        [
          0.216388,
          -0.242393,
          0.945739,
          2.831652
        ],
        [
          -0.015276,
          -0.969412,
          -0.244965,
          1.517738
        ],
        [
          0.0,
          0.0,
          0.0,
          1.0
        ]
      ]
    },
    {
      "file_path": "/media/NFS/ttao/scannet/posed_images/scene0031_00/00248.jpg",
      "transform_matrix": [
        [
          0.962698,
          0.056455,
          -0.264625,
          5.413498
        ],
        [
          0.27026,
          -0.248203,
          0.930245,
          2.83739
        ],
        [
          -0.013163,
          -0.967062,
          -0.254202,
          1.504157
        ],
        [
          0.0,
          0.0,
          0.0,
          1.0
        ]
      ]
    },
    {
      "file_path": "/media/NFS/ttao/scannet/posed_images/scene0031_00/00259.jpg",
      "transform_matrix": [
        [
          0.955002,
          0.037825,
          -0.294178,
          5.658053
        ],
        [
          0.292743,
          -0.279631,
          0.914389,
          2.865468
        ],
        [
          -0.047675,
          -0.959362,
          -0.278121,
          1.525096
        ],
        [
          0.0,
          0.0,
          0.0,
          1.0
        ]
      ]
    },
    {
      "file_path": "/media/NFS/ttao/scannet/posed_images/scene0031_00/00270.jpg",
      "transform_matrix": [
        [
          0.980586,
          0.011223,
          -0.195767,
          5.750986
        ],
        [
          0.186498,
          -0.361778,
          0.913419,
          2.917423
        ],
        [
          -0.060573,
          -0.932197,
          -0.356847,
          1.522669
        ],
        [
          0.0,
          0.0,
          0.0,
          1.0
        ]
      ]
    },
    {
      "file_path": "/media/NFS/ttao/scannet/posed_images/scene0031_00/00281.jpg",
      "transform_matrix": [
        [
          0.998477,
          -0.02156,
          -0.050785,
          5.692783
        ],
        [
          0.038871,
          -0.378329,
          0.924855,
          2.915036
        ],
        [
          -0.039153,
          -0.92542,
          -0.376915,
          1.521058
        ],
        [
          0.0,
          0.0,
          0.0,
          1.0
        ]
      ]
    },
    {
      "file_path": "/media/NFS/ttao/scannet/posed_images/scene0031_00/00284.jpg",
      "transform_matrix": [
        [
          0.998692,
          -0.048347,
          0.016627,
          5.637722
        ],
        [
          -0.03406,
          -0.386617,
          0.921611,
          2.912692
        ],
        [
          -0.038129,
          -0.920972,
          -0.387758,
          1.542218
        ],
        [
          0.0,
          0.0,
          0.0,
          1.0
        ]
      ]
    },
    {
      "file_path": "/media/NFS/ttao/scannet/posed_images/scene0031_00/00292.jpg",
      "transform_matrix": [
        [
          0.974578,
          -0.091951,
          0.204309,
          5.409411
        ],
        [
          -0.224046,
          -0.397865,
          0.889666,
          2.882194
        ],
        [
          -0.000518,
          -0.912824,
          -0.408352,
          1.527515
        ],
        [
          0.0,
          0.0,
          0.0,
          1.0
        ]
      ]
    },
    {
      "file_path": "/media/NFS/ttao/scannet/posed_images/scene0031_00/00300.jpg",
      "transform_matrix": [
        [
          0.951214,
          -0.081318,
          0.297621,
          5.264355
        ],
        [
          -0.306249,
          -0.365944,
          0.878804,
          2.836428
        ],
        [
          0.03745,
          -0.927077,
          -0.372995,
          1.574567
        ],
        [
          0.0,
          0.0,
          0.0,
          1.0
        ]
      ]
    },
    {
      "file_path": "/media/NFS/ttao/scannet/posed_images/scene0031_00/00311.jpg",
      "transform_matrix": [
        [
          0.909973,
          -0.09619,
          0.403357,
          5.126056
        ],
        [
          -0.412758,
          -0.303352,
          0.858841,
          2.784639
        ],
        [
          0.039747,
          -0.948011,
          -0.315745,
          1.657262
        ],
        [
          0.0,
          0.0,
          0.0,
          1.0
        ]
      ]
    },
    {
      "file_path": "/media/NFS/ttao/scannet/posed_images/scene0031_00/00325.jpg",
      "transform_matrix": [
        [
          0.879534,
          -0.073817,
          0.470075,
          5.076956
        ],
        [
          -0.47525,
          -0.185294,
          0.860119,
          2.781343
        ],
        [
          0.023611,
          -0.979907,
          -0.198054,
          1.767859
        ],
        [
          0.0,
          0.0,
          0.0,
          1.0
        ]
      ]
    },
    {
      "file_path": "/media/NFS/ttao/scannet/posed_images/scene0031_00/00328.jpg",
      "transform_matrix": [
        [
          0.873881,
          -0.075262,
          0.480278,
          5.055073
        ],
        [
          -0.485905,
          -0.165888,
          0.858124,
          2.806512
        ],
        [
          0.015088,
          -0.983268,
          -0.181536,
          1.786735
        ],
        [
          0.0,
          0.0,
          0.0,
          1.0
        ]
      ]
    },
    {
      "file_path": "/media/NFS/ttao/scannet/posed_images/scene0031_00/00339.jpg",
      "transform_matrix": [
        [
          0.858931,
          -0.060181,
          0.508543,
          5.045022
        ],
        [
          -0.511696,
          -0.061843,
          0.856938,
          2.850488
        ],
        [
          -0.020121,
          -0.99627,
          -0.083913,
          1.876297
        ],
        [
          0.0,
          0.0,
          0.0,
          1.0
        ]
      ]
    },
    {
      "file_path": "/media/NFS/ttao/scannet/posed_images/scene0031_00/00353.jpg",
      "transform_matrix": [
        [
          0.870968,
          0.02229,
          0.490835,
          5.147638
        ],
        [
          -0.491327,
          0.0469,
          0.869712,
          2.761615
        ],
        [
          -0.003635,
          -0.998651,
          0.0518,
          1.984825
        ],
        [
          0.0,
          0.0,
          0.0,
          1.0
        ]
      ]
    },
    {
      "file_path": "/media/NFS/ttao/scannet/posed_images/scene0031_00/00364.jpg",
      "transform_matrix": [
        [
          0.870828,
          0.060828,
          0.48781,
          5.15624
        ],
        [
          -0.491337,
          0.139395,
          0.859742,
          2.703194
        ],
        [
          -0.015702,
          -0.988367,
          0.151276,
          2.010627
        ],
        [
          0.0,
          0.0,
          0.0,
          1.0
        ]
      ]
    },
    {
      "file_path": "/media/NFS/ttao/scannet/posed_images/scene0031_00/00372.jpg",
      "transform_matrix": [
        [
          0.892891,
          0.064923,
          0.445569,
          5.154078
        ],
        [
          -0.449506,
          0.186271,
          0.87364,
          2.636825
        ],
        [
          -0.026278,
          -0.980351,
          0.195503,
          2.074935
        ],
        [
          0.0,
          0.0,
          0.0,
          1.0
        ]
      ]
    },
    {
      "file_path": "/media/NFS/ttao/scannet/posed_images/scene0031_00/00375.jpg",
      "transform_matrix": [
        [
          0.898194,
          0.068937,
          0.434161,
          5.15486
        ],
        [
          -0.438698,
          0.20379,
          0.875222,
          2.632463
        ],
        [
          -0.028142,
          -0.976585,
          0.213285,
          2.051453
        ],
        [
          0.0,
          0.0,
          0.0,
          1.0
        ]
      ]
    },
    {
      "file_path": "/media/NFS/ttao/scannet/posed_images/scene0031_00/00383.jpg",
      "transform_matrix": [
        [
          0.903752,
          0.043567,
          0.425833,
          5.156951
        ],
        [
          -0.426658,
          0.172023,
          0.887903,
          2.632849
        ],
        [
          -0.03457,
          -0.984129,
          0.174054,
          2.016072
        ],
        [
          0.0,
          0.0,
          0.0,
          1.0
        ]
      ]
    },
    {
      "file_path": "/media/NFS/ttao/scannet/posed_images/scene0031_00/00400.jpg",
      "transform_matrix": [
        [
          0.903134,
          -0.055826,
          0.425715,
          4.97391
        ],
        [
          -0.429359,
          -0.118521,
          0.895323,
          2.767397
        ],
        [
          0.000474,
          -0.991381,
          -0.13101,
          1.6723
        ],
        [
          0.0,
          0.0,
          0.0,
          1.0
        ]
      ]
    },
    {
      "file_path": "/media/NFS/ttao/scannet/posed_images/scene0031_00/00405.jpg",
      "transform_matrix": [
        [
          0.908372,
          -0.104144,
          0.404987,
          4.936642
        ],
        [
          -0.418151,
          -0.233665,
          0.87781,
          2.810986
        ],
        [
          0.003212,
          -0.966724,
          -0.255803,
          1.643204
        ],
        [
          0.0,
          0.0,
          0.0,
          1.0
        ]
      ]
    },
    {
      "file_path": "/media/NFS/ttao/scannet/posed_images/scene0031_00/00413.jpg",
      "transform_matrix": [
        [
          0.920021,
          -0.113569,
          0.375051,
          4.854517
        ],
        [
          -0.391347,
          -0.315645,
          0.864417,
          2.82532
        ],
        [
          0.020212,
          -0.942057,
          -0.334844,
          1.583975
        ],
        [
          0.0,
          0.0,
          0.0,
          1.0
        ]
      ]
    },
    {
      "file_path": "/media/NFS/ttao/scannet/posed_images/scene0031_00/00427.jpg",
      "transform_matrix": [
        [
          0.952796,
          -0.090485,
          0.289815,
          4.713864
        ],
        [
          -0.302709,
          -0.209531,
          0.929766,
          2.776233
        ],
        [
          -0.023404,
          -0.973606,
          -0.227031,
          1.65173
        ],
        [
          0.0,
          0.0,
          0.0,
          1.0
        ]
      ]
    },
    {
      "file_path": "/media/NFS/ttao/scannet/posed_images/scene0031_00/00435.jpg",
      "transform_matrix": [
        [
          0.946021,
          -0.086978,
          0.312216,
          4.75626
        ],
        [
          -0.320053,
          -0.098848,
          0.942229,
          2.706212
        ],
        [
          -0.051091,
          -0.991294,
          -0.12135,
          1.682493
        ],
        [
          0.0,
          0.0,
          0.0,
          1.0
        ]
      ]
    },
    {
      "file_path": "/media/NFS/ttao/scannet/posed_images/scene0031_00/00444.jpg",
      "transform_matrix": [
        [
          0.955504,
          -0.016701,
          0.294504,
          4.852844
        ],
        [
          -0.293222,
          0.05496,
          0.954463,
          2.657815
        ],
        [
          -0.032126,
          -0.998349,
          0.047617,
          1.802338
        ],
        [
          0.0,
          0.0,
          0.0,
          1.0
        ]
      ]
    },
    {
      "file_path": "/media/NFS/ttao/scannet/posed_images/scene0031_00/00449.jpg",
      "transform_matrix": [
        [
          0.954457,
          -0.036036,
          0.296165,
          4.878124
        ],
        [
          -0.295146,
          0.031016,
          0.954948,
          2.656212
        ],
        [
          -0.043599,
          -0.998869,
          0.018967,
          1.802549
        ],
        [
          0.0,
          0.0,
          0.0,
          1.0
        ]
      ]
    },
    {
      "file_path": "/media/NFS/ttao/scannet/posed_images/scene0031_00/00463.jpg",
      "transform_matrix": [
        [
          0.905253,
          -0.17498,
          0.387168,
          4.86859
        ],
        [
          -0.415189,
          -0.170875,
          0.893543,
          2.734507
        ],
        [
          -0.090195,
          -0.969631,
          -0.227335,
          1.630788
        ],
        [
          0.0,
          0.0,
          0.0,
          1.0
        ]
      ]
    },
    {
      "file_path": "/media/NFS/ttao/scannet/posed_images/scene0031_00/00474.jpg",
      "transform_matrix": [
        [
          0.856693,
          -0.226116,
          0.463626,
          4.936341
        ],
        [
          -0.508539,
          -0.219684,
          0.832542,
          2.773832
        ],
        [
          -0.0864,
          -0.949005,
          -0.303191,
          1.565439
        ],
        [
          0.0,
          0.0,
          0.0,
          1.0
        ]
      ]
    },
    {
      "file_path": "/media/NFS/ttao/scannet/posed_images/scene0031_00/00477.jpg",
      "transform_matrix": [
        [
          0.845944,
          -0.213165,
          0.488814,
          4.935267
        ],
        [
          -0.52853,
          -0.213173,
          0.821714,
          2.785907
        ],
        [
          -0.070959,
          -0.953477,
          -0.292996,
          1.545415
        ],
        [
          0.0,
          0.0,
          0.0,
          1.0
        ]
      ]
    },
    {
      "file_path": "/media/NFS/ttao/scannet/posed_images/scene0031_00/00485.jpg",
      "transform_matrix": [
        [
          0.810521,
          -0.214631,
          0.544968,
          4.911799
        ],
        [
          -0.585012,
          -0.251261,
          0.771121,
          2.796626
        ],
        [
          -0.028577,
          -0.943823,
          -0.329214,
          1.498063
        ],
        [
          0.0,
          0.0,
          0.0,
          1.0
        ]
      ]
    },
    {
      "file_path": "/media/NFS/ttao/scannet/posed_images/scene0031_00/00496.jpg",
      "transform_matrix": [
        [
          0.705207,
          -0.274456,
          0.653726,
          4.917415
        ],
        [
          -0.707008,
          -0.203122,
          0.677408,
          2.731043
        ],
        [
          -0.053133,
          -0.939902,
          -0.337285,
          1.51039
        ],
        [
          0.0,
          0.0,
          0.0,
          1.0
        ]
      ]
    },
    {
      "file_path": "/media/NFS/ttao/scannet/posed_images/scene0031_00/00510.jpg",
      "transform_matrix": [
        [
          0.558422,
          -0.347208,
          0.7534,
          4.829929
        ],
        [
          -0.82898,
          -0.199714,
          0.522403,
          2.781976
        ],
        [
          -0.030918,
          -0.916275,
          -0.399354,
          1.436182
        ],
        [
          0.0,
          0.0,
          0.0,
          1.0
        ]
      ]
    },
    {
      "file_path": "/media/NFS/ttao/scannet/posed_images/scene0031_00/00515.jpg",
      "transform_matrix": [
        [
          0.549739,
          -0.374932,
          0.746467,
          4.834452
        ],
        [
          -0.834998,
          -0.221201,
          0.503834,
          2.785405
        ],
        [
          -0.023784,
          -0.900276,
          -0.43467,
          1.427499
        ],
        [
          0.0,
          0.0,
          0.0,
          1.0
        ]
      ]
    },
    {
      "file_path": "/media/NFS/ttao/scannet/posed_images/scene0031_00/00529.jpg",
      "transform_matrix": [
        [
          0.486115,
          -0.390372,
          0.781858,
          4.910189
        ],
        [
          -0.873653,
          -0.196048,
          0.445304,
          2.791028
        ],
        [
          -0.020553,
          -0.899542,
          -0.436351,
          1.429677
        ],
        [
          0.0,
          0.0,
          0.0,
          1.0
        ]
      ]
    },
    {
      "file_path": "/media/NFS/ttao/scannet/posed_images/scene0031_00/00535.jpg",
      "transform_matrix": [
        [
          0.475791,
          -0.421865,
          0.771785,
          4.97576
        ],
        [
          -0.878446,
          -0.183806,
          0.441076,
          2.794321
        ],
        [
          -0.044216,
          -0.887832,
          -0.458039,
          1.423807
        ],
        [
          0.0,
          0.0,
          0.0,
          1.0
        ]
      ]
    },
    {
      "file_path": "/media/NFS/ttao/scannet/posed_images/scene0031_00/00540.jpg",
      "transform_matrix": [
        [
          0.462877,
          -0.436253,
          0.771639,
          5.036428
        ],
        [
          -0.884639,
          -0.172157,
          0.433331,
          2.798066
        ],
        [
          -0.056199,
          -0.883202,
          -0.465614,
          1.430344
        ],
        [
          0.0,
          0.0,
          0.0,
          1.0
        ]
      ]
    },
    {
      "file_path": "/media/NFS/ttao/scannet/posed_images/scene0031_00/00557.jpg",
      "transform_matrix": [
        [
          0.315311,
          -0.477794,
          0.819934,
          5.131378
        ],
        [
          -0.947811,
          -0.115519,
          0.297171,
          2.789361
        ],
        [
          -0.047268,
          -0.870843,
          -0.489283,
          1.429862
        ],
        [
          0.0,
          0.0,
          0.0,
          1.0
        ]
      ]
    },
    {
      "file_path": "/media/NFS/ttao/scannet/posed_images/scene0031_00/00562.jpg",
      "transform_matrix": [
        [
          0.289935,
          -0.484096,
          0.825584,
          5.121926
        ],
        [
          -0.956741,
          -0.124809,
          0.262811,
          2.812326
        ],
        [
          -0.024186,
          -0.866068,
          -0.499341,
          1.424502
        ],
        [
          0.0,
          0.0,
          0.0,
          1.0
        ]
      ]
    },
    {
      "file_path": "/media/NFS/ttao/scannet/posed_images/scene0031_00/00568.jpg",
      "transform_matrix": [
        [
          0.294171,
          -0.470015,
          0.832196,
          5.091089
        ],
        [
          -0.955391,
          -0.120646,
          0.269579,
          2.816552
        ],
        [
          -0.026305,
          -0.874375,
          -0.484538,
          1.426312
        ],
        [
          0.0,
          0.0,
          0.0,
          1.0
        ]
      ]
    },
    {
      "file_path": "/media/NFS/ttao/scannet/posed_images/scene0031_00/00579.jpg",
      "transform_matrix": [
        [
          0.323631,
          -0.446128,
          0.834405,
          5.058505
        ],
        [
          -0.946059,
          -0.138298,
          0.292994,
          2.758741
        ],
        [
          -0.015317,
          -0.884219,
          -0.466821,
          1.428793
        ],
        [
          0.0,
          0.0,
          0.0,
          1.0
        ]
      ]
    },
    {
      "file_path": "/media/NFS/ttao/scannet/posed_images/scene0031_00/00590.jpg",
      "transform_matrix": [
        [
          0.44196,
          -0.411354,
          0.797157,
          5.058468
        ],
        [
          -0.896855,
          -0.184838,
          0.401853,
          2.557052
        ],
        [
          -0.017959,
          -0.892537,
          -0.450616,
          1.424243
        ],
        [
          0.0,
          0.0,
          0.0,
          1.0
        ]
      ]
    },
    {
      "file_path": "/media/NFS/ttao/scannet/posed_images/scene0031_00/00601.jpg",
      "transform_matrix": [
        [
          0.401087,
          -0.443505,
          0.801519,
          5.105073
        ],
        [
          -0.915199,
          -0.15653,
          0.37136,
          2.380573
        ],
        [
          -0.039239,
          -0.882498,
          -0.468677,
          1.437191
        ],
        [
          0.0,
          0.0,
          0.0,
          1.0
        ]
      ]
    },
    {
      "file_path": "/media/NFS/ttao/scannet/posed_images/scene0031_00/00609.jpg",
      "transform_matrix": [
        [
          0.364814,
          -0.451089,
          0.814512,
          5.102825
        ],
        [
          -0.93034,
          -0.141729,
          0.338201,
          2.360398
        ],
        [
          -0.037119,
          -0.881154,
          -0.471371,
          1.429208
        ],
        [
          0.0,
          0.0,
          0.0,
          1.0
        ]
      ]
    },
    {
      "file_path": "/media/NFS/ttao/scannet/posed_images/scene0031_00/00615.jpg",
      "transform_matrix": [
        [
          0.340397,
          -0.458656,
          0.820832,
          5.063248
        ],
        [
          -0.940226,
          -0.156519,
          0.302452,
          2.391902
        ],
        [
          -0.010246,
          -0.874721,
          -0.484519,
          1.411657
        ],
        [
          0.0,
          0.0,
          0.0,
          1.0
        ]
      ]
    },
    {
      "file_path": "/media/NFS/ttao/scannet/posed_images/scene0031_00/00626.jpg",
      "transform_matrix": [
        [
          0.221504,
          -0.451051,
          0.864574,
          4.919443
        ],
        [
          -0.973816,
          -0.14883,
          0.171847,
          2.492466
        ],
        [
          0.051163,
          -0.880001,
          -0.472208,
          1.408071
        ],
        [
          0.0,
          0.0,
          0.0,
          1.0
        ]
      ]
    },
    {
      "file_path": "/media/NFS/ttao/scannet/posed_images/scene0031_00/00634.jpg",
      "transform_matrix": [
        [
          0.176847,
          -0.465412,
          0.867247,
          4.793369
        ],
        [
          -0.984201,
          -0.0913,
          0.1517,
          2.539828
        ],
        [
          0.008577,
          -0.880373,
          -0.474205,
          1.436654
        ],
        [
          0.0,
          0.0,
          0.0,
          1.0
        ]
      ]
    },
    {
      "file_path": "/media/NFS/ttao/scannet/posed_images/scene0031_00/00645.jpg",
      "transform_matrix": [
        [
          0.156045,
          -0.391433,
          0.906879,
          4.582599
        ],
        [
          -0.985583,
          -0.000919,
          0.16919,
          2.534547
        ],
        [
          -0.065393,
          -0.920206,
          -0.385933,
          1.45389
        ],
        [
          0.0,
          0.0,
          0.0,
          1.0
        ]
      ]
    },
    {
      "file_path": "/media/NFS/ttao/scannet/posed_images/scene0031_00/00653.jpg",
      "transform_matrix": [
        [
          0.162375,
          -0.396854,
          0.903406,
          4.426587
        ],
        [
          -0.98581,
          -0.025739,
          0.16588,
          2.565902
        ],
        [
          -0.042577,
          -0.917521,
          -0.395402,
          1.458671
        ],
        [
          0.0,
          0.0,
          0.0,
          1.0
        ]
      ]
    },
    {
      "file_path": "/media/NFS/ttao/scannet/posed_images/scene0031_00/00667.jpg",
      "transform_matrix": [
        [
          0.123306,
          -0.366457,
          0.922228,
          4.119829
        ],
        [
          -0.99118,
          -7e-06,
          0.132522,
          2.691076
        ],
        [
          -0.048557,
          -0.930435,
          -0.363226,
          1.483058
        ],
        [
          0.0,
          0.0,
          0.0,
          1.0
        ]
      ]
    },
    {
      "file_path": "/media/NFS/ttao/scannet/posed_images/scene0031_00/00670.jpg",
      "transform_matrix": [
        [
          0.101034,
          -0.370669,
          0.923253,
          4.085515
        ],
        [
          -0.993821,
          0.005267,
          0.110871,
          2.722033
        ],
        [
          -0.045959,
          -0.92875,
          -0.367847,
          1.478824
        ],
        [
          0.0,
          0.0,
          0.0,
          1.0
        ]
      ]
    },
    {
      "file_path": "/media/NFS/ttao/scannet/posed_images/scene0031_00/00683.jpg",
      "transform_matrix": [
        [
          -0.042635,
          -0.334878,
          0.941297,
          4.006043
        ],
        [
          -0.998775,
          0.037986,
          -0.031724,
          2.945679
        ],
        [
          -0.025132,
          -0.941496,
          -0.336087,
          1.465701
        ],
        [
          0.0,
          0.0,
          0.0,
          1.0
        ]
      ]
    },
    {
      "file_path": "/media/NFS/ttao/scannet/posed_images/scene0031_00/00692.jpg",
      "transform_matrix": [
        [
          -0.001355,
          -0.399971,
          0.916527,
          3.944224
        ],
        [
          -0.999944,
          0.010204,
          0.002974,
          3.207297
        ],
        [
          -0.010542,
          -0.916471,
          -0.399962,
          1.465467
        ],
        [
          0.0,
          0.0,
          0.0,
          1.0
        ]
      ]
    },
    {
      "file_path": "/media/NFS/ttao/scannet/posed_images/scene0031_00/00697.jpg",
      "transform_matrix": [
        [
          0.019496,
          -0.420893,
          0.906901,
          3.951049
        ],
        [
          -0.999649,
          -0.024466,
          0.010135,
          3.313341
        ],
        [
          0.017922,
          -0.90678,
          -0.421223,
          1.450333
        ],
        [
          0.0,
          0.0,
          0.0,
          1.0
        ]
      ]
    },
    {
      "file_path": "/media/NFS/ttao/scannet/posed_images/scene0031_00/00711.jpg",
      "transform_matrix": [
        [
          -0.157633,
          -0.416156,
          0.895526,
          4.066488
        ],
        [
          -0.987452,
          0.075146,
          -0.138893,
          3.586855
        ],
        [
          -0.009494,
          -0.906183,
          -0.42278,
