{
  "frames": [
    {
      "file_path": "/media/NFS/ttao/scannet/posed_images/scene0120_01/00000.jpg",
      "transform_matrix": [
        [
          0.422509,
          0.207896,
          -0.882193,
          3.604087
        ],
        [
          0.902946,
          -0.180938,
          0.389809,
          2.085122
        ],
        [
          -0.078582,
          -0.96127,
          -0.264167,
          1.553149
        ],
        [
          0.0,
          0.0,
          0.0,
          1.0
        ]
      ]
    },
    {
      "file_path": "/media/NFS/ttao/scannet/posed_images/scene0120_01/00001.jpg",
      "transform_matrix": [
        [
          0.434465,
          0.212172,
          -0.875342,
          3.605032
        ],
        [
          0.897765,
          -0.180258,
          0.401902,
          2.077492
        ],
        [
          -0.072515,
          -0.960463,
          -0.268797,
          1.544183
        ],
        [
          0.0,
          0.0,
          0.0,
          1.0
        ]
      ]
    },
    {
      "file_path": "/media/NFS/ttao/scannet/posed_images/scene0120_01/00002.jpg",
      "transform_matrix": [
        [
          0.437519,
          0.218336,
          -0.872299,
          3.603325
        ],
        [
          0.896646,
          -0.179128,
          0.404895,
          2.075721
        ],
        [
          -0.06785,
          -0.959293,
          -0.274142,
          1.539964
        ],
        [
          0.0,
          0.0,
          0.0,
          1.0
        ]
      ]
    },
    {
      "file_path": "/media/NFS/ttao/scannet/posed_images/scene0120_01/00004.jpg",
      "transform_matrix": [
        [
          0.443934,
          0.228853,
          -0.866342,
          3.59754
        ],
        [
          0.894022,
          -0.178278,
          0.411024,
          2.07406
        ],
        [
          -0.060386,
          -0.956997,
          -0.283743,
          1.540688
        ],
        [
          0.0,
          0.0,
          0.0,
          1.0
        ]
      ]
    },
    {
      "file_path": "/media/NFS/ttao/scannet/posed_images/scene0120_01/00005.jpg",
      "transform_matrix": [
        [
          0.447783,
          0.230948,
          -0.863802,
          3.597041
        ],
        [
          0.892203,
          -0.179004,
          0.414646,
          2.07239
        ],
        [
          -0.058862,
          -0.956358,
          -0.286207,
          1.542846
        ],
        [
          0.0,
          0.0,
          0.0,
          1.0
        ]
      ]
    },
    {
      "file_path": "/media/NFS/ttao/scannet/posed_images/scene0120_01/00007.jpg",
      "transform_matrix": [
        [
          0.457863,
          0.231159,
          -0.858444,
          3.592602
        ],
        [
          0.88736,
          -0.177859,
          0.425392,
          2.066917
        ],
        [
          -0.054349,
          -0.95652,
          -0.286557,
          1.549502
        ],
        [
          0.0,
          0.0,
          0.0,
          1.0
        ]
      ]
    },
    {
      "file_path": "/media/NFS/ttao/scannet/posed_images/scene0120_01/00008.jpg",
      "transform_matrix": [
        [
          0.460832,
          0.225987,
          -0.858233,
          3.594051
        ],
        [
          0.885892,
          -0.175089,
          0.42958,
          2.066212
        ],
        [
          -0.053188,
          -0.958266,
          -0.280886,
          1.549543
        ],
        [
          0.0,
          0.0,
          0.0,
          1.0
        ]
      ]
    },
    {
      "file_path": "/media/NFS/ttao/scannet/posed_images/scene0120_01/00010.jpg",
      "transform_matrix": [
        [
          0.467375,
          0.211854,
          -0.8583,
          3.605688
        ],
        [
          0.882499,
          -0.169454,
          0.438726,
          2.062816
        ],
        [
          -0.052497,
          -0.962498,
          -0.266159,
          1.558313
        ],
        [
          0.0,
          0.0,
          0.0,
          1.0
        ]
      ]
    },
    {
      "file_path": "/media/NFS/ttao/scannet/posed_images/scene0120_01/00011.jpg",
      "transform_matrix": [
        [
          0.472898,
          0.203277,
          -0.857348,
          3.610068
        ],
        [
          0.879573,
          -0.1665,
          0.445679,
          2.061839
        ],
        [
          -0.052152,
          -0.964861,
          -0.257535,
          1.556828
        ],
        [
          0.0,
          0.0,
          0.0,
          1.0
        ]
      ]
    },
    {
      "file_path": "/media/NFS/ttao/scannet/posed_images/scene0120_01/00013.jpg",
      "transform_matrix": [
        [
          0.488104,
          0.189352,
          -0.851998,
          3.60872
        ],
        [
          0.871184,
          -0.164807,
          0.462469,
          2.061999
        ],
        [
          -0.052846,
          -0.96798,
          -0.245403,
          1.568657
        ],
        [
          0.0,
          0.0,
          0.0,
          1.0
        ]
      ]
    },
    {
      "file_path": "/media/NFS/ttao/scannet/posed_images/scene0120_01/00014.jpg",
      "transform_matrix": [
        [
          0.495892,
          0.182983,
          -0.848887,
          3.612917
        ],
        [
          0.866786,
          -0.163574,
          0.471089,
          2.062585
        ],
        [
          -0.052655,
          -0.969413,
          -0.239722,
          1.573232
        ],
        [
          0.0,
          0.0,
          0.0,
          1.0
        ]
      ]
    },
    {
      "file_path": "/media/NFS/ttao/scannet/posed_images/scene0120_01/00015.jpg",
      "transform_matrix": [
        [
          0.505162,
          0.178146,
          -0.844438,
          3.610639
        ],
        [
          0.861474,
          -0.162718,
          0.481026,
          2.064054
        ],
        [
          -0.051712,
          -0.970457,
          -0.235667,
          1.577659
        ],
        [
          0.0,
          0.0,
          0.0,
          1.0
        ]
      ]
    },
    {
      "file_path": "/media/NFS/ttao/scannet/posed_images/scene0120_01/00017.jpg",
      "transform_matrix": [
        [
          0.523936,
          0.166699,
          -0.835286,
          3.614202
        ],
        [
          0.850348,
          -0.158774,
          0.501697,
          2.064437
        ],
        [
          -0.04899,
          -0.97314,
          -0.22494,
          1.587865
        ],
        [
          0.0,
          0.0,
          0.0,
          1.0
        ]
      ]
    },
    {
      "file_path": "/media/NFS/ttao/scannet/posed_images/scene0120_01/00018.jpg",
      "transform_matrix": [
        [
          0.535215,
          0.160577,
          -0.829313,
          3.609967
        ],
        [
          0.843375,
          -0.156863,
          0.513918,
          2.062831
        ],
        [
          -0.047565,
          -0.974479,
          -0.219383,
          1.59371
        ],
        [
          0.0,
          0.0,
          0.0,
          1.0
        ]
      ]
    },
    {
      "file_path": "/media/NFS/ttao/scannet/posed_images/scene0120_01/00020.jpg",
      "transform_matrix": [
        [
          0.542464,
          0.147897,
          -0.826958,
          3.628567
        ],
        [
          0.839024,
          -0.144701,
          0.5245,
          2.082511
        ],
        [
          -0.042089,
          -0.97836,
          -0.202584,
          1.588451
        ],
        [
          0.0,
          0.0,
          0.0,
          1.0
        ]
      ]
    },
    {
      "file_path": "/media/NFS/ttao/scannet/posed_images/scene0120_01/00021.jpg",
      "transform_matrix": [
        [
          0.551942,
          0.141784,
          -0.82174,
          3.629138
        ],
        [
          0.832886,
          -0.141885,
          0.534948,
          2.08585
        ],
        [
          -0.040745,
          -0.979677,
          -0.196402,
          1.59569
        ],
        [
          0.0,
          0.0,
          0.0,
          1.0
        ]
      ]
    },
    {
      "file_path": "/media/NFS/ttao/scannet/posed_images/scene0120_01/00023.jpg",
      "transform_matrix": [
        [
          0.575176,
          0.124812,
          -0.808452,
          3.62933
        ],
        [
          0.817267,
          -0.130346,
          0.561324,
          2.081932
        ],
        [
          -0.035319,
          -0.983581,
          -0.176977,
          1.591526
        ],
        [
          0.0,
          0.0,
          0.0,
          1.0
        ]
      ]
    },
    {
      "file_path": "/media/NFS/ttao/scannet/posed_images/scene0120_01/00025.jpg",
      "transform_matrix": [
        [
          0.599312,
          0.112342,
          -0.792594,
          3.627571
        ],
        [
          0.799801,
          -0.125876,
          0.586919,
          2.07863
        ],
        [
          -0.033833,
          -0.985664,
          -0.165291,
          1.605718
        ],
        [
          0.0,
          0.0,
          0.0,
          1.0
        ]
      ]
    },
    {
      "file_path": "/media/NFS/ttao/scannet/posed_images/scene0120_01/00026.jpg",
      "transform_matrix": [
        [
          0.609165,
          0.102004,
          -0.786456,
          3.629689
        ],
        [
          0.792259,
          -0.122359,
          0.59779,
          2.078475
        ],
        [
          -0.035253,
          -0.98723,
          -0.155351,
          1.604206
        ],
        [
          0.0,
          0.0,
          0.0,
          1.0
        ]
      ]
    },
    {
      "file_path": "/media/NFS/ttao/scannet/posed_images/scene0120_01/00027.jpg",
      "transform_matrix": [
        [
          0.620104,
          0.095052,
          -0.77874,
          3.629771
        ],
        [
          0.783731,
          -0.119553,
          0.609486,
          2.07643
        ],
        [
          -0.035168,
          -0.988267,
          -0.14863,
          1.616637
        ],
        [
          0.0,
          0.0,
          0.0,
          1.0
        ]
      ]
    },
    {
      "file_path": "/media/NFS/ttao/scannet/posed_images/scene0120_01/00029.jpg",
      "transform_matrix": [
        [
          0.642793,
          0.074904,
          -0.762369,
          3.632917
        ],
        [
          0.765167,
          -0.110269,
          0.634319,
          2.071834
        ],
        [
          -0.036553,
          -0.991075,
          -0.128194,
          1.619108
        ],
        [
          0.0,
          0.0,
          0.0,
          1.0
        ]
      ]
    },
    {
      "file_path": "/media/NFS/ttao/scannet/posed_images/scene0120_01/00030.jpg",
      "transform_matrix": [
        [
          0.6594,
          0.067023,
          -0.748799,
          3.614075
        ],
        [
          0.751184,
          -0.098806,
          0.652656,
          2.061692
        ],
        [
          -0.030242,
          -0.992847,
          -0.115499,
          1.609427
        ],
        [
          0.0,
          0.0,
          0.0,
          1.0
        ]
      ]
    },
    {
      "file_path": "/media/NFS/ttao/scannet/posed_images/scene0120_01/00031.jpg",
      "transform_matrix": [
        [
          0.673881,
          0.058463,
          -0.736524,
          3.609093
        ],
        [
          0.73827,
          -0.092435,
          0.668141,
          2.053711
        ],
        [
          -0.029019,
          -0.994001,
          -0.105452,
          1.609276
        ],
        [
          0.0,
          0.0,
          0.0,
          1.0
        ]
      ]
    },
    {
      "file_path": "/media/NFS/ttao/scannet/posed_images/scene0120_01/00033.jpg",
      "transform_matrix": [
        [
          0.696026,
          0.046013,
          -0.716541,
          3.608526
        ],
        [
          0.717645,
          -0.076686,
          0.692174,
          2.051211
        ],
        [
          -0.023099,
          -0.995993,
          -0.086397,
          1.611051
        ],
        [
          0.0,
          0.0,
          0.0,
          1.0
        ]
      ]
    },
    {
      "file_path": "/media/NFS/ttao/scannet/posed_images/scene0120_01/00035.jpg",
      "transform_matrix": [
        [
          0.715993,
          0.038423,
          -0.69705,
          3.609722
        ],
        [
          0.697879,
          -0.064953,
          0.713264,
          2.042921
        ],
        [
          -0.01787,
          -0.997148,
          -0.07332,
          1.623303
        ],
        [
          0.0,
          0.0,
          0.0,
          1.0
        ]
      ]
    },
    {
      "file_path": "/media/NFS/ttao/scannet/posed_images/scene0120_01/00036.jpg",
      "transform_matrix": [
        [
          0.725338,
          0.03572,
          -0.687465,
          3.608327
        ],
        [
          0.688213,
          -0.06045,
          0.722986,
          2.038234
        ],
        [
          -0.015733,
          -0.997532,
          -0.06843,
          1.627408
        ],
        [
          0.0,
          0.0,
          0.0,
          1.0
        ]
      ]
    },
    {
      "file_path": "/media/NFS/ttao/scannet/posed_images/scene0120_01/00037.jpg",
      "transform_matrix": [
        [
          0.733613,
          0.031349,
          -0.678844,
          3.608663
        ],
        [
          0.679388,
          -0.05678,
          0.731579,
          2.034639
        ],
        [
          -0.01561,
          -0.997894,
          -0.062953,
          1.627766
        ],
        [
          0.0,
          0.0,
          0.0,
          1.0
        ]
      ]
    },
    {
      "file_path": "/media/NFS/ttao/scannet/posed_images/scene0120_01/00039.jpg",
      "transform_matrix": [
        [
          0.747338,
          0.024874,
          -0.663978,
          3.603396
        ],
        [
          0.664301,
          -0.048729,
          0.745875,
          2.031752
        ],
        [
          -0.013802,
          -0.998502,
          -0.052941,
          1.63014
        ],
        [
          0.0,
          0.0,
          0.0,
          1.0
        ]
      ]
    },
    {
      "file_path": "/media/NFS/ttao/scannet/posed_images/scene0120_01/00041.jpg",
      "transform_matrix": [
        [
          0.760468,
          0.020422,
          -0.649055,
          3.587355
        ],
        [
          0.649206,
          -0.046751,
          0.759174,
          2.033902
        ],
        [
          -0.01484,
          -0.998698,
          -0.04881,
          1.62817
        ],
        [
          0.0,
          0.0,
          0.0,
          1.0
        ]
      ]
    },
    {
      "file_path": "/media/NFS/ttao/scannet/posed_images/scene0120_01/00042.jpg",
      "transform_matrix": [
        [
          0.766123,
          0.023347,
          -0.64227,
          3.583984
        ],
        [
          0.642566,
          -0.047822,
          0.764737,
          2.033777
        ],
        [
          -0.01286,
          -0.998583,
          -0.05164,
          1.631426
        ],
        [
          0.0,
          0.0,
          0.0,
          1.0
        ]
      ]
    },
    {
      "file_path": "/media/NFS/ttao/scannet/posed_images/scene0120_01/00043.jpg",
      "transform_matrix": [
        [
          0.773981,
          0.0264,
          -0.632658,
          3.584298
        ],
        [
          0.633091,
          -0.051517,
          0.772361,
          2.025938
        ],
        [
          -0.012202,
          -0.998323,
          -0.056587,
          1.632336
        ],
        [
          0.0,
          0.0,
          0.0,
          1.0
        ]
      ]
    },
    {
      "file_path": "/media/NFS/ttao/scannet/posed_images/scene0120_01/00045.jpg",
      "transform_matrix": [
        [
          0.791219,
          0.042321,
          -0.610066,
          3.571684
        ],
        [
          0.611501,
          -0.064879,
          0.788579,
          2.018755
        ],
        [
          -0.006207,
          -0.996995,
          -0.077213,
          1.624627
        ],
        [
          0.0,
          0.0,
          0.0,
          1.0
        ]
      ]
    },
    {
      "file_path": "/media/NFS/ttao/scannet/posed_images/scene0120_01/00046.jpg",
      "transform_matrix": [
        [
          0.79796,
          0.050695,
          -0.600574,
          3.571078
        ],
        [
          0.602685,
          -0.076168,
          0.794336,
          2.018655
        ],
        [
          -0.005476,
          -0.995805,
          -0.091332,
          1.622388
        ],
        [
          0.0,
          0.0,
          0.0,
          1.0
        ]
      ]
    },
    {
      "file_path": "/media/NFS/ttao/scannet/posed_images/scene0120_01/00048.jpg",
      "transform_matrix": [
        [
          0.809396,
          0.058997,
          -0.584292,
          3.568434
        ],
        [
          0.587178,
          -0.098164,
          0.803483,
          2.015857
        ],
        [
          -0.009953,
          -0.99342,
          -0.114095,
          1.604675
        ],
        [
          0.0,
          0.0,
          0.0,
          1.0
        ]
      ]
    },
    {
      "file_path": "/media/NFS/ttao/scannet/posed_images/scene0120_01/00049.jpg",
      "transform_matrix": [
        [
          0.813486,
          0.062641,
          -0.578202,
          3.568441
        ],
        [
          0.581435,
          -0.110145,
          0.806102,
          2.016889
        ],
        [
          -0.013191,
          -0.99194,
          -0.126023,
          1.596284
        ],
        [
          0.0,
          0.0,
          0.0,
          1.0
        ]
      ]
    },
    {
      "file_path": "/media/NFS/ttao/scannet/posed_images/scene0120_01/00050.jpg",
      "transform_matrix": [
        [
          0.812985,
          0.074844,
          -0.577455,
          3.582378
        ],
        [
          0.582145,
          -0.126255,
          0.803223,
          2.026023
        ],
        [
          -0.01279,
          -0.98917,
          -0.146213,
          1.610823
        ],
        [
          0.0,
          0.0,
          0.0,
          1.0
        ]
      ]
    },
    {
      "file_path": "/media/NFS/ttao/scannet/posed_images/scene0120_01/00052.jpg",
      "transform_matrix": [
        [
          0.82345,
          0.085403,
          -0.560924,
          3.580399
        ],
        [
          0.567211,
          -0.148634,
          0.810049,
          2.023411
        ],
        [
          -0.014191,
          -0.985198,
          -0.170834,
          1.593302
        ],
        [
          0.0,
          0.0,
          0.0,
          1.0
        ]
      ]
    },
    {
      "file_path": "/media/NFS/ttao/scannet/posed_images/scene0120_01/00054.jpg",
      "transform_matrix": [
        [
          0.832097,
          0.095637,
          -0.546323,
          3.580396
        ],
        [
          0.55441,
          -0.171235,
          0.814438,
          2.020698
        ],
        [
          -0.01566,
          -0.980577,
          -0.195506,
          1.582497
        ],
        [
          0.0,
          0.0,
          0.0,
          1.0
        ]
      ]
    },
    {
      "file_path": "/media/NFS/ttao/scannet/posed_images/scene0120_01/00055.jpg",
      "transform_matrix": [
        [
          0.83556,
          0.101677,
          -0.539909,
          3.582388
        ],
        [
          0.54916,
          -0.183541,
          0.815313,
          2.020856
        ],
        [
          -0.016197,
          -0.97774,
          -0.209196,
          1.5764
        ],
        [
          0.0,
          0.0,
          0.0,
          1.0
        ]
      ]
    },
    {
      "file_path": "/media/NFS/ttao/scannet/posed_images/scene0120_01/00057.jpg",
      "transform_matrix": [
        [
          0.850015,
          0.123814,
          -0.512,
          3.587587
        ],
        [
          0.526592,
          -0.224168,
          0.82003,
          2.017619
        ],
        [
          -0.013243,
          -0.966653,
          -0.255746,
          1.555777
        ],
        [
          0.0,
          0.0,
          0.0,
          1.0
        ]
      ]
    },
    {
      "file_path": "/media/NFS/ttao/scannet/posed_images/scene0120_01/00058.jpg",
      "transform_matrix": [
        [
          0.854681,
          0.130209,
          -0.502559,
          3.589103
        ],
        [
          0.518995,
          -0.238199,
          0.820917,
          2.018827
        ],
        [
          -0.012818,
          -0.962448,
          -0.271162,
          1.551618
        ],
        [
          0.0,
          0.0,
          0.0,
          1.0
        ]
      ]
    },
    {
      "file_path": "/media/NFS/ttao/scannet/posed_images/scene0120_01/00060.jpg",
      "transform_matrix": [
        [
          0.857757,
          0.146952,
          -0.492602,
          3.601866
        ],
        [
          0.514029,
          -0.25483,
          0.819046,
          2.02705
        ],
        [
          -0.005169,
          -0.955755,
          -0.29412,
          1.546167
        ],
        [
          0.0,
          0.0,
          0.0,
          1.0
        ]
      ]
    },
    {
      "file_path": "/media/NFS/ttao/scannet/posed_images/scene0120_01/00061.jpg",
      "transform_matrix": [
        [
          0.860245,
          0.149217,
          -0.487559,
          3.608625
        ],
        [
          0.50986,
          -0.26052,
          0.819861,
          2.02486
        ],
        [
          -0.004681,
          -0.953868,
          -0.300191,
          1.544593
        ],
        [
          0.0,
          0.0,
          0.0,
          1.0
        ]
      ]
    },
    {
      "file_path": "/media/NFS/ttao/scannet/posed_images/scene0120_01/00062.jpg",
      "transform_matrix": [
        [
          0.863174,
          0.154811,
          -0.480588,
          3.60992
        ],
        [
          0.504906,
          -0.262436,
          0.822312,
          2.020556
        ],
        [
          0.00118,
          -0.95245,
          -0.304693,
          1.535432
        ],
        [
          0.0,
          0.0,
          0.0,
          1.0
        ]
      ]
    },
    {
      "file_path": "/media/NFS/ttao/scannet/posed_images/scene0120_01/00064.jpg",
      "transform_matrix": [
        [
          0.868317,
          0.165633,
          -0.467537,
          3.619596
        ],
        [
          0.495982,
          -0.280083,
          0.821922,
          2.014808
        ],
        [
          0.005188,
          -0.945579,
          -0.325352,
          1.530922
        ],
        [
          0.0,
          0.0,
          0.0,
          1.0
        ]
      ]
    },
    {
      "file_path": "/media/NFS/ttao/scannet/posed_images/scene0120_01/00065.jpg",
      "transform_matrix": [
        [
          0.869386,
          0.168774,
          -0.464417,
          3.622977
        ],
        [
          0.494095,
          -0.28531,
          0.82126,
          2.014539
        ],
        [
          0.006105,
          -0.943458,
          -0.331435,
          1.52965
        ],
        [
          0.0,
          0.0,
          0.0,
          1.0
        ]
      ]
    },
    {
      "file_path": "/media/NFS/ttao/scannet/posed_images/scene0120_01/00066.jpg",
      "transform_matrix": [
        [
          0.87055,
          0.168943,
          -0.46217,
          3.630575
        ],
        [
          0.492052,
          -0.288757,
          0.821282,
          2.011984
        ],
        [
          0.005295,
          -0.942379,
          -0.334506,
          1.528788
        ],
        [
          0.0,
          0.0,
          0.0,
          1.0
        ]
      ]
    },
    {
      "file_path": "/media/NFS/ttao/scannet/posed_images/scene0120_01/00068.jpg",
      "transform_matrix": [
        [
          0.872971,
          0.172039,
          -0.456425,
          3.646736
        ],
        [
          0.487743,
          -0.29783,
          0.820612,
          2.005734
        ],
        [
          0.00524,
          -0.938989,
          -0.343908,
          1.517011
        ],
        [
          0.0,
          0.0,
          0.0,
          1.0
        ]
      ]
    },
    {
      "file_path": "/media/NFS/ttao/scannet/posed_images/scene0120_01/00070.jpg",
      "transform_matrix": [
        [
          0.877636,
          0.167573,
          -0.449081,
          3.670028
        ],
        [
          0.479313,
          -0.314047,
          0.819532,
          2.003365
        ],
        [
          -0.003701,
          -0.934502,
          -0.355939,
          1.511405
        ],
        [
          0.0,
          0.0,
          0.0,
          1.0
        ]
      ]
    },
    {
      "file_path": "/media/NFS/ttao/scannet/posed_images/scene0120_01/00071.jpg",
      "transform_matrix": [
        [
          0.882098,
          0.152764,
          -0.445608,
          3.684305
        ],
        [
          0.470812,
          -0.316976,
          0.823324,
          2.000743
        ],
        [
          -0.015473,
          -0.93605,
          -0.351527,
          1.511582
        ],
        [
          0.0,
          0.0,
          0.0,
          1.0
        ]
      ]
    },
    {
      "file_path": "/media/NFS/ttao/scannet/posed_images/scene0120_01/00073.jpg",
      "transform_matrix": [
        [
          0.893172,
          0.123119,
          -0.432534,
          3.704447
        ],
        [
          0.448411,
          -0.317024,
          0.835717,
          1.998705
        ],
        [
          -0.034231,
          -0.940392,
          -0.338365,
          1.504053
        ],
        [
          0.0,
          0.0,
          0.0,
          1.0
        ]
      ]
    },
    {
      "file_path": "/media/NFS/ttao/scannet/posed_images/scene0120_01/00074.jpg",
      "transform_matrix": [
        [
          0.899679,
          0.114246,
          -0.421339,
          3.716516
        ],
        [
          0.434906,
          -0.318321,
          0.842335,
          1.994817
        ],
        [
          -0.037888,
          -0.941074,
          -0.336073,
          1.499094
        ],
        [
          0.0,
          0.0,
          0.0,
          1.0
        ]
      ]
    },
    {
      "file_path": "/media/NFS/ttao/scannet/posed_images/scene0120_01/00075.jpg",
      "transform_matrix": [
        [
          0.90586,
          0.111976,
          -0.408507,
          3.724665
        ],
        [
          0.42182,
          -0.326195,
          0.845969,
          1.995617
        ],
        [
          -0.038525,
          -0.938647,
          -0.342721,
          1.497224
        ],
        [
          0.0,
          0.0,
          0.0,
          1.0
        ]
      ]
    },
    {
      "file_path": "/media/NFS/ttao/scannet/posed_images/scene0120_01/00077.jpg",
      "transform_matrix": [
        [
          0.915238,
          0.121089,
          -0.384289,
          3.740026
        ],
        [
          0.401837,
          -0.344018,
          0.848633,
          1.996225
        ],
        [
          -0.029442,
          -0.931123,
          -0.363516,
          1.492769
        ],
        [
          0.0,
          0.0,
          0.0,
          1.0
        ]
      ]
    },
    {
      "file_path": "/media/NFS/ttao/scannet/posed_images/scene0120_01/00078.jpg",
      "transform_matrix": [
        [
          0.918906,
          0.127015,
          -0.373468,
          3.748089
        ],
        [
          0.393687,
          -0.35512,
          0.84788,
          1.99831
        ],
        [
          -0.024933,
          -0.926152,
          -0.376326,
          1.492878
        ],
        [
          0.0,
          0.0,
          0.0,
          1.0
        ]
      ]
    },
    {
      "file_path": "/media/NFS/ttao/scannet/posed_images/scene0120_01/00080.jpg",
      "transform_matrix": [
        [
          0.925607,
          0.134028,
          -0.353961,
          3.757268
        ],
        [
          0.378024,
          -0.373572,
          0.847078,
          2.003072
        ],
        [
          -0.018698,
          -0.917867,
          -0.396447,
          1.497237
        ],
        [
          0.0,
          0.0,
          0.0,
          1.0
        ]
      ]
    },
    {
      "file_path": "/media/NFS/ttao/scannet/posed_images/scene0120_01/00081.jpg",
      "transform_matrix": [
        [
          0.928693,
          0.130039,
          -0.347304,
          3.76439
        ],
        [
          0.370193,
          -0.380792,
          0.847322,
          2.002412
        ],
        [
          -0.022066,
          -0.915471,
          -0.401778,
          1.494273
        ],
        [
          0.0,
          0.0,
          0.0,
          1.0
        ]
      ]
    },
    {
      "file_path": "/media/NFS/ttao/scannet/posed_images/scene0120_01/00082.jpg",
      "transform_matrix": [
        [
          0.931198,
          0.128904,
          -0.34096,
          3.769614
        ],
        [
          0.363738,
          -0.389547,
          0.846137,
          2.003995
        ],
        [
          -0.02375,
          -0.911941,
          -0.409632,
          1.493433
        ],
        [
          0.0,
          0.0,
          0.0,
          1.0
        ]
      ]
    },
    {
      "file_path": "/media/NFS/ttao/scannet/posed_images/scene0120_01/00084.jpg",
      "transform_matrix": [
        [
          0.938986,
          0.120627,
          -0.322108,
          3.779631
        ],
        [
          0.342811,
          -0.404507,
          0.847853,
          2.005647
        ],
        [
          -0.028021,
          -0.906545,
          -0.421179,
          1.488654
        ],
        [
          0.0,
          0.0,
          0.0,
          1.0
        ]
      ]
    },
    {
      "file_path": "/media/NFS/ttao/scannet/posed_images/scene0120_01/00086.jpg",
      "transform_matrix": [
        [
          0.946513,
          0.104825,
          -0.305162,
          3.786047
        ],
        [
          0.320677,
          -0.410414,
          0.853655,
          2.006923
        ],
        [
          -0.035759,
          -0.905854,
          -0.422078,
          1.488835
        ],
        [
          0.0,
          0.0,
          0.0,
          1.0
        ]
      ]
    },
    {
      "file_path": "/media/NFS/ttao/scannet/posed_images/scene0120_01/00087.jpg",
      "transform_matrix": [
        [
          0.94909,
          0.102901,
          -0.297724,
          3.790239
        ],
        [
          0.312934,
          -0.416215,
          0.85372,
          2.006485
        ],
        [
          -0.036069,
          -0.903425,
          -0.427227,
          1.486865
        ],
        [
          0.0,
          0.0,
          0.0,
          1.0
        ]
      ]
    },
    {
      "file_path": "/media/NFS/ttao/scannet/posed_images/scene0120_01/00088.jpg",
      "transform_matrix": [
        [
          0.95251,
          0.102925,
          -0.286586,
          3.78945
        ],
        [
          0.30277,
          -0.420519,
          0.855274,
          2.007663
        ],
        [
          -0.032486,
          -0.901427,
          -0.431711,
          1.484734
        ],
        [
          0.0,
          0.0,
          0.0,
          1.0
        ]
      ]
    },
    {
      "file_path": "/media/NFS/ttao/scannet/posed_images/scene0120_01/00090.jpg",
      "transform_matrix": [
        [
          0.959355,
          0.100844,
          -0.263569,
          3.793514
        ],
        [
          0.281331,
          -0.415094,
          0.865188,
          2.009922
        ],
        [
          -0.022157,
          -0.904172,
          -0.426593,
          1.479989
        ],
        [
          0.0,
          0.0,
          0.0,
          1.0
        ]
      ]
    },
    {
      "file_path": "/media/NFS/ttao/scannet/posed_images/scene0120_01/00092.jpg",
      "transform_matrix": [
        [
          0.965992,
          0.082034,
          -0.245215,
          3.792893
        ],
        [
          0.2574,
          -0.395296,
          0.881752,
          2.01241
        ],
        [
          -0.024598,
          -0.914883,
          -0.402968,
          1.485311
        ],
        [
          0.0,
          0.0,
          0.0,
          1.0
        ]
      ]
    },
    {
      "file_path": "/media/NFS/ttao/scannet/posed_images/scene0120_01/00093.jpg",
      "transform_matrix": [
        [
          0.968321,
          0.072816,
          -0.238854,
          3.790838
        ],
        [
          0.248305,
          -0.38202,
          0.890171,
          2.012809
        ],
        [
          -0.026428,
          -0.921281,
          -0.387999,
          1.485865
        ],
        [
          0.0,
          0.0,
          0.0,
          1.0
        ]
      ]
    },
    {
      "file_path": "/media/NFS/ttao/scannet/posed_images/scene0120_01/00094.jpg",
      "transform_matrix": [
        [
          0.970536,
          0.068503,
          -0.231015,
          3.787376
        ],
        [
          0.239699,
          -0.372337,
          0.89661,
          2.013215
        ],
        [
          -0.024595,
          -0.925566,
          -0.377787,
          1.485546
        ],
        [
          0.0,
          0.0,
          0.0,
          1.0
        ]
      ]
    },
    {
      "file_path": "/media/NFS/ttao/scannet/posed_images/scene0120_01/00095.jpg",
      "transform_matrix": [
        [
          0.97265,
          0.068028,
          -0.222089,
          3.782073
        ],
        [
          0.231359,
          -0.368532,
          0.900365,
          2.015329
        ],
        [
          -0.020596,
          -0.927122,
          -0.374192,
          1.484969
        ],
        [
          0.0,
          0.0,
          0.0,
          1.0
        ]
      ]
    },
    {
      "file_path": "/media/NFS/ttao/scannet/posed_images/scene0120_01/00097.jpg",
      "transform_matrix": [
        [
          0.976854,
          0.080517,
          -0.198173,
          3.766976
        ],
        [
          0.213897,
          -0.359554,
          0.908278,
          2.019453
        ],
        [
          0.001878,
          -0.929644,
          -0.368455,
          1.478069
        ],
        [
          0.0,
          0.0,
          0.0,
          1.0
        ]
      ]
    },
    {
      "file_path": "/media/NFS/ttao/scannet/posed_images/scene0120_01/00099.jpg",
      "transform_matrix": [
        [
          0.981255,
          0.092942,
          -0.168822,
          3.74695
        ],
        [
          0.190978,
          -0.35162,
          0.916456,
          2.025273
        ],
        [
          0.025816,
          -0.931518,
          -0.362778,
          1.473385
        ],
        [
          0.0,
          0.0,
          0.0,
          1.0
        ]
      ]
    },
    {
      "file_path": "/media/NFS/ttao/scannet/posed_images/scene0120_01/00100.jpg",
      "transform_matrix": [
        [
          0.982893,
          0.098701,
          -0.155497,
          3.739359
        ],
        [
          0.180594,
          -0.350767,
          0.918884,
          2.028466
        ],
        [
          0.036151,
          -0.931247,
          -0.362591,
          1.473742
        ],
        [
          0.0,
          0.0,
          0.0,
          1.0
        ]
      ]
    },
    {
      "file_path": "/media/NFS/ttao/scannet/posed_images/scene0120_01/00102.jpg",
      "transform_matrix": [
        [
          0.986537,
          0.101028,
          -0.128604,
          3.714489
        ],
        [
          0.155985,
          -0.345013,
          0.925546,
          2.036648
        ],
        [
          0.049136,
          -0.933145,
          -0.356127,
          1.4701
        ],
        [
          0.0,
          0.0,
          0.0,
          1.0
        ]
      ]
    },
    {
      "file_path": "/media/NFS/ttao/scannet/posed_images/scene0120_01/00103.jpg",
      "transform_matrix": [
        [
          0.988145,
          0.097689,
          -0.118432,
          3.700751
        ],
        [
          0.145648,
          -0.352631,
          0.924358,
          2.041623
        ],
        [
          0.048537,
          -0.930649,
          -0.362679,
          1.470507
        ],
        [
          0.0,
          0.0,
          0.0,
          1.0
        ]
      ]
    },
    {
      "file_path": "/media/NFS/ttao/scannet/posed_images/scene0120_01/00105.jpg",
      "transform_matrix": [
        [
          0.99114,
          0.082258,
          -0.104282,
          3.672965
        ],
        [
          0.127686,
          -0.373929,
          0.918626,
          2.052852
        ],
        [
          0.03657,
          -0.923802,
          -0.381119,
          1.466537
        ],
        [
          0.0,
          0.0,
          0.0,
          1.0
        ]
      ]
    },
    {
      "file_path": "/media/NFS/ttao/scannet/posed_images/scene0120_01/00106.jpg",
      "transform_matrix": [
        [
          0.992748,
          0.077984,
          -0.091486,
          3.659142
        ],
        [
          0.114267,
          -0.375776,
          0.919639,
          2.057966
        ],
        [
          0.037339,
          -0.923423,
          -0.381962,
          1.460537
        ],
        [
          0.0,
          0.0,
          0.0,
          1.0
        ]
      ]
    },
    {
      "file_path": "/media/NFS/ttao/scannet/posed_images/scene0120_01/00107.jpg",
      "transform_matrix": [
        [
          0.994839,
          0.073719,
          -0.069726,
          3.643145
        ],
        [
          0.092342,
          -0.372915,
          0.923259,
          2.064075
        ],
        [
          0.04206,
          -0.924932,
          -0.377797,
          1.454158
        ],
        [
          0.0,
          0.0,
          0.0,
          1.0
        ]
      ]
    },
    {
      "file_path": "/media/NFS/ttao/scannet/posed_images/scene0120_01/00109.jpg",
      "transform_matrix": [
        [
          0.998137,
          0.05999,
          -0.011104,
          3.609199
        ],
        [
          0.031929,
          -0.358564,
          0.932959,
          2.080451
        ],
        [
          0.051987,
          -0.931575,
          -0.359812,
          1.447683
        ],
        [
          0.0,
          0.0,
          0.0,
          1.0
        ]
      ]
    },
    {
      "file_path": "/media/NFS/ttao/scannet/posed_images/scene0120_01/00110.jpg",
      "transform_matrix": [
        [
          0.99898,
          0.04354,
          0.011927,
          3.597519
        ],
        [
          0.004213,
          -0.352953,
          0.935632,
          2.09059
        ],
        [
          0.044947,
          -0.934628,
          -0.352776,
          1.450456
        ],
        [
          0.0,
          0.0,
          0.0,
          1.0
        ]
      ]
    },
    {
      "file_path": "/media/NFS/ttao/scannet/posed_images/scene0120_01/00111.jpg",
      "transform_matrix": [
        [
          0.99925,
          0.023429,
          0.030845,
          3.584275
        ],
        [
          -0.020597,
          -0.353028,
          0.935386,
          2.100438
        ],
        [
          0.032804,
          -0.935319,
          -0.35228,
          1.453704
        ],
        [
          0.0,
          0.0,
