{
  "frames": [
    {
      "file_path": "/media/NFS/ttao/scannet/posed_images/scene0263_01/00000.jpg",
      "transform_matrix": [
        [
          0.924503,
          0.180827,
          -0.335552,
          4.831091
        ],
        [
          0.381167,
          -0.443768,
          0.811037,
          1.339643
        ],
        [
          -0.002249,
          -0.877708,
          -0.47919,
          1.514671
        ],
        [
          0.0,
          0.0,
          0.0,
          1.0
        ]
      ]
    },
    {
      "file_path": "/media/NFS/ttao/scannet/posed_images/scene0263_01/00004.jpg",
      "transform_matrix": [
        [
          0.931542,
          0.181941,
          -0.314846,
          4.828363
        ],
        [
          0.363555,
          -0.44785,
          0.816859,
          1.342695
        ],
        [
          0.007617,
          -0.875401,
          -0.483337,
          1.517947
        ],
        [
          0.0,
          0.0,
          0.0,
          1.0
        ]
      ]
    },
    {
      "file_path": "/media/NFS/ttao/scannet/posed_images/scene0263_01/00006.jpg",
      "transform_matrix": [
        [
          0.931916,
          0.180902,
          -0.314335,
          4.828042
        ],
        [
          0.362551,
          -0.442127,
          0.820415,
          1.341496
        ],
        [
          0.009438,
          -0.87852,
          -0.477612,
          1.517358
        ],
        [
          0.0,
          0.0,
          0.0,
          1.0
        ]
      ]
    },
    {
      "file_path": "/media/NFS/ttao/scannet/posed_images/scene0263_01/00008.jpg",
      "transform_matrix": [
        [
          0.933271,
          0.182132,
          -0.309571,
          4.827464
        ],
        [
          0.358941,
          -0.441874,
          0.822137,
          1.340982
        ],
        [
          0.012945,
          -0.878393,
          -0.477763,
          1.516653
        ],
        [
          0.0,
          0.0,
          0.0,
          1.0
        ]
      ]
    },
    {
      "file_path": "/media/NFS/ttao/scannet/posed_images/scene0263_01/00010.jpg",
      "transform_matrix": [
        [
          0.934509,
          0.182331,
          -0.305693,
          4.830663
        ],
        [
          0.355681,
          -0.445636,
          0.821523,
          1.341481
        ],
        [
          0.013561,
          -0.876449,
          -0.481303,
          1.51561
        ],
        [
          0.0,
          0.0,
          0.0,
          1.0
        ]
      ]
    },
    {
      "file_path": "/media/NFS/ttao/scannet/posed_images/scene0263_01/00014.jpg",
      "transform_matrix": [
        [
          0.941395,
          0.175374,
          -0.288133,
          4.836115
        ],
        [
          0.337019,
          -0.45371,
          0.824964,
          1.341957
        ],
        [
          0.013949,
          -0.873723,
          -0.486224,
          1.51106
        ],
        [
          0.0,
          0.0,
          0.0,
          1.0
        ]
      ]
    },
    {
      "file_path": "/media/NFS/ttao/scannet/posed_images/scene0263_01/00016.jpg",
      "transform_matrix": [
        [
          0.946089,
          0.169156,
          -0.276228,
          4.840411
        ],
        [
          0.323707,
          -0.463873,
          0.824643,
          1.343486
        ],
        [
          0.011359,
          -0.869602,
          -0.493622,
          1.508022
        ],
        [
          0.0,
          0.0,
          0.0,
          1.0
        ]
      ]
    },
    {
      "file_path": "/media/NFS/ttao/scannet/posed_images/scene0263_01/00018.jpg",
      "transform_matrix": [
        [
          0.949998,
          0.164866,
          -0.265185,
          4.846412
        ],
        [
          0.312079,
          -0.472701,
          0.824112,
          1.344414
        ],
        [
          0.010515,
          -0.865663,
          -0.500516,
          1.503385
        ],
        [
          0.0,
          0.0,
          0.0,
          1.0
        ]
      ]
    },
    {
      "file_path": "/media/NFS/ttao/scannet/posed_images/scene0263_01/00021.jpg",
      "transform_matrix": [
        [
          0.954672,
          0.152426,
          -0.25567,
          4.861178
        ],
        [
          0.297646,
          -0.480887,
          0.824715,
          1.339735
        ],
        [
          0.002759,
          -0.863431,
          -0.504459,
          1.493839
        ],
        [
          0.0,
          0.0,
          0.0,
          1.0
        ]
      ]
    },
    {
      "file_path": "/media/NFS/ttao/scannet/posed_images/scene0263_01/00024.jpg",
      "transform_matrix": [
        [
          0.957844,
          0.147109,
          -0.246767,
          4.877838
        ],
        [
          0.287283,
          -0.484975,
          0.825995,
          1.332511
        ],
        [
          0.001836,
          -0.862066,
          -0.506792,
          1.487733
        ],
        [
          0.0,
          0.0,
          0.0,
          1.0
        ]
      ]
    },
    {
      "file_path": "/media/NFS/ttao/scannet/posed_images/scene0263_01/00028.jpg",
      "transform_matrix": [
        [
          0.962241,
          0.152369,
          -0.225556,
          4.910067
        ],
        [
          0.271954,
          -0.503055,
          0.820352,
          1.322735
        ],
        [
          0.011529,
          -0.850717,
          -0.525497,
          1.48326
        ],
        [
          0.0,
          0.0,
          0.0,
          1.0
        ]
      ]
    },
    {
      "file_path": "/media/NFS/ttao/scannet/posed_images/scene0263_01/00029.jpg",
      "transform_matrix": [
        [
          0.962933,
          0.150686,
          -0.223729,
          4.919787
        ],
        [
          0.26955,
          -0.506221,
          0.819197,
          1.319707
        ],
        [
          0.010185,
          -0.849137,
          -0.528074,
          1.483869
        ],
        [
          0.0,
          0.0,
          0.0,
          1.0
        ]
      ]
    },
    {
      "file_path": "/media/NFS/ttao/scannet/posed_images/scene0263_01/00032.jpg",
      "transform_matrix": [
        [
          0.965499,
          0.140237,
          -0.21942,
          4.957887
        ],
        [
          0.260398,
          -0.513151,
          0.817844,
          1.309986
        ],
        [
          0.002096,
          -0.846764,
          -0.531965,
          1.482988
        ],
        [
          0.0,
          0.0,
          0.0,
          1.0
        ]
      ]
    },
    {
      "file_path": "/media/NFS/ttao/scannet/posed_images/scene0263_01/00034.jpg",
      "transform_matrix": [
        [
          0.966417,
          0.13684,
          -0.217517,
          4.984688
        ],
        [
          0.25698,
          -0.516569,
          0.816773,
          1.301592
        ],
        [
          -0.000595,
          -0.84524,
          -0.534386,
          1.479078
        ],
        [
          0.0,
          0.0,
          0.0,
          1.0
        ]
      ]
    },
    {
      "file_path": "/media/NFS/ttao/scannet/posed_images/scene0263_01/00037.jpg",
      "transform_matrix": [
        [
          0.96791,
          0.134044,
          -0.21256,
          5.024009
        ],
        [
          0.251258,
          -0.530979,
          0.809278,
          1.289254
        ],
        [
          -0.004386,
          -0.836716,
          -0.54762,
          1.476429
        ],
        [
          0.0,
          0.0,
          0.0,
          1.0
        ]
      ]
    },
    {
      "file_path": "/media/NFS/ttao/scannet/posed_images/scene0263_01/00040.jpg",
      "transform_matrix": [
        [
          0.969571,
          0.126161,
          -0.2098,
          5.069112
        ],
        [
          0.244557,
          -0.53823,
          0.806537,
          1.279008
        ],
        [
          -0.011167,
          -0.833302,
          -0.552705,
          1.474357
        ],
        [
          0.0,
          0.0,
          0.0,
          1.0
        ]
      ]
    },
    {
      "file_path": "/media/NFS/ttao/scannet/posed_images/scene0263_01/00042.jpg",
      "transform_matrix": [
        [
          0.971403,
          0.117994,
          -0.206043,
          5.094378
        ],
        [
          0.236823,
          -0.543856,
          0.805069,
          1.270329
        ],
        [
          -0.017064,
          -0.830842,
          -0.556247,
          1.471573
        ],
        [
          0.0,
          0.0,
          0.0,
          1.0
        ]
      ]
    },
    {
      "file_path": "/media/NFS/ttao/scannet/posed_images/scene0263_01/00045.jpg",
      "transform_matrix": [
        [
          0.974885,
          0.109418,
          -0.193977,
          5.133796
        ],
        [
          0.221968,
          -0.548361,
          0.806245,
          1.257446
        ],
        [
          -0.018151,
          -0.829052,
          -0.558876,
          1.46262
        ],
        [
          0.0,
          0.0,
          0.0,
          1.0
        ]
      ]
    },
    {
      "file_path": "/media/NFS/ttao/scannet/posed_images/scene0263_01/00048.jpg",
      "transform_matrix": [
        [
          0.979192,
          0.103312,
          -0.174672,
          5.16912
        ],
        [
          0.202384,
          -0.560657,
          0.802935,
          1.248416
        ],
        [
          -0.014978,
          -0.821578,
          -0.569899,
          1.45729
        ],
        [
          0.0,
          0.0,
          0.0,
          1.0
        ]
      ]
    },
    {
      "file_path": "/media/NFS/ttao/scannet/posed_images/scene0263_01/00052.jpg",
      "transform_matrix": [
        [
          0.983946,
          0.077677,
          -0.160677,
          5.214943
        ],
        [
          0.17621,
          -0.565577,
          0.80565,
          1.238354
        ],
        [
          -0.028295,
          -0.821029,
          -0.570185,
          1.452355
        ],
        [
          0.0,
          0.0,
          0.0,
          1.0
        ]
      ]
    },
    {
      "file_path": "/media/NFS/ttao/scannet/posed_images/scene0263_01/00055.jpg",
      "transform_matrix": [
        [
          0.988718,
          0.05922,
          -0.137584,
          5.245279
        ],
        [
          0.146567,
          -0.571944,
          0.807092,
          1.233595
        ],
        [
          -0.030894,
          -0.818152,
          -0.574171,
          1.450663
        ],
        [
          0.0,
          0.0,
          0.0,
          1.0
        ]
      ]
    },
    {
      "file_path": "/media/NFS/ttao/scannet/posed_images/scene0263_01/00058.jpg",
      "transform_matrix": [
        [
          0.992916,
          0.041096,
          -0.111485,
          5.267871
        ],
        [
          0.11486,
          -0.572151,
          0.812066,
          1.230844
        ],
        [
          -0.030414,
          -0.819118,
          -0.572818,
          1.452687
        ],
        [
          0.0,
          0.0,
          0.0,
          1.0
        ]
      ]
    },
    {
      "file_path": "/media/NFS/ttao/scannet/posed_images/scene0263_01/00059.jpg",
      "transform_matrix": [
        [
          0.994018,
          0.035427,
          -0.103312,
          5.274629
        ],
        [
          0.105024,
          -0.569653,
          0.815148,
          1.22978
        ],
        [
          -0.029973,
          -0.821121,
          -0.569966,
          1.453818
        ],
        [
          0.0,
          0.0,
          0.0,
          1.0
        ]
      ]
    },
    {
      "file_path": "/media/NFS/ttao/scannet/posed_images/scene0263_01/00063.jpg",
      "transform_matrix": [
        [
          0.99662,
          0.02356,
          -0.078692,
          5.302109
        ],
        [
          0.078524,
          -0.554486,
          0.82848,
          1.228882
        ],
        [
          -0.024114,
          -0.83186,
          -0.554462,
          1.463245
        ],
        [
          0.0,
          0.0,
          0.0,
          1.0
        ]
      ]
    },
    {
      "file_path": "/media/NFS/ttao/scannet/posed_images/scene0263_01/00066.jpg",
      "transform_matrix": [
        [
          0.998065,
          0.016305,
          -0.060002,
          5.312551
        ],
        [
          0.059317,
          -0.539027,
          0.840197,
          1.229076
        ],
        [
          -0.018643,
          -0.842131,
          -0.538951,
          1.473391
        ],
        [
          0.0,
          0.0,
          0.0,
          1.0
        ]
      ]
    },
    {
      "file_path": "/media/NFS/ttao/scannet/posed_images/scene0263_01/00068.jpg",
      "transform_matrix": [
        [
          0.998638,
          0.011408,
          -0.050904,
          5.315271
        ],
        [
          0.049249,
          -0.527931,
          0.847858,
          1.228868
        ],
        [
          -0.017201,
          -0.849211,
          -0.527774,
          1.480885
        ],
        [
          0.0,
          0.0,
          0.0,
          1.0
        ]
      ]
    },
    {
      "file_path": "/media/NFS/ttao/scannet/posed_images/scene0263_01/00069.jpg",
      "transform_matrix": [
        [
          0.998763,
          0.00962,
          -0.04879,
          5.317028
        ],
        [
          0.046625,
          -0.52232,
          0.851474,
          1.229775
        ],
        [
          -0.017293,
          -0.852695,
          -0.522122,
          1.485118
        ],
        [
          0.0,
          0.0,
          0.0,
          1.0
        ]
      ]
    },
    {
      "file_path": "/media/NFS/ttao/scannet/posed_images/scene0263_01/00074.jpg",
      "transform_matrix": [
        [
          0.999277,
          -0.000732,
          -0.038027,
          5.311334
        ],
        [
          0.032886,
          -0.485669,
          0.873524,
          1.234593
        ],
        [
          -0.019108,
          -0.874143,
          -0.485293,
          1.507102
        ],
        [
          0.0,
          0.0,
          0.0,
          1.0
        ]
      ]
    },
    {
      "file_path": "/media/NFS/ttao/scannet/posed_images/scene0263_01/00076.jpg",
      "transform_matrix": [
        [
          0.999076,
          -0.006401,
          -0.04249,
          5.30324
        ],
        [
          0.034629,
          -0.465506,
          0.884367,
          1.236717
        ],
        [
          -0.02544,
          -0.885022,
          -0.464854,
          1.516327
        ],
        [
          0.0,
          0.0,
          0.0,
          1.0
        ]
      ]
    },
    {
      "file_path": "/media/NFS/ttao/scannet/posed_images/scene0263_01/00079.jpg",
      "transform_matrix": [
        [
          0.998521,
          -0.005508,
          -0.054084,
          5.284985
        ],
        [
          0.04592,
          -0.447047,
          0.893331,
          1.24026
        ],
        [
          -0.029099,
          -0.894493,
          -0.446133,
          1.52929
        ],
        [
          0.0,
          0.0,
          0.0,
          1.0
        ]
      ]
    },
    {
      "file_path": "/media/NFS/ttao/scannet/posed_images/scene0263_01/00080.jpg",
      "transform_matrix": [
        [
          0.998571,
          -0.002393,
          -0.053391,
          5.275767
        ],
        [
          0.046883,
          -0.440368,
          0.896592,
          1.239847
        ],
        [
          -0.025657,
          -0.897814,
          -0.439627,
          1.533368
        ],
        [
          0.0,
          0.0,
          0.0,
          1.0
        ]
      ]
    },
    {
      "file_path": "/media/NFS/ttao/scannet/posed_images/scene0263_01/00083.jpg",
      "transform_matrix": [
        [
          0.999045,
          0.015601,
          -0.040805,
          5.253935
        ],
        [
          0.043589,
          -0.417928,
          0.907434,
          1.245586
        ],
        [
          -0.002897,
          -0.908346,
          -0.418209,
          1.550985
        ],
        [
          0.0,
          0.0,
          0.0,
          1.0
        ]
      ]
    },
    {
      "file_path": "/media/NFS/ttao/scannet/posed_images/scene0263_01/00085.jpg",
      "transform_matrix": [
        [
          0.999425,
          0.022489,
          -0.025361,
          5.234993
        ],
        [
          0.032248,
          -0.400396,
          0.915775,
          1.250443
        ],
        [
          0.010441,
          -0.916066,
          -0.400891,
          1.559063
        ],
        [
          0.0,
          0.0,
          0.0,
          1.0
        ]
      ]
    },
    {
      "file_path": "/media/NFS/ttao/scannet/posed_images/scene0263_01/00090.jpg",
      "transform_matrix": [
        [
          0.999569,
          0.029091,
          -0.003935,
          5.179545
        ],
        [
          0.014237,
          -0.363167,
          0.931615,
          1.262316
        ],
        [
          0.025673,
          -0.93127,
          -0.363424,
          1.581438
        ],
        [
          0.0,
          0.0,
          0.0,
          1.0
        ]
      ]
    },
    {
      "file_path": "/media/NFS/ttao/scannet/posed_images/scene0263_01/00091.jpg",
      "transform_matrix": [
        [
          0.999613,
          0.027833,
          -0.000313,
          5.166908
        ],
        [
          0.010296,
          -0.359291,
          0.933169,
          1.265989
        ],
        [
          0.02586,
          -0.93281,
          -0.359438,
          1.586829
        ],
        [
          0.0,
          0.0,
          0.0,
          1.0
        ]
      ]
    },
    {
      "file_path": "/media/NFS/ttao/scannet/posed_images/scene0263_01/00093.jpg",
      "transform_matrix": [
        [
          0.999779,
          0.02097,
          0.001378,
          5.137563
        ],
        [
          0.005956,
          -0.345632,
          0.938351,
          1.272531
        ],
        [
          0.020153,
          -0.938136,
          -0.34568,
          1.602485
        ],
        [
          0.0,
          0.0,
          0.0,
          1.0
        ]
      ]
    },
    {
      "file_path": "/media/NFS/ttao/scannet/posed_images/scene0263_01/00098.jpg",
      "transform_matrix": [
        [
          0.99985,
          0.017313,
          -0.000242,
          5.057145
        ],
        [
          0.005329,
          -0.294367,
          0.955677,
          1.280773
        ],
        [
          0.016474,
          -0.955535,
          -0.294416,
          1.629757
        ],
        [
          0.0,
          0.0,
          0.0,
          1.0
        ]
      ]
    },
    {
      "file_path": "/media/NFS/ttao/scannet/posed_images/scene0263_01/00100.jpg",
      "transform_matrix": [
        [
          0.99978,
          0.020599,
          -0.003857,
          5.034159
        ],
        [
          0.009647,
          -0.288988,
          0.957284,
          1.288479
        ],
        [
          0.018604,
          -0.957111,
          -0.289123,
          1.637634
        ],
        [
          0.0,
          0.0,
          0.0,
          1.0
        ]
      ]
    },
    {
      "file_path": "/media/NFS/ttao/scannet/posed_images/scene0263_01/00102.jpg",
      "transform_matrix": [
        [
          0.9997,
          0.024293,
          -0.003017,
          5.002066
        ],
        [
          0.009772,
          -0.283034,
          0.95906,
          1.294325
        ],
        [
          0.022445,
          -0.958802,
          -0.283187,
          1.64479
        ],
        [
          0.0,
          0.0,
          0.0,
          1.0
        ]
      ]
    },
    {
      "file_path": "/media/NFS/ttao/scannet/posed_images/scene0263_01/00105.jpg",
      "transform_matrix": [
        [
          0.999334,
          0.036361,
          -0.003072,
          4.959388
        ],
        [
          0.01322,
          -0.282287,
          0.959239,
          1.30412
        ],
        [
          0.034012,
          -0.95864,
          -0.28258,
          1.658631
        ],
        [
          0.0,
          0.0,
          0.0,
          1.0
        ]
      ]
    },
    {
      "file_path": "/media/NFS/ttao/scannet/posed_images/scene0263_01/00107.jpg",
      "transform_matrix": [
        [
          0.999012,
          0.044109,
          -0.005335,
          4.932277
        ],
        [
          0.017288,
          -0.275304,
          0.961202,
          1.309066
        ],
        [
          0.040929,
          -0.960345,
          -0.275794,
          1.662692
        ],
        [
          0.0,
          0.0,
          0.0,
          1.0
        ]
      ]
    },
    {
      "file_path": "/media/NFS/ttao/scannet/posed_images/scene0263_01/00111.jpg",
      "transform_matrix": [
        [
          0.997704,
          0.061306,
          -0.028794,
          4.881546
        ],
        [
          0.043917,
          -0.2619,
          0.964095,
          1.314402
        ],
        [
          0.051564,
          -0.963145,
          -0.263991,
          1.675509
        ],
        [
          0.0,
          0.0,
          0.0,
          1.0
        ]
      ]
    },
    {
      "file_path": "/media/NFS/ttao/scannet/posed_images/scene0263_01/00114.jpg",
      "transform_matrix": [
        [
          0.996187,
          0.07174,
          -0.049638,
          4.840357
        ],
        [
          0.066211,
          -0.251247,
          0.965656,
          1.314686
        ],
        [
          0.056804,
          -0.965261,
          -0.255039,
          1.681013
        ],
        [
          0.0,
          0.0,
          0.0,
          1.0
        ]
      ]
    },
    {
      "file_path": "/media/NFS/ttao/scannet/posed_images/scene0263_01/00117.jpg",
      "transform_matrix": [
        [
          0.994737,
          0.076204,
          -0.068494,
          4.799076
        ],
        [
          0.084355,
          -0.229619,
          0.969618,
          1.311915
        ],
        [
          0.058161,
          -0.970293,
          -0.234839,
          1.687163
        ],
        [
          0.0,
          0.0,
          0.0,
          1.0
        ]
      ]
    },
    {
      "file_path": "/media/NFS/ttao/scannet/posed_images/scene0263_01/00119.jpg",
      "transform_matrix": [
        [
          0.99399,
          0.074161,
          -0.080529,
          4.774392
        ],
        [
          0.094442,
          -0.208854,
          0.973376,
          1.309381
        ],
        [
          0.055368,
          -0.975131,
          -0.214602,
          1.692847
        ],
        [
          0.0,
          0.0,
          0.0,
          1.0
        ]
      ]
    },
    {
      "file_path": "/media/NFS/ttao/scannet/posed_images/scene0263_01/00122.jpg",
      "transform_matrix": [
        [
          0.992551,
          0.084983,
          -0.087299,
          4.738189
        ],
        [
          0.102228,
          -0.191136,
          0.976226,
          1.305066
        ],
        [
          0.066276,
          -0.977878,
          -0.1984,
          1.699615
        ],
        [
          0.0,
          0.0,
          0.0,
          1.0
        ]
      ]
    },
    {
      "file_path": "/media/NFS/ttao/scannet/posed_images/scene0263_01/00125.jpg",
      "transform_matrix": [
        [
          0.990738,
          0.101651,
          -0.090028,
          4.706619
        ],
        [
          0.107914,
          -0.187015,
          0.976412,
          1.304223
        ],
        [
          0.082417,
          -0.977083,
          -0.196253,
          1.701222
        ],
        [
          0.0,
          0.0,
          0.0,
          1.0
        ]
      ]
    },
    {
      "file_path": "/media/NFS/ttao/scannet/posed_images/scene0263_01/00127.jpg",
      "transform_matrix": [
        [
          0.989414,
          0.11351,
          -0.090422,
          4.685281
        ],
        [
          0.110222,
          -0.182458,
          0.977016,
          1.303284
        ],
        [
          0.094402,
          -0.976639,
          -0.193038,
          1.700748
        ],
        [
          0.0,
          0.0,
          0.0,
          1.0
        ]
      ]
    },
    {
      "file_path": "/media/NFS/ttao/scannet/posed_images/scene0263_01/00128.jpg",
      "transform_matrix": [
        [
          0.988967,
          0.116436,
          -0.091583,
          4.675067
        ],
        [
          0.111894,
          -0.181999,
          0.976912,
          1.303475
        ],
        [
          0.09708,
          -0.97638,
          -0.193019,
          1.70165
        ],
        [
          0.0,
          0.0,
          0.0,
          1.0
        ]
      ]
    },
    {
      "file_path": "/media/NFS/ttao/scannet/posed_images/scene0263_01/00131.jpg",
      "transform_matrix": [
        [
          0.986291,
          0.122685,
          -0.110357,
          4.644502
        ],
        [
          0.129865,
          -0.164475,
          0.977795,
          1.301071
        ],
        [
          0.101809,
          -0.978722,
          -0.178152,
          1.705078
        ],
        [
          0.0,
          0.0,
          0.0,
          1.0
        ]
      ]
    },
    {
      "file_path": "/media/NFS/ttao/scannet/posed_images/scene0263_01/00134.jpg",
      "transform_matrix": [
        [
          0.982994,
          0.12646,
          -0.133159,
          4.61342
        ],
        [
          0.151756,
          -0.151075,
          0.976804,
          1.302021
        ],
        [
          0.103409,
          -0.9804,
          -0.167696,
          1.709615
        ],
        [
          0.0,
          0.0,
          0.0,
          1.0
        ]
      ]
    },
    {
      "file_path": "/media/NFS/ttao/scannet/posed_images/scene0263_01/00138.jpg",
      "transform_matrix": [
        [
          0.978101,
          0.134203,
          -0.159083,
          4.575187
        ],
        [
          0.179186,
          -0.154146,
          0.971664,
          1.314464
        ],
        [
          0.105879,
          -0.978891,
          -0.174818,
          1.712533
        ],
        [
          0.0,
          0.0,
          0.0,
          1.0
        ]
      ]
    },
    {
      "file_path": "/media/NFS/ttao/scannet/posed_images/scene0263_01/00141.jpg",
      "transform_matrix": [
        [
          0.97568,
          0.134369,
          -0.173186,
          4.551795
        ],
        [
          0.192198,
          -0.144525,
          0.970656,
          1.325693
        ],
        [
          0.105396,
          -0.980335,
          -0.166836,
          1.712912
        ],
        [
          0.0,
          0.0,
          0.0,
          1.0
        ]
      ]
    },
    {
      "file_path": "/media/NFS/ttao/scannet/posed_images/scene0263_01/00142.jpg",
      "transform_matrix": [
        [
          0.975994,
          0.135277,
          -0.17069,
          4.54354
        ],
        [
          0.189695,
          -0.142931,
          0.971384,
          1.331577
        ],
        [
          0.107009,
          -0.980444,
          -0.165161,
          1.711118
        ],
        [
          0.0,
          0.0,
          0.0,
          1.0
        ]
      ]
    },
    {
      "file_path": "/media/NFS/ttao/scannet/posed_images/scene0263_01/00145.jpg",
      "transform_matrix": [
        [
          0.980443,
          0.119349,
          -0.156486,
          4.517021
        ],
        [
          0.173801,
          -0.152024,
          0.972976,
          1.354502
        ],
        [
          0.092334,
          -0.981144,
          -0.169794,
          1.712747
        ],
        [
          0.0,
          0.0,
          0.0,
          1.0
        ]
      ]
    },
    {
      "file_path": "/media/NFS/ttao/scannet/posed_images/scene0263_01/00147.jpg",
      "transform_matrix": [
        [
          0.981481,
          0.108704,
          -0.157731,
          4.493943
        ],
        [
          0.173597,
          -0.156595,
          0.972287,
          1.370143
        ],
        [
          0.080991,
          -0.981662,
          -0.172566,
          1.715632
        ],
        [
          0.0,
          0.0,
          0.0,
          1.0
        ]
      ]
    },
    {
      "file_path": "/media/NFS/ttao/scannet/posed_images/scene0263_01/00151.jpg",
      "transform_matrix": [
        [
          0.981702,
          0.101471,
          -0.161138,
          4.453317
        ],
        [
          0.176304,
          -0.164538,
          0.970487,
          1.398049
        ],
        [
          0.071962,
          -0.981137,
          -0.179417,
          1.70816
        ],
        [
          0.0,
          0.0,
          0.0,
          1.0
        ]
      ]
    },
    {
      "file_path": "/media/NFS/ttao/scannet/posed_images/scene0263_01/00152.jpg",
      "transform_matrix": [
        [
          0.982678,
          0.099205,
          -0.156531,
          4.441819
        ],
        [
          0.171431,
          -0.165776,
          0.971149,
          1.404818
        ],
        [
          0.070394,
          -0.981161,
          -0.179912,
          1.707694
        ],
        [
          0.0,
          0.0,
          0.0,
          1.0
        ]
      ]
    },
    {
      "file_path": "/media/NFS/ttao/scannet/posed_images/scene0263_01/00155.jpg",
      "transform_matrix": [
        [
          0.985746,
          0.091227,
          -0.141363,
          4.407526
        ],
        [
          0.15587,
          -0.178917,
          0.971439,
          1.423648
        ],
        [
          0.063329,
          -0.979625,
          -0.190586,
          1.701962
        ],
        [
          0.0,
          0.0,
          0.0,
          1.0
        ]
      ]
    },
    {
      "file_path": "/media/NFS/ttao/scannet/posed_images/scene0263_01/00158.jpg",
      "transform_matrix": [
        [
          0.984658,
          0.083595,
          -0.153172,
          4.370845
        ],
        [
          0.167338,
          -0.203493,
          0.96467,
          1.441205
        ],
        [
          0.049472,
          -0.975501,
          -0.214359,
          1.695024
        ],
        [
          0.0,
          0.0,
          0.0,
          1.0
        ]
      ]
    },
    {
      "file_path": "/media/NFS/ttao/scannet/posed_images/scene0263_01/00161.jpg",
      "transform_matrix": [
        [
          0.980998,
          0.104064,
          -0.163752,
          4.333129
        ],
        [
          0.183513,
          -0.223685,
          0.957229,
          1.458858
        ],
        [
          0.062984,
          -0.96909,
          -0.238532,
          1.685144
        ],
        [
          0.0,
          0.0,
          0.0,
          1.0
        ]
      ]
    },
    {
      "file_path": "/media/NFS/ttao/scannet/posed_images/scene0263_01/00165.jpg",
      "transform_matrix": [
        [
          0.979226,
          0.115639,
          -0.166568,
          4.282744
        ],
        [
          0.189778,
          -0.233303,
          0.953706,
          1.473041
        ],
        [
          0.071425,
          -0.965504,
          -0.250402,
          1.675527
        ],
        [
          0.0,
          0.0,
          0.0,
          1.0
        ]
      ]
    },
    {
      "file_path": "/media/NFS/ttao/scannet/posed_images/scene0263_01/00168.jpg",
      "transform_matrix": [
        [
          0.980641,
          0.118097,
          -0.156192,
          4.243558
        ],
        [
          0.180175,
          -0.23185,
          0.95592,
          1.48055
        ],
        [
          0.076679,
          -0.965556,
          -0.24864,
          1.668645
        ],
        [
          0.0,
          0.0,
          0.0,
          1.0
        ]
      ]
    },
    {
      "file_path": "/media/NFS/ttao/scannet/posed_images/scene0263_01/00169.jpg",
      "transform_matrix": [
        [
          0.981717,
          0.116186,
          -0.150776,
          4.232406
        ],
        [
          0.174535,
          -0.233338,
          0.956604,
          1.48169
        ],
        [
          0.075962,
          -0.965429,
          -0.249351,
          1.668392
        ],
        [
          0.0,
          0.0,
          0.0,
          1.0
        ]
      ]
    },
    {
      "file_path": "/media/NFS/ttao/scannet/posed_images/scene0263_01/00173.jpg",
      "transform_matrix": [
        [
          0.985875,
          0.106598,
          -0.129183,
          4.1783
        ],
        [
          0.151173,
          -0.234339,
          0.960329,
          1.481629
        ],
        [
          0.072097,
          -0.966293,
          -0.247144,
          1.67189
        ],
        [
          0.0,
          0.0,
          0.0,
          1.0
        ]
      ]
    },
    {
      "file_path": "/media/NFS/ttao/scannet/posed_images/scene0263_01/00175.jpg",
      "transform_matrix": [
        [
          0.988047,
          0.104979,
          -0.112887,
          4.147358
        ],
        [
          0.13534,
          -0.240135,
          0.961259,
          1.479325
        ],
        [
          0.073803,
          -0.965046,
          -0.251473,
          1.673033
        ],
        [
          0.0,
          0.0,
          0.0,
          1.0
        ]
      ]
    },
    {
      "file_path": "/media/NFS/ttao/scannet/posed_images/scene0263_01/00178.jpg",
      "transform_matrix": [
        [
          0.989772,
          0.103539,
          -0.098141,
          4.097702
        ],
        [
          0.120704,
          -0.24109,
          0.962968,
          1.471938
        ],
        [
          0.076044,
          -0.964964,
          -0.251121,
          1.677792
        ],
        [
          0.0,
          0.0,
          0.0,
          1.0
        ]
      ]
    },
    {
      "file_path": "/media/NFS/ttao/scannet/posed_images/scene0263_01/00179.jpg",
      "transform_matrix": [
        [
          0.990007,
          0.102205,
          -0.097163,
          4.081961
        ],
        [
          0.119479,
          -0.241914,
          0.962914,
          1.467676
        ],
        [
          0.074909,
          -0.9649,
          -0.251708,
          1.67718
        ],
        [
          0.0,
          0.0,
          0.0,
          1.0
        ]
      ]
    },
    {
      "file_path": "/media/NFS/ttao/scannet/posed_images/scene0263_01/00182.jpg",
      "transform_matrix": [
        [
          0.989476,
          0.103777,
          -0.10083,
          4.033714
        ],
        [
          0.123915,
          -0.247948,
          0.960816,
          1.454415
        ],
        [
          0.07471,
          -0.963199,
          -0.258198,
          1.669604
        ],
        [
          0.0,
          0.0,
          0.0,
          1.0
        ]
      ]
    },
    {
      "file_path": "/media/NFS/ttao/scannet/posed_images/scene0263_01/00185.jpg",
      "transform_matrix": [
        [
          0.98952,
          0.105751,
          -0.098321,
          3.990824
        ],
        [
          0.123416,
          -0.265924,
          0.956061,
          1.439236
        ],
        [
          0.074959,
          -0.958176,
          -0.276188,
          1.662756
        ],
        [
          0.0,
          0.0,
          0.0,
          1.0
        ]
      ]
    },
    {
      "file_path": "/media/NFS/ttao/scannet/posed_images/scene0263_01/00187.jpg",
      "transform_matrix": [
        [
          0.98969,
          0.103608,
          -0.09889,
          3.962821
        ],
        [
          0.124187,
          -0.276786,
          0.952873,
          1.431085
        ],
        [
          0.071354,
          -0.95533,
          -0.286799,
          1.658327
        ],
        [
          0.0,
          0.0,
          0.0,
          1.0
        ]
      ]
    },
    {
      "file_path": "/media/NFS/ttao/scannet/posed_images/scene0263_01/00190.jpg",
      "transform_matrix": [
        [
          0.987002,
          0.117594,
          -0.109541,
          3.92958
        ],
        [
          0.140022,
          -0.294705,
          0.945274,
          1.418835
        ],
        [
          0.078876,
          -0.948325,
          -0.30734,
          1.663345
        ],
        [
          0.0,
          0.0,
          0.0,
          1.0
        ]
      ]
    },
    {
      "file_path": "/media/NFS/ttao/scannet/posed_images/scene0263_01/00193.jpg",
      "transform_matrix": [
        [
          0.986588,
          0.120343,
          -0.110278,
          3.897799
        ],
        [
          0.142056,
          -0.300267,
          0.943218,
          1.399525
        ],
        [
          0.080397,
          -0.946233,
          -0.313336,
          1.642924
        ],
        [
          0.0,
          0.0,
          0.0,
          1.0
        ]
      ]
    },
    {
      "file_path": "/media/NFS/ttao/scannet/posed_images/scene0263_01/00195.jpg",
      "transform_matrix": [
        [
          0.985807,
          0.123646,
          -0.113565,
          3.884401
        ],
        [
          0.147188,
          -0.311165,
          0.938889,
          1.391502
        ],
        [
          0.080753,
          -0.942278,
          -0.324947,
          1.639289
        ],
        [
          0.0,
          0.0,
          0.0,
          1.0
        ]
      ]
    },
    {
      "file_path": "/media/NFS/ttao/scannet/posed_images/scene0263_01/00200.jpg",
      "transform_matrix": [
        [
          0.97783,
          0.144598,
          -0.151459,
          3.876354
        ],
        [
          0.193462,
          -0.347043,
          0.917678,
          1.386021
        ],
        [
          0.080131,
          -0.926635,
          -0.367323,
          1.644321
        ],
        [
          0.0,
          0.0,
          0.0,
          1.0
        ]
      ]
    },
    {
      "file_path": "/media/NFS/ttao/scannet/posed_images/scene0263_01/00201.jpg",
      "transform_matrix": [
        [
          0.977166,
          0.143537,
          -0.156667,
          3.870801
        ],
        [
          0.198249,
          -0.350606,
          0.915299,
          1.380486
        ],
        [
          0.076451,
          -0.925458,
          -0.371056,
          1.632265
        ],
        [
          0.0,
          0.0,
          0.0,
          1.0
        ]
      ]
    },
    {
      "file_path": "/media/NFS/ttao/scannet/posed_images/scene0263_01/00205.jpg",
      "transform_matrix": [
        [
          0.967705,
          0.170095,
          -0.18605,
          3.865241
        ],
        [
          0.237993,
          -0.373159,
          0.896723,
          1.378338
        ],
        [
          0.083102,
          -0.912042,
          -0.401589,
          1.625704
        ],
        [
          0.0,
          0.0,
          0.0,
          1.0
        ]
      ]
    },
    {
      "file_path": "/media/NFS/ttao/scannet/posed_images/scene0263_01/00208.jpg",
      "transform_matrix": [
        [
          0.96138,
          0.183716,
          -0.204933,
          3.861842
        ],
        [
          0.261861,
          -0.381362,
          0.886562,
          1.375558
        ],
        [
          0.084722,
          -0.905986,
          -0.414742,
          1.620241
        ],
        [
          0.0,
          0.0,
          0.0,
