{
  "frames": [
    {
      "file_path": "/media/NFS/ttao/scannet/posed_images/scene0124_00/00000.jpg",
      "transform_matrix": [
        [
          -0.464707,
          0.496079,
          -0.733453,
          2.864701
        ],
        [
          0.882598,
          0.326106,
          -0.338639,
          0.868861
        ],
        [
          0.071191,
          -0.804711,
          -0.589382,
          1.204561
        ],
        [
          0.0,
          0.0,
          0.0,
          1.0
        ]
      ]
    },
    {
      "file_path": "/media/NFS/ttao/scannet/posed_images/scene0124_00/00010.jpg",
      "transform_matrix": [
        [
          -0.492019,
          0.460835,
          -0.738613,
          2.896012
        ],
        [
          0.869353,
          0.305188,
          -0.388697,
          0.842296
        ],
        [
          0.046291,
          -0.833361,
          -0.550786,
          1.195986
        ],
        [
          0.0,
          0.0,
          0.0,
          1.0
        ]
      ]
    },
    {
      "file_path": "/media/NFS/ttao/scannet/posed_images/scene0124_00/00015.jpg",
      "transform_matrix": [
        [
          -0.500668,
          0.472972,
          -0.725003,
          2.905695
        ],
        [
          0.864781,
          0.310578,
          -0.394582,
          0.820588
        ],
        [
          0.038544,
          -0.824523,
          -0.564513,
          1.176045
        ],
        [
          0.0,
          0.0,
          0.0,
          1.0
        ]
      ]
    },
    {
      "file_path": "/media/NFS/ttao/scannet/posed_images/scene0124_00/00021.jpg",
      "transform_matrix": [
        [
          -0.4854,
          0.491573,
          -0.72301,
          2.921172
        ],
        [
          0.873905,
          0.297392,
          -0.384509,
          0.797071
        ],
        [
          0.026004,
          -0.818483,
          -0.573942,
          1.147558
        ],
        [
          0.0,
          0.0,
          0.0,
          1.0
        ]
      ]
    },
    {
      "file_path": "/media/NFS/ttao/scannet/posed_images/scene0124_00/00029.jpg",
      "transform_matrix": [
        [
          -0.509487,
          0.5057,
          -0.696198,
          2.946835
        ],
        [
          0.858103,
          0.358675,
          -0.367439,
          0.784643
        ],
        [
          0.063895,
          -0.784615,
          -0.616682,
          1.094969
        ],
        [
          0.0,
          0.0,
          0.0,
          1.0
        ]
      ]
    },
    {
      "file_path": "/media/NFS/ttao/scannet/posed_images/scene0124_00/00032.jpg",
      "transform_matrix": [
        [
          -0.516947,
          0.493107,
          -0.699723,
          2.954246
        ],
        [
          0.8527,
          0.368527,
          -0.370257,
          0.78501
        ],
        [
          0.07529,
          -0.788057,
          -0.610981,
          1.080878
        ],
        [
          0.0,
          0.0,
          0.0,
          1.0
        ]
      ]
    },
    {
      "file_path": "/media/NFS/ttao/scannet/posed_images/scene0124_00/00042.jpg",
      "transform_matrix": [
        [
          -0.533103,
          0.471203,
          -0.702688,
          2.97133
        ],
        [
          0.844627,
          0.344571,
          -0.409727,
          0.822978
        ],
        [
          0.049061,
          -0.811935,
          -0.581682,
          1.062277
        ],
        [
          0.0,
          0.0,
          0.0,
          1.0
        ]
      ]
    },
    {
      "file_path": "/media/NFS/ttao/scannet/posed_images/scene0124_00/00046.jpg",
      "transform_matrix": [
        [
          -0.54337,
          0.464407,
          -0.699339,
          2.978531
        ],
        [
          0.838373,
          0.343215,
          -0.423479,
          0.851957
        ],
        [
          0.043357,
          -0.816413,
          -0.575839,
          1.051002
        ],
        [
          0.0,
          0.0,
          0.0,
          1.0
        ]
      ]
    },
    {
      "file_path": "/media/NFS/ttao/scannet/posed_images/scene0124_00/00050.jpg",
      "transform_matrix": [
        [
          -0.561515,
          0.456308,
          -0.690278,
          2.985764
        ],
        [
          0.827259,
          0.328263,
          -0.455946,
          0.892978
        ],
        [
          0.01854,
          -0.827059,
          -0.561809,
          1.040861
        ],
        [
          0.0,
          0.0,
          0.0,
          1.0
        ]
      ]
    },
    {
      "file_path": "/media/NFS/ttao/scannet/posed_images/scene0124_00/00057.jpg",
      "transform_matrix": [
        [
          -0.592146,
          0.439896,
          -0.675171,
          2.992269
        ],
        [
          0.805455,
          0.348711,
          -0.479212,
          0.937264
        ],
        [
          0.024636,
          -0.827582,
          -0.560804,
          1.03555
        ],
        [
          0.0,
          0.0,
          0.0,
          1.0
        ]
      ]
    },
    {
      "file_path": "/media/NFS/ttao/scannet/posed_images/scene0124_00/00067.jpg",
      "transform_matrix": [
        [
          -0.618399,
          0.392272,
          -0.680959,
          2.988818
        ],
        [
          0.785252,
          0.342639,
          -0.51573,
          0.936586
        ],
        [
          0.031016,
          -0.853651,
          -0.51992,
          1.099747
        ],
        [
          0.0,
          0.0,
          0.0,
          1.0
        ]
      ]
    },
    {
      "file_path": "/media/NFS/ttao/scannet/posed_images/scene0124_00/00069.jpg",
      "transform_matrix": [
        [
          -0.599853,
          0.400244,
          -0.692807,
          2.984162
        ],
        [
          0.799475,
          0.334318,
          -0.49907,
          0.927194
        ],
        [
          0.031868,
          -0.853251,
          -0.520527,
          1.117837
        ],
        [
          0.0,
          0.0,
          0.0,
          1.0
        ]
      ]
    },
    {
      "file_path": "/media/NFS/ttao/scannet/posed_images/scene0124_00/00080.jpg",
      "transform_matrix": [
        [
          -0.375996,
          0.482454,
          -0.791117,
          2.979449
        ],
        [
          0.923965,
          0.259808,
          -0.280694,
          0.814394
        ],
        [
          0.070116,
          -0.836503,
          -0.543457,
          1.162576
        ],
        [
          0.0,
          0.0,
          0.0,
          1.0
        ]
      ]
    },
    {
      "file_path": "/media/NFS/ttao/scannet/posed_images/scene0124_00/00086.jpg",
      "transform_matrix": [
        [
          -0.258711,
          0.524426,
          -0.8112,
          2.978889
        ],
        [
          0.964489,
          0.186488,
          -0.187038,
          0.725452
        ],
        [
          0.053192,
          -0.830782,
          -0.55405,
          1.172167
        ],
        [
          0.0,
          0.0,
          0.0,
          1.0
        ]
      ]
    },
    {
      "file_path": "/media/NFS/ttao/scannet/posed_images/scene0124_00/00088.jpg",
      "transform_matrix": [
        [
          -0.243346,
          0.528843,
          -0.813086,
          2.980635
        ],
        [
          0.967924,
          0.186418,
          -0.168438,
          0.699503
        ],
        [
          0.062497,
          -0.827994,
          -0.557244,
          1.173409
        ],
        [
          0.0,
          0.0,
          0.0,
          1.0
        ]
      ]
    },
    {
      "file_path": "/media/NFS/ttao/scannet/posed_images/scene0124_00/00099.jpg",
      "transform_matrix": [
        [
          -0.165899,
          0.560334,
          -0.811482,
          3.00728
        ],
        [
          0.980157,
          0.184218,
          -0.07318,
          0.603032
        ],
        [
          0.108484,
          -0.807521,
          -0.579777,
          1.146081
        ],
        [
          0.0,
          0.0,
          0.0,
          1.0
        ]
      ]
    },
    {
      "file_path": "/media/NFS/ttao/scannet/posed_images/scene0124_00/00101.jpg",
      "transform_matrix": [
        [
          -0.158969,
          0.551585,
          -0.81883,
          3.012133
        ],
        [
          0.981127,
          0.180737,
          -0.068729,
          0.589384
        ],
        [
          0.110083,
          -0.814302,
          -0.569907,
          1.14052
        ],
        [
          0.0,
          0.0,
          0.0,
          1.0
        ]
      ]
    },
    {
      "file_path": "/media/NFS/ttao/scannet/posed_images/scene0124_00/00111.jpg",
      "transform_matrix": [
        [
          -0.221037,
          0.482851,
          -0.847347,
          3.035172
        ],
        [
          0.969353,
          0.204293,
          -0.136449,
          0.578676
        ],
        [
          0.107222,
          -0.851539,
          -0.51321,
          1.156307
        ],
        [
          0.0,
          0.0,
          0.0,
          1.0
        ]
      ]
    },
    {
      "file_path": "/media/NFS/ttao/scannet/posed_images/scene0124_00/00115.jpg",
      "transform_matrix": [
        [
          -0.224069,
          0.482959,
          -0.846489,
          3.033227
        ],
        [
          0.969325,
          0.200466,
          -0.14221,
          0.582453
        ],
        [
          0.101011,
          -0.852387,
          -0.513062,
          1.164863
        ],
        [
          0.0,
          0.0,
          0.0,
          1.0
        ]
      ]
    },
    {
      "file_path": "/media/NFS/ttao/scannet/posed_images/scene0124_00/00124.jpg",
      "transform_matrix": [
        [
          -0.254377,
          0.464784,
          -0.848097,
          3.023275
        ],
        [
          0.964018,
          0.191879,
          -0.183991,
          0.598408
        ],
        [
          0.077216,
          -0.864383,
          -0.496869,
          1.198528
        ],
        [
          0.0,
          0.0,
          0.0,
          1.0
        ]
      ]
    },
    {
      "file_path": "/media/NFS/ttao/scannet/posed_images/scene0124_00/00126.jpg",
      "transform_matrix": [
        [
          -0.253917,
          0.464689,
          -0.848287,
          3.018707
        ],
        [
          0.965082,
          0.180078,
          -0.190231,
          0.602105
        ],
        [
          0.064359,
          -0.86697,
          -0.494188,
          1.208833
        ],
        [
          0.0,
          0.0,
          0.0,
          1.0
        ]
      ]
    },
    {
      "file_path": "/media/NFS/ttao/scannet/posed_images/scene0124_00/00132.jpg",
      "transform_matrix": [
        [
          -0.262879,
          0.47124,
          -0.841919,
          3.00701
        ],
        [
          0.96471,
          0.142057,
          -0.221707,
          0.624518
        ],
        [
          0.015123,
          -0.87049,
          -0.491954,
          1.245056
        ],
        [
          0.0,
          0.0,
          0.0,
          1.0
        ]
      ]
    },
    {
      "file_path": "/media/NFS/ttao/scannet/posed_images/scene0124_00/00143.jpg",
      "transform_matrix": [
        [
          -0.234137,
          0.462492,
          -0.85515,
          3.000643
        ],
        [
          0.972195,
          0.115025,
          -0.203974,
          0.670006
        ],
        [
          0.004027,
          -0.87913,
          -0.476564,
          1.261269
        ],
        [
          0.0,
          0.0,
          0.0,
          1.0
        ]
      ]
    },
    {
      "file_path": "/media/NFS/ttao/scannet/posed_images/scene0124_00/00145.jpg",
      "transform_matrix": [
        [
          -0.230917,
          0.460212,
          -0.857253,
          2.99975
        ],
        [
          0.972939,
          0.116656,
          -0.199454,
          0.680071
        ],
        [
          0.008213,
          -0.880112,
          -0.474696,
          1.260447
        ],
        [
          0.0,
          0.0,
          0.0,
          1.0
        ]
      ]
    },
    {
      "file_path": "/media/NFS/ttao/scannet/posed_images/scene0124_00/00151.jpg",
      "transform_matrix": [
        [
          -0.240244,
          0.414097,
          -0.877956,
          2.997035
        ],
        [
          0.970712,
          0.103393,
          -0.216859,
          0.717992
        ],
        [
          0.000973,
          -0.904341,
          -0.426809,
          1.276691
        ],
        [
          0.0,
          0.0,
          0.0,
          1.0
        ]
      ]
    },
    {
      "file_path": "/media/NFS/ttao/scannet/posed_images/scene0124_00/00159.jpg",
      "transform_matrix": [
        [
          -0.229173,
          0.36428,
          -0.902651,
          2.989929
        ],
        [
          0.973374,
          0.090358,
          -0.210663,
          0.771993
        ],
        [
          0.004821,
          -0.926895,
          -0.375288,
          1.290787
        ],
        [
          0.0,
          0.0,
          0.0,
          1.0
        ]
      ]
    },
    {
      "file_path": "/media/NFS/ttao/scannet/posed_images/scene0124_00/00164.jpg",
      "transform_matrix": [
        [
          -0.248236,
          0.389414,
          -0.886981,
          2.988988
        ],
        [
          0.968626,
          0.08846,
          -0.232248,
          0.801087
        ],
        [
          -0.011978,
          -0.916805,
          -0.399156,
          1.2944
        ],
        [
          0.0,
          0.0,
          0.0,
          1.0
        ]
      ]
    },
    {
      "file_path": "/media/NFS/ttao/scannet/posed_images/scene0124_00/00170.jpg",
      "transform_matrix": [
        [
          -0.265874,
          0.386422,
          -0.88317,
          2.990736
        ],
        [
          0.963927,
          0.094724,
          -0.24874,
          0.839849
        ],
        [
          -0.012462,
          -0.917445,
          -0.397667,
          1.296422
        ],
        [
          0.0,
          0.0,
          0.0,
          1.0
        ]
      ]
    },
    {
      "file_path": "/media/NFS/ttao/scannet/posed_images/scene0124_00/00180.jpg",
      "transform_matrix": [
        [
          -0.231521,
          0.452383,
          -0.861248,
          2.988868
        ],
        [
          0.972829,
          0.106329,
          -0.205666,
          0.886309
        ],
        [
          -0.001464,
          -0.885463,
          -0.464708,
          1.274555
        ],
        [
          0.0,
          0.0,
          0.0,
          1.0
        ]
      ]
    },
    {
      "file_path": "/media/NFS/ttao/scannet/posed_images/scene0124_00/00187.jpg",
      "transform_matrix": [
        [
          -0.169834,
          0.523422,
          -0.834977,
          2.984397
        ],
        [
          0.985456,
          0.095187,
          -0.140772,
          0.924737
        ],
        [
          0.005795,
          -0.84674,
          -0.531975,
          1.232248
        ],
        [
          0.0,
          0.0,
          0.0,
          1.0
        ]
      ]
    },
    {
      "file_path": "/media/NFS/ttao/scannet/posed_images/scene0124_00/00195.jpg",
      "transform_matrix": [
        [
          -0.135581,
          0.621636,
          -0.771484,
          2.968826
        ],
        [
          0.990623,
          0.071804,
          -0.116235,
          0.965084
        ],
        [
          -0.016861,
          -0.780008,
          -0.625542,
          1.199642
        ],
        [
          0.0,
          0.0,
          0.0,
          1.0
        ]
      ]
    },
    {
      "file_path": "/media/NFS/ttao/scannet/posed_images/scene0124_00/00201.jpg",
      "transform_matrix": [
        [
          -0.134666,
          0.662456,
          -0.736897,
          2.962184
        ],
        [
          0.990887,
          0.087797,
          -0.102155,
          0.9895
        ],
        [
          -0.002976,
          -0.743938,
          -0.668242,
          1.17779
        ],
        [
          0.0,
          0.0,
          0.0,
          1.0
        ]
      ]
    },
    {
      "file_path": "/media/NFS/ttao/scannet/posed_images/scene0124_00/00206.jpg",
      "transform_matrix": [
        [
          -0.157944,
          0.665356,
          -0.729627,
          2.96622
        ],
        [
          0.987332,
          0.095096,
          -0.127011,
          0.995513
        ],
        [
          -0.015123,
          -0.740445,
          -0.671947,
          1.182276
        ],
        [
          0.0,
          0.0,
          0.0,
          1.0
        ]
      ]
    },
    {
      "file_path": "/media/NFS/ttao/scannet/posed_images/scene0124_00/00214.jpg",
      "transform_matrix": [
        [
          -0.035154,
          0.638039,
          -0.769201,
          2.950254
        ],
        [
          0.998543,
          0.053952,
          -0.000883,
          0.962132
        ],
        [
          0.040937,
          -0.768112,
          -0.639006,
          1.185222
        ],
        [
          0.0,
          0.0,
          0.0,
          1.0
        ]
      ]
    },
    {
      "file_path": "/media/NFS/ttao/scannet/posed_images/scene0124_00/00218.jpg",
      "transform_matrix": [
        [
          0.064072,
          0.635969,
          -0.76905,
          2.942863
        ],
        [
          0.996701,
          -0.002307,
          0.08113,
          0.916418
        ],
        [
          0.049822,
          -0.771711,
          -0.634019,
          1.174329
        ],
        [
          0.0,
          0.0,
          0.0,
          1.0
        ]
      ]
    },
    {
      "file_path": "/media/NFS/ttao/scannet/posed_images/scene0124_00/00223.jpg",
      "transform_matrix": [
        [
          0.129719,
          0.652507,
          -0.746597,
          2.927195
        ],
        [
          0.990421,
          -0.04934,
          0.128961,
          0.836927
        ],
        [
          0.047311,
          -0.756175,
          -0.652657,
          1.165252
        ],
        [
          0.0,
          0.0,
          0.0,
          1.0
        ]
      ]
    },
    {
      "file_path": "/media/NFS/ttao/scannet/posed_images/scene0124_00/00227.jpg",
      "transform_matrix": [
        [
          0.190411,
          0.626869,
          -0.755499,
          2.909477
        ],
        [
          0.979372,
          -0.068281,
          0.190179,
          0.7734
        ],
        [
          0.067631,
          -0.776126,
          -0.62694,
          1.161964
        ],
        [
          0.0,
          0.0,
          0.0,
          1.0
        ]
      ]
    },
    {
      "file_path": "/media/NFS/ttao/scannet/posed_images/scene0124_00/00237.jpg",
      "transform_matrix": [
        [
          0.282509,
          0.57028,
          -0.771343,
          2.872752
        ],
        [
          0.954407,
          -0.086283,
          0.285765,
          0.658222
        ],
        [
          0.096413,
          -0.816906,
          -0.568655,
          1.17786
        ],
        [
          0.0,
          0.0,
          0.0,
          1.0
        ]
      ]
    },
    {
      "file_path": "/media/NFS/ttao/scannet/posed_images/scene0124_00/00241.jpg",
      "transform_matrix": [
        [
          0.277206,
          0.582615,
          -0.764013,
          2.863474
        ],
        [
          0.954318,
          -0.074667,
          0.289315,
          0.631064
        ],
        [
          0.111512,
          -0.809311,
          -0.576698,
          1.174755
        ],
        [
          0.0,
          0.0,
          0.0,
          1.0
        ]
      ]
    },
    {
      "file_path": "/media/NFS/ttao/scannet/posed_images/scene0124_00/00248.jpg",
      "transform_matrix": [
        [
          0.256409,
          0.54268,
          -0.799845,
          2.860626
        ],
        [
          0.959391,
          -0.042235,
          0.278899,
          0.596589
        ],
        [
          0.117572,
          -0.838877,
          -0.531472,
          1.183887
        ],
        [
          0.0,
          0.0,
          0.0,
          1.0
        ]
      ]
    },
    {
      "file_path": "/media/NFS/ttao/scannet/posed_images/scene0124_00/00258.jpg",
      "transform_matrix": [
        [
          0.200868,
          0.541161,
          -0.816577,
          2.869555
        ],
        [
          0.974167,
          -0.022531,
          0.224702,
          0.568485
        ],
        [
          0.103202,
          -0.840617,
          -0.531707,
          1.180511
        ],
        [
          0.0,
          0.0,
          0.0,
          1.0
        ]
      ]
    },
    {
      "file_path": "/media/NFS/ttao/scannet/posed_images/scene0124_00/00264.jpg",
      "transform_matrix": [
        [
          0.193517,
          0.545135,
          -0.815707,
          2.869941
        ],
        [
          0.974908,
          -0.013608,
          0.222192,
          0.571983
        ],
        [
          0.110024,
          -0.838238,
          -0.53409,
          1.176641
        ],
        [
          0.0,
          0.0,
          0.0,
          1.0
        ]
      ]
    },
    {
      "file_path": "/media/NFS/ttao/scannet/posed_images/scene0124_00/00265.jpg",
      "transform_matrix": [
        [
          0.194933,
          0.547252,
          -0.813951,
          2.868832
        ],
        [
          0.97453,
          -0.01426,
          0.223802,
          0.570268
        ],
        [
          0.110869,
          -0.836847,
          -0.536093,
          1.17671
        ],
        [
          0.0,
          0.0,
          0.0,
          1.0
        ]
      ]
    },
    {
      "file_path": "/media/NFS/ttao/scannet/posed_images/scene0124_00/00273.jpg",
      "transform_matrix": [
        [
          0.213007,
          0.534355,
          -0.817981,
          2.850155
        ],
        [
          0.974605,
          -0.057009,
          0.216551,
          0.540016
        ],
        [
          0.069083,
          -0.843335,
          -0.532929,
          1.188249
        ],
        [
          0.0,
          0.0,
          0.0,
          1.0
        ]
      ]
    },
    {
      "file_path": "/media/NFS/ttao/scannet/posed_images/scene0124_00/00281.jpg",
      "transform_matrix": [
        [
          0.320643,
          0.522375,
          -0.790134,
          2.798805
        ],
        [
          0.942783,
          -0.095543,
          0.319423,
          0.497062
        ],
        [
          0.091367,
          -0.847346,
          -0.523122,
          1.191214
        ],
        [
          0.0,
          0.0,
          0.0,
          1.0
        ]
      ]
    },
    {
      "file_path": "/media/NFS/ttao/scannet/posed_images/scene0124_00/00290.jpg",
      "transform_matrix": [
        [
          0.314209,
          0.51505,
          -0.797493,
          2.80026
        ],
        [
          0.942196,
          -0.06622,
          0.328454,
          0.486298
        ],
        [
          0.11636,
          -0.854598,
          -0.506085,
          1.187624
        ],
        [
          0.0,
          0.0,
          0.0,
          1.0
        ]
      ]
    },
    {
      "file_path": "/media/NFS/ttao/scannet/posed_images/scene0124_00/00292.jpg",
      "transform_matrix": [
        [
          0.307527,
          0.515825,
          -0.799595,
          2.803569
        ],
        [
          0.943637,
          -0.057251,
          0.325993,
          0.489328
        ],
        [
          0.122377,
          -0.854779,
          -0.504358,
          1.188383
        ],
        [
          0.0,
          0.0,
          0.0,
          1.0
        ]
      ]
    },
    {
      "file_path": "/media/NFS/ttao/scannet/posed_images/scene0124_00/00300.jpg",
      "transform_matrix": [
        [
          0.262481,
          0.491261,
          -0.830522,
          2.817496
        ],
        [
          0.961761,
          -0.063412,
          0.26645,
          0.541421
        ],
        [
          0.078231,
          -0.868701,
          -0.48912,
          1.240715
        ],
        [
          0.0,
          0.0,
          0.0,
          1.0
        ]
      ]
    },
    {
      "file_path": "/media/NFS/ttao/scannet/posed_images/scene0124_00/00304.jpg",
      "transform_matrix": [
        [
          0.231916,
          0.485309,
          -0.843025,
          2.824677
        ],
        [
          0.971356,
          -0.069393,
          0.227272,
          0.583058
        ],
        [
          0.051797,
          -0.871585,
          -0.487501,
          1.269942
        ],
        [
          0.0,
          0.0,
          0.0,
          1.0
        ]
      ]
    },
    {
      "file_path": "/media/NFS/ttao/scannet/posed_images/scene0124_00/00311.jpg",
      "transform_matrix": [
        [
          0.206942,
          0.446911,
          -0.870314,
          2.844024
        ],
        [
          0.978197,
          -0.07862,
          0.192222,
          0.672737
        ],
        [
          0.017483,
          -0.891117,
          -0.453436,
          1.305928
        ],
        [
          0.0,
          0.0,
          0.0,
          1.0
        ]
      ]
    },
    {
      "file_path": "/media/NFS/ttao/scannet/posed_images/scene0124_00/00319.jpg",
      "transform_matrix": [
        [
          0.210418,
          0.430301,
          -0.877818,
          2.870599
        ],
        [
          0.977422,
          -0.110272,
          0.180239,
          0.778955
        ],
        [
          -0.019242,
          -0.895925,
          -0.443789,
          1.331167
        ],
        [
          0.0,
          0.0,
          0.0,
          1.0
        ]
      ]
    },
    {
      "file_path": "/media/NFS/ttao/scannet/posed_images/scene0124_00/00329.jpg",
      "transform_matrix": [
        [
          0.252192,
          0.461368,
          -0.850611,
          2.914057
        ],
        [
          0.967677,
          -0.119958,
          0.221835,
          0.90435
        ],
        [
          0.00031,
          -0.879062,
          -0.476707,
          1.30279
        ],
        [
          0.0,
          0.0,
          0.0,
          1.0
        ]
      ]
    },
    {
      "file_path": "/media/NFS/ttao/scannet/posed_images/scene0124_00/00332.jpg",
      "transform_matrix": [
        [
          0.26954,
          0.463087,
          -0.844333,
          2.929558
        ],
        [
          0.962975,
          -0.124782,
          0.238976,
          0.934243
        ],
        [
          0.005309,
          -0.877485,
          -0.479575,
          1.27889
        ],
        [
          0.0,
          0.0,
          0.0,
          1.0
        ]
      ]
    },
    {
      "file_path": "/media/NFS/ttao/scannet/posed_images/scene0124_00/00340.jpg",
      "transform_matrix": [
        [
          0.287369,
          0.532437,
          -0.796197,
          2.93967
        ],
        [
          0.957797,
          -0.165428,
          0.235069,
          0.978043
        ],
        [
          -0.006554,
          -0.830147,
          -0.557506,
          1.248896
        ],
        [
          0.0,
          0.0,
          0.0,
          1.0
        ]
      ]
    },
    {
      "file_path": "/media/NFS/ttao/scannet/posed_images/scene0124_00/00348.jpg",
      "transform_matrix": [
        [
          0.315349,
          0.587163,
          -0.745517,
          2.931958
        ],
        [
          0.948938,
          -0.188086,
          0.253259,
          0.959074
        ],
        [
          0.008483,
          -0.787314,
          -0.616494,
          1.22017
        ],
        [
          0.0,
          0.0,
          0.0,
          1.0
        ]
      ]
    },
    {
      "file_path": "/media/NFS/ttao/scannet/posed_images/scene0124_00/00350.jpg",
      "transform_matrix": [
        [
          0.326623,
          0.587861,
          -0.740093,
          2.93046
        ],
        [
          0.945047,
          -0.191338,
          0.265094,
          0.953208
        ],
        [
          0.014231,
          -0.786009,
          -0.618052,
          1.220001
        ],
        [
          0.0,
          0.0,
          0.0,
          1.0
        ]
      ]
    },
    {
      "file_path": "/media/NFS/ttao/scannet/posed_images/scene0124_00/00355.jpg",
      "transform_matrix": [
        [
          0.377228,
          0.566523,
          -0.732633,
          2.918182
        ],
        [
          0.925663,
          -0.205797,
          0.317482,
          0.921664
        ],
        [
          0.029087,
          -0.797934,
          -0.602042,
          1.222112
        ],
        [
          0.0,
          0.0,
          0.0,
          1.0
        ]
      ]
    },
    {
      "file_path": "/media/NFS/ttao/scannet/posed_images/scene0124_00/00365.jpg",
      "transform_matrix": [
        [
          0.437094,
          0.494829,
          -0.751061,
          2.885427
        ],
        [
          0.899297,
          -0.226889,
          0.373879,
          0.876495
        ],
        [
          0.014599,
          -0.838848,
          -0.54417,
          1.257001
        ],
        [
          0.0,
          0.0,
          0.0,
          1.0
        ]
      ]
    },
    {
      "file_path": "/media/NFS/ttao/scannet/posed_images/scene0124_00/00372.jpg",
      "transform_matrix": [
        [
          0.527588,
          0.446309,
          -0.722813,
          2.867447
        ],
        [
          0.848837,
          -0.243355,
          0.469312,
          0.872536
        ],
        [
          0.033558,
          -0.861154,
          -0.507235,
          1.276616
        ],
        [
          0.0,
          0.0,
          0.0,
          1.0
        ]
      ]
    },
    {
      "file_path": "/media/NFS/ttao/scannet/posed_images/scene0124_00/00374.jpg",
      "transform_matrix": [
        [
          0.546892,
          0.437446,
          -0.713828,
          2.864049
        ],
        [
          0.836312,
          -0.246115,
          0.489908,
          0.872266
        ],
        [
          0.038625,
          -0.864909,
          -0.50044,
          1.27595
        ],
        [
          0.0,
          0.0,
          0.0,
          1.0
        ]
      ]
    },
    {
      "file_path": "/media/NFS/ttao/scannet/posed_images/scene0124_00/00384.jpg",
      "transform_matrix": [
        [
          0.587198,
          0.411008,
          -0.697331,
          2.845115
        ],
        [
          0.806323,
          -0.221438,
          0.54846,
          0.860307
        ],
        [
          0.071006,
          -0.884329,
          -0.461433,
          1.287114
        ],
        [
          0.0,
          0.0,
          0.0,
          1.0
        ]
      ]
    },
    {
      "file_path": "/media/NFS/ttao/scannet/posed_images/scene0124_00/00390.jpg",
      "transform_matrix": [
        [
          0.563589,
          0.400636,
          -0.722398,
          2.836656
        ],
        [
          0.82369,
          -0.206429,
          0.52813,
          0.865093
        ],
        [
          0.062464,
          -0.89268,
          -0.446341,
          1.287097
        ],
        [
          0.0,
          0.0,
          0.0,
          1.0
        ]
      ]
    },
    {
      "file_path": "/media/NFS/ttao/scannet/posed_images/scene0124_00/00397.jpg",
      "transform_matrix": [
        [
          0.607155,
          0.404186,
          -0.684102,
          2.788012
        ],
        [
          0.792499,
          -0.245708,
          0.558188,
          0.900691
        ],
        [
          0.057522,
          -0.881057,
          -0.4695,
          1.276955
        ],
        [
          0.0,
          0.0,
          0.0,
          1.0
        ]
      ]
    },
    {
      "file_path": "/media/NFS/ttao/scannet/posed_images/scene0124_00/00401.jpg",
      "transform_matrix": [
        [
          0.630095,
          0.405195,
          -0.662418,
          2.74932
        ],
        [
          0.775043,
          -0.275602,
          0.568641,
          0.926746
        ],
        [
          0.047847,
          -0.8717,
          -0.487699,
          1.276648
        ],
        [
          0.0,
          0.0,
          0.0,
          1.0
        ]
      ]
    },
    {
      "file_path": "/media/NFS/ttao/scannet/posed_images/scene0124_00/00409.jpg",
      "transform_matrix": [
        [
          0.648472,
          0.375833,
          -0.661992,
          2.659095
        ],
        [
          0.76118,
          -0.309342,
          0.570011,
          0.981019
        ],
        [
          0.009447,
          -0.873531,
          -0.486677,
          1.282685
        ],
        [
          0.0,
          0.0,
          0.0,
          1.0
        ]
      ]
    },
    {
      "file_path": "/media/NFS/ttao/scannet/posed_images/scene0124_00/00414.jpg",
      "transform_matrix": [
        [
          0.646156,
          0.386807,
          -0.657923,
          2.617517
        ],
        [
          0.763133,
          -0.315608,
          0.563932,
          1.004648
        ],
        [
          0.010487,
          -0.866471,
          -0.499118,
          1.285515
        ],
        [
          0.0,
          0.0,
          0.0,
          1.0
        ]
      ]
    },
    {
      "file_path": "/media/NFS/ttao/scannet/posed_images/scene0124_00/00418.jpg",
      "transform_matrix": [
        [
          0.663969,
          0.376052,
          -0.646321,
          2.598611
        ],
        [
          0.747668,
          -0.32029,
          0.581728,
          1.014976
        ],
        [
          0.01175,
          -0.869482,
          -0.493825,
          1.293342
        ],
        [
          0.0,
          0.0,
          0.0,
          1.0
        ]
      ]
    },
    {
      "file_path": "/media/NFS/ttao/scannet/posed_images/scene0124_00/00430.jpg",
      "transform_matrix": [
        [
          0.772574,
          0.285416,
          -0.567157,
          2.591793
        ],
        [
          0.6338,
          -0.293543,
          0.715633,
          0.981936
        ],
        [
          0.037768,
          -0.912343,
          -0.40768,
          1.303643
        ],
        [
          0.0,
          0.0,
          0.0,
          1.0
        ]
      ]
    },
    {
      "file_path": "/media/NFS/ttao/scannet/posed_images/scene0124_00/00434.jpg",
      "transform_matrix": [
        [
          0.809753,
          0.267457,
          -0.522271,
          2.58683
        ],
        [
          0.585449,
          -0.308563,
          0.749692,
          0.938865
        ],
        [
          0.039357,
          -0.912828,
          -0.406442,
          1.291483
        ],
        [
          0.0,
          0.0,
          0.0,
          1.0
        ]
      ]
    },
    {
      "file_path": "/media/NFS/ttao/scannet/posed_images/scene0124_00/00439.jpg",
      "transform_matrix": [
        [
          0.840818,
          0.242441,
          -0.483992,
          2.582459
        ],
        [
          0.540746,
          -0.335045,
          0.771582,
          0.876993
        ],
        [
          0.024904,
          -0.910476,
          -0.412811,
          1.285232
        ],
        [
          0.0,
          0.0,
          0.0,
          1.0
        ]
      ]
    },
    {
      "file_path": "/media/NFS/ttao/scannet/posed_images/scene0124_00/00445.jpg",
      "transform_matrix": [
        [
          0.84661,
          0.236936,
          -0.476564,
          2.583378
        ],
        [
          0.532159,
          -0.364041,
          0.764383,
          0.820062
        ],
        [
          0.007621,
          -0.900742,
          -0.434288,
          1.307009
        ],
        [
          0.0,
          0.0,
          0.0,
          1.0
        ]
      ]
    },
    {
      "file_path": "/media/NFS/ttao/scannet/posed_images/scene0124_00/00455.jpg",
      "transform_matrix": [
        [
          0.875526,
          0.175286,
          -0.450256,
          2.611728
        ],
        [
          0.483067,
          -0.298124,
          0.823267,
          0.769708
        ],
        [
          0.010075,
          -0.938295,
          -0.34569,
          1.339562
        ],
        [
          0.0,
          0.0,
          0.0,
          1.0
        ]
      ]
    },
    {
      "file_path": "/media/NFS/ttao/scannet/posed_images/scene0124_00/00456.jpg",
      "transform_matrix": [
        [
          0.877887,
          0.170047,
          -0.447658,
          2.61629
        ],
        [
          0.478769,
          -0.292808,
          0.827673,
          0.768122
        ],
        [
          0.009666,
          -0.940929,
          -0.338466,
          1.342697
        ],
        [
          0.0,
          0.0,
          0.0,
          1.0
        ]
      ]
    },
    {
      "file_path": "/media/NFS/ttao/scannet/posed_images/scene0124_00/00468.jpg",
      "transform_matrix": [
        [
          0.914866,
          0.114925,
          -0.387056,
          2.669911
        ],
        [
          0.403523,
          -0.227532,
          0.886228,
          0.773311
        ],
        [
          0.013782,
          -0.966965,
          -0.254536,
          1.384493
        ],
        [
          0.0,
          0.0,
          0.0,
          1.0
        ]
      ]
    },
    {
      "file_path": "/media/NFS/ttao/scannet/posed_images/scene0124_00/00472.jpg",
      "transform_matrix": [
        [
          0.919988,
          0.09484,
          -0.3803,
          2.684632
        ],
        [
          0.3919,
          -0.207582,
          0.896283,
          0.768266
        ],
        [
          0.00606,
          -0.973609,
          -0.228141,
          1.395873
        ],
        [
          0.0,
          0.0,
          0.0,
          1.0
        ]
      ]
    },
    {
      "file_path": "/media/NFS/ttao/scannet/posed_images/scene0124_00/00478.jpg",
      "transform_matrix": [
        [
          0.918541,
          0.080523,
          -0.387037,
          2.716593
        ],
        [
          0.395324,
          -0.189129,
          0.89886,
          0.768018
        ],
        [
          -0.00082,
          -0.978645,
          -0.205555,
          1.406836
        ],
        [
          0.0,
          0.0,
          0.0,
          1.0
        ]
      ]
    },
    {
      "file_path": "/media/NFS/ttao/scannet/posed_images/scene0124_00/00487.jpg",
      "transform_matrix": [
        [
          0.924192,
          0.067147,
          -0.375979,
          2.744939
        ],
        [
          0.381927,
          -0.163868,
          0.909549,
          0.768846
        ],
        [
          -0.000537,
          -0.984194,
          -0.17709,
          1.419906
        ],
        [
          0.0,
          0.0,
          0.0,
          1.0
        ]
      ]
    },
    {
      "file_path": "/media/NFS/ttao/scannet/posed_images/scene0124_00/00493.jpg",
      "transform_matrix": [
        [
          0.921154,
          0.047078,
          -0.386342,
          2.756282
        ],
        [
          0.388901,
          -0.150177,
          0.908957,
          0.760791
        ],
        [
          -0.015228,
          -0.987538,
          -0.156644,
          1.440177
        ],
        [
          0.0,
          0.0,
