{
  "frames": [
    {
      "file_path": "/media/NFS/ttao/scannet/posed_images/scene0355_00/00001.jpg",
      "transform_matrix": [
        [
          0.346835,
          -0.417806,
          0.839728,
          1.552136
        ],
        [
          -0.934905,
          -0.082203,
          0.345247,
          6.054418
        ],
        [
          -0.075218,
          -0.90481,
          -0.41912,
          1.843263
        ],
        [
          0.0,
          0.0,
          0.0,
          1.0
        ]
      ]
    },
    {
      "file_path": "/media/NFS/ttao/scannet/posed_images/scene0355_00/00003.jpg",
      "transform_matrix": [
        [
          0.349256,
          -0.419172,
          0.838042,
          1.5513
        ],
        [
          -0.934113,
          -0.085272,
          0.346643,
          6.060722
        ],
        [
          -0.073842,
          -0.903893,
          -0.421336,
          1.836914
        ],
        [
          0.0,
          0.0,
          0.0,
          1.0
        ]
      ]
    },
    {
      "file_path": "/media/NFS/ttao/scannet/posed_images/scene0355_00/00009.jpg",
      "transform_matrix": [
        [
          0.353831,
          -0.425913,
          0.832708,
          1.557407
        ],
        [
          -0.933504,
          -0.105523,
          0.342689,
          6.085621
        ],
        [
          -0.058086,
          -0.89859,
          -0.434928,
          1.840009
        ],
        [
          0.0,
          0.0,
          0.0,
          1.0
        ]
      ]
    },
    {
      "file_path": "/media/NFS/ttao/scannet/posed_images/scene0355_00/00010.jpg",
      "transform_matrix": [
        [
          0.348218,
          -0.447421,
          0.823747,
          1.570426
        ],
        [
          -0.935934,
          -0.116589,
          0.332316,
          6.112015
        ],
        [
          -0.052645,
          -0.886691,
          -0.459355,
          1.907165
        ],
        [
          0.0,
          0.0,
          0.0,
          1.0
        ]
      ]
    },
    {
      "file_path": "/media/NFS/ttao/scannet/posed_images/scene0355_00/00016.jpg",
      "transform_matrix": [
        [
          0.33104,
          -0.451191,
          0.828758,
          1.574373
        ],
        [
          -0.943048,
          -0.127691,
          0.307175,
          6.175018
        ],
        [
          -0.03277,
          -0.883245,
          -0.467765,
          1.904033
        ],
        [
          0.0,
          0.0,
          0.0,
          1.0
        ]
      ]
    },
    {
      "file_path": "/media/NFS/ttao/scannet/posed_images/scene0355_00/00018.jpg",
      "transform_matrix": [
        [
          0.32508,
          -0.452475,
          0.830415,
          1.580469
        ],
        [
          -0.945161,
          -0.126168,
          0.301253,
          6.194154
        ],
        [
          -0.031537,
          -0.882807,
          -0.468677,
          1.906177
        ],
        [
          0.0,
          0.0,
          0.0,
          1.0
        ]
      ]
    },
    {
      "file_path": "/media/NFS/ttao/scannet/posed_images/scene0355_00/00022.jpg",
      "transform_matrix": [
        [
          0.29592,
          -0.455824,
          0.839438,
          1.596451
        ],
        [
          -0.954863,
          -0.117378,
          0.272872,
          6.272799
        ],
        [
          -0.02585,
          -0.882296,
          -0.469984,
          1.9121
        ],
        [
          0.0,
          0.0,
          0.0,
          1.0
        ]
      ]
    },
    {
      "file_path": "/media/NFS/ttao/scannet/posed_images/scene0355_00/00029.jpg",
      "transform_matrix": [
        [
          0.285964,
          -0.450764,
          0.845598,
          1.634319
        ],
        [
          -0.956419,
          -0.079872,
          0.280863,
          6.36822
        ],
        [
          -0.059063,
          -0.889063,
          -0.45396,
          1.96073
        ],
        [
          0.0,
          0.0,
          0.0,
          1.0
        ]
      ]
    },
    {
      "file_path": "/media/NFS/ttao/scannet/posed_images/scene0355_00/00030.jpg",
      "transform_matrix": [
        [
          0.295976,
          -0.440092,
          0.847772,
          1.644304
        ],
        [
          -0.953646,
          -0.085606,
          0.288499,
          6.360899
        ],
        [
          -0.054392,
          -0.893863,
          -0.445029,
          1.962054
        ],
        [
          0.0,
          0.0,
          0.0,
          1.0
        ]
      ]
    },
    {
      "file_path": "/media/NFS/ttao/scannet/posed_images/scene0355_00/00037.jpg",
      "transform_matrix": [
        [
          0.310887,
          -0.325502,
          0.892972,
          1.691076
        ],
        [
          -0.949612,
          -0.066996,
          0.306185,
          6.464571
        ],
        [
          -0.039838,
          -0.943165,
          -0.329928,
          1.974805
        ],
        [
          0.0,
          0.0,
          0.0,
          1.0
        ]
      ]
    },
    {
      "file_path": "/media/NFS/ttao/scannet/posed_images/scene0355_00/00039.jpg",
      "transform_matrix": [
        [
          0.298985,
          -0.313899,
          0.901152,
          1.713191
        ],
        [
          -0.953288,
          -0.055681,
          0.296887,
          6.495839
        ],
        [
          -0.043015,
          -0.947822,
          -0.315884,
          1.968167
        ],
        [
          0.0,
          0.0,
          0.0,
          1.0
        ]
      ]
    },
    {
      "file_path": "/media/NFS/ttao/scannet/posed_images/scene0355_00/00042.jpg",
      "transform_matrix": [
        [
          0.276781,
          -0.311118,
          0.909175,
          1.745492
        ],
        [
          -0.96003,
          -0.048514,
          0.275661,
          6.555759
        ],
        [
          -0.041656,
          -0.949132,
          -0.31211,
          1.976299
        ],
        [
          0.0,
          0.0,
          0.0,
          1.0
        ]
      ]
    },
    {
      "file_path": "/media/NFS/ttao/scannet/posed_images/scene0355_00/00046.jpg",
      "transform_matrix": [
        [
          0.247973,
          -0.312373,
          0.917024,
          1.800951
        ],
        [
          -0.968041,
          -0.043253,
          0.247035,
          6.642745
        ],
        [
          -0.037503,
          -0.948974,
          -0.313115,
          1.968276
        ],
        [
          0.0,
          0.0,
          0.0,
          1.0
        ]
      ]
    },
    {
      "file_path": "/media/NFS/ttao/scannet/posed_images/scene0355_00/00051.jpg",
      "transform_matrix": [
        [
          0.242775,
          -0.340284,
          0.908442,
          1.88118
        ],
        [
          -0.969508,
          -0.052886,
          0.239284,
          6.739639
        ],
        [
          -0.033381,
          -0.938834,
          -0.342747,
          1.976115
        ],
        [
          0.0,
          0.0,
          0.0,
          1.0
        ]
      ]
    },
    {
      "file_path": "/media/NFS/ttao/scannet/posed_images/scene0355_00/00055.jpg",
      "transform_matrix": [
        [
          0.232858,
          -0.348763,
          0.907823,
          1.923672
        ],
        [
          -0.971904,
          -0.050475,
          0.229904,
          6.819386
        ],
        [
          -0.03436,
          -0.935851,
          -0.350717,
          1.966758
        ],
        [
          0.0,
          0.0,
          0.0,
          1.0
        ]
      ]
    },
    {
      "file_path": "/media/NFS/ttao/scannet/posed_images/scene0355_00/00056.jpg",
      "transform_matrix": [
        [
          0.22519,
          -0.349724,
          0.909386,
          1.933907
        ],
        [
          -0.973786,
          -0.050026,
          0.221898,
          6.844805
        ],
        [
          -0.032111,
          -0.935516,
          -0.351822,
          1.9609
        ],
        [
          0.0,
          0.0,
          0.0,
          1.0
        ]
      ]
    },
    {
      "file_path": "/media/NFS/ttao/scannet/posed_images/scene0355_00/00060.jpg",
      "transform_matrix": [
        [
          0.180465,
          -0.355782,
          0.91698,
          1.970451
        ],
        [
          -0.983024,
          -0.033865,
          0.180324,
          6.954637
        ],
        [
          -0.033102,
          -0.933955,
          -0.355853,
          1.936506
        ],
        [
          0.0,
          0.0,
          0.0,
          1.0
        ]
      ]
    },
    {
      "file_path": "/media/NFS/ttao/scannet/posed_images/scene0355_00/00064.jpg",
      "transform_matrix": [
        [
          0.126129,
          -0.375715,
          0.918112,
          2.012665
        ],
        [
          -0.991294,
          -0.012475,
          0.131078,
          7.062005
        ],
        [
          -0.037794,
          -0.926651,
          -0.374017,
          1.914395
        ],
        [
          0.0,
          0.0,
          0.0,
          1.0
        ]
      ]
    },
    {
      "file_path": "/media/NFS/ttao/scannet/posed_images/scene0355_00/00067.jpg",
      "transform_matrix": [
        [
          0.081839,
          -0.398113,
          0.913679,
          2.044554
        ],
        [
          -0.99552,
          0.010909,
          0.093923,
          7.132756
        ],
        [
          -0.047359,
          -0.917271,
          -0.395437,
          1.901374
        ],
        [
          0.0,
          0.0,
          0.0,
          1.0
        ]
      ]
    },
    {
      "file_path": "/media/NFS/ttao/scannet/posed_images/scene0355_00/00074.jpg",
      "transform_matrix": [
        [
          -0.0186,
          -0.475723,
          0.879398,
          2.141748
        ],
        [
          -0.998439,
          0.05517,
          0.008728,
          7.284718
        ],
        [
          -0.052669,
          -0.877863,
          -0.476007,
          1.872021
        ],
        [
          0.0,
          0.0,
          0.0,
          1.0
        ]
      ]
    },
    {
      "file_path": "/media/NFS/ttao/scannet/posed_images/scene0355_00/00076.jpg",
      "transform_matrix": [
        [
          -0.040411,
          -0.482479,
          0.874975,
          2.167341
        ],
        [
          -0.997976,
          0.062524,
          -0.011615,
          7.316341
        ],
        [
          -0.049103,
          -0.873673,
          -0.484029,
          1.86092
        ],
        [
          0.0,
          0.0,
          0.0,
          1.0
        ]
      ]
    },
    {
      "file_path": "/media/NFS/ttao/scannet/posed_images/scene0355_00/00081.jpg",
      "transform_matrix": [
        [
          -0.110144,
          -0.495681,
          0.861492,
          2.269247
        ],
        [
          -0.99309,
          0.090203,
          -0.075068,
          7.405725
        ],
        [
          -0.040499,
          -0.863808,
          -0.502191,
          1.833287
        ],
        [
          0.0,
          0.0,
          0.0,
          1.0
        ]
      ]
    },
    {
      "file_path": "/media/NFS/ttao/scannet/posed_images/scene0355_00/00086.jpg",
      "transform_matrix": [
        [
          -0.177824,
          -0.496646,
          0.849542,
          2.380629
        ],
        [
          -0.983503,
          0.118806,
          -0.136409,
          7.491743
        ],
        [
          -0.033184,
          -0.859784,
          -0.509579,
          1.812574
        ],
        [
          0.0,
          0.0,
          0.0,
          1.0
        ]
      ]
    },
    {
      "file_path": "/media/NFS/ttao/scannet/posed_images/scene0355_00/00087.jpg",
      "transform_matrix": [
        [
          -0.185996,
          -0.501908,
          0.844686,
          2.403714
        ],
        [
          -0.982093,
          0.121198,
          -0.144237,
          7.500705
        ],
        [
          -0.029981,
          -0.856387,
          -0.515463,
          1.812624
        ],
        [
          0.0,
          0.0,
          0.0,
          1.0
        ]
      ]
    },
    {
      "file_path": "/media/NFS/ttao/scannet/posed_images/scene0355_00/00091.jpg",
      "transform_matrix": [
        [
          -0.236908,
          -0.524273,
          0.817932,
          2.507373
        ],
        [
          -0.97149,
          0.135695,
          -0.194408,
          7.576637
        ],
        [
          -0.009067,
          -0.84067,
          -0.541473,
          1.81112
        ],
        [
          0.0,
          0.0,
          0.0,
          1.0
        ]
      ]
    },
    {
      "file_path": "/media/NFS/ttao/scannet/posed_images/scene0355_00/00097.jpg",
      "transform_matrix": [
        [
          -0.29516,
          -0.517322,
          0.80328,
          2.636142
        ],
        [
          -0.955447,
          0.161117,
          -0.247311,
          7.653997
        ],
        [
          -0.001482,
          -0.840487,
          -0.541829,
          1.794689
        ],
        [
          0.0,
          0.0,
          0.0,
          1.0
        ]
      ]
    },
    {
      "file_path": "/media/NFS/ttao/scannet/posed_images/scene0355_00/00100.jpg",
      "transform_matrix": [
        [
          -0.321725,
          -0.50582,
          0.800399,
          2.708635
        ],
        [
          -0.946831,
          0.173762,
          -0.270774,
          7.69459
        ],
        [
          -0.002116,
          -0.844957,
          -0.53483,
          1.780732
        ],
        [
          0.0,
          0.0,
          0.0,
          1.0
        ]
      ]
    },
    {
      "file_path": "/media/NFS/ttao/scannet/posed_images/scene0355_00/00103.jpg",
      "transform_matrix": [
        [
          -0.34816,
          -0.504734,
          0.789955,
          2.781894
        ],
        [
          -0.937303,
          0.2016,
          -0.284291,
          7.738158
        ],
        [
          -0.015763,
          -0.839405,
          -0.543277,
          1.772061
        ],
        [
          0.0,
          0.0,
          0.0,
          1.0
        ]
      ]
    },
    {
      "file_path": "/media/NFS/ttao/scannet/posed_images/scene0355_00/00106.jpg",
      "transform_matrix": [
        [
          -0.363603,
          -0.505677,
          0.782357,
          2.852517
        ],
        [
          -0.930977,
          0.226791,
          -0.286089,
          7.772113
        ],
        [
          -0.032763,
          -0.83238,
          -0.553236,
          1.769411
        ],
        [
          0.0,
          0.0,
          0.0,
          1.0
        ]
      ]
    },
    {
      "file_path": "/media/NFS/ttao/scannet/posed_images/scene0355_00/00111.jpg",
      "transform_matrix": [
        [
          -0.433109,
          -0.502997,
          0.747938,
          3.005383
        ],
        [
          -0.899522,
          0.293901,
          -0.323236,
          7.81414
        ],
        [
          -0.057233,
          -0.812783,
          -0.579748,
          1.770278
        ],
        [
          0.0,
          0.0,
          0.0,
          1.0
        ]
      ]
    },
    {
      "file_path": "/media/NFS/ttao/scannet/posed_images/scene0355_00/00114.jpg",
      "transform_matrix": [
        [
          -0.457536,
          -0.483714,
          0.746111,
          3.071817
        ],
        [
          -0.887335,
          0.30256,
          -0.347985,
          7.822305
        ],
        [
          -0.057418,
          -0.821266,
          -0.567649,
          1.761558
        ],
        [
          0.0,
          0.0,
          0.0,
          1.0
        ]
      ]
    },
    {
      "file_path": "/media/NFS/ttao/scannet/posed_images/scene0355_00/00120.jpg",
      "transform_matrix": [
        [
          -0.502244,
          -0.473407,
          0.723628,
          3.221926
        ],
        [
          -0.863759,
          0.31423,
          -0.39393,
          7.817999
        ],
        [
          -0.040896,
          -0.822889,
          -0.566729,
          1.736043
        ],
        [
          0.0,
          0.0,
          0.0,
          1.0
        ]
      ]
    },
    {
      "file_path": "/media/NFS/ttao/scannet/posed_images/scene0355_00/00122.jpg",
      "transform_matrix": [
        [
          -0.509649,
          -0.469415,
          0.721046,
          3.2648
        ],
        [
          -0.859479,
          0.316163,
          -0.401668,
          7.808079
        ],
        [
          -0.039419,
          -0.824434,
          -0.564584,
          1.724013
        ],
        [
          0.0,
          0.0,
          0.0,
          1.0
        ]
      ]
    },
    {
      "file_path": "/media/NFS/ttao/scannet/posed_images/scene0355_00/00127.jpg",
      "transform_matrix": [
        [
          -0.514785,
          -0.480124,
          0.710266,
          3.373756
        ],
        [
          -0.856531,
          0.323559,
          -0.402076,
          7.767061
        ],
        [
          -0.036766,
          -0.815347,
          -0.577804,
          1.714361
        ],
        [
          0.0,
          0.0,
          0.0,
          1.0
        ]
      ]
    },
    {
      "file_path": "/media/NFS/ttao/scannet/posed_images/scene0355_00/00129.jpg",
      "transform_matrix": [
        [
          -0.506374,
          -0.484981,
          0.713007,
          3.406942
        ],
        [
          -0.861423,
          0.32208,
          -0.392702,
          7.746856
        ],
        [
          -0.039192,
          -0.813055,
          -0.580867,
          1.712247
        ],
        [
          0.0,
          0.0,
          0.0,
          1.0
        ]
      ]
    },
    {
      "file_path": "/media/NFS/ttao/scannet/posed_images/scene0355_00/00135.jpg",
      "transform_matrix": [
        [
          -0.491801,
          -0.480126,
          0.726369,
          3.477909
        ],
        [
          -0.869665,
          0.31168,
          -0.382803,
          7.683223
        ],
        [
          -0.0426,
          -0.81996,
          -0.570833,
          1.702825
        ],
        [
          0.0,
          0.0,
          0.0,
          1.0
        ]
      ]
    },
    {
      "file_path": "/media/NFS/ttao/scannet/posed_images/scene0355_00/00136.jpg",
      "transform_matrix": [
        [
          -0.492916,
          -0.479138,
          0.726264,
          3.489839
        ],
        [
          -0.869056,
          0.311541,
          -0.384297,
          7.667769
        ],
        [
          -0.04213,
          -0.820591,
          -0.569962,
          1.697305
        ],
        [
          0.0,
          0.0,
          0.0,
          1.0
        ]
      ]
    },
    {
      "file_path": "/media/NFS/ttao/scannet/posed_images/scene0355_00/00140.jpg",
      "transform_matrix": [
        [
          -0.518816,
          -0.47488,
          0.710858,
          3.538095
        ],
        [
          -0.854368,
          0.316963,
          -0.411812,
          7.61813
        ],
        [
          -0.029754,
          -0.820989,
          -0.570168,
          1.685701
        ],
        [
          0.0,
          0.0,
          0.0,
          1.0
        ]
      ]
    },
    {
      "file_path": "/media/NFS/ttao/scannet/posed_images/scene0355_00/00146.jpg",
      "transform_matrix": [
        [
          -0.596204,
          -0.488748,
          0.63692,
          3.598812
        ],
        [
          -0.802797,
          0.370417,
          -0.467234,
          7.512594
        ],
        [
          -0.007567,
          -0.789884,
          -0.613209,
          1.662048
        ],
        [
          0.0,
          0.0,
          0.0,
          1.0
        ]
      ]
    },
    {
      "file_path": "/media/NFS/ttao/scannet/posed_images/scene0355_00/00151.jpg",
      "transform_matrix": [
        [
          -0.626715,
          -0.491715,
          0.60452,
          3.618341
        ],
        [
          -0.779132,
          0.408845,
          -0.475184,
          7.423304
        ],
        [
          -0.0135,
          -0.768806,
          -0.63934,
          1.653794
        ],
        [
          0.0,
          0.0,
          0.0,
          1.0
        ]
      ]
    },
    {
      "file_path": "/media/NFS/ttao/scannet/posed_images/scene0355_00/00153.jpg",
      "transform_matrix": [
        [
          -0.622208,
          -0.497656,
          0.604314,
          3.614054
        ],
        [
          -0.78282,
          0.402408,
          -0.474616,
          7.382771
        ],
        [
          -0.006985,
          -0.768379,
          -0.639957,
          1.652525
        ],
        [
          0.0,
          0.0,
          0.0,
          1.0
        ]
      ]
    },
    {
      "file_path": "/media/NFS/ttao/scannet/posed_images/scene0355_00/00157.jpg",
      "transform_matrix": [
        [
          -0.591322,
          -0.513072,
          0.62217,
          3.589865
        ],
        [
          -0.80604,
          0.351868,
          -0.475909,
          7.299788
        ],
        [
          0.025254,
          -0.782909,
          -0.621624,
          1.648519
        ],
        [
          0.0,
          0.0,
          0.0,
          1.0
        ]
      ]
    },
    {
      "file_path": "/media/NFS/ttao/scannet/posed_images/scene0355_00/00162.jpg",
      "transform_matrix": [
        [
          -0.554487,
          -0.557424,
          0.617918,
          3.560252
        ],
        [
          -0.829265,
          0.307873,
          -0.466406,
          7.202788
        ],
        [
          0.069746,
          -0.771034,
          -0.632963,
          1.643416
        ],
        [
          0.0,
          0.0,
          0.0,
          1.0
        ]
      ]
    },
    {
      "file_path": "/media/NFS/ttao/scannet/posed_images/scene0355_00/00165.jpg",
      "transform_matrix": [
        [
          -0.527319,
          -0.575969,
          0.624656,
          3.535212
        ],
        [
          -0.84625,
          0.29015,
          -0.446848,
          7.134696
        ],
        [
          0.076127,
          -0.764247,
          -0.640415,
          1.641734
        ],
        [
          0.0,
          0.0,
          0.0,
          1.0
        ]
      ]
    },
    {
      "file_path": "/media/NFS/ttao/scannet/posed_images/scene0355_00/00167.jpg",
      "transform_matrix": [
        [
          -0.510442,
          -0.585455,
          0.629834,
          3.52314
        ],
        [
          -0.857106,
          0.287263,
          -0.427609,
          7.089121
        ],
        [
          0.069418,
          -0.758104,
          -0.648428,
          1.641666
        ],
        [
          0.0,
          0.0,
          0.0,
          1.0
        ]
      ]
    },
    {
      "file_path": "/media/NFS/ttao/scannet/posed_images/scene0355_00/00170.jpg",
      "transform_matrix": [
        [
          -0.484488,
          -0.594359,
          0.641879,
          3.503613
        ],
        [
          -0.872922,
          0.280445,
          -0.399196,
          7.016786
        ],
        [
          0.057254,
          -0.753717,
          -0.654701,
          1.638297
        ],
        [
          0.0,
          0.0,
          0.0,
          1.0
        ]
      ]
    },
    {
      "file_path": "/media/NFS/ttao/scannet/posed_images/scene0355_00/00177.jpg",
      "transform_matrix": [
        [
          -0.383281,
          -0.627456,
          0.677787,
          3.467997
        ],
        [
          -0.921373,
          0.208451,
          -0.328055,
          6.85639
        ],
        [
          0.064555,
          -0.750232,
          -0.658016,
          1.625184
        ],
        [
          0.0,
          0.0,
          0.0,
          1.0
        ]
      ]
    },
    {
      "file_path": "/media/NFS/ttao/scannet/posed_images/scene0355_00/00178.jpg",
      "transform_matrix": [
        [
          -0.36452,
          -0.632752,
          0.683191,
          3.460983
        ],
        [
          -0.929163,
          0.198705,
          -0.311724,
          6.834059
        ],
        [
          0.06149,
          -0.748426,
          -0.660362,
          1.623852
        ],
        [
          0.0,
          0.0,
          0.0,
          1.0
        ]
      ]
    },
    {
      "file_path": "/media/NFS/ttao/scannet/posed_images/scene0355_00/00184.jpg",
      "transform_matrix": [
        [
          -0.219967,
          -0.675494,
          0.703791,
          3.415598
        ],
        [
          -0.975302,
          0.137479,
          -0.172875,
          6.694569
        ],
        [
          0.020019,
          -0.724436,
          -0.689052,
          1.652882
        ],
        [
          0.0,
          0.0,
          0.0,
          1.0
        ]
      ]
    },
    {
      "file_path": "/media/NFS/ttao/scannet/posed_images/scene0355_00/00187.jpg",
      "transform_matrix": [
        [
          -0.158814,
          -0.689131,
          0.70702,
          3.392411
        ],
        [
          -0.987008,
          0.093154,
          -0.130908,
          6.62497
        ],
        [
          0.024351,
          -0.718624,
          -0.694972,
          1.662035
        ],
        [
          0.0,
          0.0,
          0.0,
          1.0
        ]
      ]
    },
    {
      "file_path": "/media/NFS/ttao/scannet/posed_images/scene0355_00/00189.jpg",
      "transform_matrix": [
        [
          -0.120889,
          -0.69353,
          0.710213,
          3.377694
        ],
        [
          -0.992056,
          0.059325,
          -0.110931,
          6.578596
        ],
        [
          0.034801,
          -0.717981,
          -0.695192,
          1.664402
        ],
        [
          0.0,
          0.0,
          0.0,
          1.0
        ]
      ]
    },
    {
      "file_path": "/media/NFS/ttao/scannet/posed_images/scene0355_00/00193.jpg",
      "transform_matrix": [
        [
          -0.025527,
          -0.682492,
          0.730448,
          3.332966
        ],
        [
          -0.998204,
          -0.02221,
          -0.055636,
          6.465318
        ],
        [
          0.054195,
          -0.730556,
          -0.680699,
          1.658189
        ],
        [
          0.0,
          0.0,
          0.0,
          1.0
        ]
      ]
    },
    {
      "file_path": "/media/NFS/ttao/scannet/posed_images/scene0355_00/00200.jpg",
      "transform_matrix": [
        [
          0.143744,
          -0.712238,
          0.687063,
          3.270635
        ],
        [
          -0.986683,
          -0.156552,
          0.04414,
          6.266681
        ],
        [
          0.076123,
          -0.684258,
          -0.725256,
          1.657154
        ],
        [
          0.0,
          0.0,
          0.0,
          1.0
        ]
      ]
    },
    {
      "file_path": "/media/NFS/ttao/scannet/posed_images/scene0355_00/00202.jpg",
      "transform_matrix": [
        [
          0.184396,
          -0.710442,
          0.679169,
          3.266022
        ],
        [
          -0.97927,
          -0.191743,
          0.065301,
          6.227596
        ],
        [
          0.083833,
          -0.677131,
          -0.731071,
          1.665934
        ],
        [
          0.0,
          0.0,
          0.0,
          1.0
        ]
      ]
    },
    {
      "file_path": "/media/NFS/ttao/scannet/posed_images/scene0355_00/00204.jpg",
      "transform_matrix": [
        [
          0.220385,
          -0.699657,
          0.67964,
          3.266116
        ],
        [
          -0.972076,
          -0.21513,
          0.093745,
          6.189398
        ],
        [
          0.080621,
          -0.681322,
          -0.72753,
          1.678556
        ],
        [
          0.0,
          0.0,
          0.0,
          1.0
        ]
      ]
    },
    {
      "file_path": "/media/NFS/ttao/scannet/posed_images/scene0355_00/00209.jpg",
      "transform_matrix": [
        [
          0.325384,
          -0.641247,
          0.69493,
          3.269644
        ],
        [
          -0.944269,
          -0.259066,
          0.203078,
          6.048764
        ],
        [
          0.04981,
          -0.722279,
          -0.689806,
          1.687261
        ],
        [
          0.0,
          0.0,
          0.0,
          1.0
        ]
      ]
    },
    {
      "file_path": "/media/NFS/ttao/scannet/posed_images/scene0355_00/00215.jpg",
      "transform_matrix": [
        [
          0.390905,
          -0.609642,
          0.689587,
          3.313833
        ],
        [
          -0.918479,
          -0.307134,
          0.24913,
          5.911188
        ],
        [
          0.059915,
          -0.730757,
          -0.680004,
          1.673944
        ],
        [
          0.0,
          0.0,
          0.0,
          1.0
        ]
      ]
    },
    {
      "file_path": "/media/NFS/ttao/scannet/posed_images/scene0355_00/00216.jpg",
      "transform_matrix": [
        [
          0.400351,
          -0.61262,
          0.68148,
          3.33149
        ],
        [
          -0.914556,
          -0.313791,
          0.255192,
          5.897413
        ],
        [
          0.057507,
          -0.725418,
          -0.685902,
          1.683416
        ],
        [
          0.0,
          0.0,
          0.0,
          1.0
        ]
      ]
    },
    {
      "file_path": "/media/NFS/ttao/scannet/posed_images/scene0355_00/00220.jpg",
      "transform_matrix": [
        [
          0.428134,
          -0.612877,
          0.66414,
          3.379284
        ],
        [
          -0.902774,
          -0.323575,
          0.283369,
          5.81446
        ],
        [
          0.041229,
          -0.720889,
          -0.691824,
          1.700618
        ],
        [
          0.0,
          0.0,
          0.0,
          1.0
        ]
      ]
    },
    {
      "file_path": "/media/NFS/ttao/scannet/posed_images/scene0355_00/00226.jpg",
      "transform_matrix": [
        [
          0.507265,
          -0.543125,
          0.669102,
          3.438688
        ],
        [
          -0.861642,
          -0.334016,
          0.382107,
          5.684586
        ],
        [
          0.015959,
          -0.770356,
          -0.637414,
          1.723529
        ],
        [
          0.0,
          0.0,
          0.0,
          1.0
        ]
      ]
    },
    {
      "file_path": "/media/NFS/ttao/scannet/posed_images/scene0355_00/00228.jpg",
      "transform_matrix": [
        [
          0.539665,
          -0.519671,
          0.662348,
          3.459281
        ],
        [
          -0.841672,
          -0.350549,
          0.410736,
          5.637891
        ],
        [
          0.018738,
          -0.779139,
          -0.626571,
          1.715629
        ],
        [
          0.0,
          0.0,
          0.0,
          1.0
        ]
      ]
    },
    {
      "file_path": "/media/NFS/ttao/scannet/posed_images/scene0355_00/00234.jpg",
      "transform_matrix": [
        [
          0.625358,
          -0.507606,
          0.592675,
          3.541953
        ],
        [
          -0.780169,
          -0.422499,
          0.461336,
          5.513565
        ],
        [
          0.016227,
          -0.750887,
          -0.660231,
          1.703252
        ],
        [
          0.0,
          0.0,
          0.0,
          1.0
        ]
      ]
    },
    {
      "file_path": "/media/NFS/ttao/scannet/posed_images/scene0355_00/00236.jpg",
      "transform_matrix": [
        [
          0.651903,
          -0.486274,
          0.581859,
          3.56901
        ],
        [
          -0.757964,
          -0.440779,
          0.480838,
          5.469909
        ],
        [
          0.022652,
          -0.754488,
          -0.655923,
          1.69542
        ],
        [
          0.0,
          0.0,
          0.0,
          1.0
        ]
      ]
    },
    {
      "file_path": "/media/NFS/ttao/scannet/posed_images/scene0355_00/00241.jpg",
      "transform_matrix": [
        [
          0.695586,
          -0.467486,
          0.545543,
          3.665672
        ],
        [
          -0.718035,
          -0.477937,
          0.505966,
          5.394401
        ],
        [
          0.024203,
          -0.743662,
          -0.668118,
          1.694139
        ],
        [
          0.0,
          0.0,
          0.0,
          1.0
        ]
      ]
    },
    {
      "file_path": "/media/NFS/ttao/scannet/posed_images/scene0355_00/00244.jpg",
      "transform_matrix": [
        [
          0.724225,
          -0.441282,
          0.529877,
          3.729489
        ],
        [
          -0.689328,
          -0.483418,
          0.539568,
          5.346612
        ],
        [
          0.01805,
          -0.756027,
          -0.654291,
          1.684418
        ],
        [
          0.0,
          0.0,
          0.0,
          1.0
        ]
      ]
    },
    {
      "file_path": "/media/NFS/ttao/scannet/posed_images/scene0355_00/00248.jpg",
      "transform_matrix": [
        [
          0.76095,
          -0.402924,
          0.508535,
          3.820948
        ],
        [
          -0.647902,
          -0.513383,
          0.562726,
          5.298478
        ],
        [
          0.034337,
          -0.757687,
          -0.651714,
          1.66848
        ],
        [
          0.0,
          0.0,
          0.0,
          1.0
        ]
      ]
    },
    {
      "file_path": "/media/NFS/ttao/scannet/posed_images/scene0355_00/00252.jpg",
      "transform_matrix": [
        [
          0.799031,
          -0.375536,
          0.469598,
          3.923129
        ],
        [
          -0.600312,
          -0.542754,
          0.587404,
          5.254941
        ],
        [
          0.034285,
          -0.75126,
          -0.659116,
          1.66494
        ],
        [
          0.0,
          0.0,
          0.0,
          1.0
        ]
      ]
    },
    {
      "file_path": "/media/NFS/ttao/scannet/posed_images/scene0355_00/00254.jpg",
      "transform_matrix": [
        [
          0.812274,
          -0.376045,
          0.445871,
          3.972661
        ],
        [
          -0.582661,
          -0.558205,
          0.590689,
          5.240092
        ],
        [
          0.026761,
          -0.739593,
          -0.672522,
          1.665954
        ],
        [
          0.0,
          0.0,
          0.0,
          1.0
        ]
      ]
    },
    {
      "file_path": "/media/NFS/ttao/scannet/posed_images/scene0355_00/00260.jpg",
      "transform_matrix": [
        [
          0.866939,
          -0.315059,
          0.386206,
          4.128222
        ],
        [
          -0.498399,
          -0.554102,
          0.666761,
          5.191078
        ],
        [
          0.003928,
          -0.770525,
          -0.637397,
          1.674911
        ],
        [
          0.0,
          0.0,
          0.0,
          1.0
        ]
      ]
    },
    {
      "file_path": "/media/NFS/ttao/scannet/posed_images/scene0355_00/00265.jpg",
      "transform_matrix": [
        [
          0.90863,
          -0.25212,
          0.332908,
          4.255697
        ],
        [
          -0.417571,
          -0.558354,
          0.716851,
          5.151946
        ],
        [
          0.005147,
          -0.790365,
          -0.612615,
          1.654653
        ],
        [
          0.0,
          0.0,
          0.0,
          1.0
        ]
      ]
    },
    {
      "file_path": "/media/NFS/ttao/scannet/posed_images/scene0355_00/00266.jpg",
      "transform_matrix": [
        [
          0.91578,
          -0.240109,
          0.322017,
          4.27909
        ],
        [
          -0.401618,
          -0.561422,
          0.723539,
          5.143652
        ],
        [
          0.007058,
          -0.79193,
          -0.610571,
          1.648543
        ],
        [
          0.0,
          0.0,
          0.0,
          1.0
        ]
      ]
    },
    {
      "file_path": "/media/NFS/ttao/scannet/posed_images/scene0355_00/00272.jpg",
      "transform_matrix": [
        [
          0.951533,
          -0.182314,
          0.247683,
          4.417039
        ],
        [
          -0.307081,
          -0.607548,
          0.732521,
          5.118853
        ],
        [
          0.01693,
          -0.773076,
          -0.634087,
          1.63395
        ],
        [
          0.0,
          0.0,
          0.0,
          1.0
        ]
      ]
    },
    {
      "file_path": "/media/NFS/ttao/scannet/posed_images/scene0355_00/00273.jpg",
      "transform_matrix": [
        [
          0.955533,
          -0.175773,
          0.236772,
          4.438021
        ],
        [
          -0.294416,
          -0.613943,
          0.732389,
          5.122648
        ],
        [
          0.016631,
          -0.769531,
          -0.638392,
          1.637804
        ],
        [
          0.0,
          0.0,
          0.0,
          1.0
        ]
      ]
    },
    {
      "file_path": "/media/NFS/ttao/scannet/posed_images/scene0355_00/00278.jpg",
      "transform_matrix": [
        [
          0.968056,
          -0.149959,
          0.200946,
          4.531942
        ],
        [
          -0.250668,
          -0.597067,
          0.762022,
          5.133059
        ],
        [
          0.005706,
          -0.788051,
          -0.615584,
          1.636081
        ],
        [
          0.0,
          0.0,
          0.0,
          1.0
        ]
      ]
    },
    {
      "file_path": "/media/NFS/ttao/scannet/posed_images/scene0355_00/00281.jpg",
      "transform_matrix": [
        [
          0.971698,
          -0.136182,
          0.193022,
          4.592013
        ],
        [
          -0.236095,
          -0.587153,
          0.774281,
          5.144323
        ],
        [
          0.007891,
          -0.797938,
          -0.602687,
          1.624917
        ],
        [
          0.0,
          0.0,
          0.0,
          1.0
        ]
      ]
    },
    {
      "file_path": "/media/NFS/ttao/scannet/posed_images/scene0355_00/00286.jpg",
      "transform_matrix": [
        [
          0.976359,
          -0.115592,
          0.182655,
          4.673202
        ],
        [
          -0.215123,
          -0.602183,
          0.768829,
          5.179286
        ],
        [
          0.021121,
          -0.789946,
          -0.612813,
          1.607682
        ],
        [
          0.0,
          0.0,
          0.0,
          1.0
        ]
      ]
    },
    {
      "file_path": "/media/NFS/ttao/scannet/posed_images/scene0355_00/00289.jpg",
      "transform_matrix": [
        [
          0.982793,
          -0.109285,
          0.148914,
          4.715047
        ],
        [
          -0.184372,
          -0.629279,
          0.754993,
          5.207351
        ],
        [
          0.011199,
          -0.769458,
          -0.6386,
          1.605841
        ],
        [
          0.0,
          0.0,
          0.0,
          1.0
        ]
      ]
    },
    {
      "file_path": "/media/NFS/ttao/scannet/posed_images/scene0355_00/00294.jpg",
      "transform_matrix": [
        [
          0.995179,
          -0.05508,
          0.081143,
          4.794541
        ],
        [
          -0.097723,
          -0.62663,
          0.773166,
          5.249289
        ],
        [
          0.008261,
