{
  "frames": [
    {
      "file_path": "/media/NFS/ttao/scannet/posed_images/scene0040_00/00006.jpg",
      "transform_matrix": [
        [
          -0.780518,
          0.159387,
          -0.604473,
          5.112108
        ],
        [
          0.625094,
          0.188112,
          -0.757543,
          3.154782
        ],
        [
          -0.007034,
          -0.969128,
          -0.246457,
          1.380635
        ],
        [
          0.0,
          0.0,
          0.0,
          1.0
        ]
      ]
    },
    {
      "file_path": "/media/NFS/ttao/scannet/posed_images/scene0040_00/00009.jpg",
      "transform_matrix": [
        [
          -0.782732,
          0.165019,
          -0.600083,
          5.104394
        ],
        [
          0.622288,
          0.192888,
          -0.758652,
          3.153102
        ],
        [
          -0.009443,
          -0.967245,
          -0.253669,
          1.37449
        ],
        [
          0.0,
          0.0,
          0.0,
          1.0
        ]
      ]
    },
    {
      "file_path": "/media/NFS/ttao/scannet/posed_images/scene0040_00/00024.jpg",
      "transform_matrix": [
        [
          -0.861209,
          0.09991,
          -0.498335,
          5.018578
        ],
        [
          0.50816,
          0.150688,
          -0.847978,
          3.17187
        ],
        [
          -0.009628,
          -0.98352,
          -0.180544,
          1.454395
        ],
        [
          0.0,
          0.0,
          0.0,
          1.0
        ]
      ]
    },
    {
      "file_path": "/media/NFS/ttao/scannet/posed_images/scene0040_00/00035.jpg",
      "transform_matrix": [
        [
          -0.878209,
          0.069214,
          -0.473243,
          4.895213
        ],
        [
          0.478177,
          0.14736,
          -0.865813,
          3.193522
        ],
        [
          0.009811,
          -0.986658,
          -0.162509,
          1.456757
        ],
        [
          0.0,
          0.0,
          0.0,
          1.0
        ]
      ]
    },
    {
      "file_path": "/media/NFS/ttao/scannet/posed_images/scene0040_00/00041.jpg",
      "transform_matrix": [
        [
          -0.864313,
          0.071148,
          -0.497896,
          4.868424
        ],
        [
          0.502702,
          0.153523,
          -0.850718,
          3.146929
        ],
        [
          0.015911,
          -0.98558,
          -0.168458,
          1.448195
        ],
        [
          0.0,
          0.0,
          0.0,
          1.0
        ]
      ]
    },
    {
      "file_path": "/media/NFS/ttao/scannet/posed_images/scene0040_00/00050.jpg",
      "transform_matrix": [
        [
          -0.894358,
          0.057012,
          -0.443705,
          4.773108
        ],
        [
          0.446849,
          0.160899,
          -0.880021,
          3.077262
        ],
        [
          0.02122,
          -0.985323,
          -0.169377,
          1.40981
        ],
        [
          0.0,
          0.0,
          0.0,
          1.0
        ]
      ]
    },
    {
      "file_path": "/media/NFS/ttao/scannet/posed_images/scene0040_00/00062.jpg",
      "transform_matrix": [
        [
          -0.913792,
          0.112421,
          -0.390315,
          4.663049
        ],
        [
          0.406116,
          0.270239,
          -0.872949,
          3.024911
        ],
        [
          0.007341,
          -0.956207,
          -0.292599,
          1.335324
        ],
        [
          0.0,
          0.0,
          0.0,
          1.0
        ]
      ]
    },
    {
      "file_path": "/media/NFS/ttao/scannet/posed_images/scene0040_00/00071.jpg",
      "transform_matrix": [
        [
          -0.910597,
          0.15271,
          -0.384047,
          4.620987
        ],
        [
          0.413285,
          0.330126,
          -0.848653,
          3.050787
        ],
        [
          -0.002814,
          -0.931502,
          -0.363725,
          1.300934
        ],
        [
          0.0,
          0.0,
          0.0,
          1.0
        ]
      ]
    },
    {
      "file_path": "/media/NFS/ttao/scannet/posed_images/scene0040_00/00077.jpg",
      "transform_matrix": [
        [
          -0.919084,
          0.168259,
          -0.356334,
          4.60943
        ],
        [
          0.393961,
          0.37178,
          -0.840579,
          3.083074
        ],
        [
          -0.008957,
          -0.912945,
          -0.407985,
          1.268267
        ],
        [
          0.0,
          0.0,
          0.0,
          1.0
        ]
      ]
    },
    {
      "file_path": "/media/NFS/ttao/scannet/posed_images/scene0040_00/00088.jpg",
      "transform_matrix": [
        [
          -0.912397,
          0.211715,
          -0.350299,
          4.630416
        ],
        [
          0.409119,
          0.445729,
          -0.796208,
          3.121089
        ],
        [
          -0.012431,
          -0.869772,
          -0.493298,
          1.230186
        ],
        [
          0.0,
          0.0,
          0.0,
          1.0
        ]
      ]
    },
    {
      "file_path": "/media/NFS/ttao/scannet/posed_images/scene0040_00/00100.jpg",
      "transform_matrix": [
        [
          -0.872898,
          0.227676,
          -0.431524,
          4.703293
        ],
        [
          0.487489,
          0.44342,
          -0.752152,
          3.140943
        ],
        [
          0.020099,
          -0.866915,
          -0.49805,
          1.236527
        ],
        [
          0.0,
          0.0,
          0.0,
          1.0
        ]
      ]
    },
    {
      "file_path": "/media/NFS/ttao/scannet/posed_images/scene0040_00/00112.jpg",
      "transform_matrix": [
        [
          -0.791444,
          0.293022,
          -0.536428,
          4.860149
        ],
        [
          0.611019,
          0.402965,
          -0.681377,
          3.120469
        ],
        [
          0.016504,
          -0.867039,
          -0.497967,
          1.25165
        ],
        [
          0.0,
          0.0,
          0.0,
          1.0
        ]
      ]
    },
    {
      "file_path": "/media/NFS/ttao/scannet/posed_images/scene0040_00/00124.jpg",
      "transform_matrix": [
        [
          -0.763938,
          0.23022,
          -0.602824,
          4.947659
        ],
        [
          0.644009,
          0.330822,
          -0.689789,
          3.152337
        ],
        [
          0.040625,
          -0.91518,
          -0.400992,
          1.321944
        ],
        [
          0.0,
          0.0,
          0.0,
          1.0
        ]
      ]
    },
    {
      "file_path": "/media/NFS/ttao/scannet/posed_images/scene0040_00/00133.jpg",
      "transform_matrix": [
        [
          -0.702138,
          0.205091,
          -0.681865,
          4.995219
        ],
        [
          0.711104,
          0.251081,
          -0.656727,
          3.198833
        ],
        [
          0.036515,
          -0.945989,
          -0.322135,
          1.359823
        ],
        [
          0.0,
          0.0,
          0.0,
          1.0
        ]
      ]
    },
    {
      "file_path": "/media/NFS/ttao/scannet/posed_images/scene0040_00/00142.jpg",
      "transform_matrix": [
        [
          -0.648698,
          0.202343,
          -0.733654,
          5.039044
        ],
        [
          0.760027,
          0.222103,
          -0.610761,
          3.232416
        ],
        [
          0.039363,
          -0.953796,
          -0.297864,
          1.38664
        ],
        [
          0.0,
          0.0,
          0.0,
          1.0
        ]
      ]
    },
    {
      "file_path": "/media/NFS/ttao/scannet/posed_images/scene0040_00/00144.jpg",
      "transform_matrix": [
        [
          -0.649483,
          0.206538,
          -0.731788,
          5.039823
        ],
        [
          0.759663,
          0.21794,
          -0.612711,
          3.23565
        ],
        [
          0.032938,
          -0.953858,
          -0.298448,
          1.412749
        ],
        [
          0.0,
          0.0,
          0.0,
          1.0
        ]
      ]
    },
    {
      "file_path": "/media/NFS/ttao/scannet/posed_images/scene0040_00/00159.jpg",
      "transform_matrix": [
        [
          -0.583384,
          0.13748,
          -0.800476,
          5.073468
        ],
        [
          0.810378,
          0.164433,
          -0.56236,
          3.216905
        ],
        [
          0.054312,
          -0.97676,
          -0.207339,
          1.457925
        ],
        [
          0.0,
          0.0,
          0.0,
          1.0
        ]
      ]
    },
    {
      "file_path": "/media/NFS/ttao/scannet/posed_images/scene0040_00/00171.jpg",
      "transform_matrix": [
        [
          -0.585846,
          0.194504,
          -0.786735,
          5.053014
        ],
        [
          0.809572,
          0.18492,
          -0.557134,
          3.096487
        ],
        [
          0.037118,
          -0.963313,
          -0.2658,
          1.434054
        ],
        [
          0.0,
          0.0,
          0.0,
          1.0
        ]
      ]
    },
    {
      "file_path": "/media/NFS/ttao/scannet/posed_images/scene0040_00/00177.jpg",
      "transform_matrix": [
        [
          -0.592095,
          0.200115,
          -0.780626,
          5.035644
        ],
        [
          0.805654,
          0.169309,
          -0.567676,
          3.058158
        ],
        [
          0.018567,
          -0.965033,
          -0.261471,
          1.433924
        ],
        [
          0.0,
          0.0,
          0.0,
          1.0
        ]
      ]
    },
    {
      "file_path": "/media/NFS/ttao/scannet/posed_images/scene0040_00/00189.jpg",
      "transform_matrix": [
        [
          -0.63177,
          0.186949,
          -0.752274,
          4.971785
        ],
        [
          0.775151,
          0.148949,
          -0.613967,
          2.979799
        ],
        [
          -0.00273,
          -0.971012,
          -0.239015,
          1.434033
        ],
        [
          0.0,
          0.0,
          0.0,
          1.0
        ]
      ]
    },
    {
      "file_path": "/media/NFS/ttao/scannet/posed_images/scene0040_00/00198.jpg",
      "transform_matrix": [
        [
          -0.682024,
          0.153682,
          -0.715,
          4.860547
        ],
        [
          0.731258,
          0.129578,
          -0.66968,
          2.942142
        ],
        [
          -0.01027,
          -0.979587,
          -0.200757,
          1.437492
        ],
        [
          0.0,
          0.0,
          0.0,
          1.0
        ]
      ]
    },
    {
      "file_path": "/media/NFS/ttao/scannet/posed_images/scene0040_00/00209.jpg",
      "transform_matrix": [
        [
          -0.618344,
          0.180969,
          -0.764788,
          4.741963
        ],
        [
          0.785175,
          0.184253,
          -0.591228,
          2.865042
        ],
        [
          0.033921,
          -0.966075,
          -0.256024,
          1.419308
        ],
        [
          0.0,
          0.0,
          0.0,
          1.0
        ]
      ]
    },
    {
      "file_path": "/media/NFS/ttao/scannet/posed_images/scene0040_00/00221.jpg",
      "transform_matrix": [
        [
          -0.480907,
          0.224686,
          -0.847493,
          4.70275
        ],
        [
          0.876101,
          0.160955,
          -0.454468,
          2.783766
        ],
        [
          0.034296,
          -0.961046,
          -0.274252,
          1.417604
        ],
        [
          0.0,
          0.0,
          0.0,
          1.0
        ]
      ]
    },
    {
      "file_path": "/media/NFS/ttao/scannet/posed_images/scene0040_00/00230.jpg",
      "transform_matrix": [
        [
          -0.38225,
          0.277605,
          -0.881374,
          4.738873
        ],
        [
          0.924048,
          0.119379,
          -0.363157,
          2.719917
        ],
        [
          0.004403,
          -0.953249,
          -0.302153,
          1.408105
        ],
        [
          0.0,
          0.0,
          0.0,
          1.0
        ]
      ]
    },
    {
      "file_path": "/media/NFS/ttao/scannet/posed_images/scene0040_00/00236.jpg",
      "transform_matrix": [
        [
          -0.355887,
          0.293184,
          -0.887349,
          4.77009
        ],
        [
          0.93442,
          0.126137,
          -0.333089,
          2.705443
        ],
        [
          0.014271,
          -0.947698,
          -0.318848,
          1.406501
        ],
        [
          0.0,
          0.0,
          0.0,
          1.0
        ]
      ]
    },
    {
      "file_path": "/media/NFS/ttao/scannet/posed_images/scene0040_00/00245.jpg",
      "transform_matrix": [
        [
          -0.317539,
          0.267149,
          -0.909835,
          4.832996
        ],
        [
          0.947635,
          0.123805,
          -0.29438,
          2.760881
        ],
        [
          0.033999,
          -0.955669,
          -0.292473,
          1.411367
        ],
        [
          0.0,
          0.0,
          0.0,
          1.0
        ]
      ]
    },
    {
      "file_path": "/media/NFS/ttao/scannet/posed_images/scene0040_00/00259.jpg",
      "transform_matrix": [
        [
          -0.203549,
          0.305537,
          -0.930169,
          4.923952
        ],
        [
          0.978823,
          0.084616,
          -0.186401,
          2.847492
        ],
        [
          0.021754,
          -0.948413,
          -0.31629,
          1.393833
        ],
        [
          0.0,
          0.0,
          0.0,
          1.0
        ]
      ]
    },
    {
      "file_path": "/media/NFS/ttao/scannet/posed_images/scene0040_00/00271.jpg",
      "transform_matrix": [
        [
          -0.142559,
          0.356449,
          -0.923375,
          4.961926
        ],
        [
          0.989779,
          0.047867,
          -0.134333,
          2.876354
        ],
        [
          -0.003684,
          -0.933088,
          -0.35963,
          1.355606
        ],
        [
          0.0,
          0.0,
          0.0,
          1.0
        ]
      ]
    },
    {
      "file_path": "/media/NFS/ttao/scannet/posed_images/scene0040_00/00277.jpg",
      "transform_matrix": [
        [
          -0.117401,
          0.387224,
          -0.914481,
          4.975109
        ],
        [
          0.993083,
          0.044102,
          -0.108817,
          2.857246
        ],
        [
          -0.001806,
          -0.92093,
          -0.389723,
          1.346589
        ],
        [
          0.0,
          0.0,
          0.0,
          1.0
        ]
      ]
    },
    {
      "file_path": "/media/NFS/ttao/scannet/posed_images/scene0040_00/00283.jpg",
      "transform_matrix": [
        [
          -0.060548,
          0.418022,
          -0.906417,
          4.98089
        ],
        [
          0.998081,
          0.013592,
          -0.060402,
          2.846599
        ],
        [
          -0.012929,
          -0.908335,
          -0.418043,
          1.337881
        ],
        [
          0.0,
          0.0,
          0.0,
          1.0
        ]
      ]
    },
    {
      "file_path": "/media/NFS/ttao/scannet/posed_images/scene0040_00/00298.jpg",
      "transform_matrix": [
        [
          0.097565,
          0.457608,
          -0.883785,
          4.977243
        ],
        [
          0.995223,
          -0.047889,
          0.085071,
          2.851468
        ],
        [
          -0.003394,
          -0.887863,
          -0.460095,
          1.325124
        ],
        [
          0.0,
          0.0,
          0.0,
          1.0
        ]
      ]
    },
    {
      "file_path": "/media/NFS/ttao/scannet/posed_images/scene0040_00/00304.jpg",
      "transform_matrix": [
        [
          0.13307,
          0.474961,
          -0.869887,
          4.959716
        ],
        [
          0.991105,
          -0.062146,
          0.117681,
          2.875926
        ],
        [
          0.001833,
          -0.877809,
          -0.479007,
          1.329868
        ],
        [
          0.0,
          0.0,
          0.0,
          1.0
        ]
      ]
    },
    {
      "file_path": "/media/NFS/ttao/scannet/posed_images/scene0040_00/00318.jpg",
      "transform_matrix": [
        [
          0.200028,
          0.380246,
          -0.902996,
          4.939569
        ],
        [
          0.979761,
          -0.070507,
          0.187342,
          2.900431
        ],
        [
          0.007568,
          -0.922194,
          -0.386653,
          1.400189
        ],
        [
          0.0,
          0.0,
          0.0,
          1.0
        ]
      ]
    },
    {
      "file_path": "/media/NFS/ttao/scannet/posed_images/scene0040_00/00330.jpg",
      "transform_matrix": [
        [
          0.281774,
          0.302059,
          -0.910694,
          4.917086
        ],
        [
          0.9594,
          -0.076384,
          0.271509,
          2.950989
        ],
        [
          0.01245,
          -0.950224,
          -0.311318,
          1.462869
        ],
        [
          0.0,
          0.0,
          0.0,
          1.0
        ]
      ]
    },
    {
      "file_path": "/media/NFS/ttao/scannet/posed_images/scene0040_00/00339.jpg",
      "transform_matrix": [
        [
          0.315099,
          0.252822,
          -0.914764,
          4.893519
        ],
        [
          0.948951,
          -0.069417,
          0.307689,
          2.961326
        ],
        [
          0.01429,
          -0.965019,
          -0.261789,
          1.487469
        ],
        [
          0.0,
          0.0,
          0.0,
          1.0
        ]
      ]
    },
    {
      "file_path": "/media/NFS/ttao/scannet/posed_images/scene0040_00/00345.jpg",
      "transform_matrix": [
        [
          0.29623,
          0.211556,
          -0.931392,
          4.878674
        ],
        [
          0.955116,
          -0.066135,
          0.288754,
          2.983312
        ],
        [
          -0.00051,
          -0.975126,
          -0.221652,
          1.483107
        ],
        [
          0.0,
          0.0,
          0.0,
          1.0
        ]
      ]
    },
    {
      "file_path": "/media/NFS/ttao/scannet/posed_images/scene0040_00/00357.jpg",
      "transform_matrix": [
        [
          0.265005,
          0.201716,
          -0.942912,
          4.799706
        ],
        [
          0.963996,
          -0.033106,
          0.263849,
          3.052406
        ],
        [
          0.022006,
          -0.978884,
          -0.203227,
          1.491765
        ],
        [
          0.0,
          0.0,
          0.0,
          1.0
        ]
      ]
    },
    {
      "file_path": "/media/NFS/ttao/scannet/posed_images/scene0040_00/00363.jpg",
      "transform_matrix": [
        [
          0.284461,
          0.210105,
          -0.935381,
          4.770576
        ],
        [
          0.957906,
          -0.022895,
          0.286168,
          3.104084
        ],
        [
          0.03871,
          -0.977411,
          -0.207774,
          1.490209
        ],
        [
          0.0,
          0.0,
          0.0,
          1.0
        ]
      ]
    },
    {
      "file_path": "/media/NFS/ttao/scannet/posed_images/scene0040_00/00377.jpg",
      "transform_matrix": [
        [
          0.421281,
          0.251946,
          -0.871232,
          4.74013
        ],
        [
          0.906608,
          -0.091379,
          0.411961,
          3.165386
        ],
        [
          0.024179,
          -0.963417,
          -0.266913,
          1.476408
        ],
        [
          0.0,
          0.0,
          0.0,
          1.0
        ]
      ]
    },
    {
      "file_path": "/media/NFS/ttao/scannet/posed_images/scene0040_00/00383.jpg",
      "transform_matrix": [
        [
          0.447582,
          0.249654,
          -0.858687,
          4.743608
        ],
        [
          0.894132,
          -0.109833,
          0.434125,
          3.159036
        ],
        [
          0.014069,
          -0.962086,
          -0.272383,
          1.469161
        ],
        [
          0.0,
          0.0,
          0.0,
          1.0
        ]
      ]
    },
    {
      "file_path": "/media/NFS/ttao/scannet/posed_images/scene0040_00/00392.jpg",
      "transform_matrix": [
        [
          0.526206,
          0.26647,
          -0.807527,
          4.715304
        ],
        [
          0.849868,
          -0.132603,
          0.51004,
          3.125674
        ],
        [
          0.02883,
          -0.954678,
          -0.296241,
          1.439688
        ],
        [
          0.0,
          0.0,
          0.0,
          1.0
        ]
      ]
    },
    {
      "file_path": "/media/NFS/ttao/scannet/posed_images/scene0040_00/00404.jpg",
      "transform_matrix": [
        [
          0.653954,
          0.267297,
          -0.70774,
          4.661899
        ],
        [
          0.756271,
          -0.206282,
          0.620889,
          3.07314
        ],
        [
          0.019968,
          -0.941276,
          -0.337047,
          1.430702
        ],
        [
          0.0,
          0.0,
          0.0,
          1.0
        ]
      ]
    },
    {
      "file_path": "/media/NFS/ttao/scannet/posed_images/scene0040_00/00413.jpg",
      "transform_matrix": [
        [
          0.739722,
          0.270571,
          -0.616119,
          4.634279
        ],
        [
          0.668818,
          -0.194777,
          0.717456,
          3.043045
        ],
        [
          0.074117,
          -0.94279,
          -0.325044,
          1.425038
        ],
        [
          0.0,
          0.0,
          0.0,
          1.0
        ]
      ]
    },
    {
      "file_path": "/media/NFS/ttao/scannet/posed_images/scene0040_00/00422.jpg",
      "transform_matrix": [
        [
          0.829407,
          0.242625,
          -0.503207,
          4.643528
        ],
        [
          0.551747,
          -0.214657,
          0.805914,
          3.0537
        ],
        [
          0.087518,
          -0.946074,
          -0.311906,
          1.421685
        ],
        [
          0.0,
          0.0,
          0.0,
          1.0
        ]
      ]
    },
    {
      "file_path": "/media/NFS/ttao/scannet/posed_images/scene0040_00/00430.jpg",
      "transform_matrix": [
        [
          0.901044,
          0.195683,
          -0.387075,
          4.638104
        ],
        [
          0.429299,
          -0.27518,
          0.86022,
          3.051346
        ],
        [
          0.061815,
          -0.941267,
          -0.331956,
          1.423296
        ],
        [
          0.0,
          0.0,
          0.0,
          1.0
        ]
      ]
    },
    {
      "file_path": "/media/NFS/ttao/scannet/posed_images/scene0040_00/00439.jpg",
      "transform_matrix": [
        [
          0.902544,
          0.200623,
          -0.381006,
          4.607078
        ],
        [
          0.42888,
          -0.339862,
          0.836992,
          3.00156
        ],
        [
          0.038431,
          -0.918827,
          -0.392784,
          1.385742
        ],
        [
          0.0,
          0.0,
          0.0,
          1.0
        ]
      ]
    },
    {
      "file_path": "/media/NFS/ttao/scannet/posed_images/scene0040_00/00454.jpg",
      "transform_matrix": [
        [
          0.859952,
          0.240746,
          -0.450028,
          4.527547
        ],
        [
          0.510359,
          -0.398474,
          0.762071,
          2.945381
        ],
        [
          0.004141,
          -0.88502,
          -0.465535,
          1.338132
        ],
        [
          0.0,
          0.0,
          0.0,
          1.0
        ]
      ]
    },
    {
      "file_path": "/media/NFS/ttao/scannet/posed_images/scene0040_00/00463.jpg",
      "transform_matrix": [
        [
          0.843326,
          0.294706,
          -0.449388,
          4.404312
        ],
        [
          0.53736,
          -0.451939,
          0.712036,
          2.929105
        ],
        [
          0.006745,
          -0.841962,
          -0.539495,
          1.29836
        ],
        [
          0.0,
          0.0,
          0.0,
          1.0
        ]
      ]
    },
    {
      "file_path": "/media/NFS/ttao/scannet/posed_images/scene0040_00/00472.jpg",
      "transform_matrix": [
        [
          0.832883,
          0.312092,
          -0.457061,
          4.290325
        ],
        [
          0.553086,
          -0.499293,
          0.666935,
          2.926418
        ],
        [
          -0.020062,
          -0.808273,
          -0.588466,
          1.279235
        ],
        [
          0.0,
          0.0,
          0.0,
          1.0
        ]
      ]
    },
    {
      "file_path": "/media/NFS/ttao/scannet/posed_images/scene0040_00/00481.jpg",
      "transform_matrix": [
        [
          0.838661,
          0.299665,
          -0.454806,
          4.197802
        ],
        [
          0.544049,
          -0.500237,
          0.673627,
          2.965296
        ],
        [
          -0.025648,
          -0.812382,
          -0.582562,
          1.301905
        ],
        [
          0.0,
          0.0,
          0.0,
          1.0
        ]
      ]
    },
    {
      "file_path": "/media/NFS/ttao/scannet/posed_images/scene0040_00/00489.jpg",
      "transform_matrix": [
        [
          0.844416,
          0.271196,
          -0.461968,
          4.103615
        ],
        [
          0.5349,
          -0.473629,
          0.699684,
          3.021398
        ],
        [
          -0.02905,
          -0.837931,
          -0.545002,
          1.320253
        ],
        [
          0.0,
          0.0,
          0.0,
          1.0
        ]
      ]
    },
    {
      "file_path": "/media/NFS/ttao/scannet/posed_images/scene0040_00/00501.jpg",
      "transform_matrix": [
        [
          0.905688,
          0.184457,
          -0.381713,
          3.96103
        ],
        [
          0.423667,
          -0.426417,
          0.799172,
          3.151349
        ],
        [
          -0.015356,
          -0.885519,
          -0.464349,
          1.34843
        ],
        [
          0.0,
          0.0,
          0.0,
          1.0
        ]
      ]
    },
    {
      "file_path": "/media/NFS/ttao/scannet/posed_images/scene0040_00/00516.jpg",
      "transform_matrix": [
        [
          0.970833,
          0.121608,
          -0.206628,
          3.769655
        ],
        [
          0.237305,
          -0.364431,
          0.900487,
          3.222385
        ],
        [
          0.034205,
          -0.923256,
          -0.38266,
          1.370069
        ],
        [
          0.0,
          0.0,
          0.0,
          1.0
        ]
      ]
    },
    {
      "file_path": "/media/NFS/ttao/scannet/posed_images/scene0040_00/00525.jpg",
      "transform_matrix": [
        [
          0.982053,
          0.064708,
          -0.177157,
          3.657532
        ],
        [
          0.188242,
          -0.394521,
          0.899398,
          3.233082
        ],
        [
          -0.011694,
          -0.916606,
          -0.399622,
          1.378927
        ],
        [
          0.0,
          0.0,
          0.0,
          1.0
        ]
      ]
    },
    {
      "file_path": "/media/NFS/ttao/scannet/posed_images/scene0040_00/00528.jpg",
      "transform_matrix": [
        [
          0.987259,
          0.052122,
          -0.150342,
          3.630016
        ],
        [
          0.158749,
          -0.387161,
          0.908243,
          3.23619
        ],
        [
          -0.010867,
          -0.920538,
          -0.390502,
          1.374376
        ],
        [
          0.0,
          0.0,
          0.0,
          1.0
        ]
      ]
    },
    {
      "file_path": "/media/NFS/ttao/scannet/posed_images/scene0040_00/00539.jpg",
      "transform_matrix": [
        [
          0.996893,
          0.053932,
          -0.057412,
          3.550321
        ],
        [
          0.073021,
          -0.359402,
          0.930321,
          3.288904
        ],
        [
          0.02954,
          -0.931623,
          -0.362224,
          1.37463
        ],
        [
          0.0,
          0.0,
          0.0,
          1.0
        ]
      ]
    },
    {
      "file_path": "/media/NFS/ttao/scannet/posed_images/scene0040_00/00551.jpg",
      "transform_matrix": [
        [
          0.999141,
          0.04094,
          0.00639,
          3.478038
        ],
        [
          0.005313,
          -0.27953,
          0.960122,
          3.387736
        ],
        [
          0.041093,
          -0.959264,
          -0.279507,
          1.397416
        ],
        [
          0.0,
          0.0,
          0.0,
          1.0
        ]
      ]
    },
    {
      "file_path": "/media/NFS/ttao/scannet/posed_images/scene0040_00/00557.jpg",
      "transform_matrix": [
        [
          0.99786,
          0.062504,
          0.019208,
          3.443066
        ],
        [
          -0.001346,
          -0.274045,
          0.961716,
          3.42505
        ],
        [
          0.065375,
          -0.959684,
          -0.273374,
          1.390287
        ],
        [
          0.0,
          0.0,
          0.0,
          1.0
        ]
      ]
    },
    {
      "file_path": "/media/NFS/ttao/scannet/posed_images/scene0040_00/00572.jpg",
      "transform_matrix": [
        [
          0.991853,
          0.022518,
          0.125384,
          3.297569
        ],
        [
          -0.111015,
          -0.32996,
          0.937444,
          3.540882
        ],
        [
          0.062481,
          -0.943726,
          -0.324772,
          1.37293
        ],
        [
          0.0,
          0.0,
          0.0,
          1.0
        ]
      ]
    },
    {
      "file_path": "/media/NFS/ttao/scannet/posed_images/scene0040_00/00584.jpg",
      "transform_matrix": [
        [
          0.987706,
          0.002516,
          0.156301,
          3.255355
        ],
        [
          -0.148061,
          -0.305666,
          0.940556,
          3.554541
        ],
        [
          0.050142,
          -0.952135,
          -0.301536,
          1.387848
        ],
        [
          0.0,
          0.0,
          0.0,
          1.0
        ]
      ]
    },
    {
      "file_path": "/media/NFS/ttao/scannet/posed_images/scene0040_00/00587.jpg",
      "transform_matrix": [
        [
          0.986985,
          4.6e-05,
          0.160809,
          3.249641
        ],
        [
          -0.15323,
          -0.303112,
          0.940555,
          3.555338
        ],
        [
          0.048786,
          -0.952955,
          -0.299161,
          1.384842
        ],
        [
          0.0,
          0.0,
          0.0,
          1.0
        ]
      ]
    },
    {
      "file_path": "/media/NFS/ttao/scannet/posed_images/scene0040_00/00604.jpg",
      "transform_matrix": [
        [
          0.987585,
          -0.000252,
          0.157087,
          3.276134
        ],
        [
          -0.153839,
          -0.203848,
          0.96684,
          3.522515
        ],
        [
          0.031778,
          -0.979002,
          -0.201356,
          1.479453
        ],
        [
          0.0,
          0.0,
          0.0,
          1.0
        ]
      ]
    },
    {
      "file_path": "/media/NFS/ttao/scannet/posed_images/scene0040_00/00613.jpg",
      "transform_matrix": [
        [
          0.987961,
          0.004929,
          0.154624,
          3.309573
        ],
        [
          -0.152527,
          -0.136007,
          0.978896,
          3.497976
        ],
        [
          0.025855,
          -0.990696,
          -0.133618,
          1.521598
        ],
        [
          0.0,
          0.0,
          0.0,
          1.0
        ]
      ]
    },
    {
      "file_path": "/media/NFS/ttao/scannet/posed_images/scene0040_00/00625.jpg",
      "transform_matrix": [
        [
          0.987074,
          -0.01513,
          0.159552,
          3.335164
        ],
        [
          -0.160268,
          -0.090592,
          0.982908,
          3.483109
        ],
        [
          -0.000417,
          -0.995773,
          -0.091845,
          1.549649
        ],
        [
          0.0,
          0.0,
          0.0,
          1.0
        ]
      ]
    },
    {
      "file_path": "/media/NFS/ttao/scannet/posed_images/scene0040_00/00628.jpg",
      "transform_matrix": [
        [
          0.987301,
          -0.02036,
          0.157554,
          3.33601
        ],
        [
          -0.158736,
          -0.086555,
          0.98352,
          3.483392
        ],
        [
          -0.006387,
          -0.996039,
          -0.088687,
          1.558584
        ],
        [
          0.0,
          0.0,
          0.0,
          1.0
        ]
      ]
    },
    {
      "file_path": "/media/NFS/ttao/scannet/posed_images/scene0040_00/00643.jpg",
      "transform_matrix": [
        [
          0.990412,
          -0.009407,
          0.137822,
          3.343954
        ],
        [
          -0.137809,
          0.001995,
          0.990457,
          3.467099
        ],
        [
          -0.009592,
          -0.999954,
          0.000679,
          1.625002
        ],
        [
          0.0,
          0.0,
          0.0,
          1.0
        ]
      ]
    },
    {
      "file_path": "/media/NFS/ttao/scannet/posed_images/scene0040_00/00649.jpg",
      "transform_matrix": [
        [
          0.985517,
          -0.011469,
          0.169186,
          3.327252
        ],
        [
          -0.168558,
          0.042835,
          0.98476,
          3.467614
        ],
        [
          -0.018542,
          -0.999016,
          0.040282,
          1.64993
        ],
        [
          0.0,
          0.0,
          0.0,
          1.0
        ]
      ]
    },
    {
      "file_path": "/media/NFS/ttao/scannet/posed_images/scene0040_00/00657.jpg",
      "transform_matrix": [
        [
          0.960681,
          -0.030897,
          0.275929,
          3.264683
        ],
        [
          -0.275107,
          0.028352,
          0.960995,
          3.515229
        ],
        [
          -0.037515,
          -0.99912,
          0.018737,
          1.632482
        ],
        [
          0.0,
          0.0,
          0.0,
          1.0
        ]
      ]
    },
    {
      "file_path": "/media/NFS/ttao/scannet/posed_images/scene0040_00/00672.jpg",
      "transform_matrix": [
        [
          0.985249,
          0.041568,
          0.166,
          3.146531
        ],
        [
          -0.155456,
          -0.188105,
          0.969768,
          3.607841
        ],
        [
          0.071537,
          -0.981269,
          -0.178868,
          1.469699
        ],
        [
          0.0,
          0.0,
          0.0,
          1.0
        ]
      ]
    },
    {
      "file_path": "/media/NFS/ttao/scannet/posed_images/scene0040_00/00678.jpg",
      "transform_matrix": [
        [
          0.990733,
          0.040606,
          0.129614,
          3.125939
        ],
        [
          -0.116208,
          -0.240601,
          0.963642,
          3.622611
        ],
        [
          0.070315,
          -0.969774,
          -0.233652,
          1.418983
        ],
        [
          0.0,
          0.0,
          0.0,
          1.0
        ]
      ]
    },
    {
      "file_path": "/media/NFS/ttao/scannet/posed_images/scene0040_00/00687.jpg",
      "transform_matrix": [
        [
          0.993745,
          0.056259,
          0.096468,
          3.099953
        ],
        [
          -0.074629,
          -0.308061,
          0.948435,
          3.635834
        ],
        [
          0.083076,
          -0.949702,
          -0.301935,
          1.355177
        ],
        [
          0.0,
          0.0,
          0.0,
          1.0
        ]
      ]
    },
    {
      "file_path": "/media/NFS/ttao/scannet/posed_images/scene0040_00/00702.jpg",
      "transform_matrix": [
        [
          0.997768,
          0.034402,
          0.057221,
          3.095865
        ],
        [
          -0.038019,
          -0.411768,
          0.910495,
          3.640943
        ],
        [
          0.054885,
          -0.910639,
          -0.409541,
          1.275895
        ],
        [
          0.0,
          0.0,
          0.0,
          1.0
        ]
      ]
    },
    {
      "file_path": "/media/NFS/ttao/scannet/posed_images/scene0040_00/00708.jpg",
      "transform_matrix": [
        [
          0.9973,
          -0.003774,
          0.073338,
          3.146296
        ],
        [
          -0.068384,
          -0.411713,
          0.908744,
          3.623786
        ],
        [
          0.026765,
          -0.911305,
          -0.41086,
          1.266498
        ],
        [
          0.0,
          0.0,
          0.0,
          1.0
        ]
      ]
    },
    {
      "file_path": "/media/NFS/ttao/scannet/posed_images/scene0040_00/00716.jpg",
      "transform_matrix": [
        [
          0.988826,
          -0.037267,
          0.144342,
          3.222576
        ],
        [
          -0.145733,
          -0.445529,
          0.883327,
          3.604447
        ],
        [
          0.03139,
          -0.894492,
          -0.445981,
          1.24636
        ],
        [
          0.0,
          0.0,
          0.0,
          1.0
        ]
      ]
    },
    {
      "file_path": "/media/NFS/ttao/scannet/posed_images/scene0040_00/00731.jpg",
      "transform_matrix": [
        [
          0.944805,
          -0.140234,
          0.296105,
          3.393084
        ],
        [
          -0.325174,
          -0.511898,
          0.795124,
          3.555981
        ],
        [
          0.040072,
          -0.847523,
          -0.529244,
          1.188604
        ],
        [
          0.0,
          0.0,
          0.0,
          1.0
        ]
      ]
    },
    {
      "file_path": "/media/NFS/ttao/scannet/posed_images/scene0040_00/00740.jpg",
      "transform_matrix": [
        [
          0.945201,
          -0.169152,
          0.279255,
          3.464229
        ],
        [
          -0.32552,
          -0.554131,
          0.766144,
          3.494326
        ],
        [
          0.025148,
          -0.815062,
          -0.578827,
          1.159427
        ],
        [
          0.0,
          0.0,
          0.0,
          1.0
        ]
      ]
    },
    {
      "file_path": "/media/NFS/ttao/scannet/posed_images/scene0040_00/00749.jpg",
      "transform_matrix": [
        [
          0.950846,
          -0.1682,
          0.260002,
          3.528264
        ],
        [
          -0.308414,
          -0.589778,
          0.746353,
          3.430338
        ],
        [
          0.027807,
          -0.789855,
          -0.612663,
          1.140698
        ],
        [
          0.0,
          0.0,
          0.0,
          1.0
        ]
      ]
    },
    {
      "file_path": "/media/NFS/ttao/scannet/posed_images/scene0040_00/00755.jpg",
      "transform_matrix": [
        [
          0.94414,
          -0.187514,
          0.270995,
          3.577977
        ],
        [
          -0.328864,
          -0.588967,
          0.738219,
          3.409557
        ],
        [
          0.02118,
          -0.786102,
          -0.617734,
          1.149398
        ],
        [
          0.0,
