{
  "frames": [
    {
      "file_path": "/media/NFS/ttao/scannet/posed_images/scene0155_01/00003.jpg",
      "transform_matrix": [
        [
          -0.225354,
          0.241531,
          -0.943864,
          4.796171
        ],
        [
          0.974224,
          0.045709,
          -0.220905,
          3.541039
        ],
        [
          -0.010212,
          -0.969316,
          -0.245606,
          1.396608
        ],
        [
          0.0,
          0.0,
          0.0,
          1.0
        ]
      ]
    },
    {
      "file_path": "/media/NFS/ttao/scannet/posed_images/scene0155_01/00008.jpg",
      "transform_matrix": [
        [
          -0.229955,
          0.241666,
          -0.942719,
          4.786196
        ],
        [
          0.973191,
          0.052727,
          -0.223872,
          3.53543
        ],
        [
          -0.004395,
          -0.968926,
          -0.247312,
          1.39805
        ],
        [
          0.0,
          0.0,
          0.0,
          1.0
        ]
      ]
    },
    {
      "file_path": "/media/NFS/ttao/scannet/posed_images/scene0155_01/00016.jpg",
      "transform_matrix": [
        [
          -0.237779,
          0.238051,
          -0.941697,
          4.760357
        ],
        [
          0.9713,
          0.064379,
          -0.22898,
          3.519131
        ],
        [
          0.006117,
          -0.969117,
          -0.246527,
          1.406017
        ],
        [
          0.0,
          0.0,
          0.0,
          1.0
        ]
      ]
    },
    {
      "file_path": "/media/NFS/ttao/scannet/posed_images/scene0155_01/00029.jpg",
      "transform_matrix": [
        [
          -0.242858,
          0.334212,
          -0.910671,
          4.689739
        ],
        [
          0.970056,
          0.086842,
          -0.226825,
          3.514967
        ],
        [
          0.003276,
          -0.938489,
          -0.345295,
          1.369751
        ],
        [
          0.0,
          0.0,
          0.0,
          1.0
        ]
      ]
    },
    {
      "file_path": "/media/NFS/ttao/scannet/posed_images/scene0155_01/00039.jpg",
      "transform_matrix": [
        [
          -0.192663,
          0.384099,
          -0.902967,
          4.693855
        ],
        [
          0.981096,
          0.058293,
          -0.184537,
          3.550625
        ],
        [
          -0.018244,
          -0.92145,
          -0.388069,
          1.355332
        ],
        [
          0.0,
          0.0,
          0.0,
          1.0
        ]
      ]
    },
    {
      "file_path": "/media/NFS/ttao/scannet/posed_images/scene0155_01/00041.jpg",
      "transform_matrix": [
        [
          -0.1663,
          0.387568,
          -0.906717,
          4.714941
        ],
        [
          0.985589,
          0.036462,
          -0.16518,
          3.548788
        ],
        [
          -0.030957,
          -0.92112,
          -0.388047,
          1.358947
        ],
        [
          0.0,
          0.0,
          0.0,
          1.0
        ]
      ]
    },
    {
      "file_path": "/media/NFS/ttao/scannet/posed_images/scene0155_01/00049.jpg",
      "transform_matrix": [
        [
          -0.071443,
          0.375667,
          -0.923997,
          4.786185
        ],
        [
          0.993531,
          -0.055178,
          -0.099253,
          3.619556
        ],
        [
          -0.088271,
          -0.925111,
          -0.369295,
          1.366026
        ],
        [
          0.0,
          0.0,
          0.0,
          1.0
        ]
      ]
    },
    {
      "file_path": "/media/NFS/ttao/scannet/posed_images/scene0155_01/00065.jpg",
      "transform_matrix": [
        [
          0.054178,
          0.279387,
          -0.958649,
          4.998009
        ],
        [
          0.995202,
          -0.093447,
          0.02901,
          3.728827
        ],
        [
          -0.081478,
          -0.95562,
          -0.283109,
          1.383613
        ],
        [
          0.0,
          0.0,
          0.0,
          1.0
        ]
      ]
    },
    {
      "file_path": "/media/NFS/ttao/scannet/posed_images/scene0155_01/00070.jpg",
      "transform_matrix": [
        [
          0.077844,
          0.264925,
          -0.961122,
          5.022987
        ],
        [
          0.992426,
          -0.112488,
          0.049374,
          3.729944
        ],
        [
          -0.095035,
          -0.957685,
          -0.271675,
          1.39168
        ],
        [
          0.0,
          0.0,
          0.0,
          1.0
        ]
      ]
    },
    {
      "file_path": "/media/NFS/ttao/scannet/posed_images/scene0155_01/00080.jpg",
      "transform_matrix": [
        [
          0.115981,
          0.236194,
          -0.96476,
          4.977949
        ],
        [
          0.990688,
          -0.09725,
          0.095289,
          3.709962
        ],
        [
          -0.071316,
          -0.966827,
          -0.245274,
          1.395064
        ],
        [
          0.0,
          0.0,
          0.0,
          1.0
        ]
      ]
    },
    {
      "file_path": "/media/NFS/ttao/scannet/posed_images/scene0155_01/00088.jpg",
      "transform_matrix": [
        [
          0.131287,
          0.216183,
          -0.967486,
          4.874063
        ],
        [
          0.989113,
          -0.094004,
          0.113217,
          3.711306
        ],
        [
          -0.066472,
          -0.971817,
          -0.226171,
          1.402787
        ],
        [
          0.0,
          0.0,
          0.0,
          1.0
        ]
      ]
    },
    {
      "file_path": "/media/NFS/ttao/scannet/posed_images/scene0155_01/00098.jpg",
      "transform_matrix": [
        [
          0.142644,
          0.210474,
          -0.967137,
          4.75969
        ],
        [
          0.985534,
          -0.120548,
          0.119123,
          3.731428
        ],
        [
          -0.091514,
          -0.970139,
          -0.224625,
          1.398242
        ],
        [
          0.0,
          0.0,
          0.0,
          1.0
        ]
      ]
    },
    {
      "file_path": "/media/NFS/ttao/scannet/posed_images/scene0155_01/00101.jpg",
      "transform_matrix": [
        [
          0.127091,
          0.210601,
          -0.969275,
          4.730133
        ],
        [
          0.987166,
          -0.122124,
          0.102902,
          3.748407
        ],
        [
          -0.0967,
          -0.969914,
          -0.223419,
          1.389059
        ],
        [
          0.0,
          0.0,
          0.0,
          1.0
        ]
      ]
    },
    {
      "file_path": "/media/NFS/ttao/scannet/posed_images/scene0155_01/00111.jpg",
      "transform_matrix": [
        [
          0.022261,
          0.241247,
          -0.970208,
          4.620674
        ],
        [
          0.995977,
          -0.089606,
          0.000571,
          3.822508
        ],
        [
          -0.086799,
          -0.966318,
          -0.242271,
          1.377783
        ],
        [
          0.0,
          0.0,
          0.0,
          1.0
        ]
      ]
    },
    {
      "file_path": "/media/NFS/ttao/scannet/posed_images/scene0155_01/00124.jpg",
      "transform_matrix": [
        [
          -0.077566,
          0.281727,
          -0.956354,
          4.497668
        ],
        [
          0.994385,
          -0.047396,
          -0.094613,
          3.945978
        ],
        [
          -0.071983,
          -0.958323,
          -0.276469,
          1.366938
        ],
        [
          0.0,
          0.0,
          0.0,
          1.0
        ]
      ]
    },
    {
      "file_path": "/media/NFS/ttao/scannet/posed_images/scene0155_01/00127.jpg",
      "transform_matrix": [
        [
          -0.08892,
          0.28885,
          -0.953236,
          4.479773
        ],
        [
          0.993728,
          -0.039428,
          -0.104645,
          3.959474
        ],
        [
          -0.067811,
          -0.956562,
          -0.283532,
          1.35997
        ],
        [
          0.0,
          0.0,
          0.0,
          1.0
        ]
      ]
    },
    {
      "file_path": "/media/NFS/ttao/scannet/posed_images/scene0155_01/00143.jpg",
      "transform_matrix": [
        [
          -0.101989,
          0.400358,
          -0.910665,
          4.387828
        ],
        [
          0.993403,
          -0.007269,
          -0.11445,
          3.922197
        ],
        [
          -0.05244,
          -0.91633,
          -0.396976,
          1.30659
        ],
        [
          0.0,
          0.0,
          0.0,
          1.0
        ]
      ]
    },
    {
      "file_path": "/media/NFS/ttao/scannet/posed_images/scene0155_01/00145.jpg",
      "transform_matrix": [
        [
          -0.105644,
          0.410956,
          -0.905513,
          4.376452
        ],
        [
          0.993042,
          -0.004057,
          -0.117697,
          3.914167
        ],
        [
          -0.052042,
          -0.911646,
          -0.407668,
          1.306221
        ],
        [
          0.0,
          0.0,
          0.0,
          1.0
        ]
      ]
    },
    {
      "file_path": "/media/NFS/ttao/scannet/posed_images/scene0155_01/00161.jpg",
      "transform_matrix": [
        [
          0.050611,
          0.337364,
          -0.940013,
          4.344141
        ],
        [
          0.996738,
          -0.076316,
          0.026276,
          3.929344
        ],
        [
          -0.062873,
          -0.938276,
          -0.340126,
          1.358084
        ],
        [
          0.0,
          0.0,
          0.0,
          1.0
        ]
      ]
    },
    {
      "file_path": "/media/NFS/ttao/scannet/posed_images/scene0155_01/00168.jpg",
      "transform_matrix": [
        [
          0.15277,
          0.283468,
          -0.946735,
          4.387653
        ],
        [
          0.986433,
          -0.101993,
          0.128637,
          3.939034
        ],
        [
          -0.060096,
          -0.953543,
          -0.295204,
          1.372135
        ],
        [
          0.0,
          0.0,
          0.0,
          1.0
        ]
      ]
    },
    {
      "file_path": "/media/NFS/ttao/scannet/posed_images/scene0155_01/00176.jpg",
      "transform_matrix": [
        [
          0.218741,
          0.264791,
          -0.939169,
          4.484185
        ],
        [
          0.973353,
          -0.127086,
          0.190873,
          3.962766
        ],
        [
          -0.068814,
          -0.955895,
          -0.285534,
          1.372993
        ],
        [
          0.0,
          0.0,
          0.0,
          1.0
        ]
      ]
    },
    {
      "file_path": "/media/NFS/ttao/scannet/posed_images/scene0155_01/00187.jpg",
      "transform_matrix": [
        [
          0.286408,
          0.249139,
          -0.925149,
          4.620894
        ],
        [
          0.953998,
          -0.163496,
          0.25131,
          3.98727
        ],
        [
          -0.088647,
          -0.954567,
          -0.284504,
          1.37949
        ],
        [
          0.0,
          0.0,
          0.0,
          1.0
        ]
      ]
    },
    {
      "file_path": "/media/NFS/ttao/scannet/posed_images/scene0155_01/00189.jpg",
      "transform_matrix": [
        [
          0.309887,
          0.248251,
          -0.917792,
          4.63642
        ],
        [
          0.946793,
          -0.168806,
          0.27402,
          3.9823
        ],
        [
          -0.086903,
          -0.953874,
          -0.287353,
          1.379762
        ],
        [
          0.0,
          0.0,
          0.0,
          1.0
        ]
      ]
    },
    {
      "file_path": "/media/NFS/ttao/scannet/posed_images/scene0155_01/00200.jpg",
      "transform_matrix": [
        [
          0.373764,
          0.265833,
          -0.888613,
          4.733017
        ],
        [
          0.925754,
          -0.166079,
          0.339703,
          3.921014
        ],
        [
          -0.057276,
          -0.949606,
          -0.30817,
          1.361454
        ],
        [
          0.0,
          0.0,
          0.0,
          1.0
        ]
      ]
    },
    {
      "file_path": "/media/NFS/ttao/scannet/posed_images/scene0155_01/00205.jpg",
      "transform_matrix": [
        [
          0.379924,
          0.27727,
          -0.882484,
          4.782548
        ],
        [
          0.923513,
          -0.168091,
          0.344775,
          3.869612
        ],
        [
          -0.052742,
          -0.945974,
          -0.319925,
          1.353947
        ],
        [
          0.0,
          0.0,
          0.0,
          1.0
        ]
      ]
    },
    {
      "file_path": "/media/NFS/ttao/scannet/posed_images/scene0155_01/00220.jpg",
      "transform_matrix": [
        [
          0.42635,
          0.309685,
          -0.849894,
          4.968024
        ],
        [
          0.903757,
          -0.185386,
          0.385819,
          3.757874
        ],
        [
          -0.038076,
          -0.932592,
          -0.35892,
          1.346939
        ],
        [
          0.0,
          0.0,
          0.0,
          1.0
        ]
      ]
    },
    {
      "file_path": "/media/NFS/ttao/scannet/posed_images/scene0155_01/00228.jpg",
      "transform_matrix": [
        [
          0.398749,
          0.306967,
          -0.864159,
          5.114996
        ],
        [
          0.915882,
          -0.181061,
          0.358299,
          3.754951
        ],
        [
          -0.046479,
          -0.934338,
          -0.353343,
          1.32405
        ],
        [
          0.0,
          0.0,
          0.0,
          1.0
        ]
      ]
    },
    {
      "file_path": "/media/NFS/ttao/scannet/posed_images/scene0155_01/00231.jpg",
      "transform_matrix": [
        [
          0.388491,
          0.310228,
          -0.86766,
          5.170177
        ],
        [
          0.919799,
          -0.186953,
          0.344992,
          3.762521
        ],
        [
          -0.055185,
          -0.932098,
          -0.357977,
          1.321471
        ],
        [
          0.0,
          0.0,
          0.0,
          1.0
        ]
      ]
    },
    {
      "file_path": "/media/NFS/ttao/scannet/posed_images/scene0155_01/00241.jpg",
      "transform_matrix": [
        [
          0.331905,
          0.310726,
          -0.890667,
          5.292154
        ],
        [
          0.939505,
          -0.193644,
          0.282548,
          3.734412
        ],
        [
          -0.084677,
          -0.930565,
          -0.3562,
          1.335376
        ],
        [
          0.0,
          0.0,
          0.0,
          1.0
        ]
      ]
    },
    {
      "file_path": "/media/NFS/ttao/scannet/posed_images/scene0155_01/00254.jpg",
      "transform_matrix": [
        [
          0.216759,
          0.254797,
          -0.942387,
          5.435011
        ],
        [
          0.974034,
          -0.121092,
          0.191298,
          3.648434
        ],
        [
          -0.065373,
          -0.959383,
          -0.274429,
          1.361415
        ],
        [
          0.0,
          0.0,
          0.0,
          1.0
        ]
      ]
    },
    {
      "file_path": "/media/NFS/ttao/scannet/posed_images/scene0155_01/00262.jpg",
      "transform_matrix": [
        [
          0.219687,
          0.241794,
          -0.945131,
          5.517818
        ],
        [
          0.974829,
          -0.092182,
          0.203007,
          3.616198
        ],
        [
          -0.038038,
          -0.965939,
          -0.255959,
          1.388343
        ],
        [
          0.0,
          0.0,
          0.0,
          1.0
        ]
      ]
    },
    {
      "file_path": "/media/NFS/ttao/scannet/posed_images/scene0155_01/00267.jpg",
      "transform_matrix": [
        [
          0.243162,
          0.23164,
          -0.941921,
          5.546493
        ],
        [
          0.968962,
          -0.102613,
          0.224908,
          3.621168
        ],
        [
          -0.044556,
          -0.967375,
          -0.249402,
          1.411897
        ],
        [
          0.0,
          0.0,
          0.0,
          1.0
        ]
      ]
    },
    {
      "file_path": "/media/NFS/ttao/scannet/posed_images/scene0155_01/00277.jpg",
      "transform_matrix": [
        [
          0.299372,
          0.190609,
          -0.934903,
          5.564572
        ],
        [
          0.953098,
          -0.10544,
          0.283701,
          3.686215
        ],
        [
          -0.044501,
          -0.975987,
          -0.213235,
          1.434494
        ],
        [
          0.0,
          0.0,
          0.0,
          1.0
        ]
      ]
    },
    {
      "file_path": "/media/NFS/ttao/scannet/posed_images/scene0155_01/00283.jpg",
      "transform_matrix": [
        [
          0.346082,
          0.175507,
          -0.921642,
          5.556027
        ],
        [
          0.937871,
          -0.090883,
          0.334869,
          3.747777
        ],
        [
          -0.02499,
          -0.980274,
          -0.196056,
          1.427329
        ],
        [
          0.0,
          0.0,
          0.0,
          1.0
        ]
      ]
    },
    {
      "file_path": "/media/NFS/ttao/scannet/posed_images/scene0155_01/00298.jpg",
      "transform_matrix": [
        [
          0.434511,
          0.200963,
          -0.87796,
          5.485811
        ],
        [
          0.898476,
          -0.164658,
          0.406975,
          3.799905
        ],
        [
          -0.062776,
          -0.965661,
          -0.252106,
          1.391168
        ],
        [
          0.0,
          0.0,
          0.0,
          1.0
        ]
      ]
    },
    {
      "file_path": "/media/NFS/ttao/scannet/posed_images/scene0155_01/00303.jpg",
      "transform_matrix": [
        [
          0.481493,
          0.197353,
          -0.853941,
          5.45247
        ],
        [
          0.874581,
          -0.171779,
          0.453432,
          3.800427
        ],
        [
          -0.057203,
          -0.965165,
          -0.255311,
          1.386895
        ],
        [
          0.0,
          0.0,
          0.0,
          1.0
        ]
      ]
    },
    {
      "file_path": "/media/NFS/ttao/scannet/posed_images/scene0155_01/00311.jpg",
      "transform_matrix": [
        [
          0.563569,
          0.193359,
          -0.803121,
          5.347794
        ],
        [
          0.825479,
          -0.168563,
          0.538675,
          3.739401
        ],
        [
          -0.031219,
          -0.96654,
          -0.254611,
          1.397774
        ],
        [
          0.0,
          0.0,
          0.0,
          1.0
        ]
      ]
    },
    {
      "file_path": "/media/NFS/ttao/scannet/posed_images/scene0155_01/00319.jpg",
      "transform_matrix": [
        [
          0.574241,
          0.187616,
          -0.796899,
          5.249766
        ],
        [
          0.817909,
          -0.173879,
          0.548444,
          3.686138
        ],
        [
          -0.035667,
          -0.96673,
          -0.253301,
          1.394331
        ],
        [
          0.0,
          0.0,
          0.0,
          1.0
        ]
      ]
    },
    {
      "file_path": "/media/NFS/ttao/scannet/posed_images/scene0155_01/00332.jpg",
      "transform_matrix": [
        [
          0.649677,
          0.168012,
          -0.741412,
          5.095613
        ],
        [
          0.758229,
          -0.213577,
          0.616015,
          3.682445
        ],
        [
          -0.05485,
          -0.96237,
          -0.266148,
          1.378202
        ],
        [
          0.0,
          0.0,
          0.0,
          1.0
        ]
      ]
    },
    {
      "file_path": "/media/NFS/ttao/scannet/posed_images/scene0155_01/00334.jpg",
      "transform_matrix": [
        [
          0.661155,
          0.157181,
          -0.7336,
          5.071726
        ],
        [
          0.747622,
          -0.219787,
          0.626701,
          3.686435
        ],
        [
          -0.06273,
          -0.962802,
          -0.262825,
          1.370849
        ],
        [
          0.0,
          0.0,
          0.0,
          1.0
        ]
      ]
    },
    {
      "file_path": "/media/NFS/ttao/scannet/posed_images/scene0155_01/00345.jpg",
      "transform_matrix": [
        [
          0.728189,
          0.163027,
          -0.665705,
          4.956839
        ],
        [
          0.683357,
          -0.247208,
          0.686958,
          3.728823
        ],
        [
          -0.052575,
          -0.955149,
          -0.29142,
          1.376326
        ],
        [
          0.0,
          0.0,
          0.0,
          1.0
        ]
      ]
    },
    {
      "file_path": "/media/NFS/ttao/scannet/posed_images/scene0155_01/00358.jpg",
      "transform_matrix": [
        [
          0.850481,
          0.20543,
          -0.484231,
          4.816359
        ],
        [
          0.524974,
          -0.2739,
          0.805842,
          3.712218
        ],
        [
          0.032914,
          -0.939562,
          -0.340792,
          1.370174
        ],
        [
          0.0,
          0.0,
          0.0,
          1.0
        ]
      ]
    },
    {
      "file_path": "/media/NFS/ttao/scannet/posed_images/scene0155_01/00360.jpg",
      "transform_matrix": [
        [
          0.85821,
          0.213717,
          -0.466692,
          4.803125
        ],
        [
          0.511001,
          -0.269797,
          0.816142,
          3.70601
        ],
        [
          0.048511,
          -0.938901,
          -0.340752,
          1.362911
        ],
        [
          0.0,
          0.0,
          0.0,
          1.0
        ]
      ]
    },
    {
      "file_path": "/media/NFS/ttao/scannet/posed_images/scene0155_01/00373.jpg",
      "transform_matrix": [
        [
          0.902264,
          0.186751,
          -0.388644,
          4.788198
        ],
        [
          0.426112,
          -0.248338,
          0.869918,
          3.698384
        ],
        [
          0.065943,
          -0.950501,
          -0.303643,
          1.356403
        ],
        [
          0.0,
          0.0,
          0.0,
          1.0
        ]
      ]
    },
    {
      "file_path": "/media/NFS/ttao/scannet/posed_images/scene0155_01/00384.jpg",
      "transform_matrix": [
        [
          0.919366,
          0.180588,
          -0.349505,
          4.851852
        ],
        [
          0.390055,
          -0.30277,
          0.869591,
          3.710645
        ],
        [
          0.051218,
          -0.935798,
          -0.348796,
          1.340383
        ],
        [
          0.0,
          0.0,
          0.0,
          1.0
        ]
      ]
    },
    {
      "file_path": "/media/NFS/ttao/scannet/posed_images/scene0155_01/00391.jpg",
      "transform_matrix": [
        [
          0.93351,
          0.166334,
          -0.317633,
          4.896666
        ],
        [
          0.356896,
          -0.346086,
          0.867669,
          3.711887
        ],
        [
          0.034395,
          -0.923341,
          -0.382439,
          1.33475
        ],
        [
          0.0,
          0.0,
          0.0,
          1.0
        ]
      ]
    },
    {
      "file_path": "/media/NFS/ttao/scannet/posed_images/scene0155_01/00402.jpg",
      "transform_matrix": [
        [
          0.920777,
          0.181882,
          -0.345093,
          4.944275
        ],
        [
          0.389942,
          -0.404824,
          0.827081,
          3.66671
        ],
        [
          0.010729,
          -0.896123,
          -0.443676,
          1.305979
        ],
        [
          0.0,
          0.0,
          0.0,
          1.0
        ]
      ]
    },
    {
      "file_path": "/media/NFS/ttao/scannet/posed_images/scene0155_01/00404.jpg",
      "transform_matrix": [
        [
          0.922113,
          0.18546,
          -0.339578,
          4.94745
        ],
        [
          0.386668,
          -0.409899,
          0.826118,
          3.651784
        ],
        [
          0.014019,
          -0.893078,
          -0.449684,
          1.302281
        ],
        [
          0.0,
          0.0,
          0.0,
          1.0
        ]
      ]
    },
    {
      "file_path": "/media/NFS/ttao/scannet/posed_images/scene0155_01/00417.jpg",
      "transform_matrix": [
        [
          0.959188,
          0.161073,
          -0.232411,
          4.951815
        ],
        [
          0.28063,
          -0.441292,
          0.852355,
          3.539897
        ],
        [
          0.034731,
          -0.882789,
          -0.468484,
          1.315122
        ],
        [
          0.0,
          0.0,
          0.0,
          1.0
        ]
      ]
    },
    {
      "file_path": "/media/NFS/ttao/scannet/posed_images/scene0155_01/00425.jpg",
      "transform_matrix": [
        [
          0.972651,
          0.149605,
          -0.177674,
          4.974025
        ],
        [
          0.228038,
          -0.469702,
          0.852865,
          3.481642
        ],
        [
          0.044139,
          -0.870056,
          -0.490972,
          1.331808
        ],
        [
          0.0,
          0.0,
          0.0,
          1.0
        ]
      ]
    },
    {
      "file_path": "/media/NFS/ttao/scannet/posed_images/scene0155_01/00430.jpg",
      "transform_matrix": [
        [
          0.97406,
          0.13605,
          -0.180823,
          5.009047
        ],
        [
          0.223905,
          -0.463776,
          0.857193,
          3.454475
        ],
        [
          0.03276,
          -0.875444,
          -0.482207,
          1.343324
        ],
        [
          0.0,
          0.0,
          0.0,
          1.0
        ]
      ]
    },
    {
      "file_path": "/media/NFS/ttao/scannet/posed_images/scene0155_01/00443.jpg",
      "transform_matrix": [
        [
          0.968163,
          0.114285,
          -0.222707,
          5.233824
        ],
        [
          0.24943,
          -0.36552,
          0.896761,
          3.359096
        ],
        [
          0.021082,
          -0.923761,
          -0.382389,
          1.38431
        ],
        [
          0.0,
          0.0,
          0.0,
          1.0
        ]
      ]
    },
    {
      "file_path": "/media/NFS/ttao/scannet/posed_images/scene0155_01/00448.jpg",
      "transform_matrix": [
        [
          0.967986,
          0.089395,
          -0.234547,
          5.283137
        ],
        [
          0.25098,
          -0.358003,
          0.899357,
          3.325183
        ],
        [
          -0.003571,
          -0.929431,
          -0.368978,
          1.411236
        ],
        [
          0.0,
          0.0,
          0.0,
          1.0
        ]
      ]
    },
    {
      "file_path": "/media/NFS/ttao/scannet/posed_images/scene0155_01/00459.jpg",
      "transform_matrix": [
        [
          0.981492,
          0.049894,
          -0.184888,
          5.315061
        ],
        [
          0.190986,
          -0.325858,
          0.925927,
          3.248122
        ],
        [
          -0.014049,
          -0.944101,
          -0.329356,
          1.430487
        ],
        [
          0.0,
          0.0,
          0.0,
          1.0
        ]
      ]
    },
    {
      "file_path": "/media/NFS/ttao/scannet/posed_images/scene0155_01/00467.jpg",
      "transform_matrix": [
        [
          0.992515,
          0.042193,
          -0.114602,
          5.323694
        ],
        [
          0.122056,
          -0.311684,
          0.942314,
          3.194889
        ],
        [
          0.00404,
          -0.949249,
          -0.314501,
          1.444836
        ],
        [
          0.0,
          0.0,
          0.0,
          1.0
        ]
      ]
    },
    {
      "file_path": "/media/NFS/ttao/scannet/posed_images/scene0155_01/00477.jpg",
      "transform_matrix": [
        [
          0.998712,
          0.050638,
          -0.003292,
          5.331716
        ],
        [
          0.017256,
          -0.277896,
          0.960456,
          3.172812
        ],
        [
          0.047721,
          -0.959276,
          -0.278412,
          1.440858
        ],
        [
          0.0,
          0.0,
          0.0,
          1.0
        ]
      ]
    },
    {
      "file_path": "/media/NFS/ttao/scannet/posed_images/scene0155_01/00485.jpg",
      "transform_matrix": [
        [
          0.998017,
          0.026183,
          0.05724,
          5.367646
        ],
        [
          -0.046754,
          -0.300505,
          0.952634,
          3.202399
        ],
        [
          0.042144,
          -0.953421,
          -0.298685,
          1.431524
        ],
        [
          0.0,
          0.0,
          0.0,
          1.0
        ]
      ]
    },
    {
      "file_path": "/media/NFS/ttao/scannet/posed_images/scene0155_01/00490.jpg",
      "transform_matrix": [
        [
          0.995317,
          -0.001313,
          0.096659,
          5.398217
        ],
        [
          -0.091978,
          -0.320523,
          0.942765,
          3.23667
        ],
        [
          0.029743,
          -0.94724,
          -0.319143,
          1.423246
        ],
        [
          0.0,
          0.0,
          0.0,
          1.0
        ]
      ]
    },
    {
      "file_path": "/media/NFS/ttao/scannet/posed_images/scene0155_01/00505.jpg",
      "transform_matrix": [
        [
          0.982851,
          -0.049245,
          0.177704,
          5.456266
        ],
        [
          -0.182209,
          -0.407488,
          0.894848,
          3.311632
        ],
        [
          0.028345,
          -0.911882,
          -0.409473,
          1.398932
        ],
        [
          0.0,
          0.0,
          0.0,
          1.0
        ]
      ]
    },
    {
      "file_path": "/media/NFS/ttao/scannet/posed_images/scene0155_01/00511.jpg",
      "transform_matrix": [
        [
          0.972642,
          -0.058564,
          0.224806,
          5.475703
        ],
        [
          -0.229268,
          -0.398068,
          0.888245,
          3.333832
        ],
        [
          0.037469,
          -0.915485,
          -0.400604,
          1.399225
        ],
        [
          0.0,
          0.0,
          0.0,
          1.0
        ]
      ]
    },
    {
      "file_path": "/media/NFS/ttao/scannet/posed_images/scene0155_01/00518.jpg",
      "transform_matrix": [
        [
          0.9385,
          -0.088532,
          0.333736,
          5.448303
        ],
        [
          -0.342395,
          -0.363304,
          0.866473,
          3.370213
        ],
        [
          0.044537,
          -0.927455,
          -0.371274,
          1.400278
        ],
        [
          0.0,
          0.0,
          0.0,
          1.0
        ]
      ]
    },
    {
      "file_path": "/media/NFS/ttao/scannet/posed_images/scene0155_01/00531.jpg",
      "transform_matrix": [
        [
          0.848761,
          -0.164423,
          0.502564,
          5.313941
        ],
        [
          -0.528525,
          -0.293144,
          0.796698,
          3.427757
        ],
        [
          0.016328,
          -0.941823,
          -0.335711,
          1.420238
        ],
        [
          0.0,
          0.0,
          0.0,
          1.0
        ]
      ]
    },
    {
      "file_path": "/media/NFS/ttao/scannet/posed_images/scene0155_01/00539.jpg",
      "transform_matrix": [
        [
          0.849301,
          -0.144731,
          0.507682,
          5.267152
        ],
        [
          -0.527511,
          -0.270053,
          0.805484,
          3.432766
        ],
        [
          0.020523,
          -0.951906,
          -0.305703,
          1.431628
        ],
        [
          0.0,
          0.0,
          0.0,
          1.0
        ]
      ]
    },
    {
      "file_path": "/media/NFS/ttao/scannet/posed_images/scene0155_01/00544.jpg",
      "transform_matrix": [
        [
          0.849866,
          -0.142419,
          0.50739,
          5.259697
        ],
        [
          -0.526725,
          -0.260621,
          0.809097,
          3.428217
        ],
        [
          0.017006,
          -0.954879,
          -0.296509,
          1.435275
        ],
        [
          0.0,
          0.0,
          0.0,
          1.0
        ]
      ]
    },
    {
      "file_path": "/media/NFS/ttao/scannet/posed_images/scene0155_01/00555.jpg",
      "transform_matrix": [
        [
          0.798589,
          -0.149149,
          0.583103,
          5.236267
        ],
        [
          -0.601522,
          -0.231038,
          0.764718,
          3.451013
        ],
        [
          0.020662,
          -0.961445,
          -0.274221,
          1.442845
        ],
        [
          0.0,
          0.0,
          0.0,
          1.0
        ]
      ]
    },
    {
      "file_path": "/media/NFS/ttao/scannet/posed_images/scene0155_01/00565.jpg",
      "transform_matrix": [
        [
          0.684425,
          -0.220493,
          0.694943,
          5.181555
        ],
        [
          -0.729054,
          -0.198318,
          0.655096,
          3.555655
        ],
        [
          -0.006625,
          -0.955015,
          -0.296485,
          1.427442
        ],
        [
          0.0,
          0.0,
          0.0,
          1.0
        ]
      ]
    },
    {
      "file_path": "/media/NFS/ttao/scannet/posed_images/scene0155_01/00575.jpg",
      "transform_matrix": [
        [
          0.610609,
          -0.194108,
          0.767775,
          5.168697
        ],
        [
          -0.791893,
          -0.159402,
          0.589489,
          3.619039
        ],
        [
          0.00796,
          -0.967943,
          -0.251045,
          1.432968
        ],
        [
          0.0,
          0.0,
          0.0,
          1.0
        ]
      ]
    },
    {
      "file_path": "/media/NFS/ttao/scannet/posed_images/scene0155_01/00581.jpg",
      "transform_matrix": [
        [
          0.587178,
          -0.215479,
          0.780251,
          5.189709
        ],
        [
          -0.809327,
          -0.173638,
          0.561106,
          3.636089
        ],
        [
          0.014575,
          -0.960947,
          -0.276349,
          1.419448
        ],
        [
          0.0,
          0.0,
          0.0,
          1.0
        ]
      ]
    },
    {
      "file_path": "/media/NFS/ttao/scannet/posed_images/scene0155_01/00588.jpg",
      "transform_matrix": [
        [
          0.526232,
          -0.246862,
          0.81372,
          5.206328
        ],
        [
          -0.849959,
          -0.181409,
          0.494633,
          3.670292
        ],
        [
          0.02551,
          -0.951919,
          -0.305285,
          1.409833
        ],
        [
          0.0,
          0.0,
          0.0,
          1.0
        ]
      ]
    },
    {
      "file_path": "/media/NFS/ttao/scannet/posed_images/scene0155_01/00599.jpg",
      "transform_matrix": [
        [
          0.339564,
          -0.25904,
          0.904209,
          5.202318
        ],
        [
          -0.940581,
          -0.09559,
          0.325838,
          3.790195
        ],
        [
          0.002028,
          -0.961125,
          -0.276107,
          1.405469
        ],
        [
          0.0,
          0.0,
          0.0,
          1.0
        ]
      ]
    },
    {
      "file_path": "/media/NFS/ttao/scannet/posed_images/scene0155_01/00604.jpg",
      "transform_matrix": [
        [
          0.279632,
          -0.288997,
          0.91558,
          5.169284
        ],
        [
          -0.960067,
          -0.075395,
          0.269421,
          3.862781
        ],
        [
          -0.008832,
          -0.954357,
          -0.298539,
          1.403671
        ],
        [
          0.0,
          0.0,
          0.0,
          1.0
        ]
      ]
    },
    {
      "file_path": "/media/NFS/ttao/scannet/posed_images/scene0155_01/00617.jpg",
      "transform_matrix": [
        [
          0.107011,
          -0.323658,
          0.940103,
          5.074168
        ],
        [
          -0.993546,
          -0.070571,
          0.088799,
          3.981646
        ],
        [
          0.037603,
          -0.943539,
          -0.329121,
          1.376113
        ],
        [
          0.0,
          0.0,
          0.0,
          1.0
        ]
      ]
    },
    {
      "file_path": "/media/NFS/ttao/scannet/posed_images/scene0155_01/00619.jpg",
      "transform_matrix": [
        [
          0.096627,
          -0.322698,
          0.941557,
          5.054981
        ],
        [
          -0.994621,
          -0.066787,
          0.079182,
          3.997313
        ],
        [
          0.037332,
          -0.944143,
          -0.327416,
          1.371858
        ],
        [
          0.0,
          0.0,
          0.0,
          1.0
        ]
      ]
    },
    {
      "file_path": "/media/NFS/ttao/scannet/posed_images/scene0155_01/00632.jpg",
      "transform_matrix": [
        [
          0.050885,
          -0.355585,
          0.933258,
          4.920217
        ],
        [
          -0.998674,
          -0.025393,
          0.044777,
          4.029072
        ],
        [
          0.007776,
          -0.934299,
          -0.356405,
          1.379791
        ],
        [
          0.0,
          0.0,
          0.0,
          1.0
        ]
      ]
    },
    {
      "file_path": "/media/NFS/ttao/scannet/posed_images/scene0155_01/00640.jpg",
      "transform_matrix": [
        [
          -0.080073,
          -0.334069,
          0.939142,
          4.820766
        ],
        [
          -0.996678,
          0.012751,
          -0.080442,
          4.063563
        ],
        [
          0.014898,
          -0.942462,
          -0.33398,
          1.374727
        ],
        [
          0.0,
          0.0,
          0.0,
          1.0
        ]
      ]
    },
    {
      "file_path": "/media/NFS/ttao/scannet/posed_images/scene0155_01/00648.jpg",
      "transform_matrix": [
        [
          -0.164511,
          -0.343555,
          0.924611,
          4.71938
        ],
        [
          -0.986373,
          0.055387,
          -0.154921,
          4.13657
        ],
        [
          0.002013,
          -0.937498,
          -0.347986,
          1.359742
        ],
        [
          0.0,
          0.0,
          0.0,
          1.0
        ]
      ]
    },
    {
      "file_path": "/media/NFS/ttao/scannet/posed_images/scene0155_01/00658.jpg",
      "transform_matrix": [
        [
          -0.222567,
          -0.380183,
          0.897733,
          4.630744
        ],
        [
          -0.974917,
          0.087306,
          -0.204729,
          4.156536
        ],
        [
          -0.000543,
          -0.920781,
          -0.390079,
          1.3551
        ],
        [
          0.0,
          0.0,
          0.0,
          1.0
        ]
      ]
    },
    {
      "file_path": "/media/NFS/ttao/scannet/posed_images/scene0155_01/00666.jpg",
      "transform_matrix": [
        [
          -0.215494,
          -0.4242,
          0.879555,
          4.546622
        ],
        [
          -0.976093,
          0.119756,
          -0.181389,
          4.155187
        ],
        [
          -0.028387,
          -0.897615,
          -0.439865,
          1.340121
