{
  "frames": [
    {
      "file_path": "/media/NFS/ttao/scannet/posed_images/scene0703_00/00000.jpg",
      "transform_matrix": [
        [
          0.888205,
          -0.152002,
          0.433574,
          4.955575
        ],
        [
          -0.459424,
          -0.284502,
          0.84142,
          1.923719
        ],
        [
          -0.004545,
          -0.946549,
          -0.322529,
          1.4334
        ],
        [
          0.0,
          0.0,
          0.0,
          1.0
        ]
      ]
    },
    {
      "file_path": "/media/NFS/ttao/scannet/posed_images/scene0703_00/00002.jpg",
      "transform_matrix": [
        [
          0.890597,
          -0.141866,
          0.432101,
          4.947205
        ],
        [
          -0.454738,
          -0.262795,
          0.850972,
          1.919123
        ],
        [
          -0.00717,
          -0.954365,
          -0.298556,
          1.438279
        ],
        [
          0.0,
          0.0,
          0.0,
          1.0
        ]
      ]
    },
    {
      "file_path": "/media/NFS/ttao/scannet/posed_images/scene0703_00/00004.jpg",
      "transform_matrix": [
        [
          0.892752,
          -0.135049,
          0.429832,
          4.945831
        ],
        [
          -0.450516,
          -0.256248,
          0.855203,
          1.918407
        ],
        [
          -0.005351,
          -0.95713,
          -0.289608,
          1.44167
        ],
        [
          0.0,
          0.0,
          0.0,
          1.0
        ]
      ]
    },
    {
      "file_path": "/media/NFS/ttao/scannet/posed_images/scene0703_00/00006.jpg",
      "transform_matrix": [
        [
          0.895367,
          -0.12629,
          0.427048,
          4.943146
        ],
        [
          -0.445312,
          -0.24531,
          0.861115,
          1.91661
        ],
        [
          -0.003991,
          -0.961183,
          -0.275881,
          1.4447
        ],
        [
          0.0,
          0.0,
          0.0,
          1.0
        ]
      ]
    },
    {
      "file_path": "/media/NFS/ttao/scannet/posed_images/scene0703_00/00010.jpg",
      "transform_matrix": [
        [
          0.904455,
          -0.101723,
          0.414264,
          4.953801
        ],
        [
          -0.42655,
          -0.225035,
          0.876022,
          1.903147
        ],
        [
          0.004112,
          -0.969026,
          -0.246924,
          1.452876
        ],
        [
          0.0,
          0.0,
          0.0,
          1.0
        ]
      ]
    },
    {
      "file_path": "/media/NFS/ttao/scannet/posed_images/scene0703_00/00011.jpg",
      "transform_matrix": [
        [
          0.902667,
          -0.099356,
          0.418715,
          4.946703
        ],
        [
          -0.430279,
          -0.224909,
          0.874229,
          1.903165
        ],
        [
          0.007313,
          -0.969301,
          -0.245768,
          1.453521
        ],
        [
          0.0,
          0.0,
          0.0,
          1.0
        ]
      ]
    },
    {
      "file_path": "/media/NFS/ttao/scannet/posed_images/scene0703_00/00013.jpg",
      "transform_matrix": [
        [
          0.90056,
          -0.092548,
          0.424767,
          4.946605
        ],
        [
          -0.434434,
          -0.227776,
          0.871427,
          1.90112
        ],
        [
          0.016103,
          -0.969305,
          -0.245332,
          1.451819
        ],
        [
          0.0,
          0.0,
          0.0,
          1.0
        ]
      ]
    },
    {
      "file_path": "/media/NFS/ttao/scannet/posed_images/scene0703_00/00015.jpg",
      "transform_matrix": [
        [
          0.898758,
          -0.091078,
          0.428881,
          4.947939
        ],
        [
          -0.437967,
          -0.232181,
          0.868491,
          1.896603
        ],
        [
          0.020478,
          -0.968399,
          -0.248564,
          1.450544
        ],
        [
          0.0,
          0.0,
          0.0,
          1.0
        ]
      ]
    },
    {
      "file_path": "/media/NFS/ttao/scannet/posed_images/scene0703_00/00017.jpg",
      "transform_matrix": [
        [
          0.895886,
          -0.093435,
          0.434349,
          4.942309
        ],
        [
          -0.443695,
          -0.238495,
          0.86386,
          1.895656
        ],
        [
          0.022875,
          -0.966638,
          -0.255121,
          1.447863
        ],
        [
          0.0,
          0.0,
          0.0,
          1.0
        ]
      ]
    },
    {
      "file_path": "/media/NFS/ttao/scannet/posed_images/scene0703_00/00020.jpg",
      "transform_matrix": [
        [
          0.889261,
          -0.110994,
          0.44373,
          4.930036
        ],
        [
          -0.457062,
          -0.253008,
          0.852691,
          1.904417
        ],
        [
          0.017623,
          -0.961076,
          -0.275721,
          1.448971
        ],
        [
          0.0,
          0.0,
          0.0,
          1.0
        ]
      ]
    },
    {
      "file_path": "/media/NFS/ttao/scannet/posed_images/scene0703_00/00023.jpg",
      "transform_matrix": [
        [
          0.885696,
          -0.129933,
          0.445714,
          4.925083
        ],
        [
          -0.46404,
          -0.277739,
          0.841147,
          1.901717
        ],
        [
          0.0145,
          -0.951829,
          -0.306286,
          1.435362
        ],
        [
          0.0,
          0.0,
          0.0,
          1.0
        ]
      ]
    },
    {
      "file_path": "/media/NFS/ttao/scannet/posed_images/scene0703_00/00024.jpg",
      "transform_matrix": [
        [
          0.884072,
          -0.134089,
          0.447702,
          4.924014
        ],
        [
          -0.46708,
          -0.286151,
          0.836632,
          1.900828
        ],
        [
          0.015927,
          -0.948756,
          -0.315608,
          1.433443
        ],
        [
          0.0,
          0.0,
          0.0,
          1.0
        ]
      ]
    },
    {
      "file_path": "/media/NFS/ttao/scannet/posed_images/scene0703_00/00026.jpg",
      "transform_matrix": [
        [
          0.880132,
          -0.137421,
          0.454404,
          4.919006
        ],
        [
          -0.47418,
          -0.300474,
          0.827568,
          1.894662
        ],
        [
          0.022812,
          -0.943838,
          -0.329619,
          1.428419
        ],
        [
          0.0,
          0.0,
          0.0,
          1.0
        ]
      ]
    },
    {
      "file_path": "/media/NFS/ttao/scannet/posed_images/scene0703_00/00029.jpg",
      "transform_matrix": [
        [
          0.874775,
          -0.145391,
          0.462201,
          4.90707
        ],
        [
          -0.483555,
          -0.322423,
          0.813768,
          1.885327
        ],
        [
          0.03071,
          -0.935364,
          -0.352352,
          1.410242
        ],
        [
          0.0,
          0.0,
          0.0,
          1.0
        ]
      ]
    },
    {
      "file_path": "/media/NFS/ttao/scannet/posed_images/scene0703_00/00031.jpg",
      "transform_matrix": [
        [
          0.871011,
          -0.144619,
          0.469494,
          4.898493
        ],
        [
          -0.489433,
          -0.337863,
          0.80393,
          1.887199
        ],
        [
          0.042361,
          -0.930018,
          -0.365064,
          1.398852
        ],
        [
          0.0,
          0.0,
          0.0,
          1.0
        ]
      ]
    },
    {
      "file_path": "/media/NFS/ttao/scannet/posed_images/scene0703_00/00034.jpg",
      "transform_matrix": [
        [
          0.86758,
          -0.150013,
          0.474133,
          4.885797
        ],
        [
          -0.494942,
          -0.35317,
          0.793917,
          1.880497
        ],
        [
          0.048352,
          -0.923454,
          -0.38065,
          1.384712
        ],
        [
          0.0,
          0.0,
          0.0,
          1.0
        ]
      ]
    },
    {
      "file_path": "/media/NFS/ttao/scannet/posed_images/scene0703_00/00036.jpg",
      "transform_matrix": [
        [
          0.867699,
          -0.151259,
          0.473518,
          4.878741
        ],
        [
          -0.494853,
          -0.353114,
          0.793997,
          1.875411
        ],
        [
          0.047106,
          -0.923272,
          -0.381247,
          1.37909
        ],
        [
          0.0,
          0.0,
          0.0,
          1.0
        ]
      ]
    },
    {
      "file_path": "/media/NFS/ttao/scannet/posed_images/scene0703_00/00037.jpg",
      "transform_matrix": [
        [
          0.867828,
          -0.148773,
          0.474069,
          4.876712
        ],
        [
          -0.494356,
          -0.354311,
          0.793773,
          1.869668
        ],
        [
          0.049876,
          -0.923217,
          -0.381028,
          1.37377
        ],
        [
          0.0,
          0.0,
          0.0,
          1.0
        ]
      ]
    },
    {
      "file_path": "/media/NFS/ttao/scannet/posed_images/scene0703_00/00041.jpg",
      "transform_matrix": [
        [
          0.877202,
          -0.158675,
          0.453144,
          4.876679
        ],
        [
          -0.477202,
          -0.392085,
          0.786478,
          1.85459
        ],
        [
          0.052877,
          -0.906141,
          -0.419658,
          1.368098
        ],
        [
          0.0,
          0.0,
          0.0,
          1.0
        ]
      ]
    },
    {
      "file_path": "/media/NFS/ttao/scannet/posed_images/scene0703_00/00042.jpg",
      "transform_matrix": [
        [
          0.879132,
          -0.156906,
          0.450009,
          4.871418
        ],
        [
          -0.473583,
          -0.393337,
          0.788039,
          1.851367
        ],
        [
          0.053358,
          -0.905906,
          -0.420103,
          1.365731
        ],
        [
          0.0,
          0.0,
          0.0,
          1.0
        ]
      ]
    },
    {
      "file_path": "/media/NFS/ttao/scannet/posed_images/scene0703_00/00045.jpg",
      "transform_matrix": [
        [
          0.889315,
          -0.14503,
          0.433688,
          4.872318
        ],
        [
          -0.454949,
          -0.376549,
          0.80699,
          1.832924
        ],
        [
          0.046267,
          -0.914974,
          -0.400852,
          1.364288
        ],
        [
          0.0,
          0.0,
          0.0,
          1.0
        ]
      ]
    },
    {
      "file_path": "/media/NFS/ttao/scannet/posed_images/scene0703_00/00048.jpg",
      "transform_matrix": [
        [
          0.896395,
          -0.140548,
          0.420384,
          4.873135
        ],
        [
          -0.441366,
          -0.370535,
          0.817251,
          1.810568
        ],
        [
          0.040904,
          -0.918123,
          -0.394179,
          1.366154
        ],
        [
          0.0,
          0.0,
          0.0,
          1.0
        ]
      ]
    },
    {
      "file_path": "/media/NFS/ttao/scannet/posed_images/scene0703_00/00049.jpg",
      "transform_matrix": [
        [
          0.90055,
          -0.137091,
          0.412573,
          4.878534
        ],
        [
          -0.432812,
          -0.372296,
          0.821018,
          1.801934
        ],
        [
          0.041045,
          -0.917934,
          -0.394605,
          1.368529
        ],
        [
          0.0,
          0.0,
          0.0,
          1.0
        ]
      ]
    },
    {
      "file_path": "/media/NFS/ttao/scannet/posed_images/scene0703_00/00052.jpg",
      "transform_matrix": [
        [
          0.910961,
          -0.122968,
          0.393738,
          4.865462
        ],
        [
          -0.409823,
          -0.37825,
          0.830043,
          1.783545
        ],
        [
          0.046863,
          -0.9175,
          -0.394966,
          1.368814
        ],
        [
          0.0,
          0.0,
          0.0,
          1.0
        ]
      ]
    },
    {
      "file_path": "/media/NFS/ttao/scannet/posed_images/scene0703_00/00053.jpg",
      "transform_matrix": [
        [
          0.914652,
          -0.119042,
          0.386318,
          4.868866
        ],
        [
          -0.401498,
          -0.378705,
          0.833896,
          1.773776
        ],
        [
          0.047032,
          -0.91783,
          -0.394178,
          1.370086
        ],
        [
          0.0,
          0.0,
          0.0,
          1.0
        ]
      ]
    },
    {
      "file_path": "/media/NFS/ttao/scannet/posed_images/scene0703_00/00055.jpg",
      "transform_matrix": [
        [
          0.922728,
          -0.113405,
          0.36839,
          4.875652
        ],
        [
          -0.382871,
          -0.380049,
          0.842005,
          1.752089
        ],
        [
          0.044519,
          -0.917988,
          -0.394102,
          1.370085
        ],
        [
          0.0,
          0.0,
          0.0,
          1.0
        ]
      ]
    },
    {
      "file_path": "/media/NFS/ttao/scannet/posed_images/scene0703_00/00059.jpg",
      "transform_matrix": [
        [
          0.942992,
          -0.100899,
          0.317152,
          4.894161
        ],
        [
          -0.330837,
          -0.387939,
          0.860262,
          1.710499
        ],
        [
          0.036236,
          -0.916146,
          -0.399204,
          1.382551
        ],
        [
          0.0,
          0.0,
          0.0,
          1.0
        ]
      ]
    },
    {
      "file_path": "/media/NFS/ttao/scannet/posed_images/scene0703_00/00061.jpg",
      "transform_matrix": [
        [
          0.950456,
          -0.094996,
          0.29599,
          4.902517
        ],
        [
          -0.309431,
          -0.380319,
          0.871556,
          1.684636
        ],
        [
          0.029776,
          -0.919964,
          -0.390871,
          1.38318
        ],
        [
          0.0,
          0.0,
          0.0,
          1.0
        ]
      ]
    },
    {
      "file_path": "/media/NFS/ttao/scannet/posed_images/scene0703_00/00063.jpg",
      "transform_matrix": [
        [
          0.956063,
          -0.091116,
          0.278642,
          4.907632
        ],
        [
          -0.292165,
          -0.374411,
          0.880032,
          1.668379
        ],
        [
          0.024142,
          -0.922775,
          -0.384582,
          1.38691
        ],
        [
          0.0,
          0.0,
          0.0,
          1.0
        ]
      ]
    },
    {
      "file_path": "/media/NFS/ttao/scannet/posed_images/scene0703_00/00064.jpg",
      "transform_matrix": [
        [
          0.960103,
          -0.087086,
          0.26574,
          4.916181
        ],
        [
          -0.278742,
          -0.374385,
          0.884386,
          1.660997
        ],
        [
          0.022472,
          -0.923175,
          -0.383722,
          1.394558
        ],
        [
          0.0,
          0.0,
          0.0,
          1.0
        ]
      ]
    },
    {
      "file_path": "/media/NFS/ttao/scannet/posed_images/scene0703_00/00068.jpg",
      "transform_matrix": [
        [
          0.97487,
          -0.065571,
          0.212907,
          4.923253
        ],
        [
          -0.221995,
          -0.365845,
          0.903811,
          1.640006
        ],
        [
          0.018628,
          -0.928363,
          -0.371208,
          1.403663
        ],
        [
          0.0,
          0.0,
          0.0,
          1.0
        ]
      ]
    },
    {
      "file_path": "/media/NFS/ttao/scannet/posed_images/scene0703_00/00069.jpg",
      "transform_matrix": [
        [
          0.978376,
          -0.059629,
          0.198051,
          4.926367
        ],
        [
          -0.206019,
          -0.365804,
          0.907603,
          1.634591
        ],
        [
          0.018328,
          -0.928779,
          -0.370179,
          1.405648
        ],
        [
          0.0,
          0.0,
          0.0,
          1.0
        ]
      ]
    },
    {
      "file_path": "/media/NFS/ttao/scannet/posed_images/scene0703_00/00072.jpg",
      "transform_matrix": [
        [
          0.9866,
          -0.043962,
          0.157124,
          4.919584
        ],
        [
          -0.162303,
          -0.362876,
          0.917594,
          1.618275
        ],
        [
          0.016677,
          -0.9308,
          -0.365149,
          1.394079
        ],
        [
          0.0,
          0.0,
          0.0,
          1.0
        ]
      ]
    },
    {
      "file_path": "/media/NFS/ttao/scannet/posed_images/scene0703_00/00073.jpg",
      "transform_matrix": [
        [
          0.989315,
          -0.04063,
          0.140015,
          4.922097
        ],
        [
          -0.145159,
          -0.363859,
          0.920074,
          1.615225
        ],
        [
          0.013563,
          -0.930568,
          -0.365869,
          1.397495
        ],
        [
          0.0,
          0.0,
          0.0,
          1.0
        ]
      ]
    },
    {
      "file_path": "/media/NFS/ttao/scannet/posed_images/scene0703_00/00077.jpg",
      "transform_matrix": [
        [
          0.997715,
          -0.017027,
          0.06539,
          4.917856
        ],
        [
          -0.067044,
          -0.370036,
          0.926595,
          1.613602
        ],
        [
          0.00842,
          -0.928861,
          -0.370332,
          1.397258
        ],
        [
          0.0,
          0.0,
          0.0,
          1.0
        ]
      ]
    },
    {
      "file_path": "/media/NFS/ttao/scannet/posed_images/scene0703_00/00078.jpg",
      "transform_matrix": [
        [
          0.998747,
          -0.009675,
          0.049107,
          4.911119
        ],
        [
          -0.049169,
          -0.373061,
          0.926503,
          1.619068
        ],
        [
          0.009355,
          -0.927756,
          -0.373069,
          1.401869
        ],
        [
          0.0,
          0.0,
          0.0,
          1.0
        ]
      ]
    },
    {
      "file_path": "/media/NFS/ttao/scannet/posed_images/scene0703_00/00080.jpg",
      "transform_matrix": [
        [
          0.999902,
          0.006218,
          0.012557,
          4.921991
        ],
        [
          -0.009407,
          -0.366356,
          0.930427,
          1.60926
        ],
        [
          0.010386,
          -0.930454,
          -0.366261,
          1.37805
        ],
        [
          0.0,
          0.0,
          0.0,
          1.0
        ]
      ]
    },
    {
      "file_path": "/media/NFS/ttao/scannet/posed_images/scene0703_00/00083.jpg",
      "transform_matrix": [
        [
          0.999777,
          0.014117,
          -0.015722,
          4.898628
        ],
        [
          0.01987,
          -0.375003,
          0.926811,
          1.612131
        ],
        [
          0.007188,
          -0.926916,
          -0.3752,
          1.377929
        ],
        [
          0.0,
          0.0,
          0.0,
          1.0
        ]
      ]
    },
    {
      "file_path": "/media/NFS/ttao/scannet/posed_images/scene0703_00/00084.jpg",
      "transform_matrix": [
        [
          0.999485,
          0.018152,
          -0.026468,
          4.891717
        ],
        [
          0.031313,
          -0.370673,
          0.928235,
          1.611684
        ],
        [
          0.007038,
          -0.928586,
          -0.371051,
          1.37429
        ],
        [
          0.0,
          0.0,
          0.0,
          1.0
        ]
      ]
    },
    {
      "file_path": "/media/NFS/ttao/scannet/posed_images/scene0703_00/00088.jpg",
      "transform_matrix": [
        [
          0.99687,
          0.03243,
          -0.0721,
          4.884529
        ],
        [
          0.078976,
          -0.367122,
          0.926814,
          1.607098
        ],
        [
          0.003587,
          -0.929607,
          -0.368534,
          1.372928
        ],
        [
          0.0,
          0.0,
          0.0,
          1.0
        ]
      ]
    },
    {
      "file_path": "/media/NFS/ttao/scannet/posed_images/scene0703_00/00090.jpg",
      "transform_matrix": [
        [
          0.996107,
          0.031133,
          -0.082471,
          4.867632
        ],
        [
          0.088148,
          -0.360586,
          0.928551,
          1.60608
        ],
        [
          -0.000829,
          -0.932206,
          -0.361927,
          1.378106
        ],
        [
          0.0,
          0.0,
          0.0,
          1.0
        ]
      ]
    },
    {
      "file_path": "/media/NFS/ttao/scannet/posed_images/scene0703_00/00091.jpg",
      "transform_matrix": [
        [
          0.995108,
          0.03421,
          -0.092685,
          4.876989
        ],
        [
          0.098791,
          -0.355049,
          0.929613,
          1.602569
        ],
        [
          -0.001106,
          -0.934222,
          -0.356691,
          1.370957
        ],
        [
          0.0,
          0.0,
          0.0,
          1.0
        ]
      ]
    },
    {
      "file_path": "/media/NFS/ttao/scannet/posed_images/scene0703_00/00094.jpg",
      "transform_matrix": [
        [
          0.992843,
          0.044769,
          -0.110718,
          4.871364
        ],
        [
          0.11941,
          -0.356853,
          0.926498,
          1.598775
        ],
        [
          0.001969,
          -0.933087,
          -0.359644,
          1.36616
        ],
        [
          0.0,
          0.0,
          0.0,
          1.0
        ]
      ]
    },
    {
      "file_path": "/media/NFS/ttao/scannet/posed_images/scene0703_00/00096.jpg",
      "transform_matrix": [
        [
          0.99169,
          0.049209,
          -0.118867,
          4.862536
        ],
        [
          0.128616,
          -0.358005,
          0.924819,
          1.599691
        ],
        [
          0.002955,
          -0.932422,
          -0.361359,
          1.372093
        ],
        [
          0.0,
          0.0,
          0.0,
          1.0
        ]
      ]
    },
    {
      "file_path": "/media/NFS/ttao/scannet/posed_images/scene0703_00/00099.jpg",
      "transform_matrix": [
        [
          0.988442,
          0.053937,
          -0.141677,
          4.859454
        ],
        [
          0.151592,
          -0.35909,
          0.920909,
          1.606419
        ],
        [
          -0.001204,
          -0.931743,
          -0.363117,
          1.368677
        ],
        [
          0.0,
          0.0,
          0.0,
          1.0
        ]
      ]
    },
    {
      "file_path": "/media/NFS/ttao/scannet/posed_images/scene0703_00/00100.jpg",
      "transform_matrix": [
        [
          0.987271,
          0.057871,
          -0.148146,
          4.852693
        ],
        [
          0.159048,
          -0.360004,
          0.919294,
          1.606565
        ],
        [
          -0.000133,
          -0.931154,
          -0.364626,
          1.377241
        ],
        [
          0.0,
          0.0,
          0.0,
          1.0
        ]
      ]
    },
    {
      "file_path": "/media/NFS/ttao/scannet/posed_images/scene0703_00/00103.jpg",
      "transform_matrix": [
        [
          0.984992,
          0.063751,
          -0.160394,
          4.848473
        ],
        [
          0.172594,
          -0.356831,
          0.918087,
          1.610568
        ],
        [
          0.001296,
          -0.931991,
          -0.362478,
          1.378524
        ],
        [
          0.0,
          0.0,
          0.0,
          1.0
        ]
      ]
    },
    {
      "file_path": "/media/NFS/ttao/scannet/posed_images/scene0703_00/00106.jpg",
      "transform_matrix": [
        [
          0.983925,
          0.06827,
          -0.165019,
          4.837662
        ],
        [
          0.178544,
          -0.356513,
          0.917072,
          1.613231
        ],
        [
          0.003777,
          -0.931793,
          -0.362972,
          1.379847
        ],
        [
          0.0,
          0.0,
          0.0,
          1.0
        ]
      ]
    },
    {
      "file_path": "/media/NFS/ttao/scannet/posed_images/scene0703_00/00108.jpg",
      "transform_matrix": [
        [
          0.982801,
          0.070104,
          -0.170844,
          4.843045
        ],
        [
          0.184633,
          -0.355023,
          0.916444,
          1.612411
        ],
        [
          0.003593,
          -0.932225,
          -0.36186,
          1.379845
        ],
        [
          0.0,
          0.0,
          0.0,
          1.0
        ]
      ]
    },
    {
      "file_path": "/media/NFS/ttao/scannet/posed_images/scene0703_00/00110.jpg",
      "transform_matrix": [
        [
          0.981801,
          0.07221,
          -0.17565,
          4.855733
        ],
        [
          0.189879,
          -0.355673,
          0.915119,
          1.620983
        ],
        [
          0.003607,
          -0.931817,
          -0.362912,
          1.376478
        ],
        [
          0.0,
          0.0,
          0.0,
          1.0
        ]
      ]
    },
    {
      "file_path": "/media/NFS/ttao/scannet/posed_images/scene0703_00/00111.jpg",
      "transform_matrix": [
        [
          0.982105,
          0.073613,
          -0.17335,
          4.849139
        ],
        [
          0.188241,
          -0.355025,
          0.915709,
          1.621297
        ],
        [
          0.005865,
          -0.931954,
          -0.362529,
          1.372806
        ],
        [
          0.0,
          0.0,
          0.0,
          1.0
        ]
      ]
    },
    {
      "file_path": "/media/NFS/ttao/scannet/posed_images/scene0703_00/00114.jpg",
      "transform_matrix": [
        [
          0.981798,
          0.07321,
          -0.175251,
          4.850034
        ],
        [
          0.189884,
          -0.358569,
          0.913987,
          1.618073
        ],
        [
          0.004074,
          -0.930628,
          -0.365944,
          1.372721
        ],
        [
          0.0,
          0.0,
          0.0,
          1.0
        ]
      ]
    },
    {
      "file_path": "/media/NFS/ttao/scannet/posed_images/scene0703_00/00115.jpg",
      "transform_matrix": [
        [
          0.981416,
          0.074189,
          -0.176972,
          4.853518
        ],
        [
          0.191839,
          -0.357352,
          0.914056,
          1.616241
        ],
        [
          0.004571,
          -0.931019,
          -0.364943,
          1.368743
        ],
        [
          0.0,
          0.0,
          0.0,
          1.0
        ]
      ]
    },
    {
      "file_path": "/media/NFS/ttao/scannet/posed_images/scene0703_00/00118.jpg",
      "transform_matrix": [
        [
          0.981063,
          0.076499,
          -0.177941,
          4.859741
        ],
        [
          0.193609,
          -0.361196,
          0.91217,
          1.61715
        ],
        [
          0.005509,
          -0.929347,
          -0.369167,
          1.364291
        ],
        [
          0.0,
          0.0,
          0.0,
          1.0
        ]
      ]
    },
    {
      "file_path": "/media/NFS/ttao/scannet/posed_images/scene0703_00/00121.jpg",
      "transform_matrix": [
        [
          0.980119,
          0.07812,
          -0.182385,
          4.865565
        ],
        [
          0.198389,
          -0.372104,
          0.906742,
          1.625354
        ],
        [
          0.002968,
          -0.924898,
          -0.380204,
          1.377574
        ],
        [
          0.0,
          0.0,
          0.0,
          1.0
        ]
      ]
    },
    {
      "file_path": "/media/NFS/ttao/scannet/posed_images/scene0703_00/00122.jpg",
      "transform_matrix": [
        [
          0.979991,
          0.080452,
          -0.182059,
          4.86587
        ],
        [
          0.19897,
          -0.371225,
          0.906975,
          1.624017
        ],
        [
          0.005384,
          -0.925051,
          -0.379805,
          1.374481
        ],
        [
          0.0,
          0.0,
          0.0,
          1.0
        ]
      ]
    },
    {
      "file_path": "/media/NFS/ttao/scannet/posed_images/scene0703_00/00124.jpg",
      "transform_matrix": [
        [
          0.979538,
          0.083396,
          -0.183166,
          4.873633
        ],
        [
          0.201129,
          -0.373114,
          0.905722,
          1.623203
        ],
        [
          0.007191,
          -0.92403,
          -0.382253,
          1.371204
        ],
        [
          0.0,
          0.0,
          0.0,
          1.0
        ]
      ]
    },
    {
      "file_path": "/media/NFS/ttao/scannet/posed_images/scene0703_00/00128.jpg",
      "transform_matrix": [
        [
          0.979885,
          0.084686,
          -0.180705,
          4.8727
        ],
        [
          0.199412,
          -0.380095,
          0.903196,
          1.617801
        ],
        [
          0.007803,
          -0.921063,
          -0.389336,
          1.366111
        ],
        [
          0.0,
          0.0,
          0.0,
          1.0
        ]
      ]
    },
    {
      "file_path": "/media/NFS/ttao/scannet/posed_images/scene0703_00/00130.jpg",
      "transform_matrix": [
        [
          0.979893,
          0.087078,
          -0.179518,
          4.883435
        ],
        [
          0.199251,
          -0.380135,
          0.903214,
          1.613049
        ],
        [
          0.010409,
          -0.920823,
          -0.389842,
          1.362092
        ],
        [
          0.0,
          0.0,
          0.0,
          1.0
        ]
      ]
    },
    {
      "file_path": "/media/NFS/ttao/scannet/posed_images/scene0703_00/00132.jpg",
      "transform_matrix": [
        [
          0.979669,
          0.091489,
          -0.178545,
          4.889744
        ],
        [
          0.200077,
          -0.380094,
          0.903049,
          1.612434
        ],
        [
          0.014755,
          -0.920412,
          -0.390672,
          1.36219
        ],
        [
          0.0,
          0.0,
          0.0,
          1.0
        ]
      ]
    },
    {
      "file_path": "/media/NFS/ttao/scannet/posed_images/scene0703_00/00134.jpg",
      "transform_matrix": [
        [
          0.97832,
          0.096919,
          -0.18302,
          4.90389
        ],
        [
          0.206303,
          -0.378735,
          0.902219,
          1.608232
        ],
        [
          0.018125,
          -0.920417,
          -0.390519,
          1.360142
        ],
        [
          0.0,
          0.0,
          0.0,
          1.0
        ]
      ]
    },
    {
      "file_path": "/media/NFS/ttao/scannet/posed_images/scene0703_00/00136.jpg",
      "transform_matrix": [
        [
          0.976535,
          0.101324,
          -0.190034,
          4.916224
        ],
        [
          0.214466,
          -0.377252,
          0.900936,
          1.60406
        ],
        [
          0.019595,
          -0.920551,
          -0.390131,
          1.357368
        ],
        [
          0.0,
          0.0,
          0.0,
          1.0
        ]
      ]
    },
    {
      "file_path": "/media/NFS/ttao/scannet/posed_images/scene0703_00/00138.jpg",
      "transform_matrix": [
        [
          0.973811,
          0.10612,
          -0.201075,
          4.925759
        ],
        [
          0.226533,
          -0.377479,
          0.897882,
          1.598211
        ],
        [
          0.019382,
          -0.919917,
          -0.391633,
          1.35642
        ],
        [
          0.0,
          0.0,
          0.0,
          1.0
        ]
      ]
    },
    {
      "file_path": "/media/NFS/ttao/scannet/posed_images/scene0703_00/00140.jpg",
      "transform_matrix": [
        [
          0.968959,
          0.110262,
          -0.221271,
          4.937928
        ],
        [
          0.246743,
          -0.375662,
          0.893306,
          1.590464
        ],
        [
          0.015375,
          -0.920174,
          -0.391208,
          1.354473
        ],
        [
          0.0,
          0.0,
          0.0,
          1.0
        ]
      ]
    },
    {
      "file_path": "/media/NFS/ttao/scannet/posed_images/scene0703_00/00142.jpg",
      "transform_matrix": [
        [
          0.963152,
          0.111349,
          -0.244826,
          4.955921
        ],
        [
          0.268854,
          -0.373287,
          0.887904,
          1.582003
        ],
        [
          0.007477,
          -0.921009,
          -0.389469,
          1.348604
        ],
        [
          0.0,
          0.0,
          0.0,
          1.0
        ]
      ]
    },
    {
      "file_path": "/media/NFS/ttao/scannet/posed_images/scene0703_00/00146.jpg",
      "transform_matrix": [
        [
          0.948393,
          0.110409,
          -0.297254,
          4.978046
        ],
        [
          0.316677,
          -0.377983,
          0.869968,
          1.581058
        ],
        [
          -0.016305,
          -0.919206,
          -0.39344,
          1.351986
        ],
        [
          0.0,
          0.0,
          0.0,
          1.0
        ]
      ]
    },
    {
      "file_path": "/media/NFS/ttao/scannet/posed_images/scene0703_00/00147.jpg",
      "transform_matrix": [
        [
          0.944898,
          0.108131,
          -0.30899,
          4.9821
        ],
        [
          0.326621,
          -0.374941,
          0.867604,
          1.577521
        ],
        [
          -0.022038,
          -0.920721,
          -0.389599,
          1.347045
        ],
        [
          0.0,
          0.0,
          0.0,
          1.0
        ]
      ]
    },
    {
      "file_path": "/media/NFS/ttao/scannet/posed_images/scene0703_00/00150.jpg",
      "transform_matrix": [
        [
          0.935708,
          0.104754,
          -0.336863,
          5.007927
        ],
        [
          0.3511,
          -0.369479,
          0.860357,
          1.572369
        ],
        [
          -0.034338,
          -0.923316,
          -0.382504,
          1.358602
        ],
        [
          0.0,
          0.0,
          0.0,
          1.0
        ]
      ]
    },
    {
      "file_path": "/media/NFS/ttao/scannet/posed_images/scene0703_00/00151.jpg",
      "transform_matrix": [
        [
          0.933318,
          0.105092,
          -0.343326,
          5.014743
        ],
        [
          0.357339,
          -0.365126,
          0.859647,
          1.568906
        ],
        [
          -0.035015,
          -0.925007,
          -0.378332,
          1.350496
        ],
        [
          0.0,
          0.0,
          0.0,
          1.0
        ]
      ]
    },
    {
      "file_path": "/media/NFS/ttao/scannet/posed_images/scene0703_00/00155.jpg",
      "transform_matrix": [
        [
          0.921841,
          0.109382,
          -0.371812,
          5.033326
        ],
        [
          0.385185,
          -0.364766,
          0.84769,
          1.567196
        ],
        [
          -0.042902,
          -0.924652,
          -0.378388,
          1.350047
        ],
        [
          0.0,
          0.0,
          0.0,
          1.0
        ]
      ]
    },
    {
      "file_path": "/media/NFS/ttao/scannet/posed_images/scene0703_00/00156.jpg",
      "transform_matrix": [
        [
          0.918766,
          0.110589,
          -0.378999,
          5.034452
        ],
        [
          0.392348,
          -0.362653,
          0.845308,
          1.566185
        ],
        [
          -0.043963,
          -0.925339,
          -0.376582,
          1.347969
        ],
        [
          0.0,
          0.0,
          0.0,
          1.0
        ]
      ]
    },
    {
      "file_path": "/media/NFS/ttao/scannet/posed_images/scene0703_00/00159.jpg",
      "transform_matrix": [
        [
          0.90983,
          0.115804,
          -0.398497,
          5.047364
        ],
        [
          0.412305,
          -0.361159,
          0.836402,
          1.566313
        ],
        [
          -0.047062,
          -0.925286,
          -0.37634,
          1.346217
        ],
        [
          0.0,
          0.0,
          0.0,
          1.0
        ]
      ]
    },
    {
      "file_path": "/media/NFS/ttao/scannet/posed_images/scene0703_00/00161.jpg",
      "transform_matrix": [
        [
          0.904945,
          0.117567,
          -0.408964,
          5.052121
        ],
        [
          0.422869,
          -0.35573,
          0.83345,
          1.56699
        ],
        [
          -0.047495,
          -0.927165,
          -0.371631,
          1.343048
        ],
        [
          0.0,
          0.0,
          0.0,
          1.0
        ]
      ]
    },
    {
      "file_path": "/media/NFS/ttao/scannet/posed_images/scene0703_00/00162.jpg",
      "transform_matrix": [
        [
          0.903289,
          0.117627,
          -0.412594,
          5.055444
        ],
        [
          0.426219,
          -0.356006,
          0.831624,
          1.566309
        ],
        [
          -0.049064,
          -0.927051,
          -0.371711,
          1.345041
        ],
        [
          0.0,
          0.0,
          0.0,
          1.0
        ]
      ]
    },
    {
      "file_path": "/media/NFS/ttao/scannet/posed_images/scene0703_00/00166.jpg",
      "transform_matrix": [
        [
          0.89304,
          0.121942,
          -0.433139,
          5.048522
        ],
        [
          0.446926,
          -0.35227,
          0.822291,
          1.57121
        ],
        [
          -0.052311,
          -0.92792,
          -0.36909,
          1.342265
        ],
        [
          0.0,
          0.0,
          0.0,
          1.0
        ]
      ]
    },
    {
      "file_path": "/media/NFS/ttao/scannet/posed_images/scene0703_00/00168.jpg",
      "transform_matrix": [
        [
          0.888043,
          0.125917,
          -0.442182,
          5.041301
        ],
        [
          0.456756,
          -0.351389,
          0.817251,
          1.569758
        ],
        [
          -0.052472,
          -0.927723,
          -0.369562,
          1.340015
        ],
        [
          0.0,
          0.0,
          0.0,
          1.0
        ]
      ]
    },
    {
      "file_path": "/media/NFS/ttao/scannet/posed_images/scene0703_00/00169.jpg",
      "transform_matrix": [
        [
          0.885186,
          0.131193,
          -0.446357,
          5.038369
        ],
        [
          0.462643,
          -0.349397,
          0.81479,
          1.571924
        ],
        [
          -0.049061,
          -0.927745,
          -0.369977,
          1.339529
        ],
        [
          0.0,
          0.0,
          0.0,
          1.0
        ]
      ]
    },
    {
      "file_path": "/media/NFS/ttao/scannet/posed_images/scene0703_00/00171.jpg",
      "transform_matrix": [
        [
          0.880422,
          0.142023,
          -0.452424,
          5.014187
        ],
        [
          0.472432,
          -0.344838,
          0.811107,
          1.565808
        ],
        [
          -0.040817,
          -0.927856,
          -0.370699,
          1.331614
        ],
        [
          0.0,
