{
  "frames": [
    {
      "file_path": "/media/NFS/ttao/scannet/posed_images/scene0086_01/00001.jpg",
      "transform_matrix": [
        [
          -0.586227,
          -0.343433,
          0.733752,
          2.243756
        ],
        [
          -0.808534,
          0.305137,
          -0.503154,
          3.297909
        ],
        [
          -0.051095,
          -0.888226,
          -0.456557,
          1.43975
        ],
        [
          0.0,
          0.0,
          0.0,
          1.0
        ]
      ]
    },
    {
      "file_path": "/media/NFS/ttao/scannet/posed_images/scene0086_01/00005.jpg",
      "transform_matrix": [
        [
          -0.581885,
          -0.329929,
          0.743342,
          2.220095
        ],
        [
          -0.811551,
          0.294986,
          -0.50435,
          3.282572
        ],
        [
          -0.052876,
          -0.896733,
          -0.439402,
          1.455389
        ],
        [
          0.0,
          0.0,
          0.0,
          1.0
        ]
      ]
    },
    {
      "file_path": "/media/NFS/ttao/scannet/posed_images/scene0086_01/00011.jpg",
      "transform_matrix": [
        [
          -0.535787,
          -0.319719,
          0.781481,
          2.180703
        ],
        [
          -0.842664,
          0.260987,
          -0.47096,
          3.227988
        ],
        [
          -0.053382,
          -0.91086,
          -0.40925,
          1.445036
        ],
        [
          0.0,
          0.0,
          0.0,
          1.0
        ]
      ]
    },
    {
      "file_path": "/media/NFS/ttao/scannet/posed_images/scene0086_01/00015.jpg",
      "transform_matrix": [
        [
          -0.497398,
          -0.350468,
          0.793579,
          2.168635
        ],
        [
          -0.866805,
          0.237979,
          -0.438196,
          3.17823
        ],
        [
          -0.035282,
          -0.905836,
          -0.422157,
          1.441179
        ],
        [
          0.0,
          0.0,
          0.0,
          1.0
        ]
      ]
    },
    {
      "file_path": "/media/NFS/ttao/scannet/posed_images/scene0086_01/00019.jpg",
      "transform_matrix": [
        [
          -0.488496,
          -0.371918,
          0.789334,
          2.154442
        ],
        [
          -0.872224,
          0.233459,
          -0.429794,
          3.124511
        ],
        [
          -0.024429,
          -0.898429,
          -0.438439,
          1.428591
        ],
        [
          0.0,
          0.0,
          0.0,
          1.0
        ]
      ]
    },
    {
      "file_path": "/media/NFS/ttao/scannet/posed_images/scene0086_01/00022.jpg",
      "transform_matrix": [
        [
          -0.478973,
          -0.376729,
          0.792881,
          2.136152
        ],
        [
          -0.877468,
          0.231406,
          -0.420121,
          3.067844
        ],
        [
          -0.025206,
          -0.896954,
          -0.441405,
          1.423022
        ],
        [
          0.0,
          0.0,
          0.0,
          1.0
        ]
      ]
    },
    {
      "file_path": "/media/NFS/ttao/scannet/posed_images/scene0086_01/00026.jpg",
      "transform_matrix": [
        [
          -0.494562,
          -0.386542,
          0.778456,
          2.126123
        ],
        [
          -0.868525,
          0.253534,
          -0.425892,
          3.036284
        ],
        [
          -0.032739,
          -0.886739,
          -0.46111,
          1.410236
        ],
        [
          0.0,
          0.0,
          0.0,
          1.0
        ]
      ]
    },
    {
      "file_path": "/media/NFS/ttao/scannet/posed_images/scene0086_01/00034.jpg",
      "transform_matrix": [
        [
          -0.514052,
          -0.316365,
          0.797285,
          2.101074
        ],
        [
          -0.856774,
          0.233907,
          -0.459593,
          2.991859
        ],
        [
          -0.041091,
          -0.919348,
          -0.391294,
          1.463552
        ],
        [
          0.0,
          0.0,
          0.0,
          1.0
        ]
      ]
    },
    {
      "file_path": "/media/NFS/ttao/scannet/posed_images/scene0086_01/00036.jpg",
      "transform_matrix": [
        [
          -0.520292,
          -0.301047,
          0.799167,
          2.094682
        ],
        [
          -0.853041,
          0.227276,
          -0.469752,
          2.98529
        ],
        [
          -0.040214,
          -0.92613,
          -0.375055,
          1.471565
        ],
        [
          0.0,
          0.0,
          0.0,
          1.0
        ]
      ]
    },
    {
      "file_path": "/media/NFS/ttao/scannet/posed_images/scene0086_01/00040.jpg",
      "transform_matrix": [
        [
          -0.534073,
          -0.264776,
          0.802908,
          2.077018
        ],
        [
          -0.844491,
          0.212035,
          -0.49181,
          2.974921
        ],
        [
          -0.040025,
          -0.94071,
          -0.336843,
          1.477615
        ],
        [
          0.0,
          0.0,
          0.0,
          1.0
        ]
      ]
    },
    {
      "file_path": "/media/NFS/ttao/scannet/posed_images/scene0086_01/00048.jpg",
      "transform_matrix": [
        [
          -0.550528,
          -0.218716,
          0.805657,
          2.060792
        ],
        [
          -0.834203,
          0.181148,
          -0.520857,
          2.978669
        ],
        [
          -0.032023,
          -0.958827,
          -0.28218,
          1.529766
        ],
        [
          0.0,
          0.0,
          0.0,
          1.0
        ]
      ]
    },
    {
      "file_path": "/media/NFS/ttao/scannet/posed_images/scene0086_01/00052.jpg",
      "transform_matrix": [
        [
          -0.55556,
          -0.202661,
          0.806401,
          2.048942
        ],
        [
          -0.83103,
          0.167135,
          -0.530524,
          2.989648
        ],
        [
          -0.027261,
          -0.964881,
          -0.261271,
          1.549626
        ],
        [
          0.0,
          0.0,
          0.0,
          1.0
        ]
      ]
    },
    {
      "file_path": "/media/NFS/ttao/scannet/posed_images/scene0086_01/00057.jpg",
      "transform_matrix": [
        [
          -0.565554,
          -0.179535,
          0.804933,
          2.031593
        ],
        [
          -0.824583,
          0.140356,
          -0.548054,
          3.018048
        ],
        [
          -0.014582,
          -0.973688,
          -0.227421,
          1.566331
        ],
        [
          0.0,
          0.0,
          0.0,
          1.0
        ]
      ]
    },
    {
      "file_path": "/media/NFS/ttao/scannet/posed_images/scene0086_01/00062.jpg",
      "transform_matrix": [
        [
          -0.567306,
          -0.165009,
          0.806806,
          2.017928
        ],
        [
          -0.823326,
          0.134198,
          -0.551476,
          3.041409
        ],
        [
          -0.017274,
          -0.97712,
          -0.211987,
          1.581571
        ],
        [
          0.0,
          0.0,
          0.0,
          1.0
        ]
      ]
    },
    {
      "file_path": "/media/NFS/ttao/scannet/posed_images/scene0086_01/00064.jpg",
      "transform_matrix": [
        [
          -0.568807,
          -0.159345,
          0.806888,
          2.011353
        ],
        [
          -0.822274,
          0.13168,
          -0.553648,
          3.049672
        ],
        [
          -0.01803,
          -0.978402,
          -0.205925,
          1.586977
        ],
        [
          0.0,
          0.0,
          0.0,
          1.0
        ]
      ]
    },
    {
      "file_path": "/media/NFS/ttao/scannet/posed_images/scene0086_01/00071.jpg",
      "transform_matrix": [
        [
          -0.571686,
          -0.147813,
          0.807048,
          1.985321
        ],
        [
          -0.820472,
          0.104066,
          -0.562135,
          3.080908
        ],
        [
          -0.000895,
          -0.983525,
          -0.180769,
          1.589659
        ],
        [
          0.0,
          0.0,
          0.0,
          1.0
        ]
      ]
    },
    {
      "file_path": "/media/NFS/ttao/scannet/posed_images/scene0086_01/00075.jpg",
      "transform_matrix": [
        [
          -0.579314,
          -0.154869,
          0.800257,
          1.967882
        ],
        [
          -0.81486,
          0.085981,
          -0.573246,
          3.097524
        ],
        [
          0.019971,
          -0.984186,
          -0.176006,
          1.590653
        ],
        [
          0.0,
          0.0,
          0.0,
          1.0
        ]
      ]
    },
    {
      "file_path": "/media/NFS/ttao/scannet/posed_images/scene0086_01/00077.jpg",
      "transform_matrix": [
        [
          -0.582364,
          -0.156892,
          0.797645,
          1.963779
        ],
        [
          -0.812645,
          0.086463,
          -0.576309,
          3.103234
        ],
        [
          0.021452,
          -0.983824,
          -0.17785,
          1.598432
        ],
        [
          0.0,
          0.0,
          0.0,
          1.0
        ]
      ]
    },
    {
      "file_path": "/media/NFS/ttao/scannet/posed_images/scene0086_01/00082.jpg",
      "transform_matrix": [
        [
          -0.585359,
          -0.141212,
          0.798383,
          1.945154
        ],
        [
          -0.810526,
          0.077554,
          -0.580545,
          3.116979
        ],
        [
          0.020062,
          -0.986937,
          -0.159852,
          1.595412
        ],
        [
          0.0,
          0.0,
          0.0,
          1.0
        ]
      ]
    },
    {
      "file_path": "/media/NFS/ttao/scannet/posed_images/scene0086_01/00086.jpg",
      "transform_matrix": [
        [
          -0.588713,
          -0.135579,
          0.796892,
          1.923006
        ],
        [
          -0.808341,
          0.096943,
          -0.580678,
          3.110775
        ],
        [
          0.001475,
          -0.986012,
          -0.166665,
          1.582747
        ],
        [
          0.0,
          0.0,
          0.0,
          1.0
        ]
      ]
    },
    {
      "file_path": "/media/NFS/ttao/scannet/posed_images/scene0086_01/00090.jpg",
      "transform_matrix": [
        [
          -0.607147,
          -0.128648,
          0.784106,
          1.896531
        ],
        [
          -0.794331,
          0.123441,
          -0.594811,
          3.092282
        ],
        [
          -0.02027,
          -0.983978,
          -0.177136,
          1.569182
        ],
        [
          0.0,
          0.0,
          0.0,
          1.0
        ]
      ]
    },
    {
      "file_path": "/media/NFS/ttao/scannet/posed_images/scene0086_01/00094.jpg",
      "transform_matrix": [
        [
          -0.631228,
          -0.136953,
          0.76341,
          1.856395
        ],
        [
          -0.7748,
          0.155977,
          -0.612664,
          3.055923
        ],
        [
          -0.035168,
          -0.978221,
          -0.204568,
          1.54271
        ],
        [
          0.0,
          0.0,
          0.0,
          1.0
        ]
      ]
    },
    {
      "file_path": "/media/NFS/ttao/scannet/posed_images/scene0086_01/00103.jpg",
      "transform_matrix": [
        [
          -0.655313,
          -0.210384,
          0.725468,
          1.805963
        ],
        [
          -0.754337,
          0.232178,
          -0.61406,
          3.003967
        ],
        [
          -0.039249,
          -0.949648,
          -0.31085,
          1.513622
        ],
        [
          0.0,
          0.0,
          0.0,
          1.0
        ]
      ]
    },
    {
      "file_path": "/media/NFS/ttao/scannet/posed_images/scene0086_01/00107.jpg",
      "transform_matrix": [
        [
          -0.644341,
          -0.232882,
          0.728417,
          1.787693
        ],
        [
          -0.764115,
          0.234511,
          -0.600943,
          2.995491
        ],
        [
          -0.030873,
          -0.943807,
          -0.329053,
          1.494596
        ],
        [
          0.0,
          0.0,
          0.0,
          1.0
        ]
      ]
    },
    {
      "file_path": "/media/NFS/ttao/scannet/posed_images/scene0086_01/00112.jpg",
      "transform_matrix": [
        [
          -0.627466,
          -0.262066,
          0.733217,
          1.781016
        ],
        [
          -0.778041,
          0.248072,
          -0.577159,
          2.997238
        ],
        [
          -0.030637,
          -0.932621,
          -0.359555,
          1.484735
        ],
        [
          0.0,
          0.0,
          0.0,
          1.0
        ]
      ]
    },
    {
      "file_path": "/media/NFS/ttao/scannet/posed_images/scene0086_01/00115.jpg",
      "transform_matrix": [
        [
          -0.617866,
          -0.268723,
          0.738938,
          1.777472
        ],
        [
          -0.785205,
          0.260067,
          -0.561977,
          2.996868
        ],
        [
          -0.041158,
          -0.927445,
          -0.371689,
          1.478039
        ],
        [
          0.0,
          0.0,
          0.0,
          1.0
        ]
      ]
    },
    {
      "file_path": "/media/NFS/ttao/scannet/posed_images/scene0086_01/00119.jpg",
      "transform_matrix": [
        [
          -0.595541,
          -0.264322,
          0.758595,
          1.783361
        ],
        [
          -0.801141,
          0.265007,
          -0.536605,
          3.003807
        ],
        [
          -0.059197,
          -0.927311,
          -0.369581,
          1.474592
        ],
        [
          0.0,
          0.0,
          0.0,
          1.0
        ]
      ]
    },
    {
      "file_path": "/media/NFS/ttao/scannet/posed_images/scene0086_01/00122.jpg",
      "transform_matrix": [
        [
          -0.571374,
          -0.266442,
          0.776235,
          1.791837
        ],
        [
          -0.817956,
          0.26202,
          -0.512146,
          3.006539
        ],
        [
          -0.066932,
          -0.927553,
          -0.367649,
          1.48177
        ],
        [
          0.0,
          0.0,
          0.0,
          1.0
        ]
      ]
    },
    {
      "file_path": "/media/NFS/ttao/scannet/posed_images/scene0086_01/00129.jpg",
      "transform_matrix": [
        [
          -0.508115,
          -0.282297,
          0.813713,
          1.829657
        ],
        [
          -0.859356,
          0.229427,
          -0.457023,
          3.043547
        ],
        [
          -0.057672,
          -0.931489,
          -0.359169,
          1.479769
        ],
        [
          0.0,
          0.0,
          0.0,
          1.0
        ]
      ]
    },
    {
      "file_path": "/media/NFS/ttao/scannet/posed_images/scene0086_01/00133.jpg",
      "transform_matrix": [
        [
          -0.479932,
          -0.291253,
          0.827549,
          1.864918
        ],
        [
          -0.876091,
          0.208734,
          -0.434621,
          3.080316
        ],
        [
          -0.046153,
          -0.933596,
          -0.355343,
          1.467358
        ],
        [
          0.0,
          0.0,
          0.0,
          1.0
        ]
      ]
    },
    {
      "file_path": "/media/NFS/ttao/scannet/posed_images/scene0086_01/00140.jpg",
      "transform_matrix": [
        [
          -0.422251,
          -0.321515,
          0.847545,
          1.934405
        ],
        [
          -0.905876,
          0.183761,
          -0.381602,
          3.133549
        ],
        [
          -0.033055,
          -0.928903,
          -0.368846,
          1.463914
        ],
        [
          0.0,
          0.0,
          0.0,
          1.0
        ]
      ]
    },
    {
      "file_path": "/media/NFS/ttao/scannet/posed_images/scene0086_01/00144.jpg",
      "transform_matrix": [
        [
          -0.396638,
          -0.338034,
          0.853471,
          1.961864
        ],
        [
          -0.917634,
          0.171372,
          -0.358581,
          3.164424
        ],
        [
          -0.025048,
          -0.9254,
          -0.378164,
          1.429854
        ],
        [
          0.0,
          0.0,
          0.0,
          1.0
        ]
      ]
    },
    {
      "file_path": "/media/NFS/ttao/scannet/posed_images/scene0086_01/00145.jpg",
      "transform_matrix": [
        [
          -0.397522,
          -0.344187,
          0.850595,
          1.97512
        ],
        [
          -0.917333,
          0.171123,
          -0.359469,
          3.179683
        ],
        [
          -0.021832,
          -0.923175,
          -0.383759,
          1.428124
        ],
        [
          0.0,
          0.0,
          0.0,
          1.0
        ]
      ]
    },
    {
      "file_path": "/media/NFS/ttao/scannet/posed_images/scene0086_01/00153.jpg",
      "transform_matrix": [
        [
          -0.415086,
          -0.384419,
          0.824576,
          2.040051
        ],
        [
          -0.909642,
          0.191307,
          -0.368719,
          3.239663
        ],
        [
          -0.016005,
          -0.903119,
          -0.429092,
          1.399326
        ],
        [
          0.0,
          0.0,
          0.0,
          1.0
        ]
      ]
    },
    {
      "file_path": "/media/NFS/ttao/scannet/posed_images/scene0086_01/00157.jpg",
      "transform_matrix": [
        [
          -0.411086,
          -0.398873,
          0.819701,
          2.060245
        ],
        [
          -0.911537,
          0.190169,
          -0.364605,
          3.266272
        ],
        [
          -0.01045,
          -0.897071,
          -0.441763,
          1.381455
        ],
        [
          0.0,
          0.0,
          0.0,
          1.0
        ]
      ]
    },
    {
      "file_path": "/media/NFS/ttao/scannet/posed_images/scene0086_01/00160.jpg",
      "transform_matrix": [
        [
          -0.388553,
          -0.416655,
          0.821842,
          2.072383
        ],
        [
          -0.921426,
          0.176303,
          -0.346253,
          3.277111
        ],
        [
          -0.000625,
          -0.891805,
          -0.45242,
          1.378846
        ],
        [
          0.0,
          0.0,
          0.0,
          1.0
        ]
      ]
    },
    {
      "file_path": "/media/NFS/ttao/scannet/posed_images/scene0086_01/00164.jpg",
      "transform_matrix": [
        [
          -0.376379,
          -0.416516,
          0.827559,
          2.093552
        ],
        [
          -0.926422,
          0.17795,
          -0.331779,
          3.305508
        ],
        [
          -0.009073,
          -0.891543,
          -0.452846,
          1.370644
        ],
        [
          0.0,
          0.0,
          0.0,
          1.0
        ]
      ]
    },
    {
      "file_path": "/media/NFS/ttao/scannet/posed_images/scene0086_01/00171.jpg",
      "transform_matrix": [
        [
          -0.318291,
          -0.420612,
          0.849574,
          2.116535
        ],
        [
          -0.947812,
          0.158727,
          -0.276512,
          3.348321
        ],
        [
          -0.018546,
          -0.893248,
          -0.449183,
          1.381388
        ],
        [
          0.0,
          0.0,
          0.0,
          1.0
        ]
      ]
    },
    {
      "file_path": "/media/NFS/ttao/scannet/posed_images/scene0086_01/00172.jpg",
      "transform_matrix": [
        [
          -0.30838,
          -0.420404,
          0.853324,
          2.117962
        ],
        [
          -0.951102,
          0.15278,
          -0.268447,
          3.354946
        ],
        [
          -0.017515,
          -0.894382,
          -0.446961,
          1.381727
        ],
        [
          0.0,
          0.0,
          0.0,
          1.0
        ]
      ]
    },
    {
      "file_path": "/media/NFS/ttao/scannet/posed_images/scene0086_01/00177.jpg",
      "transform_matrix": [
        [
          -0.258696,
          -0.417653,
          0.871001,
          2.119291
        ],
        [
          -0.965826,
          0.126771,
          -0.226072,
          3.371098
        ],
        [
          -0.015998,
          -0.89972,
          -0.436175,
          1.381358
        ],
        [
          0.0,
          0.0,
          0.0,
          1.0
        ]
      ]
    },
    {
      "file_path": "/media/NFS/ttao/scannet/posed_images/scene0086_01/00183.jpg",
      "transform_matrix": [
        [
          -0.191532,
          -0.442441,
          0.876106,
          2.111305
        ],
        [
          -0.981372,
          0.099969,
          -0.16406,
          3.379934
        ],
        [
          -0.014997,
          -0.891209,
          -0.453346,
          1.367263
        ],
        [
          0.0,
          0.0,
          0.0,
          1.0
        ]
      ]
    },
    {
      "file_path": "/media/NFS/ttao/scannet/posed_images/scene0086_01/00186.jpg",
      "transform_matrix": [
        [
          -0.168121,
          -0.454334,
          0.874823,
          2.109364
        ],
        [
          -0.985711,
          0.086895,
          -0.144303,
          3.390615
        ],
        [
          -0.010456,
          -0.886583,
          -0.462451,
          1.360395
        ],
        [
          0.0,
          0.0,
          0.0,
          1.0
        ]
      ]
    },
    {
      "file_path": "/media/NFS/ttao/scannet/posed_images/scene0086_01/00194.jpg",
      "transform_matrix": [
        [
          -0.090231,
          -0.500974,
          0.860746,
          2.101951
        ],
        [
          -0.995907,
          0.049968,
          -0.075318,
          3.424855
        ],
        [
          -0.005278,
          -0.864019,
          -0.503432,
          1.347091
        ],
        [
          0.0,
          0.0,
          0.0,
          1.0
        ]
      ]
    },
    {
      "file_path": "/media/NFS/ttao/scannet/posed_images/scene0086_01/00196.jpg",
      "transform_matrix": [
        [
          -0.080204,
          -0.500787,
          0.861847,
          2.103825
        ],
        [
          -0.996777,
          0.041708,
          -0.068526,
          3.436201
        ],
        [
          -0.001629,
          -0.864565,
          -0.502518,
          1.349652
        ],
        [
          0.0,
          0.0,
          0.0,
          1.0
        ]
      ]
    },
    {
      "file_path": "/media/NFS/ttao/scannet/posed_images/scene0086_01/00200.jpg",
      "transform_matrix": [
        [
          -0.056645,
          -0.499087,
          0.864699,
          2.106991
        ],
        [
          -0.998312,
          0.039407,
          -0.042653,
          3.445509
        ],
        [
          -0.012788,
          -0.865655,
          -0.500477,
          1.369904
        ],
        [
          0.0,
          0.0,
          0.0,
          1.0
        ]
      ]
    },
    {
      "file_path": "/media/NFS/ttao/scannet/posed_images/scene0086_01/00204.jpg",
      "transform_matrix": [
        [
          -0.017522,
          -0.486721,
          0.873382,
          2.112461
        ],
        [
          -0.999576,
          0.028852,
          -0.003975,
          3.457815
        ],
        [
          -0.023264,
          -0.873081,
          -0.48702,
          1.373649
        ],
        [
          0.0,
          0.0,
          0.0,
          1.0
        ]
      ]
    },
    {
      "file_path": "/media/NFS/ttao/scannet/posed_images/scene0086_01/00212.jpg",
      "transform_matrix": [
        [
          0.112937,
          -0.475946,
          0.872193,
          2.130273
        ],
        [
          -0.992354,
          -0.010047,
          0.123014,
          3.516464
        ],
        [
          -0.049785,
          -0.879417,
          -0.473441,
          1.361552
        ],
        [
          0.0,
          0.0,
          0.0,
          1.0
        ]
      ]
    },
    {
      "file_path": "/media/NFS/ttao/scannet/posed_images/scene0086_01/00216.jpg",
      "transform_matrix": [
        [
          0.150483,
          -0.460322,
          0.874905,
          2.141721
        ],
        [
          -0.987507,
          -0.028159,
          0.155035,
          3.540642
        ],
        [
          -0.046729,
          -0.887306,
          -0.458809,
          1.346217
        ],
        [
          0.0,
          0.0,
          0.0,
          1.0
        ]
      ]
    },
    {
      "file_path": "/media/NFS/ttao/scannet/posed_images/scene0086_01/00222.jpg",
      "transform_matrix": [
        [
          0.173664,
          -0.449857,
          0.876053,
          2.197752
        ],
        [
          -0.982554,
          -0.019035,
          0.185001,
          3.57932
        ],
        [
          -0.066548,
          -0.892898,
          -0.445315,
          1.366756
        ],
        [
          0.0,
          0.0,
          0.0,
          1.0
        ]
      ]
    },
    {
      "file_path": "/media/NFS/ttao/scannet/posed_images/scene0086_01/00223.jpg",
      "transform_matrix": [
        [
          0.175183,
          -0.442738,
          0.879372,
          2.208851
        ],
        [
          -0.982094,
          -0.015709,
          0.187737,
          3.585023
        ],
        [
          -0.069304,
          -0.896514,
          -0.437562,
          1.365834
        ],
        [
          0.0,
          0.0,
          0.0,
          1.0
        ]
      ]
    },
    {
      "file_path": "/media/NFS/ttao/scannet/posed_images/scene0086_01/00229.jpg",
      "transform_matrix": [
        [
          0.168483,
          -0.424411,
          0.889657,
          2.314372
        ],
        [
          -0.98268,
          -0.001671,
          0.185303,
          3.62888
        ],
        [
          -0.077157,
          -0.905468,
          -0.417342,
          1.381581
        ],
        [
          0.0,
          0.0,
          0.0,
          1.0
        ]
      ]
    },
    {
      "file_path": "/media/NFS/ttao/scannet/posed_images/scene0086_01/00235.jpg",
      "transform_matrix": [
        [
          0.193664,
          -0.439469,
          0.877132,
          2.386856
        ],
        [
          -0.978854,
          -0.02653,
          0.202831,
          3.70105
        ],
        [
          -0.065868,
          -0.897866,
          -0.435314,
          1.375428
        ],
        [
          0.0,
          0.0,
          0.0,
          1.0
        ]
      ]
    },
    {
      "file_path": "/media/NFS/ttao/scannet/posed_images/scene0086_01/00240.jpg",
      "transform_matrix": [
        [
          0.195063,
          -0.437641,
          0.877736,
          2.441433
        ],
        [
          -0.979352,
          -0.03846,
          0.198469,
          3.759917
        ],
        [
          -0.053101,
          -0.898327,
          -0.436107,
          1.361403
        ],
        [
          0.0,
          0.0,
          0.0,
          1.0
        ]
      ]
    },
    {
      "file_path": "/media/NFS/ttao/scannet/posed_images/scene0086_01/00241.jpg",
      "transform_matrix": [
        [
          0.189639,
          -0.439931,
          0.87778,
          2.45355
        ],
        [
          -0.980535,
          -0.03854,
          0.192523,
          3.772831
        ],
        [
          -0.050868,
          -0.897205,
          -0.438676,
          1.358295
        ],
        [
          0.0,
          0.0,
          0.0,
          1.0
        ]
      ]
    },
    {
      "file_path": "/media/NFS/ttao/scannet/posed_images/scene0086_01/00248.jpg",
      "transform_matrix": [
        [
          0.099242,
          -0.451581,
          0.886694,
          2.549181
        ],
        [
          -0.994436,
          -0.013364,
          0.104494,
          3.887455
        ],
        [
          -0.035338,
          -0.89213,
          -0.450395,
          1.361666
        ],
        [
          0.0,
          0.0,
          0.0,
          1.0
        ]
      ]
    },
    {
      "file_path": "/media/NFS/ttao/scannet/posed_images/scene0086_01/00251.jpg",
      "transform_matrix": [
        [
          0.071012,
          -0.467685,
          0.881038,
          2.592716
        ],
        [
          -0.996905,
          -0.0034,
          0.078546,
          3.943667
        ],
        [
          -0.033739,
          -0.883889,
          -0.466479,
          1.370439
        ],
        [
          0.0,
          0.0,
          0.0,
          1.0
        ]
      ]
    },
    {
      "file_path": "/media/NFS/ttao/scannet/posed_images/scene0086_01/00255.jpg",
      "transform_matrix": [
        [
          0.024959,
          -0.46333,
          0.885834,
          2.643947
        ],
        [
          -0.99907,
          0.019605,
          0.038403,
          3.999572
        ],
        [
          -0.03516,
          -0.885969,
          -0.46241,
          1.372588
        ],
        [
          0.0,
          0.0,
          0.0,
          1.0
        ]
      ]
    },
    {
      "file_path": "/media/NFS/ttao/scannet/posed_images/scene0086_01/00259.jpg",
      "transform_matrix": [
        [
          -0.025746,
          -0.466227,
          0.88429,
          2.708413
        ],
        [
          -0.998847,
          0.047845,
          -0.003856,
          4.050088
        ],
        [
          -0.040511,
          -0.88337,
          -0.466922,
          1.37074
        ],
        [
          0.0,
          0.0,
          0.0,
          1.0
        ]
      ]
    },
    {
      "file_path": "/media/NFS/ttao/scannet/posed_images/scene0086_01/00264.jpg",
      "transform_matrix": [
        [
          -0.060762,
          -0.453302,
          0.889284,
          2.775172
        ],
        [
          -0.997872,
          0.048696,
          -0.043359,
          4.097052
        ],
        [
          -0.023649,
          -0.890026,
          -0.455296,
          1.366461
        ],
        [
          0.0,
          0.0,
          0.0,
          1.0
        ]
      ]
    },
    {
      "file_path": "/media/NFS/ttao/scannet/posed_images/scene0086_01/00270.jpg",
      "transform_matrix": [
        [
          -0.125094,
          -0.417729,
          0.899919,
          2.863324
        ],
        [
          -0.991722,
          0.079114,
          -0.101132,
          4.14301
        ],
        [
          -0.02895,
          -0.905121,
          -0.424168,
          1.383125
        ],
        [
          0.0,
          0.0,
          0.0,
          1.0
        ]
      ]
    },
    {
      "file_path": "/media/NFS/ttao/scannet/posed_images/scene0086_01/00274.jpg",
      "transform_matrix": [
        [
          -0.160563,
          -0.415608,
          0.89526,
          2.934841
        ],
        [
          -0.986905,
          0.081761,
          -0.139043,
          4.183508
        ],
        [
          -0.01541,
          -0.905862,
          -0.423293,
          1.387556
        ],
        [
          0.0,
          0.0,
          0.0,
          1.0
        ]
      ]
    },
    {
      "file_path": "/media/NFS/ttao/scannet/posed_images/scene0086_01/00281.jpg",
      "transform_matrix": [
        [
          -0.230494,
          -0.409937,
          0.88251,
          3.04698
        ],
        [
          -0.972993,
          0.108799,
          -0.203588,
          4.250017
        ],
        [
          -0.012559,
          -0.905602,
          -0.423943,
          1.386365
        ],
        [
          0.0,
          0.0,
          0.0,
          1.0
        ]
      ]
    },
    {
      "file_path": "/media/NFS/ttao/scannet/posed_images/scene0086_01/00282.jpg",
      "transform_matrix": [
        [
          -0.244529,
          -0.411201,
          0.878134,
          3.061387
        ],
        [
          -0.969529,
          0.117489,
          -0.214963,
          4.256337
        ],
        [
          -0.014778,
          -0.903941,
          -0.427401,
          1.394034
        ],
        [
          0.0,
          0.0,
          0.0,
          1.0
        ]
      ]
    },
    {
      "file_path": "/media/NFS/ttao/scannet/posed_images/scene0086_01/00290.jpg",
      "transform_matrix": [
        [
          -0.335659,
          -0.383896,
          0.860208,
          3.174911
        ],
        [
          -0.94078,
          0.182761,
          -0.285536,
          4.325845
        ],
        [
          -0.047596,
          -0.905109,
          -0.422507,
          1.410154
        ],
        [
          0.0,
          0.0,
          0.0,
          1.0
        ]
      ]
    },
    {
      "file_path": "/media/NFS/ttao/scannet/posed_images/scene0086_01/00292.jpg",
      "transform_matrix": [
        [
          -0.349286,
          -0.381924,
          0.855648,
          3.216243
        ],
        [
          -0.935975,
          0.18525,
          -0.299389,
          4.349166
        ],
        [
          -0.044165,
          -0.905437,
          -0.422176,
          1.404648
        ],
        [
          0.0,
          0.0,
          0.0,
          1.0
        ]
      ]
    },
    {
      "file_path": "/media/NFS/ttao/scannet/posed_images/scene0086_01/00296.jpg",
      "transform_matrix": [
        [
          -0.37513,
          -0.393789,
          0.839171,
          3.268219
        ],
        [
          -0.92615,
          0.197337,
          -0.321409,
          4.360227
        ],
        [
          -0.039032,
          -0.897769,
          -0.438735,
          1.404926
        ],
        [
          0.0,
          0.0,
          0.0,
          1.0
        ]
      ]
    },
    {
      "file_path": "/media/NFS/ttao/scannet/posed_images/scene0086_01/00300.jpg",
      "transform_matrix": [
        [
          -0.392177,
          -0.393134,
          0.831651,
          3.320363
        ],
        [
          -0.919001,
          0.207185,
          -0.335428,
          4.352739
        ],
        [
          -0.040438,
          -0.895835,
          -0.442543,
          1.403033
        ],
        [
          0.0,
          0.0,
          0.0,
          1.0
        ]
      ]
    },
    {
      "file_path": "/media/NFS/ttao/scannet/posed_images/scene0086_01/00305.jpg",
      "transform_matrix": [
        [
          -0.422807,
          -0.417467,
          0.804336,
          3.392151
        ],
        [
          -0.9056,
          0.227471,
          -0.357976,
          4.323525
        ],
        [
          -0.03352,
          -0.879761,
          -0.474234,
          1.393236
        ],
        [
          0.0,
          0.0,
          0.0,
          1.0
        ]
      ]
    },
    {
      "file_path": "/media/NFS/ttao/scannet/posed_images/scene0086_01/00309.jpg",
      "transform_matrix": [
        [
          -0.432285,
          -0.419077,
          0.798439,
          3.438662
        ],
        [
          -0.900643,
          0.244268,
          -0.359411,
          4.297242
        ],
        [
          -0.044412,
          -0.874476,
          -0.483032,
          1.400221
        ],
        [
          0.0,
          0.0,
          0.0,
          1.0
        ]
      ]
    },
    {
      "file_path": "/media/NFS/ttao/scannet/posed_images/scene0086_01/00316.jpg",
      "transform_matrix": [
        [
          -0.472302,
          -0.420854,
          0.774476,
          3.494344
        ],
        [
          -0.881217,
          0.245103,
          -0.404206,
          4.281335
        ],
        [
          -0.019715,
          -0.873388,
          -0.486626,
          1.410003
        ],
        [
          0.0,
          0.0,
          0.0,
          1.0
        ]
      ]
    },
    {
      "file_path": "/media/NFS/ttao/scannet/posed_images/scene0086_01/00319.jpg",
      "transform_matrix": [
        [
          -0.51864,
          -0.417678,
          0.746028,
          3.524819
        ],
        [
          -0.85495,
          0.262046,
          -0.447651,
          4.284424
        ],
        [
          -0.00852,
          -0.869987,
          -0.493002,
          1.412647
        ],
        [
          0.0,
          0.0,
          0.0,
          1.0
        ]
      ]
    },
    {
      "file_path": "/media/NFS/ttao/scannet/posed_images/scene0086_01/00326.jpg",
      "transform_matrix": [
        [
          -0.654792,
          -0.357147,
          0.666104,
          3.581806
        ],
        [
          -0.755799,
          0.304755,
          -0.579563,
          4.32881
        ],
        [
          0.00399,
          -0.882933,
          -0.469482,
          1.43213
        ],
        [
          0.0,
          0.0,
          0.0,
          1.0
        ]
      ]
    },
    {
      "file_path": "/media/NFS/ttao/scannet/posed_images/scene0086_01/00330.jpg",
      "transform_matrix": [
        [
          -0.720161,
          -0.349269,
          0.599483,
          3.613276
        ],
        [
          -0.693505,
          0.336858,
          -0.63685,
          4.358375
        ],
        [
          0.020492,
          -0.874379,
          -0.484812,
          1.447498
        ],
        [
          0.0,
          0.0,
          0.0,
          1.0
        ]
      ]
    },
    {
      "file_path": "/media/NFS/ttao/scannet/posed_images/scene0086_01/00333.jpg",
      "transform_matrix": [
        [
          -0.75414,
          -0.323212,
          0.57167,
          3.635264
        ],
        [
          -0.656284,
          0.339436,
          -0.673851,
          4.395393
        ],
        [
          0.023751,
          -0.883356,
          -0.468101,
          1.456731
        ],
        [
          0.0,
          0.0,
          0.0,
          1.0
        ]
      ]
    },
    {
      "file_path": "/media/NFS/ttao/scannet/posed_images/scene0086_01/00340.jpg",
      "transform_matrix": [
        [
          -0.77524,
          -0.23927,
          0.584597,
          3.658749
        ],
        [
          -0.631421,
          0.267722,
          -0.727758,
          4.431101
        ],
        [
          0.017621,
          -0.933314,
          -0.358629,
          1.509251
        ],
        [
          0.0,
          0.0,
          0.0,
          1.0
        ]
      ]
    },
    {
      "file_path": "/media/NFS/ttao/scannet/posed_images/scene0086_01/00344.jpg",
      "transform_matrix": [
        [
          -0.783934,
          -0.204531,
          0.586186,
          3.662886
        ],
        [
          -0.620324,
          0.219415,
          -0.753031,
          4.430192
        ],
        [
          0.0254,
          -0.953952,
          -0.298882,
          1.542237
        ],
        [
          0.0,
          0.0,
          0.0,
          1.0
        ]
      ]
    },
    {
      "file_path": "/media/NFS/ttao/scannet/posed_images/scene0086_01/00349.jpg",
      "transform_matrix": [
        [
          -0.785403,
          -0.170219,
          0.59512,
          3.660322
        ],
        [
          -0.617917,
          0.159166,
          -0.769964,
          4.425669
        ],
        [
          0.03634,
          -0.972467,
          -0.230191,
          1.571316
        ],
        [
          0.0,
          0.0,
          0.0,
          1.0
        ]
      ]
    },
    {
      "file_path": "/media/NFS/ttao/scannet/posed_images/scene0086_01/00350.jpg",
      "transform_matrix": [
        [
          -0.784737,
          -0.179425,
          0.593292,
          3.663178
        ],
        [
          -0.618621,
          0.166985,
