{
  "frames": [
    {
      "file_path": "/media/NFS/ttao/scannet/posed_images/scene0411_00/00000.jpg",
      "transform_matrix": [
        [
          0.973703,
          0.019298,
          -0.227004,
          1.592894
        ],
        [
          0.224075,
          -0.261115,
          0.938941,
          5.789991
        ],
        [
          -0.041155,
          -0.965115,
          -0.258572,
          1.493243
        ],
        [
          0.0,
          0.0,
          0.0,
          1.0
        ]
      ]
    },
    {
      "file_path": "/media/NFS/ttao/scannet/posed_images/scene0411_00/00004.jpg",
      "transform_matrix": [
        [
          0.971002,
          0.015732,
          -0.238553,
          1.594026
        ],
        [
          0.23447,
          -0.257508,
          0.937397,
          5.792605
        ],
        [
          -0.046682,
          -0.966148,
          -0.25373,
          1.502675
        ],
        [
          0.0,
          0.0,
          0.0,
          1.0
        ]
      ]
    },
    {
      "file_path": "/media/NFS/ttao/scannet/posed_images/scene0411_00/00010.jpg",
      "transform_matrix": [
        [
          0.969466,
          0.011228,
          -0.244968,
          1.597178
        ],
        [
          0.240587,
          -0.236915,
          0.94127,
          5.795486
        ],
        [
          -0.047468,
          -0.971465,
          -0.232383,
          1.513107
        ],
        [
          0.0,
          0.0,
          0.0,
          1.0
        ]
      ]
    },
    {
      "file_path": "/media/NFS/ttao/scannet/posed_images/scene0411_00/00015.jpg",
      "transform_matrix": [
        [
          0.969653,
          -0.000413,
          -0.244485,
          1.606349
        ],
        [
          0.23787,
          -0.229456,
          0.943805,
          5.796783
        ],
        [
          -0.056488,
          -0.973319,
          -0.222395,
          1.53688
        ],
        [
          0.0,
          0.0,
          0.0,
          1.0
        ]
      ]
    },
    {
      "file_path": "/media/NFS/ttao/scannet/posed_images/scene0411_00/00018.jpg",
      "transform_matrix": [
        [
          0.968899,
          0.002326,
          -0.247447,
          1.605297
        ],
        [
          0.240977,
          -0.236234,
          0.941342,
          5.802185
        ],
        [
          -0.056266,
          -0.971693,
          -0.229447,
          1.531396
        ],
        [
          0.0,
          0.0,
          0.0,
          1.0
        ]
      ]
    },
    {
      "file_path": "/media/NFS/ttao/scannet/posed_images/scene0411_00/00024.jpg",
      "transform_matrix": [
        [
          0.973084,
          0.003433,
          -0.230424,
          1.603457
        ],
        [
          0.225872,
          -0.212513,
          0.950695,
          5.800019
        ],
        [
          -0.045704,
          -0.977152,
          -0.207568,
          1.530242
        ],
        [
          0.0,
          0.0,
          0.0,
          1.0
        ]
      ]
    },
    {
      "file_path": "/media/NFS/ttao/scannet/posed_images/scene0411_00/00030.jpg",
      "transform_matrix": [
        [
          0.973064,
          -0.005584,
          -0.230467,
          1.604248
        ],
        [
          0.224713,
          -0.200261,
          0.953624,
          5.783982
        ],
        [
          -0.051479,
          -0.979727,
          -0.193612,
          1.538656
        ],
        [
          0.0,
          0.0,
          0.0,
          1.0
        ]
      ]
    },
    {
      "file_path": "/media/NFS/ttao/scannet/posed_images/scene0411_00/00034.jpg",
      "transform_matrix": [
        [
          0.972466,
          -0.017632,
          -0.232376,
          1.601427
        ],
        [
          0.224665,
          -0.194044,
          0.95492,
          5.774769
        ],
        [
          -0.061928,
          -0.980834,
          -0.18474,
          1.555475
        ],
        [
          0.0,
          0.0,
          0.0,
          1.0
        ]
      ]
    },
    {
      "file_path": "/media/NFS/ttao/scannet/posed_images/scene0411_00/00037.jpg",
      "transform_matrix": [
        [
          0.974139,
          -0.013831,
          -0.225525,
          1.592589
        ],
        [
          0.218595,
          -0.194882,
          0.956158,
          5.766822
        ],
        [
          -0.057176,
          -0.980729,
          -0.186819,
          1.550887
        ],
        [
          0.0,
          0.0,
          0.0,
          1.0
        ]
      ]
    },
    {
      "file_path": "/media/NFS/ttao/scannet/posed_images/scene0411_00/00041.jpg",
      "transform_matrix": [
        [
          0.97851,
          -0.003458,
          -0.206171,
          1.582576
        ],
        [
          0.200541,
          -0.216684,
          0.955422,
          5.760763
        ],
        [
          -0.047978,
          -0.976236,
          -0.211334,
          1.538643
        ],
        [
          0.0,
          0.0,
          0.0,
          1.0
        ]
      ]
    },
    {
      "file_path": "/media/NFS/ttao/scannet/posed_images/scene0411_00/00049.jpg",
      "transform_matrix": [
        [
          0.985352,
          -0.007394,
          -0.17037,
          1.566416
        ],
        [
          0.161859,
          -0.273989,
          0.948015,
          5.731226
        ],
        [
          -0.05369,
          -0.961704,
          -0.268779,
          1.512036
        ],
        [
          0.0,
          0.0,
          0.0,
          1.0
        ]
      ]
    },
    {
      "file_path": "/media/NFS/ttao/scannet/posed_images/scene0411_00/00051.jpg",
      "transform_matrix": [
        [
          0.987141,
          -0.005044,
          -0.159773,
          1.548611
        ],
        [
          0.152028,
          -0.279252,
          0.948107,
          5.714883
        ],
        [
          -0.0494,
          -0.960205,
          -0.274894,
          1.484738
        ],
        [
          0.0,
          0.0,
          0.0,
          1.0
        ]
      ]
    },
    {
      "file_path": "/media/NFS/ttao/scannet/posed_images/scene0411_00/00055.jpg",
      "transform_matrix": [
        [
          0.990228,
          0.003348,
          -0.139417,
          1.530164
        ],
        [
          0.133899,
          -0.302232,
          0.943783,
          5.705128
        ],
        [
          -0.038976,
          -0.953228,
          -0.299727,
          1.463091
        ],
        [
          0.0,
          0.0,
          0.0,
          1.0
        ]
      ]
    },
    {
      "file_path": "/media/NFS/ttao/scannet/posed_images/scene0411_00/00062.jpg",
      "transform_matrix": [
        [
          0.995965,
          -0.002874,
          -0.089699,
          1.526587
        ],
        [
          0.083528,
          -0.335842,
          0.938207,
          5.69454
        ],
        [
          -0.032821,
          -0.941914,
          -0.334247,
          1.452998
        ],
        [
          0.0,
          0.0,
          0.0,
          1.0
        ]
      ]
    },
    {
      "file_path": "/media/NFS/ttao/scannet/posed_images/scene0411_00/00068.jpg",
      "transform_matrix": [
        [
          0.997852,
          -0.012819,
          -0.064247,
          1.542753
        ],
        [
          0.055303,
          -0.360946,
          0.930945,
          5.683257
        ],
        [
          -0.035123,
          -0.932498,
          -0.359462,
          1.4516
        ],
        [
          0.0,
          0.0,
          0.0,
          1.0
        ]
      ]
    },
    {
      "file_path": "/media/NFS/ttao/scannet/posed_images/scene0411_00/00072.jpg",
      "transform_matrix": [
        [
          0.997442,
          -0.017516,
          -0.069301,
          1.566862
        ],
        [
          0.058307,
          -0.36145,
          0.930567,
          5.664545
        ],
        [
          -0.041349,
          -0.932227,
          -0.359504,
          1.449508
        ],
        [
          0.0,
          0.0,
          0.0,
          1.0
        ]
      ]
    },
    {
      "file_path": "/media/NFS/ttao/scannet/posed_images/scene0411_00/00075.jpg",
      "transform_matrix": [
        [
          0.997216,
          -0.026501,
          -0.069696,
          1.589464
        ],
        [
          0.055546,
          -0.359541,
          0.931475,
          5.638211
        ],
        [
          -0.049744,
          -0.932753,
          -0.357068,
          1.441593
        ],
        [
          0.0,
          0.0,
          0.0,
          1.0
        ]
      ]
    },
    {
      "file_path": "/media/NFS/ttao/scannet/posed_images/scene0411_00/00082.jpg",
      "transform_matrix": [
        [
          0.99625,
          -0.041083,
          -0.076146,
          1.64628
        ],
        [
          0.054609,
          -0.384072,
          0.921687,
          5.586924
        ],
        [
          -0.067111,
          -0.922389,
          -0.380388,
          1.438436
        ],
        [
          0.0,
          0.0,
          0.0,
          1.0
        ]
      ]
    },
    {
      "file_path": "/media/NFS/ttao/scannet/posed_images/scene0411_00/00087.jpg",
      "transform_matrix": [
        [
          0.995394,
          -0.058046,
          -0.076296,
          1.673954
        ],
        [
          0.047771,
          -0.389681,
          0.91971,
          5.551353
        ],
        [
          -0.083116,
          -0.919119,
          -0.385113,
          1.43832
        ],
        [
          0.0,
          0.0,
          0.0,
          1.0
        ]
      ]
    },
    {
      "file_path": "/media/NFS/ttao/scannet/posed_images/scene0411_00/00089.jpg",
      "transform_matrix": [
        [
          0.99472,
          -0.068227,
          -0.07667,
          1.683095
        ],
        [
          0.044343,
          -0.388012,
          0.920587,
          5.539054
        ],
        [
          -0.092558,
          -0.919126,
          -0.382938,
          1.442263
        ],
        [
          0.0,
          0.0,
          0.0,
          1.0
        ]
      ]
    },
    {
      "file_path": "/media/NFS/ttao/scannet/posed_images/scene0411_00/00093.jpg",
      "transform_matrix": [
        [
          0.994817,
          -0.080284,
          -0.0624,
          1.706502
        ],
        [
          0.026774,
          -0.385193,
          0.922448,
          5.509161
        ],
        [
          -0.098093,
          -0.919337,
          -0.381047,
          1.453461
        ],
        [
          0.0,
          0.0,
          0.0,
          1.0
        ]
      ]
    },
    {
      "file_path": "/media/NFS/ttao/scannet/posed_images/scene0411_00/00097.jpg",
      "transform_matrix": [
        [
          0.996,
          -0.084387,
          -0.029364,
          1.713809
        ],
        [
          -0.004789,
          -0.378586,
          0.925554,
          5.481733
        ],
        [
          -0.089221,
          -0.921711,
          -0.377476,
          1.461317
        ],
        [
          0.0,
          0.0,
          0.0,
          1.0
        ]
      ]
    },
    {
      "file_path": "/media/NFS/ttao/scannet/posed_images/scene0411_00/00106.jpg",
      "transform_matrix": [
        [
          0.996849,
          -0.069143,
          0.038871,
          1.711477
        ],
        [
          -0.060433,
          -0.34462,
          0.936795,
          5.388094
        ],
        [
          -0.051377,
          -0.936192,
          -0.347713,
          1.486479
        ],
        [
          0.0,
          0.0,
          0.0,
          1.0
        ]
      ]
    },
    {
      "file_path": "/media/NFS/ttao/scannet/posed_images/scene0411_00/00107.jpg",
      "transform_matrix": [
        [
          0.997118,
          -0.064667,
          0.039666,
          1.718337
        ],
        [
          -0.059445,
          -0.341171,
          0.93812,
          5.376908
        ],
        [
          -0.047132,
          -0.937774,
          -0.344032,
          1.485403
        ],
        [
          0.0,
          0.0,
          0.0,
          1.0
        ]
      ]
    },
    {
      "file_path": "/media/NFS/ttao/scannet/posed_images/scene0411_00/00116.jpg",
      "transform_matrix": [
        [
          0.992652,
          -0.070935,
          0.098033,
          1.733806
        ],
        [
          -0.115505,
          -0.313985,
          0.942376,
          5.301256
        ],
        [
          -0.036066,
          -0.946774,
          -0.319872,
          1.495465
        ],
        [
          0.0,
          0.0,
          0.0,
          1.0
        ]
      ]
    },
    {
      "file_path": "/media/NFS/ttao/scannet/posed_images/scene0411_00/00118.jpg",
      "transform_matrix": [
        [
          0.990919,
          -0.081137,
          0.107225,
          1.742588
        ],
        [
          -0.127614,
          -0.316221,
          0.940063,
          5.289687
        ],
        [
          -0.042367,
          -0.945209,
          -0.323704,
          1.499914
        ],
        [
          0.0,
          0.0,
          0.0,
          1.0
        ]
      ]
    },
    {
      "file_path": "/media/NFS/ttao/scannet/posed_images/scene0411_00/00123.jpg",
      "transform_matrix": [
        [
          0.988445,
          -0.097298,
          0.116236,
          1.787703
        ],
        [
          -0.141241,
          -0.312782,
          0.939265,
          5.265656
        ],
        [
          -0.055032,
          -0.944828,
          -0.32291,
          1.494532
        ],
        [
          0.0,
          0.0,
          0.0,
          1.0
        ]
      ]
    },
    {
      "file_path": "/media/NFS/ttao/scannet/posed_images/scene0411_00/00127.jpg",
      "transform_matrix": [
        [
          0.986525,
          -0.104358,
          0.126006,
          1.817993
        ],
        [
          -0.152353,
          -0.305231,
          0.940012,
          5.247777
        ],
        [
          -0.059637,
          -0.946543,
          -0.317017,
          1.497176
        ],
        [
          0.0,
          0.0,
          0.0,
          1.0
        ]
      ]
    },
    {
      "file_path": "/media/NFS/ttao/scannet/posed_images/scene0411_00/00134.jpg",
      "transform_matrix": [
        [
          0.982767,
          -0.091894,
          0.16039,
          1.922531
        ],
        [
          -0.180882,
          -0.299273,
          0.936866,
          5.204055
        ],
        [
          -0.038092,
          -0.949732,
          -0.310737,
          1.49409
        ],
        [
          0.0,
          0.0,
          0.0,
          1.0
        ]
      ]
    },
    {
      "file_path": "/media/NFS/ttao/scannet/posed_images/scene0411_00/00138.jpg",
      "transform_matrix": [
        [
          0.975621,
          -0.101674,
          0.194489,
          1.959466
        ],
        [
          -0.216566,
          -0.302522,
          0.928213,
          5.18681
        ],
        [
          -0.035538,
          -0.947704,
          -0.317166,
          1.497952
        ],
        [
          0.0,
          0.0,
          0.0,
          1.0
        ]
      ]
    },
    {
      "file_path": "/media/NFS/ttao/scannet/posed_images/scene0411_00/00144.jpg",
      "transform_matrix": [
        [
          0.963183,
          -0.133213,
          0.233523,
          1.991882
        ],
        [
          -0.263275,
          -0.291431,
          0.919649,
          5.179129
        ],
        [
          -0.054454,
          -0.947271,
          -0.315773,
          1.503577
        ],
        [
          0.0,
          0.0,
          0.0,
          1.0
        ]
      ]
    },
    {
      "file_path": "/media/NFS/ttao/scannet/posed_images/scene0411_00/00145.jpg",
      "transform_matrix": [
        [
          0.962043,
          -0.136196,
          0.236484,
          1.997099
        ],
        [
          -0.266991,
          -0.290393,
          0.918906,
          5.17931
        ],
        [
          -0.056478,
          -0.947166,
          -0.315733,
          1.505559
        ],
        [
          0.0,
          0.0,
          0.0,
          1.0
        ]
      ]
    },
    {
      "file_path": "/media/NFS/ttao/scannet/posed_images/scene0411_00/00152.jpg",
      "transform_matrix": [
        [
          0.946714,
          -0.162238,
          0.278229,
          1.999368
        ],
        [
          -0.315036,
          -0.286844,
          0.904695,
          5.183981
        ],
        [
          -0.066968,
          -0.94414,
          -0.32267,
          1.49176
        ],
        [
          0.0,
          0.0,
          0.0,
          1.0
        ]
      ]
    },
    {
      "file_path": "/media/NFS/ttao/scannet/posed_images/scene0411_00/00154.jpg",
      "transform_matrix": [
        [
          0.942521,
          -0.165315,
          0.290389,
          1.988054
        ],
        [
          -0.327548,
          -0.285229,
          0.900753,
          5.191547
        ],
        [
          -0.06608,
          -0.944095,
          -0.322983,
          1.494028
        ],
        [
          0.0,
          0.0,
          0.0,
          1.0
        ]
      ]
    },
    {
      "file_path": "/media/NFS/ttao/scannet/posed_images/scene0411_00/00162.jpg",
      "transform_matrix": [
        [
          0.911921,
          -0.210153,
          0.352471,
          1.935075
        ],
        [
          -0.401395,
          -0.278182,
          0.872638,
          5.233219
        ],
        [
          -0.085336,
          -0.937257,
          -0.338035,
          1.494604
        ],
        [
          0.0,
          0.0,
          0.0,
          1.0
        ]
      ]
    },
    {
      "file_path": "/media/NFS/ttao/scannet/posed_images/scene0411_00/00166.jpg",
      "transform_matrix": [
        [
          0.896407,
          -0.217699,
          0.386086,
          1.897578
        ],
        [
          -0.434665,
          -0.261332,
          0.861842,
          5.256156
        ],
        [
          -0.086726,
          -0.940379,
          -0.328885,
          1.493415
        ],
        [
          0.0,
          0.0,
          0.0,
          1.0
        ]
      ]
    },
    {
      "file_path": "/media/NFS/ttao/scannet/posed_images/scene0411_00/00172.jpg",
      "transform_matrix": [
        [
          0.869895,
          -0.231988,
          0.435274,
          1.856655
        ],
        [
          -0.485768,
          -0.249967,
          0.837584,
          5.29808
        ],
        [
          -0.085505,
          -0.940052,
          -0.330137,
          1.490885
        ],
        [
          0.0,
          0.0,
          0.0,
          1.0
        ]
      ]
    },
    {
      "file_path": "/media/NFS/ttao/scannet/posed_images/scene0411_00/00176.jpg",
      "transform_matrix": [
        [
          0.859577,
          -0.22645,
          0.458091,
          1.84727
        ],
        [
          -0.506571,
          -0.259762,
          0.822138,
          5.326978
        ],
        [
          -0.067178,
          -0.938746,
          -0.337998,
          1.489692
        ],
        [
          0.0,
          0.0,
          0.0,
          1.0
        ]
      ]
    },
    {
      "file_path": "/media/NFS/ttao/scannet/posed_images/scene0411_00/00180.jpg",
      "transform_matrix": [
        [
          0.845495,
          -0.217152,
          0.487835,
          1.839094
        ],
        [
          -0.532255,
          -0.269273,
          0.802619,
          5.367215
        ],
        [
          -0.04293,
          -0.938263,
          -0.343249,
          1.501169
        ],
        [
          0.0,
          0.0,
          0.0,
          1.0
        ]
      ]
    },
    {
      "file_path": "/media/NFS/ttao/scannet/posed_images/scene0411_00/00183.jpg",
      "transform_matrix": [
        [
          0.842061,
          -0.212951,
          0.495567,
          1.845406
        ],
        [
          -0.538175,
          -0.27026,
          0.798328,
          5.394819
        ],
        [
          -0.036073,
          -0.938942,
          -0.34218,
          1.496569
        ],
        [
          0.0,
          0.0,
          0.0,
          1.0
        ]
      ]
    },
    {
      "file_path": "/media/NFS/ttao/scannet/posed_images/scene0411_00/00189.jpg",
      "transform_matrix": [
        [
          0.845005,
          -0.214128,
          0.490016,
          1.879911
        ],
        [
          -0.533193,
          -0.267307,
          0.802653,
          5.4634
        ],
        [
          -0.040886,
          -0.939519,
          -0.340048,
          1.497277
        ],
        [
          0.0,
          0.0,
          0.0,
          1.0
        ]
      ]
    },
    {
      "file_path": "/media/NFS/ttao/scannet/posed_images/scene0411_00/00194.jpg",
      "transform_matrix": [
        [
          0.826112,
          -0.225233,
          0.516536,
          1.917687
        ],
        [
          -0.561585,
          -0.253448,
          0.787646,
          5.512559
        ],
        [
          -0.046488,
          -0.940763,
          -0.335864,
          1.500998
        ],
        [
          0.0,
          0.0,
          0.0,
          1.0
        ]
      ]
    },
    {
      "file_path": "/media/NFS/ttao/scannet/posed_images/scene0411_00/00200.jpg",
      "transform_matrix": [
        [
          0.821422,
          -0.223695,
          0.524621,
          1.937652
        ],
        [
          -0.569191,
          -0.263669,
          0.778781,
          5.582243
        ],
        [
          -0.035883,
          -0.938317,
          -0.343909,
          1.519059
        ],
        [
          0.0,
          0.0,
          0.0,
          1.0
        ]
      ]
    },
    {
      "file_path": "/media/NFS/ttao/scannet/posed_images/scene0411_00/00204.jpg",
      "transform_matrix": [
        [
          0.808003,
          -0.233366,
          0.540991,
          1.942076
        ],
        [
          -0.587622,
          -0.252507,
          0.768726,
          5.609232
        ],
        [
          -0.04279,
          -0.939032,
          -0.341158,
          1.50555
        ],
        [
          0.0,
          0.0,
          0.0,
          1.0
        ]
      ]
    },
    {
      "file_path": "/media/NFS/ttao/scannet/posed_images/scene0411_00/00206.jpg",
      "transform_matrix": [
        [
          0.801005,
          -0.236601,
          0.549919,
          1.936611
        ],
        [
          -0.5972,
          -0.251739,
          0.761564,
          5.625837
        ],
        [
          -0.04175,
          -0.938428,
          -0.342942,
          1.505344
        ],
        [
          0.0,
          0.0,
          0.0,
          1.0
        ]
      ]
    },
    {
      "file_path": "/media/NFS/ttao/scannet/posed_images/scene0411_00/00211.jpg",
      "transform_matrix": [
        [
          0.766788,
          -0.25309,
          0.589899,
          1.910499
        ],
        [
          -0.641355,
          -0.264199,
          0.720321,
          5.684667
        ],
        [
          -0.026455,
          -0.930668,
          -0.364906,
          1.518351
        ],
        [
          0.0,
          0.0,
          0.0,
          1.0
        ]
      ]
    },
    {
      "file_path": "/media/NFS/ttao/scannet/posed_images/scene0411_00/00217.jpg",
      "transform_matrix": [
        [
          0.722442,
          -0.296455,
          0.624653,
          1.867077
        ],
        [
          -0.68986,
          -0.248181,
          0.680073,
          5.730064
        ],
        [
          -0.046584,
          -0.922237,
          -0.383809,
          1.510258
        ],
        [
          0.0,
          0.0,
          0.0,
          1.0
        ]
      ]
    },
    {
      "file_path": "/media/NFS/ttao/scannet/posed_images/scene0411_00/00223.jpg",
      "transform_matrix": [
        [
          0.699336,
          -0.291502,
          0.652652,
          1.816027
        ],
        [
          -0.714286,
          -0.250639,
          0.653433,
          5.769501
        ],
        [
          -0.026897,
          -0.92315,
          -0.383497,
          1.510302
        ],
        [
          0.0,
          0.0,
          0.0,
          1.0
        ]
      ]
    },
    {
      "file_path": "/media/NFS/ttao/scannet/posed_images/scene0411_00/00224.jpg",
      "transform_matrix": [
        [
          0.698623,
          -0.289666,
          0.654232,
          1.813828
        ],
        [
          -0.7152,
          -0.256679,
          0.650081,
          5.775618
        ],
        [
          -0.020379,
          -0.922068,
          -0.386491,
          1.516171
        ],
        [
          0.0,
          0.0,
          0.0,
          1.0
        ]
      ]
    },
    {
      "file_path": "/media/NFS/ttao/scannet/posed_images/scene0411_00/00232.jpg",
      "transform_matrix": [
        [
          0.66193,
          -0.286489,
          0.692656,
          1.778929
        ],
        [
          -0.749444,
          -0.269618,
          0.604682,
          5.805802
        ],
        [
          0.013518,
          -0.919364,
          -0.393176,
          1.514655
        ],
        [
          0.0,
          0.0,
          0.0,
          1.0
        ]
      ]
    },
    {
      "file_path": "/media/NFS/ttao/scannet/posed_images/scene0411_00/00237.jpg",
      "transform_matrix": [
        [
          0.644856,
          -0.281625,
          0.710527,
          1.775613
        ],
        [
          -0.76395,
          -0.265795,
          0.587991,
          5.804389
        ],
        [
          0.023262,
          -0.921976,
          -0.386547,
          1.516665
        ],
        [
          0.0,
          0.0,
          0.0,
          1.0
        ]
      ]
    },
    {
      "file_path": "/media/NFS/ttao/scannet/posed_images/scene0411_00/00241.jpg",
      "transform_matrix": [
        [
          0.63566,
          -0.280849,
          0.719069,
          1.772694
        ],
        [
          -0.771399,
          -0.266888,
          0.577681,
          5.798306
        ],
        [
          0.02967,
          -0.921897,
          -0.386297,
          1.526393
        ],
        [
          0.0,
          0.0,
          0.0,
          1.0
        ]
      ]
    },
    {
      "file_path": "/media/NFS/ttao/scannet/posed_images/scene0411_00/00247.jpg",
      "transform_matrix": [
        [
          0.634401,
          -0.279089,
          0.720864,
          1.775376
        ],
        [
          -0.772837,
          -0.24836,
          0.583987,
          5.773255
        ],
        [
          0.016049,
          -0.927592,
          -0.37325,
          1.538046
        ],
        [
          0.0,
          0.0,
          0.0,
          1.0
        ]
      ]
    },
    {
      "file_path": "/media/NFS/ttao/scannet/posed_images/scene0411_00/00249.jpg",
      "transform_matrix": [
        [
          0.632443,
          -0.283985,
          0.720672,
          1.780257
        ],
        [
          -0.774572,
          -0.240652,
          0.584914,
          5.760151
        ],
        [
          0.007324,
          -0.928137,
          -0.372166,
          1.545196
        ],
        [
          0.0,
          0.0,
          0.0,
          1.0
        ]
      ]
    },
    {
      "file_path": "/media/NFS/ttao/scannet/posed_images/scene0411_00/00254.jpg",
      "transform_matrix": [
        [
          0.611217,
          -0.2954,
          0.73427,
          1.788896
        ],
        [
          -0.791282,
          -0.208232,
          0.574902,
          5.714446
        ],
        [
          -0.016928,
          -0.932404,
          -0.36102,
          1.546963
        ],
        [
          0.0,
          0.0,
          0.0,
          1.0
        ]
      ]
    },
    {
      "file_path": "/media/NFS/ttao/scannet/posed_images/scene0411_00/00261.jpg",
      "transform_matrix": [
        [
          0.607477,
          -0.306712,
          0.732734,
          1.811462
        ],
        [
          -0.793495,
          -0.191854,
          0.577545,
          5.620427
        ],
        [
          -0.036562,
          -0.932266,
          -0.359922,
          1.55202
        ],
        [
          0.0,
          0.0,
          0.0,
          1.0
        ]
      ]
    },
    {
      "file_path": "/media/NFS/ttao/scannet/posed_images/scene0411_00/00263.jpg",
      "transform_matrix": [
        [
          0.613495,
          -0.30508,
          0.728388,
          1.813149
        ],
        [
          -0.788458,
          -0.184968,
          0.586618,
          5.591608
        ],
        [
          -0.044237,
          -0.934191,
          -0.35402,
          1.547357
        ],
        [
          0.0,
          0.0,
          0.0,
          1.0
        ]
      ]
    },
    {
      "file_path": "/media/NFS/ttao/scannet/posed_images/scene0411_00/00268.jpg",
      "transform_matrix": [
        [
          0.628464,
          -0.30899,
          0.713834,
          1.824054
        ],
        [
          -0.77573,
          -0.181433,
          0.604422,
          5.528793
        ],
        [
          -0.057248,
          -0.933599,
          -0.353717,
          1.547092
        ],
        [
          0.0,
          0.0,
          0.0,
          1.0
        ]
      ]
    },
    {
      "file_path": "/media/NFS/ttao/scannet/posed_images/scene0411_00/00272.jpg",
      "transform_matrix": [
        [
          0.626668,
          -0.30422,
          0.717452,
          1.823188
        ],
        [
          -0.778027,
          -0.191927,
          0.598195,
          5.469766
        ],
        [
          -0.044285,
          -0.933067,
          -0.356966,
          1.54309
        ],
        [
          0.0,
          0.0,
          0.0,
          1.0
        ]
      ]
    },
    {
      "file_path": "/media/NFS/ttao/scannet/posed_images/scene0411_00/00278.jpg",
      "transform_matrix": [
        [
          0.62429,
          -0.320132,
          0.712585,
          1.826498
        ],
        [
          -0.779748,
          -0.19991,
          0.593321,
          5.403924
        ],
        [
          -0.047488,
          -0.926041,
          -0.374424,
          1.535865
        ],
        [
          0.0,
          0.0,
          0.0,
          1.0
        ]
      ]
    },
    {
      "file_path": "/media/NFS/ttao/scannet/posed_images/scene0411_00/00280.jpg",
      "transform_matrix": [
        [
          0.623682,
          -0.327966,
          0.709549,
          1.827416
        ],
        [
          -0.780156,
          -0.204537,
          0.591204,
          5.385778
        ],
        [
          -0.048766,
          -0.922281,
          -0.383431,
          1.539404
        ],
        [
          0.0,
          0.0,
          0.0,
          1.0
        ]
      ]
    },
    {
      "file_path": "/media/NFS/ttao/scannet/posed_images/scene0411_00/00289.jpg",
      "transform_matrix": [
        [
          0.601411,
          -0.347088,
          0.719608,
          1.85599
        ],
        [
          -0.797032,
          -0.198441,
          0.570404,
          5.334178
        ],
        [
          -0.05518,
          -0.916597,
          -0.395985,
          1.532761
        ],
        [
          0.0,
          0.0,
          0.0,
          1.0
        ]
      ]
    },
    {
      "file_path": "/media/NFS/ttao/scannet/posed_images/scene0411_00/00293.jpg",
      "transform_matrix": [
        [
          0.601372,
          -0.342485,
          0.721842,
          1.875995
        ],
        [
          -0.796235,
          -0.182225,
          0.576892,
          5.321578
        ],
        [
          -0.066039,
          -0.921682,
          -0.382284,
          1.539165
        ],
        [
          0.0,
          0.0,
          0.0,
          1.0
        ]
      ]
    },
    {
      "file_path": "/media/NFS/ttao/scannet/posed_images/scene0411_00/00297.jpg",
      "transform_matrix": [
        [
          0.616301,
          -0.329109,
          0.715444,
          1.893689
        ],
        [
          -0.783999,
          -0.17071,
          0.596828,
          5.302552
        ],
        [
          -0.074288,
          -0.928733,
          -0.36323,
          1.535777
        ],
        [
          0.0,
          0.0,
          0.0,
          1.0
        ]
      ]
    },
    {
      "file_path": "/media/NFS/ttao/scannet/posed_images/scene0411_00/00300.jpg",
      "transform_matrix": [
        [
          0.629841,
          -0.324981,
          0.705469,
          1.908881
        ],
        [
          -0.773627,
          -0.181451,
          0.607105,
          5.284195
        ],
        [
          -0.069289,
          -0.92815,
          -0.3657,
          1.527696
        ],
        [
          0.0,
          0.0,
          0.0,
          1.0
        ]
      ]
    },
    {
      "file_path": "/media/NFS/ttao/scannet/posed_images/scene0411_00/00307.jpg",
      "transform_matrix": [
        [
          0.672331,
          -0.301257,
          0.676177,
          1.980647
        ],
        [
          -0.738653,
          -0.21305,
          0.639532,
          5.230767
        ],
        [
          -0.048604,
          -0.929437,
          -0.365765,
          1.520037
        ],
        [
          0.0,
          0.0,
          0.0,
          1.0
        ]
      ]
    },
    {
      "file_path": "/media/NFS/ttao/scannet/posed_images/scene0411_00/00309.jpg",
      "transform_matrix": [
        [
          0.680784,
          -0.296519,
          0.669783,
          2.000345
        ],
        [
          -0.731527,
          -0.228522,
          0.642375,
          5.214754
        ],
        [
          -0.037416,
          -0.927283,
          -0.372486,
          1.515277
        ],
        [
          0.0,
          0.0,
          0.0,
          1.0
        ]
      ]
    },
    {
      "file_path": "/media/NFS/ttao/scannet/posed_images/scene0411_00/00314.jpg",
      "transform_matrix": [
        [
          0.662748,
          -0.306106,
          0.683421,
          2.0581
        ],
        [
          -0.747666,
          -0.219348,
          0.626803,
          5.149533
        ],
        [
          -0.041962,
          -0.926383,
          -0.374237,
          1.52812
        ],
        [
          0.0,
          0.0,
          0.0,
          1.0
        ]
      ]
    },
    {
      "file_path": "/media/NFS/ttao/scannet/posed_images/scene0411_00/00318.jpg",
      "transform_matrix": [
        [
          0.647268,
          -0.327291,
          0.688422,
          2.106382
        ],
        [
          -0.759853,
          -0.205293,
          0.616829,
          5.091647
        ],
        [
          -0.060555,
          -0.922353,
          -0.381573,
          1.528506
        ],
        [
          0.0,
          0.0,
          0.0,
          1.0
        ]
      ]
    },
    {
      "file_path": "/media/NFS/ttao/scannet/posed_images/scene0411_00/00327.jpg",
      "transform_matrix": [
        [
          0.640665,
          -0.297148,
          0.707991,
          2.161527
        ],
        [
          -0.767409,
          -0.217634,
          0.603091,
          4.918822
        ],
        [
          -0.025125,
          -0.929698,
          -0.367465,
          1.521287
        ],
        [
          0.0,
          0.0,
          0.0,
          1.0
        ]
      ]
    },
    {
      "file_path": "/media/NFS/ttao/scannet/posed_images/scene0411_00/00331.jpg",
      "transform_matrix": [
        [
          0.645182,
          -0.287588,
          0.707837,
          2.183918
        ],
        [
          -0.763763,
          -0.218334,
          0.607451,
          4.849532
        ],
        [
          -0.020151,
          -0.932536,
          -0.360514,
          1.526407
        ],
        [
          0.0,
          0.0,
          0.0,
          1.0
        ]
      ]
    },
    {
      "file_path": "/media/NFS/ttao/scannet/posed_images/scene0411_00/00334.jpg",
      "transform_matrix": [
        [
          0.647915,
          -0.289467,
          0.704567,
          2.191776
        ],
        [
          -0.761078,
          -0.208254,
          0.614322,
          4.809004
        ],
        [
          -0.031097,
          -0.934259,
          -0.355238,
          1.534221
        ],
        [
          0.0,
          0.0,
          0.0,
          1.0
        ]
      ]
    },
    {
      "file_path": "/media/NFS/ttao/scannet/posed_images/scene0411_00/00337.jpg",
      "transform_matrix": [
        [
          0.647013,
          -0.286293,
          0.70669,
          2.18831
        ],
        [
          -0.761736,
          -0.201786,
          0.615663,
          4.780938
        ],
        [
          -0.03366,
          -0.936653,
          -0.348638,
          1.534554
        ],
        [
          0.0,
          0.0,
          0.0,
          1.0
        ]
      ]
    },
    {
      "file_path": "/media/NFS/ttao/scannet/posed_images/scene0411_00/00342.jpg",
      "transform_matrix": [
        [
          0.66066,
          -0.296886,
          0.689483,
          2.17081
        ],
        [
          -0.749572,
          -0.210888,
          0.62743,
          4.752827
        ],
        [
          -0.040872,
          -0.931335,
          -0.361863,
          1.530539
        ],
        [
          0.0,
          0.0,
          0.0,
          1.0
        ]
      ]
    },
    {
      "file_path": "/media/NFS/ttao/scannet/posed_images/scene0411_00/00347.jpg",
      "transform_matrix": [
        [
          0.657522,
          -0.302956,
          0.689843,
          2.138612
        ],
        [
          -0.753105,
          -0.237136,
          0.613678,
          4.736485
        ],
        [
          -0.022331,
          -0.92303,
          -0.38408,
          1.522041
        ],
        [
          0.0,
          0.0,
          0.0,
          1.0
        ]
      ]
    },
    {
      "file_path": "/media/NFS/ttao/scannet/posed_images/scene0411_00/00354.jpg",
      "transform_matrix": [
        [
          0.623871,
          -0.345231,
          0.701143,
          2.08653
        ],
        [
          -0.781307,
          -0.254196,
          0.570038,
          4.721363
        ],
        [
          -0.018567,
          -0.903438,
          -0.428316,
          1.505201
        ],
        [
          0.0,
          0.0,
          0.0,
          1.0
        ]
      ]
    },
    {
      "file_path": "/media/NFS/ttao/scannet/posed_images/scene0411_00/00359.jpg",
      "transform_matrix": [
        [
          0.609293,
          -0.375947,
          0.698159,
          2.062542
        ],
        [
          -0.792755,
          -0.269516,
          0.546718,
          4.716431
        ],
        [
          -0.017372,
          -0.886581,
          -0.462248,
          1.492967
        ],
        [
          0.0,
          0.0,
          0.0,
          1.0
        ]
      ]
    },
    {
      "file_path": "/media/NFS/ttao/scannet/posed_images/scene0411_00/00361.jpg",
      "transform_matrix": [
        [
          0.605221,
          -0.377952,
          0.700615,
          2.040175
        ],
        [
          -0.796011,
          -0.277756,
          0.53779,
          4.722686
        ],
        [
          -0.008659,
