{
  "frames": [
    {
      "file_path": "/media/NFS/ttao/scannet/posed_images/scene0429_00/00001.jpg",
      "transform_matrix": [
        [
          0.983284,
          0.026768,
          0.180098,
          4.966144
        ],
        [
          -0.181503,
          0.065642,
          0.981197,
          2.355792
        ],
        [
          0.014443,
          -0.997484,
          0.069403,
          1.546617
        ],
        [
          0.0,
          0.0,
          0.0,
          1.0
        ]
      ]
    },
    {
      "file_path": "/media/NFS/ttao/scannet/posed_images/scene0429_00/00004.jpg",
      "transform_matrix": [
        [
          0.98191,
          0.024171,
          0.187798,
          4.965765
        ],
        [
          -0.188954,
          0.061221,
          0.980076,
          2.358715
        ],
        [
          0.012192,
          -0.997832,
          0.064681,
          1.546067
        ],
        [
          0.0,
          0.0,
          0.0,
          1.0
        ]
      ]
    },
    {
      "file_path": "/media/NFS/ttao/scannet/posed_images/scene0429_00/00006.jpg",
      "transform_matrix": [
        [
          0.981769,
          0.02361,
          0.188609,
          4.966906
        ],
        [
          -0.18968,
          0.057312,
          0.980172,
          2.359993
        ],
        [
          0.012332,
          -0.998077,
          0.060745,
          1.543088
        ],
        [
          0.0,
          0.0,
          0.0,
          1.0
        ]
      ]
    },
    {
      "file_path": "/media/NFS/ttao/scannet/posed_images/scene0429_00/00011.jpg",
      "transform_matrix": [
        [
          0.982437,
          0.019422,
          0.185585,
          4.981771
        ],
        [
          -0.186343,
          0.050151,
          0.981204,
          2.359858
        ],
        [
          0.009749,
          -0.998553,
          0.05289,
          1.508696
        ],
        [
          0.0,
          0.0,
          0.0,
          1.0
        ]
      ]
    },
    {
      "file_path": "/media/NFS/ttao/scannet/posed_images/scene0429_00/00014.jpg",
      "transform_matrix": [
        [
          0.982197,
          0.023939,
          0.186324,
          4.983014
        ],
        [
          -0.187087,
          0.035033,
          0.981718,
          2.362607
        ],
        [
          0.016974,
          -0.999099,
          0.038888,
          1.503347
        ],
        [
          0.0,
          0.0,
          0.0,
          1.0
        ]
      ]
    },
    {
      "file_path": "/media/NFS/ttao/scannet/posed_images/scene0429_00/00018.jpg",
      "transform_matrix": [
        [
          0.983923,
          0.026771,
          0.176579,
          5.002558
        ],
        [
          -0.176867,
          0.008791,
          0.984196,
          2.361444
        ],
        [
          0.024796,
          -0.999603,
          0.013384,
          1.491589
        ],
        [
          0.0,
          0.0,
          0.0,
          1.0
        ]
      ]
    },
    {
      "file_path": "/media/NFS/ttao/scannet/posed_images/scene0429_00/00023.jpg",
      "transform_matrix": [
        [
          0.985499,
          0.025291,
          0.167785,
          5.012049
        ],
        [
          -0.16624,
          -0.05421,
          0.984594,
          2.368837
        ],
        [
          0.033997,
          -0.998209,
          -0.04922,
          1.471166
        ],
        [
          0.0,
          0.0,
          0.0,
          1.0
        ]
      ]
    },
    {
      "file_path": "/media/NFS/ttao/scannet/posed_images/scene0429_00/00024.jpg",
      "transform_matrix": [
        [
          0.985574,
          0.021946,
          0.167817,
          5.013293
        ],
        [
          -0.166118,
          -0.064297,
          0.984007,
          2.371144
        ],
        [
          0.032385,
          -0.997689,
          -0.059724,
          1.467108
        ],
        [
          0.0,
          0.0,
          0.0,
          1.0
        ]
      ]
    },
    {
      "file_path": "/media/NFS/ttao/scannet/posed_images/scene0429_00/00027.jpg",
      "transform_matrix": [
        [
          0.985408,
          0.011156,
          0.169845,
          5.015086
        ],
        [
          -0.168044,
          -0.094963,
          0.981195,
          2.378244
        ],
        [
          0.027075,
          -0.995418,
          -0.091702,
          1.453979
        ],
        [
          0.0,
          0.0,
          0.0,
          1.0
        ]
      ]
    },
    {
      "file_path": "/media/NFS/ttao/scannet/posed_images/scene0429_00/00030.jpg",
      "transform_matrix": [
        [
          0.985476,
          0.007767,
          0.169639,
          5.018929
        ],
        [
          -0.167532,
          -0.118856,
          0.978676,
          2.387303
        ],
        [
          0.027763,
          -0.992881,
          -0.115828,
          1.418172
        ],
        [
          0.0,
          0.0,
          0.0,
          1.0
        ]
      ]
    },
    {
      "file_path": "/media/NFS/ttao/scannet/posed_images/scene0429_00/00034.jpg",
      "transform_matrix": [
        [
          0.983831,
          0.000137,
          0.179102,
          5.021667
        ],
        [
          -0.177157,
          -0.146202,
          0.973263,
          2.402739
        ],
        [
          0.026318,
          -0.989255,
          -0.143813,
          1.399931
        ],
        [
          0.0,
          0.0,
          0.0,
          1.0
        ]
      ]
    },
    {
      "file_path": "/media/NFS/ttao/scannet/posed_images/scene0429_00/00037.jpg",
      "transform_matrix": [
        [
          0.982329,
          -0.002553,
          0.187149,
          5.024924
        ],
        [
          -0.184843,
          -0.17029,
          0.967902,
          2.416791
        ],
        [
          0.029399,
          -0.985391,
          -0.167752,
          1.386261
        ],
        [
          0.0,
          0.0,
          0.0,
          1.0
        ]
      ]
    },
    {
      "file_path": "/media/NFS/ttao/scannet/posed_images/scene0429_00/00042.jpg",
      "transform_matrix": [
        [
          0.980527,
          -0.00313,
          0.196359,
          5.04099
        ],
        [
          -0.192359,
          -0.216713,
          0.957096,
          2.447207
        ],
        [
          0.039558,
          -0.97623,
          -0.213095,
          1.366174
        ],
        [
          0.0,
          0.0,
          0.0,
          1.0
        ]
      ]
    },
    {
      "file_path": "/media/NFS/ttao/scannet/posed_images/scene0429_00/00044.jpg",
      "transform_matrix": [
        [
          0.981336,
          -0.004549,
          0.192249,
          5.045516
        ],
        [
          -0.187982,
          -0.233406,
          0.954036,
          2.458728
        ],
        [
          0.040532,
          -0.972369,
          -0.229905,
          1.354887
        ],
        [
          0.0,
          0.0,
          0.0,
          1.0
        ]
      ]
    },
    {
      "file_path": "/media/NFS/ttao/scannet/posed_images/scene0429_00/00049.jpg",
      "transform_matrix": [
        [
          0.984016,
          -0.011745,
          0.177696,
          5.058791
        ],
        [
          -0.174815,
          -0.253991,
          0.951277,
          2.487217
        ],
        [
          0.03396,
          -0.967135,
          -0.251984,
          1.330567
        ],
        [
          0.0,
          0.0,
          0.0,
          1.0
        ]
      ]
    },
    {
      "file_path": "/media/NFS/ttao/scannet/posed_images/scene0429_00/00054.jpg",
      "transform_matrix": [
        [
          0.986015,
          -0.018146,
          0.165668,
          5.071997
        ],
        [
          -0.164153,
          -0.27744,
          0.946615,
          2.521895
        ],
        [
          0.028786,
          -0.960572,
          -0.276539,
          1.307108
        ],
        [
          0.0,
          0.0,
          0.0,
          1.0
        ]
      ]
    },
    {
      "file_path": "/media/NFS/ttao/scannet/posed_images/scene0429_00/00057.jpg",
      "transform_matrix": [
        [
          0.985222,
          -0.01651,
          0.170486,
          5.067415
        ],
        [
          -0.168036,
          -0.286063,
          0.943362,
          2.544981
        ],
        [
          0.033195,
          -0.958068,
          -0.28461,
          1.298431
        ],
        [
          0.0,
          0.0,
          0.0,
          1.0
        ]
      ]
    },
    {
      "file_path": "/media/NFS/ttao/scannet/posed_images/scene0429_00/00058.jpg",
      "transform_matrix": [
        [
          0.985065,
          -0.019729,
          0.171049,
          5.066244
        ],
        [
          -0.169428,
          -0.288062,
          0.942504,
          2.553627
        ],
        [
          0.030678,
          -0.957408,
          -0.287102,
          1.296599
        ],
        [
          0.0,
          0.0,
          0.0,
          1.0
        ]
      ]
    },
    {
      "file_path": "/media/NFS/ttao/scannet/posed_images/scene0429_00/00062.jpg",
      "transform_matrix": [
        [
          0.98353,
          -0.022905,
          0.17929,
          5.045786
        ],
        [
          -0.177746,
          -0.302583,
          0.936403,
          2.59821
        ],
        [
          0.032802,
          -0.952848,
          -0.30167,
          1.297564
        ],
        [
          0.0,
          0.0,
          0.0,
          1.0
        ]
      ]
    },
    {
      "file_path": "/media/NFS/ttao/scannet/posed_images/scene0429_00/00066.jpg",
      "transform_matrix": [
        [
          0.978076,
          -0.021765,
          0.20711,
          5.020816
        ],
        [
          -0.20434,
          -0.292132,
          0.934293,
          2.641041
        ],
        [
          0.040168,
          -0.95613,
          -0.290175,
          1.302913
        ],
        [
          0.0,
          0.0,
          0.0,
          1.0
        ]
      ]
    },
    {
      "file_path": "/media/NFS/ttao/scannet/posed_images/scene0429_00/00070.jpg",
      "transform_matrix": [
        [
          0.970014,
          -0.036751,
          0.240254,
          4.99839
        ],
        [
          -0.238654,
          -0.331156,
          0.912897,
          2.676377
        ],
        [
          0.046012,
          -0.94286,
          -0.329996,
          1.298367
        ],
        [
          0.0,
          0.0,
          0.0,
          1.0
        ]
      ]
    },
    {
      "file_path": "/media/NFS/ttao/scannet/posed_images/scene0429_00/00074.jpg",
      "transform_matrix": [
        [
          0.959579,
          -0.079811,
          0.269887,
          4.976535
        ],
        [
          -0.280539,
          -0.347933,
          0.894561,
          2.714439
        ],
        [
          0.022507,
          -0.934116,
          -0.356259,
          1.293104
        ],
        [
          0.0,
          0.0,
          0.0,
          1.0
        ]
      ]
    },
    {
      "file_path": "/media/NFS/ttao/scannet/posed_images/scene0429_00/00075.jpg",
      "transform_matrix": [
        [
          0.957357,
          -0.090093,
          0.274503,
          4.968468
        ],
        [
          -0.288255,
          -0.361752,
          0.886591,
          2.725657
        ],
        [
          0.019427,
          -0.927911,
          -0.372295,
          1.29348
        ],
        [
          0.0,
          0.0,
          0.0,
          1.0
        ]
      ]
    },
    {
      "file_path": "/media/NFS/ttao/scannet/posed_images/scene0429_00/00078.jpg",
      "transform_matrix": [
        [
          0.945378,
          -0.109466,
          0.307049,
          4.946425
        ],
        [
          -0.325164,
          -0.383184,
          0.864545,
          2.750455
        ],
        [
          0.023018,
          -0.917163,
          -0.397847,
          1.281395
        ],
        [
          0.0,
          0.0,
          0.0,
          1.0
        ]
      ]
    },
    {
      "file_path": "/media/NFS/ttao/scannet/posed_images/scene0429_00/00085.jpg",
      "transform_matrix": [
        [
          0.910741,
          -0.176206,
          0.373502,
          4.929121
        ],
        [
          -0.412711,
          -0.420931,
          0.807766,
          2.795145
        ],
        [
          0.014885,
          -0.889814,
          -0.456081,
          1.267955
        ],
        [
          0.0,
          0.0,
          0.0,
          1.0
        ]
      ]
    },
    {
      "file_path": "/media/NFS/ttao/scannet/posed_images/scene0429_00/00088.jpg",
      "transform_matrix": [
        [
          0.899626,
          -0.193371,
          0.391512,
          4.927697
        ],
        [
          -0.436566,
          -0.417127,
          0.797129,
          2.80878
        ],
        [
          0.009169,
          -0.888038,
          -0.459678,
          1.263465
        ],
        [
          0.0,
          0.0,
          0.0,
          1.0
        ]
      ]
    },
    {
      "file_path": "/media/NFS/ttao/scannet/posed_images/scene0429_00/00089.jpg",
      "transform_matrix": [
        [
          0.896063,
          -0.202478,
          0.395062,
          4.92814
        ],
        [
          -0.443913,
          -0.415878,
          0.793717,
          2.813704
        ],
        [
          0.003587,
          -0.886593,
          -0.462536,
          1.266534
        ],
        [
          0.0,
          0.0,
          0.0,
          1.0
        ]
      ]
    },
    {
      "file_path": "/media/NFS/ttao/scannet/posed_images/scene0429_00/00092.jpg",
      "transform_matrix": [
        [
          0.890362,
          -0.231643,
          0.391915,
          4.929959
        ],
        [
          -0.454804,
          -0.414356,
          0.788329,
          2.822325
        ],
        [
          -0.020218,
          -0.880142,
          -0.474279,
          1.276036
        ],
        [
          0.0,
          0.0,
          0.0,
          1.0
        ]
      ]
    },
    {
      "file_path": "/media/NFS/ttao/scannet/posed_images/scene0429_00/00097.jpg",
      "transform_matrix": [
        [
          0.887974,
          -0.261239,
          0.378493,
          4.931466
        ],
        [
          -0.456798,
          -0.405663,
          0.79169,
          2.83725
        ],
        [
          -0.05328,
          -0.875895,
          -0.479551,
          1.280343
        ],
        [
          0.0,
          0.0,
          0.0,
          1.0
        ]
      ]
    },
    {
      "file_path": "/media/NFS/ttao/scannet/posed_images/scene0429_00/00100.jpg",
      "transform_matrix": [
        [
          0.88335,
          -0.260654,
          0.389554,
          4.935344
        ],
        [
          -0.466829,
          -0.4148,
          0.781033,
          2.845879
        ],
        [
          -0.041992,
          -0.87178,
          -0.488094,
          1.276501
        ],
        [
          0.0,
          0.0,
          0.0,
          1.0
        ]
      ]
    },
    {
      "file_path": "/media/NFS/ttao/scannet/posed_images/scene0429_00/00104.jpg",
      "transform_matrix": [
        [
          0.887411,
          -0.26065,
          0.380215,
          4.933679
        ],
        [
          -0.459045,
          -0.424194,
          0.780601,
          2.857624
        ],
        [
          -0.042179,
          -0.867249,
          -0.496084,
          1.27268
        ],
        [
          0.0,
          0.0,
          0.0,
          1.0
        ]
      ]
    },
    {
      "file_path": "/media/NFS/ttao/scannet/posed_images/scene0429_00/00106.jpg",
      "transform_matrix": [
        [
          0.892322,
          -0.256234,
          0.371626,
          4.935365
        ],
        [
          -0.449096,
          -0.420859,
          0.788157,
          2.86172
        ],
        [
          -0.04555,
          -0.870185,
          -0.490615,
          1.27345
        ],
        [
          0.0,
          0.0,
          0.0,
          1.0
        ]
      ]
    },
    {
      "file_path": "/media/NFS/ttao/scannet/posed_images/scene0429_00/00111.jpg",
      "transform_matrix": [
        [
          0.91897,
          -0.232078,
          0.318801,
          4.94044
        ],
        [
          -0.389735,
          -0.411527,
          0.823864,
          2.873733
        ],
        [
          -0.060006,
          -0.881354,
          -0.46863,
          1.282163
        ],
        [
          0.0,
          0.0,
          0.0,
          1.0
        ]
      ]
    },
    {
      "file_path": "/media/NFS/ttao/scannet/posed_images/scene0429_00/00115.jpg",
      "transform_matrix": [
        [
          0.928677,
          -0.20895,
          0.306428,
          4.91686
        ],
        [
          -0.367669,
          -0.410021,
          0.834687,
          2.892481
        ],
        [
          -0.048766,
          -0.887819,
          -0.457602,
          1.286965
        ],
        [
          0.0,
          0.0,
          0.0,
          1.0
        ]
      ]
    },
    {
      "file_path": "/media/NFS/ttao/scannet/posed_images/scene0429_00/00119.jpg",
      "transform_matrix": [
        [
          0.939466,
          -0.188312,
          0.286258,
          4.909739
        ],
        [
          -0.339924,
          -0.407158,
          0.847746,
          2.906034
        ],
        [
          -0.043089,
          -0.893734,
          -0.446523,
          1.286879
        ],
        [
          0.0,
          0.0,
          0.0,
          1.0
        ]
      ]
    },
    {
      "file_path": "/media/NFS/ttao/scannet/posed_images/scene0429_00/00122.jpg",
      "transform_matrix": [
        [
          0.95414,
          -0.173406,
          0.244024,
          4.917027
        ],
        [
          -0.294771,
          -0.402012,
          0.866889,
          2.915395
        ],
        [
          -0.052223,
          -0.899064,
          -0.434691,
          1.281897
        ],
        [
          0.0,
          0.0,
          0.0,
          1.0
        ]
      ]
    },
    {
      "file_path": "/media/NFS/ttao/scannet/posed_images/scene0429_00/00126.jpg",
      "transform_matrix": [
        [
          0.965381,
          -0.142165,
          0.218699,
          4.886895
        ],
        [
          -0.258989,
          -0.422546,
          0.86855,
          2.929332
        ],
        [
          -0.031067,
          -0.895122,
          -0.444737,
          1.277014
        ],
        [
          0.0,
          0.0,
          0.0,
          1.0
        ]
      ]
    },
    {
      "file_path": "/media/NFS/ttao/scannet/posed_images/scene0429_00/00127.jpg",
      "transform_matrix": [
        [
          0.965652,
          -0.137027,
          0.22077,
          4.883095
        ],
        [
          -0.258566,
          -0.422763,
          0.868571,
          2.93328
        ],
        [
          -0.025684,
          -0.895821,
          -0.443672,
          1.275449
        ],
        [
          0.0,
          0.0,
          0.0,
          1.0
        ]
      ]
    },
    {
      "file_path": "/media/NFS/ttao/scannet/posed_images/scene0429_00/00131.jpg",
      "transform_matrix": [
        [
          0.973678,
          -0.113001,
          0.197947,
          4.881625
        ],
        [
          -0.227484,
          -0.427428,
          0.874961,
          2.953927
        ],
        [
          -0.014264,
          -0.896959,
          -0.441883,
          1.26884
        ],
        [
          0.0,
          0.0,
          0.0,
          1.0
        ]
      ]
    },
    {
      "file_path": "/media/NFS/ttao/scannet/posed_images/scene0429_00/00136.jpg",
      "transform_matrix": [
        [
          0.973384,
          -0.097752,
          0.207287,
          4.819599
        ],
        [
          -0.229166,
          -0.40523,
          0.885026,
          2.978714
        ],
        [
          -0.002514,
          -0.908973,
          -0.416846,
          1.270781
        ],
        [
          0.0,
          0.0,
          0.0,
          1.0
        ]
      ]
    },
    {
      "file_path": "/media/NFS/ttao/scannet/posed_images/scene0429_00/00137.jpg",
      "transform_matrix": [
        [
          0.974753,
          -0.094712,
          0.202206,
          4.803413
        ],
        [
          -0.223273,
          -0.402767,
          0.887653,
          2.983895
        ],
        [
          -0.002629,
          -0.910389,
          -0.413744,
          1.274067
        ],
        [
          0.0,
          0.0,
          0.0,
          1.0
        ]
      ]
    },
    {
      "file_path": "/media/NFS/ttao/scannet/posed_images/scene0429_00/00142.jpg",
      "transform_matrix": [
        [
          0.974294,
          -0.065217,
          0.215636,
          4.72732
        ],
        [
          -0.224345,
          -0.36812,
          0.902306,
          3.004952
        ],
        [
          0.020535,
          -0.927488,
          -0.373288,
          1.275868
        ],
        [
          0.0,
          0.0,
          0.0,
          1.0
        ]
      ]
    },
    {
      "file_path": "/media/NFS/ttao/scannet/posed_images/scene0429_00/00144.jpg",
      "transform_matrix": [
        [
          0.972229,
          -0.055792,
          0.227286,
          4.693127
        ],
        [
          -0.231513,
          -0.371437,
          0.899131,
          3.018363
        ],
        [
          0.034259,
          -0.92678,
          -0.374038,
          1.280564
        ],
        [
          0.0,
          0.0,
          0.0,
          1.0
        ]
      ]
    },
    {
      "file_path": "/media/NFS/ttao/scannet/posed_images/scene0429_00/00149.jpg",
      "transform_matrix": [
        [
          0.970596,
          -0.026366,
          0.239266,
          4.624332
        ],
        [
          -0.231738,
          -0.371254,
          0.899148,
          3.041211
        ],
        [
          0.065121,
          -0.928157,
          -0.366448,
          1.275923
        ],
        [
          0.0,
          0.0,
          0.0,
          1.0
        ]
      ]
    },
    {
      "file_path": "/media/NFS/ttao/scannet/posed_images/scene0429_00/00151.jpg",
      "transform_matrix": [
        [
          0.964636,
          -0.024048,
          0.262486,
          4.599898
        ],
        [
          -0.251829,
          -0.378175,
          0.890823,
          3.059391
        ],
        [
          0.077843,
          -0.925422,
          -0.370857,
          1.280028
        ],
        [
          0.0,
          0.0,
          0.0,
          1.0
        ]
      ]
    },
    {
      "file_path": "/media/NFS/ttao/scannet/posed_images/scene0429_00/00156.jpg",
      "transform_matrix": [
        [
          0.960673,
          -0.010015,
          0.277501,
          4.565545
        ],
        [
          -0.26102,
          -0.373535,
          0.890135,
          3.099344
        ],
        [
          0.094742,
          -0.927562,
          -0.361459,
          1.273361
        ],
        [
          0.0,
          0.0,
          0.0,
          1.0
        ]
      ]
    },
    {
      "file_path": "/media/NFS/ttao/scannet/posed_images/scene0429_00/00158.jpg",
      "transform_matrix": [
        [
          0.961336,
          -0.014533,
          0.274995,
          4.550897
        ],
        [
          -0.260353,
          -0.373321,
          0.89042,
          3.122162
        ],
        [
          0.089721,
          -0.927588,
          -0.362671,
          1.273747
        ],
        [
          0.0,
          0.0,
          0.0,
          1.0
        ]
      ]
    },
    {
      "file_path": "/media/NFS/ttao/scannet/posed_images/scene0429_00/00161.jpg",
      "transform_matrix": [
        [
          0.965631,
          -0.032556,
          0.25787,
          4.527523
        ],
        [
          -0.250752,
          -0.377827,
          0.891275,
          3.162741
        ],
        [
          0.068414,
          -0.925304,
          -0.373005,
          1.27523
        ],
        [
          0.0,
          0.0,
          0.0,
          1.0
        ]
      ]
    },
    {
      "file_path": "/media/NFS/ttao/scannet/posed_images/scene0429_00/00167.jpg",
      "transform_matrix": [
        [
          0.979416,
          -0.039892,
          0.197873,
          4.496909
        ],
        [
          -0.198385,
          -0.371192,
          0.907116,
          3.254163
        ],
        [
          0.037262,
          -0.927699,
          -0.371465,
          1.292133
        ],
        [
          0.0,
          0.0,
          0.0,
          1.0
        ]
      ]
    },
    {
      "file_path": "/media/NFS/ttao/scannet/posed_images/scene0429_00/00170.jpg",
      "transform_matrix": [
        [
          0.978647,
          -0.024943,
          0.20403,
          4.464811
        ],
        [
          -0.198666,
          -0.369499,
          0.907746,
          3.294198
        ],
        [
          0.052747,
          -0.928896,
          -0.366564,
          1.300534
        ],
        [
          0.0,
          0.0,
          0.0,
          1.0
        ]
      ]
    },
    {
      "file_path": "/media/NFS/ttao/scannet/posed_images/scene0429_00/00173.jpg",
      "transform_matrix": [
        [
          0.975098,
          -0.010665,
          0.22152,
          4.455732
        ],
        [
          -0.210688,
          -0.356439,
          0.910254,
          3.332301
        ],
        [
          0.069251,
          -0.934258,
          -0.349809,
          1.302453
        ],
        [
          0.0,
          0.0,
          0.0,
          1.0
        ]
      ]
    },
    {
      "file_path": "/media/NFS/ttao/scannet/posed_images/scene0429_00/00174.jpg",
      "transform_matrix": [
        [
          0.972959,
          -0.009497,
          0.230786,
          4.45339
        ],
        [
          -0.218963,
          -0.356009,
          0.908467,
          3.344639
        ],
        [
          0.073534,
          -0.934434,
          -0.348461,
          1.302851
        ],
        [
          0.0,
          0.0,
          0.0,
          1.0
        ]
      ]
    },
    {
      "file_path": "/media/NFS/ttao/scannet/posed_images/scene0429_00/00179.jpg",
      "transform_matrix": [
        [
          0.959998,
          -0.019794,
          0.279308,
          4.441378
        ],
        [
          -0.267135,
          -0.363729,
          0.892379,
          3.393105
        ],
        [
          0.083928,
          -0.931294,
          -0.354467,
          1.30261
        ],
        [
          0.0,
          0.0,
          0.0,
          1.0
        ]
      ]
    },
    {
      "file_path": "/media/NFS/ttao/scannet/posed_images/scene0429_00/00181.jpg",
      "transform_matrix": [
        [
          0.954919,
          -0.022245,
          0.296032,
          4.434044
        ],
        [
          -0.283049,
          -0.36891,
          0.885318,
          3.413131
        ],
        [
          0.089515,
          -0.929199,
          -0.358576,
          1.308147
        ],
        [
          0.0,
          0.0,
          0.0,
          1.0
        ]
      ]
    },
    {
      "file_path": "/media/NFS/ttao/scannet/posed_images/scene0429_00/00185.jpg",
      "transform_matrix": [
        [
          0.945949,
          -0.011829,
          0.324101,
          4.415061
        ],
        [
          -0.303699,
          -0.382936,
          0.872426,
          3.445033
        ],
        [
          0.11379,
          -0.923699,
          -0.36583,
          1.301772
        ],
        [
          0.0,
          0.0,
          0.0,
          1.0
        ]
      ]
    },
    {
      "file_path": "/media/NFS/ttao/scannet/posed_images/scene0429_00/00189.jpg",
      "transform_matrix": [
        [
          0.927102,
          -0.026144,
          0.373896,
          4.397637
        ],
        [
          -0.355533,
          -0.377139,
          0.855197,
          3.475621
        ],
        [
          0.118653,
          -0.925787,
          -0.358941,
          1.298558
        ],
        [
          0.0,
          0.0,
          0.0,
          1.0
        ]
      ]
    },
    {
      "file_path": "/media/NFS/ttao/scannet/posed_images/scene0429_00/00194.jpg",
      "transform_matrix": [
        [
          0.891033,
          -0.064877,
          0.449278,
          4.373544
        ],
        [
          -0.43929,
          -0.372632,
          0.817416,
          3.516514
        ],
        [
          0.114384,
          -0.925709,
          -0.360527,
          1.300318
        ],
        [
          0.0,
          0.0,
          0.0,
          1.0
        ]
      ]
    },
    {
      "file_path": "/media/NFS/ttao/scannet/posed_images/scene0429_00/00196.jpg",
      "transform_matrix": [
        [
          0.878517,
          -0.077455,
          0.471391,
          4.361071
        ],
        [
          -0.463745,
          -0.375132,
          0.802631,
          3.533295
        ],
        [
          0.114666,
          -0.92373,
          -0.365479,
          1.299797
        ],
        [
          0.0,
          0.0,
          0.0,
          1.0
        ]
      ]
    },
    {
      "file_path": "/media/NFS/ttao/scannet/posed_images/scene0429_00/00200.jpg",
      "transform_matrix": [
        [
          0.855904,
          -0.113074,
          0.504622,
          4.342099
        ],
        [
          -0.507619,
          -0.37004,
          0.77807,
          3.555516
        ],
        [
          0.098751,
          -0.922109,
          -0.374117,
          1.29221
        ],
        [
          0.0,
          0.0,
          0.0,
          1.0
        ]
      ]
    },
    {
      "file_path": "/media/NFS/ttao/scannet/posed_images/scene0429_00/00204.jpg",
      "transform_matrix": [
        [
          0.826437,
          -0.135511,
          0.546479,
          4.32134
        ],
        [
          -0.555115,
          -0.358286,
          0.750652,
          3.577042
        ],
        [
          0.094074,
          -0.923725,
          -0.371325,
          1.291158
        ],
        [
          0.0,
          0.0,
          0.0,
          1.0
        ]
      ]
    },
    {
      "file_path": "/media/NFS/ttao/scannet/posed_images/scene0429_00/00205.jpg",
      "transform_matrix": [
        [
          0.821524,
          -0.144281,
          0.551618,
          4.316755
        ],
        [
          -0.562991,
          -0.35835,
          0.744732,
          3.583053
        ],
        [
          0.090222,
          -0.922371,
          -0.375622,
          1.291404
        ],
        [
          0.0,
          0.0,
          0.0,
          1.0
        ]
      ]
    },
    {
      "file_path": "/media/NFS/ttao/scannet/posed_images/scene0429_00/00209.jpg",
      "transform_matrix": [
        [
          0.813031,
          -0.166849,
          0.557801,
          4.30166
        ],
        [
          -0.576313,
          -0.366754,
          0.730312,
          3.601469
        ],
        [
          0.082724,
          -0.915234,
          -0.394339,
          1.284846
        ],
        [
          0.0,
          0.0,
          0.0,
          1.0
        ]
      ]
    },
    {
      "file_path": "/media/NFS/ttao/scannet/posed_images/scene0429_00/00214.jpg",
      "transform_matrix": [
        [
          0.825069,
          -0.165471,
          0.540259,
          4.29576
        ],
        [
          -0.560304,
          -0.363034,
          0.74449,
          3.619637
        ],
        [
          0.072941,
          -0.916965,
          -0.392242,
          1.275104
        ],
        [
          0.0,
          0.0,
          0.0,
          1.0
        ]
      ]
    },
    {
      "file_path": "/media/NFS/ttao/scannet/posed_images/scene0429_00/00218.jpg",
      "transform_matrix": [
        [
          0.824466,
          -0.15877,
          0.543183,
          4.308305
        ],
        [
          -0.558565,
          -0.382458,
          0.736023,
          3.641063
        ],
        [
          0.090886,
          -0.910229,
          -0.404007,
          1.266499
        ],
        [
          0.0,
          0.0,
          0.0,
          1.0
        ]
      ]
    },
    {
      "file_path": "/media/NFS/ttao/scannet/posed_images/scene0429_00/00220.jpg",
      "transform_matrix": [
        [
          0.827399,
          -0.163103,
          0.537408,
          4.317917
        ],
        [
          -0.554669,
          -0.387342,
          0.736416,
          3.651314
        ],
        [
          0.088049,
          -0.907394,
          -0.410955,
          1.264482
        ],
        [
          0.0,
          0.0,
          0.0,
          1.0
        ]
      ]
    },
    {
      "file_path": "/media/NFS/ttao/scannet/posed_images/scene0429_00/00223.jpg",
      "transform_matrix": [
        [
          0.832625,
          -0.157546,
          0.530958,
          4.331612
        ],
        [
          -0.546724,
          -0.386973,
          0.742526,
          3.667024
        ],
        [
          0.088484,
          -0.908532,
          -0.408338,
          1.265749
        ],
        [
          0.0,
          0.0,
          0.0,
          1.0
        ]
      ]
    },
    {
      "file_path": "/media/NFS/ttao/scannet/posed_images/scene0429_00/00228.jpg",
      "transform_matrix": [
        [
          0.844281,
          -0.157499,
          0.512234,
          4.355648
        ],
        [
          -0.531119,
          -0.373321,
          0.760621,
          3.692366
        ],
        [
          0.071431,
          -0.914235,
          -0.398839,
          1.271532
        ],
        [
          0.0,
          0.0,
          0.0,
          1.0
        ]
      ]
    },
    {
      "file_path": "/media/NFS/ttao/scannet/posed_images/scene0429_00/00232.jpg",
      "transform_matrix": [
        [
          0.847629,
          -0.148995,
          0.509241,
          4.364182
        ],
        [
          -0.525899,
          -0.363264,
          0.769071,
          3.710039
        ],
        [
          0.070401,
          -0.919695,
          -0.386269,
          1.278607
        ],
        [
          0.0,
          0.0,
          0.0,
          1.0
        ]
      ]
    },
    {
      "file_path": "/media/NFS/ttao/scannet/posed_images/scene0429_00/00233.jpg",
      "transform_matrix": [
        [
          0.845291,
          -0.147065,
          0.513668,
          4.365559
        ],
        [
          -0.529531,
          -0.358819,
          0.768665,
          3.71361
        ],
        [
          0.07127,
          -0.921749,
          -0.381182,
          1.283495
        ],
        [
          0.0,
          0.0,
          0.0,
          1.0
        ]
      ]
    },
    {
      "file_path": "/media/NFS/ttao/scannet/posed_images/scene0429_00/00239.jpg",
      "transform_matrix": [
        [
          0.808645,
          -0.149684,
          0.568936,
          4.368025
        ],
        [
          -0.586343,
          -0.283824,
          0.758713,
          3.736695
        ],
        [
          0.047911,
          -0.947121,
          -0.317279,
          1.314834
        ],
        [
          0.0,
          0.0,
          0.0,
          1.0
        ]
      ]
    },
    {
      "file_path": "/media/NFS/ttao/scannet/posed_images/scene0429_00/00240.jpg",
      "transform_matrix": [
        [
          0.804014,
          -0.144519,
          0.576782,
          4.365484
        ],
        [
          -0.59245,
          -0.277322,
          0.75637,
          3.738493
        ],
        [
          0.050645,
          -0.949846,
          -0.30859,
          1.325075
        ],
        [
          0.0,
          0.0,
          0.0,
          1.0
        ]
      ]
    },
    {
      "file_path": "/media/NFS/ttao/scannet/posed_images/scene0429_00/00245.jpg",
      "transform_matrix": [
        [
          0.782691,
          -0.133327,
          0.607963,
          4.355882
        ],
        [
          -0.622271,
          -0.188336,
          0.759808,
          3.751502
        ],
        [
          0.013199,
          -0.973012,
          -0.230375,
          1.364838
        ],
        [
          0.0,
          0.0,
          0.0,
          1.0
        ]
      ]
    },
    {
      "file_path": "/media/NFS/ttao/scannet/posed_images/scene0429_00/00246.jpg",
      "transform_matrix": [
        [
          0.779468,
          -0.132351,
          0.612302,
          4.354769
        ],
        [
          -0.626357,
          -0.180758,
          0.75829,
          3.754282
        ],
        [
          0.010318,
          -0.974582,
          -0.223794,
          1.371659
        ],
        [
          0.0,
          0.0,
          0.0,
          1.0
        ]
      ]
    },
    {
      "file_path": "/media/NFS/ttao/scannet/posed_images/scene0429_00/00253.jpg",
      "transform_matrix": [
        [
          0.776632,
          -0.106859,
          0.620825,
          4.35838
        ],
        [
          -0.629901,
          -0.118858,
          0.767527,
          3.755236
        ],
        [
          -0.008227,
          -0.987144,
          -0.15962,
          1.426777
        ],
        [
          0.0,
          0.0,
          0.0,
          1.0
        ]
      ]
    },
    {
      "file_path": "/media/NFS/ttao/scannet/posed_images/scene0429_00/00254.jpg",
      "transform_matrix": [
        [
          0.776248,
          -0.10017,
          0.622419,
          4.360501
        ],
        [
          -0.630343,
          -0.107148,
          0.768887,
          3.755136
        ],
        [
          -0.010328,
          -0.989184,
          -0.146315,
          1.433504
        ],
        [
          0.0,
          0.0,
          0.0,
          1.0
        ]
      ]
    },
    {
      "file_path": "/media/NFS/ttao/scannet/posed_images/scene0429_00/00257.jpg",
      "transform_matrix": [
        [
          0.784339,
          -0.105357,
          0.61132,
          4.366805
        ],
        [
          -0.61978,
          -0.091513,
          0.779422,
          3.757134
        ],
        [
          -0.026174,
          -0.990215,
          -0.137075,
          1.458389
        ],
        [
          0.0,
          0.0,
          0.0,
          1.0
        ]
      ]
    },
    {
      "file_path": "/media/NFS/ttao/scannet/posed_images/scene0429_00/00263.jpg",
      "transform_matrix": [
        [
          0.814394,
          -0.099736,
          0.571678,
          4.361596
        ],
        [
          -0.578783,
          -0.068113,
          0.812632,
          3.757254
        ],
        [
          -0.04211,
          -0.99268,
          -0.113197,
          1.49581
        ],
        [
          0.0,
          0.0,
          0.0,
          1.0
        ]
      ]
    },
    {
      "file_path": "/media/NFS/ttao/scannet/posed_images/scene0429_00/00264.jpg",
      "transform_matrix": [
        [
          0.819213,
          -0.099852,
          0.564729,
          4.362614
        ],
        [
          -0.57166,
          -0.063609,
          0.818021,
          3.756408
        ],
        [
          -0.04576,
          -0.992967,
          -0.109191,
          1.500728
        ],
