{
  "frames": [
    {
      "file_path": "/media/NFS/ttao/scannet/posed_images/scene0529_00/00002.jpg",
      "transform_matrix": [
        [
          0.693723,
          0.339766,
          -0.635064,
          2.189469
        ],
        [
          0.720235,
          -0.32328,
          0.613802,
          5.105253
        ],
        [
          0.003245,
          -0.883204,
          -0.468978,
          1.460666
        ],
        [
          0.0,
          0.0,
          0.0,
          1.0
        ]
      ]
    },
    {
      "file_path": "/media/NFS/ttao/scannet/posed_images/scene0529_00/00007.jpg",
      "transform_matrix": [
        [
          0.696497,
          0.344994,
          -0.629183,
          2.17695
        ],
        [
          0.717512,
          -0.32478,
          0.616194,
          5.103724
        ],
        [
          0.008237,
          -0.880623,
          -0.473745,
          1.453432
        ],
        [
          0.0,
          0.0,
          0.0,
          1.0
        ]
      ]
    },
    {
      "file_path": "/media/NFS/ttao/scannet/posed_images/scene0529_00/00014.jpg",
      "transform_matrix": [
        [
          0.713761,
          0.361029,
          -0.600169,
          2.138257
        ],
        [
          0.700246,
          -0.350489,
          0.621943,
          5.081507
        ],
        [
          0.014187,
          -0.864185,
          -0.502975,
          1.432896
        ],
        [
          0.0,
          0.0,
          0.0,
          1.0
        ]
      ]
    },
    {
      "file_path": "/media/NFS/ttao/scannet/posed_images/scene0529_00/00028.jpg",
      "transform_matrix": [
        [
          0.767179,
          0.392884,
          -0.507029,
          2.097789
        ],
        [
          0.640679,
          -0.507686,
          0.576009,
          5.043992
        ],
        [
          -0.031107,
          -0.766745,
          -0.641198,
          1.360286
        ],
        [
          0.0,
          0.0,
          0.0,
          1.0
        ]
      ]
    },
    {
      "file_path": "/media/NFS/ttao/scannet/posed_images/scene0529_00/00035.jpg",
      "transform_matrix": [
        [
          0.803534,
          0.380974,
          -0.457375,
          2.111902
        ],
        [
          0.594608,
          -0.549638,
          0.586804,
          5.006592
        ],
        [
          -0.027834,
          -0.743476,
          -0.668183,
          1.348265
        ],
        [
          0.0,
          0.0,
          0.0,
          1.0
        ]
      ]
    },
    {
      "file_path": "/media/NFS/ttao/scannet/posed_images/scene0529_00/00042.jpg",
      "transform_matrix": [
        [
          0.859688,
          0.328957,
          -0.390799,
          2.130364
        ],
        [
          0.51074,
          -0.567126,
          0.646153,
          4.941203
        ],
        [
          -0.009076,
          -0.755086,
          -0.655563,
          1.358922
        ],
        [
          0.0,
          0.0,
          0.0,
          1.0
        ]
      ]
    },
    {
      "file_path": "/media/NFS/ttao/scannet/posed_images/scene0529_00/00047.jpg",
      "transform_matrix": [
        [
          0.876994,
          0.26981,
          -0.397597,
          2.145944
        ],
        [
          0.480337,
          -0.513932,
          0.710739,
          4.915591
        ],
        [
          -0.012573,
          -0.814295,
          -0.580315,
          1.410415
        ],
        [
          0.0,
          0.0,
          0.0,
          1.0
        ]
      ]
    },
    {
      "file_path": "/media/NFS/ttao/scannet/posed_images/scene0529_00/00054.jpg",
      "transform_matrix": [
        [
          0.896373,
          0.217322,
          -0.386375,
          2.14732
        ],
        [
          0.443297,
          -0.442611,
          0.779476,
          4.919176
        ],
        [
          -0.001616,
          -0.869981,
          -0.493083,
          1.491558
        ],
        [
          0.0,
          0.0,
          0.0,
          1.0
        ]
      ]
    },
    {
      "file_path": "/media/NFS/ttao/scannet/posed_images/scene0529_00/00061.jpg",
      "transform_matrix": [
        [
          0.908065,
          0.170287,
          -0.382649,
          2.126052
        ],
        [
          0.418543,
          -0.402752,
          0.81401,
          4.92557
        ],
        [
          -0.015498,
          -0.899329,
          -0.436997,
          1.501956
        ],
        [
          0.0,
          0.0,
          0.0,
          1.0
        ]
      ]
    },
    {
      "file_path": "/media/NFS/ttao/scannet/posed_images/scene0529_00/00075.jpg",
      "transform_matrix": [
        [
          0.855929,
          0.123215,
          -0.502199,
          2.009662
        ],
        [
          0.515962,
          -0.267729,
          0.813698,
          4.932019
        ],
        [
          -0.034193,
          -0.955583,
          -0.292731,
          1.570182
        ],
        [
          0.0,
          0.0,
          0.0,
          1.0
        ]
      ]
    },
    {
      "file_path": "/media/NFS/ttao/scannet/posed_images/scene0529_00/00082.jpg",
      "transform_matrix": [
        [
          0.834282,
          0.109489,
          -0.540357,
          2.034429
        ],
        [
          0.550295,
          -0.225637,
          0.803905,
          4.929035
        ],
        [
          -0.033905,
          -0.968039,
          -0.248496,
          1.59659
        ],
        [
          0.0,
          0.0,
          0.0,
          1.0
        ]
      ]
    },
    {
      "file_path": "/media/NFS/ttao/scannet/posed_images/scene0529_00/00087.jpg",
      "transform_matrix": [
        [
          0.822219,
          0.100681,
          -0.560196,
          2.083937
        ],
        [
          0.568137,
          -0.20449,
          0.797122,
          4.919997
        ],
        [
          -0.0343,
          -0.973677,
          -0.225336,
          1.614828
        ],
        [
          0.0,
          0.0,
          0.0,
          1.0
        ]
      ]
    },
    {
      "file_path": "/media/NFS/ttao/scannet/posed_images/scene0529_00/00094.jpg",
      "transform_matrix": [
        [
          0.781147,
          0.101351,
          -0.616066,
          2.175586
        ],
        [
          0.623929,
          -0.162858,
          0.764323,
          4.891356
        ],
        [
          -0.022867,
          -0.98143,
          -0.190451,
          1.639153
        ],
        [
          0.0,
          0.0,
          0.0,
          1.0
        ]
      ]
    },
    {
      "file_path": "/media/NFS/ttao/scannet/posed_images/scene0529_00/00105.jpg",
      "transform_matrix": [
        [
          0.73395,
          0.104435,
          -0.671126,
          2.28586
        ],
        [
          0.678881,
          -0.143236,
          0.720142,
          4.858319
        ],
        [
          -0.020921,
          -0.984163,
          -0.176027,
          1.679973
        ],
        [
          0.0,
          0.0,
          0.0,
          1.0
        ]
      ]
    },
    {
      "file_path": "/media/NFS/ttao/scannet/posed_images/scene0529_00/00113.jpg",
      "transform_matrix": [
        [
          0.739575,
          0.079365,
          -0.668378,
          2.332999
        ],
        [
          0.670464,
          -0.174232,
          0.721194,
          4.840143
        ],
        [
          -0.059215,
          -0.981501,
          -0.182069,
          1.713921
        ],
        [
          0.0,
          0.0,
          0.0,
          1.0
        ]
      ]
    },
    {
      "file_path": "/media/NFS/ttao/scannet/posed_images/scene0529_00/00115.jpg",
      "transform_matrix": [
        [
          0.73583,
          0.070665,
          -0.673469,
          2.342475
        ],
        [
          0.674216,
          -0.169189,
          0.718894,
          4.82896
        ],
        [
          -0.063143,
          -0.983047,
          -0.172138,
          1.721195
        ],
        [
          0.0,
          0.0,
          0.0,
          1.0
        ]
      ]
    },
    {
      "file_path": "/media/NFS/ttao/scannet/posed_images/scene0529_00/00127.jpg",
      "transform_matrix": [
        [
          0.735348,
          -0.00514,
          -0.677671,
          2.432776
        ],
        [
          0.67501,
          -0.083289,
          0.733092,
          4.750983
        ],
        [
          -0.06021,
          -0.996512,
          -0.057777,
          1.767228
        ],
        [
          0.0,
          0.0,
          0.0,
          1.0
        ]
      ]
    },
    {
      "file_path": "/media/NFS/ttao/scannet/posed_images/scene0529_00/00136.jpg",
      "transform_matrix": [
        [
          0.822991,
          0.008529,
          -0.56799,
          2.48225
        ],
        [
          0.566383,
          -0.088975,
          0.819325,
          4.76221
        ],
        [
          -0.043549,
          -0.995997,
          -0.078057,
          1.784011
        ],
        [
          0.0,
          0.0,
          0.0,
          1.0
        ]
      ]
    },
    {
      "file_path": "/media/NFS/ttao/scannet/posed_images/scene0529_00/00145.jpg",
      "transform_matrix": [
        [
          0.894466,
          0.019397,
          -0.446714,
          2.511902
        ],
        [
          0.445918,
          -0.112375,
          0.887992,
          4.826134
        ],
        [
          -0.032975,
          -0.993477,
          -0.109165,
          1.731934
        ],
        [
          0.0,
          0.0,
          0.0,
          1.0
        ]
      ]
    },
    {
      "file_path": "/media/NFS/ttao/scannet/posed_images/scene0529_00/00152.jpg",
      "transform_matrix": [
        [
          0.918477,
          0.021193,
          -0.394905,
          2.508952
        ],
        [
          0.392663,
          -0.167718,
          0.90426,
          4.881057
        ],
        [
          -0.047069,
          -0.985607,
          -0.162367,
          1.708945
        ],
        [
          0.0,
          0.0,
          0.0,
          1.0
        ]
      ]
    },
    {
      "file_path": "/media/NFS/ttao/scannet/posed_images/scene0529_00/00157.jpg",
      "transform_matrix": [
        [
          0.924802,
          0.026711,
          -0.37951,
          2.499263
        ],
        [
          0.375971,
          -0.216767,
          0.900921,
          4.914532
        ],
        [
          -0.058201,
          -0.975858,
          -0.210509,
          1.680158
        ],
        [
          0.0,
          0.0,
          0.0,
          1.0
        ]
      ]
    },
    {
      "file_path": "/media/NFS/ttao/scannet/posed_images/scene0529_00/00166.jpg",
      "transform_matrix": [
        [
          0.918706,
          0.06581,
          -0.38942,
          2.43533
        ],
        [
          0.387505,
          -0.340663,
          0.856615,
          4.934099
        ],
        [
          -0.076287,
          -0.937879,
          -0.338471,
          1.600688
        ],
        [
          0.0,
          0.0,
          0.0,
          1.0
        ]
      ]
    },
    {
      "file_path": "/media/NFS/ttao/scannet/posed_images/scene0529_00/00176.jpg",
      "transform_matrix": [
        [
          0.909644,
          0.135227,
          -0.39276,
          2.430615
        ],
        [
          0.410871,
          -0.431966,
          0.802864,
          4.95772
        ],
        [
          -0.06109,
          -0.891695,
          -0.448496,
          1.54263
        ],
        [
          0.0,
          0.0,
          0.0,
          1.0
        ]
      ]
    },
    {
      "file_path": "/media/NFS/ttao/scannet/posed_images/scene0529_00/00183.jpg",
      "transform_matrix": [
        [
          0.900982,
          0.165095,
          -0.401217,
          2.452153
        ],
        [
          0.430457,
          -0.455702,
          0.77913,
          4.976945
        ],
        [
          -0.054205,
          -0.874688,
          -0.481645,
          1.502172
        ],
        [
          0.0,
          0.0,
          0.0,
          1.0
        ]
      ]
    },
    {
      "file_path": "/media/NFS/ttao/scannet/posed_images/scene0529_00/00185.jpg",
      "transform_matrix": [
        [
          0.900422,
          0.178912,
          -0.396522,
          2.455578
        ],
        [
          0.432596,
          -0.46429,
          0.772849,
          4.98316
        ],
        [
          -0.04583,
          -0.867425,
          -0.495454,
          1.493985
        ],
        [
          0.0,
          0.0,
          0.0,
          1.0
        ]
      ]
    },
    {
      "file_path": "/media/NFS/ttao/scannet/posed_images/scene0529_00/00199.jpg",
      "transform_matrix": [
        [
          0.919008,
          0.182526,
          -0.349439,
          2.52462
        ],
        [
          0.393247,
          -0.487232,
          0.77972,
          5.093988
        ],
        [
          -0.027939,
          -0.853985,
          -0.519548,
          1.459498
        ],
        [
          0.0,
          0.0,
          0.0,
          1.0
        ]
      ]
    },
    {
      "file_path": "/media/NFS/ttao/scannet/posed_images/scene0529_00/00204.jpg",
      "transform_matrix": [
        [
          0.905317,
          0.216493,
          -0.365419,
          2.543456
        ],
        [
          0.424734,
          -0.459245,
          0.780189,
          5.155488
        ],
        [
          0.001089,
          -0.861525,
          -0.507714,
          1.463657
        ],
        [
          0.0,
          0.0,
          0.0,
          1.0
        ]
      ]
    },
    {
      "file_path": "/media/NFS/ttao/scannet/posed_images/scene0529_00/00209.jpg",
      "transform_matrix": [
        [
          0.911818,
          0.225115,
          -0.343382,
          2.567794
        ],
        [
          0.410287,
          -0.467202,
          0.78319,
          5.208996
        ],
        [
          0.015879,
          -0.855012,
          -0.518365,
          1.464483
        ],
        [
          0.0,
          0.0,
          0.0,
          1.0
        ]
      ]
    },
    {
      "file_path": "/media/NFS/ttao/scannet/posed_images/scene0529_00/00220.jpg",
      "transform_matrix": [
        [
          0.946638,
          0.163999,
          -0.277455,
          2.636403
        ],
        [
          0.32195,
          -0.52126,
          0.79034,
          5.221257
        ],
        [
          -0.015012,
          -0.837492,
          -0.546243,
          1.483355
        ],
        [
          0.0,
          0.0,
          0.0,
          1.0
        ]
      ]
    },
    {
      "file_path": "/media/NFS/ttao/scannet/posed_images/scene0529_00/00227.jpg",
      "transform_matrix": [
        [
          0.963364,
          0.134517,
          -0.232022,
          2.680897
        ],
        [
          0.268051,
          -0.511392,
          0.816473,
          5.150078
        ],
        [
          -0.008825,
          -0.848754,
          -0.528714,
          1.504596
        ],
        [
          0.0,
          0.0,
          0.0,
          1.0
        ]
      ]
    },
    {
      "file_path": "/media/NFS/ttao/scannet/posed_images/scene0529_00/00232.jpg",
      "transform_matrix": [
        [
          0.974604,
          0.11959,
          -0.189325,
          2.680381
        ],
        [
          0.223882,
          -0.538394,
          0.812409,
          5.092824
        ],
        [
          -0.004775,
          -0.834164,
          -0.551495,
          1.50467
        ],
        [
          0.0,
          0.0,
          0.0,
          1.0
        ]
      ]
    },
    {
      "file_path": "/media/NFS/ttao/scannet/posed_images/scene0529_00/00244.jpg",
      "transform_matrix": [
        [
          0.995428,
          0.073499,
          -0.060988,
          2.62601
        ],
        [
          0.090379,
          -0.518467,
          0.850308,
          4.948976
        ],
        [
          0.030877,
          -0.851933,
          -0.52274,
          1.502812
        ],
        [
          0.0,
          0.0,
          0.0,
          1.0
        ]
      ]
    },
    {
      "file_path": "/media/NFS/ttao/scannet/posed_images/scene0529_00/00253.jpg",
      "transform_matrix": [
        [
          0.997495,
          -0.001006,
          0.070726,
          2.556376
        ],
        [
          -0.060785,
          -0.523515,
          0.849845,
          4.846717
        ],
        [
          0.036171,
          -0.852016,
          -0.522265,
          1.521075
        ],
        [
          0.0,
          0.0,
          0.0,
          1.0
        ]
      ]
    },
    {
      "file_path": "/media/NFS/ttao/scannet/posed_images/scene0529_00/00260.jpg",
      "transform_matrix": [
        [
          0.979404,
          -0.058245,
          0.193328,
          2.537806
        ],
        [
          -0.197464,
          -0.476174,
          0.856894,
          4.760818
        ],
        [
          0.042148,
          -0.87742,
          -0.477868,
          1.53059
        ],
        [
          0.0,
          0.0,
          0.0,
          1.0
        ]
      ]
    },
    {
      "file_path": "/media/NFS/ttao/scannet/posed_images/scene0529_00/00267.jpg",
      "transform_matrix": [
        [
          0.954647,
          -0.123189,
          0.271059,
          2.49833
        ],
        [
          -0.297449,
          -0.434743,
          0.850013,
          4.683658
        ],
        [
          0.013128,
          -0.892089,
          -0.451669,
          1.590767
        ],
        [
          0.0,
          0.0,
          0.0,
          1.0
        ]
      ]
    },
    {
      "file_path": "/media/NFS/ttao/scannet/posed_images/scene0529_00/00272.jpg",
      "transform_matrix": [
        [
          0.934046,
          -0.090588,
          0.345472,
          2.421784
        ],
        [
          -0.355209,
          -0.336383,
          0.872166,
          4.705515
        ],
        [
          0.037203,
          -0.937358,
          -0.346375,
          1.667008
        ],
        [
          0.0,
          0.0,
          0.0,
          1.0
        ]
      ]
    },
    {
      "file_path": "/media/NFS/ttao/scannet/posed_images/scene0529_00/00281.jpg",
      "transform_matrix": [
        [
          0.903626,
          -0.094963,
          0.417662,
          2.343536
        ],
        [
          -0.428314,
          -0.194658,
          0.882415,
          4.802853
        ],
        [
          -0.002496,
          -0.976264,
          -0.216572,
          1.715183
        ],
        [
          0.0,
          0.0,
          0.0,
          1.0
        ]
      ]
    },
    {
      "file_path": "/media/NFS/ttao/scannet/posed_images/scene0529_00/00288.jpg",
      "transform_matrix": [
        [
          0.871772,
          -0.118731,
          0.475307,
          2.318154
        ],
        [
          -0.48951,
          -0.171772,
          0.854912,
          4.862966
        ],
        [
          -0.01986,
          -0.977956,
          -0.207866,
          1.716509
        ],
        [
          0.0,
          0.0,
          0.0,
          1.0
        ]
      ]
    },
    {
      "file_path": "/media/NFS/ttao/scannet/posed_images/scene0529_00/00295.jpg",
      "transform_matrix": [
        [
          0.852022,
          -0.138697,
          0.504798,
          2.304859
        ],
        [
          -0.523339,
          -0.201293,
          0.828008,
          4.92712
        ],
        [
          -0.01323,
          -0.969662,
          -0.244092,
          1.669333
        ],
        [
          0.0,
          0.0,
          0.0,
          1.0
        ]
      ]
    },
    {
      "file_path": "/media/NFS/ttao/scannet/posed_images/scene0529_00/00302.jpg",
      "transform_matrix": [
        [
          0.827304,
          -0.173813,
          0.534188,
          2.277546
        ],
        [
          -0.561737,
          -0.248528,
          0.789105,
          5.002023
        ],
        [
          -0.004396,
          -0.952903,
          -0.303245,
          1.607332
        ],
        [
          0.0,
          0.0,
          0.0,
          1.0
        ]
      ]
    },
    {
      "file_path": "/media/NFS/ttao/scannet/posed_images/scene0529_00/00316.jpg",
      "transform_matrix": [
        [
          0.718704,
          -0.364205,
          0.5923,
          2.281955
        ],
        [
          -0.695195,
          -0.360487,
          0.621895,
          5.122112
        ],
        [
          -0.012981,
          -0.858722,
          -0.512277,
          1.512232
        ],
        [
          0.0,
          0.0,
          0.0,
          1.0
        ]
      ]
    },
    {
      "file_path": "/media/NFS/ttao/scannet/posed_images/scene0529_00/00319.jpg",
      "transform_matrix": [
        [
          0.678313,
          -0.394691,
          0.619766,
          2.26166
        ],
        [
          -0.734761,
          -0.369307,
          0.568981,
          5.143225
        ],
        [
          0.004312,
          -0.841327,
          -0.540509,
          1.49594
        ],
        [
          0.0,
          0.0,
          0.0,
          1.0
        ]
      ]
    },
    {
      "file_path": "/media/NFS/ttao/scannet/posed_images/scene0529_00/00328.jpg",
      "transform_matrix": [
        [
          0.519487,
          -0.475996,
          0.709621,
          2.172157
        ],
        [
          -0.854427,
          -0.298483,
          0.425279,
          5.189573
        ],
        [
          0.009379,
          -0.827246,
          -0.561762,
          1.474933
        ],
        [
          0.0,
          0.0,
          0.0,
          1.0
        ]
      ]
    },
    {
      "file_path": "/media/NFS/ttao/scannet/posed_images/scene0529_00/00335.jpg",
      "transform_matrix": [
        [
          0.419974,
          -0.49413,
          0.761221,
          2.129295
        ],
        [
          -0.907444,
          -0.240586,
          0.344476,
          5.196414
        ],
        [
          0.012923,
          -0.835436,
          -0.549435,
          1.493336
        ],
        [
          0.0,
          0.0,
          0.0,
          1.0
        ]
      ]
    },
    {
      "file_path": "/media/NFS/ttao/scannet/posed_images/scene0529_00/00347.jpg",
      "transform_matrix": [
        [
          0.313623,
          -0.473199,
          0.82324,
          2.06269
        ],
        [
          -0.949114,
          -0.182417,
          0.256723,
          5.170849
        ],
        [
          0.028692,
          -0.861863,
          -0.50633,
          1.501236
        ],
        [
          0.0,
          0.0,
          0.0,
          1.0
        ]
      ]
    },
    {
      "file_path": "/media/NFS/ttao/scannet/posed_images/scene0529_00/00354.jpg",
      "transform_matrix": [
        [
          0.251677,
          -0.451861,
          0.85585,
          2.052685
        ],
        [
          -0.967676,
          -0.132292,
          0.214716,
          5.164666
        ],
        [
          0.0162,
          -0.882225,
          -0.47055,
          1.529441
        ],
        [
          0.0,
          0.0,
          0.0,
          1.0
        ]
      ]
    },
    {
      "file_path": "/media/NFS/ttao/scannet/posed_images/scene0529_00/00363.jpg",
      "transform_matrix": [
        [
          0.110276,
          -0.411481,
          0.904722,
          2.080744
        ],
        [
          -0.993347,
          -0.076027,
          0.0865,
          5.203718
        ],
        [
          0.03319,
          -0.908242,
          -0.417127,
          1.537825
        ],
        [
          0.0,
          0.0,
          0.0,
          1.0
        ]
      ]
    },
    {
      "file_path": "/media/NFS/ttao/scannet/posed_images/scene0529_00/00366.jpg",
      "transform_matrix": [
        [
          0.070032,
          -0.418776,
          0.905385,
          2.096362
        ],
        [
          -0.997427,
          -0.04332,
          0.057115,
          5.231953
        ],
        [
          0.015303,
          -0.907056,
          -0.420733,
          1.54543
        ],
        [
          0.0,
          0.0,
          0.0,
          1.0
        ]
      ]
    },
    {
      "file_path": "/media/NFS/ttao/scannet/posed_images/scene0529_00/00373.jpg",
      "transform_matrix": [
        [
          -0.023985,
          -0.401526,
          0.915533,
          2.1433
        ],
        [
          -0.999599,
          0.023419,
          -0.015917,
          5.292849
        ],
        [
          -0.01505,
          -0.915548,
          -0.401927,
          1.58805
        ],
        [
          0.0,
          0.0,
          0.0,
          1.0
        ]
      ]
    },
    {
      "file_path": "/media/NFS/ttao/scannet/posed_images/scene0529_00/00387.jpg",
      "transform_matrix": [
        [
          -0.143847,
          -0.325434,
          0.934559,
          2.240528
        ],
        [
          -0.989246,
          0.07255,
          -0.127001,
          5.334737
        ],
        [
          -0.026472,
          -0.942777,
          -0.33237,
          1.574859
        ],
        [
          0.0,
          0.0,
          0.0,
          1.0
        ]
      ]
    },
    {
      "file_path": "/media/NFS/ttao/scannet/posed_images/scene0529_00/00389.jpg",
      "transform_matrix": [
        [
          -0.161773,
          -0.317264,
          0.934437,
          2.25995
        ],
        [
          -0.98605,
          0.089578,
          -0.140294,
          5.338166
        ],
        [
          -0.039195,
          -0.944097,
          -0.327329,
          1.570956
        ],
        [
          0.0,
          0.0,
          0.0,
          1.0
        ]
      ]
    },
    {
      "file_path": "/media/NFS/ttao/scannet/posed_images/scene0529_00/00403.jpg",
      "transform_matrix": [
        [
          -0.353007,
          -0.392588,
          0.849271,
          2.429158
        ],
        [
          -0.93433,
          0.195591,
          -0.297947,
          5.35562
        ],
        [
          -0.049139,
          -0.898676,
          -0.435851,
          1.50366
        ],
        [
          0.0,
          0.0,
          0.0,
          1.0
        ]
      ]
    },
    {
      "file_path": "/media/NFS/ttao/scannet/posed_images/scene0529_00/00406.jpg",
      "transform_matrix": [
        [
          -0.363579,
          -0.405195,
          0.838825,
          2.453779
        ],
        [
          -0.930607,
          0.198783,
          -0.307338,
          5.381362
        ],
        [
          -0.042213,
          -0.892358,
          -0.44935,
          1.49576
        ],
        [
          0.0,
          0.0,
          0.0,
          1.0
        ]
      ]
    },
    {
      "file_path": "/media/NFS/ttao/scannet/posed_images/scene0529_00/00417.jpg",
      "transform_matrix": [
        [
          -0.449658,
          -0.428317,
          0.783806,
          2.513823
        ],
        [
          -0.891372,
          0.271302,
          -0.363113,
          5.54544
        ],
        [
          -0.05712,
          -0.861939,
          -0.503783,
          1.469497
        ],
        [
          0.0,
          0.0,
          0.0,
          1.0
        ]
      ]
    },
    {
      "file_path": "/media/NFS/ttao/scannet/posed_images/scene0529_00/00420.jpg",
      "transform_matrix": [
        [
          -0.485978,
          -0.419639,
          0.766634,
          2.533127
        ],
        [
          -0.871652,
          0.296587,
          -0.390204,
          5.59762
        ],
        [
          -0.063629,
          -0.857869,
          -0.509914,
          1.470295
        ],
        [
          0.0,
          0.0,
          0.0,
          1.0
        ]
      ]
    },
    {
      "file_path": "/media/NFS/ttao/scannet/posed_images/scene0529_00/00431.jpg",
      "transform_matrix": [
        [
          -0.509586,
          -0.393246,
          0.765297,
          2.610295
        ],
        [
          -0.858845,
          0.286269,
          -0.424778,
          5.754654
        ],
        [
          -0.052039,
          -0.873732,
          -0.483616,
          1.450709
        ],
        [
          0.0,
          0.0,
          0.0,
          1.0
        ]
      ]
    },
    {
      "file_path": "/media/NFS/ttao/scannet/posed_images/scene0529_00/00438.jpg",
      "transform_matrix": [
        [
          -0.510404,
          -0.417061,
          0.752029,
          2.688133
        ],
        [
          -0.859895,
          0.25592,
          -0.441685,
          5.815333
        ],
        [
          -0.008249,
          -0.872104,
          -0.489252,
          1.419046
        ],
        [
          0.0,
          0.0,
          0.0,
          1.0
        ]
      ]
    },
    {
      "file_path": "/media/NFS/ttao/scannet/posed_images/scene0529_00/00445.jpg",
      "transform_matrix": [
        [
          -0.544512,
          -0.426588,
          0.72217,
          2.772935
        ],
        [
          -0.838649,
          0.263349,
          -0.476776,
          5.847063
        ],
        [
          0.013205,
          -0.865257,
          -0.501155,
          1.400945
        ],
        [
          0.0,
          0.0,
          0.0,
          1.0
        ]
      ]
    },
    {
      "file_path": "/media/NFS/ttao/scannet/posed_images/scene0529_00/00455.jpg",
      "transform_matrix": [
        [
          -0.552236,
          -0.485328,
          0.677859,
          2.874542
        ],
        [
          -0.832073,
          0.270272,
          -0.484363,
          5.923053
        ],
        [
          0.051868,
          -0.831511,
          -0.553082,
          1.369056
        ],
        [
          0.0,
          0.0,
          0.0,
          1.0
        ]
      ]
    },
    {
      "file_path": "/media/NFS/ttao/scannet/posed_images/scene0529_00/00459.jpg",
      "transform_matrix": [
        [
          -0.55919,
          -0.48645,
          0.671322,
          2.883601
        ],
        [
          -0.827848,
          0.284233,
          -0.483611,
          5.943
        ],
        [
          0.04444,
          -0.826183,
          -0.561647,
          1.366802
        ],
        [
          0.0,
          0.0,
          0.0,
          1.0
        ]
      ]
    },
    {
      "file_path": "/media/NFS/ttao/scannet/posed_images/scene0529_00/00473.jpg",
      "transform_matrix": [
        [
          -0.641371,
          -0.368265,
          0.67307,
          2.810995
        ],
        [
          -0.766111,
          0.354787,
          -0.535911,
          5.842294
        ],
        [
          -0.041439,
          -0.859364,
          -0.509682,
          1.453551
        ],
        [
          0.0,
          0.0,
          0.0,
          1.0
        ]
      ]
    },
    {
      "file_path": "/media/NFS/ttao/scannet/posed_images/scene0529_00/00481.jpg",
      "transform_matrix": [
        [
          -0.664815,
          -0.325635,
          0.672297,
          2.697089
        ],
        [
          -0.743644,
          0.373821,
          -0.554303,
          5.763898
        ],
        [
          -0.070818,
          -0.868458,
          -0.490678,
          1.445171
        ],
        [
          0.0,
          0.0,
          0.0,
          1.0
        ]
      ]
    },
    {
      "file_path": "/media/NFS/ttao/scannet/posed_images/scene0529_00/00483.jpg",
      "transform_matrix": [
        [
          -0.659964,
          -0.331156,
          0.674377,
          2.66323
        ],
        [
          -0.747768,
          0.376446,
          -0.54693,
          5.736708
        ],
        [
          -0.072747,
          -0.865231,
          -0.496068,
          1.44172
        ],
        [
          0.0,
          0.0,
          0.0,
          1.0
        ]
      ]
    },
    {
      "file_path": "/media/NFS/ttao/scannet/posed_images/scene0529_00/00490.jpg",
      "transform_matrix": [
        [
          -0.654304,
          -0.369055,
          0.660064,
          2.555701
        ],
        [
          -0.754271,
          0.3813,
          -0.534496,
          5.652627
        ],
        [
          -0.054424,
          -0.84759,
          -0.527854,
          1.458382
        ],
        [
          0.0,
          0.0,
          0.0,
          1.0
        ]
      ]
    },
    {
      "file_path": "/media/NFS/ttao/scannet/posed_images/scene0529_00/00499.jpg",
      "transform_matrix": [
        [
          -0.670745,
          -0.299841,
          0.678378,
          2.496674
        ],
        [
          -0.738192,
          0.358593,
          -0.571388,
          5.553949
        ],
        [
          -0.071936,
          -0.884028,
          -0.461865,
          1.5014
        ],
        [
          0.0,
          0.0,
          0.0,
          1.0
        ]
      ]
    },
    {
      "file_path": "/media/NFS/ttao/scannet/posed_images/scene0529_00/00506.jpg",
      "transform_matrix": [
        [
          -0.678283,
          -0.295304,
          0.67285,
          2.501101
        ],
        [
          -0.733501,
          0.326556,
          -0.596103,
          5.48061
        ],
        [
          -0.043691,
          -0.897862,
          -0.438103,
          1.50834
        ],
        [
          0.0,
          0.0,
          0.0,
          1.0
        ]
      ]
    },
    {
      "file_path": "/media/NFS/ttao/scannet/posed_images/scene0529_00/00518.jpg",
      "transform_matrix": [
        [
          -0.702304,
          -0.285555,
          0.652094,
          2.505225
        ],
        [
          -0.709347,
          0.357867,
          -0.607254,
          5.274207
        ],
        [
          -0.059959,
          -0.889038,
          -0.45389,
          1.495307
        ],
        [
          0.0,
          0.0,
          0.0,
          1.0
        ]
      ]
    },
    {
      "file_path": "/media/NFS/ttao/scannet/posed_images/scene0529_00/00523.jpg",
      "transform_matrix": [
        [
          -0.702984,
          -0.276128,
          0.655414,
          2.49012
        ],
        [
          -0.706823,
          0.373405,
          -0.600808,
          5.189411
        ],
        [
          -0.078835,
          -0.88562,
          -0.457671,
          1.495819
        ],
        [
          0.0,
          0.0,
          0.0,
          1.0
        ]
      ]
    },
    {
      "file_path": "/media/NFS/ttao/scannet/posed_images/scene0529_00/00530.jpg",
      "transform_matrix": [
        [
          -0.6826,
          -0.284827,
          0.673001,
          2.429655
        ],
        [
          -0.725461,
          0.375149,
          -0.577036,
          5.054941
        ],
        [
          -0.08812,
          -0.882121,
          -0.462708,
          1.480318
        ],
        [
          0.0,
          0.0,
          0.0,
          1.0
        ]
      ]
    },
    {
      "file_path": "/media/NFS/ttao/scannet/posed_images/scene0529_00/00541.jpg",
      "transform_matrix": [
        [
          -0.641878,
          -0.335212,
          0.689656,
          2.342026
        ],
        [
          -0.763062,
          0.368,
          -0.531331,
          4.820904
        ],
        [
          -0.075685,
          -0.8673,
          -0.491999,
          1.484618
        ],
        [
          0.0,
          0.0,
          0.0,
          1.0
        ]
      ]
    },
    {
      "file_path": "/media/NFS/ttao/scannet/posed_images/scene0529_00/00546.jpg",
      "transform_matrix": [
        [
          -0.634661,
          -0.334793,
          0.696505,
          2.336976
        ],
        [
          -0.769502,
          0.356841,
          -0.529652,
          4.723913
        ],
        [
          -0.071218,
          -0.872111,
          -0.484097,
          1.482976
        ],
        [
          0.0,
          0.0,
          0.0,
          1.0
        ]
      ]
    },
    {
      "file_path": "/media/NFS/ttao/scannet/posed_images/scene0529_00/00556.jpg",
      "transform_matrix": [
        [
          -0.639084,
          -0.263389,
          0.722632,
          2.366517
        ],
        [
          -0.768538,
          0.25573,
          -0.586473,
          4.526823
        ],
        [
          -0.030328,
          -0.930176,
          -0.365858,
          1.516547
        ],
        [
          0.0,
          0.0,
          0.0,
          1.0
        ]
      ]
    },
    {
      "file_path": "/media/NFS/ttao/scannet/posed_images/scene0529_00/00560.jpg",
      "transform_matrix": [
        [
          -0.612891,
          -0.253404,
          0.748432,
          2.389622
        ],
        [
          -0.78894,
          0.249018,
          -0.561751,
          4.450224
        ],
        [
          -0.044023,
          -0.93476,
          -0.352542,
          1.523788
        ],
        [
          0.0,
          0.0,
          0.0,
          1.0
        ]
      ]
    },
    {
      "file_path": "/media/NFS/ttao/scannet/posed_images/scene0529_00/00570.jpg",
      "transform_matrix": [
        [
          -0.565705,
          -0.280585,
          0.775403,
          2.431637
        ],
        [
          -0.822897,
          0.252628,
          -0.508939,
          4.308321
        ],
        [
          -0.053088,
          -0.925987,
          -0.373806,
          1.530327
        ],
        [
          0.0,
          0.0,
          0.0,
          1.0
        ]
      ]
    },
    {
      "file_path": "/media/NFS/ttao/scannet/posed_images/scene0529_00/00581.jpg",
      "transform_matrix": [
        [
          -0.485176,
          -0.377048,
          0.788948,
          2.417744
        ],
        [
          -0.873165,
          0.257167,
          -0.414063,
          4.132828
        ],
        [
          -0.046769,
          -0.889775,
          -0.453996,
          1.491107
        ],
        [
          0.0,
          0.0,
          0.0,
          1.0
        ]
      ]
    },
    {
      "file_path": "/media/NFS/ttao/scannet/posed_images/scene0529_00/00588.jpg",
      "transform_matrix": [
        [
          -0.447767,
          -0.426089,
          0.7861,
          2.412523
        ],
        [
          -0.891162,
          0.284481,
          -0.353414,
          4.006971
        ],
        [
          -0.073045,
          -0.858789,
          -0.507095,
          1.460135
        ],
        [
          0.0,
          0.0,
          0.0,
          1.0
        ]
      ]
    },
    {
      "file_path": "/media/NFS/ttao/scannet/posed_images/scene0529_00/00595.jpg",
      "transform_matrix": [
        [
          -0.381459,
          -0.456836,
          0.803611,
          2.421965
        ],
        [
          -0.918652,
          0.284028,
          -0.274603,
          3.914018
        ],
        [
          -0.1028,
          -0.842988,
          -0.528018,
          1.43347
        ],
        [
          0.0,
          0.0,
          0.0,
          1.0
        ]
      ]
    },
    {
      "file_path": "/media/NFS/ttao/scannet/posed_images/scene0529_00/00600.jpg",
      "transform_matrix": [
        [
          -0.252241,
          -0.488819,
          0.835123,
          2.432989
        ],
        [
          -0.961798,
          0.22153,
          -0.160835,
          3.857759
        ],
        [
          -0.106386,
          -0.843789,
          -0.526024,
