{
  "frames": [
    {
      "file_path": "/media/NFS/ttao/scannet/posed_images/scene0671_01/00000.jpg",
      "transform_matrix": [
        [
          0.037358,
          0.611409,
          -0.790432,
          4.655346
        ],
        [
          0.998519,
          -0.054146,
          0.005311,
          2.571628
        ],
        [
          -0.039551,
          -0.78946,
          -0.612526,
          1.286531
        ],
        [
          0.0,
          0.0,
          0.0,
          1.0
        ]
      ]
    },
    {
      "file_path": "/media/NFS/ttao/scannet/posed_images/scene0671_01/00002.jpg",
      "transform_matrix": [
        [
          0.022845,
          0.589825,
          -0.807208,
          4.657407
        ],
        [
          0.998896,
          -0.046631,
          -0.005803,
          2.588939
        ],
        [
          -0.041064,
          -0.806184,
          -0.590238,
          1.286765
        ],
        [
          0.0,
          0.0,
          0.0,
          1.0
        ]
      ]
    },
    {
      "file_path": "/media/NFS/ttao/scannet/posed_images/scene0671_01/00005.jpg",
      "transform_matrix": [
        [
          0.008334,
          0.572724,
          -0.819706,
          4.657517
        ],
        [
          0.999379,
          -0.032829,
          -0.012777,
          2.605333
        ],
        [
          -0.034228,
          -0.81909,
          -0.572643,
          1.28507
        ],
        [
          0.0,
          0.0,
          0.0,
          1.0
        ]
      ]
    },
    {
      "file_path": "/media/NFS/ttao/scannet/posed_images/scene0671_01/00006.jpg",
      "transform_matrix": [
        [
          0.001435,
          0.573952,
          -0.818888,
          4.655787
        ],
        [
          0.999362,
          -0.030044,
          -0.019307,
          2.609075
        ],
        [
          -0.035684,
          -0.818337,
          -0.573629,
          1.285362
        ],
        [
          0.0,
          0.0,
          0.0,
          1.0
        ]
      ]
    },
    {
      "file_path": "/media/NFS/ttao/scannet/posed_images/scene0671_01/00009.jpg",
      "transform_matrix": [
        [
          -0.010641,
          0.57251,
          -0.819829,
          4.65251
        ],
        [
          0.999186,
          -0.025819,
          -0.031,
          2.619167
        ],
        [
          -0.038915,
          -0.819491,
          -0.571769,
          1.286791
        ],
        [
          0.0,
          0.0,
          0.0,
          1.0
        ]
      ]
    },
    {
      "file_path": "/media/NFS/ttao/scannet/posed_images/scene0671_01/00010.jpg",
      "transform_matrix": [
        [
          -0.017443,
          0.575881,
          -0.817348,
          4.649813
        ],
        [
          0.998944,
          -0.024721,
          -0.038736,
          2.634028
        ],
        [
          -0.042513,
          -0.81716,
          -0.574841,
          1.292913
        ],
        [
          0.0,
          0.0,
          0.0,
          1.0
        ]
      ]
    },
    {
      "file_path": "/media/NFS/ttao/scannet/posed_images/scene0671_01/00013.jpg",
      "transform_matrix": [
        [
          -0.006863,
          0.570065,
          -0.821571,
          4.643516
        ],
        [
          0.999023,
          -0.031966,
          -0.030526,
          2.637614
        ],
        [
          -0.043664,
          -0.820977,
          -0.569289,
          1.292989
        ],
        [
          0.0,
          0.0,
          0.0,
          1.0
        ]
      ]
    },
    {
      "file_path": "/media/NFS/ttao/scannet/posed_images/scene0671_01/00014.jpg",
      "transform_matrix": [
        [
          -0.004164,
          0.571577,
          -0.820538,
          4.64099
        ],
        [
          0.999192,
          -0.030424,
          -0.026263,
          2.638066
        ],
        [
          -0.039975,
          -0.819984,
          -0.570988,
          1.289556
        ],
        [
          0.0,
          0.0,
          0.0,
          1.0
        ]
      ]
    },
    {
      "file_path": "/media/NFS/ttao/scannet/posed_images/scene0671_01/00017.jpg",
      "transform_matrix": [
        [
          0.001243,
          0.572477,
          -0.81992,
          4.617639
        ],
        [
          0.999211,
          -0.03327,
          -0.021714,
          2.635356
        ],
        [
          -0.03971,
          -0.819246,
          -0.572066,
          1.306136
        ],
        [
          0.0,
          0.0,
          0.0,
          1.0
        ]
      ]
    },
    {
      "file_path": "/media/NFS/ttao/scannet/posed_images/scene0671_01/00018.jpg",
      "transform_matrix": [
        [
          0.005455,
          0.563293,
          -0.826239,
          4.616001
        ],
        [
          0.999283,
          -0.034031,
          -0.016604,
          2.633648
        ],
        [
          -0.037471,
          -0.825556,
          -0.563075,
          1.304985
        ],
        [
          0.0,
          0.0,
          0.0,
          1.0
        ]
      ]
    },
    {
      "file_path": "/media/NFS/ttao/scannet/posed_images/scene0671_01/00021.jpg",
      "transform_matrix": [
        [
          0.025677,
          0.554646,
          -0.83169,
          4.605504
        ],
        [
          0.999521,
          -0.028641,
          0.011758,
          2.625123
        ],
        [
          -0.017299,
          -0.831593,
          -0.555115,
          1.304606
        ],
        [
          0.0,
          0.0,
          0.0,
          1.0
        ]
      ]
    },
    {
      "file_path": "/media/NFS/ttao/scannet/posed_images/scene0671_01/00024.jpg",
      "transform_matrix": [
        [
          0.023965,
          0.551742,
          -0.83367,
          4.591653
        ],
        [
          0.999455,
          -0.032179,
          0.007434,
          2.625615
        ],
        [
          -0.022725,
          -0.833393,
          -0.552213,
          1.30893
        ],
        [
          0.0,
          0.0,
          0.0,
          1.0
        ]
      ]
    },
    {
      "file_path": "/media/NFS/ttao/scannet/posed_images/scene0671_01/00025.jpg",
      "transform_matrix": [
        [
          0.026262,
          0.550841,
          -0.834197,
          4.587813
        ],
        [
          0.999285,
          -0.037171,
          0.006915,
          2.625048
        ],
        [
          -0.027199,
          -0.833782,
          -0.551423,
          1.308952
        ],
        [
          0.0,
          0.0,
          0.0,
          1.0
        ]
      ]
    },
    {
      "file_path": "/media/NFS/ttao/scannet/posed_images/scene0671_01/00027.jpg",
      "transform_matrix": [
        [
          0.029313,
          0.545796,
          -0.837405,
          4.584108
        ],
        [
          0.999118,
          -0.041201,
          0.008119,
          2.631537
        ],
        [
          -0.030071,
          -0.836904,
          -0.546522,
          1.307302
        ],
        [
          0.0,
          0.0,
          0.0,
          1.0
        ]
      ]
    },
    {
      "file_path": "/media/NFS/ttao/scannet/posed_images/scene0671_01/00030.jpg",
      "transform_matrix": [
        [
          0.025472,
          0.558211,
          -0.829308,
          4.576055
        ],
        [
          0.999498,
          -0.029855,
          0.010603,
          2.641119
        ],
        [
          -0.018841,
          -0.829162,
          -0.558691,
          1.302815
        ],
        [
          0.0,
          0.0,
          0.0,
          1.0
        ]
      ]
    },
    {
      "file_path": "/media/NFS/ttao/scannet/posed_images/scene0671_01/00031.jpg",
      "transform_matrix": [
        [
          0.023266,
          0.562261,
          -0.826632,
          4.570527
        ],
        [
          0.999489,
          -0.031203,
          0.006907,
          2.64487
        ],
        [
          -0.02191,
          -0.826371,
          -0.5627,
          1.30605
        ],
        [
          0.0,
          0.0,
          0.0,
          1.0
        ]
      ]
    },
    {
      "file_path": "/media/NFS/ttao/scannet/posed_images/scene0671_01/00033.jpg",
      "transform_matrix": [
        [
          0.021216,
          0.554913,
          -0.831638,
          4.567298
        ],
        [
          0.999281,
          -0.037912,
          0.000195,
          2.658641
        ],
        [
          -0.031421,
          -0.831044,
          -0.555319,
          1.308054
        ],
        [
          0.0,
          0.0,
          0.0,
          1.0
        ]
      ]
    },
    {
      "file_path": "/media/NFS/ttao/scannet/posed_images/scene0671_01/00035.jpg",
      "transform_matrix": [
        [
          0.028298,
          0.554453,
          -0.831734,
          4.567426
        ],
        [
          0.99907,
          -0.042768,
          0.00548,
          2.671553
        ],
        [
          -0.032533,
          -0.831116,
          -0.555148,
          1.304078
        ],
        [
          0.0,
          0.0,
          0.0,
          1.0
        ]
      ]
    },
    {
      "file_path": "/media/NFS/ttao/scannet/posed_images/scene0671_01/00038.jpg",
      "transform_matrix": [
        [
          0.029531,
          0.562617,
          -0.82619,
          4.565803
        ],
        [
          0.999137,
          -0.040777,
          0.007944,
          2.698621
        ],
        [
          -0.02922,
          -0.825712,
          -0.563335,
          1.301275
        ],
        [
          0.0,
          0.0,
          0.0,
          1.0
        ]
      ]
    },
    {
      "file_path": "/media/NFS/ttao/scannet/posed_images/scene0671_01/00040.jpg",
      "transform_matrix": [
        [
          0.031581,
          0.565075,
          -0.824435,
          4.566529
        ],
        [
          0.998987,
          -0.044295,
          0.007907,
          2.717887
        ],
        [
          -0.032051,
          -0.82385,
          -0.565902,
          1.298815
        ],
        [
          0.0,
          0.0,
          0.0,
          1.0
        ]
      ]
    },
    {
      "file_path": "/media/NFS/ttao/scannet/posed_images/scene0671_01/00043.jpg",
      "transform_matrix": [
        [
          0.03434,
          0.565423,
          -0.824086,
          4.565107
        ],
        [
          0.998763,
          -0.049099,
          0.007931,
          2.737924
        ],
        [
          -0.035977,
          -0.823338,
          -0.566409,
          1.297075
        ],
        [
          0.0,
          0.0,
          0.0,
          1.0
        ]
      ]
    },
    {
      "file_path": "/media/NFS/ttao/scannet/posed_images/scene0671_01/00044.jpg",
      "transform_matrix": [
        [
          0.030003,
          0.565687,
          -0.824074,
          4.564216
        ],
        [
          0.998887,
          -0.04698,
          0.004118,
          2.746427
        ],
        [
          -0.036386,
          -0.823281,
          -0.566467,
          1.295641
        ],
        [
          0.0,
          0.0,
          0.0,
          1.0
        ]
      ]
    },
    {
      "file_path": "/media/NFS/ttao/scannet/posed_images/scene0671_01/00046.jpg",
      "transform_matrix": [
        [
          0.022557,
          0.56417,
          -0.82535,
          4.561332
        ],
        [
          0.999234,
          -0.039121,
          0.000567,
          2.761426
        ],
        [
          -0.031968,
          -0.824731,
          -0.564621,
          1.292704
        ],
        [
          0.0,
          0.0,
          0.0,
          1.0
        ]
      ]
    },
    {
      "file_path": "/media/NFS/ttao/scannet/posed_images/scene0671_01/00048.jpg",
      "transform_matrix": [
        [
          0.021036,
          0.575855,
          -0.817281,
          4.551881
        ],
        [
          0.999325,
          -0.036747,
          -0.000171,
          2.777048
        ],
        [
          -0.030131,
          -0.816725,
          -0.576239,
          1.290904
        ],
        [
          0.0,
          0.0,
          0.0,
          1.0
        ]
      ]
    },
    {
      "file_path": "/media/NFS/ttao/scannet/posed_images/scene0671_01/00050.jpg",
      "transform_matrix": [
        [
          0.003351,
          0.579192,
          -0.815185,
          4.540551
        ],
        [
          0.999354,
          -0.031113,
          -0.017997,
          2.794966
        ],
        [
          -0.035786,
          -0.814597,
          -0.578922,
          1.288416
        ],
        [
          0.0,
          0.0,
          0.0,
          1.0
        ]
      ]
    },
    {
      "file_path": "/media/NFS/ttao/scannet/posed_images/scene0671_01/00053.jpg",
      "transform_matrix": [
        [
          -0.007344,
          0.576174,
          -0.817294,
          4.514122
        ],
        [
          0.999263,
          -0.026576,
          -0.027716,
          2.817746
        ],
        [
          -0.03769,
          -0.816895,
          -0.575554,
          1.289391
        ],
        [
          0.0,
          0.0,
          0.0,
          1.0
        ]
      ]
    },
    {
      "file_path": "/media/NFS/ttao/scannet/posed_images/scene0671_01/00054.jpg",
      "transform_matrix": [
        [
          -0.009279,
          0.576266,
          -0.81721,
          4.50519
        ],
        [
          0.999312,
          -0.024002,
          -0.028272,
          2.825367
        ],
        [
          -0.035906,
          -0.81691,
          -0.575646,
          1.286405
        ],
        [
          0.0,
          0.0,
          0.0,
          1.0
        ]
      ]
    },
    {
      "file_path": "/media/NFS/ttao/scannet/posed_images/scene0671_01/00056.jpg",
      "transform_matrix": [
        [
          -0.020054,
          0.57522,
          -0.817753,
          4.480845
        ],
        [
          0.9993,
          -0.014313,
          -0.034574,
          2.841669
        ],
        [
          -0.031592,
          -0.817873,
          -0.57453,
          1.287148
        ],
        [
          0.0,
          0.0,
          0.0,
          1.0
        ]
      ]
    },
    {
      "file_path": "/media/NFS/ttao/scannet/posed_images/scene0671_01/00059.jpg",
      "transform_matrix": [
        [
          -0.0124,
          0.553715,
          -0.832614,
          4.446127
        ],
        [
          0.999249,
          -0.02371,
          -0.03065,
          2.867721
        ],
        [
          -0.036713,
          -0.832369,
          -0.553005,
          1.285693
        ],
        [
          0.0,
          0.0,
          0.0,
          1.0
        ]
      ]
    },
    {
      "file_path": "/media/NFS/ttao/scannet/posed_images/scene0671_01/00060.jpg",
      "transform_matrix": [
        [
          -0.007276,
          0.55162,
          -0.834064,
          4.438457
        ],
        [
          0.999414,
          -0.023879,
          -0.024512,
          2.874223
        ],
        [
          -0.033438,
          -0.833754,
          -0.551123,
          1.281843
        ],
        [
          0.0,
          0.0,
          0.0,
          1.0
        ]
      ]
    },
    {
      "file_path": "/media/NFS/ttao/scannet/posed_images/scene0671_01/00062.jpg",
      "transform_matrix": [
        [
          0.000247,
          0.573681,
          -0.819079,
          4.41343
        ],
        [
          0.999495,
          -0.026171,
          -0.018029,
          2.887698
        ],
        [
          -0.031779,
          -0.818661,
          -0.573397,
          1.279993
        ],
        [
          0.0,
          0.0,
          0.0,
          1.0
        ]
      ]
    },
    {
      "file_path": "/media/NFS/ttao/scannet/posed_images/scene0671_01/00066.jpg",
      "transform_matrix": [
        [
          0.010296,
          0.554474,
          -0.832138,
          4.367746
        ],
        [
          0.999049,
          -0.040959,
          -0.014931,
          2.920398
        ],
        [
          -0.042363,
          -0.831193,
          -0.554368,
          1.281882
        ],
        [
          0.0,
          0.0,
          0.0,
          1.0
        ]
      ]
    },
    {
      "file_path": "/media/NFS/ttao/scannet/posed_images/scene0671_01/00068.jpg",
      "transform_matrix": [
        [
          0.020351,
          0.5507,
          -0.834456,
          4.343616
        ],
        [
          0.99918,
          -0.040415,
          -0.002304,
          2.936548
        ],
        [
          -0.034994,
          -0.833724,
          -0.551071,
          1.28301
        ],
        [
          0.0,
          0.0,
          0.0,
          1.0
        ]
      ]
    },
    {
      "file_path": "/media/NFS/ttao/scannet/posed_images/scene0671_01/00070.jpg",
      "transform_matrix": [
        [
          0.009653,
          0.565663,
          -0.82458,
          4.326449
        ],
        [
          0.999104,
          -0.039444,
          -0.015362,
          2.955809
        ],
        [
          -0.041214,
          -0.823693,
          -0.565537,
          1.282755
        ],
        [
          0.0,
          0.0,
          0.0,
          1.0
        ]
      ]
    },
    {
      "file_path": "/media/NFS/ttao/scannet/posed_images/scene0671_01/00071.jpg",
      "transform_matrix": [
        [
          0.002148,
          0.57209,
          -0.820188,
          4.315119
        ],
        [
          0.999038,
          -0.037158,
          -0.023302,
          2.964039
        ],
        [
          -0.043807,
          -0.819349,
          -0.571619,
          1.287291
        ],
        [
          0.0,
          0.0,
          0.0,
          1.0
        ]
      ]
    },
    {
      "file_path": "/media/NFS/ttao/scannet/posed_images/scene0671_01/00074.jpg",
      "transform_matrix": [
        [
          -0.001945,
          0.559988,
          -0.828499,
          4.292304
        ],
        [
          0.998942,
          -0.03698,
          -0.027341,
          2.995235
        ],
        [
          -0.045948,
          -0.827675,
          -0.559323,
          1.289882
        ],
        [
          0.0,
          0.0,
          0.0,
          1.0
        ]
      ]
    },
    {
      "file_path": "/media/NFS/ttao/scannet/posed_images/scene0671_01/00076.jpg",
      "transform_matrix": [
        [
          -0.002521,
          0.565308,
          -0.824876,
          4.277916
        ],
        [
          0.999236,
          -0.030747,
          -0.024126,
          3.014392
        ],
        [
          -0.039002,
          -0.824306,
          -0.564799,
          1.286163
        ],
        [
          0.0,
          0.0,
          0.0,
          1.0
        ]
      ]
    },
    {
      "file_path": "/media/NFS/ttao/scannet/posed_images/scene0671_01/00077.jpg",
      "transform_matrix": [
        [
          -0.007722,
          0.569315,
          -0.822083,
          4.270619
        ],
        [
          0.99921,
          -0.027669,
          -0.028548,
          3.022321
        ],
        [
          -0.038999,
          -0.821653,
          -0.568651,
          1.285821
        ],
        [
          0.0,
          0.0,
          0.0,
          1.0
        ]
      ]
    },
    {
      "file_path": "/media/NFS/ttao/scannet/posed_images/scene0671_01/00080.jpg",
      "transform_matrix": [
        [
          -0.032885,
          0.568654,
          -0.821919,
          4.249681
        ],
        [
          0.997608,
          -0.031361,
          -0.061613,
          3.054894
        ],
        [
          -0.060813,
          -0.821979,
          -0.566262,
          1.285175
        ],
        [
          0.0,
          0.0,
          0.0,
          1.0
        ]
      ]
    },
    {
      "file_path": "/media/NFS/ttao/scannet/posed_images/scene0671_01/00081.jpg",
      "transform_matrix": [
        [
          -0.034857,
          0.568555,
          -0.821907,
          4.243522
        ],
        [
          0.997095,
          -0.035946,
          -0.067153,
          3.068154
        ],
        [
          -0.067724,
          -0.82186,
          -0.56565,
          1.282947
        ],
        [
          0.0,
          0.0,
          0.0,
          1.0
        ]
      ]
    },
    {
      "file_path": "/media/NFS/ttao/scannet/posed_images/scene0671_01/00084.jpg",
      "transform_matrix": [
        [
          -0.04264,
          0.587282,
          -0.808259,
          4.220739
        ],
        [
          0.996317,
          -0.03525,
          -0.078174,
          3.108991
        ],
        [
          -0.074401,
          -0.808615,
          -0.583615,
          1.276232
        ],
        [
          0.0,
          0.0,
          0.0,
          1.0
        ]
      ]
    },
    {
      "file_path": "/media/NFS/ttao/scannet/posed_images/scene0671_01/00085.jpg",
      "transform_matrix": [
        [
          -0.055289,
          0.591833,
          -0.804163,
          4.209544
        ],
        [
          0.99534,
          -0.031063,
          -0.091294,
          3.122347
        ],
        [
          -0.07901,
          -0.805462,
          -0.587357,
          1.281527
        ],
        [
          0.0,
          0.0,
          0.0,
          1.0
        ]
      ]
    },
    {
      "file_path": "/media/NFS/ttao/scannet/posed_images/scene0671_01/00089.jpg",
      "transform_matrix": [
        [
          -0.126295,
          0.559622,
          -0.819068,
          4.189659
        ],
        [
          0.988705,
          0.003844,
          -0.149825,
          3.19309
        ],
        [
          -0.080697,
          -0.828739,
          -0.553787,
          1.281566
        ],
        [
          0.0,
          0.0,
          0.0,
          1.0
        ]
      ]
    },
    {
      "file_path": "/media/NFS/ttao/scannet/posed_images/scene0671_01/00091.jpg",
      "transform_matrix": [
        [
          -0.165271,
          0.575589,
          -0.800864,
          4.177809
        ],
        [
          0.983609,
          0.036834,
          -0.176511,
          3.231222
        ],
        [
          -0.072099,
          -0.816909,
          -0.572242,
          1.281603
        ],
        [
          0.0,
          0.0,
          0.0,
          1.0
        ]
      ]
    },
    {
      "file_path": "/media/NFS/ttao/scannet/posed_images/scene0671_01/00093.jpg",
      "transform_matrix": [
        [
          -0.201926,
          0.583648,
          -0.786499,
          4.164609
        ],
        [
          0.977391,
          0.068663,
          -0.199982,
          3.259809
        ],
        [
          -0.062716,
          -0.809098,
          -0.584317,
          1.28617
        ],
        [
          0.0,
          0.0,
          0.0,
          1.0
        ]
      ]
    },
    {
      "file_path": "/media/NFS/ttao/scannet/posed_images/scene0671_01/00094.jpg",
      "transform_matrix": [
        [
          -0.221856,
          0.583028,
          -0.781575,
          4.156115
        ],
        [
          0.973417,
          0.08564,
          -0.212427,
          3.276488
        ],
        [
          -0.056917,
          -0.807926,
          -0.586529,
          1.289057
        ],
        [
          0.0,
          0.0,
          0.0,
          1.0
        ]
      ]
    },
    {
      "file_path": "/media/NFS/ttao/scannet/posed_images/scene0671_01/00096.jpg",
      "transform_matrix": [
        [
          -0.245233,
          0.571839,
          -0.782854,
          4.143326
        ],
        [
          0.968615,
          0.110727,
          -0.222543,
          3.305514
        ],
        [
          -0.040576,
          -0.812859,
          -0.581046,
          1.291083
        ],
        [
          0.0,
          0.0,
          0.0,
          1.0
        ]
      ]
    },
    {
      "file_path": "/media/NFS/ttao/scannet/posed_images/scene0671_01/00098.jpg",
      "transform_matrix": [
        [
          -0.257148,
          0.575926,
          -0.776006,
          4.127704
        ],
        [
          0.965518,
          0.119351,
          -0.231368,
          3.330701
        ],
        [
          -0.040634,
          -0.808743,
          -0.586757,
          1.293592
        ],
        [
          0.0,
          0.0,
          0.0,
          1.0
        ]
      ]
    },
    {
      "file_path": "/media/NFS/ttao/scannet/posed_images/scene0671_01/00100.jpg",
      "transform_matrix": [
        [
          -0.275373,
          0.572443,
          -0.772321,
          4.111999
        ],
        [
          0.960115,
          0.12326,
          -0.250971,
          3.348298
        ],
        [
          -0.04847,
          -0.810627,
          -0.583554,
          1.298915
        ],
        [
          0.0,
          0.0,
          0.0,
          1.0
        ]
      ]
    },
    {
      "file_path": "/media/NFS/ttao/scannet/posed_images/scene0671_01/00102.jpg",
      "transform_matrix": [
        [
          -0.295434,
          0.565685,
          -0.769883,
          4.094445
        ],
        [
          0.954232,
          0.135512,
          -0.266606,
          3.37125
        ],
        [
          -0.046486,
          -0.813411,
          -0.579829,
          1.297883
        ],
        [
          0.0,
          0.0,
          0.0,
          1.0
        ]
      ]
    },
    {
      "file_path": "/media/NFS/ttao/scannet/posed_images/scene0671_01/00104.jpg",
      "transform_matrix": [
        [
          -0.307263,
          0.56926,
          -0.762583,
          4.073587
        ],
        [
          0.950224,
          0.140067,
          -0.27831,
          3.393806
        ],
        [
          -0.051618,
          -0.810139,
          -0.583961,
          1.292958
        ],
        [
          0.0,
          0.0,
          0.0,
          1.0
        ]
      ]
    },
    {
      "file_path": "/media/NFS/ttao/scannet/posed_images/scene0671_01/00107.jpg",
      "transform_matrix": [
        [
          -0.322092,
          0.571745,
          -0.754562,
          4.034869
        ],
        [
          0.944495,
          0.139602,
          -0.297388,
          3.424071
        ],
        [
          -0.064692,
          -0.808467,
          -0.584975,
          1.288505
        ],
        [
          0.0,
          0.0,
          0.0,
          1.0
        ]
      ]
    },
    {
      "file_path": "/media/NFS/ttao/scannet/posed_images/scene0671_01/00109.jpg",
      "transform_matrix": [
        [
          -0.33018,
          0.572075,
          -0.750807,
          4.004864
        ],
        [
          0.94182,
          0.146669,
          -0.302428,
          3.440222
        ],
        [
          -0.062892,
          -0.806981,
          -0.587219,
          1.289289
        ],
        [
          0.0,
          0.0,
          0.0,
          1.0
        ]
      ]
    },
    {
      "file_path": "/media/NFS/ttao/scannet/posed_images/scene0671_01/00112.jpg",
      "transform_matrix": [
        [
          -0.334103,
          0.552841,
          -0.763375,
          3.96519
        ],
        [
          0.9416,
          0.159674,
          -0.296469,
          3.462971
        ],
        [
          -0.04201,
          -0.817845,
          -0.573903,
          1.285143
        ],
        [
          0.0,
          0.0,
          0.0,
          1.0
        ]
      ]
    },
    {
      "file_path": "/media/NFS/ttao/scannet/posed_images/scene0671_01/00113.jpg",
      "transform_matrix": [
        [
          -0.338632,
          0.554977,
          -0.759822,
          3.948243
        ],
        [
          0.940273,
          0.16968,
          -0.29512,
          3.471486
        ],
        [
          -0.034857,
          -0.814377,
          -0.579289,
          1.286389
        ],
        [
          0.0,
          0.0,
          0.0,
          1.0
        ]
      ]
    },
    {
      "file_path": "/media/NFS/ttao/scannet/posed_images/scene0671_01/00115.jpg",
      "transform_matrix": [
        [
          -0.34912,
          0.550531,
          -0.758308,
          3.915716
        ],
        [
          0.936868,
          0.187919,
          -0.294899,
          3.485308
        ],
        [
          -0.019851,
          -0.813389,
          -0.581381,
          1.292891
        ],
        [
          0.0,
          0.0,
          0.0,
          1.0
        ]
      ]
    },
    {
      "file_path": "/media/NFS/ttao/scannet/posed_images/scene0671_01/00118.jpg",
      "transform_matrix": [
        [
          -0.359943,
          0.5238,
          -0.772059,
          3.874463
        ],
        [
          0.932967,
          0.198758,
          -0.300114,
          3.505512
        ],
        [
          -0.003747,
          -0.828329,
          -0.560229,
          1.295791
        ],
        [
          0.0,
          0.0,
          0.0,
          1.0
        ]
      ]
    },
    {
      "file_path": "/media/NFS/ttao/scannet/posed_images/scene0671_01/00119.jpg",
      "transform_matrix": [
        [
          -0.363889,
          0.521575,
          -0.771715,
          3.864498
        ],
        [
          0.931397,
          0.195645,
          -0.306956,
          3.512226
        ],
        [
          -0.009119,
          -0.830472,
          -0.556986,
          1.293587
        ],
        [
          0.0,
          0.0,
          0.0,
          1.0
        ]
      ]
    },
    {
      "file_path": "/media/NFS/ttao/scannet/posed_images/scene0671_01/00122.jpg",
      "transform_matrix": [
        [
          -0.403072,
          0.524222,
          -0.750149,
          3.829588
        ],
        [
          0.914705,
          0.204689,
          -0.34845,
          3.541725
        ],
        [
          -0.029118,
          -0.826616,
          -0.562013,
          1.300375
        ],
        [
          0.0,
          0.0,
          0.0,
          1.0
        ]
      ]
    },
    {
      "file_path": "/media/NFS/ttao/scannet/posed_images/scene0671_01/00124.jpg",
      "transform_matrix": [
        [
          -0.409795,
          0.518104,
          -0.750757,
          3.81086
        ],
        [
          0.911704,
          0.206114,
          -0.355406,
          3.556805
        ],
        [
          -0.029396,
          -0.830112,
          -0.556822,
          1.296549
        ],
        [
          0.0,
          0.0,
          0.0,
          1.0
        ]
      ]
    },
    {
      "file_path": "/media/NFS/ttao/scannet/posed_images/scene0671_01/00126.jpg",
      "transform_matrix": [
        [
          -0.418208,
          0.513784,
          -0.749085,
          3.790313
        ],
        [
          0.908082,
          0.216403,
          -0.358548,
          3.56932
        ],
        [
          -0.022112,
          -0.830178,
          -0.55706,
          1.295184
        ],
        [
          0.0,
          0.0,
          0.0,
          1.0
        ]
      ]
    },
    {
      "file_path": "/media/NFS/ttao/scannet/posed_images/scene0671_01/00127.jpg",
      "transform_matrix": [
        [
          -0.425738,
          0.50905,
          -0.748074,
          3.784593
        ],
        [
          0.9046,
          0.220159,
          -0.365005,
          3.576236
        ],
        [
          -0.02111,
          -0.832104,
          -0.554217,
          1.291866
        ],
        [
          0.0,
          0.0,
          0.0,
          1.0
        ]
      ]
    },
    {
      "file_path": "/media/NFS/ttao/scannet/posed_images/scene0671_01/00129.jpg",
      "transform_matrix": [
        [
          -0.452083,
          0.511538,
          -0.730719,
          3.766863
        ],
        [
          0.891569,
          0.234398,
          -0.387508,
          3.592502
        ],
        [
          -0.026947,
          -0.826672,
          -0.562039,
          1.291215
        ],
        [
          0.0,
          0.0,
          0.0,
          1.0
        ]
      ]
    },
    {
      "file_path": "/media/NFS/ttao/scannet/posed_images/scene0671_01/00133.jpg",
      "transform_matrix": [
        [
          -0.489195,
          0.490702,
          -0.72104,
          3.73512
        ],
        [
          0.871957,
          0.256697,
          -0.416891,
          3.628537
        ],
        [
          -0.01948,
          -0.832657,
          -0.553446,
          1.295978
        ],
        [
          0.0,
          0.0,
          0.0,
          1.0
        ]
      ]
    },
    {
      "file_path": "/media/NFS/ttao/scannet/posed_images/scene0671_01/00134.jpg",
      "transform_matrix": [
        [
          -0.502172,
          0.488296,
          -0.713715,
          3.727207
        ],
        [
          0.864594,
          0.266961,
          -0.425687,
          3.636073
        ],
        [
          -0.017327,
          -0.830842,
          -0.556238,
          1.299183
        ],
        [
          0.0,
          0.0,
          0.0,
          1.0
        ]
      ]
    },
    {
      "file_path": "/media/NFS/ttao/scannet/posed_images/scene0671_01/00137.jpg",
      "transform_matrix": [
        [
          -0.54878,
          0.458469,
          -0.699033,
          3.70449
        ],
        [
          0.835878,
          0.288738,
          -0.466839,
          3.664064
        ],
        [
          -0.012194,
          -0.840498,
          -0.541677,
          1.305609
        ],
        [
          0.0,
          0.0,
          0.0,
          1.0
        ]
      ]
    },
    {
      "file_path": "/media/NFS/ttao/scannet/posed_images/scene0671_01/00138.jpg",
      "transform_matrix": [
        [
          -0.560184,
          0.453755,
          -0.693037,
          3.698862
        ],
        [
          0.828303,
          0.29633,
          -0.475503,
          3.673619
        ],
        [
          -0.010394,
          -0.840414,
          -0.541846,
          1.303589
        ],
        [
          0.0,
          0.0,
          0.0,
          1.0
        ]
      ]
    },
    {
      "file_path": "/media/NFS/ttao/scannet/posed_images/scene0671_01/00141.jpg",
      "transform_matrix": [
        [
          -0.60127,
          0.443324,
          -0.664785,
          3.677098
        ],
        [
          0.799046,
          0.333272,
          -0.500455,
          3.695694
        ],
        [
          -0.000309,
          -0.832102,
          -0.554623,
          1.309714
        ],
        [
          0.0,
          0.0,
          0.0,
          1.0
        ]
      ]
    },
    {
      "file_path": "/media/NFS/ttao/scannet/posed_images/scene0671_01/00142.jpg",
      "transform_matrix": [
        [
          -0.612041,
          0.434978,
          -0.660455,
          3.668908
        ],
        [
          0.790816,
          0.340824,
          -0.508379,
          3.704504
        ],
        [
          0.003966,
          -0.833447,
          -0.552586,
          1.310854
        ],
        [
          0.0,
          0.0,
          0.0,
          1.0
        ]
      ]
    },
    {
      "file_path": "/media/NFS/ttao/scannet/posed_images/scene0671_01/00145.jpg",
      "transform_matrix": [
        [
          -0.621541,
          0.426782,
          -0.656921,
          3.647872
        ],
        [
          0.78331,
          0.349959,
          -0.513765,
          3.723276
        ],
        [
          0.010629,
          -0.833898,
          -0.551816,
          1.308505
        ],
        [
          0.0,
          0.0,
          0.0,
          1.0
        ]
      ]
    },
    {
      "file_path": "/media/NFS/ttao/scannet/posed_images/scene0671_01/00146.jpg",
      "transform_matrix": [
        [
          -0.625262,
          0.430117,
          -0.651189,
          3.641563
        ],
        [
          0.780387,
          0.351665,
          -0.517037,
          3.724541
        ],
        [
          0.006614,
          -0.831463,
          -0.555541,
          1.312256
        ],
        [
          0.0,
          0.0,
          0.0,
          1.0
        ]
      ]
    },
    {
      "file_path": "/media/NFS/ttao/scannet/posed_images/scene0671_01/00149.jpg",
      "transform_matrix": [
        [
          -0.646337,
          0.415502,
          -0.640005,
          3.617439
        ],
        [
          0.763048,
          0.354803,
          -0.540253,
          3.735418
        ],
        [
          0.002599,
          -0.83754,
          -0.54637,
          1.317307
        ],
        [
          0.0,
          0.0,
          0.0,
          1.0
        ]
      ]
    },
    {
      "file_path": "/media/NFS/ttao/scannet/posed_images/scene0671_01/00150.jpg",
      "transform_matrix": [
        [
          -0.649242,
          0.413696,
          -0.638233,
          3.608577
        ],
        [
          0.760568,
          0.358231,
          -0.541485,
          3.738473
        ],
        [
          0.004625,
          -0.836974,
          -0.547223,
          1.317599
        ],
        [
          0.0,
          0.0,
          0.0,
          1.0
        ]
      ]
    },
    {
      "file_path": "/media/NFS/ttao/scannet/posed_images/scene0671_01/00154.jpg",
      "transform_matrix": [
        [
          -0.659728,
          0.39398,
          -0.639952,
          3.576776
        ],
        [
          0.751442,
          0.356799,
          -0.555004,
          3.73659
        ],
        [
          0.009674,
          -0.847039,
          -0.531443,
          1.322224
        ],
        [
          0.0,
          0.0,
          0.0,
          1.0
        ]
      ]
    },
    {
      "file_path": "/media/NFS/ttao/scannet/posed_images/scene0671_01/00155.jpg",
      "transform_matrix": [
        [
          -0.662165,
          0.392049,
          -0.638619,
          3.567478
        ],
        [
          0.74927,
          0.359399,
          -0.556261,
          3.736306
        ],
        [
          0.011437,
          -0.846835,
          -0.531732,
          1.323374
        ],
        [
          0.0,
          0.0,
          0.0,
          1.0
        ]
      ]
    },
    {
      "file_path": "/media/NFS/ttao/scannet/posed_images/scene0671_01/00157.jpg",
      "transform_matrix": [
        [
          -0.662746,
          0.388735,
          -0.640041,
          3.54888
        ],
        [
          0.748639,
          0.363921,
          -0.554167,
          3.734619
        ],
        [
          0.0175,
          -0.846432,
          -0.53221,
          1.325473
        ],
        [
          0.0,
          0.0,
          0.0,
          1.0
        ]
      ]
    },
    {
      "file_path": "/media/NFS/ttao/scannet/posed_images/scene0671_01/00160.jpg",
      "transform_matrix": [
        [
          -0.662105,
          0.375675,
          -0.648449,
          3.517678
        ],
        [
          0.748549,
          0.373031,
          -0.5482,
          3.72823
        ],
        [
          0.035947,
          -0.848361,
          -0.528197,
          1.328998
        ],
        [
          0.0,
          0.0,
          0.0,
          1.0
        ]
      ]
    },
    {
      "file_path": "/media/NFS/ttao/scannet/posed_images/scene0671_01/00161.jpg",
      "transform_matrix": [
        [
          -0.663424,
          0.374122,
          -0.647998,
          3.508026
        ],
        [
          0.747226,
          0.376413,
          -0.547692,
          3.724028
        ],
        [
          0.039012,
