{
  "frames": [
    {
      "file_path": "/media/NFS/ttao/scannet/posed_images/scene0281_00/00000.jpg",
      "transform_matrix": [
        [
          0.027424,
          0.431574,
          -0.90166,
          4.365656
        ],
        [
          0.999574,
          -0.020834,
          0.020429,
          1.32532
        ],
        [
          -0.009969,
          -0.901837,
          -0.431962,
          1.399783
        ],
        [
          0.0,
          0.0,
          0.0,
          1.0
        ]
      ]
    },
    {
      "file_path": "/media/NFS/ttao/scannet/posed_images/scene0281_00/00007.jpg",
      "transform_matrix": [
        [
          0.052246,
          0.444286,
          -0.89436,
          4.359479
        ],
        [
          0.998539,
          -0.010852,
          0.052941,
          1.316283
        ],
        [
          0.013816,
          -0.895819,
          -0.444203,
          1.400047
        ],
        [
          0.0,
          0.0,
          0.0,
          1.0
        ]
      ]
    },
    {
      "file_path": "/media/NFS/ttao/scannet/posed_images/scene0281_00/00011.jpg",
      "transform_matrix": [
        [
          0.055031,
          0.427485,
          -0.902346,
          4.375565
        ],
        [
          0.998457,
          -0.016891,
          0.052891,
          1.310556
        ],
        [
          0.007368,
          -0.903865,
          -0.427755,
          1.393719
        ],
        [
          0.0,
          0.0,
          0.0,
          1.0
        ]
      ]
    },
    {
      "file_path": "/media/NFS/ttao/scannet/posed_images/scene0281_00/00022.jpg",
      "transform_matrix": [
        [
          0.037091,
          0.417675,
          -0.907839,
          4.384539
        ],
        [
          0.999312,
          -0.015826,
          0.033548,
          1.320433
        ],
        [
          -0.000355,
          -0.908459,
          -0.417974,
          1.399472
        ],
        [
          0.0,
          0.0,
          0.0,
          1.0
        ]
      ]
    },
    {
      "file_path": "/media/NFS/ttao/scannet/posed_images/scene0281_00/00024.jpg",
      "transform_matrix": [
        [
          0.041843,
          0.413408,
          -0.909584,
          4.389004
        ],
        [
          0.999123,
          -0.018667,
          0.037477,
          1.312256
        ],
        [
          -0.001486,
          -0.910354,
          -0.413827,
          1.39896
        ],
        [
          0.0,
          0.0,
          0.0,
          1.0
        ]
      ]
    },
    {
      "file_path": "/media/NFS/ttao/scannet/posed_images/scene0281_00/00033.jpg",
      "transform_matrix": [
        [
          0.075773,
          0.421106,
          -0.903841,
          4.39015
        ],
        [
          0.996989,
          -0.047005,
          0.061683,
          1.2954
        ],
        [
          -0.01651,
          -0.905792,
          -0.4234,
          1.399644
        ],
        [
          0.0,
          0.0,
          0.0,
          1.0
        ]
      ]
    },
    {
      "file_path": "/media/NFS/ttao/scannet/posed_images/scene0281_00/00041.jpg",
      "transform_matrix": [
        [
          0.097337,
          0.403351,
          -0.909853,
          4.373137
        ],
        [
          0.995105,
          -0.055129,
          0.082018,
          1.28877
        ],
        [
          -0.017077,
          -0.913383,
          -0.406743,
          1.406172
        ],
        [
          0.0,
          0.0,
          0.0,
          1.0
        ]
      ]
    },
    {
      "file_path": "/media/NFS/ttao/scannet/posed_images/scene0281_00/00044.jpg",
      "transform_matrix": [
        [
          0.0976,
          0.402026,
          -0.910412,
          4.359556
        ],
        [
          0.995133,
          -0.0519,
          0.083764,
          1.283171
        ],
        [
          -0.013575,
          -0.914156,
          -0.405135,
          1.405117
        ],
        [
          0.0,
          0.0,
          0.0,
          1.0
        ]
      ]
    },
    {
      "file_path": "/media/NFS/ttao/scannet/posed_images/scene0281_00/00048.jpg",
      "transform_matrix": [
        [
          0.09159,
          0.420024,
          -0.902879,
          4.332101
        ],
        [
          0.995605,
          -0.056414,
          0.074752,
          1.29163
        ],
        [
          -0.019537,
          -0.905758,
          -0.423345,
          1.401297
        ],
        [
          0.0,
          0.0,
          0.0,
          1.0
        ]
      ]
    },
    {
      "file_path": "/media/NFS/ttao/scannet/posed_images/scene0281_00/00057.jpg",
      "transform_matrix": [
        [
          0.082085,
          0.384913,
          -0.919295,
          4.239422
        ],
        [
          0.996353,
          -0.053253,
          0.066669,
          1.318486
        ],
        [
          -0.023294,
          -0.921415,
          -0.387881,
          1.421111
        ],
        [
          0.0,
          0.0,
          0.0,
          1.0
        ]
      ]
    },
    {
      "file_path": "/media/NFS/ttao/scannet/posed_images/scene0281_00/00065.jpg",
      "transform_matrix": [
        [
          0.048659,
          0.371152,
          -0.927296,
          4.161687
        ],
        [
          0.998171,
          -0.051405,
          0.031803,
          1.344627
        ],
        [
          -0.035864,
          -0.927148,
          -0.372974,
          1.426463
        ],
        [
          0.0,
          0.0,
          0.0,
          1.0
        ]
      ]
    },
    {
      "file_path": "/media/NFS/ttao/scannet/posed_images/scene0281_00/00066.jpg",
      "transform_matrix": [
        [
          0.047524,
          0.372881,
          -0.926661,
          4.150644
        ],
        [
          0.998139,
          -0.053226,
          0.029772,
          1.352186
        ],
        [
          -0.038221,
          -0.926351,
          -0.374716,
          1.425043
        ],
        [
          0.0,
          0.0,
          0.0,
          1.0
        ]
      ]
    },
    {
      "file_path": "/media/NFS/ttao/scannet/posed_images/scene0281_00/00074.jpg",
      "transform_matrix": [
        [
          0.101621,
          0.413525,
          -0.904804,
          4.052692
        ],
        [
          0.993888,
          -0.08164,
          0.074314,
          1.392785
        ],
        [
          -0.043137,
          -0.906825,
          -0.419294,
          1.421216
        ],
        [
          0.0,
          0.0,
          0.0,
          1.0
        ]
      ]
    },
    {
      "file_path": "/media/NFS/ttao/scannet/posed_images/scene0281_00/00081.jpg",
      "transform_matrix": [
        [
          0.162792,
          0.424792,
          -0.890534,
          3.972869
        ],
        [
          0.985377,
          -0.116025,
          0.124784,
          1.416512
        ],
        [
          -0.050317,
          -0.897825,
          -0.437468,
          1.420198
        ],
        [
          0.0,
          0.0,
          0.0,
          1.0
        ]
      ]
    },
    {
      "file_path": "/media/NFS/ttao/scannet/posed_images/scene0281_00/00085.jpg",
      "transform_matrix": [
        [
          0.203219,
          0.426047,
          -0.881581,
          3.920086
        ],
        [
          0.978417,
          -0.122788,
          0.166201,
          1.426253
        ],
        [
          -0.037438,
          -0.89633,
          -0.441805,
          1.421509
        ],
        [
          0.0,
          0.0,
          0.0,
          1.0
        ]
      ]
    },
    {
      "file_path": "/media/NFS/ttao/scannet/posed_images/scene0281_00/00092.jpg",
      "transform_matrix": [
        [
          0.278974,
          0.406729,
          -0.869911,
          3.822542
        ],
        [
          0.960286,
          -0.122813,
          0.250535,
          1.429546
        ],
        [
          -0.004937,
          -0.905256,
          -0.424838,
          1.411961
        ],
        [
          0.0,
          0.0,
          0.0,
          1.0
        ]
      ]
    },
    {
      "file_path": "/media/NFS/ttao/scannet/posed_images/scene0281_00/00100.jpg",
      "transform_matrix": [
        [
          0.356798,
          0.399252,
          -0.844567,
          3.706173
        ],
        [
          0.933928,
          -0.173502,
          0.31253,
          1.468994
        ],
        [
          -0.021756,
          -0.900275,
          -0.434778,
          1.421457
        ],
        [
          0.0,
          0.0,
          0.0,
          1.0
        ]
      ]
    },
    {
      "file_path": "/media/NFS/ttao/scannet/posed_images/scene0281_00/00107.jpg",
      "transform_matrix": [
        [
          0.385922,
          0.408417,
          -0.8272,
          3.611337
        ],
        [
          0.921395,
          -0.215145,
          0.323643,
          1.465879
        ],
        [
          -0.045786,
          -0.887079,
          -0.459342,
          1.421216
        ],
        [
          0.0,
          0.0,
          0.0,
          1.0
        ]
      ]
    },
    {
      "file_path": "/media/NFS/ttao/scannet/posed_images/scene0281_00/00109.jpg",
      "transform_matrix": [
        [
          0.394816,
          0.409574,
          -0.822416,
          3.584656
        ],
        [
          0.91746,
          -0.223367,
          0.329204,
          1.4764
        ],
        [
          -0.048867,
          -0.884509,
          -0.463957,
          1.414243
        ],
        [
          0.0,
          0.0,
          0.0,
          1.0
        ]
      ]
    },
    {
      "file_path": "/media/NFS/ttao/scannet/posed_images/scene0281_00/00116.jpg",
      "transform_matrix": [
        [
          0.433463,
          0.407606,
          -0.803721,
          3.443558
        ],
        [
          0.899322,
          -0.252766,
          0.356833,
          1.518249
        ],
        [
          -0.057706,
          -0.877478,
          -0.476133,
          1.399332
        ],
        [
          0.0,
          0.0,
          0.0,
          1.0
        ]
      ]
    },
    {
      "file_path": "/media/NFS/ttao/scannet/posed_images/scene0281_00/00126.jpg",
      "transform_matrix": [
        [
          0.459368,
          0.398276,
          -0.79395,
          3.266903
        ],
        [
          0.886277,
          -0.264999,
          0.379853,
          1.591031
        ],
        [
          -0.05911,
          -0.878152,
          -0.474715,
          1.398718
        ],
        [
          0.0,
          0.0,
          0.0,
          1.0
        ]
      ]
    },
    {
      "file_path": "/media/NFS/ttao/scannet/posed_images/scene0281_00/00131.jpg",
      "transform_matrix": [
        [
          0.488757,
          0.405064,
          -0.772683,
          3.192904
        ],
        [
          0.870444,
          -0.285994,
          0.400668,
          1.622988
        ],
        [
          -0.058687,
          -0.868407,
          -0.492367,
          1.403605
        ],
        [
          0.0,
          0.0,
          0.0,
          1.0
        ]
      ]
    },
    {
      "file_path": "/media/NFS/ttao/scannet/posed_images/scene0281_00/00135.jpg",
      "transform_matrix": [
        [
          0.497335,
          0.402391,
          -0.768595,
          3.145802
        ],
        [
          0.865203,
          -0.295288,
          0.405252,
          1.639875
        ],
        [
          -0.063887,
          -0.866537,
          -0.495007,
          1.395015
        ],
        [
          0.0,
          0.0,
          0.0,
          1.0
        ]
      ]
    },
    {
      "file_path": "/media/NFS/ttao/scannet/posed_images/scene0281_00/00140.jpg",
      "transform_matrix": [
        [
          0.52285,
          0.402597,
          -0.751361,
          3.060862
        ],
        [
          0.849353,
          -0.32082,
          0.419136,
          1.65032
        ],
        [
          -0.072309,
          -0.857316,
          -0.509688,
          1.389203
        ],
        [
          0.0,
          0.0,
          0.0,
          1.0
        ]
      ]
    },
    {
      "file_path": "/media/NFS/ttao/scannet/posed_images/scene0281_00/00148.jpg",
      "transform_matrix": [
        [
          0.562218,
          0.396053,
          -0.725984,
          2.908536
        ],
        [
          0.821841,
          -0.365372,
          0.437127,
          1.653413
        ],
        [
          -0.092128,
          -0.842404,
          -0.530912,
          1.392309
        ],
        [
          0.0,
          0.0,
          0.0,
          1.0
        ]
      ]
    },
    {
      "file_path": "/media/NFS/ttao/scannet/posed_images/scene0281_00/00155.jpg",
      "transform_matrix": [
        [
          0.576781,
          0.388212,
          -0.718759,
          2.780365
        ],
        [
          0.811409,
          -0.374099,
          0.449073,
          1.648088
        ],
        [
          -0.094551,
          -0.842224,
          -0.530772,
          1.392504
        ],
        [
          0.0,
          0.0,
          0.0,
          1.0
        ]
      ]
    },
    {
      "file_path": "/media/NFS/ttao/scannet/posed_images/scene0281_00/00163.jpg",
      "transform_matrix": [
        [
          0.575259,
          0.37648,
          -0.726182,
          2.651559
        ],
        [
          0.812646,
          -0.364184,
          0.454947,
          1.66281
        ],
        [
          -0.093185,
          -0.851841,
          -0.515445,
          1.403497
        ],
        [
          0.0,
          0.0,
          0.0,
          1.0
        ]
      ]
    },
    {
      "file_path": "/media/NFS/ttao/scannet/posed_images/scene0281_00/00168.jpg",
      "transform_matrix": [
        [
          0.590914,
          0.358026,
          -0.722937,
          2.568004
        ],
        [
          0.800641,
          -0.370197,
          0.471092,
          1.697521
        ],
        [
          -0.098967,
          -0.857188,
          -0.505405,
          1.395337
        ],
        [
          0.0,
          0.0,
          0.0,
          1.0
        ]
      ]
    },
    {
      "file_path": "/media/NFS/ttao/scannet/posed_images/scene0281_00/00172.jpg",
      "transform_matrix": [
        [
          0.615668,
          0.340975,
          -0.710414,
          2.513133
        ],
        [
          0.782588,
          -0.370104,
          0.500579,
          1.747595
        ],
        [
          -0.092242,
          -0.864152,
          -0.494704,
          1.393563
        ],
        [
          0.0,
          0.0,
          0.0,
          1.0
        ]
      ]
    },
    {
      "file_path": "/media/NFS/ttao/scannet/posed_images/scene0281_00/00179.jpg",
      "transform_matrix": [
        [
          0.655098,
          0.34555,
          -0.671894,
          2.418601
        ],
        [
          0.7519,
          -0.385399,
          0.534896,
          1.814372
        ],
        [
          -0.074114,
          -0.855606,
          -0.512294,
          1.384978
        ],
        [
          0.0,
          0.0,
          0.0,
          1.0
        ]
      ]
    },
    {
      "file_path": "/media/NFS/ttao/scannet/posed_images/scene0281_00/00185.jpg",
      "transform_matrix": [
        [
          0.69281,
          0.339937,
          -0.63597,
          2.36521
        ],
        [
          0.717675,
          -0.411141,
          0.562055,
          1.869112
        ],
        [
          -0.07041,
          -0.845817,
          -0.528807,
          1.388857
        ],
        [
          0.0,
          0.0,
          0.0,
          1.0
        ]
      ]
    },
    {
      "file_path": "/media/NFS/ttao/scannet/posed_images/scene0281_00/00190.jpg",
      "transform_matrix": [
        [
          0.730771,
          0.306766,
          -0.60981,
          2.332519
        ],
        [
          0.677059,
          -0.43955,
          0.590243,
          1.910241
        ],
        [
          -0.086976,
          -0.84421,
          -0.528909,
          1.393149
        ],
        [
          0.0,
          0.0,
          0.0,
          1.0
        ]
      ]
    },
    {
      "file_path": "/media/NFS/ttao/scannet/posed_images/scene0281_00/00198.jpg",
      "transform_matrix": [
        [
          0.797682,
          0.255595,
          -0.546237,
          2.276088
        ],
        [
          0.597556,
          -0.457269,
          0.658659,
          1.972746
        ],
        [
          -0.081427,
          -0.851808,
          -0.517488,
          1.40127
        ],
        [
          0.0,
          0.0,
          0.0,
          1.0
        ]
      ]
    },
    {
      "file_path": "/media/NFS/ttao/scannet/posed_images/scene0281_00/00207.jpg",
      "transform_matrix": [
        [
          0.870167,
          0.195685,
          -0.452234,
          2.200284
        ],
        [
          0.486099,
          -0.491244,
          0.722764,
          2.011604
        ],
        [
          -0.080723,
          -0.848756,
          -0.522587,
          1.413902
        ],
        [
          0.0,
          0.0,
          0.0,
          1.0
        ]
      ]
    },
    {
      "file_path": "/media/NFS/ttao/scannet/posed_images/scene0281_00/00209.jpg",
      "transform_matrix": [
        [
          0.882346,
          0.181505,
          -0.43419,
          2.183356
        ],
        [
          0.463391,
          -0.495971,
          0.734358,
          2.015635
        ],
        [
          -0.082056,
          -0.849158,
          -0.521726,
          1.417473
        ],
        [
          0.0,
          0.0,
          0.0,
          1.0
        ]
      ]
    },
    {
      "file_path": "/media/NFS/ttao/scannet/posed_images/scene0281_00/00216.jpg",
      "transform_matrix": [
        [
          0.909518,
          0.147463,
          -0.388626,
          2.150389
        ],
        [
          0.408248,
          -0.492722,
          0.768478,
          2.029117
        ],
        [
          -0.078163,
          -0.857601,
          -0.508342,
          1.424793
        ],
        [
          0.0,
          0.0,
          0.0,
          1.0
        ]
      ]
    },
    {
      "file_path": "/media/NFS/ttao/scannet/posed_images/scene0281_00/00225.jpg",
      "transform_matrix": [
        [
          0.931482,
          0.119599,
          -0.343565,
          2.146378
        ],
        [
          0.358162,
          -0.46694,
          0.80851,
          2.026156
        ],
        [
          -0.063727,
          -0.876164,
          -0.477782,
          1.4298
        ],
        [
          0.0,
          0.0,
          0.0,
          1.0
        ]
      ]
    },
    {
      "file_path": "/media/NFS/ttao/scannet/posed_images/scene0281_00/00227.jpg",
      "transform_matrix": [
        [
          0.933103,
          0.115382,
          -0.340597,
          2.148057
        ],
        [
          0.354282,
          -0.457386,
          0.815649,
          2.016771
        ],
        [
          -0.061673,
          -0.881751,
          -0.467666,
          1.427798
        ],
        [
          0.0,
          0.0,
          0.0,
          1.0
        ]
      ]
    },
    {
      "file_path": "/media/NFS/ttao/scannet/posed_images/scene0281_00/00236.jpg",
      "transform_matrix": [
        [
          0.943758,
          0.114367,
          -0.310226,
          2.170684
        ],
        [
          0.328184,
          -0.438089,
          0.836883,
          1.994568
        ],
        [
          -0.040195,
          -0.891627,
          -0.450984,
          1.431926
        ],
        [
          0.0,
          0.0,
          0.0,
          1.0
        ]
      ]
    },
    {
      "file_path": "/media/NFS/ttao/scannet/posed_images/scene0281_00/00240.jpg",
      "transform_matrix": [
        [
          0.9452,
          0.112128,
          -0.306633,
          2.184571
        ],
        [
          0.323757,
          -0.443183,
          0.835925,
          1.990863
        ],
        [
          -0.042164,
          -0.889391,
          -0.455199,
          1.434114
        ],
        [
          0.0,
          0.0,
          0.0,
          1.0
        ]
      ]
    },
    {
      "file_path": "/media/NFS/ttao/scannet/posed_images/scene0281_00/00249.jpg",
      "transform_matrix": [
        [
          0.95005,
          0.08068,
          -0.301488,
          2.235161
        ],
        [
          0.308354,
          -0.391804,
          0.866838,
          2.00014
        ],
        [
          -0.048188,
          -0.916504,
          -0.397112,
          1.460593
        ],
        [
          0.0,
          0.0,
          0.0,
          1.0
        ]
      ]
    },
    {
      "file_path": "/media/NFS/ttao/scannet/posed_images/scene0281_00/00251.jpg",
      "transform_matrix": [
        [
          0.949434,
          0.081174,
          -0.303293,
          2.241163
        ],
        [
          0.310537,
          -0.385203,
          0.869014,
          1.99987
        ],
        [
          -0.046288,
          -0.919255,
          -0.390932,
          1.471349
        ],
        [
          0.0,
          0.0,
          0.0,
          1.0
        ]
      ]
    },
    {
      "file_path": "/media/NFS/ttao/scannet/posed_images/scene0281_00/00259.jpg",
      "transform_matrix": [
        [
          0.94118,
          0.153755,
          -0.300898,
          2.252951
        ],
        [
          0.336897,
          -0.358216,
          0.870736,
          1.999145
        ],
        [
          0.026094,
          -0.920891,
          -0.388945,
          1.480186
        ],
        [
          0.0,
          0.0,
          0.0,
          1.0
        ]
      ]
    },
    {
      "file_path": "/media/NFS/ttao/scannet/posed_images/scene0281_00/00264.jpg",
      "transform_matrix": [
        [
          0.925633,
          0.141729,
          -0.350879,
          2.265703
        ],
        [
          0.378413,
          -0.353009,
          0.85568,
          1.997815
        ],
        [
          -0.002589,
          -0.924823,
          -0.380389,
          1.46703
        ],
        [
          0.0,
          0.0,
          0.0,
          1.0
        ]
      ]
    },
    {
      "file_path": "/media/NFS/ttao/scannet/posed_images/scene0281_00/00273.jpg",
      "transform_matrix": [
        [
          0.937941,
          0.110833,
          -0.328608,
          2.331743
        ],
        [
          0.346074,
          -0.360201,
          0.866307,
          2.02781
        ],
        [
          -0.022349,
          -0.926267,
          -0.376204,
          1.487035
        ],
        [
          0.0,
          0.0,
          0.0,
          1.0
        ]
      ]
    },
    {
      "file_path": "/media/NFS/ttao/scannet/posed_images/scene0281_00/00281.jpg",
      "transform_matrix": [
        [
          0.952802,
          0.10032,
          -0.286537,
          2.337565
        ],
        [
          0.303012,
          -0.372545,
          0.877151,
          2.021972
        ],
        [
          -0.018752,
          -0.922576,
          -0.38536,
          1.483378
        ],
        [
          0.0,
          0.0,
          0.0,
          1.0
        ]
      ]
    },
    {
      "file_path": "/media/NFS/ttao/scannet/posed_images/scene0281_00/00283.jpg",
      "transform_matrix": [
        [
          0.953789,
          0.086387,
          -0.287791,
          2.34331
        ],
        [
          0.298669,
          -0.377501,
          0.876521,
          2.021183
        ],
        [
          -0.032921,
          -0.921971,
          -0.385858,
          1.479216
        ],
        [
          0.0,
          0.0,
          0.0,
          1.0
        ]
      ]
    },
    {
      "file_path": "/media/NFS/ttao/scannet/posed_images/scene0281_00/00292.jpg",
      "transform_matrix": [
        [
          0.972806,
          0.067941,
          -0.221432,
          2.368042
        ],
        [
          0.229479,
          -0.412426,
          0.881615,
          2.024371
        ],
        [
          -0.031426,
          -0.908454,
          -0.416802,
          1.484238
        ],
        [
          0.0,
          0.0,
          0.0,
          1.0
        ]
      ]
    },
    {
      "file_path": "/media/NFS/ttao/scannet/posed_images/scene0281_00/00294.jpg",
      "transform_matrix": [
        [
          0.973127,
          0.0618,
          -0.22182,
          2.383828
        ],
        [
          0.227296,
          -0.41207,
          0.882346,
          2.031737
        ],
        [
          -0.036876,
          -0.909054,
          -0.415043,
          1.487813
        ],
        [
          0.0,
          0.0,
          0.0,
          1.0
        ]
      ]
    },
    {
      "file_path": "/media/NFS/ttao/scannet/posed_images/scene0281_00/00301.jpg",
      "transform_matrix": [
        [
          0.983599,
          0.048169,
          -0.173818,
          2.411731
        ],
        [
          0.177837,
          -0.41991,
          0.889972,
          2.030497
        ],
        [
          -0.030119,
          -0.906287,
          -0.421589,
          1.479573
        ],
        [
          0.0,
          0.0,
          0.0,
          1.0
        ]
      ]
    },
    {
      "file_path": "/media/NFS/ttao/scannet/posed_images/scene0281_00/00310.jpg",
      "transform_matrix": [
        [
          0.989044,
          0.024318,
          -0.145601,
          2.413425
        ],
        [
          0.141406,
          -0.439185,
          0.887198,
          2.02875
        ],
        [
          -0.042371,
          -0.898067,
          -0.437813,
          1.477913
        ],
        [
          0.0,
          0.0,
          0.0,
          1.0
        ]
      ]
    },
    {
      "file_path": "/media/NFS/ttao/scannet/posed_images/scene0281_00/00316.jpg",
      "transform_matrix": [
        [
          0.990847,
          0.038537,
          -0.129374,
          2.443275
        ],
        [
          0.132784,
          -0.450842,
          0.882672,
          2.034166
        ],
        [
          -0.024311,
          -0.891771,
          -0.451832,
          1.462705
        ],
        [
          0.0,
          0.0,
          0.0,
          1.0
        ]
      ]
    },
    {
      "file_path": "/media/NFS/ttao/scannet/posed_images/scene0281_00/00320.jpg",
      "transform_matrix": [
        [
          0.993333,
          0.042984,
          -0.106964,
          2.461517
        ],
        [
          0.114665,
          -0.463957,
          0.878405,
          2.036721
        ],
        [
          -0.011869,
          -0.884814,
          -0.465793,
          1.464131
        ],
        [
          0.0,
          0.0,
          0.0,
          1.0
        ]
      ]
    },
    {
      "file_path": "/media/NFS/ttao/scannet/posed_images/scene0281_00/00325.jpg",
      "transform_matrix": [
        [
          0.993908,
          0.039996,
          -0.102704,
          2.474554
        ],
        [
          0.109579,
          -0.458713,
          0.881802,
          2.044218
        ],
        [
          -0.011842,
          -0.887684,
          -0.460301,
          1.46636
        ],
        [
          0.0,
          0.0,
          0.0,
          1.0
        ]
      ]
    },
    {
      "file_path": "/media/NFS/ttao/scannet/posed_images/scene0281_00/00336.jpg",
      "transform_matrix": [
        [
          0.991436,
          0.020963,
          -0.128899,
          2.497066
        ],
        [
          0.125005,
          -0.437954,
          0.890264,
          2.052137
        ],
        [
          -0.037789,
          -0.898753,
          -0.436824,
          1.474686
        ],
        [
          0.0,
          0.0,
          0.0,
          1.0
        ]
      ]
    },
    {
      "file_path": "/media/NFS/ttao/scannet/posed_images/scene0281_00/00340.jpg",
      "transform_matrix": [
        [
          0.994893,
          0.02035,
          -0.098866,
          2.521458
        ],
        [
          0.097346,
          -0.452418,
          0.886477,
          2.041214
        ],
        [
          -0.026689,
          -0.891574,
          -0.452089,
          1.46886
        ],
        [
          0.0,
          0.0,
          0.0,
          1.0
        ]
      ]
    },
    {
      "file_path": "/media/NFS/ttao/scannet/posed_images/scene0281_00/00347.jpg",
      "transform_matrix": [
        [
          0.997045,
          0.021067,
          -0.073873,
          2.543695
        ],
        [
          0.074447,
          -0.50209,
          0.861605,
          2.035784
        ],
        [
          -0.018939,
          -0.864558,
          -0.502175,
          1.449977
        ],
        [
          0.0,
          0.0,
          0.0,
          1.0
        ]
      ]
    },
    {
      "file_path": "/media/NFS/ttao/scannet/posed_images/scene0281_00/00349.jpg",
      "transform_matrix": [
        [
          0.996913,
          0.016109,
          -0.076837,
          2.553735
        ],
        [
          0.074283,
          -0.510272,
          0.856799,
          2.037247
        ],
        [
          -0.025406,
          -0.859862,
          -0.509894,
          1.449734
        ],
        [
          0.0,
          0.0,
          0.0,
          1.0
        ]
      ]
    },
    {
      "file_path": "/media/NFS/ttao/scannet/posed_images/scene0281_00/00360.jpg",
      "transform_matrix": [
        [
          0.999566,
          0.013537,
          -0.026153,
          2.625178
        ],
        [
          0.029416,
          -0.501178,
          0.864844,
          2.063425
        ],
        [
          -0.0014,
          -0.865238,
          -0.501359,
          1.441783
        ],
        [
          0.0,
          0.0,
          0.0,
          1.0
        ]
      ]
    },
    {
      "file_path": "/media/NFS/ttao/scannet/posed_images/scene0281_00/00362.jpg",
      "transform_matrix": [
        [
          0.999819,
          0.010599,
          -0.015812,
          2.640015
        ],
        [
          0.019001,
          -0.505401,
          0.862675,
          2.075427
        ],
        [
          0.001152,
          -0.862819,
          -0.505511,
          1.446779
        ],
        [
          0.0,
          0.0,
          0.0,
          1.0
        ]
      ]
    },
    {
      "file_path": "/media/NFS/ttao/scannet/posed_images/scene0281_00/00373.jpg",
      "transform_matrix": [
        [
          0.999592,
          -0.024081,
          0.015375,
          2.6775
        ],
        [
          -0.024822,
          -0.465536,
          0.884681,
          2.178671
        ],
        [
          -0.014146,
          -0.884701,
          -0.465944,
          1.460177
        ],
        [
          0.0,
          0.0,
          0.0,
          1.0
        ]
      ]
    },
    {
      "file_path": "/media/NFS/ttao/scannet/posed_images/scene0281_00/00377.jpg",
      "transform_matrix": [
        [
          0.999721,
          -0.016677,
          0.016747,
          2.678594
        ],
        [
          -0.022496,
          -0.454153,
          0.89064,
          2.233584
        ],
        [
          -0.007248,
          -0.890768,
          -0.454401,
          1.455085
        ],
        [
          0.0,
          0.0,
          0.0,
          1.0
        ]
      ]
    },
    {
      "file_path": "/media/NFS/ttao/scannet/posed_images/scene0281_00/00380.jpg",
      "transform_matrix": [
        [
          0.999941,
          -0.007482,
          -0.00785,
          2.688369
        ],
        [
          0.003553,
          -0.457886,
          0.889004,
          2.279685
        ],
        [
          -0.010246,
          -0.88898,
          -0.457832,
          1.44789
        ],
        [
          0.0,
          0.0,
          0.0,
          1.0
        ]
      ]
    },
    {
      "file_path": "/media/NFS/ttao/scannet/posed_images/scene0281_00/00392.jpg",
      "transform_matrix": [
        [
          0.999869,
          -0.001726,
          -0.016094,
          2.794639
        ],
        [
          0.013598,
          -0.449796,
          0.893028,
          2.493849
        ],
        [
          -0.00878,
          -0.89313,
          -0.449713,
          1.453825
        ],
        [
          0.0,
          0.0,
          0.0,
          1.0
        ]
      ]
    },
    {
      "file_path": "/media/NFS/ttao/scannet/posed_images/scene0281_00/00393.jpg",
      "transform_matrix": [
        [
          0.999846,
          0.002811,
          -0.017336,
          2.799277
        ],
        [
          0.016736,
          -0.451717,
          0.892004,
          2.513475
        ],
        [
          -0.005323,
          -0.892157,
          -0.451695,
          1.455218
        ],
        [
          0.0,
          0.0,
          0.0,
          1.0
        ]
      ]
    },
    {
      "file_path": "/media/NFS/ttao/scannet/posed_images/scene0281_00/00401.jpg",
      "transform_matrix": [
        [
          0.997809,
          0.048586,
          -0.044905,
          2.858067
        ],
        [
          0.061611,
          -0.435054,
          0.898294,
          2.671653
        ],
        [
          0.024108,
          -0.899093,
          -0.437094,
          1.462766
        ],
        [
          0.0,
          0.0,
          0.0,
          1.0
        ]
      ]
    },
    {
      "file_path": "/media/NFS/ttao/scannet/posed_images/scene0281_00/00406.jpg",
      "transform_matrix": [
        [
          0.992921,
          0.072614,
          -0.09399,
          2.901862
        ],
        [
          0.115893,
          -0.419132,
          0.900498,
          2.775028
        ],
        [
          0.025995,
          -0.905017,
          -0.424581,
          1.461978
        ],
        [
          0.0,
          0.0,
          0.0,
          1.0
        ]
      ]
    },
    {
      "file_path": "/media/NFS/ttao/scannet/posed_images/scene0281_00/00412.jpg",
      "transform_matrix": [
        [
          0.981812,
          0.061994,
          -0.179451,
          2.944137
        ],
        [
          0.188576,
          -0.428058,
          0.883858,
          2.885107
        ],
        [
          -0.022021,
          -0.901623,
          -0.431963,
          1.451205
        ],
        [
          0.0,
          0.0,
          0.0,
          1.0
        ]
      ]
    },
    {
      "file_path": "/media/NFS/ttao/scannet/posed_images/scene0281_00/00421.jpg",
      "transform_matrix": [
        [
          0.95802,
          0.112436,
          -0.263735,
          2.946425
        ],
        [
          0.286088,
          -0.435102,
          0.853721,
          3.044216
        ],
        [
          -0.018763,
          -0.893333,
          -0.449003,
          1.428655
        ],
        [
          0.0,
          0.0,
          0.0,
          1.0
        ]
      ]
    },
    {
      "file_path": "/media/NFS/ttao/scannet/posed_images/scene0281_00/00425.jpg",
      "transform_matrix": [
        [
          0.945097,
          0.135147,
          -0.297534,
          2.948885
        ],
        [
          0.326513,
          -0.427998,
          0.842738,
          3.145307
        ],
        [
          -0.013451,
          -0.893618,
          -0.448627,
          1.435024
        ],
        [
          0.0,
          0.0,
          0.0,
          1.0
        ]
      ]
    },
    {
      "file_path": "/media/NFS/ttao/scannet/posed_images/scene0281_00/00434.jpg",
      "transform_matrix": [
        [
          0.964815,
          0.117174,
          -0.235377,
          2.996338
        ],
        [
          0.262928,
          -0.433142,
          0.862123,
          3.366751
        ],
        [
          -0.000933,
          -0.893677,
          -0.448711,
          1.440063
        ],
        [
          0.0,
          0.0,
          0.0,
          1.0
        ]
      ]
    },
    {
      "file_path": "/media/NFS/ttao/scannet/posed_images/scene0281_00/00438.jpg",
      "transform_matrix": [
        [
          0.970077,
          0.10491,
          -0.21896,
          3.017962
        ],
        [
          0.242647,
          -0.450501,
          0.859169,
          3.460845
        ],
        [
          -0.008506,
          -0.886591,
          -0.462477,
          1.442432
        ],
        [
          0.0,
          0.0,
          0.0,
          1.0
        ]
      ]
    },
    {
      "file_path": "/media/NFS/ttao/scannet/posed_images/scene0281_00/00447.jpg",
      "transform_matrix": [
        [
          0.975582,
          0.053354,
          -0.213055,
          3.099651
        ],
        [
          0.215374,
          -0.422532,
          0.880387,
          3.652663
        ],
        [
          -0.04305,
          -0.904776,
          -0.423706,
          1.432324
        ],
        [
          0.0,
          0.0,
          0.0,
          1.0
        ]
      ]
    },
    {
      "file_path": "/media/NFS/ttao/scannet/posed_images/scene0281_00/00451.jpg",
      "transform_matrix": [
        [
          0.973526,
          0.030178,
          -0.226574,
          3.127813
        ],
        [
          0.218133,
          -0.418841,
          0.881471,
          3.740625
        ],
        [
          -0.068297,
          -0.907558,
          -0.414335,
          1.452781
        ],
        [
          0.0,
          0.0,
          0.0,
          1.0
        ]
      ]
    },
    {
      "file_path": "/media/NFS/ttao/scannet/posed_images/scene0281_00/00458.jpg",
      "transform_matrix": [
        [
          0.97459,
          0.051811,
          -0.21792,
          3.187735
        ],
        [
          0.218091,
          -0.441369,
          0.870419,
          3.872545
        ],
        [
          -0.051086,
          -0.895829,
          -0.441454,
          1.453218
        ],
        [
          0.0,
          0.0,
          0.0,
          1.0
        ]
      ]
    },
    {
      "file_path": "/media/NFS/ttao/scannet/posed_images/scene0281_00/00462.jpg",
      "transform_matrix": [
        [
          0.974331,
          0.02763,
          -0.223417,
          3.226215
        ],
        [
          0.211822,
          -0.448558,
          0.86829,
          3.975607
        ],
        [
          -0.076224,
          -0.893326,
          -0.442897,
          1.452877
        ],
        [
          0.0,
          0.0,
          0.0,
          1.0
        ]
      ]
    },
    {
      "file_path": "/media/NFS/ttao/scannet/posed_images/scene0281_00/00471.jpg",
      "transform_matrix": [
        [
          0.981502,
          -0.003072,
          -0.191425,
          3.270586
        ],
        [
          0.170404,
          -0.441749,
          0.880807,
          4.183814
        ],
        [
          -0.087267,
          -0.897133,
          -0.433054,
          1.433365
        ],
        [
          0.0,
          0.0,
          0.0,
          1.0
        ]
      ]
    },
    {
      "file_path": "/media/NFS/ttao/scannet/posed_images/scene0281_00/00477.jpg",
      "transform_matrix": [
        [
          0.990646,
          0.007729,
          -0.136234,
          3.30404
        ],
        [
          0.125434,
          -0.444642,
          0.886882,
          4.321315
        ],
        [
          -0.05372,
          -0.895675,
          -0.441452,
          1.436242
        ],
