{
  "frames": [
    {
      "file_path": "/media/NFS/ttao/scannet/posed_images/scene0631_01/00002.jpg",
      "transform_matrix": [
        [
          0.980789,
          -0.129166,
          0.146183,
          3.066763
        ],
        [
          -0.181343,
          -0.327548,
          0.927268,
          1.88151
        ],
        [
          -0.071889,
          -0.935964,
          -0.344679,
          1.419614
        ],
        [
          0.0,
          0.0,
          0.0,
          1.0
        ]
      ]
    },
    {
      "file_path": "/media/NFS/ttao/scannet/posed_images/scene0631_01/00005.jpg",
      "transform_matrix": [
        [
          0.981927,
          -0.122838,
          0.143977,
          3.066079
        ],
        [
          -0.177433,
          -0.332806,
          0.926152,
          1.876742
        ],
        [
          -0.06585,
          -0.93496,
          -0.348587,
          1.419076
        ],
        [
          0.0,
          0.0,
          0.0,
          1.0
        ]
      ]
    },
    {
      "file_path": "/media/NFS/ttao/scannet/posed_images/scene0631_01/00007.jpg",
      "transform_matrix": [
        [
          0.982895,
          -0.117048,
          0.142186,
          3.064358
        ],
        [
          -0.173885,
          -0.335471,
          0.925864,
          1.872321
        ],
        [
          -0.060671,
          -0.934751,
          -0.350086,
          1.41714
        ],
        [
          0.0,
          0.0,
          0.0,
          1.0
        ]
      ]
    },
    {
      "file_path": "/media/NFS/ttao/scannet/posed_images/scene0631_01/00011.jpg",
      "transform_matrix": [
        [
          0.983289,
          -0.122585,
          0.134595,
          3.063157
        ],
        [
          -0.169851,
          -0.351636,
          0.920599,
          1.867427
        ],
        [
          -0.065523,
          -0.928076,
          -0.366581,
          1.426429
        ],
        [
          0.0,
          0.0,
          0.0,
          1.0
        ]
      ]
    },
    {
      "file_path": "/media/NFS/ttao/scannet/posed_images/scene0631_01/00018.jpg",
      "transform_matrix": [
        [
          0.982529,
          -0.139039,
          0.123714,
          3.066762
        ],
        [
          -0.168147,
          -0.378251,
          0.910304,
          1.852823
        ],
        [
          -0.079773,
          -0.915202,
          -0.395021,
          1.412513
        ],
        [
          0.0,
          0.0,
          0.0,
          1.0
        ]
      ]
    },
    {
      "file_path": "/media/NFS/ttao/scannet/posed_images/scene0631_01/00021.jpg",
      "transform_matrix": [
        [
          0.982497,
          -0.140414,
          0.122408,
          3.071243
        ],
        [
          -0.167799,
          -0.381768,
          0.908898,
          1.844928
        ],
        [
          -0.080891,
          -0.91353,
          -0.398648,
          1.414786
        ],
        [
          0.0,
          0.0,
          0.0,
          1.0
        ]
      ]
    },
    {
      "file_path": "/media/NFS/ttao/scannet/posed_images/scene0631_01/00023.jpg",
      "transform_matrix": [
        [
          0.981958,
          -0.137717,
          0.129585,
          3.06688
        ],
        [
          -0.173341,
          -0.381681,
          0.907894,
          1.841014
        ],
        [
          -0.075572,
          -0.913977,
          -0.398667,
          1.414585
        ],
        [
          0.0,
          0.0,
          0.0,
          1.0
        ]
      ]
    },
    {
      "file_path": "/media/NFS/ttao/scannet/posed_images/scene0631_01/00029.jpg",
      "transform_matrix": [
        [
          0.977362,
          -0.141399,
          0.157385,
          3.079884
        ],
        [
          -0.197735,
          -0.345847,
          0.917219,
          1.817124
        ],
        [
          -0.075263,
          -0.927575,
          -0.365977,
          1.421959
        ],
        [
          0.0,
          0.0,
          0.0,
          1.0
        ]
      ]
    },
    {
      "file_path": "/media/NFS/ttao/scannet/posed_images/scene0631_01/00034.jpg",
      "transform_matrix": [
        [
          0.970222,
          -0.152712,
          0.188012,
          3.084552
        ],
        [
          -0.228701,
          -0.321885,
          0.918741,
          1.802262
        ],
        [
          -0.079784,
          -0.934382,
          -0.347225,
          1.428854
        ],
        [
          0.0,
          0.0,
          0.0,
          1.0
        ]
      ]
    },
    {
      "file_path": "/media/NFS/ttao/scannet/posed_images/scene0631_01/00039.jpg",
      "transform_matrix": [
        [
          0.96457,
          -0.149807,
          0.217171,
          3.078027
        ],
        [
          -0.253771,
          -0.301711,
          0.919005,
          1.78934
        ],
        [
          -0.07215,
          -0.941556,
          -0.329038,
          1.438712
        ],
        [
          0.0,
          0.0,
          0.0,
          1.0
        ]
      ]
    },
    {
      "file_path": "/media/NFS/ttao/scannet/posed_images/scene0631_01/00040.jpg",
      "transform_matrix": [
        [
          0.9638,
          -0.145428,
          0.223474,
          3.077572
        ],
        [
          -0.258047,
          -0.297862,
          0.91907,
          1.787282
        ],
        [
          -0.067095,
          -0.943467,
          -0.324606,
          1.438403
        ],
        [
          0.0,
          0.0,
          0.0,
          1.0
        ]
      ]
    },
    {
      "file_path": "/media/NFS/ttao/scannet/posed_images/scene0631_01/00046.jpg",
      "transform_matrix": [
        [
          0.954393,
          -0.133165,
          0.26721,
          3.072543
        ],
        [
          -0.295037,
          -0.283709,
          0.912394,
          1.771072
        ],
        [
          -0.045689,
          -0.949619,
          -0.310058,
          1.445656
        ],
        [
          0.0,
          0.0,
          0.0,
          1.0
        ]
      ]
    },
    {
      "file_path": "/media/NFS/ttao/scannet/posed_images/scene0631_01/00051.jpg",
      "transform_matrix": [
        [
          0.948326,
          -0.12832,
          0.290193,
          3.070401
        ],
        [
          -0.315279,
          -0.27809,
          0.907339,
          1.769584
        ],
        [
          -0.03573,
          -0.951945,
          -0.304177,
          1.450675
        ],
        [
          0.0,
          0.0,
          0.0,
          1.0
        ]
      ]
    },
    {
      "file_path": "/media/NFS/ttao/scannet/posed_images/scene0631_01/00052.jpg",
      "transform_matrix": [
        [
          0.948768,
          -0.129182,
          0.28836,
          3.069142
        ],
        [
          -0.313663,
          -0.274886,
          0.908874,
          1.768518
        ],
        [
          -0.038144,
          -0.952759,
          -0.301323,
          1.452892
        ],
        [
          0.0,
          0.0,
          0.0,
          1.0
        ]
      ]
    },
    {
      "file_path": "/media/NFS/ttao/scannet/posed_images/scene0631_01/00056.jpg",
      "transform_matrix": [
        [
          0.954608,
          -0.122143,
          0.271669,
          3.067802
        ],
        [
          -0.294793,
          -0.256785,
          0.920412,
          1.762565
        ],
        [
          -0.042662,
          -0.958719,
          -0.281137,
          1.45919
        ],
        [
          0.0,
          0.0,
          0.0,
          1.0
        ]
      ]
    },
    {
      "file_path": "/media/NFS/ttao/scannet/posed_images/scene0631_01/00060.jpg",
      "transform_matrix": [
        [
          0.961543,
          -0.106373,
          0.253219,
          3.071886
        ],
        [
          -0.271959,
          -0.239898,
          0.931926,
          1.756239
        ],
        [
          -0.038385,
          -0.964953,
          -0.259602,
          1.476261
        ],
        [
          0.0,
          0.0,
          0.0,
          1.0
        ]
      ]
    },
    {
      "file_path": "/media/NFS/ttao/scannet/posed_images/scene0631_01/00066.jpg",
      "transform_matrix": [
        [
          0.971628,
          -0.083535,
          0.221273,
          3.066353
        ],
        [
          -0.233952,
          -0.202062,
          0.951019,
          1.747335
        ],
        [
          -0.034733,
          -0.975804,
          -0.215872,
          1.489183
        ],
        [
          0.0,
          0.0,
          0.0,
          1.0
        ]
      ]
    },
    {
      "file_path": "/media/NFS/ttao/scannet/posed_images/scene0631_01/00069.jpg",
      "transform_matrix": [
        [
          0.97618,
          -0.078622,
          0.202218,
          3.065046
        ],
        [
          -0.213616,
          -0.185174,
          0.959207,
          1.740907
        ],
        [
          -0.03797,
          -0.979556,
          -0.197558,
          1.493919
        ],
        [
          0.0,
          0.0,
          0.0,
          1.0
        ]
      ]
    },
    {
      "file_path": "/media/NFS/ttao/scannet/posed_images/scene0631_01/00075.jpg",
      "transform_matrix": [
        [
          0.984288,
          -0.070563,
          0.161857,
          3.070184
        ],
        [
          -0.170885,
          -0.149968,
          0.973811,
          1.728474
        ],
        [
          -0.044442,
          -0.98617,
          -0.15967,
          1.50373
        ],
        [
          0.0,
          0.0,
          0.0,
          1.0
        ]
      ]
    },
    {
      "file_path": "/media/NFS/ttao/scannet/posed_images/scene0631_01/00077.jpg",
      "transform_matrix": [
        [
          0.985103,
          -0.065921,
          0.158831,
          3.071183
        ],
        [
          -0.166692,
          -0.13902,
          0.976159,
          1.726374
        ],
        [
          -0.042269,
          -0.988093,
          -0.147937,
          1.507712
        ],
        [
          0.0,
          0.0,
          0.0,
          1.0
        ]
      ]
    },
    {
      "file_path": "/media/NFS/ttao/scannet/posed_images/scene0631_01/00082.jpg",
      "transform_matrix": [
        [
          0.985162,
          -0.043187,
          0.166103,
          3.069602
        ],
        [
          -0.170006,
          -0.112906,
          0.978954,
          1.71765
        ],
        [
          -0.023524,
          -0.992667,
          -0.118573,
          1.529343
        ],
        [
          0.0,
          0.0,
          0.0,
          1.0
        ]
      ]
    },
    {
      "file_path": "/media/NFS/ttao/scannet/posed_images/scene0631_01/00088.jpg",
      "transform_matrix": [
        [
          0.985403,
          -0.035884,
          0.166413,
          3.065474
        ],
        [
          -0.168835,
          -0.080764,
          0.98233,
          1.706788
        ],
        [
          -0.02181,
          -0.996087,
          -0.085644,
          1.538189
        ],
        [
          0.0,
          0.0,
          0.0,
          1.0
        ]
      ]
    },
    {
      "file_path": "/media/NFS/ttao/scannet/posed_images/scene0631_01/00089.jpg",
      "transform_matrix": [
        [
          0.985048,
          -0.038237,
          0.167985,
          3.066634
        ],
        [
          -0.170554,
          -0.078721,
          0.982199,
          1.707396
        ],
        [
          -0.024332,
          -0.996163,
          -0.084065,
          1.544045
        ],
        [
          0.0,
          0.0,
          0.0,
          1.0
        ]
      ]
    },
    {
      "file_path": "/media/NFS/ttao/scannet/posed_images/scene0631_01/00092.jpg",
      "transform_matrix": [
        [
          0.98234,
          -0.048569,
          0.18069,
          3.068933
        ],
        [
          -0.183719,
          -0.067517,
          0.980657,
          1.69793
        ],
        [
          -0.03543,
          -0.996535,
          -0.075248,
          1.548115
        ],
        [
          0.0,
          0.0,
          0.0,
          1.0
        ]
      ]
    },
    {
      "file_path": "/media/NFS/ttao/scannet/posed_images/scene0631_01/00100.jpg",
      "transform_matrix": [
        [
          0.964172,
          -0.048026,
          0.260894,
          3.07803
        ],
        [
          -0.263895,
          -0.073355,
          0.961758,
          1.689025
        ],
        [
          -0.027052,
          -0.996149,
          -0.083401,
          1.534889
        ],
        [
          0.0,
          0.0,
          0.0,
          1.0
        ]
      ]
    },
    {
      "file_path": "/media/NFS/ttao/scannet/posed_images/scene0631_01/00103.jpg",
      "transform_matrix": [
        [
          0.95701,
          -0.053339,
          0.285108,
          3.078712
        ],
        [
          -0.288907,
          -0.087946,
          0.953309,
          1.683754
        ],
        [
          -0.025774,
          -0.994696,
          -0.099575,
          1.536814
        ],
        [
          0.0,
          0.0,
          0.0,
          1.0
        ]
      ]
    },
    {
      "file_path": "/media/NFS/ttao/scannet/posed_images/scene0631_01/00105.jpg",
      "transform_matrix": [
        [
          0.953358,
          -0.056418,
          0.296523,
          3.079561
        ],
        [
          -0.300761,
          -0.094486,
          0.949007,
          1.681725
        ],
        [
          -0.025524,
          -0.993926,
          -0.107047,
          1.53224
        ],
        [
          0.0,
          0.0,
          0.0,
          1.0
        ]
      ]
    },
    {
      "file_path": "/media/NFS/ttao/scannet/posed_images/scene0631_01/00112.jpg",
      "transform_matrix": [
        [
          0.938674,
          -0.060626,
          0.339435,
          3.083779
        ],
        [
          -0.344664,
          -0.136681,
          0.928722,
          1.678698
        ],
        [
          -0.00991,
          -0.988758,
          -0.149194,
          1.515188
        ],
        [
          0.0,
          0.0,
          0.0,
          1.0
        ]
      ]
    },
    {
      "file_path": "/media/NFS/ttao/scannet/posed_images/scene0631_01/00113.jpg",
      "transform_matrix": [
        [
          0.935683,
          -0.059606,
          0.34777,
          3.085284
        ],
        [
          -0.35278,
          -0.139648,
          0.925227,
          1.676377
        ],
        [
          -0.006584,
          -0.988406,
          -0.151694,
          1.509984
        ],
        [
          0.0,
          0.0,
          0.0,
          1.0
        ]
      ]
    },
    {
      "file_path": "/media/NFS/ttao/scannet/posed_images/scene0631_01/00118.jpg",
      "transform_matrix": [
        [
          0.907587,
          -0.071603,
          0.413714,
          3.092222
        ],
        [
          -0.419863,
          -0.157759,
          0.893771,
          1.673501
        ],
        [
          0.00127,
          -0.984878,
          -0.173244,
          1.515688
        ],
        [
          0.0,
          0.0,
          0.0,
          1.0
        ]
      ]
    },
    {
      "file_path": "/media/NFS/ttao/scannet/posed_images/scene0631_01/00124.jpg",
      "transform_matrix": [
        [
          0.865973,
          -0.099124,
          0.490168,
          3.100141
        ],
        [
          -0.499983,
          -0.151308,
          0.852715,
          1.666761
        ],
        [
          -0.010358,
          -0.983504,
          -0.180589,
          1.494353
        ],
        [
          0.0,
          0.0,
          0.0,
          1.0
        ]
      ]
    },
    {
      "file_path": "/media/NFS/ttao/scannet/posed_images/scene0631_01/00127.jpg",
      "transform_matrix": [
        [
          0.84856,
          -0.112466,
          0.517008,
          3.105663
        ],
        [
          -0.528761,
          -0.145298,
          0.836242,
          1.664328
        ],
        [
          -0.018929,
          -0.982975,
          -0.182762,
          1.491937
        ],
        [
          0.0,
          0.0,
          0.0,
          1.0
        ]
      ]
    },
    {
      "file_path": "/media/NFS/ttao/scannet/posed_images/scene0631_01/00131.jpg",
      "transform_matrix": [
        [
          0.821558,
          -0.111214,
          0.559172,
          3.088278
        ],
        [
          -0.569957,
          -0.136403,
          0.810274,
          1.669712
        ],
        [
          -0.013841,
          -0.984391,
          -0.17545,
          1.487478
        ],
        [
          0.0,
          0.0,
          0.0,
          1.0
        ]
      ]
    },
    {
      "file_path": "/media/NFS/ttao/scannet/posed_images/scene0631_01/00135.jpg",
      "transform_matrix": [
        [
          0.802607,
          -0.113166,
          0.585675,
          3.084092
        ],
        [
          -0.596337,
          -0.12874,
          0.792343,
          1.66792
        ],
        [
          -0.014266,
          -0.9852,
          -0.170812,
          1.488219
        ],
        [
          0.0,
          0.0,
          0.0,
          1.0
        ]
      ]
    },
    {
      "file_path": "/media/NFS/ttao/scannet/posed_images/scene0631_01/00138.jpg",
      "transform_matrix": [
        [
          0.792109,
          -0.120277,
          0.598411,
          3.08399
        ],
        [
          -0.610247,
          -0.135633,
          0.780514,
          1.66784
        ],
        [
          -0.012714,
          -0.983431,
          -0.180835,
          1.481748
        ],
        [
          0.0,
          0.0,
          0.0,
          1.0
        ]
      ]
    },
    {
      "file_path": "/media/NFS/ttao/scannet/posed_images/scene0631_01/00144.jpg",
      "transform_matrix": [
        [
          0.779738,
          -0.150982,
          0.607629,
          3.094201
        ],
        [
          -0.626057,
          -0.175968,
          0.759662,
          1.677116
        ],
        [
          -0.007772,
          -0.972748,
          -0.231733,
          1.449791
        ],
        [
          0.0,
          0.0,
          0.0,
          1.0
        ]
      ]
    },
    {
      "file_path": "/media/NFS/ttao/scannet/posed_images/scene0631_01/00146.jpg",
      "transform_matrix": [
        [
          0.778236,
          -0.166968,
          0.605367,
          3.093619
        ],
        [
          -0.627882,
          -0.190618,
          0.754605,
          1.68126
        ],
        [
          -0.010601,
          -0.967361,
          -0.253182,
          1.442439
        ],
        [
          0.0,
          0.0,
          0.0,
          1.0
        ]
      ]
    },
    {
      "file_path": "/media/NFS/ttao/scannet/posed_images/scene0631_01/00150.jpg",
      "transform_matrix": [
        [
          0.780084,
          -0.196126,
          0.594141,
          3.105142
        ],
        [
          -0.625498,
          -0.221886,
          0.748009,
          1.682207
        ],
        [
          -0.014872,
          -0.955145,
          -0.295766,
          1.417854
        ],
        [
          0.0,
          0.0,
          0.0,
          1.0
        ]
      ]
    },
    {
      "file_path": "/media/NFS/ttao/scannet/posed_images/scene0631_01/00153.jpg",
      "transform_matrix": [
        [
          0.782123,
          -0.214491,
          0.585045,
          3.11483
        ],
        [
          -0.622973,
          -0.248463,
          0.741735,
          1.683516
        ],
        [
          -0.013734,
          -0.944595,
          -0.327951,
          1.401344
        ],
        [
          0.0,
          0.0,
          0.0,
          1.0
        ]
      ]
    },
    {
      "file_path": "/media/NFS/ttao/scannet/posed_images/scene0631_01/00157.jpg",
      "transform_matrix": [
        [
          0.790353,
          -0.239672,
          0.563825,
          3.130239
        ],
        [
          -0.612489,
          -0.287924,
          0.736177,
          1.685563
        ],
        [
          -0.014102,
          -0.927177,
          -0.374358,
          1.378453
        ],
        [
          0.0,
          0.0,
          0.0,
          1.0
        ]
      ]
    },
    {
      "file_path": "/media/NFS/ttao/scannet/posed_images/scene0631_01/00162.jpg",
      "transform_matrix": [
        [
          0.80989,
          -0.26516,
          0.523228,
          3.15034
        ],
        [
          -0.586415,
          -0.344778,
          0.73297,
          1.695302
        ],
        [
          -0.013957,
          -0.900454,
          -0.434727,
          1.366393
        ],
        [
          0.0,
          0.0,
          0.0,
          1.0
        ]
      ]
    },
    {
      "file_path": "/media/NFS/ttao/scannet/posed_images/scene0631_01/00168.jpg",
      "transform_matrix": [
        [
          0.856791,
          -0.237889,
          0.457512,
          3.166145
        ],
        [
          -0.515663,
          -0.394446,
          0.760594,
          1.692507
        ],
        [
          -0.000473,
          -0.887593,
          -0.460629,
          1.361355
        ],
        [
          0.0,
          0.0,
          0.0,
          1.0
        ]
      ]
    },
    {
      "file_path": "/media/NFS/ttao/scannet/posed_images/scene0631_01/00173.jpg",
      "transform_matrix": [
        [
          0.874102,
          -0.229385,
          0.428169,
          3.186643
        ],
        [
          -0.485738,
          -0.408737,
          0.772653,
          1.695201
        ],
        [
          -0.002227,
          -0.883355,
          -0.468699,
          1.362564
        ],
        [
          0.0,
          0.0,
          0.0,
          1.0
        ]
      ]
    },
    {
      "file_path": "/media/NFS/ttao/scannet/posed_images/scene0631_01/00174.jpg",
      "transform_matrix": [
        [
          0.876259,
          -0.227825,
          0.424578,
          3.192591
        ],
        [
          -0.481836,
          -0.410232,
          0.774302,
          1.696949
        ],
        [
          -0.00223,
          -0.883066,
          -0.469244,
          1.360539
        ],
        [
          0.0,
          0.0,
          0.0,
          1.0
        ]
      ]
    },
    {
      "file_path": "/media/NFS/ttao/scannet/posed_images/scene0631_01/00178.jpg",
      "transform_matrix": [
        [
          0.88209,
          -0.228411,
          0.412002,
          3.210008
        ],
        [
          -0.471037,
          -0.415698,
          0.778023,
          1.716797
        ],
        [
          -0.00644,
          -0.880354,
          -0.474273,
          1.367084
        ],
        [
          0.0,
          0.0,
          0.0,
          1.0
        ]
      ]
    },
    {
      "file_path": "/media/NFS/ttao/scannet/posed_images/scene0631_01/00183.jpg",
      "transform_matrix": [
        [
          0.900741,
          -0.253412,
          0.352772,
          3.278164
        ],
        [
          -0.43068,
          -0.415621,
          0.801107,
          1.752339
        ],
        [
          -0.056391,
          -0.873522,
          -0.483507,
          1.369792
        ],
        [
          0.0,
          0.0,
          0.0,
          1.0
        ]
      ]
    },
    {
      "file_path": "/media/NFS/ttao/scannet/posed_images/scene0631_01/00187.jpg",
      "transform_matrix": [
        [
          0.895368,
          -0.259312,
          0.362041,
          3.328526
        ],
        [
          -0.443005,
          -0.43574,
          0.783503,
          1.80114
        ],
        [
          -0.045415,
          -0.861909,
          -0.505024,
          1.370541
        ],
        [
          0.0,
          0.0,
          0.0,
          1.0
        ]
      ]
    },
    {
      "file_path": "/media/NFS/ttao/scannet/posed_images/scene0631_01/00191.jpg",
      "transform_matrix": [
        [
          0.910214,
          -0.209931,
          0.356988,
          3.383375
        ],
        [
          -0.413612,
          -0.417302,
          0.809188,
          1.879923
        ],
        [
          -0.020902,
          -0.884188,
          -0.466663,
          1.385109
        ],
        [
          0.0,
          0.0,
          0.0,
          1.0
        ]
      ]
    },
    {
      "file_path": "/media/NFS/ttao/scannet/posed_images/scene0631_01/00197.jpg",
      "transform_matrix": [
        [
          0.936019,
          -0.162055,
          0.312421,
          3.48574
        ],
        [
          -0.351655,
          -0.394308,
          0.849034,
          1.95811
        ],
        [
          -0.0144,
          -0.904577,
          -0.426067,
          1.3897
        ],
        [
          0.0,
          0.0,
          0.0,
          1.0
        ]
      ]
    },
    {
      "file_path": "/media/NFS/ttao/scannet/posed_images/scene0631_01/00200.jpg",
      "transform_matrix": [
        [
          0.938859,
          -0.152207,
          0.30883,
          3.528806
        ],
        [
          -0.344281,
          -0.405553,
          0.846757,
          1.994309
        ],
        [
          -0.003635,
          -0.90131,
          -0.43316,
          1.387843
        ],
        [
          0.0,
          0.0,
          0.0,
          1.0
        ]
      ]
    },
    {
      "file_path": "/media/NFS/ttao/scannet/posed_images/scene0631_01/00202.jpg",
      "transform_matrix": [
        [
          0.940419,
          -0.149311,
          0.305481,
          3.557351
        ],
        [
          -0.340016,
          -0.409501,
          0.84658,
          2.022005
        ],
        [
          -0.001309,
          -0.900009,
          -0.43587,
          1.392586
        ],
        [
          0.0,
          0.0,
          0.0,
          1.0
        ]
      ]
    },
    {
      "file_path": "/media/NFS/ttao/scannet/posed_images/scene0631_01/00209.jpg",
      "transform_matrix": [
        [
          0.954948,
          -0.107538,
          0.276602,
          3.685346
        ],
        [
          -0.296555,
          -0.381382,
          0.875558,
          2.120438
        ],
        [
          0.011335,
          -0.918141,
          -0.396091,
          1.391016
        ],
        [
          0.0,
          0.0,
          0.0,
          1.0
        ]
      ]
    },
    {
      "file_path": "/media/NFS/ttao/scannet/posed_images/scene0631_01/00212.jpg",
      "transform_matrix": [
        [
          0.958679,
          -0.100499,
          0.266146,
          3.733455
        ],
        [
          -0.284319,
          -0.370782,
          0.884129,
          2.15495
        ],
        [
          0.009828,
          -0.923266,
          -0.384034,
          1.38961
        ],
        [
          0.0,
          0.0,
          0.0,
          1.0
        ]
      ]
    },
    {
      "file_path": "/media/NFS/ttao/scannet/posed_images/scene0631_01/00217.jpg",
      "transform_matrix": [
        [
          0.953665,
          -0.105757,
          0.28167,
          3.807287
        ],
        [
          -0.300601,
          -0.374516,
          0.877141,
          2.218519
        ],
        [
          0.012726,
          -0.921169,
          -0.388953,
          1.397792
        ],
        [
          0.0,
          0.0,
          0.0,
          1.0
        ]
      ]
    },
    {
      "file_path": "/media/NFS/ttao/scannet/posed_images/scene0631_01/00221.jpg",
      "transform_matrix": [
        [
          0.949382,
          -0.122715,
          0.289162,
          3.851028
        ],
        [
          -0.313908,
          -0.404724,
          0.858871,
          2.279808
        ],
        [
          0.011634,
          -0.906167,
          -0.422759,
          1.40841
        ],
        [
          0.0,
          0.0,
          0.0,
          1.0
        ]
      ]
    },
    {
      "file_path": "/media/NFS/ttao/scannet/posed_images/scene0631_01/00223.jpg",
      "transform_matrix": [
        [
          0.951708,
          -0.111096,
          0.286197,
          3.873357
        ],
        [
          -0.306322,
          -0.405738,
          0.861129,
          2.313277
        ],
        [
          0.020454,
          -0.907212,
          -0.420175,
          1.41011
        ],
        [
          0.0,
          0.0,
          0.0,
          1.0
        ]
      ]
    },
    {
      "file_path": "/media/NFS/ttao/scannet/posed_images/scene0631_01/00226.jpg",
      "transform_matrix": [
        [
          0.954197,
          -0.088315,
          0.285847,
          3.91012
        ],
        [
          -0.296778,
          -0.400212,
          0.867037,
          2.366093
        ],
        [
          0.037827,
          -0.912157,
          -0.408091,
          1.406541
        ],
        [
          0.0,
          0.0,
          0.0,
          1.0
        ]
      ]
    },
    {
      "file_path": "/media/NFS/ttao/scannet/posed_images/scene0631_01/00230.jpg",
      "transform_matrix": [
        [
          0.952076,
          -0.079062,
          0.295467,
          3.937271
        ],
        [
          -0.302593,
          -0.384326,
          0.872199,
          2.439001
        ],
        [
          0.044598,
          -0.919806,
          -0.389832,
          1.407326
        ],
        [
          0.0,
          0.0,
          0.0,
          1.0
        ]
      ]
    },
    {
      "file_path": "/media/NFS/ttao/scannet/posed_images/scene0631_01/00237.jpg",
      "transform_matrix": [
        [
          0.961609,
          -0.083611,
          0.261377,
          4.027179
        ],
        [
          -0.27373,
          -0.359944,
          0.891915,
          2.570967
        ],
        [
          0.019507,
          -0.92922,
          -0.369012,
          1.423343
        ],
        [
          0.0,
          0.0,
          0.0,
          1.0
        ]
      ]
    },
    {
      "file_path": "/media/NFS/ttao/scannet/posed_images/scene0631_01/00239.jpg",
      "transform_matrix": [
        [
          0.964518,
          -0.078502,
          0.252075,
          4.051571
        ],
        [
          -0.26307,
          -0.366477,
          0.892462,
          2.600978
        ],
        [
          0.02232,
          -0.927109,
          -0.374126,
          1.420083
        ],
        [
          0.0,
          0.0,
          0.0,
          1.0
        ]
      ]
    },
    {
      "file_path": "/media/NFS/ttao/scannet/posed_images/scene0631_01/00242.jpg",
      "transform_matrix": [
        [
          0.966712,
          -0.063113,
          0.247962,
          4.086102
        ],
        [
          -0.253911,
          -0.356265,
          0.899224,
          2.656058
        ],
        [
          0.031587,
          -0.932251,
          -0.360431,
          1.42594
        ],
        [
          0.0,
          0.0,
          0.0,
          1.0
        ]
      ]
    },
    {
      "file_path": "/media/NFS/ttao/scannet/posed_images/scene0631_01/00249.jpg",
      "transform_matrix": [
        [
          0.984068,
          -0.019812,
          0.176687,
          4.189332
        ],
        [
          -0.175242,
          -0.275871,
          0.945085,
          2.76878
        ],
        [
          0.030019,
          -0.960991,
          -0.274947,
          1.447144
        ],
        [
          0.0,
          0.0,
          0.0,
          1.0
        ]
      ]
    },
    {
      "file_path": "/media/NFS/ttao/scannet/posed_images/scene0631_01/00251.jpg",
      "transform_matrix": [
        [
          0.98647,
          -0.021116,
          0.162575,
          4.205456
        ],
        [
          -0.162567,
          -0.254134,
          0.953408,
          2.792996
        ],
        [
          0.021184,
          -0.966938,
          -0.254129,
          1.443929
        ],
        [
          0.0,
          0.0,
          0.0,
          1.0
        ]
      ]
    },
    {
      "file_path": "/media/NFS/ttao/scannet/posed_images/scene0631_01/00256.jpg",
      "transform_matrix": [
        [
          0.989699,
          -0.005894,
          0.143046,
          4.260159
        ],
        [
          -0.141124,
          -0.208373,
          0.967814,
          2.862468
        ],
        [
          0.024103,
          -0.978032,
          -0.207058,
          1.47235
        ],
        [
          0.0,
          0.0,
          0.0,
          1.0
        ]
      ]
    },
    {
      "file_path": "/media/NFS/ttao/scannet/posed_images/scene0631_01/00259.jpg",
      "transform_matrix": [
        [
          0.987876,
          -0.008594,
          0.155004,
          4.281487
        ],
        [
          -0.153681,
          -0.195401,
          0.968607,
          2.905672
        ],
        [
          0.021964,
          -0.980686,
          -0.194353,
          1.484116
        ],
        [
          0.0,
          0.0,
          0.0,
          1.0
        ]
      ]
    },
    {
      "file_path": "/media/NFS/ttao/scannet/posed_images/scene0631_01/00263.jpg",
      "transform_matrix": [
        [
          0.987233,
          -1.5e-05,
          0.159285,
          4.297924
        ],
        [
          -0.157053,
          -0.166929,
          0.97338,
          2.964221
        ],
        [
          0.026574,
          -0.985969,
          -0.1648,
          1.497442
        ],
        [
          0.0,
          0.0,
          0.0,
          1.0
        ]
      ]
    },
    {
      "file_path": "/media/NFS/ttao/scannet/posed_images/scene0631_01/00270.jpg",
      "transform_matrix": [
        [
          0.983769,
          0.034068,
          0.176178,
          4.316304
        ],
        [
          -0.173159,
          -0.077295,
          0.981856,
          3.074918
        ],
        [
          0.047067,
          -0.996426,
          -0.070141,
          1.497974
        ],
        [
          0.0,
          0.0,
          0.0,
          1.0
        ]
      ]
    },
    {
      "file_path": "/media/NFS/ttao/scannet/posed_images/scene0631_01/00274.jpg",
      "transform_matrix": [
        [
          0.986938,
          0.039582,
          0.156161,
          4.320149
        ],
        [
          -0.154502,
          -0.04201,
          0.987099,
          3.140067
        ],
        [
          0.045632,
          -0.998333,
          -0.035346,
          1.510809
        ],
        [
          0.0,
          0.0,
          0.0,
          1.0
        ]
      ]
    },
    {
      "file_path": "/media/NFS/ttao/scannet/posed_images/scene0631_01/00275.jpg",
      "transform_matrix": [
        [
          0.987997,
          0.038663,
          0.149557,
          4.319501
        ],
        [
          -0.148034,
          -0.03965,
          0.988187,
          3.154938
        ],
        [
          0.044136,
          -0.998465,
          -0.03345,
          1.511802
        ],
        [
          0.0,
          0.0,
          0.0,
          1.0
        ]
      ]
    },
    {
      "file_path": "/media/NFS/ttao/scannet/posed_images/scene0631_01/00281.jpg",
      "transform_matrix": [
        [
          0.997832,
          0.01613,
          0.063805,
          4.335196
        ],
        [
          -0.062199,
          -0.085712,
          0.994377,
          3.237261
        ],
        [
          0.021509,
          -0.996189,
          -0.084523,
          1.495694
        ],
        [
          0.0,
          0.0,
          0.0,
          1.0
        ]
      ]
    },
    {
      "file_path": "/media/NFS/ttao/scannet/posed_images/scene0631_01/00284.jpg",
      "transform_matrix": [
        [
          0.999626,
          0.011193,
          0.024965,
          4.336926
        ],
        [
          -0.02359,
          -0.109588,
          0.993697,
          3.274217
        ],
        [
          0.013859,
          -0.993914,
          -0.109283,
          1.488144
        ],
        [
          0.0,
          0.0,
          0.0,
          1.0
        ]
      ]
    },
    {
      "file_path": "/media/NFS/ttao/scannet/posed_images/scene0631_01/00288.jpg",
      "transform_matrix": [
        [
          0.998544,
          0.039117,
          -0.037135,
          4.342466
        ],
        [
          0.041921,
          -0.129646,
          0.990674,
          3.317859
        ],
        [
          0.033938,
          -0.990788,
          -0.131097,
          1.479433
        ],
        [
          0.0,
          0.0,
          0.0,
          1.0
        ]
      ]
    },
    {
      "file_path": "/media/NFS/ttao/scannet/posed_images/scene0631_01/00291.jpg",
      "transform_matrix": [
        [
          0.995194,
          0.05569,
          -0.080548,
          4.336174
        ],
        [
          0.087686,
          -0.14062,
          0.986173,
          3.358606
        ],
        [
          0.043593,
          -0.988496,
          -0.144828,
          1.474846
        ],
        [
          0.0,
          0.0,
          0.0,
          1.0
        ]
      ]
    },
    {
      "file_path": "/media/NFS/ttao/scannet/posed_images/scene0631_01/00298.jpg",
      "transform_matrix": [
        [
          0.97242,
          0.068852,
          -0.222841,
          4.344193
        ],
        [
          0.231343,
          -0.1633,
          0.959069,
          3.429971
        ],
        [
          0.029644,
          -0.984171,
          -0.174725,
          1.474602
        ],
        [
          0.0,
          0.0,
          0.0,
          1.0
        ]
      ]
    },
    {
      "file_path": "/media/NFS/ttao/scannet/posed_images/scene0631_01/00302.jpg",
      "transform_matrix": [
        [
          0.950979,
          0.080165,
          -0.298686,
          4.35209
        ],
        [
          0.308298,
          -0.169764,
          0.936019,
          3.465505
        ],
        [
          0.02433,
          -0.982219,
          -0.186157,
          1.479215
        ],
        [
          0.0,
          0.0,
          0.0,
          1.0
        ]
      ]
    },
    {
      "file_path": "/media/NFS/ttao/scannet/posed_images/scene0631_01/00305.jpg",
      "transform_matrix": [
        [
          0.932132,
          0.085584,
          -0.351861,
          4.355351
        ],
        [
          0.361538,
          -0.164918,
          0.917656,
          3.485281
        ],
        [
          0.020508,
          -0.982587,
          -0.184667,
          1.482296
        ],
        [
          0.0,
          0.0,
          0.0,
          1.0
        ]
      ]
    },
    {
      "file_path": "/media/NFS/ttao/scannet/posed_images/scene0631_01/00310.jpg",
      "transform_matrix": [
        [
          0.896887,
          0.09198,
          -0.432589,
          4.371537
        ],
        [
          0.441906,
          -0.147269,
          0.88489,
          3.504944
        ],
        [
          0.017685,
          -0.98481,
          -0.17273,
          1.477584
        ],
        [
          0.0,
          0.0,
          0.0,
          1.0
        ]
      ]
    },
    {
      "file_path": "/media/NFS/ttao/scannet/posed_images/scene0631_01/00312.jpg",
      "transform_matrix": [
        [
          0.879266,
          0.092631,
          -0.467237,
          4.378157
        ],
        [
          0.476085,
          -0.139369,
          0.868285,
          3.523483
        ],
        [
          0.015312,
          -0.985899,
          -0.166642,
