{
  "frames": [
    {
      "file_path": "/media/NFS/ttao/scannet/posed_images/scene0560_00/00000.jpg",
      "transform_matrix": [
        [
          0.791433,
          0.232916,
          -0.565141,
          2.584586
        ],
        [
          0.611241,
          -0.295124,
          0.734361,
          0.908076
        ],
        [
          0.004258,
          -0.926635,
          -0.375939,
          1.316978
        ],
        [
          0.0,
          0.0,
          0.0,
          1.0
        ]
      ]
    },
    {
      "file_path": "/media/NFS/ttao/scannet/posed_images/scene0560_00/00004.jpg",
      "transform_matrix": [
        [
          0.786963,
          0.233743,
          -0.571011,
          2.584495
        ],
        [
          0.616983,
          -0.291109,
          0.731156,
          0.906629
        ],
        [
          0.004676,
          -0.927696,
          -0.373307,
          1.314331
        ],
        [
          0.0,
          0.0,
          0.0,
          1.0
        ]
      ]
    },
    {
      "file_path": "/media/NFS/ttao/scannet/posed_images/scene0560_00/00007.jpg",
      "transform_matrix": [
        [
          0.78381,
          0.236198,
          -0.574328,
          2.586237
        ],
        [
          0.620986,
          -0.291711,
          0.727517,
          0.908602
        ],
        [
          0.004301,
          -0.926885,
          -0.375321,
          1.312432
        ],
        [
          0.0,
          0.0,
          0.0,
          1.0
        ]
      ]
    },
    {
      "file_path": "/media/NFS/ttao/scannet/posed_images/scene0560_00/00015.jpg",
      "transform_matrix": [
        [
          0.779154,
          0.260897,
          -0.569958,
          2.597432
        ],
        [
          0.626717,
          -0.34172,
          0.700324,
          0.911905
        ],
        [
          -0.012054,
          -0.902862,
          -0.429761,
          1.267552
        ],
        [
          0.0,
          0.0,
          0.0,
          1.0
        ]
      ]
    },
    {
      "file_path": "/media/NFS/ttao/scannet/posed_images/scene0560_00/00018.jpg",
      "transform_matrix": [
        [
          0.782362,
          0.267839,
          -0.562293,
          2.604498
        ],
        [
          0.622587,
          -0.361275,
          0.694166,
          0.918186
        ],
        [
          -0.017217,
          -0.893165,
          -0.4494,
          1.248075
        ],
        [
          0.0,
          0.0,
          0.0,
          1.0
        ]
      ]
    },
    {
      "file_path": "/media/NFS/ttao/scannet/posed_images/scene0560_00/00021.jpg",
      "transform_matrix": [
        [
          0.784816,
          0.275872,
          -0.554941,
          2.609889
        ],
        [
          0.619277,
          -0.383293,
          0.685261,
          0.91875
        ],
        [
          -0.023661,
          -0.881465,
          -0.471656,
          1.22498
        ],
        [
          0.0,
          0.0,
          0.0,
          1.0
        ]
      ]
    },
    {
      "file_path": "/media/NFS/ttao/scannet/posed_images/scene0560_00/00024.jpg",
      "transform_matrix": [
        [
          0.780232,
          0.285647,
          -0.556457,
          2.621903
        ],
        [
          0.624828,
          -0.39686,
          0.672378,
          0.925133
        ],
        [
          -0.028773,
          -0.872301,
          -0.488123,
          1.210449
        ],
        [
          0.0,
          0.0,
          0.0,
          1.0
        ]
      ]
    },
    {
      "file_path": "/media/NFS/ttao/scannet/posed_images/scene0560_00/00028.jpg",
      "transform_matrix": [
        [
          0.792849,
          0.294798,
          -0.533371,
          2.635713
        ],
        [
          0.609049,
          -0.413739,
          0.676668,
          0.930843
        ],
        [
          -0.021196,
          -0.861345,
          -0.507579,
          1.193587
        ],
        [
          0.0,
          0.0,
          0.0,
          1.0
        ]
      ]
    },
    {
      "file_path": "/media/NFS/ttao/scannet/posed_images/scene0560_00/00034.jpg",
      "transform_matrix": [
        [
          0.840756,
          0.285631,
          -0.45994,
          2.660532
        ],
        [
          0.541333,
          -0.458214,
          0.704981,
          0.939328
        ],
        [
          -0.009386,
          -0.841698,
          -0.539867,
          1.191192
        ],
        [
          0.0,
          0.0,
          0.0,
          1.0
        ]
      ]
    },
    {
      "file_path": "/media/NFS/ttao/scannet/posed_images/scene0560_00/00039.jpg",
      "transform_matrix": [
        [
          0.8908,
          0.249236,
          -0.379943,
          2.675921
        ],
        [
          0.454395,
          -0.489716,
          0.744113,
          0.931119
        ],
        [
          -0.000604,
          -0.8355,
          -0.54949,
          1.188602
        ],
        [
          0.0,
          0.0,
          0.0,
          1.0
        ]
      ]
    },
    {
      "file_path": "/media/NFS/ttao/scannet/posed_images/scene0560_00/00043.jpg",
      "transform_matrix": [
        [
          0.911007,
          0.231631,
          -0.341195,
          2.693768
        ],
        [
          0.412389,
          -0.514514,
          0.751805,
          0.934547
        ],
        [
          -0.001408,
          -0.825605,
          -0.564247,
          1.190689
        ],
        [
          0.0,
          0.0,
          0.0,
          1.0
        ]
      ]
    },
    {
      "file_path": "/media/NFS/ttao/scannet/posed_images/scene0560_00/00044.jpg",
      "transform_matrix": [
        [
          0.914649,
          0.228469,
          -0.333494,
          2.697239
        ],
        [
          0.404248,
          -0.516706,
          0.754718,
          0.935634
        ],
        [
          0.000111,
          -0.825117,
          -0.564963,
          1.192318
        ],
        [
          0.0,
          0.0,
          0.0,
          1.0
        ]
      ]
    },
    {
      "file_path": "/media/NFS/ttao/scannet/posed_images/scene0560_00/00051.jpg",
      "transform_matrix": [
        [
          0.914911,
          0.221581,
          -0.3374,
          2.744799
        ],
        [
          0.403592,
          -0.487429,
          0.774291,
          0.968171
        ],
        [
          0.00711,
          -0.84458,
          -0.535383,
          1.218411
        ],
        [
          0.0,
          0.0,
          0.0,
          1.0
        ]
      ]
    },
    {
      "file_path": "/media/NFS/ttao/scannet/posed_images/scene0560_00/00055.jpg",
      "transform_matrix": [
        [
          0.905363,
          0.232433,
          -0.355376,
          2.786484
        ],
        [
          0.424018,
          -0.449671,
          0.786133,
          1.004685
        ],
        [
          0.022921,
          -0.862421,
          -0.505672,
          1.228089
        ],
        [
          0.0,
          0.0,
          0.0,
          1.0
        ]
      ]
    },
    {
      "file_path": "/media/NFS/ttao/scannet/posed_images/scene0560_00/00058.jpg",
      "transform_matrix": [
        [
          0.892726,
          0.242658,
          -0.379681,
          2.845922
        ],
        [
          0.44886,
          -0.40492,
          0.796596,
          1.057679
        ],
        [
          0.03956,
          -0.881565,
          -0.470402,
          1.243898
        ],
        [
          0.0,
          0.0,
          0.0,
          1.0
        ]
      ]
    },
    {
      "file_path": "/media/NFS/ttao/scannet/posed_images/scene0560_00/00061.jpg",
      "transform_matrix": [
        [
          0.884081,
          0.23537,
          -0.403735,
          2.896178
        ],
        [
          0.465898,
          -0.376238,
          0.800864,
          1.088668
        ],
        [
          0.036599,
          -0.896128,
          -0.442284,
          1.242523
        ],
        [
          0.0,
          0.0,
          0.0,
          1.0
        ]
      ]
    },
    {
      "file_path": "/media/NFS/ttao/scannet/posed_images/scene0560_00/00067.jpg",
      "transform_matrix": [
        [
          0.86048,
          0.239208,
          -0.449837,
          2.963233
        ],
        [
          0.508797,
          -0.35763,
          0.783088,
          1.15809
        ],
        [
          0.026445,
          -0.902707,
          -0.429441,
          1.259462
        ],
        [
          0.0,
          0.0,
          0.0,
          1.0
        ]
      ]
    },
    {
      "file_path": "/media/NFS/ttao/scannet/posed_images/scene0560_00/00069.jpg",
      "transform_matrix": [
        [
          0.858284,
          0.23704,
          -0.45515,
          2.973928
        ],
        [
          0.512698,
          -0.357811,
          0.780457,
          1.179136
        ],
        [
          0.022142,
          -0.903207,
          -0.428633,
          1.265511
        ],
        [
          0.0,
          0.0,
          0.0,
          1.0
        ]
      ]
    },
    {
      "file_path": "/media/NFS/ttao/scannet/posed_images/scene0560_00/00075.jpg",
      "transform_matrix": [
        [
          0.845025,
          0.230424,
          -0.482533,
          3.014565
        ],
        [
          0.534707,
          -0.356337,
          0.766233,
          1.253727
        ],
        [
          0.004614,
          -0.9055,
          -0.424322,
          1.26996
        ],
        [
          0.0,
          0.0,
          0.0,
          1.0
        ]
      ]
    },
    {
      "file_path": "/media/NFS/ttao/scannet/posed_images/scene0560_00/00077.jpg",
      "transform_matrix": [
        [
          0.842419,
          0.230141,
          -0.487201,
          3.021344
        ],
        [
          0.538807,
          -0.352982,
          0.764912,
          1.279832
        ],
        [
          0.004065,
          -0.906884,
          -0.42136,
          1.275538
        ],
        [
          0.0,
          0.0,
          0.0,
          1.0
        ]
      ]
    },
    {
      "file_path": "/media/NFS/ttao/scannet/posed_images/scene0560_00/00083.jpg",
      "transform_matrix": [
        [
          0.828065,
          0.197589,
          -0.524659,
          3.066502
        ],
        [
          0.560527,
          -0.309915,
          0.76796,
          1.372131
        ],
        [
          -0.010859,
          -0.930006,
          -0.367384,
          1.290247
        ],
        [
          0.0,
          0.0,
          0.0,
          1.0
        ]
      ]
    },
    {
      "file_path": "/media/NFS/ttao/scannet/posed_images/scene0560_00/00088.jpg",
      "transform_matrix": [
        [
          0.848059,
          0.186555,
          -0.495977,
          3.088199
        ],
        [
          0.529251,
          -0.251831,
          0.810231,
          1.445382
        ],
        [
          0.02625,
          -0.94962,
          -0.312302,
          1.317194
        ],
        [
          0.0,
          0.0,
          0.0,
          1.0
        ]
      ]
    },
    {
      "file_path": "/media/NFS/ttao/scannet/posed_images/scene0560_00/00091.jpg",
      "transform_matrix": [
        [
          0.846668,
          0.185174,
          -0.498863,
          3.109849
        ],
        [
          0.531139,
          -0.237139,
          0.813423,
          1.473472
        ],
        [
          0.032325,
          -0.953665,
          -0.299131,
          1.339363
        ],
        [
          0.0,
          0.0,
          0.0,
          1.0
        ]
      ]
    },
    {
      "file_path": "/media/NFS/ttao/scannet/posed_images/scene0560_00/00093.jpg",
      "transform_matrix": [
        [
          0.848658,
          0.186025,
          -0.495151,
          3.12073
        ],
        [
          0.527393,
          -0.226007,
          0.81901,
          1.487981
        ],
        [
          0.040448,
          -0.956199,
          -0.28991,
          1.352873
        ],
        [
          0.0,
          0.0,
          0.0,
          1.0
        ]
      ]
    },
    {
      "file_path": "/media/NFS/ttao/scannet/posed_images/scene0560_00/00100.jpg",
      "transform_matrix": [
        [
          0.870741,
          0.181714,
          -0.456937,
          3.123193
        ],
        [
          0.485721,
          -0.172856,
          0.856852,
          1.51647
        ],
        [
          0.076717,
          -0.96804,
          -0.238775,
          1.409113
        ],
        [
          0.0,
          0.0,
          0.0,
          1.0
        ]
      ]
    },
    {
      "file_path": "/media/NFS/ttao/scannet/posed_images/scene0560_00/00102.jpg",
      "transform_matrix": [
        [
          0.870145,
          0.183805,
          -0.457234,
          3.120345
        ],
        [
          0.485457,
          -0.160195,
          0.859459,
          1.516893
        ],
        [
          0.084726,
          -0.969821,
          -0.228623,
          1.416229
        ],
        [
          0.0,
          0.0,
          0.0,
          1.0
        ]
      ]
    },
    {
      "file_path": "/media/NFS/ttao/scannet/posed_images/scene0560_00/00108.jpg",
      "transform_matrix": [
        [
          0.830183,
          0.198114,
          -0.521102,
          3.167713
        ],
        [
          0.546094,
          -0.100947,
          0.83162,
          1.536241
        ],
        [
          0.112151,
          -0.974967,
          -0.191994,
          1.448691
        ],
        [
          0.0,
          0.0,
          0.0,
          1.0
        ]
      ]
    },
    {
      "file_path": "/media/NFS/ttao/scannet/posed_images/scene0560_00/00109.jpg",
      "transform_matrix": [
        [
          0.826524,
          0.20063,
          -0.525934,
          3.173713
        ],
        [
          0.55077,
          -0.095306,
          0.829198,
          1.538161
        ],
        [
          0.116237,
          -0.97502,
          -0.189274,
          1.458798
        ],
        [
          0.0,
          0.0,
          0.0,
          1.0
        ]
      ]
    },
    {
      "file_path": "/media/NFS/ttao/scannet/posed_images/scene0560_00/00115.jpg",
      "transform_matrix": [
        [
          0.840061,
          0.168222,
          -0.51575,
          3.176198
        ],
        [
          0.528168,
          -0.036591,
          0.848352,
          1.533866
        ],
        [
          0.123839,
          -0.98507,
          -0.119588,
          1.494309
        ],
        [
          0.0,
          0.0,
          0.0,
          1.0
        ]
      ]
    },
    {
      "file_path": "/media/NFS/ttao/scannet/posed_images/scene0560_00/00120.jpg",
      "transform_matrix": [
        [
          0.850919,
          0.13672,
          -0.507192,
          3.184405
        ],
        [
          0.513963,
          -0.017209,
          0.85764,
          1.535918
        ],
        [
          0.108529,
          -0.99046,
          -0.084912,
          1.519495
        ],
        [
          0.0,
          0.0,
          0.0,
          1.0
        ]
      ]
    },
    {
      "file_path": "/media/NFS/ttao/scannet/posed_images/scene0560_00/00121.jpg",
      "transform_matrix": [
        [
          0.853265,
          0.133159,
          -0.50419,
          3.179622
        ],
        [
          0.510843,
          -0.019175,
          0.85946,
          1.534965
        ],
        [
          0.104777,
          -0.990909,
          -0.084384,
          1.534491
        ],
        [
          0.0,
          0.0,
          0.0,
          1.0
        ]
      ]
    },
    {
      "file_path": "/media/NFS/ttao/scannet/posed_images/scene0560_00/00126.jpg",
      "transform_matrix": [
        [
          0.864739,
          0.097609,
          -0.492644,
          3.163619
        ],
        [
          0.49313,
          0.02077,
          0.869708,
          1.52203
        ],
        [
          0.095123,
          -0.995008,
          -0.030173,
          1.561718
        ],
        [
          0.0,
          0.0,
          0.0,
          1.0
        ]
      ]
    },
    {
      "file_path": "/media/NFS/ttao/scannet/posed_images/scene0560_00/00130.jpg",
      "transform_matrix": [
        [
          0.882893,
          0.070094,
          -0.464314,
          3.118449
        ],
        [
          0.461651,
          0.051321,
          0.885576,
          1.503469
        ],
        [
          0.085902,
          -0.996219,
          0.012952,
          1.555351
        ],
        [
          0.0,
          0.0,
          0.0,
          1.0
        ]
      ]
    },
    {
      "file_path": "/media/NFS/ttao/scannet/posed_images/scene0560_00/00136.jpg",
      "transform_matrix": [
        [
          0.919727,
          0.019371,
          -0.39208,
          3.015085
        ],
        [
          0.390038,
          0.067899,
          0.918292,
          1.465758
        ],
        [
          0.044409,
          -0.997504,
          0.054893,
          1.580886
        ],
        [
          0.0,
          0.0,
          0.0,
          1.0
        ]
      ]
    },
    {
      "file_path": "/media/NFS/ttao/scannet/posed_images/scene0560_00/00141.jpg",
      "transform_matrix": [
        [
          0.937196,
          0.0172,
          -0.348378,
          2.951203
        ],
        [
          0.347655,
          0.03488,
          0.936974,
          1.45371
        ],
        [
          0.028267,
          -0.999243,
          0.02671,
          1.54583
        ],
        [
          0.0,
          0.0,
          0.0,
          1.0
        ]
      ]
    },
    {
      "file_path": "/media/NFS/ttao/scannet/posed_images/scene0560_00/00142.jpg",
      "transform_matrix": [
        [
          0.939344,
          0.017801,
          -0.342515,
          2.937508
        ],
        [
          0.342008,
          0.026415,
          0.939326,
          1.45393
        ],
        [
          0.025768,
          -0.999493,
          0.018725,
          1.533694
        ],
        [
          0.0,
          0.0,
          0.0,
          1.0
        ]
      ]
    },
    {
      "file_path": "/media/NFS/ttao/scannet/posed_images/scene0560_00/00149.jpg",
      "transform_matrix": [
        [
          0.968459,
          0.062244,
          -0.241274,
          2.82764
        ],
        [
          0.244302,
          -0.046647,
          0.968577,
          1.429806
        ],
        [
          0.049033,
          -0.99697,
          -0.060382,
          1.498516
        ],
        [
          0.0,
          0.0,
          0.0,
          1.0
        ]
      ]
    },
    {
      "file_path": "/media/NFS/ttao/scannet/posed_images/scene0560_00/00151.jpg",
      "transform_matrix": [
        [
          0.974946,
          0.069654,
          -0.211256,
          2.831329
        ],
        [
          0.215207,
          -0.055108,
          0.975012,
          1.42587
        ],
        [
          0.056271,
          -0.996048,
          -0.068717,
          1.498456
        ],
        [
          0.0,
          0.0,
          0.0,
          1.0
        ]
      ]
    },
    {
      "file_path": "/media/NFS/ttao/scannet/posed_images/scene0560_00/00154.jpg",
      "transform_matrix": [
        [
          0.987892,
          0.061389,
          -0.142481,
          2.78984
        ],
        [
          0.145991,
          -0.057069,
          0.987639,
          1.406408
        ],
        [
          0.052499,
          -0.996481,
          -0.06534,
          1.512148
        ],
        [
          0.0,
          0.0,
          0.0,
          1.0
        ]
      ]
    },
    {
      "file_path": "/media/NFS/ttao/scannet/posed_images/scene0560_00/00158.jpg",
      "transform_matrix": [
        [
          0.995512,
          0.051013,
          -0.079707,
          2.738436
        ],
        [
          0.082481,
          -0.054794,
          0.995085,
          1.369035
        ],
        [
          0.046395,
          -0.997194,
          -0.058755,
          1.51579
        ],
        [
          0.0,
          0.0,
          0.0,
          1.0
        ]
      ]
    },
    {
      "file_path": "/media/NFS/ttao/scannet/posed_images/scene0560_00/00165.jpg",
      "transform_matrix": [
        [
          0.998462,
          0.049132,
          -0.025695,
          2.699906
        ],
        [
          0.028648,
          -0.060397,
          0.997763,
          1.326747
        ],
        [
          0.04747,
          -0.996965,
          -0.061712,
          1.487842
        ],
        [
          0.0,
          0.0,
          0.0,
          1.0
        ]
      ]
    },
    {
      "file_path": "/media/NFS/ttao/scannet/posed_images/scene0560_00/00166.jpg",
      "transform_matrix": [
        [
          0.998394,
          0.050795,
          -0.025062,
          2.696718
        ],
        [
          0.027925,
          -0.056472,
          0.998014,
          1.322206
        ],
        [
          0.049279,
          -0.997111,
          -0.057799,
          1.485685
        ],
        [
          0.0,
          0.0,
          0.0,
          1.0
        ]
      ]
    },
    {
      "file_path": "/media/NFS/ttao/scannet/posed_images/scene0560_00/00173.jpg",
      "transform_matrix": [
        [
          0.997083,
          0.066975,
          0.036591,
          2.624965
        ],
        [
          -0.03133,
          -0.077993,
          0.996462,
          1.29524
        ],
        [
          0.069591,
          -0.994702,
          -0.075667,
          1.498503
        ],
        [
          0.0,
          0.0,
          0.0,
          1.0
        ]
      ]
    },
    {
      "file_path": "/media/NFS/ttao/scannet/posed_images/scene0560_00/00177.jpg",
      "transform_matrix": [
        [
          0.995608,
          0.055352,
          0.075502,
          2.572914
        ],
        [
          -0.07168,
          -0.068054,
          0.995103,
          1.285221
        ],
        [
          0.060219,
          -0.996145,
          -0.063788,
          1.497355
        ],
        [
          0.0,
          0.0,
          0.0,
          1.0
        ]
      ]
    },
    {
      "file_path": "/media/NFS/ttao/scannet/posed_images/scene0560_00/00179.jpg",
      "transform_matrix": [
        [
          0.995216,
          0.044083,
          0.087185,
          2.546059
        ],
        [
          -0.084292,
          -0.063708,
          0.994403,
          1.282882
        ],
        [
          0.049391,
          -0.996995,
          -0.059688,
          1.48878
        ],
        [
          0.0,
          0.0,
          0.0,
          1.0
        ]
      ]
    },
    {
      "file_path": "/media/NFS/ttao/scannet/posed_images/scene0560_00/00182.jpg",
      "transform_matrix": [
        [
          0.994392,
          0.024616,
          0.102855,
          2.513163
        ],
        [
          -0.101156,
          -0.062455,
          0.992908,
          1.285659
        ],
        [
          0.030865,
          -0.997744,
          -0.059614,
          1.464843
        ],
        [
          0.0,
          0.0,
          0.0,
          1.0
        ]
      ]
    },
    {
      "file_path": "/media/NFS/ttao/scannet/posed_images/scene0560_00/00188.jpg",
      "transform_matrix": [
        [
          0.983219,
          -0.011665,
          0.182056,
          2.406568
        ],
        [
          -0.182192,
          -0.113648,
          0.976673,
          1.307971
        ],
        [
          0.009297,
          -0.993453,
          -0.113866,
          1.436755
        ],
        [
          0.0,
          0.0,
          0.0,
          1.0
        ]
      ]
    },
    {
      "file_path": "/media/NFS/ttao/scannet/posed_images/scene0560_00/00193.jpg",
      "transform_matrix": [
        [
          0.97502,
          -0.038309,
          0.21879,
          2.375453
        ],
        [
          -0.222076,
          -0.148714,
          0.963622,
          1.309981
        ],
        [
          -0.004378,
          -0.988138,
          -0.153506,
          1.424654
        ],
        [
          0.0,
          0.0,
          0.0,
          1.0
        ]
      ]
    },
    {
      "file_path": "/media/NFS/ttao/scannet/posed_images/scene0560_00/00196.jpg",
      "transform_matrix": [
        [
          0.969769,
          -0.031176,
          0.242026,
          2.338884
        ],
        [
          -0.243958,
          -0.147227,
          0.958545,
          1.305074
        ],
        [
          0.005749,
          -0.988611,
          -0.150381,
          1.421627
        ],
        [
          0.0,
          0.0,
          0.0,
          1.0
        ]
      ]
    },
    {
      "file_path": "/media/NFS/ttao/scannet/posed_images/scene0560_00/00200.jpg",
      "transform_matrix": [
        [
          0.958318,
          -0.026441,
          0.284477,
          2.30019
        ],
        [
          -0.28524,
          -0.145251,
          0.947386,
          1.301369
        ],
        [
          0.016271,
          -0.989042,
          -0.146739,
          1.397121
        ],
        [
          0.0,
          0.0,
          0.0,
          1.0
        ]
      ]
    },
    {
      "file_path": "/media/NFS/ttao/scannet/posed_images/scene0560_00/00206.jpg",
      "transform_matrix": [
        [
          0.935012,
          -0.024111,
          0.353796,
          2.211979
        ],
        [
          -0.352426,
          -0.17391,
          0.919539,
          1.304651
        ],
        [
          0.039358,
          -0.984466,
          -0.171106,
          1.402554
        ],
        [
          0.0,
          0.0,
          0.0,
          1.0
        ]
      ]
    },
    {
      "file_path": "/media/NFS/ttao/scannet/posed_images/scene0560_00/00211.jpg",
      "transform_matrix": [
        [
          0.916495,
          -0.031648,
          0.398793,
          2.156543
        ],
        [
          -0.397868,
          -0.176013,
          0.900401,
          1.306288
        ],
        [
          0.041696,
          -0.983879,
          -0.173907,
          1.401028
        ],
        [
          0.0,
          0.0,
          0.0,
          1.0
        ]
      ]
    },
    {
      "file_path": "/media/NFS/ttao/scannet/posed_images/scene0560_00/00214.jpg",
      "transform_matrix": [
        [
          0.909837,
          -0.041282,
          0.412906,
          2.133309
        ],
        [
          -0.413628,
          -0.17004,
          0.894426,
          1.305789
        ],
        [
          0.033287,
          -0.984572,
          -0.171784,
          1.410809
        ],
        [
          0.0,
          0.0,
          0.0,
          1.0
        ]
      ]
    },
    {
      "file_path": "/media/NFS/ttao/scannet/posed_images/scene0560_00/00215.jpg",
      "transform_matrix": [
        [
          0.908334,
          -0.042254,
          0.416105,
          2.122541
        ],
        [
          -0.416967,
          -0.169185,
          0.893037,
          1.3082
        ],
        [
          0.032665,
          -0.984678,
          -0.171295,
          1.411187
        ],
        [
          0.0,
          0.0,
          0.0,
          1.0
        ]
      ]
    },
    {
      "file_path": "/media/NFS/ttao/scannet/posed_images/scene0560_00/00222.jpg",
      "transform_matrix": [
        [
          0.891207,
          -0.029274,
          0.452652,
          2.07536
        ],
        [
          -0.450279,
          -0.177578,
          0.875052,
          1.3261
        ],
        [
          0.054765,
          -0.983671,
          -0.17144,
          1.415321
        ],
        [
          0.0,
          0.0,
          0.0,
          1.0
        ]
      ]
    },
    {
      "file_path": "/media/NFS/ttao/scannet/posed_images/scene0560_00/00224.jpg",
      "transform_matrix": [
        [
          0.881504,
          -0.020262,
          0.471742,
          2.058654
        ],
        [
          -0.467222,
          -0.181787,
          0.86525,
          1.342547
        ],
        [
          0.068225,
          -0.983129,
          -0.169713,
          1.419306
        ],
        [
          0.0,
          0.0,
          0.0,
          1.0
        ]
      ]
    },
    {
      "file_path": "/media/NFS/ttao/scannet/posed_images/scene0560_00/00230.jpg",
      "transform_matrix": [
        [
          0.846682,
          -0.005626,
          0.53207,
          1.977378
        ],
        [
          -0.526446,
          -0.15424,
          0.836101,
          1.405348
        ],
        [
          0.077363,
          -0.988017,
          -0.133554,
          1.419967
        ],
        [
          0.0,
          0.0,
          0.0,
          1.0
        ]
      ]
    },
    {
      "file_path": "/media/NFS/ttao/scannet/posed_images/scene0560_00/00234.jpg",
      "transform_matrix": [
        [
          0.818024,
          -0.021168,
          0.574794,
          1.897195
        ],
        [
          -0.571745,
          -0.139033,
          0.808565,
          1.491724
        ],
        [
          0.0628,
          -0.990062,
          -0.125835,
          1.472962
        ],
        [
          0.0,
          0.0,
          0.0,
          1.0
        ]
      ]
    },
    {
      "file_path": "/media/NFS/ttao/scannet/posed_images/scene0560_00/00239.jpg",
      "transform_matrix": [
        [
          0.78017,
          -0.001223,
          0.625566,
          1.853628
        ],
        [
          -0.62014,
          -0.132949,
          0.773144,
          1.551072
        ],
        [
          0.082223,
          -0.991122,
          -0.104481,
          1.47167
        ],
        [
          0.0,
          0.0,
          0.0,
          1.0
        ]
      ]
    },
    {
      "file_path": "/media/NFS/ttao/scannet/posed_images/scene0560_00/00240.jpg",
      "transform_matrix": [
        [
          0.777969,
          0.003111,
          0.628295,
          1.842896
        ],
        [
          -0.622561,
          -0.131067,
          0.771518,
          1.563713
        ],
        [
          0.084749,
          -0.991369,
          -0.10003,
          1.468797
        ],
        [
          0.0,
          0.0,
          0.0,
          1.0
        ]
      ]
    },
    {
      "file_path": "/media/NFS/ttao/scannet/posed_images/scene0560_00/00245.jpg",
      "transform_matrix": [
        [
          0.776705,
          0.020556,
          0.62953,
          1.841418
        ],
        [
          -0.621981,
          -0.132616,
          0.771721,
          1.59966
        ],
        [
          0.099349,
          -0.990954,
          -0.090218,
          1.482902
        ],
        [
          0.0,
          0.0,
          0.0,
          1.0
        ]
      ]
    },
    {
      "file_path": "/media/NFS/ttao/scannet/posed_images/scene0560_00/00250.jpg",
      "transform_matrix": [
        [
          0.7725,
          0.019007,
          0.63473,
          1.842011
        ],
        [
          -0.627786,
          -0.127532,
          0.767868,
          1.644406
        ],
        [
          0.095544,
          -0.991652,
          -0.086586,
          1.465095
        ],
        [
          0.0,
          0.0,
          0.0,
          1.0
        ]
      ]
    },
    {
      "file_path": "/media/NFS/ttao/scannet/posed_images/scene0560_00/00252.jpg",
      "transform_matrix": [
        [
          0.759061,
          0.018642,
          0.650752,
          1.850534
        ],
        [
          -0.643658,
          -0.128414,
          0.754464,
          1.667605
        ],
        [
          0.09763,
          -0.991546,
          -0.085475,
          1.46163
        ],
        [
          0.0,
          0.0,
          0.0,
          1.0
        ]
      ]
    },
    {
      "file_path": "/media/NFS/ttao/scannet/posed_images/scene0560_00/00259.jpg",
      "transform_matrix": [
        [
          0.687068,
          -0.007408,
          0.726556,
          1.874705
        ],
        [
          -0.722913,
          -0.107493,
          0.682526,
          1.765273
        ],
        [
          0.073043,
          -0.994178,
          -0.079211,
          1.474262
        ],
        [
          0.0,
          0.0,
          0.0,
          1.0
        ]
      ]
    },
    {
      "file_path": "/media/NFS/ttao/scannet/posed_images/scene0560_00/00261.jpg",
      "transform_matrix": [
        [
          0.682055,
          -0.005445,
          0.731281,
          1.900405
        ],
        [
          -0.727515,
          -0.106675,
          0.677748,
          1.740505
        ],
        [
          0.074319,
          -0.994279,
          -0.076719,
          1.45858
        ],
        [
          0.0,
          0.0,
          0.0,
          1.0
        ]
      ]
    },
    {
      "file_path": "/media/NFS/ttao/scannet/posed_images/scene0560_00/00267.jpg",
      "transform_matrix": [
        [
          0.616668,
          -0.021929,
          0.786918,
          1.905856
        ],
        [
          -0.781535,
          -0.137007,
          0.608632,
          1.806714
        ],
        [
          0.094466,
          -0.990327,
          -0.101626,
          1.44476
        ],
        [
          0.0,
          0.0,
          0.0,
          1.0
        ]
      ]
    },
    {
      "file_path": "/media/NFS/ttao/scannet/posed_images/scene0560_00/00268.jpg",
      "transform_matrix": [
        [
          0.604009,
          -0.025712,
          0.796563,
          1.905507
        ],
        [
          -0.791395,
          -0.137441,
          0.595654,
          1.816878
        ],
        [
          0.094165,
          -0.990176,
          -0.103364,
          1.446174
        ],
        [
          0.0,
          0.0,
          0.0,
          1.0
        ]
      ]
    },
    {
      "file_path": "/media/NFS/ttao/scannet/posed_images/scene0560_00/00275.jpg",
      "transform_matrix": [
        [
          0.521399,
          -0.046797,
          0.852029,
          1.910621
        ],
        [
          -0.849274,
          -0.125499,
          0.512819,
          1.842735
        ],
        [
          0.08293,
          -0.990989,
          -0.105179,
          1.445301
        ],
        [
          0.0,
          0.0,
          0.0,
          1.0
        ]
      ]
    },
    {
      "file_path": "/media/NFS/ttao/scannet/posed_images/scene0560_00/00279.jpg",
      "transform_matrix": [
        [
          0.490308,
          -0.064411,
          0.869166,
          1.908489
        ],
        [
          -0.86837,
          -0.121208,
          0.480877,
          1.857403
        ],
        [
          0.074376,
          -0.990535,
          -0.115362,
          1.448763
        ],
        [
          0.0,
          0.0,
          0.0,
          1.0
        ]
      ]
    },
    {
      "file_path": "/media/NFS/ttao/scannet/posed_images/scene0560_00/00280.jpg",
      "transform_matrix": [
        [
          0.482757,
          -0.068921,
          0.873038,
          1.905482
        ],
        [
          -0.872737,
          -0.120546,
          0.473074,
          1.865869
        ],
        [
          0.072636,
          -0.990312,
          -0.118345,
          1.448353
        ],
        [
          0.0,
          0.0,
          0.0,
          1.0
        ]
      ]
    },
    {
      "file_path": "/media/NFS/ttao/scannet/posed_images/scene0560_00/00286.jpg",
      "transform_matrix": [
        [
          0.465692,
          -0.106799,
          0.878479,
          1.911814
        ],
        [
          -0.883819,
          -0.10624,
          0.455607,
          1.860688
        ],
        [
          0.044671,
          -0.988589,
          -0.143866,
          1.405841
        ],
        [
          0.0,
          0.0,
          0.0,
          1.0
        ]
      ]
    },
    {
      "file_path": "/media/NFS/ttao/scannet/posed_images/scene0560_00/00289.jpg",
      "transform_matrix": [
        [
          0.462642,
          -0.127539,
          0.877324,
          1.915751
        ],
        [
          -0.885757,
          -0.108224,
          0.451356,
          1.860922
        ],
        [
          0.037382,
          -0.985911,
          -0.163038,
          1.383721
        ],
        [
          0.0,
          0.0,
          0.0,
          1.0
        ]
      ]
    },
    {
      "file_path": "/media/NFS/ttao/scannet/posed_images/scene0560_00/00296.jpg",
      "transform_matrix": [
        [
          0.414725,
          -0.206522,
          0.886201,
          1.939577
        ],
        [
          -0.909501,
          -0.124554,
          0.396603,
          1.867777
        ],
        [
          0.028473,
          -0.970482,
          -0.239488,
          1.382595
        ],
        [
          0.0,
          0.0,
          0.0,
          1.0
        ]
      ]
    },
    {
      "file_path": "/media/NFS/ttao/scannet/posed_images/scene0560_00/00300.jpg",
      "transform_matrix": [
        [
          0.394861,
          -0.227611,
          0.8901,
          1.963279
        ],
        [
          -0.918479,
          -0.120926,
          0.376527,
          1.848394
        ],
        [
          0.021935,
          -0.966214,
          -0.256805,
          1.363746
        ],
        [
          0.0,
          0.0,
          0.0,
          1.0
        ]
      ]
    },
    {
      "file_path": "/media/NFS/ttao/scannet/posed_images/scene0560_00/00304.jpg",
      "transform_matrix": [
        [
          0.391014,
          -0.241276,
          0.888197,
          1.992123
        ],
        [
          -0.92037,
          -0.108018,
          0.375835,
          1.817103
        ],
        [
          0.005261,
          -0.964426,
          -0.264299,
          1.356977
        ],
        [
          0.0,
          0.0,
          0.0,
          1.0
        ]
      ]
    },
    {
      "file_path": "/media/NFS/ttao/scannet/posed_images/scene0560_00/00305.jpg",
      "transform_matrix": [
        [
          0.393204,
          -0.241785,
          0.887091,
          1.998374
        ],
        [
          -0.919445,
          -0.106868,
          0.378417,
          1.808356
        ],
        [
          0.003306,
          -0.964427,
          -0.264329,
          1.35175
        ],
        [
          0.0,
          0.0,
          0.0,
          1.0
        ]
      ]
    },
    {
      "file_path": "/media/NFS/ttao/scannet/posed_images/scene0560_00/00312.jpg",
      "transform_matrix": [
        [
          0.414671,
          -0.240224,
          0.87769,
          2.058496
        ],
        [
          -0.909802,
          -0.128045,
          0.394797,
          1.754816
        ],
        [
          0.017544,
          -0.962235,
          -0.271653,
          1.336137
        ],
        [
          0.0,
          0.0,
          0.0,
          1.0
        ]
      ]
    },
    {
      "file_path": "/media/NFS/ttao/scannet/posed_images/scene0560_00/00313.jpg",
      "transform_matrix": [
        [
          0.418787,
          -0.238339,
          0.876249,
          2.066054
        ],
        [
          -0.907817,
          -0.133307,
          0.397615,
          1.747522
        ],
        [
          0.022043,
          -0.96199,
          -0.272195,
          1.334008
        ],
        [
          0.0,
          0.0,
          0.0,
