{
  "frames": [
    {
      "file_path": "/media/NFS/ttao/scannet/posed_images/scene0070_00/00000.jpg",
      "transform_matrix": [
        [
          -0.778266,
          0.076502,
          -0.623257,
          4.354075
        ],
        [
          0.626532,
          0.028295,
          -0.778882,
          2.27787
        ],
        [
          -0.041951,
          -0.996668,
          -0.069952,
          1.510689
        ],
        [
          0.0,
          0.0,
          0.0,
          1.0
        ]
      ]
    },
    {
      "file_path": "/media/NFS/ttao/scannet/posed_images/scene0070_00/00007.jpg",
      "transform_matrix": [
        [
          -0.766558,
          0.093656,
          -0.635309,
          4.349096
        ],
        [
          0.641165,
          0.056161,
          -0.765345,
          2.26966
        ],
        [
          -0.036,
          -0.99402,
          -0.103099,
          1.501915
        ],
        [
          0.0,
          0.0,
          0.0,
          1.0
        ]
      ]
    },
    {
      "file_path": "/media/NFS/ttao/scannet/posed_images/scene0070_00/00011.jpg",
      "transform_matrix": [
        [
          -0.76112,
          0.097788,
          -0.641197,
          4.359695
        ],
        [
          0.647637,
          0.06043,
          -0.759549,
          2.258947
        ],
        [
          -0.035528,
          -0.993371,
          -0.109326,
          1.497368
        ],
        [
          0.0,
          0.0,
          0.0,
          1.0
        ]
      ]
    },
    {
      "file_path": "/media/NFS/ttao/scannet/posed_images/scene0070_00/00012.jpg",
      "transform_matrix": [
        [
          -0.761639,
          0.097979,
          -0.640552,
          4.359681
        ],
        [
          0.647003,
          0.060098,
          -0.760116,
          2.259354
        ],
        [
          -0.03598,
          -0.993372,
          -0.109166,
          1.498935
        ],
        [
          0.0,
          0.0,
          0.0,
          1.0
        ]
      ]
    },
    {
      "file_path": "/media/NFS/ttao/scannet/posed_images/scene0070_00/00017.jpg",
      "transform_matrix": [
        [
          -0.76432,
          0.104667,
          -0.636286,
          4.363763
        ],
        [
          0.643632,
          0.063548,
          -0.762692,
          2.261822
        ],
        [
          -0.039393,
          -0.992475,
          -0.115938,
          1.492746
        ],
        [
          0.0,
          0.0,
          0.0,
          1.0
        ]
      ]
    },
    {
      "file_path": "/media/NFS/ttao/scannet/posed_images/scene0070_00/00024.jpg",
      "transform_matrix": [
        [
          -0.759616,
          0.146313,
          -0.6337,
          4.362546
        ],
        [
          0.649071,
          0.10894,
          -0.752888,
          2.257848
        ],
        [
          -0.041122,
          -0.983222,
          -0.17772,
          1.47341
        ],
        [
          0.0,
          0.0,
          0.0,
          1.0
        ]
      ]
    },
    {
      "file_path": "/media/NFS/ttao/scannet/posed_images/scene0070_00/00026.jpg",
      "transform_matrix": [
        [
          -0.764137,
          0.155171,
          -0.626112,
          4.343732
        ],
        [
          0.643558,
          0.117308,
          -0.756355,
          2.265482
        ],
        [
          -0.043916,
          -0.980898,
          -0.189501,
          1.46819
        ],
        [
          0.0,
          0.0,
          0.0,
          1.0
        ]
      ]
    },
    {
      "file_path": "/media/NFS/ttao/scannet/posed_images/scene0070_00/00030.jpg",
      "transform_matrix": [
        [
          -0.769147,
          0.178759,
          -0.613562,
          4.343395
        ],
        [
          0.637048,
          0.138113,
          -0.75835,
          2.268477
        ],
        [
          -0.050821,
          -0.974151,
          -0.220107,
          1.461731
        ],
        [
          0.0,
          0.0,
          0.0,
          1.0
        ]
      ]
    },
    {
      "file_path": "/media/NFS/ttao/scannet/posed_images/scene0070_00/00037.jpg",
      "transform_matrix": [
        [
          -0.772682,
          0.205975,
          -0.600448,
          4.344761
        ],
        [
          0.632144,
          0.163335,
          -0.75744,
          2.263809
        ],
        [
          -0.05794,
          -0.964829,
          -0.256412,
          1.446816
        ],
        [
          0.0,
          0.0,
          0.0,
          1.0
        ]
      ]
    },
    {
      "file_path": "/media/NFS/ttao/scannet/posed_images/scene0070_00/00038.jpg",
      "transform_matrix": [
        [
          -0.771974,
          0.205697,
          -0.601452,
          4.344955
        ],
        [
          0.633144,
          0.16482,
          -0.756283,
          2.26273
        ],
        [
          -0.056434,
          -0.964636,
          -0.257472,
          1.44381
        ],
        [
          0.0,
          0.0,
          0.0,
          1.0
        ]
      ]
    },
    {
      "file_path": "/media/NFS/ttao/scannet/posed_images/scene0070_00/00046.jpg",
      "transform_matrix": [
        [
          -0.751513,
          0.198683,
          -0.629089,
          4.345269
        ],
        [
          0.6586,
          0.170453,
          -0.732934,
          2.239523
        ],
        [
          -0.038391,
          -0.965127,
          -0.25895,
          1.435185
        ],
        [
          0.0,
          0.0,
          0.0,
          1.0
        ]
      ]
    },
    {
      "file_path": "/media/NFS/ttao/scannet/posed_images/scene0070_00/00048.jpg",
      "transform_matrix": [
        [
          -0.752981,
          0.198941,
          -0.62725,
          4.327245
        ],
        [
          0.656697,
          0.166244,
          -0.735604,
          2.251719
        ],
        [
          -0.042065,
          -0.965808,
          -0.255823,
          1.430172
        ],
        [
          0.0,
          0.0,
          0.0,
          1.0
        ]
      ]
    },
    {
      "file_path": "/media/NFS/ttao/scannet/posed_images/scene0070_00/00052.jpg",
      "transform_matrix": [
        [
          -0.733943,
          0.19667,
          -0.650115,
          4.337331
        ],
        [
          0.677973,
          0.154359,
          -0.718697,
          2.234822
        ],
        [
          -0.040995,
          -0.968243,
          -0.246628,
          1.438461
        ],
        [
          0.0,
          0.0,
          0.0,
          1.0
        ]
      ]
    },
    {
      "file_path": "/media/NFS/ttao/scannet/posed_images/scene0070_00/00059.jpg",
      "transform_matrix": [
        [
          -0.701905,
          0.176514,
          -0.690053,
          4.345457
        ],
        [
          0.711151,
          0.11936,
          -0.692833,
          2.205066
        ],
        [
          -0.03993,
          -0.977034,
          -0.209308,
          1.450535
        ],
        [
          0.0,
          0.0,
          0.0,
          1.0
        ]
      ]
    },
    {
      "file_path": "/media/NFS/ttao/scannet/posed_images/scene0070_00/00062.jpg",
      "transform_matrix": [
        [
          -0.687724,
          0.183024,
          -0.702522,
          4.343128
        ],
        [
          0.72428,
          0.106935,
          -0.681164,
          2.191034
        ],
        [
          -0.049545,
          -0.977275,
          -0.206102,
          1.455465
        ],
        [
          0.0,
          0.0,
          0.0,
          1.0
        ]
      ]
    },
    {
      "file_path": "/media/NFS/ttao/scannet/posed_images/scene0070_00/00069.jpg",
      "transform_matrix": [
        [
          -0.653492,
          0.182856,
          -0.734514,
          4.328563
        ],
        [
          0.754839,
          0.085306,
          -0.650339,
          2.15743
        ],
        [
          -0.05626,
          -0.979432,
          -0.193774,
          1.459354
        ],
        [
          0.0,
          0.0,
          0.0,
          1.0
        ]
      ]
    },
    {
      "file_path": "/media/NFS/ttao/scannet/posed_images/scene0070_00/00070.jpg",
      "transform_matrix": [
        [
          -0.649862,
          0.182946,
          -0.737706,
          4.322221
        ],
        [
          0.75816,
          0.087587,
          -0.64616,
          2.151154
        ],
        [
          -0.053599,
          -0.979214,
          -0.195622,
          1.4625
        ],
        [
          0.0,
          0.0,
          0.0,
          1.0
        ]
      ]
    },
    {
      "file_path": "/media/NFS/ttao/scannet/posed_images/scene0070_00/00077.jpg",
      "transform_matrix": [
        [
          -0.630023,
          0.171233,
          -0.757463,
          4.283007
        ],
        [
          0.775356,
          0.084037,
          -0.625908,
          2.118786
        ],
        [
          -0.043521,
          -0.98164,
          -0.185711,
          1.45949
        ],
        [
          0.0,
          0.0,
          0.0,
          1.0
        ]
      ]
    },
    {
      "file_path": "/media/NFS/ttao/scannet/posed_images/scene0070_00/00078.jpg",
      "transform_matrix": [
        [
          -0.628634,
          0.172287,
          -0.758378,
          4.277392
        ],
        [
          0.776381,
          0.082218,
          -0.624878,
          2.113753
        ],
        [
          -0.045307,
          -0.98161,
          -0.185445,
          1.456094
        ],
        [
          0.0,
          0.0,
          0.0,
          1.0
        ]
      ]
    },
    {
      "file_path": "/media/NFS/ttao/scannet/posed_images/scene0070_00/00083.jpg",
      "transform_matrix": [
        [
          -0.629143,
          0.188134,
          -0.754178,
          4.220393
        ],
        [
          0.774717,
          0.072895,
          -0.628092,
          2.091828
        ],
        [
          -0.06319,
          -0.979435,
          -0.191612,
          1.451112
        ],
        [
          0.0,
          0.0,
          0.0,
          1.0
        ]
      ]
    },
    {
      "file_path": "/media/NFS/ttao/scannet/posed_images/scene0070_00/00090.jpg",
      "transform_matrix": [
        [
          -0.614631,
          0.202564,
          -0.762362,
          4.118758
        ],
        [
          0.787054,
          0.09295,
          -0.609841,
          2.047071
        ],
        [
          -0.05267,
          -0.974848,
          -0.216559,
          1.453628
        ],
        [
          0.0,
          0.0,
          0.0,
          1.0
        ]
      ]
    },
    {
      "file_path": "/media/NFS/ttao/scannet/posed_images/scene0070_00/00091.jpg",
      "transform_matrix": [
        [
          -0.611124,
          0.203106,
          -0.765033,
          4.110616
        ],
        [
          0.78982,
          0.09288,
          -0.606265,
          2.042518
        ],
        [
          -0.05208,
          -0.974742,
          -0.217178,
          1.453023
        ],
        [
          0.0,
          0.0,
          0.0,
          1.0
        ]
      ]
    },
    {
      "file_path": "/media/NFS/ttao/scannet/posed_images/scene0070_00/00099.jpg",
      "transform_matrix": [
        [
          -0.553978,
          0.22924,
          -0.800348,
          4.035601
        ],
        [
          0.83183,
          0.112953,
          -0.543416,
          1.98036
        ],
        [
          -0.034171,
          -0.966794,
          -0.253262,
          1.442297
        ],
        [
          0.0,
          0.0,
          0.0,
          1.0
        ]
      ]
    },
    {
      "file_path": "/media/NFS/ttao/scannet/posed_images/scene0070_00/00100.jpg",
      "transform_matrix": [
        [
          -0.546128,
          0.233112,
          -0.804614,
          4.007223
        ],
        [
          0.83699,
          0.112267,
          -0.535578,
          1.96987
        ],
        [
          -0.034518,
          -0.965948,
          -0.256424,
          1.444021
        ],
        [
          0.0,
          0.0,
          0.0,
          1.0
        ]
      ]
    },
    {
      "file_path": "/media/NFS/ttao/scannet/posed_images/scene0070_00/00108.jpg",
      "transform_matrix": [
        [
          -0.449796,
          0.271462,
          -0.850877,
          3.915765
        ],
        [
          0.892957,
          0.11783,
          -0.434447,
          1.857924
        ],
        [
          -0.017677,
          -0.955209,
          -0.295403,
          1.436328
        ],
        [
          0.0,
          0.0,
          0.0,
          1.0
        ]
      ]
    },
    {
      "file_path": "/media/NFS/ttao/scannet/posed_images/scene0070_00/00110.jpg",
      "transform_matrix": [
        [
          -0.429675,
          0.274801,
          -0.860153,
          3.886952
        ],
        [
          0.902824,
          0.112824,
          -0.414946,
          1.832755
        ],
        [
          -0.016981,
          -0.954859,
          -0.296575,
          1.428753
        ],
        [
          0.0,
          0.0,
          0.0,
          1.0
        ]
      ]
    },
    {
      "file_path": "/media/NFS/ttao/scannet/posed_images/scene0070_00/00114.jpg",
      "transform_matrix": [
        [
          -0.390502,
          0.300915,
          -0.870034,
          3.854665
        ],
        [
          0.920031,
          0.094266,
          -0.380339,
          1.784539
        ],
        [
          -0.032435,
          -0.948981,
          -0.313662,
          1.430214
        ],
        [
          0.0,
          0.0,
          0.0,
          1.0
        ]
      ]
    },
    {
      "file_path": "/media/NFS/ttao/scannet/posed_images/scene0070_00/00122.jpg",
      "transform_matrix": [
        [
          -0.325023,
          0.313962,
          -0.89207,
          3.808538
        ],
        [
          0.945513,
          0.088803,
          -0.31324,
          1.739816
        ],
        [
          -0.019127,
          -0.945274,
          -0.325718,
          1.423969
        ],
        [
          0.0,
          0.0,
          0.0,
          1.0
        ]
      ]
    },
    {
      "file_path": "/media/NFS/ttao/scannet/posed_images/scene0070_00/00126.jpg",
      "transform_matrix": [
        [
          -0.289028,
          0.333891,
          -0.897206,
          3.77672
        ],
        [
          0.957043,
          0.078194,
          -0.279204,
          1.72588
        ],
        [
          -0.023067,
          -0.939363,
          -0.342148,
          1.418152
        ],
        [
          0.0,
          0.0,
          0.0,
          1.0
        ]
      ]
    },
    {
      "file_path": "/media/NFS/ttao/scannet/posed_images/scene0070_00/00127.jpg",
      "transform_matrix": [
        [
          -0.284202,
          0.336274,
          -0.897858,
          3.764393
        ],
        [
          0.958476,
          0.076694,
          -0.274666,
          1.72444
        ],
        [
          -0.023503,
          -0.938636,
          -0.344107,
          1.420491
        ],
        [
          0.0,
          0.0,
          0.0,
          1.0
        ]
      ]
    },
    {
      "file_path": "/media/NFS/ttao/scannet/posed_images/scene0070_00/00131.jpg",
      "transform_matrix": [
        [
          -0.249427,
          0.320033,
          -0.913983,
          3.756868
        ],
        [
          0.968275,
          0.067632,
          -0.240562,
          1.706044
        ],
        [
          -0.015173,
          -0.944989,
          -0.32675,
          1.406
        ],
        [
          0.0,
          0.0,
          0.0,
          1.0
        ]
      ]
    },
    {
      "file_path": "/media/NFS/ttao/scannet/posed_images/scene0070_00/00139.jpg",
      "transform_matrix": [
        [
          -0.171513,
          0.357053,
          -0.918203,
          3.663757
        ],
        [
          0.984163,
          0.01971,
          -0.176169,
          1.737069
        ],
        [
          -0.044803,
          -0.933876,
          -0.354779,
          1.396675
        ],
        [
          0.0,
          0.0,
          0.0,
          1.0
        ]
      ]
    },
    {
      "file_path": "/media/NFS/ttao/scannet/posed_images/scene0070_00/00140.jpg",
      "transform_matrix": [
        [
          -0.163255,
          0.364991,
          -0.916586,
          3.651234
        ],
        [
          0.985698,
          0.020982,
          -0.167209,
          1.734913
        ],
        [
          -0.041798,
          -0.930775,
          -0.363196,
          1.397889
        ],
        [
          0.0,
          0.0,
          0.0,
          1.0
        ]
      ]
    },
    {
      "file_path": "/media/NFS/ttao/scannet/posed_images/scene0070_00/00147.jpg",
      "transform_matrix": [
        [
          -0.062881,
          0.38725,
          -0.919828,
          3.595832
        ],
        [
          0.9977,
          0.00101,
          -0.067779,
          1.751303
        ],
        [
          -0.025318,
          -0.921974,
          -0.386423,
          1.384585
        ],
        [
          0.0,
          0.0,
          0.0,
          1.0
        ]
      ]
    },
    {
      "file_path": "/media/NFS/ttao/scannet/posed_images/scene0070_00/00152.jpg",
      "transform_matrix": [
        [
          0.046801,
          0.396416,
          -0.916877,
          3.56463
        ],
        [
          0.998882,
          -0.024648,
          0.040331,
          1.715803
        ],
        [
          -0.006611,
          -0.91774,
          -0.397127,
          1.370541
        ],
        [
          0.0,
          0.0,
          0.0,
          1.0
        ]
      ]
    },
    {
      "file_path": "/media/NFS/ttao/scannet/posed_images/scene0070_00/00155.jpg",
      "transform_matrix": [
        [
          0.097787,
          0.406681,
          -0.908322,
          3.54615
        ],
        [
          0.995168,
          -0.031872,
          0.092867,
          1.7045
        ],
        [
          0.008817,
          -0.913014,
          -0.407833,
          1.360141
        ],
        [
          0.0,
          0.0,
          0.0,
          1.0
        ]
      ]
    },
    {
      "file_path": "/media/NFS/ttao/scannet/posed_images/scene0070_00/00161.jpg",
      "transform_matrix": [
        [
          0.19282,
          0.420294,
          -0.886664,
          3.513075
        ],
        [
          0.981223,
          -0.078155,
          0.176336,
          1.67909
        ],
        [
          0.004816,
          -0.904016,
          -0.427472,
          1.35387
        ],
        [
          0.0,
          0.0,
          0.0,
          1.0
        ]
      ]
    },
    {
      "file_path": "/media/NFS/ttao/scannet/posed_images/scene0070_00/00165.jpg",
      "transform_matrix": [
        [
          0.249271,
          0.420934,
          -0.872169,
          3.489971
        ],
        [
          0.968391,
          -0.116797,
          0.220403,
          1.645458
        ],
        [
          -0.009092,
          -0.899541,
          -0.436743,
          1.353344
        ],
        [
          0.0,
          0.0,
          0.0,
          1.0
        ]
      ]
    },
    {
      "file_path": "/media/NFS/ttao/scannet/posed_images/scene0070_00/00167.jpg",
      "transform_matrix": [
        [
          0.271654,
          0.419151,
          -0.866323,
          3.478086
        ],
        [
          0.962285,
          -0.131938,
          0.237909,
          1.623288
        ],
        [
          -0.014581,
          -0.898279,
          -0.439184,
          1.352264
        ],
        [
          0.0,
          0.0,
          0.0,
          1.0
        ]
      ]
    },
    {
      "file_path": "/media/NFS/ttao/scannet/posed_images/scene0070_00/00175.jpg",
      "transform_matrix": [
        [
          0.331425,
          0.417561,
          -0.84605,
          3.444319
        ],
        [
          0.942639,
          -0.184447,
          0.278229,
          1.562241
        ],
        [
          -0.039874,
          -0.889731,
          -0.45474,
          1.351014
        ],
        [
          0.0,
          0.0,
          0.0,
          1.0
        ]
      ]
    },
    {
      "file_path": "/media/NFS/ttao/scannet/posed_images/scene0070_00/00178.jpg",
      "transform_matrix": [
        [
          0.343086,
          0.418082,
          -0.84113,
          3.431843
        ],
        [
          0.938302,
          -0.193898,
          0.286345,
          1.539999
        ],
        [
          -0.043377,
          -0.887475,
          -0.458811,
          1.35112
        ],
        [
          0.0,
          0.0,
          0.0,
          1.0
        ]
      ]
    },
    {
      "file_path": "/media/NFS/ttao/scannet/posed_images/scene0070_00/00180.jpg",
      "transform_matrix": [
        [
          0.348138,
          0.420877,
          -0.837653,
          3.421386
        ],
        [
          0.936805,
          -0.189154,
          0.294307,
          1.523728
        ],
        [
          -0.034579,
          -0.887178,
          -0.460131,
          1.346187
        ],
        [
          0.0,
          0.0,
          0.0,
          1.0
        ]
      ]
    },
    {
      "file_path": "/media/NFS/ttao/scannet/posed_images/scene0070_00/00184.jpg",
      "transform_matrix": [
        [
          0.346156,
          0.436032,
          -0.830694,
          3.404499
        ],
        [
          0.938121,
          -0.170552,
          0.301399,
          1.502032
        ],
        [
          -0.010257,
          -0.883622,
          -0.468088,
          1.340883
        ],
        [
          0.0,
          0.0,
          0.0,
          1.0
        ]
      ]
    },
    {
      "file_path": "/media/NFS/ttao/scannet/posed_images/scene0070_00/00192.jpg",
      "transform_matrix": [
        [
          0.333734,
          0.429706,
          -0.839032,
          3.343954
        ],
        [
          0.942561,
          -0.165514,
          0.290146,
          1.481823
        ],
        [
          -0.014194,
          -0.88767,
          -0.460261,
          1.343539
        ],
        [
          0.0,
          0.0,
          0.0,
          1.0
        ]
      ]
    },
    {
      "file_path": "/media/NFS/ttao/scannet/posed_images/scene0070_00/00193.jpg",
      "transform_matrix": [
        [
          0.332311,
          0.428775,
          -0.840073,
          3.336891
        ],
        [
          0.943052,
          -0.165126,
          0.288766,
          1.482788
        ],
        [
          -0.014902,
          -0.888192,
          -0.45923,
          1.341128
        ],
        [
          0.0,
          0.0,
          0.0,
          1.0
        ]
      ]
    },
    {
      "file_path": "/media/NFS/ttao/scannet/posed_images/scene0070_00/00197.jpg",
      "transform_matrix": [
        [
          0.343024,
          0.426662,
          -0.836836,
          3.292638
        ],
        [
          0.939312,
          -0.160808,
          0.303042,
          1.481562
        ],
        [
          -0.005273,
          -0.89,
          -0.45593,
          1.33336
        ],
        [
          0.0,
          0.0,
          0.0,
          1.0
        ]
      ]
    },
    {
      "file_path": "/media/NFS/ttao/scannet/posed_images/scene0070_00/00202.jpg",
      "transform_matrix": [
        [
          0.384207,
          0.429543,
          -0.817238,
          3.231304
        ],
        [
          0.92321,
          -0.186661,
          0.335919,
          1.49463
        ],
        [
          -0.008255,
          -0.883545,
          -0.468275,
          1.336452
        ],
        [
          0.0,
          0.0,
          0.0,
          1.0
        ]
      ]
    },
    {
      "file_path": "/media/NFS/ttao/scannet/posed_images/scene0070_00/00208.jpg",
      "transform_matrix": [
        [
          0.39879,
          0.448896,
          -0.799662,
          3.172534
        ],
        [
          0.917024,
          -0.200725,
          0.34464,
          1.523772
        ],
        [
          -0.005805,
          -0.870748,
          -0.491695,
          1.339159
        ],
        [
          0.0,
          0.0,
          0.0,
          1.0
        ]
      ]
    },
    {
      "file_path": "/media/NFS/ttao/scannet/posed_images/scene0070_00/00214.jpg",
      "transform_matrix": [
        [
          0.416999,
          0.464022,
          -0.781534,
          3.102921
        ],
        [
          0.908907,
          -0.213068,
          0.358455,
          1.517726
        ],
        [
          -0.000189,
          -0.859817,
          -0.510602,
          1.336801
        ],
        [
          0.0,
          0.0,
          0.0,
          1.0
        ]
      ]
    },
    {
      "file_path": "/media/NFS/ttao/scannet/posed_images/scene0070_00/00215.jpg",
      "transform_matrix": [
        [
          0.418402,
          0.463488,
          -0.781101,
          3.092992
        ],
        [
          0.908261,
          -0.214727,
          0.359102,
          1.515137
        ],
        [
          -0.001284,
          -0.859693,
          -0.51081,
          1.33456
        ],
        [
          0.0,
          0.0,
          0.0,
          1.0
        ]
      ]
    },
    {
      "file_path": "/media/NFS/ttao/scannet/posed_images/scene0070_00/00222.jpg",
      "transform_matrix": [
        [
          0.444877,
          0.456012,
          -0.770803,
          3.006491
        ],
        [
          0.895591,
          -0.22556,
          0.383457,
          1.48295
        ],
        [
          0.000999,
          -0.860916,
          -0.508747,
          1.331529
        ],
        [
          0.0,
          0.0,
          0.0,
          1.0
        ]
      ]
    },
    {
      "file_path": "/media/NFS/ttao/scannet/posed_images/scene0070_00/00223.jpg",
      "transform_matrix": [
        [
          0.4489,
          0.454121,
          -0.769586,
          2.992032
        ],
        [
          0.89358,
          -0.229942,
          0.38554,
          1.475059
        ],
        [
          -0.001878,
          -0.860756,
          -0.509015,
          1.33065
        ],
        [
          0.0,
          0.0,
          0.0,
          1.0
        ]
      ]
    },
    {
      "file_path": "/media/NFS/ttao/scannet/posed_images/scene0070_00/00229.jpg",
      "transform_matrix": [
        [
          0.480548,
          0.435489,
          -0.761199,
          2.898398
        ],
        [
          0.876784,
          -0.256394,
          0.406832,
          1.421512
        ],
        [
          -0.017996,
          -0.862909,
          -0.505039,
          1.337095
        ],
        [
          0.0,
          0.0,
          0.0,
          1.0
        ]
      ]
    },
    {
      "file_path": "/media/NFS/ttao/scannet/posed_images/scene0070_00/00235.jpg",
      "transform_matrix": [
        [
          0.504554,
          0.428468,
          -0.749561,
          2.807375
        ],
        [
          0.862575,
          -0.287642,
          0.416204,
          1.365702
        ],
        [
          -0.037275,
          -0.85655,
          -0.514717,
          1.350832
        ],
        [
          0.0,
          0.0,
          0.0,
          1.0
        ]
      ]
    },
    {
      "file_path": "/media/NFS/ttao/scannet/posed_images/scene0070_00/00241.jpg",
      "transform_matrix": [
        [
          0.522387,
          0.432066,
          -0.73514,
          2.729187
        ],
        [
          0.851902,
          -0.301923,
          0.427909,
          1.320268
        ],
        [
          -0.037071,
          -0.849801,
          -0.525798,
          1.350083
        ],
        [
          0.0,
          0.0,
          0.0,
          1.0
        ]
      ]
    },
    {
      "file_path": "/media/NFS/ttao/scannet/posed_images/scene0070_00/00245.jpg",
      "transform_matrix": [
        [
          0.527806,
          0.433914,
          -0.730164,
          2.67896
        ],
        [
          0.849142,
          -0.28927,
          0.441906,
          1.299706
        ],
        [
          -0.019466,
          -0.853253,
          -0.521133,
          1.344137
        ],
        [
          0.0,
          0.0,
          0.0,
          1.0
        ]
      ]
    },
    {
      "file_path": "/media/NFS/ttao/scannet/posed_images/scene0070_00/00249.jpg",
      "transform_matrix": [
        [
          0.525442,
          0.441808,
          -0.727129,
          2.622232
        ],
        [
          0.850607,
          -0.292304,
          0.437065,
          1.303534
        ],
        [
          -0.019444,
          -0.848154,
          -0.529394,
          1.337489
        ],
        [
          0.0,
          0.0,
          0.0,
          1.0
        ]
      ]
    },
    {
      "file_path": "/media/NFS/ttao/scannet/posed_images/scene0070_00/00250.jpg",
      "transform_matrix": [
        [
          0.528999,
          0.440916,
          -0.725088,
          2.606408
        ],
        [
          0.848404,
          -0.294166,
          0.440088,
          1.30413
        ],
        [
          -0.019254,
          -0.847974,
          -0.529688,
          1.329156
        ],
        [
          0.0,
          0.0,
          0.0,
          1.0
        ]
      ]
    },
    {
      "file_path": "/media/NFS/ttao/scannet/posed_images/scene0070_00/00255.jpg",
      "transform_matrix": [
        [
          0.531985,
          0.457821,
          -0.712315,
          2.501244
        ],
        [
          0.846391,
          -0.312137,
          0.431501,
          1.312667
        ],
        [
          -0.02479,
          -0.832448,
          -0.553548,
          1.323983
        ],
        [
          0.0,
          0.0,
          0.0,
          1.0
        ]
      ]
    },
    {
      "file_path": "/media/NFS/ttao/scannet/posed_images/scene0070_00/00259.jpg",
      "transform_matrix": [
        [
          0.533752,
          0.46243,
          -0.708002,
          2.413566
        ],
        [
          0.844821,
          -0.328468,
          0.422359,
          1.317886
        ],
        [
          -0.037245,
          -0.82357,
          -0.565991,
          1.32102
        ],
        [
          0.0,
          0.0,
          0.0,
          1.0
        ]
      ]
    },
    {
      "file_path": "/media/NFS/ttao/scannet/posed_images/scene0070_00/00267.jpg",
      "transform_matrix": [
        [
          0.529074,
          0.474572,
          -0.703465,
          2.286664
        ],
        [
          0.848323,
          -0.316061,
          0.4248,
          1.351438
        ],
        [
          -0.02074,
          -0.821515,
          -0.56981,
          1.328398
        ],
        [
          0.0,
          0.0,
          0.0,
          1.0
        ]
      ]
    },
    {
      "file_path": "/media/NFS/ttao/scannet/posed_images/scene0070_00/00268.jpg",
      "transform_matrix": [
        [
          0.531832,
          0.480088,
          -0.697618,
          2.269534
        ],
        [
          0.846768,
          -0.312963,
          0.430161,
          1.350068
        ],
        [
          -0.011814,
          -0.819493,
          -0.572967,
          1.32706
        ],
        [
          0.0,
          0.0,
          0.0,
          1.0
        ]
      ]
    },
    {
      "file_path": "/media/NFS/ttao/scannet/posed_images/scene0070_00/00275.jpg",
      "transform_matrix": [
        [
          0.540929,
          0.498358,
          -0.677521,
          2.164591
        ],
        [
          0.840942,
          -0.306538,
          0.445926,
          1.350868
        ],
        [
          0.014545,
          -0.810971,
          -0.584906,
          1.323022
        ],
        [
          0.0,
          0.0,
          0.0,
          1.0
        ]
      ]
    },
    {
      "file_path": "/media/NFS/ttao/scannet/posed_images/scene0070_00/00280.jpg",
      "transform_matrix": [
        [
          0.569156,
          0.489545,
          -0.660611,
          2.067639
        ],
        [
          0.821956,
          -0.318014,
          0.4725,
          1.33181
        ],
        [
          0.021227,
          -0.811919,
          -0.583384,
          1.320532
        ],
        [
          0.0,
          0.0,
          0.0,
          1.0
        ]
      ]
    },
    {
      "file_path": "/media/NFS/ttao/scannet/posed_images/scene0070_00/00282.jpg",
      "transform_matrix": [
        [
          0.576818,
          0.493048,
          -0.651295,
          2.030845
        ],
        [
          0.816572,
          -0.326399,
          0.476103,
          1.326217
        ],
        [
          0.02216,
          -0.806454,
          -0.590882,
          1.321848
        ],
        [
          0.0,
          0.0,
          0.0,
          1.0
        ]
      ]
    },
    {
      "file_path": "/media/NFS/ttao/scannet/posed_images/scene0070_00/00288.jpg",
      "transform_matrix": [
        [
          0.581955,
          0.456383,
          -0.673084,
          1.928329
        ],
        [
          0.812619,
          -0.358178,
          0.459737,
          1.308137
        ],
        [
          -0.031268,
          -0.814508,
          -0.57931,
          1.339862
        ],
        [
          0.0,
          0.0,
          0.0,
          1.0
        ]
      ]
    },
    {
      "file_path": "/media/NFS/ttao/scannet/posed_images/scene0070_00/00292.jpg",
      "transform_matrix": [
        [
          0.611413,
          0.442657,
          -0.655919,
          1.850674
        ],
        [
          0.790605,
          -0.376757,
          0.4827,
          1.282327
        ],
        [
          -0.033451,
          -0.813701,
          -0.580321,
          1.340353
        ],
        [
          0.0,
          0.0,
          0.0,
          1.0
        ]
      ]
    },
    {
      "file_path": "/media/NFS/ttao/scannet/posed_images/scene0070_00/00295.jpg",
      "transform_matrix": [
        [
          0.630133,
          0.45137,
          -0.631821,
          1.796835
        ],
        [
          0.77634,
          -0.382088,
          0.501304,
          1.273766
        ],
        [
          -0.015137,
          -0.806396,
          -0.591183,
          1.336537
        ],
        [
          0.0,
          0.0,
          0.0,
          1.0
        ]
      ]
    },
    {
      "file_path": "/media/NFS/ttao/scannet/posed_images/scene0070_00/00300.jpg",
      "transform_matrix": [
        [
          0.637745,
          0.445164,
          -0.628579,
          1.714239
        ],
        [
          0.769859,
          -0.394318,
          0.501827,
          1.276191
        ],
        [
          -0.024465,
          -0.803954,
          -0.594188,
          1.33476
        ],
        [
          0.0,
          0.0,
          0.0,
          1.0
        ]
      ]
    },
    {
      "file_path": "/media/NFS/ttao/scannet/posed_images/scene0070_00/00307.jpg",
      "transform_matrix": [
        [
          0.619399,
          0.44186,
          -0.648926,
          1.606016
        ],
        [
          0.782524,
          -0.41408,
          0.464966,
          1.295862
        ],
        [
          -0.063257,
          -0.7958,
          -0.602247,
          1.345354
        ],
        [
          0.0,
          0.0,
          0.0,
          1.0
        ]
      ]
    },
    {
      "file_path": "/media/NFS/ttao/scannet/posed_images/scene0070_00/00311.jpg",
      "transform_matrix": [
        [
          0.618086,
          0.450832,
          -0.643988,
          1.551735
        ],
        [
          0.784879,
          -0.39976,
          0.473453,
          1.302148
        ],
        [
          -0.043992,
          -0.798087,
          -0.600934,
          1.347513
        ],
        [
          0.0,
          0.0,
          0.0,
          1.0
        ]
      ]
    },
    {
      "file_path": "/media/NFS/ttao/scannet/posed_images/scene0070_00/00312.jpg",
      "transform_matrix": [
        [
          0.619135,
          0.457289,
          -0.638403,
          1.537709
        ],
        [
          0.784436,
          -0.397949,
          0.475708,
          1.302546
        ],
        [
          -0.036516,
          -0.795313,
          -0.605098,
          1.34971
        ],
        [
          0.0,
          0.0,
          0.0,
          1.0
        ]
      ]
    },
    {
      "file_path": "/media/NFS/ttao/scannet/posed_images/scene0070_00/00317.jpg",
      "transform_matrix": [
        [
          0.659869,
          0.437261,
          -0.611044,
          1.472755
        ],
        [
          0.750837,
          -0.414653,
          0.514108,
          1.298736
        ],
        [
          -0.028572,
          -0.798039,
          -0.601929,
          1.352214
        ],
        [
          0.0,
          0.0,
          0.0,
          1.0
        ]
      ]
    },
    {
      "file_path": "/media/NFS/ttao/scannet/posed_images/scene0070_00/00323.jpg",
      "transform_matrix": [
        [
          0.703741,
          0.396548,
          -0.58949,
          1.412896
        ],
        [
          0.708889,
          -0.447011,
          0.545579,
          1.30106
        ],
        [
          -0.04716,
          -0.80183,
          -0.595689,
          1.348086
        ],
        [
          0.0,
          0.0,
          0.0,
          1.0
        ]
      ]
    },
    {
      "file_path": "/media/NFS/ttao/scannet/posed_images/scene0070_00/00328.jpg",
      "transform_matrix": [
        [
          0.737455,
          0.372958,
          -0.563084,
          1.339046
        ],
        [
          0.673072,
          -0.47493,
          0.566935,
          1.271238
        ],
        [
          -0.055983,
          -0.797085,
          -0.601267,
          1.349164
        ],
        [
          0.0,
          0.0,
          0.0,
          1.0
        ]
      ]
    },
    {
      "file_path": "/media/NFS/ttao/scannet/posed_images/scene0070_00/00329.jpg",
      "transform_matrix": [
        [
          0.743371,
          0.371959,
          -0.55592,
          1.324123
        ],
        [
          0.666848,
          -0.47686,
          0.572642,
          1.265085
        ],
        [
          -0.052097,
          -0.796399,
          -0.602524,
          1.347298
        ],
        [
          0.0,
          0.0,
          0.0,
          1.0
        ]
      ]
    },
    {
      "file_path": "/media/NFS/ttao/scannet/posed_images/scene0070_00/00336.jpg",
      "transform_matrix": [
        [
          0.802431,
          0.356351,
          -0.478663,
          1.240016
        ],
        [
          0.5963,
          -0.509784,
          0.620119,
          1.252417
        ],
        [
          -0.023035,
          -0.783029,
          -0.621559,
          1.33585
        ],
        [
          0.0,
          0.0,
          0.0,
          1.0
        ]
      ]
    },
    {
      "file_path": "/media/NFS/ttao/scannet/posed_images/scene0070_00/00340.jpg",
      "transform_matrix": [
        [
          0.831245,
          0.32714,
          -0.449458,
          1.186366
        ],
        [
          0.555531,
          -0.518598,
          0.649956,
          1.264218
        ],
        [
          -0.020461,
          -0.78996,
          -0.612818,
          1.333211
        ],
        [
