{
  "frames": [
    {
      "file_path": "/media/NFS/ttao/scannet/posed_images/scene0117_00/00001.jpg",
      "transform_matrix": [
        [
          0.466625,
          -0.271085,
          0.841888,
          2.979092
        ],
        [
          -0.8831,
          -0.195475,
          0.426525,
          2.049407
        ],
        [
          0.048943,
          -0.942498,
          -0.330608,
          1.446378
        ],
        [
          0.0,
          0.0,
          0.0,
          1.0
        ]
      ]
    },
    {
      "file_path": "/media/NFS/ttao/scannet/posed_images/scene0117_00/00002.jpg",
      "transform_matrix": [
        [
          0.465329,
          -0.271694,
          0.842408,
          2.978186
        ],
        [
          -0.883772,
          -0.195467,
          0.425135,
          2.04869
        ],
        [
          0.049156,
          -0.942324,
          -0.331072,
          1.446578
        ],
        [
          0.0,
          0.0,
          0.0,
          1.0
        ]
      ]
    },
    {
      "file_path": "/media/NFS/ttao/scannet/posed_images/scene0117_00/00005.jpg",
      "transform_matrix": [
        [
          0.461049,
          -0.272453,
          0.844513,
          2.976104
        ],
        [
          -0.886025,
          -0.193814,
          0.421184,
          2.047174
        ],
        [
          0.048925,
          -0.942447,
          -0.330758,
          1.447736
        ],
        [
          0.0,
          0.0,
          0.0,
          1.0
        ]
      ]
    },
    {
      "file_path": "/media/NFS/ttao/scannet/posed_images/scene0117_00/00006.jpg",
      "transform_matrix": [
        [
          0.459918,
          -0.271844,
          0.845326,
          2.975488
        ],
        [
          -0.886697,
          -0.191391,
          0.420878,
          2.047291
        ],
        [
          0.047375,
          -0.943117,
          -0.329067,
          1.449196
        ],
        [
          0.0,
          0.0,
          0.0,
          1.0
        ]
      ]
    },
    {
      "file_path": "/media/NFS/ttao/scannet/posed_images/scene0117_00/00008.jpg",
      "transform_matrix": [
        [
          0.45819,
          -0.264,
          0.848744,
          2.974147
        ],
        [
          -0.887671,
          -0.185158,
          0.421612,
          2.045675
        ],
        [
          0.045847,
          -0.946584,
          -0.319183,
          1.452098
        ],
        [
          0.0,
          0.0,
          0.0,
          1.0
        ]
      ]
    },
    {
      "file_path": "/media/NFS/ttao/scannet/posed_images/scene0117_00/00010.jpg",
      "transform_matrix": [
        [
          0.454852,
          -0.252328,
          0.854073,
          2.974752
        ],
        [
          -0.889501,
          -0.175628,
          0.421833,
          2.043372
        ],
        [
          0.043559,
          -0.95157,
          -0.304331,
          1.462534
        ],
        [
          0.0,
          0.0,
          0.0,
          1.0
        ]
      ]
    },
    {
      "file_path": "/media/NFS/ttao/scannet/posed_images/scene0117_00/00012.jpg",
      "transform_matrix": [
        [
          0.449426,
          -0.236638,
          0.861405,
          2.973809
        ],
        [
          -0.892315,
          -0.164596,
          0.420336,
          2.041571
        ],
        [
          0.042316,
          -0.957555,
          -0.285129,
          1.47027
        ],
        [
          0.0,
          0.0,
          0.0,
          1.0
        ]
      ]
    },
    {
      "file_path": "/media/NFS/ttao/scannet/posed_images/scene0117_00/00014.jpg",
      "transform_matrix": [
        [
          0.440566,
          -0.220071,
          0.870328,
          2.971733
        ],
        [
          -0.8967,
          -0.154088,
          0.414953,
          2.042366
        ],
        [
          0.042787,
          -0.963237,
          -0.265224,
          1.479772
        ],
        [
          0.0,
          0.0,
          0.0,
          1.0
        ]
      ]
    },
    {
      "file_path": "/media/NFS/ttao/scannet/posed_images/scene0117_00/00016.jpg",
      "transform_matrix": [
        [
          0.428685,
          -0.19919,
          0.881222,
          2.968953
        ],
        [
          -0.902315,
          -0.143359,
          0.406541,
          2.040895
        ],
        [
          0.045352,
          -0.969418,
          -0.241188,
          1.487934
        ],
        [
          0.0,
          0.0,
          0.0,
          1.0
        ]
      ]
    },
    {
      "file_path": "/media/NFS/ttao/scannet/posed_images/scene0117_00/00019.jpg",
      "transform_matrix": [
        [
          0.405985,
          -0.175385,
          0.896893,
          2.965752
        ],
        [
          -0.912726,
          -0.127109,
          0.388296,
          2.038534
        ],
        [
          0.045902,
          -0.97626,
          -0.211683,
          1.505536
        ],
        [
          0.0,
          0.0,
          0.0,
          1.0
        ]
      ]
    },
    {
      "file_path": "/media/NFS/ttao/scannet/posed_images/scene0117_00/00020.jpg",
      "transform_matrix": [
        [
          0.395788,
          -0.171861,
          0.902117,
          2.967445
        ],
        [
          -0.917212,
          -0.122699,
          0.379035,
          2.03757
        ],
        [
          0.045547,
          -0.97745,
          -0.206196,
          1.512737
        ],
        [
          0.0,
          0.0,
          0.0,
          1.0
        ]
      ]
    },
    {
      "file_path": "/media/NFS/ttao/scannet/posed_images/scene0117_00/00023.jpg",
      "transform_matrix": [
        [
          0.364093,
          -0.159987,
          0.917519,
          2.966073
        ],
        [
          -0.929901,
          -0.117612,
          0.348498,
          2.031399
        ],
        [
          0.052156,
          -0.980088,
          -0.191594,
          1.527772
        ],
        [
          0.0,
          0.0,
          0.0,
          1.0
        ]
      ]
    },
    {
      "file_path": "/media/NFS/ttao/scannet/posed_images/scene0117_00/00025.jpg",
      "transform_matrix": [
        [
          0.339965,
          -0.154718,
          0.927624,
          2.964215
        ],
        [
          -0.938779,
          -0.11439,
          0.324975,
          2.029316
        ],
        [
          0.055831,
          -0.981314,
          -0.184135,
          1.533244
        ],
        [
          0.0,
          0.0,
          0.0,
          1.0
        ]
      ]
    },
    {
      "file_path": "/media/NFS/ttao/scannet/posed_images/scene0117_00/00027.jpg",
      "transform_matrix": [
        [
          0.316313,
          -0.15326,
          0.936193,
          2.964767
        ],
        [
          -0.9469,
          -0.110996,
          0.30176,
          2.023633
        ],
        [
          0.057665,
          -0.981932,
          -0.180232,
          1.533855
        ],
        [
          0.0,
          0.0,
          0.0,
          1.0
        ]
      ]
    },
    {
      "file_path": "/media/NFS/ttao/scannet/posed_images/scene0117_00/00029.jpg",
      "transform_matrix": [
        [
          0.288569,
          -0.156016,
          0.944662,
          2.961717
        ],
        [
          -0.95578,
          -0.105348,
          0.274566,
          2.026491
        ],
        [
          0.056682,
          -0.982121,
          -0.179517,
          1.538033
        ],
        [
          0.0,
          0.0,
          0.0,
          1.0
        ]
      ]
    },
    {
      "file_path": "/media/NFS/ttao/scannet/posed_images/scene0117_00/00030.jpg",
      "transform_matrix": [
        [
          0.271434,
          -0.164605,
          0.948277,
          2.964973
        ],
        [
          -0.961062,
          -0.099385,
          0.257842,
          2.030474
        ],
        [
          0.051802,
          -0.98134,
          -0.185172,
          1.548
        ],
        [
          0.0,
          0.0,
          0.0,
          1.0
        ]
      ]
    },
    {
      "file_path": "/media/NFS/ttao/scannet/posed_images/scene0117_00/00032.jpg",
      "transform_matrix": [
        [
          0.247809,
          -0.170945,
          0.953608,
          2.964808
        ],
        [
          -0.967566,
          -0.093505,
          0.234675,
          2.023914
        ],
        [
          0.04905,
          -0.980834,
          -0.188572,
          1.545883
        ],
        [
          0.0,
          0.0,
          0.0,
          1.0
        ]
      ]
    },
    {
      "file_path": "/media/NFS/ttao/scannet/posed_images/scene0117_00/00034.jpg",
      "transform_matrix": [
        [
          0.21951,
          -0.179787,
          0.958901,
          2.964382
        ],
        [
          -0.974476,
          -0.087775,
          0.206619,
          2.022688
        ],
        [
          0.04702,
          -0.979782,
          -0.194465,
          1.538796
        ],
        [
          0.0,
          0.0,
          0.0,
          1.0
        ]
      ]
    },
    {
      "file_path": "/media/NFS/ttao/scannet/posed_images/scene0117_00/00037.jpg",
      "transform_matrix": [
        [
          0.181066,
          -0.192969,
          0.964354,
          2.964091
        ],
        [
          -0.982342,
          -0.082446,
          0.167946,
          2.016007
        ],
        [
          0.047098,
          -0.977735,
          -0.20449,
          1.522956
        ],
        [
          0.0,
          0.0,
          0.0,
          1.0
        ]
      ]
    },
    {
      "file_path": "/media/NFS/ttao/scannet/posed_images/scene0117_00/00040.jpg",
      "transform_matrix": [
        [
          0.151736,
          -0.194914,
          0.969012,
          2.959575
        ],
        [
          -0.987266,
          -0.077266,
          0.139052,
          2.007782
        ],
        [
          0.047768,
          -0.977772,
          -0.204156,
          1.499532
        ],
        [
          0.0,
          0.0,
          0.0,
          1.0
        ]
      ]
    },
    {
      "file_path": "/media/NFS/ttao/scannet/posed_images/scene0117_00/00042.jpg",
      "transform_matrix": [
        [
          0.134673,
          -0.201184,
          0.970252,
          2.960433
        ],
        [
          -0.989897,
          -0.071142,
          0.122649,
          2.008442
        ],
        [
          0.044351,
          -0.976967,
          -0.208733,
          1.491954
        ],
        [
          0.0,
          0.0,
          0.0,
          1.0
        ]
      ]
    },
    {
      "file_path": "/media/NFS/ttao/scannet/posed_images/scene0117_00/00044.jpg",
      "transform_matrix": [
        [
          0.122382,
          -0.210659,
          0.969869,
          2.962769
        ],
        [
          -0.991567,
          -0.067929,
          0.110365,
          2.005424
        ],
        [
          0.042633,
          -0.975197,
          -0.217196,
          1.484445
        ],
        [
          0.0,
          0.0,
          0.0,
          1.0
        ]
      ]
    },
    {
      "file_path": "/media/NFS/ttao/scannet/posed_images/scene0117_00/00045.jpg",
      "transform_matrix": [
        [
          0.115387,
          -0.213898,
          0.970017,
          2.962583
        ],
        [
          -0.992371,
          -0.067516,
          0.103159,
          2.007025
        ],
        [
          0.043426,
          -0.97452,
          -0.220057,
          1.479687
        ],
        [
          0.0,
          0.0,
          0.0,
          1.0
        ]
      ]
    },
    {
      "file_path": "/media/NFS/ttao/scannet/posed_images/scene0117_00/00048.jpg",
      "transform_matrix": [
        [
          0.099351,
          -0.228745,
          0.968403,
          2.963324
        ],
        [
          -0.994019,
          -0.067157,
          0.086116,
          2.009532
        ],
        [
          0.045337,
          -0.971167,
          -0.234049,
          1.465536
        ],
        [
          0.0,
          0.0,
          0.0,
          1.0
        ]
      ]
    },
    {
      "file_path": "/media/NFS/ttao/scannet/posed_images/scene0117_00/00049.jpg",
      "transform_matrix": [
        [
          0.095685,
          -0.233817,
          0.967561,
          2.963529
        ],
        [
          -0.994374,
          -0.066818,
          0.08219,
          2.009599
        ],
        [
          0.045433,
          -0.969982,
          -0.238895,
          1.461557
        ],
        [
          0.0,
          0.0,
          0.0,
          1.0
        ]
      ]
    },
    {
      "file_path": "/media/NFS/ttao/scannet/posed_images/scene0117_00/00052.jpg",
      "transform_matrix": [
        [
          0.087076,
          -0.250832,
          0.964107,
          2.963082
        ],
        [
          -0.995094,
          -0.067521,
          0.072308,
          2.008156
        ],
        [
          0.04696,
          -0.965673,
          -0.255481,
          1.45135
        ],
        [
          0.0,
          0.0,
          0.0,
          1.0
        ]
      ]
    },
    {
      "file_path": "/media/NFS/ttao/scannet/posed_images/scene0117_00/00053.jpg",
      "transform_matrix": [
        [
          0.083434,
          -0.254803,
          0.963387,
          2.963975
        ],
        [
          -0.995435,
          -0.066272,
          0.068682,
          2.009855
        ],
        [
          0.046345,
          -0.964719,
          -0.25917,
          1.447338
        ],
        [
          0.0,
          0.0,
          0.0,
          1.0
        ]
      ]
    },
    {
      "file_path": "/media/NFS/ttao/scannet/posed_images/scene0117_00/00056.jpg",
      "transform_matrix": [
        [
          0.068961,
          -0.265517,
          0.961637,
          2.968588
        ],
        [
          -0.996807,
          -0.057235,
          0.05568,
          2.012043
        ],
        [
          0.040255,
          -0.962406,
          -0.268616,
          1.43362
        ],
        [
          0.0,
          0.0,
          0.0,
          1.0
        ]
      ]
    },
    {
      "file_path": "/media/NFS/ttao/scannet/posed_images/scene0117_00/00057.jpg",
      "transform_matrix": [
        [
          0.060718,
          -0.267901,
          0.961531,
          2.96954
        ],
        [
          -0.997471,
          -0.051928,
          0.048519,
          2.012222
        ],
        [
          0.036932,
          -0.962046,
          -0.270376,
          1.427798
        ],
        [
          0.0,
          0.0,
          0.0,
          1.0
        ]
      ]
    },
    {
      "file_path": "/media/NFS/ttao/scannet/posed_images/scene0117_00/00059.jpg",
      "transform_matrix": [
        [
          0.041418,
          -0.279608,
          0.959221,
          2.978296
        ],
        [
          -0.998682,
          -0.04072,
          0.031252,
          2.01698
        ],
        [
          0.030321,
          -0.95925,
          -0.280926,
          1.417233
        ],
        [
          0.0,
          0.0,
          0.0,
          1.0
        ]
      ]
    },
    {
      "file_path": "/media/NFS/ttao/scannet/posed_images/scene0117_00/00061.jpg",
      "transform_matrix": [
        [
          0.029813,
          -0.298445,
          0.953961,
          2.990942
        ],
        [
          -0.999237,
          -0.032973,
          0.020913,
          2.004424
        ],
        [
          0.025213,
          -0.953857,
          -0.2992,
          1.412627
        ],
        [
          0.0,
          0.0,
          0.0,
          1.0
        ]
      ]
    },
    {
      "file_path": "/media/NFS/ttao/scannet/posed_images/scene0117_00/00064.jpg",
      "transform_matrix": [
        [
          0.003759,
          -0.32014,
          0.947363,
          3.018971
        ],
        [
          -0.999792,
          -0.020174,
          -0.00285,
          2.003231
        ],
        [
          0.020024,
          -0.947155,
          -0.32015,
          1.391783
        ],
        [
          0.0,
          0.0,
          0.0,
          1.0
        ]
      ]
    },
    {
      "file_path": "/media/NFS/ttao/scannet/posed_images/scene0117_00/00065.jpg",
      "transform_matrix": [
        [
          -0.006898,
          -0.323765,
          0.946112,
          3.028206
        ],
        [
          -0.999794,
          -0.015808,
          -0.012698,
          2.002461
        ],
        [
          0.019067,
          -0.946006,
          -0.32359,
          1.383579
        ],
        [
          0.0,
          0.0,
          0.0,
          1.0
        ]
      ]
    },
    {
      "file_path": "/media/NFS/ttao/scannet/posed_images/scene0117_00/00068.jpg",
      "transform_matrix": [
        [
          -0.029301,
          -0.346147,
          0.937723,
          3.069271
        ],
        [
          -0.999513,
          8e-05,
          -0.031202,
          1.992773
        ],
        [
          0.010725,
          -0.93818,
          -0.345981,
          1.37401
        ],
        [
          0.0,
          0.0,
          0.0,
          1.0
        ]
      ]
    },
    {
      "file_path": "/media/NFS/ttao/scannet/posed_images/scene0117_00/00070.jpg",
      "transform_matrix": [
        [
          -0.038891,
          -0.34218,
          0.938829,
          3.093357
        ],
        [
          -0.999149,
          0.000417,
          -0.041238,
          1.976544
        ],
        [
          0.013719,
          -0.939635,
          -0.341905,
          1.352428
        ],
        [
          0.0,
          0.0,
          0.0,
          1.0
        ]
      ]
    },
    {
      "file_path": "/media/NFS/ttao/scannet/posed_images/scene0117_00/00071.jpg",
      "transform_matrix": [
        [
          -0.048611,
          -0.340416,
          0.939018,
          3.109199
        ],
        [
          -0.998688,
          0.001442,
          -0.051177,
          1.976532
        ],
        [
          0.016067,
          -0.940274,
          -0.340039,
          1.35113
        ],
        [
          0.0,
          0.0,
          0.0,
          1.0
        ]
      ]
    },
    {
      "file_path": "/media/NFS/ttao/scannet/posed_images/scene0117_00/00073.jpg",
      "transform_matrix": [
        [
          -0.064588,
          -0.33347,
          0.940546,
          3.14013
        ],
        [
          -0.997637,
          -0.00055,
          -0.068703,
          1.96735
        ],
        [
          0.023428,
          -0.94276,
          -0.332647,
          1.34762
        ],
        [
          0.0,
          0.0,
          0.0,
          1.0
        ]
      ]
    },
    {
      "file_path": "/media/NFS/ttao/scannet/posed_images/scene0117_00/00075.jpg",
      "transform_matrix": [
        [
          -0.080881,
          -0.328602,
          0.940999,
          3.171425
        ],
        [
          -0.99622,
          -0.003359,
          -0.0868,
          1.96015
        ],
        [
          0.031683,
          -0.944463,
          -0.327088,
          1.352408
        ],
        [
          0.0,
          0.0,
          0.0,
          1.0
        ]
      ]
    },
    {
      "file_path": "/media/NFS/ttao/scannet/posed_images/scene0117_00/00079.jpg",
      "transform_matrix": [
        [
          -0.104943,
          -0.312812,
          0.944,
          3.229079
        ],
        [
          -0.993844,
          -0.000899,
          -0.110782,
          1.949775
        ],
        [
          0.035503,
          -0.949815,
          -0.310792,
          1.359603
        ],
        [
          0.0,
          0.0,
          0.0,
          1.0
        ]
      ]
    },
    {
      "file_path": "/media/NFS/ttao/scannet/posed_images/scene0117_00/00081.jpg",
      "transform_matrix": [
        [
          -0.106681,
          -0.311827,
          0.944131,
          3.255295
        ],
        [
          -0.99347,
          -0.005208,
          -0.113976,
          1.940968
        ],
        [
          0.040458,
          -0.950125,
          -0.309235,
          1.363535
        ],
        [
          0.0,
          0.0,
          0.0,
          1.0
        ]
      ]
    },
    {
      "file_path": "/media/NFS/ttao/scannet/posed_images/scene0117_00/00082.jpg",
      "transform_matrix": [
        [
          -0.111719,
          -0.311316,
          0.943717,
          3.267825
        ],
        [
          -0.99282,
          -0.005884,
          -0.119473,
          1.939852
        ],
        [
          0.042747,
          -0.950288,
          -0.308423,
          1.361413
        ],
        [
          0.0,
          0.0,
          0.0,
          1.0
        ]
      ]
    },
    {
      "file_path": "/media/NFS/ttao/scannet/posed_images/scene0117_00/00085.jpg",
      "transform_matrix": [
        [
          -0.138574,
          -0.307247,
          0.941486,
          3.308937
        ],
        [
          -0.989282,
          -0.001233,
          -0.146011,
          1.941599
        ],
        [
          0.046022,
          -0.951629,
          -0.303783,
          1.364188
        ],
        [
          0.0,
          0.0,
          0.0,
          1.0
        ]
      ]
    },
    {
      "file_path": "/media/NFS/ttao/scannet/posed_images/scene0117_00/00087.jpg",
      "transform_matrix": [
        [
          -0.156793,
          -0.30747,
          0.938551,
          3.337697
        ],
        [
          -0.986778,
          0.009279,
          -0.16181,
          1.94399
        ],
        [
          0.041043,
          -0.951513,
          -0.30486,
          1.36305
        ],
        [
          0.0,
          0.0,
          0.0,
          1.0
        ]
      ]
    },
    {
      "file_path": "/media/NFS/ttao/scannet/posed_images/scene0117_00/00088.jpg",
      "transform_matrix": [
        [
          -0.167507,
          -0.308428,
          0.936383,
          3.353025
        ],
        [
          -0.984996,
          0.012348,
          -0.172136,
          1.947394
        ],
        [
          0.041529,
          -0.951168,
          -0.305869,
          1.360698
        ],
        [
          0.0,
          0.0,
          0.0,
          1.0
        ]
      ]
    },
    {
      "file_path": "/media/NFS/ttao/scannet/posed_images/scene0117_00/00090.jpg",
      "transform_matrix": [
        [
          -0.186724,
          -0.312286,
          0.931456,
          3.382844
        ],
        [
          -0.981131,
          0.01087,
          -0.193038,
          1.944668
        ],
        [
          0.050158,
          -0.949926,
          -0.308424,
          1.355455
        ],
        [
          0.0,
          0.0,
          0.0,
          1.0
        ]
      ]
    },
    {
      "file_path": "/media/NFS/ttao/scannet/posed_images/scene0117_00/00092.jpg",
      "transform_matrix": [
        [
          -0.216916,
          -0.308573,
          0.926137,
          3.418226
        ],
        [
          -0.974625,
          0.014757,
          -0.223356,
          1.955614
        ],
        [
          0.055255,
          -0.951086,
          -0.303944,
          1.35329
        ],
        [
          0.0,
          0.0,
          0.0,
          1.0
        ]
      ]
    },
    {
      "file_path": "/media/NFS/ttao/scannet/posed_images/scene0117_00/00094.jpg",
      "transform_matrix": [
        [
          -0.24477,
          -0.299917,
          0.922029,
          3.455054
        ],
        [
          -0.96787,
          0.019107,
          -0.250725,
          1.966948
        ],
        [
          0.05758,
          -0.953774,
          -0.294957,
          1.354059
        ],
        [
          0.0,
          0.0,
          0.0,
          1.0
        ]
      ]
    },
    {
      "file_path": "/media/NFS/ttao/scannet/posed_images/scene0117_00/00097.jpg",
      "transform_matrix": [
        [
          -0.294046,
          -0.270194,
          0.916806,
          3.512065
        ],
        [
          -0.954869,
          0.040918,
          -0.294195,
          1.99061
        ],
        [
          0.041976,
          -0.961936,
          -0.270031,
          1.362767
        ],
        [
          0.0,
          0.0,
          0.0,
          1.0
        ]
      ]
    },
    {
      "file_path": "/media/NFS/ttao/scannet/posed_images/scene0117_00/00099.jpg",
      "transform_matrix": [
        [
          -0.325317,
          -0.258726,
          0.909522,
          3.549489
        ],
        [
          -0.945265,
          0.063203,
          -0.320123,
          2.006912
        ],
        [
          0.02534,
          -0.963881,
          -0.265126,
          1.370499
        ],
        [
          0.0,
          0.0,
          0.0,
          1.0
        ]
      ]
    },
    {
      "file_path": "/media/NFS/ttao/scannet/posed_images/scene0117_00/00100.jpg",
      "transform_matrix": [
        [
          -0.336733,
          -0.255109,
          0.906383,
          3.56628
        ],
        [
          -0.941414,
          0.072103,
          -0.329454,
          2.004571
        ],
        [
          0.018694,
          -0.96422,
          -0.264443,
          1.37542
        ],
        [
          0.0,
          0.0,
          0.0,
          1.0
        ]
      ]
    },
    {
      "file_path": "/media/NFS/ttao/scannet/posed_images/scene0117_00/00103.jpg",
      "transform_matrix": [
        [
          -0.379138,
          -0.237572,
          0.894323,
          3.619792
        ],
        [
          -0.92529,
          0.087237,
          -0.369091,
          2.024699
        ],
        [
          0.009668,
          -0.967445,
          -0.252898,
          1.381363
        ],
        [
          0.0,
          0.0,
          0.0,
          1.0
        ]
      ]
    },
    {
      "file_path": "/media/NFS/ttao/scannet/posed_images/scene0117_00/00105.jpg",
      "transform_matrix": [
        [
          -0.414187,
          -0.23258,
          0.879975,
          3.663013
        ],
        [
          -0.910146,
          0.096084,
          -0.402992,
          2.051175
        ],
        [
          0.009177,
          -0.967819,
          -0.251479,
          1.384923
        ],
        [
          0.0,
          0.0,
          0.0,
          1.0
        ]
      ]
    },
    {
      "file_path": "/media/NFS/ttao/scannet/posed_images/scene0117_00/00106.jpg",
      "transform_matrix": [
        [
          -0.426347,
          -0.232388,
          0.874199,
          3.681971
        ],
        [
          -0.904516,
          0.10009,
          -0.414526,
          2.055469
        ],
        [
          0.008832,
          -0.967459,
          -0.252872,
          1.386067
        ],
        [
          0.0,
          0.0,
          0.0,
          1.0
        ]
      ]
    },
    {
      "file_path": "/media/NFS/ttao/scannet/posed_images/scene0117_00/00108.jpg",
      "transform_matrix": [
        [
          -0.449954,
          -0.228447,
          0.863338,
          3.719724
        ],
        [
          -0.892957,
          0.101003,
          -0.438664,
          2.061105
        ],
        [
          0.013012,
          -0.968303,
          -0.24944,
          1.387268
        ],
        [
          0.0,
          0.0,
          0.0,
          1.0
        ]
      ]
    },
    {
      "file_path": "/media/NFS/ttao/scannet/posed_images/scene0117_00/00110.jpg",
      "transform_matrix": [
        [
          -0.466698,
          -0.22392,
          0.855601,
          3.75524
        ],
        [
          -0.884301,
          0.102496,
          -0.455529,
          2.053621
        ],
        [
          0.014306,
          -0.969203,
          -0.245847,
          1.393924
        ],
        [
          0.0,
          0.0,
          0.0,
          1.0
        ]
      ]
    },
    {
      "file_path": "/media/NFS/ttao/scannet/posed_images/scene0117_00/00112.jpg",
      "transform_matrix": [
        [
          -0.49413,
          -0.207245,
          0.844325,
          3.794004
        ],
        [
          -0.869333,
          0.106815,
          -0.482546,
          2.054688
        ],
        [
          0.009819,
          -0.97244,
          -0.232945,
          1.397018
        ],
        [
          0.0,
          0.0,
          0.0,
          1.0
        ]
      ]
    },
    {
      "file_path": "/media/NFS/ttao/scannet/posed_images/scene0117_00/00114.jpg",
      "transform_matrix": [
        [
          -0.525797,
          -0.189602,
          0.82921,
          3.834055
        ],
        [
          -0.850597,
          0.111821,
          -0.51379,
          2.054195
        ],
        [
          0.004693,
          -0.975473,
          -0.22007,
          1.401584
        ],
        [
          0.0,
          0.0,
          0.0,
          1.0
        ]
      ]
    },
    {
      "file_path": "/media/NFS/ttao/scannet/posed_images/scene0117_00/00118.jpg",
      "transform_matrix": [
        [
          -0.583626,
          -0.142599,
          0.799404,
          3.909964
        ],
        [
          -0.811856,
          0.122371,
          -0.570889,
          2.049963
        ],
        [
          -0.016415,
          -0.982187,
          -0.187189,
          1.419546
        ],
        [
          0.0,
          0.0,
          0.0,
          1.0
        ]
      ]
    },
    {
      "file_path": "/media/NFS/ttao/scannet/posed_images/scene0117_00/00119.jpg",
      "transform_matrix": [
        [
          -0.594021,
          -0.138429,
          0.792449,
          3.927371
        ],
        [
          -0.804133,
          0.129796,
          -0.580106,
          2.04937
        ],
        [
          -0.022553,
          -0.98183,
          -0.188417,
          1.425665
        ],
        [
          0.0,
          0.0,
          0.0,
          1.0
        ]
      ]
    },
    {
      "file_path": "/media/NFS/ttao/scannet/posed_images/scene0117_00/00122.jpg",
      "transform_matrix": [
        [
          -0.609415,
          -0.120347,
          0.783665,
          3.948112
        ],
        [
          -0.792561,
          0.119223,
          -0.598024,
          2.019511
        ],
        [
          -0.021461,
          -0.985547,
          -0.168039,
          1.45016
        ],
        [
          0.0,
          0.0,
          0.0,
          1.0
        ]
      ]
    },
    {
      "file_path": "/media/NFS/ttao/scannet/posed_images/scene0117_00/00124.jpg",
      "transform_matrix": [
        [
          -0.644278,
          -0.106266,
          0.757373,
          3.979602
        ],
        [
          -0.764497,
          0.116955,
          -0.633929,
          2.02455
        ],
        [
          -0.021214,
          -0.987436,
          -0.156592,
          1.459774
        ],
        [
          0.0,
          0.0,
          0.0,
          1.0
        ]
      ]
    },
    {
      "file_path": "/media/NFS/ttao/scannet/posed_images/scene0117_00/00126.jpg",
      "transform_matrix": [
        [
          -0.681884,
          -0.100281,
          0.724554,
          4.010679
        ],
        [
          -0.731347,
          0.110924,
          -0.672925,
          2.030853
        ],
        [
          -0.012889,
          -0.988757,
          -0.148977,
          1.465317
        ],
        [
          0.0,
          0.0,
          0.0,
          1.0
        ]
      ]
    },
    {
      "file_path": "/media/NFS/ttao/scannet/posed_images/scene0117_00/00127.jpg",
      "transform_matrix": [
        [
          -0.700916,
          -0.10062,
          0.706111,
          4.027637
        ],
        [
          -0.713188,
          0.111309,
          -0.692079,
          2.034101
        ],
        [
          -0.00896,
          -0.988679,
          -0.14978,
          1.469614
        ],
        [
          0.0,
          0.0,
          0.0,
          1.0
        ]
      ]
    },
    {
      "file_path": "/media/NFS/ttao/scannet/posed_images/scene0117_00/00129.jpg",
      "transform_matrix": [
        [
          -0.735504,
          -0.093133,
          0.671089,
          4.05686
        ],
        [
          -0.67748,
          0.111917,
          -0.726977,
          2.039615
        ],
        [
          -0.0074,
          -0.989344,
          -0.145411,
          1.482435
        ],
        [
          0.0,
          0.0,
          0.0,
          1.0
        ]
      ]
    },
    {
      "file_path": "/media/NFS/ttao/scannet/posed_images/scene0117_00/00132.jpg",
      "transform_matrix": [
        [
          -0.775797,
          -0.057443,
          0.628363,
          4.077754
        ],
        [
          -0.630755,
          0.097379,
          -0.769848,
          2.030388
        ],
        [
          -0.016967,
          -0.993588,
          -0.111779,
          1.509013
        ],
        [
          0.0,
          0.0,
          0.0,
          1.0
        ]
      ]
    },
    {
      "file_path": "/media/NFS/ttao/scannet/posed_images/scene0117_00/00134.jpg",
      "transform_matrix": [
        [
          -0.814696,
          -0.032985,
          0.57895,
          4.104582
        ],
        [
          -0.578976,
          0.102279,
          -0.808904,
          2.043774
        ],
        [
          -0.032533,
          -0.994209,
          -0.102423,
          1.517685
        ],
        [
          0.0,
          0.0,
          0.0,
          1.0
        ]
      ]
    },
    {
      "file_path": "/media/NFS/ttao/scannet/posed_images/scene0117_00/00136.jpg",
      "transform_matrix": [
        [
          -0.850573,
          -0.017446,
          0.525568,
          4.129349
        ],
        [
          -0.524129,
          0.109096,
          -0.844622,
          2.056591
        ],
        [
          -0.042603,
          -0.993878,
          -0.101938,
          1.526402
        ],
        [
          0.0,
          0.0,
          0.0,
          1.0
        ]
      ]
    },
    {
      "file_path": "/media/NFS/ttao/scannet/posed_images/scene0117_00/00138.jpg",
      "transform_matrix": [
        [
          -0.881907,
          0.001087,
          0.471421,
          4.147979
        ],
        [
          -0.468203,
          0.114643,
          -0.876152,
          2.071556
        ],
        [
          -0.054998,
          -0.993406,
          -0.100596,
          1.535765
        ],
        [
          0.0,
          0.0,
          0.0,
          1.0
        ]
      ]
    },
    {
      "file_path": "/media/NFS/ttao/scannet/posed_images/scene0117_00/00139.jpg",
      "transform_matrix": [
        [
          -0.891482,
          0.010872,
          0.452926,
          4.154274
        ],
        [
          -0.448617,
          0.118418,
          -0.885844,
          2.079822
        ],
        [
          -0.063266,
          -0.992904,
          -0.10069,
          1.542898
        ],
        [
          0.0,
          0.0,
          0.0,
          1.0
        ]
      ]
    },
    {
      "file_path": "/media/NFS/ttao/scannet/posed_images/scene0117_00/00142.jpg",
      "transform_matrix": [
        [
          -0.915616,
          0.021605,
          0.401474,
          4.162088
        ],
        [
          -0.397204,
          0.106034,
          -0.911584,
          2.10554
        ],
        [
          -0.062264,
          -0.994128,
          -0.088505,
          1.561485
        ],
        [
          0.0,
          0.0,
          0.0,
          1.0
        ]
      ]
    },
    {
      "file_path": "/media/NFS/ttao/scannet/posed_images/scene0117_00/00144.jpg",
      "transform_matrix": [
        [
          -0.931293,
          0.024166,
          0.363469,
          4.164442
        ],
        [
          -0.35986,
          0.093777,
          -0.928282,
          2.121094
        ],
        [
          -0.056517,
          -0.9953,
          -0.078638,
          1.568225
        ],
        [
          0.0,
          0.0,
          0.0,
          1.0
        ]
      ]
    },
    {
      "file_path": "/media/NFS/ttao/scannet/posed_images/scene0117_00/00146.jpg",
      "transform_matrix": [
        [
          -0.942272,
          0.023827,
          0.333999,
          4.163194
        ],
        [
          -0.331021,
          0.084083,
          -0.93987,
          2.134908
        ],
        [
          -0.050478,
          -0.996174,
          -0.071342,
          1.573217
        ],
        [
          0.0,
          0.0,
          0.0,
          1.0
        ]
      ]
    },
    {
      "file_path": "/media/NFS/ttao/scannet/posed_images/scene0117_00/00147.jpg",
      "transform_matrix": [
        [
          -0.946621,
          0.025481,
          0.321341,
          4.160278
        ],
        [
          -0.318646,
          0.076712,
          -0.944764,
          2.141901
        ],
        [
          -0.048724,
          -0.996728,
          -0.064497,
          1.577333
        ],
        [
          0.0,
          0.0,
          0.0,
          1.0
        ]
      ]
    },
    {
      "file_path": "/media/NFS/ttao/scannet/posed_images/scene0117_00/00150.jpg",
      "transform_matrix": [
        [
          -0.959861,
          0.030488,
          0.278814,
          4.145824
        ],
        [
          -0.276685,
          0.059948,
          -0.959089,
          2.159891
        ],
        [
          -0.045955,
          -0.997736,
          -0.049106,
          1.594458
        ],
        [
          0.0,
          0.0,
          0.0,
          1.0
        ]
      ]
    },
    {
      "file_path": "/media/NFS/ttao/scannet/posed_images/scene0117_00/00153.jpg",
      "transform_matrix": [
        [
          -0.968798,
          0.03896,
          0.244771,
          4.130973
        ],
        [
          -0.24274,
          0.050391,
          -0.968782,
          2.179304
        ],
        [
          -0.050078,
          -0.997969,
          -0.039362,
          1.59321
        ],
        [
          0.0,
          0.0,
          0.0,
          1.0
        ]
      ]
    },
    {
      "file_path": "/media/NFS/ttao/scannet/posed_images/scene0117_00/00154.jpg",
      "transform_matrix": [
        [
          -0.971169,
          0.03839,
          0.235281,
          4.126878
        ],
        [
          -0.233291,
          0.05005,
          -0.971118,
          2.185659
        ],
        [
          -0.049057,
          -0.998009,
          -0.039651,
          1.593763
        ],
        [
          0.0,
          0.0,
          0.0,
          1.0
        ]
      ]
    },
    {
      "file_path": "/media/NFS/ttao/scannet/posed_images/scene0117_00/00157.jpg",
      "transform_matrix": [
        [
          -0.975208,
          0.0495,
          0.215685,
          4.113041
        ],
        [
          -0.213455,
          0.046677,
          -0.975837,
          2.205634
        ],
        [
          -0.058372,
          -0.997683,
          -0.034953,
          1.594889
        ],
        [
          0.0,
          0.0,
          0.0,
          1.0
        ]
      ]
    },
    {
      "file_path": "/media/NFS/ttao/scannet/posed_images/scene0117_00/00158.jpg",
      "transform_matrix": [
        [
          -0.97537,
          0.053474,
          0.213996,
          4.108453
        ],
        [
          -0.211577,
          0.04747,
          -0.976208,
          2.212061
        ],
        [
          -0.06236,
          -0.99744,
