{
  "frames": [
    {
      "file_path": "/media/NFS/ttao/scannet/posed_images/scene0444_00/00000.jpg",
      "transform_matrix": [
        [
          0.833292,
          -0.017983,
          -0.55254,
          3.530293
        ],
        [
          0.551138,
          0.105231,
          0.827752,
          -0.279682
        ],
        [
          0.043259,
          -0.994285,
          0.097599,
          1.762421
        ],
        [
          0.0,
          0.0,
          0.0,
          1.0
        ]
      ]
    },
    {
      "file_path": "/media/NFS/ttao/scannet/posed_images/scene0444_00/00001.jpg",
      "transform_matrix": [
        [
          0.832257,
          -0.018198,
          -0.554092,
          3.529723
        ],
        [
          0.552532,
          0.108989,
          0.826335,
          -0.279799
        ],
        [
          0.045352,
          -0.993876,
          0.100762,
          1.762987
        ],
        [
          0.0,
          0.0,
          0.0,
          1.0
        ]
      ]
    },
    {
      "file_path": "/media/NFS/ttao/scannet/posed_images/scene0444_00/00002.jpg",
      "transform_matrix": [
        [
          0.831855,
          -0.016819,
          -0.554739,
          3.529189
        ],
        [
          0.553032,
          0.109082,
          0.825988,
          -0.279412
        ],
        [
          0.046619,
          -0.993891,
          0.100042,
          1.761955
        ],
        [
          0.0,
          0.0,
          0.0,
          1.0
        ]
      ]
    },
    {
      "file_path": "/media/NFS/ttao/scannet/posed_images/scene0444_00/00004.jpg",
      "transform_matrix": [
        [
          0.83246,
          -0.016429,
          -0.553842,
          3.528816
        ],
        [
          0.552167,
          0.10772,
          0.826746,
          -0.277981
        ],
        [
          0.046077,
          -0.994046,
          0.098744,
          1.761077
        ],
        [
          0.0,
          0.0,
          0.0,
          1.0
        ]
      ]
    },
    {
      "file_path": "/media/NFS/ttao/scannet/posed_images/scene0444_00/00005.jpg",
      "transform_matrix": [
        [
          0.832977,
          -0.016722,
          -0.553055,
          3.52858
        ],
        [
          0.551476,
          0.106353,
          0.827383,
          -0.277196
        ],
        [
          0.044983,
          -0.994188,
          0.097811,
          1.762364
        ],
        [
          0.0,
          0.0,
          0.0,
          1.0
        ]
      ]
    },
    {
      "file_path": "/media/NFS/ttao/scannet/posed_images/scene0444_00/00007.jpg",
      "transform_matrix": [
        [
          0.833802,
          -0.018443,
          -0.551756,
          3.527476
        ],
        [
          0.550432,
          0.104567,
          0.828306,
          -0.276608
        ],
        [
          0.042419,
          -0.994347,
          0.097339,
          1.764221
        ],
        [
          0.0,
          0.0,
          0.0,
          1.0
        ]
      ]
    },
    {
      "file_path": "/media/NFS/ttao/scannet/posed_images/scene0444_00/00008.jpg",
      "transform_matrix": [
        [
          0.833841,
          -0.018656,
          -0.551689,
          3.526688
        ],
        [
          0.550424,
          0.103693,
          0.828421,
          -0.276359
        ],
        [
          0.041751,
          -0.994434,
          0.096733,
          1.763759
        ],
        [
          0.0,
          0.0,
          0.0,
          1.0
        ]
      ]
    },
    {
      "file_path": "/media/NFS/ttao/scannet/posed_images/scene0444_00/00009.jpg",
      "transform_matrix": [
        [
          0.833955,
          -0.018993,
          -0.551505,
          3.526066
        ],
        [
          0.550313,
          0.10273,
          0.828615,
          -0.275983
        ],
        [
          0.040919,
          -0.994528,
          0.096124,
          1.763806
        ],
        [
          0.0,
          0.0,
          0.0,
          1.0
        ]
      ]
    },
    {
      "file_path": "/media/NFS/ttao/scannet/posed_images/scene0444_00/00011.jpg",
      "transform_matrix": [
        [
          0.834544,
          -0.021185,
          -0.550533,
          3.524671
        ],
        [
          0.549603,
          0.101606,
          0.829225,
          -0.275181
        ],
        [
          0.03837,
          -0.994599,
          0.096438,
          1.763523
        ],
        [
          0.0,
          0.0,
          0.0,
          1.0
        ]
      ]
    },
    {
      "file_path": "/media/NFS/ttao/scannet/posed_images/scene0444_00/00012.jpg",
      "transform_matrix": [
        [
          0.834529,
          -0.022532,
          -0.550503,
          3.52384
        ],
        [
          0.549759,
          0.100117,
          0.829302,
          -0.274893
        ],
        [
          0.036429,
          -0.994721,
          0.095938,
          1.762796
        ],
        [
          0.0,
          0.0,
          0.0,
          1.0
        ]
      ]
    },
    {
      "file_path": "/media/NFS/ttao/scannet/posed_images/scene0444_00/00013.jpg",
      "transform_matrix": [
        [
          0.834258,
          -0.02348,
          -0.550873,
          3.522745
        ],
        [
          0.550253,
          0.099106,
          0.829096,
          -0.274996
        ],
        [
          0.035127,
          -0.9948,
          0.0956,
          1.762865
        ],
        [
          0.0,
          0.0,
          0.0,
          1.0
        ]
      ]
    },
    {
      "file_path": "/media/NFS/ttao/scannet/posed_images/scene0444_00/00015.jpg",
      "transform_matrix": [
        [
          0.832623,
          -0.02208,
          -0.553399,
          3.521437
        ],
        [
          0.552646,
          0.098678,
          0.827554,
          -0.274998
        ],
        [
          0.036336,
          -0.994875,
          0.094364,
          1.761764
        ],
        [
          0.0,
          0.0,
          0.0,
          1.0
        ]
      ]
    },
    {
      "file_path": "/media/NFS/ttao/scannet/posed_images/scene0444_00/00016.jpg",
      "transform_matrix": [
        [
          0.832136,
          -0.018822,
          -0.554251,
          3.520719
        ],
        [
          0.553236,
          0.097467,
          0.827303,
          -0.274943
        ],
        [
          0.03845,
          -0.995061,
          0.091519,
          1.762397
        ],
        [
          0.0,
          0.0,
          0.0,
          1.0
        ]
      ]
    },
    {
      "file_path": "/media/NFS/ttao/scannet/posed_images/scene0444_00/00018.jpg",
      "transform_matrix": [
        [
          0.832101,
          -0.017061,
          -0.554362,
          3.518103
        ],
        [
          0.553345,
          0.093409,
          0.827699,
          -0.274989
        ],
        [
          0.037661,
          -0.995482,
          0.087167,
          1.761211
        ],
        [
          0.0,
          0.0,
          0.0,
          1.0
        ]
      ]
    },
    {
      "file_path": "/media/NFS/ttao/scannet/posed_images/scene0444_00/00019.jpg",
      "transform_matrix": [
        [
          0.832185,
          -0.017644,
          -0.554217,
          3.516973
        ],
        [
          0.55335,
          0.090713,
          0.827995,
          -0.275126
        ],
        [
          0.035666,
          -0.995721,
          0.085253,
          1.760305
        ],
        [
          0.0,
          0.0,
          0.0,
          1.0
        ]
      ]
    },
    {
      "file_path": "/media/NFS/ttao/scannet/posed_images/scene0444_00/00020.jpg",
      "transform_matrix": [
        [
          0.832147,
          -0.018753,
          -0.554237,
          3.516018
        ],
        [
          0.553566,
          0.087734,
          0.828171,
          -0.274944
        ],
        [
          0.033095,
          -0.995968,
          0.083389,
          1.759899
        ],
        [
          0.0,
          0.0,
          0.0,
          1.0
        ]
      ]
    },
    {
      "file_path": "/media/NFS/ttao/scannet/posed_images/scene0444_00/00022.jpg",
      "transform_matrix": [
        [
          0.832564,
          -0.016624,
          -0.553679,
          3.513865
        ],
        [
          0.552964,
          0.083912,
          0.828969,
          -0.27487
        ],
        [
          0.032679,
          -0.996335,
          0.079055,
          1.759026
        ],
        [
          0.0,
          0.0,
          0.0,
          1.0
        ]
      ]
    },
    {
      "file_path": "/media/NFS/ttao/scannet/posed_images/scene0444_00/00023.jpg",
      "transform_matrix": [
        [
          0.833082,
          -0.014473,
          -0.552959,
          3.512557
        ],
        [
          0.552132,
          0.082336,
          0.829681,
          -0.274969
        ],
        [
          0.03352,
          -0.9965,
          0.076584,
          1.756881
        ],
        [
          0.0,
          0.0,
          0.0,
          1.0
        ]
      ]
    },
    {
      "file_path": "/media/NFS/ttao/scannet/posed_images/scene0444_00/00025.jpg",
      "transform_matrix": [
        [
          0.835101,
          -0.004578,
          -0.550077,
          3.508423
        ],
        [
          0.548677,
          0.078723,
          0.83232,
          -0.274605
        ],
        [
          0.039493,
          -0.996886,
          0.068253,
          1.752861
        ],
        [
          0.0,
          0.0,
          0.0,
          1.0
        ]
      ]
    },
    {
      "file_path": "/media/NFS/ttao/scannet/posed_images/scene0444_00/00026.jpg",
      "transform_matrix": [
        [
          0.836106,
          0.001169,
          -0.548566,
          3.506184
        ],
        [
          0.546938,
          0.075254,
          0.833784,
          -0.274085
        ],
        [
          0.042256,
          -0.997164,
          0.062281,
          1.75073
        ],
        [
          0.0,
          0.0,
          0.0,
          1.0
        ]
      ]
    },
    {
      "file_path": "/media/NFS/ttao/scannet/posed_images/scene0444_00/00028.jpg",
      "transform_matrix": [
        [
          0.837615,
          0.011456,
          -0.546141,
          3.501664
        ],
        [
          0.544378,
          0.065434,
          0.836284,
          -0.272677
        ],
        [
          0.045317,
          -0.997791,
          0.048572,
          1.746553
        ],
        [
          0.0,
          0.0,
          0.0,
          1.0
        ]
      ]
    },
    {
      "file_path": "/media/NFS/ttao/scannet/posed_images/scene0444_00/00029.jpg",
      "transform_matrix": [
        [
          0.838498,
          0.014125,
          -0.544722,
          3.499033
        ],
        [
          0.543047,
          0.060807,
          0.837498,
          -0.272044
        ],
        [
          0.044953,
          -0.99805,
          0.043316,
          1.743752
        ],
        [
          0.0,
          0.0,
          0.0,
          1.0
        ]
      ]
    },
    {
      "file_path": "/media/NFS/ttao/scannet/posed_images/scene0444_00/00030.jpg",
      "transform_matrix": [
        [
          0.839529,
          0.017614,
          -0.543029,
          3.496354
        ],
        [
          0.541488,
          0.054768,
          0.838923,
          -0.272014
        ],
        [
          0.044517,
          -0.998344,
          0.036441,
          1.741627
        ],
        [
          0.0,
          0.0,
          0.0,
          1.0
        ]
      ]
    },
    {
      "file_path": "/media/NFS/ttao/scannet/posed_images/scene0444_00/00032.jpg",
      "transform_matrix": [
        [
          0.839987,
          0.026434,
          -0.541963,
          3.492186
        ],
        [
          0.54075,
          0.041783,
          0.840145,
          -0.269357
        ],
        [
          0.044854,
          -0.998777,
          0.020803,
          1.736278
        ],
        [
          0.0,
          0.0,
          0.0,
          1.0
        ]
      ]
    },
    {
      "file_path": "/media/NFS/ttao/scannet/posed_images/scene0444_00/00033.jpg",
      "transform_matrix": [
        [
          0.838095,
          0.032205,
          -0.544573,
          3.492775
        ],
        [
          0.543593,
          0.03462,
          0.838635,
          -0.264123
        ],
        [
          0.045861,
          -0.998882,
          0.011508,
          1.735462
        ],
        [
          0.0,
          0.0,
          0.0,
          1.0
        ]
      ]
    },
    {
      "file_path": "/media/NFS/ttao/scannet/posed_images/scene0444_00/00034.jpg",
      "transform_matrix": [
        [
          0.83294,
          0.038556,
          -0.552018,
          3.501883
        ],
        [
          0.551261,
          0.029051,
          0.833827,
          -0.256564
        ],
        [
          0.048186,
          -0.998834,
          0.002943,
          1.733949
        ],
        [
          0.0,
          0.0,
          0.0,
          1.0
        ]
      ]
    },
    {
      "file_path": "/media/NFS/ttao/scannet/posed_images/scene0444_00/00036.jpg",
      "transform_matrix": [
        [
          0.835287,
          0.046274,
          -0.547864,
          3.498396
        ],
        [
          0.547658,
          0.018148,
          0.836506,
          -0.253238
        ],
        [
          0.048651,
          -0.998764,
          -0.010184,
          1.724977
        ],
        [
          0.0,
          0.0,
          0.0,
          1.0
        ]
      ]
    },
    {
      "file_path": "/media/NFS/ttao/scannet/posed_images/scene0444_00/00037.jpg",
      "transform_matrix": [
        [
          0.837336,
          0.050009,
          -0.544397,
          3.495375
        ],
        [
          0.544551,
          0.01169,
          0.838646,
          -0.252208
        ],
        [
          0.048304,
          -0.99868,
          -0.017444,
          1.721581
        ],
        [
          0.0,
          0.0,
          0.0,
          1.0
        ]
      ]
    },
    {
      "file_path": "/media/NFS/ttao/scannet/posed_images/scene0444_00/00039.jpg",
      "transform_matrix": [
        [
          0.839639,
          0.061043,
          -0.539703,
          3.489092
        ],
        [
          0.540934,
          -0.004421,
          0.841054,
          -0.249985
        ],
        [
          0.048955,
          -0.998125,
          -0.036732,
          1.714528
        ],
        [
          0.0,
          0.0,
          0.0,
          1.0
        ]
      ]
    },
    {
      "file_path": "/media/NFS/ttao/scannet/posed_images/scene0444_00/00040.jpg",
      "transform_matrix": [
        [
          0.841662,
          0.064747,
          -0.536108,
          3.481498
        ],
        [
          0.537874,
          -0.012437,
          0.842933,
          -0.250328
        ],
        [
          0.04791,
          -0.997824,
          -0.045294,
          1.708226
        ],
        [
          0.0,
          0.0,
          0.0,
          1.0
        ]
      ]
    },
    {
      "file_path": "/media/NFS/ttao/scannet/posed_images/scene0444_00/00042.jpg",
      "transform_matrix": [
        [
          0.842909,
          0.074661,
          -0.532851,
          3.474816
        ],
        [
          0.535866,
          -0.027234,
          0.843864,
          -0.24826
        ],
        [
          0.048492,
          -0.996837,
          -0.062964,
          1.698562
        ],
        [
          0.0,
          0.0,
          0.0,
          1.0
        ]
      ]
    },
    {
      "file_path": "/media/NFS/ttao/scannet/posed_images/scene0444_00/00043.jpg",
      "transform_matrix": [
        [
          0.843885,
          0.079206,
          -0.530645,
          3.470907
        ],
        [
          0.534264,
          -0.033366,
          0.844659,
          -0.247582
        ],
        [
          0.049197,
          -0.9963,
          -0.070475,
          1.692913
        ],
        [
          0.0,
          0.0,
          0.0,
          1.0
        ]
      ]
    },
    {
      "file_path": "/media/NFS/ttao/scannet/posed_images/scene0444_00/00044.jpg",
      "transform_matrix": [
        [
          0.845378,
          0.085389,
          -0.5273,
          3.46614
        ],
        [
          0.531632,
          -0.038397,
          0.846105,
          -0.246791
        ],
        [
          0.052001,
          -0.995608,
          -0.077856,
          1.688283
        ],
        [
          0.0,
          0.0,
          0.0,
          1.0
        ]
      ]
    },
    {
      "file_path": "/media/NFS/ttao/scannet/posed_images/scene0444_00/00046.jpg",
      "transform_matrix": [
        [
          0.84871,
          0.095863,
          -0.520098,
          3.456281
        ],
        [
          0.526096,
          -0.052638,
          0.848795,
          -0.244381
        ],
        [
          0.053991,
          -0.994002,
          -0.095107,
          1.676764
        ],
        [
          0.0,
          0.0,
          0.0,
          1.0
        ]
      ]
    },
    {
      "file_path": "/media/NFS/ttao/scannet/posed_images/scene0444_00/00047.jpg",
      "transform_matrix": [
        [
          0.84946,
          0.101927,
          -0.517715,
          3.451718
        ],
        [
          0.524723,
          -0.059918,
          0.849162,
          -0.242362
        ],
        [
          0.055533,
          -0.992986,
          -0.104381,
          1.670731
        ],
        [
          0.0,
          0.0,
          0.0,
          1.0
        ]
      ]
    },
    {
      "file_path": "/media/NFS/ttao/scannet/posed_images/scene0444_00/00048.jpg",
      "transform_matrix": [
        [
          0.85017,
          0.108449,
          -0.515218,
          3.446039
        ],
        [
          0.523347,
          -0.067007,
          0.849481,
          -0.240428
        ],
        [
          0.057602,
          -0.991841,
          -0.113724,
          1.665596
        ],
        [
          0.0,
          0.0,
          0.0,
          1.0
        ]
      ]
    },
    {
      "file_path": "/media/NFS/ttao/scannet/posed_images/scene0444_00/00050.jpg",
      "transform_matrix": [
        [
          0.847499,
          0.116327,
          -0.517892,
          3.43848
        ],
        [
          0.527495,
          -0.075934,
          0.846158,
          -0.233777
        ],
        [
          0.059105,
          -0.990304,
          -0.125716,
          1.642182
        ],
        [
          0.0,
          0.0,
          0.0,
          1.0
        ]
      ]
    },
    {
      "file_path": "/media/NFS/ttao/scannet/posed_images/scene0444_00/00051.jpg",
      "transform_matrix": [
        [
          0.846485,
          0.122643,
          -0.518094,
          3.432755
        ],
        [
          0.528886,
          -0.0819,
          0.844732,
          -0.230996
        ],
        [
          0.061169,
          -0.989066,
          -0.134191,
          1.636177
        ],
        [
          0.0,
          0.0,
          0.0,
          1.0
        ]
      ]
    },
    {
      "file_path": "/media/NFS/ttao/scannet/posed_images/scene0444_00/00053.jpg",
      "transform_matrix": [
        [
          0.844339,
          0.133342,
          -0.518952,
          3.420241
        ],
        [
          0.532009,
          -0.093486,
          0.841562,
          -0.224093
        ],
        [
          0.063701,
          -0.986651,
          -0.149874,
          1.625297
        ],
        [
          0.0,
          0.0,
          0.0,
          1.0
        ]
      ]
    },
    {
      "file_path": "/media/NFS/ttao/scannet/posed_images/scene0444_00/00054.jpg",
      "transform_matrix": [
        [
          0.844482,
          0.135379,
          -0.518191,
          3.413285
        ],
        [
          0.531612,
          -0.094278,
          0.841724,
          -0.220119
        ],
        [
          0.065098,
          -0.986298,
          -0.151586,
          1.620951
        ],
        [
          0.0,
          0.0,
          0.0,
          1.0
        ]
      ]
    },
    {
      "file_path": "/media/NFS/ttao/scannet/posed_images/scene0444_00/00055.jpg",
      "transform_matrix": [
        [
          0.845005,
          0.134992,
          -0.51744,
          3.407299
        ],
        [
          0.53074,
          -0.093305,
          0.842383,
          -0.21521
        ],
        [
          0.065435,
          -0.986444,
          -0.15049,
          1.617578
        ],
        [
          0.0,
          0.0,
          0.0,
          1.0
        ]
      ]
    },
    {
      "file_path": "/media/NFS/ttao/scannet/posed_images/scene0444_00/00056.jpg",
      "transform_matrix": [
        [
          0.846631,
          0.133624,
          -0.515131,
          3.400826
        ],
        [
          0.528076,
          -0.090973,
          0.84431,
          -0.210099
        ],
        [
          0.065957,
          -0.986848,
          -0.147584,
          1.611911
        ],
        [
          0.0,
          0.0,
          0.0,
          1.0
        ]
      ]
    },
    {
      "file_path": "/media/NFS/ttao/scannet/posed_images/scene0444_00/00058.jpg",
      "transform_matrix": [
        [
          0.851435,
          0.134471,
          -0.506927,
          3.386753
        ],
        [
          0.520409,
          -0.096716,
          0.848423,
          -0.196683
        ],
        [
          0.06506,
          -0.986187,
          -0.152327,
          1.601215
        ],
        [
          0.0,
          0.0,
          0.0,
          1.0
        ]
      ]
    },
    {
      "file_path": "/media/NFS/ttao/scannet/posed_images/scene0444_00/00059.jpg",
      "transform_matrix": [
        [
          0.853864,
          0.134406,
          -0.502844,
          3.378921
        ],
        [
          0.516875,
          -0.105181,
          0.849575,
          -0.188974
        ],
        [
          0.061298,
          -0.985328,
          -0.159282,
          1.597757
        ],
        [
          0.0,
          0.0,
          0.0,
          1.0
        ]
      ]
    },
    {
      "file_path": "/media/NFS/ttao/scannet/posed_images/scene0444_00/00061.jpg",
      "transform_matrix": [
        [
          0.857092,
          0.128075,
          -0.498989,
          3.365726
        ],
        [
          0.513105,
          -0.125734,
          0.849067,
          -0.170445
        ],
        [
          0.046004,
          -0.983762,
          -0.173482,
          1.593416
        ],
        [
          0.0,
          0.0,
          0.0,
          1.0
        ]
      ]
    },
    {
      "file_path": "/media/NFS/ttao/scannet/posed_images/scene0444_00/00062.jpg",
      "transform_matrix": [
        [
          0.859294,
          0.122542,
          -0.496586,
          3.358232
        ],
        [
          0.51013,
          -0.13477,
          0.849473,
          -0.161406
        ],
        [
          0.037171,
          -0.98327,
          -0.178319,
          1.590773
        ],
        [
          0.0,
          0.0,
          0.0,
          1.0
        ]
      ]
    },
    {
      "file_path": "/media/NFS/ttao/scannet/posed_images/scene0444_00/00063.jpg",
      "transform_matrix": [
        [
          0.861173,
          0.117156,
          -0.494627,
          3.351065
        ],
        [
          0.507441,
          -0.14119,
          0.850041,
          -0.152334
        ],
        [
          0.029751,
          -0.983026,
          -0.181039,
          1.588347
        ],
        [
          0.0,
          0.0,
          0.0,
          1.0
        ]
      ]
    },
    {
      "file_path": "/media/NFS/ttao/scannet/posed_images/scene0444_00/00065.jpg",
      "transform_matrix": [
        [
          0.864435,
          0.116005,
          -0.489178,
          3.336545
        ],
        [
          0.502008,
          -0.146521,
          0.852361,
          -0.134606
        ],
        [
          0.027203,
          -0.982382,
          -0.184893,
          1.581548
        ],
        [
          0.0,
          0.0,
          0.0,
          1.0
        ]
      ]
    },
    {
      "file_path": "/media/NFS/ttao/scannet/posed_images/scene0444_00/00066.jpg",
      "transform_matrix": [
        [
          0.865795,
          0.117395,
          -0.486433,
          3.328702
        ],
        [
          0.499519,
          -0.145162,
          0.854054,
          -0.126384
        ],
        [
          0.02965,
          -0.982419,
          -0.184321,
          1.577475
        ],
        [
          0.0,
          0.0,
          0.0,
          1.0
        ]
      ]
    },
    {
      "file_path": "/media/NFS/ttao/scannet/posed_images/scene0444_00/00068.jpg",
      "transform_matrix": [
        [
          0.865964,
          0.133616,
          -0.481927,
          3.305275
        ],
        [
          0.498601,
          -0.155928,
          0.852692,
          -0.104939
        ],
        [
          0.038788,
          -0.97869,
          -0.201649,
          1.562026
        ],
        [
          0.0,
          0.0,
          0.0,
          1.0
        ]
      ]
    },
    {
      "file_path": "/media/NFS/ttao/scannet/posed_images/scene0444_00/00069.jpg",
      "transform_matrix": [
        [
          0.867939,
          0.137822,
          -0.477165,
          3.297534
        ],
        [
          0.494976,
          -0.160735,
          0.853911,
          -0.098177
        ],
        [
          0.04099,
          -0.977328,
          -0.207727,
          1.556838
        ],
        [
          0.0,
          0.0,
          0.0,
          1.0
        ]
      ]
    },
    {
      "file_path": "/media/NFS/ttao/scannet/posed_images/scene0444_00/00071.jpg",
      "transform_matrix": [
        [
          0.875297,
          0.134084,
          -0.464625,
          3.281268
        ],
        [
          0.482536,
          -0.178897,
          0.857412,
          -0.085472
        ],
        [
          0.031845,
          -0.974688,
          -0.221289,
          1.549072
        ],
        [
          0.0,
          0.0,
          0.0,
          1.0
        ]
      ]
    },
    {
      "file_path": "/media/NFS/ttao/scannet/posed_images/scene0444_00/00072.jpg",
      "transform_matrix": [
        [
          0.875873,
          0.132773,
          -0.463916,
          3.275255
        ],
        [
          0.481898,
          -0.191053,
          0.855145,
          -0.078958
        ],
        [
          0.024907,
          -0.972559,
          -0.231321,
          1.545825
        ],
        [
          0.0,
          0.0,
          0.0,
          1.0
        ]
      ]
    },
    {
      "file_path": "/media/NFS/ttao/scannet/posed_images/scene0444_00/00074.jpg",
      "transform_matrix": [
        [
          0.869638,
          0.142135,
          -0.472787,
          3.261595
        ],
        [
          0.493432,
          -0.219264,
          0.841693,
          -0.068697
        ],
        [
          0.015969,
          -0.965257,
          -0.260815,
          1.53968
        ],
        [
          0.0,
          0.0,
          0.0,
          1.0
        ]
      ]
    },
    {
      "file_path": "/media/NFS/ttao/scannet/posed_images/scene0444_00/00075.jpg",
      "transform_matrix": [
        [
          0.867575,
          0.149028,
          -0.474451,
          3.25469
        ],
        [
          0.497013,
          -0.227103,
          0.837497,
          -0.06497
        ],
        [
          0.017062,
          -0.9624,
          -0.271098,
          1.535792
        ],
        [
          0.0,
          0.0,
          0.0,
          1.0
        ]
      ]
    },
    {
      "file_path": "/media/NFS/ttao/scannet/posed_images/scene0444_00/00076.jpg",
      "transform_matrix": [
        [
          0.867489,
          0.154075,
          -0.472994,
          3.248127
        ],
        [
          0.497096,
          -0.232341,
          0.83601,
          -0.061406
        ],
        [
          0.018913,
          -0.960353,
          -0.278143,
          1.532096
        ],
        [
          0.0,
          0.0,
          0.0,
          1.0
        ]
      ]
    },
    {
      "file_path": "/media/NFS/ttao/scannet/posed_images/scene0444_00/00078.jpg",
      "transform_matrix": [
        [
          0.872207,
          0.158014,
          -0.462911,
          3.234247
        ],
        [
          0.488695,
          -0.241294,
          0.838424,
          -0.055121
        ],
        [
          0.020785,
          -0.957501,
          -0.287679,
          1.526749
        ],
        [
          0.0,
          0.0,
          0.0,
          1.0
        ]
      ]
    },
    {
      "file_path": "/media/NFS/ttao/scannet/posed_images/scene0444_00/00079.jpg",
      "transform_matrix": [
        [
          0.875024,
          0.157279,
          -0.457816,
          3.22789
        ],
        [
          0.483644,
          -0.243985,
          0.840571,
          -0.052535
        ],
        [
          0.020504,
          -0.95694,
          -0.289559,
          1.524347
        ],
        [
          0.0,
          0.0,
          0.0,
          1.0
        ]
      ]
    },
    {
      "file_path": "/media/NFS/ttao/scannet/posed_images/scene0444_00/00081.jpg",
      "transform_matrix": [
        [
          0.883401,
          0.153361,
          -0.442812,
          3.213959
        ],
        [
          0.468215,
          -0.249693,
          0.847602,
          -0.050346
        ],
        [
          0.019422,
          -0.956103,
          -0.292385,
          1.522403
        ],
        [
          0.0,
          0.0,
          0.0,
          1.0
        ]
      ]
    },
    {
      "file_path": "/media/NFS/ttao/scannet/posed_images/scene0444_00/00082.jpg",
      "transform_matrix": [
        [
          0.887858,
          0.150494,
          -0.43481,
          3.207337
        ],
        [
          0.459735,
          -0.251615,
          0.851665,
          -0.04973
        ],
        [
          0.018766,
          -0.956055,
          -0.292586,
          1.520723
        ],
        [
          0.0,
          0.0,
          0.0,
          1.0
        ]
      ]
    },
    {
      "file_path": "/media/NFS/ttao/scannet/posed_images/scene0444_00/00083.jpg",
      "transform_matrix": [
        [
          0.892055,
          0.14818,
          -0.426943,
          3.200421
        ],
        [
          0.451561,
          -0.254287,
          0.855237,
          -0.04934
        ],
        [
          0.018163,
          -0.95571,
          -0.293751,
          1.52027
        ],
        [
          0.0,
          0.0,
          0.0,
          1.0
        ]
      ]
    },
    {
      "file_path": "/media/NFS/ttao/scannet/posed_images/scene0444_00/00085.jpg",
      "transform_matrix": [
        [
          0.89942,
          0.145192,
          -0.412265,
          3.188623
        ],
        [
          0.436737,
          -0.260935,
          0.860914,
          -0.049468
        ],
        [
          0.017424,
          -0.954375,
          -0.298101,
          1.519392
        ],
        [
          0.0,
          0.0,
          0.0,
          1.0
        ]
      ]
    },
    {
      "file_path": "/media/NFS/ttao/scannet/posed_images/scene0444_00/00086.jpg",
      "transform_matrix": [
        [
          0.902245,
          0.142768,
          -0.406904,
          3.182797
        ],
        [
          0.430937,
          -0.264112,
          0.862866,
          -0.050113
        ],
        [
          0.015721,
          -0.953867,
          -0.299817,
          1.519331
        ],
        [
          0.0,
          0.0,
          0.0,
          1.0
        ]
      ]
    },
    {
      "file_path": "/media/NFS/ttao/scannet/posed_images/scene0444_00/00087.jpg",
      "transform_matrix": [
        [
          0.904922,
          0.140609,
          -0.401678,
          3.177207
        ],
        [
          0.425345,
          -0.267632,
          0.864555,
          -0.051198
        ],
        [
          0.014062,
          -0.953206,
          -0.301993,
          1.518996
        ],
        [
          0.0,
          0.0,
          0.0,
          1.0
        ]
      ]
    },
    {
      "file_path": "/media/NFS/ttao/scannet/posed_images/scene0444_00/00088.jpg",
      "transform_matrix": [
        [
          0.907662,
          0.138475,
          -0.396199,
          3.171291
        ],
        [
          0.419519,
          -0.271596,
          0.866163,
          -0.052476
        ],
        [
          0.012336,
          -0.952397,
          -0.304611,
          1.518348
        ],
        [
          0.0,
          0.0,
          0.0,
          1.0
        ]
      ]
    },
    {
      "file_path": "/media/NFS/ttao/scannet/posed_images/scene0444_00/00090.jpg",
      "transform_matrix": [
        [
          0.915817,
          0.133913,
          -0.378611,
          3.15884
        ],
        [
          0.40145,
          -0.279876,
          0.872071,
          -0.056364
        ],
        [
          0.010817,
          -0.950651,
          -0.310075,
          1.515482
        ],
        [
          0.0,
          0.0,
          0.0,
          1.0
        ]
      ]
    },
    {
      "file_path": "/media/NFS/ttao/scannet/posed_images/scene0444_00/00092.jpg",
      "transform_matrix": [
        [
          0.92203,
          0.128544,
          -0.365154,
          3.151048
        ],
        [
          0.387064,
          -0.29027,
          0.875171,
          -0.057126
        ],
        [
          0.006505,
          -0.948272,
          -0.317393,
          1.511668
        ],
        [
          0.0,
          0.0,
          0.0,
          1.0
        ]
      ]
    },
    {
      "file_path": "/media/NFS/ttao/scannet/posed_images/scene0444_00/00093.jpg",
      "transform_matrix": [
        [
          0.924279,
          0.128742,
          -0.359353,
          3.147197
        ],
        [
          0.381659,
          -0.295135,
          0.875917,
          -0.057571
        ],
        [
          0.006709,
          -0.946742,
          -0.321923,
          1.509453
        ],
        [
          0.0,
          0.0,
          0.0,
          1.0
        ]
      ]
    },
    {
      "file_path": "/media/NFS/ttao/scannet/posed_images/scene0444_00/00094.jpg",
      "transform_matrix": [
        [
          0.925748,
          0.12768,
          -0.355934,
          3.14454
        ],
        [
          0.378108,
          -0.299907,
          0.875837,
          -0.057849
        ],
        [
          0.00508,
          -0.945386,
          -0.325915,
          1.507096
        ],
        [
          0.0,
          0.0,
          0.0,
          1.0
        ]
      ]
    },
    {
      "file_path": "/media/NFS/ttao/scannet/posed_images/scene0444_00/00095.jpg",
      "transform_matrix": [
        [
          0.926262,
          0.127077,
          -0.35481,
          3.140796
        ],
        [
          0.376872,
          -0.306235,
          0.874178,
          -0.058545
        ],
        [
          0.002433,
          -0.943436,
          -0.331546,
          1.50455
        ],
        [
          0.0,
          0.0,
          0.0,
          1.0
        ]
      ]
    },
    {
      "file_path": "/media/NFS/ttao/scannet/posed_images/scene0444_00/00097.jpg",
      "transform_matrix": [
        [
          0.925822,
          0.128692,
          -0.355377,
          3.13234
        ],
        [
          0.377955,
          -0.320207,
          0.868687,
          -0.061664
        ],
        [
          -0.002001,
          -0.938566,
          -0.345094,
          1.497993
        ],
        [
          0.0,
          0.0,
          0.0,
          1.0
        ]
      ]
    },
    {
      "file_path": "/media/NFS/ttao/scannet/posed_images/scene0444_00/00099.jpg",
      "transform_matrix": [
        [
          0.926219,
          0.129442,
          -0.354066,
          3.123905
        ],
        [
          0.376954,
          -0.33009,
          0.865417,
          -0.064779
        ],
        [
          -0.004852,
          -0.935032,
          -0.354529,
          1.48874
        ],
        [
          0.0,
          0.0,
          0.0,
          1.0
        ]
      ]
    },
    {
      "file_path": "/media/NFS/ttao/scannet/posed_images/scene0444_00/00100.jpg",
      "transform_matrix": [
        [
          0.926612,
          0.130744,
          -0.352555,
          3.120057
        ],
        [
          0.375964,
          -0.338057,
          0.862768,
          -0.065434
        ],
        [
          -0.006382,
          -0.932,
          -0.362403,
          1.483517
        ],
        [
          0.0,
          0.0,
          0.0,
          1.0
        ]
      ]
    },
    {
      "file_path": "/media/NFS/ttao/scannet/posed_images/scene0444_00/00101.jpg",
      "transform_matrix": [
        [
          0.92654,
          0.135436,
          -0.350971,
          3.115671
        ],
        [
          0.376178,
          -0.342911,
          0.860757,
          -0.067014
        ],
        [
          -0.003774,
          -0.929553,
          -0.368668,
          1.477722
        ],
        [
          0.0,
          0.0,
          0.0,
          1.0
        ]
      ]
    },
    {
      "file_path": "/media/NFS/ttao/scannet/posed_images/scene0444_00/00103.jpg",
      "transform_matrix": [
        [
          0.926225,
          0.14438,
          -0.348225,
          3.109309
        ],
        [
          0.37697,
          -0.356155,
          0.855013,
          -0.068133
        ],
        [
          -0.000575,
          -0.923205,
          -0.384307,
          1.465215
        ],
        [
          0.0,
          0.0,
          0.0,
          1.0
        ]
      ]
    },
    {
      "file_path": "/media/NFS/ttao/scannet/posed_images/scene0444_00/00104.jpg",
      "transform_matrix": [
        [
          0.926382,
          0.14942,
          -0.345673,
          3.106686
        ],
        [
          0.376579,
          -0.362638,
          0.852456,
          -0.068052
        ],
        [
          0.00202,
          -0.919874,
          -0.392209,
          1.459765
        ],
        [
          0.0,
          0.0,
          0.0,
          1.0
        ]
      ]
    },
    {
      "file_path": "/media/NFS/ttao/scannet/posed_images/scene0444_00/00105.jpg",
      "transform_matrix": [
        [
          0.926625,
          0.155805,
          -0.342185,
          3.10507
        ],
        [
          0.375893,
          -0.363542,
          0.852374,
          -0.069125
        ],
        [
          0.008406,
          -0.918456,
          -0.395433,
          1.451734
        ],
        [
          0.0,
          0.0,
          0.0,
          1.0
        ]
      ]
    },
    {
      "file_path": "/media/NFS/ttao/scannet/posed_images/scene0444_00/00107.jpg",
      "transform_matrix": [
        [
          0.929793,
          0.169012,
          -0.326986,
          3.093031
        ],
        [
          0.367398,
          -0.371957,
          0.852448,
          -0.068844
        ],
        [
          0.022449,
          -0.912734,
          -0.407938,
          1.440471
        ],
        [
          0.0,
