{
  "frames": [
    {
      "file_path": "/media/NFS/ttao/scannet/posed_images/scene0383_01/00000.jpg",
      "transform_matrix": [
        [
          0.188595,
          0.411844,
          -0.891525,
          4.607174
        ],
        [
          0.982039,
          -0.073943,
          0.173584,
          0.786441
        ],
        [
          0.005568,
          -0.908249,
          -0.418392,
          1.587079
        ],
        [
          0.0,
          0.0,
          0.0,
          1.0
        ]
      ]
    },
    {
      "file_path": "/media/NFS/ttao/scannet/posed_images/scene0383_01/00007.jpg",
      "transform_matrix": [
        [
          0.171907,
          0.43429,
          -0.884218,
          4.61081
        ],
        [
          0.985103,
          -0.071697,
          0.156306,
          0.791704
        ],
        [
          0.004486,
          -0.897915,
          -0.440145,
          1.580986
        ],
        [
          0.0,
          0.0,
          0.0,
          1.0
        ]
      ]
    },
    {
      "file_path": "/media/NFS/ttao/scannet/posed_images/scene0383_01/00011.jpg",
      "transform_matrix": [
        [
          0.165069,
          0.440616,
          -0.882389,
          4.61618
        ],
        [
          0.98628,
          -0.075759,
          0.146674,
          0.799268
        ],
        [
          -0.002222,
          -0.894493,
          -0.447076,
          1.576536
        ],
        [
          0.0,
          0.0,
          0.0,
          1.0
        ]
      ]
    },
    {
      "file_path": "/media/NFS/ttao/scannet/posed_images/scene0383_01/00014.jpg",
      "transform_matrix": [
        [
          0.163504,
          0.447347,
          -0.879288,
          4.619729
        ],
        [
          0.986542,
          -0.07539,
          0.145093,
          0.805041
        ],
        [
          -0.001383,
          -0.891177,
          -0.453653,
          1.575172
        ],
        [
          0.0,
          0.0,
          0.0,
          1.0
        ]
      ]
    },
    {
      "file_path": "/media/NFS/ttao/scannet/posed_images/scene0383_01/00019.jpg",
      "transform_matrix": [
        [
          0.166213,
          0.458788,
          -0.872862,
          4.624341
        ],
        [
          0.986089,
          -0.078329,
          0.146603,
          0.815646
        ],
        [
          -0.001111,
          -0.885087,
          -0.465425,
          1.571563
        ],
        [
          0.0,
          0.0,
          0.0,
          1.0
        ]
      ]
    },
    {
      "file_path": "/media/NFS/ttao/scannet/posed_images/scene0383_01/00023.jpg",
      "transform_matrix": [
        [
          0.169498,
          0.456359,
          -0.873502,
          4.622097
        ],
        [
          0.98553,
          -0.078823,
          0.150056,
          0.829075
        ],
        [
          -0.000373,
          -0.886297,
          -0.463116,
          1.574966
        ],
        [
          0.0,
          0.0,
          0.0,
          1.0
        ]
      ]
    },
    {
      "file_path": "/media/NFS/ttao/scannet/posed_images/scene0383_01/00032.jpg",
      "transform_matrix": [
        [
          0.187733,
          0.39761,
          -0.898144,
          4.61028
        ],
        [
          0.982074,
          -0.060207,
          0.178622,
          0.840266
        ],
        [
          0.016948,
          -0.915577,
          -0.401785,
          1.610324
        ],
        [
          0.0,
          0.0,
          0.0,
          1.0
        ]
      ]
    },
    {
      "file_path": "/media/NFS/ttao/scannet/posed_images/scene0383_01/00036.jpg",
      "transform_matrix": [
        [
          0.188675,
          0.357125,
          -0.914803,
          4.608423
        ],
        [
          0.981841,
          -0.04986,
          0.183037,
          0.839433
        ],
        [
          0.019755,
          -0.932725,
          -0.360047,
          1.629514
        ],
        [
          0.0,
          0.0,
          0.0,
          1.0
        ]
      ]
    },
    {
      "file_path": "/media/NFS/ttao/scannet/posed_images/scene0383_01/00040.jpg",
      "transform_matrix": [
        [
          0.18538,
          0.317524,
          -0.929953,
          4.608299
        ],
        [
          0.982481,
          -0.041478,
          0.181689,
          0.835124
        ],
        [
          0.019118,
          -0.947343,
          -0.319651,
          1.648134
        ],
        [
          0.0,
          0.0,
          0.0,
          1.0
        ]
      ]
    },
    {
      "file_path": "/media/NFS/ttao/scannet/posed_images/scene0383_01/00046.jpg",
      "transform_matrix": [
        [
          0.177213,
          0.259301,
          -0.949399,
          4.611379
        ],
        [
          0.984099,
          -0.034852,
          0.174171,
          0.830635
        ],
        [
          0.012074,
          -0.965167,
          -0.261354,
          1.669637
        ],
        [
          0.0,
          0.0,
          0.0,
          1.0
        ]
      ]
    },
    {
      "file_path": "/media/NFS/ttao/scannet/posed_images/scene0383_01/00050.jpg",
      "transform_matrix": [
        [
          0.167999,
          0.220332,
          -0.960849,
          4.613119
        ],
        [
          0.985653,
          -0.021448,
          0.167418,
          0.826907
        ],
        [
          0.016279,
          -0.975189,
          -0.220774,
          1.687358
        ],
        [
          0.0,
          0.0,
          0.0,
          1.0
        ]
      ]
    },
    {
      "file_path": "/media/NFS/ttao/scannet/posed_images/scene0383_01/00055.jpg",
      "transform_matrix": [
        [
          0.158393,
          0.17467,
          -0.971803,
          4.621081
        ],
        [
          0.987217,
          -0.010368,
          0.159042,
          0.823804
        ],
        [
          0.017704,
          -0.984572,
          -0.17408,
          1.698162
        ],
        [
          0.0,
          0.0,
          0.0,
          1.0
        ]
      ]
    },
    {
      "file_path": "/media/NFS/ttao/scannet/posed_images/scene0383_01/00059.jpg",
      "transform_matrix": [
        [
          0.158906,
          0.15161,
          -0.975584,
          4.624013
        ],
        [
          0.987012,
          -0.000772,
          0.160648,
          0.822304
        ],
        [
          0.023602,
          -0.98844,
          -0.149764,
          1.705367
        ],
        [
          0.0,
          0.0,
          0.0,
          1.0
        ]
      ]
    },
    {
      "file_path": "/media/NFS/ttao/scannet/posed_images/scene0383_01/00065.jpg",
      "transform_matrix": [
        [
          0.152737,
          0.108454,
          -0.982298,
          4.629375
        ],
        [
          0.987788,
          0.014181,
          0.155156,
          0.826681
        ],
        [
          0.030757,
          -0.994,
          -0.104963,
          1.717752
        ],
        [
          0.0,
          0.0,
          0.0,
          1.0
        ]
      ]
    },
    {
      "file_path": "/media/NFS/ttao/scannet/posed_images/scene0383_01/00069.jpg",
      "transform_matrix": [
        [
          0.153675,
          0.078177,
          -0.985024,
          4.634515
        ],
        [
          0.987397,
          0.026013,
          0.156109,
          0.826171
        ],
        [
          0.037828,
          -0.9966,
          -0.073194,
          1.727305
        ],
        [
          0.0,
          0.0,
          0.0,
          1.0
        ]
      ]
    },
    {
      "file_path": "/media/NFS/ttao/scannet/posed_images/scene0383_01/00075.jpg",
      "transform_matrix": [
        [
          0.147149,
          0.040873,
          -0.98827,
          4.638982
        ],
        [
          0.988308,
          0.034275,
          0.148572,
          0.824645
        ],
        [
          0.039946,
          -0.998576,
          -0.035351,
          1.739084
        ],
        [
          0.0,
          0.0,
          0.0,
          1.0
        ]
      ]
    },
    {
      "file_path": "/media/NFS/ttao/scannet/posed_images/scene0383_01/00079.jpg",
      "transform_matrix": [
        [
          0.14458,
          0.019227,
          -0.989306,
          4.641468
        ],
        [
          0.98871,
          0.036955,
          0.145211,
          0.82489
        ],
        [
          0.039352,
          -0.999132,
          -0.013667,
          1.746604
        ],
        [
          0.0,
          0.0,
          0.0,
          1.0
        ]
      ]
    },
    {
      "file_path": "/media/NFS/ttao/scannet/posed_images/scene0383_01/00083.jpg",
      "transform_matrix": [
        [
          0.141782,
          0.001915,
          -0.989896,
          4.64041
        ],
        [
          0.988944,
          0.043626,
          0.14173,
          0.827374
        ],
        [
          0.043456,
          -0.999046,
          0.004292,
          1.759169
        ],
        [
          0.0,
          0.0,
          0.0,
          1.0
        ]
      ]
    },
    {
      "file_path": "/media/NFS/ttao/scannet/posed_images/scene0383_01/00089.jpg",
      "transform_matrix": [
        [
          0.144342,
          -0.016575,
          -0.989389,
          4.644214
        ],
        [
          0.988742,
          0.042252,
          0.14354,
          0.830872
        ],
        [
          0.039425,
          -0.998969,
          0.022487,
          1.761605
        ],
        [
          0.0,
          0.0,
          0.0,
          1.0
        ]
      ]
    },
    {
      "file_path": "/media/NFS/ttao/scannet/posed_images/scene0383_01/00090.jpg",
      "transform_matrix": [
        [
          0.14473,
          -0.018181,
          -0.989304,
          4.640689
        ],
        [
          0.988692,
          0.042332,
          0.143862,
          0.832526
        ],
        [
          0.039264,
          -0.998938,
          0.024102,
          1.760686
        ],
        [
          0.0,
          0.0,
          0.0,
          1.0
        ]
      ]
    },
    {
      "file_path": "/media/NFS/ttao/scannet/posed_images/scene0383_01/00095.jpg",
      "transform_matrix": [
        [
          0.144629,
          -0.025416,
          -0.98916,
          4.639907
        ],
        [
          0.988892,
          0.03834,
          0.143604,
          0.843724
        ],
        [
          0.034275,
          -0.998941,
          0.030679,
          1.765124
        ],
        [
          0.0,
          0.0,
          0.0,
          1.0
        ]
      ]
    },
    {
      "file_path": "/media/NFS/ttao/scannet/posed_images/scene0383_01/00099.jpg",
      "transform_matrix": [
        [
          0.148112,
          -0.018308,
          -0.988801,
          4.63246
        ],
        [
          0.988423,
          0.036005,
          0.147388,
          0.844443
        ],
        [
          0.032904,
          -0.999184,
          0.023429,
          1.76593
        ],
        [
          0.0,
          0.0,
          0.0,
          1.0
        ]
      ]
    },
    {
      "file_path": "/media/NFS/ttao/scannet/posed_images/scene0383_01/00105.jpg",
      "transform_matrix": [
        [
          0.142535,
          0.021096,
          -0.989565,
          4.628744
        ],
        [
          0.989498,
          0.021228,
          0.142978,
          0.861073
        ],
        [
          0.024023,
          -0.999552,
          -0.017849,
          1.754979
        ],
        [
          0.0,
          0.0,
          0.0,
          1.0
        ]
      ]
    },
    {
      "file_path": "/media/NFS/ttao/scannet/posed_images/scene0383_01/00109.jpg",
      "transform_matrix": [
        [
          0.138834,
          0.064214,
          -0.988232,
          4.623162
        ],
        [
          0.990204,
          0.006019,
          0.139502,
          0.868603
        ],
        [
          0.014906,
          -0.997918,
          -0.062749,
          1.738133
        ],
        [
          0.0,
          0.0,
          0.0,
          1.0
        ]
      ]
    },
    {
      "file_path": "/media/NFS/ttao/scannet/posed_images/scene0383_01/00113.jpg",
      "transform_matrix": [
        [
          0.133776,
          0.116179,
          -0.984178,
          4.617609
        ],
        [
          0.990945,
          -0.004167,
          0.134203,
          0.88286
        ],
        [
          0.011491,
          -0.993219,
          -0.115684,
          1.717288
        ],
        [
          0.0,
          0.0,
          0.0,
          1.0
        ]
      ]
    },
    {
      "file_path": "/media/NFS/ttao/scannet/posed_images/scene0383_01/00119.jpg",
      "transform_matrix": [
        [
          0.118558,
          0.188691,
          -0.974854,
          4.60499
        ],
        [
          0.992909,
          -0.013966,
          0.118051,
          0.887916
        ],
        [
          0.00866,
          -0.981937,
          -0.189009,
          1.692459
        ],
        [
          0.0,
          0.0,
          0.0,
          1.0
        ]
      ]
    },
    {
      "file_path": "/media/NFS/ttao/scannet/posed_images/scene0383_01/00125.jpg",
      "transform_matrix": [
        [
          0.085322,
          0.242994,
          -0.966268,
          4.603988
        ],
        [
          0.996345,
          -0.01674,
          0.083768,
          0.900668
        ],
        [
          0.004179,
          -0.969883,
          -0.243534,
          1.664416
        ],
        [
          0.0,
          0.0,
          0.0,
          1.0
        ]
      ]
    },
    {
      "file_path": "/media/NFS/ttao/scannet/posed_images/scene0383_01/00129.jpg",
      "transform_matrix": [
        [
          0.070922,
          0.286219,
          -0.955536,
          4.598607
        ],
        [
          0.997481,
          -0.01908,
          0.06832,
          0.907728
        ],
        [
          0.001323,
          -0.957974,
          -0.286851,
          1.648103
        ],
        [
          0.0,
          0.0,
          0.0,
          1.0
        ]
      ]
    },
    {
      "file_path": "/media/NFS/ttao/scannet/posed_images/scene0383_01/00135.jpg",
      "transform_matrix": [
        [
          0.052544,
          0.343589,
          -0.937649,
          4.587835
        ],
        [
          0.998618,
          -0.01936,
          0.048866,
          0.917052
        ],
        [
          -0.001363,
          -0.93892,
          -0.344131,
          1.623603
        ],
        [
          0.0,
          0.0,
          0.0,
          1.0
        ]
      ]
    },
    {
      "file_path": "/media/NFS/ttao/scannet/posed_images/scene0383_01/00138.jpg",
      "transform_matrix": [
        [
          0.04662,
          0.370233,
          -0.927768,
          4.586385
        ],
        [
          0.99889,
          -0.023559,
          0.040792,
          0.920998
        ],
        [
          -0.006754,
          -0.92864,
          -0.37092,
          1.612574
        ],
        [
          0.0,
          0.0,
          0.0,
          1.0
        ]
      ]
    },
    {
      "file_path": "/media/NFS/ttao/scannet/posed_images/scene0383_01/00146.jpg",
      "transform_matrix": [
        [
          0.040256,
          0.440846,
          -0.89668,
          4.588111
        ],
        [
          0.998975,
          -0.036337,
          0.026984,
          0.926907
        ],
        [
          -0.020687,
          -0.896847,
          -0.441857,
          1.583136
        ],
        [
          0.0,
          0.0,
          0.0,
          1.0
        ]
      ]
    },
    {
      "file_path": "/media/NFS/ttao/scannet/posed_images/scene0383_01/00148.jpg",
      "transform_matrix": [
        [
          0.046298,
          0.459347,
          -0.887049,
          4.590405
        ],
        [
          0.99863,
          -0.042969,
          0.02987,
          0.926461
        ],
        [
          -0.024394,
          -0.887217,
          -0.460707,
          1.578398
        ],
        [
          0.0,
          0.0,
          0.0,
          1.0
        ]
      ]
    },
    {
      "file_path": "/media/NFS/ttao/scannet/posed_images/scene0383_01/00155.jpg",
      "transform_matrix": [
        [
          0.10132,
          0.504272,
          -0.85758,
          4.598373
        ],
        [
          0.994252,
          -0.081313,
          0.069654,
          0.93505
        ],
        [
          -0.034608,
          -0.859708,
          -0.509612,
          1.553989
        ],
        [
          0.0,
          0.0,
          0.0,
          1.0
        ]
      ]
    },
    {
      "file_path": "/media/NFS/ttao/scannet/posed_images/scene0383_01/00158.jpg",
      "transform_matrix": [
        [
          0.14142,
          0.513025,
          -0.846644,
          4.597784
        ],
        [
          0.989362,
          -0.102714,
          0.10302,
          0.937967
        ],
        [
          -0.03411,
          -0.852206,
          -0.522093,
          1.548087
        ],
        [
          0.0,
          0.0,
          0.0,
          1.0
        ]
      ]
    },
    {
      "file_path": "/media/NFS/ttao/scannet/posed_images/scene0383_01/00162.jpg",
      "transform_matrix": [
        [
          0.197938,
          0.518569,
          -0.831809,
          4.602931
        ],
        [
          0.979651,
          -0.133428,
          0.149937,
          0.936216
        ],
        [
          -0.033234,
          -0.844561,
          -0.534427,
          1.538266
        ],
        [
          0.0,
          0.0,
          0.0,
          1.0
        ]
      ]
    },
    {
      "file_path": "/media/NFS/ttao/scannet/posed_images/scene0383_01/00168.jpg",
      "transform_matrix": [
        [
          0.313339,
          0.525468,
          -0.791013,
          4.594465
        ],
        [
          0.949118,
          -0.200929,
          0.242492,
          0.931624
        ],
        [
          -0.031516,
          -0.826747,
          -0.56169,
          1.524192
        ],
        [
          0.0,
          0.0,
          0.0,
          1.0
        ]
      ]
    },
    {
      "file_path": "/media/NFS/ttao/scannet/posed_images/scene0383_01/00175.jpg",
      "transform_matrix": [
        [
          0.472469,
          0.492554,
          -0.730865,
          4.58373
        ],
        [
          0.879752,
          -0.313438,
          0.357481,
          0.926799
        ],
        [
          -0.053002,
          -0.811879,
          -0.581415,
          1.523498
        ],
        [
          0.0,
          0.0,
          0.0,
          1.0
        ]
      ]
    },
    {
      "file_path": "/media/NFS/ttao/scannet/posed_images/scene0383_01/00177.jpg",
      "transform_matrix": [
        [
          0.514299,
          0.479377,
          -0.711122,
          4.582234
        ],
        [
          0.855454,
          -0.345527,
          0.385759,
          0.926872
        ],
        [
          -0.060788,
          -0.806727,
          -0.587789,
          1.521122
        ],
        [
          0.0,
          0.0,
          0.0,
          1.0
        ]
      ]
    },
    {
      "file_path": "/media/NFS/ttao/scannet/posed_images/scene0383_01/00184.jpg",
      "transform_matrix": [
        [
          0.648925,
          0.43397,
          -0.624953,
          4.585057
        ],
        [
          0.758595,
          -0.432257,
          0.487532,
          0.921063
        ],
        [
          -0.058566,
          -0.790458,
          -0.60971,
          1.506346
        ],
        [
          0.0,
          0.0,
          0.0,
          1.0
        ]
      ]
    },
    {
      "file_path": "/media/NFS/ttao/scannet/posed_images/scene0383_01/00189.jpg",
      "transform_matrix": [
        [
          0.720901,
          0.392664,
          -0.571066,
          4.594263
        ],
        [
          0.690798,
          -0.473318,
          0.546597,
          0.926043
        ],
        [
          -0.055667,
          -0.788534,
          -0.612467,
          1.50353
        ],
        [
          0.0,
          0.0,
          0.0,
          1.0
        ]
      ]
    },
    {
      "file_path": "/media/NFS/ttao/scannet/posed_images/scene0383_01/00194.jpg",
      "transform_matrix": [
        [
          0.799406,
          0.352336,
          -0.486631,
          4.591601
        ],
        [
          0.59948,
          -0.521282,
          0.607362,
          0.926187
        ],
        [
          -0.039677,
          -0.777254,
          -0.627934,
          1.499524
        ],
        [
          0.0,
          0.0,
          0.0,
          1.0
        ]
      ]
    },
    {
      "file_path": "/media/NFS/ttao/scannet/posed_images/scene0383_01/00197.jpg",
      "transform_matrix": [
        [
          0.827917,
          0.314686,
          -0.464247,
          4.607849
        ],
        [
          0.558946,
          -0.531102,
          0.636796,
          0.942656
        ],
        [
          -0.046172,
          -0.786704,
          -0.615601,
          1.501559
        ],
        [
          0.0,
          0.0,
          0.0,
          1.0
        ]
      ]
    },
    {
      "file_path": "/media/NFS/ttao/scannet/posed_images/scene0383_01/00199.jpg",
      "transform_matrix": [
        [
          0.844219,
          0.289653,
          -0.450993,
          4.619564
        ],
        [
          0.533877,
          -0.529192,
          0.659493,
          0.9525
        ],
        [
          -0.047638,
          -0.797532,
          -0.601393,
          1.503931
        ],
        [
          0.0,
          0.0,
          0.0,
          1.0
        ]
      ]
    },
    {
      "file_path": "/media/NFS/ttao/scannet/posed_images/scene0383_01/00205.jpg",
      "transform_matrix": [
        [
          0.889159,
          0.23842,
          -0.39058,
          4.631871
        ],
        [
          0.455988,
          -0.533193,
          0.712586,
          0.960264
        ],
        [
          -0.03836,
          -0.811702,
          -0.58281,
          1.50786
        ],
        [
          0.0,
          0.0,
          0.0,
          1.0
        ]
      ]
    },
    {
      "file_path": "/media/NFS/ttao/scannet/posed_images/scene0383_01/00212.jpg",
      "transform_matrix": [
        [
          0.935616,
          0.172899,
          -0.30778,
          4.635831
        ],
        [
          0.35133,
          -0.54125,
          0.763947,
          0.975424
        ],
        [
          -0.0345,
          -0.822894,
          -0.567147,
          1.515504
        ],
        [
          0.0,
          0.0,
          0.0,
          1.0
        ]
      ]
    },
    {
      "file_path": "/media/NFS/ttao/scannet/posed_images/scene0383_01/00217.jpg",
      "transform_matrix": [
        [
          0.964693,
          0.125413,
          -0.231599,
          4.634624
        ],
        [
          0.261273,
          -0.5666,
          0.781473,
          0.983348
        ],
        [
          -0.033217,
          -0.814393,
          -0.579363,
          1.514787
        ],
        [
          0.0,
          0.0,
          0.0,
          1.0
        ]
      ]
    },
    {
      "file_path": "/media/NFS/ttao/scannet/posed_images/scene0383_01/00220.jpg",
      "transform_matrix": [
        [
          0.97814,
          0.094146,
          -0.185415,
          4.63434
        ],
        [
          0.204707,
          -0.592733,
          0.778949,
          0.991268
        ],
        [
          -0.036566,
          -0.799877,
          -0.599048,
          1.509012
        ],
        [
          0.0,
          0.0,
          0.0,
          1.0
        ]
      ]
    },
    {
      "file_path": "/media/NFS/ttao/scannet/posed_images/scene0383_01/00225.jpg",
      "transform_matrix": [
        [
          0.992187,
          0.049459,
          -0.114542,
          4.637032
        ],
        [
          0.120259,
          -0.623588,
          0.772448,
          0.993062
        ],
        [
          -0.033223,
          -0.780187,
          -0.624664,
          1.489421
        ],
        [
          0.0,
          0.0,
          0.0,
          1.0
        ]
      ]
    },
    {
      "file_path": "/media/NFS/ttao/scannet/posed_images/scene0383_01/00228.jpg",
      "transform_matrix": [
        [
          0.996377,
          0.032593,
          -0.078555,
          4.639744
        ],
        [
          0.081067,
          -0.643278,
          0.761329,
          0.994616
        ],
        [
          -0.025718,
          -0.764939,
          -0.643589,
          1.47584
        ],
        [
          0.0,
          0.0,
          0.0,
          1.0
        ]
      ]
    },
    {
      "file_path": "/media/NFS/ttao/scannet/posed_images/scene0383_01/00237.jpg",
      "transform_matrix": [
        [
          0.999561,
          -0.028508,
          -0.008046,
          4.653718
        ],
        [
          -0.014116,
          -0.697215,
          0.716723,
          1.001602
        ],
        [
          -0.026042,
          -0.716295,
          -0.697312,
          1.445126
        ],
        [
          0.0,
          0.0,
          0.0,
          1.0
        ]
      ]
    },
    {
      "file_path": "/media/NFS/ttao/scannet/posed_images/scene0383_01/00238.jpg",
      "transform_matrix": [
        [
          0.999386,
          -0.035006,
          -0.00145,
          4.654351
        ],
        [
          -0.02354,
          -0.701536,
          0.712245,
          1.001305
        ],
        [
          -0.02595,
          -0.711774,
          -0.701929,
          1.441944
        ],
        [
          0.0,
          0.0,
          0.0,
          1.0
        ]
      ]
    },
    {
      "file_path": "/media/NFS/ttao/scannet/posed_images/scene0383_01/00245.jpg",
      "transform_matrix": [
        [
          0.99778,
          -0.057714,
          0.033221,
          4.673394
        ],
        [
          -0.064938,
          -0.732784,
          0.677355,
          0.995144
        ],
        [
          -0.014749,
          -0.678009,
          -0.734905,
          1.417725
        ],
        [
          0.0,
          0.0,
          0.0,
          1.0
        ]
      ]
    },
    {
      "file_path": "/media/NFS/ttao/scannet/posed_images/scene0383_01/00251.jpg",
      "transform_matrix": [
        [
          0.995265,
          -0.074079,
          0.062933,
          4.675773
        ],
        [
          -0.097179,
          -0.744074,
          0.660992,
          0.989893
        ],
        [
          -0.002139,
          -0.663977,
          -0.74775,
          1.408178
        ],
        [
          0.0,
          0.0,
          0.0,
          1.0
        ]
      ]
    },
    {
      "file_path": "/media/NFS/ttao/scannet/posed_images/scene0383_01/00255.jpg",
      "transform_matrix": [
        [
          0.99333,
          -0.083386,
          0.079637,
          4.677562
        ],
        [
          -0.115215,
          -0.745167,
          0.65685,
          0.987175
        ],
        [
          0.004571,
          -0.661644,
          -0.749804,
          1.40599
        ],
        [
          0.0,
          0.0,
          0.0,
          1.0
        ]
      ]
    },
    {
      "file_path": "/media/NFS/ttao/scannet/posed_images/scene0383_01/00261.jpg",
      "transform_matrix": [
        [
          0.989365,
          -0.100223,
          0.10542,
          4.686392
        ],
        [
          -0.145187,
          -0.724662,
          0.673637,
          0.982338
        ],
        [
          0.00888,
          -0.681778,
          -0.731505,
          1.411773
        ],
        [
          0.0,
          0.0,
          0.0,
          1.0
        ]
      ]
    },
    {
      "file_path": "/media/NFS/ttao/scannet/posed_images/scene0383_01/00263.jpg",
      "transform_matrix": [
        [
          0.987662,
          -0.105512,
          0.115725,
          4.687241
        ],
        [
          -0.156252,
          -0.713508,
          0.683002,
          0.980888
        ],
        [
          0.010506,
          -0.692657,
          -0.721191,
          1.41592
        ],
        [
          0.0,
          0.0,
          0.0,
          1.0
        ]
      ]
    },
    {
      "file_path": "/media/NFS/ttao/scannet/posed_images/scene0383_01/00270.jpg",
      "transform_matrix": [
        [
          0.983528,
          -0.110663,
          0.14292,
          4.698261
        ],
        [
          -0.180021,
          -0.670903,
          0.719362,
          0.984117
        ],
        [
          0.016279,
          -0.733241,
          -0.679774,
          1.442938
        ],
        [
          0.0,
          0.0,
          0.0,
          1.0
        ]
      ]
    },
    {
      "file_path": "/media/NFS/ttao/scannet/posed_images/scene0383_01/00276.jpg",
      "transform_matrix": [
        [
          0.978056,
          -0.119242,
          0.170845,
          4.704206
        ],
        [
          -0.207812,
          -0.616832,
          0.759165,
          0.990961
        ],
        [
          0.014858,
          -0.77801,
          -0.628076,
          1.474351
        ],
        [
          0.0,
          0.0,
          0.0,
          1.0
        ]
      ]
    },
    {
      "file_path": "/media/NFS/ttao/scannet/posed_images/scene0383_01/00277.jpg",
      "transform_matrix": [
        [
          0.977238,
          -0.119291,
          0.175431,
          4.704498
        ],
        [
          -0.211609,
          -0.606969,
          0.766035,
          0.991146
        ],
        [
          0.015101,
          -0.785721,
          -0.618396,
          1.479814
        ],
        [
          0.0,
          0.0,
          0.0,
          1.0
        ]
      ]
    },
    {
      "file_path": "/media/NFS/ttao/scannet/posed_images/scene0383_01/00284.jpg",
      "transform_matrix": [
        [
          0.971125,
          -0.108865,
          0.212287,
          4.697532
        ],
        [
          -0.237254,
          -0.534156,
          0.811411,
          0.99252
        ],
        [
          0.025061,
          -0.838347,
          -0.54456,
          1.518585
        ],
        [
          0.0,
          0.0,
          0.0,
          1.0
        ]
      ]
    },
    {
      "file_path": "/media/NFS/ttao/scannet/posed_images/scene0383_01/00287.jpg",
      "transform_matrix": [
        [
          0.972273,
          -0.088986,
          0.216257,
          4.693484
        ],
        [
          -0.231396,
          -0.499683,
          0.834729,
          0.991117
        ],
        [
          0.033781,
          -0.861625,
          -0.506419,
          1.536563
        ],
        [
          0.0,
          0.0,
          0.0,
          1.0
        ]
      ]
    },
    {
      "file_path": "/media/NFS/ttao/scannet/posed_images/scene0383_01/00291.jpg",
      "transform_matrix": [
        [
          0.973827,
          -0.057942,
          0.219783,
          4.681243
        ],
        [
          -0.221078,
          -0.466025,
          0.856706,
          0.991727
        ],
        [
          0.052785,
          -0.882872,
          -0.466637,
          1.562209
        ],
        [
          0.0,
          0.0,
          0.0,
          1.0
        ]
      ]
    },
    {
      "file_path": "/media/NFS/ttao/scannet/posed_images/scene0383_01/00298.jpg",
      "transform_matrix": [
        [
          0.979488,
          -0.001045,
          0.201498,
          4.658074
        ],
        [
          -0.185066,
          -0.400221,
          0.897538,
          0.986185
        ],
        [
          0.079705,
          -0.916418,
          -0.392205,
          1.59123
        ],
        [
          0.0,
          0.0,
          0.0,
          1.0
        ]
      ]
    },
    {
      "file_path": "/media/NFS/ttao/scannet/posed_images/scene0383_01/00303.jpg",
      "transform_matrix": [
        [
          0.983443,
          0.027637,
          0.179097,
          4.640271
        ],
        [
          -0.157495,
          -0.358508,
          0.920146,
          0.981916
        ],
        [
          0.089637,
          -0.933118,
          -0.348219,
          1.603361
        ],
        [
          0.0,
          0.0,
          0.0,
          1.0
        ]
      ]
    },
    {
      "file_path": "/media/NFS/ttao/scannet/posed_images/scene0383_01/00307.jpg",
      "transform_matrix": [
        [
          0.987669,
          0.034418,
          0.152728,
          4.628217
        ],
        [
          -0.132181,
          -0.339442,
          0.931293,
          0.979928
        ],
        [
          0.083895,
          -0.939997,
          -0.330707,
          1.612588
        ],
        [
          0.0,
          0.0,
          0.0,
          1.0
        ]
      ]
    },
    {
      "file_path": "/media/NFS/ttao/scannet/posed_images/scene0383_01/00311.jpg",
      "transform_matrix": [
        [
          0.991344,
          0.04627,
          0.122869,
          4.610503
        ],
        [
          -0.101497,
          -0.323546,
          0.940753,
          0.975412
        ],
        [
          0.083283,
          -0.94508,
          -0.316049,
          1.615351
        ],
        [
          0.0,
          0.0,
          0.0,
          1.0
        ]
      ]
    },
    {
      "file_path": "/media/NFS/ttao/scannet/posed_images/scene0383_01/00314.jpg",
      "transform_matrix": [
        [
          0.993778,
          0.052673,
          0.098142,
          4.602262
        ],
        [
          -0.076592,
          -0.31658,
          0.945469,
          0.973161
        ],
        [
          0.08087,
          -0.947102,
          -0.310576,
          1.619965
        ],
        [
          0.0,
          0.0,
          0.0,
          1.0
        ]
      ]
    },
    {
      "file_path": "/media/NFS/ttao/scannet/posed_images/scene0383_01/00320.jpg",
      "transform_matrix": [
        [
          0.996884,
          0.066028,
          0.043166,
          4.593957
        ],
        [
          -0.022444,
          -0.287177,
          0.957615,
          0.963221
        ],
        [
          0.075625,
          -0.955599,
          -0.2848,
          1.628346
        ],
        [
          0.0,
          0.0,
          0.0,
          1.0
        ]
      ]
    },
    {
      "file_path": "/media/NFS/ttao/scannet/posed_images/scene0383_01/00327.jpg",
      "transform_matrix": [
        [
          0.996063,
          0.083155,
          -0.030715,
          4.584809
        ],
        [
          0.051376,
          -0.259147,
          0.96447,
          0.949873
        ],
        [
          0.072241,
          -0.962251,
          -0.262399,
          1.641937
        ],
        [
          0.0,
          0.0,
          0.0,
          1.0
        ]
      ]
    },
    {
      "file_path": "/media/NFS/ttao/scannet/posed_images/scene0383_01/00329.jpg",
      "transform_matrix": [
        [
          0.994362,
          0.088783,
          -0.057979,
          4.582766
        ],
        [
          0.078697,
          -0.25143,
          0.964671,
          0.944883
        ],
        [
          0.071069,
          -0.963795,
          -0.257,
          1.644614
        ],
        [
          0.0,
          0.0,
          0.0,
          1.0
        ]
      ]
    },
    {
      "file_path": "/media/NFS/ttao/scannet/posed_images/scene0383_01/00337.jpg",
      "transform_matrix": [
        [
          0.979588,
          0.115388,
          -0.1646,
          4.57025
        ],
        [
          0.188358,
          -0.240916,
          0.952093,
          0.933736
        ],
        [
          0.070206,
          -0.963662,
          -0.257732,
          1.633404
        ],
        [
          0.0,
          0.0,
          0.0,
          1.0
        ]
      ]
    },
    {
      "file_path": "/media/NFS/ttao/scannet/posed_images/scene0383_01/00339.jpg",
      "transform_matrix": [
        [
          0.973737,
          0.124572,
          -0.190573,
          4.565256
        ],
        [
          0.216532,
          -0.248032,
          0.944242,
          0.933349
        ],
        [
          0.070358,
          -0.960709,
          -0.268492,
          1.626598
        ],
        [
          0.0,
          0.0,
          0.0,
          1.0
        ]
      ]
    },
    {
      "file_path": "/media/NFS/ttao/scannet/posed_images/scene0383_01/00347.jpg",
      "transform_matrix": [
        [
          0.931547,
          0.172132,
          -0.320299,
          4.542582
        ],
        [
          0.358694,
          -0.290473,
          0.88711,
          0.933297
        ],
        [
          0.059662,
          -0.941273,
          -0.332332,
          1.599359
        ],
        [
          0.0,
          0.0,
          0.0,
          1.0
        ]
      ]
    },
    {
      "file_path": "/media/NFS/ttao/scannet/posed_images/scene0383_01/00352.jpg",
      "transform_matrix": [
        [
          0.883186,
          0.223484,
          -0.412356,
          4.539411
        ],
        [
          0.465253,
          -0.306204,
          0.830529,
          0.93346
        ],
        [
          0.059344,
          -0.925361,
          -0.374412,
          1.587308
        ],
        [
          0.0,
          0.0,
          0.0,
          1.0
        ]
      ]
    },
    {
      "file_path": "/media/NFS/ttao/scannet/posed_images/scene0383_01/00353.jpg",
      "transform_matrix": [
        [
          0.873359,
          0.234806,
          -0.426744,
          4.538878
        ],
        [
          0.483212,
          -0.307533,
          0.819713,
          0.933673
        ],
        [
          0.061236,
          -0.922112,
          -0.382048,
          1.582017
        ],
        [
          0.0,
          0.0,
          0.0,
          1.0
        ]
      ]
    },
    {
      "file_path": "/media/NFS/ttao/scannet/posed_images/scene0383_01/00362.jpg",
      "transform_matrix": [
        [
          0.791152,
          0.335553,
          -0.511353,
          4.528309
        ],
        [
          0.606822,
          -0.326136,
          0.724846,
          0.946713
        ],
        [
          0.076454,
          -0.883764,
          -0.461644,
          1.537381
        ],
        [
          0.0,
          0.0,
          0.0,
          1.0
        ]
      ]
    },
    {
      "file_path": "/media/NFS/ttao/scannet/posed_images/scene0383_01/00363.jpg",
      "transform_matrix": [
        [
          0.781199,
          0.346069,
          -0.519581,
          4.529009
        ],
        [
          0.619312,
          -0.324801,
          0.714812,
          0.948326
        ],
        [
          0.078614,
          -0.880193,
          -0.468059,
          1.531275
        ],
        [
          0.0,
          0.0,
          0.0,
          1.0
        ]
      ]
    },
    {
      "file_path": "/media/NFS/ttao/scannet/posed_images/scene0383_01/00367.jpg",
      "transform_matrix": [
        [
          0.741703,
          0.390647,
          -0.545225,
          4.528382
        ],
        [
          0.665244,
          -0.32472,
          0.672314,
          0.958337
        ],
        [
          0.085592,
          -0.861366,
          -0.500722,
          1.51172
        ],
        [
          0.0,
          0.0,
          0.0,
