{
  "frames": [
    {
      "file_path": "/media/NFS/ttao/scannet/posed_images/scene0288_02/00000.jpg",
      "transform_matrix": [
        [
          -0.075029,
          0.102289,
          -0.991921,
          1.894062
        ],
        [
          0.996968,
          0.028275,
          -0.072495,
          2.794716
        ],
        [
          0.020631,
          -0.994353,
          -0.1041,
          1.544014
        ],
        [
          0.0,
          0.0,
          0.0,
          1.0
        ]
      ]
    },
    {
      "file_path": "/media/NFS/ttao/scannet/posed_images/scene0288_02/00010.jpg",
      "transform_matrix": [
        [
          -0.072994,
          0.059897,
          -0.995532,
          1.928122
        ],
        [
          0.997203,
          0.020463,
          -0.071885,
          2.762738
        ],
        [
          0.016066,
          -0.997995,
          -0.061224,
          1.559355
        ],
        [
          0.0,
          0.0,
          0.0,
          1.0
        ]
      ]
    },
    {
      "file_path": "/media/NFS/ttao/scannet/posed_images/scene0288_02/00012.jpg",
      "transform_matrix": [
        [
          -0.068995,
          0.0465,
          -0.996533,
          1.936395
        ],
        [
          0.99752,
          0.017193,
          -0.068261,
          2.755103
        ],
        [
          0.01396,
          -0.99877,
          -0.047571,
          1.570112
        ],
        [
          0.0,
          0.0,
          0.0,
          1.0
        ]
      ]
    },
    {
      "file_path": "/media/NFS/ttao/scannet/posed_images/scene0288_02/00022.jpg",
      "transform_matrix": [
        [
          -0.05408,
          -0.075328,
          -0.995691,
          1.997687
        ],
        [
          0.998414,
          -0.019742,
          -0.052735,
          2.711237
        ],
        [
          -0.015685,
          -0.996964,
          0.076276,
          1.649031
        ],
        [
          0.0,
          0.0,
          0.0,
          1.0
        ]
      ]
    },
    {
      "file_path": "/media/NFS/ttao/scannet/posed_images/scene0288_02/00026.jpg",
      "transform_matrix": [
        [
          -0.057826,
          -0.083636,
          -0.994817,
          2.016819
        ],
        [
          0.998216,
          -0.019722,
          -0.056365,
          2.696264
        ],
        [
          -0.014906,
          -0.996301,
          0.084627,
          1.641696
        ],
        [
          0.0,
          0.0,
          0.0,
          1.0
        ]
      ]
    },
    {
      "file_path": "/media/NFS/ttao/scannet/posed_images/scene0288_02/00036.jpg",
      "transform_matrix": [
        [
          -0.006388,
          0.014035,
          -0.999881,
          2.037571
        ],
        [
          0.999836,
          -0.016843,
          -0.006624,
          2.677186
        ],
        [
          -0.016934,
          -0.99976,
          -0.013925,
          1.571812
        ],
        [
          0.0,
          0.0,
          0.0,
          1.0
        ]
      ]
    },
    {
      "file_path": "/media/NFS/ttao/scannet/posed_images/scene0288_02/00042.jpg",
      "transform_matrix": [
        [
          0.001499,
          0.154886,
          -0.987931,
          2.035944
        ],
        [
          0.999344,
          -0.035975,
          -0.004124,
          2.680765
        ],
        [
          -0.03618,
          -0.987277,
          -0.154838,
          1.472479
        ],
        [
          0.0,
          0.0,
          0.0,
          1.0
        ]
      ]
    },
    {
      "file_path": "/media/NFS/ttao/scannet/posed_images/scene0288_02/00050.jpg",
      "transform_matrix": [
        [
          -0.025094,
          0.271744,
          -0.962042,
          2.057725
        ],
        [
          0.998872,
          -0.031985,
          -0.035089,
          2.704597
        ],
        [
          -0.040306,
          -0.961838,
          -0.270635,
          1.421809
        ],
        [
          0.0,
          0.0,
          0.0,
          1.0
        ]
      ]
    },
    {
      "file_path": "/media/NFS/ttao/scannet/posed_images/scene0288_02/00052.jpg",
      "transform_matrix": [
        [
          -0.034639,
          0.284477,
          -0.958057,
          2.070916
        ],
        [
          0.998247,
          -0.036195,
          -0.046839,
          2.715018
        ],
        [
          -0.048001,
          -0.957999,
          -0.282724,
          1.410488
        ],
        [
          0.0,
          0.0,
          0.0,
          1.0
        ]
      ]
    },
    {
      "file_path": "/media/NFS/ttao/scannet/posed_images/scene0288_02/00058.jpg",
      "transform_matrix": [
        [
          -0.067119,
          0.338286,
          -0.938646,
          2.126643
        ],
        [
          0.994827,
          -0.049212,
          -0.088873,
          2.776794
        ],
        [
          -0.076257,
          -0.939756,
          -0.333233,
          1.37737
        ],
        [
          0.0,
          0.0,
          0.0,
          1.0
        ]
      ]
    },
    {
      "file_path": "/media/NFS/ttao/scannet/posed_images/scene0288_02/00070.jpg",
      "transform_matrix": [
        [
          -0.177345,
          0.397159,
          -0.900451,
          2.278943
        ],
        [
          0.979461,
          -0.017971,
          -0.200833,
          2.952774
        ],
        [
          -0.095945,
          -0.917574,
          -0.385815,
          1.33331
        ],
        [
          0.0,
          0.0,
          0.0,
          1.0
        ]
      ]
    },
    {
      "file_path": "/media/NFS/ttao/scannet/posed_images/scene0288_02/00072.jpg",
      "transform_matrix": [
        [
          -0.178833,
          0.393923,
          -0.901578,
          2.28553
        ],
        [
          0.979796,
          -0.012103,
          -0.199636,
          2.984347
        ],
        [
          -0.089553,
          -0.919064,
          -0.3838,
          1.327573
        ],
        [
          0.0,
          0.0,
          0.0,
          1.0
        ]
      ]
    },
    {
      "file_path": "/media/NFS/ttao/scannet/posed_images/scene0288_02/00082.jpg",
      "transform_matrix": [
        [
          -0.234815,
          0.368815,
          -0.899354,
          2.230833
        ],
        [
          0.970738,
          0.041106,
          -0.236596,
          3.095589
        ],
        [
          -0.050291,
          -0.928594,
          -0.367675,
          1.354446
        ],
        [
          0.0,
          0.0,
          0.0,
          1.0
        ]
      ]
    },
    {
      "file_path": "/media/NFS/ttao/scannet/posed_images/scene0288_02/00090.jpg",
      "transform_matrix": [
        [
          -0.292676,
          0.334153,
          -0.895925,
          2.193599
        ],
        [
          0.953346,
          0.029485,
          -0.300437,
          3.194697
        ],
        [
          -0.073975,
          -0.942057,
          -0.327193,
          1.387921
        ],
        [
          0.0,
          0.0,
          0.0,
          1.0
        ]
      ]
    },
    {
      "file_path": "/media/NFS/ttao/scannet/posed_images/scene0288_02/00092.jpg",
      "transform_matrix": [
        [
          -0.30279,
          0.319547,
          -0.897891,
          2.181626
        ],
        [
          0.949608,
          0.021066,
          -0.312733,
          3.223491
        ],
        [
          -0.081018,
          -0.947336,
          -0.309823,
          1.39938
        ],
        [
          0.0,
          0.0,
          0.0,
          1.0
        ]
      ]
    },
    {
      "file_path": "/media/NFS/ttao/scannet/posed_images/scene0288_02/00104.jpg",
      "transform_matrix": [
        [
          -0.412379,
          0.17219,
          -0.894592,
          2.110919
        ],
        [
          0.910102,
          0.033986,
          -0.412988,
          3.379631
        ],
        [
          -0.040709,
          -0.984477,
          -0.170725,
          1.521884
        ],
        [
          0.0,
          0.0,
          0.0,
          1.0
        ]
      ]
    },
    {
      "file_path": "/media/NFS/ttao/scannet/posed_images/scene0288_02/00108.jpg",
      "transform_matrix": [
        [
          -0.430683,
          0.124418,
          -0.893886,
          2.101803
        ],
        [
          0.901996,
          0.026155,
          -0.430951,
          3.40167
        ],
        [
          -0.030238,
          -0.991885,
          -0.123489,
          1.550932
        ],
        [
          0.0,
          0.0,
          0.0,
          1.0
        ]
      ]
    },
    {
      "file_path": "/media/NFS/ttao/scannet/posed_images/scene0288_02/00112.jpg",
      "transform_matrix": [
        [
          -0.410661,
          0.070824,
          -0.909033,
          2.092212
        ],
        [
          0.911715,
          0.019297,
          -0.410369,
          3.421668
        ],
        [
          -0.011522,
          -0.997302,
          -0.072496,
          1.57803
        ],
        [
          0.0,
          0.0,
          0.0,
          1.0
        ]
      ]
    },
    {
      "file_path": "/media/NFS/ttao/scannet/posed_images/scene0288_02/00118.jpg",
      "transform_matrix": [
        [
          -0.373123,
          0.009426,
          -0.927734,
          2.08133
        ],
        [
          0.927732,
          0.014156,
          -0.372979,
          3.443146
        ],
        [
          0.009618,
          -0.999855,
          -0.014026,
          1.616015
        ],
        [
          0.0,
          0.0,
          0.0,
          1.0
        ]
      ]
    },
    {
      "file_path": "/media/NFS/ttao/scannet/posed_images/scene0288_02/00128.jpg",
      "transform_matrix": [
        [
          -0.25062,
          -0.023856,
          -0.967791,
          2.084323
        ],
        [
          0.967697,
          0.022157,
          -0.251142,
          3.439909
        ],
        [
          0.027435,
          -0.99947,
          0.017533,
          1.642648
        ],
        [
          0.0,
          0.0,
          0.0,
          1.0
        ]
      ]
    },
    {
      "file_path": "/media/NFS/ttao/scannet/posed_images/scene0288_02/00132.jpg",
      "transform_matrix": [
        [
          -0.148556,
          -0.02531,
          -0.98858,
          2.097596
        ],
        [
          0.988539,
          0.023374,
          -0.149148,
          3.426608
        ],
        [
          0.026882,
          -0.999406,
          0.021548,
          1.63438
        ],
        [
          0.0,
          0.0,
          0.0,
          1.0
        ]
      ]
    },
    {
      "file_path": "/media/NFS/ttao/scannet/posed_images/scene0288_02/00140.jpg",
      "transform_matrix": [
        [
          0.007333,
          -0.030822,
          -0.999498,
          2.158309
        ],
        [
          0.999723,
          -0.022131,
          0.008017,
          3.335177
        ],
        [
          -0.022367,
          -0.99928,
          0.030651,
          1.59551
        ],
        [
          0.0,
          0.0,
          0.0,
          1.0
        ]
      ]
    },
    {
      "file_path": "/media/NFS/ttao/scannet/posed_images/scene0288_02/00150.jpg",
      "transform_matrix": [
        [
          0.20423,
          0.048578,
          -0.977717,
          2.222697
        ],
        [
          0.976885,
          -0.074532,
          0.200353,
          3.219943
        ],
        [
          -0.063139,
          -0.996035,
          -0.062677,
          1.540936
        ],
        [
          0.0,
          0.0,
          0.0,
          1.0
        ]
      ]
    },
    {
      "file_path": "/media/NFS/ttao/scannet/posed_images/scene0288_02/00154.jpg",
      "transform_matrix": [
        [
          0.238815,
          0.078084,
          -0.96792,
          2.243254
        ],
        [
          0.968261,
          -0.094838,
          0.231248,
          3.181779
        ],
        [
          -0.073739,
          -0.992426,
          -0.098254,
          1.500795
        ],
        [
          0.0,
          0.0,
          0.0,
          1.0
        ]
      ]
    },
    {
      "file_path": "/media/NFS/ttao/scannet/posed_images/scene0288_02/00162.jpg",
      "transform_matrix": [
        [
          0.329199,
          0.172456,
          -0.928379,
          2.223255
        ],
        [
          0.939941,
          -0.153781,
          0.304733,
          3.097705
        ],
        [
          -0.090214,
          -0.972939,
          -0.212723,
          1.439876
        ],
        [
          0.0,
          0.0,
          0.0,
          1.0
        ]
      ]
    },
    {
      "file_path": "/media/NFS/ttao/scannet/posed_images/scene0288_02/00170.jpg",
      "transform_matrix": [
        [
          0.428846,
          0.269934,
          -0.862106,
          2.136061
        ],
        [
          0.901542,
          -0.188689,
          0.389383,
          2.955594
        ],
        [
          -0.057562,
          -0.94421,
          -0.324276,
          1.413655
        ],
        [
          0.0,
          0.0,
          0.0,
          1.0
        ]
      ]
    },
    {
      "file_path": "/media/NFS/ttao/scannet/posed_images/scene0288_02/00172.jpg",
      "transform_matrix": [
        [
          0.453646,
          0.293502,
          -0.841464,
          2.126247
        ],
        [
          0.890114,
          -0.195449,
          0.411701,
          2.93082
        ],
        [
          -0.043628,
          -0.935765,
          -0.349914,
          1.402515
        ],
        [
          0.0,
          0.0,
          0.0,
          1.0
        ]
      ]
    },
    {
      "file_path": "/media/NFS/ttao/scannet/posed_images/scene0288_02/00182.jpg",
      "transform_matrix": [
        [
          0.544078,
          0.295001,
          -0.785463,
          2.116287
        ],
        [
          0.838069,
          -0.235983,
          0.491887,
          2.786939
        ],
        [
          -0.040248,
          -0.925898,
          -0.375625,
          1.382349
        ],
        [
          0.0,
          0.0,
          0.0,
          1.0
        ]
      ]
    },
    {
      "file_path": "/media/NFS/ttao/scannet/posed_images/scene0288_02/00190.jpg",
      "transform_matrix": [
        [
          0.592581,
          0.315856,
          -0.741001,
          2.107677
        ],
        [
          0.804785,
          -0.271193,
          0.527992,
          2.65117
        ],
        [
          -0.034185,
          -0.909225,
          -0.4149,
          1.371736
        ],
        [
          0.0,
          0.0,
          0.0,
          1.0
        ]
      ]
    },
    {
      "file_path": "/media/NFS/ttao/scannet/posed_images/scene0288_02/00196.jpg",
      "transform_matrix": [
        [
          0.592015,
          0.352997,
          -0.724508,
          2.095134
        ],
        [
          0.805793,
          -0.275679,
          0.524118,
          2.585726
        ],
        [
          -0.014719,
          -0.894088,
          -0.447649,
          1.348067
        ],
        [
          0.0,
          0.0,
          0.0,
          1.0
        ]
      ]
    },
    {
      "file_path": "/media/NFS/ttao/scannet/posed_images/scene0288_02/00204.jpg",
      "transform_matrix": [
        [
          0.633243,
          0.359978,
          -0.685141,
          2.085861
        ],
        [
          0.773769,
          -0.313736,
          0.550319,
          2.583909
        ],
        [
          -0.016851,
          -0.878627,
          -0.477211,
          1.345899
        ],
        [
          0.0,
          0.0,
          0.0,
          1.0
        ]
      ]
    },
    {
      "file_path": "/media/NFS/ttao/scannet/posed_images/scene0288_02/00206.jpg",
      "transform_matrix": [
        [
          0.639632,
          0.356555,
          -0.680984,
          2.082289
        ],
        [
          0.768458,
          -0.31797,
          0.555308,
          2.591648
        ],
        [
          -0.018534,
          -0.878501,
          -0.477381,
          1.350724
        ],
        [
          0.0,
          0.0,
          0.0,
          1.0
        ]
      ]
    },
    {
      "file_path": "/media/NFS/ttao/scannet/posed_images/scene0288_02/00212.jpg",
      "transform_matrix": [
        [
          0.647158,
          0.335725,
          -0.684452,
          2.06354
        ],
        [
          0.762153,
          -0.305646,
          0.570705,
          2.625246
        ],
        [
          -0.0176,
          -0.890993,
          -0.453675,
          1.362173
        ],
        [
          0.0,
          0.0,
          0.0,
          1.0
        ]
      ]
    },
    {
      "file_path": "/media/NFS/ttao/scannet/posed_images/scene0288_02/00222.jpg",
      "transform_matrix": [
        [
          0.639874,
          0.292146,
          -0.710782,
          1.994825
        ],
        [
          0.767944,
          -0.27763,
          0.577221,
          2.735852
        ],
        [
          -0.028702,
          -0.91519,
          -0.402,
          1.368278
        ],
        [
          0.0,
          0.0,
          0.0,
          1.0
        ]
      ]
    },
    {
      "file_path": "/media/NFS/ttao/scannet/posed_images/scene0288_02/00230.jpg",
      "transform_matrix": [
        [
          0.605349,
          0.300703,
          -0.736974,
          1.911159
        ],
        [
          0.795519,
          -0.259407,
          0.547593,
          2.843625
        ],
        [
          -0.026513,
          -0.917761,
          -0.396247,
          1.38208
        ],
        [
          0.0,
          0.0,
          0.0,
          1.0
        ]
      ]
    },
    {
      "file_path": "/media/NFS/ttao/scannet/posed_images/scene0288_02/00232.jpg",
      "transform_matrix": [
        [
          0.601724,
          0.30593,
          -0.73779,
          1.88991
        ],
        [
          0.798247,
          -0.2616,
          0.542557,
          2.865004
        ],
        [
          -0.027021,
          -0.915408,
          -0.401618,
          1.384107
        ],
        [
          0.0,
          0.0,
          0.0,
          1.0
        ]
      ]
    },
    {
      "file_path": "/media/NFS/ttao/scannet/posed_images/scene0288_02/00240.jpg",
      "transform_matrix": [
        [
          0.603695,
          0.324745,
          -0.728075,
          1.790341
        ],
        [
          0.797046,
          -0.264692,
          0.542822,
          2.950346
        ],
        [
          -0.016437,
          -0.908008,
          -0.41863,
          1.376738
        ],
        [
          0.0,
          0.0,
          0.0,
          1.0
        ]
      ]
    },
    {
      "file_path": "/media/NFS/ttao/scannet/posed_images/scene0288_02/00250.jpg",
      "transform_matrix": [
        [
          0.633268,
          0.33135,
          -0.699412,
          1.586512
        ],
        [
          0.773576,
          -0.243601,
          0.585011,
          3.04858
        ],
        [
          0.023466,
          -0.911518,
          -0.41059,
          1.37938
        ],
        [
          0.0,
          0.0,
          0.0,
          1.0
        ]
      ]
    },
    {
      "file_path": "/media/NFS/ttao/scannet/posed_images/scene0288_02/00254.jpg",
      "transform_matrix": [
        [
          0.63305,
          0.330926,
          -0.699811,
          1.509658
        ],
        [
          0.773889,
          -0.2489,
          0.582362,
          3.091393
        ],
        [
          0.018536,
          -0.91024,
          -0.413666,
          1.387532
        ],
        [
          0.0,
          0.0,
          0.0,
          1.0
        ]
      ]
    },
    {
      "file_path": "/media/NFS/ttao/scannet/posed_images/scene0288_02/00264.jpg",
      "transform_matrix": [
        [
          0.639354,
          0.336227,
          -0.691504,
          1.398462
        ],
        [
          0.768316,
          -0.243942,
          0.591762,
          3.16747
        ],
        [
          0.03028,
          -0.909639,
          -0.414294,
          1.389118
        ],
        [
          0.0,
          0.0,
          0.0,
          1.0
        ]
      ]
    },
    {
      "file_path": "/media/NFS/ttao/scannet/posed_images/scene0288_02/00270.jpg",
      "transform_matrix": [
        [
          0.64822,
          0.324506,
          -0.688845,
          1.374588
        ],
        [
          0.760926,
          -0.242381,
          0.601867,
          3.196472
        ],
        [
          0.028347,
          -0.914302,
          -0.404041,
          1.399595
        ],
        [
          0.0,
          0.0,
          0.0,
          1.0
        ]
      ]
    },
    {
      "file_path": "/media/NFS/ttao/scannet/posed_images/scene0288_02/00272.jpg",
      "transform_matrix": [
        [
          0.657056,
          0.315822,
          -0.684495,
          1.37234
        ],
        [
          0.753386,
          -0.243547,
          0.610815,
          3.204138
        ],
        [
          0.026202,
          -0.917029,
          -0.39796,
          1.403008
        ],
        [
          0.0,
          0.0,
          0.0,
          1.0
        ]
      ]
    },
    {
      "file_path": "/media/NFS/ttao/scannet/posed_images/scene0288_02/00278.jpg",
      "transform_matrix": [
        [
          0.666713,
          0.298781,
          -0.682805,
          1.391188
        ],
        [
          0.744863,
          -0.235227,
          0.624378,
          3.210078
        ],
        [
          0.025938,
          -0.924877,
          -0.37938,
          1.422146
        ],
        [
          0.0,
          0.0,
          0.0,
          1.0
        ]
      ]
    },
    {
      "file_path": "/media/NFS/ttao/scannet/posed_images/scene0288_02/00290.jpg",
      "transform_matrix": [
        [
          0.721307,
          0.196499,
          -0.664156,
          1.541
        ],
        [
          0.692413,
          -0.18142,
          0.69832,
          3.163101
        ],
        [
          0.016728,
          -0.963574,
          -0.266918,
          1.49401
        ],
        [
          0.0,
          0.0,
          0.0,
          1.0
        ]
      ]
    },
    {
      "file_path": "/media/NFS/ttao/scannet/posed_images/scene0288_02/00296.jpg",
      "transform_matrix": [
        [
          0.703379,
          0.144437,
          -0.695985,
          1.668088
        ],
        [
          0.710747,
          -0.15643,
          0.685834,
          3.079157
        ],
        [
          -0.009813,
          -0.977071,
          -0.212688,
          1.515847
        ],
        [
          0.0,
          0.0,
          0.0,
          1.0
        ]
      ]
    },
    {
      "file_path": "/media/NFS/ttao/scannet/posed_images/scene0288_02/00298.jpg",
      "transform_matrix": [
        [
          0.692559,
          0.123996,
          -0.710624,
          1.708896
        ],
        [
          0.721191,
          -0.14043,
          0.678354,
          3.043744
        ],
        [
          -0.015679,
          -0.982295,
          -0.186681,
          1.525879
        ],
        [
          0.0,
          0.0,
          0.0,
          1.0
        ]
      ]
    },
    {
      "file_path": "/media/NFS/ttao/scannet/posed_images/scene0288_02/00306.jpg",
      "transform_matrix": [
        [
          0.720315,
          0.082364,
          -0.68874,
          1.851162
        ],
        [
          0.693563,
          -0.070068,
          0.71698,
          2.959715
        ],
        [
          0.010795,
          -0.994136,
          -0.107595,
          1.58624
        ],
        [
          0.0,
          0.0,
          0.0,
          1.0
        ]
      ]
    },
    {
      "file_path": "/media/NFS/ttao/scannet/posed_images/scene0288_02/00316.jpg",
      "transform_matrix": [
        [
          0.773289,
          0.022239,
          -0.633663,
          1.94522
        ],
        [
          0.633104,
          0.027594,
          0.773575,
          2.879859
        ],
        [
          0.034688,
          -0.999372,
          0.007259,
          1.655519
        ],
        [
          0.0,
          0.0,
          0.0,
          1.0
        ]
      ]
    },
    {
      "file_path": "/media/NFS/ttao/scannet/posed_images/scene0288_02/00320.jpg",
      "transform_matrix": [
        [
          0.811842,
          0.009167,
          -0.583805,
          1.944118
        ],
        [
          0.583007,
          0.041847,
          0.811389,
          2.82607
        ],
        [
          0.031868,
          -0.999082,
          0.028629,
          1.665881
        ],
        [
          0.0,
          0.0,
          0.0,
          1.0
        ]
      ]
    },
    {
      "file_path": "/media/NFS/ttao/scannet/posed_images/scene0288_02/00326.jpg",
      "transform_matrix": [
        [
          0.858245,
          -0.000365,
          -0.51324,
          1.969925
        ],
        [
          0.51274,
          0.044765,
          0.857376,
          2.774698
        ],
        [
          0.022662,
          -0.998998,
          0.038607,
          1.679248
        ],
        [
          0.0,
          0.0,
          0.0,
          1.0
        ]
      ]
    },
    {
      "file_path": "/media/NFS/ttao/scannet/posed_images/scene0288_02/00336.jpg",
      "transform_matrix": [
        [
          0.946443,
          0.003548,
          -0.322852,
          1.99325
        ],
        [
          0.322758,
          0.016126,
          0.946344,
          2.669087
        ],
        [
          0.008564,
          -0.999864,
          0.014118,
          1.652907
        ],
        [
          0.0,
          0.0,
          0.0,
          1.0
        ]
      ]
    },
    {
      "file_path": "/media/NFS/ttao/scannet/posed_images/scene0288_02/00344.jpg",
      "transform_matrix": [
        [
          0.974726,
          0.007613,
          -0.223272,
          2.021369
        ],
        [
          0.223203,
          -0.075366,
          0.971854,
          2.619642
        ],
        [
          -0.009428,
          -0.997127,
          -0.075161,
          1.60618
        ],
        [
          0.0,
          0.0,
          0.0,
          1.0
        ]
      ]
    },
    {
      "file_path": "/media/NFS/ttao/scannet/posed_images/scene0288_02/00346.jpg",
      "transform_matrix": [
        [
          0.975523,
          0.00916,
          -0.219704,
          2.02391
        ],
        [
          0.219633,
          -0.089305,
          0.971487,
          2.603645
        ],
        [
          -0.010722,
          -0.995962,
          -0.089131,
          1.581187
        ],
        [
          0.0,
          0.0,
          0.0,
          1.0
        ]
      ]
    },
    {
      "file_path": "/media/NFS/ttao/scannet/posed_images/scene0288_02/00352.jpg",
      "transform_matrix": [
        [
          0.975195,
          0.009176,
          -0.221157,
          2.015636
        ],
        [
          0.220355,
          -0.134753,
          0.966067,
          2.539027
        ],
        [
          -0.020936,
          -0.990837,
          -0.133432,
          1.526449
        ],
        [
          0.0,
          0.0,
          0.0,
          1.0
        ]
      ]
    },
    {
      "file_path": "/media/NFS/ttao/scannet/posed_images/scene0288_02/00360.jpg",
      "transform_matrix": [
        [
          0.975905,
          0.025108,
          -0.216747,
          2.009197
        ],
        [
          0.216955,
          -0.21746,
          0.951652,
          2.449103
        ],
        [
          -0.02324,
          -0.975746,
          -0.217667,
          1.464285
        ],
        [
          0.0,
          0.0,
          0.0,
          1.0
        ]
      ]
    },
    {
      "file_path": "/media/NFS/ttao/scannet/posed_images/scene0288_02/00368.jpg",
      "transform_matrix": [
        [
          0.97426,
          0.062673,
          -0.216541,
          1.98948
        ],
        [
          0.225175,
          -0.316041,
          0.921637,
          2.374609
        ],
        [
          -0.010674,
          -0.946673,
          -0.322019,
          1.39138
        ],
        [
          0.0,
          0.0,
          0.0,
          1.0
        ]
      ]
    },
    {
      "file_path": "/media/NFS/ttao/scannet/posed_images/scene0288_02/00372.jpg",
      "transform_matrix": [
        [
          0.975257,
          0.062694,
          -0.212,
          1.976281
        ],
        [
          0.220485,
          -0.345879,
          0.912006,
          2.354357
        ],
        [
          -0.016149,
          -0.936182,
          -0.351144,
          1.376596
        ],
        [
          0.0,
          0.0,
          0.0,
          1.0
        ]
      ]
    },
    {
      "file_path": "/media/NFS/ttao/scannet/posed_images/scene0288_02/00382.jpg",
      "transform_matrix": [
        [
          0.984665,
          0.051032,
          -0.166827,
          1.959666
        ],
        [
          0.173309,
          -0.395672,
          0.901891,
          2.326335
        ],
        [
          -0.019983,
          -0.916973,
          -0.398449,
          1.343533
        ],
        [
          0.0,
          0.0,
          0.0,
          1.0
        ]
      ]
    },
    {
      "file_path": "/media/NFS/ttao/scannet/posed_images/scene0288_02/00390.jpg",
      "transform_matrix": [
        [
          0.998602,
          -0.006523,
          -0.052457,
          1.87122
        ],
        [
          0.044991,
          -0.416092,
          0.908209,
          2.309027
        ],
        [
          -0.027751,
          -0.909299,
          -0.415216,
          1.351333
        ],
        [
          0.0,
          0.0,
          0.0,
          1.0
        ]
      ]
    },
    {
      "file_path": "/media/NFS/ttao/scannet/posed_images/scene0288_02/00392.jpg",
      "transform_matrix": [
        [
          0.999097,
          -0.026196,
          -0.033453,
          1.870451
        ],
        [
          0.019629,
          -0.413713,
          0.910196,
          2.301641
        ],
        [
          -0.037683,
          -0.91003,
          -0.412825,
          1.345156
        ],
        [
          0.0,
          0.0,
          0.0,
          1.0
        ]
      ]
    },
    {
      "file_path": "/media/NFS/ttao/scannet/posed_images/scene0288_02/00400.jpg",
      "transform_matrix": [
        [
          0.993449,
          -0.066576,
          0.092883,
          1.831065
        ],
        [
          -0.111888,
          -0.401258,
          0.909106,
          2.297513
        ],
        [
          -0.023255,
          -0.913543,
          -0.406078,
          1.328066
        ],
        [
          0.0,
          0.0,
          0.0,
          1.0
        ]
      ]
    },
    {
      "file_path": "/media/NFS/ttao/scannet/posed_images/scene0288_02/00410.jpg",
      "transform_matrix": [
        [
          0.971766,
          -0.110145,
          0.208657,
          1.871343
        ],
        [
          -0.235283,
          -0.386212,
          0.891898,
          2.325022
        ],
        [
          -0.017652,
          -0.91581,
          -0.401223,
          1.331016
        ],
        [
          0.0,
          0.0,
          0.0,
          1.0
        ]
      ]
    },
    {
      "file_path": "/media/NFS/ttao/scannet/posed_images/scene0288_02/00412.jpg",
      "transform_matrix": [
        [
          0.969572,
          -0.120608,
          0.213035,
          1.875411
        ],
        [
          -0.243582,
          -0.38835,
          0.888736,
          2.337991
        ],
        [
          -0.024457,
          -0.913585,
          -0.405911,
          1.342922
        ],
        [
          0.0,
          0.0,
          0.0,
          1.0
        ]
      ]
    },
    {
      "file_path": "/media/NFS/ttao/scannet/posed_images/scene0288_02/00424.jpg",
      "transform_matrix": [
        [
          0.967666,
          -0.141938,
          0.208508,
          1.883108
        ],
        [
          -0.24078,
          -0.273524,
          0.931241,
          2.436083
        ],
        [
          -0.075147,
          -0.951335,
          -0.298855,
          1.397364
        ],
        [
          0.0,
          0.0,
          0.0,
          1.0
        ]
      ]
    },
    {
      "file_path": "/media/NFS/ttao/scannet/posed_images/scene0288_02/00428.jpg",
      "transform_matrix": [
        [
          0.974154,
          -0.125135,
          0.188056,
          1.885131
        ],
        [
          -0.213755,
          -0.24154,
          0.946555,
          2.473079
        ],
        [
          -0.073024,
          -0.962289,
          -0.262046,
          1.440075
        ],
        [
          0.0,
          0.0,
          0.0,
          1.0
        ]
      ]
    },
    {
      "file_path": "/media/NFS/ttao/scannet/posed_images/scene0288_02/00434.jpg",
      "transform_matrix": [
        [
          0.983039,
          -0.10299,
          0.151748,
          1.860161
        ],
        [
          -0.170433,
          -0.20747,
          0.96328,
          2.510743
        ],
        [
          -0.067725,
          -0.972805,
          -0.221504,
          1.474351
        ],
        [
          0.0,
          0.0,
          0.0,
          1.0
        ]
      ]
    },
    {
      "file_path": "/media/NFS/ttao/scannet/posed_images/scene0288_02/00440.jpg",
      "transform_matrix": [
        [
          0.987044,
          -0.08198,
          0.137927,
          1.844938
        ],
        [
          -0.148482,
          -0.1409,
          0.978826,
          2.533535
        ],
        [
          -0.06081,
          -0.986624,
          -0.151247,
          1.519688
        ],
        [
          0.0,
          0.0,
          0.0,
          1.0
        ]
      ]
    },
    {
      "file_path": "/media/NFS/ttao/scannet/posed_images/scene0288_02/00446.jpg",
      "transform_matrix": [
        [
          0.98963,
          -0.049168,
          0.134963,
          1.82965
        ],
        [
          -0.138323,
          -0.072912,
          0.9877,
          2.557932
        ],
        [
          -0.038722,
          -0.996126,
          -0.078957,
          1.598266
        ],
        [
          0.0,
          0.0,
          0.0,
          1.0
        ]
      ]
    },
    {
      "file_path": "/media/NFS/ttao/scannet/posed_images/scene0288_02/00454.jpg",
      "transform_matrix": [
        [
          0.983504,
          -0.055417,
          0.172188,
          1.832539
        ],
        [
          -0.172971,
          -0.009605,
          0.984881,
          2.577897
        ],
        [
          -0.052926,
          -0.998417,
          -0.019032,
          1.637822
        ],
        [
          0.0,
          0.0,
          0.0,
          1.0
        ]
      ]
    },
    {
      "file_path": "/media/NFS/ttao/scannet/posed_images/scene0288_02/00464.jpg",
      "transform_matrix": [
        [
          0.980646,
          -0.028775,
          0.193665,
          1.889294
        ],
        [
          -0.193042,
          0.023045,
          0.98092,
          2.581652
        ],
        [
          -0.032689,
          -0.99932,
          0.017045,
          1.66472
        ],
        [
          0.0,
          0.0,
          0.0,
          1.0
        ]
      ]
    },
    {
      "file_path": "/media/NFS/ttao/scannet/posed_images/scene0288_02/00468.jpg",
      "transform_matrix": [
        [
          0.980689,
          -0.029138,
          0.19339,
          1.917734
        ],
        [
          -0.192615,
          0.027413,
          0.980892,
          2.575909
        ],
        [
          -0.033883,
          -0.9992,
          0.021271,
          1.665076
        ],
        [
          0.0,
          0.0,
          0.0,
          1.0
        ]
      ]
    },
    {
      "file_path": "/media/NFS/ttao/scannet/posed_images/scene0288_02/00476.jpg",
      "transform_matrix": [
        [
          0.978505,
          -0.030906,
          0.203896,
          1.988745
        ],
        [
          -0.204156,
          -0.005465,
          0.978923,
          2.569322
        ],
        [
          -0.02914,
          -0.999508,
          -0.011657,
          1.620485
        ],
        [
          0.0,
          0.0,
          0.0,
          1.0
        ]
      ]
    },
    {
      "file_path": "/media/NFS/ttao/scannet/posed_images/scene0288_02/00484.jpg",
      "transform_matrix": [
        [
          0.985574,
          -0.056394,
          0.159574,
          2.048413
        ],
        [
          -0.163268,
          -0.068446,
          0.984205,
          2.587287
        ],
        [
          -0.044581,
          -0.99606,
          -0.076666,
          1.563843
        ],
        [
          0.0,
          0.0,
          0.0,
          1.0
        ]
      ]
    },
    {
      "file_path": "/media/NFS/ttao/scannet/posed_images/scene0288_02/00486.jpg",
      "transform_matrix": [
        [
          0.986694,
          -0.068295,
          0.147545,
          2.066341
        ],
        [
          -0.152538,
          -0.074789,
          0.985464,
          2.593523
        ],
        [
          -0.056268,
          -0.994858,
          -0.084211,
          1.556808
        ],
        [
          0.0,
          0.0,
          0.0,
          1.0
        ]
      ]
    },
    {
      "file_path": "/media/NFS/ttao/scannet/posed_images/scene0288_02/00492.jpg",
      "transform_matrix": [
        [
          0.98891,
          -0.053953,
          0.13837,
          2.146541
        ],
        [
          -0.143121,
          -0.097353,
          0.984906,
          2.612864
        ],
        [
          -0.039668,
          -0.993787,
          -0.103995,
          1.510196
        ],
        [
          0.0,
          0.0,
          0.0,
          1.0
        ]
      ]
    },
    {
      "file_path": "/media/NFS/ttao/scannet/posed_images/scene0288_02/00500.jpg",
      "transform_matrix": [
        [
          0.985356,
          -0.05938,
          0.159837,
          2.243166
        ],
        [
          -0.16798,
          -0.177138,
          0.969745,
          2.640137
        ],
        [
          -0.02927,
          -0.982393,
          -0.184518,
          1.465074
        ],
        [
          0.0,
          0.0,
          0.0,
          1.0
        ]
      ]
    },
    {
      "file_path": "/media/NFS/ttao/scannet/posed_images/scene0288_02/00507.jpg",
      "transform_matrix": [
        [
          0.981605,
          -0.098871,
          0.163331,
          2.309399
        ],
        [
          -0.183608,
          -0.254285,
          0.949541,
          2.636805
        ],
        [
          -0.05235,
          -0.962062,
          -0.267761,
          1.423289
        ],
        [
          0.0,
          0.0,
          0.0,
          1.0
        ]
      ]
    },
    {
      "file_path": "/media/NFS/ttao/scannet/posed_images/scene0288_02/00513.jpg",
      "transform_matrix": [
        [
          0.983546,
          -0.104664,
          0.147249,
          2.382529
        ],
        [
          -0.172773,
          -0.306801,
          0.935961,
          2.609
        ],
        [
          -0.052785,
          -0.946002,
          -0.319836,
          1.397533
        ],
        [
