{
  "frames": [
    {
      "file_path": "/media/NFS/ttao/scannet/posed_images/scene0553_02/00003.jpg",
      "transform_matrix": [
        [
          0.140694,
          -0.388499,
          0.910645,
          1.548204
        ],
        [
          -0.989323,
          -0.090488,
          0.114246,
          1.303901
        ],
        [
          0.038018,
          -0.916995,
          -0.397082,
          1.370574
        ],
        [
          0.0,
          0.0,
          0.0,
          1.0
        ]
      ]
    },
    {
      "file_path": "/media/NFS/ttao/scannet/posed_images/scene0553_02/00005.jpg",
      "transform_matrix": [
        [
          0.141729,
          -0.386624,
          0.911282,
          1.550066
        ],
        [
          -0.989188,
          -0.090352,
          0.115512,
          1.30325
        ],
        [
          0.037677,
          -0.917801,
          -0.395249,
          1.370719
        ],
        [
          0.0,
          0.0,
          0.0,
          1.0
        ]
      ]
    },
    {
      "file_path": "/media/NFS/ttao/scannet/posed_images/scene0553_02/00013.jpg",
      "transform_matrix": [
        [
          0.149119,
          -0.37352,
          0.915558,
          1.554798
        ],
        [
          -0.988176,
          -0.089698,
          0.124352,
          1.320317
        ],
        [
          0.035676,
          -0.923275,
          -0.382479,
          1.372769
        ],
        [
          0.0,
          0.0,
          0.0,
          1.0
        ]
      ]
    },
    {
      "file_path": "/media/NFS/ttao/scannet/posed_images/scene0553_02/00016.jpg",
      "transform_matrix": [
        [
          0.133967,
          -0.369306,
          0.919601,
          1.558743
        ],
        [
          -0.990617,
          -0.075225,
          0.114102,
          1.322573
        ],
        [
          0.027039,
          -0.926259,
          -0.375918,
          1.365831
        ],
        [
          0.0,
          0.0,
          0.0,
          1.0
        ]
      ]
    },
    {
      "file_path": "/media/NFS/ttao/scannet/posed_images/scene0553_02/00022.jpg",
      "transform_matrix": [
        [
          0.109029,
          -0.37092,
          0.922242,
          1.558739
        ],
        [
          -0.993974,
          -0.051318,
          0.096869,
          1.328111
        ],
        [
          0.011397,
          -0.927246,
          -0.37428,
          1.351338
        ],
        [
          0.0,
          0.0,
          0.0,
          1.0
        ]
      ]
    },
    {
      "file_path": "/media/NFS/ttao/scannet/posed_images/scene0553_02/00025.jpg",
      "transform_matrix": [
        [
          0.100092,
          -0.379003,
          0.919967,
          1.55815
        ],
        [
          -0.994925,
          -0.047733,
          0.088583,
          1.332092
        ],
        [
          0.01034,
          -0.924164,
          -0.381856,
          1.345794
        ],
        [
          0.0,
          0.0,
          0.0,
          1.0
        ]
      ]
    },
    {
      "file_path": "/media/NFS/ttao/scannet/posed_images/scene0553_02/00030.jpg",
      "transform_matrix": [
        [
          0.068267,
          -0.385835,
          0.920039,
          1.554733
        ],
        [
          -0.99755,
          -0.040545,
          0.057015,
          1.348407
        ],
        [
          0.015304,
          -0.921676,
          -0.387658,
          1.331715
        ],
        [
          0.0,
          0.0,
          0.0,
          1.0
        ]
      ]
    },
    {
      "file_path": "/media/NFS/ttao/scannet/posed_images/scene0553_02/00036.jpg",
      "transform_matrix": [
        [
          0.016999,
          -0.351289,
          0.936113,
          1.549854
        ],
        [
          -0.999856,
          -0.006304,
          0.015791,
          1.369589
        ],
        [
          0.000354,
          -0.936246,
          -0.351345,
          1.320412
        ],
        [
          0.0,
          0.0,
          0.0,
          1.0
        ]
      ]
    },
    {
      "file_path": "/media/NFS/ttao/scannet/posed_images/scene0553_02/00044.jpg",
      "transform_matrix": [
        [
          -0.046624,
          -0.380222,
          0.92372,
          1.549235
        ],
        [
          -0.998908,
          0.020503,
          -0.041979,
          1.408809
        ],
        [
          -0.002977,
          -0.924668,
          -0.380763,
          1.2793
        ],
        [
          0.0,
          0.0,
          0.0,
          1.0
        ]
      ]
    },
    {
      "file_path": "/media/NFS/ttao/scannet/posed_images/scene0553_02/00050.jpg",
      "transform_matrix": [
        [
          -0.058971,
          -0.384752,
          0.921134,
          1.545879
        ],
        [
          -0.998214,
          0.031556,
          -0.050725,
          1.439077
        ],
        [
          -0.00955,
          -0.922481,
          -0.385926,
          1.245369
        ],
        [
          0.0,
          0.0,
          0.0,
          1.0
        ]
      ]
    },
    {
      "file_path": "/media/NFS/ttao/scannet/posed_images/scene0553_02/00052.jpg",
      "transform_matrix": [
        [
          -0.054004,
          -0.381903,
          0.922623,
          1.542538
        ],
        [
          -0.998535,
          0.023826,
          -0.048585,
          1.448088
        ],
        [
          -0.003428,
          -0.923895,
          -0.38263,
          1.232477
        ],
        [
          0.0,
          0.0,
          0.0,
          1.0
        ]
      ]
    },
    {
      "file_path": "/media/NFS/ttao/scannet/posed_images/scene0553_02/00060.jpg",
      "transform_matrix": [
        [
          -0.024139,
          -0.429425,
          0.90278,
          1.537572
        ],
        [
          -0.99947,
          -0.009382,
          -0.031188,
          1.47316
        ],
        [
          0.021863,
          -0.903054,
          -0.428971,
          1.209481
        ],
        [
          0.0,
          0.0,
          0.0,
          1.0
        ]
      ]
    },
    {
      "file_path": "/media/NFS/ttao/scannet/posed_images/scene0553_02/00061.jpg",
      "transform_matrix": [
        [
          -0.025958,
          -0.428539,
          0.90315,
          1.538344
        ],
        [
          -0.999393,
          -0.009871,
          -0.033408,
          1.472983
        ],
        [
          0.023231,
          -0.90347,
          -0.428023,
          1.213953
        ],
        [
          0.0,
          0.0,
          0.0,
          1.0
        ]
      ]
    },
    {
      "file_path": "/media/NFS/ttao/scannet/posed_images/scene0553_02/00067.jpg",
      "transform_matrix": [
        [
          -0.041861,
          -0.388779,
          0.92038,
          1.541943
        ],
        [
          -0.998977,
          0.000505,
          -0.045222,
          1.464688
        ],
        [
          0.017116,
          -0.921331,
          -0.388402,
          1.243397
        ],
        [
          0.0,
          0.0,
          0.0,
          1.0
        ]
      ]
    },
    {
      "file_path": "/media/NFS/ttao/scannet/posed_images/scene0553_02/00074.jpg",
      "transform_matrix": [
        [
          -0.075143,
          -0.327595,
          0.941825,
          1.570642
        ],
        [
          -0.997165,
          0.028488,
          -0.069649,
          1.451182
        ],
        [
          -0.004014,
          -0.944389,
          -0.328807,
          1.288221
        ],
        [
          0.0,
          0.0,
          0.0,
          1.0
        ]
      ]
    },
    {
      "file_path": "/media/NFS/ttao/scannet/posed_images/scene0553_02/00081.jpg",
      "transform_matrix": [
        [
          -0.095748,
          -0.280983,
          0.954925,
          1.640519
        ],
        [
          -0.995006,
          0.054192,
          -0.083821,
          1.433873
        ],
        [
          -0.028197,
          -0.958182,
          -0.284769,
          1.328947
        ],
        [
          0.0,
          0.0,
          0.0,
          1.0
        ]
      ]
    },
    {
      "file_path": "/media/NFS/ttao/scannet/posed_images/scene0553_02/00085.jpg",
      "transform_matrix": [
        [
          -0.09035,
          -0.268299,
          0.95909,
          1.68489
        ],
        [
          -0.995672,
          0.045415,
          -0.081091,
          1.433261
        ],
        [
          -0.0218,
          -0.962265,
          -0.271241,
          1.351295
        ],
        [
          0.0,
          0.0,
          0.0,
          1.0
        ]
      ]
    },
    {
      "file_path": "/media/NFS/ttao/scannet/posed_images/scene0553_02/00091.jpg",
      "transform_matrix": [
        [
          -0.09911,
          -0.263619,
          0.959522,
          1.732927
        ],
        [
          -0.995076,
          0.027248,
          -0.095296,
          1.445566
        ],
        [
          -0.001023,
          -0.964242,
          -0.265022,
          1.366803
        ],
        [
          0.0,
          0.0,
          0.0,
          1.0
        ]
      ]
    },
    {
      "file_path": "/media/NFS/ttao/scannet/posed_images/scene0553_02/00092.jpg",
      "transform_matrix": [
        [
          -0.101142,
          -0.2641,
          0.959178,
          1.740066
        ],
        [
          -0.994869,
          0.024539,
          -0.098149,
          1.448226
        ],
        [
          0.002384,
          -0.964183,
          -0.265227,
          1.369143
        ],
        [
          0.0,
          0.0,
          0.0,
          1.0
        ]
      ]
    },
    {
      "file_path": "/media/NFS/ttao/scannet/posed_images/scene0553_02/00100.jpg",
      "transform_matrix": [
        [
          -0.154428,
          -0.264704,
          0.951884,
          1.801498
        ],
        [
          -0.987755,
          0.019711,
          -0.154766,
          1.491122
        ],
        [
          0.022205,
          -0.964128,
          -0.264507,
          1.380312
        ],
        [
          0.0,
          0.0,
          0.0,
          1.0
        ]
      ]
    },
    {
      "file_path": "/media/NFS/ttao/scannet/posed_images/scene0553_02/00105.jpg",
      "transform_matrix": [
        [
          -0.217562,
          -0.279192,
          0.935264,
          1.842776
        ],
        [
          -0.975885,
          0.044771,
          -0.213646,
          1.520993
        ],
        [
          0.017775,
          -0.959191,
          -0.282199,
          1.384526
        ],
        [
          0.0,
          0.0,
          0.0,
          1.0
        ]
      ]
    },
    {
      "file_path": "/media/NFS/ttao/scannet/posed_images/scene0553_02/00108.jpg",
      "transform_matrix": [
        [
          -0.224508,
          -0.294802,
          0.92881,
          1.863087
        ],
        [
          -0.974303,
          0.05011,
          -0.219599,
          1.535213
        ],
        [
          0.018196,
          -0.954244,
          -0.298476,
          1.383106
        ],
        [
          0.0,
          0.0,
          0.0,
          1.0
        ]
      ]
    },
    {
      "file_path": "/media/NFS/ttao/scannet/posed_images/scene0553_02/00117.jpg",
      "transform_matrix": [
        [
          -0.311457,
          -0.309325,
          0.898506,
          1.913454
        ],
        [
          -0.95005,
          0.081448,
          -0.301284,
          1.536384
        ],
        [
          0.020013,
          -0.947462,
          -0.319241,
          1.392713
        ],
        [
          0.0,
          0.0,
          0.0,
          1.0
        ]
      ]
    },
    {
      "file_path": "/media/NFS/ttao/scannet/posed_images/scene0553_02/00122.jpg",
      "transform_matrix": [
        [
          -0.365634,
          -0.295314,
          0.882668,
          1.922509
        ],
        [
          -0.9304,
          0.089628,
          -0.355419,
          1.525535
        ],
        [
          0.025848,
          -0.951187,
          -0.307531,
          1.40428
        ],
        [
          0.0,
          0.0,
          0.0,
          1.0
        ]
      ]
    },
    {
      "file_path": "/media/NFS/ttao/scannet/posed_images/scene0553_02/00127.jpg",
      "transform_matrix": [
        [
          -0.425139,
          -0.291504,
          0.856903,
          1.925404
        ],
        [
          -0.904807,
          0.111643,
          -0.410927,
          1.521715
        ],
        [
          0.02412,
          -0.950033,
          -0.311218,
          1.409396
        ],
        [
          0.0,
          0.0,
          0.0,
          1.0
        ]
      ]
    },
    {
      "file_path": "/media/NFS/ttao/scannet/posed_images/scene0553_02/00132.jpg",
      "transform_matrix": [
        [
          -0.474006,
          -0.279246,
          0.835069,
          1.917201
        ],
        [
          -0.880341,
          0.131113,
          -0.45586,
          1.510152
        ],
        [
          0.017809,
          -0.951226,
          -0.307981,
          1.41532
        ],
        [
          0.0,
          0.0,
          0.0,
          1.0
        ]
      ]
    },
    {
      "file_path": "/media/NFS/ttao/scannet/posed_images/scene0553_02/00136.jpg",
      "transform_matrix": [
        [
          -0.511436,
          -0.27448,
          0.814306,
          1.912065
        ],
        [
          -0.858896,
          0.133467,
          -0.494453,
          1.517076
        ],
        [
          0.027035,
          -0.952285,
          -0.30401,
          1.415289
        ],
        [
          0.0,
          0.0,
          0.0,
          1.0
        ]
      ]
    },
    {
      "file_path": "/media/NFS/ttao/scannet/posed_images/scene0553_02/00143.jpg",
      "transform_matrix": [
        [
          -0.553586,
          -0.26015,
          0.791116,
          1.892744
        ],
        [
          -0.832053,
          0.132752,
          -0.538577,
          1.51027
        ],
        [
          0.035089,
          -0.956399,
          -0.289949,
          1.418694
        ],
        [
          0.0,
          0.0,
          0.0,
          1.0
        ]
      ]
    },
    {
      "file_path": "/media/NFS/ttao/scannet/posed_images/scene0553_02/00146.jpg",
      "transform_matrix": [
        [
          -0.572323,
          -0.257131,
          0.778672,
          1.886438
        ],
        [
          -0.819156,
          0.135492,
          -0.557337,
          1.515468
        ],
        [
          0.037805,
          -0.956831,
          -0.288176,
          1.420343
        ],
        [
          0.0,
          0.0,
          0.0,
          1.0
        ]
      ]
    },
    {
      "file_path": "/media/NFS/ttao/scannet/posed_images/scene0553_02/00153.jpg",
      "transform_matrix": [
        [
          -0.57634,
          -0.250464,
          0.777882,
          1.84745
        ],
        [
          -0.816403,
          0.134166,
          -0.561681,
          1.517042
        ],
        [
          0.036315,
          -0.958784,
          -0.281805,
          1.423437
        ],
        [
          0.0,
          0.0,
          0.0,
          1.0
        ]
      ]
    },
    {
      "file_path": "/media/NFS/ttao/scannet/posed_images/scene0553_02/00158.jpg",
      "transform_matrix": [
        [
          -0.584915,
          -0.259922,
          0.768319,
          1.801477
        ],
        [
          -0.809579,
          0.129208,
          -0.572615,
          1.528661
        ],
        [
          0.049562,
          -0.956946,
          -0.286003,
          1.427574
        ],
        [
          0.0,
          0.0,
          0.0,
          1.0
        ]
      ]
    },
    {
      "file_path": "/media/NFS/ttao/scannet/posed_images/scene0553_02/00161.jpg",
      "transform_matrix": [
        [
          -0.601498,
          -0.259559,
          0.755532,
          1.764745
        ],
        [
          -0.796386,
          0.120239,
          -0.592716,
          1.535505
        ],
        [
          0.063001,
          -0.958213,
          -0.279033,
          1.431119
        ],
        [
          0.0,
          0.0,
          0.0,
          1.0
        ]
      ]
    },
    {
      "file_path": "/media/NFS/ttao/scannet/posed_images/scene0553_02/00168.jpg",
      "transform_matrix": [
        [
          -0.638197,
          -0.240496,
          0.731346,
          1.680512
        ],
        [
          -0.765542,
          0.097617,
          -0.635937,
          1.553863
        ],
        [
          0.081548,
          -0.965729,
          -0.246409,
          1.439434
        ],
        [
          0.0,
          0.0,
          0.0,
          1.0
        ]
      ]
    },
    {
      "file_path": "/media/NFS/ttao/scannet/posed_images/scene0553_02/00172.jpg",
      "transform_matrix": [
        [
          -0.63612,
          -0.230273,
          0.736428,
          1.635643
        ],
        [
          -0.767958,
          0.096453,
          -0.633196,
          1.550345
        ],
        [
          0.074778,
          -0.968334,
          -0.238196,
          1.448233
        ],
        [
          0.0,
          0.0,
          0.0,
          1.0
        ]
      ]
    },
    {
      "file_path": "/media/NFS/ttao/scannet/posed_images/scene0553_02/00177.jpg",
      "transform_matrix": [
        [
          -0.637326,
          -0.210367,
          0.741324,
          1.604873
        ],
        [
          -0.76814,
          0.096711,
          -0.632936,
          1.562918
        ],
        [
          0.061454,
          -0.972827,
          -0.223227,
          1.461071
        ],
        [
          0.0,
          0.0,
          0.0,
          1.0
        ]
      ]
    },
    {
      "file_path": "/media/NFS/ttao/scannet/posed_images/scene0553_02/00182.jpg",
      "transform_matrix": [
        [
          -0.643386,
          -0.19192,
          0.741095,
          1.58666
        ],
        [
          -0.76252,
          0.074721,
          -0.642636,
          1.573936
        ],
        [
          0.067959,
          -0.978562,
          -0.194417,
          1.461666
        ],
        [
          0.0,
          0.0,
          0.0,
          1.0
        ]
      ]
    },
    {
      "file_path": "/media/NFS/ttao/scannet/posed_images/scene0553_02/00191.jpg",
      "transform_matrix": [
        [
          -0.674342,
          -0.166693,
          0.719358,
          1.582763
        ],
        [
          -0.73478,
          0.054883,
          -0.676082,
          1.566912
        ],
        [
          0.073218,
          -0.98448,
          -0.159493,
          1.477419
        ],
        [
          0.0,
          0.0,
          0.0,
          1.0
        ]
      ]
    },
    {
      "file_path": "/media/NFS/ttao/scannet/posed_images/scene0553_02/00193.jpg",
      "transform_matrix": [
        [
          -0.6793,
          -0.165214,
          0.715022,
          1.587545
        ],
        [
          -0.72967,
          0.048086,
          -0.682106,
          1.566391
        ],
        [
          0.078311,
          -0.985085,
          -0.153217,
          1.484962
        ],
        [
          0.0,
          0.0,
          0.0,
          1.0
        ]
      ]
    },
    {
      "file_path": "/media/NFS/ttao/scannet/posed_images/scene0553_02/00200.jpg",
      "transform_matrix": [
        [
          -0.708538,
          -0.143558,
          0.690916,
          1.593639
        ],
        [
          -0.701152,
          0.032563,
          -0.712268,
          1.563372
        ],
        [
          0.079753,
          -0.989106,
          -0.123728,
          1.499692
        ],
        [
          0.0,
          0.0,
          0.0,
          1.0
        ]
      ]
    },
    {
      "file_path": "/media/NFS/ttao/scannet/posed_images/scene0553_02/00202.jpg",
      "transform_matrix": [
        [
          -0.717579,
          -0.134489,
          0.683369,
          1.594004
        ],
        [
          -0.69173,
          0.023255,
          -0.721782,
          1.564753
        ],
        [
          0.08118,
          -0.990642,
          -0.109717,
          1.503129
        ],
        [
          0.0,
          0.0,
          0.0,
          1.0
        ]
      ]
    },
    {
      "file_path": "/media/NFS/ttao/scannet/posed_images/scene0553_02/00208.jpg",
      "transform_matrix": [
        [
          -0.737353,
          -0.113636,
          0.665881,
          1.592533
        ],
        [
          -0.670204,
          -0.000207,
          -0.742177,
          1.570335
        ],
        [
          0.084475,
          -0.993523,
          -0.076007,
          1.509039
        ],
        [
          0.0,
          0.0,
          0.0,
          1.0
        ]
      ]
    },
    {
      "file_path": "/media/NFS/ttao/scannet/posed_images/scene0553_02/00216.jpg",
      "transform_matrix": [
        [
          -0.772779,
          -0.095464,
          0.627455,
          1.578502
        ],
        [
          -0.63031,
          -0.000325,
          -0.776344,
          1.564695
        ],
        [
          0.074317,
          -0.995433,
          -0.059921,
          1.520897
        ],
        [
          0.0,
          0.0,
          0.0,
          1.0
        ]
      ]
    },
    {
      "file_path": "/media/NFS/ttao/scannet/posed_images/scene0553_02/00222.jpg",
      "transform_matrix": [
        [
          -0.811888,
          -0.081451,
          0.578104,
          1.570342
        ],
        [
          -0.580241,
          0.003203,
          -0.814438,
          1.563953
        ],
        [
          0.064485,
          -0.996672,
          -0.049861,
          1.502554
        ],
        [
          0.0,
          0.0,
          0.0,
          1.0
        ]
      ]
    },
    {
      "file_path": "/media/NFS/ttao/scannet/posed_images/scene0553_02/00224.jpg",
      "transform_matrix": [
        [
          -0.820091,
          -0.08071,
          0.566513,
          1.567327
        ],
        [
          -0.568522,
          0.002348,
          -0.822665,
          1.561668
        ],
        [
          0.065066,
          -0.996735,
          -0.047811,
          1.501194
        ],
        [
          0.0,
          0.0,
          0.0,
          1.0
        ]
      ]
    },
    {
      "file_path": "/media/NFS/ttao/scannet/posed_images/scene0553_02/00229.jpg",
      "transform_matrix": [
        [
          -0.839302,
          -0.083455,
          0.537222,
          1.561939
        ],
        [
          -0.540064,
          0.014428,
          -0.8415,
          1.556899
        ],
        [
          0.062476,
          -0.996407,
          -0.05718,
          1.498512
        ],
        [
          0.0,
          0.0,
          0.0,
          1.0
        ]
      ]
    },
    {
      "file_path": "/media/NFS/ttao/scannet/posed_images/scene0553_02/00233.jpg",
      "transform_matrix": [
        [
          -0.854365,
          -0.081938,
          0.513173,
          1.561993
        ],
        [
          -0.517051,
          0.034962,
          -0.85524,
          1.555199
        ],
        [
          0.052135,
          -0.996024,
          -0.072237,
          1.488811
        ],
        [
          0.0,
          0.0,
          0.0,
          1.0
        ]
      ]
    },
    {
      "file_path": "/media/NFS/ttao/scannet/posed_images/scene0553_02/00243.jpg",
      "transform_matrix": [
        [
          -0.896887,
          -0.076635,
          0.43557,
          1.559688
        ],
        [
          -0.441811,
          0.110887,
          -0.890229,
          1.533804
        ],
        [
          0.019924,
          -0.990874,
          -0.133311,
          1.449434
        ],
        [
          0.0,
          0.0,
          0.0,
          1.0
        ]
      ]
    },
    {
      "file_path": "/media/NFS/ttao/scannet/posed_images/scene0553_02/00244.jpg",
      "transform_matrix": [
        [
          -0.900406,
          -0.077551,
          0.428083,
          1.560501
        ],
        [
          -0.434584,
          0.114783,
          -0.893287,
          1.533546
        ],
        [
          0.020138,
          -0.990359,
          -0.137054,
          1.443755
        ],
        [
          0.0,
          0.0,
          0.0,
          1.0
        ]
      ]
    },
    {
      "file_path": "/media/NFS/ttao/scannet/posed_images/scene0553_02/00252.jpg",
      "transform_matrix": [
        [
          -0.927669,
          -0.087353,
          0.363044,
          1.571602
        ],
        [
          -0.373124,
          0.179094,
          -0.910332,
          1.538821
        ],
        [
          0.014501,
          -0.979947,
          -0.198733,
          1.42181
        ],
        [
          0.0,
          0.0,
          0.0,
          1.0
        ]
      ]
    },
    {
      "file_path": "/media/NFS/ttao/scannet/posed_images/scene0553_02/00255.jpg",
      "transform_matrix": [
        [
          -0.924623,
          -0.089322,
          0.370261,
          1.568002
        ],
        [
          -0.380763,
          0.192361,
          -0.904443,
          1.55017
        ],
        [
          0.009563,
          -0.977251,
          -0.211872,
          1.417565
        ],
        [
          0.0,
          0.0,
          0.0,
          1.0
        ]
      ]
    },
    {
      "file_path": "/media/NFS/ttao/scannet/posed_images/scene0553_02/00262.jpg",
      "transform_matrix": [
        [
          -0.909149,
          -0.109661,
          0.401774,
          1.543074
        ],
        [
          -0.416145,
          0.201065,
          -0.88679,
          1.575394
        ],
        [
          0.016463,
          -0.973421,
          -0.228432,
          1.414965
        ],
        [
          0.0,
          0.0,
          0.0,
          1.0
        ]
      ]
    },
    {
      "file_path": "/media/NFS/ttao/scannet/posed_images/scene0553_02/00266.jpg",
      "transform_matrix": [
        [
          -0.903939,
          -0.12598,
          0.408685,
          1.513893
        ],
        [
          -0.426865,
          0.207494,
          -0.880189,
          1.588426
        ],
        [
          0.026087,
          -0.970091,
          -0.241338,
          1.408033
        ],
        [
          0.0,
          0.0,
          0.0,
          1.0
        ]
      ]
    },
    {
      "file_path": "/media/NFS/ttao/scannet/posed_images/scene0553_02/00272.jpg",
      "transform_matrix": [
        [
          -0.892953,
          -0.162212,
          0.419907,
          1.449499
        ],
        [
          -0.447174,
          0.212576,
          -0.868819,
          1.610242
        ],
        [
          0.051671,
          -0.963586,
          -0.262358,
          1.3933
        ],
        [
          0.0,
          0.0,
          0.0,
          1.0
        ]
      ]
    },
    {
      "file_path": "/media/NFS/ttao/scannet/posed_images/scene0553_02/00279.jpg",
      "transform_matrix": [
        [
          -0.880073,
          -0.179914,
          0.439434,
          1.397244
        ],
        [
          -0.472632,
          0.242798,
          -0.847153,
          1.641021
        ],
        [
          0.045721,
          -0.953247,
          -0.298713,
          1.386192
        ],
        [
          0.0,
          0.0,
          0.0,
          1.0
        ]
      ]
    },
    {
      "file_path": "/media/NFS/ttao/scannet/posed_images/scene0553_02/00285.jpg",
      "transform_matrix": [
        [
          -0.870363,
          -0.182465,
          0.457357,
          1.369408
        ],
        [
          -0.491511,
          0.265795,
          -0.829319,
          1.665265
        ],
        [
          0.029759,
          -0.946604,
          -0.321022,
          1.370172
        ],
        [
          0.0,
          0.0,
          0.0,
          1.0
        ]
      ]
    },
    {
      "file_path": "/media/NFS/ttao/scannet/posed_images/scene0553_02/00290.jpg",
      "transform_matrix": [
        [
          -0.859896,
          -0.198442,
          0.470319,
          1.347462
        ],
        [
          -0.509661,
          0.281908,
          -0.81288,
          1.681986
        ],
        [
          0.028723,
          -0.938695,
          -0.34355,
          1.359796
        ],
        [
          0.0,
          0.0,
          0.0,
          1.0
        ]
      ]
    },
    {
      "file_path": "/media/NFS/ttao/scannet/posed_images/scene0553_02/00291.jpg",
      "transform_matrix": [
        [
          -0.858412,
          -0.203219,
          0.47099,
          1.346216
        ],
        [
          -0.512043,
          0.284566,
          -0.810453,
          1.685552
        ],
        [
          0.030672,
          -0.93687,
          -0.348332,
          1.358308
        ],
        [
          0.0,
          0.0,
          0.0,
          1.0
        ]
      ]
    },
    {
      "file_path": "/media/NFS/ttao/scannet/posed_images/scene0553_02/00301.jpg",
      "transform_matrix": [
        [
          -0.818771,
          -0.231499,
          0.525378,
          1.326596
        ],
        [
          -0.573405,
          0.284081,
          -0.768443,
          1.714705
        ],
        [
          0.028644,
          -0.930433,
          -0.36534,
          1.351621
        ],
        [
          0.0,
          0.0,
          0.0,
          1.0
        ]
      ]
    },
    {
      "file_path": "/media/NFS/ttao/scannet/posed_images/scene0553_02/00305.jpg",
      "transform_matrix": [
        [
          -0.813314,
          -0.240126,
          0.529962,
          1.325627
        ],
        [
          -0.580903,
          0.283858,
          -0.762874,
          1.721144
        ],
        [
          0.032752,
          -0.928313,
          -0.370356,
          1.352996
        ],
        [
          0.0,
          0.0,
          0.0,
          1.0
        ]
      ]
    },
    {
      "file_path": "/media/NFS/ttao/scannet/posed_images/scene0553_02/00309.jpg",
      "transform_matrix": [
        [
          -0.807886,
          -0.240039,
          0.53824,
          1.322639
        ],
        [
          -0.588524,
          0.280561,
          -0.758239,
          1.725688
        ],
        [
          0.030998,
          -0.929337,
          -0.36793,
          1.347577
        ],
        [
          0.0,
          0.0,
          0.0,
          1.0
        ]
      ]
    },
    {
      "file_path": "/media/NFS/ttao/scannet/posed_images/scene0553_02/00312.jpg",
      "transform_matrix": [
        [
          -0.813583,
          -0.240166,
          0.529531,
          1.331216
        ],
        [
          -0.580466,
          0.282573,
          -0.763683,
          1.724416
        ],
        [
          0.033779,
          -0.928694,
          -0.369305,
          1.350688
        ],
        [
          0.0,
          0.0,
          0.0,
          1.0
        ]
      ]
    },
    {
      "file_path": "/media/NFS/ttao/scannet/posed_images/scene0553_02/00321.jpg",
      "transform_matrix": [
        [
          -0.835864,
          -0.238086,
          0.494617,
          1.366471
        ],
        [
          -0.548281,
          0.318082,
          -0.773442,
          1.702494
        ],
        [
          0.026816,
          -0.917681,
          -0.396411,
          1.341351
        ],
        [
          0.0,
          0.0,
          0.0,
          1.0
        ]
      ]
    },
    {
      "file_path": "/media/NFS/ttao/scannet/posed_images/scene0553_02/00326.jpg",
      "transform_matrix": [
        [
          -0.847366,
          -0.234561,
          0.476395,
          1.40821
        ],
        [
          -0.530247,
          0.325705,
          -0.782786,
          1.683767
        ],
        [
          0.028447,
          -0.915913,
          -0.400367,
          1.338936
        ],
        [
          0.0,
          0.0,
          0.0,
          1.0
        ]
      ]
    },
    {
      "file_path": "/media/NFS/ttao/scannet/posed_images/scene0553_02/00327.jpg",
      "transform_matrix": [
        [
          -0.850459,
          -0.234993,
          0.470635,
          1.418238
        ],
        [
          -0.525132,
          0.326697,
          -0.785815,
          1.679778
        ],
        [
          0.030906,
          -0.915449,
          -0.401245,
          1.338879
        ],
        [
          0.0,
          0.0,
          0.0,
          1.0
        ]
      ]
    },
    {
      "file_path": "/media/NFS/ttao/scannet/posed_images/scene0553_02/00337.jpg",
      "transform_matrix": [
        [
          -0.918187,
          -0.185991,
          0.349772,
          1.546781
        ],
        [
          -0.394876,
          0.359,
          -0.84569,
          1.631314
        ],
        [
          0.031722,
          -0.914618,
          -0.403072,
          1.341022
        ],
        [
          0.0,
          0.0,
          0.0,
          1.0
        ]
      ]
    },
    {
      "file_path": "/media/NFS/ttao/scannet/posed_images/scene0553_02/00340.jpg",
      "transform_matrix": [
        [
          -0.936533,
          -0.151284,
          0.316258,
          1.567289
        ],
        [
          -0.350317,
          0.368885,
          -0.860931,
          1.623485
        ],
        [
          0.013582,
          -0.917081,
          -0.398471,
          1.343861
        ],
        [
          0.0,
          0.0,
          0.0,
          1.0
        ]
      ]
    },
    {
      "file_path": "/media/NFS/ttao/scannet/posed_images/scene0553_02/00343.jpg",
      "transform_matrix": [
        [
          -0.949717,
          -0.122322,
          0.288229,
          1.588854
        ],
        [
          -0.313112,
          0.371848,
          -0.873894,
          1.622947
        ],
        [
          -0.000281,
          -0.920199,
          -0.391451,
          1.345671
        ],
        [
          0.0,
          0.0,
          0.0,
          1.0
        ]
      ]
    },
    {
      "file_path": "/media/NFS/ttao/scannet/posed_images/scene0553_02/00349.jpg",
      "transform_matrix": [
        [
          -0.973573,
          -0.082624,
          0.212905,
          1.637102
        ],
        [
          -0.228344,
          0.336782,
          -0.913475,
          1.629452
        ],
        [
          0.003772,
          -0.937951,
          -0.346749,
          1.342425
        ],
        [
          0.0,
          0.0,
          0.0,
          1.0
        ]
      ]
    },
    {
      "file_path": "/media/NFS/ttao/scannet/posed_images/scene0553_02/00354.jpg",
      "transform_matrix": [
        [
          -0.98477,
          -0.060389,
          0.163039,
          1.675225
        ],
        [
          -0.173791,
          0.314818,
          -0.933106,
          1.628571
        ],
        [
          0.005022,
          -0.947229,
          -0.320518,
          1.334463
        ],
        [
          0.0,
          0.0,
          0.0,
          1.0
        ]
      ]
    },
    {
      "file_path": "/media/NFS/ttao/scannet/posed_images/scene0553_02/00363.jpg",
      "transform_matrix": [
        [
          -0.995741,
          -0.069163,
          0.060965,
          1.738706
        ],
        [
          -0.080169,
          0.322955,
          -0.943013,
          1.62083
        ],
        [
          0.045533,
          -0.943884,
          -0.327124,
          1.310767
        ],
        [
          0.0,
          0.0,
          0.0,
          1.0
        ]
      ]
    },
    {
      "file_path": "/media/NFS/ttao/scannet/posed_images/scene0553_02/00365.jpg",
      "transform_matrix": [
        [
          -0.996369,
          -0.071577,
          0.046104,
          1.743682
        ],
        [
          -0.067283,
          0.330127,
          -0.941536,
          1.617903
        ],
        [
          0.052172,
          -0.941219,
          -0.333744,
          1.308233
        ],
        [
          0.0,
          0.0,
          0.0,
          1.0
        ]
      ]
    },
    {
      "file_path": "/media/NFS/ttao/scannet/posed_images/scene0553_02/00371.jpg",
      "transform_matrix": [
        [
          -0.99666,
          -0.060048,
          0.055353,
          1.747824
        ],
        [
          -0.070728,
          0.295771,
          -0.952637,
          1.61108
        ],
        [
          0.040832,
          -0.95337,
          -0.29903,
          1.321244
        ],
        [
          0.0,
          0.0,
          0.0,
          1.0
        ]
      ]
    },
    {
      "file_path": "/media/NFS/ttao/scannet/posed_images/scene0553_02/00379.jpg",
      "transform_matrix": [
        [
          -0.99891,
          -0.027849,
          0.037464,
          1.742873
        ],
        [
          -0.043622,
          0.271127,
          -0.961555,
          1.600617
        ],
        [
          0.016621,
          -0.962141,
          -0.272046,
          1.34031
        ],
        [
          0.0,
          0.0,
          0.0,
          1.0
        ]
      ]
    },
    {
      "file_path": "/media/NFS/ttao/scannet/posed_images/scene0553_02/00381.jpg",
      "transform_matrix": [
        [
          -0.998892,
          -0.01489,
          0.044654,
          1.737976
        ],
        [
          -0.046985,
          0.257967,
          -0.965011,
          1.600334
        ],
        [
          0.00285,
          -0.966039,
          -0.258381,
          1.342266
        ],
        [
          0.0,
          0.0,
          0.0,
          1.0
        ]
      ]
    },
    {
      "file_path": "/media/NFS/ttao/scannet/posed_images/scene0553_02/00388.jpg",
      "transform_matrix": [
        [
          -0.998129,
          -0.001755,
          0.061115,
          1.741483
        ],
        [
          -0.059816,
          0.234899,
          -0.970178,
          1.596079
        ],
        [
          -0.012654,
          -0.972018,
          -0.234565,
          1.372796
        ],
        [
          0.0,
          0.0,
          0.0,
          1.0
        ]
      ]
    },
    {
      "file_path": "/media/NFS/ttao/scannet/posed_images/scene0553_02/00392.jpg",
      "transform_matrix": [
        [
          -0.998666,
          0.010818,
          0.050486,
          1.735778
        ],
        [
          -0.047078,
          0.210735,
          -0.976409,
          1.596371
        ],
        [
          -0.021202,
          -0.977484,
          -0.209944,
          1.3703
        ],
        [
          0.0,
          0.0,
          0.0,
          1.0
        ]
      ]
    },
    {
      "file_path": "/media/NFS/ttao/scannet/posed_images/scene0553_02/00398.jpg",
      "transform_matrix": [
        [
          -0.999753,
          0.004906,
          0.021657,
          1.741412
        ],
        [
          -0.020183,
          0.205926,
          -0.97836,
          1.5846
        ],
        [
          -0.00926,
          -0.978555,
          -0.205777,
          1.383624
        ],
        [
          0.0,
          0.0,
          0.0,
          1.0
        ]
      ]
    },
    {
      "file_path": "/media/NFS/ttao/scannet/posed_images/scene0553_02/00404.jpg",
      "transform_matrix": [
        [
          -0.999492,
          0.018404,
          0.026012,
          1.747651
        ],
        [
          -0.022407,
          0.174496,
          -0.984403,
          1.579586
        ],
        [
