{
  "frames": [
    {
      "file_path": "/media/NFS/ttao/scannet/posed_images/scene0241_01/00000.jpg",
      "transform_matrix": [
        [
          -0.997136,
          0.047525,
          -0.058832,
          1.457885
        ],
        [
          0.072926,
          0.398088,
          -0.914444,
          2.490653
        ],
        [
          -0.020039,
          -0.916116,
          -0.400413,
          1.388873
        ],
        [
          0.0,
          0.0,
          0.0,
          1.0
        ]
      ]
    },
    {
      "file_path": "/media/NFS/ttao/scannet/posed_images/scene0241_01/00004.jpg",
      "transform_matrix": [
        [
          -0.994785,
          0.049848,
          -0.088983,
          1.461297
        ],
        [
          0.101404,
          0.389595,
          -0.915387,
          2.474129
        ],
        [
          -0.010963,
          -0.919636,
          -0.392618,
          1.383732
        ],
        [
          0.0,
          0.0,
          0.0,
          1.0
        ]
      ]
    },
    {
      "file_path": "/media/NFS/ttao/scannet/posed_images/scene0241_01/00010.jpg",
      "transform_matrix": [
        [
          -0.990431,
          0.054893,
          -0.12662,
          1.49016
        ],
        [
          0.138002,
          0.386909,
          -0.911733,
          2.443419
        ],
        [
          -0.001057,
          -0.920483,
          -0.390782,
          1.370804
        ],
        [
          0.0,
          0.0,
          0.0,
          1.0
        ]
      ]
    },
    {
      "file_path": "/media/NFS/ttao/scannet/posed_images/scene0241_01/00015.jpg",
      "transform_matrix": [
        [
          -0.990187,
          0.062587,
          -0.124954,
          1.509066
        ],
        [
          0.139463,
          0.385089,
          -0.912281,
          2.420071
        ],
        [
          -0.008978,
          -0.920755,
          -0.390038,
          1.358357
        ],
        [
          0.0,
          0.0,
          0.0,
          1.0
        ]
      ]
    },
    {
      "file_path": "/media/NFS/ttao/scannet/posed_images/scene0241_01/00022.jpg",
      "transform_matrix": [
        [
          -0.988888,
          0.086514,
          -0.120894,
          1.555183
        ],
        [
          0.145185,
          0.387217,
          -0.910486,
          2.36324
        ],
        [
          -0.031958,
          -0.917921,
          -0.395475,
          1.349973
        ],
        [
          0.0,
          0.0,
          0.0,
          1.0
        ]
      ]
    },
    {
      "file_path": "/media/NFS/ttao/scannet/posed_images/scene0241_01/00023.jpg",
      "transform_matrix": [
        [
          -0.988522,
          0.089968,
          -0.121365,
          1.563237
        ],
        [
          0.146922,
          0.385429,
          -0.910966,
          2.354023
        ],
        [
          -0.03518,
          -0.918341,
          -0.394223,
          1.348401
        ],
        [
          0.0,
          0.0,
          0.0,
          1.0
        ]
      ]
    },
    {
      "file_path": "/media/NFS/ttao/scannet/posed_images/scene0241_01/00032.jpg",
      "transform_matrix": [
        [
          -0.978021,
          0.097406,
          -0.184355,
          1.63496
        ],
        [
          0.208411,
          0.430025,
          -0.878433,
          2.265031
        ],
        [
          -0.006288,
          -0.897547,
          -0.440874,
          1.348411
        ],
        [
          0.0,
          0.0,
          0.0,
          1.0
        ]
      ]
    },
    {
      "file_path": "/media/NFS/ttao/scannet/posed_images/scene0241_01/00037.jpg",
      "transform_matrix": [
        [
          -0.969148,
          0.094478,
          -0.227652,
          1.716238
        ],
        [
          0.246246,
          0.411279,
          -0.877618,
          2.231107
        ],
        [
          0.010713,
          -0.9066,
          -0.421855,
          1.35912
        ],
        [
          0.0,
          0.0,
          0.0,
          1.0
        ]
      ]
    },
    {
      "file_path": "/media/NFS/ttao/scannet/posed_images/scene0241_01/00038.jpg",
      "transform_matrix": [
        [
          -0.965588,
          0.10028,
          -0.239967,
          1.72867
        ],
        [
          0.259896,
          0.406486,
          -0.875913,
          2.227838
        ],
        [
          0.009707,
          -0.908137,
          -0.418561,
          1.358092
        ],
        [
          0.0,
          0.0,
          0.0,
          1.0
        ]
      ]
    },
    {
      "file_path": "/media/NFS/ttao/scannet/posed_images/scene0241_01/00045.jpg",
      "transform_matrix": [
        [
          -0.934169,
          0.16313,
          -0.317359,
          1.857325
        ],
        [
          0.356622,
          0.396424,
          -0.845972,
          2.223578
        ],
        [
          -0.012194,
          -0.903458,
          -0.428503,
          1.347127
        ],
        [
          0.0,
          0.0,
          0.0,
          1.0
        ]
      ]
    },
    {
      "file_path": "/media/NFS/ttao/scannet/posed_images/scene0241_01/00048.jpg",
      "transform_matrix": [
        [
          -0.923472,
          0.165037,
          -0.346355,
          1.917276
        ],
        [
          0.383662,
          0.393536,
          -0.835424,
          2.21877
        ],
        [
          -0.001572,
          -0.904374,
          -0.426738,
          1.344705
        ],
        [
          0.0,
          0.0,
          0.0,
          1.0
        ]
      ]
    },
    {
      "file_path": "/media/NFS/ttao/scannet/posed_images/scene0241_01/00053.jpg",
      "transform_matrix": [
        [
          -0.9297,
          0.147197,
          -0.337624,
          2.014649
        ],
        [
          0.367425,
          0.434382,
          -0.822382,
          2.212367
        ],
        [
          0.025605,
          -0.88862,
          -0.457929,
          1.31406
        ],
        [
          0.0,
          0.0,
          0.0,
          1.0
        ]
      ]
    },
    {
      "file_path": "/media/NFS/ttao/scannet/posed_images/scene0241_01/00060.jpg",
      "transform_matrix": [
        [
          -0.948863,
          0.112629,
          -0.294914,
          2.103048
        ],
        [
          0.309371,
          0.517719,
          -0.797657,
          2.215614
        ],
        [
          0.062843,
          -0.848105,
          -0.526089,
          1.282567
        ],
        [
          0.0,
          0.0,
          0.0,
          1.0
        ]
      ]
    },
    {
      "file_path": "/media/NFS/ttao/scannet/posed_images/scene0241_01/00066.jpg",
      "transform_matrix": [
        [
          -0.945467,
          0.126115,
          -0.300311,
          2.119976
        ],
        [
          0.319332,
          0.540562,
          -0.778344,
          2.229629
        ],
        [
          0.064175,
          -0.831798,
          -0.551356,
          1.254517
        ],
        [
          0.0,
          0.0,
          0.0,
          1.0
        ]
      ]
    },
    {
      "file_path": "/media/NFS/ttao/scannet/posed_images/scene0241_01/00070.jpg",
      "transform_matrix": [
        [
          -0.941146,
          0.148393,
          -0.303684,
          2.131215
        ],
        [
          0.334071,
          0.544989,
          -0.769015,
          2.232079
        ],
        [
          0.051388,
          -0.825207,
          -0.562487,
          1.24856
        ],
        [
          0.0,
          0.0,
          0.0,
          1.0
        ]
      ]
    },
    {
      "file_path": "/media/NFS/ttao/scannet/posed_images/scene0241_01/00072.jpg",
      "transform_matrix": [
        [
          -0.940723,
          0.15539,
          -0.301486,
          2.131805
        ],
        [
          0.33663,
          0.536452,
          -0.773886,
          2.241296
        ],
        [
          0.041479,
          -0.829502,
          -0.556962,
          1.237617
        ],
        [
          0.0,
          0.0,
          0.0,
          1.0
        ]
      ]
    },
    {
      "file_path": "/media/NFS/ttao/scannet/posed_images/scene0241_01/00080.jpg",
      "transform_matrix": [
        [
          -0.951732,
          0.164991,
          -0.258813,
          2.134526
        ],
        [
          0.306736,
          0.541245,
          -0.782922,
          2.291909
        ],
        [
          0.010906,
          -0.82452,
          -0.565728,
          1.215043
        ],
        [
          0.0,
          0.0,
          0.0,
          1.0
        ]
      ]
    },
    {
      "file_path": "/media/NFS/ttao/scannet/posed_images/scene0241_01/00082.jpg",
      "transform_matrix": [
        [
          -0.957266,
          0.161515,
          -0.239906,
          2.130316
        ],
        [
          0.289207,
          0.537439,
          -0.792161,
          2.310524
        ],
        [
          0.000989,
          -0.827691,
          -0.561183,
          1.210301
        ],
        [
          0.0,
          0.0,
          0.0,
          1.0
        ]
      ]
    },
    {
      "file_path": "/media/NFS/ttao/scannet/posed_images/scene0241_01/00086.jpg",
      "transform_matrix": [
        [
          -0.965471,
          0.143073,
          -0.217704,
          2.115691
        ],
        [
          0.260509,
          0.52981,
          -0.807116,
          2.3592
        ],
        [
          -0.000135,
          -0.835961,
          -0.548788,
          1.18609
        ],
        [
          0.0,
          0.0,
          0.0,
          1.0
        ]
      ]
    },
    {
      "file_path": "/media/NFS/ttao/scannet/posed_images/scene0241_01/00095.jpg",
      "transform_matrix": [
        [
          -0.967143,
          0.145903,
          -0.208198,
          2.07671
        ],
        [
          0.25403,
          0.587249,
          -0.76851,
          2.453977
        ],
        [
          0.010136,
          -0.796148,
          -0.605017,
          1.14787
        ],
        [
          0.0,
          0.0,
          0.0,
          1.0
        ]
      ]
    },
    {
      "file_path": "/media/NFS/ttao/scannet/posed_images/scene0241_01/00097.jpg",
      "transform_matrix": [
        [
          -0.966106,
          0.156958,
          -0.204948,
          2.07003
        ],
        [
          0.258145,
          0.590056,
          -0.76498,
          2.459132
        ],
        [
          0.000861,
          -0.791958,
          -0.610574,
          1.16315
        ],
        [
          0.0,
          0.0,
          0.0,
          1.0
        ]
      ]
    },
    {
      "file_path": "/media/NFS/ttao/scannet/posed_images/scene0241_01/00104.jpg",
      "transform_matrix": [
        [
          -0.951854,
          0.178914,
          -0.248925,
          2.083193
        ],
        [
          0.306369,
          0.527224,
          -0.792574,
          2.457193
        ],
        [
          -0.010563,
          -0.830677,
          -0.556654,
          1.221305
        ],
        [
          0.0,
          0.0,
          0.0,
          1.0
        ]
      ]
    },
    {
      "file_path": "/media/NFS/ttao/scannet/posed_images/scene0241_01/00108.jpg",
      "transform_matrix": [
        [
          -0.9409,
          0.181176,
          -0.28615,
          2.085688
        ],
        [
          0.338659,
          0.493052,
          -0.80138,
          2.440075
        ],
        [
          -0.004104,
          -0.850926,
          -0.52527,
          1.247601
        ],
        [
          0.0,
          0.0,
          0.0,
          1.0
        ]
      ]
    },
    {
      "file_path": "/media/NFS/ttao/scannet/posed_images/scene0241_01/00114.jpg",
      "transform_matrix": [
        [
          -0.920232,
          0.195191,
          -0.339224,
          2.115691
        ],
        [
          0.390935,
          0.417465,
          -0.820301,
          2.393983
        ],
        [
          -0.018501,
          -0.887482,
          -0.460471,
          1.28608
        ],
        [
          0.0,
          0.0,
          0.0,
          1.0
        ]
      ]
    },
    {
      "file_path": "/media/NFS/ttao/scannet/posed_images/scene0241_01/00119.jpg",
      "transform_matrix": [
        [
          -0.903851,
          0.182552,
          -0.386946,
          2.153766
        ],
        [
          0.427641,
          0.357437,
          -0.830278,
          2.348369
        ],
        [
          -0.01326,
          -0.915922,
          -0.401137,
          1.314893
        ],
        [
          0.0,
          0.0,
          0.0,
          1.0
        ]
      ]
    },
    {
      "file_path": "/media/NFS/ttao/scannet/posed_images/scene0241_01/00124.jpg",
      "transform_matrix": [
        [
          -0.883238,
          0.196049,
          -0.425975,
          2.168316
        ],
        [
          0.468393,
          0.325651,
          -0.821315,
          2.299904
        ],
        [
          -0.022299,
          -0.924941,
          -0.379456,
          1.345483
        ],
        [
          0.0,
          0.0,
          0.0,
          1.0
        ]
      ]
    },
    {
      "file_path": "/media/NFS/ttao/scannet/posed_images/scene0241_01/00126.jpg",
      "transform_matrix": [
        [
          -0.876554,
          0.198118,
          -0.438637,
          2.179484
        ],
        [
          0.480727,
          0.315815,
          -0.818023,
          2.275282
        ],
        [
          -0.023537,
          -0.927906,
          -0.37207,
          1.353178
        ],
        [
          0.0,
          0.0,
          0.0,
          1.0
        ]
      ]
    },
    {
      "file_path": "/media/NFS/ttao/scannet/posed_images/scene0241_01/00132.jpg",
      "transform_matrix": [
        [
          -0.852244,
          0.184147,
          -0.489662,
          2.196973
        ],
        [
          0.522998,
          0.277824,
          -0.805784,
          2.201903
        ],
        [
          -0.012343,
          -0.942817,
          -0.333082,
          1.359993
        ],
        [
          0.0,
          0.0,
          0.0,
          1.0
        ]
      ]
    },
    {
      "file_path": "/media/NFS/ttao/scannet/posed_images/scene0241_01/00136.jpg",
      "transform_matrix": [
        [
          -0.825274,
          0.188862,
          -0.532216,
          2.1927
        ],
        [
          0.564651,
          0.259919,
          -0.783334,
          2.150822
        ],
        [
          -0.00961,
          -0.946981,
          -0.321145,
          1.359978
        ],
        [
          0.0,
          0.0,
          0.0,
          1.0
        ]
      ]
    },
    {
      "file_path": "/media/NFS/ttao/scannet/posed_images/scene0241_01/00140.jpg",
      "transform_matrix": [
        [
          -0.801602,
          0.207812,
          -0.560578,
          2.185812
        ],
        [
          0.597358,
          0.240062,
          -0.765202,
          2.092513
        ],
        [
          -0.024445,
          -0.948254,
          -0.316572,
          1.349429
        ],
        [
          0.0,
          0.0,
          0.0,
          1.0
        ]
      ]
    },
    {
      "file_path": "/media/NFS/ttao/scannet/posed_images/scene0241_01/00146.jpg",
      "transform_matrix": [
        [
          -0.768328,
          0.247126,
          -0.590425,
          2.177979
        ],
        [
          0.638665,
          0.235203,
          -0.732657,
          2.000087
        ],
        [
          -0.042189,
          -0.940004,
          -0.338543,
          1.356589
        ],
        [
          0.0,
          0.0,
          0.0,
          1.0
        ]
      ]
    },
    {
      "file_path": "/media/NFS/ttao/scannet/posed_images/scene0241_01/00151.jpg",
      "transform_matrix": [
        [
          -0.736496,
          0.265293,
          -0.622248,
          2.179945
        ],
        [
          0.675678,
          0.244823,
          -0.695357,
          1.933601
        ],
        [
          -0.032133,
          -0.932567,
          -0.359564,
          1.353626
        ],
        [
          0.0,
          0.0,
          0.0,
          1.0
        ]
      ]
    },
    {
      "file_path": "/media/NFS/ttao/scannet/posed_images/scene0241_01/00158.jpg",
      "transform_matrix": [
        [
          -0.665359,
          0.298927,
          -0.684061,
          2.201991
        ],
        [
          0.74651,
          0.260975,
          -0.612058,
          1.841805
        ],
        [
          -0.004437,
          -0.917897,
          -0.396794,
          1.33177
        ],
        [
          0.0,
          0.0,
          0.0,
          1.0
        ]
      ]
    },
    {
      "file_path": "/media/NFS/ttao/scannet/posed_images/scene0241_01/00161.jpg",
      "transform_matrix": [
        [
          -0.605366,
          0.31458,
          -0.731144,
          2.229145
        ],
        [
          0.795832,
          0.254877,
          -0.549263,
          1.789312
        ],
        [
          0.013565,
          -0.914373,
          -0.404646,
          1.325224
        ],
        [
          0.0,
          0.0,
          0.0,
          1.0
        ]
      ]
    },
    {
      "file_path": "/media/NFS/ttao/scannet/posed_images/scene0241_01/00168.jpg",
      "transform_matrix": [
        [
          -0.555686,
          0.351645,
          -0.753364,
          2.287039
        ],
        [
          0.83129,
          0.249228,
          -0.496833,
          1.698626
        ],
        [
          0.01305,
          -0.902348,
          -0.430812,
          1.316495
        ],
        [
          0.0,
          0.0,
          0.0,
          1.0
        ]
      ]
    },
    {
      "file_path": "/media/NFS/ttao/scannet/posed_images/scene0241_01/00173.jpg",
      "transform_matrix": [
        [
          -0.522459,
          0.374368,
          -0.766084,
          2.302818
        ],
        [
          0.852381,
          0.25247,
          -0.457937,
          1.660515
        ],
        [
          0.021976,
          -0.892249,
          -0.451009,
          1.295588
        ],
        [
          0.0,
          0.0,
          0.0,
          1.0
        ]
      ]
    },
    {
      "file_path": "/media/NFS/ttao/scannet/posed_images/scene0241_01/00174.jpg",
      "transform_matrix": [
        [
          -0.516667,
          0.37596,
          -0.769226,
          2.303883
        ],
        [
          0.855783,
          0.254355,
          -0.450488,
          1.653436
        ],
        [
          0.026291,
          -0.891043,
          -0.453157,
          1.293036
        ],
        [
          0.0,
          0.0,
          0.0,
          1.0
        ]
      ]
    },
    {
      "file_path": "/media/NFS/ttao/scannet/posed_images/scene0241_01/00181.jpg",
      "transform_matrix": [
        [
          -0.487404,
          0.41396,
          -0.768813,
          2.290882
        ],
        [
          0.871714,
          0.281623,
          -0.401003,
          1.621804
        ],
        [
          0.050516,
          -0.865636,
          -0.498119,
          1.270611
        ],
        [
          0.0,
          0.0,
          0.0,
          1.0
        ]
      ]
    },
    {
      "file_path": "/media/NFS/ttao/scannet/posed_images/scene0241_01/00187.jpg",
      "transform_matrix": [
        [
          -0.482281,
          0.454116,
          -0.749122,
          2.269243
        ],
        [
          0.874723,
          0.296096,
          -0.38365,
          1.630776
        ],
        [
          0.047591,
          -0.840301,
          -0.540027,
          1.258942
        ],
        [
          0.0,
          0.0,
          0.0,
          1.0
        ]
      ]
    },
    {
      "file_path": "/media/NFS/ttao/scannet/posed_images/scene0241_01/00193.jpg",
      "transform_matrix": [
        [
          -0.472863,
          0.472,
          -0.744054,
          2.266612
        ],
        [
          0.879523,
          0.303906,
          -0.36617,
          1.645964
        ],
        [
          0.053291,
          -0.827561,
          -0.558841,
          1.262661
        ],
        [
          0.0,
          0.0,
          0.0,
          1.0
        ]
      ]
    },
    {
      "file_path": "/media/NFS/ttao/scannet/posed_images/scene0241_01/00195.jpg",
      "transform_matrix": [
        [
          -0.465009,
          0.470167,
          -0.750139,
          2.272555
        ],
        [
          0.883179,
          0.305057,
          -0.356279,
          1.655009
        ],
        [
          0.061325,
          -0.828181,
          -0.557096,
          1.258128
        ],
        [
          0.0,
          0.0,
          0.0,
          1.0
        ]
      ]
    },
    {
      "file_path": "/media/NFS/ttao/scannet/posed_images/scene0241_01/00200.jpg",
      "transform_matrix": [
        [
          -0.441361,
          0.494057,
          -0.749071,
          2.279715
        ],
        [
          0.893594,
          0.318088,
          -0.316718,
          1.686742
        ],
        [
          0.081794,
          -0.809153,
          -0.581878,
          1.240323
        ],
        [
          0.0,
          0.0,
          0.0,
          1.0
        ]
      ]
    },
    {
      "file_path": "/media/NFS/ttao/scannet/posed_images/scene0241_01/00206.jpg",
      "transform_matrix": [
        [
          -0.463557,
          0.528586,
          -0.711134,
          2.283134
        ],
        [
          0.885082,
          0.314057,
          -0.343508,
          1.751609
        ],
        [
          0.041763,
          -0.788647,
          -0.613425,
          1.244708
        ],
        [
          0.0,
          0.0,
          0.0,
          1.0
        ]
      ]
    },
    {
      "file_path": "/media/NFS/ttao/scannet/posed_images/scene0241_01/00209.jpg",
      "transform_matrix": [
        [
          -0.46334,
          0.529724,
          -0.710428,
          2.273957
        ],
        [
          0.8859,
          0.297065,
          -0.356279,
          1.790442
        ],
        [
          0.022313,
          -0.794446,
          -0.606925,
          1.250011
        ],
        [
          0.0,
          0.0,
          0.0,
          1.0
        ]
      ]
    },
    {
      "file_path": "/media/NFS/ttao/scannet/posed_images/scene0241_01/00217.jpg",
      "transform_matrix": [
        [
          -0.45365,
          0.552732,
          -0.699063,
          2.246454
        ],
        [
          0.891142,
          0.288642,
          -0.350075,
          1.883754
        ],
        [
          0.008282,
          -0.781776,
          -0.623505,
          1.254897
        ],
        [
          0.0,
          0.0,
          0.0,
          1.0
        ]
      ]
    },
    {
      "file_path": "/media/NFS/ttao/scannet/posed_images/scene0241_01/00219.jpg",
      "transform_matrix": [
        [
          -0.451429,
          0.555531,
          -0.698281,
          2.240664
        ],
        [
          0.892278,
          0.287357,
          -0.348233,
          1.898955
        ],
        [
          0.007202,
          -0.780263,
          -0.62541,
          1.255364
        ],
        [
          0.0,
          0.0,
          0.0,
          1.0
        ]
      ]
    },
    {
      "file_path": "/media/NFS/ttao/scannet/posed_images/scene0241_01/00224.jpg",
      "transform_matrix": [
        [
          -0.423994,
          0.568171,
          -0.705273,
          2.226413
        ],
        [
          0.905655,
          0.269595,
          -0.327272,
          1.924375
        ],
        [
          0.004192,
          -0.777496,
          -0.628874,
          1.260489
        ],
        [
          0.0,
          0.0,
          0.0,
          1.0
        ]
      ]
    },
    {
      "file_path": "/media/NFS/ttao/scannet/posed_images/scene0241_01/00228.jpg",
      "transform_matrix": [
        [
          -0.397528,
          0.572047,
          -0.717449,
          2.212346
        ],
        [
          0.917568,
          0.242384,
          -0.31515,
          1.93848
        ],
        [
          -0.006382,
          -0.783589,
          -0.621247,
          1.269892
        ],
        [
          0.0,
          0.0,
          0.0,
          1.0
        ]
      ]
    },
    {
      "file_path": "/media/NFS/ttao/scannet/posed_images/scene0241_01/00233.jpg",
      "transform_matrix": [
        [
          -0.348905,
          0.569997,
          -0.743888,
          2.19687
        ],
        [
          0.937054,
          0.200372,
          -0.285973,
          1.941697
        ],
        [
          -0.01395,
          -0.79684,
          -0.604029,
          1.280873
        ],
        [
          0.0,
          0.0,
          0.0,
          1.0
        ]
      ]
    },
    {
      "file_path": "/media/NFS/ttao/scannet/posed_images/scene0241_01/00241.jpg",
      "transform_matrix": [
        [
          -0.222456,
          0.571971,
          -0.789533,
          2.172114
        ],
        [
          0.974477,
          0.105424,
          -0.198191,
          1.941109
        ],
        [
          -0.030124,
          -0.813471,
          -0.580826,
          1.282927
        ],
        [
          0.0,
          0.0,
          0.0,
          1.0
        ]
      ]
    },
    {
      "file_path": "/media/NFS/ttao/scannet/posed_images/scene0241_01/00246.jpg",
      "transform_matrix": [
        [
          -0.132515,
          0.583559,
          -0.801185,
          2.160543
        ],
        [
          0.991071,
          0.065975,
          -0.115868,
          1.902989
        ],
        [
          -0.014757,
          -0.809386,
          -0.587092,
          1.283577
        ],
        [
          0.0,
          0.0,
          0.0,
          1.0
        ]
      ]
    },
    {
      "file_path": "/media/NFS/ttao/scannet/posed_images/scene0241_01/00250.jpg",
      "transform_matrix": [
        [
          -0.064884,
          0.591357,
          -0.803796,
          2.160515
        ],
        [
          0.997751,
          0.02486,
          -0.06225,
          1.848435
        ],
        [
          -0.01683,
          -0.806027,
          -0.59164,
          1.283559
        ],
        [
          0.0,
          0.0,
          0.0,
          1.0
        ]
      ]
    },
    {
      "file_path": "/media/NFS/ttao/scannet/posed_images/scene0241_01/00256.jpg",
      "transform_matrix": [
        [
          0.003681,
          0.590897,
          -0.806738,
          2.171745
        ],
        [
          0.99999,
          -0.0041,
          0.00156,
          1.8405
        ],
        [
          -0.002386,
          -0.806736,
          -0.590907,
          1.264529
        ],
        [
          0.0,
          0.0,
          0.0,
          1.0
        ]
      ]
    },
    {
      "file_path": "/media/NFS/ttao/scannet/posed_images/scene0241_01/00257.jpg",
      "transform_matrix": [
        [
          0.015483,
          0.594724,
          -0.803781,
          2.170668
        ],
        [
          0.999879,
          -0.008233,
          0.013169,
          1.835204
        ],
        [
          0.001215,
          -0.803888,
          -0.59478,
          1.262399
        ],
        [
          0.0,
          0.0,
          0.0,
          1.0
        ]
      ]
    },
    {
      "file_path": "/media/NFS/ttao/scannet/posed_images/scene0241_01/00266.jpg",
      "transform_matrix": [
        [
          0.070592,
          0.657918,
          -0.749774,
          2.16853
        ],
        [
          0.997244,
          -0.029355,
          0.068132,
          1.802272
        ],
        [
          0.022816,
          -0.752517,
          -0.658177,
          1.246838
        ],
        [
          0.0,
          0.0,
          0.0,
          1.0
        ]
      ]
    },
    {
      "file_path": "/media/NFS/ttao/scannet/posed_images/scene0241_01/00269.jpg",
      "transform_matrix": [
        [
          0.083342,
          0.663073,
          -0.743901,
          2.168685
        ],
        [
          0.996312,
          -0.040155,
          0.075829,
          1.8006
        ],
        [
          0.020409,
          -0.747477,
          -0.663974,
          1.245679
        ],
        [
          0.0,
          0.0,
          0.0,
          1.0
        ]
      ]
    },
    {
      "file_path": "/media/NFS/ttao/scannet/posed_images/scene0241_01/00272.jpg",
      "transform_matrix": [
        [
          0.099278,
          0.666579,
          -0.738794,
          2.157357
        ],
        [
          0.994849,
          -0.05119,
          0.0875,
          1.803128
        ],
        [
          0.020507,
          -0.743675,
          -0.668227,
          1.257668
        ],
        [
          0.0,
          0.0,
          0.0,
          1.0
        ]
      ]
    },
    {
      "file_path": "/media/NFS/ttao/scannet/posed_images/scene0241_01/00281.jpg",
      "transform_matrix": [
        [
          0.188763,
          0.60559,
          -0.773065,
          2.137885
        ],
        [
          0.982012,
          -0.112647,
          0.151539,
          1.83885
        ],
        [
          0.004688,
          -0.787763,
          -0.61596,
          1.282087
        ],
        [
          0.0,
          0.0,
          0.0,
          1.0
        ]
      ]
    },
    {
      "file_path": "/media/NFS/ttao/scannet/posed_images/scene0241_01/00285.jpg",
      "transform_matrix": [
        [
          0.199356,
          0.578791,
          -0.790732,
          2.124557
        ],
        [
          0.979907,
          -0.12296,
          0.157047,
          1.856617
        ],
        [
          -0.006331,
          -0.806152,
          -0.591674,
          1.295582
        ],
        [
          0.0,
          0.0,
          0.0,
          1.0
        ]
      ]
    },
    {
      "file_path": "/media/NFS/ttao/scannet/posed_images/scene0241_01/00290.jpg",
      "transform_matrix": [
        [
          0.162266,
          0.548469,
          -0.820275,
          2.119271
        ],
        [
          0.986531,
          -0.107563,
          0.123233,
          1.86265
        ],
        [
          -0.020641,
          -0.829224,
          -0.558536,
          1.297981
        ],
        [
          0.0,
          0.0,
          0.0,
          1.0
        ]
      ]
    },
    {
      "file_path": "/media/NFS/ttao/scannet/posed_images/scene0241_01/00291.jpg",
      "transform_matrix": [
        [
          0.156123,
          0.549678,
          -0.820658,
          2.116307
        ],
        [
          0.987501,
          -0.105064,
          0.117492,
          1.860471
        ],
        [
          -0.021639,
          -0.828743,
          -0.559211,
          1.30034
        ],
        [
          0.0,
          0.0,
          0.0,
          1.0
        ]
      ]
    },
    {
      "file_path": "/media/NFS/ttao/scannet/posed_images/scene0241_01/00300.jpg",
      "transform_matrix": [
        [
          0.081134,
          0.51002,
          -0.856328,
          2.110392
        ],
        [
          0.9967,
          -0.039212,
          0.071079,
          1.862558
        ],
        [
          0.002673,
          -0.859268,
          -0.511518,
          1.320654
        ],
        [
          0.0,
          0.0,
          0.0,
          1.0
        ]
      ]
    },
    {
      "file_path": "/media/NFS/ttao/scannet/posed_images/scene0241_01/00304.jpg",
      "transform_matrix": [
        [
          0.05916,
          0.497839,
          -0.865249,
          2.097434
        ],
        [
          0.998137,
          -0.016558,
          0.058719,
          1.848545
        ],
        [
          0.014906,
          -0.867111,
          -0.497892,
          1.350851
        ],
        [
          0.0,
          0.0,
          0.0,
          1.0
        ]
      ]
    },
    {
      "file_path": "/media/NFS/ttao/scannet/posed_images/scene0241_01/00307.jpg",
      "transform_matrix": [
        [
          0.057924,
          0.489277,
          -0.870203,
          2.097055
        ],
        [
          0.998237,
          -0.017047,
          0.056862,
          1.840814
        ],
        [
          0.012987,
          -0.871962,
          -0.489402,
          1.359608
        ],
        [
          0.0,
          0.0,
          0.0,
          1.0
        ]
      ]
    },
    {
      "file_path": "/media/NFS/ttao/scannet/posed_images/scene0241_01/00315.jpg",
      "transform_matrix": [
        [
          0.099576,
          0.439174,
          -0.892867,
          2.108088
        ],
        [
          0.994966,
          -0.033779,
          0.094348,
          1.832044
        ],
        [
          0.011275,
          -0.897767,
          -0.440327,
          1.375925
        ],
        [
          0.0,
          0.0,
          0.0,
          1.0
        ]
      ]
    },
    {
      "file_path": "/media/NFS/ttao/scannet/posed_images/scene0241_01/00319.jpg",
      "transform_matrix": [
        [
          0.139463,
          0.430127,
          -0.891931,
          2.107699
        ],
        [
          0.990182,
          -0.051973,
          0.129762,
          1.810802
        ],
        [
          0.009458,
          -0.901271,
          -0.433153,
          1.384178
        ],
        [
          0.0,
          0.0,
          0.0,
          1.0
        ]
      ]
    },
    {
      "file_path": "/media/NFS/ttao/scannet/posed_images/scene0241_01/00325.jpg",
      "transform_matrix": [
        [
          0.205097,
          0.386195,
          -0.899327,
          2.120432
        ],
        [
          0.978732,
          -0.085,
          0.186704,
          1.765218
        ],
        [
          -0.004339,
          -0.918493,
          -0.395414,
          1.39347
        ],
        [
          0.0,
          0.0,
          0.0,
          1.0
        ]
      ]
    },
    {
      "file_path": "/media/NFS/ttao/scannet/posed_images/scene0241_01/00326.jpg",
      "transform_matrix": [
        [
          0.214144,
          0.379889,
          -0.899904,
          2.121452
        ],
        [
          0.976785,
          -0.088787,
          0.194958,
          1.761896
        ],
        [
          -0.005838,
          -0.920761,
          -0.390083,
          1.396877
        ],
        [
          0.0,
          0.0,
          0.0,
          1.0
        ]
      ]
    },
    {
      "file_path": "/media/NFS/ttao/scannet/posed_images/scene0241_01/00331.jpg",
      "transform_matrix": [
        [
          0.263486,
          0.359309,
          -0.89525,
          2.136172
        ],
        [
          0.964663,
          -0.098759,
          0.244278,
          1.763433
        ],
        [
          -0.000643,
          -0.927978,
          -0.372634,
          1.386986
        ],
        [
          0.0,
          0.0,
          0.0,
          1.0
        ]
      ]
    },
    {
      "file_path": "/media/NFS/ttao/scannet/posed_images/scene0241_01/00336.jpg",
      "transform_matrix": [
        [
          0.297213,
          0.36365,
          -0.882849,
          2.139763
        ],
        [
          0.954742,
          -0.102019,
          0.279393,
          1.775396
        ],
        [
          0.011534,
          -0.925932,
          -0.377514,
          1.391046
        ],
        [
          0.0,
          0.0,
          0.0,
          1.0
        ]
      ]
    },
    {
      "file_path": "/media/NFS/ttao/scannet/posed_images/scene0241_01/00344.jpg",
      "transform_matrix": [
        [
          0.306897,
          0.312661,
          -0.89892,
          2.125836
        ],
        [
          0.951735,
          -0.097028,
          0.29118,
          1.771367
        ],
        [
          0.00382,
          -0.944896,
          -0.327348,
          1.423383
        ],
        [
          0.0,
          0.0,
          0.0,
          1.0
        ]
      ]
    },
    {
      "file_path": "/media/NFS/ttao/scannet/posed_images/scene0241_01/00345.jpg",
      "transform_matrix": [
        [
          0.304542,
          0.311489,
          -0.900127,
          2.124913
        ],
        [
          0.952492,
          -0.095853,
          0.289088,
          1.777492
        ],
        [
          0.003768,
          -0.945403,
          -0.325881,
          1.429188
        ],
        [
          0.0,
          0.0,
          0.0,
          1.0
        ]
      ]
    },
    {
      "file_path": "/media/NFS/ttao/scannet/posed_images/scene0241_01/00354.jpg",
      "transform_matrix": [
        [
          0.284237,
          0.252111,
          -0.925013,
          2.13075
        ],
        [
          0.95863,
          -0.090283,
          0.26996,
          1.813343
        ],
        [
          -0.015454,
          -0.963478,
          -0.267343,
          1.439179
        ],
        [
          0.0,
          0.0,
          0.0,
          1.0
        ]
      ]
    },
    {
      "file_path": "/media/NFS/ttao/scannet/posed_images/scene0241_01/00358.jpg",
      "transform_matrix": [
        [
          0.271923,
          0.238891,
          -0.932196,
          2.126918
        ],
        [
          0.961985,
          -0.093022,
          0.256774,
          1.829452
        ],
        [
          -0.025374,
          -0.966581,
          -0.255105,
          1.455192
        ],
        [
          0.0,
          0.0,
          0.0,
          1.0
        ]
      ]
    },
    {
      "file_path": "/media/NFS/ttao/scannet/posed_images/scene0241_01/00361.jpg",
      "transform_matrix": [
        [
          0.274197,
          0.21716,
          -0.936834,
          2.130451
        ],
        [
          0.961197,
          -0.092556,
          0.259873,
          1.841312
        ],
        [
          -0.030275,
          -0.971738,
          -0.234112,
          1.455199
        ],
        [
          0.0,
          0.0,
          0.0,
          1.0
        ]
      ]
    },
    {
      "file_path": "/media/NFS/ttao/scannet/posed_images/scene0241_01/00364.jpg",
      "transform_matrix": [
        [
          0.279209,
          0.203571,
          -0.938404,
          2.13194
        ],
        [
          0.959752,
          -0.090023,
          0.266031,
          1.851809
        ],
        [
          -0.030321,
          -0.974913,
          -0.220513,
          1.461537
        ],
        [
          0.0,
          0.0,
          0.0,
          1.0
        ]
      ]
    },
    {
      "file_path": "/media/NFS/ttao/scannet/posed_images/scene0241_01/00372.jpg",
      "transform_matrix": [
        [
          0.32635,
          0.175316,
          -0.928849,
          2.119473
        ],
        [
          0.944986,
          -0.083708,
          0.31622,
          1.87266
        ],
        [
          -0.022314,
          -0.980947,
          -0.19299,
          1.473737
        ],
        [
          0.0,
          0.0,
          0.0,
          1.0
        ]
      ]
    },
    {
      "file_path": "/media/NFS/ttao/scannet/posed_images/scene0241_01/00375.jpg",
      "transform_matrix": [
        [
          0.327645,
          0.170364,
          -0.929314,
          2.120725
        ],
        [
          0.944502,
          -0.083826,
          0.317632,
          1.889209
        ],
        [
          -0.023787,
          -0.981809,
          -0.188374,
          1.480217
        ],
