{
  "frames": [
    {
      "file_path": "/media/NFS/ttao/scannet/posed_images/scene0207_02/00000.jpg",
      "transform_matrix": [
        [
          -0.798711,
          0.233628,
          -0.554508,
          5.461058
        ],
        [
          0.601503,
          0.334473,
          -0.72548,
          4.23594
        ],
        [
          0.015976,
          -0.912987,
          -0.407675,
          1.542321
        ],
        [
          0.0,
          0.0,
          0.0,
          1.0
        ]
      ]
    },
    {
      "file_path": "/media/NFS/ttao/scannet/posed_images/scene0207_02/00010.jpg",
      "transform_matrix": [
        [
          -0.82932,
          0.211787,
          -0.517083,
          5.483037
        ],
        [
          0.55816,
          0.357351,
          -0.748837,
          4.239791
        ],
        [
          0.026186,
          -0.909641,
          -0.414569,
          1.540816
        ],
        [
          0.0,
          0.0,
          0.0,
          1.0
        ]
      ]
    },
    {
      "file_path": "/media/NFS/ttao/scannet/posed_images/scene0207_02/00016.jpg",
      "transform_matrix": [
        [
          -0.871747,
          0.177355,
          -0.45673,
          5.511045
        ],
        [
          0.489302,
          0.363309,
          -0.792837,
          4.239629
        ],
        [
          0.02532,
          -0.914632,
          -0.403494,
          1.551283
        ],
        [
          0.0,
          0.0,
          0.0,
          1.0
        ]
      ]
    },
    {
      "file_path": "/media/NFS/ttao/scannet/posed_images/scene0207_02/00031.jpg",
      "transform_matrix": [
        [
          -0.960526,
          0.096259,
          -0.261005,
          5.598515
        ],
        [
          0.277793,
          0.381987,
          -0.881429,
          4.251872
        ],
        [
          0.014855,
          -0.919141,
          -0.393649,
          1.559364
        ],
        [
          0.0,
          0.0,
          0.0,
          1.0
        ]
      ]
    },
    {
      "file_path": "/media/NFS/ttao/scannet/posed_images/scene0207_02/00036.jpg",
      "transform_matrix": [
        [
          -0.977545,
          0.071903,
          -0.198081,
          5.624451
        ],
        [
          0.210214,
          0.398316,
          -0.892835,
          4.259178
        ],
        [
          0.014701,
          -0.914426,
          -0.404487,
          1.554981
        ],
        [
          0.0,
          0.0,
          0.0,
          1.0
        ]
      ]
    },
    {
      "file_path": "/media/NFS/ttao/scannet/posed_images/scene0207_02/00047.jpg",
      "transform_matrix": [
        [
          -0.989564,
          0.03371,
          -0.140092,
          5.678543
        ],
        [
          0.141083,
          0.424278,
          -0.894474,
          4.272553
        ],
        [
          0.029286,
          -0.904904,
          -0.424606,
          1.532744
        ],
        [
          0.0,
          0.0,
          0.0,
          1.0
        ]
      ]
    },
    {
      "file_path": "/media/NFS/ttao/scannet/posed_images/scene0207_02/00052.jpg",
      "transform_matrix": [
        [
          -0.991907,
          0.023583,
          -0.124758,
          5.706956
        ],
        [
          0.121937,
          0.450791,
          -0.884262,
          4.280531
        ],
        [
          0.035386,
          -0.892318,
          -0.450018,
          1.523678
        ],
        [
          0.0,
          0.0,
          0.0,
          1.0
        ]
      ]
    },
    {
      "file_path": "/media/NFS/ttao/scannet/posed_images/scene0207_02/00060.jpg",
      "transform_matrix": [
        [
          -0.995697,
          -0.006348,
          -0.092449,
          5.742006
        ],
        [
          0.077621,
          0.487814,
          -0.86949,
          4.291907
        ],
        [
          0.050617,
          -0.872925,
          -0.485222,
          1.504482
        ],
        [
          0.0,
          0.0,
          0.0,
          1.0
        ]
      ]
    },
    {
      "file_path": "/media/NFS/ttao/scannet/posed_images/scene0207_02/00067.jpg",
      "transform_matrix": [
        [
          -0.99325,
          -0.021793,
          -0.113923,
          5.783027
        ],
        [
          0.085162,
          0.52979,
          -0.843842,
          4.295871
        ],
        [
          0.078745,
          -0.847849,
          -0.524359,
          1.489454
        ],
        [
          0.0,
          0.0,
          0.0,
          1.0
        ]
      ]
    },
    {
      "file_path": "/media/NFS/ttao/scannet/posed_images/scene0207_02/00078.jpg",
      "transform_matrix": [
        [
          -0.997181,
          -0.026707,
          -0.070124,
          5.898861
        ],
        [
          0.046908,
          0.507542,
          -0.860349,
          4.309553
        ],
        [
          0.058568,
          -0.861213,
          -0.504859,
          1.498932
        ],
        [
          0.0,
          0.0,
          0.0,
          1.0
        ]
      ]
    },
    {
      "file_path": "/media/NFS/ttao/scannet/posed_images/scene0207_02/00091.jpg",
      "transform_matrix": [
        [
          -0.983123,
          -0.036582,
          -0.179251,
          6.115886
        ],
        [
          0.132663,
          0.532129,
          -0.836205,
          4.292415
        ],
        [
          0.125974,
          -0.845873,
          -0.518295,
          1.475184
        ],
        [
          0.0,
          0.0,
          0.0,
          1.0
        ]
      ]
    },
    {
      "file_path": "/media/NFS/ttao/scannet/posed_images/scene0207_02/00096.jpg",
      "transform_matrix": [
        [
          -0.971195,
          -0.014115,
          -0.237866,
          6.198212
        ],
        [
          0.193764,
          0.534234,
          -0.82283,
          4.277662
        ],
        [
          0.13869,
          -0.845219,
          -0.516111,
          1.467733
        ],
        [
          0.0,
          0.0,
          0.0,
          1.0
        ]
      ]
    },
    {
      "file_path": "/media/NFS/ttao/scannet/posed_images/scene0207_02/00101.jpg",
      "transform_matrix": [
        [
          -0.955503,
          0.0084,
          -0.294862,
          6.263895
        ],
        [
          0.257299,
          0.512588,
          -0.819177,
          4.267297
        ],
        [
          0.144262,
          -0.858594,
          -0.491941,
          1.465676
        ],
        [
          0.0,
          0.0,
          0.0,
          1.0
        ]
      ]
    },
    {
      "file_path": "/media/NFS/ttao/scannet/posed_images/scene0207_02/00111.jpg",
      "transform_matrix": [
        [
          -0.919906,
          0.0242,
          -0.391392,
          6.347389
        ],
        [
          0.356035,
          0.469871,
          -0.80775,
          4.241107
        ],
        [
          0.164356,
          -0.882404,
          -0.440853,
          1.467214
        ],
        [
          0.0,
          0.0,
          0.0,
          1.0
        ]
      ]
    },
    {
      "file_path": "/media/NFS/ttao/scannet/posed_images/scene0207_02/00122.jpg",
      "transform_matrix": [
        [
          -0.940395,
          0.00759,
          -0.34,
          6.421394
        ],
        [
          0.30702,
          0.44895,
          -0.839156,
          4.249858
        ],
        [
          0.146274,
          -0.893525,
          -0.424521,
          1.472937
        ],
        [
          0.0,
          0.0,
          0.0,
          1.0
        ]
      ]
    },
    {
      "file_path": "/media/NFS/ttao/scannet/posed_images/scene0207_02/00127.jpg",
      "transform_matrix": [
        [
          -0.966904,
          -0.026099,
          -0.253802,
          6.44933
        ],
        [
          0.216227,
          0.444219,
          -0.869434,
          4.274309
        ],
        [
          0.135435,
          -0.895538,
          -0.423873,
          1.480739
        ],
        [
          0.0,
          0.0,
          0.0,
          1.0
        ]
      ]
    },
    {
      "file_path": "/media/NFS/ttao/scannet/posed_images/scene0207_02/00143.jpg",
      "transform_matrix": [
        [
          -0.993198,
          -0.110719,
          0.036036,
          6.407635
        ],
        [
          -0.079229,
          0.415855,
          -0.905973,
          4.363471
        ],
        [
          0.085323,
          -0.902666,
          -0.421799,
          1.50235
        ],
        [
          0.0,
          0.0,
          0.0,
          1.0
        ]
      ]
    },
    {
      "file_path": "/media/NFS/ttao/scannet/posed_images/scene0207_02/00145.jpg",
      "transform_matrix": [
        [
          -0.990346,
          -0.121254,
          0.067175,
          6.38592
        ],
        [
          -0.112224,
          0.416887,
          -0.902004,
          4.368561
        ],
        [
          0.081367,
          -0.900834,
          -0.42647,
          1.503339
        ],
        [
          0.0,
          0.0,
          0.0,
          1.0
        ]
      ]
    },
    {
      "file_path": "/media/NFS/ttao/scannet/posed_images/scene0207_02/00158.jpg",
      "transform_matrix": [
        [
          -0.955361,
          -0.190256,
          0.226026,
          6.112852
        ],
        [
          -0.274732,
          0.290723,
          -0.916516,
          4.377751
        ],
        [
          0.108661,
          -0.937701,
          -0.330015,
          1.52492
        ],
        [
          0.0,
          0.0,
          0.0,
          1.0
        ]
      ]
    },
    {
      "file_path": "/media/NFS/ttao/scannet/posed_images/scene0207_02/00169.jpg",
      "transform_matrix": [
        [
          -0.949126,
          -0.180882,
          0.257762,
          5.897777
        ],
        [
          -0.293507,
          0.211629,
          -0.932237,
          4.386426
        ],
        [
          0.114075,
          -0.960466,
          -0.253952,
          1.586569
        ],
        [
          0.0,
          0.0,
          0.0,
          1.0
        ]
      ]
    },
    {
      "file_path": "/media/NFS/ttao/scannet/posed_images/scene0207_02/00176.jpg",
      "transform_matrix": [
        [
          -0.953808,
          -0.134159,
          0.268796,
          5.826658
        ],
        [
          -0.28855,
          0.160136,
          -0.943978,
          4.410707
        ],
        [
          0.0836,
          -0.977935,
          -0.191451,
          1.664596
        ],
        [
          0.0,
          0.0,
          0.0,
          1.0
        ]
      ]
    },
    {
      "file_path": "/media/NFS/ttao/scannet/posed_images/scene0207_02/00187.jpg",
      "transform_matrix": [
        [
          -0.950507,
          -0.152208,
          0.270869,
          5.667054
        ],
        [
          -0.283895,
          0.071194,
          -0.956209,
          4.481013
        ],
        [
          0.126258,
          -0.985781,
          -0.110881,
          1.672483
        ],
        [
          0.0,
          0.0,
          0.0,
          1.0
        ]
      ]
    },
    {
      "file_path": "/media/NFS/ttao/scannet/posed_images/scene0207_02/00192.jpg",
      "transform_matrix": [
        [
          -0.938733,
          -0.169021,
          0.300353,
          5.60615
        ],
        [
          -0.308014,
          0.020461,
          -0.951162,
          4.511097
        ],
        [
          0.154621,
          -0.9854,
          -0.071268,
          1.678259
        ],
        [
          0.0,
          0.0,
          0.0,
          1.0
        ]
      ]
    },
    {
      "file_path": "/media/NFS/ttao/scannet/posed_images/scene0207_02/00200.jpg",
      "transform_matrix": [
        [
          -0.93434,
          -0.145176,
          0.325473,
          5.537037
        ],
        [
          -0.318895,
          -0.067153,
          -0.945408,
          4.536232
        ],
        [
          0.159108,
          -0.987124,
          0.016448,
          1.69951
        ],
        [
          0.0,
          0.0,
          0.0,
          1.0
        ]
      ]
    },
    {
      "file_path": "/media/NFS/ttao/scannet/posed_images/scene0207_02/00210.jpg",
      "transform_matrix": [
        [
          -0.855478,
          -0.062707,
          0.514028,
          5.485805
        ],
        [
          -0.500381,
          -0.155471,
          -0.851732,
          4.563584
        ],
        [
          0.133326,
          -0.985848,
          0.101625,
          1.726741
        ],
        [
          0.0,
          0.0,
          0.0,
          1.0
        ]
      ]
    },
    {
      "file_path": "/media/NFS/ttao/scannet/posed_images/scene0207_02/00218.jpg",
      "transform_matrix": [
        [
          -0.817317,
          -0.051279,
          0.573901,
          5.464828
        ],
        [
          -0.557045,
          -0.184282,
          -0.809778,
          4.556242
        ],
        [
          0.147285,
          -0.981535,
          0.122052,
          1.74862
        ],
        [
          0.0,
          0.0,
          0.0,
          1.0
        ]
      ]
    },
    {
      "file_path": "/media/NFS/ttao/scannet/posed_images/scene0207_02/00223.jpg",
      "transform_matrix": [
        [
          -0.769683,
          -0.033716,
          0.637536,
          5.435534
        ],
        [
          -0.621602,
          -0.188164,
          -0.760398,
          4.555143
        ],
        [
          0.145599,
          -0.981559,
          0.123868,
          1.752424
        ],
        [
          0.0,
          0.0,
          0.0,
          1.0
        ]
      ]
    },
    {
      "file_path": "/media/NFS/ttao/scannet/posed_images/scene0207_02/00236.jpg",
      "transform_matrix": [
        [
          -0.585762,
          -0.001482,
          0.810482,
          5.433091
        ],
        [
          -0.800267,
          -0.157219,
          -0.578667,
          4.613896
        ],
        [
          0.128281,
          -0.987563,
          0.090907,
          1.705812
        ],
        [
          0.0,
          0.0,
          0.0,
          1.0
        ]
      ]
    },
    {
      "file_path": "/media/NFS/ttao/scannet/posed_images/scene0207_02/00241.jpg",
      "transform_matrix": [
        [
          -0.489906,
          0.012041,
          0.871692,
          5.421
        ],
        [
          -0.86415,
          -0.138665,
          -0.483752,
          4.638375
        ],
        [
          0.115048,
          -0.990266,
          0.078338,
          1.707756
        ],
        [
          0.0,
          0.0,
          0.0,
          1.0
        ]
      ]
    },
    {
      "file_path": "/media/NFS/ttao/scannet/posed_images/scene0207_02/00254.jpg",
      "transform_matrix": [
        [
          -0.322878,
          -0.092725,
          0.941887,
          5.43742
        ],
        [
          -0.943941,
          -0.040722,
          -0.327592,
          4.671339
        ],
        [
          0.068732,
          -0.994859,
          -0.074379,
          1.662127
        ],
        [
          0.0,
          0.0,
          0.0,
          1.0
        ]
      ]
    },
    {
      "file_path": "/media/NFS/ttao/scannet/posed_images/scene0207_02/00264.jpg",
      "transform_matrix": [
        [
          -0.256995,
          -0.147953,
          0.95502,
          5.436024
        ],
        [
          -0.96461,
          -0.021066,
          -0.262839,
          4.663659
        ],
        [
          0.059006,
          -0.98877,
          -0.137303,
          1.609733
        ],
        [
          0.0,
          0.0,
          0.0,
          1.0
        ]
      ]
    },
    {
      "file_path": "/media/NFS/ttao/scannet/posed_images/scene0207_02/00267.jpg",
      "transform_matrix": [
        [
          -0.250753,
          -0.163518,
          0.954141,
          5.438935
        ],
        [
          -0.966353,
          -0.016074,
          -0.256717,
          4.670105
        ],
        [
          0.057315,
          -0.986409,
          -0.153986,
          1.600769
        ],
        [
          0.0,
          0.0,
          0.0,
          1.0
        ]
      ]
    },
    {
      "file_path": "/media/NFS/ttao/scannet/posed_images/scene0207_02/00275.jpg",
      "transform_matrix": [
        [
          -0.222594,
          -0.257562,
          0.940273,
          5.441497
        ],
        [
          -0.973632,
          0.009343,
          -0.227932,
          4.641876
        ],
        [
          0.049921,
          -0.966217,
          -0.25285,
          1.565756
        ],
        [
          0.0,
          0.0,
          0.0,
          1.0
        ]
      ]
    },
    {
      "file_path": "/media/NFS/ttao/scannet/posed_images/scene0207_02/00285.jpg",
      "transform_matrix": [
        [
          -0.171023,
          -0.402025,
          0.899515,
          5.43784
        ],
        [
          -0.984999,
          0.048456,
          -0.165619,
          4.616893
        ],
        [
          0.022996,
          -0.914346,
          -0.404281,
          1.541699
        ],
        [
          0.0,
          0.0,
          0.0,
          1.0
        ]
      ]
    },
    {
      "file_path": "/media/NFS/ttao/scannet/posed_images/scene0207_02/00293.jpg",
      "transform_matrix": [
        [
          -0.128187,
          -0.49351,
          0.860242,
          5.430602
        ],
        [
          -0.991648,
          0.05135,
          -0.11831,
          4.606318
        ],
        [
          0.014214,
          -0.868223,
          -0.49597,
          1.520354
        ],
        [
          0.0,
          0.0,
          0.0,
          1.0
        ]
      ]
    },
    {
      "file_path": "/media/NFS/ttao/scannet/posed_images/scene0207_02/00301.jpg",
      "transform_matrix": [
        [
          -0.045229,
          -0.580418,
          0.813062,
          5.407328
        ],
        [
          -0.998571,
          0.003086,
          -0.053345,
          4.617046
        ],
        [
          0.028453,
          -0.814313,
          -0.579728,
          1.485459
        ],
        [
          0.0,
          0.0,
          0.0,
          1.0
        ]
      ]
    },
    {
      "file_path": "/media/NFS/ttao/scannet/posed_images/scene0207_02/00309.jpg",
      "transform_matrix": [
        [
          0.057066,
          -0.615368,
          0.786171,
          5.383673
        ],
        [
          -0.997914,
          -0.05897,
          0.026277,
          4.643801
        ],
        [
          0.030191,
          -0.786031,
          -0.617449,
          1.474595
        ],
        [
          0.0,
          0.0,
          0.0,
          1.0
        ]
      ]
    },
    {
      "file_path": "/media/NFS/ttao/scannet/posed_images/scene0207_02/00319.jpg",
      "transform_matrix": [
        [
          0.164612,
          -0.650479,
          0.741471,
          5.356297
        ],
        [
          -0.985896,
          -0.131512,
          0.103504,
          4.69396
        ],
        [
          0.030185,
          -0.748052,
          -0.662954,
          1.454746
        ],
        [
          0.0,
          0.0,
          0.0,
          1.0
        ]
      ]
    },
    {
      "file_path": "/media/NFS/ttao/scannet/posed_images/scene0207_02/00327.jpg",
      "transform_matrix": [
        [
          0.245375,
          -0.67115,
          0.699534,
          5.334998
        ],
        [
          -0.968961,
          -0.192191,
          0.155489,
          4.721472
        ],
        [
          0.030088,
          -0.715975,
          -0.697478,
          1.434463
        ],
        [
          0.0,
          0.0,
          0.0,
          1.0
        ]
      ]
    },
    {
      "file_path": "/media/NFS/ttao/scannet/posed_images/scene0207_02/00342.jpg",
      "transform_matrix": [
        [
          0.374638,
          -0.68685,
          0.622802,
          5.300132
        ],
        [
          -0.927151,
          -0.281948,
          0.246772,
          4.78327
        ],
        [
          0.006103,
          -0.669882,
          -0.742442,
          1.406548
        ],
        [
          0.0,
          0.0,
          0.0,
          1.0
        ]
      ]
    },
    {
      "file_path": "/media/NFS/ttao/scannet/posed_images/scene0207_02/00350.jpg",
      "transform_matrix": [
        [
          0.397633,
          -0.688109,
          0.606955,
          5.303599
        ],
        [
          -0.917516,
          -0.292944,
          0.268977,
          4.804424
        ],
        [
          -0.007281,
          -0.663845,
          -0.747835,
          1.403901
        ],
        [
          0.0,
          0.0,
          0.0,
          1.0
        ]
      ]
    },
    {
      "file_path": "/media/NFS/ttao/scannet/posed_images/scene0207_02/00353.jpg",
      "transform_matrix": [
        [
          0.384468,
          -0.68661,
          0.617051,
          5.311618
        ],
        [
          -0.923127,
          -0.282597,
          0.260723,
          4.805706
        ],
        [
          -0.004638,
          -0.669856,
          -0.742477,
          1.402023
        ],
        [
          0.0,
          0.0,
          0.0,
          1.0
        ]
      ]
    },
    {
      "file_path": "/media/NFS/ttao/scannet/posed_images/scene0207_02/00368.jpg",
      "transform_matrix": [
        [
          0.137264,
          -0.709572,
          0.691133,
          5.447993
        ],
        [
          -0.990485,
          -0.105281,
          0.088627,
          4.801542
        ],
        [
          0.009876,
          -0.696723,
          -0.717272,
          1.411626
        ],
        [
          0.0,
          0.0,
          0.0,
          1.0
        ]
      ]
    },
    {
      "file_path": "/media/NFS/ttao/scannet/posed_images/scene0207_02/00371.jpg",
      "transform_matrix": [
        [
          0.067784,
          -0.706512,
          0.704447,
          5.474143
        ],
        [
          -0.997694,
          -0.045512,
          0.050356,
          4.796173
        ],
        [
          -0.003516,
          -0.706236,
          -0.707968,
          1.41774
        ],
        [
          0.0,
          0.0,
          0.0,
          1.0
        ]
      ]
    },
    {
      "file_path": "/media/NFS/ttao/scannet/posed_images/scene0207_02/00384.jpg",
      "transform_matrix": [
        [
          -0.25425,
          -0.670134,
          0.697336,
          5.566215
        ],
        [
          -0.967138,
          0.176727,
          -0.182787,
          4.739337
        ],
        [
          -0.000747,
          -0.720894,
          -0.693045,
          1.430382
        ],
        [
          0.0,
          0.0,
          0.0,
          1.0
        ]
      ]
    },
    {
      "file_path": "/media/NFS/ttao/scannet/posed_images/scene0207_02/00392.jpg",
      "transform_matrix": [
        [
          -0.428559,
          -0.621031,
          0.656246,
          5.573428
        ],
        [
          -0.903434,
          0.284876,
          -0.320395,
          4.699595
        ],
        [
          0.012026,
          -0.730183,
          -0.683146,
          1.437755
        ],
        [
          0.0,
          0.0,
          0.0,
          1.0
        ]
      ]
    },
    {
      "file_path": "/media/NFS/ttao/scannet/posed_images/scene0207_02/00397.jpg",
      "transform_matrix": [
        [
          -0.531128,
          -0.591234,
          0.606914,
          5.572943
        ],
        [
          -0.846766,
          0.345161,
          -0.404786,
          4.678888
        ],
        [
          0.02984,
          -0.728907,
          -0.683962,
          1.431415
        ],
        [
          0.0,
          0.0,
          0.0,
          1.0
        ]
      ]
    },
    {
      "file_path": "/media/NFS/ttao/scannet/posed_images/scene0207_02/00407.jpg",
      "transform_matrix": [
        [
          -0.65517,
          -0.512083,
          0.555448,
          5.541197
        ],
        [
          -0.75492,
          0.415426,
          -0.507461,
          4.665957
        ],
        [
          0.029115,
          -0.751792,
          -0.658757,
          1.458653
        ],
        [
          0.0,
          0.0,
          0.0,
          1.0
        ]
      ]
    },
    {
      "file_path": "/media/NFS/ttao/scannet/posed_images/scene0207_02/00417.jpg",
      "transform_matrix": [
        [
          -0.724663,
          -0.478651,
          0.495738,
          5.463933
        ],
        [
          -0.686901,
          0.444283,
          -0.575134,
          4.67596
        ],
        [
          0.05504,
          -0.757302,
          -0.650742,
          1.465873
        ],
        [
          0.0,
          0.0,
          0.0,
          1.0
        ]
      ]
    },
    {
      "file_path": "/media/NFS/ttao/scannet/posed_images/scene0207_02/00428.jpg",
      "transform_matrix": [
        [
          -0.824319,
          -0.352846,
          0.442718,
          5.397833
        ],
        [
          -0.565999,
          0.497044,
          -0.657718,
          4.669515
        ],
        [
          0.012023,
          -0.792746,
          -0.609433,
          1.485032
        ],
        [
          0.0,
          0.0,
          0.0,
          1.0
        ]
      ]
    },
    {
      "file_path": "/media/NFS/ttao/scannet/posed_images/scene0207_02/00436.jpg",
      "transform_matrix": [
        [
          -0.912994,
          -0.26729,
          0.308218,
          5.377727
        ],
        [
          -0.406683,
          0.536247,
          -0.739627,
          4.645676
        ],
        [
          0.032414,
          -0.800622,
          -0.598293,
          1.490084
        ],
        [
          0.0,
          0.0,
          0.0,
          1.0
        ]
      ]
    },
    {
      "file_path": "/media/NFS/ttao/scannet/posed_images/scene0207_02/00441.jpg",
      "transform_matrix": [
        [
          -0.957051,
          -0.188289,
          0.220455,
          5.382466
        ],
        [
          -0.28918,
          0.565701,
          -0.772242,
          4.636959
        ],
        [
          0.020693,
          -0.802826,
          -0.595854,
          1.485912
        ],
        [
          0.0,
          0.0,
          0.0,
          1.0
        ]
      ]
    },
    {
      "file_path": "/media/NFS/ttao/scannet/posed_images/scene0207_02/00449.jpg",
      "transform_matrix": [
        [
          -0.992821,
          -0.08603,
          0.0831,
          5.382692
        ],
        [
          -0.118206,
          0.599527,
          -0.791577,
          4.624115
        ],
        [
          0.018279,
          -0.795717,
          -0.605393,
          1.475867
        ],
        [
          0.0,
          0.0,
          0.0,
          1.0
        ]
      ]
    },
    {
      "file_path": "/media/NFS/ttao/scannet/posed_images/scene0207_02/00456.jpg",
      "transform_matrix": [
        [
          -0.999997,
          -0.002142,
          -0.000757,
          5.366804
        ],
        [
          -0.00077,
          0.632986,
          -0.774162,
          4.615669
        ],
        [
          0.002137,
          -0.77416,
          -0.632987,
          1.462124
        ],
        [
          0.0,
          0.0,
          0.0,
          1.0
        ]
      ]
    },
    {
      "file_path": "/media/NFS/ttao/scannet/posed_images/scene0207_02/00472.jpg",
      "transform_matrix": [
        [
          -0.975425,
          0.163382,
          -0.147828,
          5.237433
        ],
        [
          0.219386,
          0.658022,
          -0.720331,
          4.583909
        ],
        [
          -0.020415,
          -0.73506,
          -0.677694,
          1.44302
        ],
        [
          0.0,
          0.0,
          0.0,
          1.0
        ]
      ]
    },
    {
      "file_path": "/media/NFS/ttao/scannet/posed_images/scene0207_02/00480.jpg",
      "transform_matrix": [
        [
          -0.962579,
          0.187395,
          -0.195768,
          5.109187
        ],
        [
          0.270791,
          0.636587,
          -0.7221,
          4.564537
        ],
        [
          -0.010695,
          -0.748091,
          -0.66351,
          1.452549
        ],
        [
          0.0,
          0.0,
          0.0,
          1.0
        ]
      ]
    },
    {
      "file_path": "/media/NFS/ttao/scannet/posed_images/scene0207_02/00487.jpg",
      "transform_matrix": [
        [
          -0.954364,
          0.198015,
          -0.223562,
          4.991186
        ],
        [
          0.298591,
          0.618148,
          -0.727143,
          4.530784
        ],
        [
          -0.005791,
          -0.760712,
          -0.649063,
          1.468778
        ],
        [
          0.0,
          0.0,
          0.0,
          1.0
        ]
      ]
    },
    {
      "file_path": "/media/NFS/ttao/scannet/posed_images/scene0207_02/00498.jpg",
      "transform_matrix": [
        [
          -0.934366,
          0.231204,
          -0.271118,
          4.883807
        ],
        [
          0.355874,
          0.567706,
          -0.742337,
          4.455331
        ],
        [
          -0.017716,
          -0.790098,
          -0.612724,
          1.494351
        ],
        [
          0.0,
          0.0,
          0.0,
          1.0
        ]
      ]
    },
    {
      "file_path": "/media/NFS/ttao/scannet/posed_images/scene0207_02/00500.jpg",
      "transform_matrix": [
        [
          -0.931594,
          0.234871,
          -0.27743,
          4.869493
        ],
        [
          0.363112,
          0.566063,
          -0.740082,
          4.427843
        ],
        [
          -0.016781,
          -0.790195,
          -0.612626,
          1.500347
        ],
        [
          0.0,
          0.0,
          0.0,
          1.0
        ]
      ]
    },
    {
      "file_path": "/media/NFS/ttao/scannet/posed_images/scene0207_02/00508.jpg",
      "transform_matrix": [
        [
          -0.925219,
          0.228679,
          -0.30278,
          4.798248
        ],
        [
          0.3794,
          0.546935,
          -0.746269,
          4.286498
        ],
        [
          -0.005055,
          -0.805337,
          -0.592795,
          1.498863
        ],
        [
          0.0,
          0.0,
          0.0,
          1.0
        ]
      ]
    },
    {
      "file_path": "/media/NFS/ttao/scannet/posed_images/scene0207_02/00516.jpg",
      "transform_matrix": [
        [
          -0.912226,
          0.234792,
          -0.335731,
          4.725175
        ],
        [
          0.409293,
          0.558194,
          -0.721733,
          4.157434
        ],
        [
          0.017946,
          -0.795796,
          -0.605299,
          1.495014
        ],
        [
          0.0,
          0.0,
          0.0,
          1.0
        ]
      ]
    },
    {
      "file_path": "/media/NFS/ttao/scannet/posed_images/scene0207_02/00526.jpg",
      "transform_matrix": [
        [
          -0.94271,
          0.187828,
          -0.275716,
          4.672909
        ],
        [
          0.333477,
          0.554254,
          -0.762624,
          4.038546
        ],
        [
          0.009575,
          -0.810878,
          -0.585137,
          1.505509
        ],
        [
          0.0,
          0.0,
          0.0,
          1.0
        ]
      ]
    },
    {
      "file_path": "/media/NFS/ttao/scannet/posed_images/scene0207_02/00534.jpg",
      "transform_matrix": [
        [
          -0.989367,
          0.072832,
          -0.125889,
          4.614668
        ],
        [
          0.144897,
          0.568312,
          -0.809954,
          3.96988
        ],
        [
          0.012554,
          -0.819583,
          -0.572823,
          1.502396
        ],
        [
          0.0,
          0.0,
          0.0,
          1.0
        ]
      ]
    },
    {
      "file_path": "/media/NFS/ttao/scannet/posed_images/scene0207_02/00550.jpg",
      "transform_matrix": [
        [
          -0.991562,
          -0.091949,
          0.091375,
          4.544993
        ],
        [
          -0.126868,
          0.543585,
          -0.829711,
          3.881438
        ],
        [
          0.026621,
          -0.834303,
          -0.550663,
          1.515594
        ],
        [
          0.0,
          0.0,
          0.0,
          1.0
        ]
      ]
    },
    {
      "file_path": "/media/NFS/ttao/scannet/posed_images/scene0207_02/00557.jpg",
      "transform_matrix": [
        [
          -0.980712,
          -0.118089,
          0.155755,
          4.555526
        ],
        [
          -0.1946,
          0.515208,
          -0.834681,
          3.880658
        ],
        [
          0.018321,
          -0.848891,
          -0.52825,
          1.516996
        ],
        [
          0.0,
          0.0,
          0.0,
          1.0
        ]
      ]
    },
    {
      "file_path": "/media/NFS/ttao/scannet/posed_images/scene0207_02/00565.jpg",
      "transform_matrix": [
        [
          -0.966009,
          -0.14909,
          0.211181,
          4.574167
        ],
        [
          -0.257607,
          0.487112,
          -0.834482,
          3.881263
        ],
        [
          0.021544,
          -0.86052,
          -0.508962,
          1.530317
        ],
        [
          0.0,
          0.0,
          0.0,
          1.0
        ]
      ]
    },
    {
      "file_path": "/media/NFS/ttao/scannet/posed_images/scene0207_02/00576.jpg",
      "transform_matrix": [
        [
          -0.930002,
          -0.202491,
          0.306747,
          4.606681
        ],
        [
          -0.366661,
          0.45294,
          -0.812653,
          3.909713
        ],
        [
          0.025617,
          -0.868241,
          -0.495481,
          1.527006
        ],
        [
          0.0,
          0.0,
          0.0,
          1.0
        ]
      ]
    },
    {
      "file_path": "/media/NFS/ttao/scannet/posed_images/scene0207_02/00578.jpg",
      "transform_matrix": [
        [
          -0.923143,
          -0.210613,
          0.321634,
          4.60535
        ],
        [
          -0.383651,
          0.450556,
          -0.806109,
          3.915534
        ],
        [
          0.024863,
          -0.867549,
          -0.496729,
          1.524526
        ],
        [
          0.0,
          0.0,
          0.0,
          1.0
        ]
      ]
    },
    {
      "file_path": "/media/NFS/ttao/scannet/posed_images/scene0207_02/00586.jpg",
      "transform_matrix": [
        [
          -0.913773,
          -0.227823,
          0.336327,
          4.612176
        ],
        [
          -0.405207,
          0.45261,
          -0.794324,
          3.92104
        ],
        [
          0.02874,
          -0.862114,
          -0.505899,
          1.51992
        ],
        [
          0.0,
          0.0,
          0.0,
          1.0
        ]
      ]
    },
    {
      "file_path": "/media/NFS/ttao/scannet/posed_images/scene0207_02/00596.jpg",
      "transform_matrix": [
        [
          -0.918684,
          -0.230055,
          0.321083,
          4.629247
        ],
        [
          -0.393246,
          0.456339,
          -0.798193,
          3.934208
        ],
        [
          0.037106,
          -0.859552,
          -0.5097,
          1.530761
        ],
        [
          0.0,
          0.0,
          0.0,
          1.0
        ]
      ]
    },
    {
      "file_path": "/media/NFS/ttao/scannet/posed_images/scene0207_02/00607.jpg",
      "transform_matrix": [
        [
          -0.946603,
          -0.210549,
          0.244154,
          4.700333
        ],
        [
          -0.316,
          0.455772,
          -0.832116,
          3.991545
        ],
        [
          0.063923,
          -0.864836,
          -0.497969,
          1.54789
        ],
        [
          0.0,
          0.0,
          0.0,
          1.0
        ]
      ]
    },
    {
      "file_path": "/media/NFS/ttao/scannet/posed_images/scene0207_02/00612.jpg",
      "transform_matrix": [
        [
          -0.974494,
          -0.168783,
          0.147895,
          4.772146
        ],
        [
          -0.211289,
          0.468004,
          -0.858096,
          4.040044
        ],
        [
          0.075617,
          -0.867459,
          -0.491729,
          1.552026
        ],
        [
          0.0,
          0.0,
          0.0,
          1.0
        ]
      ]
    },
    {
      "file_path": "/media/NFS/ttao/scannet/posed_images/scene0207_02/00628.jpg",
      "transform_matrix": [
        [
          -0.99843,
          -0.018921,
          -0.052717,
          5.01982
        ],
        [
          0.036086,
          0.502521,
          -0.863811,
          4.172428
        ],
        [
          0.042835,
          -0.864358,
          -0.50105,
          1.569973
        ],
        [
          0.0,
          0.0,
          0.0,
          1.0
        ]
      ]
    },
    {
      "file_path": "/media/NFS/ttao/scannet/posed_images/scene0207_02/00630.jpg",
      "transform_matrix": [
        [
          -0.995188,
          -0.008918,
          -0.097573,
          5.045508
        ],
        [
          0.080146,
          0.498744,
          -0.863036,
          4.164877
        ],
        [
          0.056361,
          -0.866704,
          -0.495629,
          1.578907
        ],
        [
          0.0,
          0.0,
          0.0,
          1.0
        ]
      ]
    },
    {
      "file_path": "/media/NFS/ttao/scannet/posed_images/scene0207_02/00640.jpg",
      "transform_matrix": [
        [
          -0.971027,
          0.09695,
          -0.218418,
          5.187563
        ],
        [
          0.23865,
          0.440566,
          -0.865418,
          4.126263
        ],
        [
          0.012325,
          -0.89247,
          -0.450939,
          1.570683
        ],
        [
          0.0,
          0.0,
          0.0,
          1.0
        ]
      ]
    },
    {
      "file_path": "/media/NFS/ttao/scannet/posed_images/scene0207_02/00653.jpg",
      "transform_matrix": [
        [
          -0.911169,
          0.150889,
          -0.383411,
          5.359645
        ],
        [
          0.411586,
          0.376652,
          -0.829897,
          4.064769
        ],
        [
          0.01919,
          -0.913983,
          -0.405298,
          1.594326
        ],
        [
          0.0,
          0.0,
          0.0,
          1.0
        ]
      ]
    },
    {
      "file_path": "/media/NFS/ttao/scannet/posed_images/scene0207_02/00661.jpg",
      "transform_matrix": [
        [
          -0.808007,
          0.207979,
          -0.551243,
          5.464789
        ],
        [
          0.589058,
          0.303575,
          -0.748901,
          4.022538
        ],
        [
          0.011588,
          -0.929832,
          -0.367803,
          1.596317
        ],
        [
          0.0,
          0.0,
          0.0,
          1.0
        ]
      ]
    },
    {
      "file_path": "/media/NFS/ttao/scannet/posed_images/scene0207_02/00669.jpg",
      "transform_matrix": [
        [
          -0.700445,
          0.278746,
          -0.657021,
          5.546745
        ],
        [
          0.713695,
          0.278656,
          -0.642643,
          3.988511
        ],
        [
          0.003948,
          -0.919049,
