{
  "frames": [
    {
      "file_path": "/media/NFS/ttao/scannet/posed_images/scene0559_01/00000.jpg",
      "transform_matrix": [
        [
          -0.799044,
          0.041542,
          -0.599835,
          4.412775
        ],
        [
          0.600953,
          0.022653,
          -0.798964,
          3.857202
        ],
        [
          -0.019602,
          -0.99888,
          -0.043066,
          1.704782
        ],
        [
          0.0,
          0.0,
          0.0,
          1.0
        ]
      ]
    },
    {
      "file_path": "/media/NFS/ttao/scannet/posed_images/scene0559_01/00001.jpg",
      "transform_matrix": [
        [
          -0.796724,
          0.044629,
          -0.602693,
          4.412724
        ],
        [
          0.603981,
          0.024292,
          -0.796629,
          3.862665
        ],
        [
          -0.020912,
          -0.998708,
          -0.04631,
          1.700539
        ],
        [
          0.0,
          0.0,
          0.0,
          1.0
        ]
      ]
    },
    {
      "file_path": "/media/NFS/ttao/scannet/posed_images/scene0559_01/00002.jpg",
      "transform_matrix": [
        [
          -0.796218,
          0.050698,
          -0.602882,
          4.409252
        ],
        [
          0.604735,
          0.036665,
          -0.795583,
          3.868709
        ],
        [
          -0.01823,
          -0.998041,
          -0.059852,
          1.699876
        ],
        [
          0.0,
          0.0,
          0.0,
          1.0
        ]
      ]
    },
    {
      "file_path": "/media/NFS/ttao/scannet/posed_images/scene0559_01/00004.jpg",
      "transform_matrix": [
        [
          -0.792015,
          0.053427,
          -0.60816,
          4.411438
        ],
        [
          0.610357,
          0.047563,
          -0.790698,
          3.87016
        ],
        [
          -0.013318,
          -0.997438,
          -0.07028,
          1.694307
        ],
        [
          0.0,
          0.0,
          0.0,
          1.0
        ]
      ]
    },
    {
      "file_path": "/media/NFS/ttao/scannet/posed_images/scene0559_01/00006.jpg",
      "transform_matrix": [
        [
          -0.788236,
          0.060092,
          -0.612433,
          4.411624
        ],
        [
          0.615276,
          0.059258,
          -0.786081,
          3.871275
        ],
        [
          -0.010946,
          -0.996432,
          -0.083682,
          1.691993
        ],
        [
          0.0,
          0.0,
          0.0,
          1.0
        ]
      ]
    },
    {
      "file_path": "/media/NFS/ttao/scannet/posed_images/scene0559_01/00007.jpg",
      "transform_matrix": [
        [
          -0.786665,
          0.066384,
          -0.613801,
          4.412818
        ],
        [
          0.617293,
          0.067879,
          -0.7838,
          3.872324
        ],
        [
          -0.010367,
          -0.995483,
          -0.094376,
          1.688447
        ],
        [
          0.0,
          0.0,
          0.0,
          1.0
        ]
      ]
    },
    {
      "file_path": "/media/NFS/ttao/scannet/posed_images/scene0559_01/00008.jpg",
      "transform_matrix": [
        [
          -0.787391,
          0.070994,
          -0.612352,
          4.411119
        ],
        [
          0.61634,
          0.071597,
          -0.784219,
          3.873905
        ],
        [
          -0.011832,
          -0.994904,
          -0.100132,
          1.685845
        ],
        [
          0.0,
          0.0,
          0.0,
          1.0
        ]
      ]
    },
    {
      "file_path": "/media/NFS/ttao/scannet/posed_images/scene0559_01/00010.jpg",
      "transform_matrix": [
        [
          -0.786518,
          0.081394,
          -0.612181,
          4.41004
        ],
        [
          0.61723,
          0.070799,
          -0.783591,
          3.876297
        ],
        [
          -0.020438,
          -0.994164,
          -0.105923,
          1.677507
        ],
        [
          0.0,
          0.0,
          0.0,
          1.0
        ]
      ]
    },
    {
      "file_path": "/media/NFS/ttao/scannet/posed_images/scene0559_01/00012.jpg",
      "transform_matrix": [
        [
          -0.782475,
          0.093968,
          -0.615551,
          4.413235
        ],
        [
          0.622213,
          0.079607,
          -0.77879,
          3.875538
        ],
        [
          -0.024179,
          -0.992387,
          -0.120759,
          1.671
        ],
        [
          0.0,
          0.0,
          0.0,
          1.0
        ]
      ]
    },
    {
      "file_path": "/media/NFS/ttao/scannet/posed_images/scene0559_01/00013.jpg",
      "transform_matrix": [
        [
          -0.781693,
          0.098296,
          -0.615869,
          4.413678
        ],
        [
          0.623184,
          0.084356,
          -0.777513,
          3.874873
        ],
        [
          -0.024474,
          -0.991576,
          -0.127197,
          1.667881
        ],
        [
          0.0,
          0.0,
          0.0,
          1.0
        ]
      ]
    },
    {
      "file_path": "/media/NFS/ttao/scannet/posed_images/scene0559_01/00014.jpg",
      "transform_matrix": [
        [
          -0.780497,
          0.101893,
          -0.6168,
          4.414314
        ],
        [
          0.624715,
          0.089901,
          -0.775661,
          3.873698
        ],
        [
          -0.023584,
          -0.990725,
          -0.133821,
          1.663945
        ],
        [
          0.0,
          0.0,
          0.0,
          1.0
        ]
      ]
    },
    {
      "file_path": "/media/NFS/ttao/scannet/posed_images/scene0559_01/00016.jpg",
      "transform_matrix": [
        [
          -0.773133,
          0.113914,
          -0.62393,
          4.419375
        ],
        [
          0.633973,
          0.110026,
          -0.765489,
          3.867809
        ],
        [
          -0.018551,
          -0.987379,
          -0.157283,
          1.653324
        ],
        [
          0.0,
          0.0,
          0.0,
          1.0
        ]
      ]
    },
    {
      "file_path": "/media/NFS/ttao/scannet/posed_images/scene0559_01/00018.jpg",
      "transform_matrix": [
        [
          -0.766858,
          0.127847,
          -0.628954,
          4.421687
        ],
        [
          0.641443,
          0.119237,
          -0.757848,
          3.863127
        ],
        [
          -0.021894,
          -0.9846,
          -0.173444,
          1.642581
        ],
        [
          0.0,
          0.0,
          0.0,
          1.0
        ]
      ]
    },
    {
      "file_path": "/media/NFS/ttao/scannet/posed_images/scene0559_01/00019.jpg",
      "transform_matrix": [
        [
          -0.764422,
          0.135956,
          -0.630218,
          4.423573
        ],
        [
          0.644258,
          0.124237,
          -0.754651,
          3.860214
        ],
        [
          -0.024303,
          -0.982894,
          -0.18256,
          1.638788
        ],
        [
          0.0,
          0.0,
          0.0,
          1.0
        ]
      ]
    },
    {
      "file_path": "/media/NFS/ttao/scannet/posed_images/scene0559_01/00020.jpg",
      "transform_matrix": [
        [
          -0.76112,
          0.142983,
          -0.632654,
          4.426172
        ],
        [
          0.648144,
          0.13068,
          -0.750221,
          3.85338
        ],
        [
          -0.024594,
          -0.98106,
          -0.192137,
          1.639496
        ],
        [
          0.0,
          0.0,
          0.0,
          1.0
        ]
      ]
    },
    {
      "file_path": "/media/NFS/ttao/scannet/posed_images/scene0559_01/00022.jpg",
      "transform_matrix": [
        [
          -0.746173,
          0.156875,
          -0.647005,
          4.431616
        ],
        [
          0.665406,
          0.144413,
          -0.73238,
          3.841212
        ],
        [
          -0.021456,
          -0.977003,
          -0.212143,
          1.633042
        ],
        [
          0.0,
          0.0,
          0.0,
          1.0
        ]
      ]
    },
    {
      "file_path": "/media/NFS/ttao/scannet/posed_images/scene0559_01/00024.jpg",
      "transform_matrix": [
        [
          -0.732794,
          0.162925,
          -0.660658,
          4.438632
        ],
        [
          0.680264,
          0.152651,
          -0.716896,
          3.831534
        ],
        [
          -0.01595,
          -0.974758,
          -0.222694,
          1.628787
        ],
        [
          0.0,
          0.0,
          0.0,
          1.0
        ]
      ]
    },
    {
      "file_path": "/media/NFS/ttao/scannet/posed_images/scene0559_01/00025.jpg",
      "transform_matrix": [
        [
          -0.726196,
          0.164696,
          -0.667468,
          4.442681
        ],
        [
          0.68736,
          0.155227,
          -0.709536,
          3.827523
        ],
        [
          -0.013248,
          -0.974053,
          -0.225931,
          1.621897
        ],
        [
          0.0,
          0.0,
          0.0,
          1.0
        ]
      ]
    },
    {
      "file_path": "/media/NFS/ttao/scannet/posed_images/scene0559_01/00027.jpg",
      "transform_matrix": [
        [
          -0.703654,
          0.187115,
          -0.685463,
          4.454764
        ],
        [
          0.710386,
          0.164989,
          -0.684201,
          3.810065
        ],
        [
          -0.014931,
          -0.968383,
          -0.249019,
          1.608069
        ],
        [
          0.0,
          0.0,
          0.0,
          1.0
        ]
      ]
    },
    {
      "file_path": "/media/NFS/ttao/scannet/posed_images/scene0559_01/00028.jpg",
      "transform_matrix": [
        [
          -0.695199,
          0.19669,
          -0.691384,
          4.459625
        ],
        [
          0.718556,
          0.164188,
          -0.675811,
          3.804439
        ],
        [
          -0.019408,
          -0.966621,
          -0.255476,
          1.600255
        ],
        [
          0.0,
          0.0,
          0.0,
          1.0
        ]
      ]
    },
    {
      "file_path": "/media/NFS/ttao/scannet/posed_images/scene0559_01/00029.jpg",
      "transform_matrix": [
        [
          -0.687365,
          0.212808,
          -0.694437,
          4.462626
        ],
        [
          0.725793,
          0.165095,
          -0.667809,
          3.799134
        ],
        [
          -0.027467,
          -0.963045,
          -0.267935,
          1.59913
        ],
        [
          0.0,
          0.0,
          0.0,
          1.0
        ]
      ]
    },
    {
      "file_path": "/media/NFS/ttao/scannet/posed_images/scene0559_01/00031.jpg",
      "transform_matrix": [
        [
          -0.653866,
          0.256013,
          -0.711981,
          4.473704
        ],
        [
          0.75512,
          0.16178,
          -0.635312,
          3.774274
        ],
        [
          -0.047464,
          -0.95304,
          -0.299103,
          1.592392
        ],
        [
          0.0,
          0.0,
          0.0,
          1.0
        ]
      ]
    },
    {
      "file_path": "/media/NFS/ttao/scannet/posed_images/scene0559_01/00032.jpg",
      "transform_matrix": [
        [
          -0.641927,
          0.267876,
          -0.718451,
          4.478026
        ],
        [
          0.764956,
          0.159387,
          -0.62405,
          3.76822
        ],
        [
          -0.052656,
          -0.950178,
          -0.307228,
          1.586934
        ],
        [
          0.0,
          0.0,
          0.0,
          1.0
        ]
      ]
    },
    {
      "file_path": "/media/NFS/ttao/scannet/posed_images/scene0559_01/00034.jpg",
      "transform_matrix": [
        [
          -0.61853,
          0.298789,
          -0.726736,
          4.481125
        ],
        [
          0.782821,
          0.154376,
          -0.602794,
          3.756505
        ],
        [
          -0.067918,
          -0.94175,
          -0.329384,
          1.583543
        ],
        [
          0.0,
          0.0,
          0.0,
          1.0
        ]
      ]
    },
    {
      "file_path": "/media/NFS/ttao/scannet/posed_images/scene0559_01/00036.jpg",
      "transform_matrix": [
        [
          -0.57965,
          0.336371,
          -0.7422,
          4.489378
        ],
        [
          0.810161,
          0.140154,
          -0.569207,
          3.739707
        ],
        [
          -0.087442,
          -0.931242,
          -0.353754,
          1.573006
        ],
        [
          0.0,
          0.0,
          0.0,
          1.0
        ]
      ]
    },
    {
      "file_path": "/media/NFS/ttao/scannet/posed_images/scene0559_01/00037.jpg",
      "transform_matrix": [
        [
          -0.566184,
          0.349867,
          -0.746343,
          4.492232
        ],
        [
          0.818959,
          0.136069,
          -0.557486,
          3.732865
        ],
        [
          -0.093491,
          -0.926865,
          -0.363567,
          1.569229
        ],
        [
          0.0,
          0.0,
          0.0,
          1.0
        ]
      ]
    },
    {
      "file_path": "/media/NFS/ttao/scannet/posed_images/scene0559_01/00039.jpg",
      "transform_matrix": [
        [
          -0.543615,
          0.37284,
          -0.751979,
          4.49571
        ],
        [
          0.833403,
          0.133443,
          -0.536315,
          3.72098
        ],
        [
          -0.099614,
          -0.91825,
          -0.383267,
          1.563938
        ],
        [
          0.0,
          0.0,
          0.0,
          1.0
        ]
      ]
    },
    {
      "file_path": "/media/NFS/ttao/scannet/posed_images/scene0559_01/00040.jpg",
      "transform_matrix": [
        [
          -0.526394,
          0.377893,
          -0.761647,
          4.499888
        ],
        [
          0.844523,
          0.128667,
          -0.519833,
          3.707574
        ],
        [
          -0.098443,
          -0.916865,
          -0.386869,
          1.554086
        ],
        [
          0.0,
          0.0,
          0.0,
          1.0
        ]
      ]
    },
    {
      "file_path": "/media/NFS/ttao/scannet/posed_images/scene0559_01/00042.jpg",
      "transform_matrix": [
        [
          -0.486289,
          0.398032,
          -0.777877,
          4.503034
        ],
        [
          0.868467,
          0.121978,
          -0.480507,
          3.68725
        ],
        [
          -0.096373,
          -0.909226,
          -0.404994,
          1.545836
        ],
        [
          0.0,
          0.0,
          0.0,
          1.0
        ]
      ]
    },
    {
      "file_path": "/media/NFS/ttao/scannet/posed_images/scene0559_01/00043.jpg",
      "transform_matrix": [
        [
          -0.473913,
          0.403872,
          -0.782492,
          4.502109
        ],
        [
          0.875489,
          0.12077,
          -0.467903,
          3.682297
        ],
        [
          -0.094472,
          -0.906809,
          -0.41082,
          1.541771
        ],
        [
          0.0,
          0.0,
          0.0,
          1.0
        ]
      ]
    },
    {
      "file_path": "/media/NFS/ttao/scannet/posed_images/scene0559_01/00045.jpg",
      "transform_matrix": [
        [
          -0.450141,
          0.415048,
          -0.790638,
          4.501775
        ],
        [
          0.888844,
          0.123377,
          -0.441287,
          3.667493
        ],
        [
          -0.085609,
          -0.901395,
          -0.42445,
          1.529851
        ],
        [
          0.0,
          0.0,
          0.0,
          1.0
        ]
      ]
    },
    {
      "file_path": "/media/NFS/ttao/scannet/posed_images/scene0559_01/00046.jpg",
      "transform_matrix": [
        [
          -0.428071,
          0.423442,
          -0.798406,
          4.497243
        ],
        [
          0.899836,
          0.117616,
          -0.420074,
          3.656914
        ],
        [
          -0.083972,
          -0.898256,
          -0.431376,
          1.521234
        ],
        [
          0.0,
          0.0,
          0.0,
          1.0
        ]
      ]
    },
    {
      "file_path": "/media/NFS/ttao/scannet/posed_images/scene0559_01/00048.jpg",
      "transform_matrix": [
        [
          -0.408117,
          0.432915,
          -0.803756,
          4.492269
        ],
        [
          0.909649,
          0.118266,
          -0.398186,
          3.640982
        ],
        [
          -0.077324,
          -0.893643,
          -0.442067,
          1.511926
        ],
        [
          0.0,
          0.0,
          0.0,
          1.0
        ]
      ]
    },
    {
      "file_path": "/media/NFS/ttao/scannet/posed_images/scene0559_01/00049.jpg",
      "transform_matrix": [
        [
          -0.402196,
          0.43856,
          -0.803681,
          4.487053
        ],
        [
          0.912421,
          0.11944,
          -0.391437,
          3.637783
        ],
        [
          -0.075677,
          -0.890729,
          -0.44819,
          1.508982
        ],
        [
          0.0,
          0.0,
          0.0,
          1.0
        ]
      ]
    },
    {
      "file_path": "/media/NFS/ttao/scannet/posed_images/scene0559_01/00051.jpg",
      "transform_matrix": [
        [
          -0.382662,
          0.452883,
          -0.805275,
          4.466386
        ],
        [
          0.920846,
          0.116282,
          -0.372184,
          3.628579
        ],
        [
          -0.074916,
          -0.883954,
          -0.461532,
          1.500877
        ],
        [
          0.0,
          0.0,
          0.0,
          1.0
        ]
      ]
    },
    {
      "file_path": "/media/NFS/ttao/scannet/posed_images/scene0559_01/00052.jpg",
      "transform_matrix": [
        [
          -0.372689,
          0.457221,
          -0.807497,
          4.460235
        ],
        [
          0.924769,
          0.110939,
          -0.363998,
          3.62268
        ],
        [
          -0.076845,
          -0.882407,
          -0.46417,
          1.496221
        ],
        [
          0.0,
          0.0,
          0.0,
          1.0
        ]
      ]
    },
    {
      "file_path": "/media/NFS/ttao/scannet/posed_images/scene0559_01/00054.jpg",
      "transform_matrix": [
        [
          -0.353159,
          0.468241,
          -0.809956,
          4.444057
        ],
        [
          0.932231,
          0.103119,
          -0.34686,
          3.609827
        ],
        [
          -0.078892,
          -0.877563,
          -0.472926,
          1.489771
        ],
        [
          0.0,
          0.0,
          0.0,
          1.0
        ]
      ]
    },
    {
      "file_path": "/media/NFS/ttao/scannet/posed_images/scene0559_01/00055.jpg",
      "transform_matrix": [
        [
          -0.343575,
          0.47369,
          -0.810909,
          4.435291
        ],
        [
          0.935706,
          0.099054,
          -0.338588,
          3.602844
        ],
        [
          -0.080062,
          -0.875103,
          -0.477267,
          1.48644
        ],
        [
          0.0,
          0.0,
          0.0,
          1.0
        ]
      ]
    },
    {
      "file_path": "/media/NFS/ttao/scannet/posed_images/scene0559_01/00056.jpg",
      "transform_matrix": [
        [
          -0.325699,
          0.484184,
          -0.812088,
          4.416438
        ],
        [
          0.941967,
          0.092271,
          -0.322775,
          3.589889
        ],
        [
          -0.08135,
          -0.870088,
          -0.486138,
          1.47962
        ],
        [
          0.0,
          0.0,
          0.0,
          1.0
        ]
      ]
    },
    {
      "file_path": "/media/NFS/ttao/scannet/posed_images/scene0559_01/00058.jpg",
      "transform_matrix": [
        [
          -0.302176,
          0.498232,
          -0.812684,
          4.396722
        ],
        [
          0.949462,
          0.081358,
          -0.303155,
          3.57662
        ],
        [
          -0.084923,
          -0.863219,
          -0.497636,
          1.471978
        ],
        [
          0.0,
          0.0,
          0.0,
          1.0
        ]
      ]
    },
    {
      "file_path": "/media/NFS/ttao/scannet/posed_images/scene0559_01/00059.jpg",
      "transform_matrix": [
        [
          -0.28821,
          0.50046,
          -0.816379,
          4.385874
        ],
        [
          0.953427,
          0.070781,
          -0.293202,
          3.571931
        ],
        [
          -0.088951,
          -0.862861,
          -0.497552,
          1.470675
        ],
        [
          0.0,
          0.0,
          0.0,
          1.0
        ]
      ]
    },
    {
      "file_path": "/media/NFS/ttao/scannet/posed_images/scene0559_01/00061.jpg",
      "transform_matrix": [
        [
          -0.235827,
          0.503036,
          -0.831468,
          4.358661
        ],
        [
          0.967955,
          0.045603,
          -0.246949,
          3.549088
        ],
        [
          -0.086307,
          -0.863061,
          -0.497671,
          1.462135
        ],
        [
          0.0,
          0.0,
          0.0,
          1.0
        ]
      ]
    },
    {
      "file_path": "/media/NFS/ttao/scannet/posed_images/scene0559_01/00063.jpg",
      "transform_matrix": [
        [
          -0.202695,
          0.516773,
          -0.831781,
          4.337931
        ],
        [
          0.975574,
          0.033113,
          -0.217163,
          3.539644
        ],
        [
          -0.084682,
          -0.855482,
          -0.510862,
          1.460176
        ],
        [
          0.0,
          0.0,
          0.0,
          1.0
        ]
      ]
    },
    {
      "file_path": "/media/NFS/ttao/scannet/posed_images/scene0559_01/00064.jpg",
      "transform_matrix": [
        [
          -0.183258,
          0.517474,
          -0.835845,
          4.329914
        ],
        [
          0.979475,
          0.023521,
          -0.200187,
          3.533237
        ],
        [
          -0.083932,
          -0.855376,
          -0.511163,
          1.459226
        ],
        [
          0.0,
          0.0,
          0.0,
          1.0
        ]
      ]
    },
    {
      "file_path": "/media/NFS/ttao/scannet/posed_images/scene0559_01/00065.jpg",
      "transform_matrix": [
        [
          -0.167013,
          0.519448,
          -0.838022,
          4.321207
        ],
        [
          0.982377,
          0.015328,
          -0.186282,
          3.530555
        ],
        [
          -0.083919,
          -0.854365,
          -0.512854,
          1.458749
        ],
        [
          0.0,
          0.0,
          0.0,
          1.0
        ]
      ]
    },
    {
      "file_path": "/media/NFS/ttao/scannet/posed_images/scene0559_01/00067.jpg",
      "transform_matrix": [
        [
          -0.111026,
          0.53952,
          -0.83462,
          4.294901
        ],
        [
          0.990685,
          -0.006547,
          -0.136018,
          3.518743
        ],
        [
          -0.078848,
          -0.841947,
          -0.533767,
          1.455735
        ],
        [
          0.0,
          0.0,
          0.0,
          1.0
        ]
      ]
    },
    {
      "file_path": "/media/NFS/ttao/scannet/posed_images/scene0559_01/00069.jpg",
      "transform_matrix": [
        [
          -0.07124,
          0.548142,
          -0.833346,
          4.280578
        ],
        [
          0.994351,
          -0.026882,
          -0.102686,
          3.510283
        ],
        [
          -0.078688,
          -0.835953,
          -0.54313,
          1.451789
        ],
        [
          0.0,
          0.0,
          0.0,
          1.0
        ]
      ]
    },
    {
      "file_path": "/media/NFS/ttao/scannet/posed_images/scene0559_01/00070.jpg",
      "transform_matrix": [
        [
          -0.049221,
          0.550477,
          -0.833398,
          4.271729
        ],
        [
          0.995704,
          -0.038475,
          -0.084221,
          3.504749
        ],
        [
          -0.078427,
          -0.833963,
          -0.546219,
          1.452922
        ],
        [
          0.0,
          0.0,
          0.0,
          1.0
        ]
      ]
    },
    {
      "file_path": "/media/NFS/ttao/scannet/posed_images/scene0559_01/00071.jpg",
      "transform_matrix": [
        [
          -0.02909,
          0.549986,
          -0.834667,
          4.265961
        ],
        [
          0.99649,
          -0.049613,
          -0.067421,
          3.49939
        ],
        [
          -0.078491,
          -0.833699,
          -0.546612,
          1.451642
        ],
        [
          0.0,
          0.0,
          0.0,
          1.0
        ]
      ]
    },
    {
      "file_path": "/media/NFS/ttao/scannet/posed_images/scene0559_01/00073.jpg",
      "transform_matrix": [
        [
          0.027162,
          0.555043,
          -0.831378,
          4.246387
        ],
        [
          0.996738,
          -0.07827,
          -0.01969,
          3.486995
        ],
        [
          -0.076001,
          -0.828131,
          -0.555359,
          1.449094
        ],
        [
          0.0,
          0.0,
          0.0,
          1.0
        ]
      ]
    },
    {
      "file_path": "/media/NFS/ttao/scannet/posed_images/scene0559_01/00075.jpg",
      "transform_matrix": [
        [
          0.065798,
          0.548491,
          -0.833564,
          4.234716
        ],
        [
          0.994667,
          -0.102545,
          0.01104,
          3.476613
        ],
        [
          -0.079423,
          -0.829845,
          -0.552313,
          1.449102
        ],
        [
          0.0,
          0.0,
          0.0,
          1.0
        ]
      ]
    },
    {
      "file_path": "/media/NFS/ttao/scannet/posed_images/scene0559_01/00076.jpg",
      "transform_matrix": [
        [
          0.084881,
          0.545587,
          -0.833745,
          4.229806
        ],
        [
          0.993038,
          -0.114914,
          0.0259,
          3.470179
        ],
        [
          -0.081678,
          -0.830139,
          -0.551542,
          1.449034
        ],
        [
          0.0,
          0.0,
          0.0,
          1.0
        ]
      ]
    },
    {
      "file_path": "/media/NFS/ttao/scannet/posed_images/scene0559_01/00077.jpg",
      "transform_matrix": [
        [
          0.105948,
          0.543276,
          -0.832842,
          4.224843
        ],
        [
          0.990849,
          -0.128122,
          0.042473,
          3.462963
        ],
        [
          -0.083631,
          -0.82972,
          -0.551879,
          1.448873
        ],
        [
          0.0,
          0.0,
          0.0,
          1.0
        ]
      ]
    },
    {
      "file_path": "/media/NFS/ttao/scannet/posed_images/scene0559_01/00079.jpg",
      "transform_matrix": [
        [
          0.150403,
          0.534073,
          -0.831953,
          4.216419
        ],
        [
          0.984323,
          -0.15932,
          0.075674,
          3.447837
        ],
        [
          -0.092131,
          -0.830291,
          -0.549662,
          1.449938
        ],
        [
          0.0,
          0.0,
          0.0,
          1.0
        ]
      ]
    },
    {
      "file_path": "/media/NFS/ttao/scannet/posed_images/scene0559_01/00080.jpg",
      "transform_matrix": [
        [
          0.189051,
          0.520658,
          -0.832571,
          4.209493
        ],
        [
          0.976029,
          -0.192735,
          0.101097,
          3.439583
        ],
        [
          -0.107829,
          -0.831726,
          -0.544614,
          1.454713
        ],
        [
          0.0,
          0.0,
          0.0,
          1.0
        ]
      ]
    },
    {
      "file_path": "/media/NFS/ttao/scannet/posed_images/scene0559_01/00082.jpg",
      "transform_matrix": [
        [
          0.241966,
          0.517155,
          -0.820977,
          4.2052
        ],
        [
          0.963837,
          -0.225491,
          0.142028,
          3.41873
        ],
        [
          -0.111672,
          -0.825654,
          -0.553015,
          1.453753
        ],
        [
          0.0,
          0.0,
          0.0,
          1.0
        ]
      ]
    },
    {
      "file_path": "/media/NFS/ttao/scannet/posed_images/scene0559_01/00084.jpg",
      "transform_matrix": [
        [
          0.290948,
          0.494717,
          -0.818905,
          4.202139
        ],
        [
          0.948392,
          -0.261952,
          0.178703,
          3.409916
        ],
        [
          -0.126106,
          -0.828636,
          -0.545399,
          1.459436
        ],
        [
          0.0,
          0.0,
          0.0,
          1.0
        ]
      ]
    },
    {
      "file_path": "/media/NFS/ttao/scannet/posed_images/scene0559_01/00085.jpg",
      "transform_matrix": [
        [
          0.340078,
          0.471918,
          -0.813413,
          4.20441
        ],
        [
          0.931059,
          -0.290563,
          0.220688,
          3.392609
        ],
        [
          -0.132201,
          -0.832386,
          -0.538198,
          1.457343
        ],
        [
          0.0,
          0.0,
          0.0,
          1.0
        ]
      ]
    },
    {
      "file_path": "/media/NFS/ttao/scannet/posed_images/scene0559_01/00087.jpg",
      "transform_matrix": [
        [
          0.392218,
          0.472373,
          -0.789322,
          4.202553
        ],
        [
          0.909705,
          -0.326412,
          0.256695,
          3.383748
        ],
        [
          -0.136389,
          -0.81873,
          -0.557745,
          1.454595
        ],
        [
          0.0,
          0.0,
          0.0,
          1.0
        ]
      ]
    },
    {
      "file_path": "/media/NFS/ttao/scannet/posed_images/scene0559_01/00088.jpg",
      "transform_matrix": [
        [
          0.414636,
          0.468915,
          -0.779869,
          4.202968
        ],
        [
          0.898665,
          -0.345777,
          0.26989,
          3.382424
        ],
        [
          -0.143106,
          -0.812746,
          -0.564769,
          1.454189
        ],
        [
          0.0,
          0.0,
          0.0,
          1.0
        ]
      ]
    },
    {
      "file_path": "/media/NFS/ttao/scannet/posed_images/scene0559_01/00089.jpg",
      "transform_matrix": [
        [
          0.437588,
          0.464111,
          -0.770141,
          4.203351
        ],
        [
          0.886985,
          -0.363357,
          0.285008,
          3.378934
        ],
        [
          -0.14756,
          -0.80782,
          -0.57066,
          1.453722
        ],
        [
          0.0,
          0.0,
          0.0,
          1.0
        ]
      ]
    },
    {
      "file_path": "/media/NFS/ttao/scannet/posed_images/scene0559_01/00091.jpg",
      "transform_matrix": [
        [
          0.490593,
          0.459104,
          -0.740636,
          4.207448
        ],
        [
          0.859707,
          -0.393718,
          0.325407,
          3.383229
        ],
        [
          -0.142206,
          -0.796373,
          -0.58785,
          1.453094
        ],
        [
          0.0,
          0.0,
          0.0,
          1.0
        ]
      ]
    },
    {
      "file_path": "/media/NFS/ttao/scannet/posed_images/scene0559_01/00093.jpg",
      "transform_matrix": [
        [
          0.524214,
          0.444052,
          -0.726648,
          4.214424
        ],
        [
          0.840748,
          -0.405572,
          0.358684,
          3.382104
        ],
        [
          -0.135434,
          -0.798955,
          -0.585942,
          1.447401
        ],
        [
          0.0,
          0.0,
          0.0,
          1.0
        ]
      ]
    },
    {
      "file_path": "/media/NFS/ttao/scannet/posed_images/scene0559_01/00094.jpg",
      "transform_matrix": [
        [
          0.537,
          0.434901,
          -0.722836,
          4.218695
        ],
        [
          0.832631,
          -0.410876,
          0.371359,
          3.382618
        ],
        [
          -0.135491,
          -0.801275,
          -0.582752,
          1.444809
        ],
        [
          0.0,
          0.0,
          0.0,
          1.0
        ]
      ]
    },
    {
      "file_path": "/media/NFS/ttao/scannet/posed_images/scene0559_01/00095.jpg",
      "transform_matrix": [
        [
          0.549011,
          0.4281,
          -0.717856,
          4.222086
        ],
        [
          0.825119,
          -0.414569,
          0.383813,
          3.382542
        ],
        [
          -0.133291,
          -0.803033,
          -0.580837,
          1.442628
        ],
        [
          0.0,
          0.0,
          0.0,
          1.0
        ]
      ]
    },
    {
      "file_path": "/media/NFS/ttao/scannet/posed_images/scene0559_01/00097.jpg",
      "transform_matrix": [
        [
          0.587133,
          0.422475,
          -0.690499,
          4.230427
        ],
        [
          0.799599,
          -0.435625,
          0.413368,
          3.386628
        ],
        [
          -0.126161,
          -0.794824,
          -0.59358,
          1.433902
        ],
        [
          0.0,
          0.0,
          0.0,
          1.0
        ]
      ]
    },
    {
      "file_path": "/media/NFS/ttao/scannet/posed_images/scene0559_01/00099.jpg",
      "transform_matrix": [
        [
          0.603398,
          0.408574,
          -0.68482,
          4.240106
        ],
        [
          0.786954,
          -0.443898,
          0.428553,
          3.391113
        ],
        [
          -0.128894,
          -0.79751,
          -0.589376,
          1.432821
        ],
        [
          0.0,
          0.0,
          0.0,
          1.0
        ]
      ]
    },
    {
      "file_path": "/media/NFS/ttao/scannet/posed_images/scene0559_01/00100.jpg",
      "transform_matrix": [
        [
          0.623607,
          0.400738,
          -0.67121,
          4.242395
        ],
        [
          0.772055,
          -0.450443,
          0.448367,
          3.396581
        ],
        [
          -0.122664,
          -0.797816,
          -0.590291,
          1.437693
        ],
        [
          0.0,
          0.0,
          0.0,
          1.0
        ]
      ]
    },
    {
      "file_path": "/media/NFS/ttao/scannet/posed_images/scene0559_01/00101.jpg",
      "transform_matrix": [
        [
          0.632606,
          0.395142,
          -0.666087,
          4.245896
        ],
        [
          0.76544,
          -0.449972,
          0.460029,
          3.396894
        ],
        [
          -0.117943,
          -0.800867,
          -0.587113,
          1.436791
        ],
        [
          0.0,
          0.0,
          0.0,
          1.0
        ]
      ]
    },
    {
      "file_path": "/media/NFS/ttao/scannet/posed_images/scene0559_01/00103.jpg",
      "transform_matrix": [
        [
          0.644973,
          0.384898,
          -0.6602,
          4.25454
        ],
        [
          0.755865,
          -0.448591,
          0.476901,
          3.400982
        ],
        [
          -0.112601,
          -0.80661,
          -0.58026,
          1.437343
        ],
        [
          0.0,
          0.0,
          0.0,
          1.0
        ]
      ]
    },
    {
      "file_path": "/media/NFS/ttao/scannet/posed_images/scene0559_01/00104.jpg",
      "transform_matrix": [
        [
          0.650254,
          0.379543,
          -0.658116,
          4.261693
        ],
        [
          0.75131,
          -0.449779,
          0.482941,
          3.401772
        ],
        [
          -0.11271,
          -0.808484,
          -0.577625,
          1.435219
        ],
        [
          0.0,
          0.0,
          0.0,
          1.0
        ]
      ]
    },
    {
      "file_path": "/media/NFS/ttao/scannet/posed_images/scene0559_01/00106.jpg",
      "transform_matrix": [
        [
          0.665488,
          0.374759,
          -0.645509,
          4.278485
        ],
        [
          0.738993,
          -0.452411,
          0.499212,
          3.405985
        ],
        [
          -0.104951,
          -0.809247,
          -0.578019,
          1.431595
        ],
        [
          0.0,
          0.0,
          0.0,
          1.0
        ]
      ]
    },
    {
      "file_path": "/media/NFS/ttao/scannet/posed_images/scene0559_01/00107.jpg",
      "transform_matrix": [
        [
          0.670034,
          0.372882,
          -0.641883,
          4.282449
        ],
        [
          0.73517,
          -0.453135,
          0.504177,
          3.402889
        ],
        [
          -0.102861,
          -0.809708,
          -0.577747,
          1.431229
        ],
        [
          0.0,
          0.0,
          0.0,
          1.0
        ]
      ]
    },
    {
      "file_path": "/media/NFS/ttao/scannet/posed_images/scene0559_01/00109.jpg",
      "transform_matrix": [
        [
          0.670648,
          0.373679,
          -0.640777,
          4.297609
        ],
        [
          0.735397,
          -0.447988,
          0.508428,
          3.401335
        ],
        [
          -0.097072,
          -0.812201,
          -0.575245,
          1.428783
        ],
        [
          0.0,
          0.0,
          0.0,
          1.0
        ]
      ]
    },
    {
      "file_path": "/media/NFS/ttao/scannet/posed_images/scene0559_01/00110.jpg",
      "transform_matrix": [
        [
          0.668324,
          0.37318,
          -0.64349,
          4.31144
        ],
        [
          0.737669,
          -0.443952,
          0.508676,
          3.396577
        ],
        [
          -0.095851,
          -0.814643,
          -0.571987,
          1.426617
        ],
        [
          0.0,
          0.0,
          0.0,
          1.0
        ]
      ]
    },
    {
      "file_path": "/media/NFS/ttao/scannet/posed_images/scene0559_01/00112.jpg",
      "transform_matrix": [
        [
          0.663531,
          0.371913,
          -0.649159,
          4.328146
        ],
        [
          0.741845,
          -0.439474,
          0.506488,
          3.388879
        ],
        [
          -0.096919,
          -0.817645,
          -0.567506,
          1.421223
        ],
        [
          0.0,
          0.0,
          0.0,
          1.0
        ]
      ]
    },
    {
      "file_path": "/media/NFS/ttao/scannet/posed_images/scene0559_01/00113.jpg",
      "transform_matrix": [
        [
          0.657798,
          0.375493,
          -0.652922,
          4.33154
        ],
        [
          0.746284,
          -0.442082,
          0.497618,
          3.389794
        ],
        [
          -0.101792,
          -0.814597,
          -0.571025,
          1.427363
        ],
        [
          0.0,
          0.0,
          0.0,
          1.0
        ]
      ]
    },
    {
      "file_path": "/media/NFS/ttao/scannet/posed_images/scene0559_01/00114.jpg",
      "transform_matrix": [
        [
          0.654162,
          0.370477,
          -0.659408,
          4.338771
        ],
        [
          0.749026,
          -0.43839,
          0.496765,
          3.386592
        ],
        [
          -0.105038,
          -0.818878,
