{
  "frames": [
    {
      "file_path": "/media/NFS/ttao/scannet/posed_images/scene0481_00/00000.jpg",
      "transform_matrix": [
        [
          -0.591741,
          -0.376413,
          0.71285,
          1.410128
        ],
        [
          -0.805959,
          0.294322,
          -0.513618,
          2.765477
        ],
        [
          -0.016475,
          -0.878458,
          -0.477536,
          1.461336
        ],
        [
          0.0,
          0.0,
          0.0,
          1.0
        ]
      ]
    },
    {
      "file_path": "/media/NFS/ttao/scannet/posed_images/scene0481_00/00003.jpg",
      "transform_matrix": [
        [
          -0.59449,
          -0.381413,
          0.707888,
          1.397718
        ],
        [
          -0.804012,
          0.295218,
          -0.51615,
          2.785921
        ],
        [
          -0.012115,
          -0.875997,
          -0.482165,
          1.458805
        ],
        [
          0.0,
          0.0,
          0.0,
          1.0
        ]
      ]
    },
    {
      "file_path": "/media/NFS/ttao/scannet/posed_images/scene0481_00/00007.jpg",
      "transform_matrix": [
        [
          -0.61007,
          -0.388285,
          0.690687,
          1.382682
        ],
        [
          -0.792293,
          0.309164,
          -0.526013,
          2.820084
        ],
        [
          -0.009293,
          -0.868132,
          -0.496247,
          1.449032
        ],
        [
          0.0,
          0.0,
          0.0,
          1.0
        ]
      ]
    },
    {
      "file_path": "/media/NFS/ttao/scannet/posed_images/scene0481_00/00010.jpg",
      "transform_matrix": [
        [
          -0.615269,
          -0.394302,
          0.68262,
          1.367628
        ],
        [
          -0.788299,
          0.313691,
          -0.529323,
          2.862479
        ],
        [
          -0.005419,
          -0.863784,
          -0.503832,
          1.434512
        ],
        [
          0.0,
          0.0,
          0.0,
          1.0
        ]
      ]
    },
    {
      "file_path": "/media/NFS/ttao/scannet/posed_images/scene0481_00/00014.jpg",
      "transform_matrix": [
        [
          -0.609345,
          -0.409584,
          0.678925,
          1.333453
        ],
        [
          -0.792905,
          0.315039,
          -0.521587,
          2.957523
        ],
        [
          -0.000254,
          -0.856149,
          -0.516729,
          1.412288
        ],
        [
          0.0,
          0.0,
          0.0,
          1.0
        ]
      ]
    },
    {
      "file_path": "/media/NFS/ttao/scannet/posed_images/scene0481_00/00018.jpg",
      "transform_matrix": [
        [
          -0.601191,
          -0.435692,
          0.669882,
          1.30888
        ],
        [
          -0.79894,
          0.310686,
          -0.514946,
          3.053471
        ],
        [
          0.016235,
          -0.844776,
          -0.534873,
          1.390306
        ],
        [
          0.0,
          0.0,
          0.0,
          1.0
        ]
      ]
    },
    {
      "file_path": "/media/NFS/ttao/scannet/posed_images/scene0481_00/00024.jpg",
      "transform_matrix": [
        [
          -0.579824,
          -0.478218,
          0.65963,
          1.278051
        ],
        [
          -0.814224,
          0.311248,
          -0.490065,
          3.169276
        ],
        [
          0.029049,
          -0.821238,
          -0.569846,
          1.377878
        ],
        [
          0.0,
          0.0,
          0.0,
          1.0
        ]
      ]
    },
    {
      "file_path": "/media/NFS/ttao/scannet/posed_images/scene0481_00/00026.jpg",
      "transform_matrix": [
        [
          -0.575312,
          -0.483708,
          0.659578,
          1.267394
        ],
        [
          -0.81731,
          0.308466,
          -0.486676,
          3.201911
        ],
        [
          0.031952,
          -0.81907,
          -0.572803,
          1.381395
        ],
        [
          0.0,
          0.0,
          0.0,
          1.0
        ]
      ]
    },
    {
      "file_path": "/media/NFS/ttao/scannet/posed_images/scene0481_00/00031.jpg",
      "transform_matrix": [
        [
          -0.56531,
          -0.485819,
          0.666636,
          1.234235
        ],
        [
          -0.823648,
          0.288332,
          -0.488332,
          3.252052
        ],
        [
          0.045028,
          -0.825133,
          -0.563141,
          1.393404
        ],
        [
          0.0,
          0.0,
          0.0,
          1.0
        ]
      ]
    },
    {
      "file_path": "/media/NFS/ttao/scannet/posed_images/scene0481_00/00035.jpg",
      "transform_matrix": [
        [
          -0.562578,
          -0.479417,
          0.673547,
          1.194153
        ],
        [
          -0.825806,
          0.287052,
          -0.485434,
          3.289243
        ],
        [
          0.039382,
          -0.829313,
          -0.557394,
          1.399148
        ],
        [
          0.0,
          0.0,
          0.0,
          1.0
        ]
      ]
    },
    {
      "file_path": "/media/NFS/ttao/scannet/posed_images/scene0481_00/00039.jpg",
      "transform_matrix": [
        [
          -0.561394,
          -0.453652,
          0.692125,
          1.159372
        ],
        [
          -0.82709,
          0.279729,
          -0.487518,
          3.314573
        ],
        [
          0.027556,
          -0.84614,
          -0.532249,
          1.411429
        ],
        [
          0.0,
          0.0,
          0.0,
          1.0
        ]
      ]
    },
    {
      "file_path": "/media/NFS/ttao/scannet/posed_images/scene0481_00/00042.jpg",
      "transform_matrix": [
        [
          -0.562369,
          -0.444611,
          0.697182,
          1.139566
        ],
        [
          -0.826123,
          0.265867,
          -0.496826,
          3.326624
        ],
        [
          0.035537,
          -0.855357,
          -0.516819,
          1.428181
        ],
        [
          0.0,
          0.0,
          0.0,
          1.0
        ]
      ]
    },
    {
      "file_path": "/media/NFS/ttao/scannet/posed_images/scene0481_00/00043.jpg",
      "transform_matrix": [
        [
          -0.565148,
          -0.433947,
          0.70164,
          1.128446
        ],
        [
          -0.824237,
          0.260677,
          -0.502674,
          3.334594
        ],
        [
          0.035233,
          -0.862402,
          -0.504996,
          1.427653
        ],
        [
          0.0,
          0.0,
          0.0,
          1.0
        ]
      ]
    },
    {
      "file_path": "/media/NFS/ttao/scannet/posed_images/scene0481_00/00049.jpg",
      "transform_matrix": [
        [
          -0.571317,
          -0.426006,
          0.701509,
          1.098147
        ],
        [
          -0.820542,
          0.278226,
          -0.4993,
          3.378778
        ],
        [
          0.017526,
          -0.860877,
          -0.508511,
          1.438093
        ],
        [
          0.0,
          0.0,
          0.0,
          1.0
        ]
      ]
    },
    {
      "file_path": "/media/NFS/ttao/scannet/posed_images/scene0481_00/00052.jpg",
      "transform_matrix": [
        [
          -0.566789,
          -0.423564,
          0.706642,
          1.095169
        ],
        [
          -0.823699,
          0.274254,
          -0.49629,
          3.428222
        ],
        [
          0.016411,
          -0.863353,
          -0.504334,
          1.43281
        ],
        [
          0.0,
          0.0,
          0.0,
          1.0
        ]
      ]
    },
    {
      "file_path": "/media/NFS/ttao/scannet/posed_images/scene0481_00/00054.jpg",
      "transform_matrix": [
        [
          -0.565278,
          -0.428419,
          0.704924,
          1.100103
        ],
        [
          -0.824683,
          0.273919,
          -0.494839,
          3.454045
        ],
        [
          0.018906,
          -0.861061,
          -0.50815,
          1.424175
        ],
        [
          0.0,
          0.0,
          0.0,
          1.0
        ]
      ]
    },
    {
      "file_path": "/media/NFS/ttao/scannet/posed_images/scene0481_00/00059.jpg",
      "transform_matrix": [
        [
          -0.53829,
          -0.447351,
          0.714227,
          1.147647
        ],
        [
          -0.842212,
          0.255004,
          -0.475028,
          3.542765
        ],
        [
          0.030373,
          -0.857234,
          -0.514031,
          1.414024
        ],
        [
          0.0,
          0.0,
          0.0,
          1.0
        ]
      ]
    },
    {
      "file_path": "/media/NFS/ttao/scannet/posed_images/scene0481_00/00063.jpg",
      "transform_matrix": [
        [
          -0.500632,
          -0.438694,
          0.746267,
          1.21869
        ],
        [
          -0.865066,
          0.221617,
          -0.450051,
          3.653947
        ],
        [
          0.032049,
          -0.870881,
          -0.490448,
          1.428527
        ],
        [
          0.0,
          0.0,
          0.0,
          1.0
        ]
      ]
    },
    {
      "file_path": "/media/NFS/ttao/scannet/posed_images/scene0481_00/00067.jpg",
      "transform_matrix": [
        [
          -0.490862,
          -0.428974,
          0.758311,
          1.274963
        ],
        [
          -0.870722,
          0.211612,
          -0.443919,
          3.722245
        ],
        [
          0.029962,
          -0.878181,
          -0.477389,
          1.449347
        ],
        [
          0.0,
          0.0,
          0.0,
          1.0
        ]
      ]
    },
    {
      "file_path": "/media/NFS/ttao/scannet/posed_images/scene0481_00/00072.jpg",
      "transform_matrix": [
        [
          -0.527475,
          -0.398352,
          0.750391,
          1.342422
        ],
        [
          -0.849393,
          0.229217,
          -0.475385,
          3.791452
        ],
        [
          0.017368,
          -0.888131,
          -0.459263,
          1.446195
        ],
        [
          0.0,
          0.0,
          0.0,
          1.0
        ]
      ]
    },
    {
      "file_path": "/media/NFS/ttao/scannet/posed_images/scene0481_00/00074.jpg",
      "transform_matrix": [
        [
          -0.533546,
          -0.394889,
          0.747924,
          1.373257
        ],
        [
          -0.845629,
          0.23286,
          -0.4803,
          3.805795
        ],
        [
          0.015504,
          -0.888729,
          -0.458171,
          1.445067
        ],
        [
          0.0,
          0.0,
          0.0,
          1.0
        ]
      ]
    },
    {
      "file_path": "/media/NFS/ttao/scannet/posed_images/scene0481_00/00076.jpg",
      "transform_matrix": [
        [
          -0.537449,
          -0.393505,
          0.745857,
          1.404977
        ],
        [
          -0.843118,
          0.232539,
          -0.484848,
          3.818752
        ],
        [
          0.01735,
          -0.889427,
          -0.456749,
          1.437406
        ],
        [
          0.0,
          0.0,
          0.0,
          1.0
        ]
      ]
    },
    {
      "file_path": "/media/NFS/ttao/scannet/posed_images/scene0481_00/00081.jpg",
      "transform_matrix": [
        [
          -0.535574,
          -0.394815,
          0.746513,
          1.531296
        ],
        [
          -0.844153,
          0.225409,
          -0.486411,
          3.834262
        ],
        [
          0.023772,
          -0.890681,
          -0.454008,
          1.426918
        ],
        [
          0.0,
          0.0,
          0.0,
          1.0
        ]
      ]
    },
    {
      "file_path": "/media/NFS/ttao/scannet/posed_images/scene0481_00/00085.jpg",
      "transform_matrix": [
        [
          -0.52454,
          -0.37875,
          0.7625,
          1.612737
        ],
        [
          -0.851385,
          0.234653,
          -0.469128,
          3.821877
        ],
        [
          -0.001241,
          -0.895258,
          -0.445547,
          1.42895
        ],
        [
          0.0,
          0.0,
          0.0,
          1.0
        ]
      ]
    },
    {
      "file_path": "/media/NFS/ttao/scannet/posed_images/scene0481_00/00091.jpg",
      "transform_matrix": [
        [
          -0.533589,
          -0.369215,
          0.760896,
          1.740334
        ],
        [
          -0.845587,
          0.250212,
          -0.471568,
          3.818972
        ],
        [
          -0.016275,
          -0.895028,
          -0.445714,
          1.441277
        ],
        [
          0.0,
          0.0,
          0.0,
          1.0
        ]
      ]
    },
    {
      "file_path": "/media/NFS/ttao/scannet/posed_images/scene0481_00/00092.jpg",
      "transform_matrix": [
        [
          -0.537733,
          -0.372158,
          0.756533,
          1.762196
        ],
        [
          -0.843009,
          0.251559,
          -0.475451,
          3.821309
        ],
        [
          -0.013369,
          -0.89343,
          -0.449004,
          1.442324
        ],
        [
          0.0,
          0.0,
          0.0,
          1.0
        ]
      ]
    },
    {
      "file_path": "/media/NFS/ttao/scannet/posed_images/scene0481_00/00097.jpg",
      "transform_matrix": [
        [
          -0.543757,
          -0.372333,
          0.752127,
          1.866441
        ],
        [
          -0.839227,
          0.246732,
          -0.484584,
          3.838187
        ],
        [
          -0.005147,
          -0.894702,
          -0.446634,
          1.435854
        ],
        [
          0.0,
          0.0,
          0.0,
          1.0
        ]
      ]
    },
    {
      "file_path": "/media/NFS/ttao/scannet/posed_images/scene0481_00/00100.jpg",
      "transform_matrix": [
        [
          -0.551551,
          -0.382016,
          0.741522,
          1.940983
        ],
        [
          -0.834075,
          0.2414,
          -0.496029,
          3.863431
        ],
        [
          0.010488,
          -0.892071,
          -0.451775,
          1.427636
        ],
        [
          0.0,
          0.0,
          0.0,
          1.0
        ]
      ]
    },
    {
      "file_path": "/media/NFS/ttao/scannet/posed_images/scene0481_00/00105.jpg",
      "transform_matrix": [
        [
          -0.556196,
          -0.384578,
          0.736713,
          2.066451
        ],
        [
          -0.830463,
          0.223863,
          -0.510114,
          3.923686
        ],
        [
          0.031256,
          -0.895536,
          -0.44389,
          1.417417
        ],
        [
          0.0,
          0.0,
          0.0,
          1.0
        ]
      ]
    },
    {
      "file_path": "/media/NFS/ttao/scannet/posed_images/scene0481_00/00106.jpg",
      "transform_matrix": [
        [
          -0.553693,
          -0.390456,
          0.735505,
          2.087494
        ],
        [
          -0.831763,
          0.216981,
          -0.510969,
          3.94023
        ],
        [
          0.03992,
          -0.894686,
          -0.444908,
          1.416214
        ],
        [
          0.0,
          0.0,
          0.0,
          1.0
        ]
      ]
    },
    {
      "file_path": "/media/NFS/ttao/scannet/posed_images/scene0481_00/00113.jpg",
      "transform_matrix": [
        [
          -0.541784,
          -0.393338,
          0.742802,
          2.265154
        ],
        [
          -0.839124,
          0.202241,
          -0.504945,
          4.017692
        ],
        [
          0.048389,
          -0.896875,
          -0.43963,
          1.440975
        ],
        [
          0.0,
          0.0,
          0.0,
          1.0
        ]
      ]
    },
    {
      "file_path": "/media/NFS/ttao/scannet/posed_images/scene0481_00/00115.jpg",
      "transform_matrix": [
        [
          -0.537323,
          -0.399019,
          0.743013,
          2.296395
        ],
        [
          -0.841336,
          0.192355,
          -0.505127,
          4.035182
        ],
        [
          0.058633,
          -0.89654,
          -0.439066,
          1.438925
        ],
        [
          0.0,
          0.0,
          0.0,
          1.0
        ]
      ]
    },
    {
      "file_path": "/media/NFS/ttao/scannet/posed_images/scene0481_00/00117.jpg",
      "transform_matrix": [
        [
          -0.53427,
          -0.412391,
          0.737895,
          2.329542
        ],
        [
          -0.842241,
          0.185336,
          -0.506242,
          4.047035
        ],
        [
          0.072011,
          -0.891956,
          -0.446352,
          1.434328
        ],
        [
          0.0,
          0.0,
          0.0,
          1.0
        ]
      ]
    },
    {
      "file_path": "/media/NFS/ttao/scannet/posed_images/scene0481_00/00120.jpg",
      "transform_matrix": [
        [
          -0.536467,
          -0.423303,
          0.730081,
          2.395643
        ],
        [
          -0.838997,
          0.174199,
          -0.515498,
          4.075456
        ],
        [
          0.091032,
          -0.889084,
          -0.448602,
          1.424806
        ],
        [
          0.0,
          0.0,
          0.0,
          1.0
        ]
      ]
    },
    {
      "file_path": "/media/NFS/ttao/scannet/posed_images/scene0481_00/00127.jpg",
      "transform_matrix": [
        [
          -0.547463,
          -0.372409,
          0.749397,
          2.513742
        ],
        [
          -0.836077,
          0.205448,
          -0.508691,
          4.101097
        ],
        [
          0.035479,
          -0.905043,
          -0.423838,
          1.422318
        ],
        [
          0.0,
          0.0,
          0.0,
          1.0
        ]
      ]
    },
    {
      "file_path": "/media/NFS/ttao/scannet/posed_images/scene0481_00/00128.jpg",
      "transform_matrix": [
        [
          -0.553718,
          -0.37302,
          0.744481,
          2.528712
        ],
        [
          -0.832133,
          0.214751,
          -0.51131,
          4.099667
        ],
        [
          0.030851,
          -0.902629,
          -0.429313,
          1.421727
        ],
        [
          0.0,
          0.0,
          0.0,
          1.0
        ]
      ]
    },
    {
      "file_path": "/media/NFS/ttao/scannet/posed_images/scene0481_00/00134.jpg",
      "transform_matrix": [
        [
          -0.614391,
          -0.35253,
          0.705866,
          2.612062
        ],
        [
          -0.788577,
          0.245012,
          -0.564018,
          4.127509
        ],
        [
          0.025887,
          -0.903157,
          -0.42853,
          1.429837
        ],
        [
          0.0,
          0.0,
          0.0,
          1.0
        ]
      ]
    },
    {
      "file_path": "/media/NFS/ttao/scannet/posed_images/scene0481_00/00136.jpg",
      "transform_matrix": [
        [
          -0.632709,
          -0.35347,
          0.689012,
          2.641607
        ],
        [
          -0.773798,
          0.253801,
          -0.580364,
          4.133591
        ],
        [
          0.030269,
          -0.900358,
          -0.434096,
          1.433183
        ],
        [
          0.0,
          0.0,
          0.0,
          1.0
        ]
      ]
    },
    {
      "file_path": "/media/NFS/ttao/scannet/posed_images/scene0481_00/00139.jpg",
      "transform_matrix": [
        [
          -0.67439,
          -0.346856,
          0.651835,
          2.679882
        ],
        [
          -0.736809,
          0.258664,
          -0.624664,
          4.144748
        ],
        [
          0.048063,
          -0.901545,
          -0.430007,
          1.429228
        ],
        [
          0.0,
          0.0,
          0.0,
          1.0
        ]
      ]
    },
    {
      "file_path": "/media/NFS/ttao/scannet/posed_images/scene0481_00/00145.jpg",
      "transform_matrix": [
        [
          -0.77632,
          -0.318419,
          0.544,
          2.748672
        ],
        [
          -0.627563,
          0.309541,
          -0.714387,
          4.197623
        ],
        [
          0.059084,
          -0.895987,
          -0.440131,
          1.418566
        ],
        [
          0.0,
          0.0,
          0.0,
          1.0
        ]
      ]
    },
    {
      "file_path": "/media/NFS/ttao/scannet/posed_images/scene0481_00/00149.jpg",
      "transform_matrix": [
        [
          -0.831891,
          -0.293308,
          0.471091,
          2.787135
        ],
        [
          -0.552515,
          0.358513,
          -0.75246,
          4.239795
        ],
        [
          0.05181,
          -0.88625,
          -0.460301,
          1.423227
        ],
        [
          0.0,
          0.0,
          0.0,
          1.0
        ]
      ]
    },
    {
      "file_path": "/media/NFS/ttao/scannet/posed_images/scene0481_00/00152.jpg",
      "transform_matrix": [
        [
          -0.856045,
          -0.272767,
          0.439072,
          2.828864
        ],
        [
          -0.514637,
          0.370334,
          -0.773306,
          4.267816
        ],
        [
          0.048329,
          -0.887947,
          -0.457399,
          1.425058
        ],
        [
          0.0,
          0.0,
          0.0,
          1.0
        ]
      ]
    },
    {
      "file_path": "/media/NFS/ttao/scannet/posed_images/scene0481_00/00153.jpg",
      "transform_matrix": [
        [
          -0.860515,
          -0.267231,
          0.433707,
          2.831257
        ],
        [
          -0.507231,
          0.370531,
          -0.778089,
          4.275331
        ],
        [
          0.047227,
          -0.889547,
          -0.454395,
          1.427241
        ],
        [
          0.0,
          0.0,
          0.0,
          1.0
        ]
      ]
    },
    {
      "file_path": "/media/NFS/ttao/scannet/posed_images/scene0481_00/00158.jpg",
      "transform_matrix": [
        [
          -0.892575,
          -0.25018,
          0.375125,
          2.881351
        ],
        [
          -0.44728,
          0.386094,
          -0.806767,
          4.309079
        ],
        [
          0.057003,
          -0.887886,
          -0.456518,
          1.425973
        ],
        [
          0.0,
          0.0,
          0.0,
          1.0
        ]
      ]
    },
    {
      "file_path": "/media/NFS/ttao/scannet/posed_images/scene0481_00/00163.jpg",
      "transform_matrix": [
        [
          -0.924697,
          -0.234056,
          0.300254,
          2.926591
        ],
        [
          -0.373187,
          0.401334,
          -0.836458,
          4.310181
        ],
        [
          0.075276,
          -0.885522,
          -0.458459,
          1.419384
        ],
        [
          0.0,
          0.0,
          0.0,
          1.0
        ]
      ]
    },
    {
      "file_path": "/media/NFS/ttao/scannet/posed_images/scene0481_00/00167.jpg",
      "transform_matrix": [
        [
          -0.944446,
          -0.205366,
          0.256606,
          2.992141
        ],
        [
          -0.321118,
          0.410209,
          -0.853587,
          4.303298
        ],
        [
          0.070035,
          -0.888568,
          -0.453367,
          1.409203
        ],
        [
          0.0,
          0.0,
          0.0,
          1.0
        ]
      ]
    },
    {
      "file_path": "/media/NFS/ttao/scannet/posed_images/scene0481_00/00171.jpg",
      "transform_matrix": [
        [
          -0.955319,
          -0.161475,
          0.24757,
          3.043915
        ],
        [
          -0.292974,
          0.406415,
          -0.865444,
          4.29479
        ],
        [
          0.039131,
          -0.899307,
          -0.435564,
          1.401878
        ],
        [
          0.0,
          0.0,
          0.0,
          1.0
        ]
      ]
    },
    {
      "file_path": "/media/NFS/ttao/scannet/posed_images/scene0481_00/00172.jpg",
      "transform_matrix": [
        [
          -0.957758,
          -0.154287,
          0.242684,
          3.052831
        ],
        [
          -0.28545,
          0.407618,
          -0.86739,
          4.295634
        ],
        [
          0.034905,
          -0.900024,
          -0.434441,
          1.39922
        ],
        [
          0.0,
          0.0,
          0.0,
          1.0
        ]
      ]
    },
    {
      "file_path": "/media/NFS/ttao/scannet/posed_images/scene0481_00/00178.jpg",
      "transform_matrix": [
        [
          -0.978956,
          -0.04888,
          0.19813,
          3.14075
        ],
        [
          -0.200481,
          0.411652,
          -0.889016,
          4.283366
        ],
        [
          -0.038106,
          -0.910029,
          -0.412789,
          1.408096
        ],
        [
          0.0,
          0.0,
          0.0,
          1.0
        ]
      ]
    },
    {
      "file_path": "/media/NFS/ttao/scannet/posed_images/scene0481_00/00182.jpg",
      "transform_matrix": [
        [
          -0.981794,
          -0.041361,
          0.185392,
          3.192526
        ],
        [
          -0.185266,
          0.423921,
          -0.886548,
          4.270138
        ],
        [
          -0.041924,
          -0.904754,
          -0.423866,
          1.402887
        ],
        [
          0.0,
          0.0,
          0.0,
          1.0
        ]
      ]
    },
    {
      "file_path": "/media/NFS/ttao/scannet/posed_images/scene0481_00/00184.jpg",
      "transform_matrix": [
        [
          -0.984464,
          -0.041536,
          0.170602,
          3.222858
        ],
        [
          -0.171978,
          0.424054,
          -0.889158,
          4.273869
        ],
        [
          -0.035412,
          -0.904684,
          -0.424609,
          1.401062
        ],
        [
          0.0,
          0.0,
          0.0,
          1.0
        ]
      ]
    },
    {
      "file_path": "/media/NFS/ttao/scannet/posed_images/scene0481_00/00190.jpg",
      "transform_matrix": [
        [
          -0.997697,
          -0.018541,
          0.065242,
          3.361622
        ],
        [
          -0.066842,
          0.431987,
          -0.899399,
          4.293208
        ],
        [
          -0.011509,
          -0.901689,
          -0.432232,
          1.384452
        ],
        [
          0.0,
          0.0,
          0.0,
          1.0
        ]
      ]
    },
    {
      "file_path": "/media/NFS/ttao/scannet/posed_images/scene0481_00/00193.jpg",
      "transform_matrix": [
        [
          -0.999728,
          -0.014352,
          0.018379,
          3.439304
        ],
        [
          -0.022917,
          0.458955,
          -0.888164,
          4.315449
        ],
        [
          0.004312,
          -0.888344,
          -0.459159,
          1.377769
        ],
        [
          0.0,
          0.0,
          0.0,
          1.0
        ]
      ]
    },
    {
      "file_path": "/media/NFS/ttao/scannet/posed_images/scene0481_00/00197.jpg",
      "transform_matrix": [
        [
          -0.999496,
          0.0143,
          -0.028347,
          3.532622
        ],
        [
          0.031715,
          0.491706,
          -0.870183,
          4.326252
        ],
        [
          0.001495,
          -0.870644,
          -0.491912,
          1.378346
        ],
        [
          0.0,
          0.0,
          0.0,
          1.0
        ]
      ]
    },
    {
      "file_path": "/media/NFS/ttao/scannet/posed_images/scene0481_00/00200.jpg",
      "transform_matrix": [
        [
          -0.996568,
          0.031896,
          -0.076382,
          3.584558
        ],
        [
          0.082034,
          0.503736,
          -0.859954,
          4.328788
        ],
        [
          0.011047,
          -0.863269,
          -0.504624,
          1.369874
        ],
        [
          0.0,
          0.0,
          0.0,
          1.0
        ]
      ]
    },
    {
      "file_path": "/media/NFS/ttao/scannet/posed_images/scene0481_00/00202.jpg",
      "transform_matrix": [
        [
          -0.993975,
          0.026074,
          -0.106458,
          3.616637
        ],
        [
          0.104758,
          0.511613,
          -0.852806,
          4.331865
        ],
        [
          0.032229,
          -0.85882,
          -0.511262,
          1.357673
        ],
        [
          0.0,
          0.0,
          0.0,
          1.0
        ]
      ]
    },
    {
      "file_path": "/media/NFS/ttao/scannet/posed_images/scene0481_00/00206.jpg",
      "transform_matrix": [
        [
          -0.993436,
          0.006069,
          -0.114225,
          3.654625
        ],
        [
          0.099507,
          0.538358,
          -0.836821,
          4.333533
        ],
        [
          0.056415,
          -0.842694,
          -0.535428,
          1.340885
        ],
        [
          0.0,
          0.0,
          0.0,
          1.0
        ]
      ]
    },
    {
      "file_path": "/media/NFS/ttao/scannet/posed_images/scene0481_00/00209.jpg",
      "transform_matrix": [
        [
          -0.993786,
          -0.008672,
          -0.110971,
          3.676453
        ],
        [
          0.087447,
          0.556004,
          -0.826567,
          4.328802
        ],
        [
          0.068868,
          -0.831134,
          -0.551791,
          1.330061
        ],
        [
          0.0,
          0.0,
          0.0,
          1.0
        ]
      ]
    },
    {
      "file_path": "/media/NFS/ttao/scannet/posed_images/scene0481_00/00214.jpg",
      "transform_matrix": [
        [
          -0.996737,
          -0.036801,
          -0.071833,
          3.689567
        ],
        [
          0.038632,
          0.563907,
          -0.824934,
          4.315579
        ],
        [
          0.070865,
          -0.825018,
          -0.560646,
          1.326198
        ],
        [
          0.0,
          0.0,
          0.0,
          1.0
        ]
      ]
    },
    {
      "file_path": "/media/NFS/ttao/scannet/posed_images/scene0481_00/00219.jpg",
      "transform_matrix": [
        [
          -0.996616,
          -0.082,
          0.00572,
          3.666075
        ],
        [
          -0.04999,
          0.549397,
          -0.834065,
          4.33191
        ],
        [
          0.065251,
          -0.831528,
          -0.551637,
          1.328917
        ],
        [
          0.0,
          0.0,
          0.0,
          1.0
        ]
      ]
    },
    {
      "file_path": "/media/NFS/ttao/scannet/posed_images/scene0481_00/00222.jpg",
      "transform_matrix": [
        [
          -0.994263,
          -0.09973,
          0.038662,
          3.63395
        ],
        [
          -0.087469,
          0.550066,
          -0.830527,
          4.33768
        ],
        [
          0.061562,
          -0.829145,
          -0.555634,
          1.340387
        ],
        [
          0.0,
          0.0,
          0.0,
          1.0
        ]
      ]
    },
    {
      "file_path": "/media/NFS/ttao/scannet/posed_images/scene0481_00/00226.jpg",
      "transform_matrix": [
        [
          -0.988792,
          -0.118236,
          0.09116,
          3.561861
        ],
        [
          -0.140918,
          0.537427,
          -0.831453,
          4.330014
        ],
        [
          0.049316,
          -0.83498,
          -0.548065,
          1.344982
        ],
        [
          0.0,
          0.0,
          0.0,
          1.0
        ]
      ]
    },
    {
      "file_path": "/media/NFS/ttao/scannet/posed_images/scene0481_00/00230.jpg",
      "transform_matrix": [
        [
          -0.98072,
          -0.141466,
          0.134814,
          3.441647
        ],
        [
          -0.188973,
          0.51087,
          -0.83863,
          4.33157
        ],
        [
          0.049765,
          -0.847938,
          -0.527754,
          1.350682
        ],
        [
          0.0,
          0.0,
          0.0,
          1.0
        ]
      ]
    },
    {
      "file_path": "/media/NFS/ttao/scannet/posed_images/scene0481_00/00234.jpg",
      "transform_matrix": [
        [
          -0.975024,
          -0.170445,
          0.142391,
          3.322189
        ],
        [
          -0.209842,
          0.496962,
          -0.842018,
          4.324218
        ],
        [
          0.072755,
          -0.850868,
          -0.520317,
          1.365279
        ],
        [
          0.0,
          0.0,
          0.0,
          1.0
        ]
      ]
    },
    {
      "file_path": "/media/NFS/ttao/scannet/posed_images/scene0481_00/00235.jpg",
      "transform_matrix": [
        [
          -0.974095,
          -0.172072,
          0.146728,
          3.296341
        ],
        [
          -0.214521,
          0.497854,
          -0.84031,
          4.324615
        ],
        [
          0.071544,
          -0.850019,
          -0.521871,
          1.366866
        ],
        [
          0.0,
          0.0,
          0.0,
          1.0
        ]
      ]
    },
    {
      "file_path": "/media/NFS/ttao/scannet/posed_images/scene0481_00/00238.jpg",
      "transform_matrix": [
        [
          -0.971806,
          -0.15729,
          0.175651,
          3.229542
        ],
        [
          -0.232458,
          0.514486,
          -0.825389,
          4.315057
        ],
        [
          0.039455,
          -0.842949,
          -0.536544,
          1.38271
        ],
        [
          0.0,
          0.0,
          0.0,
          1.0
        ]
      ]
    },
    {
      "file_path": "/media/NFS/ttao/scannet/posed_images/scene0481_00/00244.jpg",
      "transform_matrix": [
        [
          -0.963453,
          -0.13396,
          0.231974,
          3.080308
        ],
        [
          -0.267721,
          0.510946,
          -0.816859,
          4.312427
        ],
        [
          -0.0091,
          -0.849111,
          -0.528137,
          1.392091
        ],
        [
          0.0,
          0.0,
          0.0,
          1.0
        ]
      ]
    },
    {
      "file_path": "/media/NFS/ttao/scannet/posed_images/scene0481_00/00248.jpg",
      "transform_matrix": [
        [
          -0.950598,
          -0.144538,
          0.27472,
          2.985951
        ],
        [
          -0.309986,
          0.48892,
          -0.815393,
          4.316108
        ],
        [
          -0.016461,
          -0.860271,
          -0.509571,
          1.388937
        ],
        [
          0.0,
          0.0,
          0.0,
          1.0
        ]
      ]
    },
    {
      "file_path": "/media/NFS/ttao/scannet/posed_images/scene0481_00/00250.jpg",
      "transform_matrix": [
        [
          -0.939382,
          -0.163266,
          0.301506,
          2.948353
        ],
        [
          -0.342761,
          0.469671,
          -0.813587,
          4.328694
        ],
        [
          -0.008777,
          -0.867614,
          -0.497161,
          1.389895
        ],
        [
          0.0,
          0.0,
          0.0,
          1.0
        ]
      ]
    },
    {
      "file_path": "/media/NFS/ttao/scannet/posed_images/scene0481_00/00254.jpg",
      "transform_matrix": [
        [
          -0.896606,
          -0.249466,
          0.365876,
          2.889719
        ],
        [
          -0.441655,
          0.443611,
          -0.77984,
          4.339037
        ],
        [
          0.032237,
          -0.860799,
          -0.507923,
          1.387472
        ],
        [
          0.0,
          0.0,
          0.0,
          1.0
        ]
      ]
    },
    {
      "file_path": "/media/NFS/ttao/scannet/posed_images/scene0481_00/00257.jpg",
      "transform_matrix": [
        [
          -0.859,
          -0.306179,
          0.410332,
          2.853138
        ],
        [
          -0.509126,
          0.426425,
          -0.747631,
          4.346166
        ],
        [
          0.053933,
          -0.851127,
          -0.522183,
          1.392412
        ],
        [
          0.0,
          0.0,
          0.0,
          1.0
        ]
      ]
    },
    {
      "file_path": "/media/NFS/ttao/scannet/posed_images/scene0481_00/00263.jpg",
      "transform_matrix": [
        [
          -0.796498,
          -0.308531,
          0.519999,
          2.766645
        ],
        [
          -0.604593,
          0.39563,
          -0.691335,
          4.310821
        ],
        [
          0.007571,
          -0.865035,
          -0.501654,
          1.418674
        ],
        [
          0.0,
          0.0,
          0.0,
          1.0
        ]
      ]
    },
    {
      "file_path": "/media/NFS/ttao/scannet/posed_images/scene0481_00/00266.jpg",
      "transform_matrix": [
        [
          -0.764777,
          -0.311284,
          0.564108,
          2.726526
        ],
        [
          -0.644268,
          0.3774,
          -0.665197,
          4.27258
        ],
        [
          -0.005829,
          -0.872165,
          -0.489178,
          1.418652
        ],
        [
          0.0,
          0.0,
          0.0,
          1.0
        ]
      ]
    },
    {
      "file_path": "/media/NFS/ttao/scannet/posed_images/scene0481_00/00270.jpg",
      "transform_matrix": [
        [
          -0.720709,
          -0.30484,
          0.622616,
          2.67786
        ],
        [
          -0.692852,
          0.346683,
          -0.632271,
          4.220448
        ],
        [
          -0.023109,
          -0.887065,
          -0.461066,
          1.422332
        ],
        [
          0.0,
          0.0,
          0.0,
          1.0
        ]
      ]
    },
    {
      "file_path": "/media/NFS/ttao/scannet/posed_images/scene0481_00/00273.jpg",
      "transform_matrix": [
        [
          -0.674431,
          -0.322261,
          0.664297,
          2.635305
        ],
        [
          -0.738252,
          0.308043,
          -0.600077,
          4.163335
        ],
        [
          -0.011251,
          -0.89513,
          -0.445664,
          1.426033
        ],
        [
          0.0,
          0.0,
          0.0,
          1.0
        ]
      ]
    },
    {
      "file_path": "/media/NFS/ttao/scannet/posed_images/scene0481_00/00276.jpg",
      "transform_matrix": [
        [
          -0.654362,
          -0.339917,
          0.675475,
          2.626261
        ],
        [
          -0.756016,
          0.312758,
          -0.574997,
          4.126995
        ],
        [
          -0.015809,
          -0.886927,
          -0.46164,
          1.433351
        ],
        [
          0.0,
          0.0,
          0.0,
          1.0
        ]
      ]
    },
    {
      "file_path": "/media/NFS/ttao/scannet/posed_images/scene0481_00/00280.jpg",
      "transform_matrix": [
        [
          -0.611117,
          -0.345662,
          0.712077,
          2.614542
        ],
        [
          -0.791091,
          0.297018,
          -0.534748,
          4.0885
        ],
        [
          -0.026657,
          -0.890111,
          -0.454963,
          1.439488
        ],
        [
          0.0,
          0.0,
          0.0,
          1.0
        ]
      ]
    },
    {
      "file_path": "/media/NFS/ttao/scannet/posed_images/scene0481_00/00285.jpg",
      "transform_matrix": [
        [
          -0.575397,
          -0.366714,
          0.731053,
          2.655629
        ],
        [
          -0.817134,
          0.295775,
          -0.494782,
          4.054739
        ],
        [
