{
  "frames": [
    {
      "file_path": "/media/NFS/ttao/scannet/posed_images/scene0080_01/00000.jpg",
      "transform_matrix": [
        [
          0.874139,
          0.20356,
          -0.440958,
          2.84397
        ],
        [
          0.484492,
          -0.302139,
          0.820963,
          0.779168
        ],
        [
          0.033884,
          -0.931276,
          -0.362735,
          1.350823
        ],
        [
          0.0,
          0.0,
          0.0,
          1.0
        ]
      ]
    },
    {
      "file_path": "/media/NFS/ttao/scannet/posed_images/scene0080_01/00002.jpg",
      "transform_matrix": [
        [
          0.877779,
          0.203323,
          -0.43378,
          2.843383
        ],
        [
          0.477845,
          -0.30697,
          0.823063,
          0.782202
        ],
        [
          0.03419,
          -0.929747,
          -0.366609,
          1.348234
        ],
        [
          0.0,
          0.0,
          0.0,
          1.0
        ]
      ]
    },
    {
      "file_path": "/media/NFS/ttao/scannet/posed_images/scene0080_01/00005.jpg",
      "transform_matrix": [
        [
          0.878663,
          0.207513,
          -0.429987,
          2.841647
        ],
        [
          0.475908,
          -0.308546,
          0.823596,
          0.784017
        ],
        [
          0.038236,
          -0.928298,
          -0.369865,
          1.348424
        ],
        [
          0.0,
          0.0,
          0.0,
          1.0
        ]
      ]
    },
    {
      "file_path": "/media/NFS/ttao/scannet/posed_images/scene0080_01/00008.jpg",
      "transform_matrix": [
        [
          0.878874,
          0.20618,
          -0.430198,
          2.841039
        ],
        [
          0.475451,
          -0.304702,
          0.82529,
          0.786559
        ],
        [
          0.039076,
          -0.929864,
          -0.365824,
          1.352648
        ],
        [
          0.0,
          0.0,
          0.0,
          1.0
        ]
      ]
    },
    {
      "file_path": "/media/NFS/ttao/scannet/posed_images/scene0080_01/00010.jpg",
      "transform_matrix": [
        [
          0.879402,
          0.201254,
          -0.431451,
          2.839875
        ],
        [
          0.474496,
          -0.296633,
          0.828772,
          0.786368
        ],
        [
          0.038811,
          -0.933545,
          -0.356354,
          1.355963
        ],
        [
          0.0,
          0.0,
          0.0,
          1.0
        ]
      ]
    },
    {
      "file_path": "/media/NFS/ttao/scannet/posed_images/scene0080_01/00013.jpg",
      "transform_matrix": [
        [
          0.880622,
          0.193168,
          -0.432655,
          2.840292
        ],
        [
          0.472481,
          -0.289439,
          0.832459,
          0.78745
        ],
        [
          0.035577,
          -0.937503,
          -0.346154,
          1.365926
        ],
        [
          0.0,
          0.0,
          0.0,
          1.0
        ]
      ]
    },
    {
      "file_path": "/media/NFS/ttao/scannet/posed_images/scene0080_01/00017.jpg",
      "transform_matrix": [
        [
          0.886665,
          0.174394,
          -0.428266,
          2.842044
        ],
        [
          0.461573,
          -0.278021,
          0.84241,
          0.788483
        ],
        [
          0.027845,
          -0.944611,
          -0.327008,
          1.381122
        ],
        [
          0.0,
          0.0,
          0.0,
          1.0
        ]
      ]
    },
    {
      "file_path": "/media/NFS/ttao/scannet/posed_images/scene0080_01/00019.jpg",
      "transform_matrix": [
        [
          0.886588,
          0.166539,
          -0.431539,
          2.844899
        ],
        [
          0.461723,
          -0.262543,
          0.84728,
          0.787934
        ],
        [
          0.027807,
          -0.95044,
          -0.309663,
          1.390204
        ],
        [
          0.0,
          0.0,
          0.0,
          1.0
        ]
      ]
    },
    {
      "file_path": "/media/NFS/ttao/scannet/posed_images/scene0080_01/00023.jpg",
      "transform_matrix": [
        [
          0.884164,
          0.146626,
          -0.44357,
          2.855067
        ],
        [
          0.466229,
          -0.216522,
          0.857758,
          0.781323
        ],
        [
          0.029727,
          -0.965204,
          -0.259803,
          1.409278
        ],
        [
          0.0,
          0.0,
          0.0,
          1.0
        ]
      ]
    },
    {
      "file_path": "/media/NFS/ttao/scannet/posed_images/scene0080_01/00026.jpg",
      "transform_matrix": [
        [
          0.883662,
          0.131003,
          -0.449422,
          2.862669
        ],
        [
          0.467259,
          -0.188459,
          0.863801,
          0.776073
        ],
        [
          0.028463,
          -0.973304,
          -0.227747,
          1.423483
        ],
        [
          0.0,
          0.0,
          0.0,
          1.0
        ]
      ]
    },
    {
      "file_path": "/media/NFS/ttao/scannet/posed_images/scene0080_01/00028.jpg",
      "transform_matrix": [
        [
          0.885665,
          0.124733,
          -0.447258,
          2.866084
        ],
        [
          0.463256,
          -0.172029,
          0.869368,
          0.772884
        ],
        [
          0.031498,
          -0.977163,
          -0.210143,
          1.429701
        ],
        [
          0.0,
          0.0,
          0.0,
          1.0
        ]
      ]
    },
    {
      "file_path": "/media/NFS/ttao/scannet/posed_images/scene0080_01/00031.jpg",
      "transform_matrix": [
        [
          0.888431,
          0.118103,
          -0.443556,
          2.871612
        ],
        [
          0.457774,
          -0.157083,
          0.875082,
          0.769618
        ],
        [
          0.033675,
          -0.980498,
          -0.193621,
          1.43654
        ],
        [
          0.0,
          0.0,
          0.0,
          1.0
        ]
      ]
    },
    {
      "file_path": "/media/NFS/ttao/scannet/posed_images/scene0080_01/00034.jpg",
      "transform_matrix": [
        [
          0.891495,
          0.109067,
          -0.439705,
          2.874523
        ],
        [
          0.451932,
          -0.146571,
          0.879929,
          0.766454
        ],
        [
          0.031523,
          -0.983169,
          -0.179958,
          1.444563
        ],
        [
          0.0,
          0.0,
          0.0,
          1.0
        ]
      ]
    },
    {
      "file_path": "/media/NFS/ttao/scannet/posed_images/scene0080_01/00037.jpg",
      "transform_matrix": [
        [
          0.891241,
          0.104536,
          -0.441319,
          2.879196
        ],
        [
          0.452408,
          -0.136492,
          0.881304,
          0.763375
        ],
        [
          0.031891,
          -0.98511,
          -0.16894,
          1.448769
        ],
        [
          0.0,
          0.0,
          0.0,
          1.0
        ]
      ]
    },
    {
      "file_path": "/media/NFS/ttao/scannet/posed_images/scene0080_01/00038.jpg",
      "transform_matrix": [
        [
          0.891585,
          0.104717,
          -0.44058,
          2.880741
        ],
        [
          0.451639,
          -0.134406,
          0.882019,
          0.76269
        ],
        [
          0.033146,
          -0.985378,
          -0.167129,
          1.448572
        ],
        [
          0.0,
          0.0,
          0.0,
          1.0
        ]
      ]
    },
    {
      "file_path": "/media/NFS/ttao/scannet/posed_images/scene0080_01/00040.jpg",
      "transform_matrix": [
        [
          0.892669,
          0.104555,
          -0.438419,
          2.882519
        ],
        [
          0.449521,
          -0.135811,
          0.882885,
          0.761358
        ],
        [
          0.032768,
          -0.985202,
          -0.168234,
          1.441601
        ],
        [
          0.0,
          0.0,
          0.0,
          1.0
        ]
      ]
    },
    {
      "file_path": "/media/NFS/ttao/scannet/posed_images/scene0080_01/00043.jpg",
      "transform_matrix": [
        [
          0.898143,
          0.108502,
          -0.426106,
          2.883772
        ],
        [
          0.438639,
          -0.153707,
          0.885421,
          0.764328
        ],
        [
          0.030575,
          -0.982141,
          -0.185644,
          1.430186
        ],
        [
          0.0,
          0.0,
          0.0,
          1.0
        ]
      ]
    },
    {
      "file_path": "/media/NFS/ttao/scannet/posed_images/scene0080_01/00047.jpg",
      "transform_matrix": [
        [
          0.910154,
          0.118087,
          -0.397084,
          2.882942
        ],
        [
          0.41345,
          -0.198628,
          0.888598,
          0.774306
        ],
        [
          0.02606,
          -0.972935,
          -0.229605,
          1.412805
        ],
        [
          0.0,
          0.0,
          0.0,
          1.0
        ]
      ]
    },
    {
      "file_path": "/media/NFS/ttao/scannet/posed_images/scene0080_01/00050.jpg",
      "transform_matrix": [
        [
          0.915753,
          0.128022,
          -0.380797,
          2.881538
        ],
        [
          0.401033,
          -0.23506,
          0.885392,
          0.781138
        ],
        [
          0.023839,
          -0.963513,
          -0.266598,
          1.403244
        ],
        [
          0.0,
          0.0,
          0.0,
          1.0
        ]
      ]
    },
    {
      "file_path": "/media/NFS/ttao/scannet/posed_images/scene0080_01/00052.jpg",
      "transform_matrix": [
        [
          0.91783,
          0.134727,
          -0.373413,
          2.880996
        ],
        [
          0.396259,
          -0.254521,
          0.882155,
          0.784087
        ],
        [
          0.023808,
          -0.957637,
          -0.286993,
          1.392245
        ],
        [
          0.0,
          0.0,
          0.0,
          1.0
        ]
      ]
    },
    {
      "file_path": "/media/NFS/ttao/scannet/posed_images/scene0080_01/00056.jpg",
      "transform_matrix": [
        [
          0.922392,
          0.147056,
          -0.357165,
          2.878076
        ],
        [
          0.385537,
          -0.294203,
          0.874532,
          0.789354
        ],
        [
          0.023526,
          -0.944362,
          -0.328067,
          1.378138
        ],
        [
          0.0,
          0.0,
          0.0,
          1.0
        ]
      ]
    },
    {
      "file_path": "/media/NFS/ttao/scannet/posed_images/scene0080_01/00058.jpg",
      "transform_matrix": [
        [
          0.924259,
          0.154036,
          -0.349312,
          2.875378
        ],
        [
          0.380874,
          -0.309526,
          0.87128,
          0.790425
        ],
        [
          0.026087,
          -0.938332,
          -0.34475,
          1.371605
        ],
        [
          0.0,
          0.0,
          0.0,
          1.0
        ]
      ]
    },
    {
      "file_path": "/media/NFS/ttao/scannet/posed_images/scene0080_01/00060.jpg",
      "transform_matrix": [
        [
          0.925652,
          0.165993,
          -0.340023,
          2.872511
        ],
        [
          0.377009,
          -0.328278,
          0.866082,
          0.793198
        ],
        [
          0.032142,
          -0.929882,
          -0.366451,
          1.369265
        ],
        [
          0.0,
          0.0,
          0.0,
          1.0
        ]
      ]
    },
    {
      "file_path": "/media/NFS/ttao/scannet/posed_images/scene0080_01/00063.jpg",
      "transform_matrix": [
        [
          0.92889,
          0.178239,
          -0.324646,
          2.869154
        ],
        [
          0.36812,
          -0.348147,
          0.862138,
          0.794043
        ],
        [
          0.040642,
          -0.92034,
          -0.389003,
          1.359549
        ],
        [
          0.0,
          0.0,
          0.0,
          1.0
        ]
      ]
    },
    {
      "file_path": "/media/NFS/ttao/scannet/posed_images/scene0080_01/00065.jpg",
      "transform_matrix": [
        [
          0.93104,
          0.184663,
          -0.314744,
          2.868773
        ],
        [
          0.362204,
          -0.362677,
          0.858647,
          0.79575
        ],
        [
          0.04441,
          -0.913436,
          -0.404553,
          1.354873
        ],
        [
          0.0,
          0.0,
          0.0,
          1.0
        ]
      ]
    },
    {
      "file_path": "/media/NFS/ttao/scannet/posed_images/scene0080_01/00069.jpg",
      "transform_matrix": [
        [
          0.939369,
          0.183468,
          -0.289699,
          2.870907
        ],
        [
          0.33989,
          -0.38634,
          0.857448,
          0.799112
        ],
        [
          0.045392,
          -0.903926,
          -0.425274,
          1.348697
        ],
        [
          0.0,
          0.0,
          0.0,
          1.0
        ]
      ]
    },
    {
      "file_path": "/media/NFS/ttao/scannet/posed_images/scene0080_01/00071.jpg",
      "transform_matrix": [
        [
          0.944387,
          0.177465,
          -0.276838,
          2.871313
        ],
        [
          0.325795,
          -0.390718,
          0.860928,
          0.798449
        ],
        [
          0.044619,
          -0.903242,
          -0.426806,
          1.345803
        ],
        [
          0.0,
          0.0,
          0.0,
          1.0
        ]
      ]
    },
    {
      "file_path": "/media/NFS/ttao/scannet/posed_images/scene0080_01/00075.jpg",
      "transform_matrix": [
        [
          0.950904,
          0.171533,
          -0.2576,
          2.874165
        ],
        [
          0.306131,
          -0.39911,
          0.864289,
          0.797664
        ],
        [
          0.045443,
          -0.900715,
          -0.432027,
          1.34261
        ],
        [
          0.0,
          0.0,
          0.0,
          1.0
        ]
      ]
    },
    {
      "file_path": "/media/NFS/ttao/scannet/posed_images/scene0080_01/00077.jpg",
      "transform_matrix": [
        [
          0.952068,
          0.173213,
          -0.25212,
          2.873684
        ],
        [
          0.302101,
          -0.403163,
          0.863826,
          0.795873
        ],
        [
          0.04798,
          -0.898586,
          -0.436167,
          1.338953
        ],
        [
          0.0,
          0.0,
          0.0,
          1.0
        ]
      ]
    },
    {
      "file_path": "/media/NFS/ttao/scannet/posed_images/scene0080_01/00080.jpg",
      "transform_matrix": [
        [
          0.951632,
          0.180643,
          -0.248524,
          2.870685
        ],
        [
          0.302747,
          -0.41352,
          0.858688,
          0.792663
        ],
        [
          0.052347,
          -0.892395,
          -0.448208,
          1.331371
        ],
        [
          0.0,
          0.0,
          0.0,
          1.0
        ]
      ]
    },
    {
      "file_path": "/media/NFS/ttao/scannet/posed_images/scene0080_01/00081.jpg",
      "transform_matrix": [
        [
          0.951247,
          0.183309,
          -0.248047,
          2.869901
        ],
        [
          0.303698,
          -0.416336,
          0.85699,
          0.791098
        ],
        [
          0.053824,
          -0.89054,
          -0.451709,
          1.327951
        ],
        [
          0.0,
          0.0,
          0.0,
          1.0
        ]
      ]
    },
    {
      "file_path": "/media/NFS/ttao/scannet/posed_images/scene0080_01/00084.jpg",
      "transform_matrix": [
        [
          0.949152,
          0.190816,
          -0.250401,
          2.870428
        ],
        [
          0.310164,
          -0.430496,
          0.847627,
          0.788846
        ],
        [
          0.053945,
          -0.882192,
          -0.46779,
          1.318492
        ],
        [
          0.0,
          0.0,
          0.0,
          1.0
        ]
      ]
    },
    {
      "file_path": "/media/NFS/ttao/scannet/posed_images/scene0080_01/00088.jpg",
      "transform_matrix": [
        [
          0.945284,
          0.202997,
          -0.255404,
          2.878656
        ],
        [
          0.321612,
          -0.44828,
          0.834033,
          0.789105
        ],
        [
          0.054813,
          -0.870539,
          -0.489038,
          1.306093
        ],
        [
          0.0,
          0.0,
          0.0,
          1.0
        ]
      ]
    },
    {
      "file_path": "/media/NFS/ttao/scannet/posed_images/scene0080_01/00091.jpg",
      "transform_matrix": [
        [
          0.941563,
          0.209581,
          -0.263694,
          2.894804
        ],
        [
          0.33304,
          -0.462053,
          0.821944,
          0.796223
        ],
        [
          0.050423,
          -0.861732,
          -0.504851,
          1.29858
        ],
        [
          0.0,
          0.0,
          0.0,
          1.0
        ]
      ]
    },
    {
      "file_path": "/media/NFS/ttao/scannet/posed_images/scene0080_01/00094.jpg",
      "transform_matrix": [
        [
          0.93884,
          0.216394,
          -0.267867,
          2.911844
        ],
        [
          0.340953,
          -0.475115,
          0.811183,
          0.805168
        ],
        [
          0.048268,
          -0.852901,
          -0.519837,
          1.292991
        ],
        [
          0.0,
          0.0,
          0.0,
          1.0
        ]
      ]
    },
    {
      "file_path": "/media/NFS/ttao/scannet/posed_images/scene0080_01/00095.jpg",
      "transform_matrix": [
        [
          0.937227,
          0.21933,
          -0.271111,
          2.919552
        ],
        [
          0.345502,
          -0.478635,
          0.807178,
          0.807728
        ],
        [
          0.047275,
          -0.850178,
          -0.524368,
          1.290074
        ],
        [
          0.0,
          0.0,
          0.0,
          1.0
        ]
      ]
    },
    {
      "file_path": "/media/NFS/ttao/scannet/posed_images/scene0080_01/00098.jpg",
      "transform_matrix": [
        [
          0.929429,
          0.233175,
          -0.285992,
          2.944326
        ],
        [
          0.366372,
          -0.490766,
          0.790519,
          0.817677
        ],
        [
          0.043973,
          -0.839511,
          -0.541561,
          1.278857
        ],
        [
          0.0,
          0.0,
          0.0,
          1.0
        ]
      ]
    },
    {
      "file_path": "/media/NFS/ttao/scannet/posed_images/scene0080_01/00100.jpg",
      "transform_matrix": [
        [
          0.917781,
          0.256281,
          -0.303312,
          2.959774
        ],
        [
          0.394298,
          -0.497806,
          0.772475,
          0.823901
        ],
        [
          0.04698,
          -0.828559,
          -0.557928,
          1.273255
        ],
        [
          0.0,
          0.0,
          0.0,
          1.0
        ]
      ]
    },
    {
      "file_path": "/media/NFS/ttao/scannet/posed_images/scene0080_01/00104.jpg",
      "transform_matrix": [
        [
          0.886722,
          0.309497,
          -0.343419,
          2.985871
        ],
        [
          0.458596,
          -0.494978,
          0.738029,
          0.830081
        ],
        [
          0.058433,
          -0.811917,
          -0.580841,
          1.261211
        ],
        [
          0.0,
          0.0,
          0.0,
          1.0
        ]
      ]
    },
    {
      "file_path": "/media/NFS/ttao/scannet/posed_images/scene0080_01/00108.jpg",
      "transform_matrix": [
        [
          0.852322,
          0.356747,
          -0.382464,
          3.002695
        ],
        [
          0.519479,
          -0.492523,
          0.698257,
          0.827901
        ],
        [
          0.060729,
          -0.793822,
          -0.605111,
          1.249544
        ],
        [
          0.0,
          0.0,
          0.0,
          1.0
        ]
      ]
    },
    {
      "file_path": "/media/NFS/ttao/scannet/posed_images/scene0080_01/00110.jpg",
      "transform_matrix": [
        [
          0.832878,
          0.375696,
          -0.406408,
          3.008147
        ],
        [
          0.550914,
          -0.492465,
          0.673775,
          0.820805
        ],
        [
          0.052993,
          -0.785068,
          -0.617139,
          1.247342
        ],
        [
          0.0,
          0.0,
          0.0,
          1.0
        ]
      ]
    },
    {
      "file_path": "/media/NFS/ttao/scannet/posed_images/scene0080_01/00113.jpg",
      "transform_matrix": [
        [
          0.807184,
          0.391939,
          -0.441405,
          3.011029
        ],
        [
          0.589094,
          -0.487071,
          0.644771,
          0.808712
        ],
        [
          0.037715,
          -0.780478,
          -0.624045,
          1.245628
        ],
        [
          0.0,
          0.0,
          0.0,
          1.0
        ]
      ]
    },
    {
      "file_path": "/media/NFS/ttao/scannet/posed_images/scene0080_01/00116.jpg",
      "transform_matrix": [
        [
          0.784185,
          0.404375,
          -0.470675,
          3.011185
        ],
        [
          0.619988,
          -0.478982,
          0.621443,
          0.795114
        ],
        [
          0.025852,
          -0.779139,
          -0.626318,
          1.246361
        ],
        [
          0.0,
          0.0,
          0.0,
          1.0
        ]
      ]
    },
    {
      "file_path": "/media/NFS/ttao/scannet/posed_images/scene0080_01/00118.jpg",
      "transform_matrix": [
        [
          0.770973,
          0.417122,
          -0.481258,
          3.009778
        ],
        [
          0.636178,
          -0.469264,
          0.612429,
          0.784685
        ],
        [
          0.029621,
          -0.778332,
          -0.627154,
          1.245903
        ],
        [
          0.0,
          0.0,
          0.0,
          1.0
        ]
      ]
    },
    {
      "file_path": "/media/NFS/ttao/scannet/posed_images/scene0080_01/00121.jpg",
      "transform_matrix": [
        [
          0.753033,
          0.434702,
          -0.493939,
          3.007835
        ],
        [
          0.656781,
          -0.451236,
          0.604173,
          0.768238
        ],
        [
          0.039753,
          -0.779372,
          -0.6253,
          1.249471
        ],
        [
          0.0,
          0.0,
          0.0,
          1.0
        ]
      ]
    },
    {
      "file_path": "/media/NFS/ttao/scannet/posed_images/scene0080_01/00124.jpg",
      "transform_matrix": [
        [
          0.737621,
          0.452871,
          -0.500823,
          3.00503
        ],
        [
          0.672844,
          -0.430886,
          0.601347,
          0.748007
        ],
        [
          0.056535,
          -0.780542,
          -0.622541,
          1.248478
        ],
        [
          0.0,
          0.0,
          0.0,
          1.0
        ]
      ]
    },
    {
      "file_path": "/media/NFS/ttao/scannet/posed_images/scene0080_01/00125.jpg",
      "transform_matrix": [
        [
          0.7328,
          0.458803,
          -0.502497,
          3.003668
        ],
        [
          0.677622,
          -0.42487,
          0.600262,
          0.740536
        ],
        [
          0.061906,
          -0.780375,
          -0.622239,
          1.248582
        ],
        [
          0.0,
          0.0,
          0.0,
          1.0
        ]
      ]
    },
    {
      "file_path": "/media/NFS/ttao/scannet/posed_images/scene0080_01/00129.jpg",
      "transform_matrix": [
        [
          0.711882,
          0.472925,
          -0.519198,
          3.002548
        ],
        [
          0.698008,
          -0.394843,
          0.597398,
          0.707548
        ],
        [
          0.077523,
          -0.787681,
          -0.611187,
          1.248309
        ],
        [
          0.0,
          0.0,
          0.0,
          1.0
        ]
      ]
    },
    {
      "file_path": "/media/NFS/ttao/scannet/posed_images/scene0080_01/00130.jpg",
      "transform_matrix": [
        [
          0.707759,
          0.474897,
          -0.52302,
          3.001892
        ],
        [
          0.702066,
          -0.39043,
          0.595541,
          0.698548
        ],
        [
          0.078618,
          -0.788693,
          -0.609739,
          1.248318
        ],
        [
          0.0,
          0.0,
          0.0,
          1.0
        ]
      ]
    },
    {
      "file_path": "/media/NFS/ttao/scannet/posed_images/scene0080_01/00135.jpg",
      "transform_matrix": [
        [
          0.675555,
          0.491187,
          -0.549874,
          3.002926
        ],
        [
          0.732909,
          -0.365998,
          0.57349,
          0.661681
        ],
        [
          0.080438,
          -0.790431,
          -0.607247,
          1.247724
        ],
        [
          0.0,
          0.0,
          0.0,
          1.0
        ]
      ]
    },
    {
      "file_path": "/media/NFS/ttao/scannet/posed_images/scene0080_01/00137.jpg",
      "transform_matrix": [
        [
          0.665019,
          0.495462,
          -0.558808,
          3.003232
        ],
        [
          0.742419,
          -0.357414,
          0.56663,
          0.649422
        ],
        [
          0.081018,
          -0.79169,
          -0.605528,
          1.247386
        ],
        [
          0.0,
          0.0,
          0.0,
          1.0
        ]
      ]
    },
    {
      "file_path": "/media/NFS/ttao/scannet/posed_images/scene0080_01/00140.jpg",
      "transform_matrix": [
        [
          0.650637,
          0.494877,
          -0.575994,
          3.003241
        ],
        [
          0.755412,
          -0.344254,
          0.557533,
          0.631431
        ],
        [
          0.077622,
          -0.797863,
          -0.59782,
          1.248005
        ],
        [
          0.0,
          0.0,
          0.0,
          1.0
        ]
      ]
    },
    {
      "file_path": "/media/NFS/ttao/scannet/posed_images/scene0080_01/00143.jpg",
      "transform_matrix": [
        [
          0.63692,
          0.4957,
          -0.590436,
          3.004005
        ],
        [
          0.767596,
          -0.336602,
          0.545433,
          0.619886
        ],
        [
          0.071629,
          -0.800613,
          -0.594885,
          1.248246
        ],
        [
          0.0,
          0.0,
          0.0,
          1.0
        ]
      ]
    },
    {
      "file_path": "/media/NFS/ttao/scannet/posed_images/scene0080_01/00146.jpg",
      "transform_matrix": [
        [
          0.627669,
          0.501692,
          -0.595262,
          3.004434
        ],
        [
          0.775669,
          -0.338114,
          0.532932,
          0.61582
        ],
        [
          0.066101,
          -0.796231,
          -0.601371,
          1.248295
        ],
        [
          0.0,
          0.0,
          0.0,
          1.0
        ]
      ]
    },
    {
      "file_path": "/media/NFS/ttao/scannet/posed_images/scene0080_01/00148.jpg",
      "transform_matrix": [
        [
          0.627679,
          0.501103,
          -0.595748,
          3.004838
        ],
        [
          0.775859,
          -0.340029,
          0.531435,
          0.616322
        ],
        [
          0.063733,
          -0.795786,
          -0.602214,
          1.247873
        ],
        [
          0.0,
          0.0,
          0.0,
          1.0
        ]
      ]
    },
    {
      "file_path": "/media/NFS/ttao/scannet/posed_images/scene0080_01/00151.jpg",
      "transform_matrix": [
        [
          0.630533,
          0.493183,
          -0.599333,
          3.006282
        ],
        [
          0.774134,
          -0.343811,
          0.531517,
          0.618414
        ],
        [
          0.056078,
          -0.799103,
          -0.598574,
          1.24996
        ],
        [
          0.0,
          0.0,
          0.0,
          1.0
        ]
      ]
    },
    {
      "file_path": "/media/NFS/ttao/scannet/posed_images/scene0080_01/00152.jpg",
      "transform_matrix": [
        [
          0.630012,
          0.490698,
          -0.601914,
          3.007299
        ],
        [
          0.774825,
          -0.345021,
          0.529723,
          0.619683
        ],
        [
          0.052261,
          -0.80011,
          -0.597573,
          1.24939
        ],
        [
          0.0,
          0.0,
          0.0,
          1.0
        ]
      ]
    },
    {
      "file_path": "/media/NFS/ttao/scannet/posed_images/scene0080_01/00155.jpg",
      "transform_matrix": [
        [
          0.6152,
          0.494209,
          -0.614236,
          3.007774
        ],
        [
          0.787146,
          -0.341643,
          0.513499,
          0.624761
        ],
        [
          0.043926,
          -0.799398,
          -0.599194,
          1.24824
        ],
        [
          0.0,
          0.0,
          0.0,
          1.0
        ]
      ]
    },
    {
      "file_path": "/media/NFS/ttao/scannet/posed_images/scene0080_01/00158.jpg",
      "transform_matrix": [
        [
          0.585554,
          0.503001,
          -0.635702,
          3.008929
        ],
        [
          0.809619,
          -0.323659,
          0.489655,
          0.634762
        ],
        [
          0.040546,
          -0.801396,
          -0.596759,
          1.247586
        ],
        [
          0.0,
          0.0,
          0.0,
          1.0
        ]
      ]
    },
    {
      "file_path": "/media/NFS/ttao/scannet/posed_images/scene0080_01/00162.jpg",
      "transform_matrix": [
        [
          0.547338,
          0.505013,
          -0.66737,
          3.015853
        ],
        [
          0.83638,
          -0.301647,
          0.457687,
          0.654992
        ],
        [
          0.029828,
          -0.808685,
          -0.587486,
          1.249172
        ],
        [
          0.0,
          0.0,
          0.0,
          1.0
        ]
      ]
    },
    {
      "file_path": "/media/NFS/ttao/scannet/posed_images/scene0080_01/00163.jpg",
      "transform_matrix": [
        [
          0.538638,
          0.505145,
          -0.674313,
          3.019825
        ],
        [
          0.84215,
          -0.298505,
          0.449087,
          0.662732
        ],
        [
          0.025568,
          -0.809767,
          -0.586194,
          1.248472
        ],
        [
          0.0,
          0.0,
          0.0,
          1.0
        ]
      ]
    },
    {
      "file_path": "/media/NFS/ttao/scannet/posed_images/scene0080_01/00166.jpg",
      "transform_matrix": [
        [
          0.492492,
          0.512741,
          -0.703241,
          3.03932
        ],
        [
          0.87028,
          -0.282656,
          0.403384,
          0.692887
        ],
        [
          0.008056,
          -0.81068,
          -0.585434,
          1.240526
        ],
        [
          0.0,
          0.0,
          0.0,
          1.0
        ]
      ]
    },
    {
      "file_path": "/media/NFS/ttao/scannet/posed_images/scene0080_01/00170.jpg",
      "transform_matrix": [
        [
          0.418413,
          0.514512,
          -0.748471,
          3.074569
        ],
        [
          0.908243,
          -0.232384,
          0.347985,
          0.738544
        ],
        [
          0.00511,
          -0.825394,
          -0.564534,
          1.243954
        ],
        [
          0.0,
          0.0,
          0.0,
          1.0
        ]
      ]
    },
    {
      "file_path": "/media/NFS/ttao/scannet/posed_images/scene0080_01/00173.jpg",
      "transform_matrix": [
        [
          0.346162,
          0.538142,
          -0.768489,
          3.104036
        ],
        [
          0.938172,
          -0.196488,
          0.285003,
          0.770673
        ],
        [
          0.002373,
          -0.819632,
          -0.572886,
          1.25322
        ],
        [
          0.0,
          0.0,
          0.0,
          1.0
        ]
      ]
    },
    {
      "file_path": "/media/NFS/ttao/scannet/posed_images/scene0080_01/00176.jpg",
      "transform_matrix": [
        [
          0.296898,
          0.540864,
          -0.786967,
          3.132542
        ],
        [
          0.954816,
          -0.156612,
          0.252586,
          0.796358
        ],
        [
          0.013366,
          -0.826401,
          -0.562924,
          1.259897
        ],
        [
          0.0,
          0.0,
          0.0,
          1.0
        ]
      ]
    },
    {
      "file_path": "/media/NFS/ttao/scannet/posed_images/scene0080_01/00178.jpg",
      "transform_matrix": [
        [
          0.265168,
          0.547109,
          -0.793951,
          3.14682
        ],
        [
          0.963977,
          -0.132619,
          0.230567,
          0.807607
        ],
        [
          0.020852,
          -0.826489,
          -0.562566,
          1.266022
        ],
        [
          0.0,
          0.0,
          0.0,
          1.0
        ]
      ]
    },
    {
      "file_path": "/media/NFS/ttao/scannet/posed_images/scene0080_01/00179.jpg",
      "transform_matrix": [
        [
          0.252795,
          0.550686,
          -0.795512,
          3.153138
        ],
        [
          0.967189,
          -0.122341,
          0.222661,
          0.812035
        ],
        [
          0.025293,
          -0.825699,
          -0.563544,
          1.268345
        ],
        [
          0.0,
          0.0,
          0.0,
          1.0
        ]
      ]
    },
    {
      "file_path": "/media/NFS/ttao/scannet/posed_images/scene0080_01/00184.jpg",
      "transform_matrix": [
        [
          0.200337,
          0.533864,
          -0.821495,
          3.184044
        ],
        [
          0.979659,
          -0.099239,
          0.174415,
          0.834333
        ],
        [
          0.011589,
          -0.839727,
          -0.542886,
          1.280405
        ],
        [
          0.0,
          0.0,
          0.0,
          1.0
        ]
      ]
    },
    {
      "file_path": "/media/NFS/ttao/scannet/posed_images/scene0080_01/00186.jpg",
      "transform_matrix": [
        [
          0.185514,
          0.529272,
          -0.827923,
          3.191836
        ],
        [
          0.982548,
          -0.088274,
          0.163729,
          0.834562
        ],
        [
          0.013573,
          -0.843848,
          -0.536411,
          1.286195
        ],
        [
          0.0,
          0.0,
          0.0,
          1.0
        ]
      ]
    },
    {
      "file_path": "/media/NFS/ttao/scannet/posed_images/scene0080_01/00188.jpg",
      "transform_matrix": [
        [
          0.168166,
          0.521154,
          -0.836731,
          3.201241
        ],
        [
          0.985614,
          -0.074342,
          0.151785,
          0.836458
        ],
        [
          0.016899,
          -0.850219,
          -0.526159,
          1.288647
        ],
        [
          0.0,
          0.0,
          0.0,
          1.0
        ]
      ]
    },
    {
      "file_path": "/media/NFS/ttao/scannet/posed_images/scene0080_01/00192.jpg",
      "transform_matrix": [
        [
          0.13499,
          0.512939,
          -0.847744,
          3.214221
        ],
        [
          0.990314,
          -0.041798,
          0.132401,
          0.82485
        ],
        [
          0.03248,
          -0.857407,
          -0.513613,
          1.295875
        ],
        [
          0.0,
          0.0,
          0.0,
          1.0
        ]
      ]
    },
    {
      "file_path": "/media/NFS/ttao/scannet/posed_images/scene0080_01/00194.jpg",
      "transform_matrix": [
        [
          0.117777,
          0.517116,
          -0.847773,
          3.219137
        ],
        [
          0.992213,
          -0.026455,
          0.121707,
          0.81756
        ],
        [
          0.040509,
          -0.855506,
          -0.516205,
          1.294986
        ],
        [
          0.0,
          0.0,
          0.0,
          1.0
        ]
      ]
    },
    {
      "file_path": "/media/NFS/ttao/scannet/posed_images/scene0080_01/00196.jpg",
      "transform_matrix": [
        [
          0.099703,
          0.512427,
          -0.852923,
          3.223857
        ],
        [
          0.993976,
          -0.012084,
          0.108932,
          0.810149
        ],
        [
          0.045513,
          -0.858646,
          -0.510545,
          1.293499
        ],
        [
          0.0,
          0.0,
          0.0,
          1.0
        ]
      ]
    },
    {
      "file_path": "/media/NFS/ttao/scannet/posed_images/scene0080_01/00200.jpg",
      "transform_matrix": [
        [
          0.06025,
          0.501683,
          -0.862951,
          3.22848
        ],
        [
          0.996487,
          0.020145,
          0.081285,
          0.787597
        ],
        [
          0.058164,
          -0.864817,
          -0.498707,
          1.29479
        ],
        [
          0.0,
          0.0,
          0.0,
          1.0
        ]
      ]
    },
    {
      "file_path": "/media/NFS/ttao/scannet/posed_images/scene0080_01/00202.jpg",
      "transform_matrix": [
        [
          0.036507,
          0.498154,
          -0.86632,
          3.230755
        ],
        [
          0.997551,
          0.033584,
          0.061348,
          0.779529
        ],
        [
          0.059655,
          -0.866438,
          -0.495708,
          1.294634
        ],
        [
          0.0,
          0.0,
          0.0,
          1.0
        ]
      ]
    },
    {
      "file_path": "/media/NFS/ttao/scannet/posed_images/scene0080_01/00206.jpg",
      "transform_matrix": [
        [
          -0.011286,
          0.482533,
          -0.875805,
          3.235356
        ],
        [
          0.998016,
          0.059689,
          0.020025,
          0.767653
        ],
        [
          0.061938,
          -0.873842,
          -0.482249,
          1.299184
        ],
        [
          0.0,
          0.0,
          0.0,
          1.0
        ]
      ]
    },
    {
      "file_path": "/media/NFS/ttao/scannet/posed_images/scene0080_01/00208.jpg",
      "transform_matrix": [
        [
          -0.024725,
          0.474596,
          -0.879857,
          3.235622
        ],
        [
          0.997419,
          0.071057,
          0.0103,
          0.763772
        ],
        [
          0.067409,
          -0.877331,
          -0.475128,
          1.302012
        ],
        [
          0.0,
          0.0,
          0.0,
          1.0
        ]
      ]
    },
    {
      "file_path": "/media/NFS/ttao/scannet/posed_images/scene0080_01/00210.jpg",
      "transform_matrix": [
        [
          -0.031985,
          0.472919,
          -0.880525,
          3.234592
        ],
        [
          0.996715,
          0.080676,
          0.007124,
          0.764119
        ],
        [
          0.074406,
          -0.877405,
          -0.473946,
          1.307852
        ],
        [
          0.0,
          0.0,
          0.0,
          1.0
