{
  "frames": [
    {
      "file_path": "/media/NFS/ttao/scannet/posed_images/scene0467_00/00000.jpg",
      "transform_matrix": [
        [
          0.700447,
          -0.252066,
          0.66771,
          0.687376
        ],
        [
          -0.71172,
          -0.176985,
          0.679802,
          1.461624
        ],
        [
          -0.05318,
          -0.951388,
          -0.303369,
          1.474204
        ],
        [
          0.0,
          0.0,
          0.0,
          1.0
        ]
      ]
    },
    {
      "file_path": "/media/NFS/ttao/scannet/posed_images/scene0467_00/00007.jpg",
      "transform_matrix": [
        [
          0.707329,
          -0.276467,
          0.650578,
          0.676904
        ],
        [
          -0.705267,
          -0.213768,
          0.675946,
          1.444394
        ],
        [
          -0.047804,
          -0.936947,
          -0.346187,
          1.463424
        ],
        [
          0.0,
          0.0,
          0.0,
          1.0
        ]
      ]
    },
    {
      "file_path": "/media/NFS/ttao/scannet/posed_images/scene0467_00/00015.jpg",
      "transform_matrix": [
        [
          0.736012,
          -0.271222,
          0.620262,
          0.696678
        ],
        [
          -0.676027,
          -0.246151,
          0.694549,
          1.339804
        ],
        [
          -0.035699,
          -0.93051,
          -0.364523,
          1.440792
        ],
        [
          0.0,
          0.0,
          0.0,
          1.0
        ]
      ]
    },
    {
      "file_path": "/media/NFS/ttao/scannet/posed_images/scene0467_00/00017.jpg",
      "transform_matrix": [
        [
          0.731431,
          -0.272655,
          0.625034,
          0.690974
        ],
        [
          -0.681239,
          -0.251345,
          0.68756,
          1.327489
        ],
        [
          -0.030368,
          -0.9287,
          -0.369585,
          1.432581
        ],
        [
          0.0,
          0.0,
          0.0,
          1.0
        ]
      ]
    },
    {
      "file_path": "/media/NFS/ttao/scannet/posed_images/scene0467_00/00024.jpg",
      "transform_matrix": [
        [
          0.725981,
          -0.292004,
          0.622644,
          0.681485
        ],
        [
          -0.687393,
          -0.280408,
          0.669972,
          1.281242
        ],
        [
          -0.02104,
          -0.914388,
          -0.404292,
          1.414458
        ],
        [
          0.0,
          0.0,
          0.0,
          1.0
        ]
      ]
    },
    {
      "file_path": "/media/NFS/ttao/scannet/posed_images/scene0467_00/00032.jpg",
      "transform_matrix": [
        [
          0.716069,
          -0.314516,
          0.623158,
          0.669275
        ],
        [
          -0.697851,
          -0.302364,
          0.649292,
          1.254727
        ],
        [
          -0.015792,
          -0.899809,
          -0.435999,
          1.405394
        ],
        [
          0.0,
          0.0,
          0.0,
          1.0
        ]
      ]
    },
    {
      "file_path": "/media/NFS/ttao/scannet/posed_images/scene0467_00/00039.jpg",
      "transform_matrix": [
        [
          0.709572,
          -0.324274,
          0.625583,
          0.655282
        ],
        [
          -0.704633,
          -0.326159,
          0.630169,
          1.240801
        ],
        [
          -0.000308,
          -0.887956,
          -0.459927,
          1.395508
        ],
        [
          0.0,
          0.0,
          0.0,
          1.0
        ]
      ]
    },
    {
      "file_path": "/media/NFS/ttao/scannet/posed_images/scene0467_00/00043.jpg",
      "transform_matrix": [
        [
          0.722101,
          -0.326341,
          0.609977,
          0.656735
        ],
        [
          -0.691771,
          -0.334519,
          0.639961,
          1.226146
        ],
        [
          -0.004797,
          -0.88408,
          -0.46731,
          1.389463
        ],
        [
          0.0,
          0.0,
          0.0,
          1.0
        ]
      ]
    },
    {
      "file_path": "/media/NFS/ttao/scannet/posed_images/scene0467_00/00052.jpg",
      "transform_matrix": [
        [
          0.737935,
          -0.331699,
          0.587731,
          0.648171
        ],
        [
          -0.674531,
          -0.334851,
          0.657938,
          1.215225
        ],
        [
          -0.021435,
          -0.881958,
          -0.470839,
          1.389528
        ],
        [
          0.0,
          0.0,
          0.0,
          1.0
        ]
      ]
    },
    {
      "file_path": "/media/NFS/ttao/scannet/posed_images/scene0467_00/00054.jpg",
      "transform_matrix": [
        [
          0.742763,
          -0.32772,
          0.583869,
          0.650833
        ],
        [
          -0.669245,
          -0.336887,
          0.662283,
          1.21452
        ],
        [
          -0.020345,
          -0.88267,
          -0.469552,
          1.395889
        ],
        [
          0.0,
          0.0,
          0.0,
          1.0
        ]
      ]
    },
    {
      "file_path": "/media/NFS/ttao/scannet/posed_images/scene0467_00/00063.jpg",
      "transform_matrix": [
        [
          0.756346,
          -0.259476,
          0.600511,
          0.655877
        ],
        [
          -0.653776,
          -0.26786,
          0.707692,
          1.206206
        ],
        [
          -0.022776,
          -0.927859,
          -0.372234,
          1.416227
        ],
        [
          0.0,
          0.0,
          0.0,
          1.0
        ]
      ]
    },
    {
      "file_path": "/media/NFS/ttao/scannet/posed_images/scene0467_00/00067.jpg",
      "transform_matrix": [
        [
          0.757971,
          -0.245565,
          0.604299,
          0.659217
        ],
        [
          -0.651629,
          -0.243412,
          0.718422,
          1.202347
        ],
        [
          -0.029325,
          -0.938322,
          -0.344516,
          1.425086
        ],
        [
          0.0,
          0.0,
          0.0,
          1.0
        ]
      ]
    },
    {
      "file_path": "/media/NFS/ttao/scannet/posed_images/scene0467_00/00077.jpg",
      "transform_matrix": [
        [
          0.744607,
          -0.215077,
          0.631904,
          0.669227
        ],
        [
          -0.666767,
          -0.195219,
          0.719244,
          1.197569
        ],
        [
          -0.031333,
          -0.956886,
          -0.288768,
          1.44539
        ],
        [
          0.0,
          0.0,
          0.0,
          1.0
        ]
      ]
    },
    {
      "file_path": "/media/NFS/ttao/scannet/posed_images/scene0467_00/00080.jpg",
      "transform_matrix": [
        [
          0.740553,
          -0.205959,
          0.639658,
          0.675378
        ],
        [
          -0.671341,
          -0.184657,
          0.717776,
          1.205175
        ],
        [
          -0.029715,
          -0.96098,
          -0.275017,
          1.447002
        ],
        [
          0.0,
          0.0,
          0.0,
          1.0
        ]
      ]
    },
    {
      "file_path": "/media/NFS/ttao/scannet/posed_images/scene0467_00/00086.jpg",
      "transform_matrix": [
        [
          0.731169,
          -0.189663,
          0.655301,
          0.693439
        ],
        [
          -0.681138,
          -0.149486,
          0.716732,
          1.224506
        ],
        [
          -0.03798,
          -0.970403,
          -0.238486,
          1.451025
        ],
        [
          0.0,
          0.0,
          0.0,
          1.0
        ]
      ]
    },
    {
      "file_path": "/media/NFS/ttao/scannet/posed_images/scene0467_00/00091.jpg",
      "transform_matrix": [
        [
          0.718361,
          -0.173763,
          0.67362,
          0.713947
        ],
        [
          -0.693993,
          -0.111777,
          0.711253,
          1.253553
        ],
        [
          -0.048295,
          -0.978423,
          -0.200886,
          1.459224
        ],
        [
          0.0,
          0.0,
          0.0,
          1.0
        ]
      ]
    },
    {
      "file_path": "/media/NFS/ttao/scannet/posed_images/scene0467_00/00101.jpg",
      "transform_matrix": [
        [
          0.690111,
          -0.115483,
          0.71443,
          0.752196
        ],
        [
          -0.720792,
          -0.021223,
          0.692826,
          1.291844
        ],
        [
          -0.064847,
          -0.993083,
          -0.097885,
          1.484838
        ],
        [
          0.0,
          0.0,
          0.0,
          1.0
        ]
      ]
    },
    {
      "file_path": "/media/NFS/ttao/scannet/posed_images/scene0467_00/00108.jpg",
      "transform_matrix": [
        [
          0.663524,
          -0.114069,
          0.739408,
          0.756386
        ],
        [
          -0.743645,
          0.0078,
          0.668529,
          1.323014
        ],
        [
          -0.082026,
          -0.993442,
          -0.079651,
          1.485566
        ],
        [
          0.0,
          0.0,
          0.0,
          1.0
        ]
      ]
    },
    {
      "file_path": "/media/NFS/ttao/scannet/posed_images/scene0467_00/00112.jpg",
      "transform_matrix": [
        [
          0.651767,
          -0.090021,
          0.753058,
          0.761483
        ],
        [
          -0.754699,
          0.02124,
          0.655727,
          1.324732
        ],
        [
          -0.075024,
          -0.995713,
          -0.054095,
          1.477836
        ],
        [
          0.0,
          0.0,
          0.0,
          1.0
        ]
      ]
    },
    {
      "file_path": "/media/NFS/ttao/scannet/posed_images/scene0467_00/00121.jpg",
      "transform_matrix": [
        [
          0.588771,
          -0.061517,
          0.805956,
          0.744354
        ],
        [
          -0.806939,
          0.013099,
          0.590489,
          1.32735
        ],
        [
          -0.046883,
          -0.99802,
          -0.041928,
          1.461079
        ],
        [
          0.0,
          0.0,
          0.0,
          1.0
        ]
      ]
    },
    {
      "file_path": "/media/NFS/ttao/scannet/posed_images/scene0467_00/00127.jpg",
      "transform_matrix": [
        [
          0.55084,
          -0.073753,
          0.831345,
          0.744061
        ],
        [
          -0.833092,
          0.011476,
          0.553016,
          1.325245
        ],
        [
          -0.050327,
          -0.99721,
          -0.055121,
          1.464058
        ],
        [
          0.0,
          0.0,
          0.0,
          1.0
        ]
      ]
    },
    {
      "file_path": "/media/NFS/ttao/scannet/posed_images/scene0467_00/00134.jpg",
      "transform_matrix": [
        [
          0.487324,
          -0.045051,
          0.872059,
          0.748706
        ],
        [
          -0.872978,
          -0.001555,
          0.487757,
          1.323022
        ],
        [
          -0.020618,
          -0.998984,
          -0.040086,
          1.458685
        ],
        [
          0.0,
          0.0,
          0.0,
          1.0
        ]
      ]
    },
    {
      "file_path": "/media/NFS/ttao/scannet/posed_images/scene0467_00/00136.jpg",
      "transform_matrix": [
        [
          0.474667,
          -0.049398,
          0.878778,
          0.747202
        ],
        [
          -0.879947,
          -0.004371,
          0.475052,
          1.323107
        ],
        [
          -0.019626,
          -0.99877,
          -0.045542,
          1.45824
        ],
        [
          0.0,
          0.0,
          0.0,
          1.0
        ]
      ]
    },
    {
      "file_path": "/media/NFS/ttao/scannet/posed_images/scene0467_00/00146.jpg",
      "transform_matrix": [
        [
          0.419065,
          -0.076657,
          0.904714,
          0.77724
        ],
        [
          -0.907955,
          -0.033901,
          0.417694,
          1.272568
        ],
        [
          -0.001348,
          -0.996481,
          -0.083807,
          1.446088
        ],
        [
          0.0,
          0.0,
          0.0,
          1.0
        ]
      ]
    },
    {
      "file_path": "/media/NFS/ttao/scannet/posed_images/scene0467_00/00153.jpg",
      "transform_matrix": [
        [
          0.360079,
          -0.075763,
          0.92984,
          0.769911
        ],
        [
          -0.932921,
          -0.030543,
          0.358783,
          1.29225
        ],
        [
          0.001218,
          -0.996658,
          -0.081678,
          1.455632
        ],
        [
          0.0,
          0.0,
          0.0,
          1.0
        ]
      ]
    },
    {
      "file_path": "/media/NFS/ttao/scannet/posed_images/scene0467_00/00155.jpg",
      "transform_matrix": [
        [
          0.34529,
          -0.075955,
          0.935417,
          0.771396
        ],
        [
          -0.938481,
          -0.033502,
          0.343701,
          1.294441
        ],
        [
          0.005233,
          -0.996548,
          -0.082851,
          1.458836
        ],
        [
          0.0,
          0.0,
          0.0,
          1.0
        ]
      ]
    },
    {
      "file_path": "/media/NFS/ttao/scannet/posed_images/scene0467_00/00164.jpg",
      "transform_matrix": [
        [
          0.283015,
          -0.093757,
          0.954522,
          0.788166
        ],
        [
          -0.958878,
          -0.049808,
          0.279414,
          1.285537
        ],
        [
          0.021346,
          -0.994348,
          -0.103998,
          1.459406
        ],
        [
          0.0,
          0.0,
          0.0,
          1.0
        ]
      ]
    },
    {
      "file_path": "/media/NFS/ttao/scannet/posed_images/scene0467_00/00172.jpg",
      "transform_matrix": [
        [
          0.20788,
          -0.099488,
          0.973082,
          0.790798
        ],
        [
          -0.977658,
          -0.052805,
          0.203459,
          1.306091
        ],
        [
          0.031142,
          -0.993637,
          -0.108242,
          1.46492
        ],
        [
          0.0,
          0.0,
          0.0,
          1.0
        ]
      ]
    },
    {
      "file_path": "/media/NFS/ttao/scannet/posed_images/scene0467_00/00175.jpg",
      "transform_matrix": [
        [
          0.184745,
          -0.101953,
          0.977484,
          0.781698
        ],
        [
          -0.982378,
          -0.047842,
          0.18068,
          1.320006
        ],
        [
          0.028344,
          -0.993638,
          -0.108994,
          1.470813
        ],
        [
          0.0,
          0.0,
          0.0,
          1.0
        ]
      ]
    },
    {
      "file_path": "/media/NFS/ttao/scannet/posed_images/scene0467_00/00179.jpg",
      "transform_matrix": [
        [
          0.179687,
          -0.105583,
          0.978041,
          0.780041
        ],
        [
          -0.983494,
          -0.040786,
          0.176286,
          1.310856
        ],
        [
          0.021277,
          -0.993574,
          -0.111169,
          1.461402
        ],
        [
          0.0,
          0.0,
          0.0,
          1.0
        ]
      ]
    },
    {
      "file_path": "/media/NFS/ttao/scannet/posed_images/scene0467_00/00190.jpg",
      "transform_matrix": [
        [
          0.07005,
          -0.098574,
          0.992661,
          0.792177
        ],
        [
          -0.996964,
          -0.040827,
          0.0663,
          1.191157
        ],
        [
          0.033992,
          -0.994292,
          -0.101134,
          1.416809
        ],
        [
          0.0,
          0.0,
          0.0,
          1.0
        ]
      ]
    },
    {
      "file_path": "/media/NFS/ttao/scannet/posed_images/scene0467_00/00192.jpg",
      "transform_matrix": [
        [
          0.052497,
          -0.097476,
          0.993852,
          0.789237
        ],
        [
          -0.997972,
          -0.041011,
          0.048692,
          1.196451
        ],
        [
          0.036013,
          -0.994393,
          -0.099431,
          1.415622
        ],
        [
          0.0,
          0.0,
          0.0,
          1.0
        ]
      ]
    },
    {
      "file_path": "/media/NFS/ttao/scannet/posed_images/scene0467_00/00200.jpg",
      "transform_matrix": [
        [
          -0.051071,
          -0.105387,
          0.993119,
          0.765691
        ],
        [
          -0.997219,
          -0.048658,
          -0.056445,
          1.347552
        ],
        [
          0.054272,
          -0.99324,
          -0.102609,
          1.403305
        ],
        [
          0.0,
          0.0,
          0.0,
          1.0
        ]
      ]
    },
    {
      "file_path": "/media/NFS/ttao/scannet/posed_images/scene0467_00/00205.jpg",
      "transform_matrix": [
        [
          -0.087052,
          -0.113352,
          0.989734,
          0.765468
        ],
        [
          -0.994558,
          -0.047203,
          -0.092882,
          1.344657
        ],
        [
          0.057247,
          -0.992433,
          -0.108626,
          1.40099
        ],
        [
          0.0,
          0.0,
          0.0,
          1.0
        ]
      ]
    },
    {
      "file_path": "/media/NFS/ttao/scannet/posed_images/scene0467_00/00215.jpg",
      "transform_matrix": [
        [
          -0.156519,
          -0.125587,
          0.979658,
          0.7447
        ],
        [
          -0.986272,
          -0.032981,
          -0.161804,
          1.356029
        ],
        [
          0.05263,
          -0.991534,
          -0.1187,
          1.425189
        ],
        [
          0.0,
          0.0,
          0.0,
          1.0
        ]
      ]
    },
    {
      "file_path": "/media/NFS/ttao/scannet/posed_images/scene0467_00/00220.jpg",
      "transform_matrix": [
        [
          -0.181247,
          -0.124861,
          0.975479,
          0.737822
        ],
        [
          -0.981898,
          -0.032508,
          -0.186601,
          1.367209
        ],
        [
          0.055009,
          -0.991642,
          -0.116709,
          1.422554
        ],
        [
          0.0,
          0.0,
          0.0,
          1.0
        ]
      ]
    },
    {
      "file_path": "/media/NFS/ttao/scannet/posed_images/scene0467_00/00222.jpg",
      "transform_matrix": [
        [
          -0.185247,
          -0.126166,
          0.974559,
          0.733886
        ],
        [
          -0.981271,
          -0.029569,
          -0.190351,
          1.363532
        ],
        [
          0.052833,
          -0.991568,
          -0.118325,
          1.426002
        ],
        [
          0.0,
          0.0,
          0.0,
          1.0
        ]
      ]
    },
    {
      "file_path": "/media/NFS/ttao/scannet/posed_images/scene0467_00/00233.jpg",
      "transform_matrix": [
        [
          -0.145711,
          -0.191487,
          0.970619,
          0.736567
        ],
        [
          -0.988587,
          -0.009755,
          -0.150333,
          1.333973
        ],
        [
          0.038256,
          -0.981447,
          -0.18788,
          1.417553
        ],
        [
          0.0,
          0.0,
          0.0,
          1.0
        ]
      ]
    },
    {
      "file_path": "/media/NFS/ttao/scannet/posed_images/scene0467_00/00237.jpg",
      "transform_matrix": [
        [
          -0.13677,
          -0.238525,
          0.961457,
          0.745688
        ],
        [
          -0.989717,
          -0.00813,
          -0.142807,
          1.332646
        ],
        [
          0.04188,
          -0.971102,
          -0.23496,
          1.39935
        ],
        [
          0.0,
          0.0,
          0.0,
          1.0
        ]
      ]
    },
    {
      "file_path": "/media/NFS/ttao/scannet/posed_images/scene0467_00/00244.jpg",
      "transform_matrix": [
        [
          -0.148017,
          -0.326572,
          0.93351,
          0.75674
        ],
        [
          -0.987924,
          0.005111,
          -0.154857,
          1.335429
        ],
        [
          0.045801,
          -0.945158,
          -0.323385,
          1.400912
        ],
        [
          0.0,
          0.0,
          0.0,
          1.0
        ]
      ]
    },
    {
      "file_path": "/media/NFS/ttao/scannet/posed_images/scene0467_00/00250.jpg",
      "transform_matrix": [
        [
          -0.165773,
          -0.366632,
          0.915478,
          0.74839
        ],
        [
          -0.984853,
          0.013693,
          -0.172851,
          1.339484
        ],
        [
          0.050838,
          -0.930265,
          -0.363348,
          1.381039
        ],
        [
          0.0,
          0.0,
          0.0,
          1.0
        ]
      ]
    },
    {
      "file_path": "/media/NFS/ttao/scannet/posed_images/scene0467_00/00258.jpg",
      "transform_matrix": [
        [
          -0.131271,
          -0.433335,
          0.891621,
          0.722761
        ],
        [
          -0.990792,
          0.027284,
          -0.132612,
          1.314747
        ],
        [
          0.033139,
          -0.90082,
          -0.432927,
          1.360309
        ],
        [
          0.0,
          0.0,
          0.0,
          1.0
        ]
      ]
    },
    {
      "file_path": "/media/NFS/ttao/scannet/posed_images/scene0467_00/00265.jpg",
      "transform_matrix": [
        [
          -0.126831,
          -0.473158,
          0.8718,
          0.695808
        ],
        [
          -0.991337,
          0.030226,
          -0.127816,
          1.291817
        ],
        [
          0.034127,
          -0.880459,
          -0.472892,
          1.355899
        ],
        [
          0.0,
          0.0,
          0.0,
          1.0
        ]
      ]
    },
    {
      "file_path": "/media/NFS/ttao/scannet/posed_images/scene0467_00/00267.jpg",
      "transform_matrix": [
        [
          -0.128702,
          -0.479569,
          0.868014,
          0.687309
        ],
        [
          -0.991025,
          0.030313,
          -0.130193,
          1.287074
        ],
        [
          0.036124,
          -0.87698,
          -0.479167,
          1.352494
        ],
        [
          0.0,
          0.0,
          0.0,
          1.0
        ]
      ]
    },
    {
      "file_path": "/media/NFS/ttao/scannet/posed_images/scene0467_00/00276.jpg",
      "transform_matrix": [
        [
          -0.109498,
          -0.513567,
          0.851034,
          0.645306
        ],
        [
          -0.99335,
          0.025902,
          -0.112178,
          1.253693
        ],
        [
          0.035568,
          -0.857659,
          -0.512988,
          1.339068
        ],
        [
          0.0,
          0.0,
          0.0,
          1.0
        ]
      ]
    },
    {
      "file_path": "/media/NFS/ttao/scannet/posed_images/scene0467_00/00278.jpg",
      "transform_matrix": [
        [
          -0.110522,
          -0.516665,
          0.849024,
          0.637319
        ],
        [
          -0.993066,
          0.022981,
          -0.115288,
          1.24598
        ],
        [
          0.040053,
          -0.855879,
          -0.515622,
          1.337755
        ],
        [
          0.0,
          0.0,
          0.0,
          1.0
        ]
      ]
    },
    {
      "file_path": "/media/NFS/ttao/scannet/posed_images/scene0467_00/00289.jpg",
      "transform_matrix": [
        [
          -0.167478,
          -0.547345,
          0.819978,
          0.605481
        ],
        [
          -0.984465,
          0.048366,
          -0.168789,
          1.221271
        ],
        [
          0.052727,
          -0.835508,
          -0.546942,
          1.329127
        ],
        [
          0.0,
          0.0,
          0.0,
          1.0
        ]
      ]
    },
    {
      "file_path": "/media/NFS/ttao/scannet/posed_images/scene0467_00/00293.jpg",
      "transform_matrix": [
        [
          -0.18236,
          -0.55934,
          0.808631,
          0.594569
        ],
        [
          -0.981426,
          0.053729,
          -0.184164,
          1.221605
        ],
        [
          0.059564,
          -0.827195,
          -0.558748,
          1.327499
        ],
        [
          0.0,
          0.0,
          0.0,
          1.0
        ]
      ]
    },
    {
      "file_path": "/media/NFS/ttao/scannet/posed_images/scene0467_00/00300.jpg",
      "transform_matrix": [
        [
          -0.195002,
          -0.575107,
          0.794497,
          0.567691
        ],
        [
          -0.977441,
          0.046942,
          -0.205925,
          1.207219
        ],
        [
          0.081134,
          -0.81673,
          -0.571287,
          1.325382
        ],
        [
          0.0,
          0.0,
          0.0,
          1.0
        ]
      ]
    },
    {
      "file_path": "/media/NFS/ttao/scannet/posed_images/scene0467_00/00306.jpg",
      "transform_matrix": [
        [
          -0.18196,
          -0.577492,
          0.79586,
          0.542911
        ],
        [
          -0.979708,
          0.037297,
          -0.19693,
          1.183606
        ],
        [
          0.084042,
          -0.815544,
          -0.57256,
          1.321635
        ],
        [
          0.0,
          0.0,
          0.0,
          1.0
        ]
      ]
    },
    {
      "file_path": "/media/NFS/ttao/scannet/posed_images/scene0467_00/00310.jpg",
      "transform_matrix": [
        [
          -0.172185,
          -0.579616,
          0.796491,
          0.529622
        ],
        [
          -0.979241,
          0.012922,
          -0.202288,
          1.16466
        ],
        [
          0.106957,
          -0.814787,
          -0.569808,
          1.319412
        ],
        [
          0.0,
          0.0,
          0.0,
          1.0
        ]
      ]
    },
    {
      "file_path": "/media/NFS/ttao/scannet/posed_images/scene0467_00/00321.jpg",
      "transform_matrix": [
        [
          -0.157516,
          -0.582229,
          0.797621,
          0.516594
        ],
        [
          -0.979434,
          -0.011022,
          -0.201467,
          1.121306
        ],
        [
          0.126091,
          -0.812951,
          -0.568518,
          1.313239
        ],
        [
          0.0,
          0.0,
          0.0,
          1.0
        ]
      ]
    },
    {
      "file_path": "/media/NFS/ttao/scannet/posed_images/scene0467_00/00323.jpg",
      "transform_matrix": [
        [
          -0.152808,
          -0.580602,
          0.79972,
          0.517913
        ],
        [
          -0.980221,
          -0.013934,
          -0.197414,
          1.116935
        ],
        [
          0.125762,
          -0.814068,
          -0.566989,
          1.312822
        ],
        [
          0.0,
          0.0,
          0.0,
          1.0
        ]
      ]
    },
    {
      "file_path": "/media/NFS/ttao/scannet/posed_images/scene0467_00/00328.jpg",
      "transform_matrix": [
        [
          -0.1346,
          -0.58071,
          0.802907,
          0.521123
        ],
        [
          -0.982561,
          -0.026685,
          -0.184017,
          1.114974
        ],
        [
          0.128286,
          -0.813673,
          -0.566991,
          1.310495
        ],
        [
          0.0,
          0.0,
          0.0,
          1.0
        ]
      ]
    },
    {
      "file_path": "/media/NFS/ttao/scannet/posed_images/scene0467_00/00334.jpg",
      "transform_matrix": [
        [
          -0.092122,
          -0.577467,
          0.8112,
          0.527473
        ],
        [
          -0.989228,
          -0.039997,
          -0.140812,
          1.127273
        ],
        [
          0.11376,
          -0.815434,
          -0.567562,
          1.307503
        ],
        [
          0.0,
          0.0,
          0.0,
          1.0
        ]
      ]
    },
    {
      "file_path": "/media/NFS/ttao/scannet/posed_images/scene0467_00/00341.jpg",
      "transform_matrix": [
        [
          -0.02106,
          -0.589484,
          0.807505,
          0.558728
        ],
        [
          -0.996158,
          -0.056298,
          -0.067078,
          1.154849
        ],
        [
          0.085002,
          -0.805816,
          -0.586034,
          1.307802
        ],
        [
          0.0,
          0.0,
          0.0,
          1.0
        ]
      ]
    },
    {
      "file_path": "/media/NFS/ttao/scannet/posed_images/scene0467_00/00351.jpg",
      "transform_matrix": [
        [
          0.050026,
          -0.575206,
          0.816477,
          0.624941
        ],
        [
          -0.997971,
          -0.061038,
          0.018145,
          1.21836
        ],
        [
          0.039399,
          -0.815728,
          -0.577092,
          1.304726
        ],
        [
          0.0,
          0.0,
          0.0,
          1.0
        ]
      ]
    },
    {
      "file_path": "/media/NFS/ttao/scannet/posed_images/scene0467_00/00358.jpg",
      "transform_matrix": [
        [
          0.107334,
          -0.569323,
          0.815077,
          0.676046
        ],
        [
          -0.994207,
          -0.056843,
          0.091218,
          1.262924
        ],
        [
          -0.005601,
          -0.820146,
          -0.572126,
          1.298537
        ],
        [
          0.0,
          0.0,
          0.0,
          1.0
        ]
      ]
    },
    {
      "file_path": "/media/NFS/ttao/scannet/posed_images/scene0467_00/00362.jpg",
      "transform_matrix": [
        [
          0.189116,
          -0.572273,
          0.797959,
          0.727894
        ],
        [
          -0.981906,
          -0.102061,
          0.159516,
          1.231161
        ],
        [
          -0.009846,
          -0.813687,
          -0.581219,
          1.299729
        ],
        [
          0.0,
          0.0,
          0.0,
          1.0
        ]
      ]
    },
    {
      "file_path": "/media/NFS/ttao/scannet/posed_images/scene0467_00/00366.jpg",
      "transform_matrix": [
        [
          0.222313,
          -0.556018,
          0.800888,
          0.765849
        ],
        [
          -0.974968,
          -0.123668,
          0.184778,
          1.250321
        ],
        [
          -0.003696,
          -0.821919,
          -0.569593,
          1.299623
        ],
        [
          0.0,
          0.0,
          0.0,
          1.0
        ]
      ]
    },
    {
      "file_path": "/media/NFS/ttao/scannet/posed_images/scene0467_00/00373.jpg",
      "transform_matrix": [
        [
          0.276076,
          -0.509215,
          0.815158,
          0.845413
        ],
        [
          -0.961099,
          -0.153726,
          0.229472,
          1.242822
        ],
        [
          0.008461,
          -0.846799,
          -0.531846,
          1.290545
        ],
        [
          0.0,
          0.0,
          0.0,
          1.0
        ]
      ]
    },
    {
      "file_path": "/media/NFS/ttao/scannet/posed_images/scene0467_00/00381.jpg",
      "transform_matrix": [
        [
          0.314646,
          -0.491024,
          0.812338,
          0.925389
        ],
        [
          -0.949157,
          -0.171706,
          0.263852,
          1.257321
        ],
        [
          0.009926,
          -0.854057,
          -0.520085,
          1.29583
        ],
        [
          0.0,
          0.0,
          0.0,
          1.0
        ]
      ]
    },
    {
      "file_path": "/media/NFS/ttao/scannet/posed_images/scene0467_00/00388.jpg",
      "transform_matrix": [
        [
          0.329731,
          -0.469263,
          0.819189,
          0.982627
        ],
        [
          -0.944017,
          -0.154223,
          0.29163,
          1.285812
        ],
        [
          -0.010513,
          -0.869487,
          -0.493844,
          1.301439
        ],
        [
          0.0,
          0.0,
          0.0,
          1.0
        ]
      ]
    },
    {
      "file_path": "/media/NFS/ttao/scannet/posed_images/scene0467_00/00396.jpg",
      "transform_matrix": [
        [
          0.340052,
          -0.456283,
          0.822296,
          1.051011
        ],
        [
          -0.939407,
          -0.124503,
          0.319396,
          1.339515
        ],
        [
          -0.043357,
          -0.881082,
          -0.470973,
          1.304811
        ],
        [
          0.0,
          0.0,
          0.0,
          1.0
        ]
      ]
    },
    {
      "file_path": "/media/NFS/ttao/scannet/posed_images/scene0467_00/00399.jpg",
      "transform_matrix": [
        [
          0.341108,
          -0.456142,
          0.821937,
          1.077093
        ],
        [
          -0.938823,
          -0.121115,
          0.322402,
          1.370901
        ],
        [
          -0.047512,
          -0.881627,
          -0.469549,
          1.302637
        ],
        [
          0.0,
          0.0,
          0.0,
          1.0
        ]
      ]
    },
    {
      "file_path": "/media/NFS/ttao/scannet/posed_images/scene0467_00/00407.jpg",
      "transform_matrix": [
        [
          0.371437,
          -0.473419,
          0.798692,
          1.145472
        ],
        [
          -0.927239,
          -0.145066,
          0.345231,
          1.422318
        ],
        [
          -0.047576,
          -0.86881,
          -0.492855,
          1.292152
        ],
        [
          0.0,
          0.0,
          0.0,
          1.0
        ]
      ]
    },
    {
      "file_path": "/media/NFS/ttao/scannet/posed_images/scene0467_00/00411.jpg",
      "transform_matrix": [
        [
          0.380539,
          -0.478069,
          0.791606,
          1.184799
        ],
        [
          -0.924446,
          -0.174167,
          0.339214,
          1.44704
        ],
        [
          -0.024296,
          -0.860881,
          -0.508226,
          1.291459
        ],
        [
          0.0,
          0.0,
          0.0,
          1.0
        ]
      ]
    },
    {
      "file_path": "/media/NFS/ttao/scannet/posed_images/scene0467_00/00418.jpg",
      "transform_matrix": [
        [
          0.398562,
          -0.494458,
          0.772438,
          1.26808
        ],
        [
          -0.916796,
          -0.19169,
          0.350342,
          1.464129
        ],
        [
          -0.025161,
          -0.847801,
          -0.529717,
          1.291338
        ],
        [
          0.0,
          0.0,
          0.0,
          1.0
        ]
      ]
    },
    {
      "file_path": "/media/NFS/ttao/scannet/posed_images/scene0467_00/00424.jpg",
      "transform_matrix": [
        [
          0.413348,
          -0.522125,
          0.746008,
          1.34843
        ],
        [
          -0.910156,
          -0.212118,
          0.355839,
          1.464876
        ],
        [
          -0.02755,
          -0.82607,
          -0.562894,
          1.287765
        ],
        [
          0.0,
          0.0,
          0.0,
          1.0
        ]
      ]
    },
    {
      "file_path": "/media/NFS/ttao/scannet/posed_images/scene0467_00/00431.jpg",
      "transform_matrix": [
        [
          0.461408,
          -0.516436,
          0.721385,
          1.432926
        ],
        [
          -0.886566,
          -0.237946,
          0.396716,
          1.471104
        ],
        [
          -0.033228,
          -0.822603,
          -0.567645,
          1.294963
        ],
        [
          0.0,
          0.0,
          0.0,
          1.0
        ]
      ]
    },
    {
      "file_path": "/media/NFS/ttao/scannet/posed_images/scene0467_00/00439.jpg",
      "transform_matrix": [
        [
          0.533808,
          -0.47001,
          0.702951,
          1.515779
        ],
        [
          -0.843741,
          -0.240861,
          0.479675,
          1.482527
        ],
        [
          -0.056138,
          -0.849162,
          -0.52514,
          1.310512
        ],
        [
          0.0,
          0.0,
          0.0,
          1.0
        ]
      ]
    },
    {
      "file_path": "/media/NFS/ttao/scannet/posed_images/scene0467_00/00440.jpg",
      "transform_matrix": [
        [
          0.544891,
          -0.467835,
          0.695862,
          1.525582
        ],
        [
          -0.836719,
          -0.249212,
          0.487641,
          1.479959
        ],
        [
          -0.054718,
          -0.847952,
          -0.527241,
          1.307331
        ],
        [
          0.0,
          0.0,
          0.0,
          1.0
        ]
      ]
    },
    {
      "file_path": "/media/NFS/ttao/scannet/posed_images/scene0467_00/00446.jpg",
      "transform_matrix": [
        [
          0.606302,
          -0.45895,
          0.649432,
          1.582901
        ],
        [
          -0.792494,
          -0.280966,
          0.541306,
          1.498315
        ],
        [
          -0.065964,
          -0.842866,
          -0.534065,
          1.310032
        ],
        [
          0.0,
          0.0,
          0.0,
          1.0
        ]
      ]
    },
    {
      "file_path": "/media/NFS/ttao/scannet/posed_images/scene0467_00/00453.jpg",
      "transform_matrix": [
        [
          0.716624,
          -0.393425,
          0.575906,
          1.640166
        ],
        [
          -0.695238,
          -0.337077,
          0.634842,
          1.497313
        ],
        [
          -0.055638,
          -0.855334,
          -0.515081,
          1.329489
        ],
        [
          0.0,
          0.0,
          0.0,
          1.0
        ]
      ]
    },
    {
      "file_path": "/media/NFS/ttao/scannet/posed_images/scene0467_00/00463.jpg",
      "transform_matrix": [
        [
          0.867156,
          -0.241153,
          0.43576,
          1.750567
        ],
        [
          -0.49797,
          -0.405447,
          0.766576,
          1.431382
        ],
        [
          -0.008184,
          -0.881736,
          -0.471673,
          1.321172
        ],
        [
          0.0,
          0.0,
          0.0,
          1.0
        ]
      ]
    },
    {
      "file_path": "/media/NFS/ttao/scannet/posed_images/scene0467_00/00465.jpg",
      "transform_matrix": [
        [
          0.874436,
          -0.233304,
          0.425359,
          1.772094
        ],
        [
          -0.485093,
          -0.408268,
          0.773306,
          1.416857
        ],
        [
          -0.006754,
          -0.882545,
          -0.470178,
          1.320282
        ],
        [
          0.0,
          0.0,
          0.0,
          1.0
        ]
      ]
    },
    {
      "file_path": "/media/NFS/ttao/scannet/posed_images/scene0467_00/00472.jpg",
      "transform_matrix": [
        [
          0.885598,
          -0.21522,
          0.411578,
          1.849841
        ],
        [
          -0.46444,
          -0.403819,
          0.788179,
          1.380836
        ],
        [
          -0.003429,
          -0.889163,
          -0.457578,
          1.326847
        ],
        [
          0.0,
          0.0,
          0.0,
          1.0
        ]
      ]
    },
    {
      "file_path": "/media/NFS/ttao/scannet/posed_images/scene0467_00/00480.jpg",
      "transform_matrix": [
        [
          0.896421,
          -0.193411,
          0.398776,
          1.931497
        ],
        [
          -0.443125,
          -0.374131,
          0.814657,
          1.381022
        ],
        [
