{
  "frames": [
    {
      "file_path": "/media/NFS/ttao/scannet/posed_images/scene0092_04/00003.jpg",
      "transform_matrix": [
        [
          -0.896057,
          -0.218633,
          0.38637,
          3.684002
        ],
        [
          -0.44393,
          0.435549,
          -0.783086,
          2.699223
        ],
        [
          0.002926,
          -0.87321,
          -0.487335,
          1.283814
        ],
        [
          0.0,
          0.0,
          0.0,
          1.0
        ]
      ]
    },
    {
      "file_path": "/media/NFS/ttao/scannet/posed_images/scene0092_04/00013.jpg",
      "transform_matrix": [
        [
          -0.9056,
          -0.17239,
          0.387518,
          3.573417
        ],
        [
          -0.423817,
          0.403065,
          -0.811121,
          2.749091
        ],
        [
          -0.016366,
          -0.898788,
          -0.438077,
          1.305822
        ],
        [
          0.0,
          0.0,
          0.0,
          1.0
        ]
      ]
    },
    {
      "file_path": "/media/NFS/ttao/scannet/posed_images/scene0092_04/00022.jpg",
      "transform_matrix": [
        [
          -0.91376,
          -0.088214,
          0.396562,
          3.52377
        ],
        [
          -0.40491,
          0.277113,
          -0.871353,
          2.792689
        ],
        [
          -0.033026,
          -0.956779,
          -0.288933,
          1.342232
        ],
        [
          0.0,
          0.0,
          0.0,
          1.0
        ]
      ]
    },
    {
      "file_path": "/media/NFS/ttao/scannet/posed_images/scene0092_04/00038.jpg",
      "transform_matrix": [
        [
          -0.984807,
          -0.065573,
          0.160795,
          3.51927
        ],
        [
          -0.173649,
          0.376841,
          -0.909855,
          2.809836
        ],
        [
          -0.000932,
          -0.923954,
          -0.382503,
          1.307312
        ],
        [
          0.0,
          0.0,
          0.0,
          1.0
        ]
      ]
    },
    {
      "file_path": "/media/NFS/ttao/scannet/posed_images/scene0092_04/00041.jpg",
      "transform_matrix": [
        [
          -0.990189,
          -0.061694,
          0.125379,
          3.525177
        ],
        [
          -0.139731,
          0.430048,
          -0.891927,
          2.801881
        ],
        [
          0.001107,
          -0.900696,
          -0.43445,
          1.290601
        ],
        [
          0.0,
          0.0,
          0.0,
          1.0
        ]
      ]
    },
    {
      "file_path": "/media/NFS/ttao/scannet/posed_images/scene0092_04/00057.jpg",
      "transform_matrix": [
        [
          -0.974716,
          0.07181,
          -0.211594,
          3.586531
        ],
        [
          0.221052,
          0.44818,
          -0.866182,
          2.787561
        ],
        [
          0.032632,
          -0.891054,
          -0.452722,
          1.257032
        ],
        [
          0.0,
          0.0,
          0.0,
          1.0
        ]
      ]
    },
    {
      "file_path": "/media/NFS/ttao/scannet/posed_images/scene0092_04/00070.jpg",
      "transform_matrix": [
        [
          -0.87393,
          0.186507,
          -0.448844,
          3.559734
        ],
        [
          0.485615,
          0.374138,
          -0.790062,
          2.870115
        ],
        [
          0.020577,
          -0.908425,
          -0.417542,
          1.283816
        ],
        [
          0.0,
          0.0,
          0.0,
          1.0
        ]
      ]
    },
    {
      "file_path": "/media/NFS/ttao/scannet/posed_images/scene0092_04/00073.jpg",
      "transform_matrix": [
        [
          -0.868602,
          0.215001,
          -0.446435,
          3.557407
        ],
        [
          0.495474,
          0.365968,
          -0.787765,
          2.900687
        ],
        [
          -0.005989,
          -0.905451,
          -0.424408,
          1.283985
        ],
        [
          0.0,
          0.0,
          0.0,
          1.0
        ]
      ]
    },
    {
      "file_path": "/media/NFS/ttao/scannet/posed_images/scene0092_04/00089.jpg",
      "transform_matrix": [
        [
          -0.84285,
          0.306006,
          -0.442679,
          3.582361
        ],
        [
          0.537716,
          0.445888,
          -0.715574,
          3.151263
        ],
        [
          -0.021585,
          -0.841157,
          -0.540361,
          1.246288
        ],
        [
          0.0,
          0.0,
          0.0,
          1.0
        ]
      ]
    },
    {
      "file_path": "/media/NFS/ttao/scannet/posed_images/scene0092_04/00092.jpg",
      "transform_matrix": [
        [
          -0.845709,
          0.31278,
          -0.432371,
          3.582597
        ],
        [
          0.532291,
          0.436763,
          -0.725193,
          3.190004
        ],
        [
          -0.037982,
          -0.843449,
          -0.535865,
          1.254293
        ],
        [
          0.0,
          0.0,
          0.0,
          1.0
        ]
      ]
    },
    {
      "file_path": "/media/NFS/ttao/scannet/posed_images/scene0092_04/00111.jpg",
      "transform_matrix": [
        [
          -0.628971,
          0.380553,
          -0.67792,
          3.498816
        ],
        [
          0.776845,
          0.341428,
          -0.529092,
          3.397743
        ],
        [
          0.030113,
          -0.859422,
          -0.510379,
          1.248339
        ],
        [
          0.0,
          0.0,
          0.0,
          1.0
        ]
      ]
    },
    {
      "file_path": "/media/NFS/ttao/scannet/posed_images/scene0092_04/00120.jpg",
      "transform_matrix": [
        [
          -0.35444,
          0.461359,
          -0.813339,
          3.445374
        ],
        [
          0.934253,
          0.211267,
          -0.287294,
          3.448474
        ],
        [
          0.039286,
          -0.861693,
          -0.505908,
          1.243189
        ],
        [
          0.0,
          0.0,
          0.0,
          1.0
        ]
      ]
    },
    {
      "file_path": "/media/NFS/ttao/scannet/posed_images/scene0092_04/00130.jpg",
      "transform_matrix": [
        [
          -0.231725,
          0.499551,
          -0.834717,
          3.441215
        ],
        [
          0.971085,
          0.169444,
          -0.168175,
          3.40486
        ],
        [
          0.057426,
          -0.849551,
          -0.524371,
          1.232279
        ],
        [
          0.0,
          0.0,
          0.0,
          1.0
        ]
      ]
    },
    {
      "file_path": "/media/NFS/ttao/scannet/posed_images/scene0092_04/00136.jpg",
      "transform_matrix": [
        [
          -0.213278,
          0.513362,
          -0.831247,
          3.449712
        ],
        [
          0.974323,
          0.174604,
          -0.142156,
          3.334867
        ],
        [
          0.072161,
          -0.840222,
          -0.537419,
          1.220664
        ],
        [
          0.0,
          0.0,
          0.0,
          1.0
        ]
      ]
    },
    {
      "file_path": "/media/NFS/ttao/scannet/posed_images/scene0092_04/00152.jpg",
      "transform_matrix": [
        [
          -0.114241,
          0.596627,
          -0.794346,
          3.510931
        ],
        [
          0.987384,
          0.156433,
          -0.024508,
          3.039176
        ],
        [
          0.10964,
          -0.787125,
          -0.606971,
          1.201449
        ],
        [
          0.0,
          0.0,
          0.0,
          1.0
        ]
      ]
    },
    {
      "file_path": "/media/NFS/ttao/scannet/posed_images/scene0092_04/00158.jpg",
      "transform_matrix": [
        [
          -0.049635,
          0.59756,
          -0.800287,
          3.493228
        ],
        [
          0.988274,
          0.145228,
          0.047145,
          2.94947
        ],
        [
          0.144396,
          -0.788563,
          -0.597761,
          1.192507
        ],
        [
          0.0,
          0.0,
          0.0,
          1.0
        ]
      ]
    },
    {
      "file_path": "/media/NFS/ttao/scannet/posed_images/scene0092_04/00168.jpg",
      "transform_matrix": [
        [
          0.047258,
          0.616136,
          -0.786221,
          3.425335
        ],
        [
          0.994331,
          0.046036,
          0.095844,
          2.770682
        ],
        [
          0.095248,
          -0.786294,
          -0.610467,
          1.197231
        ],
        [
          0.0,
          0.0,
          0.0,
          1.0
        ]
      ]
    },
    {
      "file_path": "/media/NFS/ttao/scannet/posed_images/scene0092_04/00184.jpg",
      "transform_matrix": [
        [
          0.445441,
          0.518346,
          -0.729999,
          3.36745
        ],
        [
          0.893558,
          -0.206394,
          0.398691,
          2.483239
        ],
        [
          0.055993,
          -0.829891,
          -0.555109,
          1.22854
        ],
        [
          0.0,
          0.0,
          0.0,
          1.0
        ]
      ]
    },
    {
      "file_path": "/media/NFS/ttao/scannet/posed_images/scene0092_04/00193.jpg",
      "transform_matrix": [
        [
          0.567802,
          0.459891,
          -0.682717,
          3.276353
        ],
        [
          0.819873,
          -0.241845,
          0.51896,
          2.399868
        ],
        [
          0.073553,
          -0.854407,
          -0.514372,
          1.246056
        ],
        [
          0.0,
          0.0,
          0.0,
          1.0
        ]
      ]
    },
    {
      "file_path": "/media/NFS/ttao/scannet/posed_images/scene0092_04/00203.jpg",
      "transform_matrix": [
        [
          0.657689,
          0.405544,
          -0.634806,
          3.166015
        ],
        [
          0.752927,
          -0.32774,
          0.570691,
          2.409234
        ],
        [
          0.023389,
          -0.8533,
          -0.520896,
          1.252725
        ],
        [
          0.0,
          0.0,
          0.0,
          1.0
        ]
      ]
    },
    {
      "file_path": "/media/NFS/ttao/scannet/posed_images/scene0092_04/00215.jpg",
      "transform_matrix": [
        [
          0.813746,
          0.23125,
          -0.533236,
          3.075404
        ],
        [
          0.58092,
          -0.353059,
          0.733403,
          2.322715
        ],
        [
          -0.018664,
          -0.906572,
          -0.421638,
          1.311413
        ],
        [
          0.0,
          0.0,
          0.0,
          1.0
        ]
      ]
    },
    {
      "file_path": "/media/NFS/ttao/scannet/posed_images/scene0092_04/00225.jpg",
      "transform_matrix": [
        [
          0.917103,
          0.122803,
          -0.379263,
          3.037078
        ],
        [
          0.397542,
          -0.352588,
          0.847138,
          2.251753
        ],
        [
          -0.029693,
          -0.927686,
          -0.372179,
          1.334838
        ],
        [
          0.0,
          0.0,
          0.0,
          1.0
        ]
      ]
    },
    {
      "file_path": "/media/NFS/ttao/scannet/posed_images/scene0092_04/00235.jpg",
      "transform_matrix": [
        [
          0.983359,
          -0.025386,
          -0.179888,
          3.088069
        ],
        [
          0.159457,
          -0.353847,
          0.92161,
          2.256042
        ],
        [
          -0.087049,
          -0.934959,
          -0.343911,
          1.337997
        ],
        [
          0.0,
          0.0,
          0.0,
          1.0
        ]
      ]
    },
    {
      "file_path": "/media/NFS/ttao/scannet/posed_images/scene0092_04/00247.jpg",
      "transform_matrix": [
        [
          0.996023,
          -0.081936,
          -0.034987,
          3.196283
        ],
        [
          2.6e-05,
          -0.392438,
          0.919778,
          2.261124
        ],
        [
          -0.089093,
          -0.916122,
          -0.390876,
          1.318113
        ],
        [
          0.0,
          0.0,
          0.0,
          1.0
        ]
      ]
    },
    {
      "file_path": "/media/NFS/ttao/scannet/posed_images/scene0092_04/00250.jpg",
      "transform_matrix": [
        [
          0.996484,
          -0.082979,
          -0.011583,
          3.235312
        ],
        [
          -0.023298,
          -0.407239,
          0.913025,
          2.263649
        ],
        [
          -0.080478,
          -0.909545,
          -0.40774,
          1.30177
        ],
        [
          0.0,
          0.0,
          0.0,
          1.0
        ]
      ]
    },
    {
      "file_path": "/media/NFS/ttao/scannet/posed_images/scene0092_04/00266.jpg",
      "transform_matrix": [
        [
          0.944642,
          -0.194605,
          0.264159,
          3.20692
        ],
        [
          -0.324224,
          -0.430247,
          0.842476,
          2.256778
        ],
        [
          -0.050296,
          -0.881485,
          -0.469525,
          1.275677
        ],
        [
          0.0,
          0.0,
          0.0,
          1.0
        ]
      ]
    },
    {
      "file_path": "/media/NFS/ttao/scannet/posed_images/scene0092_04/00279.jpg",
      "transform_matrix": [
        [
          0.778973,
          -0.333926,
          0.53075,
          3.194097
        ],
        [
          -0.626927,
          -0.397407,
          0.670098,
          2.225997
        ],
        [
          -0.012839,
          -0.854729,
          -0.518916,
          1.245108
        ],
        [
          0.0,
          0.0,
          0.0,
          1.0
        ]
      ]
    },
    {
      "file_path": "/media/NFS/ttao/scannet/posed_images/scene0092_04/00282.jpg",
      "transform_matrix": [
        [
          0.738425,
          -0.380431,
          0.556777,
          3.237534
        ],
        [
          -0.67415,
          -0.397108,
          0.622757,
          2.221329
        ],
        [
          -0.015816,
          -0.835211,
          -0.549702,
          1.236374
        ],
        [
          0.0,
          0.0,
          0.0,
          1.0
        ]
      ]
    },
    {
      "file_path": "/media/NFS/ttao/scannet/posed_images/scene0092_04/00295.jpg",
      "transform_matrix": [
        [
          0.541263,
          -0.510101,
          0.668455,
          3.327067
        ],
        [
          -0.840806,
          -0.319853,
          0.436738,
          2.327571
        ],
        [
          -0.008973,
          -0.798431,
          -0.60202,
          1.205162
        ],
        [
          0.0,
          0.0,
          0.0,
          1.0
        ]
      ]
    },
    {
      "file_path": "/media/NFS/ttao/scannet/posed_images/scene0092_04/00304.jpg",
      "transform_matrix": [
        [
          0.359076,
          -0.560808,
          0.746029,
          3.408967
        ],
        [
          -0.933195,
          -0.203288,
          0.296346,
          2.433174
        ],
        [
          -0.014535,
          -0.802601,
          -0.596339,
          1.209627
        ],
        [
          0.0,
          0.0,
          0.0,
          1.0
        ]
      ]
    },
    {
      "file_path": "/media/NFS/ttao/scannet/posed_images/scene0092_04/00317.jpg",
      "transform_matrix": [
        [
          -0.018381,
          -0.594417,
          0.803947,
          3.414928
        ],
        [
          -0.999522,
          -0.009063,
          -0.029553,
          2.588093
        ],
        [
          0.024853,
          -0.804106,
          -0.593967,
          1.219245
        ],
        [
          0.0,
          0.0,
          0.0,
          1.0
        ]
      ]
    },
    {
      "file_path": "/media/NFS/ttao/scannet/posed_images/scene0092_04/00333.jpg",
      "transform_matrix": [
        [
          -0.330957,
          -0.540969,
          0.773188,
          3.41422
        ],
        [
          -0.942792,
          0.154709,
          -0.29531,
          2.710391
        ],
        [
          0.040135,
          -0.826691,
          -0.561224,
          1.23205
        ],
        [
          0.0,
          0.0,
          0.0,
          1.0
        ]
      ]
    },
    {
      "file_path": "/media/NFS/ttao/scannet/posed_images/scene0092_04/00342.jpg",
      "transform_matrix": [
        [
          -0.454231,
          -0.486359,
          0.74641,
          3.498404
        ],
        [
          -0.89056,
          0.270483,
          -0.365708,
          2.780594
        ],
        [
          -0.024026,
          -0.830839,
          -0.555994,
          1.237656
        ],
        [
          0.0,
          0.0,
          0.0,
          1.0
        ]
      ]
    },
    {
      "file_path": "/media/NFS/ttao/scannet/posed_images/scene0092_04/00345.jpg",
      "transform_matrix": [
        [
          -0.510623,
          -0.456519,
          0.728598,
          3.535879
        ],
        [
          -0.858888,
          0.309948,
          -0.407729,
          2.820244
        ],
        [
          -0.039692,
          -0.83398,
          -0.550366,
          1.254755
        ],
        [
          0.0,
          0.0,
          0.0,
          1.0
        ]
      ]
    },
    {
      "file_path": "/media/NFS/ttao/scannet/posed_images/scene0092_04/00358.jpg",
      "transform_matrix": [
        [
          -0.78055,
          -0.283268,
          0.557226,
          3.573069
        ],
        [
          -0.623935,
          0.407298,
          -0.666943,
          2.996158
        ],
        [
          -0.038033,
          -0.868256,
          -0.494657,
          1.278774
        ],
        [
          0.0,
          0.0,
          0.0,
          1.0
        ]
      ]
    },
    {
      "file_path": "/media/NFS/ttao/scannet/posed_images/scene0092_04/00371.jpg",
      "transform_matrix": [
        [
          -0.931135,
          -0.11133,
          0.347266,
          3.552019
        ],
        [
          -0.363341,
          0.364624,
          -0.857341,
          3.131521
        ],
        [
          -0.031174,
          -0.924476,
          -0.379965,
          1.336604
        ],
        [
          0.0,
          0.0,
          0.0,
          1.0
        ]
      ]
    },
    {
      "file_path": "/media/NFS/ttao/scannet/posed_images/scene0092_04/00380.jpg",
      "transform_matrix": [
        [
          -0.958092,
          -0.045914,
          0.282756,
          3.497089
        ],
        [
          -0.2831,
          0.30248,
          -0.910143,
          3.204876
        ],
        [
          -0.04374,
          -0.952049,
          -0.302802,
          1.356022
        ],
        [
          0.0,
          0.0,
          0.0,
          1.0
        ]
      ]
    },
    {
      "file_path": "/media/NFS/ttao/scannet/posed_images/scene0092_04/00390.jpg",
      "transform_matrix": [
        [
          -0.980744,
          -0.00699,
          0.195174,
          3.465465
        ],
        [
          -0.189904,
          0.267426,
          -0.94468,
          3.313485
        ],
        [
          -0.045592,
          -0.963553,
          -0.263604,
          1.378178
        ],
        [
          0.0,
          0.0,
          0.0,
          1.0
        ]
      ]
    },
    {
      "file_path": "/media/NFS/ttao/scannet/posed_images/scene0092_04/00406.jpg",
      "transform_matrix": [
        [
          -0.999698,
          0.01601,
          0.018653,
          3.52509
        ],
        [
          -0.01519,
          0.194264,
          -0.980832,
          3.360657
        ],
        [
          -0.019327,
          -0.980819,
          -0.193962,
          1.388163
        ],
        [
          0.0,
          0.0,
          0.0,
          1.0
        ]
      ]
    },
    {
      "file_path": "/media/NFS/ttao/scannet/posed_images/scene0092_04/00415.jpg",
      "transform_matrix": [
        [
          -0.98227,
          0.032334,
          -0.184663,
          3.485669
        ],
        [
          0.187472,
          0.172846,
          -0.966943,
          3.311197
        ],
        [
          0.000653,
          -0.984418,
          -0.175843,
          1.395452
        ],
        [
          0.0,
          0.0,
          0.0,
          1.0
        ]
      ]
    },
    {
      "file_path": "/media/NFS/ttao/scannet/posed_images/scene0092_04/00425.jpg",
      "transform_matrix": [
        [
          -0.968011,
          0.037232,
          -0.248129,
          3.380894
        ],
        [
          0.250198,
          0.21755,
          -0.943437,
          3.217849
        ],
        [
          0.018855,
          -0.975339,
          -0.219906,
          1.391242
        ],
        [
          0.0,
          0.0,
          0.0,
          1.0
        ]
      ]
    },
    {
      "file_path": "/media/NFS/ttao/scannet/posed_images/scene0092_04/00434.jpg",
      "transform_matrix": [
        [
          -0.959003,
          0.028463,
          -0.281962,
          3.298479
        ],
        [
          0.279869,
          0.251568,
          -0.926491,
          3.150682
        ],
        [
          0.044562,
          -0.967421,
          -0.249221,
          1.370517
        ],
        [
          0.0,
          0.0,
          0.0,
          1.0
        ]
      ]
    },
    {
      "file_path": "/media/NFS/ttao/scannet/posed_images/scene0092_04/00440.jpg",
      "transform_matrix": [
        [
          -0.943006,
          0.030815,
          -0.331347,
          3.218782
        ],
        [
          0.326779,
          0.273941,
          -0.904529,
          3.09068
        ],
        [
          0.062897,
          -0.961253,
          -0.268397,
          1.359484
        ],
        [
          0.0,
          0.0,
          0.0,
          1.0
        ]
      ]
    },
    {
      "file_path": "/media/NFS/ttao/scannet/posed_images/scene0092_04/00460.jpg",
      "transform_matrix": [
        [
          -0.848549,
          0.03319,
          -0.528075,
          3.030551
        ],
        [
          0.525588,
          0.167942,
          -0.833998,
          2.927917
        ],
        [
          0.061005,
          -0.985238,
          -0.159951,
          1.411066
        ],
        [
          0.0,
          0.0,
          0.0,
          1.0
        ]
      ]
    },
    {
      "file_path": "/media/NFS/ttao/scannet/posed_images/scene0092_04/00466.jpg",
      "transform_matrix": [
        [
          -0.858994,
          0.005824,
          -0.511952,
          2.939
        ],
        [
          0.508879,
          0.119686,
          -0.852477,
          2.937085
        ],
        [
          0.056308,
          -0.992795,
          -0.105774,
          1.432209
        ],
        [
          0.0,
          0.0,
          0.0,
          1.0
        ]
      ]
    },
    {
      "file_path": "/media/NFS/ttao/scannet/posed_images/scene0092_04/00479.jpg",
      "transform_matrix": [
        [
          -0.907318,
          -0.047889,
          -0.417709,
          2.733719
        ],
        [
          0.413785,
          0.074433,
          -0.907327,
          2.951093
        ],
        [
          0.074542,
          -0.996075,
          -0.047719,
          1.465699
        ],
        [
          0.0,
          0.0,
          0.0,
          1.0
        ]
      ]
    },
    {
      "file_path": "/media/NFS/ttao/scannet/posed_images/scene0092_04/00485.jpg",
      "transform_matrix": [
        [
          -0.921893,
          -0.039183,
          -0.385458,
          2.614346
        ],
        [
          0.383428,
          0.050625,
          -0.922183,
          2.916625
        ],
        [
          0.055648,
          -0.997949,
          -0.031647,
          1.449773
        ],
        [
          0.0,
          0.0,
          0.0,
          1.0
        ]
      ]
    },
    {
      "file_path": "/media/NFS/ttao/scannet/posed_images/scene0092_04/00494.jpg",
      "transform_matrix": [
        [
          -0.901947,
          -0.059173,
          -0.427773,
          2.4985
        ],
        [
          0.424565,
          0.059634,
          -0.903431,
          2.834064
        ],
        [
          0.078969,
          -0.996465,
          -0.028664,
          1.463298
        ],
        [
          0.0,
          0.0,
          0.0,
          1.0
        ]
      ]
    },
    {
      "file_path": "/media/NFS/ttao/scannet/posed_images/scene0092_04/00513.jpg",
      "transform_matrix": [
        [
          -0.988141,
          -0.065274,
          -0.138983,
          2.144264
        ],
        [
          0.135359,
          0.057014,
          -0.989155,
          2.712756
        ],
        [
          0.07249,
          -0.996237,
          -0.047502,
          1.493999
        ],
        [
          0.0,
          0.0,
          0.0,
          1.0
        ]
      ]
    },
    {
      "file_path": "/media/NFS/ttao/scannet/posed_images/scene0092_04/00517.jpg",
      "transform_matrix": [
        [
          -0.990836,
          -0.055049,
          -0.123344,
          2.098319
        ],
        [
          0.119154,
          0.073829,
          -0.990127,
          2.674258
        ],
        [
          0.063612,
          -0.99575,
          -0.066593,
          1.487974
        ],
        [
          0.0,
          0.0,
          0.0,
          1.0
        ]
      ]
    },
    {
      "file_path": "/media/NFS/ttao/scannet/posed_images/scene0092_04/00529.jpg",
      "transform_matrix": [
        [
          -0.978938,
          -0.095466,
          -0.180459,
          2.030452
        ],
        [
          0.165328,
          0.147882,
          -0.975088,
          2.471867
        ],
        [
          0.119775,
          -0.984387,
          -0.128984,
          1.459387
        ],
        [
          0.0,
          0.0,
          0.0,
          1.0
        ]
      ]
    },
    {
      "file_path": "/media/NFS/ttao/scannet/posed_images/scene0092_04/00542.jpg",
      "transform_matrix": [
        [
          -0.994242,
          -0.042382,
          -0.098418,
          1.925058
        ],
        [
          0.086014,
          0.232089,
          -0.968884,
          2.284688
        ],
        [
          0.063905,
          -0.971771,
          -0.227108,
          1.443708
        ],
        [
          0.0,
          0.0,
          0.0,
          1.0
        ]
      ]
    },
    {
      "file_path": "/media/NFS/ttao/scannet/posed_images/scene0092_04/00548.jpg",
      "transform_matrix": [
        [
          -0.990378,
          -0.024257,
          -0.136242,
          1.872142
        ],
        [
          0.126658,
          0.237736,
          -0.963037,
          2.232429
        ],
        [
          0.05575,
          -0.971027,
          -0.232376,
          1.420619
        ],
        [
          0.0,
          0.0,
          0.0,
          1.0
        ]
      ]
    },
    {
      "file_path": "/media/NFS/ttao/scannet/posed_images/scene0092_04/00564.jpg",
      "transform_matrix": [
        [
          -0.963922,
          -0.008024,
          -0.266064,
          1.912183
        ],
        [
          0.249441,
          0.321679,
          -0.913401,
          2.140575
        ],
        [
          0.092916,
          -0.946815,
          -0.308071,
          1.38163
        ],
        [
          0.0,
          0.0,
          0.0,
          1.0
        ]
      ]
    },
    {
      "file_path": "/media/NFS/ttao/scannet/posed_images/scene0092_04/00574.jpg",
      "transform_matrix": [
        [
          -0.916676,
          0.01764,
          -0.399242,
          2.030073
        ],
        [
          0.383931,
          0.316151,
          -0.867552,
          2.144445
        ],
        [
          0.110917,
          -0.948545,
          -0.29658,
          1.366452
        ],
        [
          0.0,
          0.0,
          0.0,
          1.0
        ]
      ]
    },
    {
      "file_path": "/media/NFS/ttao/scannet/posed_images/scene0092_04/00586.jpg",
      "transform_matrix": [
        [
          -0.888864,
          0.087265,
          -0.449784,
          2.088806
        ],
        [
          0.450292,
          0.347664,
          -0.822415,
          2.182498
        ],
        [
          0.084606,
          -0.933549,
          -0.348321,
          1.343838
        ],
        [
          0.0,
          0.0,
          0.0,
          1.0
        ]
      ]
    },
    {
      "file_path": "/media/NFS/ttao/scannet/posed_images/scene0092_04/00589.jpg",
      "transform_matrix": [
        [
          -0.887929,
          0.098817,
          -0.44924,
          2.083324
        ],
        [
          0.452673,
          0.361104,
          -0.815286,
          2.187276
        ],
        [
          0.081658,
          -0.927275,
          -0.365367,
          1.339102
        ],
        [
          0.0,
          0.0,
          0.0,
          1.0
        ]
      ]
    },
    {
      "file_path": "/media/NFS/ttao/scannet/posed_images/scene0092_04/00599.jpg",
      "transform_matrix": [
        [
          -0.839748,
          0.187161,
          -0.5097,
          2.065012
        ],
        [
          0.538627,
          0.405717,
          -0.738427,
          2.155953
        ],
        [
          0.068589,
          -0.894631,
          -0.44151,
          1.320459
        ],
        [
          0.0,
          0.0,
          0.0,
          1.0
        ]
      ]
    },
    {
      "file_path": "/media/NFS/ttao/scannet/posed_images/scene0092_04/00618.jpg",
      "transform_matrix": [
        [
          -0.811643,
          0.138046,
          -0.567608,
          2.060987
        ],
        [
          0.578247,
          0.327696,
          -0.747159,
          2.141126
        ],
        [
          0.08286,
          -0.934644,
          -0.345797,
          1.376908
        ],
        [
          0.0,
          0.0,
          0.0,
          1.0
        ]
      ]
    },
    {
      "file_path": "/media/NFS/ttao/scannet/posed_images/scene0092_04/00621.jpg",
      "transform_matrix": [
        [
          -0.81586,
          0.126056,
          -0.564343,
          2.070526
        ],
        [
          0.573122,
          0.305963,
          -0.76021,
          2.166015
        ],
        [
          0.076839,
          -0.943661,
          -0.321868,
          1.391325
        ],
        [
          0.0,
          0.0,
          0.0,
          1.0
        ]
      ]
    },
    {
      "file_path": "/media/NFS/ttao/scannet/posed_images/scene0092_04/00637.jpg",
      "transform_matrix": [
        [
          -0.894485,
          0.013806,
          -0.446884,
          2.125017
        ],
        [
          0.445347,
          0.115874,
          -0.887829,
          2.445252
        ],
        [
          0.039525,
          -0.993168,
          -0.109796,
          1.4836
        ],
        [
          0.0,
          0.0,
          0.0,
          1.0
        ]
      ]
    },
    {
      "file_path": "/media/NFS/ttao/scannet/posed_images/scene0092_04/00650.jpg",
      "transform_matrix": [
        [
          -0.842556,
          0.010329,
          -0.538509,
          2.24227
        ],
        [
          0.53785,
          0.06917,
          -0.840198,
          2.561287
        ],
        [
          0.02857,
          -0.997551,
          -0.063836,
          1.503186
        ],
        [
          0.0,
          0.0,
          0.0,
          1.0
        ]
      ]
    },
    {
      "file_path": "/media/NFS/ttao/scannet/posed_images/scene0092_04/00659.jpg",
      "transform_matrix": [
        [
          -0.798396,
          -0.00139,
          -0.602131,
          2.358655
        ],
        [
          0.602129,
          0.001243,
          -0.798397,
          2.627101
        ],
        [
          0.001858,
          -0.999998,
          -0.000156,
          1.491604
        ],
        [
          0.0,
          0.0,
          0.0,
          1.0
        ]
      ]
    },
    {
      "file_path": "/media/NFS/ttao/scannet/posed_images/scene0092_04/00665.jpg",
      "transform_matrix": [
        [
          -0.768743,
          0.009769,
          -0.639483,
          2.441891
        ],
        [
          0.63943,
          -0.008201,
          -0.768806,
          2.665576
        ],
        [
          -0.012755,
          -0.999919,
          5.8e-05,
          1.499074
        ],
        [
          0.0,
          0.0,
          0.0,
          1.0
        ]
      ]
    },
    {
      "file_path": "/media/NFS/ttao/scannet/posed_images/scene0092_04/00681.jpg",
      "transform_matrix": [
        [
          -0.737645,
          0.106265,
          -0.666775,
          2.449223
        ],
        [
          0.674959,
          0.090281,
          -0.732311,
          2.865803
        ],
        [
          -0.017622,
          -0.990231,
          -0.13832,
          1.414074
        ],
        [
          0.0,
          0.0,
          0.0,
          1.0
        ]
      ]
    },
    {
      "file_path": "/media/NFS/ttao/scannet/posed_images/scene0092_04/00691.jpg",
      "transform_matrix": [
        [
          -0.736401,
          0.180176,
          -0.652112,
          2.48255
        ],
        [
          0.676112,
          0.161495,
          -0.718883,
          2.927068
        ],
        [
          -0.024213,
          -0.970287,
          -0.240744,
          1.369588
        ],
        [
          0.0,
          0.0,
          0.0,
          1.0
        ]
      ]
    },
    {
      "file_path": "/media/NFS/ttao/scannet/posed_images/scene0092_04/00694.jpg",
      "transform_matrix": [
        [
          -0.732025,
          0.192263,
          -0.653586,
          2.49267
        ],
        [
          0.680858,
          0.172804,
          -0.711738,
          2.933779
        ],
        [
          -0.023899,
          -0.966009,
          -0.257401,
          1.358637
        ],
        [
          0.0,
          0.0,
          0.0,
          1.0
        ]
      ]
    },
    {
      "file_path": "/media/NFS/ttao/scannet/posed_images/scene0092_04/00710.jpg",
      "transform_matrix": [
        [
          -0.670497,
          0.270834,
          -0.690712,
          2.590908
        ],
        [
          0.741908,
          0.247729,
          -0.623059,
          2.885792
        ],
        [
          0.002364,
          -0.930204,
          -0.367035,
          1.321906
        ],
        [
          0.0,
          0.0,
          0.0,
          1.0
        ]
      ]
    },
    {
      "file_path": "/media/NFS/ttao/scannet/posed_images/scene0092_04/00716.jpg",
      "transform_matrix": [
        [
          -0.667312,
          0.259027,
          -0.698283,
          2.644085
        ],
        [
          0.74471,
          0.219359,
          -0.630309,
          2.879094
        ],
        [
          -0.010093,
          -0.940631,
          -0.339281,
          1.326579
        ],
        [
          0.0,
          0.0,
          0.0,
          1.0
        ]
      ]
    },
    {
      "file_path": "/media/NFS/ttao/scannet/posed_images/scene0092_04/00729.jpg",
      "transform_matrix": [
        [
          -0.603226,
          0.233232,
          -0.762706,
          2.651352
        ],
        [
          0.797523,
          0.186809,
          -0.573637,
          2.9036
        ],
        [
          0.00869,
          -0.954309,
          -0.298696,
          1.345687
        ],
        [
          0.0,
          0.0,
          0.0,
          1.0
        ]
      ]
    },
    {
      "file_path": "/media/NFS/ttao/scannet/posed_images/scene0092_04/00745.jpg",
      "transform_matrix": [
        [
          -0.504224,
          0.274501,
          -0.818784,
          2.554064
        ],
        [
          0.862972,
          0.124803,
          -0.489595,
          2.974633
        ],
        [
          -0.032207,
          -0.953453,
          -0.299815,
          1.353918
        ],
        [
          0.0,
          0.0,
          0.0,
          1.0
        ]
      ]
    },
    {
      "file_path": "/media/NFS/ttao/scannet/posed_images/scene0092_04/00748.jpg",
      "transform_matrix": [
        [
          -0.494354,
          0.28439,
          -0.821424,
          2.545225
        ],
        [
          0.868528,
          0.12281,
          -0.480184,
          2.975648
        ],
        [
          -0.035681,
          -0.95081,
          -0.307712,
          1.351334
        ],
        [
          0.0,
          0.0,
          0.0,
          1.0
        ]
      ]
    },
    {
      "file_path": "/media/NFS/ttao/scannet/posed_images/scene0092_04/00767.jpg",
      "transform_matrix": [
        [
          -0.41297,
          0.358526,
          -0.837206,
          2.501375
        ],
        [
          0.91063,
          0.177166,
          -0.373317,
          2.964263
        ],
        [
          0.014481,
          -0.916554,
          -0.399649,
          1.330542
        ],
        [
          0.0,
          0.0,
          0.0,
          1.0
        ]
      ]
    },
    {
      "file_path": "/media/NFS/ttao/scannet/posed_images/scene0092_04/00770.jpg",
      "transform_matrix": [
        [
          -0.37913,
          0.370095,
          -0.84811,
          2.494113
        ],
        [
          0.925134,
          0.171098,
          -0.338899,
          2.951654
        ],
        [
          0.019686,
          -0.913102,
          -0.407256,
          1.336231
        ],
        [
          0.0,
          0.0,
          0.0,
          1.0
        ]
      ]
    },
    {
      "file_path": "/media/NFS/ttao/scannet/posed_images/scene0092_04/00786.jpg",
      "transform_matrix": [
        [
          -0.062493,
          0.32409,
          -0.94396,
          2.533261
        ],
        [
          0.997396,
          0.054399,
          -0.047353,
          2.831413
        ],
        [
          0.036004,
          -0.944461,
          -0.326646,
          1.353222
        ],
        [
          0.0,
          0.0,
          0.0,
          1.0
        ]
      ]
    },
    {
      "file_path": "/media/NFS/ttao/scannet/posed_images/scene0092_04/00795.jpg",
      "transform_matrix": [
        [
          0.007663,
          0.305032,
          -0.952311,
          2.581985
        ],
        [
          0.998867,
          0.042389,
          0.021615,
          2.812086
        ],
        [
          0.046961,
          -0.951398,
          -0.304362,
          1.357341
        ],
        [
          0.0,
          0.0,
          0.0,
          1.0
        ]
      ]
    },
    {
      "file_path": "/media/NFS/ttao/scannet/posed_images/scene0092_04/00808.jpg",
      "transform_matrix": [
        [
          0.079313,
          0.288496,
          -0.954191,
          2.715563
        ],
        [
          0.996768,
          -0.010686,
          0.079621,
          2.8376
        ],
        [
          0.012774,
          -0.957422,
          -0.288411,
          1.351534
        ],
        [
          0.0,
          0.0,
          0.0,
          1.0
        ]
      ]
    },
    {
      "file_path": "/media/NFS/ttao/scannet/posed_images/scene0092_04/00811.jpg",
      "transform_matrix": [
        [
          0.092234,
          0.295219,
          -0.950967,
          2.743253
        ],
        [
          0.995671,
          -0.016363,
          0.09149,
          2.845958
        ],
        [
          0.011449,
          -0.95529,
          -0.29545,
