{
  "frames": [
    {
      "file_path": "/media/NFS/ttao/scannet/posed_images/scene0399_01/00003.jpg",
      "transform_matrix": [
        [
          -0.628137,
          -0.209079,
          0.749487,
          2.270833
        ],
        [
          -0.777958,
          0.150161,
          -0.610109,
          4.589704
        ],
        [
          0.015017,
          -0.966301,
          -0.256976,
          1.410343
        ],
        [
          0.0,
          0.0,
          0.0,
          1.0
        ]
      ]
    },
    {
      "file_path": "/media/NFS/ttao/scannet/posed_images/scene0399_01/00004.jpg",
      "transform_matrix": [
        [
          -0.62778,
          -0.209805,
          0.749583,
          2.271126
        ],
        [
          -0.778232,
          0.149721,
          -0.609868,
          4.590034
        ],
        [
          0.015725,
          -0.966212,
          -0.257268,
          1.410812
        ],
        [
          0.0,
          0.0,
          0.0,
          1.0
        ]
      ]
    },
    {
      "file_path": "/media/NFS/ttao/scannet/posed_images/scene0399_01/00008.jpg",
      "transform_matrix": [
        [
          -0.621796,
          -0.207239,
          0.755263,
          2.272257
        ],
        [
          -0.783087,
          0.149709,
          -0.603624,
          4.591232
        ],
        [
          0.012024,
          -0.966768,
          -0.255374,
          1.408967
        ],
        [
          0.0,
          0.0,
          0.0,
          1.0
        ]
      ]
    },
    {
      "file_path": "/media/NFS/ttao/scannet/posed_images/scene0399_01/00011.jpg",
      "transform_matrix": [
        [
          -0.618265,
          -0.21469,
          0.75608,
          2.276355
        ],
        [
          -0.78595,
          0.175732,
          -0.592791,
          4.580873
        ],
        [
          -0.005601,
          -0.960743,
          -0.277385,
          1.425724
        ],
        [
          0.0,
          0.0,
          0.0,
          1.0
        ]
      ]
    },
    {
      "file_path": "/media/NFS/ttao/scannet/posed_images/scene0399_01/00019.jpg",
      "transform_matrix": [
        [
          -0.628954,
          -0.270784,
          0.728761,
          2.28115
        ],
        [
          -0.777043,
          0.248992,
          -0.578106,
          4.566554
        ],
        [
          -0.024914,
          -0.929881,
          -0.367016,
          1.395097
        ],
        [
          0.0,
          0.0,
          0.0,
          1.0
        ]
      ]
    },
    {
      "file_path": "/media/NFS/ttao/scannet/posed_images/scene0399_01/00020.jpg",
      "transform_matrix": [
        [
          -0.631885,
          -0.277131,
          0.723823,
          2.282998
        ],
        [
          -0.774559,
          0.259441,
          -0.576844,
          4.570048
        ],
        [
          -0.027928,
          -0.925142,
          -0.378592,
          1.383462
        ],
        [
          0.0,
          0.0,
          0.0,
          1.0
        ]
      ]
    },
    {
      "file_path": "/media/NFS/ttao/scannet/posed_images/scene0399_01/00025.jpg",
      "transform_matrix": [
        [
          -0.633948,
          -0.308341,
          0.70925,
          2.280938
        ],
        [
          -0.77247,
          0.296827,
          -0.561412,
          4.591148
        ],
        [
          -0.037418,
          -0.903781,
          -0.426357,
          1.359463
        ],
        [
          0.0,
          0.0,
          0.0,
          1.0
        ]
      ]
    },
    {
      "file_path": "/media/NFS/ttao/scannet/posed_images/scene0399_01/00029.jpg",
      "transform_matrix": [
        [
          -0.652164,
          -0.32247,
          0.686072,
          2.280775
        ],
        [
          -0.757507,
          0.312316,
          -0.573273,
          4.617196
        ],
        [
          -0.029408,
          -0.893573,
          -0.447954,
          1.35091
        ],
        [
          0.0,
          0.0,
          0.0,
          1.0
        ]
      ]
    },
    {
      "file_path": "/media/NFS/ttao/scannet/posed_images/scene0399_01/00033.jpg",
      "transform_matrix": [
        [
          -0.691386,
          -0.323019,
          0.646255,
          2.284938
        ],
        [
          -0.722398,
          0.32302,
          -0.611391,
          4.660034
        ],
        [
          -0.011262,
          -0.88956,
          -0.456679,
          1.339269
        ],
        [
          0.0,
          0.0,
          0.0,
          1.0
        ]
      ]
    },
    {
      "file_path": "/media/NFS/ttao/scannet/posed_images/scene0399_01/00040.jpg",
      "transform_matrix": [
        [
          -0.770377,
          -0.302224,
          0.561409,
          2.295731
        ],
        [
          -0.63747,
          0.382073,
          -0.669068,
          4.76513
        ],
        [
          -0.012291,
          -0.873316,
          -0.486999,
          1.319378
        ],
        [
          0.0,
          0.0,
          0.0,
          1.0
        ]
      ]
    },
    {
      "file_path": "/media/NFS/ttao/scannet/posed_images/scene0399_01/00042.jpg",
      "transform_matrix": [
        [
          -0.788349,
          -0.291637,
          0.541713,
          2.299838
        ],
        [
          -0.615155,
          0.387265,
          -0.686739,
          4.798193
        ],
        [
          -0.009508,
          -0.874628,
          -0.484702,
          1.316668
        ],
        [
          0.0,
          0.0,
          0.0,
          1.0
        ]
      ]
    },
    {
      "file_path": "/media/NFS/ttao/scannet/posed_images/scene0399_01/00048.jpg",
      "transform_matrix": [
        [
          -0.824332,
          -0.285727,
          0.48871,
          2.30918
        ],
        [
          -0.566108,
          0.415738,
          -0.711818,
          4.871435
        ],
        [
          0.000211,
          -0.863436,
          -0.504458,
          1.321519
        ],
        [
          0.0,
          0.0,
          0.0,
          1.0
        ]
      ]
    },
    {
      "file_path": "/media/NFS/ttao/scannet/posed_images/scene0399_01/00050.jpg",
      "transform_matrix": [
        [
          -0.831226,
          -0.279801,
          0.48039,
          2.310064
        ],
        [
          -0.555926,
          0.413368,
          -0.721161,
          4.890211
        ],
        [
          0.003204,
          -0.866509,
          -0.499151,
          1.319638
        ],
        [
          0.0,
          0.0,
          0.0,
          1.0
        ]
      ]
    },
    {
      "file_path": "/media/NFS/ttao/scannet/posed_images/scene0399_01/00054.jpg",
      "transform_matrix": [
        [
          -0.840072,
          -0.276034,
          0.466994,
          2.310403
        ],
        [
          -0.542356,
          0.409418,
          -0.733639,
          4.925157
        ],
        [
          0.011313,
          -0.869587,
          -0.49365,
          1.313835
        ],
        [
          0.0,
          0.0,
          0.0,
          1.0
        ]
      ]
    },
    {
      "file_path": "/media/NFS/ttao/scannet/posed_images/scene0399_01/00059.jpg",
      "transform_matrix": [
        [
          -0.861087,
          -0.262707,
          0.435332,
          2.306188
        ],
        [
          -0.508458,
          0.444832,
          -0.737289,
          4.960577
        ],
        [
          4.2e-05,
          -0.856218,
          -0.516614,
          1.303539
        ],
        [
          0.0,
          0.0,
          0.0,
          1.0
        ]
      ]
    },
    {
      "file_path": "/media/NFS/ttao/scannet/posed_images/scene0399_01/00066.jpg",
      "transform_matrix": [
        [
          -0.899181,
          -0.239532,
          0.366195,
          2.301808
        ],
        [
          -0.437359,
          0.46552,
          -0.769421,
          5.029304
        ],
        [
          0.01383,
          -0.852007,
          -0.523348,
          1.292637
        ],
        [
          0.0,
          0.0,
          0.0,
          1.0
        ]
      ]
    },
    {
      "file_path": "/media/NFS/ttao/scannet/posed_images/scene0399_01/00069.jpg",
      "transform_matrix": [
        [
          -0.911575,
          -0.217943,
          0.348613,
          2.296288
        ],
        [
          -0.410989,
          0.46059,
          -0.78673,
          5.0624
        ],
        [
          0.010895,
          -0.86044,
          -0.509435,
          1.289279
        ],
        [
          0.0,
          0.0,
          0.0,
          1.0
        ]
      ]
    },
    {
      "file_path": "/media/NFS/ttao/scannet/posed_images/scene0399_01/00072.jpg",
      "transform_matrix": [
        [
          -0.922799,
          -0.207399,
          0.324697,
          2.291694
        ],
        [
          -0.385058,
          0.467734,
          -0.795584,
          5.083647
        ],
        [
          0.013132,
          -0.859192,
          -0.511485,
          1.294142
        ],
        [
          0.0,
          0.0,
          0.0,
          1.0
        ]
      ]
    },
    {
      "file_path": "/media/NFS/ttao/scannet/posed_images/scene0399_01/00076.jpg",
      "transform_matrix": [
        [
          -0.935364,
          -0.18338,
          0.302433,
          2.286729
        ],
        [
          -0.353617,
          0.46796,
          -0.809919,
          5.111898
        ],
        [
          0.006996,
          -0.864514,
          -0.502559,
          1.30179
        ],
        [
          0.0,
          0.0,
          0.0,
          1.0
        ]
      ]
    },
    {
      "file_path": "/media/NFS/ttao/scannet/posed_images/scene0399_01/00082.jpg",
      "transform_matrix": [
        [
          -0.953831,
          -0.137623,
          0.266957,
          2.281694
        ],
        [
          -0.300097,
          0.472672,
          -0.828567,
          5.134953
        ],
        [
          -0.012153,
          -0.870426,
          -0.492149,
          1.317551
        ],
        [
          0.0,
          0.0,
          0.0,
          1.0
        ]
      ]
    },
    {
      "file_path": "/media/NFS/ttao/scannet/posed_images/scene0399_01/00083.jpg",
      "transform_matrix": [
        [
          -0.956423,
          -0.132179,
          0.260351,
          2.284833
        ],
        [
          -0.291661,
          0.474382,
          -0.8306,
          5.138489
        ],
        [
          -0.013718,
          -0.870339,
          -0.492262,
          1.318742
        ],
        [
          0.0,
          0.0,
          0.0,
          1.0
        ]
      ]
    },
    {
      "file_path": "/media/NFS/ttao/scannet/posed_images/scene0399_01/00088.jpg",
      "transform_matrix": [
        [
          -0.970492,
          -0.10157,
          0.218698,
          2.2944
        ],
        [
          -0.240372,
          0.479524,
          -0.843966,
          5.149121
        ],
        [
          -0.01915,
          -0.871631,
          -0.489789,
          1.321311
        ],
        [
          0.0,
          0.0,
          0.0,
          1.0
        ]
      ]
    },
    {
      "file_path": "/media/NFS/ttao/scannet/posed_images/scene0399_01/00094.jpg",
      "transform_matrix": [
        [
          -0.984402,
          -0.06252,
          0.164449,
          2.316565
        ],
        [
          -0.174294,
          0.473831,
          -0.863195,
          5.15151
        ],
        [
          -0.023954,
          -0.878393,
          -0.477337,
          1.32502
        ],
        [
          0.0,
          0.0,
          0.0,
          1.0
        ]
      ]
    },
    {
      "file_path": "/media/NFS/ttao/scannet/posed_images/scene0399_01/00096.jpg",
      "transform_matrix": [
        [
          -0.990211,
          -0.045996,
          0.131785,
          2.339712
        ],
        [
          -0.137664,
          0.477762,
          -0.867636,
          5.150939
        ],
        [
          -0.023054,
          -0.877284,
          -0.479417,
          1.332301
        ],
        [
          0.0,
          0.0,
          0.0,
          1.0
        ]
      ]
    },
    {
      "file_path": "/media/NFS/ttao/scannet/posed_images/scene0399_01/00100.jpg",
      "transform_matrix": [
        [
          -0.996611,
          -0.017623,
          0.080352,
          2.368984
        ],
        [
          -0.079412,
          0.460986,
          -0.883847,
          5.144391
        ],
        [
          -0.021465,
          -0.887232,
          -0.460823,
          1.343539
        ],
        [
          0.0,
          0.0,
          0.0,
          1.0
        ]
      ]
    },
    {
      "file_path": "/media/NFS/ttao/scannet/posed_images/scene0399_01/00105.jpg",
      "transform_matrix": [
        [
          -0.999509,
          0.027755,
          -0.014508,
          2.443282
        ],
        [
          0.024917,
          0.424071,
          -0.905286,
          5.148487
        ],
        [
          -0.018974,
          -0.905204,
          -0.424554,
          1.335275
        ],
        [
          0.0,
          0.0,
          0.0,
          1.0
        ]
      ]
    },
    {
      "file_path": "/media/NFS/ttao/scannet/posed_images/scene0399_01/00111.jpg",
      "transform_matrix": [
        [
          -0.996647,
          0.051065,
          -0.063935,
          2.479146
        ],
        [
          0.079544,
          0.42141,
          -0.903375,
          5.135413
        ],
        [
          -0.019188,
          -0.905432,
          -0.424058,
          1.328176
        ],
        [
          0.0,
          0.0,
          0.0,
          1.0
        ]
      ]
    },
    {
      "file_path": "/media/NFS/ttao/scannet/posed_images/scene0399_01/00115.jpg",
      "transform_matrix": [
        [
          -0.992762,
          0.056174,
          -0.106148,
          2.507858
        ],
        [
          0.119893,
          0.412221,
          -0.903161,
          5.116989
        ],
        [
          -0.006977,
          -0.90935,
          -0.415973,
          1.322731
        ],
        [
          0.0,
          0.0,
          0.0,
          1.0
        ]
      ]
    },
    {
      "file_path": "/media/NFS/ttao/scannet/posed_images/scene0399_01/00117.jpg",
      "transform_matrix": [
        [
          -0.99046,
          0.058819,
          -0.124619,
          2.521279
        ],
        [
          0.137793,
          0.411693,
          -0.900845,
          5.104754
        ],
        [
          -0.001682,
          -0.909423,
          -0.41587,
          1.316705
        ],
        [
          0.0,
          0.0,
          0.0,
          1.0
        ]
      ]
    },
    {
      "file_path": "/media/NFS/ttao/scannet/posed_images/scene0399_01/00122.jpg",
      "transform_matrix": [
        [
          -0.984743,
          0.077462,
          -0.155821,
          2.534069
        ],
        [
          0.173938,
          0.411948,
          -0.894452,
          5.066084
        ],
        [
          -0.005096,
          -0.907909,
          -0.419137,
          1.300089
        ],
        [
          0.0,
          0.0,
          0.0,
          1.0
        ]
      ]
    },
    {
      "file_path": "/media/NFS/ttao/scannet/posed_images/scene0399_01/00125.jpg",
      "transform_matrix": [
        [
          -0.978625,
          0.100875,
          -0.179213,
          2.550182
        ],
        [
          0.205022,
          0.410363,
          -0.888577,
          5.035938
        ],
        [
          -0.016093,
          -0.906326,
          -0.422273,
          1.288537
        ],
        [
          0.0,
          0.0,
          0.0,
          1.0
        ]
      ]
    },
    {
      "file_path": "/media/NFS/ttao/scannet/posed_images/scene0399_01/00132.jpg",
      "transform_matrix": [
        [
          -0.954268,
          0.160821,
          -0.252009,
          2.579781
        ],
        [
          0.297545,
          0.429261,
          -0.852762,
          4.942402
        ],
        [
          -0.028964,
          -0.888747,
          -0.457482,
          1.294521
        ],
        [
          0.0,
          0.0,
          0.0,
          1.0
        ]
      ]
    },
    {
      "file_path": "/media/NFS/ttao/scannet/posed_images/scene0399_01/00135.jpg",
      "transform_matrix": [
        [
          -0.945081,
          0.166799,
          -0.281069,
          2.599493
        ],
        [
          0.326121,
          0.424435,
          -0.844689,
          4.911216
        ],
        [
          -0.021598,
          -0.889962,
          -0.455522,
          1.298882
        ],
        [
          0.0,
          0.0,
          0.0,
          1.0
        ]
      ]
    },
    {
      "file_path": "/media/NFS/ttao/scannet/posed_images/scene0399_01/00139.jpg",
      "transform_matrix": [
        [
          -0.928174,
          0.176676,
          -0.327535,
          2.627668
        ],
        [
          0.37213,
          0.432134,
          -0.82145,
          4.871037
        ],
        [
          -0.003592,
          -0.884334,
          -0.466842,
          1.301857
        ],
        [
          0.0,
          0.0,
          0.0,
          1.0
        ]
      ]
    },
    {
      "file_path": "/media/NFS/ttao/scannet/posed_images/scene0399_01/00145.jpg",
      "transform_matrix": [
        [
          -0.905757,
          0.190359,
          -0.37864,
          2.679382
        ],
        [
          0.423794,
          0.410747,
          -0.807271,
          4.830243
        ],
        [
          0.001854,
          -0.891656,
          -0.452709,
          1.302773
        ],
        [
          0.0,
          0.0,
          0.0,
          1.0
        ]
      ]
    },
    {
      "file_path": "/media/NFS/ttao/scannet/posed_images/scene0399_01/00149.jpg",
      "transform_matrix": [
        [
          -0.894544,
          0.207081,
          -0.396117,
          2.731208
        ],
        [
          0.446544,
          0.374894,
          -0.812436,
          4.806762
        ],
        [
          -0.019738,
          -0.903644,
          -0.42783,
          1.305513
        ],
        [
          0.0,
          0.0,
          0.0,
          1.0
        ]
      ]
    },
    {
      "file_path": "/media/NFS/ttao/scannet/posed_images/scene0399_01/00150.jpg",
      "transform_matrix": [
        [
          -0.890017,
          0.21239,
          -0.403435,
          2.745664
        ],
        [
          0.455273,
          0.366624,
          -0.811365,
          4.803173
        ],
        [
          -0.024417,
          -0.905802,
          -0.422997,
          1.305665
        ],
        [
          0.0,
          0.0,
          0.0,
          1.0
        ]
      ]
    },
    {
      "file_path": "/media/NFS/ttao/scannet/posed_images/scene0399_01/00156.jpg",
      "transform_matrix": [
        [
          -0.859553,
          0.251067,
          -0.445122,
          2.827259
        ],
        [
          0.508266,
          0.329245,
          -0.795779,
          4.776809
        ],
        [
          -0.053239,
          -0.910254,
          -0.410613,
          1.312034
        ],
        [
          0.0,
          0.0,
          0.0,
          1.0
        ]
      ]
    },
    {
      "file_path": "/media/NFS/ttao/scannet/posed_images/scene0399_01/00160.jpg",
      "transform_matrix": [
        [
          -0.835264,
          0.267574,
          -0.480352,
          2.869429
        ],
        [
          0.547339,
          0.321245,
          -0.772801,
          4.766243
        ],
        [
          -0.052471,
          -0.908408,
          -0.414778,
          1.311893
        ],
        [
          0.0,
          0.0,
          0.0,
          1.0
        ]
      ]
    },
    {
      "file_path": "/media/NFS/ttao/scannet/posed_images/scene0399_01/00164.jpg",
      "transform_matrix": [
        [
          -0.815323,
          0.264593,
          -0.515014,
          2.902545
        ],
        [
          0.577718,
          0.312442,
          -0.754071,
          4.766613
        ],
        [
          -0.03861,
          -0.912344,
          -0.407601,
          1.314017
        ],
        [
          0.0,
          0.0,
          0.0,
          1.0
        ]
      ]
    },
    {
      "file_path": "/media/NFS/ttao/scannet/posed_images/scene0399_01/00170.jpg",
      "transform_matrix": [
        [
          -0.800472,
          0.270863,
          -0.534675,
          2.953403
        ],
        [
          0.598633,
          0.317071,
          -0.735599,
          4.7844
        ],
        [
          -0.029716,
          -0.9089,
          -0.415954,
          1.294188
        ],
        [
          0.0,
          0.0,
          0.0,
          1.0
        ]
      ]
    },
    {
      "file_path": "/media/NFS/ttao/scannet/posed_images/scene0399_01/00171.jpg",
      "transform_matrix": [
        [
          -0.797797,
          0.274372,
          -0.53688,
          2.964168
        ],
        [
          0.602131,
          0.316858,
          -0.73283,
          4.785501
        ],
        [
          -0.030953,
          -0.907921,
          -0.417996,
          1.291578
        ],
        [
          0.0,
          0.0,
          0.0,
          1.0
        ]
      ]
    },
    {
      "file_path": "/media/NFS/ttao/scannet/posed_images/scene0399_01/00178.jpg",
      "transform_matrix": [
        [
          -0.794134,
          0.281626,
          -0.538552,
          3.046072
        ],
        [
          0.607161,
          0.328877,
          -0.723323,
          4.821436
        ],
        [
          -0.026589,
          -0.901403,
          -0.432164,
          1.283704
        ],
        [
          0.0,
          0.0,
          0.0,
          1.0
        ]
      ]
    },
    {
      "file_path": "/media/NFS/ttao/scannet/posed_images/scene0399_01/00181.jpg",
      "transform_matrix": [
        [
          -0.790821,
          0.289085,
          -0.539475,
          3.080185
        ],
        [
          0.610711,
          0.314477,
          -0.72673,
          4.840697
        ],
        [
          -0.040434,
          -0.904176,
          -0.425243,
          1.286341
        ],
        [
          0.0,
          0.0,
          0.0,
          1.0
        ]
      ]
    },
    {
      "file_path": "/media/NFS/ttao/scannet/posed_images/scene0399_01/00186.jpg",
      "transform_matrix": [
        [
          -0.778774,
          0.324699,
          -0.536733,
          3.12695
        ],
        [
          0.623898,
          0.311866,
          -0.716583,
          4.871742
        ],
        [
          -0.065285,
          -0.892922,
          -0.445452,
          1.28822
        ],
        [
          0.0,
          0.0,
          0.0,
          1.0
        ]
      ]
    },
    {
      "file_path": "/media/NFS/ttao/scannet/posed_images/scene0399_01/00188.jpg",
      "transform_matrix": [
        [
          -0.769126,
          0.334696,
          -0.544448,
          3.148875
        ],
        [
          0.634991,
          0.303794,
          -0.710279,
          4.874558
        ],
        [
          -0.072327,
          -0.892013,
          -0.446185,
          1.29529
        ],
        [
          0.0,
          0.0,
          0.0,
          1.0
        ]
      ]
    },
    {
      "file_path": "/media/NFS/ttao/scannet/posed_images/scene0399_01/00194.jpg",
      "transform_matrix": [
        [
          -0.745711,
          0.331745,
          -0.577806,
          3.193599
        ],
        [
          0.661597,
          0.266167,
          -0.701032,
          4.897208
        ],
        [
          -0.078771,
          -0.905042,
          -0.417964,
          1.30413
        ],
        [
          0.0,
          0.0,
          0.0,
          1.0
        ]
      ]
    },
    {
      "file_path": "/media/NFS/ttao/scannet/posed_images/scene0399_01/00197.jpg",
      "transform_matrix": [
        [
          -0.721328,
          0.333909,
          -0.606788,
          3.214541
        ],
        [
          0.689187,
          0.259254,
          -0.676616,
          4.896026
        ],
        [
          -0.068616,
          -0.906252,
          -0.417132,
          1.305856
        ],
        [
          0.0,
          0.0,
          0.0,
          1.0
        ]
      ]
    },
    {
      "file_path": "/media/NFS/ttao/scannet/posed_images/scene0399_01/00200.jpg",
      "transform_matrix": [
        [
          -0.684511,
          0.339371,
          -0.645192,
          3.239072
        ],
        [
          0.726508,
          0.244406,
          -0.642225,
          4.894969
        ],
        [
          -0.060264,
          -0.908346,
          -0.413854,
          1.292581
        ],
        [
          0.0,
          0.0,
          0.0,
          1.0
        ]
      ]
    },
    {
      "file_path": "/media/NFS/ttao/scannet/posed_images/scene0399_01/00205.jpg",
      "transform_matrix": [
        [
          -0.611305,
          0.363504,
          -0.702973,
          3.28326
        ],
        [
          0.789582,
          0.220055,
          -0.572831,
          4.864526
        ],
        [
          -0.053534,
          -0.90523,
          -0.421537,
          1.300442
        ],
        [
          0.0,
          0.0,
          0.0,
          1.0
        ]
      ]
    },
    {
      "file_path": "/media/NFS/ttao/scannet/posed_images/scene0399_01/00209.jpg",
      "transform_matrix": [
        [
          -0.568021,
          0.365822,
          -0.737242,
          3.316067
        ],
        [
          0.821566,
          0.198908,
          -0.53429,
          4.847699
        ],
        [
          -0.048811,
          -0.909181,
          -0.413531,
          1.303869
        ],
        [
          0.0,
          0.0,
          0.0,
          1.0
        ]
      ]
    },
    {
      "file_path": "/media/NFS/ttao/scannet/posed_images/scene0399_01/00214.jpg",
      "transform_matrix": [
        [
          -0.503949,
          0.383138,
          -0.774106,
          3.33655
        ],
        [
          0.863144,
          0.190301,
          -0.467726,
          4.838243
        ],
        [
          -0.03189,
          -0.903875,
          -0.426606,
          1.306053
        ],
        [
          0.0,
          0.0,
          0.0,
          1.0
        ]
      ]
    },
    {
      "file_path": "/media/NFS/ttao/scannet/posed_images/scene0399_01/00220.jpg",
      "transform_matrix": [
        [
          -0.459811,
          0.385799,
          -0.799833,
          3.356909
        ],
        [
          0.88743,
          0.166888,
          -0.429671,
          4.839341
        ],
        [
          -0.032284,
          -0.907363,
          -0.419106,
          1.306007
        ],
        [
          0.0,
          0.0,
          0.0,
          1.0
        ]
      ]
    },
    {
      "file_path": "/media/NFS/ttao/scannet/posed_images/scene0399_01/00224.jpg",
      "transform_matrix": [
        [
          -0.443647,
          0.389455,
          -0.807157,
          3.367282
        ],
        [
          0.895033,
          0.146551,
          -0.421236,
          4.849821
        ],
        [
          -0.045763,
          -0.909312,
          -0.413592,
          1.304849
        ],
        [
          0.0,
          0.0,
          0.0,
          1.0
        ]
      ]
    },
    {
      "file_path": "/media/NFS/ttao/scannet/posed_images/scene0399_01/00229.jpg",
      "transform_matrix": [
        [
          -0.42174,
          0.39995,
          -0.813741,
          3.381011
        ],
        [
          0.905184,
          0.133556,
          -0.403491,
          4.857125
        ],
        [
          -0.052696,
          -0.906754,
          -0.418355,
          1.310647
        ],
        [
          0.0,
          0.0,
          0.0,
          1.0
        ]
      ]
    },
    {
      "file_path": "/media/NFS/ttao/scannet/posed_images/scene0399_01/00232.jpg",
      "transform_matrix": [
        [
          -0.412379,
          0.398588,
          -0.819189,
          3.39188
        ],
        [
          0.909318,
          0.125273,
          -0.396796,
          4.876321
        ],
        [
          -0.055536,
          -0.908534,
          -0.414103,
          1.299937
        ],
        [
          0.0,
          0.0,
          0.0,
          1.0
        ]
      ]
    },
    {
      "file_path": "/media/NFS/ttao/scannet/posed_images/scene0399_01/00236.jpg",
      "transform_matrix": [
        [
          -0.402013,
          0.391845,
          -0.827552,
          3.405154
        ],
        [
          0.914331,
          0.123589,
          -0.385649,
          4.886455
        ],
        [
          -0.048838,
          -0.911693,
          -0.40796,
          1.306348
        ],
        [
          0.0,
          0.0,
          0.0,
          1.0
        ]
      ]
    },
    {
      "file_path": "/media/NFS/ttao/scannet/posed_images/scene0399_01/00241.jpg",
      "transform_matrix": [
        [
          -0.407206,
          0.35045,
          -0.843426,
          3.422006
        ],
        [
          0.912892,
          0.127368,
          -0.387821,
          4.908246
        ],
        [
          -0.028486,
          -0.92788,
          -0.371788,
          1.324174
        ],
        [
          0.0,
          0.0,
          0.0,
          1.0
        ]
      ]
    },
    {
      "file_path": "/media/NFS/ttao/scannet/posed_images/scene0399_01/00246.jpg",
      "transform_matrix": [
        [
          -0.427782,
          0.308069,
          -0.849762,
          3.448333
        ],
        [
          0.90342,
          0.115666,
          -0.412861,
          4.929164
        ],
        [
          -0.028902,
          -0.944306,
          -0.327796,
          1.324516
        ],
        [
          0.0,
          0.0,
          0.0,
          1.0
        ]
      ]
    },
    {
      "file_path": "/media/NFS/ttao/scannet/posed_images/scene0399_01/00249.jpg",
      "transform_matrix": [
        [
          -0.437858,
          0.291846,
          -0.850356,
          3.460312
        ],
        [
          0.898831,
          0.121494,
          -0.421121,
          4.937657
        ],
        [
          -0.01959,
          -0.948717,
          -0.315517,
          1.332344
        ],
        [
          0.0,
          0.0,
          0.0,
          1.0
        ]
      ]
    },
    {
      "file_path": "/media/NFS/ttao/scannet/posed_images/scene0399_01/00255.jpg",
      "transform_matrix": [
        [
          -0.454749,
          0.249976,
          -0.854819,
          3.481474
        ],
        [
          0.890459,
          0.109378,
          -0.441723,
          4.964529
        ],
        [
          -0.016922,
          -0.962054,
          -0.272333,
          1.333387
        ],
        [
          0.0,
          0.0,
          0.0,
          1.0
        ]
      ]
    },
    {
      "file_path": "/media/NFS/ttao/scannet/posed_images/scene0399_01/00256.jpg",
      "transform_matrix": [
        [
          -0.455193,
          0.243329,
          -0.856498,
          3.484141
        ],
        [
          0.890216,
          0.105199,
          -0.443226,
          4.966004
        ],
        [
          -0.017747,
          -0.964222,
          -0.264501,
          1.336915
        ],
        [
          0.0,
          0.0,
          0.0,
          1.0
        ]
      ]
    },
    {
      "file_path": "/media/NFS/ttao/scannet/posed_images/scene0399_01/00261.jpg",
      "transform_matrix": [
        [
          -0.46269,
          0.221244,
          -0.858469,
          3.496132
        ],
        [
          0.886385,
          0.098528,
          -0.452343,
          4.976988
        ],
        [
          -0.015495,
          -0.970228,
          -0.241695,
          1.334006
        ],
        [
          0.0,
          0.0,
          0.0,
          1.0
        ]
      ]
    },
    {
      "file_path": "/media/NFS/ttao/scannet/posed_images/scene0399_01/00267.jpg",
      "transform_matrix": [
        [
          -0.463635,
          0.22538,
          -0.856882,
          3.490837
        ],
        [
          0.88577,
          0.094607,
          -0.454381,
          4.986465
        ],
        [
          -0.021342,
          -0.969667,
          -0.243498,
          1.326376
        ],
        [
          0.0,
          0.0,
          0.0,
          1.0
        ]
      ]
    },
    {
      "file_path": "/media/NFS/ttao/scannet/posed_images/scene0399_01/00268.jpg",
      "transform_matrix": [
        [
          -0.461845,
          0.227483,
          -0.857293,
          3.488752
        ],
        [
          0.886675,
          0.093873,
          -0.452765,
          4.987472
        ],
        [
          -0.022519,
          -0.969247,
          -0.245058,
          1.326458
        ],
        [
          0.0,
          0.0,
          0.0,
          1.0
        ]
      ]
    },
    {
      "file_path": "/media/NFS/ttao/scannet/posed_images/scene0399_01/00272.jpg",
      "transform_matrix": [
        [
          -0.442125,
          0.253285,
          -0.860449,
          3.467382
        ],
        [
          0.896148,
          0.084105,
          -0.435711,
          4.987797
        ],
        [
          -0.037991,
          -0.963729,
          -0.264166,
          1.331459
        ],
        [
          0.0,
          0.0,
          0.0,
          1.0
        ]
      ]
    },
    {
      "file_path": "/media/NFS/ttao/scannet/posed_images/scene0399_01/00276.jpg",
      "transform_matrix": [
        [
          -0.41112,
          0.272484,
          -0.869904,
          3.44731
        ],
        [
          0.910435,
          0.074902,
          -0.406813,
          4.983847
        ],
        [
          -0.045692,
          -0.95924,
          -0.278873,
          1.332266
        ],
        [
          0.0,
          0.0,
          0.0,
          1.0
        ]
      ]
    },
    {
      "file_path": "/media/NFS/ttao/scannet/posed_images/scene0399_01/00284.jpg",
      "transform_matrix": [
        [
          -0.350722,
          0.305742,
          -0.885164,
          3.403846
        ],
        [
          0.934978,
          0.060807,
          -0.349456,
          4.974102
        ],
        [
          -0.053019,
          -0.950171,
          -0.307188,
          1.32265
        ],
        [
          0.0,
          0.0,
          0.0,
          1.0
        ]
      ]
    },
    {
      "file_path": "/media/NFS/ttao/scannet/posed_images/scene0399_01/00285.jpg",
      "transform_matrix": [
        [
          -0.341481,
          0.31116,
          -0.886888,
          3.399864
        ],
        [
          0.938195,
          0.056216,
          -0.341513,
          4.967319
        ],
        [
          -0.056408,
          -0.948693,
          -0.311126,
          1.32176
        ],
        [
          0.0,
          0.0,
          0.0,
          1.0
        ]
      ]
    },
    {
      "file_path": "/media/NFS/ttao/scannet/posed_images/scene0399_01/00289.jpg",
      "transform_matrix": [
        [
          -0.312868,
          0.340099,
          -0.886818,
          3.376359
        ],
        [
          0.947418,
          0.045711,
          -0.316717,
          4.956229
        ],
        [
          -0.067177,
          -0.939278,
          -0.336517,
          1.324622
        ],
        [
          0.0,
          0.0,
          0.0,
          1.0
        ]
      ]
    },
    {
      "file_path": "/media/NFS/ttao/scannet/posed_images/scene0399_01/00296.jpg",
      "transform_matrix": [
        [
          -0.252343,
          0.384183,
          -0.888103,
          3.341461
        ],
        [
          0.965135,
          0.033957,
          -0.259541,
          4.939324
        ],
        [
          -0.069554,
          -0.922632,
          -0.379357,
          1.302312
        ],
        [
          0.0,
          0.0,
          0.0,
          1.0
        ]
      ]
    },
    {
      "file_path": "/media/NFS/ttao/scannet/posed_images/scene0399_01/00300.jpg",
      "transform_matrix": [
        [
          -0.206359,
          0.405345,
          -0.890568,
          3.316737
        ],
        [
          0.975979,
          0.020285,
          -0.216917,
          4.930404
        ],
        [
          -0.069861,
          -0.913939,
          -0.399794,
          1.301868
        ],
        [
          0.0,
          0.0,
          0.0,
          1.0
        ]
      ]
    },
    {
      "file_path": "/media/NFS/ttao/scannet/posed_images/scene0399_01/00301.jpg",
      "transform_matrix": [
        [
          -0.193318,
          0.405605,
          -0.893372,
          3.312374
        ],
        [
          0.978895,
          0.018227,
          -0.203549,
          4.927892
        ],
        [
          -0.066277,
          -0.913867,
          -0.400568,
          1.299809
        ],
        [
          0.0,
          0.0,
          0.0,
          1.0
        ]
      ]
    },
    {
      "file_path": "/media/NFS/ttao/scannet/posed_images/scene0399_01/00307.jpg",
      "transform_matrix": [
        [
          -0.073933,
          0.409701,
          -0.909219,
          3.269529
        ],
        [
          0.996263,
          -0.010486,
          -0.085736,
          4.89587
        ],
        [
          -0.04466,
          -0.91216,
          -0.407395,
          1.308438
        ],
        [
          0.0,
          0.0,
          0.0,
          1.0
        ]
      ]
    },
    {
      "file_path": "/media/NFS/ttao/scannet/posed_images/scene0399_01/00310.jpg",
      "transform_matrix": [
        [
          -0.045364,
          0.413499,
          -0.909374,
          3.248464
        ],
        [
          0.998354,
          -0.013218,
          -0.055813,
          4.915048
        ],
        [
          -0.035099,
          -0.910409,
          -0.412218,
          1.307923
        ],
        [
          0.0,
          0.0,
          0.0,
          1.0
        ]
      ]
    },
    {
      "file_path": "/media/NFS/ttao/scannet/posed_images/scene0399_01/00318.jpg",
      "transform_matrix": [
        [
          0.059176,
          0.411142,
          -0.909649,
          3.186905
        ],
        [
          0.997857,
          -0.049844,
          0.042386,
          4.894841
        ],
        [
          -0.027913,
          -0.910208,
          -0.413211,
          1.309575
        ],
        [
          0.0,
          0.0,
          0.0,
          1.0
        ]
      ]
    },
    {
      "file_path": "/media/NFS/ttao/scannet/posed_images/scene0399_01/00321.jpg",
      "transform_matrix": [
        [
          0.082831,
          0.41188,
          -0.907465,
          3.162101
        ],
        [
          0.996005,
          -0.064683,
          0.061554,
          4.892356
        ],
        [
          -0.033344,
          -0.908939,
          -0.415593,
          1.31535
        ],
        [
          0.0,
          0.0,
          0.0,
          1.0
        ]
      ]
    },
    {
      "file_path": "/media/NFS/ttao/scannet/posed_images/scene0399_01/00324.jpg",
      "transform_matrix": [
        [
          0.085283,
          0.407328,
          -0.909291,
          3.133094
        ],
        [
          0.995383,
          -0.075173,
          0.059683,
          4.89482
        ],
