{
  "frames": [
    {
      "file_path": "/media/NFS/ttao/scannet/posed_images/scene0060_00/00000.jpg",
      "transform_matrix": [
        [
          -0.52463,
          -0.231347,
          0.819293,
          5.897326
        ],
        [
          -0.850589,
          0.102279,
          -0.515789,
          2.792535
        ],
        [
          0.03553,
          -0.96748,
          -0.25044,
          1.553822
        ],
        [
          0.0,
          0.0,
          0.0,
          1.0
        ]
      ]
    },
    {
      "file_path": "/media/NFS/ttao/scannet/posed_images/scene0060_00/00004.jpg",
      "transform_matrix": [
        [
          -0.531472,
          -0.2283,
          0.815731,
          5.895259
        ],
        [
          -0.846401,
          0.104685,
          -0.522156,
          2.788617
        ],
        [
          0.033813,
          -0.967947,
          -0.24887,
          1.559572
        ],
        [
          0.0,
          0.0,
          0.0,
          1.0
        ]
      ]
    },
    {
      "file_path": "/media/NFS/ttao/scannet/posed_images/scene0060_00/00009.jpg",
      "transform_matrix": [
        [
          -0.541576,
          -0.222735,
          0.810608,
          5.894893
        ],
        [
          -0.840076,
          0.107703,
          -0.53167,
          2.788883
        ],
        [
          0.031116,
          -0.968911,
          -0.245444,
          1.558074
        ],
        [
          0.0,
          0.0,
          0.0,
          1.0
        ]
      ]
    },
    {
      "file_path": "/media/NFS/ttao/scannet/posed_images/scene0060_00/00011.jpg",
      "transform_matrix": [
        [
          -0.541406,
          -0.211189,
          0.813805,
          5.890048
        ],
        [
          -0.840327,
          0.104813,
          -0.531851,
          2.789292
        ],
        [
          0.027024,
          -0.971809,
          -0.234214,
          1.552555
        ],
        [
          0.0,
          0.0,
          0.0,
          1.0
        ]
      ]
    },
    {
      "file_path": "/media/NFS/ttao/scannet/posed_images/scene0060_00/00015.jpg",
      "transform_matrix": [
        [
          -0.533884,
          -0.172457,
          0.827784,
          5.87974
        ],
        [
          -0.845,
          0.073259,
          -0.529724,
          2.792806
        ],
        [
          0.030712,
          -0.982289,
          -0.184839,
          1.567667
        ],
        [
          0.0,
          0.0,
          0.0,
          1.0
        ]
      ]
    },
    {
      "file_path": "/media/NFS/ttao/scannet/posed_images/scene0060_00/00019.jpg",
      "transform_matrix": [
        [
          -0.521912,
          -0.161967,
          0.837481,
          5.869017
        ],
        [
          -0.852024,
          0.052033,
          -0.520911,
          2.796339
        ],
        [
          0.040794,
          -0.985423,
          -0.165156,
          1.585325
        ],
        [
          0.0,
          0.0,
          0.0,
          1.0
        ]
      ]
    },
    {
      "file_path": "/media/NFS/ttao/scannet/posed_images/scene0060_00/00023.jpg",
      "transform_matrix": [
        [
          -0.508347,
          -0.168122,
          0.844582,
          5.864884
        ],
        [
          -0.860268,
          0.054719,
          -0.506897,
          2.801787
        ],
        [
          0.039006,
          -0.984246,
          -0.172447,
          1.580063
        ],
        [
          0.0,
          0.0,
          0.0,
          1.0
        ]
      ]
    },
    {
      "file_path": "/media/NFS/ttao/scannet/posed_images/scene0060_00/00028.jpg",
      "transform_matrix": [
        [
          -0.47539,
          -0.214852,
          0.853137,
          5.866741
        ],
        [
          -0.879313,
          0.084594,
          -0.468672,
          2.800245
        ],
        [
          0.028525,
          -0.972976,
          -0.229137,
          1.571198
        ],
        [
          0.0,
          0.0,
          0.0,
          1.0
        ]
      ]
    },
    {
      "file_path": "/media/NFS/ttao/scannet/posed_images/scene0060_00/00032.jpg",
      "transform_matrix": [
        [
          -0.443037,
          -0.264209,
          0.856687,
          5.87084
        ],
        [
          -0.896073,
          0.100879,
          -0.432293,
          2.784491
        ],
        [
          0.027794,
          -0.959175,
          -0.281443,
          1.544421
        ],
        [
          0.0,
          0.0,
          0.0,
          1.0
        ]
      ]
    },
    {
      "file_path": "/media/NFS/ttao/scannet/posed_images/scene0060_00/00036.jpg",
      "transform_matrix": [
        [
          -0.413386,
          -0.299524,
          0.859882,
          5.876448
        ],
        [
          -0.91018,
          0.108786,
          -0.399673,
          2.777041
        ],
        [
          0.026168,
          -0.947867,
          -0.317591,
          1.530412
        ],
        [
          0.0,
          0.0,
          0.0,
          1.0
        ]
      ]
    },
    {
      "file_path": "/media/NFS/ttao/scannet/posed_images/scene0060_00/00040.jpg",
      "transform_matrix": [
        [
          -0.378164,
          -0.327503,
          0.865872,
          5.870905
        ],
        [
          -0.925562,
          0.115485,
          -0.360553,
          2.755911
        ],
        [
          0.018087,
          -0.937766,
          -0.346796,
          1.49866
        ],
        [
          0.0,
          0.0,
          0.0,
          1.0
        ]
      ]
    },
    {
      "file_path": "/media/NFS/ttao/scannet/posed_images/scene0060_00/00044.jpg",
      "transform_matrix": [
        [
          -0.344614,
          -0.363222,
          0.865628,
          5.872616
        ],
        [
          -0.938607,
          0.117527,
          -0.324352,
          2.739419
        ],
        [
          0.016077,
          -0.92426,
          -0.381424,
          1.47363
        ],
        [
          0.0,
          0.0,
          0.0,
          1.0
        ]
      ]
    },
    {
      "file_path": "/media/NFS/ttao/scannet/posed_images/scene0060_00/00046.jpg",
      "transform_matrix": [
        [
          -0.329447,
          -0.382118,
          0.863394,
          5.881669
        ],
        [
          -0.944057,
          0.118901,
          -0.307603,
          2.731883
        ],
        [
          0.014883,
          -0.916432,
          -0.399913,
          1.459517
        ],
        [
          0.0,
          0.0,
          0.0,
          1.0
        ]
      ]
    },
    {
      "file_path": "/media/NFS/ttao/scannet/posed_images/scene0060_00/00053.jpg",
      "transform_matrix": [
        [
          -0.267587,
          -0.435917,
          0.859287,
          5.912722
        ],
        [
          -0.963459,
          0.109955,
          -0.244246,
          2.699027
        ],
        [
          0.011988,
          -0.893245,
          -0.44941,
          1.437548
        ],
        [
          0.0,
          0.0,
          0.0,
          1.0
        ]
      ]
    },
    {
      "file_path": "/media/NFS/ttao/scannet/posed_images/scene0060_00/00056.jpg",
      "transform_matrix": [
        [
          -0.234317,
          -0.421939,
          0.875821,
          5.923975
        ],
        [
          -0.971854,
          0.079042,
          -0.22193,
          2.693537
        ],
        [
          0.024414,
          -0.903172,
          -0.428584,
          1.419121
        ],
        [
          0.0,
          0.0,
          0.0,
          1.0
        ]
      ]
    },
    {
      "file_path": "/media/NFS/ttao/scannet/posed_images/scene0060_00/00061.jpg",
      "transform_matrix": [
        [
          -0.179321,
          -0.423813,
          0.887821,
          5.965948
        ],
        [
          -0.983752,
          0.069228,
          -0.16565,
          2.678938
        ],
        [
          0.008742,
          -0.9031,
          -0.429341,
          1.425588
        ],
        [
          0.0,
          0.0,
          0.0,
          1.0
        ]
      ]
    },
    {
      "file_path": "/media/NFS/ttao/scannet/posed_images/scene0060_00/00063.jpg",
      "transform_matrix": [
        [
          -0.164015,
          -0.409311,
          0.897532,
          5.978389
        ],
        [
          -0.986456,
          0.066373,
          -0.149996,
          2.672651
        ],
        [
          0.001823,
          -0.909977,
          -0.414654,
          1.427013
        ],
        [
          0.0,
          0.0,
          0.0,
          1.0
        ]
      ]
    },
    {
      "file_path": "/media/NFS/ttao/scannet/posed_images/scene0060_00/00066.jpg",
      "transform_matrix": [
        [
          -0.138254,
          -0.406175,
          0.903276,
          6.001026
        ],
        [
          -0.990318,
          0.06819,
          -0.120914,
          2.661819
        ],
        [
          -0.012483,
          -0.911247,
          -0.41167,
          1.425245
        ],
        [
          0.0,
          0.0,
          0.0,
          1.0
        ]
      ]
    },
    {
      "file_path": "/media/NFS/ttao/scannet/posed_images/scene0060_00/00074.jpg",
      "transform_matrix": [
        [
          -0.038697,
          -0.412731,
          0.91003,
          6.057561
        ],
        [
          -0.999132,
          0.030007,
          -0.028876,
          2.639462
        ],
        [
          -0.015389,
          -0.910358,
          -0.413534,
          1.428485
        ],
        [
          0.0,
          0.0,
          0.0,
          1.0
        ]
      ]
    },
    {
      "file_path": "/media/NFS/ttao/scannet/posed_images/scene0060_00/00075.jpg",
      "transform_matrix": [
        [
          -0.027767,
          -0.413012,
          0.910302,
          6.065636
        ],
        [
          -0.999458,
          0.027572,
          -0.017977,
          2.631359
        ],
        [
          -0.017675,
          -0.910308,
          -0.413553,
          1.426403
        ],
        [
          0.0,
          0.0,
          0.0,
          1.0
        ]
      ]
    },
    {
      "file_path": "/media/NFS/ttao/scannet/posed_images/scene0060_00/00080.jpg",
      "transform_matrix": [
        [
          0.044578,
          -0.421149,
          0.905895,
          6.078579
        ],
        [
          -0.998573,
          0.007919,
          0.05282,
          2.578723
        ],
        [
          -0.029419,
          -0.906957,
          -0.420195,
          1.419404
        ],
        [
          0.0,
          0.0,
          0.0,
          1.0
        ]
      ]
    },
    {
      "file_path": "/media/NFS/ttao/scannet/posed_images/scene0060_00/00084.jpg",
      "transform_matrix": [
        [
          0.113401,
          -0.427651,
          0.896803,
          6.093833
        ],
        [
          -0.993138,
          -0.022817,
          0.114702,
          2.527637
        ],
        [
          -0.02859,
          -0.903656,
          -0.427304,
          1.424607
        ],
        [
          0.0,
          0.0,
          0.0,
          1.0
        ]
      ]
    },
    {
      "file_path": "/media/NFS/ttao/scannet/posed_images/scene0060_00/00087.jpg",
      "transform_matrix": [
        [
          0.180592,
          -0.428086,
          0.88551,
          6.100296
        ],
        [
          -0.982607,
          -0.038942,
          0.181567,
          2.481658
        ],
        [
          -0.043243,
          -0.902899,
          -0.427673,
          1.404695
        ],
        [
          0.0,
          0.0,
          0.0,
          1.0
        ]
      ]
    },
    {
      "file_path": "/media/NFS/ttao/scannet/posed_images/scene0060_00/00090.jpg",
      "transform_matrix": [
        [
          0.180359,
          -0.444398,
          0.877485,
          6.039741
        ],
        [
          -0.982181,
          -0.033456,
          0.184934,
          2.566966
        ],
        [
          -0.052828,
          -0.895204,
          -0.442514,
          1.416718
        ],
        [
          0.0,
          0.0,
          0.0,
          1.0
        ]
      ]
    },
    {
      "file_path": "/media/NFS/ttao/scannet/posed_images/scene0060_00/00096.jpg",
      "transform_matrix": [
        [
          0.255319,
          -0.426987,
          0.867464,
          6.020615
        ],
        [
          -0.964481,
          -0.049621,
          0.259449,
          2.541518
        ],
        [
          -0.067737,
          -0.902896,
          -0.42449,
          1.419291
        ],
        [
          0.0,
          0.0,
          0.0,
          1.0
        ]
      ]
    },
    {
      "file_path": "/media/NFS/ttao/scannet/posed_images/scene0060_00/00100.jpg",
      "transform_matrix": [
        [
          0.301185,
          -0.423866,
          0.854181,
          5.973831
        ],
        [
          -0.952209,
          -0.085931,
          0.293109,
          2.568183
        ],
        [
          -0.050838,
          -0.901639,
          -0.42949,
          1.420932
        ],
        [
          0.0,
          0.0,
          0.0,
          1.0
        ]
      ]
    },
    {
      "file_path": "/media/NFS/ttao/scannet/posed_images/scene0060_00/00102.jpg",
      "transform_matrix": [
        [
          0.333076,
          -0.421812,
          0.843288,
          5.961365
        ],
        [
          -0.941681,
          -0.103346,
          0.320244,
          2.565426
        ],
        [
          -0.047932,
          -0.900774,
          -0.431635,
          1.426612
        ],
        [
          0.0,
          0.0,
          0.0,
          1.0
        ]
      ]
    },
    {
      "file_path": "/media/NFS/ttao/scannet/posed_images/scene0060_00/00109.jpg",
      "transform_matrix": [
        [
          0.443268,
          -0.404129,
          0.800121,
          5.890064
        ],
        [
          -0.895486,
          -0.159585,
          0.415496,
          2.550936
        ],
        [
          -0.040227,
          -0.900673,
          -0.432631,
          1.408003
        ],
        [
          0.0,
          0.0,
          0.0,
          1.0
        ]
      ]
    },
    {
      "file_path": "/media/NFS/ttao/scannet/posed_images/scene0060_00/00110.jpg",
      "transform_matrix": [
        [
          0.465706,
          -0.407803,
          0.785376,
          5.890514
        ],
        [
          -0.883963,
          -0.172689,
          0.434497,
          2.539067
        ],
        [
          -0.041563,
          -0.896591,
          -0.440905,
          1.412145
        ],
        [
          0.0,
          0.0,
          0.0,
          1.0
        ]
      ]
    },
    {
      "file_path": "/media/NFS/ttao/scannet/posed_images/scene0060_00/00116.jpg",
      "transform_matrix": [
        [
          0.586565,
          -0.388759,
          0.710499,
          5.862076
        ],
        [
          -0.807818,
          -0.217938,
          0.547661,
          2.501115
        ],
        [
          -0.058063,
          -0.895193,
          -0.441881,
          1.430344
        ],
        [
          0.0,
          0.0,
          0.0,
          1.0
        ]
      ]
    },
    {
      "file_path": "/media/NFS/ttao/scannet/posed_images/scene0060_00/00121.jpg",
      "transform_matrix": [
        [
          0.676926,
          -0.335124,
          0.655334,
          5.890683
        ],
        [
          -0.734813,
          -0.256068,
          0.628076,
          2.437017
        ],
        [
          -0.042673,
          -0.906709,
          -0.419593,
          1.453587
        ],
        [
          0.0,
          0.0,
          0.0,
          1.0
        ]
      ]
    },
    {
      "file_path": "/media/NFS/ttao/scannet/posed_images/scene0060_00/00122.jpg",
      "transform_matrix": [
        [
          0.68586,
          -0.32411,
          0.651574,
          5.894536
        ],
        [
          -0.726923,
          -0.262877,
          0.634412,
          2.427902
        ],
        [
          -0.034335,
          -0.908762,
          -0.4159,
          1.45338
        ],
        [
          0.0,
          0.0,
          0.0,
          1.0
        ]
      ]
    },
    {
      "file_path": "/media/NFS/ttao/scannet/posed_images/scene0060_00/00126.jpg",
      "transform_matrix": [
        [
          0.708608,
          -0.283292,
          0.646236,
          5.910708
        ],
        [
          -0.70542,
          -0.263603,
          0.657948,
          2.386576
        ],
        [
          -0.016042,
          -0.922095,
          -0.386631,
          1.461715
        ],
        [
          0.0,
          0.0,
          0.0,
          1.0
        ]
      ]
    },
    {
      "file_path": "/media/NFS/ttao/scannet/posed_images/scene0060_00/00133.jpg",
      "transform_matrix": [
        [
          0.747062,
          -0.24326,
          0.618646,
          5.93319
        ],
        [
          -0.66451,
          -0.248082,
          0.704898,
          2.3131
        ],
        [
          -0.017999,
          -0.937699,
          -0.346981,
          1.489627
        ],
        [
          0.0,
          0.0,
          0.0,
          1.0
        ]
      ]
    },
    {
      "file_path": "/media/NFS/ttao/scannet/posed_images/scene0060_00/00134.jpg",
      "transform_matrix": [
        [
          0.747672,
          -0.242585,
          0.618174,
          5.933423
        ],
        [
          -0.663693,
          -0.241697,
          0.70788,
          2.302335
        ],
        [
          -0.022311,
          -0.93954,
          -0.341712,
          1.486574
        ],
        [
          0.0,
          0.0,
          0.0,
          1.0
        ]
      ]
    },
    {
      "file_path": "/media/NFS/ttao/scannet/posed_images/scene0060_00/00138.jpg",
      "transform_matrix": [
        [
          0.766805,
          -0.248657,
          0.59176,
          5.934672
        ],
        [
          -0.640825,
          -0.243723,
          0.727971,
          2.264857
        ],
        [
          -0.03679,
          -0.937427,
          -0.346233,
          1.478294
        ],
        [
          0.0,
          0.0,
          0.0,
          1.0
        ]
      ]
    },
    {
      "file_path": "/media/NFS/ttao/scannet/posed_images/scene0060_00/00142.jpg",
      "transform_matrix": [
        [
          0.777996,
          -0.26489,
          0.569698,
          5.928815
        ],
        [
          -0.626204,
          -0.253467,
          0.737308,
          2.242301
        ],
        [
          -0.050905,
          -0.93037,
          -0.363072,
          1.479495
        ],
        [
          0.0,
          0.0,
          0.0,
          1.0
        ]
      ]
    },
    {
      "file_path": "/media/NFS/ttao/scannet/posed_images/scene0060_00/00146.jpg",
      "transform_matrix": [
        [
          0.794754,
          -0.26619,
          0.545443,
          5.91286
        ],
        [
          -0.604627,
          -0.268996,
          0.749712,
          2.210528
        ],
        [
          -0.052844,
          -0.925626,
          -0.374732,
          1.461178
        ],
        [
          0.0,
          0.0,
          0.0,
          1.0
        ]
      ]
    },
    {
      "file_path": "/media/NFS/ttao/scannet/posed_images/scene0060_00/00151.jpg",
      "transform_matrix": [
        [
          0.808921,
          -0.266832,
          0.523878,
          5.886877
        ],
        [
          -0.586344,
          -0.300989,
          0.752068,
          2.1716
        ],
        [
          -0.042995,
          -0.915536,
          -0.399931,
          1.438531
        ],
        [
          0.0,
          0.0,
          0.0,
          1.0
        ]
      ]
    },
    {
      "file_path": "/media/NFS/ttao/scannet/posed_images/scene0060_00/00157.jpg",
      "transform_matrix": [
        [
          0.802539,
          -0.282123,
          0.525678,
          5.870597
        ],
        [
          -0.595872,
          -0.335545,
          0.72962,
          2.12725
        ],
        [
          -0.029454,
          -0.898786,
          -0.437398,
          1.42499
        ],
        [
          0.0,
          0.0,
          0.0,
          1.0
        ]
      ]
    },
    {
      "file_path": "/media/NFS/ttao/scannet/posed_images/scene0060_00/00160.jpg",
      "transform_matrix": [
        [
          0.805169,
          -0.2823,
          0.521546,
          5.866378
        ],
        [
          -0.592726,
          -0.354181,
          0.723348,
          2.098892
        ],
        [
          -0.01948,
          -0.891551,
          -0.452502,
          1.405925
        ],
        [
          0.0,
          0.0,
          0.0,
          1.0
        ]
      ]
    },
    {
      "file_path": "/media/NFS/ttao/scannet/posed_images/scene0060_00/00161.jpg",
      "transform_matrix": [
        [
          0.806891,
          -0.28544,
          0.517156,
          5.866238
        ],
        [
          -0.590232,
          -0.354769,
          0.725096,
          2.089136
        ],
        [
          -0.023501,
          -0.890316,
          -0.454736,
          1.396467
        ],
        [
          0.0,
          0.0,
          0.0,
          1.0
        ]
      ]
    },
    {
      "file_path": "/media/NFS/ttao/scannet/posed_images/scene0060_00/00167.jpg",
      "transform_matrix": [
        [
          0.8409,
          -0.279041,
          0.463707,
          5.89082
        ],
        [
          -0.537275,
          -0.327546,
          0.777206,
          2.016869
        ],
        [
          -0.064987,
          -0.90269,
          -0.425356,
          1.399188
        ],
        [
          0.0,
          0.0,
          0.0,
          1.0
        ]
      ]
    },
    {
      "file_path": "/media/NFS/ttao/scannet/posed_images/scene0060_00/00170.jpg",
      "transform_matrix": [
        [
          0.864536,
          -0.268044,
          0.425124,
          5.923162
        ],
        [
          -0.497475,
          -0.336257,
          0.799656,
          1.965258
        ],
        [
          -0.071392,
          -0.90282,
          -0.424052,
          1.378528
        ],
        [
          0.0,
          0.0,
          0.0,
          1.0
        ]
      ]
    },
    {
      "file_path": "/media/NFS/ttao/scannet/posed_images/scene0060_00/00176.jpg",
      "transform_matrix": [
        [
          0.895057,
          -0.253383,
          0.366973,
          5.980319
        ],
        [
          -0.44115,
          -0.382654,
          0.811765,
          1.885074
        ],
        [
          -0.065264,
          -0.888467,
          -0.454277,
          1.361426
        ],
        [
          0.0,
          0.0,
          0.0,
          1.0
        ]
      ]
    },
    {
      "file_path": "/media/NFS/ttao/scannet/posed_images/scene0060_00/00177.jpg",
      "transform_matrix": [
        [
          0.89819,
          -0.253588,
          0.359094,
          5.990903
        ],
        [
          -0.434253,
          -0.384708,
          0.814508,
          1.875845
        ],
        [
          -0.068403,
          -0.887521,
          -0.455662,
          1.36491
        ],
        [
          0.0,
          0.0,
          0.0,
          1.0
        ]
      ]
    },
    {
      "file_path": "/media/NFS/ttao/scannet/posed_images/scene0060_00/00184.jpg",
      "transform_matrix": [
        [
          0.907196,
          -0.255651,
          0.334122,
          6.044131
        ],
        [
          -0.41341,
          -0.39443,
          0.820681,
          1.80358
        ],
        [
          -0.078021,
          -0.882648,
          -0.463514,
          1.368097
        ],
        [
          0.0,
          0.0,
          0.0,
          1.0
        ]
      ]
    },
    {
      "file_path": "/media/NFS/ttao/scannet/posed_images/scene0060_00/00188.jpg",
      "transform_matrix": [
        [
          0.906848,
          -0.25642,
          0.334477,
          6.050086
        ],
        [
          -0.413147,
          -0.384035,
          0.825728,
          1.777484
        ],
        [
          -0.083283,
          -0.886998,
          -0.4542,
          1.365258
        ],
        [
          0.0,
          0.0,
          0.0,
          1.0
        ]
      ]
    },
    {
      "file_path": "/media/NFS/ttao/scannet/posed_images/scene0060_00/00189.jpg",
      "transform_matrix": [
        [
          0.907116,
          -0.254921,
          0.334898,
          6.050528
        ],
        [
          -0.412512,
          -0.380602,
          0.827633,
          1.770889
        ],
        [
          -0.083518,
          -0.888908,
          -0.450408,
          1.361487
        ],
        [
          0.0,
          0.0,
          0.0,
          1.0
        ]
      ]
    },
    {
      "file_path": "/media/NFS/ttao/scannet/posed_images/scene0060_00/00193.jpg",
      "transform_matrix": [
        [
          0.914362,
          -0.256168,
          0.313559,
          6.071147
        ],
        [
          -0.394625,
          -0.390489,
          0.831739,
          1.754019
        ],
        [
          -0.090623,
          -0.884249,
          -0.458139,
          1.358427
        ],
        [
          0.0,
          0.0,
          0.0,
          1.0
        ]
      ]
    },
    {
      "file_path": "/media/NFS/ttao/scannet/posed_images/scene0060_00/00199.jpg",
      "transform_matrix": [
        [
          0.939399,
          -0.234178,
          0.250381,
          6.087526
        ],
        [
          -0.33033,
          -0.422894,
          0.843826,
          1.751771
        ],
        [
          -0.091721,
          -0.875398,
          -0.474622,
          1.355563
        ],
        [
          0.0,
          0.0,
          0.0,
          1.0
        ]
      ]
    },
    {
      "file_path": "/media/NFS/ttao/scannet/posed_images/scene0060_00/00202.jpg",
      "transform_matrix": [
        [
          0.948866,
          -0.238719,
          0.20656,
          6.098553
        ],
        [
          -0.294489,
          -0.433674,
          0.851588,
          1.744995
        ],
        [
          -0.11371,
          -0.868873,
          -0.481799,
          1.35416
        ],
        [
          0.0,
          0.0,
          0.0,
          1.0
        ]
      ]
    },
    {
      "file_path": "/media/NFS/ttao/scannet/posed_images/scene0060_00/00205.jpg",
      "transform_matrix": [
        [
          0.954712,
          -0.234223,
          0.183478,
          6.104513
        ],
        [
          -0.273923,
          -0.4512,
          0.849344,
          1.751935
        ],
        [
          -0.116151,
          -0.861138,
          -0.494925,
          1.350668
        ],
        [
          0.0,
          0.0,
          0.0,
          1.0
        ]
      ]
    },
    {
      "file_path": "/media/NFS/ttao/scannet/posed_images/scene0060_00/00210.jpg",
      "transform_matrix": [
        [
          0.964069,
          -0.207782,
          0.165521,
          6.101139
        ],
        [
          -0.242362,
          -0.432828,
          0.868286,
          1.744112
        ],
        [
          -0.108772,
          -0.877204,
          -0.467634,
          1.340079
        ],
        [
          0.0,
          0.0,
          0.0,
          1.0
        ]
      ]
    },
    {
      "file_path": "/media/NFS/ttao/scannet/posed_images/scene0060_00/00214.jpg",
      "transform_matrix": [
        [
          0.973565,
          -0.202264,
          0.106117,
          6.119112
        ],
        [
          -0.190312,
          -0.461415,
          0.866532,
          1.749426
        ],
        [
          -0.126304,
          -0.86382,
          -0.487711,
          1.332159
        ],
        [
          0.0,
          0.0,
          0.0,
          1.0
        ]
      ]
    },
    {
      "file_path": "/media/NFS/ttao/scannet/posed_images/scene0060_00/00220.jpg",
      "transform_matrix": [
        [
          0.98735,
          -0.155149,
          0.032681,
          6.151341
        ],
        [
          -0.103765,
          -0.476445,
          0.873059,
          1.749418
        ],
        [
          -0.119884,
          -0.865407,
          -0.486518,
          1.322594
        ],
        [
          0.0,
          0.0,
          0.0,
          1.0
        ]
      ]
    },
    {
      "file_path": "/media/NFS/ttao/scannet/posed_images/scene0060_00/00223.jpg",
      "transform_matrix": [
        [
          0.992671,
          -0.118072,
          0.025744,
          6.171237
        ],
        [
          -0.079213,
          -0.474862,
          0.876488,
          1.7507
        ],
        [
          -0.091264,
          -0.872104,
          -0.480734,
          1.324177
        ],
        [
          0.0,
          0.0,
          0.0,
          1.0
        ]
      ]
    },
    {
      "file_path": "/media/NFS/ttao/scannet/posed_images/scene0060_00/00226.jpg",
      "transform_matrix": [
        [
          0.99386,
          -0.110617,
          0.002428,
          6.20899
        ],
        [
          -0.055458,
          -0.479046,
          0.876036,
          1.749838
        ],
        [
          -0.095741,
          -0.870792,
          -0.48224,
          1.319378
        ],
        [
          0.0,
          0.0,
          0.0,
          1.0
        ]
      ]
    },
    {
      "file_path": "/media/NFS/ttao/scannet/posed_images/scene0060_00/00229.jpg",
      "transform_matrix": [
        [
          0.995407,
          -0.094815,
          -0.013216,
          6.226988
        ],
        [
          -0.034617,
          -0.485208,
          0.873713,
          1.746254
        ],
        [
          -0.089253,
          -0.869243,
          -0.486262,
          1.314196
        ],
        [
          0.0,
          0.0,
          0.0,
          1.0
        ]
      ]
    },
    {
      "file_path": "/media/NFS/ttao/scannet/posed_images/scene0060_00/00233.jpg",
      "transform_matrix": [
        [
          0.995672,
          -0.08508,
          -0.0374,
          6.23756
        ],
        [
          -0.009839,
          -0.496662,
          0.867889,
          1.736049
        ],
        [
          -0.092415,
          -0.863764,
          -0.495349,
          1.311545
        ],
        [
          0.0,
          0.0,
          0.0,
          1.0
        ]
      ]
    },
    {
      "file_path": "/media/NFS/ttao/scannet/posed_images/scene0060_00/00239.jpg",
      "transform_matrix": [
        [
          0.992749,
          -0.0686,
          -0.098713,
          6.267924
        ],
        [
          0.053609,
          -0.482337,
          0.874344,
          1.736292
        ],
        [
          -0.107593,
          -0.873296,
          -0.475162,
          1.315872
        ],
        [
          0.0,
          0.0,
          0.0,
          1.0
        ]
      ]
    },
    {
      "file_path": "/media/NFS/ttao/scannet/posed_images/scene0060_00/00241.jpg",
      "transform_matrix": [
        [
          0.992199,
          -0.062795,
          -0.107694,
          6.252073
        ],
        [
          0.064676,
          -0.479235,
          0.875301,
          1.726527
        ],
        [
          -0.106575,
          -0.875438,
          -0.471435,
          1.316075
        ],
        [
          0.0,
          0.0,
          0.0,
          1.0
        ]
      ]
    },
    {
      "file_path": "/media/NFS/ttao/scannet/posed_images/scene0060_00/00245.jpg",
      "transform_matrix": [
        [
          0.986983,
          -0.033769,
          -0.157239,
          6.259104
        ],
        [
          0.121585,
          -0.483287,
          0.866978,
          1.730916
        ],
        [
          -0.105268,
          -0.874811,
          -0.47289,
          1.310259
        ],
        [
          0.0,
          0.0,
          0.0,
          1.0
        ]
      ]
    },
    {
      "file_path": "/media/NFS/ttao/scannet/posed_images/scene0060_00/00248.jpg",
      "transform_matrix": [
        [
          0.980182,
          -0.009405,
          -0.197874,
          6.255902
        ],
        [
          0.16788,
          -0.490818,
          0.854935,
          1.73289
        ],
        [
          -0.105161,
          -0.871211,
          -0.479512,
          1.300978
        ],
        [
          0.0,
          0.0,
          0.0,
          1.0
        ]
      ]
    },
    {
      "file_path": "/media/NFS/ttao/scannet/posed_images/scene0060_00/00255.jpg",
      "transform_matrix": [
        [
          0.962792,
          0.041283,
          -0.267073,
          6.176953
        ],
        [
          0.24808,
          -0.52698,
          0.812865,
          1.739832
        ],
        [
          -0.107184,
          -0.848875,
          -0.517613,
          1.309887
        ],
        [
          0.0,
          0.0,
          0.0,
          1.0
        ]
      ]
    },
    {
      "file_path": "/media/NFS/ttao/scannet/posed_images/scene0060_00/00259.jpg",
      "transform_matrix": [
        [
          0.94165,
          0.083929,
          -0.325963,
          6.152926
        ],
        [
          0.321711,
          -0.509209,
          0.798254,
          1.754076
        ],
        [
          -0.098987,
          -0.856541,
          -0.506497,
          1.32258
        ],
        [
          0.0,
          0.0,
          0.0,
          1.0
        ]
      ]
    },
    {
      "file_path": "/media/NFS/ttao/scannet/posed_images/scene0060_00/00262.jpg",
      "transform_matrix": [
        [
          0.940464,
          0.09195,
          -0.32722,
          6.033173
        ],
        [
          0.32757,
          -0.50208,
          0.800384,
          1.746309
        ],
        [
          -0.090695,
          -0.859919,
          -0.502308,
          1.352419
        ],
        [
          0.0,
          0.0,
          0.0,
          1.0
        ]
      ]
    },
    {
      "file_path": "/media/NFS/ttao/scannet/posed_images/scene0060_00/00266.jpg",
      "transform_matrix": [
        [
          0.916775,
          0.128308,
          -0.378234,
          6.00194
        ],
        [
          0.39184,
          -0.472366,
          0.789514,
          1.763342
        ],
        [
          -0.077364,
          -0.872013,
          -0.48333,
          1.377324
        ],
        [
          0.0,
          0.0,
          0.0,
          1.0
        ]
      ]
    },
    {
      "file_path": "/media/NFS/ttao/scannet/posed_images/scene0060_00/00268.jpg",
      "transform_matrix": [
        [
          0.905624,
          0.138961,
          -0.400668,
          5.982424
        ],
        [
          0.41789,
          -0.453265,
          0.787349,
          1.76543
        ],
        [
          -0.072198,
          -0.880478,
          -0.468558,
          1.381233
        ],
        [
          0.0,
          0.0,
          0.0,
          1.0
        ]
      ]
    },
    {
      "file_path": "/media/NFS/ttao/scannet/posed_images/scene0060_00/00275.jpg",
      "transform_matrix": [
        [
          0.898692,
          0.12385,
          -0.42073,
          5.846271
        ],
        [
          0.433481,
          -0.396684,
          0.809157,
          1.749503
        ],
        [
          -0.066683,
          -0.909562,
          -0.410184,
          1.422221
        ],
        [
          0.0,
          0.0,
          0.0,
          1.0
        ]
      ]
    },
    {
      "file_path": "/media/NFS/ttao/scannet/posed_images/scene0060_00/00277.jpg",
      "transform_matrix": [
        [
          0.895648,
          0.11843,
          -0.428706,
          5.829152
        ],
        [
          0.43893,
          -0.390961,
          0.809005,
          1.754656
        ],
        [
          -0.071796,
          -0.912756,
          -0.402147,
          1.428771
        ],
        [
          0.0,
          0.0,
          0.0,
          1.0
        ]
      ]
    },
    {
      "file_path": "/media/NFS/ttao/scannet/posed_images/scene0060_00/00283.jpg",
      "transform_matrix": [
        [
          0.874045,
          0.120469,
          -0.470673,
          5.782084
        ],
        [
          0.481027,
          -0.350674,
          0.803518,
          1.758977
        ],
        [
          -0.068254,
          -0.928717,
          -0.364454,
          1.451957
        ],
        [
          0.0,
          0.0,
          0.0,
          1.0
        ]
      ]
    },
    {
      "file_path": "/media/NFS/ttao/scannet/posed_images/scene0060_00/00284.jpg",
      "transform_matrix": [
        [
          0.868551,
          0.124895,
          -0.479604,
          5.77872
        ],
        [
          0.491132,
          -0.346547,
          0.799183,
          1.76202
        ],
        [
          -0.066392,
          -0.929681,
          -0.362334,
          1.451418
        ],
        [
          0.0,
          0.0,
          0.0,
          1.0
        ]
      ]
    },
    {
      "file_path": "/media/NFS/ttao/scannet/posed_images/scene0060_00/00291.jpg",
      "transform_matrix": [
        [
          0.832186,
          0.162933,
          -0.530019,
          5.722197
        ],
        [
          0.550707,
          -0.354426,
          0.755714,
          1.775066
        ],
        [
          -0.064722,
          -0.92078,
          -0.384677,
          1.421234
        ],
        [
          0.0,
          0.0,
          0.0,
          1.0
        ]
      ]
    },
    {
      "file_path": "/media/NFS/ttao/scannet/posed_images/scene0060_00/00292.jpg",
      "transform_matrix": [
        [
          0.826012,
          0.169294,
          -0.537627,
          5.719006
        ],
        [
          0.560135,
          -0.35292,
          0.749464,
          1.779106
        ],
        [
          -0.06286,
          -0.92021,
          -0.386344,
          1.410781
        ],
        [
          0.0,
          0.0,
          0.0,
          1.0
        ]
      ]
    },
    {
      "file_path": "/media/NFS/ttao/scannet/posed_images/scene0060_00/00297.jpg",
      "transform_matrix": [
        [
          0.794799,
          0.203253,
          -0.571824,
          5.697171
        ],
        [
          0.603251,
          -0.367393,
          0.707892,
          1.824085
        ],
        [
          -0.066203,
          -0.907585,
          -0.414616,
          1.388839
        ],
        [
          0.0,
          0.0,
          0.0,
          1.0
        ]
      ]
    },
    {
      "file_path": "/media/NFS/ttao/scannet/posed_images/scene0060_00/00300.jpg",
      "transform_matrix": [
        [
          0.766334,
          0.239741,
          -0.596035,
          5.681129
        ],
        [
          0.63948,
          -0.373656,
          0.671898,
          1.860981
        ],
        [
          -0.06163,
          -0.89605,
          -0.439654,
          1.391739
        ],
        [
          0.0,
          0.0,
          0.0,
          1.0
        ]
      ]
    },
    {
      "file_path": "/media/NFS/ttao/scannet/posed_images/scene0060_00/00306.jpg",
      "transform_matrix": [
        [
          0.6867,
          0.272177,
          -0.674065,
          5.659464
        ],
        [
          0.724186,
          -0.336787,
          0.601772,
          1.920593
        ],
        [
          -0.063228,
          -0.901385,
