{
  "frames": [
    {
      "file_path": "/media/NFS/ttao/scannet/posed_images/scene0556_00/00002.jpg",
      "transform_matrix": [
        [
          0.983109,
          -0.060336,
          0.172792,
          4.669577
        ],
        [
          -0.173916,
          -0.602066,
          0.779275,
          4.21054
        ],
        [
          0.057014,
          -0.796164,
          -0.60239,
          1.496311
        ],
        [
          0.0,
          0.0,
          0.0,
          1.0
        ]
      ]
    },
    {
      "file_path": "/media/NFS/ttao/scannet/posed_images/scene0556_00/00009.jpg",
      "transform_matrix": [
        [
          0.987433,
          -0.058763,
          0.146706,
          4.665778
        ],
        [
          -0.152483,
          -0.5982,
          0.786706,
          4.186677
        ],
        [
          0.041531,
          -0.79919,
          -0.599643,
          1.499837
        ],
        [
          0.0,
          0.0,
          0.0,
          1.0
        ]
      ]
    },
    {
      "file_path": "/media/NFS/ttao/scannet/posed_images/scene0556_00/00016.jpg",
      "transform_matrix": [
        [
          0.990328,
          -0.059723,
          0.125233,
          4.654647
        ],
        [
          -0.136153,
          -0.591971,
          0.794375,
          4.17273
        ],
        [
          0.026692,
          -0.803743,
          -0.594377,
          1.500234
        ],
        [
          0.0,
          0.0,
          0.0,
          1.0
        ]
      ]
    },
    {
      "file_path": "/media/NFS/ttao/scannet/posed_images/scene0556_00/00028.jpg",
      "transform_matrix": [
        [
          0.998134,
          -0.008004,
          0.060538,
          4.536981
        ],
        [
          -0.05275,
          -0.612437,
          0.788758,
          4.167678
        ],
        [
          0.030763,
          -0.790479,
          -0.611716,
          1.504353
        ],
        [
          0.0,
          0.0,
          0.0,
          1.0
        ]
      ]
    },
    {
      "file_path": "/media/NFS/ttao/scannet/posed_images/scene0556_00/00035.jpg",
      "transform_matrix": [
        [
          0.998496,
          0.050252,
          0.021929,
          4.453814
        ],
        [
          0.012549,
          -0.598791,
          0.800807,
          4.168295
        ],
        [
          0.053373,
          -0.799328,
          -0.598521,
          1.493216
        ],
        [
          0.0,
          0.0,
          0.0,
          1.0
        ]
      ]
    },
    {
      "file_path": "/media/NFS/ttao/scannet/posed_images/scene0556_00/00037.jpg",
      "transform_matrix": [
        [
          0.997902,
          0.064591,
          0.00432,
          4.426945
        ],
        [
          0.035132,
          -0.596418,
          0.801905,
          4.168149
        ],
        [
          0.054373,
          -0.800071,
          -0.597436,
          1.492374
        ],
        [
          0.0,
          0.0,
          0.0,
          1.0
        ]
      ]
    },
    {
      "file_path": "/media/NFS/ttao/scannet/posed_images/scene0556_00/00044.jpg",
      "transform_matrix": [
        [
          0.9926,
          0.110262,
          -0.050865,
          4.335482
        ],
        [
          0.10724,
          -0.59951,
          0.79315,
          4.161456
        ],
        [
          0.05696,
          -0.792736,
          -0.606898,
          1.478576
        ],
        [
          0.0,
          0.0,
          0.0,
          1.0
        ]
      ]
    },
    {
      "file_path": "/media/NFS/ttao/scannet/posed_images/scene0556_00/00058.jpg",
      "transform_matrix": [
        [
          0.970143,
          0.177589,
          -0.165183,
          4.211541
        ],
        [
          0.239737,
          -0.599007,
          0.764014,
          4.173607
        ],
        [
          0.036735,
          -0.780803,
          -0.623697,
          1.463154
        ],
        [
          0.0,
          0.0,
          0.0,
          1.0
        ]
      ]
    },
    {
      "file_path": "/media/NFS/ttao/scannet/posed_images/scene0556_00/00063.jpg",
      "transform_matrix": [
        [
          0.954947,
          0.23322,
          -0.183532,
          4.168487
        ],
        [
          0.289356,
          -0.59427,
          0.75041,
          4.192067
        ],
        [
          0.065943,
          -0.769709,
          -0.634981,
          1.455592
        ],
        [
          0.0,
          0.0,
          0.0,
          1.0
        ]
      ]
    },
    {
      "file_path": "/media/NFS/ttao/scannet/posed_images/scene0556_00/00067.jpg",
      "transform_matrix": [
        [
          0.93544,
          0.278384,
          -0.21784,
          4.146751
        ],
        [
          0.344685,
          -0.581704,
          0.736759,
          4.215415
        ],
        [
          0.078383,
          -0.76428,
          -0.640104,
          1.456572
        ],
        [
          0.0,
          0.0,
          0.0,
          1.0
        ]
      ]
    },
    {
      "file_path": "/media/NFS/ttao/scannet/posed_images/scene0556_00/00077.jpg",
      "transform_matrix": [
        [
          0.844724,
          0.374179,
          -0.382664,
          4.090404
        ],
        [
          0.531397,
          -0.501276,
          0.68289,
          4.281371
        ],
        [
          0.063703,
          -0.7802,
          -0.622278,
          1.479292
        ],
        [
          0.0,
          0.0,
          0.0,
          1.0
        ]
      ]
    },
    {
      "file_path": "/media/NFS/ttao/scannet/posed_images/scene0556_00/00084.jpg",
      "transform_matrix": [
        [
          0.771474,
          0.441552,
          -0.458104,
          4.081434
        ],
        [
          0.629538,
          -0.425345,
          0.650202,
          4.331367
        ],
        [
          0.092246,
          -0.790009,
          -0.606117,
          1.483781
        ],
        [
          0.0,
          0.0,
          0.0,
          1.0
        ]
      ]
    },
    {
      "file_path": "/media/NFS/ttao/scannet/posed_images/scene0556_00/00091.jpg",
      "transform_matrix": [
        [
          0.698408,
          0.494972,
          -0.516942,
          4.053247
        ],
        [
          0.708652,
          -0.377142,
          0.596302,
          4.367976
        ],
        [
          0.100192,
          -0.782795,
          -0.614161,
          1.484166
        ],
        [
          0.0,
          0.0,
          0.0,
          1.0
        ]
      ]
    },
    {
      "file_path": "/media/NFS/ttao/scannet/posed_images/scene0556_00/00100.jpg",
      "transform_matrix": [
        [
          0.659588,
          0.485565,
          -0.573733,
          3.974946
        ],
        [
          0.747807,
          -0.347073,
          0.565973,
          4.421422
        ],
        [
          0.07569,
          -0.802351,
          -0.592034,
          1.503908
        ],
        [
          0.0,
          0.0,
          0.0,
          1.0
        ]
      ]
    },
    {
      "file_path": "/media/NFS/ttao/scannet/posed_images/scene0556_00/00109.jpg",
      "transform_matrix": [
        [
          0.642333,
          0.483275,
          -0.594856,
          3.889495
        ],
        [
          0.761762,
          -0.317073,
          0.564963,
          4.445639
        ],
        [
          0.08442,
          -0.816033,
          -0.571807,
          1.514808
        ],
        [
          0.0,
          0.0,
          0.0,
          1.0
        ]
      ]
    },
    {
      "file_path": "/media/NFS/ttao/scannet/posed_images/scene0556_00/00121.jpg",
      "transform_matrix": [
        [
          0.587999,
          0.499118,
          -0.636505,
          3.837061
        ],
        [
          0.804973,
          -0.284014,
          0.520918,
          4.4945
        ],
        [
          0.079223,
          -0.818668,
          -0.568776,
          1.53096
        ],
        [
          0.0,
          0.0,
          0.0,
          1.0
        ]
      ]
    },
    {
      "file_path": "/media/NFS/ttao/scannet/posed_images/scene0556_00/00123.jpg",
      "transform_matrix": [
        [
          0.574697,
          0.496341,
          -0.650667,
          3.838717
        ],
        [
          0.81468,
          -0.271613,
          0.512369,
          4.506523
        ],
        [
          0.07758,
          -0.824543,
          -0.560455,
          1.538389
        ],
        [
          0.0,
          0.0,
          0.0,
          1.0
        ]
      ]
    },
    {
      "file_path": "/media/NFS/ttao/scannet/posed_images/scene0556_00/00130.jpg",
      "transform_matrix": [
        [
          0.5248,
          0.454216,
          -0.719912,
          3.874478
        ],
        [
          0.848459,
          -0.210992,
          0.485386,
          4.553347
        ],
        [
          0.068574,
          -0.865546,
          -0.496112,
          1.549765
        ],
        [
          0.0,
          0.0,
          0.0,
          1.0
        ]
      ]
    },
    {
      "file_path": "/media/NFS/ttao/scannet/posed_images/scene0556_00/00144.jpg",
      "transform_matrix": [
        [
          0.380971,
          0.433817,
          -0.816495,
          3.931691
        ],
        [
          0.92122,
          -0.102805,
          0.375213,
          4.5736
        ],
        [
          0.078834,
          -0.895117,
          -0.438807,
          1.540441
        ],
        [
          0.0,
          0.0,
          0.0,
          1.0
        ]
      ]
    },
    {
      "file_path": "/media/NFS/ttao/scannet/posed_images/scene0556_00/00146.jpg",
      "transform_matrix": [
        [
          0.348339,
          0.436674,
          -0.829443,
          3.930324
        ],
        [
          0.933977,
          -0.08648,
          0.346711,
          4.570075
        ],
        [
          0.079669,
          -0.895454,
          -0.437968,
          1.548373
        ],
        [
          0.0,
          0.0,
          0.0,
          1.0
        ]
      ]
    },
    {
      "file_path": "/media/NFS/ttao/scannet/posed_images/scene0556_00/00156.jpg",
      "transform_matrix": [
        [
          0.201522,
          0.367865,
          -0.90778,
          3.934892
        ],
        [
          0.976789,
          -0.006773,
          0.214097,
          4.544412
        ],
        [
          0.072611,
          -0.929855,
          -0.360692,
          1.568617
        ],
        [
          0.0,
          0.0,
          0.0,
          1.0
        ]
      ]
    },
    {
      "file_path": "/media/NFS/ttao/scannet/posed_images/scene0556_00/00167.jpg",
      "transform_matrix": [
        [
          0.086819,
          0.278605,
          -0.956473,
          3.931374
        ],
        [
          0.994797,
          0.027118,
          0.098197,
          4.514767
        ],
        [
          0.053296,
          -0.960023,
          -0.274802,
          1.599582
        ],
        [
          0.0,
          0.0,
          0.0,
          1.0
        ]
      ]
    },
    {
      "file_path": "/media/NFS/ttao/scannet/posed_images/scene0556_00/00170.jpg",
      "transform_matrix": [
        [
          0.056896,
          0.26324,
          -0.963051,
          3.929185
        ],
        [
          0.99731,
          0.029664,
          0.067028,
          4.519588
        ],
        [
          0.046213,
          -0.964274,
          -0.260844,
          1.614924
        ],
        [
          0.0,
          0.0,
          0.0,
          1.0
        ]
      ]
    },
    {
      "file_path": "/media/NFS/ttao/scannet/posed_images/scene0556_00/00181.jpg",
      "transform_matrix": [
        [
          -0.069037,
          0.20841,
          -0.975602,
          3.923249
        ],
        [
          0.99632,
          0.064194,
          -0.05679,
          4.505504
        ],
        [
          0.050792,
          -0.975933,
          -0.212075,
          1.657816
        ],
        [
          0.0,
          0.0,
          0.0,
          1.0
        ]
      ]
    },
    {
      "file_path": "/media/NFS/ttao/scannet/posed_images/scene0556_00/00184.jpg",
      "transform_matrix": [
        [
          -0.090236,
          0.205853,
          -0.974414,
          3.920924
        ],
        [
          0.994216,
          0.075842,
          -0.076048,
          4.492787
        ],
        [
          0.058247,
          -0.97564,
          -0.211506,
          1.667649
        ],
        [
          0.0,
          0.0,
          0.0,
          1.0
        ]
      ]
    },
    {
      "file_path": "/media/NFS/ttao/scannet/posed_images/scene0556_00/00193.jpg",
      "transform_matrix": [
        [
          -0.191638,
          0.208627,
          -0.959036,
          3.926405
        ],
        [
          0.979476,
          0.102839,
          -0.173351,
          4.464453
        ],
        [
          0.062461,
          -0.972573,
          -0.224053,
          1.656145
        ],
        [
          0.0,
          0.0,
          0.0,
          1.0
        ]
      ]
    },
    {
      "file_path": "/media/NFS/ttao/scannet/posed_images/scene0556_00/00200.jpg",
      "transform_matrix": [
        [
          -0.245669,
          0.243151,
          -0.938362,
          3.92405
        ],
        [
          0.967697,
          0.11809,
          -0.222749,
          4.451774
        ],
        [
          0.05665,
          -0.962773,
          -0.264307,
          1.636248
        ],
        [
          0.0,
          0.0,
          0.0,
          1.0
        ]
      ]
    },
    {
      "file_path": "/media/NFS/ttao/scannet/posed_images/scene0556_00/00209.jpg",
      "transform_matrix": [
        [
          -0.2958,
          0.303317,
          -0.905815,
          3.9178
        ],
        [
          0.954687,
          0.126422,
          -0.269426,
          4.426489
        ],
        [
          0.032794,
          -0.944466,
          -0.326968,
          1.591163
        ],
        [
          0.0,
          0.0,
          0.0,
          1.0
        ]
      ]
    },
    {
      "file_path": "/media/NFS/ttao/scannet/posed_images/scene0556_00/00216.jpg",
      "transform_matrix": [
        [
          -0.326968,
          0.34591,
          -0.879454,
          3.894128
        ],
        [
          0.944758,
          0.142194,
          -0.295319,
          4.389037
        ],
        [
          0.022899,
          -0.927431,
          -0.373294,
          1.558469
        ],
        [
          0.0,
          0.0,
          0.0,
          1.0
        ]
      ]
    },
    {
      "file_path": "/media/NFS/ttao/scannet/posed_images/scene0556_00/00226.jpg",
      "transform_matrix": [
        [
          -0.339458,
          0.398355,
          -0.852105,
          3.850241
        ],
        [
          0.94062,
          0.142206,
          -0.308239,
          4.360225
        ],
        [
          -0.001614,
          -0.906141,
          -0.422973,
          1.513242
        ],
        [
          0.0,
          0.0,
          0.0,
          1.0
        ]
      ]
    },
    {
      "file_path": "/media/NFS/ttao/scannet/posed_images/scene0556_00/00230.jpg",
      "transform_matrix": [
        [
          -0.340733,
          0.410523,
          -0.845797,
          3.837577
        ],
        [
          0.940124,
          0.156677,
          -0.302687,
          4.352952
        ],
        [
          0.008257,
          -0.898289,
          -0.439327,
          1.505525
        ],
        [
          0.0,
          0.0,
          0.0,
          1.0
        ]
      ]
    },
    {
      "file_path": "/media/NFS/ttao/scannet/posed_images/scene0556_00/00242.jpg",
      "transform_matrix": [
        [
          -0.363533,
          0.362575,
          -0.858128,
          3.854909
        ],
        [
          0.93132,
          0.163246,
          -0.325566,
          4.37312
        ],
        [
          0.022044,
          -0.917546,
          -0.397019,
          1.520201
        ],
        [
          0.0,
          0.0,
          0.0,
          1.0
        ]
      ]
    },
    {
      "file_path": "/media/NFS/ttao/scannet/posed_images/scene0556_00/00251.jpg",
      "transform_matrix": [
        [
          -0.43126,
          0.319718,
          -0.84368,
          3.882251
        ],
        [
          0.902076,
          0.169942,
          -0.396709,
          4.407537
        ],
        [
          0.016542,
          -0.932148,
          -0.3617,
          1.536534
        ],
        [
          0.0,
          0.0,
          0.0,
          1.0
        ]
      ]
    },
    {
      "file_path": "/media/NFS/ttao/scannet/posed_images/scene0556_00/00256.jpg",
      "transform_matrix": [
        [
          -0.479806,
          0.305645,
          -0.822416,
          3.892484
        ],
        [
          0.877372,
          0.165023,
          -0.450539,
          4.430019
        ],
        [
          -0.001988,
          -0.937736,
          -0.347344,
          1.540485
        ],
        [
          0.0,
          0.0,
          0.0,
          1.0
        ]
      ]
    },
    {
      "file_path": "/media/NFS/ttao/scannet/posed_images/scene0556_00/00267.jpg",
      "transform_matrix": [
        [
          -0.557573,
          0.28402,
          -0.780029,
          3.917919
        ],
        [
          0.82989,
          0.168216,
          -0.531964,
          4.466145
        ],
        [
          -0.019875,
          -0.943947,
          -0.329498,
          1.541428
        ],
        [
          0.0,
          0.0,
          0.0,
          1.0
        ]
      ]
    },
    {
      "file_path": "/media/NFS/ttao/scannet/posed_images/scene0556_00/00274.jpg",
      "transform_matrix": [
        [
          -0.620431,
          0.283127,
          -0.731372,
          3.947741
        ],
        [
          0.784251,
          0.21934,
          -0.580379,
          4.47263
        ],
        [
          -0.003901,
          -0.933664,
          -0.358128,
          1.517105
        ],
        [
          0.0,
          0.0,
          0.0,
          1.0
        ]
      ]
    },
    {
      "file_path": "/media/NFS/ttao/scannet/posed_images/scene0556_00/00277.jpg",
      "transform_matrix": [
        [
          -0.650987,
          0.289166,
          -0.701854,
          3.956558
        ],
        [
          0.75908,
          0.252381,
          -0.600084,
          4.471902
        ],
        [
          0.003611,
          -0.923411,
          -0.383797,
          1.505062
        ],
        [
          0.0,
          0.0,
          0.0,
          1.0
        ]
      ]
    },
    {
      "file_path": "/media/NFS/ttao/scannet/posed_images/scene0556_00/00288.jpg",
      "transform_matrix": [
        [
          -0.730959,
          0.299429,
          -0.613221,
          3.991418
        ],
        [
          0.682211,
          0.342932,
          -0.645744,
          4.416951
        ],
        [
          0.016939,
          -0.890359,
          -0.454944,
          1.476014
        ],
        [
          0.0,
          0.0,
          0.0,
          1.0
        ]
      ]
    },
    {
      "file_path": "/media/NFS/ttao/scannet/posed_images/scene0556_00/00295.jpg",
      "transform_matrix": [
        [
          -0.747885,
          0.285172,
          -0.599455,
          3.995556
        ],
        [
          0.663106,
          0.363067,
          -0.654579,
          4.369947
        ],
        [
          0.030975,
          -0.887051,
          -0.460631,
          1.464064
        ],
        [
          0.0,
          0.0,
          0.0,
          1.0
        ]
      ]
    },
    {
      "file_path": "/media/NFS/ttao/scannet/posed_images/scene0556_00/00300.jpg",
      "transform_matrix": [
        [
          -0.729789,
          0.319122,
          -0.604622,
          3.985873
        ],
        [
          0.683362,
          0.367112,
          -0.631067,
          4.309084
        ],
        [
          0.020577,
          -0.873722,
          -0.48599,
          1.464572
        ],
        [
          0.0,
          0.0,
          0.0,
          1.0
        ]
      ]
    },
    {
      "file_path": "/media/NFS/ttao/scannet/posed_images/scene0556_00/00309.jpg",
      "transform_matrix": [
        [
          -0.743439,
          0.353063,
          -0.568018,
          3.959694
        ],
        [
          0.668145,
          0.354422,
          -0.654191,
          4.237697
        ],
        [
          -0.029653,
          -0.86587,
          -0.499389,
          1.444447
        ],
        [
          0.0,
          0.0,
          0.0,
          1.0
        ]
      ]
    },
    {
      "file_path": "/media/NFS/ttao/scannet/posed_images/scene0556_00/00316.jpg",
      "transform_matrix": [
        [
          -0.779717,
          0.36487,
          -0.508833,
          3.915632
        ],
        [
          0.625211,
          0.40965,
          -0.664303,
          4.193331
        ],
        [
          -0.033941,
          -0.836096,
          -0.547532,
          1.423906
        ],
        [
          0.0,
          0.0,
          0.0,
          1.0
        ]
      ]
    },
    {
      "file_path": "/media/NFS/ttao/scannet/posed_images/scene0556_00/00323.jpg",
      "transform_matrix": [
        [
          -0.844774,
          0.339527,
          -0.413617,
          3.851412
        ],
        [
          0.530226,
          0.426754,
          -0.732626,
          4.150387
        ],
        [
          -0.072234,
          -0.838214,
          -0.540537,
          1.416973
        ],
        [
          0.0,
          0.0,
          0.0,
          1.0
        ]
      ]
    },
    {
      "file_path": "/media/NFS/ttao/scannet/posed_images/scene0556_00/00337.jpg",
      "transform_matrix": [
        [
          -0.941772,
          0.245098,
          -0.230202,
          3.73665
        ],
        [
          0.329462,
          0.535712,
          -0.777476,
          4.062124
        ],
        [
          -0.067236,
          -0.808047,
          -0.585268,
          1.385957
        ],
        [
          0.0,
          0.0,
          0.0,
          1.0
        ]
      ]
    },
    {
      "file_path": "/media/NFS/ttao/scannet/posed_images/scene0556_00/00344.jpg",
      "transform_matrix": [
        [
          -0.960199,
          0.196546,
          -0.198461,
          3.712143
        ],
        [
          0.276831,
          0.575082,
          -0.769835,
          4.010441
        ],
        [
          -0.037177,
          -0.794135,
          -0.606603,
          1.388203
        ],
        [
          0.0,
          0.0,
          0.0,
          1.0
        ]
      ]
    },
    {
      "file_path": "/media/NFS/ttao/scannet/posed_images/scene0556_00/00346.jpg",
      "transform_matrix": [
        [
          -0.961232,
          0.197527,
          -0.192393,
          3.704348
        ],
        [
          0.272821,
          0.580041,
          -0.767542,
          4.004871
        ],
        [
          -0.040014,
          -0.790276,
          -0.611444,
          1.383595
        ],
        [
          0.0,
          0.0,
          0.0,
          1.0
        ]
      ]
    },
    {
      "file_path": "/media/NFS/ttao/scannet/posed_images/scene0556_00/00360.jpg",
      "transform_matrix": [
        [
          -0.995356,
          0.093202,
          -0.024081,
          3.61579
        ],
        [
          0.073828,
          0.578581,
          -0.812277,
          4.02951
        ],
        [
          -0.061773,
          -0.810283,
          -0.582775,
          1.392448
        ],
        [
          0.0,
          0.0,
          0.0,
          1.0
        ]
      ]
    },
    {
      "file_path": "/media/NFS/ttao/scannet/posed_images/scene0556_00/00363.jpg",
      "transform_matrix": [
        [
          -0.998751,
          0.045105,
          0.021498,
          3.588356
        ],
        [
          0.009005,
          0.585695,
          -0.810482,
          4.052782
        ],
        [
          -0.049148,
          -0.809276,
          -0.585369,
          1.393251
        ],
        [
          0.0,
          0.0,
          0.0,
          1.0
        ]
      ]
    },
    {
      "file_path": "/media/NFS/ttao/scannet/posed_images/scene0556_00/00372.jpg",
      "transform_matrix": [
        [
          -0.998042,
          0.008419,
          0.061971,
          3.491446
        ],
        [
          -0.045767,
          0.576996,
          -0.815463,
          4.137217
        ],
        [
          -0.042622,
          -0.816703,
          -0.575482,
          1.396357
        ],
        [
          0.0,
          0.0,
          0.0,
          1.0
        ]
      ]
    },
    {
      "file_path": "/media/NFS/ttao/scannet/posed_images/scene0556_00/00384.jpg",
      "transform_matrix": [
        [
          -0.991357,
          -0.00329,
          0.131153,
          3.427359
        ],
        [
          -0.112824,
          0.531563,
          -0.839471,
          4.233003
        ],
        [
          -0.066954,
          -0.847013,
          -0.52734,
          1.408063
        ],
        [
          0.0,
          0.0,
          0.0,
          1.0
        ]
      ]
    },
    {
      "file_path": "/media/NFS/ttao/scannet/posed_images/scene0556_00/00386.jpg",
      "transform_matrix": [
        [
          -0.991397,
          -0.01298,
          0.130249,
          3.419401
        ],
        [
          -0.117304,
          0.529619,
          -0.840086,
          4.245124
        ],
        [
          -0.058078,
          -0.848136,
          -0.526585,
          1.407012
        ],
        [
          0.0,
          0.0,
          0.0,
          1.0
        ]
      ]
    },
    {
      "file_path": "/media/NFS/ttao/scannet/posed_images/scene0556_00/00400.jpg",
      "transform_matrix": [
        [
          -0.978236,
          -0.041211,
          0.203361,
          3.411545
        ],
        [
          -0.193989,
          0.52946,
          -0.825857,
          4.31184
        ],
        [
          -0.073637,
          -0.847333,
          -0.525931,
          1.401198
        ],
        [
          0.0,
          0.0,
          0.0,
          1.0
        ]
      ]
    },
    {
      "file_path": "/media/NFS/ttao/scannet/posed_images/scene0556_00/00407.jpg",
      "transform_matrix": [
        [
          -0.958246,
          -0.061309,
          0.279294,
          3.407161
        ],
        [
          -0.271102,
          0.505385,
          -0.819201,
          4.338818
        ],
        [
          -0.090927,
          -0.860713,
          -0.500904,
          1.407369
        ],
        [
          0.0,
          0.0,
          0.0,
          1.0
        ]
      ]
    },
    {
      "file_path": "/media/NFS/ttao/scannet/posed_images/scene0556_00/00412.jpg",
      "transform_matrix": [
        [
          -0.948793,
          -0.071494,
          0.307703,
          3.412355
        ],
        [
          -0.301657,
          0.49423,
          -0.815316,
          4.350565
        ],
        [
          -0.093786,
          -0.866386,
          -0.490488,
          1.406224
        ],
        [
          0.0,
          0.0,
          0.0,
          1.0
        ]
      ]
    },
    {
      "file_path": "/media/NFS/ttao/scannet/posed_images/scene0556_00/00423.jpg",
      "transform_matrix": [
        [
          -0.920725,
          -0.08839,
          0.380069,
          3.411347
        ],
        [
          -0.372174,
          0.491626,
          -0.787267,
          4.358745
        ],
        [
          -0.117265,
          -0.866309,
          -0.485549,
          1.404911
        ],
        [
          0.0,
          0.0,
          0.0,
          1.0
        ]
      ]
    },
    {
      "file_path": "/media/NFS/ttao/scannet/posed_images/scene0556_00/00430.jpg",
      "transform_matrix": [
        [
          -0.887073,
          -0.124726,
          0.444461,
          3.428508
        ],
        [
          -0.443853,
          0.495055,
          -0.746937,
          4.354787
        ],
        [
          -0.126871,
          -0.859863,
          -0.49451,
          1.393382
        ],
        [
          0.0,
          0.0,
          0.0,
          1.0
        ]
      ]
    },
    {
      "file_path": "/media/NFS/ttao/scannet/posed_images/scene0556_00/00435.jpg",
      "transform_matrix": [
        [
          -0.86015,
          -0.14992,
          0.487511,
          3.451715
        ],
        [
          -0.491998,
          0.495877,
          -0.715573,
          4.345077
        ],
        [
          -0.134466,
          -0.855354,
          -0.500289,
          1.384192
        ],
        [
          0.0,
          0.0,
          0.0,
          1.0
        ]
      ]
    },
    {
      "file_path": "/media/NFS/ttao/scannet/posed_images/scene0556_00/00446.jpg",
      "transform_matrix": [
        [
          -0.777316,
          -0.212247,
          0.592226,
          3.512666
        ],
        [
          -0.616958,
          0.441318,
          -0.651614,
          4.298377
        ],
        [
          -0.123057,
          -0.871888,
          -0.473991,
          1.391149
        ],
        [
          0.0,
          0.0,
          0.0,
          1.0
        ]
      ]
    },
    {
      "file_path": "/media/NFS/ttao/scannet/posed_images/scene0556_00/00449.jpg",
      "transform_matrix": [
        [
          -0.74197,
          -0.230637,
          0.629513,
          3.530347
        ],
        [
          -0.661409,
          0.405346,
          -0.631056,
          4.287071
        ],
        [
          -0.109625,
          -0.884591,
          -0.4533,
          1.393191
        ],
        [
          0.0,
          0.0,
          0.0,
          1.0
        ]
      ]
    },
    {
      "file_path": "/media/NFS/ttao/scannet/posed_images/scene0556_00/00456.jpg",
      "transform_matrix": [
        [
          -0.664553,
          -0.268292,
          0.697416,
          3.575494
        ],
        [
          -0.742084,
          0.346423,
          -0.573849,
          4.269104
        ],
        [
          -0.087642,
          -0.898894,
          -0.429311,
          1.396903
        ],
        [
          0.0,
          0.0,
          0.0,
          1.0
        ]
      ]
    },
    {
      "file_path": "/media/NFS/ttao/scannet/posed_images/scene0556_00/00465.jpg",
      "transform_matrix": [
        [
          -0.559945,
          -0.301489,
          0.77173,
          3.672036
        ],
        [
          -0.825563,
          0.281786,
          -0.48892,
          4.237754
        ],
        [
          -0.070059,
          -0.910879,
          -0.406683,
          1.366289
        ],
        [
          0.0,
          0.0,
          0.0,
          1.0
        ]
      ]
    },
    {
      "file_path": "/media/NFS/ttao/scannet/posed_images/scene0556_00/00477.jpg",
      "transform_matrix": [
        [
          -0.426786,
          -0.381581,
          0.819908,
          3.825954
        ],
        [
          -0.904228,
          0.195131,
          -0.379864,
          4.124322
        ],
        [
          -0.015041,
          -0.903504,
          -0.428316,
          1.374948
        ],
        [
          0.0,
          0.0,
          0.0,
          1.0
        ]
      ]
    },
    {
      "file_path": "/media/NFS/ttao/scannet/posed_images/scene0556_00/00484.jpg",
      "transform_matrix": [
        [
          -0.373854,
          -0.393493,
          0.839879,
          3.880037
        ],
        [
          -0.926628,
          0.197443,
          -0.319964,
          4.056125
        ],
        [
          -0.039925,
          -0.897875,
          -0.438436,
          1.36597
        ],
        [
          0.0,
          0.0,
          0.0,
          1.0
        ]
      ]
    },
    {
      "file_path": "/media/NFS/ttao/scannet/posed_images/scene0556_00/00493.jpg",
      "transform_matrix": [
        [
          -0.252889,
          -0.419378,
          0.871877,
          3.934984
        ],
        [
          -0.966138,
          0.157181,
          -0.204624,
          3.945035
        ],
        [
          -0.051228,
          -0.894101,
          -0.444926,
          1.360457
        ],
        [
          0.0,
          0.0,
          0.0,
          1.0
        ]
      ]
    },
    {
      "file_path": "/media/NFS/ttao/scannet/posed_images/scene0556_00/00500.jpg",
      "transform_matrix": [
        [
          -0.106112,
          -0.427614,
          0.897712,
          3.959309
        ],
        [
          -0.993818,
          0.075261,
          -0.081622,
          3.853114
        ],
        [
          -0.03266,
          -0.900823,
          -0.432956,
          1.379306
        ],
        [
          0.0,
          0.0,
          0.0,
          1.0
        ]
      ]
    },
    {
      "file_path": "/media/NFS/ttao/scannet/posed_images/scene0556_00/00502.jpg",
      "transform_matrix": [
        [
          -0.06923,
          -0.408773,
          0.910006,
          3.958354
        ],
        [
          -0.997495,
          0.041637,
          -0.057183,
          3.841278
        ],
        [
          -0.014515,
          -0.911686,
          -0.410632,
          1.372893
        ],
        [
          0.0,
          0.0,
          0.0,
          1.0
        ]
      ]
    },
    {
      "file_path": "/media/NFS/ttao/scannet/posed_images/scene0556_00/00516.jpg",
      "transform_matrix": [
        [
          0.138203,
          -0.392264,
          0.909411,
          4.05373
        ],
        [
          -0.990029,
          -0.079984,
          0.115955,
          3.763727
        ],
        [
          0.027254,
          -0.916368,
          -0.399407,
          1.3866
        ],
        [
          0.0,
          0.0,
          0.0,
          1.0
        ]
      ]
    },
    {
      "file_path": "/media/NFS/ttao/scannet/posed_images/scene0556_00/00521.jpg",
      "transform_matrix": [
        [
          0.16767,
          -0.376077,
          0.911292,
          4.098856
        ],
        [
          -0.983943,
          -0.121209,
          0.131015,
          3.743278
        ],
        [
          0.061185,
          -0.918626,
          -0.390362,
          1.39235
        ],
        [
          0.0,
          0.0,
          0.0,
          1.0
        ]
      ]
    },
    {
      "file_path": "/media/NFS/ttao/scannet/posed_images/scene0556_00/00525.jpg",
      "transform_matrix": [
        [
          0.19049,
          -0.356041,
          0.914849,
          4.124918
        ],
        [
          -0.979545,
          -0.130496,
          0.153174,
          3.738373
        ],
        [
          0.064848,
          -0.925314,
          -0.373616,
          1.395366
        ],
        [
          0.0,
          0.0,
          0.0,
          1.0
        ]
      ]
    },
    {
      "file_path": "/media/NFS/ttao/scannet/posed_images/scene0556_00/00539.jpg",
      "transform_matrix": [
        [
          0.430269,
          -0.287649,
          0.855644,
          4.154487
        ],
        [
          -0.901393,
          -0.187913,
          0.390103,
          3.699068
        ],
        [
          0.048573,
          -0.93912,
          -0.340138,
          1.438547
        ],
        [
          0.0,
          0.0,
          0.0,
          1.0
        ]
      ]
    },
    {
      "file_path": "/media/NFS/ttao/scannet/posed_images/scene0556_00/00542.jpg",
      "transform_matrix": [
        [
          0.465644,
          -0.27458,
          0.841298,
          4.146083
        ],
        [
          -0.88397,
          -0.189553,
          0.427396,
          3.696234
        ],
        [
          0.042116,
          -0.942696,
          -0.330984,
          1.440241
        ],
        [
          0.0,
          0.0,
          0.0,
          1.0
        ]
      ]
    },
    {
      "file_path": "/media/NFS/ttao/scannet/posed_images/scene0556_00/00549.jpg",
      "transform_matrix": [
        [
          0.601883,
          -0.216323,
          0.768727,
          4.124527
        ],
        [
          -0.797882,
          -0.203242,
          0.567517,
          3.668384
        ],
        [
          0.033471,
          -0.954933,
          -0.294928,
          1.442268
        ],
        [
          0.0,
          0.0,
          0.0,
          1.0
        ]
      ]
    },
    {
      "file_path": "/media/NFS/ttao/scannet/posed_images/scene0556_00/00556.jpg",
      "transform_matrix": [
        [
          0.742438,
          -0.188266,
          0.642916,
          4.118604
        ],
        [
          -0.669743,
          -0.230327,
          0.70597,
          3.637807
        ],
        [
          0.015171,
          -0.954728,
          -0.297094,
          1.485037
        ],
        [
          0.0,
          0.0,
          0.0,
          1.0
        ]
      ]
    },
    {
      "file_path": "/media/NFS/ttao/scannet/posed_images/scene0556_00/00570.jpg",
      "transform_matrix": [
        [
          0.870915,
          -0.154121,
          0.466641,
          4.091203
        ],
        [
          -0.491326,
          -0.253147,
          0.833376,
          3.621117
        ],
        [
          -0.010312,
          -0.955072,
          -0.296194,
          1.521103
        ],
        [
          0.0,
          0.0,
          0.0,
          1.0
        ]
      ]
    },
    {
      "file_path": "/media/NFS/ttao/scannet/posed_images/scene0556_00/00572.jpg",
      "transform_matrix": [
        [
          0.880639,
          -0.157737,
          0.446759,
          4.079179
        ],
        [
          -0.47349,
          -0.259545,
          0.841691,
          3.624801
        ],
        [
          -0.016812,
          -0.952762,
          -0.303253,
          1.51235
        ],
        [
          0.0,
          0.0,
          0.0,
          1.0
        ]
      ]
    },
    {
      "file_path": "/media/NFS/ttao/scannet/posed_images/scene0556_00/00579.jpg",
      "transform_matrix": [
        [
          0.921893,
          -0.156378,
          0.354486,
          4.040301
        ],
        [
          -0.38615,
          -0.296095,
          0.873622,
          3.64462
        ],
        [
          -0.031654,
          -0.942271,
          -0.333353,
          1.489237
        ],
        [
          0.0,
          0.0,
          0.0,
          1.0
        ]
      ]
    },
    {
      "file_path": "/media/NFS/ttao/scannet/posed_images/scene0556_00/00593.jpg",
      "transform_matrix": [
        [
          0.972647,
          -0.074772,
          0.219923,
          4.012593
        ],
        [
          -0.231673,
          -0.381065,
          0.895052,
          3.731773
        ],
        [
          0.01688,
          -0.92152,
          -0.387964,
          1.473536
        ],
        [
          0.0,
          0.0,
          0.0,
          1.0
        ]
      ]
    },
    {
      "file_path": "/media/NFS/ttao/scannet/posed_images/scene0556_00/00600.jpg",
      "transform_matrix": [
        [
          0.973692,
          -0.056306,
          0.220802,
          3.996576
        ],
        [
          -0.224803,
          -0.395746,
          0.890421,
          3.793092
        ],
        [
          0.037246,
          -0.916632,
          -0.397992,
