{
  "frames": [
    {
      "file_path": "/media/NFS/ttao/scannet/posed_images/scene0564_00/00000.jpg",
      "transform_matrix": [
        [
          -0.963763,
          0.235282,
          -0.125714,
          2.163101
        ],
        [
          0.248837,
          0.623084,
          -0.741517,
          1.545241
        ],
        [
          -0.096135,
          -0.745928,
          -0.659051,
          1.37828
        ],
        [
          0.0,
          0.0,
          0.0,
          1.0
        ]
      ]
    },
    {
      "file_path": "/media/NFS/ttao/scannet/posed_images/scene0564_00/00018.jpg",
      "transform_matrix": [
        [
          -0.918241,
          0.283035,
          -0.276993,
          2.296997
        ],
        [
          0.393752,
          0.577706,
          -0.714993,
          1.625294
        ],
        [
          -0.042348,
          -0.765603,
          -0.641918,
          1.381987
        ],
        [
          0.0,
          0.0,
          0.0,
          1.0
        ]
      ]
    },
    {
      "file_path": "/media/NFS/ttao/scannet/posed_images/scene0564_00/00028.jpg",
      "transform_matrix": [
        [
          -0.941644,
          0.246353,
          -0.229382,
          2.322964
        ],
        [
          0.331185,
          0.556205,
          -0.762202,
          1.642336
        ],
        [
          -0.060187,
          -0.793692,
          -0.605336,
          1.399844
        ],
        [
          0.0,
          0.0,
          0.0,
          1.0
        ]
      ]
    },
    {
      "file_path": "/media/NFS/ttao/scannet/posed_images/scene0564_00/00032.jpg",
      "transform_matrix": [
        [
          -0.958152,
          0.223294,
          -0.179124,
          2.323385
        ],
        [
          0.273856,
          0.532796,
          -0.800706,
          1.650928
        ],
        [
          -0.083357,
          -0.816252,
          -0.57165,
          1.410452
        ],
        [
          0.0,
          0.0,
          0.0,
          1.0
        ]
      ]
    },
    {
      "file_path": "/media/NFS/ttao/scannet/posed_images/scene0564_00/00049.jpg",
      "transform_matrix": [
        [
          -0.983012,
          0.183369,
          -0.007897,
          2.304307
        ],
        [
          0.101535,
          0.507467,
          -0.855668,
          1.683743
        ],
        [
          -0.152896,
          -0.841935,
          -0.517464,
          1.433612
        ],
        [
          0.0,
          0.0,
          0.0,
          1.0
        ]
      ]
    },
    {
      "file_path": "/media/NFS/ttao/scannet/posed_images/scene0564_00/00063.jpg",
      "transform_matrix": [
        [
          -0.97875,
          0.108624,
          0.17392,
          2.353509
        ],
        [
          -0.093232,
          0.519694,
          -0.84925,
          1.704683
        ],
        [
          -0.182634,
          -0.847419,
          -0.498523,
          1.436599
        ],
        [
          0.0,
          0.0,
          0.0,
          1.0
        ]
      ]
    },
    {
      "file_path": "/media/NFS/ttao/scannet/posed_images/scene0564_00/00074.jpg",
      "transform_matrix": [
        [
          -0.958302,
          0.012109,
          0.285502,
          2.393133
        ],
        [
          -0.251165,
          0.440809,
          -0.861744,
          1.725214
        ],
        [
          -0.136287,
          -0.897519,
          -0.419387,
          1.450168
        ],
        [
          0.0,
          0.0,
          0.0,
          1.0
        ]
      ]
    },
    {
      "file_path": "/media/NFS/ttao/scannet/posed_images/scene0564_00/00088.jpg",
      "transform_matrix": [
        [
          -0.938843,
          -0.038931,
          0.342137,
          2.410058
        ],
        [
          -0.33376,
          0.347335,
          -0.876335,
          1.736677
        ],
        [
          -0.084719,
          -0.936933,
          -0.339087,
          1.467764
        ],
        [
          0.0,
          0.0,
          0.0,
          1.0
        ]
      ]
    },
    {
      "file_path": "/media/NFS/ttao/scannet/posed_images/scene0564_00/00099.jpg",
      "transform_matrix": [
        [
          -0.94025,
          -0.038747,
          0.338272,
          2.412354
        ],
        [
          -0.336962,
          0.248408,
          -0.908157,
          1.73643
        ],
        [
          -0.048841,
          -0.96788,
          -0.246622,
          1.473511
        ],
        [
          0.0,
          0.0,
          0.0,
          1.0
        ]
      ]
    },
    {
      "file_path": "/media/NFS/ttao/scannet/posed_images/scene0564_00/00102.jpg",
      "transform_matrix": [
        [
          -0.93796,
          -0.04852,
          0.343332,
          2.414053
        ],
        [
          -0.346109,
          0.190885,
          -0.91857,
          1.735009
        ],
        [
          -0.020968,
          -0.980413,
          -0.195835,
          1.479429
        ],
        [
          0.0,
          0.0,
          0.0,
          1.0
        ]
      ]
    },
    {
      "file_path": "/media/NFS/ttao/scannet/posed_images/scene0564_00/00120.jpg",
      "transform_matrix": [
        [
          -0.935578,
          -0.030852,
          0.351769,
          2.411667
        ],
        [
          -0.351778,
          -0.005319,
          -0.936068,
          1.741436
        ],
        [
          0.030751,
          -0.99951,
          -0.005877,
          1.539943
        ],
        [
          0.0,
          0.0,
          0.0,
          1.0
        ]
      ]
    },
    {
      "file_path": "/media/NFS/ttao/scannet/posed_images/scene0564_00/00127.jpg",
      "transform_matrix": [
        [
          -0.935168,
          -0.030579,
          0.352882,
          2.405715
        ],
        [
          -0.353124,
          0.002739,
          -0.935572,
          1.744516
        ],
        [
          0.027643,
          -0.999529,
          -0.01336,
          1.546111
        ],
        [
          0.0,
          0.0,
          0.0,
          1.0
        ]
      ]
    },
    {
      "file_path": "/media/NFS/ttao/scannet/posed_images/scene0564_00/00148.jpg",
      "transform_matrix": [
        [
          -0.938132,
          -0.012511,
          0.346051,
          2.399538
        ],
        [
          -0.345832,
          -0.016775,
          -0.938147,
          1.75386
        ],
        [
          0.017542,
          -0.999781,
          0.01141,
          1.545253
        ],
        [
          0.0,
          0.0,
          0.0,
          1.0
        ]
      ]
    },
    {
      "file_path": "/media/NFS/ttao/scannet/posed_images/scene0564_00/00158.jpg",
      "transform_matrix": [
        [
          -0.939179,
          -0.06328,
          0.337547,
          2.415685
        ],
        [
          -0.343256,
          0.141869,
          -0.928466,
          1.74872
        ],
        [
          0.010866,
          -0.987861,
          -0.154961,
          1.521428
        ],
        [
          0.0,
          0.0,
          0.0,
          1.0
        ]
      ]
    },
    {
      "file_path": "/media/NFS/ttao/scannet/posed_images/scene0564_00/00169.jpg",
      "transform_matrix": [
        [
          -0.928094,
          -0.146844,
          0.342166,
          2.418742
        ],
        [
          -0.369424,
          0.248269,
          -0.895482,
          1.7489
        ],
        [
          0.046547,
          -0.957497,
          -0.284664,
          1.509881
        ],
        [
          0.0,
          0.0,
          0.0,
          1.0
        ]
      ]
    },
    {
      "file_path": "/media/NFS/ttao/scannet/posed_images/scene0564_00/00173.jpg",
      "transform_matrix": [
        [
          -0.921746,
          -0.174538,
          0.346296,
          2.411865
        ],
        [
          -0.383583,
          0.279099,
          -0.880322,
          1.746977
        ],
        [
          0.056999,
          -0.944267,
          -0.324208,
          1.500054
        ],
        [
          0.0,
          0.0,
          0.0,
          1.0
        ]
      ]
    },
    {
      "file_path": "/media/NFS/ttao/scannet/posed_images/scene0564_00/00194.jpg",
      "transform_matrix": [
        [
          -0.832202,
          -0.41434,
          0.368459,
          2.358546
        ],
        [
          -0.54669,
          0.502199,
          -0.67002,
          1.755623
        ],
        [
          0.092576,
          -0.759025,
          -0.644446,
          1.503855
        ],
        [
          0.0,
          0.0,
          0.0,
          1.0
        ]
      ]
    },
    {
      "file_path": "/media/NFS/ttao/scannet/posed_images/scene0564_00/00204.jpg",
      "transform_matrix": [
        [
          -0.807959,
          -0.456498,
          0.372574,
          2.337555
        ],
        [
          -0.585957,
          0.555823,
          -0.589674,
          1.760065
        ],
        [
          0.0621,
          -0.694745,
          -0.71657,
          1.495945
        ],
        [
          0.0,
          0.0,
          0.0,
          1.0
        ]
      ]
    },
    {
      "file_path": "/media/NFS/ttao/scannet/posed_images/scene0564_00/00211.jpg",
      "transform_matrix": [
        [
          -0.810132,
          -0.456468,
          0.367862,
          2.328098
        ],
        [
          -0.585761,
          0.604727,
          -0.539619,
          1.759068
        ],
        [
          0.023863,
          -0.652642,
          -0.757291,
          1.467885
        ],
        [
          0.0,
          0.0,
          0.0,
          1.0
        ]
      ]
    },
    {
      "file_path": "/media/NFS/ttao/scannet/posed_images/scene0564_00/00229.jpg",
      "transform_matrix": [
        [
          -0.971805,
          -0.128618,
          0.197617,
          2.464499
        ],
        [
          -0.220267,
          0.794252,
          -0.566256,
          1.713557
        ],
        [
          -0.084128,
          -0.593819,
          -0.800188,
          1.332877
        ],
        [
          0.0,
          0.0,
          0.0,
          1.0
        ]
      ]
    },
    {
      "file_path": "/media/NFS/ttao/scannet/posed_images/scene0564_00/00232.jpg",
      "transform_matrix": [
        [
          -0.988559,
          -0.01479,
          0.150107,
          2.506743
        ],
        [
          -0.102749,
          0.794595,
          -0.598383,
          1.696096
        ],
        [
          -0.110425,
          -0.60696,
          -0.787023,
          1.316591
        ],
        [
          0.0,
          0.0,
          0.0,
          1.0
        ]
      ]
    },
    {
      "file_path": "/media/NFS/ttao/scannet/posed_images/scene0564_00/00246.jpg",
      "transform_matrix": [
        [
          -0.946279,
          0.302918,
          -0.113118,
          2.566958
        ],
        [
          0.308446,
          0.740639,
          -0.596921,
          1.626783
        ],
        [
          -0.097038,
          -0.599745,
          -0.794286,
          1.313161
        ],
        [
          0.0,
          0.0,
          0.0,
          1.0
        ]
      ]
    },
    {
      "file_path": "/media/NFS/ttao/scannet/posed_images/scene0564_00/00257.jpg",
      "transform_matrix": [
        [
          -0.888829,
          0.430002,
          -0.158372,
          2.525406
        ],
        [
          0.431048,
          0.667286,
          -0.607394,
          1.585705
        ],
        [
          -0.155501,
          -0.608135,
          -0.778454,
          1.327026
        ],
        [
          0.0,
          0.0,
          0.0,
          1.0
        ]
      ]
    },
    {
      "file_path": "/media/NFS/ttao/scannet/posed_images/scene0564_00/00271.jpg",
      "transform_matrix": [
        [
          -0.703806,
          0.578666,
          -0.412072,
          2.591936
        ],
        [
          0.700196,
          0.467145,
          -0.539909,
          1.50512
        ],
        [
          -0.11993,
          -0.668522,
          -0.733959,
          1.344585
        ],
        [
          0.0,
          0.0,
          0.0,
          1.0
        ]
      ]
    },
    {
      "file_path": "/media/NFS/ttao/scannet/posed_images/scene0564_00/00289.jpg",
      "transform_matrix": [
        [
          -0.418252,
          0.618523,
          -0.665202,
          2.554262
        ],
        [
          0.904043,
          0.212387,
          -0.370941,
          1.521858
        ],
        [
          -0.088156,
          -0.756519,
          -0.648003,
          1.374572
        ],
        [
          0.0,
          0.0,
          0.0,
          1.0
        ]
      ]
    },
    {
      "file_path": "/media/NFS/ttao/scannet/posed_images/scene0564_00/00292.jpg",
      "transform_matrix": [
        [
          -0.385892,
          0.619694,
          -0.683423,
          2.528876
        ],
        [
          0.917229,
          0.178314,
          -0.356223,
          1.545115
        ],
        [
          -0.098885,
          -0.764319,
          -0.637211,
          1.370491
        ],
        [
          0.0,
          0.0,
          0.0,
          1.0
        ]
      ]
    },
    {
      "file_path": "/media/NFS/ttao/scannet/posed_images/scene0564_00/00310.jpg",
      "transform_matrix": [
        [
          -0.23635,
          0.58789,
          -0.773643,
          2.438188
        ],
        [
          0.965895,
          0.055487,
          -0.252919,
          1.578378
        ],
        [
          -0.105761,
          -0.807036,
          -0.580954,
          1.394515
        ],
        [
          0.0,
          0.0,
          0.0,
          1.0
        ]
      ]
    },
    {
      "file_path": "/media/NFS/ttao/scannet/posed_images/scene0564_00/00324.jpg",
      "transform_matrix": [
        [
          -0.107662,
          0.454556,
          -0.884187,
          2.428352
        ],
        [
          0.993805,
          0.024542,
          -0.108393,
          1.512537
        ],
        [
          -0.027571,
          -0.89038,
          -0.454383,
          1.442717
        ],
        [
          0.0,
          0.0,
          0.0,
          1.0
        ]
      ]
    },
    {
      "file_path": "/media/NFS/ttao/scannet/posed_images/scene0564_00/00331.jpg",
      "transform_matrix": [
        [
          -0.03998,
          0.434962,
          -0.899561,
          2.43586
        ],
        [
          0.999133,
          0.006949,
          -0.041045,
          1.482615
        ],
        [
          -0.011602,
          -0.900422,
          -0.434863,
          1.444308
        ],
        [
          0.0,
          0.0,
          0.0,
          1.0
        ]
      ]
    },
    {
      "file_path": "/media/NFS/ttao/scannet/posed_images/scene0564_00/00345.jpg",
      "transform_matrix": [
        [
          0.189205,
          0.465116,
          -0.864794,
          2.447907
        ],
        [
          0.981896,
          -0.081473,
          0.171006,
          1.488284
        ],
        [
          0.00908,
          -0.881493,
          -0.472111,
          1.429706
        ],
        [
          0.0,
          0.0,
          0.0,
          1.0
        ]
      ]
    },
    {
      "file_path": "/media/NFS/ttao/scannet/posed_images/scene0564_00/00356.jpg",
      "transform_matrix": [
        [
          0.265505,
          0.413453,
          -0.870955,
          2.49963
        ],
        [
          0.961324,
          -0.182148,
          0.206586,
          1.572605
        ],
        [
          -0.07323,
          -0.89212,
          -0.445824,
          1.449819
        ],
        [
          0.0,
          0.0,
          0.0,
          1.0
        ]
      ]
    },
    {
      "file_path": "/media/NFS/ttao/scannet/posed_images/scene0564_00/00370.jpg",
      "transform_matrix": [
        [
          0.306345,
          0.503908,
          -0.807607,
          2.565614
        ],
        [
          0.945221,
          -0.261504,
          0.195379,
          1.683196
        ],
        [
          -0.112739,
          -0.823221,
          -0.556415,
          1.416546
        ],
        [
          0.0,
          0.0,
          0.0,
          1.0
        ]
      ]
    },
    {
      "file_path": "/media/NFS/ttao/scannet/posed_images/scene0564_00/00373.jpg",
      "transform_matrix": [
        [
          0.315038,
          0.525343,
          -0.790421,
          2.578047
        ],
        [
          0.941086,
          -0.280776,
          0.188474,
          1.704135
        ],
        [
          -0.122918,
          -0.803231,
          -0.582848,
          1.410464
        ],
        [
          0.0,
          0.0,
          0.0,
          1.0
        ]
      ]
    },
    {
      "file_path": "/media/NFS/ttao/scannet/posed_images/scene0564_00/00384.jpg",
      "transform_matrix": [
        [
          0.439996,
          0.538868,
          -0.718348,
          2.586734
        ],
        [
          0.89132,
          -0.359453,
          0.2763,
          1.730452
        ],
        [
          -0.109323,
          -0.761849,
          -0.638462,
          1.396457
        ],
        [
          0.0,
          0.0,
          0.0,
          1.0
        ]
      ]
    },
    {
      "file_path": "/media/NFS/ttao/scannet/posed_images/scene0564_00/00405.jpg",
      "transform_matrix": [
        [
          0.58872,
          0.531228,
          -0.609267,
          2.582512
        ],
        [
          0.803898,
          -0.463658,
          0.372518,
          1.727268
        ],
        [
          -0.0846,
          -0.709097,
          -0.700018,
          1.384669
        ],
        [
          0.0,
          0.0,
          0.0,
          1.0
        ]
      ]
    },
    {
      "file_path": "/media/NFS/ttao/scannet/posed_images/scene0564_00/00415.jpg",
      "transform_matrix": [
        [
          0.617679,
          0.532362,
          -0.578847,
          2.545249
        ],
        [
          0.78464,
          -0.466819,
          0.407947,
          1.684303
        ],
        [
          -0.053041,
          -0.706166,
          -0.706057,
          1.382567
        ],
        [
          0.0,
          0.0,
          0.0,
          1.0
        ]
      ]
    },
    {
      "file_path": "/media/NFS/ttao/scannet/posed_images/scene0564_00/00430.jpg",
      "transform_matrix": [
        [
          0.748498,
          0.44707,
          -0.489775,
          2.419356
        ],
        [
          0.661807,
          -0.550365,
          0.509028,
          1.654193
        ],
        [
          -0.041984,
          -0.705143,
          -0.707821,
          1.358604
        ],
        [
          0.0,
          0.0,
          0.0,
          1.0
        ]
      ]
    },
    {
      "file_path": "/media/NFS/ttao/scannet/posed_images/scene0564_00/00433.jpg",
      "transform_matrix": [
        [
          0.779683,
          0.412626,
          -0.470993,
          2.373919
        ],
        [
          0.624136,
          -0.572752,
          0.531422,
          1.662893
        ],
        [
          -0.050484,
          -0.708304,
          -0.7041,
          1.349594
        ],
        [
          0.0,
          0.0,
          0.0,
          1.0
        ]
      ]
    },
    {
      "file_path": "/media/NFS/ttao/scannet/posed_images/scene0564_00/00451.jpg",
      "transform_matrix": [
        [
          0.811393,
          0.454719,
          -0.367248,
          2.258295
        ],
        [
          0.584212,
          -0.650647,
          0.485134,
          1.707415
        ],
        [
          -0.01835,
          -0.608185,
          -0.793583,
          1.304706
        ],
        [
          0.0,
          0.0,
          0.0,
          1.0
        ]
      ]
    },
    {
      "file_path": "/media/NFS/ttao/scannet/posed_images/scene0564_00/00458.jpg",
      "transform_matrix": [
        [
          0.860918,
          0.396098,
          -0.319259,
          2.266759
        ],
        [
          0.507809,
          -0.707075,
          0.492112,
          1.697619
        ],
        [
          -0.030816,
          -0.585791,
          -0.809876,
          1.274525
        ],
        [
          0.0,
          0.0,
          0.0,
          1.0
        ]
      ]
    },
    {
      "file_path": "/media/NFS/ttao/scannet/posed_images/scene0564_00/00468.jpg",
      "transform_matrix": [
        [
          0.90487,
          0.353651,
          -0.23694,
          2.286929
        ],
        [
          0.420094,
          -0.651938,
          0.631267,
          1.647433
        ],
        [
          0.068778,
          -0.670752,
          -0.738486,
          1.160805
        ],
        [
          0.0,
          0.0,
          0.0,
          1.0
        ]
      ]
    },
    {
      "file_path": "/media/NFS/ttao/scannet/posed_images/scene0564_00/00479.jpg",
      "transform_matrix": [
        [
          0.91008,
          0.301449,
          -0.2844,
          2.26175
        ],
        [
          0.414365,
          -0.67435,
          0.611191,
          1.608043
        ],
        [
          -0.007542,
          -0.674078,
          -0.738622,
          1.063681
        ],
        [
          0.0,
          0.0,
          0.0,
          1.0
        ]
      ]
    },
    {
      "file_path": "/media/NFS/ttao/scannet/posed_images/scene0564_00/00500.jpg",
      "transform_matrix": [
        [
          0.846993,
          0.395337,
          -0.355403,
          2.267856
        ],
        [
          0.528252,
          -0.550962,
          0.646057,
          1.673337
        ],
        [
          0.059597,
          -0.734948,
          -0.675499,
          1.158608
        ],
        [
          0.0,
          0.0,
          0.0,
          1.0
        ]
      ]
    },
    {
      "file_path": "/media/NFS/ttao/scannet/posed_images/scene0564_00/00507.jpg",
      "transform_matrix": [
        [
          0.779817,
          0.430708,
          -0.454286,
          2.294504
        ],
        [
          0.624803,
          -0.490518,
          0.607464,
          1.78822
        ],
        [
          0.038804,
          -0.75755,
          -0.651623,
          1.228086
        ],
        [
          0.0,
          0.0,
          0.0,
          1.0
        ]
      ]
    },
    {
      "file_path": "/media/NFS/ttao/scannet/posed_images/scene0564_00/00514.jpg",
      "transform_matrix": [
        [
          0.693694,
          0.469056,
          -0.546604,
          2.301644
        ],
        [
          0.720247,
          -0.457757,
          0.521251,
          1.89031
        ],
        [
          -0.005716,
          -0.755278,
          -0.65538,
          1.286008
        ],
        [
          0.0,
          0.0,
          0.0,
          1.0
        ]
      ]
    },
    {
      "file_path": "/media/NFS/ttao/scannet/posed_images/scene0564_00/00525.jpg",
      "transform_matrix": [
        [
          0.573275,
          0.500611,
          -0.648648,
          2.264984
        ],
        [
          0.816877,
          -0.410815,
          0.404898,
          1.961431
        ],
        [
          -0.063778,
          -0.761984,
          -0.644448,
          1.318516
        ],
        [
          0.0,
          0.0,
          0.0,
          1.0
        ]
      ]
    },
    {
      "file_path": "/media/NFS/ttao/scannet/posed_images/scene0564_00/00546.jpg",
      "transform_matrix": [
        [
          0.417774,
          0.669234,
          -0.614484,
          2.107027
        ],
        [
          0.9074,
          -0.341379,
          0.245126,
          2.04725
        ],
        [
          -0.045725,
          -0.659989,
          -0.749882,
          1.32186
        ],
        [
          0.0,
          0.0,
          0.0,
          1.0
        ]
      ]
    },
    {
      "file_path": "/media/NFS/ttao/scannet/posed_images/scene0564_00/00556.jpg",
      "transform_matrix": [
        [
          0.36389,
          0.758265,
          -0.540942,
          2.087056
        ],
        [
          0.9261,
          -0.356643,
          0.123062,
          2.077437
        ],
        [
          -0.09961,
          -0.545748,
          -0.832008,
          1.302121
        ],
        [
          0.0,
          0.0,
          0.0,
          1.0
        ]
      ]
    },
    {
      "file_path": "/media/NFS/ttao/scannet/posed_images/scene0564_00/00563.jpg",
      "transform_matrix": [
        [
          0.263046,
          0.821724,
          -0.505546,
          2.080389
        ],
        [
          0.955437,
          -0.294631,
          0.018236,
          2.114748
        ],
        [
          -0.133965,
          -0.487814,
          -0.862607,
          1.285804
        ],
        [
          0.0,
          0.0,
          0.0,
          1.0
        ]
      ]
    },
    {
      "file_path": "/media/NFS/ttao/scannet/posed_images/scene0564_00/00574.jpg",
      "transform_matrix": [
        [
          -0.05944,
          0.863208,
          -0.501337,
          2.048889
        ],
        [
          0.979909,
          -0.045328,
          -0.194227,
          2.216609
        ],
        [
          -0.190384,
          -0.502809,
          -0.843171,
          1.251617
        ],
        [
          0.0,
          0.0,
          0.0,
          1.0
        ]
      ]
    },
    {
      "file_path": "/media/NFS/ttao/scannet/posed_images/scene0564_00/00588.jpg",
      "transform_matrix": [
        [
          -0.417111,
          0.723177,
          -0.550485,
          2.041826
        ],
        [
          0.86746,
          0.136065,
          -0.478538,
          2.316514
        ],
        [
          -0.271166,
          -0.677128,
          -0.684081,
          1.237082
        ],
        [
          0.0,
          0.0,
          0.0,
          1.0
        ]
      ]
    },
    {
      "file_path": "/media/NFS/ttao/scannet/posed_images/scene0564_00/00595.jpg",
      "transform_matrix": [
        [
          -0.421444,
          0.725781,
          -0.543716,
          2.034127
        ],
        [
          0.875573,
          0.169543,
          -0.452358,
          2.334435
        ],
        [
          -0.23613,
          -0.666706,
          -0.706927,
          1.228738
        ],
        [
          0.0,
          0.0,
          0.0,
          1.0
        ]
      ]
    },
    {
      "file_path": "/media/NFS/ttao/scannet/posed_images/scene0564_00/00616.jpg",
      "transform_matrix": [
        [
          -0.505616,
          0.524567,
          -0.684968,
          2.033277
        ],
        [
          0.843179,
          0.132262,
          -0.521111,
          2.318492
        ],
        [
          -0.182763,
          -0.841033,
          -0.509178,
          1.305055
        ],
        [
          0.0,
          0.0,
          0.0,
          1.0
        ]
      ]
    },
    {
      "file_path": "/media/NFS/ttao/scannet/posed_images/scene0564_00/00627.jpg",
      "transform_matrix": [
        [
          -0.52487,
          0.434534,
          -0.73191,
          2.031803
        ],
        [
          0.844767,
          0.160552,
          -0.510482,
          2.302748
        ],
        [
          -0.104313,
          -0.88623,
          -0.451349,
          1.417657
        ],
        [
          0.0,
          0.0,
          0.0,
          1.0
        ]
      ]
    },
    {
      "file_path": "/media/NFS/ttao/scannet/posed_images/scene0564_00/00630.jpg",
      "transform_matrix": [
        [
          -Infinity,
          -Infinity,
          -Infinity,
          -Infinity
        ],
        [
          -Infinity,
          -Infinity,
          -Infinity,
          -Infinity
        ],
        [
          -Infinity,
          -Infinity,
          -Infinity,
          -Infinity
        ],
        [
          -Infinity,
          -Infinity,
          -Infinity,
          -Infinity
        ]
      ]
    },
    {
      "file_path": "/media/NFS/ttao/scannet/posed_images/scene0564_00/00644.jpg",
      "transform_matrix": [
        [
          -Infinity,
          -Infinity,
          -Infinity,
          -Infinity
        ],
        [
          -Infinity,
          -Infinity,
          -Infinity,
          -Infinity
        ],
        [
          -Infinity,
          -Infinity,
          -Infinity,
          -Infinity
        ],
        [
          -Infinity,
          -Infinity,
          -Infinity,
          -Infinity
        ]
      ]
    },
    {
      "file_path": "/media/NFS/ttao/scannet/posed_images/scene0564_00/00655.jpg",
      "transform_matrix": [
        [
          -Infinity,
          -Infinity,
          -Infinity,
          -Infinity
        ],
        [
          -Infinity,
          -Infinity,
          -Infinity,
          -Infinity
        ],
        [
          -Infinity,
          -Infinity,
          -Infinity,
          -Infinity
        ],
        [
          -Infinity,
          -Infinity,
          -Infinity,
          -Infinity
        ]
      ]
    },
    {
      "file_path": "/media/NFS/ttao/scannet/posed_images/scene0564_00/00676.jpg",
      "transform_matrix": [
        [
          -Infinity,
          -Infinity,
          -Infinity,
          -Infinity
        ],
        [
          -Infinity,
          -Infinity,
          -Infinity,
          -Infinity
        ],
        [
          -Infinity,
          -Infinity,
          -Infinity,
          -Infinity
        ],
        [
          -Infinity,
          -Infinity,
          -Infinity,
          -Infinity
        ]
      ]
    },
    {
      "file_path": "/media/NFS/ttao/scannet/posed_images/scene0564_00/00683.jpg",
      "transform_matrix": [
        [
          -Infinity,
          -Infinity,
          -Infinity,
          -Infinity
        ],
        [
          -Infinity,
          -Infinity,
          -Infinity,
          -Infinity
        ],
        [
          -Infinity,
          -Infinity,
          -Infinity,
          -Infinity
        ],
        [
          -Infinity,
          -Infinity,
          -Infinity,
          -Infinity
        ]
      ]
    },
    {
      "file_path": "/media/NFS/ttao/scannet/posed_images/scene0564_00/00694.jpg",
      "transform_matrix": [
        [
          -Infinity,
          -Infinity,
          -Infinity,
          -Infinity
        ],
        [
          -Infinity,
          -Infinity,
          -Infinity,
          -Infinity
        ],
        [
          -Infinity,
          -Infinity,
          -Infinity,
          -Infinity
        ],
        [
          -Infinity,
          -Infinity,
          -Infinity,
          -Infinity
        ]
      ]
    },
    {
      "file_path": "/media/NFS/ttao/scannet/posed_images/scene0564_00/00711.jpg",
      "transform_matrix": [
        [
          -Infinity,
          -Infinity,
          -Infinity,
          -Infinity
        ],
        [
          -Infinity,
          -Infinity,
          -Infinity,
          -Infinity
        ],
        [
          -Infinity,
          -Infinity,
          -Infinity,
          -Infinity
        ],
        [
          -Infinity,
          -Infinity,
          -Infinity,
          -Infinity
        ]
      ]
    },
    {
      "file_path": "/media/NFS/ttao/scannet/posed_images/scene0564_00/00715.jpg",
      "transform_matrix": [
        [
          -Infinity,
          -Infinity,
          -Infinity,
          -Infinity
        ],
        [
          -Infinity,
          -Infinity,
          -Infinity,
          -Infinity
        ],
        [
          -Infinity,
          -Infinity,
          -Infinity,
          -Infinity
        ],
        [
          -Infinity,
          -Infinity,
          -Infinity,
          -Infinity
        ]
      ]
    },
    {
      "file_path": "/media/NFS/ttao/scannet/posed_images/scene0564_00/00732.jpg",
      "transform_matrix": [
        [
          -Infinity,
          -Infinity,
          -Infinity,
          -Infinity
        ],
        [
          -Infinity,
          -Infinity,
          -Infinity,
          -Infinity
        ],
        [
          -Infinity,
          -Infinity,
          -Infinity,
          -Infinity
        ],
        [
          -Infinity,
          -Infinity,
          -Infinity,
          -Infinity
        ]
      ]
    },
    {
      "file_path": "/media/NFS/ttao/scannet/posed_images/scene0564_00/00736.jpg",
      "transform_matrix": [
        [
          -Infinity,
          -Infinity,
          -Infinity,
          -Infinity
        ],
        [
          -Infinity,
          -Infinity,
          -Infinity,
          -Infinity
        ],
        [
          -Infinity,
          -Infinity,
          -Infinity,
          -Infinity
        ],
        [
          -Infinity,
          -Infinity,
          -Infinity,
          -Infinity
        ]
      ]
    },
    {
      "file_path": "/media/NFS/ttao/scannet/posed_images/scene0564_00/00757.jpg",
      "transform_matrix": [
        [
          -Infinity,
          -Infinity,
          -Infinity,
          -Infinity
        ],
        [
          -Infinity,
          -Infinity,
          -Infinity,
          -Infinity
        ],
        [
          -Infinity,
          -Infinity,
          -Infinity,
          -Infinity
        ],
        [
          -Infinity,
          -Infinity,
          -Infinity,
          -Infinity
        ]
      ]
    },
    {
      "file_path": "/media/NFS/ttao/scannet/posed_images/scene0564_00/00768.jpg",
      "transform_matrix": [
        [
          -Infinity,
          -Infinity,
          -Infinity,
          -Infinity
        ],
        [
          -Infinity,
          -Infinity,
          -Infinity,
          -Infinity
        ],
        [
          -Infinity,
          -Infinity,
          -Infinity,
          -Infinity
        ],
        [
          -Infinity,
          -Infinity,
          -Infinity,
          -Infinity
        ]
      ]
    },
    {
      "file_path": "/media/NFS/ttao/scannet/posed_images/scene0564_00/00771.jpg",
      "transform_matrix": [
        [
          -Infinity,
          -Infinity,
          -Infinity,
          -Infinity
        ],
        [
          -Infinity,
          -Infinity,
          -Infinity,
          -Infinity
        ],
        [
          -Infinity,
          -Infinity,
          -Infinity,
          -Infinity
        ],
        [
          -Infinity,
          -Infinity,
          -Infinity,
          -Infinity
        ]
      ]
    },
    {
      "file_path": "/media/NFS/ttao/scannet/posed_images/scene0564_00/00785.jpg",
      "transform_matrix": [
        [
          -Infinity,
          -Infinity,
          -Infinity,
          -Infinity
        ],
        [
          -Infinity,
          -Infinity,
          -Infinity,
          -Infinity
        ],
        [
          -Infinity,
          -Infinity,
          -Infinity,
          -Infinity
        ],
        [
          -Infinity,
          -Infinity,
          -Infinity,
          -Infinity
        ]
      ]
    },
    {
      "file_path": "/media/NFS/ttao/scannet/posed_images/scene0564_00/00799.jpg",
      "transform_matrix": [
        [
          -Infinity,
          -Infinity,
          -Infinity,
          -Infinity
        ],
        [
          -Infinity,
          -Infinity,
          -Infinity,
          -Infinity
        ],
        [
          -Infinity,
          -Infinity,
          -Infinity,
          -Infinity
        ],
        [
          -Infinity,
          -Infinity,
          -Infinity,
          -Infinity
        ]
      ]
    },
    {
      "file_path": "/media/NFS/ttao/scannet/posed_images/scene0564_00/00817.jpg",
      "transform_matrix": [
        [
          -Infinity,
          -Infinity,
          -Infinity,
          -Infinity
        ],
        [
          -Infinity,
          -Infinity,
          -Infinity,
          -Infinity
        ],
        [
          -Infinity,
          -Infinity,
          -Infinity,
          -Infinity
        ],
        [
          -Infinity,
          -Infinity,
          -Infinity,
          -Infinity
        ]
      ]
    },
    {
      "file_path": "/media/NFS/ttao/scannet/posed_images/scene0564_00/00820.jpg",
      "transform_matrix": [
        [
          -Infinity,
          -Infinity,
          -Infinity,
          -Infinity
        ],
        [
          -Infinity,
          -Infinity,
          -Infinity,
          -Infinity
        ],
        [
          -Infinity,
          -Infinity,
          -Infinity,
          -Infinity
        ],
        [
          -Infinity,
          -Infinity,
          -Infinity,
          -Infinity
        ]
      ]
    },
    {
      "file_path": "/media/NFS/ttao/scannet/posed_images/scene0564_00/00831.jpg",
      "transform_matrix": [
        [
          -Infinity,
          -Infinity,
          -Infinity,
          -Infinity
        ],
        [
          -Infinity,
          -Infinity,
          -Infinity,
          -Infinity
        ],
        [
          -Infinity,
          -Infinity,
          -Infinity,
          -Infinity
        ],
        [
          -Infinity,
          -Infinity,
          -Infinity,
          -Infinity
        ]
      ]
    },
    {
      "file_path": "/media/NFS/ttao/scannet/posed_images/scene0564_00/00849.jpg",
      "transform_matrix": [
        [
          -Infinity,
          -Infinity,
          -Infinity,
          -Infinity
        ],
        [
          -Infinity,
          -Infinity,
          -Infinity,
          -Infinity
        ],
        [
          -Infinity,
          -Infinity,
          -Infinity,
          -Infinity
        ],
        [
          -Infinity,
          -Infinity,
          -Infinity,
          -Infinity
        ]
      ]
    },
    {
      "file_path": "/media/NFS/ttao/scannet/posed_images/scene0564_00/00863.jpg",
      "transform_matrix": [
        [
          -Infinity,
          -Infinity,
          -Infinity,
          -Infinity
        ],
        [
          -Infinity,
          -Infinity,
          -Infinity,
          -Infinity
        ],
        [
          -Infinity,
          -Infinity,
          -Infinity,
          -Infinity
        ],
        [
          -Infinity,
          -Infinity,
          -Infinity,
          -Infinity
        ]
      ]
    },
    {
      "file_path": "/media/NFS/ttao/scannet/posed_images/scene0564_00/00873.jpg",
      "transform_matrix": [
        [
          -Infinity,
          -Infinity,
          -Infinity,
          -Infinity
        ],
        [
          -Infinity,
          -Infinity,
          -Infinity,
          -Infinity
        ],
        [
          -Infinity,
          -Infinity,
          -Infinity,
          -Infinity
        ],
        [
          -Infinity,
          -Infinity,
          -Infinity,
          -Infinity
        ]
      ]
    },
    {
      "file_path": "/media/NFS/ttao/scannet/posed_images/scene0564_00/00877.jpg",
      "transform_matrix": [
        [
          -Infinity,
          -Infinity,
          -Infinity,
          -Infinity
        ],
        [
          -Infinity,
          -Infinity,
          -Infinity,
          -Infinity
        ],
        [
          -Infinity,
          -Infinity,
          -Infinity,
          -Infinity
        ],
        [
          -Infinity,
          -Infinity,
          -Infinity,
          -Infinity
        ]
      ]
    },
    {
      "file_path": "/media/NFS/ttao/scannet/posed_images/scene0564_00/00891.jpg",
      "transform_matrix": [
        [
          -Infinity,
          -Infinity,
          -Infinity,
