{
  "frames": [
    {
      "file_path": "/media/NFS/ttao/scannet/posed_images/scene0328_00/00003.jpg",
      "transform_matrix": [
        [
          -0.728024,
          0.21144,
          -0.652131,
          3.863765
        ],
        [
          0.684551,
          0.172825,
          -0.708182,
          4.112581
        ],
        [
          -0.037034,
          -0.96199,
          -0.270562,
          1.407423
        ],
        [
          0.0,
          0.0,
          0.0,
          1.0
        ]
      ]
    },
    {
      "file_path": "/media/NFS/ttao/scannet/posed_images/scene0328_00/00004.jpg",
      "transform_matrix": [
        [
          -0.728286,
          0.210849,
          -0.65203,
          3.865802
        ],
        [
          0.68424,
          0.171511,
          -0.708802,
          4.111744
        ],
        [
          -0.03762,
          -0.962355,
          -0.26918,
          1.405804
        ],
        [
          0.0,
          0.0,
          0.0,
          1.0
        ]
      ]
    },
    {
      "file_path": "/media/NFS/ttao/scannet/posed_images/scene0328_00/00008.jpg",
      "transform_matrix": [
        [
          -0.736006,
          0.202634,
          -0.645937,
          3.86975
        ],
        [
          0.675901,
          0.166241,
          -0.717998,
          4.114714
        ],
        [
          -0.03811,
          -0.965041,
          -0.259315,
          1.415389
        ],
        [
          0.0,
          0.0,
          0.0,
          1.0
        ]
      ]
    },
    {
      "file_path": "/media/NFS/ttao/scannet/posed_images/scene0328_00/00016.jpg",
      "transform_matrix": [
        [
          -0.771495,
          0.180126,
          -0.610205,
          3.889161
        ],
        [
          0.634601,
          0.149152,
          -0.758311,
          4.089977
        ],
        [
          -0.045578,
          -0.97227,
          -0.229379,
          1.441593
        ],
        [
          0.0,
          0.0,
          0.0,
          1.0
        ]
      ]
    },
    {
      "file_path": "/media/NFS/ttao/scannet/posed_images/scene0328_00/00020.jpg",
      "transform_matrix": [
        [
          -0.822214,
          0.151751,
          -0.548576,
          3.785446
        ],
        [
          0.567163,
          0.137414,
          -0.812061,
          4.139205
        ],
        [
          -0.047849,
          -0.97882,
          -0.199051,
          1.421524
        ],
        [
          0.0,
          0.0,
          0.0,
          1.0
        ]
      ]
    },
    {
      "file_path": "/media/NFS/ttao/scannet/posed_images/scene0328_00/00023.jpg",
      "transform_matrix": [
        [
          -0.833626,
          0.136132,
          -0.535291,
          3.78538
        ],
        [
          0.550208,
          0.119813,
          -0.826387,
          4.137389
        ],
        [
          -0.048362,
          -0.983419,
          -0.17478,
          1.436245
        ],
        [
          0.0,
          0.0,
          0.0,
          1.0
        ]
      ]
    },
    {
      "file_path": "/media/NFS/ttao/scannet/posed_images/scene0328_00/00031.jpg",
      "transform_matrix": [
        [
          -0.858894,
          0.088704,
          -0.504414,
          3.753249
        ],
        [
          0.510966,
          0.08136,
          -0.855742,
          4.150098
        ],
        [
          -0.034868,
          -0.99273,
          -0.115204,
          1.426081
        ],
        [
          0.0,
          0.0,
          0.0,
          1.0
        ]
      ]
    },
    {
      "file_path": "/media/NFS/ttao/scannet/posed_images/scene0328_00/00034.jpg",
      "transform_matrix": [
        [
          -0.861379,
          0.083624,
          -0.501032,
          3.756979
        ],
        [
          0.506685,
          0.071539,
          -0.859158,
          4.14952
        ],
        [
          -0.036003,
          -0.993926,
          -0.103994,
          1.428511
        ],
        [
          0.0,
          0.0,
          0.0,
          1.0
        ]
      ]
    },
    {
      "file_path": "/media/NFS/ttao/scannet/posed_images/scene0328_00/00037.jpg",
      "transform_matrix": [
        [
          -0.865573,
          0.073688,
          -0.495332,
          3.752885
        ],
        [
          0.499777,
          0.064452,
          -0.863753,
          4.149784
        ],
        [
          -0.031722,
          -0.995196,
          -0.092616,
          1.434756
        ],
        [
          0.0,
          0.0,
          0.0,
          1.0
        ]
      ]
    },
    {
      "file_path": "/media/NFS/ttao/scannet/posed_images/scene0328_00/00045.jpg",
      "transform_matrix": [
        [
          -0.873284,
          0.050933,
          -0.484543,
          3.751742
        ],
        [
          0.486445,
          0.035369,
          -0.872995,
          4.152568
        ],
        [
          -0.027326,
          -0.998076,
          -0.055663,
          1.455188
        ],
        [
          0.0,
          0.0,
          0.0,
          1.0
        ]
      ]
    },
    {
      "file_path": "/media/NFS/ttao/scannet/posed_images/scene0328_00/00047.jpg",
      "transform_matrix": [
        [
          -0.872661,
          0.04616,
          -0.48614,
          3.752112
        ],
        [
          0.487568,
          0.026909,
          -0.87267,
          4.153746
        ],
        [
          -0.027201,
          -0.998572,
          -0.045989,
          1.45762
        ],
        [
          0.0,
          0.0,
          0.0,
          1.0
        ]
      ]
    },
    {
      "file_path": "/media/NFS/ttao/scannet/posed_images/scene0328_00/00052.jpg",
      "transform_matrix": [
        [
          -0.870968,
          0.040069,
          -0.489704,
          3.760735
        ],
        [
          0.489891,
          -0.005684,
          -0.871765,
          4.157035
        ],
        [
          -0.037714,
          -0.999181,
          -0.014679,
          1.462543
        ],
        [
          0.0,
          0.0,
          0.0,
          1.0
        ]
      ]
    },
    {
      "file_path": "/media/NFS/ttao/scannet/posed_images/scene0328_00/00059.jpg",
      "transform_matrix": [
        [
          -0.86875,
          0.017353,
          -0.494947,
          3.766498
        ],
        [
          0.493803,
          -0.046036,
          -0.868354,
          4.165566
        ],
        [
          -0.037854,
          -0.998789,
          0.031424,
          1.471979
        ],
        [
          0.0,
          0.0,
          0.0,
          1.0
        ]
      ]
    },
    {
      "file_path": "/media/NFS/ttao/scannet/posed_images/scene0328_00/00061.jpg",
      "transform_matrix": [
        [
          -0.860655,
          0.007703,
          -0.509131,
          3.76456
        ],
        [
          0.508451,
          -0.040844,
          -0.860122,
          4.162314
        ],
        [
          -0.027421,
          -0.999136,
          0.031236,
          1.478733
        ],
        [
          0.0,
          0.0,
          0.0,
          1.0
        ]
      ]
    },
    {
      "file_path": "/media/NFS/ttao/scannet/posed_images/scene0328_00/00068.jpg",
      "transform_matrix": [
        [
          -0.808273,
          -0.011927,
          -0.588686,
          3.774611
        ],
        [
          0.58875,
          -0.030262,
          -0.807748,
          4.175535
        ],
        [
          -0.00818,
          -0.999471,
          0.031482,
          1.481512
        ],
        [
          0.0,
          0.0,
          0.0,
          1.0
        ]
      ]
    },
    {
      "file_path": "/media/NFS/ttao/scannet/posed_images/scene0328_00/00073.jpg",
      "transform_matrix": [
        [
          -0.770576,
          -0.010397,
          -0.637263,
          3.809237
        ],
        [
          0.63695,
          -0.047886,
          -0.769417,
          4.190916
        ],
        [
          -0.022516,
          -0.998799,
          0.043522,
          1.45182
        ],
        [
          0.0,
          0.0,
          0.0,
          1.0
        ]
      ]
    },
    {
      "file_path": "/media/NFS/ttao/scannet/posed_images/scene0328_00/00078.jpg",
      "transform_matrix": [
        [
          -0.733064,
          -0.014293,
          -0.680009,
          3.810563
        ],
        [
          0.679936,
          -0.041044,
          -0.732122,
          4.204132
        ],
        [
          -0.017446,
          -0.999055,
          0.039806,
          1.44872
        ],
        [
          0.0,
          0.0,
          0.0,
          1.0
        ]
      ]
    },
    {
      "file_path": "/media/NFS/ttao/scannet/posed_images/scene0328_00/00082.jpg",
      "transform_matrix": [
        [
          -0.681241,
          -0.025229,
          -0.731625,
          3.860757
        ],
        [
          0.732019,
          -0.034023,
          -0.680434,
          4.17746
        ],
        [
          -0.007726,
          -0.999102,
          0.041646,
          1.434181
        ],
        [
          0.0,
          0.0,
          0.0,
          1.0
        ]
      ]
    },
    {
      "file_path": "/media/NFS/ttao/scannet/posed_images/scene0328_00/00087.jpg",
      "transform_matrix": [
        [
          -0.628912,
          -0.028841,
          -0.776941,
          3.877248
        ],
        [
          0.777477,
          -0.023633,
          -0.628468,
          4.173728
        ],
        [
          -0.000236,
          -0.999305,
          0.037286,
          1.438852
        ],
        [
          0.0,
          0.0,
          0.0,
          1.0
        ]
      ]
    },
    {
      "file_path": "/media/NFS/ttao/scannet/posed_images/scene0328_00/00092.jpg",
      "transform_matrix": [
        [
          -0.530436,
          -0.06613,
          -0.845142,
          3.957586
        ],
        [
          0.845964,
          0.022941,
          -0.532747,
          4.085332
        ],
        [
          0.054618,
          -0.997547,
          0.043775,
          1.472137
        ],
        [
          0.0,
          0.0,
          0.0,
          1.0
        ]
      ]
    },
    {
      "file_path": "/media/NFS/ttao/scannet/posed_images/scene0328_00/00093.jpg",
      "transform_matrix": [
        [
          -0.516336,
          -0.061301,
          -0.854189,
          3.959792
        ],
        [
          0.854612,
          0.027286,
          -0.51855,
          4.08112
        ],
        [
          0.055095,
          -0.997746,
          0.0383,
          1.490545
        ],
        [
          0.0,
          0.0,
          0.0,
          1.0
        ]
      ]
    },
    {
      "file_path": "/media/NFS/ttao/scannet/posed_images/scene0328_00/00099.jpg",
      "transform_matrix": [
        [
          -0.430957,
          -0.07309,
          -0.899407,
          3.964457
        ],
        [
          0.900257,
          0.033378,
          -0.434077,
          4.084567
        ],
        [
          0.061747,
          -0.996767,
          0.051416,
          1.491702
        ],
        [
          0.0,
          0.0,
          0.0,
          1.0
        ]
      ]
    },
    {
      "file_path": "/media/NFS/ttao/scannet/posed_images/scene0328_00/00106.jpg",
      "transform_matrix": [
        [
          -0.346156,
          -0.082743,
          -0.934521,
          3.972037
        ],
        [
          0.934404,
          0.058838,
          -0.351322,
          4.109386
        ],
        [
          0.084054,
          -0.994833,
          0.056948,
          1.479331
        ],
        [
          0.0,
          0.0,
          0.0,
          1.0
        ]
      ]
    },
    {
      "file_path": "/media/NFS/ttao/scannet/posed_images/scene0328_00/00107.jpg",
      "transform_matrix": [
        [
          -0.337693,
          -0.081756,
          -0.937699,
          3.970849
        ],
        [
          0.937485,
          0.059882,
          -0.342837,
          4.112773
        ],
        [
          0.08418,
          -0.994852,
          0.056423,
          1.481601
        ],
        [
          0.0,
          0.0,
          0.0,
          1.0
        ]
      ]
    },
    {
      "file_path": "/media/NFS/ttao/scannet/posed_images/scene0328_00/00116.jpg",
      "transform_matrix": [
        [
          -0.281623,
          -0.102238,
          -0.954063,
          3.965966
        ],
        [
          0.956233,
          0.052397,
          -0.287878,
          4.128555
        ],
        [
          0.079422,
          -0.993379,
          0.083007,
          1.480412
        ],
        [
          0.0,
          0.0,
          0.0,
          1.0
        ]
      ]
    },
    {
      "file_path": "/media/NFS/ttao/scannet/posed_images/scene0328_00/00117.jpg",
      "transform_matrix": [
        [
          -0.276545,
          -0.103606,
          -0.9554,
          3.965717
        ],
        [
          0.957747,
          0.052027,
          -0.282866,
          4.129492
        ],
        [
          0.079013,
          -0.993257,
          0.08484,
          1.478468
        ],
        [
          0.0,
          0.0,
          0.0,
          1.0
        ]
      ]
    },
    {
      "file_path": "/media/NFS/ttao/scannet/posed_images/scene0328_00/00124.jpg",
      "transform_matrix": [
        [
          -0.239531,
          -0.113021,
          -0.964288,
          3.962183
        ],
        [
          0.968118,
          0.047173,
          -0.246011,
          4.132902
        ],
        [
          0.073293,
          -0.992472,
          0.098118,
          1.48707
        ],
        [
          0.0,
          0.0,
          0.0,
          1.0
        ]
      ]
    },
    {
      "file_path": "/media/NFS/ttao/scannet/posed_images/scene0328_00/00128.jpg",
      "transform_matrix": [
        [
          -0.222293,
          -0.119161,
          -0.967671,
          3.960299
        ],
        [
          0.972646,
          0.041535,
          -0.22855,
          4.141152
        ],
        [
          0.067427,
          -0.992006,
          0.106668,
          1.489046
        ],
        [
          0.0,
          0.0,
          0.0,
          1.0
        ]
      ]
    },
    {
      "file_path": "/media/NFS/ttao/scannet/posed_images/scene0328_00/00131.jpg",
      "transform_matrix": [
        [
          -0.206046,
          -0.126671,
          -0.970309,
          3.962521
        ],
        [
          0.976404,
          0.038905,
          -0.212419,
          4.145964
        ],
        [
          0.064657,
          -0.991181,
          0.115666,
          1.487329
        ],
        [
          0.0,
          0.0,
          0.0,
          1.0
        ]
      ]
    },
    {
      "file_path": "/media/NFS/ttao/scannet/posed_images/scene0328_00/00137.jpg",
      "transform_matrix": [
        [
          -0.177049,
          -0.141817,
          -0.973931,
          3.961286
        ],
        [
          0.982418,
          0.03409,
          -0.183556,
          4.153448
        ],
        [
          0.059233,
          -0.989306,
          0.133288,
          1.495735
        ],
        [
          0.0,
          0.0,
          0.0,
          1.0
        ]
      ]
    },
    {
      "file_path": "/media/NFS/ttao/scannet/posed_images/scene0328_00/00144.jpg",
      "transform_matrix": [
        [
          -0.148646,
          -0.167219,
          -0.97465,
          3.962791
        ],
        [
          0.987178,
          0.032892,
          -0.1562,
          4.154371
        ],
        [
          0.058178,
          -0.985371,
          0.160186,
          1.508537
        ],
        [
          0.0,
          0.0,
          0.0,
          1.0
        ]
      ]
    },
    {
      "file_path": "/media/NFS/ttao/scannet/posed_images/scene0328_00/00148.jpg",
      "transform_matrix": [
        [
          -0.144115,
          -0.174805,
          -0.973999,
          3.965505
        ],
        [
          0.988037,
          0.029191,
          -0.151431,
          4.157454
        ],
        [
          0.054903,
          -0.98417,
          0.168507,
          1.512499
        ],
        [
          0.0,
          0.0,
          0.0,
          1.0
        ]
      ]
    },
    {
      "file_path": "/media/NFS/ttao/scannet/posed_images/scene0328_00/00151.jpg",
      "transform_matrix": [
        [
          -0.139357,
          -0.176163,
          -0.974446,
          3.964409
        ],
        [
          0.988735,
          0.02952,
          -0.146737,
          4.158054
        ],
        [
          0.054615,
          -0.983918,
          0.170065,
          1.511155
        ],
        [
          0.0,
          0.0,
          0.0,
          1.0
        ]
      ]
    },
    {
      "file_path": "/media/NFS/ttao/scannet/posed_images/scene0328_00/00154.jpg",
      "transform_matrix": [
        [
          -0.138071,
          -0.166125,
          -0.976391,
          3.963979
        ],
        [
          0.988895,
          0.031595,
          -0.145215,
          4.158801
        ],
        [
          0.054972,
          -0.985598,
          0.159918,
          1.509178
        ],
        [
          0.0,
          0.0,
          0.0,
          1.0
        ]
      ]
    },
    {
      "file_path": "/media/NFS/ttao/scannet/posed_images/scene0328_00/00159.jpg",
      "transform_matrix": [
        [
          -0.134065,
          -0.121686,
          -0.983473,
          3.958725
        ],
        [
          0.989804,
          0.031743,
          -0.138856,
          4.159685
        ],
        [
          0.048115,
          -0.992061,
          0.116189,
          1.50123
        ],
        [
          0.0,
          0.0,
          0.0,
          1.0
        ]
      ]
    },
    {
      "file_path": "/media/NFS/ttao/scannet/posed_images/scene0328_00/00166.jpg",
      "transform_matrix": [
        [
          -0.121273,
          -0.015096,
          -0.992504,
          3.941825
        ],
        [
          0.991637,
          0.04262,
          -0.121816,
          4.15397
        ],
        [
          0.04414,
          -0.998977,
          0.009801,
          1.479869
        ],
        [
          0.0,
          0.0,
          0.0,
          1.0
        ]
      ]
    },
    {
      "file_path": "/media/NFS/ttao/scannet/posed_images/scene0328_00/00172.jpg",
      "transform_matrix": [
        [
          -0.099571,
          0.078483,
          -0.99193,
          3.932275
        ],
        [
          0.993574,
          0.061764,
          -0.094849,
          4.142211
        ],
        [
          0.053822,
          -0.995,
          -0.084128,
          1.468443
        ],
        [
          0.0,
          0.0,
          0.0,
          1.0
        ]
      ]
    },
    {
      "file_path": "/media/NFS/ttao/scannet/posed_images/scene0328_00/00176.jpg",
      "transform_matrix": [
        [
          -0.096721,
          0.119636,
          -0.988095,
          3.930975
        ],
        [
          0.993898,
          0.064489,
          -0.089481,
          4.143025
        ],
        [
          0.053016,
          -0.990721,
          -0.125143,
          1.453788
        ],
        [
          0.0,
          0.0,
          0.0,
          1.0
        ]
      ]
    },
    {
      "file_path": "/media/NFS/ttao/scannet/posed_images/scene0328_00/00181.jpg",
      "transform_matrix": [
        [
          -0.098089,
          0.174487,
          -0.979762,
          3.929367
        ],
        [
          0.994026,
          0.064529,
          -0.088025,
          4.142407
        ],
        [
          0.047864,
          -0.982543,
          -0.179774,
          1.447881
        ],
        [
          0.0,
          0.0,
          0.0,
          1.0
        ]
      ]
    },
    {
      "file_path": "/media/NFS/ttao/scannet/posed_images/scene0328_00/00182.jpg",
      "transform_matrix": [
        [
          -0.098613,
          0.183879,
          -0.97799,
          3.9287
        ],
        [
          0.993996,
          0.065026,
          -0.088001,
          4.141538
        ],
        [
          0.047414,
          -0.980796,
          -0.189188,
          1.444673
        ],
        [
          0.0,
          0.0,
          0.0,
          1.0
        ]
      ]
    },
    {
      "file_path": "/media/NFS/ttao/scannet/posed_images/scene0328_00/00188.jpg",
      "transform_matrix": [
        [
          -0.104494,
          0.250672,
          -0.962416,
          3.92374
        ],
        [
          0.993316,
          0.074015,
          -0.088571,
          4.1393
        ],
        [
          0.049031,
          -0.965238,
          -0.256731,
          1.422122
        ],
        [
          0.0,
          0.0,
          0.0,
          1.0
        ]
      ]
    },
    {
      "file_path": "/media/NFS/ttao/scannet/posed_images/scene0328_00/00195.jpg",
      "transform_matrix": [
        [
          -0.100009,
          0.339748,
          -0.935184,
          3.918005
        ],
        [
          0.992897,
          0.094955,
          -0.071684,
          4.136552
        ],
        [
          0.064445,
          -0.935711,
          -0.346832,
          1.390713
        ],
        [
          0.0,
          0.0,
          0.0,
          1.0
        ]
      ]
    },
    {
      "file_path": "/media/NFS/ttao/scannet/posed_images/scene0328_00/00200.jpg",
      "transform_matrix": [
        [
          -0.093424,
          0.37916,
          -0.920603,
          3.914292
        ],
        [
          0.993761,
          0.09209,
          -0.06292,
          4.130461
        ],
        [
          0.060921,
          -0.920737,
          -0.385398,
          1.386764
        ],
        [
          0.0,
          0.0,
          0.0,
          1.0
        ]
      ]
    },
    {
      "file_path": "/media/NFS/ttao/scannet/posed_images/scene0328_00/00202.jpg",
      "transform_matrix": [
        [
          -0.092634,
          0.388711,
          -0.916691,
          3.91468
        ],
        [
          0.993964,
          0.090441,
          -0.062093,
          4.129092
        ],
        [
          0.05877,
          -0.91691,
          -0.394743,
          1.380392
        ],
        [
          0.0,
          0.0,
          0.0,
          1.0
        ]
      ]
    },
    {
      "file_path": "/media/NFS/ttao/scannet/posed_images/scene0328_00/00206.jpg",
      "transform_matrix": [
        [
          -0.09858,
          0.412351,
          -0.905676,
          3.913017
        ],
        [
          0.993455,
          0.093552,
          -0.06554,
          4.127398
        ],
        [
          0.057702,
          -0.906209,
          -0.418874,
          1.370741
        ],
        [
          0.0,
          0.0,
          0.0,
          1.0
        ]
      ]
    },
    {
      "file_path": "/media/NFS/ttao/scannet/posed_images/scene0328_00/00210.jpg",
      "transform_matrix": [
        [
          -0.112263,
          0.441881,
          -0.890021,
          3.909634
        ],
        [
          0.991945,
          0.102725,
          -0.074118,
          4.120924
        ],
        [
          0.058676,
          -0.891173,
          -0.449854,
          1.366986
        ],
        [
          0.0,
          0.0,
          0.0,
          1.0
        ]
      ]
    },
    {
      "file_path": "/media/NFS/ttao/scannet/posed_images/scene0328_00/00217.jpg",
      "transform_matrix": [
        [
          -0.144951,
          0.477457,
          -0.866616,
          3.915594
        ],
        [
          0.987701,
          0.121703,
          -0.098152,
          4.111174
        ],
        [
          0.058606,
          -0.870186,
          -0.489226,
          1.344436
        ],
        [
          0.0,
          0.0,
          0.0,
          1.0
        ]
      ]
    },
    {
      "file_path": "/media/NFS/ttao/scannet/posed_images/scene0328_00/00222.jpg",
      "transform_matrix": [
        [
          -0.18582,
          0.470955,
          -0.862364,
          3.927069
        ],
        [
          0.980989,
          0.138896,
          -0.135527,
          4.091266
        ],
        [
          0.055952,
          -0.871154,
          -0.487812,
          1.341869
        ],
        [
          0.0,
          0.0,
          0.0,
          1.0
        ]
      ]
    },
    {
      "file_path": "/media/NFS/ttao/scannet/posed_images/scene0328_00/00224.jpg",
      "transform_matrix": [
        [
          -0.207614,
          0.465962,
          -0.860102,
          3.932265
        ],
        [
          0.97691,
          0.14409,
          -0.157749,
          4.080897
        ],
        [
          0.050427,
          -0.872993,
          -0.485118,
          1.340015
        ],
        [
          0.0,
          0.0,
          0.0,
          1.0
        ]
      ]
    },
    {
      "file_path": "/media/NFS/ttao/scannet/posed_images/scene0328_00/00230.jpg",
      "transform_matrix": [
        [
          -0.281667,
          0.479266,
          -0.831245,
          3.947049
        ],
        [
          0.958887,
          0.171865,
          -0.225827,
          4.056888
        ],
        [
          0.03463,
          -0.860678,
          -0.507971,
          1.319012
        ],
        [
          0.0,
          0.0,
          0.0,
          1.0
        ]
      ]
    },
    {
      "file_path": "/media/NFS/ttao/scannet/posed_images/scene0328_00/00237.jpg",
      "transform_matrix": [
        [
          -0.37935,
          0.502313,
          -0.77703,
          3.943014
        ],
        [
          0.924529,
          0.239011,
          -0.29685,
          4.013535
        ],
        [
          0.036608,
          -0.830997,
          -0.555071,
          1.300343
        ],
        [
          0.0,
          0.0,
          0.0,
          1.0
        ]
      ]
    },
    {
      "file_path": "/media/NFS/ttao/scannet/posed_images/scene0328_00/00240.jpg",
      "transform_matrix": [
        [
          -0.42332,
          0.485507,
          -0.764907,
          3.930975
        ],
        [
          0.90513,
          0.263212,
          -0.333855,
          3.985604
        ],
        [
          0.039244,
          -0.833668,
          -0.55087,
          1.292883
        ],
        [
          0.0,
          0.0,
          0.0,
          1.0
        ]
      ]
    },
    {
      "file_path": "/media/NFS/ttao/scannet/posed_images/scene0328_00/00244.jpg",
      "transform_matrix": [
        [
          -0.48667,
          0.454506,
          -0.746041,
          3.904035
        ],
        [
          0.872958,
          0.285405,
          -0.395586,
          3.948844
        ],
        [
          0.033128,
          -0.843782,
          -0.535662,
          1.291003
        ],
        [
          0.0,
          0.0,
          0.0,
          1.0
        ]
      ]
    },
    {
      "file_path": "/media/NFS/ttao/scannet/posed_images/scene0328_00/00250.jpg",
      "transform_matrix": [
        [
          -0.602861,
          0.409488,
          -0.684747,
          3.822176
        ],
        [
          0.797796,
          0.319087,
          -0.511571,
          3.914689
        ],
        [
          0.009011,
          -0.854694,
          -0.519053,
          1.287986
        ],
        [
          0.0,
          0.0,
          0.0,
          1.0
        ]
      ]
    },
    {
      "file_path": "/media/NFS/ttao/scannet/posed_images/scene0328_00/00257.jpg",
      "transform_matrix": [
        [
          -0.760309,
          0.339116,
          -0.554014,
          3.729612
        ],
        [
          0.649436,
          0.380056,
          -0.658627,
          3.859
        ],
        [
          -0.012794,
          -0.860557,
          -0.509194,
          1.302273
        ],
        [
          0.0,
          0.0,
          0.0,
          1.0
        ]
      ]
    },
    {
      "file_path": "/media/NFS/ttao/scannet/posed_images/scene0328_00/00258.jpg",
      "transform_matrix": [
        [
          -0.774338,
          0.333277,
          -0.537892,
          3.722716
        ],
        [
          0.632585,
          0.387019,
          -0.670859,
          3.855562
        ],
        [
          -0.015407,
          -0.859734,
          -0.51051,
          1.305413
        ],
        [
          0.0,
          0.0,
          0.0,
          1.0
        ]
      ]
    },
    {
      "file_path": "/media/NFS/ttao/scannet/posed_images/scene0328_00/00265.jpg",
      "transform_matrix": [
        [
          -0.866428,
          0.291841,
          -0.40513,
          3.619147
        ],
        [
          0.496092,
          0.411319,
          -0.764663,
          3.814825
        ],
        [
          -0.056522,
          -0.863508,
          -0.501159,
          1.32278
        ],
        [
          0.0,
          0.0,
          0.0,
          1.0
        ]
      ]
    },
    {
      "file_path": "/media/NFS/ttao/scannet/posed_images/scene0328_00/00267.jpg",
      "transform_matrix": [
        [
          -0.883242,
          0.278514,
          -0.377244,
          3.596026
        ],
        [
          0.465315,
          0.421046,
          -0.77859,
          3.793623
        ],
        [
          -0.058011,
          -0.863221,
          -0.501482,
          1.331378
        ],
        [
          0.0,
          0.0,
          0.0,
          1.0
        ]
      ]
    },
    {
      "file_path": "/media/NFS/ttao/scannet/posed_images/scene0328_00/00274.jpg",
      "transform_matrix": [
        [
          -0.930561,
          0.203665,
          -0.304264,
          3.485915
        ],
        [
          0.363767,
          0.419893,
          -0.831482,
          3.728333
        ],
        [
          -0.041585,
          -0.884426,
          -0.464823,
          1.346146
        ],
        [
          0.0,
          0.0,
          0.0,
          1.0
        ]
      ]
    },
    {
      "file_path": "/media/NFS/ttao/scannet/posed_images/scene0328_00/00279.jpg",
      "transform_matrix": [
        [
          -0.935069,
          0.188356,
          -0.300281,
          3.451989
        ],
        [
          0.352412,
          0.402901,
          -0.844676,
          3.684578
        ],
        [
          -0.038116,
          -0.895652,
          -0.443119,
          1.335999
        ],
        [
          0.0,
          0.0,
          0.0,
          1.0
        ]
      ]
    },
    {
      "file_path": "/media/NFS/ttao/scannet/posed_images/scene0328_00/00282.jpg",
      "transform_matrix": [
        [
          -0.937517,
          0.184832,
          -0.294787,
          3.405091
        ],
        [
          0.346295,
          0.413395,
          -0.842131,
          3.66223
        ],
        [
          -0.033789,
          -0.891595,
          -0.451571,
          1.346597
        ],
        [
          0.0,
          0.0,
          0.0,
          1.0
        ]
      ]
    },
    {
      "file_path": "/media/NFS/ttao/scannet/posed_images/scene0328_00/00289.jpg",
      "transform_matrix": [
        [
          -0.948634,
          0.161911,
          -0.271805,
          3.337145
        ],
        [
          0.314251,
          0.382835,
          -0.868725,
          3.626288
        ],
        [
          -0.0366,
          -0.909517,
          -0.414051,
          1.359717
        ],
        [
          0.0,
          0.0,
          0.0,
          1.0
        ]
      ]
    },
    {
      "file_path": "/media/NFS/ttao/scannet/posed_images/scene0328_00/00291.jpg",
      "transform_matrix": [
        [
          -0.949322,
          0.154497,
          -0.273712,
          3.312978
        ],
        [
          0.31244,
          0.369149,
          -0.875277,
          3.621082
        ],
        [
          -0.034187,
          -0.916439,
          -0.398712,
          1.347848
        ],
        [
          0.0,
          0.0,
          0.0,
          1.0
        ]
      ]
    },
    {
      "file_path": "/media/NFS/ttao/scannet/posed_images/scene0328_00/00299.jpg",
      "transform_matrix": [
        [
          -0.946246,
          0.125845,
          -0.297962,
          3.188141
        ],
        [
          0.323397,
          0.351693,
          -0.87848,
          3.621451
        ],
        [
          -0.005762,
          -0.927618,
          -0.373486,
          1.355579
        ],
        [
          0.0,
          0.0,
          0.0,
          1.0
        ]
      ]
    },
    {
      "file_path": "/media/NFS/ttao/scannet/posed_images/scene0328_00/00302.jpg",
      "transform_matrix": [
        [
          -0.940726,
          0.126902,
          -0.314532,
          3.147998
        ],
        [
          0.339149,
          0.3424,
          -0.876208,
          3.623647
        ],
        [
          -0.003496,
          -0.930945,
          -0.365143,
          1.339501
        ],
        [
          0.0,
          0.0,
          0.0,
          1.0
        ]
      ]
    },
    {
      "file_path": "/media/NFS/ttao/scannet/posed_images/scene0328_00/00305.jpg",
      "transform_matrix": [
        [
          -0.935442,
          0.140244,
          -0.324469,
          3.105623
        ],
        [
          0.353249,
          0.337668,
          -0.872465,
          3.61754
        ],
        [
          -0.012795,
          -0.930759,
          -0.36541,
          1.33055
        ],
        [
          0.0,
          0.0,
          0.0,
          1.0
        ]
      ]
    },
    {
      "file_path": "/media/NFS/ttao/scannet/posed_images/scene0328_00/00313.jpg",
      "transform_matrix": [
        [
          -0.937809,
          0.171668,
          -0.301737,
          3.012538
        ],
        [
          0.345549,
          0.378157,
          -0.858832,
          3.57735
        ],
        [
          -0.03333,
          -0.909685,
          -0.413959,
          1.3324
        ],
        [
          0.0,
          0.0,
          0.0,
          1.0
        ]
      ]
    },
    {
      "file_path": "/media/NFS/ttao/scannet/posed_images/scene0328_00/00316.jpg",
      "transform_matrix": [
        [
          -0.943803,
          0.158598,
          -0.289969,
          2.985071
        ],
        [
          0.32959,
          0.386292,
          -0.861481,
          3.550351
        ],
        [
          -0.024616,
          -0.908639,
          -0.416856,
          1.338764
        ],
        [
          0.0,
          0.0,
          0.0,
          1.0
        ]
      ]
    },
    {
      "file_path": "/media/NFS/ttao/scannet/posed_images/scene0328_00/00320.jpg",
      "transform_matrix": [
        [
          -0.950207,
          0.135788,
          -0.280478,
          2.935203
        ],
        [
          0.311331,
          0.375025,
          -0.873172,
          3.507173
        ],
        [
          -0.01338,
          -0.917016,
          -0.398627,
          1.33468
        ],
        [
          0.0,
          0.0,
          0.0,
          1.0
        ]
      ]
    },
    {
      "file_path": "/media/NFS/ttao/scannet/posed_images/scene0328_00/00327.jpg",
      "transform_matrix": [
        [
          -0.965627,
          0.111824,
          -0.23465,
          2.856857
        ],
        [
          0.259114,
          0.342494,
          -0.903082,
          3.417221
        ],
        [
          -0.02062,
          -0.932841,
          -0.359697,
          1.345324
        ],
        [
          0.0,
          0.0,
          0.0,
          1.0
        ]
      ]
    },
    {
      "file_path": "/media/NFS/ttao/scannet/posed_images/scene0328_00/00329.jpg",
      "transform_matrix": [
        [
          -0.968014,
          0.111742,
          -0.224637,
          2.835076
        ],
        [
          0.24972,
          0.342596,
          -0.905686,
          3.39092
        ],
        [
          -0.024243,
          -0.932814,
          -0.359542,
          1.352144
        ],
        [
          0.0,
          0.0,
          0.0,
          1.0
        ]
      ]
    },
    {
      "file_path": "/media/NFS/ttao/scannet/posed_images/scene0328_00/00336.jpg",
      "transform_matrix": [
        [
          -0.964583,
          0.138609,
          -0.224428,
          2.773169
        ],
        [
          0.259254,
          0.341218,
          -0.903525,
          3.324253
        ],
        [
          -0.048658,
          -0.929709,
          -0.365068,
          1.353628
        ],
        [
          0.0,
          0.0,
          0.0,
          1.0
        ]
      ]
    },
    {
      "file_path": "/media/NFS/ttao/scannet/posed_images/scene0328_00/00337.jpg",
      "transform_matrix": [
        [
          -0.965296,
          0.138673,
          -0.221301,
          2.762143
        ],
        [
          0.256211,
          0.338668,
          -0.905351,
          3.314639
        ],
        [
          -0.0506,
          -0.930631,
          -0.362444,
          1.352623
        ],
        [
          0.0,
          0.0,
          0.0,
          1.0
        ]
      ]
    },
    {
      "file_path": "/media/NFS/ttao/scannet/posed_images/scene0328_00/00346.jpg",
      "transform_matrix": [
        [
          -0.981581,
          0.093479,
          -0.166614,
          2.648768
        ],
        [
          0.186637,
          0.282932,
          -0.940806,
          3.227714
        ],
        [
          -0.040805,
          -0.954574,
          -0.295167,
          1.356266
        ],
        [
          0.0,
          0.0,
          0.0,
          1.0
        ]
      ]
    },
    {
      "file_path": "/media/NFS/ttao/scannet/posed_images/scene0328_00/00349.jpg",
      "transform_matrix": [
        [
          -0.982887,
          0.088897,
          -0.161337,
          2.602962
        ],
        [
          0.179514,
          0.265805,
          -0.947165,
          3.199534
        ],
        [
          -0.041316,
          -0.959919,
          -0.277215,
          1.35813
        ],
        [
          0.0,
          0.0,
          0.0,
          1.0
        ]
      ]
    },
    {
      "file_path": "/media/NFS/ttao/scannet/posed_images/scene0328_00/00353.jpg",
      "transform_matrix": [
        [
          -0.987895,
          0.075001,
          -0.135789,
          2.54879
        ],
        [
          0.152049,
          0.294695,
          -0.943417,
          3.153797
        ],
        [
          -0.030741,
          -0.952644,
          -0.302531,
          1.356107
        ],
        [
          0.0,
          0.0,
          0.0,
          1.0
        ]
      ]
    },
    {
      "file_path": "/media/NFS/ttao/scannet/posed_images/scene0328_00/00360.jpg",
      "transform_matrix": [
        [
          -0.996209,
          0.058913,
          -0.064013,
          2.463759
        ],
        [
          0.080001,
          0.331268,
          -0.940139,
          3.068034
        ],
        [
          -0.034181,
          -0.941696,
          -0.334725,
          1.358433
        ],
        [
          0.0,
          0.0,
          0.0,
          1.0
        ]
      ]
    },
    {
      "file_path": "/media/NFS/ttao/scannet/posed_images/scene0328_00/00363.jpg",
      "transform_matrix": [
        [
          -0.997853,
          0.048524,
          -0.043978,
          2.434805
        ],
        [
          0.057435,
          0.325833,
          -0.943681,
          3.023638
        ],
        [
          -0.031462,
          -0.944181,
          -0.32792,
