{
  "frames": [
    {
      "file_path": "/media/NFS/ttao/scannet/posed_images/scene0147_01/00000.jpg",
      "transform_matrix": [
        [
          0.766608,
          0.348209,
          -0.539503,
          3.770888
        ],
        [
          0.641933,
          -0.395549,
          0.656858,
          2.979851
        ],
        [
          0.015324,
          -0.849877,
          -0.526758,
          1.494675
        ],
        [
          0.0,
          0.0,
          0.0,
          1.0
        ]
      ]
    },
    {
      "file_path": "/media/NFS/ttao/scannet/posed_images/scene0147_01/00005.jpg",
      "transform_matrix": [
        [
          0.747023,
          0.35628,
          -0.561268,
          3.762251
        ],
        [
          0.664587,
          -0.378925,
          0.644003,
          2.981251
        ],
        [
          0.016768,
          -0.854096,
          -0.519845,
          1.499642
        ],
        [
          0.0,
          0.0,
          0.0,
          1.0
        ]
      ]
    },
    {
      "file_path": "/media/NFS/ttao/scannet/posed_images/scene0147_01/00011.jpg",
      "transform_matrix": [
        [
          0.715786,
          0.364935,
          -0.595376,
          3.74757
        ],
        [
          0.698263,
          -0.363149,
          0.616889,
          2.985892
        ],
        [
          0.008914,
          -0.85729,
          -0.514758,
          1.498214
        ],
        [
          0.0,
          0.0,
          0.0,
          1.0
        ]
      ]
    },
    {
      "file_path": "/media/NFS/ttao/scannet/posed_images/scene0147_01/00018.jpg",
      "transform_matrix": [
        [
          0.680422,
          0.379082,
          -0.627155,
          3.738931
        ],
        [
          0.732746,
          -0.339712,
          0.589643,
          3.006605
        ],
        [
          0.010471,
          -0.860751,
          -0.508918,
          1.505167
        ],
        [
          0.0,
          0.0,
          0.0,
          1.0
        ]
      ]
    },
    {
      "file_path": "/media/NFS/ttao/scannet/posed_images/scene0147_01/00027.jpg",
      "transform_matrix": [
        [
          0.654377,
          0.357645,
          -0.666244,
          3.749343
        ],
        [
          0.756152,
          -0.303797,
          0.579604,
          3.05215
        ],
        [
          0.004889,
          -0.883062,
          -0.469232,
          1.530575
        ],
        [
          0.0,
          0.0,
          0.0,
          1.0
        ]
      ]
    },
    {
      "file_path": "/media/NFS/ttao/scannet/posed_images/scene0147_01/00029.jpg",
      "transform_matrix": [
        [
          0.648083,
          0.357471,
          -0.67246,
          3.751156
        ],
        [
          0.761559,
          -0.299454,
          0.574766,
          3.061817
        ],
        [
          0.004091,
          -0.884614,
          -0.466306,
          1.534242
        ],
        [
          0.0,
          0.0,
          0.0,
          1.0
        ]
      ]
    },
    {
      "file_path": "/media/NFS/ttao/scannet/posed_images/scene0147_01/00040.jpg",
      "transform_matrix": [
        [
          0.633298,
          0.32554,
          -0.702109,
          3.722469
        ],
        [
          0.773879,
          -0.258472,
          0.57819,
          3.098432
        ],
        [
          0.006749,
          -0.909514,
          -0.415618,
          1.580277
        ],
        [
          0.0,
          0.0,
          0.0,
          1.0
        ]
      ]
    },
    {
      "file_path": "/media/NFS/ttao/scannet/posed_images/scene0147_01/00042.jpg",
      "transform_matrix": [
        [
          0.639027,
          0.304316,
          -0.706425,
          3.718026
        ],
        [
          0.769182,
          -0.250618,
          0.587835,
          3.096232
        ],
        [
          0.001845,
          -0.919012,
          -0.394226,
          1.580367
        ],
        [
          0.0,
          0.0,
          0.0,
          1.0
        ]
      ]
    },
    {
      "file_path": "/media/NFS/ttao/scannet/posed_images/scene0147_01/00047.jpg",
      "transform_matrix": [
        [
          0.655449,
          0.272557,
          -0.704343,
          3.704758
        ],
        [
          0.755224,
          -0.230557,
          0.61358,
          3.086554
        ],
        [
          0.004844,
          -0.934107,
          -0.35696,
          1.591638
        ],
        [
          0.0,
          0.0,
          0.0,
          1.0
        ]
      ]
    },
    {
      "file_path": "/media/NFS/ttao/scannet/posed_images/scene0147_01/00058.jpg",
      "transform_matrix": [
        [
          0.709748,
          0.236872,
          -0.663437,
          3.665066
        ],
        [
          0.704425,
          -0.229881,
          0.671521,
          3.070418
        ],
        [
          0.006552,
          -0.943953,
          -0.330016,
          1.624736
        ],
        [
          0.0,
          0.0,
          0.0,
          1.0
        ]
      ]
    },
    {
      "file_path": "/media/NFS/ttao/scannet/posed_images/scene0147_01/00063.jpg",
      "transform_matrix": [
        [
          0.748484,
          0.221994,
          -0.624892,
          3.66614
        ],
        [
          0.663088,
          -0.23742,
          0.709891,
          3.063338
        ],
        [
          0.00923,
          -0.945701,
          -0.324907,
          1.623166
        ],
        [
          0.0,
          0.0,
          0.0,
          1.0
        ]
      ]
    },
    {
      "file_path": "/media/NFS/ttao/scannet/posed_images/scene0147_01/00069.jpg",
      "transform_matrix": [
        [
          0.803137,
          0.184011,
          -0.566666,
          3.678158
        ],
        [
          0.595744,
          -0.235642,
          0.76783,
          3.061595
        ],
        [
          0.007759,
          -0.954261,
          -0.298876,
          1.631798
        ],
        [
          0.0,
          0.0,
          0.0,
          1.0
        ]
      ]
    },
    {
      "file_path": "/media/NFS/ttao/scannet/posed_images/scene0147_01/00074.jpg",
      "transform_matrix": [
        [
          0.824405,
          0.13577,
          -0.549475,
          3.682412
        ],
        [
          0.565999,
          -0.200128,
          0.799746,
          3.053586
        ],
        [
          -0.001384,
          -0.970317,
          -0.241832,
          1.644714
        ],
        [
          0.0,
          0.0,
          0.0,
          1.0
        ]
      ]
    },
    {
      "file_path": "/media/NFS/ttao/scannet/posed_images/scene0147_01/00082.jpg",
      "transform_matrix": [
        [
          0.840851,
          0.081161,
          -0.535148,
          3.677989
        ],
        [
          0.54119,
          -0.142796,
          0.828688,
          3.045548
        ],
        [
          -0.00916,
          -0.986419,
          -0.163994,
          1.684739
        ],
        [
          0.0,
          0.0,
          0.0,
          1.0
        ]
      ]
    },
    {
      "file_path": "/media/NFS/ttao/scannet/posed_images/scene0147_01/00083.jpg",
      "transform_matrix": [
        [
          0.841538,
          0.074672,
          -0.535012,
          3.678299
        ],
        [
          0.540077,
          -0.137262,
          0.830347,
          3.044193
        ],
        [
          -0.011433,
          -0.987716,
          -0.15584,
          1.688992
        ],
        [
          0.0,
          0.0,
          0.0,
          1.0
        ]
      ]
    },
    {
      "file_path": "/media/NFS/ttao/scannet/posed_images/scene0147_01/00094.jpg",
      "transform_matrix": [
        [
          0.833778,
          0.014906,
          -0.551898,
          3.664546
        ],
        [
          0.551486,
          -0.069599,
          0.831276,
          3.029151
        ],
        [
          -0.026021,
          -0.997464,
          -0.06625,
          1.731932
        ],
        [
          0.0,
          0.0,
          0.0,
          1.0
        ]
      ]
    },
    {
      "file_path": "/media/NFS/ttao/scannet/posed_images/scene0147_01/00100.jpg",
      "transform_matrix": [
        [
          0.829554,
          0.007313,
          -0.558379,
          3.660656
        ],
        [
          0.557997,
          -0.050065,
          0.828331,
          3.019726
        ],
        [
          -0.021897,
          -0.998719,
          -0.045613,
          1.74621
        ],
        [
          0.0,
          0.0,
          0.0,
          1.0
        ]
      ]
    },
    {
      "file_path": "/media/NFS/ttao/scannet/posed_images/scene0147_01/00102.jpg",
      "transform_matrix": [
        [
          0.82616,
          0.007671,
          -0.563383,
          3.659102
        ],
        [
          0.562977,
          -0.051563,
          0.824863,
          3.016851
        ],
        [
          -0.022722,
          -0.99864,
          -0.046918,
          1.750443
        ],
        [
          0.0,
          0.0,
          0.0,
          1.0
        ]
      ]
    },
    {
      "file_path": "/media/NFS/ttao/scannet/posed_images/scene0147_01/00107.jpg",
      "transform_matrix": [
        [
          0.811859,
          0.008185,
          -0.583797,
          3.654038
        ],
        [
          0.583321,
          -0.054083,
          0.810439,
          3.009526
        ],
        [
          -0.02494,
          -0.998503,
          -0.048682,
          1.75019
        ],
        [
          0.0,
          0.0,
          0.0,
          1.0
        ]
      ]
    },
    {
      "file_path": "/media/NFS/ttao/scannet/posed_images/scene0147_01/00114.jpg",
      "transform_matrix": [
        [
          0.796712,
          0.020472,
          -0.604013,
          3.660289
        ],
        [
          0.603971,
          -0.062785,
          0.794529,
          3.001453
        ],
        [
          -0.021658,
          -0.997817,
          -0.062386,
          1.729169
        ],
        [
          0.0,
          0.0,
          0.0,
          1.0
        ]
      ]
    },
    {
      "file_path": "/media/NFS/ttao/scannet/posed_images/scene0147_01/00120.jpg",
      "transform_matrix": [
        [
          0.7878,
          0.043527,
          -0.614392,
          3.675576
        ],
        [
          0.615689,
          -0.083673,
          0.783534,
          3.000348
        ],
        [
          -0.017303,
          -0.995542,
          -0.092717,
          1.711722
        ],
        [
          0.0,
          0.0,
          0.0,
          1.0
        ]
      ]
    },
    {
      "file_path": "/media/NFS/ttao/scannet/posed_images/scene0147_01/00131.jpg",
      "transform_matrix": [
        [
          0.788597,
          0.133972,
          -0.600139,
          3.719515
        ],
        [
          0.614805,
          -0.153705,
          0.773556,
          3.006821
        ],
        [
          0.011391,
          -0.978993,
          -0.203578,
          1.645821
        ],
        [
          0.0,
          0.0,
          0.0,
          1.0
        ]
      ]
    },
    {
      "file_path": "/media/NFS/ttao/scannet/posed_images/scene0147_01/00136.jpg",
      "transform_matrix": [
        [
          0.792071,
          0.180667,
          -0.583081,
          3.738651
        ],
        [
          0.610025,
          -0.199517,
          0.766852,
          3.016253
        ],
        [
          0.022211,
          -0.963095,
          -0.268243,
          1.621259
        ],
        [
          0.0,
          0.0,
          0.0,
          1.0
        ]
      ]
    },
    {
      "file_path": "/media/NFS/ttao/scannet/posed_images/scene0147_01/00141.jpg",
      "transform_matrix": [
        [
          0.79933,
          0.207194,
          -0.564041,
          3.778671
        ],
        [
          0.600409,
          -0.237748,
          0.763535,
          3.018179
        ],
        [
          0.0241,
          -0.948972,
          -0.31444,
          1.573064
        ],
        [
          0.0,
          0.0,
          0.0,
          1.0
        ]
      ]
    },
    {
      "file_path": "/media/NFS/ttao/scannet/posed_images/scene0147_01/00147.jpg",
      "transform_matrix": [
        [
          0.842733,
          0.232019,
          -0.485766,
          3.805113
        ],
        [
          0.534486,
          -0.252941,
          0.80644,
          3.027987
        ],
        [
          0.064239,
          -0.939249,
          -0.337172,
          1.556342
        ],
        [
          0.0,
          0.0,
          0.0,
          1.0
        ]
      ]
    },
    {
      "file_path": "/media/NFS/ttao/scannet/posed_images/scene0147_01/00151.jpg",
      "transform_matrix": [
        [
          0.881725,
          0.211026,
          -0.421935,
          3.809862
        ],
        [
          0.466666,
          -0.259009,
          0.845658,
          3.02782
        ],
        [
          0.069171,
          -0.94254,
          -0.326854,
          1.550497
        ],
        [
          0.0,
          0.0,
          0.0,
          1.0
        ]
      ]
    },
    {
      "file_path": "/media/NFS/ttao/scannet/posed_images/scene0147_01/00160.jpg",
      "transform_matrix": [
        [
          0.946039,
          0.152879,
          -0.285722,
          3.793689
        ],
        [
          0.321364,
          -0.329306,
          0.887853,
          2.989307
        ],
        [
          0.041644,
          -0.931765,
          -0.360666,
          1.562388
        ],
        [
          0.0,
          0.0,
          0.0,
          1.0
        ]
      ]
    },
    {
      "file_path": "/media/NFS/ttao/scannet/posed_images/scene0147_01/00165.jpg",
      "transform_matrix": [
        [
          0.95421,
          0.148284,
          -0.259798,
          3.77673
        ],
        [
          0.297497,
          -0.379591,
          0.876017,
          2.942435
        ],
        [
          0.031283,
          -0.913194,
          -0.406324,
          1.544404
        ],
        [
          0.0,
          0.0,
          0.0,
          1.0
        ]
      ]
    },
    {
      "file_path": "/media/NFS/ttao/scannet/posed_images/scene0147_01/00169.jpg",
      "transform_matrix": [
        [
          0.956579,
          0.154028,
          -0.247451,
          3.76315
        ],
        [
          0.289975,
          -0.41693,
          0.861443,
          2.907507
        ],
        [
          0.029517,
          -0.895793,
          -0.443491,
          1.534985
        ],
        [
          0.0,
          0.0,
          0.0,
          1.0
        ]
      ]
    },
    {
      "file_path": "/media/NFS/ttao/scannet/posed_images/scene0147_01/00174.jpg",
      "transform_matrix": [
        [
          0.949224,
          0.17655,
          -0.260392,
          3.743156
        ],
        [
          0.312702,
          -0.438671,
          0.842488,
          2.863588
        ],
        [
          0.034515,
          -0.881135,
          -0.471604,
          1.517951
        ],
        [
          0.0,
          0.0,
          0.0,
          1.0
        ]
      ]
    },
    {
      "file_path": "/media/NFS/ttao/scannet/posed_images/scene0147_01/00185.jpg",
      "transform_matrix": [
        [
          0.912862,
          0.229681,
          -0.337534,
          3.693193
        ],
        [
          0.407593,
          -0.465205,
          0.785781,
          2.782063
        ],
        [
          0.023456,
          -0.854887,
          -0.518284,
          1.480653
        ],
        [
          0.0,
          0.0,
          0.0,
          1.0
        ]
      ]
    },
    {
      "file_path": "/media/NFS/ttao/scannet/posed_images/scene0147_01/00190.jpg",
      "transform_matrix": [
        [
          0.886176,
          0.25372,
          -0.387709,
          3.673528
        ],
        [
          0.463141,
          -0.459964,
          0.757584,
          2.752195
        ],
        [
          0.013882,
          -0.850917,
          -0.525117,
          1.465875
        ],
        [
          0.0,
          0.0,
          0.0,
          1.0
        ]
      ]
    },
    {
      "file_path": "/media/NFS/ttao/scannet/posed_images/scene0147_01/00196.jpg",
      "transform_matrix": [
        [
          0.848095,
          0.268241,
          -0.456925,
          3.648571
        ],
        [
          0.52984,
          -0.42618,
          0.73324,
          2.731118
        ],
        [
          0.001953,
          -0.863955,
          -0.503566,
          1.477624
        ],
        [
          0.0,
          0.0,
          0.0,
          1.0
        ]
      ]
    },
    {
      "file_path": "/media/NFS/ttao/scannet/posed_images/scene0147_01/00198.jpg",
      "transform_matrix": [
        [
          0.834924,
          0.268278,
          -0.480551,
          3.640886
        ],
        [
          0.550361,
          -0.41069,
          0.726937,
          2.726765
        ],
        [
          -0.002337,
          -0.871413,
          -0.490544,
          1.484389
        ],
        [
          0.0,
          0.0,
          0.0,
          1.0
        ]
      ]
    },
    {
      "file_path": "/media/NFS/ttao/scannet/posed_images/scene0147_01/00209.jpg",
      "transform_matrix": [
        [
          0.761658,
          0.284654,
          -0.582108,
          3.610722
        ],
        [
          0.647899,
          -0.348738,
          0.677207,
          2.723369
        ],
        [
          -0.010234,
          -0.892947,
          -0.450046,
          1.506372
        ],
        [
          0.0,
          0.0,
          0.0,
          1.0
        ]
      ]
    },
    {
      "file_path": "/media/NFS/ttao/scannet/posed_images/scene0147_01/00210.jpg",
      "transform_matrix": [
        [
          0.75478,
          0.289444,
          -0.588668,
          3.606673
        ],
        [
          0.655918,
          -0.345191,
          0.671278,
          2.726003
        ],
        [
          -0.008906,
          -0.892785,
          -0.450395,
          1.509962
        ],
        [
          0.0,
          0.0,
          0.0,
          1.0
        ]
      ]
    },
    {
      "file_path": "/media/NFS/ttao/scannet/posed_images/scene0147_01/00216.jpg",
      "transform_matrix": [
        [
          0.701543,
          0.310416,
          -0.641466,
          3.59318
        ],
        [
          0.71258,
          -0.315824,
          0.626486,
          2.742833
        ],
        [
          -0.008119,
          -0.896603,
          -0.442761,
          1.51266
        ],
        [
          0.0,
          0.0,
          0.0,
          1.0
        ]
      ]
    },
    {
      "file_path": "/media/NFS/ttao/scannet/posed_images/scene0147_01/00223.jpg",
      "transform_matrix": [
        [
          0.632457,
          0.297411,
          -0.715224,
          3.564404
        ],
        [
          0.774372,
          -0.264968,
          0.574579,
          2.784302
        ],
        [
          -0.018625,
          -0.917245,
          -0.397888,
          1.555758
        ],
        [
          0.0,
          0.0,
          0.0,
          1.0
        ]
      ]
    },
    {
      "file_path": "/media/NFS/ttao/scannet/posed_images/scene0147_01/00232.jpg",
      "transform_matrix": [
        [
          0.513501,
          0.276943,
          -0.81217,
          3.554369
        ],
        [
          0.857942,
          -0.183236,
          0.479959,
          2.816904
        ],
        [
          -0.015898,
          -0.943254,
          -0.331693,
          1.586164
        ],
        [
          0.0,
          0.0,
          0.0,
          1.0
        ]
      ]
    },
    {
      "file_path": "/media/NFS/ttao/scannet/posed_images/scene0147_01/00236.jpg",
      "transform_matrix": [
        [
          0.455458,
          0.284557,
          -0.843555,
          3.559029
        ],
        [
          0.890255,
          -0.147442,
          0.430936,
          2.816829
        ],
        [
          -0.00175,
          -0.947253,
          -0.320483,
          1.587533
        ],
        [
          0.0,
          0.0,
          0.0,
          1.0
        ]
      ]
    },
    {
      "file_path": "/media/NFS/ttao/scannet/posed_images/scene0147_01/00245.jpg",
      "transform_matrix": [
        [
          0.325522,
          0.320023,
          -0.889731,
          3.581153
        ],
        [
          0.945516,
          -0.104362,
          0.308394,
          2.813191
        ],
        [
          0.005839,
          -0.941644,
          -0.336559,
          1.564343
        ],
        [
          0.0,
          0.0,
          0.0,
          1.0
        ]
      ]
    },
    {
      "file_path": "/media/NFS/ttao/scannet/posed_images/scene0147_01/00250.jpg",
      "transform_matrix": [
        [
          0.255643,
          0.347726,
          -0.902071,
          3.599229
        ],
        [
          0.966768,
          -0.089567,
          0.239452,
          2.830516
        ],
        [
          0.002468,
          -0.933309,
          -0.359067,
          1.569837
        ],
        [
          0.0,
          0.0,
          0.0,
          1.0
        ]
      ]
    },
    {
      "file_path": "/media/NFS/ttao/scannet/posed_images/scene0147_01/00258.jpg",
      "transform_matrix": [
        [
          0.214187,
          0.350588,
          -0.911708,
          3.615289
        ],
        [
          0.976787,
          -0.073756,
          0.201114,
          2.795528
        ],
        [
          0.003264,
          -0.933621,
          -0.358247,
          1.571074
        ],
        [
          0.0,
          0.0,
          0.0,
          1.0
        ]
      ]
    },
    {
      "file_path": "/media/NFS/ttao/scannet/posed_images/scene0147_01/00259.jpg",
      "transform_matrix": [
        [
          0.210957,
          0.350206,
          -0.912608,
          3.618786
        ],
        [
          0.977494,
          -0.074025,
          0.197549,
          2.793811
        ],
        [
          0.001627,
          -0.933743,
          -0.35794,
          1.56924
        ],
        [
          0.0,
          0.0,
          0.0,
          1.0
        ]
      ]
    },
    {
      "file_path": "/media/NFS/ttao/scannet/posed_images/scene0147_01/00268.jpg",
      "transform_matrix": [
        [
          0.20111,
          0.396975,
          -0.895525,
          3.654225
        ],
        [
          0.979497,
          -0.070427,
          0.188749,
          2.773569
        ],
        [
          0.01186,
          -0.915123,
          -0.403,
          1.538266
        ],
        [
          0.0,
          0.0,
          0.0,
          1.0
        ]
      ]
    },
    {
      "file_path": "/media/NFS/ttao/scannet/posed_images/scene0147_01/00270.jpg",
      "transform_matrix": [
        [
          0.209157,
          0.406669,
          -0.889311,
          3.659577
        ],
        [
          0.977751,
          -0.072084,
          0.196994,
          2.760162
        ],
        [
          0.016006,
          -0.910727,
          -0.412698,
          1.531257
        ],
        [
          0.0,
          0.0,
          0.0,
          1.0
        ]
      ]
    },
    {
      "file_path": "/media/NFS/ttao/scannet/posed_images/scene0147_01/00281.jpg",
      "transform_matrix": [
        [
          0.230505,
          0.466555,
          -0.853928,
          3.683645
        ],
        [
          0.97284,
          -0.091386,
          0.212674,
          2.7173
        ],
        [
          0.021188,
          -0.879759,
          -0.474949,
          1.498747
        ],
        [
          0.0,
          0.0,
          0.0,
          1.0
        ]
      ]
    },
    {
      "file_path": "/media/NFS/ttao/scannet/posed_images/scene0147_01/00283.jpg",
      "transform_matrix": [
        [
          0.231244,
          0.471993,
          -0.850734,
          3.688159
        ],
        [
          0.972563,
          -0.089275,
          0.214829,
          2.708596
        ],
        [
          0.025449,
          -0.87707,
          -0.479688,
          1.492389
        ],
        [
          0.0,
          0.0,
          0.0,
          1.0
        ]
      ]
    },
    {
      "file_path": "/media/NFS/ttao/scannet/posed_images/scene0147_01/00294.jpg",
      "transform_matrix": [
        [
          0.175405,
          0.521885,
          -0.834787,
          3.705704
        ],
        [
          0.984279,
          -0.075147,
          0.159836,
          2.689824
        ],
        [
          0.020684,
          -0.849699,
          -0.526862,
          1.463616
        ],
        [
          0.0,
          0.0,
          0.0,
          1.0
        ]
      ]
    },
    {
      "file_path": "/media/NFS/ttao/scannet/posed_images/scene0147_01/00299.jpg",
      "transform_matrix": [
        [
          0.130399,
          0.548509,
          -0.825914,
          3.712751
        ],
        [
          0.991394,
          -0.06243,
          0.115065,
          2.706255
        ],
        [
          0.011552,
          -0.833811,
          -0.55193,
          1.450765
        ],
        [
          0.0,
          0.0,
          0.0,
          1.0
        ]
      ]
    },
    {
      "file_path": "/media/NFS/ttao/scannet/posed_images/scene0147_01/00301.jpg",
      "transform_matrix": [
        [
          0.111944,
          0.559308,
          -0.821367,
          3.715455
        ],
        [
          0.993646,
          -0.053278,
          0.099145,
          2.722096
        ],
        [
          0.011692,
          -0.827247,
          -0.561718,
          1.443831
        ],
        [
          0.0,
          0.0,
          0.0,
          1.0
        ]
      ]
    },
    {
      "file_path": "/media/NFS/ttao/scannet/posed_images/scene0147_01/00308.jpg",
      "transform_matrix": [
        [
          0.006403,
          0.602786,
          -0.797877,
          3.728428
        ],
        [
          0.998835,
          0.03431,
          0.033936,
          2.800081
        ],
        [
          0.047831,
          -0.797165,
          -0.601864,
          1.415042
        ],
        [
          0.0,
          0.0,
          0.0,
          1.0
        ]
      ]
    },
    {
      "file_path": "/media/NFS/ttao/scannet/posed_images/scene0147_01/00317.jpg",
      "transform_matrix": [
        [
          -0.188204,
          0.627502,
          -0.755526,
          3.762557
        ],
        [
          0.979641,
          0.174671,
          -0.098958,
          2.903852
        ],
        [
          0.069872,
          -0.758769,
          -0.647601,
          1.390687
        ],
        [
          0.0,
          0.0,
          0.0,
          1.0
        ]
      ]
    },
    {
      "file_path": "/media/NFS/ttao/scannet/posed_images/scene0147_01/00323.jpg",
      "transform_matrix": [
        [
          -0.268497,
          0.6274,
          -0.730943,
          3.781354
        ],
        [
          0.958476,
          0.249699,
          -0.137749,
          2.945584
        ],
        [
          0.096092,
          -0.737577,
          -0.668392,
          1.385519
        ],
        [
          0.0,
          0.0,
          0.0,
          1.0
        ]
      ]
    },
    {
      "file_path": "/media/NFS/ttao/scannet/posed_images/scene0147_01/00327.jpg",
      "transform_matrix": [
        [
          -0.275495,
          0.631244,
          -0.725006,
          3.791425
        ],
        [
          0.957056,
          0.250914,
          -0.145207,
          2.965166
        ],
        [
          0.090253,
          -0.733875,
          -0.673262,
          1.384214
        ],
        [
          0.0,
          0.0,
          0.0,
          1.0
        ]
      ]
    },
    {
      "file_path": "/media/NFS/ttao/scannet/posed_images/scene0147_01/00336.jpg",
      "transform_matrix": [
        [
          -0.241755,
          0.661914,
          -0.709524,
          3.813874
        ],
        [
          0.963757,
          0.248809,
          -0.096265,
          2.98519
        ],
        [
          0.112816,
          -0.707081,
          -0.698075,
          1.371955
        ],
        [
          0.0,
          0.0,
          0.0,
          1.0
        ]
      ]
    },
    {
      "file_path": "/media/NFS/ttao/scannet/posed_images/scene0147_01/00337.jpg",
      "transform_matrix": [
        [
          -0.243724,
          0.661093,
          -0.709616,
          3.816995
        ],
        [
          0.96363,
          0.247768,
          -0.100142,
          2.98728
        ],
        [
          0.109617,
          -0.708214,
          -0.697436,
          1.372261
        ],
        [
          0.0,
          0.0,
          0.0,
          1.0
        ]
      ]
    },
    {
      "file_path": "/media/NFS/ttao/scannet/posed_images/scene0147_01/00348.jpg",
      "transform_matrix": [
        [
          -0.42209,
          0.598482,
          -0.680925,
          3.842218
        ],
        [
          0.904903,
          0.323451,
          -0.27664,
          3.039001
        ],
        [
          0.054682,
          -0.732939,
          -0.678094,
          1.404995
        ],
        [
          0.0,
          0.0,
          0.0,
          1.0
        ]
      ]
    },
    {
      "file_path": "/media/NFS/ttao/scannet/posed_images/scene0147_01/00350.jpg",
      "transform_matrix": [
        [
          -0.45927,
          0.577431,
          -0.675014,
          3.846627
        ],
        [
          0.886946,
          0.339985,
          -0.31263,
          3.050166
        ],
        [
          0.048973,
          -0.742283,
          -0.668295,
          1.413482
        ],
        [
          0.0,
          0.0,
          0.0,
          1.0
        ]
      ]
    },
    {
      "file_path": "/media/NFS/ttao/scannet/posed_images/scene0147_01/00356.jpg",
      "transform_matrix": [
        [
          -0.555886,
          0.522856,
          -0.64623,
          3.858212
        ],
        [
          0.830208,
          0.388282,
          -0.399989,
          3.091831
        ],
        [
          0.041783,
          -0.758854,
          -0.64992,
          1.434929
        ],
        [
          0.0,
          0.0,
          0.0,
          1.0
        ]
      ]
    },
    {
      "file_path": "/media/NFS/ttao/scannet/posed_images/scene0147_01/00363.jpg",
      "transform_matrix": [
        [
          -0.616124,
          0.491417,
          -0.615548,
          3.865275
        ],
        [
          0.787393,
          0.404204,
          -0.465438,
          3.124856
        ],
        [
          0.020083,
          -0.771446,
          -0.635978,
          1.462005
        ],
        [
          0.0,
          0.0,
          0.0,
          1.0
        ]
      ]
    },
    {
      "file_path": "/media/NFS/ttao/scannet/posed_images/scene0147_01/00372.jpg",
      "transform_matrix": [
        [
          -0.6531,
          0.46212,
          -0.599921,
          3.872567
        ],
        [
          0.75726,
          0.402999,
          -0.513955,
          3.140167
        ],
        [
          0.004259,
          -0.78996,
          -0.613143,
          1.483084
        ],
        [
          0.0,
          0.0,
          0.0,
          1.0
        ]
      ]
    },
    {
      "file_path": "/media/NFS/ttao/scannet/posed_images/scene0147_01/00375.jpg",
      "transform_matrix": [
        [
          -0.672064,
          0.44527,
          -0.591663,
          3.879584
        ],
        [
          0.740464,
          0.411158,
          -0.53166,
          3.13852
        ],
        [
          0.006535,
          -0.795415,
          -0.606031,
          1.48633
        ],
        [
          0.0,
          0.0,
          0.0,
          1.0
        ]
      ]
    },
    {
      "file_path": "/media/NFS/ttao/scannet/posed_images/scene0147_01/00385.jpg",
      "transform_matrix": [
        [
          -0.704272,
          0.415976,
          -0.575295,
          3.901734
        ],
        [
          0.70993,
          0.412893,
          -0.570542,
          3.125718
        ],
        [
          0.000203,
          -0.810236,
          -0.586104,
          1.498878
        ],
        [
          0.0,
          0.0,
          0.0,
          1.0
        ]
      ]
    },
    {
      "file_path": "/media/NFS/ttao/scannet/posed_images/scene0147_01/00390.jpg",
      "transform_matrix": [
        [
          -0.70401,
          0.410409,
          -0.579598,
          3.903413
        ],
        [
          0.710189,
          0.405498,
          -0.575502,
          3.115047
        ],
        [
          -0.001165,
          -0.816784,
          -0.576943,
          1.506899
        ],
        [
          0.0,
          0.0,
          0.0,
          1.0
        ]
      ]
    },
    {
      "file_path": "/media/NFS/ttao/scannet/posed_images/scene0147_01/00395.jpg",
      "transform_matrix": [
        [
          -0.702304,
          0.407773,
          -0.583515,
          3.901622
        ],
        [
          0.71184,
          0.393913,
          -0.581478,
          3.103907
        ],
        [
          -0.007257,
          -0.823744,
          -0.566916,
          1.519418
        ],
        [
          0.0,
          0.0,
          0.0,
          1.0
        ]
      ]
    },
    {
      "file_path": "/media/NFS/ttao/scannet/posed_images/scene0147_01/00397.jpg",
      "transform_matrix": [
        [
          -0.700634,
          0.405851,
          -0.586854,
          3.901864
        ],
        [
          0.713441,
          0.38616,
          -0.584706,
          3.097536
        ],
        [
          -0.010684,
          -0.828351,
          -0.560108,
          1.523412
        ],
        [
          0.0,
          0.0,
          0.0,
          1.0
        ]
      ]
    },
    {
      "file_path": "/media/NFS/ttao/scannet/posed_images/scene0147_01/00408.jpg",
      "transform_matrix": [
        [
          -0.694997,
          0.391923,
          -0.602806,
          3.8927
        ],
        [
          0.7185,
          0.346912,
          -0.602835,
          3.086745
        ],
        [
          -0.027144,
          -0.852085,
          -0.5227,
          1.539544
        ],
        [
          0.0,
          0.0,
          0.0,
          1.0
        ]
      ]
    },
    {
      "file_path": "/media/NFS/ttao/scannet/posed_images/scene0147_01/00412.jpg",
      "transform_matrix": [
        [
          -0.692624,
          0.393787,
          -0.60432,
          3.888889
        ],
        [
          0.720622,
          0.341497,
          -0.603394,
          3.084618
        ],
        [
          -0.031236,
          -0.853412,
          -0.520301,
          1.541547
        ],
        [
          0.0,
          0.0,
          0.0,
          1.0
        ]
      ]
    },
    {
      "file_path": "/media/NFS/ttao/scannet/posed_images/scene0147_01/00421.jpg",
      "transform_matrix": [
        [
          -0.684855,
          0.395917,
          -0.611738,
          3.886613
        ],
        [
          0.727654,
          0.327058,
          -0.602953,
          3.077533
        ],
        [
          -0.038645,
          -0.858069,
          -0.512078,
          1.548748
        ],
        [
          0.0,
          0.0,
          0.0,
          1.0
        ]
      ]
    },
    {
      "file_path": "/media/NFS/ttao/scannet/posed_images/scene0147_01/00426.jpg",
      "transform_matrix": [
        [
          -0.686278,
          0.390164,
          -0.613836,
          3.887861
        ],
        [
          0.726217,
          0.320694,
          -0.608083,
          3.078947
        ],
        [
          -0.040399,
          -0.863092,
          -0.503429,
          1.551327
        ],
        [
          0.0,
          0.0,
          0.0,
          1.0
        ]
      ]
    },
    {
      "file_path": "/media/NFS/ttao/scannet/posed_images/scene0147_01/00428.jpg",
      "transform_matrix": [
        [
          -0.686489,
          0.390936,
          -0.613108,
          3.888699
        ],
        [
          0.725929,
          0.319829,
          -0.608881,
          3.079033
        ],
        [
          -0.041944,
          -0.863064,
          -0.503351,
          1.55221
        ],
        [
          0.0,
          0.0,
          0.0,
          1.0
        ]
      ]
    },
    {
      "file_path": "/media/NFS/ttao/scannet/posed_images/scene0147_01/00435.jpg",
      "transform_matrix": [
        [
          -0.691392,
          0.381386,
          -0.613613,
          3.894932
        ],
        [
          0.721397,
          0.317951,
          -0.615218,
          3.078706
        ],
        [
          -0.039537,
          -0.868016,
          -0.49496,
          1.555121
        ],
        [
          0.0,
          0.0,
          0.0,
          1.0
        ]
      ]
    },
    {
      "file_path": "/media/NFS/ttao/scannet/posed_images/scene0147_01/00441.jpg",
      "transform_matrix": [
        [
          -0.69978,
          0.373692,
          -0.60882,
          3.899793
        ],
        [
          0.713353,
          0.320354,
          -0.623298,
          3.083223
        ],
        [
          -0.037884,
          -0.870476,
          -0.490752,
          1.554252
        ],
        [
          0.0,
          0.0,
          0.0,
          1.0
        ]
      ]
    },
    {
      "file_path": "/media/NFS/ttao/scannet/posed_images/scene0147_01/00446.jpg",
      "transform_matrix": [
        [
          -0.700504,
          0.365809,
          -0.612763,
          3.896222
        ],
        [
          0.712328,
          0.306201,
          -0.631529,
          3.090077
        ],
        [
          -0.043391,
          -0.878877,
          -0.475072,
          1.563189
        ],
        [
          0.0,
          0.0,
          0.0,
          1.0
        ]
      ]
    },
    {
      "file_path": "/media/NFS/ttao/scannet/posed_images/scene0147_01/00457.jpg",
      "transform_matrix": [
        [
          -0.686906,
          0.349409,
          -0.637239,
          3.870241
        ],
        [
          0.725203,
          0.272429,
          -0.632348,
          3.126805
        ],
        [
          -0.047345,
          -0.896491,
          -0.440525,
          1.581224
        ],
        [
          0.0,
          0.0,
          0.0,
          1.0
        ]
      ]
    },
    {
      "file_path": "/media/NFS/ttao/scannet/posed_images/scene0147_01/00461.jpg",
      "transform_matrix": [
        [
          -0.69039,
          0.344515,
          -0.636138,
          3.856962
        ],
        [
          0.721964,
          0.272002,
          -0.636226,
          3.140254
        ],
        [
          -0.046159,
          -0.898512,
          -0.436515,
          1.583957
        ],
        [
          0.0,
          0.0,
          0.0,
          1.0
        ]
      ]
    },
    {
      "file_path": "/media/NFS/ttao/scannet/posed_images/scene0147_01/00464.jpg",
      "transform_matrix": [
        [
          -0.688196,
          0.345007,
          -0.638245,
          3.838635
        ],
        [
          0.724022,
          0.269972,
          -0.63475,
          3.150028
        ],
        [
          -0.046685,
          -0.898936,
          -0.435586,
          1.586344
        ],
        [
          0.0,
