{
  "frames": [
    {
      "file_path": "/media/NFS/ttao/scannet/posed_images/scene0103_01/00002.jpg",
      "transform_matrix": [
        [
          0.998318,
          -0.051105,
          -0.027382,
          1.201
        ],
        [
          0.003781,
          -0.413895,
          0.910317,
          2.52665
        ],
        [
          -0.057855,
          -0.908889,
          -0.413006,
          1.36078
        ],
        [
          0.0,
          0.0,
          0.0,
          1.0
        ]
      ]
    },
    {
      "file_path": "/media/NFS/ttao/scannet/posed_images/scene0103_01/00003.jpg",
      "transform_matrix": [
        [
          0.998331,
          -0.052343,
          -0.024414,
          1.202049
        ],
        [
          0.000382,
          -0.416711,
          0.909039,
          2.526949
        ],
        [
          -0.057755,
          -0.907531,
          -0.415996,
          1.36246
        ],
        [
          0.0,
          0.0,
          0.0,
          1.0
        ]
      ]
    },
    {
      "file_path": "/media/NFS/ttao/scannet/posed_images/scene0103_01/00008.jpg",
      "transform_matrix": [
        [
          0.998099,
          -0.061033,
          -0.008602,
          1.206022
        ],
        [
          -0.017503,
          -0.414465,
          0.909897,
          2.527499
        ],
        [
          -0.059099,
          -0.908017,
          -0.414745,
          1.364486
        ],
        [
          0.0,
          0.0,
          0.0,
          1.0
        ]
      ]
    },
    {
      "file_path": "/media/NFS/ttao/scannet/posed_images/scene0103_01/00009.jpg",
      "transform_matrix": [
        [
          0.998043,
          -0.061864,
          -0.009107,
          1.209839
        ],
        [
          -0.017293,
          -0.413029,
          0.910554,
          2.526598
        ],
        [
          -0.060091,
          -0.908614,
          -0.413291,
          1.364431
        ],
        [
          0.0,
          0.0,
          0.0,
          1.0
        ]
      ]
    },
    {
      "file_path": "/media/NFS/ttao/scannet/posed_images/scene0103_01/00013.jpg",
      "transform_matrix": [
        [
          0.997351,
          -0.070721,
          0.017021,
          1.188164
        ],
        [
          -0.044347,
          -0.405684,
          0.912937,
          2.523543
        ],
        [
          -0.057658,
          -0.911273,
          -0.407745,
          1.367432
        ],
        [
          0.0,
          0.0,
          0.0,
          1.0
        ]
      ]
    },
    {
      "file_path": "/media/NFS/ttao/scannet/posed_images/scene0103_01/00019.jpg",
      "transform_matrix": [
        [
          0.99612,
          -0.079295,
          0.03817,
          1.195221
        ],
        [
          -0.066986,
          -0.401905,
          0.913228,
          2.521093
        ],
        [
          -0.057074,
          -0.912242,
          -0.405657,
          1.367467
        ],
        [
          0.0,
          0.0,
          0.0,
          1.0
        ]
      ]
    },
    {
      "file_path": "/media/NFS/ttao/scannet/posed_images/scene0103_01/00020.jpg",
      "transform_matrix": [
        [
          0.995818,
          -0.081649,
          0.040991,
          1.19657
        ],
        [
          -0.070523,
          -0.40174,
          0.913034,
          2.518295
        ],
        [
          -0.05808,
          -0.912107,
          -0.405818,
          1.364502
        ],
        [
          0.0,
          0.0,
          0.0,
          1.0
        ]
      ]
    },
    {
      "file_path": "/media/NFS/ttao/scannet/posed_images/scene0103_01/00026.jpg",
      "transform_matrix": [
        [
          0.993393,
          -0.081261,
          0.081043,
          1.198494
        ],
        [
          -0.108614,
          -0.437593,
          0.892589,
          2.526992
        ],
        [
          -0.037069,
          -0.895494,
          -0.443528,
          1.360846
        ],
        [
          0.0,
          0.0,
          0.0,
          1.0
        ]
      ]
    },
    {
      "file_path": "/media/NFS/ttao/scannet/posed_images/scene0103_01/00029.jpg",
      "transform_matrix": [
        [
          0.989496,
          -0.079069,
          0.121019,
          1.199946
        ],
        [
          -0.143623,
          -0.442533,
          0.885177,
          2.528036
        ],
        [
          -0.016435,
          -0.89326,
          -0.44924,
          1.363319
        ],
        [
          0.0,
          0.0,
          0.0,
          1.0
        ]
      ]
    },
    {
      "file_path": "/media/NFS/ttao/scannet/posed_images/scene0103_01/00032.jpg",
      "transform_matrix": [
        [
          0.985547,
          -0.10969,
          0.129096,
          1.207125
        ],
        [
          -0.16355,
          -0.417509,
          0.893833,
          2.526831
        ],
        [
          -0.044146,
          -0.902028,
          -0.429415,
          1.367821
        ],
        [
          0.0,
          0.0,
          0.0,
          1.0
        ]
      ]
    },
    {
      "file_path": "/media/NFS/ttao/scannet/posed_images/scene0103_01/00034.jpg",
      "transform_matrix": [
        [
          0.984498,
          -0.112869,
          0.134255,
          1.209274
        ],
        [
          -0.169243,
          -0.410342,
          0.896089,
          2.52594
        ],
        [
          -0.04605,
          -0.90492,
          -0.423083,
          1.366832
        ],
        [
          0.0,
          0.0,
          0.0,
          1.0
        ]
      ]
    },
    {
      "file_path": "/media/NFS/ttao/scannet/posed_images/scene0103_01/00039.jpg",
      "transform_matrix": [
        [
          0.975574,
          -0.127164,
          0.179122,
          1.227953
        ],
        [
          -0.216443,
          -0.417179,
          0.882675,
          2.536349
        ],
        [
          -0.037519,
          -0.899884,
          -0.434512,
          1.36784
        ],
        [
          0.0,
          0.0,
          0.0,
          1.0
        ]
      ]
    },
    {
      "file_path": "/media/NFS/ttao/scannet/posed_images/scene0103_01/00043.jpg",
      "transform_matrix": [
        [
          0.965906,
          -0.140841,
          0.217231,
          1.226539
        ],
        [
          -0.256777,
          -0.41411,
          0.873257,
          2.539234
        ],
        [
          -0.033032,
          -0.899265,
          -0.436156,
          1.37089
        ],
        [
          0.0,
          0.0,
          0.0,
          1.0
        ]
      ]
    },
    {
      "file_path": "/media/NFS/ttao/scannet/posed_images/scene0103_01/00044.jpg",
      "transform_matrix": [
        [
          0.964829,
          -0.147322,
          0.217719,
          1.24916
        ],
        [
          -0.259988,
          -0.412286,
          0.87317,
          2.534687
        ],
        [
          -0.038875,
          -0.899064,
          -0.436088,
          1.371046
        ],
        [
          0.0,
          0.0,
          0.0,
          1.0
        ]
      ]
    },
    {
      "file_path": "/media/NFS/ttao/scannet/posed_images/scene0103_01/00049.jpg",
      "transform_matrix": [
        [
          0.951321,
          -0.172023,
          0.255728,
          1.271387
        ],
        [
          -0.305068,
          -0.407542,
          0.860723,
          2.531607
        ],
        [
          -0.043844,
          -0.896838,
          -0.440182,
          1.368817
        ],
        [
          0.0,
          0.0,
          0.0,
          1.0
        ]
      ]
    },
    {
      "file_path": "/media/NFS/ttao/scannet/posed_images/scene0103_01/00054.jpg",
      "transform_matrix": [
        [
          0.939655,
          -0.202119,
          0.276035,
          1.285523
        ],
        [
          -0.336379,
          -0.398588,
          0.853216,
          2.532072
        ],
        [
          -0.062427,
          -0.894581,
          -0.442524,
          1.364112
        ],
        [
          0.0,
          0.0,
          0.0,
          1.0
        ]
      ]
    },
    {
      "file_path": "/media/NFS/ttao/scannet/posed_images/scene0103_01/00055.jpg",
      "transform_matrix": [
        [
          0.936497,
          -0.209467,
          0.281242,
          1.290102
        ],
        [
          -0.344419,
          -0.398598,
          0.849997,
          2.532637
        ],
        [
          -0.065944,
          -0.892885,
          -0.44543,
          1.363076
        ],
        [
          0.0,
          0.0,
          0.0,
          1.0
        ]
      ]
    },
    {
      "file_path": "/media/NFS/ttao/scannet/posed_images/scene0103_01/00060.jpg",
      "transform_matrix": [
        [
          0.921712,
          -0.22996,
          0.312357,
          1.303587
        ],
        [
          -0.381528,
          -0.392415,
          0.836927,
          2.537036
        ],
        [
          -0.069886,
          -0.890578,
          -0.44943,
          1.358345
        ],
        [
          0.0,
          0.0,
          0.0,
          1.0
        ]
      ]
    },
    {
      "file_path": "/media/NFS/ttao/scannet/posed_images/scene0103_01/00064.jpg",
      "transform_matrix": [
        [
          0.911697,
          -0.237519,
          0.335252,
          1.320513
        ],
        [
          -0.405899,
          -0.394214,
          0.824525,
          2.540255
        ],
        [
          -0.063679,
          -0.887795,
          -0.455812,
          1.354835
        ],
        [
          0.0,
          0.0,
          0.0,
          1.0
        ]
      ]
    },
    {
      "file_path": "/media/NFS/ttao/scannet/posed_images/scene0103_01/00065.jpg",
      "transform_matrix": [
        [
          0.908643,
          -0.240842,
          0.34112,
          1.322367
        ],
        [
          -0.412876,
          -0.395996,
          0.820195,
          2.542359
        ],
        [
          -0.062455,
          -0.886105,
          -0.459257,
          1.354261
        ],
        [
          0.0,
          0.0,
          0.0,
          1.0
        ]
      ]
    },
    {
      "file_path": "/media/NFS/ttao/scannet/posed_images/scene0103_01/00068.jpg",
      "transform_matrix": [
        [
          0.904746,
          -0.244768,
          0.348601,
          1.338119
        ],
        [
          -0.421556,
          -0.39728,
          0.815144,
          2.544773
        ],
        [
          -0.061029,
          -0.884453,
          -0.462621,
          1.353423
        ],
        [
          0.0,
          0.0,
          0.0,
          1.0
        ]
      ]
    },
    {
      "file_path": "/media/NFS/ttao/scannet/posed_images/scene0103_01/00071.jpg",
      "transform_matrix": [
        [
          0.897861,
          -0.250397,
          0.362143,
          1.357817
        ],
        [
          -0.435606,
          -0.385676,
          0.813327,
          2.541189
        ],
        [
          -0.063985,
          -0.888006,
          -0.455358,
          1.35042
        ],
        [
          0.0,
          0.0,
          0.0,
          1.0
        ]
      ]
    },
    {
      "file_path": "/media/NFS/ttao/scannet/posed_images/scene0103_01/00077.jpg",
      "transform_matrix": [
        [
          0.885675,
          -0.257765,
          0.386184,
          1.399692
        ],
        [
          -0.459275,
          -0.36424,
          0.810183,
          2.537748
        ],
        [
          -0.068172,
          -0.894923,
          -0.440983,
          1.35069
        ],
        [
          0.0,
          0.0,
          0.0,
          1.0
        ]
      ]
    },
    {
      "file_path": "/media/NFS/ttao/scannet/posed_images/scene0103_01/00078.jpg",
      "transform_matrix": [
        [
          0.883634,
          -0.254549,
          0.392933,
          1.406549
        ],
        [
          -0.463971,
          -0.363841,
          0.807683,
          2.535723
        ],
        [
          -0.06263,
          -0.896005,
          -0.439605,
          1.348428
        ],
        [
          0.0,
          0.0,
          0.0,
          1.0
        ]
      ]
    },
    {
      "file_path": "/media/NFS/ttao/scannet/posed_images/scene0103_01/00084.jpg",
      "transform_matrix": [
        [
          0.866866,
          -0.256382,
          0.427565,
          1.421433
        ],
        [
          -0.496989,
          -0.376782,
          0.781689,
          2.522741
        ],
        [
          -0.039313,
          -0.890114,
          -0.454039,
          1.329174
        ],
        [
          0.0,
          0.0,
          0.0,
          1.0
        ]
      ]
    },
    {
      "file_path": "/media/NFS/ttao/scannet/posed_images/scene0103_01/00085.jpg",
      "transform_matrix": [
        [
          0.86405,
          -0.260959,
          0.430485,
          1.421267
        ],
        [
          -0.50168,
          -0.375643,
          0.779236,
          2.520506
        ],
        [
          -0.04164,
          -0.889265,
          -0.455492,
          1.32402
        ],
        [
          0.0,
          0.0,
          0.0,
          1.0
        ]
      ]
    },
    {
      "file_path": "/media/NFS/ttao/scannet/posed_images/scene0103_01/00088.jpg",
      "transform_matrix": [
        [
          0.85353,
          -0.282402,
          0.437877,
          1.42161
        ],
        [
          -0.51878,
          -0.382345,
          0.764643,
          2.51721
        ],
        [
          -0.048517,
          -0.879808,
          -0.472847,
          1.322045
        ],
        [
          0.0,
          0.0,
          0.0,
          1.0
        ]
      ]
    },
    {
      "file_path": "/media/NFS/ttao/scannet/posed_images/scene0103_01/00094.jpg",
      "transform_matrix": [
        [
          0.81437,
          -0.306649,
          0.492715,
          1.400198
        ],
        [
          -0.577423,
          -0.34303,
          0.740887,
          2.508422
        ],
        [
          -0.058176,
          -0.887861,
          -0.45642,
          1.325792
        ],
        [
          0.0,
          0.0,
          0.0,
          1.0
        ]
      ]
    },
    {
      "file_path": "/media/NFS/ttao/scannet/posed_images/scene0103_01/00098.jpg",
      "transform_matrix": [
        [
          0.779862,
          -0.339788,
          0.525698,
          1.377196
        ],
        [
          -0.623067,
          -0.340859,
          0.703991,
          2.506648
        ],
        [
          -0.060019,
          -0.876561,
          -0.477533,
          1.329491
        ],
        [
          0.0,
          0.0,
          0.0,
          1.0
        ]
      ]
    },
    {
      "file_path": "/media/NFS/ttao/scannet/posed_images/scene0103_01/00100.jpg",
      "transform_matrix": [
        [
          0.768122,
          -0.343673,
          0.540256,
          1.360292
        ],
        [
          -0.637292,
          -0.328614,
          0.697045,
          2.501762
        ],
        [
          -0.06202,
          -0.879717,
          -0.471436,
          1.316125
        ],
        [
          0.0,
          0.0,
          0.0,
          1.0
        ]
      ]
    },
    {
      "file_path": "/media/NFS/ttao/scannet/posed_images/scene0103_01/00104.jpg",
      "transform_matrix": [
        [
          0.734868,
          -0.378159,
          0.562996,
          1.327737
        ],
        [
          -0.674101,
          -0.316027,
          0.667619,
          2.499897
        ],
        [
          -0.074544,
          -0.870128,
          -0.487155,
          1.305573
        ],
        [
          0.0,
          0.0,
          0.0,
          1.0
        ]
      ]
    },
    {
      "file_path": "/media/NFS/ttao/scannet/posed_images/scene0103_01/00107.jpg",
      "transform_matrix": [
        [
          0.707753,
          -0.388846,
          0.589818,
          1.301382
        ],
        [
          -0.702476,
          -0.29881,
          0.645942,
          2.495113
        ],
        [
          -0.074929,
          -0.871499,
          -0.484639,
          1.305261
        ],
        [
          0.0,
          0.0,
          0.0,
          1.0
        ]
      ]
    },
    {
      "file_path": "/media/NFS/ttao/scannet/posed_images/scene0103_01/00109.jpg",
      "transform_matrix": [
        [
          0.685251,
          -0.393727,
          0.612708,
          1.285537
        ],
        [
          -0.725516,
          -0.295456,
          0.621556,
          2.487553
        ],
        [
          -0.063695,
          -0.870451,
          -0.488117,
          1.298187
        ],
        [
          0.0,
          0.0,
          0.0,
          1.0
        ]
      ]
    },
    {
      "file_path": "/media/NFS/ttao/scannet/posed_images/scene0103_01/00113.jpg",
      "transform_matrix": [
        [
          0.653742,
          -0.415424,
          0.63249,
          1.256636
        ],
        [
          -0.754835,
          -0.299077,
          0.583762,
          2.480727
        ],
        [
          -0.053345,
          -0.859055,
          -0.509096,
          1.290438
        ],
        [
          0.0,
          0.0,
          0.0,
          1.0
        ]
      ]
    },
    {
      "file_path": "/media/NFS/ttao/scannet/posed_images/scene0103_01/00117.jpg",
      "transform_matrix": [
        [
          0.617319,
          -0.406985,
          0.673261,
          1.212092
        ],
        [
          -0.785426,
          -0.269895,
          0.557012,
          2.49489
        ],
        [
          -0.044986,
          -0.872651,
          -0.486268,
          1.292785
        ],
        [
          0.0,
          0.0,
          0.0,
          1.0
        ]
      ]
    },
    {
      "file_path": "/media/NFS/ttao/scannet/posed_images/scene0103_01/00121.jpg",
      "transform_matrix": [
        [
          0.595836,
          -0.402135,
          0.695174,
          1.195266
        ],
        [
          -0.80289,
          -0.278177,
          0.527243,
          2.469797
        ],
        [
          -0.018641,
          -0.872299,
          -0.488618,
          1.29693
        ],
        [
          0.0,
          0.0,
          0.0,
          1.0
        ]
      ]
    },
    {
      "file_path": "/media/NFS/ttao/scannet/posed_images/scene0103_01/00126.jpg",
      "transform_matrix": [
        [
          0.539909,
          -0.410262,
          0.734971,
          1.159801
        ],
        [
          -0.841594,
          -0.247846,
          0.479887,
          2.447394
        ],
        [
          -0.01472,
          -0.877643,
          -0.479089,
          1.306735
        ],
        [
          0.0,
          0.0,
          0.0,
          1.0
        ]
      ]
    },
    {
      "file_path": "/media/NFS/ttao/scannet/posed_images/scene0103_01/00127.jpg",
      "transform_matrix": [
        [
          0.534489,
          -0.408727,
          0.739773,
          1.151044
        ],
        [
          -0.845014,
          -0.241329,
          0.477191,
          2.437076
        ],
        [
          -0.016512,
          -0.880172,
          -0.474368,
          1.302813
        ],
        [
          0.0,
          0.0,
          0.0,
          1.0
        ]
      ]
    },
    {
      "file_path": "/media/NFS/ttao/scannet/posed_images/scene0103_01/00130.jpg",
      "transform_matrix": [
        [
          0.521279,
          -0.413657,
          0.746429,
          1.126217
        ],
        [
          -0.853379,
          -0.249088,
          0.45793,
          2.417322
        ],
        [
          -0.003499,
          -0.875696,
          -0.482851,
          1.301183
        ],
        [
          0.0,
          0.0,
          0.0,
          1.0
        ]
      ]
    },
    {
      "file_path": "/media/NFS/ttao/scannet/posed_images/scene0103_01/00135.jpg",
      "transform_matrix": [
        [
          0.456818,
          -0.423321,
          0.782379,
          1.082107
        ],
        [
          -0.889531,
          -0.210347,
          0.405571,
          2.388689
        ],
        [
          -0.007115,
          -0.881223,
          -0.472648,
          1.307935
        ],
        [
          0.0,
          0.0,
          0.0,
          1.0
        ]
      ]
    },
    {
      "file_path": "/media/NFS/ttao/scannet/posed_images/scene0103_01/00138.jpg",
      "transform_matrix": [
        [
          0.425069,
          -0.439402,
          0.791355,
          1.05439
        ],
        [
          -0.904694,
          -0.178163,
          0.387023,
          2.368121
        ],
        [
          -0.029068,
          -0.880445,
          -0.473256,
          1.305805
        ],
        [
          0.0,
          0.0,
          0.0,
          1.0
        ]
      ]
    },
    {
      "file_path": "/media/NFS/ttao/scannet/posed_images/scene0103_01/00140.jpg",
      "transform_matrix": [
        [
          0.408306,
          -0.452599,
          0.792742,
          1.044882
        ],
        [
          -0.91161,
          -0.157001,
          0.379892,
          2.34094
        ],
        [
          -0.047477,
          -0.877784,
          -0.476699,
          1.295516
        ],
        [
          0.0,
          0.0,
          0.0,
          1.0
        ]
      ]
    },
    {
      "file_path": "/media/NFS/ttao/scannet/posed_images/scene0103_01/00146.jpg",
      "transform_matrix": [
        [
          0.340441,
          -0.500811,
          0.795794,
          1.01123
        ],
        [
          -0.938679,
          -0.131871,
          0.318578,
          2.31603
        ],
        [
          -0.054605,
          -0.855452,
          -0.514995,
          1.289833
        ],
        [
          0.0,
          0.0,
          0.0,
          1.0
        ]
      ]
    },
    {
      "file_path": "/media/NFS/ttao/scannet/posed_images/scene0103_01/00149.jpg",
      "transform_matrix": [
        [
          0.30055,
          -0.513701,
          0.803605,
          1.004743
        ],
        [
          -0.952695,
          -0.121768,
          0.27847,
          2.314885
        ],
        [
          -0.045197,
          -0.849285,
          -0.525997,
          1.295701
        ],
        [
          0.0,
          0.0,
          0.0,
          1.0
        ]
      ]
    },
    {
      "file_path": "/media/NFS/ttao/scannet/posed_images/scene0103_01/00150.jpg",
      "transform_matrix": [
        [
          0.296786,
          -0.51628,
          0.803351,
          1.010308
        ],
        [
          -0.953775,
          -0.118649,
          0.276108,
          2.295718
        ],
        [
          -0.047232,
          -0.848161,
          -0.527629,
          1.296843
        ],
        [
          0.0,
          0.0,
          0.0,
          1.0
        ]
      ]
    },
    {
      "file_path": "/media/NFS/ttao/scannet/posed_images/scene0103_01/00156.jpg",
      "transform_matrix": [
        [
          0.211213,
          -0.508254,
          0.834906,
          1.001895
        ],
        [
          -0.976779,
          -0.078335,
          0.199418,
          2.309279
        ],
        [
          -0.035953,
          -0.857637,
          -0.512997,
          1.30641
        ],
        [
          0.0,
          0.0,
          0.0,
          1.0
        ]
      ]
    },
    {
      "file_path": "/media/NFS/ttao/scannet/posed_images/scene0103_01/00157.jpg",
      "transform_matrix": [
        [
          0.198127,
          -0.512104,
          0.835761,
          1.003028
        ],
        [
          -0.97962,
          -0.074737,
          0.186436,
          2.311062
        ],
        [
          -0.033013,
          -0.855666,
          -0.516475,
          1.308868
        ],
        [
          0.0,
          0.0,
          0.0,
          1.0
        ]
      ]
    },
    {
      "file_path": "/media/NFS/ttao/scannet/posed_images/scene0103_01/00161.jpg",
      "transform_matrix": [
        [
          0.142308,
          -0.511184,
          0.847608,
          1.005938
        ],
        [
          -0.989226,
          -0.043717,
          0.139719,
          2.316857
        ],
        [
          -0.034367,
          -0.858359,
          -0.511898,
          1.310563
        ],
        [
          0.0,
          0.0,
          0.0,
          1.0
        ]
      ]
    },
    {
      "file_path": "/media/NFS/ttao/scannet/posed_images/scene0103_01/00167.jpg",
      "transform_matrix": [
        [
          0.066429,
          -0.510886,
          0.857078,
          1.020569
        ],
        [
          -0.99755,
          -0.015132,
          0.068296,
          2.343812
        ],
        [
          -0.021922,
          -0.859515,
          -0.510639,
          1.312999
        ],
        [
          0.0,
          0.0,
          0.0,
          1.0
        ]
      ]
    },
    {
      "file_path": "/media/NFS/ttao/scannet/posed_images/scene0103_01/00170.jpg",
      "transform_matrix": [
        [
          0.031142,
          -0.517041,
          0.855394,
          1.031023
        ],
        [
          -0.999422,
          -0.004431,
          0.033707,
          2.364563
        ],
        [
          -0.013638,
          -0.855949,
          -0.51688,
          1.31455
        ],
        [
          0.0,
          0.0,
          0.0,
          1.0
        ]
      ]
    },
    {
      "file_path": "/media/NFS/ttao/scannet/posed_images/scene0103_01/00171.jpg",
      "transform_matrix": [
        [
          0.023984,
          -0.517171,
          0.855546,
          1.033111
        ],
        [
          -0.999562,
          0.002429,
          0.02949,
          2.365313
        ],
        [
          -0.017329,
          -0.855879,
          -0.516886,
          1.316329
        ],
        [
          0.0,
          0.0,
          0.0,
          1.0
        ]
      ]
    },
    {
      "file_path": "/media/NFS/ttao/scannet/posed_images/scene0103_01/00176.jpg",
      "transform_matrix": [
        [
          -0.0218,
          -0.508948,
          0.860521,
          1.046524
        ],
        [
          -0.999556,
          0.028584,
          -0.008417,
          2.38362
        ],
        [
          -0.020314,
          -0.860323,
          -0.509345,
          1.314457
        ],
        [
          0.0,
          0.0,
          0.0,
          1.0
        ]
      ]
    },
    {
      "file_path": "/media/NFS/ttao/scannet/posed_images/scene0103_01/00178.jpg",
      "transform_matrix": [
        [
          -0.051511,
          -0.512743,
          0.856996,
          1.053875
        ],
        [
          -0.998614,
          0.035734,
          -0.038644,
          2.392534
        ],
        [
          -0.010809,
          -0.857798,
          -0.513873,
          1.314278
        ],
        [
          0.0,
          0.0,
          0.0,
          1.0
        ]
      ]
    },
    {
      "file_path": "/media/NFS/ttao/scannet/posed_images/scene0103_01/00183.jpg",
      "transform_matrix": [
        [
          -0.156247,
          -0.500092,
          0.85176,
          1.068202
        ],
        [
          -0.987689,
          0.085763,
          -0.130828,
          2.389726
        ],
        [
          -0.007623,
          -0.861715,
          -0.507336,
          1.305407
        ],
        [
          0.0,
          0.0,
          0.0,
          1.0
        ]
      ]
    },
    {
      "file_path": "/media/NFS/ttao/scannet/posed_images/scene0103_01/00184.jpg",
      "transform_matrix": [
        [
          -0.181145,
          -0.499711,
          0.847039,
          1.072297
        ],
        [
          -0.983441,
          0.096886,
          -0.153157,
          2.387047
        ],
        [
          -0.005532,
          -0.860757,
          -0.508987,
          1.302449
        ],
        [
          0.0,
          0.0,
          0.0,
          1.0
        ]
      ]
    },
    {
      "file_path": "/media/NFS/ttao/scannet/posed_images/scene0103_01/00188.jpg",
      "transform_matrix": [
        [
          -0.251552,
          -0.508476,
          0.823513,
          1.09706
        ],
        [
          -0.967844,
          0.13236,
          -0.213914,
          2.373521
        ],
        [
          -0.00023,
          -0.850842,
          -0.525421,
          1.299862
        ],
        [
          0.0,
          0.0,
          0.0,
          1.0
        ]
      ]
    },
    {
      "file_path": "/media/NFS/ttao/scannet/posed_images/scene0103_01/00191.jpg",
      "transform_matrix": [
        [
          -0.295213,
          -0.498832,
          0.814872,
          1.10582
        ],
        [
          -0.955386,
          0.162495,
          -0.246645,
          2.349271
        ],
        [
          -0.009378,
          -0.851329,
          -0.524548,
          1.284886
        ],
        [
          0.0,
          0.0,
          0.0,
          1.0
        ]
      ]
    },
    {
      "file_path": "/media/NFS/ttao/scannet/posed_images/scene0103_01/00196.jpg",
      "transform_matrix": [
        [
          -0.356791,
          -0.535267,
          0.76563,
          1.156349
        ],
        [
          -0.933802,
          0.180921,
          -0.308676,
          2.319397
        ],
        [
          0.026705,
          -0.82508,
          -0.564385,
          1.27746
        ],
        [
          0.0,
          0.0,
          0.0,
          1.0
        ]
      ]
    },
    {
      "file_path": "/media/NFS/ttao/scannet/posed_images/scene0103_01/00200.jpg",
      "transform_matrix": [
        [
          -0.396976,
          -0.494814,
          0.773026,
          1.195102
        ],
        [
          -0.91773,
          0.201637,
          -0.342219,
          2.276128
        ],
        [
          0.013464,
          -0.845282,
          -0.534151,
          1.277215
        ],
        [
          0.0,
          0.0,
          0.0,
          1.0
        ]
      ]
    },
    {
      "file_path": "/media/NFS/ttao/scannet/posed_images/scene0103_01/00204.jpg",
      "transform_matrix": [
        [
          -0.443572,
          -0.499007,
          0.74447,
          1.248752
        ],
        [
          -0.89544,
          0.211681,
          -0.391636,
          2.243617
        ],
        [
          0.037839,
          -0.840347,
          -0.540727,
          1.286527
        ],
        [
          0.0,
          0.0,
          0.0,
          1.0
        ]
      ]
    },
    {
      "file_path": "/media/NFS/ttao/scannet/posed_images/scene0103_01/00205.jpg",
      "transform_matrix": [
        [
          -0.451246,
          -0.503791,
          0.736595,
          1.262565
        ],
        [
          -0.891186,
          0.211372,
          -0.401384,
          2.235738
        ],
        [
          0.046518,
          -0.837566,
          -0.544352,
          1.287861
        ],
        [
          0.0,
          0.0,
          0.0,
          1.0
        ]
      ]
    },
    {
      "file_path": "/media/NFS/ttao/scannet/posed_images/scene0103_01/00209.jpg",
      "transform_matrix": [
        [
          -0.467172,
          -0.517738,
          0.716727,
          1.313619
        ],
        [
          -0.88119,
          0.206185,
          -0.425431,
          2.204047
        ],
        [
          0.072483,
          -0.830322,
          -0.55255,
          1.291295
        ],
        [
          0.0,
          0.0,
          0.0,
          1.0
        ]
      ]
    },
    {
      "file_path": "/media/NFS/ttao/scannet/posed_images/scene0103_01/00214.jpg",
      "transform_matrix": [
        [
          -0.503229,
          -0.526214,
          0.685464,
          1.380314
        ],
        [
          -0.860186,
          0.229099,
          -0.455626,
          2.182142
        ],
        [
          0.082717,
          -0.81891,
          -0.56793,
          1.282153
        ],
        [
          0.0,
          0.0,
          0.0,
          1.0
        ]
      ]
    },
    {
      "file_path": "/media/NFS/ttao/scannet/posed_images/scene0103_01/00215.jpg",
      "transform_matrix": [
        [
          -0.508794,
          -0.530864,
          0.677725,
          1.395105
        ],
        [
          -0.857085,
          0.238443,
          -0.456673,
          2.179064
        ],
        [
          0.080832,
          -0.813221,
          -0.576315,
          1.281549
        ],
        [
          0.0,
          0.0,
          0.0,
          1.0
        ]
      ]
    },
    {
      "file_path": "/media/NFS/ttao/scannet/posed_images/scene0103_01/00221.jpg",
      "transform_matrix": [
        [
          -0.547502,
          -0.552841,
          0.628179,
          1.482872
        ],
        [
          -0.829467,
          0.259349,
          -0.494694,
          2.179209
        ],
        [
          0.11057,
          -0.7919,
          -0.600557,
          1.270277
        ],
        [
          0.0,
          0.0,
          0.0,
          1.0
        ]
      ]
    },
    {
      "file_path": "/media/NFS/ttao/scannet/posed_images/scene0103_01/00224.jpg",
      "transform_matrix": [
        [
          -0.579507,
          -0.539731,
          0.610625,
          1.521626
        ],
        [
          -0.808121,
          0.28365,
          -0.51622,
          2.176995
        ],
        [
          0.105416,
          -0.792612,
          -0.600545,
          1.274309
        ],
        [
          0.0,
          0.0,
          0.0,
          1.0
        ]
      ]
    },
    {
      "file_path": "/media/NFS/ttao/scannet/posed_images/scene0103_01/00228.jpg",
      "transform_matrix": [
        [
          -0.620228,
          -0.510335,
          0.595714,
          1.575139
        ],
        [
          -0.780387,
          0.324511,
          -0.534499,
          2.17446
        ],
        [
          0.079458,
          -0.796399,
          -0.59953,
          1.284892
        ],
        [
          0.0,
          0.0,
          0.0,
          1.0
        ]
      ]
    },
    {
      "file_path": "/media/NFS/ttao/scannet/posed_images/scene0103_01/00229.jpg",
      "transform_matrix": [
        [
          -0.630932,
          -0.506085,
          0.58805,
          1.589676
        ],
        [
          -0.772203,
          0.336345,
          -0.53905,
          2.17224
        ],
        [
          0.075018,
          -0.794198,
          -0.603011,
          1.288262
        ],
        [
          0.0,
          0.0,
          0.0,
          1.0
        ]
      ]
    },
    {
      "file_path": "/media/NFS/ttao/scannet/posed_images/scene0103_01/00233.jpg",
      "transform_matrix": [
        [
          -0.654062,
          -0.516691,
          0.55248,
          1.647518
        ],
        [
          -0.752204,
          0.367055,
          -0.54723,
          2.171285
        ],
        [
          0.079958,
          -0.773499,
          -0.628733,
          1.28256
        ],
        [
          0.0,
          0.0,
          0.0,
          1.0
        ]
      ]
    },
    {
      "file_path": "/media/NFS/ttao/scannet/posed_images/scene0103_01/00237.jpg",
      "transform_matrix": [
        [
          -0.672017,
          -0.513017,
          0.534049,
          1.708391
        ],
        [
          -0.734707,
          0.371575,
          -0.567572,
          2.16798
        ],
        [
          0.092735,
          -0.773787,
          -0.626621,
          1.274821
        ],
        [
          0.0,
          0.0,
          0.0,
          1.0
        ]
      ]
    },
    {
      "file_path": "/media/NFS/ttao/scannet/posed_images/scene0103_01/00241.jpg",
      "transform_matrix": [
        [
          -0.691138,
          -0.517815,
          0.504177,
          1.777309
        ],
        [
          -0.716247,
          0.397575,
          -0.573519,
          2.171553
        ],
        [
          0.096529,
          -0.757497,
          -0.645663,
          1.258707
        ],
        [
          0.0,
          0.0,
          0.0,
          1.0
        ]
      ]
    },
    {
      "file_path": "/media/NFS/ttao/scannet/posed_images/scene0103_01/00245.jpg",
      "transform_matrix": [
        [
          -0.718424,
          -0.53033,
          0.45013,
          1.843856
        ],
        [
          -0.686676,
          0.437345,
          -0.580694,
          2.15752
        ],
        [
          0.111098,
          -0.726278,
          -0.678364,
          1.241744
        ],
        [
          0.0,
          0.0,
          0.0,
          1.0
        ]
      ]
    },
    {
      "file_path": "/media/NFS/ttao/scannet/posed_images/scene0103_01/00246.jpg",
      "transform_matrix": [
        [
          -0.726943,
          -0.533344,
          0.432549,
          1.860189
        ],
        [
          -0.676496,
          0.448038,
          -0.584478,
          2.153275
        ],
        [
          0.11793,
          -0.7175,
          -0.686503,
          1.237691
        ],
        [
          0.0,
          0.0,
          0.0,
          1.0
        ]
      ]
    },
    {
      "file_path": "/media/NFS/ttao/scannet/posed_images/scene0103_01/00250.jpg",
      "transform_matrix": [
        [
          -0.770719,
          -0.521701,
          0.365815,
          1.920217
        ],
        [
          -0.618072,
          0.472593,
          -0.628207,
          2.135663
        ],
        [
          0.154854,
          -0.710271,
          -0.686685,
          1.226013
        ],
        [
          0.0,
          0.0,
          0.0,
          1.0
        ]
      ]
    },
    {
      "file_path": "/media/NFS/ttao/scannet/posed_images/scene0103_01/00255.jpg",
      "transform_matrix": [
        [
          -0.840396,
          -0.452141,
          0.298837,
          1.973908
        ],
        [
          -0.524266,
          0.5384,
          -0.659751,
          2.123653
        ],
        [
          0.137406,
          -0.711122,
          -0.689511,
          1.229875
        ],
        [
          0.0,
          0.0,
          0.0,
          1.0
        ]
      ]
    },
    {
      "file_path": "/media/NFS/ttao/scannet/posed_images/scene0103_01/00256.jpg",
      "transform_matrix": [
        [
          -0.851941,
          -0.43621,
          0.289687,
          1.982094
        ],
        [
          -0.507007,
          0.548832,
          -0.664626,
          2.12568
        ],
        [
          0.130927,
          -0.713095,
          -0.688734,
          1.231138
        ],
        [
          0.0,
          0.0,
          0.0,
          1.0
        ]
      ]
    },
    {
      "file_path": "/media/NFS/ttao/scannet/posed_images/scene0103_01/00260.jpg",
      "transform_matrix": [
        [
          -0.904433,
          -0.354837,
          0.236839,
          2.012598
        ],
        [
          -0.412881,
          0.588302,
          -0.695292,
          2.14406
        ],
        [
          0.107382,
          -0.726631,
          -0.678585,
          1.241271
        ],
        [
          0.0,
          0.0,
          0.0,
          1.0
        ]
      ]
    },
    {
      "file_path": "/media/NFS/ttao/scannet/posed_images/scene0103_01/00263.jpg",
      "transform_matrix": [
        [
          -0.939572,
          -0.275581,
          0.203123,
          2.027171
        ],
        [
          -0.334014,
          0.607768,
          -0.720453,
          2.16878
        ],
        [
          0.075091,
