{
  "frames": [
    {
      "file_path": "/media/NFS/ttao/scannet/posed_images/scene0618_00/00000.jpg",
      "transform_matrix": [
        [
          0.195605,
          0.317613,
          -0.927826,
          3.731694
        ],
        [
          0.980616,
          -0.074424,
          0.181258,
          2.096212
        ],
        [
          -0.011482,
          -0.945295,
          -0.326014,
          1.50306
        ],
        [
          0.0,
          0.0,
          0.0,
          1.0
        ]
      ]
    },
    {
      "file_path": "/media/NFS/ttao/scannet/posed_images/scene0618_00/00002.jpg",
      "transform_matrix": [
        [
          0.203137,
          0.306711,
          -0.929873,
          3.726563
        ],
        [
          0.979073,
          -0.075585,
          0.188954,
          2.104774
        ],
        [
          -0.01233,
          -0.948797,
          -0.315646,
          1.491694
        ],
        [
          0.0,
          0.0,
          0.0,
          1.0
        ]
      ]
    },
    {
      "file_path": "/media/NFS/ttao/scannet/posed_images/scene0618_00/00005.jpg",
      "transform_matrix": [
        [
          0.207555,
          0.324389,
          -0.922872,
          3.714093
        ],
        [
          0.978153,
          -0.080165,
          0.19181,
          2.120028
        ],
        [
          -0.011761,
          -0.942521,
          -0.333941,
          1.488254
        ],
        [
          0.0,
          0.0,
          0.0,
          1.0
        ]
      ]
    },
    {
      "file_path": "/media/NFS/ttao/scannet/posed_images/scene0618_00/00010.jpg",
      "transform_matrix": [
        [
          0.202978,
          0.330048,
          -0.921883,
          3.69217
        ],
        [
          0.978994,
          -0.086915,
          0.184436,
          2.129905
        ],
        [
          -0.019252,
          -0.939954,
          -0.340757,
          1.500129
        ],
        [
          0.0,
          0.0,
          0.0,
          1.0
        ]
      ]
    },
    {
      "file_path": "/media/NFS/ttao/scannet/posed_images/scene0618_00/00013.jpg",
      "transform_matrix": [
        [
          0.210679,
          0.331136,
          -0.919763,
          3.680513
        ],
        [
          0.977342,
          -0.091031,
          0.191095,
          2.158652
        ],
        [
          -0.020449,
          -0.939182,
          -0.342811,
          1.498342
        ],
        [
          0.0,
          0.0,
          0.0,
          1.0
        ]
      ]
    },
    {
      "file_path": "/media/NFS/ttao/scannet/posed_images/scene0618_00/00016.jpg",
      "transform_matrix": [
        [
          0.229995,
          0.340702,
          -0.911606,
          3.6675
        ],
        [
          0.973047,
          -0.096654,
          0.209373,
          2.183648
        ],
        [
          -0.016777,
          -0.93519,
          -0.353749,
          1.493016
        ],
        [
          0.0,
          0.0,
          0.0,
          1.0
        ]
      ]
    },
    {
      "file_path": "/media/NFS/ttao/scannet/posed_images/scene0618_00/00018.jpg",
      "transform_matrix": [
        [
          0.238653,
          0.333227,
          -0.912143,
          3.658491
        ],
        [
          0.970984,
          -0.096715,
          0.218717,
          2.182602
        ],
        [
          -0.015335,
          -0.937873,
          -0.346639,
          1.488067
        ],
        [
          0.0,
          0.0,
          0.0,
          1.0
        ]
      ]
    },
    {
      "file_path": "/media/NFS/ttao/scannet/posed_images/scene0618_00/00020.jpg",
      "transform_matrix": [
        [
          0.250293,
          0.33298,
          -0.909108,
          3.651048
        ],
        [
          0.968128,
          -0.09488,
          0.23179,
          2.188438
        ],
        [
          -0.009075,
          -0.938148,
          -0.346115,
          1.482905
        ],
        [
          0.0,
          0.0,
          0.0,
          1.0
        ]
      ]
    },
    {
      "file_path": "/media/NFS/ttao/scannet/posed_images/scene0618_00/00025.jpg",
      "transform_matrix": [
        [
          0.300477,
          0.328936,
          -0.895274,
          3.604715
        ],
        [
          0.953748,
          -0.112353,
          0.278823,
          2.210546
        ],
        [
          -0.008872,
          -0.937645,
          -0.347482,
          1.481805
        ],
        [
          0.0,
          0.0,
          0.0,
          1.0
        ]
      ]
    },
    {
      "file_path": "/media/NFS/ttao/scannet/posed_images/scene0618_00/00026.jpg",
      "transform_matrix": [
        [
          0.318914,
          0.328899,
          -0.888887,
          3.59235
        ],
        [
          0.947768,
          -0.116051,
          0.297099,
          2.188166
        ],
        [
          -0.005441,
          -0.937207,
          -0.34873,
          1.478391
        ],
        [
          0.0,
          0.0,
          0.0,
          1.0
        ]
      ]
    },
    {
      "file_path": "/media/NFS/ttao/scannet/posed_images/scene0618_00/00031.jpg",
      "transform_matrix": [
        [
          0.386342,
          0.334363,
          -0.859617,
          3.543288
        ],
        [
          0.922231,
          -0.155346,
          0.354059,
          2.204077
        ],
        [
          -0.015154,
          -0.929553,
          -0.368377,
          1.480207
        ],
        [
          0.0,
          0.0,
          0.0,
          1.0
        ]
      ]
    },
    {
      "file_path": "/media/NFS/ttao/scannet/posed_images/scene0618_00/00032.jpg",
      "transform_matrix": [
        [
          0.401734,
          0.333252,
          -0.852967,
          3.533247
        ],
        [
          0.915453,
          -0.170116,
          0.3647,
          2.184482
        ],
        [
          -0.023566,
          -0.927364,
          -0.373418,
          1.484741
        ],
        [
          0.0,
          0.0,
          0.0,
          1.0
        ]
      ]
    },
    {
      "file_path": "/media/NFS/ttao/scannet/posed_images/scene0618_00/00036.jpg",
      "transform_matrix": [
        [
          0.459523,
          0.322951,
          -0.82737,
          3.493071
        ],
        [
          0.887073,
          -0.213081,
          0.409509,
          2.162271
        ],
        [
          -0.044046,
          -0.922116,
          -0.384397,
          1.495405
        ],
        [
          0.0,
          0.0,
          0.0,
          1.0
        ]
      ]
    },
    {
      "file_path": "/media/NFS/ttao/scannet/posed_images/scene0618_00/00040.jpg",
      "transform_matrix": [
        [
          0.510496,
          0.292302,
          -0.808674,
          3.45577
        ],
        [
          0.85773,
          -0.239563,
          0.454872,
          2.151113
        ],
        [
          -0.060769,
          -0.925834,
          -0.373012,
          1.498145
        ],
        [
          0.0,
          0.0,
          0.0,
          1.0
        ]
      ]
    },
    {
      "file_path": "/media/NFS/ttao/scannet/posed_images/scene0618_00/00042.jpg",
      "transform_matrix": [
        [
          0.532656,
          0.283723,
          -0.797357,
          3.433588
        ],
        [
          0.843253,
          -0.258202,
          0.47144,
          2.161552
        ],
        [
          -0.07212,
          -0.92349,
          -0.376783,
          1.515925
        ],
        [
          0.0,
          0.0,
          0.0,
          1.0
        ]
      ]
    },
    {
      "file_path": "/media/NFS/ttao/scannet/posed_images/scene0618_00/00044.jpg",
      "transform_matrix": [
        [
          0.550795,
          0.27087,
          -0.789464,
          3.418881
        ],
        [
          0.830582,
          -0.271046,
          0.486485,
          2.159617
        ],
        [
          -0.082207,
          -0.923668,
          -0.374271,
          1.51811
        ],
        [
          0.0,
          0.0,
          0.0,
          1.0
        ]
      ]
    },
    {
      "file_path": "/media/NFS/ttao/scannet/posed_images/scene0618_00/00049.jpg",
      "transform_matrix": [
        [
          0.594067,
          0.266895,
          -0.758849,
          3.377347
        ],
        [
          0.799873,
          -0.29611,
          0.522037,
          2.160201
        ],
        [
          -0.085374,
          -0.917107,
          -0.389391,
          1.521167
        ],
        [
          0.0,
          0.0,
          0.0,
          1.0
        ]
      ]
    },
    {
      "file_path": "/media/NFS/ttao/scannet/posed_images/scene0618_00/00052.jpg",
      "transform_matrix": [
        [
          0.62507,
          0.250898,
          -0.739146,
          3.347172
        ],
        [
          0.775948,
          -0.302605,
          0.553475,
          2.143878
        ],
        [
          -0.084804,
          -0.9195,
          -0.383833,
          1.505171
        ],
        [
          0.0,
          0.0,
          0.0,
          1.0
        ]
      ]
    },
    {
      "file_path": "/media/NFS/ttao/scannet/posed_images/scene0618_00/00055.jpg",
      "transform_matrix": [
        [
          0.644147,
          0.240895,
          -0.725978,
          3.319944
        ],
        [
          0.759961,
          -0.309258,
          0.571681,
          2.157389
        ],
        [
          -0.0868,
          -0.919961,
          -0.382279,
          1.504775
        ],
        [
          0.0,
          0.0,
          0.0,
          1.0
        ]
      ]
    },
    {
      "file_path": "/media/NFS/ttao/scannet/posed_images/scene0618_00/00058.jpg",
      "transform_matrix": [
        [
          0.660201,
          0.218364,
          -0.718646,
          3.277848
        ],
        [
          0.744823,
          -0.31367,
          0.58894,
          2.173364
        ],
        [
          -0.096814,
          -0.924083,
          -0.369727,
          1.504799
        ],
        [
          0.0,
          0.0,
          0.0,
          1.0
        ]
      ]
    },
    {
      "file_path": "/media/NFS/ttao/scannet/posed_images/scene0618_00/00061.jpg",
      "transform_matrix": [
        [
          0.657941,
          0.218575,
          -0.720651,
          3.245802
        ],
        [
          0.745115,
          -0.327664,
          0.580896,
          2.211626
        ],
        [
          -0.109162,
          -0.919163,
          -0.378448,
          1.519121
        ],
        [
          0.0,
          0.0,
          0.0,
          1.0
        ]
      ]
    },
    {
      "file_path": "/media/NFS/ttao/scannet/posed_images/scene0618_00/00064.jpg",
      "transform_matrix": [
        [
          0.671823,
          0.199283,
          -0.7134,
          3.193721
        ],
        [
          0.733122,
          -0.316413,
          0.602009,
          2.210593
        ],
        [
          -0.105759,
          -0.927453,
          -0.358672,
          1.515209
        ],
        [
          0.0,
          0.0,
          0.0,
          1.0
        ]
      ]
    },
    {
      "file_path": "/media/NFS/ttao/scannet/posed_images/scene0618_00/00067.jpg",
      "transform_matrix": [
        [
          0.675585,
          0.190375,
          -0.71228,
          3.162321
        ],
        [
          0.728924,
          -0.317526,
          0.606504,
          2.241832
        ],
        [
          -0.110705,
          -0.928943,
          -0.353284,
          1.517022
        ],
        [
          0.0,
          0.0,
          0.0,
          1.0
        ]
      ]
    },
    {
      "file_path": "/media/NFS/ttao/scannet/posed_images/scene0618_00/00070.jpg",
      "transform_matrix": [
        [
          0.690749,
          0.184804,
          -0.699081,
          3.116515
        ],
        [
          0.715281,
          -0.316373,
          0.623122,
          2.244213
        ],
        [
          -0.106015,
          -0.93046,
          -0.350721,
          1.519713
        ],
        [
          0.0,
          0.0,
          0.0,
          1.0
        ]
      ]
    },
    {
      "file_path": "/media/NFS/ttao/scannet/posed_images/scene0618_00/00073.jpg",
      "transform_matrix": [
        [
          0.705226,
          0.190138,
          -0.683011,
          3.094268
        ],
        [
          0.702337,
          -0.318953,
          0.636389,
          2.265021
        ],
        [
          -0.096847,
          -0.928502,
          -0.358475,
          1.521484
        ],
        [
          0.0,
          0.0,
          0.0,
          1.0
        ]
      ]
    },
    {
      "file_path": "/media/NFS/ttao/scannet/posed_images/scene0618_00/00075.jpg",
      "transform_matrix": [
        [
          0.715488,
          0.19288,
          -0.671471,
          3.076013
        ],
        [
          0.69226,
          -0.325174,
          0.644234,
          2.278755
        ],
        [
          -0.094085,
          -0.925775,
          -0.366181,
          1.516544
        ],
        [
          0.0,
          0.0,
          0.0,
          1.0
        ]
      ]
    },
    {
      "file_path": "/media/NFS/ttao/scannet/posed_images/scene0618_00/00077.jpg",
      "transform_matrix": [
        [
          0.736719,
          0.175762,
          -0.652956,
          3.064177
        ],
        [
          0.67079,
          -0.311851,
          0.672897,
          2.270844
        ],
        [
          -0.085355,
          -0.933733,
          -0.347646,
          1.497955
        ],
        [
          0.0,
          0.0,
          0.0,
          1.0
        ]
      ]
    },
    {
      "file_path": "/media/NFS/ttao/scannet/posed_images/scene0618_00/00082.jpg",
      "transform_matrix": [
        [
          0.761363,
          0.169706,
          -0.625721,
          3.007865
        ],
        [
          0.642076,
          -0.331059,
          0.691475,
          2.264103
        ],
        [
          -0.089803,
          -0.928224,
          -0.36102,
          1.507907
        ],
        [
          0.0,
          0.0,
          0.0,
          1.0
        ]
      ]
    },
    {
      "file_path": "/media/NFS/ttao/scannet/posed_images/scene0618_00/00084.jpg",
      "transform_matrix": [
        [
          0.763629,
          0.169685,
          -0.622959,
          2.997234
        ],
        [
          0.639687,
          -0.329723,
          0.694322,
          2.255239
        ],
        [
          -0.087588,
          -0.928703,
          -0.360331,
          1.508876
        ],
        [
          0.0,
          0.0,
          0.0,
          1.0
        ]
      ]
    },
    {
      "file_path": "/media/NFS/ttao/scannet/posed_images/scene0618_00/00086.jpg",
      "transform_matrix": [
        [
          0.768378,
          0.172423,
          -0.616332,
          2.980348
        ],
        [
          0.634422,
          -0.332028,
          0.698044,
          2.239956
        ],
        [
          -0.08428,
          -0.927377,
          -0.364512,
          1.519379
        ],
        [
          0.0,
          0.0,
          0.0,
          1.0
        ]
      ]
    },
    {
      "file_path": "/media/NFS/ttao/scannet/posed_images/scene0618_00/00089.jpg",
      "transform_matrix": [
        [
          0.773968,
          0.172203,
          -0.609361,
          2.962464
        ],
        [
          0.627766,
          -0.334748,
          0.702747,
          2.219061
        ],
        [
          -0.082967,
          -0.926439,
          -0.367187,
          1.522237
        ],
        [
          0.0,
          0.0,
          0.0,
          1.0
        ]
      ]
    },
    {
      "file_path": "/media/NFS/ttao/scannet/posed_images/scene0618_00/00091.jpg",
      "transform_matrix": [
        [
          0.786171,
          0.162324,
          -0.59631,
          2.937723
        ],
        [
          0.612903,
          -0.328558,
          0.718609,
          2.178693
        ],
        [
          -0.079275,
          -0.93043,
          -0.357792,
          1.515318
        ],
        [
          0.0,
          0.0,
          0.0,
          1.0
        ]
      ]
    },
    {
      "file_path": "/media/NFS/ttao/scannet/posed_images/scene0618_00/00095.jpg",
      "transform_matrix": [
        [
          0.810929,
          0.140785,
          -0.567956,
          2.913225
        ],
        [
          0.575608,
          -0.366453,
          0.731018,
          2.143486
        ],
        [
          -0.105213,
          -0.919724,
          -0.378204,
          1.519228
        ],
        [
          0.0,
          0.0,
          0.0,
          1.0
        ]
      ]
    },
    {
      "file_path": "/media/NFS/ttao/scannet/posed_images/scene0618_00/00097.jpg",
      "transform_matrix": [
        [
          0.823897,
          0.123087,
          -0.553212,
          2.893828
        ],
        [
          0.555606,
          -0.367961,
          0.745592,
          2.117024
        ],
        [
          -0.111788,
          -0.921658,
          -0.37155,
          1.519366
        ],
        [
          0.0,
          0.0,
          0.0,
          1.0
        ]
      ]
    },
    {
      "file_path": "/media/NFS/ttao/scannet/posed_images/scene0618_00/00100.jpg",
      "transform_matrix": [
        [
          0.845296,
          0.112713,
          -0.522275,
          2.86032
        ],
        [
          0.522335,
          -0.380026,
          0.763379,
          2.081782
        ],
        [
          -0.112435,
          -0.918083,
          -0.380108,
          1.529447
        ],
        [
          0.0,
          0.0,
          0.0,
          1.0
        ]
      ]
    },
    {
      "file_path": "/media/NFS/ttao/scannet/posed_images/scene0618_00/00103.jpg",
      "transform_matrix": [
        [
          0.859199,
          0.103114,
          -0.501143,
          2.861682
        ],
        [
          0.498055,
          -0.392783,
          0.773086,
          2.063166
        ],
        [
          -0.117125,
          -0.913832,
          -0.388835,
          1.525599
        ],
        [
          0.0,
          0.0,
          0.0,
          1.0
        ]
      ]
    },
    {
      "file_path": "/media/NFS/ttao/scannet/posed_images/scene0618_00/00108.jpg",
      "transform_matrix": [
        [
          0.879354,
          0.083802,
          -0.468736,
          2.834656
        ],
        [
          0.462851,
          -0.381609,
          0.800089,
          2.029008
        ],
        [
          -0.111824,
          -0.920517,
          -0.374357,
          1.5215
        ],
        [
          0.0,
          0.0,
          0.0,
          1.0
        ]
      ]
    },
    {
      "file_path": "/media/NFS/ttao/scannet/posed_images/scene0618_00/00109.jpg",
      "transform_matrix": [
        [
          0.882905,
          0.08505,
          -0.461784,
          2.826165
        ],
        [
          0.45741,
          -0.37798,
          0.804927,
          2.029073
        ],
        [
          -0.106086,
          -0.921899,
          -0.372624,
          1.527677
        ],
        [
          0.0,
          0.0,
          0.0,
          1.0
        ]
      ]
    },
    {
      "file_path": "/media/NFS/ttao/scannet/posed_images/scene0618_00/00114.jpg",
      "transform_matrix": [
        [
          0.889453,
          0.06174,
          -0.452838,
          2.787194
        ],
        [
          0.443164,
          -0.358701,
          0.821547,
          2.014395
        ],
        [
          -0.111711,
          -0.931409,
          -0.346408,
          1.546424
        ],
        [
          0.0,
          0.0,
          0.0,
          1.0
        ]
      ]
    },
    {
      "file_path": "/media/NFS/ttao/scannet/posed_images/scene0618_00/00116.jpg",
      "transform_matrix": [
        [
          0.893254,
          0.050121,
          -0.44675,
          2.781555
        ],
        [
          0.43347,
          -0.359458,
          0.826374,
          2.01933
        ],
        [
          -0.119169,
          -0.931814,
          -0.342813,
          1.544961
        ],
        [
          0.0,
          0.0,
          0.0,
          1.0
        ]
      ]
    },
    {
      "file_path": "/media/NFS/ttao/scannet/posed_images/scene0618_00/00120.jpg",
      "transform_matrix": [
        [
          0.910186,
          0.029928,
          -0.413116,
          2.756396
        ],
        [
          0.392889,
          -0.378174,
          0.838226,
          2.044415
        ],
        [
          -0.131143,
          -0.925251,
          -0.355967,
          1.542431
        ],
        [
          0.0,
          0.0,
          0.0,
          1.0
        ]
      ]
    },
    {
      "file_path": "/media/NFS/ttao/scannet/posed_images/scene0618_00/00121.jpg",
      "transform_matrix": [
        [
          0.911874,
          0.017341,
          -0.410104,
          2.770437
        ],
        [
          0.385956,
          -0.376331,
          0.842267,
          2.056276
        ],
        [
          -0.139729,
          -0.926323,
          -0.349859,
          1.520927
        ],
        [
          0.0,
          0.0,
          0.0,
          1.0
        ]
      ]
    },
    {
      "file_path": "/media/NFS/ttao/scannet/posed_images/scene0618_00/00124.jpg",
      "transform_matrix": [
        [
          0.923111,
          -0.000145,
          -0.384535,
          2.77055
        ],
        [
          0.355005,
          -0.383981,
          0.852367,
          2.090609
        ],
        [
          -0.147777,
          -0.923341,
          -0.354405,
          1.517329
        ],
        [
          0.0,
          0.0,
          0.0,
          1.0
        ]
      ]
    },
    {
      "file_path": "/media/NFS/ttao/scannet/posed_images/scene0618_00/00129.jpg",
      "transform_matrix": [
        [
          0.94183,
          -0.016883,
          -0.335665,
          2.733836
        ],
        [
          0.303599,
          -0.385673,
          0.871254,
          2.160835
        ],
        [
          -0.144166,
          -0.922481,
          -0.358113,
          1.510605
        ],
        [
          0.0,
          0.0,
          0.0,
          1.0
        ]
      ]
    },
    {
      "file_path": "/media/NFS/ttao/scannet/posed_images/scene0618_00/00130.jpg",
      "transform_matrix": [
        [
          0.948799,
          -0.016473,
          -0.315451,
          2.690843
        ],
        [
          0.28471,
          -0.387968,
          0.876596,
          2.169827
        ],
        [
          -0.136825,
          -0.921525,
          -0.363414,
          1.519377
        ],
        [
          0.0,
          0.0,
          0.0,
          1.0
        ]
      ]
    },
    {
      "file_path": "/media/NFS/ttao/scannet/posed_images/scene0618_00/00133.jpg",
      "transform_matrix": [
        [
          0.959186,
          -0.029539,
          -0.281229,
          2.660121
        ],
        [
          0.24798,
          -0.390086,
          0.886758,
          2.227018
        ],
        [
          -0.135898,
          -0.920305,
          -0.366839,
          1.514957
        ],
        [
          0.0,
          0.0,
          0.0,
          1.0
        ]
      ]
    },
    {
      "file_path": "/media/NFS/ttao/scannet/posed_images/scene0618_00/00138.jpg",
      "transform_matrix": [
        [
          0.974587,
          -0.044327,
          -0.219578,
          2.628294
        ],
        [
          0.1864,
          -0.383164,
          0.904677,
          2.332652
        ],
        [
          -0.124236,
          -0.922616,
          -0.365164,
          1.507974
        ],
        [
          0.0,
          0.0,
          0.0,
          1.0
        ]
      ]
    },
    {
      "file_path": "/media/NFS/ttao/scannet/posed_images/scene0618_00/00139.jpg",
      "transform_matrix": [
        [
          0.97788,
          -0.045491,
          -0.204158,
          2.624985
        ],
        [
          0.171796,
          -0.382096,
          0.908014,
          2.348382
        ],
        [
          -0.119314,
          -0.923003,
          -0.365829,
          1.507606
        ],
        [
          0.0,
          0.0,
          0.0,
          1.0
        ]
      ]
    },
    {
      "file_path": "/media/NFS/ttao/scannet/posed_images/scene0618_00/00143.jpg",
      "transform_matrix": [
        [
          0.987408,
          -0.067666,
          -0.142993,
          2.609421
        ],
        [
          0.106429,
          -0.384606,
          0.916925,
          2.402421
        ],
        [
          -0.117041,
          -0.920597,
          -0.372562,
          1.493377
        ],
        [
          0.0,
          0.0,
          0.0,
          1.0
        ]
      ]
    },
    {
      "file_path": "/media/NFS/ttao/scannet/posed_images/scene0618_00/00145.jpg",
      "transform_matrix": [
        [
          0.990995,
          -0.076344,
          -0.110002,
          2.601802
        ],
        [
          0.072409,
          -0.38549,
          0.919867,
          2.434744
        ],
        [
          -0.112631,
          -0.919548,
          -0.37649,
          1.492019
        ],
        [
          0.0,
          0.0,
          0.0,
          1.0
        ]
      ]
    },
    {
      "file_path": "/media/NFS/ttao/scannet/posed_images/scene0618_00/00148.jpg",
      "transform_matrix": [
        [
          0.993303,
          -0.09276,
          -0.068885,
          2.583669
        ],
        [
          0.029134,
          -0.375853,
          0.926221,
          2.471772
        ],
        [
          -0.111807,
          -0.922025,
          -0.370633,
          1.487967
        ],
        [
          0.0,
          0.0,
          0.0,
          1.0
        ]
      ]
    },
    {
      "file_path": "/media/NFS/ttao/scannet/posed_images/scene0618_00/00151.jpg",
      "transform_matrix": [
        [
          0.994963,
          -0.097125,
          -0.024808,
          2.554382
        ],
        [
          -0.01201,
          -0.361194,
          0.932413,
          2.502627
        ],
        [
          -0.099521,
          -0.927419,
          -0.360541,
          1.475285
        ],
        [
          0.0,
          0.0,
          0.0,
          1.0
        ]
      ]
    },
    {
      "file_path": "/media/NFS/ttao/scannet/posed_images/scene0618_00/00154.jpg",
      "transform_matrix": [
        [
          0.99362,
          -0.111612,
          0.016153,
          2.52623
        ],
        [
          -0.055486,
          -0.359128,
          0.931637,
          2.537899
        ],
        [
          -0.098181,
          -0.92659,
          -0.36303,
          1.477413
        ],
        [
          0.0,
          0.0,
          0.0,
          1.0
        ]
      ]
    },
    {
      "file_path": "/media/NFS/ttao/scannet/posed_images/scene0618_00/00158.jpg",
      "transform_matrix": [
        [
          0.988537,
          -0.131937,
          0.073401,
          2.485751
        ],
        [
          -0.112145,
          -0.316148,
          0.942058,
          2.575409
        ],
        [
          -0.101087,
          -0.939491,
          -0.32732,
          1.47583
        ],
        [
          0.0,
          0.0,
          0.0,
          1.0
        ]
      ]
    },
    {
      "file_path": "/media/NFS/ttao/scannet/posed_images/scene0618_00/00161.jpg",
      "transform_matrix": [
        [
          0.9862,
          -0.141277,
          0.086317,
          2.463089
        ],
        [
          -0.131381,
          -0.35058,
          0.927272,
          2.60339
        ],
        [
          -0.100741,
          -0.925816,
          -0.364303,
          1.480853
        ],
        [
          0.0,
          0.0,
          0.0,
          1.0
        ]
      ]
    },
    {
      "file_path": "/media/NFS/ttao/scannet/posed_images/scene0618_00/00164.jpg",
      "transform_matrix": [
        [
          0.978169,
          -0.15493,
          0.138503,
          2.441061
        ],
        [
          -0.182412,
          -0.320812,
          0.929412,
          2.63696
        ],
        [
          -0.099561,
          -0.934386,
          -0.342069,
          1.478212
        ],
        [
          0.0,
          0.0,
          0.0,
          1.0
        ]
      ]
    },
    {
      "file_path": "/media/NFS/ttao/scannet/posed_images/scene0618_00/00167.jpg",
      "transform_matrix": [
        [
          0.970889,
          -0.154133,
          0.183354,
          2.418836
        ],
        [
          -0.227294,
          -0.351282,
          0.908261,
          2.66663
        ],
        [
          -0.075584,
          -0.923496,
          -0.376089,
          1.470229
        ],
        [
          0.0,
          0.0,
          0.0,
          1.0
        ]
      ]
    },
    {
      "file_path": "/media/NFS/ttao/scannet/posed_images/scene0618_00/00171.jpg",
      "transform_matrix": [
        [
          0.954559,
          -0.162999,
          0.249497,
          2.398293
        ],
        [
          -0.291892,
          -0.342405,
          0.893061,
          2.715653
        ],
        [
          -0.060139,
          -0.925305,
          -0.374424,
          1.472578
        ],
        [
          0.0,
          0.0,
          0.0,
          1.0
        ]
      ]
    },
    {
      "file_path": "/media/NFS/ttao/scannet/posed_images/scene0618_00/00174.jpg",
      "transform_matrix": [
        [
          0.942984,
          -0.186274,
          0.275833,
          2.390148
        ],
        [
          -0.325428,
          -0.342088,
          0.881517,
          2.753678
        ],
        [
          -0.069845,
          -0.92102,
          -0.383203,
          1.469362
        ],
        [
          0.0,
          0.0,
          0.0,
          1.0
        ]
      ]
    },
    {
      "file_path": "/media/NFS/ttao/scannet/posed_images/scene0618_00/00177.jpg",
      "transform_matrix": [
        [
          0.932106,
          -0.19365,
          0.306071,
          2.380958
        ],
        [
          -0.355797,
          -0.331534,
          0.873781,
          2.808698
        ],
        [
          -0.067735,
          -0.923355,
          -0.377925,
          1.46742
        ],
        [
          0.0,
          0.0,
          0.0,
          1.0
        ]
      ]
    },
    {
      "file_path": "/media/NFS/ttao/scannet/posed_images/scene0618_00/00179.jpg",
      "transform_matrix": [
        [
          0.922815,
          -0.203736,
          0.326963,
          2.368649
        ],
        [
          -0.378244,
          -0.318108,
          0.869332,
          2.846902
        ],
        [
          -0.073105,
          -0.925904,
          -0.370617,
          1.463059
        ],
        [
          0.0,
          0.0,
          0.0,
          1.0
        ]
      ]
    },
    {
      "file_path": "/media/NFS/ttao/scannet/posed_images/scene0618_00/00180.jpg",
      "transform_matrix": [
        [
          0.919424,
          -0.204313,
          0.336028,
          2.362088
        ],
        [
          -0.386908,
          -0.31691,
          0.86595,
          2.87154
        ],
        [
          -0.070434,
          -0.926188,
          -0.370425,
          1.456282
        ],
        [
          0.0,
          0.0,
          0.0,
          1.0
        ]
      ]
    },
    {
      "file_path": "/media/NFS/ttao/scannet/posed_images/scene0618_00/00184.jpg",
      "transform_matrix": [
        [
          0.904678,
          -0.224767,
          0.361991,
          2.342767
        ],
        [
          -0.418289,
          -0.30659,
          0.855007,
          2.955123
        ],
        [
          -0.081194,
          -0.924923,
          -0.371383,
          1.448589
        ],
        [
          0.0,
          0.0,
          0.0,
          1.0
        ]
      ]
    },
    {
      "file_path": "/media/NFS/ttao/scannet/posed_images/scene0618_00/00188.jpg",
      "transform_matrix": [
        [
          0.900193,
          -0.221236,
          0.37511,
          2.3229
        ],
        [
          -0.429728,
          -0.311594,
          0.847492,
          3.032228
        ],
        [
          -0.070614,
          -0.924102,
          -0.375566,
          1.437315
        ],
        [
          0.0,
          0.0,
          0.0,
          1.0
        ]
      ]
    },
    {
      "file_path": "/media/NFS/ttao/scannet/posed_images/scene0618_00/00190.jpg",
      "transform_matrix": [
        [
          0.893383,
          -0.22162,
          0.390835,
          2.308535
        ],
        [
          -0.445633,
          -0.326217,
          0.833663,
          3.072711
        ],
        [
          -0.05726,
          -0.918949,
          -0.390198,
          1.435288
        ],
        [
          0.0,
          0.0,
          0.0,
          1.0
        ]
      ]
    },
    {
      "file_path": "/media/NFS/ttao/scannet/posed_images/scene0618_00/00193.jpg",
      "transform_matrix": [
        [
          0.883705,
          -0.230041,
          0.407612,
          2.290463
        ],
        [
          -0.464621,
          -0.326014,
          0.823312,
          3.126089
        ],
        [
          -0.056508,
          -0.91695,
          -0.394981,
          1.437143
        ],
        [
          0.0,
          0.0,
          0.0,
          1.0
        ]
      ]
    },
    {
      "file_path": "/media/NFS/ttao/scannet/posed_images/scene0618_00/00195.jpg",
      "transform_matrix": [
        [
          0.878127,
          -0.230881,
          0.419031,
          2.27729
        ],
        [
          -0.475024,
          -0.316477,
          0.821093,
          3.163007
        ],
        [
          -0.056961,
          -0.920074,
          -0.387581,
          1.439615
        ],
        [
          0.0,
          0.0,
          0.0,
          1.0
        ]
      ]
    },
    {
      "file_path": "/media/NFS/ttao/scannet/posed_images/scene0618_00/00200.jpg",
      "transform_matrix": [
        [
          0.854416,
          -0.238077,
          0.461837,
          2.227572
        ],
        [
          -0.515905,
          -0.283048,
          0.808533,
          3.251674
        ],
        [
          -0.061771,
          -0.929087,
          -0.364665,
          1.441019
        ],
        [
          0.0,
          0.0,
          0.0,
          1.0
        ]
      ]
    },
    {
      "file_path": "/media/NFS/ttao/scannet/posed_images/scene0618_00/00203.jpg",
      "transform_matrix": [
        [
          0.842795,
          -0.245377,
          0.479048,
          2.184985
        ],
        [
          -0.535082,
          -0.285764,
          0.795001,
          3.284997
        ],
        [
          -0.05818,
          -0.926352,
          -0.372137,
          1.433434
        ],
        [
          0.0,
          0.0,
          0.0,
          1.0
        ]
      ]
    },
    {
      "file_path": "/media/NFS/ttao/scannet/posed_images/scene0618_00/00204.jpg",
      "transform_matrix": [
        [
          0.839758,
          -0.247323,
          0.483362,
          2.177152
        ],
        [
          -0.539922,
          -0.286311,
          0.791524,
          3.301391
        ],
        [
          -0.05737,
          -0.925666,
          -0.373967,
          1.431268
        ],
        [
          0.0,
          0.0,
          0.0,
          1.0
        ]
      ]
    },
    {
      "file_path": "/media/NFS/ttao/scannet/posed_images/scene0618_00/00208.jpg",
      "transform_matrix": [
        [
          0.826929,
          -0.259422,
          0.498887,
          2.145693
        ],
        [
          -0.5586,
          -0.27731,
          0.781706,
          3.358851
        ],
        [
          -0.064446,
          -0.925094,
          -0.374229,
          1.431898
        ],
        [
          0.0,
          0.0,
          0.0,
          1.0
        ]
      ]
    },
    {
      "file_path": "/media/NFS/ttao/scannet/posed_images/scene0618_00/00211.jpg",
      "transform_matrix": [
        [
          0.820623,
          -0.267281,
          0.505113,
          2.137528
        ],
        [
          -0.568479,
          -0.291473,
          0.769334,
          3.416069
        ],
        [
          -0.058401,
          -0.918479,
          -0.391133,
          1.445103
        ],
        [
          0.0,
          0.0,
          0.0,
          1.0
        ]
      ]
    },
    {
      "file_path": "/media/NFS/ttao/scannet/posed_images/scene0618_00/00215.jpg",
      "transform_matrix": [
        [
          0.807463,
          -0.259114,
          0.529966,
          2.127311
        ],
        [
          -0.587612,
          -0.273909,
          0.761371,
          3.481436
        ],
        [
          -0.05212,
          -0.926193,
          -0.37343,
          1.446213
        ],
        [
          0.0,
          0.0,
          0.0,
          1.0
        ]
      ]
    },
    {
      "file_path": "/media/NFS/ttao/scannet/posed_images/scene0618_00/00216.jpg",
      "transform_matrix": [
        [
          0.805578,
          -0.261848,
          0.531488,
          2.127347
        ],
        [
          -0.590098,
          -0.274065,
          0.75939,
          3.497435
        ],
        [
          -0.053183,
          -0.925378,
          -0.375297,
          1.445893
        ],
        [
          0.0,
          0.0,
          0.0,
          1.0
        ]
      ]
    },
    {
      "file_path": "/media/NFS/ttao/scannet/posed_images/scene0618_00/00219.jpg",
      "transform_matrix": [
        [
          0.795859,
          -0.265758,
          0.544042,
          2.126318
        ],
        [
          -0.603473,
          -0.275017,
          0.748455,
          3.555942
        ],
        [
          -0.049287,
          -0.923979,
          -0.379253,
          1.436728
        ],
        [
          0.0,
          0.0,
          0.0,
          1.0
        ]
      ]
    },
    {
      "file_path": "/media/NFS/ttao/scannet/posed_images/scene0618_00/00224.jpg",
      "transform_matrix": [
        [
          0.783254,
          -0.265837,
          0.561999,
          2.140437
        ],
        [
          -0.620353,
          -0.274697,
          0.734645,
          3.661942
        ],
        [
          -0.040916,
          -0.924052,
          -0.380071,
          1.416689
        ],
        [
          0.0,
          0.0,
          0.0,
          1.0
        ]
      ]
    },
    {
      "file_path": "/media/NFS/ttao/scannet/posed_images/scene0618_00/00225.jpg",
      "transform_matrix": [
        [
          0.778718,
          -0.26892,
          0.566815,
          2.147971
        ],
        [
          -0.626189,
          -0.277658,
          0.728556,
          3.687452
        ],
        [
          -0.038542,
          -0.922273,
          -0.384612,
          1.420401
        ],
        [
          0.0,
          0.0,
          0.0,
          1.0
        ]
      ]
    },
    {
      "file_path": "/media/NFS/ttao/scannet/posed_images/scene0618_00/00228.jpg",
      "transform_matrix": [
        [
          0.762065,
          -0.269753,
          0.588634,
          2.164643
        ],
        [
          -0.646677,
          -0.271242,
          0.712907,
          3.745275
        ],
        [
          -0.032646,
          -0.923938,
          -0.381147,
