{
  "frames": [
    {
      "file_path": "/media/NFS/ttao/scannet/posed_images/scene0323_00/00000.jpg",
      "transform_matrix": [
        [
          0.987841,
          -0.047172,
          0.148135,
          2.69364
        ],
        [
          -0.155377,
          -0.331543,
          0.930558,
          2.161831
        ],
        [
          0.005217,
          -0.94226,
          -0.334841,
          1.447557
        ],
        [
          0.0,
          0.0,
          0.0,
          1.0
        ]
      ]
    },
    {
      "file_path": "/media/NFS/ttao/scannet/posed_images/scene0323_00/00003.jpg",
      "transform_matrix": [
        [
          0.98792,
          -0.043294,
          0.148791,
          2.695162
        ],
        [
          -0.154271,
          -0.365347,
          0.917999,
          2.163581
        ],
        [
          0.014616,
          -0.929864,
          -0.367613,
          1.441703
        ],
        [
          0.0,
          0.0,
          0.0,
          1.0
        ]
      ]
    },
    {
      "file_path": "/media/NFS/ttao/scannet/posed_images/scene0323_00/00006.jpg",
      "transform_matrix": [
        [
          0.987703,
          -0.043012,
          0.150308,
          2.697333
        ],
        [
          -0.154979,
          -0.395984,
          0.905085,
          2.162709
        ],
        [
          0.02059,
          -0.91725,
          -0.397781,
          1.426812
        ],
        [
          0.0,
          0.0,
          0.0,
          1.0
        ]
      ]
    },
    {
      "file_path": "/media/NFS/ttao/scannet/posed_images/scene0323_00/00011.jpg",
      "transform_matrix": [
        [
          0.98542,
          -0.043863,
          0.164388,
          2.693684
        ],
        [
          -0.165625,
          -0.468387,
          0.867861,
          2.16287
        ],
        [
          0.03893,
          -0.882434,
          -0.468823,
          1.379712
        ],
        [
          0.0,
          0.0,
          0.0,
          1.0
        ]
      ]
    },
    {
      "file_path": "/media/NFS/ttao/scannet/posed_images/scene0323_00/00012.jpg",
      "transform_matrix": [
        [
          0.985804,
          -0.043665,
          0.162126,
          2.697999
        ],
        [
          -0.163069,
          -0.479019,
          0.862525,
          2.159426
        ],
        [
          0.039999,
          -0.876718,
          -0.479339,
          1.373254
        ],
        [
          0.0,
          0.0,
          0.0,
          1.0
        ]
      ]
    },
    {
      "file_path": "/media/NFS/ttao/scannet/posed_images/scene0323_00/00018.jpg",
      "transform_matrix": [
        [
          0.985209,
          -0.016213,
          0.170587,
          2.700027
        ],
        [
          -0.154372,
          -0.516083,
          0.842513,
          2.142899
        ],
        [
          0.074377,
          -0.856385,
          -0.510952,
          1.327313
        ],
        [
          0.0,
          0.0,
          0.0,
          1.0
        ]
      ]
    },
    {
      "file_path": "/media/NFS/ttao/scannet/posed_images/scene0323_00/00019.jpg",
      "transform_matrix": [
        [
          0.984604,
          -0.012757,
          0.174336,
          2.700379
        ],
        [
          -0.155132,
          -0.523404,
          0.837844,
          2.141245
        ],
        [
          0.08056,
          -0.851989,
          -0.517324,
          1.32356
        ],
        [
          0.0,
          0.0,
          0.0,
          1.0
        ]
      ]
    },
    {
      "file_path": "/media/NFS/ttao/scannet/posed_images/scene0323_00/00023.jpg",
      "transform_matrix": [
        [
          0.981053,
          -0.007429,
          0.193598,
          2.70489
        ],
        [
          -0.166543,
          -0.542896,
          0.823121,
          2.134841
        ],
        [
          0.098989,
          -0.839767,
          -0.533846,
          1.299638
        ],
        [
          0.0,
          0.0,
          0.0,
          1.0
        ]
      ]
    },
    {
      "file_path": "/media/NFS/ttao/scannet/posed_images/scene0323_00/00026.jpg",
      "transform_matrix": [
        [
          0.981348,
          -0.011417,
          0.1919,
          2.721399
        ],
        [
          -0.173216,
          -0.485484,
          0.856914,
          2.126303
        ],
        [
          0.083381,
          -0.874171,
          -0.478406,
          1.294855
        ],
        [
          0.0,
          0.0,
          0.0,
          1.0
        ]
      ]
    },
    {
      "file_path": "/media/NFS/ttao/scannet/posed_images/scene0323_00/00028.jpg",
      "transform_matrix": [
        [
          0.982168,
          -0.013252,
          0.187536,
          2.726481
        ],
        [
          -0.173389,
          -0.449446,
          0.876319,
          2.126056
        ],
        [
          0.072675,
          -0.893209,
          -0.443729,
          1.306854
        ],
        [
          0.0,
          0.0,
          0.0,
          1.0
        ]
      ]
    },
    {
      "file_path": "/media/NFS/ttao/scannet/posed_images/scene0323_00/00031.jpg",
      "transform_matrix": [
        [
          0.981638,
          -0.007438,
          0.190608,
          2.727164
        ],
        [
          -0.177148,
          -0.406154,
          0.89647,
          2.12855
        ],
        [
          0.070749,
          -0.913775,
          -0.400014,
          1.343939
        ],
        [
          0.0,
          0.0,
          0.0,
          1.0
        ]
      ]
    },
    {
      "file_path": "/media/NFS/ttao/scannet/posed_images/scene0323_00/00037.jpg",
      "transform_matrix": [
        [
          0.988153,
          -0.005031,
          0.153389,
          2.739205
        ],
        [
          -0.144904,
          -0.359847,
          0.92169,
          2.137692
        ],
        [
          0.050559,
          -0.932998,
          -0.356313,
          1.416345
        ],
        [
          0.0,
          0.0,
          0.0,
          1.0
        ]
      ]
    },
    {
      "file_path": "/media/NFS/ttao/scannet/posed_images/scene0323_00/00040.jpg",
      "transform_matrix": [
        [
          0.986559,
          -0.001596,
          0.163395,
          2.736759
        ],
        [
          -0.155618,
          -0.314156,
          0.936531,
          2.144279
        ],
        [
          0.049837,
          -0.94937,
          -0.310182,
          1.47457
        ],
        [
          0.0,
          0.0,
          0.0,
          1.0
        ]
      ]
    },
    {
      "file_path": "/media/NFS/ttao/scannet/posed_images/scene0323_00/00041.jpg",
      "transform_matrix": [
        [
          0.986476,
          -0.010597,
          0.163563,
          2.736014
        ],
        [
          -0.159243,
          -0.298281,
          0.941101,
          2.146792
        ],
        [
          0.038815,
          -0.954419,
          -0.295934,
          1.487551
        ],
        [
          0.0,
          0.0,
          0.0,
          1.0
        ]
      ]
    },
    {
      "file_path": "/media/NFS/ttao/scannet/posed_images/scene0323_00/00046.jpg",
      "transform_matrix": [
        [
          0.991304,
          -0.007371,
          0.131384,
          2.742754
        ],
        [
          -0.128626,
          -0.265005,
          0.95563,
          2.146625
        ],
        [
          0.027774,
          -0.964219,
          -0.263648,
          1.554496
        ],
        [
          0.0,
          0.0,
          0.0,
          1.0
        ]
      ]
    },
    {
      "file_path": "/media/NFS/ttao/scannet/posed_images/scene0323_00/00047.jpg",
      "transform_matrix": [
        [
          0.99163,
          -0.014687,
          0.128277,
          2.743515
        ],
        [
          -0.128018,
          -0.241089,
          0.962023,
          2.145549
        ],
        [
          0.016797,
          -0.970392,
          -0.240951,
          1.561813
        ],
        [
          0.0,
          0.0,
          0.0,
          1.0
        ]
      ]
    },
    {
      "file_path": "/media/NFS/ttao/scannet/posed_images/scene0323_00/00052.jpg",
      "transform_matrix": [
        [
          0.992874,
          0.001842,
          0.119157,
          2.755276
        ],
        [
          -0.115798,
          -0.221308,
          0.968305,
          2.137434
        ],
        [
          0.028154,
          -0.975202,
          -0.219518,
          1.638847
        ],
        [
          0.0,
          0.0,
          0.0,
          1.0
        ]
      ]
    },
    {
      "file_path": "/media/NFS/ttao/scannet/posed_images/scene0323_00/00054.jpg",
      "transform_matrix": [
        [
          0.99304,
          0.001277,
          0.117775,
          2.756716
        ],
        [
          -0.114661,
          -0.218157,
          0.969155,
          2.136633
        ],
        [
          0.026931,
          -0.975913,
          -0.216492,
          1.653514
        ],
        [
          0.0,
          0.0,
          0.0,
          1.0
        ]
      ]
    },
    {
      "file_path": "/media/NFS/ttao/scannet/posed_images/scene0323_00/00057.jpg",
      "transform_matrix": [
        [
          0.99281,
          0.015192,
          0.118735,
          2.760606
        ],
        [
          -0.113477,
          -0.196268,
          0.973962,
          2.132922
        ],
        [
          0.0381,
          -0.980433,
          -0.193133,
          1.6747
        ],
        [
          0.0,
          0.0,
          0.0,
          1.0
        ]
      ]
    },
    {
      "file_path": "/media/NFS/ttao/scannet/posed_images/scene0323_00/00060.jpg",
      "transform_matrix": [
        [
          0.991329,
          0.021645,
          0.129605,
          2.768471
        ],
        [
          -0.123542,
          -0.182434,
          0.975426,
          2.129122
        ],
        [
          0.044757,
          -0.98298,
          -0.178178,
          1.686329
        ],
        [
          0.0,
          0.0,
          0.0,
          1.0
        ]
      ]
    },
    {
      "file_path": "/media/NFS/ttao/scannet/posed_images/scene0323_00/00065.jpg",
      "transform_matrix": [
        [
          0.986571,
          0.024107,
          0.161544,
          2.778973
        ],
        [
          -0.156428,
          -0.145074,
          0.976977,
          2.127896
        ],
        [
          0.046988,
          -0.989127,
          -0.139355,
          1.70517
        ],
        [
          0.0,
          0.0,
          0.0,
          1.0
        ]
      ]
    },
    {
      "file_path": "/media/NFS/ttao/scannet/posed_images/scene0323_00/00068.jpg",
      "transform_matrix": [
        [
          0.986535,
          0.016479,
          0.16272,
          2.788145
        ],
        [
          -0.158941,
          -0.137987,
          0.977598,
          2.127842
        ],
        [
          0.038563,
          -0.990297,
          -0.13351,
          1.721431
        ],
        [
          0.0,
          0.0,
          0.0,
          1.0
        ]
      ]
    },
    {
      "file_path": "/media/NFS/ttao/scannet/posed_images/scene0323_00/00071.jpg",
      "transform_matrix": [
        [
          0.987855,
          0.007594,
          0.155193,
          2.802328
        ],
        [
          -0.152828,
          -0.132754,
          0.979296,
          2.125339
        ],
        [
          0.028039,
          -0.99112,
          -0.129981,
          1.73688
        ],
        [
          0.0,
          0.0,
          0.0,
          1.0
        ]
      ]
    },
    {
      "file_path": "/media/NFS/ttao/scannet/posed_images/scene0323_00/00073.jpg",
      "transform_matrix": [
        [
          0.988967,
          0.000855,
          0.148135,
          2.811201
        ],
        [
          -0.146815,
          -0.127626,
          0.980896,
          2.125505
        ],
        [
          0.019744,
          -0.991822,
          -0.126092,
          1.752508
        ],
        [
          0.0,
          0.0,
          0.0,
          1.0
        ]
      ]
    },
    {
      "file_path": "/media/NFS/ttao/scannet/posed_images/scene0323_00/00076.jpg",
      "transform_matrix": [
        [
          0.988879,
          -0.003453,
          0.14868,
          2.829241
        ],
        [
          -0.148019,
          -0.119774,
          0.981705,
          2.126894
        ],
        [
          0.014419,
          -0.992795,
          -0.118953,
          1.764362
        ],
        [
          0.0,
          0.0,
          0.0,
          1.0
        ]
      ]
    },
    {
      "file_path": "/media/NFS/ttao/scannet/posed_images/scene0323_00/00081.jpg",
      "transform_matrix": [
        [
          0.981796,
          -0.000192,
          0.18994,
          2.865497
        ],
        [
          -0.189001,
          -0.10032,
          0.976839,
          2.135714
        ],
        [
          0.018867,
          -0.994955,
          -0.09853,
          1.783588
        ],
        [
          0.0,
          0.0,
          0.0,
          1.0
        ]
      ]
    },
    {
      "file_path": "/media/NFS/ttao/scannet/posed_images/scene0323_00/00082.jpg",
      "transform_matrix": [
        [
          0.98087,
          -0.007562,
          0.194517,
          2.872299
        ],
        [
          -0.19428,
          -0.100745,
          0.975759,
          2.137774
        ],
        [
          0.012218,
          -0.994883,
          -0.100287,
          1.786142
        ],
        [
          0.0,
          0.0,
          0.0,
          1.0
        ]
      ]
    },
    {
      "file_path": "/media/NFS/ttao/scannet/posed_images/scene0323_00/00087.jpg",
      "transform_matrix": [
        [
          0.968088,
          -0.003456,
          0.250587,
          2.906731
        ],
        [
          -0.250299,
          -0.063262,
          0.9661,
          2.147614
        ],
        [
          0.012513,
          -0.997991,
          -0.062108,
          1.789301
        ],
        [
          0.0,
          0.0,
          0.0,
          1.0
        ]
      ]
    },
    {
      "file_path": "/media/NFS/ttao/scannet/posed_images/scene0323_00/00088.jpg",
      "transform_matrix": [
        [
          0.962582,
          0.005878,
          0.270926,
          2.913786
        ],
        [
          -0.270022,
          -0.063625,
          0.96075,
          2.15037
        ],
        [
          0.022885,
          -0.997957,
          -0.059657,
          1.786764
        ],
        [
          0.0,
          0.0,
          0.0,
          1.0
        ]
      ]
    },
    {
      "file_path": "/media/NFS/ttao/scannet/posed_images/scene0323_00/00093.jpg",
      "transform_matrix": [
        [
          0.929854,
          0.030861,
          0.366631,
          2.959444
        ],
        [
          -0.36484,
          -0.051477,
          0.929646,
          2.157663
        ],
        [
          0.047563,
          -0.998197,
          -0.036607,
          1.772176
        ],
        [
          0.0,
          0.0,
          0.0,
          1.0
        ]
      ]
    },
    {
      "file_path": "/media/NFS/ttao/scannet/posed_images/scene0323_00/00096.jpg",
      "transform_matrix": [
        [
          0.921163,
          0.032433,
          0.387823,
          2.983695
        ],
        [
          -0.386092,
          -0.049059,
          0.921155,
          2.158492
        ],
        [
          0.048902,
          -0.998269,
          -0.032669,
          1.762868
        ],
        [
          0.0,
          0.0,
          0.0,
          1.0
        ]
      ]
    },
    {
      "file_path": "/media/NFS/ttao/scannet/posed_images/scene0323_00/00100.jpg",
      "transform_matrix": [
        [
          0.908067,
          0.03749,
          0.417144,
          3.022799
        ],
        [
          -0.415657,
          -0.041609,
          0.908569,
          2.156975
        ],
        [
          0.051419,
          -0.99843,
          -0.022201,
          1.754328
        ],
        [
          0.0,
          0.0,
          0.0,
          1.0
        ]
      ]
    },
    {
      "file_path": "/media/NFS/ttao/scannet/posed_images/scene0323_00/00103.jpg",
      "transform_matrix": [
        [
          0.88481,
          0.042074,
          0.464048,
          3.044608
        ],
        [
          -0.463809,
          -0.015879,
          0.885793,
          2.154337
        ],
        [
          0.044637,
          -0.998988,
          0.005464,
          1.743821
        ],
        [
          0.0,
          0.0,
          0.0,
          1.0
        ]
      ]
    },
    {
      "file_path": "/media/NFS/ttao/scannet/posed_images/scene0323_00/00107.jpg",
      "transform_matrix": [
        [
          0.869915,
          0.02245,
          0.492691,
          3.075386
        ],
        [
          -0.492064,
          -0.028315,
          0.870098,
          2.153098
        ],
        [
          0.033484,
          -0.999347,
          -0.013585,
          1.729302
        ],
        [
          0.0,
          0.0,
          0.0,
          1.0
        ]
      ]
    },
    {
      "file_path": "/media/NFS/ttao/scannet/posed_images/scene0323_00/00110.jpg",
      "transform_matrix": [
        [
          0.873775,
          -0.006273,
          0.48629,
          3.107297
        ],
        [
          -0.486007,
          -0.047691,
          0.872652,
          2.150212
        ],
        [
          0.017717,
          -0.998842,
          -0.04472,
          1.722269
        ],
        [
          0.0,
          0.0,
          0.0,
          1.0
        ]
      ]
    },
    {
      "file_path": "/media/NFS/ttao/scannet/posed_images/scene0323_00/00111.jpg",
      "transform_matrix": [
        [
          0.87558,
          -0.016707,
          0.482784,
          3.116338
        ],
        [
          -0.482906,
          -0.056511,
          0.873847,
          2.149727
        ],
        [
          0.012684,
          -0.998262,
          -0.057548,
          1.716532
        ],
        [
          0.0,
          0.0,
          0.0,
          1.0
        ]
      ]
    },
    {
      "file_path": "/media/NFS/ttao/scannet/posed_images/scene0323_00/00114.jpg",
      "transform_matrix": [
        [
          0.873253,
          -0.032811,
          0.48616,
          3.143388
        ],
        [
          -0.487166,
          -0.079074,
          0.869723,
          2.149993
        ],
        [
          0.009906,
          -0.996329,
          -0.085036,
          1.699189
        ],
        [
          0.0,
          0.0,
          0.0,
          1.0
        ]
      ]
    },
    {
      "file_path": "/media/NFS/ttao/scannet/posed_images/scene0323_00/00117.jpg",
      "transform_matrix": [
        [
          0.860266,
          -0.043833,
          0.507958,
          3.170519
        ],
        [
          -0.509645,
          -0.101852,
          0.854335,
          2.151285
        ],
        [
          0.014288,
          -0.993833,
          -0.109959,
          1.674026
        ],
        [
          0.0,
          0.0,
          0.0,
          1.0
        ]
      ]
    },
    {
      "file_path": "/media/NFS/ttao/scannet/posed_images/scene0323_00/00122.jpg",
      "transform_matrix": [
        [
          0.843758,
          -0.078537,
          0.530947,
          3.218543
        ],
        [
          -0.535759,
          -0.182543,
          0.824403,
          2.15809
        ],
        [
          0.032174,
          -0.980056,
          -0.196099,
          1.622364
        ],
        [
          0.0,
          0.0,
          0.0,
          1.0
        ]
      ]
    },
    {
      "file_path": "/media/NFS/ttao/scannet/posed_images/scene0323_00/00125.jpg",
      "transform_matrix": [
        [
          0.855741,
          -0.115852,
          0.504267,
          3.243448
        ],
        [
          -0.517097,
          -0.225076,
          0.825803,
          2.159069
        ],
        [
          0.017828,
          -0.967429,
          -0.252513,
          1.592724
        ],
        [
          0.0,
          0.0,
          0.0,
          1.0
        ]
      ]
    },
    {
      "file_path": "/media/NFS/ttao/scannet/posed_images/scene0323_00/00129.jpg",
      "transform_matrix": [
        [
          0.866557,
          -0.155425,
          0.474259,
          3.276159
        ],
        [
          -0.498517,
          -0.224557,
          0.83729,
          2.160941
        ],
        [
          -0.023638,
          -0.961986,
          -0.272073,
          1.556809
        ],
        [
          0.0,
          0.0,
          0.0,
          1.0
        ]
      ]
    },
    {
      "file_path": "/media/NFS/ttao/scannet/posed_images/scene0323_00/00130.jpg",
      "transform_matrix": [
        [
          0.868568,
          -0.168452,
          0.466061,
          3.286241
        ],
        [
          -0.494389,
          -0.229647,
          0.838357,
          2.164371
        ],
        [
          -0.034194,
          -0.958586,
          -0.282745,
          1.554895
        ],
        [
          0.0,
          0.0,
          0.0,
          1.0
        ]
      ]
    },
    {
      "file_path": "/media/NFS/ttao/scannet/posed_images/scene0323_00/00133.jpg",
      "transform_matrix": [
        [
          0.867477,
          -0.198778,
          0.456039,
          3.309906
        ],
        [
          -0.494706,
          -0.248047,
          0.83291,
          2.172855
        ],
        [
          -0.052445,
          -0.948135,
          -0.313511,
          1.527027
        ],
        [
          0.0,
          0.0,
          0.0,
          1.0
        ]
      ]
    },
    {
      "file_path": "/media/NFS/ttao/scannet/posed_images/scene0323_00/00136.jpg",
      "transform_matrix": [
        [
          0.856842,
          -0.205091,
          0.473032,
          3.332784
        ],
        [
          -0.514395,
          -0.277909,
          0.811273,
          2.187777
        ],
        [
          -0.034925,
          -0.938458,
          -0.343622,
          1.492689
        ],
        [
          0.0,
          0.0,
          0.0,
          1.0
        ]
      ]
    },
    {
      "file_path": "/media/NFS/ttao/scannet/posed_images/scene0323_00/00140.jpg",
      "transform_matrix": [
        [
          0.846796,
          -0.229282,
          0.479965,
          3.359024
        ],
        [
          -0.531914,
          -0.361556,
          0.765732,
          2.218038
        ],
        [
          -0.002034,
          -0.903719,
          -0.428122,
          1.430007
        ],
        [
          0.0,
          0.0,
          0.0,
          1.0
        ]
      ]
    },
    {
      "file_path": "/media/NFS/ttao/scannet/posed_images/scene0323_00/00142.jpg",
      "transform_matrix": [
        [
          0.842315,
          -0.247808,
          0.478641,
          3.366175
        ],
        [
          -0.538985,
          -0.385234,
          0.749059,
          2.231978
        ],
        [
          -0.001234,
          -0.888924,
          -0.458053,
          1.410303
        ],
        [
          0.0,
          0.0,
          0.0,
          1.0
        ]
      ]
    },
    {
      "file_path": "/media/NFS/ttao/scannet/posed_images/scene0323_00/00147.jpg",
      "transform_matrix": [
        [
          0.823252,
          -0.296368,
          0.484171,
          3.390186
        ],
        [
          -0.567676,
          -0.430401,
          0.701783,
          2.263277
        ],
        [
          0.000402,
          -0.852597,
          -0.522569,
          1.367138
        ],
        [
          0.0,
          0.0,
          0.0,
          1.0
        ]
      ]
    },
    {
      "file_path": "/media/NFS/ttao/scannet/posed_images/scene0323_00/00151.jpg",
      "transform_matrix": [
        [
          0.808505,
          -0.311813,
          0.49909,
          3.418998
        ],
        [
          -0.587604,
          -0.381275,
          0.713688,
          2.270694
        ],
        [
          -0.032246,
          -0.870289,
          -0.491486,
          1.36713
        ],
        [
          0.0,
          0.0,
          0.0,
          1.0
        ]
      ]
    },
    {
      "file_path": "/media/NFS/ttao/scannet/posed_images/scene0323_00/00152.jpg",
      "transform_matrix": [
        [
          0.810185,
          -0.314535,
          0.494638,
          3.426242
        ],
        [
          -0.584869,
          -0.377511,
          0.717923,
          2.269163
        ],
        [
          -0.039081,
          -0.87095,
          -0.489816,
          1.370006
        ],
        [
          0.0,
          0.0,
          0.0,
          1.0
        ]
      ]
    },
    {
      "file_path": "/media/NFS/ttao/scannet/posed_images/scene0323_00/00157.jpg",
      "transform_matrix": [
        [
          0.823202,
          -0.270705,
          0.499056,
          3.45472
        ],
        [
          -0.56677,
          -0.340245,
          0.750337,
          2.259315
        ],
        [
          -0.033318,
          -0.900529,
          -0.433518,
          1.395003
        ],
        [
          0.0,
          0.0,
          0.0,
          1.0
        ]
      ]
    },
    {
      "file_path": "/media/NFS/ttao/scannet/posed_images/scene0323_00/00161.jpg",
      "transform_matrix": [
        [
          0.842457,
          -0.214927,
          0.494037,
          3.473704
        ],
        [
          -0.538639,
          -0.316256,
          0.780929,
          2.237287
        ],
        [
          -0.011601,
          -0.924007,
          -0.3822,
          1.422506
        ],
        [
          0.0,
          0.0,
          0.0,
          1.0
        ]
      ]
    },
    {
      "file_path": "/media/NFS/ttao/scannet/posed_images/scene0323_00/00164.jpg",
      "transform_matrix": [
        [
          0.856282,
          -0.161429,
          0.490633,
          3.482898
        ],
        [
          -0.516359,
          -0.290293,
          0.805669,
          2.216279
        ],
        [
          0.012369,
          -0.943224,
          -0.331928,
          1.442625
        ],
        [
          0.0,
          0.0,
          0.0,
          1.0
        ]
      ]
    },
    {
      "file_path": "/media/NFS/ttao/scannet/posed_images/scene0323_00/00167.jpg",
      "transform_matrix": [
        [
          0.862269,
          -0.135086,
          0.488103,
          3.492903
        ],
        [
          -0.5064,
          -0.243694,
          0.827147,
          2.197347
        ],
        [
          0.007212,
          -0.960398,
          -0.278537,
          1.459284
        ],
        [
          0.0,
          0.0,
          0.0,
          1.0
        ]
      ]
    },
    {
      "file_path": "/media/NFS/ttao/scannet/posed_images/scene0323_00/00168.jpg",
      "transform_matrix": [
        [
          0.863189,
          -0.137989,
          0.485657,
          3.497029
        ],
        [
          -0.504878,
          -0.238775,
          0.829509,
          2.193538
        ],
        [
          0.0015,
          -0.961221,
          -0.275775,
          1.464044
        ],
        [
          0.0,
          0.0,
          0.0,
          1.0
        ]
      ]
    },
    {
      "file_path": "/media/NFS/ttao/scannet/posed_images/scene0323_00/00173.jpg",
      "transform_matrix": [
        [
          0.856068,
          -0.134934,
          0.498939,
          3.510707
        ],
        [
          -0.516686,
          -0.198162,
          0.832927,
          2.18106
        ],
        [
          -0.013519,
          -0.970837,
          -0.239358,
          1.485823
        ],
        [
          0.0,
          0.0,
          0.0,
          1.0
        ]
      ]
    },
    {
      "file_path": "/media/NFS/ttao/scannet/posed_images/scene0323_00/00174.jpg",
      "transform_matrix": [
        [
          0.856124,
          -0.134989,
          0.498829,
          3.512079
        ],
        [
          -0.516596,
          -0.198433,
          0.832918,
          2.180373
        ],
        [
          -0.013451,
          -0.970774,
          -0.239618,
          1.487628
        ],
        [
          0.0,
          0.0,
          0.0,
          1.0
        ]
      ]
    },
    {
      "file_path": "/media/NFS/ttao/scannet/posed_images/scene0323_00/00179.jpg",
      "transform_matrix": [
        [
          0.851806,
          -0.126009,
          0.508476,
          3.513291
        ],
        [
          -0.523826,
          -0.19432,
          0.829365,
          2.182828
        ],
        [
          -0.005701,
          -0.972811,
          -0.23153,
          1.488729
        ],
        [
          0.0,
          0.0,
          0.0,
          1.0
        ]
      ]
    },
    {
      "file_path": "/media/NFS/ttao/scannet/posed_images/scene0323_00/00181.jpg",
      "transform_matrix": [
        [
          0.84882,
          -0.131382,
          0.512096,
          3.513075
        ],
        [
          -0.528669,
          -0.204301,
          0.823875,
          2.185797
        ],
        [
          -0.003621,
          -0.970052,
          -0.242872,
          1.484364
        ],
        [
          0.0,
          0.0,
          0.0,
          1.0
        ]
      ]
    },
    {
      "file_path": "/media/NFS/ttao/scannet/posed_images/scene0323_00/00185.jpg",
      "transform_matrix": [
        [
          0.832047,
          -0.143852,
          0.535728,
          3.515901
        ],
        [
          -0.554656,
          -0.228556,
          0.800074,
          2.197436
        ],
        [
          0.007352,
          -0.962844,
          -0.269958,
          1.47389
        ],
        [
          0.0,
          0.0,
          0.0,
          1.0
        ]
      ]
    },
    {
      "file_path": "/media/NFS/ttao/scannet/posed_images/scene0323_00/00187.jpg",
      "transform_matrix": [
        [
          0.822028,
          -0.148969,
          0.549617,
          3.518005
        ],
        [
          -0.569274,
          -0.238796,
          0.786704,
          2.201832
        ],
        [
          0.014052,
          -0.959575,
          -0.281101,
          1.467061
        ],
        [
          0.0,
          0.0,
          0.0,
          1.0
        ]
      ]
    },
    {
      "file_path": "/media/NFS/ttao/scannet/posed_images/scene0323_00/00192.jpg",
      "transform_matrix": [
        [
          0.786993,
          -0.169169,
          0.593316,
          3.528564
        ],
        [
          -0.616147,
          -0.264909,
          0.741745,
          2.215099
        ],
        [
          0.031694,
          -0.949318,
          -0.312714,
          1.458708
        ],
        [
          0.0,
          0.0,
          0.0,
          1.0
        ]
      ]
    },
    {
      "file_path": "/media/NFS/ttao/scannet/posed_images/scene0323_00/00194.jpg",
      "transform_matrix": [
        [
          0.77188,
          -0.17303,
          0.611769,
          3.531294
        ],
        [
          -0.634886,
          -0.260458,
          0.72738,
          2.216878
        ],
        [
          0.033482,
          -0.949854,
          -0.310896,
          1.457449
        ],
        [
          0.0,
          0.0,
          0.0,
          1.0
        ]
      ]
    },
    {
      "file_path": "/media/NFS/ttao/scannet/posed_images/scene0323_00/00197.jpg",
      "transform_matrix": [
        [
          0.751106,
          -0.176523,
          0.636144,
          3.534917
        ],
        [
          -0.659314,
          -0.249937,
          0.70911,
          2.21639
        ],
        [
          0.033821,
          -0.952035,
          -0.304113,
          1.456875
        ],
        [
          0.0,
          0.0,
          0.0,
          1.0
        ]
      ]
    },
    {
      "file_path": "/media/NFS/ttao/scannet/posed_images/scene0323_00/00200.jpg",
      "transform_matrix": [
        [
          0.73207,
          -0.185648,
          0.655444,
          3.535946
        ],
        [
          -0.680555,
          -0.242091,
          0.691546,
          2.217175
        ],
        [
          0.030293,
          -0.952327,
          -0.303572,
          1.456268
        ],
        [
          0.0,
          0.0,
          0.0,
          1.0
        ]
      ]
    },
    {
      "file_path": "/media/NFS/ttao/scannet/posed_images/scene0323_00/00203.jpg",
      "transform_matrix": [
        [
          0.718646,
          -0.18974,
          0.668989,
          3.540879
        ],
        [
          -0.694698,
          -0.23838,
          0.678653,
          2.211416
        ],
        [
          0.030706,
          -0.952457,
          -0.303123,
          1.456216
        ],
        [
          0.0,
          0.0,
          0.0,
          1.0
        ]
      ]
    },
    {
      "file_path": "/media/NFS/ttao/scannet/posed_images/scene0323_00/00206.jpg",
      "transform_matrix": [
        [
          0.706343,
          -0.196249,
          0.680122,
          3.543167
        ],
        [
          -0.707239,
          -0.236222,
          0.666343,
          2.20624
        ],
        [
          0.02989,
          -0.951675,
          -0.305649,
          1.452048
        ],
        [
          0.0,
          0.0,
          0.0,
          1.0
        ]
      ]
    },
    {
      "file_path": "/media/NFS/ttao/scannet/posed_images/scene0323_00/00210.jpg",
      "transform_matrix": [
        [
          0.683338,
          -0.208792,
          0.699611,
          3.550461
        ],
        [
          -0.729263,
          -0.241121,
          0.640341,
          2.202213
        ],
        [
          0.034993,
          -0.947769,
          -0.317031,
          1.445811
        ],
        [
          0.0,
          0.0,
          0.0,
          1.0
        ]
      ]
    },
    {
      "file_path": "/media/NFS/ttao/scannet/posed_images/scene0323_00/00213.jpg",
      "transform_matrix": [
        [
          0.672413,
          -0.194112,
          0.71427,
          3.553386
        ],
        [
          -0.739044,
          -0.229416,
          0.633389,
          2.19257
        ],
        [
          0.040916,
          -0.953776,
          -0.29772,
          1.440225
        ],
        [
          0.0,
          0.0,
          0.0,
          1.0
        ]
      ]
    },
    {
      "file_path": "/media/NFS/ttao/scannet/posed_images/scene0323_00/00216.jpg",
      "transform_matrix": [
        [
          0.664529,
          -0.186677,
          0.72357,
          3.557394
        ],
        [
          -0.746112,
          -0.219469,
          0.62861,
          2.183526
        ],
        [
          0.041455,
          -0.957593,
          -0.285125,
          1.442566
        ],
        [
          0.0,
          0.0,
          0.0,
          1.0
        ]
      ]
    },
    {
      "file_path": "/media/NFS/ttao/scannet/posed_images/scene0323_00/00220.jpg",
      "transform_matrix": [
        [
          0.665521,
          -0.202637,
          0.718345,
          3.563199
        ],
        [
          -0.74558,
          -0.224994,
          0.627286,
          2.173196
        ],
        [
          0.034512,
          -0.953056,
          -0.30082,
          1.441629
        ],
        [
          0.0,
          0.0,
          0.0,
          1.0
        ]
      ]
    },
    {
      "file_path": "/media/NFS/ttao/scannet/posed_images/scene0323_00/00222.jpg",
      "transform_matrix": [
        [
          0.663856,
          -0.195513,
          0.721852,
          3.567423
        ],
        [
          -0.746719,
          -0.226588,
          0.625354,
          2.16701
        ],
        [
          0.041298,
          -0.954166,
          -0.296415,
          1.44209
        ],
        [
          0.0,
          0.0,
          0.0,
          1.0
        ]
      ]
    },
    {
      "file_path": "/media/NFS/ttao/scannet/posed_images/scene0323_00/00227.jpg",
      "transform_matrix": [
        [
          0.640294,
          -0.210877,
          0.738617,
          3.576049
        ],
        [
          -0.766778,
          -0.232491,
          0.59833,
          2.16333
        ],
        [
          0.045547,
          -0.949462,
          -0.310559,
          1.438997
        ],
        [
          0.0,
          0.0,
          0.0,
          1.0
        ]
      ]
    },
    {
      "file_path": "/media/NFS/ttao/scannet/posed_images/scene0323_00/00228.jpg",
      "transform_matrix": [
        [
          0.638255,
          -0.21303,
          0.739762,
          3.579036
        ],
        [
          -0.768739,
          -0.227401,
          0.59777,
          2.159902
        ],
        [
          0.040879,
          -0.950214,
          -0.308904,
          1.438693
        ],
        [
          0.0,
          0.0,
          0.0,
          1.0
        ]
      ]
    },
    {
      "file_path": "/media/NFS/ttao/scannet/posed_images/scene0323_00/00233.jpg",
      "transform_matrix": [
        [
          0.61969,
          -0.216438,
          0.754413,
          3.591121
        ],
        [
          -0.783938,
          -0.216952,
          0.581699,
          2.150476
        ],
        [
          0.03777,
          -0.951886,
          -0.304117,
          1.438371
        ],
        [
          0.0,
          0.0,
          0.0,
          1.0
        ]
      ]
    },
    {
      "file_path": "/media/NFS/ttao/scannet/posed_images/scene0323_00/00235.jpg",
      "transform_matrix": [
        [
          0.612191,
          -0.217822,
          0.760115,
          3.59425
        ],
        [
          -0.78994,
          -0.210876,
          0.575783,
          2.147011
        ],
        [
          0.034872,
          -0.952935,
          -0.301163,
          1.437685
        ],
        [
          0.0,
          0.0,
          0.0,
          1.0
        ]
      ]
    },
    {
      "file_path": "/media/NFS/ttao/scannet/posed_images/scene0323_00/00240.jpg",
      "transform_matrix": [
        [
          0.597646,
          -0.233372,
          0.767044,
          3.615382
        ],
        [
          -0.801272,
          -0.207234,
          0.561264,
          2.130654
        ],
        [
          0.027974,
          -0.950048,
          -0.310847,
          1.441422
        ],
        [
          0.0,
          0.0,
          0.0,
          1.0
        ]
      ]
    },
    {
      "file_path": "/media/NFS/ttao/scannet/posed_images/scene0323_00/00241.jpg",
      "transform_matrix": [
        [
          0.590858,
          -0.234715,
          0.771878,
          3.618993
        ],
        [
          -0.806309,
          -0.204334,
          0.55508,
          2.126709
        ],
        [
          0.027436,
          -0.950346,
          -0.309985,
          1.441702
        ],
        [
          0.0,
          0.0,
          0.0,
          1.0
        ]
      ]
    },
    {
      "file_path": "/media/NFS/ttao/scannet/posed_images/scene0323_00/00244.jpg",
      "transform_matrix": [
        [
          0.575541,
          -0.2365,
          0.782828,
          3.629885
        ],
        [
          -0.817372,
          -0.196309,
          0.541632,
          2.110605
        ],
        [
          0.02558,
          -0.951594,
          -0.306292,
          1.441407
        ],
        [
