{
  "frames": [
    {
      "file_path": "/media/NFS/ttao/scannet/posed_images/scene0297_02/00000.jpg",
      "transform_matrix": [
        [
          -0.697555,
          0.296396,
          -0.652354,
          3.923327
        ],
        [
          0.716475,
          0.299912,
          -0.629854,
          3.353024
        ],
        [
          0.008963,
          -0.906754,
          -0.421566,
          1.569688
        ],
        [
          0.0,
          0.0,
          0.0,
          1.0
        ]
      ]
    },
    {
      "file_path": "/media/NFS/ttao/scannet/posed_images/scene0297_02/00006.jpg",
      "transform_matrix": [
        [
          -0.687808,
          0.279425,
          -0.669957,
          3.928305
        ],
        [
          0.725413,
          0.298146,
          -0.620392,
          3.335123
        ],
        [
          0.026392,
          -0.912705,
          -0.407765,
          1.572823
        ],
        [
          0.0,
          0.0,
          0.0,
          1.0
        ]
      ]
    },
    {
      "file_path": "/media/NFS/ttao/scannet/posed_images/scene0297_02/00010.jpg",
      "transform_matrix": [
        [
          -0.687465,
          0.265205,
          -0.676061,
          3.935205
        ],
        [
          0.72494,
          0.305799,
          -0.61721,
          3.315211
        ],
        [
          0.043052,
          -0.914414,
          -0.402484,
          1.5815
        ],
        [
          0.0,
          0.0,
          0.0,
          1.0
        ]
      ]
    },
    {
      "file_path": "/media/NFS/ttao/scannet/posed_images/scene0297_02/00011.jpg",
      "transform_matrix": [
        [
          -0.688461,
          0.264481,
          -0.675331,
          3.93253
        ],
        [
          0.723861,
          0.308671,
          -0.617048,
          3.315096
        ],
        [
          0.045258,
          -0.913659,
          -0.403955,
          1.58339
        ],
        [
          0.0,
          0.0,
          0.0,
          1.0
        ]
      ]
    },
    {
      "file_path": "/media/NFS/ttao/scannet/posed_images/scene0297_02/00018.jpg",
      "transform_matrix": [
        [
          -0.704307,
          0.217082,
          -0.67589,
          3.957158
        ],
        [
          0.706769,
          0.303676,
          -0.638951,
          3.277154
        ],
        [
          0.066547,
          -0.927716,
          -0.367308,
          1.607116
        ],
        [
          0.0,
          0.0,
          0.0,
          1.0
        ]
      ]
    },
    {
      "file_path": "/media/NFS/ttao/scannet/posed_images/scene0297_02/00023.jpg",
      "transform_matrix": [
        [
          -0.711416,
          0.167726,
          -0.682463,
          3.978339
        ],
        [
          0.696447,
          0.298255,
          -0.652692,
          3.247249
        ],
        [
          0.094074,
          -0.939634,
          -0.328996,
          1.622651
        ],
        [
          0.0,
          0.0,
          0.0,
          1.0
        ]
      ]
    },
    {
      "file_path": "/media/NFS/ttao/scannet/posed_images/scene0297_02/00025.jpg",
      "transform_matrix": [
        [
          -0.711296,
          0.157008,
          -0.685132,
          3.988438
        ],
        [
          0.695307,
          0.299985,
          -0.653114,
          3.238874
        ],
        [
          0.102985,
          -0.940934,
          -0.322547,
          1.615326
        ],
        [
          0.0,
          0.0,
          0.0,
          1.0
        ]
      ]
    },
    {
      "file_path": "/media/NFS/ttao/scannet/posed_images/scene0297_02/00029.jpg",
      "transform_matrix": [
        [
          -0.723114,
          0.156976,
          -0.672656,
          4.011205
        ],
        [
          0.681273,
          0.322676,
          -0.657075,
          3.199346
        ],
        [
          0.113905,
          -0.933402,
          -0.340275,
          1.602597
        ],
        [
          0.0,
          0.0,
          0.0,
          1.0
        ]
      ]
    },
    {
      "file_path": "/media/NFS/ttao/scannet/posed_images/scene0297_02/00034.jpg",
      "transform_matrix": [
        [
          -0.737426,
          0.184016,
          -0.649878,
          4.001726
        ],
        [
          0.66887,
          0.332706,
          -0.66477,
          3.133797
        ],
        [
          0.09389,
          -0.924903,
          -0.368429,
          1.604192
        ],
        [
          0.0,
          0.0,
          0.0,
          1.0
        ]
      ]
    },
    {
      "file_path": "/media/NFS/ttao/scannet/posed_images/scene0297_02/00040.jpg",
      "transform_matrix": [
        [
          -0.760196,
          0.199345,
          -0.618356,
          3.99306
        ],
        [
          0.646437,
          0.327276,
          -0.68921,
          3.026919
        ],
        [
          0.064983,
          -0.923662,
          -0.377658,
          1.598032
        ],
        [
          0.0,
          0.0,
          0.0,
          1.0
        ]
      ]
    },
    {
      "file_path": "/media/NFS/ttao/scannet/posed_images/scene0297_02/00041.jpg",
      "transform_matrix": [
        [
          -0.764846,
          0.194061,
          -0.614289,
          4.00164
        ],
        [
          0.641174,
          0.321822,
          -0.696654,
          3.012303
        ],
        [
          0.062498,
          -0.926699,
          -0.370572,
          1.582954
        ],
        [
          0.0,
          0.0,
          0.0,
          1.0
        ]
      ]
    },
    {
      "file_path": "/media/NFS/ttao/scannet/posed_images/scene0297_02/00048.jpg",
      "transform_matrix": [
        [
          -0.78634,
          0.210849,
          -0.580699,
          3.968971
        ],
        [
          0.615743,
          0.344016,
          -0.708883,
          2.89831
        ],
        [
          0.050302,
          -0.914984,
          -0.400342,
          1.592476
        ],
        [
          0.0,
          0.0,
          0.0,
          1.0
        ]
      ]
    },
    {
      "file_path": "/media/NFS/ttao/scannet/posed_images/scene0297_02/00053.jpg",
      "transform_matrix": [
        [
          -0.794137,
          0.20363,
          -0.572609,
          3.994249
        ],
        [
          0.604996,
          0.354291,
          -0.713062,
          2.817637
        ],
        [
          0.05767,
          -0.912695,
          -0.404551,
          1.597388
        ],
        [
          0.0,
          0.0,
          0.0,
          1.0
        ]
      ]
    },
    {
      "file_path": "/media/NFS/ttao/scannet/posed_images/scene0297_02/00056.jpg",
      "transform_matrix": [
        [
          -0.795707,
          0.201563,
          -0.571159,
          3.990414
        ],
        [
          0.602413,
          0.361215,
          -0.711775,
          2.774236
        ],
        [
          0.062843,
          -0.910438,
          -0.408845,
          1.599904
        ],
        [
          0.0,
          0.0,
          0.0,
          1.0
        ]
      ]
    },
    {
      "file_path": "/media/NFS/ttao/scannet/posed_images/scene0297_02/00058.jpg",
      "transform_matrix": [
        [
          -0.791449,
          0.202421,
          -0.576745,
          3.99159
        ],
        [
          0.607593,
          0.363403,
          -0.706236,
          2.744508
        ],
        [
          0.066634,
          -0.909376,
          -0.410604,
          1.598967
        ],
        [
          0.0,
          0.0,
          0.0,
          1.0
        ]
      ]
    },
    {
      "file_path": "/media/NFS/ttao/scannet/posed_images/scene0297_02/00061.jpg",
      "transform_matrix": [
        [
          -0.776703,
          0.203684,
          -0.596025,
          3.991958
        ],
        [
          0.625298,
          0.363113,
          -0.690761,
          2.703759
        ],
        [
          0.075728,
          -0.909209,
          -0.409394,
          1.582615
        ],
        [
          0.0,
          0.0,
          0.0,
          1.0
        ]
      ]
    },
    {
      "file_path": "/media/NFS/ttao/scannet/posed_images/scene0297_02/00069.jpg",
      "transform_matrix": [
        [
          -0.717693,
          0.232956,
          -0.656238,
          3.99846
        ],
        [
          0.693724,
          0.321092,
          -0.644707,
          2.552191
        ],
        [
          0.060525,
          -0.91795,
          -0.392053,
          1.587607
        ],
        [
          0.0,
          0.0,
          0.0,
          1.0
        ]
      ]
    },
    {
      "file_path": "/media/NFS/ttao/scannet/posed_images/scene0297_02/00071.jpg",
      "transform_matrix": [
        [
          -0.698772,
          0.242888,
          -0.672847,
          4.010118
        ],
        [
          0.712813,
          0.315489,
          -0.62639,
          2.517519
        ],
        [
          0.060133,
          -0.917318,
          -0.393589,
          1.584677
        ],
        [
          0.0,
          0.0,
          0.0,
          1.0
        ]
      ]
    },
    {
      "file_path": "/media/NFS/ttao/scannet/posed_images/scene0297_02/00078.jpg",
      "transform_matrix": [
        [
          -0.641192,
          0.268401,
          -0.718911,
          3.999761
        ],
        [
          0.764772,
          0.300684,
          -0.569836,
          2.406515
        ],
        [
          0.06322,
          -0.915177,
          -0.398062,
          1.588779
        ],
        [
          0.0,
          0.0,
          0.0,
          1.0
        ]
      ]
    },
    {
      "file_path": "/media/NFS/ttao/scannet/posed_images/scene0297_02/00079.jpg",
      "transform_matrix": [
        [
          -0.628982,
          0.272031,
          -0.728273,
          3.997509
        ],
        [
          0.774464,
          0.300876,
          -0.556489,
          2.392725
        ],
        [
          0.067738,
          -0.914042,
          -0.399924,
          1.585727
        ],
        [
          0.0,
          0.0,
          0.0,
          1.0
        ]
      ]
    },
    {
      "file_path": "/media/NFS/ttao/scannet/posed_images/scene0297_02/00083.jpg",
      "transform_matrix": [
        [
          -0.595347,
          0.275552,
          -0.754741,
          3.984611
        ],
        [
          0.800518,
          0.283867,
          -0.527817,
          2.341159
        ],
        [
          0.068806,
          -0.918418,
          -0.389583,
          1.584107
        ],
        [
          0.0,
          0.0,
          0.0,
          1.0
        ]
      ]
    },
    {
      "file_path": "/media/NFS/ttao/scannet/posed_images/scene0297_02/00088.jpg",
      "transform_matrix": [
        [
          -0.557456,
          0.285826,
          -0.779453,
          3.957768
        ],
        [
          0.827779,
          0.263117,
          -0.495532,
          2.269035
        ],
        [
          0.063451,
          -0.921452,
          -0.383277,
          1.57047
        ],
        [
          0.0,
          0.0,
          0.0,
          1.0
        ]
      ]
    },
    {
      "file_path": "/media/NFS/ttao/scannet/posed_images/scene0297_02/00094.jpg",
      "transform_matrix": [
        [
          -0.525558,
          0.302867,
          -0.795022,
          3.896725
        ],
        [
          0.849557,
          0.236465,
          -0.471526,
          2.175589
        ],
        [
          0.045185,
          -0.923231,
          -0.381579,
          1.576557
        ],
        [
          0.0,
          0.0,
          0.0,
          1.0
        ]
      ]
    },
    {
      "file_path": "/media/NFS/ttao/scannet/posed_images/scene0297_02/00095.jpg",
      "transform_matrix": [
        [
          -0.521755,
          0.303997,
          -0.797094,
          3.888273
        ],
        [
          0.851948,
          0.234122,
          -0.468371,
          2.166885
        ],
        [
          0.044233,
          -0.923457,
          -0.381144,
          1.564734
        ],
        [
          0.0,
          0.0,
          0.0,
          1.0
        ]
      ]
    },
    {
      "file_path": "/media/NFS/ttao/scannet/posed_images/scene0297_02/00100.jpg",
      "transform_matrix": [
        [
          -0.486321,
          0.329562,
          -0.809247,
          3.844397
        ],
        [
          0.872698,
          0.229297,
          -0.431071,
          2.081208
        ],
        [
          0.043493,
          -0.915867,
          -0.39912,
          1.575535
        ],
        [
          0.0,
          0.0,
          0.0,
          1.0
        ]
      ]
    },
    {
      "file_path": "/media/NFS/ttao/scannet/posed_images/scene0297_02/00105.jpg",
      "transform_matrix": [
        [
          -0.460149,
          0.342289,
          -0.819208,
          3.812121
        ],
        [
          0.886524,
          0.22739,
          -0.40295,
          2.012342
        ],
        [
          0.048354,
          -0.911664,
          -0.408081,
          1.567357
        ],
        [
          0.0,
          0.0,
          0.0,
          1.0
        ]
      ]
    },
    {
      "file_path": "/media/NFS/ttao/scannet/posed_images/scene0297_02/00110.jpg",
      "transform_matrix": [
        [
          -0.404303,
          0.371395,
          -0.835826,
          3.780106
        ],
        [
          0.913257,
          0.213897,
          -0.346713,
          1.931587
        ],
        [
          0.050013,
          -0.903501,
          -0.425659,
          1.550939
        ],
        [
          0.0,
          0.0,
          0.0,
          1.0
        ]
      ]
    },
    {
      "file_path": "/media/NFS/ttao/scannet/posed_images/scene0297_02/00111.jpg",
      "transform_matrix": [
        [
          -0.392779,
          0.380489,
          -0.837229,
          3.771218
        ],
        [
          0.918636,
          0.204723,
          -0.337931,
          1.923151
        ],
        [
          0.042821,
          -0.901841,
          -0.429941,
          1.547355
        ],
        [
          0.0,
          0.0,
          0.0,
          1.0
        ]
      ]
    },
    {
      "file_path": "/media/NFS/ttao/scannet/posed_images/scene0297_02/00116.jpg",
      "transform_matrix": [
        [
          -0.324785,
          0.398056,
          -0.857943,
          3.742101
        ],
        [
          0.945594,
          0.155052,
          -0.286027,
          1.828906
        ],
        [
          0.019171,
          -0.904163,
          -0.426758,
          1.559727
        ],
        [
          0.0,
          0.0,
          0.0,
          1.0
        ]
      ]
    },
    {
      "file_path": "/media/NFS/ttao/scannet/posed_images/scene0297_02/00121.jpg",
      "transform_matrix": [
        [
          -0.262942,
          0.406118,
          -0.875174,
          3.717846
        ],
        [
          0.964532,
          0.132468,
          -0.228319,
          1.75289
        ],
        [
          0.023208,
          -0.904169,
          -0.426545,
          1.562199
        ],
        [
          0.0,
          0.0,
          0.0,
          1.0
        ]
      ]
    },
    {
      "file_path": "/media/NFS/ttao/scannet/posed_images/scene0297_02/00125.jpg",
      "transform_matrix": [
        [
          -0.216177,
          0.417629,
          -0.882527,
          3.694889
        ],
        [
          0.976253,
          0.105459,
          -0.18923,
          1.719751
        ],
        [
          0.014042,
          -0.902477,
          -0.43051,
          1.560515
        ],
        [
          0.0,
          0.0,
          0.0,
          1.0
        ]
      ]
    },
    {
      "file_path": "/media/NFS/ttao/scannet/posed_images/scene0297_02/00131.jpg",
      "transform_matrix": [
        [
          -0.110858,
          0.442507,
          -0.889886,
          3.639663
        ],
        [
          0.993775,
          0.059328,
          -0.094298,
          1.694736
        ],
        [
          0.011068,
          -0.8948,
          -0.446329,
          1.548424
        ],
        [
          0.0,
          0.0,
          0.0,
          1.0
        ]
      ]
    },
    {
      "file_path": "/media/NFS/ttao/scannet/posed_images/scene0297_02/00133.jpg",
      "transform_matrix": [
        [
          -0.07982,
          0.447721,
          -0.890603,
          3.622125
        ],
        [
          0.996803,
          0.038972,
          -0.069746,
          1.691155
        ],
        [
          0.003482,
          -0.893323,
          -0.449401,
          1.539694
        ],
        [
          0.0,
          0.0,
          0.0,
          1.0
        ]
      ]
    },
    {
      "file_path": "/media/NFS/ttao/scannet/posed_images/scene0297_02/00139.jpg",
      "transform_matrix": [
        [
          0.030952,
          0.473915,
          -0.880027,
          3.539382
        ],
        [
          0.999509,
          -0.019009,
          0.024917,
          1.675097
        ],
        [
          -0.00492,
          -0.880366,
          -0.47427,
          1.526382
        ],
        [
          0.0,
          0.0,
          0.0,
          1.0
        ]
      ]
    },
    {
      "file_path": "/media/NFS/ttao/scannet/posed_images/scene0297_02/00141.jpg",
      "transform_matrix": [
        [
          0.080457,
          0.476967,
          -0.875231,
          3.511121
        ],
        [
          0.9967,
          -0.048014,
          0.065458,
          1.654617
        ],
        [
          -0.010802,
          -0.877609,
          -0.479256,
          1.517442
        ],
        [
          0.0,
          0.0,
          0.0,
          1.0
        ]
      ]
    },
    {
      "file_path": "/media/NFS/ttao/scannet/posed_images/scene0297_02/00145.jpg",
      "transform_matrix": [
        [
          0.144569,
          0.491272,
          -0.858925,
          3.456431
        ],
        [
          0.989492,
          -0.073654,
          0.124419,
          1.648241
        ],
        [
          -0.002139,
          -0.867887,
          -0.496758,
          1.516055
        ],
        [
          0.0,
          0.0,
          0.0,
          1.0
        ]
      ]
    },
    {
      "file_path": "/media/NFS/ttao/scannet/posed_images/scene0297_02/00151.jpg",
      "transform_matrix": [
        [
          0.232244,
          0.492748,
          -0.838607,
          3.387661
        ],
        [
          0.972576,
          -0.106466,
          0.206788,
          1.624239
        ],
        [
          0.012611,
          -0.863635,
          -0.503961,
          1.511285
        ],
        [
          0.0,
          0.0,
          0.0,
          1.0
        ]
      ]
    },
    {
      "file_path": "/media/NFS/ttao/scannet/posed_images/scene0297_02/00155.jpg",
      "transform_matrix": [
        [
          0.319446,
          0.483685,
          -0.814864,
          3.340787
        ],
        [
          0.947588,
          -0.157908,
          0.277746,
          1.624133
        ],
        [
          0.005668,
          -0.86088,
          -0.508777,
          1.503076
        ],
        [
          0.0,
          0.0,
          0.0,
          1.0
        ]
      ]
    },
    {
      "file_path": "/media/NFS/ttao/scannet/posed_images/scene0297_02/00160.jpg",
      "transform_matrix": [
        [
          0.433917,
          0.466116,
          -0.771008,
          3.290472
        ],
        [
          0.900953,
          -0.225308,
          0.370838,
          1.614463
        ],
        [
          -0.000861,
          -0.855554,
          -0.517713,
          1.497505
        ],
        [
          0.0,
          0.0,
          0.0,
          1.0
        ]
      ]
    },
    {
      "file_path": "/media/NFS/ttao/scannet/posed_images/scene0297_02/00165.jpg",
      "transform_matrix": [
        [
          0.54848,
          0.437912,
          -0.712323,
          3.249593
        ],
        [
          0.836142,
          -0.29335,
          0.463478,
          1.604247
        ],
        [
          -0.005997,
          -0.849811,
          -0.527053,
          1.492488
        ],
        [
          0.0,
          0.0,
          0.0,
          1.0
        ]
      ]
    },
    {
      "file_path": "/media/NFS/ttao/scannet/posed_images/scene0297_02/00169.jpg",
      "transform_matrix": [
        [
          0.616548,
          0.421082,
          -0.665251,
          3.222332
        ],
        [
          0.787298,
          -0.335716,
          0.517163,
          1.593976
        ],
        [
          -0.005567,
          -0.842606,
          -0.538502,
          1.488698
        ],
        [
          0.0,
          0.0,
          0.0,
          1.0
        ]
      ]
    },
    {
      "file_path": "/media/NFS/ttao/scannet/posed_images/scene0297_02/00173.jpg",
      "transform_matrix": [
        [
          0.667533,
          0.397744,
          -0.629444,
          3.200359
        ],
        [
          0.744531,
          -0.366254,
          0.55815,
          1.580622
        ],
        [
          -0.008536,
          -0.841224,
          -0.540619,
          1.486724
        ],
        [
          0.0,
          0.0,
          0.0,
          1.0
        ]
      ]
    },
    {
      "file_path": "/media/NFS/ttao/scannet/posed_images/scene0297_02/00174.jpg",
      "transform_matrix": [
        [
          0.677362,
          0.392045,
          -0.622481,
          3.195453
        ],
        [
          0.735584,
          -0.372332,
          0.565938,
          1.581629
        ],
        [
          -0.009896,
          -0.841232,
          -0.540585,
          1.487356
        ],
        [
          0.0,
          0.0,
          0.0,
          1.0
        ]
      ]
    },
    {
      "file_path": "/media/NFS/ttao/scannet/posed_images/scene0297_02/00182.jpg",
      "transform_matrix": [
        [
          0.75637,
          0.342293,
          -0.557441,
          3.166682
        ],
        [
          0.654137,
          -0.399909,
          0.642011,
          1.578328
        ],
        [
          -0.00317,
          -0.85024,
          -0.526385,
          1.498548
        ],
        [
          0.0,
          0.0,
          0.0,
          1.0
        ]
      ]
    },
    {
      "file_path": "/media/NFS/ttao/scannet/posed_images/scene0297_02/00185.jpg",
      "transform_matrix": [
        [
          0.782746,
          0.319562,
          -0.534031,
          3.164665
        ],
        [
          0.622339,
          -0.399541,
          0.673098,
          1.583858
        ],
        [
          0.001729,
          -0.859213,
          -0.511615,
          1.504119
        ],
        [
          0.0,
          0.0,
          0.0,
          1.0
        ]
      ]
    },
    {
      "file_path": "/media/NFS/ttao/scannet/posed_images/scene0297_02/00189.jpg",
      "transform_matrix": [
        [
          0.815788,
          0.294516,
          -0.497745,
          3.164355
        ],
        [
          0.578073,
          -0.388528,
          0.71755,
          1.592985
        ],
        [
          0.017942,
          -0.873102,
          -0.487208,
          1.510025
        ],
        [
          0.0,
          0.0,
          0.0,
          1.0
        ]
      ]
    },
    {
      "file_path": "/media/NFS/ttao/scannet/posed_images/scene0297_02/00192.jpg",
      "transform_matrix": [
        [
          0.836794,
          0.275282,
          -0.473282,
          3.151276
        ],
        [
          0.547035,
          -0.384049,
          0.743814,
          1.594111
        ],
        [
          0.022995,
          -0.881321,
          -0.471959,
          1.524851
        ],
        [
          0.0,
          0.0,
          0.0,
          1.0
        ]
      ]
    },
    {
      "file_path": "/media/NFS/ttao/scannet/posed_images/scene0297_02/00195.jpg",
      "transform_matrix": [
        [
          0.849307,
          0.250675,
          -0.464586,
          3.157259
        ],
        [
          0.527481,
          -0.367948,
          0.765753,
          1.608316
        ],
        [
          0.021011,
          -0.89542,
          -0.444727,
          1.542847
        ],
        [
          0.0,
          0.0,
          0.0,
          1.0
        ]
      ]
    },
    {
      "file_path": "/media/NFS/ttao/scannet/posed_images/scene0297_02/00200.jpg",
      "transform_matrix": [
        [
          0.878944,
          0.207324,
          -0.429506,
          3.120414
        ],
        [
          0.476348,
          -0.3373,
          0.811986,
          1.59087
        ],
        [
          0.023472,
          -0.918284,
          -0.395226,
          1.572811
        ],
        [
          0.0,
          0.0,
          0.0,
          1.0
        ]
      ]
    },
    {
      "file_path": "/media/NFS/ttao/scannet/posed_images/scene0297_02/00204.jpg",
      "transform_matrix": [
        [
          0.894714,
          0.18012,
          -0.40871,
          3.119368
        ],
        [
          0.445836,
          -0.305288,
          0.841445,
          1.593581
        ],
        [
          0.026787,
          -0.93507,
          -0.35345,
          1.585968
        ],
        [
          0.0,
          0.0,
          0.0,
          1.0
        ]
      ]
    },
    {
      "file_path": "/media/NFS/ttao/scannet/posed_images/scene0297_02/00210.jpg",
      "transform_matrix": [
        [
          0.913774,
          0.148348,
          -0.378168,
          3.127796
        ],
        [
          0.404339,
          -0.242574,
          0.881855,
          1.626685
        ],
        [
          0.039088,
          -0.958724,
          -0.28164,
          1.609641
        ],
        [
          0.0,
          0.0,
          0.0,
          1.0
        ]
      ]
    },
    {
      "file_path": "/media/NFS/ttao/scannet/posed_images/scene0297_02/00215.jpg",
      "transform_matrix": [
        [
          0.936038,
          0.13986,
          -0.322911,
          3.123327
        ],
        [
          0.346027,
          -0.1989,
          0.916899,
          1.639223
        ],
        [
          0.064011,
          -0.969989,
          -0.234574,
          1.606759
        ],
        [
          0.0,
          0.0,
          0.0,
          1.0
        ]
      ]
    },
    {
      "file_path": "/media/NFS/ttao/scannet/posed_images/scene0297_02/00219.jpg",
      "transform_matrix": [
        [
          0.944949,
          0.133051,
          -0.298946,
          3.119395
        ],
        [
          0.318946,
          -0.170407,
          0.932328,
          1.638862
        ],
        [
          0.073104,
          -0.97635,
          -0.203462,
          1.60473
        ],
        [
          0.0,
          0.0,
          0.0,
          1.0
        ]
      ]
    },
    {
      "file_path": "/media/NFS/ttao/scannet/posed_images/scene0297_02/00223.jpg",
      "transform_matrix": [
        [
          0.944308,
          0.140918,
          -0.297364,
          3.102212
        ],
        [
          0.317808,
          -0.15623,
          0.935196,
          1.646101
        ],
        [
          0.085328,
          -0.977617,
          -0.192314,
          1.612944
        ],
        [
          0.0,
          0.0,
          0.0,
          1.0
        ]
      ]
    },
    {
      "file_path": "/media/NFS/ttao/scannet/posed_images/scene0297_02/00225.jpg",
      "transform_matrix": [
        [
          0.943955,
          0.153506,
          -0.292209,
          3.087088
        ],
        [
          0.314302,
          -0.147622,
          0.937775,
          1.646975
        ],
        [
          0.100818,
          -0.977059,
          -0.187595,
          1.607091
        ],
        [
          0.0,
          0.0,
          0.0,
          1.0
        ]
      ]
    },
    {
      "file_path": "/media/NFS/ttao/scannet/posed_images/scene0297_02/00232.jpg",
      "transform_matrix": [
        [
          0.931757,
          0.189806,
          -0.30952,
          3.049934
        ],
        [
          0.339663,
          -0.154462,
          0.927777,
          1.677218
        ],
        [
          0.128289,
          -0.969595,
          -0.208391,
          1.58566
        ],
        [
          0.0,
          0.0,
          0.0,
          1.0
        ]
      ]
    },
    {
      "file_path": "/media/NFS/ttao/scannet/posed_images/scene0297_02/00234.jpg",
      "transform_matrix": [
        [
          0.929406,
          0.192022,
          -0.315171,
          3.028683
        ],
        [
          0.34642,
          -0.159404,
          0.924437,
          1.679146
        ],
        [
          0.127273,
          -0.968359,
          -0.214671,
          1.585118
        ],
        [
          0.0,
          0.0,
          0.0,
          1.0
        ]
      ]
    },
    {
      "file_path": "/media/NFS/ttao/scannet/posed_images/scene0297_02/00238.jpg",
      "transform_matrix": [
        [
          0.926363,
          0.185921,
          -0.327544,
          2.992329
        ],
        [
          0.354114,
          -0.133751,
          0.925589,
          1.68918
        ],
        [
          0.128277,
          -0.973419,
          -0.189739,
          1.573108
        ],
        [
          0.0,
          0.0,
          0.0,
          1.0
        ]
      ]
    },
    {
      "file_path": "/media/NFS/ttao/scannet/posed_images/scene0297_02/00243.jpg",
      "transform_matrix": [
        [
          0.926636,
          0.17679,
          -0.3318,
          2.920706
        ],
        [
          0.357556,
          -0.141664,
          0.923085,
          1.689278
        ],
        [
          0.116188,
          -0.974001,
          -0.194483,
          1.554599
        ],
        [
          0.0,
          0.0,
          0.0,
          1.0
        ]
      ]
    },
    {
      "file_path": "/media/NFS/ttao/scannet/posed_images/scene0297_02/00245.jpg",
      "transform_matrix": [
        [
          0.930087,
          0.170071,
          -0.325598,
          2.898808
        ],
        [
          0.3493,
          -0.135117,
          0.927218,
          1.687721
        ],
        [
          0.113699,
          -0.976125,
          -0.185076,
          1.538901
        ],
        [
          0.0,
          0.0,
          0.0,
          1.0
        ]
      ]
    },
    {
      "file_path": "/media/NFS/ttao/scannet/posed_images/scene0297_02/00253.jpg",
      "transform_matrix": [
        [
          0.952058,
          0.166899,
          -0.256379,
          2.756624
        ],
        [
          0.279512,
          -0.13397,
          0.95075,
          1.674552
        ],
        [
          0.124332,
          -0.97683,
          -0.174197,
          1.491587
        ],
        [
          0.0,
          0.0,
          0.0,
          1.0
        ]
      ]
    },
    {
      "file_path": "/media/NFS/ttao/scannet/posed_images/scene0297_02/00257.jpg",
      "transform_matrix": [
        [
          0.959494,
          0.154413,
          -0.235645,
          2.662511
        ],
        [
          0.261109,
          -0.173287,
          0.949628,
          1.645092
        ],
        [
          0.105801,
          -0.972691,
          -0.206586,
          1.478849
        ],
        [
          0.0,
          0.0,
          0.0,
          1.0
        ]
      ]
    },
    {
      "file_path": "/media/NFS/ttao/scannet/posed_images/scene0297_02/00258.jpg",
      "transform_matrix": [
        [
          0.960991,
          0.14979,
          -0.232506,
          2.643477
        ],
        [
          0.257749,
          -0.180141,
          0.94927,
          1.647656
        ],
        [
          0.100308,
          -0.972169,
          -0.211722,
          1.474568
        ],
        [
          0.0,
          0.0,
          0.0,
          1.0
        ]
      ]
    },
    {
      "file_path": "/media/NFS/ttao/scannet/posed_images/scene0297_02/00265.jpg",
      "transform_matrix": [
        [
          0.960593,
          0.170825,
          -0.219274,
          2.515935
        ],
        [
          0.255438,
          -0.231441,
          0.938716,
          1.593511
        ],
        [
          0.109607,
          -0.957734,
          -0.265956,
          1.455028
        ],
        [
          0.0,
          0.0,
          0.0,
          1.0
        ]
      ]
    },
    {
      "file_path": "/media/NFS/ttao/scannet/posed_images/scene0297_02/00267.jpg",
      "transform_matrix": [
        [
          0.961558,
          0.171793,
          -0.214231,
          2.475597
        ],
        [
          0.250473,
          -0.228896,
          0.940675,
          1.582211
        ],
        [
          0.112565,
          -0.958172,
          -0.263126,
          1.447956
        ],
        [
          0.0,
          0.0,
          0.0,
          1.0
        ]
      ]
    },
    {
      "file_path": "/media/NFS/ttao/scannet/posed_images/scene0297_02/00272.jpg",
      "transform_matrix": [
        [
          0.956935,
          0.154571,
          -0.24573,
          2.370648
        ],
        [
          0.276803,
          -0.230712,
          0.932819,
          1.532465
        ],
        [
          0.087494,
          -0.960667,
          -0.263562,
          1.427043
        ],
        [
          0.0,
          0.0,
          0.0,
          1.0
        ]
      ]
    },
    {
      "file_path": "/media/NFS/ttao/scannet/posed_images/scene0297_02/00277.jpg",
      "transform_matrix": [
        [
          0.951041,
          0.168869,
          -0.258853,
          2.309728
        ],
        [
          0.297702,
          -0.275513,
          0.914038,
          1.527874
        ],
        [
          0.083036,
          -0.946349,
          -0.312297,
          1.42522
        ],
        [
          0.0,
          0.0,
          0.0,
          1.0
        ]
      ]
    },
    {
      "file_path": "/media/NFS/ttao/scannet/posed_images/scene0297_02/00280.jpg",
      "transform_matrix": [
        [
          0.951002,
          0.162427,
          -0.263085,
          2.274779
        ],
        [
          0.302441,
          -0.311928,
          0.900684,
          1.528235
        ],
        [
          0.064232,
          -0.936119,
          -0.345768,
          1.420431
        ],
        [
          0.0,
          0.0,
          0.0,
          1.0
        ]
      ]
    },
    {
      "file_path": "/media/NFS/ttao/scannet/posed_images/scene0297_02/00284.jpg",
      "transform_matrix": [
        [
          0.958633,
          0.163738,
          -0.232836,
          2.20369
        ],
        [
          0.276402,
          -0.340041,
          0.898874,
          1.544513
        ],
        [
          0.068006,
          -0.926046,
          -0.371232,
          1.418079
        ],
        [
          0.0,
          0.0,
          0.0,
          1.0
        ]
      ]
    },
    {
      "file_path": "/media/NFS/ttao/scannet/posed_images/scene0297_02/00289.jpg",
      "transform_matrix": [
        [
          0.960467,
          0.158494,
          -0.228873,
          2.115999
        ],
        [
          0.271281,
          -0.348185,
          0.897315,
          1.546207
        ],
        [
          0.062529,
          -0.92393,
          -0.377416,
          1.419531
        ],
        [
          0.0,
          0.0,
          0.0,
          1.0
        ]
      ]
    },
    {
      "file_path": "/media/NFS/ttao/scannet/posed_images/scene0297_02/00292.jpg",
      "transform_matrix": [
        [
          0.958877,
          0.180235,
          -0.219248,
          2.088123
        ],
        [
          0.271596,
          -0.358412,
          0.893184,
          1.564754
        ],
        [
          0.082402,
          -0.916,
          -0.392624,
          1.425507
        ],
        [
          0.0,
          0.0,
          0.0,
          1.0
        ]
      ]
    },
    {
      "file_path": "/media/NFS/ttao/scannet/posed_images/scene0297_02/00297.jpg",
      "transform_matrix": [
        [
          0.971057,
          0.175272,
          -0.162257,
          1.994242
        ],
        [
          0.214209,
          -0.338584,
          0.916229,
          1.571435
        ],
        [
          0.105652,
          -0.924468,
          -0.366329,
          1.427201
        ],
        [
          0.0,
          0.0,
          0.0,
          1.0
        ]
      ]
    },
    {
      "file_path": "/media/NFS/ttao/scannet/posed_images/scene0297_02/00300.jpg",
      "transform_matrix": [
        [
          0.981063,
          0.14808,
          -0.124852,
          1.958106
        ],
        [
          0.169046,
          -0.33997,
          0.925118,
          1.585424
        ],
        [
          0.094546,
          -0.928705,
          -0.358564,
          1.423714
        ],
        [
          0.0,
          0.0,
          0.0,
          1.0
        ]
      ]
    },
    {
      "file_path": "/media/NFS/ttao/scannet/posed_images/scene0297_02/00307.jpg",
      "transform_matrix": [
        [
          0.998131,
          0.060344,
          -0.009655,
          1.832371
        ],
        [
          0.031255,
          -0.368314,
          0.929176,
          1.585606
        ],
        [
          0.052514,
          -0.927741,
          -0.369512,
          1.417708
        ],
        [
          0.0,
          0.0,
          0.0,
          1.0
        ]
      ]
    },
    {
      "file_path": "/media/NFS/ttao/scannet/posed_images/scene0297_02/00308.jpg",
      "transform_matrix": [
        [
          0.99886,
          0.047331,
          0.006187,
          1.812347
        ],
        [
          0.012163,
          -0.377716,
          0.925842,
          1.586798
        ],
        [
          0.046158,
          -0.924711,
          -0.377861,
          1.416678
        ],
        [
          0.0,
          0.0,
          0.0,
          1.0
        ]
      ]
    },
    {
      "file_path": "/media/NFS/ttao/scannet/posed_images/scene0297_02/00316.jpg",
      "transform_matrix": [
        [
          0.992394,
          -0.00823,
          0.122826,
          1.742381
        ],
        [
          -0.114257,
          -0.432959,
          0.894144,
          1.620574
        ],
        [
          0.045819,
          -0.901376,
          -0.430606,
          1.414616
        ],
        [
          0.0,
          0.0,
          0.0,
          1.0
        ]
      ]
    },
    {
      "file_path": "/media/NFS/ttao/scannet/posed_images/scene0297_02/00319.jpg",
      "transform_matrix": [
        [
          0.98404,
          -0.030876,
          0.175249,
          1.719007
        ],
        [
          -0.170287,
          -0.449252,
          0.877026,
          1.642386
        ],
        [
          0.051651,
          -0.892871,
          -0.44734,
          1.401649
        ],
        [
          0.0,
          0.0,
          0.0,
          1.0
        ]
      ]
    },
    {
      "file_path": "/media/NFS/ttao/scannet/posed_images/scene0297_02/00322.jpg",
      "transform_matrix": [
        [
          0.975896,
          -0.044929,
          0.213562,
          1.690445
        ],
        [
          -0.209304,
          -0.469794,
          0.857605,
          1.682578
        ],
        [
          0.061799,
          -0.881632,
          -0.467873,
          1.415562
        ],
        [
          0.0,
