{
  "frames": [
    {
      "file_path": "/media/NFS/ttao/scannet/posed_images/scene0492_01/00002.jpg",
      "transform_matrix": [
        [
          -0.089605,
          0.476087,
          -0.874821,
          1.35021
        ],
        [
          0.994038,
          0.097541,
          -0.048733,
          4.634254
        ],
        [
          0.06213,
          -0.873972,
          -0.481989,
          1.326446
        ],
        [
          0.0,
          0.0,
          0.0,
          1.0
        ]
      ]
    },
    {
      "file_path": "/media/NFS/ttao/scannet/posed_images/scene0492_01/00010.jpg",
      "transform_matrix": [
        [
          -0.080793,
          0.429132,
          -0.899621,
          1.357165
        ],
        [
          0.993915,
          0.102488,
          -0.040373,
          4.643206
        ],
        [
          0.074875,
          -0.897408,
          -0.434801,
          1.33602
        ],
        [
          0.0,
          0.0,
          0.0,
          1.0
        ]
      ]
    },
    {
      "file_path": "/media/NFS/ttao/scannet/posed_images/scene0492_01/00017.jpg",
      "transform_matrix": [
        [
          -0.047369,
          0.444667,
          -0.894442,
          1.366369
        ],
        [
          0.997846,
          0.06176,
          -0.022141,
          4.667778
        ],
        [
          0.045396,
          -0.893564,
          -0.446635,
          1.312876
        ],
        [
          0.0,
          0.0,
          0.0,
          1.0
        ]
      ]
    },
    {
      "file_path": "/media/NFS/ttao/scannet/posed_images/scene0492_01/00025.jpg",
      "transform_matrix": [
        [
          -0.012396,
          0.435253,
          -0.900223,
          1.388524
        ],
        [
          0.999609,
          0.027965,
          -0.000243,
          4.674146
        ],
        [
          0.025069,
          -0.899874,
          -0.43543,
          1.307317
        ],
        [
          0.0,
          0.0,
          0.0,
          1.0
        ]
      ]
    },
    {
      "file_path": "/media/NFS/ttao/scannet/posed_images/scene0492_01/00037.jpg",
      "transform_matrix": [
        [
          0.043256,
          0.420213,
          -0.906394,
          1.50688
        ],
        [
          0.997926,
          0.025121,
          0.05927,
          4.655999
        ],
        [
          0.047675,
          -0.907078,
          -0.418255,
          1.217725
        ],
        [
          0.0,
          0.0,
          0.0,
          1.0
        ]
      ]
    },
    {
      "file_path": "/media/NFS/ttao/scannet/posed_images/scene0492_01/00040.jpg",
      "transform_matrix": [
        [
          0.059085,
          0.420832,
          -0.905212,
          1.530828
        ],
        [
          0.997252,
          0.015721,
          0.072402,
          4.64618
        ],
        [
          0.0447,
          -0.907002,
          -0.418747,
          1.194846
        ],
        [
          0.0,
          0.0,
          0.0,
          1.0
        ]
      ]
    },
    {
      "file_path": "/media/NFS/ttao/scannet/posed_images/scene0492_01/00052.jpg",
      "transform_matrix": [
        [
          0.072601,
          0.422909,
          -0.903259,
          1.592643
        ],
        [
          0.995745,
          0.020807,
          0.089777,
          4.634307
        ],
        [
          0.056762,
          -0.905933,
          -0.419599,
          1.122813
        ],
        [
          0.0,
          0.0,
          0.0,
          1.0
        ]
      ]
    },
    {
      "file_path": "/media/NFS/ttao/scannet/posed_images/scene0492_01/00060.jpg",
      "transform_matrix": [
        [
          0.117973,
          0.409408,
          -0.904692,
          1.642405
        ],
        [
          0.990575,
          0.015334,
          0.136112,
          4.635478
        ],
        [
          0.069597,
          -0.912223,
          -0.40374,
          1.143904
        ],
        [
          0.0,
          0.0,
          0.0,
          1.0
        ]
      ]
    },
    {
      "file_path": "/media/NFS/ttao/scannet/posed_images/scene0492_01/00065.jpg",
      "transform_matrix": [
        [
          0.139536,
          0.393771,
          -0.908556,
          1.674179
        ],
        [
          0.988059,
          0.00518,
          0.153991,
          4.635731
        ],
        [
          0.065344,
          -0.919194,
          -0.388346,
          1.166237
        ],
        [
          0.0,
          0.0,
          0.0,
          1.0
        ]
      ]
    },
    {
      "file_path": "/media/NFS/ttao/scannet/posed_images/scene0492_01/00075.jpg",
      "transform_matrix": [
        [
          0.196942,
          0.395766,
          -0.896986,
          1.695495
        ],
        [
          0.976378,
          0.003773,
          0.216038,
          4.62066
        ],
        [
          0.088884,
          -0.918344,
          -0.385674,
          1.154304
        ],
        [
          0.0,
          0.0,
          0.0,
          1.0
        ]
      ]
    },
    {
      "file_path": "/media/NFS/ttao/scannet/posed_images/scene0492_01/00082.jpg",
      "transform_matrix": [
        [
          0.265241,
          0.397994,
          -0.878207,
          1.682759
        ],
        [
          0.957967,
          -0.005526,
          0.286826,
          4.593914
        ],
        [
          0.109302,
          -0.917371,
          -0.382731,
          1.126458
        ],
        [
          0.0,
          0.0,
          0.0,
          1.0
        ]
      ]
    },
    {
      "file_path": "/media/NFS/ttao/scannet/posed_images/scene0492_01/00092.jpg",
      "transform_matrix": [
        [
          0.372902,
          0.423597,
          -0.825536,
          1.64373
        ],
        [
          0.924559,
          -0.094522,
          0.36913,
          4.550368
        ],
        [
          0.078331,
          -0.900906,
          -0.426888,
          1.143656
        ],
        [
          0.0,
          0.0,
          0.0,
          1.0
        ]
      ]
    },
    {
      "file_path": "/media/NFS/ttao/scannet/posed_images/scene0492_01/00100.jpg",
      "transform_matrix": [
        [
          0.362634,
          0.432826,
          -0.825323,
          1.619347
        ],
        [
          0.929209,
          -0.100282,
          0.355688,
          4.535066
        ],
        [
          0.071186,
          -0.895883,
          -0.438551,
          1.175754
        ],
        [
          0.0,
          0.0,
          0.0,
          1.0
        ]
      ]
    },
    {
      "file_path": "/media/NFS/ttao/scannet/posed_images/scene0492_01/00112.jpg",
      "transform_matrix": [
        [
          0.135068,
          0.493069,
          -0.859442,
          1.58167
        ],
        [
          0.988123,
          -0.002881,
          0.153639,
          4.546504
        ],
        [
          0.073279,
          -0.869986,
          -0.487602,
          1.209964
        ],
        [
          0.0,
          0.0,
          0.0,
          1.0
        ]
      ]
    },
    {
      "file_path": "/media/NFS/ttao/scannet/posed_images/scene0492_01/00120.jpg",
      "transform_matrix": [
        [
          -0.093089,
          0.516894,
          -0.850973,
          1.519139
        ],
        [
          0.995451,
          0.065756,
          -0.068952,
          4.618499
        ],
        [
          0.020316,
          -0.85352,
          -0.520664,
          1.236411
        ],
        [
          0.0,
          0.0,
          0.0,
          1.0
        ]
      ]
    },
    {
      "file_path": "/media/NFS/ttao/scannet/posed_images/scene0492_01/00122.jpg",
      "transform_matrix": [
        [
          -0.119379,
          0.522532,
          -0.844221,
          1.5006
        ],
        [
          0.992531,
          0.084317,
          -0.088162,
          4.634614
        ],
        [
          0.025115,
          -0.84844,
          -0.528695,
          1.241779
        ],
        [
          0.0,
          0.0,
          0.0,
          1.0
        ]
      ]
    },
    {
      "file_path": "/media/NFS/ttao/scannet/posed_images/scene0492_01/00132.jpg",
      "transform_matrix": [
        [
          -0.175319,
          0.524751,
          -0.833007,
          1.476042
        ],
        [
          0.983968,
          0.121499,
          -0.130553,
          4.703715
        ],
        [
          0.032702,
          -0.842541,
          -0.537639,
          1.263652
        ],
        [
          0.0,
          0.0,
          0.0,
          1.0
        ]
      ]
    },
    {
      "file_path": "/media/NFS/ttao/scannet/posed_images/scene0492_01/00145.jpg",
      "transform_matrix": [
        [
          -0.285962,
          0.446195,
          -0.848019,
          1.599268
        ],
        [
          0.955871,
          0.195029,
          -0.219714,
          4.769418
        ],
        [
          0.067353,
          -0.873427,
          -0.482276,
          1.303407
        ],
        [
          0.0,
          0.0,
          0.0,
          1.0
        ]
      ]
    },
    {
      "file_path": "/media/NFS/ttao/scannet/posed_images/scene0492_01/00150.jpg",
      "transform_matrix": [
        [
          -0.346966,
          0.427129,
          -0.83497,
          1.643544
        ],
        [
          0.936607,
          0.204136,
          -0.284775,
          4.802336
        ],
        [
          0.048812,
          -0.880846,
          -0.47088,
          1.315863
        ],
        [
          0.0,
          0.0,
          0.0,
          1.0
        ]
      ]
    },
    {
      "file_path": "/media/NFS/ttao/scannet/posed_images/scene0492_01/00157.jpg",
      "transform_matrix": [
        [
          -0.396226,
          0.395789,
          -0.828466,
          1.676342
        ],
        [
          0.915647,
          0.236957,
          -0.324718,
          4.825304
        ],
        [
          0.067791,
          -0.887244,
          -0.456292,
          1.320605
        ],
        [
          0.0,
          0.0,
          0.0,
          1.0
        ]
      ]
    },
    {
      "file_path": "/media/NFS/ttao/scannet/posed_images/scene0492_01/00170.jpg",
      "transform_matrix": [
        [
          -0.557242,
          0.34549,
          -0.755061,
          1.661213
        ],
        [
          0.829464,
          0.273604,
          -0.486961,
          4.89582
        ],
        [
          0.038347,
          -0.897651,
          -0.439036,
          1.320297
        ],
        [
          0.0,
          0.0,
          0.0,
          1.0
        ]
      ]
    },
    {
      "file_path": "/media/NFS/ttao/scannet/posed_images/scene0492_01/00177.jpg",
      "transform_matrix": [
        [
          -0.597379,
          0.345728,
          -0.723609,
          1.653981
        ],
        [
          0.801875,
          0.27055,
          -0.532727,
          4.923747
        ],
        [
          0.011594,
          -0.898485,
          -0.438852,
          1.323911
        ],
        [
          0.0,
          0.0,
          0.0,
          1.0
        ]
      ]
    },
    {
      "file_path": "/media/NFS/ttao/scannet/posed_images/scene0492_01/00182.jpg",
      "transform_matrix": [
        [
          -0.622119,
          0.342111,
          -0.704222,
          1.653971
        ],
        [
          0.78291,
          0.266683,
          -0.562079,
          4.942155
        ],
        [
          -0.00449,
          -0.901022,
          -0.433751,
          1.323632
        ],
        [
          0.0,
          0.0,
          0.0,
          1.0
        ]
      ]
    },
    {
      "file_path": "/media/NFS/ttao/scannet/posed_images/scene0492_01/00192.jpg",
      "transform_matrix": [
        [
          -0.664536,
          0.299741,
          -0.684505,
          1.703786
        ],
        [
          0.74663,
          0.303838,
          -0.591799,
          4.948939
        ],
        [
          0.030592,
          -0.904344,
          -0.425707,
          1.321136
        ],
        [
          0.0,
          0.0,
          0.0,
          1.0
        ]
      ]
    },
    {
      "file_path": "/media/NFS/ttao/scannet/posed_images/scene0492_01/00200.jpg",
      "transform_matrix": [
        [
          -0.699101,
          0.302913,
          -0.64769,
          1.755567
        ],
        [
          0.714543,
          0.329155,
          -0.617321,
          4.940784
        ],
        [
          0.026195,
          -0.894372,
          -0.446557,
          1.323408
        ],
        [
          0.0,
          0.0,
          0.0,
          1.0
        ]
      ]
    },
    {
      "file_path": "/media/NFS/ttao/scannet/posed_images/scene0492_01/00210.jpg",
      "transform_matrix": [
        [
          -0.705347,
          0.289603,
          -0.647005,
          1.807158
        ],
        [
          0.708478,
          0.318064,
          -0.629996,
          4.952115
        ],
        [
          0.02334,
          -0.902755,
          -0.429523,
          1.323679
        ],
        [
          0.0,
          0.0,
          0.0,
          1.0
        ]
      ]
    },
    {
      "file_path": "/media/NFS/ttao/scannet/posed_images/scene0492_01/00217.jpg",
      "transform_matrix": [
        [
          -0.697711,
          0.299471,
          -0.650781,
          1.828935
        ],
        [
          0.716254,
          0.30866,
          -0.625867,
          4.966667
        ],
        [
          0.013441,
          -0.902799,
          -0.429853,
          1.317936
        ],
        [
          0.0,
          0.0,
          0.0,
          1.0
        ]
      ]
    },
    {
      "file_path": "/media/NFS/ttao/scannet/posed_images/scene0492_01/00227.jpg",
      "transform_matrix": [
        [
          -0.68516,
          0.295812,
          -0.66562,
          1.842417
        ],
        [
          0.728388,
          0.28129,
          -0.624761,
          4.985084
        ],
        [
          0.002421,
          -0.912892,
          -0.408195,
          1.330546
        ],
        [
          0.0,
          0.0,
          0.0,
          1.0
        ]
      ]
    },
    {
      "file_path": "/media/NFS/ttao/scannet/posed_images/scene0492_01/00235.jpg",
      "transform_matrix": [
        [
          -0.65327,
          0.322504,
          -0.685003,
          1.814129
        ],
        [
          0.75701,
          0.262418,
          -0.598392,
          4.987452
        ],
        [
          -0.013227,
          -0.909466,
          -0.415569,
          1.320724
        ],
        [
          0.0,
          0.0,
          0.0,
          1.0
        ]
      ]
    },
    {
      "file_path": "/media/NFS/ttao/scannet/posed_images/scene0492_01/00240.jpg",
      "transform_matrix": [
        [
          -0.618234,
          0.350776,
          -0.703379,
          1.777789
        ],
        [
          0.785791,
          0.255498,
          -0.563253,
          4.984309
        ],
        [
          -0.017864,
          -0.900931,
          -0.433595,
          1.328486
        ],
        [
          0.0,
          0.0,
          0.0,
          1.0
        ]
      ]
    },
    {
      "file_path": "/media/NFS/ttao/scannet/posed_images/scene0492_01/00250.jpg",
      "transform_matrix": [
        [
          -0.539148,
          0.355568,
          -0.763473,
          1.714968
        ],
        [
          0.842204,
          0.23143,
          -0.486963,
          4.954223
        ],
        [
          0.003543,
          -0.905545,
          -0.424236,
          1.352234
        ],
        [
          0.0,
          0.0,
          0.0,
          1.0
        ]
      ]
    },
    {
      "file_path": "/media/NFS/ttao/scannet/posed_images/scene0492_01/00257.jpg",
      "transform_matrix": [
        [
          -0.46237,
          0.369797,
          -0.805893,
          1.690118
        ],
        [
          0.886649,
          0.201249,
          -0.416356,
          4.919656
        ],
        [
          0.008218,
          -0.907055,
          -0.420931,
          1.376124
        ],
        [
          0.0,
          0.0,
          0.0,
          1.0
        ]
      ]
    },
    {
      "file_path": "/media/NFS/ttao/scannet/posed_images/scene0492_01/00267.jpg",
      "transform_matrix": [
        [
          -0.269494,
          0.335187,
          -0.902786,
          1.704799
        ],
        [
          0.962979,
          0.087292,
          -0.255052,
          4.797818
        ],
        [
          -0.006684,
          -0.938099,
          -0.346303,
          1.388076
        ],
        [
          0.0,
          0.0,
          0.0,
          1.0
        ]
      ]
    },
    {
      "file_path": "/media/NFS/ttao/scannet/posed_images/scene0492_01/00272.jpg",
      "transform_matrix": [
        [
          -0.185855,
          0.350288,
          -0.918018,
          1.712454
        ],
        [
          0.98235,
          0.086337,
          -0.165936,
          4.731007
        ],
        [
          0.021134,
          -0.932655,
          -0.360151,
          1.377548
        ],
        [
          0.0,
          0.0,
          0.0,
          1.0
        ]
      ]
    },
    {
      "file_path": "/media/NFS/ttao/scannet/posed_images/scene0492_01/00287.jpg",
      "transform_matrix": [
        [
          0.008203,
          0.357451,
          -0.933896,
          1.669192
        ],
        [
          0.998851,
          0.041182,
          0.024536,
          4.644895
        ],
        [
          0.04723,
          -0.933024,
          -0.356702,
          1.364078
        ],
        [
          0.0,
          0.0,
          0.0,
          1.0
        ]
      ]
    },
    {
      "file_path": "/media/NFS/ttao/scannet/posed_images/scene0492_01/00292.jpg",
      "transform_matrix": [
        [
          0.034841,
          0.363927,
          -0.930776,
          1.631393
        ],
        [
          0.998401,
          0.028805,
          0.048635,
          4.63478
        ],
        [
          0.04451,
          -0.930982,
          -0.362342,
          1.361488
        ],
        [
          0.0,
          0.0,
          0.0,
          1.0
        ]
      ]
    },
    {
      "file_path": "/media/NFS/ttao/scannet/posed_images/scene0492_01/00300.jpg",
      "transform_matrix": [
        [
          0.063726,
          0.385027,
          -0.920702,
          1.552297
        ],
        [
          0.996617,
          0.023422,
          0.078776,
          4.638773
        ],
        [
          0.051896,
          -0.922608,
          -0.382232,
          1.356493
        ],
        [
          0.0,
          0.0,
          0.0,
          1.0
        ]
      ]
    },
    {
      "file_path": "/media/NFS/ttao/scannet/posed_images/scene0492_01/00307.jpg",
      "transform_matrix": [
        [
          0.139215,
          0.385573,
          -0.912114,
          1.48336
        ],
        [
          0.989175,
          -0.010992,
          0.14633,
          4.643299
        ],
        [
          0.046395,
          -0.922612,
          -0.382929,
          1.363106
        ],
        [
          0.0,
          0.0,
          0.0,
          1.0
        ]
      ]
    },
    {
      "file_path": "/media/NFS/ttao/scannet/posed_images/scene0492_01/00314.jpg",
      "transform_matrix": [
        [
          0.143545,
          0.444871,
          -0.884016,
          1.440855
        ],
        [
          0.98546,
          0.017794,
          0.168972,
          4.637526
        ],
        [
          0.0909,
          -0.895418,
          -0.435849,
          1.345563
        ],
        [
          0.0,
          0.0,
          0.0,
          1.0
        ]
      ]
    },
    {
      "file_path": "/media/NFS/ttao/scannet/posed_images/scene0492_01/00327.jpg",
      "transform_matrix": [
        [
          0.477409,
          0.350993,
          -0.805534,
          1.332412
        ],
        [
          0.878628,
          -0.180578,
          0.442047,
          4.582635
        ],
        [
          0.009694,
          -0.918801,
          -0.394602,
          1.329019
        ],
        [
          0.0,
          0.0,
          0.0,
          1.0
        ]
      ]
    },
    {
      "file_path": "/media/NFS/ttao/scannet/posed_images/scene0492_01/00332.jpg",
      "transform_matrix": [
        [
          0.602747,
          0.318916,
          -0.731429,
          1.242491
        ],
        [
          0.797473,
          -0.271857,
          0.538638,
          4.514853
        ],
        [
          -0.027063,
          -0.907957,
          -0.418188,
          1.350188
        ],
        [
          0.0,
          0.0,
          0.0,
          1.0
        ]
      ]
    },
    {
      "file_path": "/media/NFS/ttao/scannet/posed_images/scene0492_01/00342.jpg",
      "transform_matrix": [
        [
          0.667787,
          0.349691,
          -0.657097,
          1.142881
        ],
        [
          0.743626,
          -0.352408,
          0.568181,
          4.40767
        ],
        [
          -0.032879,
          -0.868058,
          -0.495373,
          1.342487
        ],
        [
          0.0,
          0.0,
          0.0,
          1.0
        ]
      ]
    },
    {
      "file_path": "/media/NFS/ttao/scannet/posed_images/scene0492_01/00347.jpg",
      "transform_matrix": [
        [
          0.700279,
          0.359995,
          -0.616451,
          1.131856
        ],
        [
          0.713862,
          -0.34938,
          0.606906,
          4.390695
        ],
        [
          0.003107,
          -0.865065,
          -0.50165,
          1.33765
        ],
        [
          0.0,
          0.0,
          0.0,
          1.0
        ]
      ]
    },
    {
      "file_path": "/media/NFS/ttao/scannet/posed_images/scene0492_01/00362.jpg",
      "transform_matrix": [
        [
          0.760993,
          0.283741,
          -0.583422,
          1.144438
        ],
        [
          0.648759,
          -0.334464,
          0.683554,
          4.401827
        ],
        [
          -0.001181,
          -0.89868,
          -0.438604,
          1.354285
        ],
        [
          0.0,
          0.0,
          0.0,
          1.0
        ]
      ]
    },
    {
      "file_path": "/media/NFS/ttao/scannet/posed_images/scene0492_01/00367.jpg",
      "transform_matrix": [
        [
          0.795568,
          0.267295,
          -0.543714,
          1.129709
        ],
        [
          0.60578,
          -0.335953,
          0.721226,
          4.397418
        ],
        [
          0.010118,
          -0.903155,
          -0.429195,
          1.356015
        ],
        [
          0.0,
          0.0,
          0.0,
          1.0
        ]
      ]
    },
    {
      "file_path": "/media/NFS/ttao/scannet/posed_images/scene0492_01/00374.jpg",
      "transform_matrix": [
        [
          0.854545,
          0.242163,
          -0.459468,
          1.086458
        ],
        [
          0.519366,
          -0.392591,
          0.759033,
          4.404442
        ],
        [
          0.003426,
          -0.88726,
          -0.461258,
          1.34239
        ],
        [
          0.0,
          0.0,
          0.0,
          1.0
        ]
      ]
    },
    {
      "file_path": "/media/NFS/ttao/scannet/posed_images/scene0492_01/00387.jpg",
      "transform_matrix": [
        [
          0.953113,
          0.100446,
          -0.28546,
          0.985236
        ],
        [
          0.296786,
          -0.494537,
          0.816916,
          4.403156
        ],
        [
          -0.059115,
          -0.863333,
          -0.50116,
          1.326569
        ],
        [
          0.0,
          0.0,
          0.0,
          1.0
        ]
      ]
    },
    {
      "file_path": "/media/NFS/ttao/scannet/posed_images/scene0492_01/00394.jpg",
      "transform_matrix": [
        [
          0.956888,
          0.098365,
          -0.273293,
          0.966972
        ],
        [
          0.28444,
          -0.507849,
          0.813132,
          4.381626
        ],
        [
          -0.058808,
          -0.855812,
          -0.513934,
          1.301064
        ],
        [
          0.0,
          0.0,
          0.0,
          1.0
        ]
      ]
    },
    {
      "file_path": "/media/NFS/ttao/scannet/posed_images/scene0492_01/00399.jpg",
      "transform_matrix": [
        [
          0.956922,
          0.089003,
          -0.276366,
          0.968166
        ],
        [
          0.284669,
          -0.474889,
          0.832733,
          4.371511
        ],
        [
          -0.057127,
          -0.875534,
          -0.479768,
          1.284072
        ],
        [
          0.0,
          0.0,
          0.0,
          1.0
        ]
      ]
    },
    {
      "file_path": "/media/NFS/ttao/scannet/posed_images/scene0492_01/00407.jpg",
      "transform_matrix": [
        [
          0.960459,
          0.113281,
          -0.254334,
          0.952816
        ],
        [
          0.273897,
          -0.548437,
          0.790061,
          4.363126
        ],
        [
          -0.049988,
          -0.828483,
          -0.557779,
          1.25019
        ],
        [
          0.0,
          0.0,
          0.0,
          1.0
        ]
      ]
    },
    {
      "file_path": "/media/NFS/ttao/scannet/posed_images/scene0492_01/00419.jpg",
      "transform_matrix": [
        [
          0.993563,
          -0.021999,
          -0.111123,
          0.877504
        ],
        [
          0.08075,
          -0.550441,
          0.83096,
          4.389116
        ],
        [
          -0.079447,
          -0.834584,
          -0.545121,
          1.280102
        ],
        [
          0.0,
          0.0,
          0.0,
          1.0
        ]
      ]
    },
    {
      "file_path": "/media/NFS/ttao/scannet/posed_images/scene0492_01/00424.jpg",
      "transform_matrix": [
        [
          0.99606,
          -0.073299,
          -0.049919,
          0.855404
        ],
        [
          0.002387,
          -0.540533,
          0.84132,
          4.388444
        ],
        [
          -0.088651,
          -0.838124,
          -0.538229,
          1.281159
        ],
        [
          0.0,
          0.0,
          0.0,
          1.0
        ]
      ]
    },
    {
      "file_path": "/media/NFS/ttao/scannet/posed_images/scene0492_01/00437.jpg",
      "transform_matrix": [
        [
          0.999391,
          -0.030672,
          -0.016622,
          0.816228
        ],
        [
          -0.003441,
          -0.560791,
          0.827951,
          4.392224
        ],
        [
          -0.034717,
          -0.827389,
          -0.560555,
          1.287379
        ],
        [
          0.0,
          0.0,
          0.0,
          1.0
        ]
      ]
    },
    {
      "file_path": "/media/NFS/ttao/scannet/posed_images/scene0492_01/00439.jpg",
      "transform_matrix": [
        [
          0.998749,
          -0.049428,
          0.00753,
          0.81729
        ],
        [
          -0.034048,
          -0.562094,
          0.826373,
          4.393205
        ],
        [
          -0.036614,
          -0.825595,
          -0.563074,
          1.288546
        ],
        [
          0.0,
          0.0,
          0.0,
          1.0
        ]
      ]
    },
    {
      "file_path": "/media/NFS/ttao/scannet/posed_images/scene0492_01/00452.jpg",
      "transform_matrix": [
        [
          0.979398,
          -0.172148,
          0.105569,
          0.833162
        ],
        [
          -0.178314,
          -0.49186,
          0.852219,
          4.3914
        ],
        [
          -0.094783,
          -0.853486,
          -0.512424,
          1.29812
        ],
        [
          0.0,
          0.0,
          0.0,
          1.0
        ]
      ]
    },
    {
      "file_path": "/media/NFS/ttao/scannet/posed_images/scene0492_01/00459.jpg",
      "transform_matrix": [
        [
          0.960109,
          -0.218437,
          0.174572,
          0.853006
        ],
        [
          -0.258662,
          -0.456623,
          0.851228,
          4.399863
        ],
        [
          -0.106226,
          -0.862427,
          -0.49491,
          1.306072
        ],
        [
          0.0,
          0.0,
          0.0,
          1.0
        ]
      ]
    },
    {
      "file_path": "/media/NFS/ttao/scannet/posed_images/scene0492_01/00464.jpg",
      "transform_matrix": [
        [
          0.949606,
          -0.230391,
          0.212528,
          0.880004
        ],
        [
          -0.298031,
          -0.453646,
          0.839871,
          4.405751
        ],
        [
          -0.097086,
          -0.860886,
          -0.499449,
          1.309624
        ],
        [
          0.0,
          0.0,
          0.0,
          1.0
        ]
      ]
    },
    {
      "file_path": "/media/NFS/ttao/scannet/posed_images/scene0492_01/00477.jpg",
      "transform_matrix": [
        [
          0.896964,
          -0.291815,
          0.332114,
          0.935692
        ],
        [
          -0.428852,
          -0.391758,
          0.81401,
          4.411432
        ],
        [
          -0.107432,
          -0.872565,
          -0.476538,
          1.327555
        ],
        [
          0.0,
          0.0,
          0.0,
          1.0
        ]
      ]
    },
    {
      "file_path": "/media/NFS/ttao/scannet/posed_images/scene0492_01/00487.jpg",
      "transform_matrix": [
        [
          0.87216,
          -0.322897,
          0.367525,
          0.963216
        ],
        [
          -0.475442,
          -0.382393,
          0.792295,
          4.411413
        ],
        [
          -0.11529,
          -0.865744,
          -0.487027,
          1.326535
        ],
        [
          0.0,
          0.0,
          0.0,
          1.0
        ]
      ]
    },
    {
      "file_path": "/media/NFS/ttao/scannet/posed_images/scene0492_01/00492.jpg",
      "transform_matrix": [
        [
          0.867831,
          -0.324973,
          0.375848,
          0.979265
        ],
        [
          -0.483202,
          -0.375866,
          0.790722,
          4.411715
        ],
        [
          -0.115695,
          -0.867823,
          -0.483216,
          1.326363
        ],
        [
          0.0,
          0.0,
          0.0,
          1.0
        ]
      ]
    },
    {
      "file_path": "/media/NFS/ttao/scannet/posed_images/scene0492_01/00499.jpg",
      "transform_matrix": [
        [
          0.877761,
          -0.31506,
          0.360933,
          1.003265
        ],
        [
          -0.464894,
          -0.378025,
          0.800607,
          4.41726
        ],
        [
          -0.115797,
          -0.870537,
          -0.478285,
          1.326838
        ],
        [
          0.0,
          0.0,
          0.0,
          1.0
        ]
      ]
    },
    {
      "file_path": "/media/NFS/ttao/scannet/posed_images/scene0492_01/00512.jpg",
      "transform_matrix": [
        [
          0.888059,
          -0.321659,
          0.328463,
          1.085934
        ],
        [
          -0.444622,
          -0.41927,
          0.791533,
          4.445404
        ],
        [
          -0.116889,
          -0.848969,
          -0.515353,
          1.316568
        ],
        [
          0.0,
          0.0,
          0.0,
          1.0
        ]
      ]
    },
    {
      "file_path": "/media/NFS/ttao/scannet/posed_images/scene0492_01/00514.jpg",
      "transform_matrix": [
        [
          0.892026,
          -0.318903,
          0.320297,
          1.10162
        ],
        [
          -0.436614,
          -0.424748,
          0.793068,
          4.450604
        ],
        [
          -0.116866,
          -0.847284,
          -0.518124,
          1.316362
        ],
        [
          0.0,
          0.0,
          0.0,
          1.0
        ]
      ]
    },
    {
      "file_path": "/media/NFS/ttao/scannet/posed_images/scene0492_01/00524.jpg",
      "transform_matrix": [
        [
          0.917052,
          -0.279311,
          0.284605,
          1.187234
        ],
        [
          -0.387715,
          -0.457671,
          0.800134,
          4.476766
        ],
        [
          -0.093231,
          -0.84411,
          -0.528002,
          1.311114
        ],
        [
          0.0,
          0.0,
          0.0,
          1.0
        ]
      ]
    },
    {
      "file_path": "/media/NFS/ttao/scannet/posed_images/scene0492_01/00532.jpg",
      "transform_matrix": [
        [
          0.929444,
          -0.25187,
          0.269622,
          1.246722
        ],
        [
          -0.361458,
          -0.474918,
          0.802372,
          4.500925
        ],
        [
          -0.074045,
          -0.843217,
          -0.53245,
          1.310105
        ],
        [
          0.0,
          0.0,
          0.0,
          1.0
        ]
      ]
    },
    {
      "file_path": "/media/NFS/ttao/scannet/posed_images/scene0492_01/00542.jpg",
      "transform_matrix": [
        [
          0.900167,
          -0.280523,
          0.333176,
          1.316996
        ],
        [
          -0.43077,
          -0.460455,
          0.776157,
          4.553012
        ],
        [
          -0.064317,
          -0.842193,
          -0.535327,
          1.31557
        ],
        [
          0.0,
          0.0,
          0.0,
          1.0
        ]
      ]
    },
    {
      "file_path": "/media/NFS/ttao/scannet/posed_images/scene0492_01/00554.jpg",
      "transform_matrix": [
        [
          0.891661,
          -0.27083,
          0.362756,
          1.406974
        ],
        [
          -0.450377,
          -0.449542,
          0.77141,
          4.641419
        ],
        [
          -0.045846,
          -0.851213,
          -0.522814,
          1.326357
        ],
        [
          0.0,
          0.0,
          0.0,
          1.0
        ]
      ]
    },
    {
      "file_path": "/media/NFS/ttao/scannet/posed_images/scene0492_01/00557.jpg",
      "transform_matrix": [
        [
          0.889495,
          -0.272617,
          0.366714,
          1.431795
        ],
        [
          -0.454805,
          -0.450602,
          0.768187,
          4.655107
        ],
        [
          -0.044178,
          -0.850082,
          -0.524795,
          1.326668
        ],
        [
          0.0,
          0.0,
          0.0,
          1.0
        ]
      ]
    },
    {
      "file_path": "/media/NFS/ttao/scannet/posed_images/scene0492_01/00564.jpg",
      "transform_matrix": [
        [
          0.876155,
          -0.27917,
          0.392958,
          1.491831
        ],
        [
          -0.481394,
          -0.464926,
          0.743037,
          4.668309
        ],
        [
          -0.024737,
          -0.840183,
          -0.541738,
          1.311003
        ],
        [
          0.0,
          0.0,
          0.0,
          1.0
        ]
      ]
    },
    {
      "file_path": "/media/NFS/ttao/scannet/posed_images/scene0492_01/00572.jpg",
      "transform_matrix": [
        [
          0.862807,
          -0.273826,
          0.424951,
          1.565581
        ],
        [
          -0.505532,
          -0.469709,
          0.723748,
          4.673293
        ],
        [
          0.001422,
          -0.839281,
          -0.543696,
          1.322152
        ],
        [
          0.0,
          0.0,
          0.0,
          1.0
        ]
      ]
    },
    {
      "file_path": "/media/NFS/ttao/scannet/posed_images/scene0492_01/00582.jpg",
      "transform_matrix": [
        [
          0.865521,
          -0.269663,
          0.422084,
          1.635414
        ],
        [
          -0.500827,
          -0.45464,
          0.736529,
          4.688503
        ],
        [
          -0.006718,
          -0.848873,
          -0.528555,
          1.328741
        ],
        [
          0.0,
          0.0,
          0.0,
          1.0
        ]
      ]
    },
    {
      "file_path": "/media/NFS/ttao/scannet/posed_images/scene0492_01/00592.jpg",
      "transform_matrix": [
        [
          0.819424,
          -0.313993,
          0.479534,
          1.715742
        ],
        [
          -0.573038,
          -0.46789,
          0.672835,
          4.736045
        ],
        [
          0.013104,
          -0.826128,
          -0.56333,
          1.308772
        ],
        [
          0.0,
          0.0,
          0.0,
          1.0
        ]
      ]
    },
    {
      "file_path": "/media/NFS/ttao/scannet/posed_images/scene0492_01/00599.jpg",
      "transform_matrix": [
        [
          0.768855,
          -0.416811,
          0.484902,
          1.772634
        ],
        [
          -0.637991,
          -0.44934,
          0.625349,
          4.794861
        ],
        [
          -0.042767,
          -0.790165,
          -0.6114,
          1.289941
        ],
        [
          0.0,
          0.0,
          0.0,
          1.0
        ]
      ]
    },
    {
      "file_path": "/media/NFS/ttao/scannet/posed_images/scene0492_01/00612.jpg",
      "transform_matrix": [
        [
          0.820467,
          -0.362967,
          0.44169,
          1.903919
        ],
        [
          -0.570254,
          -0.464794,
          0.67733,
          4.824575
        ],
        [
          -0.040554,
          -0.807602,
          -0.588331,
          1.274885
        ],
        [
          0.0,
          0.0,
          0.0,
          1.0
        ]
      ]
    },
    {
      "file_path": "/media/NFS/ttao/scannet/posed_images/scene0492_01/00619.jpg",
      "transform_matrix": [
        [
          0.899476,
          -0.292978,
          0.324202,
          1.991724
        ],
        [
          -0.435514,
          -0.540539,
          0.719823,
          4.766234
        ],
        [
          -0.035649,
          -0.788658,
          -0.613798,
          1.283104
        ],
        [
          0.0,
          0.0,
          0.0,
          1.0
        ]
      ]
    },
    {
      "file_path": "/media/NFS/ttao/scannet/posed_images/scene0492_01/00629.jpg",
      "transform_matrix": [
        [
          0.990857,
          -0.074424,
          0.112531,
          2.062968
        ],
        [
          -0.134436,
          -0.614885,
          0.777074,
          4.611703
        ],
        [
          0.01136,
          -0.785097,
          -0.619269,
          1.279593
        ],
        [
          0.0,
          0.0,
          0.0,
          1.0
        ]
      ]
    },
    {
      "file_path": "/media/NFS/ttao/scannet/posed_images/scene0492_01/00631.jpg",
      "transform_matrix": [
        [
          0.994428,
          -0.044465,
          0.09558,
          2.070765
        ],
        [
          -0.102935,
          -0.605163,
          0.789419,
          4.575565
        ],
        [
          0.02274,
          -0.794859,
          -0.606368,
          1.267968
        ],
        [
          0.0,
          0.0,
          0.0,
          1.0
        ]
      ]
    },
    {
      "file_path": "/media/NFS/ttao/scannet/posed_images/scene0492_01/00639.jpg",
      "transform_matrix": [
        [
          0.994566,
          -0.004633,
          0.104001,
          2.10713
        ],
        [
          -0.085344,
          -0.608381,
          0.789043,
          4.463126
        ],
        [
          0.059616,
          -0.793631,
          -0.605471,
          1.248468
        ],
