{
  "frames": [
    {
      "file_path": "/media/NFS/ttao/scannet/posed_images/scene0405_00/00000.jpg",
      "transform_matrix": [
        [
          0.559451,
          -0.520257,
          0.645249,
          0.97021
        ],
        [
          -0.827479,
          -0.395537,
          0.398533,
          1.182096
        ],
        [
          0.04788,
          -0.75689,
          -0.651786,
          1.387236
        ],
        [
          0.0,
          0.0,
          0.0,
          1.0
        ]
      ]
    },
    {
      "file_path": "/media/NFS/ttao/scannet/posed_images/scene0405_00/00007.jpg",
      "transform_matrix": [
        [
          0.558793,
          -0.520883,
          0.645315,
          0.972179
        ],
        [
          -0.82788,
          -0.396011,
          0.397229,
          1.185166
        ],
        [
          0.048642,
          -0.756212,
          -0.652517,
          1.384154
        ],
        [
          0.0,
          0.0,
          0.0,
          1.0
        ]
      ]
    },
    {
      "file_path": "/media/NFS/ttao/scannet/posed_images/scene0405_00/00019.jpg",
      "transform_matrix": [
        [
          0.555773,
          -0.513985,
          0.653403,
          0.97342
        ],
        [
          -0.830145,
          -0.385155,
          0.403133,
          1.198456
        ],
        [
          0.044457,
          -0.766469,
          -0.640741,
          1.368431
        ],
        [
          0.0,
          0.0,
          0.0,
          1.0
        ]
      ]
    },
    {
      "file_path": "/media/NFS/ttao/scannet/posed_images/scene0405_00/00021.jpg",
      "transform_matrix": [
        [
          0.550736,
          -0.515432,
          0.656521,
          0.973363
        ],
        [
          -0.833415,
          -0.38286,
          0.398545,
          1.205343
        ],
        [
          0.045932,
          -0.766647,
          -0.640424,
          1.37045
        ],
        [
          0.0,
          0.0,
          0.0,
          1.0
        ]
      ]
    },
    {
      "file_path": "/media/NFS/ttao/scannet/posed_images/scene0405_00/00036.jpg",
      "transform_matrix": [
        [
          0.51203,
          -0.508559,
          0.692238,
          0.983514
        ],
        [
          -0.857562,
          -0.34874,
          0.378111,
          1.244902
        ],
        [
          0.049119,
          -0.787241,
          -0.614686,
          1.386259
        ],
        [
          0.0,
          0.0,
          0.0,
          1.0
        ]
      ]
    },
    {
      "file_path": "/media/NFS/ttao/scannet/posed_images/scene0405_00/00043.jpg",
      "transform_matrix": [
        [
          0.466284,
          -0.496295,
          0.732305,
          1.005507
        ],
        [
          -0.883226,
          -0.307888,
          0.353719,
          1.253306
        ],
        [
          0.049919,
          -0.811724,
          -0.581904,
          1.392435
        ],
        [
          0.0,
          0.0,
          0.0,
          1.0
        ]
      ]
    },
    {
      "file_path": "/media/NFS/ttao/scannet/posed_images/scene0405_00/00048.jpg",
      "transform_matrix": [
        [
          0.430526,
          -0.48568,
          0.760764,
          1.043595
        ],
        [
          -0.901488,
          -0.272795,
          0.336008,
          1.26721
        ],
        [
          0.04434,
          -0.83048,
          -0.55528,
          1.398912
        ],
        [
          0.0,
          0.0,
          0.0,
          1.0
        ]
      ]
    },
    {
      "file_path": "/media/NFS/ttao/scannet/posed_images/scene0405_00/00057.jpg",
      "transform_matrix": [
        [
          0.420897,
          -0.449748,
          0.787764,
          1.169475
        ],
        [
          -0.907087,
          -0.214689,
          0.36208,
          1.29521
        ],
        [
          0.006279,
          -0.866969,
          -0.498323,
          1.420473
        ],
        [
          0.0,
          0.0,
          0.0,
          1.0
        ]
      ]
    },
    {
      "file_path": "/media/NFS/ttao/scannet/posed_images/scene0405_00/00064.jpg",
      "transform_matrix": [
        [
          0.376666,
          -0.462491,
          0.802637,
          1.28531
        ],
        [
          -0.926322,
          -0.18142,
          0.330173,
          1.310764
        ],
        [
          -0.007087,
          -0.867865,
          -0.49675,
          1.435807
        ],
        [
          0.0,
          0.0,
          0.0,
          1.0
        ]
      ]
    },
    {
      "file_path": "/media/NFS/ttao/scannet/posed_images/scene0405_00/00069.jpg",
      "transform_matrix": [
        [
          0.319431,
          -0.481661,
          0.816068,
          1.348014
        ],
        [
          -0.947602,
          -0.158911,
          0.277125,
          1.317508
        ],
        [
          -0.003798,
          -0.861829,
          -0.507184,
          1.432181
        ],
        [
          0.0,
          0.0,
          0.0,
          1.0
        ]
      ]
    },
    {
      "file_path": "/media/NFS/ttao/scannet/posed_images/scene0405_00/00081.jpg",
      "transform_matrix": [
        [
          0.137146,
          -0.50812,
          0.850297,
          1.476686
        ],
        [
          -0.99042,
          -0.084273,
          0.109387,
          1.36739
        ],
        [
          0.016076,
          -0.857154,
          -0.51481,
          1.408663
        ],
        [
          0.0,
          0.0,
          0.0,
          1.0
        ]
      ]
    },
    {
      "file_path": "/media/NFS/ttao/scannet/posed_images/scene0405_00/00086.jpg",
      "transform_matrix": [
        [
          0.022928,
          -0.522521,
          0.852318,
          1.522033
        ],
        [
          -0.999495,
          -0.030724,
          0.008052,
          1.4271
        ],
        [
          0.021979,
          -0.852072,
          -0.522962,
          1.401565
        ],
        [
          0.0,
          0.0,
          0.0,
          1.0
        ]
      ]
    },
    {
      "file_path": "/media/NFS/ttao/scannet/posed_images/scene0405_00/00100.jpg",
      "transform_matrix": [
        [
          -0.225112,
          -0.541274,
          0.810152,
          1.63859
        ],
        [
          -0.973943,
          0.101476,
          -0.202826,
          1.506795
        ],
        [
          0.027574,
          -0.834701,
          -0.550013,
          1.400313
        ],
        [
          0.0,
          0.0,
          0.0,
          1.0
        ]
      ]
    },
    {
      "file_path": "/media/NFS/ttao/scannet/posed_images/scene0405_00/00103.jpg",
      "transform_matrix": [
        [
          -0.263513,
          -0.534646,
          0.802942,
          1.680508
        ],
        [
          -0.964209,
          0.120665,
          -0.236093,
          1.49211
        ],
        [
          0.02934,
          -0.836417,
          -0.547307,
          1.416346
        ],
        [
          0.0,
          0.0,
          0.0,
          1.0
        ]
      ]
    },
    {
      "file_path": "/media/NFS/ttao/scannet/posed_images/scene0405_00/00110.jpg",
      "transform_matrix": [
        [
          -0.328327,
          -0.478682,
          0.814288,
          1.748966
        ],
        [
          -0.944559,
          0.169277,
          -0.281343,
          1.479815
        ],
        [
          -0.003166,
          -0.861515,
          -0.507722,
          1.407878
        ],
        [
          0.0,
          0.0,
          0.0,
          1.0
        ]
      ]
    },
    {
      "file_path": "/media/NFS/ttao/scannet/posed_images/scene0405_00/00117.jpg",
      "transform_matrix": [
        [
          -0.405969,
          -0.417884,
          0.81275,
          1.798524
        ],
        [
          -0.91377,
          0.171426,
          -0.368289,
          1.475799
        ],
        [
          0.014576,
          -0.892181,
          -0.451443,
          1.425691
        ],
        [
          0.0,
          0.0,
          0.0,
          1.0
        ]
      ]
    },
    {
      "file_path": "/media/NFS/ttao/scannet/posed_images/scene0405_00/00126.jpg",
      "transform_matrix": [
        [
          -0.555359,
          -0.328386,
          0.764028,
          1.842582
        ],
        [
          -0.831547,
          0.207925,
          -0.515069,
          1.513164
        ],
        [
          0.010281,
          -0.921374,
          -0.388541,
          1.439634
        ],
        [
          0.0,
          0.0,
          0.0,
          1.0
        ]
      ]
    },
    {
      "file_path": "/media/NFS/ttao/scannet/posed_images/scene0405_00/00138.jpg",
      "transform_matrix": [
        [
          -0.760418,
          -0.270269,
          0.590525,
          1.855948
        ],
        [
          -0.649416,
          0.309624,
          -0.694545,
          1.544436
        ],
        [
          0.004874,
          -0.91164,
          -0.41096,
          1.425389
        ],
        [
          0.0,
          0.0,
          0.0,
          1.0
        ]
      ]
    },
    {
      "file_path": "/media/NFS/ttao/scannet/posed_images/scene0405_00/00141.jpg",
      "transform_matrix": [
        [
          -0.787302,
          -0.258957,
          0.55955,
          1.845594
        ],
        [
          -0.61649,
          0.344975,
          -0.707766,
          1.536942
        ],
        [
          -0.00975,
          -0.902183,
          -0.431244,
          1.428069
        ],
        [
          0.0,
          0.0,
          0.0,
          1.0
        ]
      ]
    },
    {
      "file_path": "/media/NFS/ttao/scannet/posed_images/scene0405_00/00150.jpg",
      "transform_matrix": [
        [
          -0.833788,
          -0.290123,
          0.469709,
          1.836705
        ],
        [
          -0.552085,
          0.438191,
          -0.70936,
          1.523336
        ],
        [
          -2.1e-05,
          -0.850775,
          -0.52553,
          1.416602
        ],
        [
          0.0,
          0.0,
          0.0,
          1.0
        ]
      ]
    },
    {
      "file_path": "/media/NFS/ttao/scannet/posed_images/scene0405_00/00162.jpg",
      "transform_matrix": [
        [
          -0.892468,
          -0.274545,
          0.357948,
          1.814808
        ],
        [
          -0.450689,
          0.576991,
          -0.681147,
          1.506574
        ],
        [
          -0.019528,
          -0.769225,
          -0.63868,
          1.383914
        ],
        [
          0.0,
          0.0,
          0.0,
          1.0
        ]
      ]
    },
    {
      "file_path": "/media/NFS/ttao/scannet/posed_images/scene0405_00/00165.jpg",
      "transform_matrix": [
        [
          -0.913933,
          -0.253127,
          0.317258,
          1.810508
        ],
        [
          -0.40558,
          0.598888,
          -0.690535,
          1.498777
        ],
        [
          -0.015209,
          -0.759776,
          -0.650007,
          1.36942
        ],
        [
          0.0,
          0.0,
          0.0,
          1.0
        ]
      ]
    },
    {
      "file_path": "/media/NFS/ttao/scannet/posed_images/scene0405_00/00179.jpg",
      "transform_matrix": [
        [
          -0.964926,
          -0.161681,
          0.206826,
          1.827717
        ],
        [
          -0.260431,
          0.688793,
          -0.676565,
          1.377328
        ],
        [
          -0.033072,
          -0.706699,
          -0.706741,
          1.357041
        ],
        [
          0.0,
          0.0,
          0.0,
          1.0
        ]
      ]
    },
    {
      "file_path": "/media/NFS/ttao/scannet/posed_images/scene0405_00/00186.jpg",
      "transform_matrix": [
        [
          -0.974832,
          -0.103341,
          0.197544,
          1.842763
        ],
        [
          -0.210858,
          0.715132,
          -0.666427,
          1.321307
        ],
        [
          -0.072401,
          -0.691308,
          -0.718924,
          1.368442
        ],
        [
          0.0,
          0.0,
          0.0,
          1.0
        ]
      ]
    },
    {
      "file_path": "/media/NFS/ttao/scannet/posed_images/scene0405_00/00191.jpg",
      "transform_matrix": [
        [
          -0.979029,
          -0.077396,
          0.188447,
          1.874044
        ],
        [
          -0.184956,
          0.725464,
          -0.662943,
          1.295164
        ],
        [
          -0.085403,
          -0.683895,
          -0.724565,
          1.363947
        ],
        [
          0.0,
          0.0,
          0.0,
          1.0
        ]
      ]
    },
    {
      "file_path": "/media/NFS/ttao/scannet/posed_images/scene0405_00/00200.jpg",
      "transform_matrix": [
        [
          -0.989896,
          -0.034955,
          0.137417,
          1.97854
        ],
        [
          -0.116909,
          0.749603,
          -0.651481,
          1.254338
        ],
        [
          -0.080236,
          -0.660964,
          -0.746116,
          1.330432
        ],
        [
          0.0,
          0.0,
          0.0,
          1.0
        ]
      ]
    },
    {
      "file_path": "/media/NFS/ttao/scannet/posed_images/scene0405_00/00205.jpg",
      "transform_matrix": [
        [
          -0.998213,
          -0.001321,
          0.059739,
          2.104933
        ],
        [
          -0.039597,
          0.76335,
          -0.64477,
          1.231112
        ],
        [
          -0.04475,
          -0.645984,
          -0.762039,
          1.306727
        ],
        [
          0.0,
          0.0,
          0.0,
          1.0
        ]
      ]
    },
    {
      "file_path": "/media/NFS/ttao/scannet/posed_images/scene0405_00/00219.jpg",
      "transform_matrix": [
        [
          -0.971002,
          0.19095,
          -0.143847,
          2.360783
        ],
        [
          0.239061,
          0.770565,
          -0.590829,
          1.172055
        ],
        [
          -0.001975,
          -0.608085,
          -0.79387,
          1.327143
        ],
        [
          0.0,
          0.0,
          0.0,
          1.0
        ]
      ]
    },
    {
      "file_path": "/media/NFS/ttao/scannet/posed_images/scene0405_00/00224.jpg",
      "transform_matrix": [
        [
          -0.96511,
          0.212992,
          -0.152308,
          2.381849
        ],
        [
          0.261665,
          0.762861,
          -0.591248,
          1.168345
        ],
        [
          -0.009741,
          -0.610473,
          -0.791977,
          1.324276
        ],
        [
          0.0,
          0.0,
          0.0,
          1.0
        ]
      ]
    },
    {
      "file_path": "/media/NFS/ttao/scannet/posed_images/scene0405_00/00229.jpg",
      "transform_matrix": [
        [
          -0.952589,
          0.23206,
          -0.196782,
          2.389338
        ],
        [
          0.304226,
          0.736331,
          -0.60437,
          1.164101
        ],
        [
          0.004647,
          -0.635582,
          -0.77202,
          1.330344
        ],
        [
          0.0,
          0.0,
          0.0,
          1.0
        ]
      ]
    },
    {
      "file_path": "/media/NFS/ttao/scannet/posed_images/scene0405_00/00243.jpg",
      "transform_matrix": [
        [
          -0.790139,
          0.391544,
          -0.471565,
          2.469887
        ],
        [
          0.612429,
          0.535374,
          -0.58164,
          1.186983
        ],
        [
          0.024726,
          -0.748377,
          -0.662813,
          1.354164
        ],
        [
          0.0,
          0.0,
          0.0,
          1.0
        ]
      ]
    },
    {
      "file_path": "/media/NFS/ttao/scannet/posed_images/scene0405_00/00250.jpg",
      "transform_matrix": [
        [
          -0.71988,
          0.405606,
          -0.563255,
          2.484354
        ],
        [
          0.693705,
          0.44775,
          -0.564175,
          1.198793
        ],
        [
          0.023365,
          -0.796871,
          -0.603697,
          1.377962
        ],
        [
          0.0,
          0.0,
          0.0,
          1.0
        ]
      ]
    },
    {
      "file_path": "/media/NFS/ttao/scannet/posed_images/scene0405_00/00258.jpg",
      "transform_matrix": [
        [
          -0.677746,
          0.376765,
          -0.631433,
          2.481484
        ],
        [
          0.734631,
          0.383475,
          -0.5597,
          1.203939
        ],
        [
          0.031264,
          -0.843205,
          -0.536682,
          1.385156
        ],
        [
          0.0,
          0.0,
          0.0,
          1.0
        ]
      ]
    },
    {
      "file_path": "/media/NFS/ttao/scannet/posed_images/scene0405_00/00265.jpg",
      "transform_matrix": [
        [
          -0.645883,
          0.376265,
          -0.664274,
          2.454926
        ],
        [
          0.762984,
          0.348072,
          -0.544703,
          1.205973
        ],
        [
          0.026263,
          -0.858645,
          -0.511898,
          1.410189
        ],
        [
          0.0,
          0.0,
          0.0,
          1.0
        ]
      ]
    },
    {
      "file_path": "/media/NFS/ttao/scannet/posed_images/scene0405_00/00270.jpg",
      "transform_matrix": [
        [
          -0.607415,
          0.379891,
          -0.697661,
          2.435023
        ],
        [
          0.794129,
          0.312686,
          -0.52114,
          1.208795
        ],
        [
          0.020173,
          -0.87058,
          -0.491612,
          1.418766
        ],
        [
          0.0,
          0.0,
          0.0,
          1.0
        ]
      ]
    },
    {
      "file_path": "/media/NFS/ttao/scannet/posed_images/scene0405_00/00279.jpg",
      "transform_matrix": [
        [
          -0.44498,
          0.416736,
          -0.792669,
          2.355232
        ],
        [
          0.895454,
          0.194776,
          -0.400279,
          1.199149
        ],
        [
          -0.012417,
          -0.887915,
          -0.459839,
          1.444673
        ],
        [
          0.0,
          0.0,
          0.0,
          1.0
        ]
      ]
    },
    {
      "file_path": "/media/NFS/ttao/scannet/posed_images/scene0405_00/00291.jpg",
      "transform_matrix": [
        [
          -0.364882,
          0.496414,
          -0.787677,
          2.206096
        ],
        [
          0.929606,
          0.147086,
          -0.337931,
          1.198529
        ],
        [
          -0.051898,
          -0.855534,
          -0.515139,
          1.453785
        ],
        [
          0.0,
          0.0,
          0.0,
          1.0
        ]
      ]
    },
    {
      "file_path": "/media/NFS/ttao/scannet/posed_images/scene0405_00/00293.jpg",
      "transform_matrix": [
        [
          -0.355775,
          0.501718,
          -0.788482,
          2.19194
        ],
        [
          0.932908,
          0.140343,
          -0.331641,
          1.19812
        ],
        [
          -0.055733,
          -0.853571,
          -0.517987,
          1.452799
        ],
        [
          0.0,
          0.0,
          0.0,
          1.0
        ]
      ]
    },
    {
      "file_path": "/media/NFS/ttao/scannet/posed_images/scene0405_00/00305.jpg",
      "transform_matrix": [
        [
          -0.250165,
          0.535306,
          -0.806762,
          2.172869
        ],
        [
          0.966913,
          0.095124,
          -0.236708,
          1.177458
        ],
        [
          -0.049969,
          -0.839285,
          -0.541391,
          1.457931
        ],
        [
          0.0,
          0.0,
          0.0,
          1.0
        ]
      ]
    },
    {
      "file_path": "/media/NFS/ttao/scannet/posed_images/scene0405_00/00308.jpg",
      "transform_matrix": [
        [
          -0.211612,
          0.543533,
          -0.812276,
          2.183466
        ],
        [
          0.976073,
          0.074994,
          -0.204102,
          1.16584
        ],
        [
          -0.05002,
          -0.836031,
          -0.546397,
          1.466639
        ],
        [
          0.0,
          0.0,
          0.0,
          1.0
        ]
      ]
    },
    {
      "file_path": "/media/NFS/ttao/scannet/posed_images/scene0405_00/00317.jpg",
      "transform_matrix": [
        [
          -0.103383,
          0.54289,
          -0.833416,
          2.23293
        ],
        [
          0.993995,
          0.02617,
          -0.106255,
          1.115085
        ],
        [
          -0.035874,
          -0.839396,
          -0.542336,
          1.470564
        ],
        [
          0.0,
          0.0,
          0.0,
          1.0
        ]
      ]
    },
    {
      "file_path": "/media/NFS/ttao/scannet/posed_images/scene0405_00/00329.jpg",
      "transform_matrix": [
        [
          0.015365,
          0.539917,
          -0.841578,
          2.278648
        ],
        [
          0.999851,
          -0.014874,
          0.008713,
          1.082527
        ],
        [
          -0.007813,
          -0.841587,
          -0.540065,
          1.446822
        ],
        [
          0.0,
          0.0,
          0.0,
          1.0
        ]
      ]
    },
    {
      "file_path": "/media/NFS/ttao/scannet/posed_images/scene0405_00/00332.jpg",
      "transform_matrix": [
        [
          0.05239,
          0.538577,
          -0.840946,
          2.278636
        ],
        [
          0.998553,
          -0.038511,
          0.037545,
          1.073971
        ],
        [
          -0.012165,
          -0.841695,
          -0.539816,
          1.445566
        ],
        [
          0.0,
          0.0,
          0.0,
          1.0
        ]
      ]
    },
    {
      "file_path": "/media/NFS/ttao/scannet/posed_images/scene0405_00/00346.jpg",
      "transform_matrix": [
        [
          0.229316,
          0.491002,
          -0.840435,
          2.110864
        ],
        [
          0.972933,
          -0.140951,
          0.183121,
          1.111075
        ],
        [
          -0.028547,
          -0.85968,
          -0.510035,
          1.440813
        ],
        [
          0.0,
          0.0,
          0.0,
          1.0
        ]
      ]
    },
    {
      "file_path": "/media/NFS/ttao/scannet/posed_images/scene0405_00/00351.jpg",
      "transform_matrix": [
        [
          0.274737,
          0.482335,
          -0.831789,
          2.05052
        ],
        [
          0.960872,
          -0.169456,
          0.219109,
          1.132026
        ],
        [
          -0.035268,
          -0.85944,
          -0.510018,
          1.439603
        ],
        [
          0.0,
          0.0,
          0.0,
          1.0
        ]
      ]
    },
    {
      "file_path": "/media/NFS/ttao/scannet/posed_images/scene0405_00/00363.jpg",
      "transform_matrix": [
        [
          0.476347,
          0.452895,
          -0.753644,
          1.917365
        ],
        [
          0.879216,
          -0.253705,
          0.403254,
          1.111782
        ],
        [
          -0.008571,
          -0.854705,
          -0.519044,
          1.433019
        ],
        [
          0.0,
          0.0,
          0.0,
          1.0
        ]
      ]
    },
    {
      "file_path": "/media/NFS/ttao/scannet/posed_images/scene0405_00/00365.jpg",
      "transform_matrix": [
        [
          0.517761,
          0.446102,
          -0.730011,
          1.899185
        ],
        [
          0.855448,
          -0.281415,
          0.434758,
          1.101219
        ],
        [
          -0.01149,
          -0.849587,
          -0.527323,
          1.42853
        ],
        [
          0.0,
          0.0,
          0.0,
          1.0
        ]
      ]
    },
    {
      "file_path": "/media/NFS/ttao/scannet/posed_images/scene0405_00/00377.jpg",
      "transform_matrix": [
        [
          0.723107,
          0.390462,
          -0.569786,
          1.811972
        ],
        [
          0.690139,
          -0.442682,
          0.572486,
          1.06167
        ],
        [
          -0.0287,
          -0.8072,
          -0.58958,
          1.427705
        ],
        [
          0.0,
          0.0,
          0.0,
          1.0
        ]
      ]
    },
    {
      "file_path": "/media/NFS/ttao/scannet/posed_images/scene0405_00/00384.jpg",
      "transform_matrix": [
        [
          0.767351,
          0.365907,
          -0.526579,
          1.799871
        ],
        [
          0.640786,
          -0.468042,
          0.608548,
          1.07428
        ],
        [
          -0.023789,
          -0.804394,
          -0.59362,
          1.429208
        ],
        [
          0.0,
          0.0,
          0.0,
          1.0
        ]
      ]
    },
    {
      "file_path": "/media/NFS/ttao/scannet/posed_images/scene0405_00/00391.jpg",
      "transform_matrix": [
        [
          0.791649,
          0.362254,
          -0.492,
          1.803145
        ],
        [
          0.610549,
          -0.499166,
          0.614869,
          1.089151
        ],
        [
          -0.022851,
          -0.78715,
          -0.616338,
          1.431414
        ],
        [
          0.0,
          0.0,
          0.0,
          1.0
        ]
      ]
    },
    {
      "file_path": "/media/NFS/ttao/scannet/posed_images/scene0405_00/00396.jpg",
      "transform_matrix": [
        [
          0.811852,
          0.347609,
          -0.469111,
          1.811302
        ],
        [
          0.583355,
          -0.516448,
          0.62688,
          1.096665
        ],
        [
          -0.024362,
          -0.782592,
          -0.622059,
          1.427549
        ],
        [
          0.0,
          0.0,
          0.0,
          1.0
        ]
      ]
    },
    {
      "file_path": "/media/NFS/ttao/scannet/posed_images/scene0405_00/00403.jpg",
      "transform_matrix": [
        [
          0.848846,
          0.332735,
          -0.410789,
          1.829288
        ],
        [
          0.528354,
          -0.559577,
          0.638527,
          1.116393
        ],
        [
          -0.017408,
          -0.759053,
          -0.650796,
          1.42013
        ],
        [
          0.0,
          0.0,
          0.0,
          1.0
        ]
      ]
    },
    {
      "file_path": "/media/NFS/ttao/scannet/posed_images/scene0405_00/00413.jpg",
      "transform_matrix": [
        [
          0.909672,
          0.279027,
          -0.307638,
          1.859199
        ],
        [
          0.414919,
          -0.643413,
          0.643321,
          1.172372
        ],
        [
          -0.018434,
          -0.712856,
          -0.701068,
          1.402248
        ],
        [
          0.0,
          0.0,
          0.0,
          1.0
        ]
      ]
    },
    {
      "file_path": "/media/NFS/ttao/scannet/posed_images/scene0405_00/00425.jpg",
      "transform_matrix": [
        [
          0.976084,
          0.173584,
          -0.130878,
          1.844152
        ],
        [
          0.216234,
          -0.713073,
          0.666911,
          1.226013
        ],
        [
          0.022439,
          -0.679261,
          -0.733553,
          1.37746
        ],
        [
          0.0,
          0.0,
          0.0,
          1.0
        ]
      ]
    },
    {
      "file_path": "/media/NFS/ttao/scannet/posed_images/scene0405_00/00429.jpg",
      "transform_matrix": [
        [
          0.993066,
          0.108472,
          -0.045311,
          1.807355
        ],
        [
          0.109447,
          -0.712456,
          0.693129,
          1.231764
        ],
        [
          0.042903,
          -0.693282,
          -0.719388,
          1.371671
        ],
        [
          0.0,
          0.0,
          0.0,
          1.0
        ]
      ]
    },
    {
      "file_path": "/media/NFS/ttao/scannet/posed_images/scene0405_00/00441.jpg",
      "transform_matrix": [
        [
          0.977697,
          -0.078822,
          0.194669,
          1.612712
        ],
        [
          -0.192313,
          -0.708525,
          0.678975,
          1.198137
        ],
        [
          0.08441,
          -0.701269,
          -0.707882,
          1.370025
        ],
        [
          0.0,
          0.0,
          0.0,
          1.0
        ]
      ]
    },
    {
      "file_path": "/media/NFS/ttao/scannet/posed_images/scene0405_00/00444.jpg",
      "transform_matrix": [
        [
          0.968698,
          -0.11484,
          0.220083,
          1.57288
        ],
        [
          -0.235106,
          -0.709004,
          0.664859,
          1.191417
        ],
        [
          0.079687,
          -0.69579,
          -0.713811,
          1.364959
        ],
        [
          0.0,
          0.0,
          0.0,
          1.0
        ]
      ]
    },
    {
      "file_path": "/media/NFS/ttao/scannet/posed_images/scene0405_00/00453.jpg",
      "transform_matrix": [
        [
          0.913936,
          -0.224388,
          0.338188,
          1.447375
        ],
        [
          -0.397513,
          -0.663013,
          0.634348,
          1.248329
        ],
        [
          0.081882,
          -0.714187,
          -0.695149,
          1.318179
        ],
        [
          0.0,
          0.0,
          0.0,
          1.0
        ]
      ]
    },
    {
      "file_path": "/media/NFS/ttao/scannet/posed_images/scene0405_00/00465.jpg",
      "transform_matrix": [
        [
          0.76658,
          -0.425242,
          0.481169,
          1.265266
        ],
        [
          -0.637044,
          -0.597901,
          0.486508,
          1.412258
        ],
        [
          0.080808,
          -0.679473,
          -0.729237,
          1.272861
        ],
        [
          0.0,
          0.0,
          0.0,
          1.0
        ]
      ]
    },
    {
      "file_path": "/media/NFS/ttao/scannet/posed_images/scene0405_00/00467.jpg",
      "transform_matrix": [
        [
          0.729358,
          -0.45511,
          0.510796,
          1.23928
        ],
        [
          -0.678298,
          -0.578359,
          0.453225,
          1.427709
        ],
        [
          0.089157,
          -0.677035,
          -0.730531,
          1.26156
        ],
        [
          0.0,
          0.0,
          0.0,
          1.0
        ]
      ]
    },
    {
      "file_path": "/media/NFS/ttao/scannet/posed_images/scene0405_00/00475.jpg",
      "transform_matrix": [
        [
          0.520977,
          -0.581379,
          0.624965,
          1.12318
        ],
        [
          -0.852262,
          -0.394834,
          0.343156,
          1.528032
        ],
        [
          0.047254,
          -0.71141,
          -0.701186,
          1.202238
        ],
        [
          0.0,
          0.0,
          0.0,
          1.0
        ]
      ]
    },
    {
      "file_path": "/media/NFS/ttao/scannet/posed_images/scene0405_00/00489.jpg",
      "transform_matrix": [
        [
          0.272302,
          -0.664061,
          0.69633,
          0.889759
        ],
        [
          -0.962054,
          -0.174773,
          0.209539,
          1.705874
        ],
        [
          -0.017447,
          -0.726965,
          -0.686453,
          1.126907
        ],
        [
          0.0,
          0.0,
          0.0,
          1.0
        ]
      ]
    },
    {
      "file_path": "/media/NFS/ttao/scannet/posed_images/scene0405_00/00491.jpg",
      "transform_matrix": [
        [
          0.25241,
          -0.65821,
          0.709259,
          0.874332
        ],
        [
          -0.967584,
          -0.165319,
          0.190923,
          1.724475
        ],
        [
          -0.008413,
          -0.734458,
          -0.678602,
          1.1297
        ],
        [
          0.0,
          0.0,
          0.0,
          1.0
        ]
      ]
    },
    {
      "file_path": "/media/NFS/ttao/scannet/posed_images/scene0405_00/00506.jpg",
      "transform_matrix": [
        [
          0.172813,
          -0.617497,
          0.767354,
          0.906575
        ],
        [
          -0.984885,
          -0.117577,
          0.127187,
          1.735366
        ],
        [
          0.011686,
          -0.777736,
          -0.628483,
          1.23665
        ],
        [
          0.0,
          0.0,
          0.0,
          1.0
        ]
      ]
    },
    {
      "file_path": "/media/NFS/ttao/scannet/posed_images/scene0405_00/00513.jpg",
      "transform_matrix": [
        [
          0.143267,
          -0.619721,
          0.771635,
          0.964746
        ],
        [
          -0.989082,
          -0.116852,
          0.089793,
          1.705001
        ],
        [
          0.034521,
          -0.776075,
          -0.629696,
          1.285456
        ],
        [
          0.0,
          0.0,
          0.0,
          1.0
        ]
      ]
    },
    {
      "file_path": "/media/NFS/ttao/scannet/posed_images/scene0405_00/00520.jpg",
      "transform_matrix": [
        [
          0.151562,
          -0.61819,
          0.771279,
          1.06286
        ],
        [
          -0.988414,
          -0.101257,
          0.113071,
          1.691723
        ],
        [
          0.008199,
          -0.77948,
          -0.626374,
          1.350586
        ],
        [
          0.0,
          0.0,
          0.0,
          1.0
        ]
      ]
    },
    {
      "file_path": "/media/NFS/ttao/scannet/posed_images/scene0405_00/00525.jpg",
      "transform_matrix": [
        [
          0.182603,
          -0.575302,
          0.797298,
          1.144917
        ],
        [
          -0.983075,
          -0.094598,
          0.156892,
          1.676028
        ],
        [
          -0.014838,
          -0.812452,
          -0.582839,
          1.382287
        ],
        [
          0.0,
          0.0,
          0.0,
          1.0
        ]
      ]
    },
    {
      "file_path": "/media/NFS/ttao/scannet/posed_images/scene0405_00/00534.jpg",
      "transform_matrix": [
        [
          0.236746,
          -0.632116,
          0.737822,
          1.289995
        ],
        [
          -0.970635,
          -0.12054,
          0.208178,
          1.659542
        ],
        [
          -0.042656,
          -0.765441,
          -0.642091,
          1.405886
        ],
        [
          0.0,
          0.0,
          0.0,
          1.0
        ]
      ]
    },
    {
      "file_path": "/media/NFS/ttao/scannet/posed_images/scene0405_00/00544.jpg",
      "transform_matrix": [
        [
          0.268819,
          -0.676821,
          0.68531,
          1.47923
        ],
        [
          -0.961065,
          -0.141238,
          0.237498,
          1.714819
        ],
        [
          -0.063952,
          -0.722472,
          -0.688436,
          1.417243
        ],
        [
          0.0,
          0.0,
          0.0,
          1.0
        ]
      ]
    },
    {
      "file_path": "/media/NFS/ttao/scannet/posed_images/scene0405_00/00549.jpg",
      "transform_matrix": [
        [
          0.264644,
          -0.665036,
          0.698348,
          1.580631
        ],
        [
          -0.96364,
          -0.154666,
          0.21789,
          1.757759
        ],
        [
          -0.036894,
          -0.73062,
          -0.681787,
          1.411532
        ],
        [
          0.0,
          0.0,
          0.0,
          1.0
        ]
      ]
    },
    {
      "file_path": "/media/NFS/ttao/scannet/posed_images/scene0405_00/00556.jpg",
      "transform_matrix": [
        [
          0.222976,
          -0.698243,
          0.680249,
          1.699684
        ],
        [
          -0.973989,
          -0.130691,
          0.185111,
          1.810303
        ],
        [
          -0.04035,
          -0.70383,
          -0.709222,
          1.420128
        ],
        [
          0.0,
          0.0,
          0.0,
          1.0
        ]
      ]
    },
    {
      "file_path": "/media/NFS/ttao/scannet/posed_images/scene0405_00/00565.jpg",
      "transform_matrix": [
        [
          0.231419,
          -0.738681,
          0.633084,
          1.813987
        ],
        [
          -0.969902,
          -0.124518,
          0.209252,
          1.838019
        ],
        [
          -0.07574,
          -0.662454,
          -0.745264,
          1.412316
        ],
        [
          0.0,
          0.0,
          0.0,
          1.0
        ]
      ]
    },
    {
      "file_path": "/media/NFS/ttao/scannet/posed_images/scene0405_00/00570.jpg",
      "transform_matrix": [
        [
          0.250963,
          -0.767504,
          0.589877,
          1.884946
        ],
        [
          -0.963596,
          -0.14004,
          0.227753,
          1.829196
        ],
        [
          -0.092195,
          -0.625561,
          -0.774709,
          1.413922
        ],
        [
          0.0,
          0.0,
          0.0,
          1.0
        ]
      ]
    },
    {
      "file_path": "/media/NFS/ttao/scannet/posed_images/scene0405_00/00580.jpg",
      "transform_matrix": [
        [
          0.321214,
          -0.776878,
          0.541555,
          2.03531
        ],
        [
          -0.941355,
          -0.199553,
          0.272083,
          1.783415
        ],
        [
          -0.103306,
          -0.597193,
          -0.795417,
          1.416618
        ],
        [
          0.0,
          0.0,
          0.0,
          1.0
        ]
      ]
    },
    {
      "file_path": "/media/NFS/ttao/scannet/posed_images/scene0405_00/00591.jpg",
      "transform_matrix": [
        [
          0.352586,
          -0.691076,
          0.630949,
          2.169642
        ],
        [
          -0.92805,
          -0.171754,
          0.33049,
          1.741735
        ],
        [
          -0.120025,
          -0.702078,
          -0.701911,
          1.441934
        ],
        [
          0.0,
          0.0,
          0.0,
          1.0
        ]
      ]
    },
    {
      "file_path": "/media/NFS/ttao/scannet/posed_images/scene0405_00/00594.jpg",
      "transform_matrix": [
        [
          0.357548,
          -0.692761,
          0.626293,
          2.211823
        ],
        [
          -0.927199,
          -0.183162,
          0.326733,
          1.745978
        ],
        [
          -0.111635,
          -0.69752,
          -0.707816,
          1.434249
        ],
        [
          0.0,
          0.0,
          0.0,
          1.0
        ]
      ]
    },
    {
      "file_path": "/media/NFS/ttao/scannet/posed_images/scene0405_00/00603.jpg",
      "transform_matrix": [
        [
          0.376757,
          -0.670189,
          0.639454,
          2.366093
        ],
        [
          -0.921729,
          -0.20265,
          0.330679,
          1.789505
        ],
        [
          -0.092032,
          -0.713989,
          -0.694083,
          1.424332
        ],
        [
          0.0,
          0.0,
          0.0,
          1.0
        ]
      ]
    },
    {
      "file_path": "/media/NFS/ttao/scannet/posed_images/scene0405_00/00615.jpg",
      "transform_matrix": [
        [
          0.405868,
          -0.705556,
          0.580915,
          2.522388
        ],
        [
          -0.909254,
          -0.2475,
          0.334666,
          1.850888
        ],
        [
          -0.092349,
          -0.664029,
          -0.741982,
