{
  "frames": [
    {
      "file_path": "/media/NFS/ttao/scannet/posed_images/scene0584_00/00000.jpg",
      "transform_matrix": [
        [
          -0.203406,
          0.555227,
          -0.806442,
          9.114212
        ],
        [
          0.978755,
          0.093627,
          -0.182406,
          1.317555
        ],
        [
          -0.025772,
          -0.826412,
          -0.562476,
          1.325226
        ],
        [
          0.0,
          0.0,
          0.0,
          1.0
        ]
      ]
    },
    {
      "file_path": "/media/NFS/ttao/scannet/posed_images/scene0584_00/00010.jpg",
      "transform_matrix": [
        [
          -0.05415,
          0.506574,
          -0.860495,
          9.069264
        ],
        [
          0.99851,
          0.021592,
          -0.050124,
          1.251426
        ],
        [
          -0.006812,
          -0.861926,
          -0.506988,
          1.385232
        ],
        [
          0.0,
          0.0,
          0.0,
          1.0
        ]
      ]
    },
    {
      "file_path": "/media/NFS/ttao/scannet/posed_images/scene0584_00/00012.jpg",
      "transform_matrix": [
        [
          -0.049777,
          0.488453,
          -0.871169,
          9.062527
        ],
        [
          0.99875,
          0.020349,
          -0.045657,
          1.238579
        ],
        [
          -0.004574,
          -0.872353,
          -0.488855,
          1.405788
        ],
        [
          0.0,
          0.0,
          0.0,
          1.0
        ]
      ]
    },
    {
      "file_path": "/media/NFS/ttao/scannet/posed_images/scene0584_00/00021.jpg",
      "transform_matrix": [
        [
          -0.037443,
          0.329768,
          -0.943319,
          9.047229
        ],
        [
          0.998464,
          -0.026237,
          -0.048804,
          1.20432
        ],
        [
          -0.040844,
          -0.943697,
          -0.328279,
          1.505413
        ],
        [
          0.0,
          0.0,
          0.0,
          1.0
        ]
      ]
    },
    {
      "file_path": "/media/NFS/ttao/scannet/posed_images/scene0584_00/00029.jpg",
      "transform_matrix": [
        [
          0.002283,
          0.193811,
          -0.981036,
          9.061685
        ],
        [
          0.999785,
          -0.020656,
          -0.001754,
          1.179117
        ],
        [
          -0.020604,
          -0.980821,
          -0.193816,
          1.586382
        ],
        [
          0.0,
          0.0,
          0.0,
          1.0
        ]
      ]
    },
    {
      "file_path": "/media/NFS/ttao/scannet/posed_images/scene0584_00/00031.jpg",
      "transform_matrix": [
        [
          -0.003775,
          0.163684,
          -0.986506,
          9.061273
        ],
        [
          0.999488,
          -0.030723,
          -0.008922,
          1.177897
        ],
        [
          -0.031769,
          -0.986034,
          -0.163484,
          1.617463
        ],
        [
          0.0,
          0.0,
          0.0,
          1.0
        ]
      ]
    },
    {
      "file_path": "/media/NFS/ttao/scannet/posed_images/scene0584_00/00043.jpg",
      "transform_matrix": [
        [
          0.02898,
          0.03918,
          -0.998812,
          9.094182
        ],
        [
          0.998903,
          -0.037918,
          0.027495,
          1.139148
        ],
        [
          -0.036796,
          -0.998512,
          -0.040236,
          1.673248
        ],
        [
          0.0,
          0.0,
          0.0,
          1.0
        ]
      ]
    },
    {
      "file_path": "/media/NFS/ttao/scannet/posed_images/scene0584_00/00047.jpg",
      "transform_matrix": [
        [
          0.056325,
          0.035194,
          -0.997792,
          9.101768
        ],
        [
          0.998143,
          -0.025202,
          0.055456,
          1.127108
        ],
        [
          -0.023195,
          -0.999062,
          -0.036548,
          1.676335
        ],
        [
          0.0,
          0.0,
          0.0,
          1.0
        ]
      ]
    },
    {
      "file_path": "/media/NFS/ttao/scannet/posed_images/scene0584_00/00050.jpg",
      "transform_matrix": [
        [
          0.072348,
          0.03814,
          -0.99665,
          9.101288
        ],
        [
          0.997198,
          -0.021825,
          0.071552,
          1.117594
        ],
        [
          -0.019023,
          -0.999034,
          -0.039612,
          1.630289
        ],
        [
          0.0,
          0.0,
          0.0,
          1.0
        ]
      ]
    },
    {
      "file_path": "/media/NFS/ttao/scannet/posed_images/scene0584_00/00062.jpg",
      "transform_matrix": [
        [
          0.105854,
          0.241683,
          -0.964564,
          9.024288
        ],
        [
          0.994379,
          -0.027847,
          0.102149,
          1.09497
        ],
        [
          -0.002173,
          -0.969955,
          -0.243273,
          1.536525
        ],
        [
          0.0,
          0.0,
          0.0,
          1.0
        ]
      ]
    },
    {
      "file_path": "/media/NFS/ttao/scannet/posed_images/scene0584_00/00066.jpg",
      "transform_matrix": [
        [
          0.108667,
          0.27568,
          -0.955088,
          9.001017
        ],
        [
          0.993963,
          -0.044742,
          0.100175,
          1.099266
        ],
        [
          -0.015116,
          -0.960208,
          -0.278877,
          1.501872
        ],
        [
          0.0,
          0.0,
          0.0,
          1.0
        ]
      ]
    },
    {
      "file_path": "/media/NFS/ttao/scannet/posed_images/scene0584_00/00074.jpg",
      "transform_matrix": [
        [
          0.121005,
          0.33941,
          -0.932823,
          8.948624
        ],
        [
          0.992153,
          -0.071155,
          0.102811,
          1.101036
        ],
        [
          -0.03148,
          -0.937943,
          -0.345356,
          1.432731
        ],
        [
          0.0,
          0.0,
          0.0,
          1.0
        ]
      ]
    },
    {
      "file_path": "/media/NFS/ttao/scannet/posed_images/scene0584_00/00082.jpg",
      "transform_matrix": [
        [
          0.117089,
          0.404133,
          -0.907175,
          8.874177
        ],
        [
          0.992927,
          -0.065695,
          0.098891,
          1.076761
        ],
        [
          -0.019631,
          -0.912338,
          -0.408967,
          1.401659
        ],
        [
          0.0,
          0.0,
          0.0,
          1.0
        ]
      ]
    },
    {
      "file_path": "/media/NFS/ttao/scannet/posed_images/scene0584_00/00084.jpg",
      "transform_matrix": [
        [
          0.120993,
          0.400344,
          -0.908342,
          8.853269
        ],
        [
          0.992488,
          -0.065495,
          0.103335,
          1.06951
        ],
        [
          -0.018123,
          -0.914021,
          -0.405261,
          1.40732
        ],
        [
          0.0,
          0.0,
          0.0,
          1.0
        ]
      ]
    },
    {
      "file_path": "/media/NFS/ttao/scannet/posed_images/scene0584_00/00089.jpg",
      "transform_matrix": [
        [
          0.178268,
          0.369815,
          -0.911843,
          8.784198
        ],
        [
          0.983976,
          -0.070185,
          0.163906,
          1.034363
        ],
        [
          -0.003383,
          -0.926451,
          -0.3764,
          1.425507
        ],
        [
          0.0,
          0.0,
          0.0,
          1.0
        ]
      ]
    },
    {
      "file_path": "/media/NFS/ttao/scannet/posed_images/scene0584_00/00101.jpg",
      "transform_matrix": [
        [
          0.347574,
          0.29356,
          -0.890514,
          8.61145
        ],
        [
          0.936651,
          -0.152583,
          0.315283,
          0.937172
        ],
        [
          -0.043323,
          -0.943685,
          -0.327997,
          1.491334
        ],
        [
          0.0,
          0.0,
          0.0,
          1.0
        ]
      ]
    },
    {
      "file_path": "/media/NFS/ttao/scannet/posed_images/scene0584_00/00107.jpg",
      "transform_matrix": [
        [
          0.382453,
          0.273751,
          -0.882491,
          8.519571
        ],
        [
          0.923344,
          -0.14852,
          0.354087,
          0.921129
        ],
        [
          -0.034137,
          -0.950264,
          -0.309568,
          1.505539
        ],
        [
          0.0,
          0.0,
          0.0,
          1.0
        ]
      ]
    },
    {
      "file_path": "/media/NFS/ttao/scannet/posed_images/scene0584_00/00109.jpg",
      "transform_matrix": [
        [
          0.380691,
          0.264321,
          -0.88612,
          8.492013
        ],
        [
          0.924046,
          -0.144832,
          0.353783,
          0.919997
        ],
        [
          -0.034827,
          -0.953498,
          -0.299381,
          1.502171
        ],
        [
          0.0,
          0.0,
          0.0,
          1.0
        ]
      ]
    },
    {
      "file_path": "/media/NFS/ttao/scannet/posed_images/scene0584_00/00120.jpg",
      "transform_matrix": [
        [
          0.339952,
          0.262752,
          -0.902992,
          8.341235
        ],
        [
          0.936428,
          -0.183207,
          0.29923,
          0.930617
        ],
        [
          -0.086812,
          -0.94731,
          -0.30833,
          1.495509
        ],
        [
          0.0,
          0.0,
          0.0,
          1.0
        ]
      ]
    },
    {
      "file_path": "/media/NFS/ttao/scannet/posed_images/scene0584_00/00124.jpg",
      "transform_matrix": [
        [
          0.367723,
          0.252896,
          -0.894888,
          8.300996
        ],
        [
          0.927795,
          -0.165023,
          0.334609,
          0.939262
        ],
        [
          -0.063056,
          -0.953316,
          -0.295318,
          1.488815
        ],
        [
          0.0,
          0.0,
          0.0,
          1.0
        ]
      ]
    },
    {
      "file_path": "/media/NFS/ttao/scannet/posed_images/scene0584_00/00128.jpg",
      "transform_matrix": [
        [
          0.414343,
          0.239202,
          -0.878124,
          8.255054
        ],
        [
          0.909142,
          -0.153504,
          0.387165,
          0.939802
        ],
        [
          -0.042185,
          -0.958759,
          -0.281071,
          1.482409
        ],
        [
          0.0,
          0.0,
          0.0,
          1.0
        ]
      ]
    },
    {
      "file_path": "/media/NFS/ttao/scannet/posed_images/scene0584_00/00138.jpg",
      "transform_matrix": [
        [
          0.518162,
          0.250852,
          -0.817668,
          8.117297
        ],
        [
          0.853734,
          -0.2092,
          0.476837,
          0.903739
        ],
        [
          -0.051441,
          -0.94515,
          -0.322561,
          1.47131
        ],
        [
          0.0,
          0.0,
          0.0,
          1.0
        ]
      ]
    },
    {
      "file_path": "/media/NFS/ttao/scannet/posed_images/scene0584_00/00144.jpg",
      "transform_matrix": [
        [
          0.577727,
          0.271757,
          -0.769662,
          8.068089
        ],
        [
          0.815832,
          -0.221674,
          0.534114,
          0.887592
        ],
        [
          -0.025466,
          -0.936487,
          -0.349775,
          1.471175
        ],
        [
          0.0,
          0.0,
          0.0,
          1.0
        ]
      ]
    },
    {
      "file_path": "/media/NFS/ttao/scannet/posed_images/scene0584_00/00150.jpg",
      "transform_matrix": [
        [
          0.562263,
          0.284543,
          -0.776463,
          8.062452
        ],
        [
          0.826769,
          -0.213507,
          0.520449,
          0.869649
        ],
        [
          -0.01769,
          -0.934585,
          -0.355299,
          1.4701
        ],
        [
          0.0,
          0.0,
          0.0,
          1.0
        ]
      ]
    },
    {
      "file_path": "/media/NFS/ttao/scannet/posed_images/scene0584_00/00157.jpg",
      "transform_matrix": [
        [
          0.547126,
          0.281585,
          -0.788266,
          8.071148
        ],
        [
          0.836915,
          -0.200972,
          0.509101,
          0.862067
        ],
        [
          -0.015064,
          -0.938254,
          -0.34562,
          1.460549
        ],
        [
          0.0,
          0.0,
          0.0,
          1.0
        ]
      ]
    },
    {
      "file_path": "/media/NFS/ttao/scannet/posed_images/scene0584_00/00163.jpg",
      "transform_matrix": [
        [
          0.580677,
          0.276781,
          -0.765641,
          8.050352
        ],
        [
          0.814083,
          -0.207984,
          0.542229,
          0.879323
        ],
        [
          -0.009163,
          -0.938155,
          -0.346094,
          1.460733
        ],
        [
          0.0,
          0.0,
          0.0,
          1.0
        ]
      ]
    },
    {
      "file_path": "/media/NFS/ttao/scannet/posed_images/scene0584_00/00167.jpg",
      "transform_matrix": [
        [
          0.62588,
          0.266477,
          -0.732983,
          8.013382
        ],
        [
          0.779903,
          -0.219905,
          0.585997,
          0.895774
        ],
        [
          -0.005032,
          -0.93842,
          -0.34546,
          1.455706
        ],
        [
          0.0,
          0.0,
          0.0,
          1.0
        ]
      ]
    },
    {
      "file_path": "/media/NFS/ttao/scannet/posed_images/scene0584_00/00177.jpg",
      "transform_matrix": [
        [
          0.726559,
          0.208987,
          -0.654551,
          7.882071
        ],
        [
          0.686233,
          -0.26868,
          0.675941,
          0.920312
        ],
        [
          -0.034602,
          -0.940285,
          -0.338625,
          1.454034
        ],
        [
          0.0,
          0.0,
          0.0,
          1.0
        ]
      ]
    },
    {
      "file_path": "/media/NFS/ttao/scannet/posed_images/scene0584_00/00184.jpg",
      "transform_matrix": [
        [
          0.705099,
          0.205478,
          -0.678686,
          7.835488
        ],
        [
          0.707521,
          -0.267866,
          0.653958,
          0.903279
        ],
        [
          -0.047423,
          -0.94129,
          -0.334252,
          1.461089
        ],
        [
          0.0,
          0.0,
          0.0,
          1.0
        ]
      ]
    },
    {
      "file_path": "/media/NFS/ttao/scannet/posed_images/scene0584_00/00186.jpg",
      "transform_matrix": [
        [
          0.706709,
          0.207216,
          -0.67648,
          7.836366
        ],
        [
          0.705896,
          -0.270954,
          0.654442,
          0.902172
        ],
        [
          -0.047684,
          -0.940024,
          -0.337758,
          1.462394
        ],
        [
          0.0,
          0.0,
          0.0,
          1.0
        ]
      ]
    },
    {
      "file_path": "/media/NFS/ttao/scannet/posed_images/scene0584_00/00192.jpg",
      "transform_matrix": [
        [
          0.735836,
          0.208919,
          -0.644126,
          7.828262
        ],
        [
          0.675301,
          -0.296843,
          0.675169,
          0.903324
        ],
        [
          -0.050149,
          -0.931792,
          -0.359511,
          1.464378
        ],
        [
          0.0,
          0.0,
          0.0,
          1.0
        ]
      ]
    },
    {
      "file_path": "/media/NFS/ttao/scannet/posed_images/scene0584_00/00200.jpg",
      "transform_matrix": [
        [
          0.784023,
          0.212919,
          -0.583073,
          7.825703
        ],
        [
          0.619296,
          -0.332168,
          0.711433,
          0.960353
        ],
        [
          -0.042201,
          -0.918874,
          -0.392288,
          1.446663
        ],
        [
          0.0,
          0.0,
          0.0,
          1.0
        ]
      ]
    },
    {
      "file_path": "/media/NFS/ttao/scannet/posed_images/scene0584_00/00210.jpg",
      "transform_matrix": [
        [
          0.819564,
          0.186684,
          -0.541724,
          7.700757
        ],
        [
          0.572591,
          -0.302011,
          0.762187,
          1.072943
        ],
        [
          -0.021319,
          -0.934847,
          -0.35441,
          1.44505
        ],
        [
          0.0,
          0.0,
          0.0,
          1.0
        ]
      ]
    },
    {
      "file_path": "/media/NFS/ttao/scannet/posed_images/scene0584_00/00212.jpg",
      "transform_matrix": [
        [
          0.831882,
          0.17511,
          -0.5266,
          7.666915
        ],
        [
          0.553575,
          -0.328659,
          0.765205,
          1.098761
        ],
        [
          -0.039077,
          -0.928073,
          -0.370343,
          1.445711
        ],
        [
          0.0,
          0.0,
          0.0,
          1.0
        ]
      ]
    },
    {
      "file_path": "/media/NFS/ttao/scannet/posed_images/scene0584_00/00223.jpg",
      "transform_matrix": [
        [
          0.886875,
          0.165605,
          -0.431309,
          7.536029
        ],
        [
          0.461682,
          -0.352814,
          0.813863,
          1.171626
        ],
        [
          -0.017392,
          -0.920922,
          -0.389359,
          1.476327
        ],
        [
          0.0,
          0.0,
          0.0,
          1.0
        ]
      ]
    },
    {
      "file_path": "/media/NFS/ttao/scannet/posed_images/scene0584_00/00225.jpg",
      "transform_matrix": [
        [
          0.892842,
          0.164968,
          -0.41907,
          7.522569
        ],
        [
          0.450152,
          -0.355905,
          0.81896,
          1.172881
        ],
        [
          -0.014048,
          -0.919846,
          -0.392027,
          1.483706
        ],
        [
          0.0,
          0.0,
          0.0,
          1.0
        ]
      ]
    },
    {
      "file_path": "/media/NFS/ttao/scannet/posed_images/scene0584_00/00235.jpg",
      "transform_matrix": [
        [
          0.93994,
          0.134263,
          -0.313825,
          7.458921
        ],
        [
          0.34108,
          -0.405312,
          0.848167,
          1.150939
        ],
        [
          -0.01332,
          -0.904265,
          -0.426763,
          1.488316
        ],
        [
          0.0,
          0.0,
          0.0,
          1.0
        ]
      ]
    },
    {
      "file_path": "/media/NFS/ttao/scannet/posed_images/scene0584_00/00243.jpg",
      "transform_matrix": [
        [
          0.988863,
          0.060986,
          -0.13576,
          7.420425
        ],
        [
          0.148727,
          -0.438676,
          0.886252,
          1.170566
        ],
        [
          -0.005506,
          -0.896573,
          -0.442861,
          1.478018
        ],
        [
          0.0,
          0.0,
          0.0,
          1.0
        ]
      ]
    },
    {
      "file_path": "/media/NFS/ttao/scannet/posed_images/scene0584_00/00245.jpg",
      "transform_matrix": [
        [
          0.995968,
          0.036262,
          -0.082061,
          7.409882
        ],
        [
          0.089596,
          -0.449323,
          0.888865,
          1.18942
        ],
        [
          -0.00464,
          -0.892633,
          -0.45076,
          1.480011
        ],
        [
          0.0,
          0.0,
          0.0,
          1.0
        ]
      ]
    },
    {
      "file_path": "/media/NFS/ttao/scannet/posed_images/scene0584_00/00256.jpg",
      "transform_matrix": [
        [
          0.964635,
          -0.14115,
          0.22261,
          7.287375
        ],
        [
          -0.261791,
          -0.414588,
          0.87154,
          1.290732
        ],
        [
          -0.030727,
          -0.898996,
          -0.436878,
          1.483478
        ],
        [
          0.0,
          0.0,
          0.0,
          1.0
        ]
      ]
    },
    {
      "file_path": "/media/NFS/ttao/scannet/posed_images/scene0584_00/00262.jpg",
      "transform_matrix": [
        [
          0.913214,
          -0.228321,
          0.337505,
          7.244433
        ],
        [
          -0.405197,
          -0.421283,
          0.811379,
          1.307437
        ],
        [
          -0.04307,
          -0.877719,
          -0.477237,
          1.501192
        ],
        [
          0.0,
          0.0,
          0.0,
          1.0
        ]
      ]
    },
    {
      "file_path": "/media/NFS/ttao/scannet/posed_images/scene0584_00/00268.jpg",
      "transform_matrix": [
        [
          0.859314,
          -0.252135,
          0.444981,
          7.212655
        ],
        [
          -0.510944,
          -0.384566,
          0.768795,
          1.28189
        ],
        [
          -0.022716,
          -0.887996,
          -0.459289,
          1.509453
        ],
        [
          0.0,
          0.0,
          0.0,
          1.0
        ]
      ]
    },
    {
      "file_path": "/media/NFS/ttao/scannet/posed_images/scene0584_00/00276.jpg",
      "transform_matrix": [
        [
          0.782845,
          -0.310708,
          0.539086,
          7.191861
        ],
        [
          -0.620047,
          -0.31727,
          0.717552,
          1.23283
        ],
        [
          -0.051914,
          -0.895991,
          -0.441027,
          1.534211
        ],
        [
          0.0,
          0.0,
          0.0,
          1.0
        ]
      ]
    },
    {
      "file_path": "/media/NFS/ttao/scannet/posed_images/scene0584_00/00282.jpg",
      "transform_matrix": [
        [
          0.706147,
          -0.341235,
          0.620416,
          7.193718
        ],
        [
          -0.703469,
          -0.238424,
          0.669541,
          1.212549
        ],
        [
          -0.080549,
          -0.909237,
          -0.408411,
          1.54817
        ],
        [
          0.0,
          0.0,
          0.0,
          1.0
        ]
      ]
    },
    {
      "file_path": "/media/NFS/ttao/scannet/posed_images/scene0584_00/00284.jpg",
      "transform_matrix": [
        [
          0.695272,
          -0.348411,
          0.628655,
          7.198586
        ],
        [
          -0.713864,
          -0.232962,
          0.660399,
          1.204655
        ],
        [
          -0.083637,
          -0.907931,
          -0.41069,
          1.54459
        ],
        [
          0.0,
          0.0,
          0.0,
          1.0
        ]
      ]
    },
    {
      "file_path": "/media/NFS/ttao/scannet/posed_images/scene0584_00/00289.jpg",
      "transform_matrix": [
        [
          0.598247,
          -0.369771,
          0.710894,
          7.227007
        ],
        [
          -0.798321,
          -0.198456,
          0.568593,
          1.223124
        ],
        [
          -0.069168,
          -0.907681,
          -0.413921,
          1.551515
        ],
        [
          0.0,
          0.0,
          0.0,
          1.0
        ]
      ]
    },
    {
      "file_path": "/media/NFS/ttao/scannet/posed_images/scene0584_00/00301.jpg",
      "transform_matrix": [
        [
          0.380148,
          -0.432636,
          0.817505,
          7.306474
        ],
        [
          -0.924123,
          -0.140839,
          0.355192,
          1.241346
        ],
        [
          -0.038532,
          -0.8905,
          -0.453349,
          1.517262
        ],
        [
          0.0,
          0.0,
          0.0,
          1.0
        ]
      ]
    },
    {
      "file_path": "/media/NFS/ttao/scannet/posed_images/scene0584_00/00303.jpg",
      "transform_matrix": [
        [
          0.350516,
          -0.437092,
          0.828304,
          7.312222
        ],
        [
          -0.93609,
          -0.135608,
          0.324569,
          1.243422
        ],
        [
          -0.029542,
          -0.889135,
          -0.456691,
          1.504988
        ],
        [
          0.0,
          0.0,
          0.0,
          1.0
        ]
      ]
    },
    {
      "file_path": "/media/NFS/ttao/scannet/posed_images/scene0584_00/00311.jpg",
      "transform_matrix": [
        [
          0.302114,
          -0.48006,
          0.823571,
          7.303057
        ],
        [
          -0.953001,
          -0.131504,
          0.272939,
          1.233521
        ],
        [
          -0.022725,
          -0.867323,
          -0.497227,
          1.476514
        ],
        [
          0.0,
          0.0,
          0.0,
          1.0
        ]
      ]
    },
    {
      "file_path": "/media/NFS/ttao/scannet/posed_images/scene0584_00/00320.jpg",
      "transform_matrix": [
        [
          0.26355,
          -0.523037,
          0.810539,
          7.279602
        ],
        [
          -0.964334,
          -0.16421,
          0.207593,
          1.210195
        ],
        [
          0.02452,
          -0.836341,
          -0.54766,
          1.454679
        ],
        [
          0.0,
          0.0,
          0.0,
          1.0
        ]
      ]
    },
    {
      "file_path": "/media/NFS/ttao/scannet/posed_images/scene0584_00/00326.jpg",
      "transform_matrix": [
        [
          0.22575,
          -0.527257,
          0.819168,
          7.222911
        ],
        [
          -0.972519,
          -0.171134,
          0.157861,
          1.214967
        ],
        [
          0.056955,
          -0.832294,
          -0.551401,
          1.445642
        ],
        [
          0.0,
          0.0,
          0.0,
          1.0
        ]
      ]
    },
    {
      "file_path": "/media/NFS/ttao/scannet/posed_images/scene0584_00/00330.jpg",
      "transform_matrix": [
        [
          0.229267,
          -0.525867,
          0.819085,
          7.165565
        ],
        [
          -0.970222,
          -0.191017,
          0.148935,
          1.233918
        ],
        [
          0.07814,
          -0.82884,
          -0.554001,
          1.441843
        ],
        [
          0.0,
          0.0,
          0.0,
          1.0
        ]
      ]
    },
    {
      "file_path": "/media/NFS/ttao/scannet/posed_images/scene0584_00/00338.jpg",
      "transform_matrix": [
        [
          0.251427,
          -0.535691,
          0.806114,
          7.012009
        ],
        [
          -0.96388,
          -0.214187,
          0.1583,
          1.278207
        ],
        [
          0.087859,
          -0.816798,
          -0.570195,
          1.413881
        ],
        [
          0.0,
          0.0,
          0.0,
          1.0
        ]
      ]
    },
    {
      "file_path": "/media/NFS/ttao/scannet/posed_images/scene0584_00/00342.jpg",
      "transform_matrix": [
        [
          0.263821,
          -0.556321,
          0.787976,
          6.964205
        ],
        [
          -0.962747,
          -0.20209,
          0.179659,
          1.28215
        ],
        [
          0.059294,
          -0.806019,
          -0.588912,
          1.422334
        ],
        [
          0.0,
          0.0,
          0.0,
          1.0
        ]
      ]
    },
    {
      "file_path": "/media/NFS/ttao/scannet/posed_images/scene0584_00/00353.jpg",
      "transform_matrix": [
        [
          0.072214,
          -0.509343,
          0.857528,
          6.939502
        ],
        [
          -0.994312,
          -0.104249,
          0.021813,
          1.247705
        ],
        [
          0.078286,
          -0.854226,
          -0.513974,
          1.456839
        ],
        [
          0.0,
          0.0,
          0.0,
          1.0
        ]
      ]
    },
    {
      "file_path": "/media/NFS/ttao/scannet/posed_images/scene0584_00/00357.jpg",
      "transform_matrix": [
        [
          0.06761,
          -0.505861,
          0.859962,
          6.946014
        ],
        [
          -0.989164,
          -0.146568,
          -0.008449,
          1.25047
        ],
        [
          0.130317,
          -0.850072,
          -0.510289,
          1.465876
        ],
        [
          0.0,
          0.0,
          0.0,
          1.0
        ]
      ]
    },
    {
      "file_path": "/media/NFS/ttao/scannet/posed_images/scene0584_00/00361.jpg",
      "transform_matrix": [
        [
          0.066567,
          -0.498307,
          0.864442,
          6.953012
        ],
        [
          -0.995271,
          -0.094579,
          0.022122,
          1.239943
        ],
        [
          0.070735,
          -0.861827,
          -0.502246,
          1.472803
        ],
        [
          0.0,
          0.0,
          0.0,
          1.0
        ]
      ]
    },
    {
      "file_path": "/media/NFS/ttao/scannet/posed_images/scene0584_00/00367.jpg",
      "transform_matrix": [
        [
          0.026802,
          -0.525417,
          0.850423,
          6.955591
        ],
        [
          -0.997416,
          -0.070776,
          -0.012292,
          1.229546
        ],
        [
          0.066648,
          -0.847896,
          -0.525957,
          1.466132
        ],
        [
          0.0,
          0.0,
          0.0,
          1.0
        ]
      ]
    },
    {
      "file_path": "/media/NFS/ttao/scannet/posed_images/scene0584_00/00377.jpg",
      "transform_matrix": [
        [
          0.070046,
          -0.508165,
          0.858406,
          6.959482
        ],
        [
          -0.995855,
          -0.085673,
          0.030545,
          1.227915
        ],
        [
          0.058021,
          -0.856988,
          -0.51206,
          1.477162
        ],
        [
          0.0,
          0.0,
          0.0,
          1.0
        ]
      ]
    },
    {
      "file_path": "/media/NFS/ttao/scannet/posed_images/scene0584_00/00383.jpg",
      "transform_matrix": [
        [
          0.028254,
          -0.526162,
          0.849915,
          6.982422
        ],
        [
          -0.99916,
          0.010384,
          0.039644,
          1.213176
        ],
        [
          -0.029685,
          -0.850321,
          -0.525427,
          1.490211
        ],
        [
          0.0,
          0.0,
          0.0,
          1.0
        ]
      ]
    },
    {
      "file_path": "/media/NFS/ttao/scannet/posed_images/scene0584_00/00392.jpg",
      "transform_matrix": [
        [
          -0.003362,
          -0.537013,
          0.843567,
          7.016998
        ],
        [
          -0.999937,
          0.010803,
          0.002893,
          1.207766
        ],
        [
          -0.010667,
          -0.843505,
          -0.537016,
          1.478562
        ],
        [
          0.0,
          0.0,
          0.0,
          1.0
        ]
      ]
    },
    {
      "file_path": "/media/NFS/ttao/scannet/posed_images/scene0584_00/00394.jpg",
      "transform_matrix": [
        [
          0.000286,
          -0.53483,
          0.84496,
          7.016237
        ],
        [
          -0.999958,
          0.007548,
          0.005116,
          1.210723
        ],
        [
          -0.009114,
          -0.844926,
          -0.534805,
          1.474493
        ],
        [
          0.0,
          0.0,
          0.0,
          1.0
        ]
      ]
    },
    {
      "file_path": "/media/NFS/ttao/scannet/posed_images/scene0584_00/00404.jpg",
      "transform_matrix": [
        [
          0.006991,
          -0.499377,
          0.866357,
          7.015446
        ],
        [
          -0.999819,
          -0.018796,
          -0.002767,
          1.224967
        ],
        [
          0.017666,
          -0.866181,
          -0.499418,
          1.466225
        ],
        [
          0.0,
          0.0,
          0.0,
          1.0
        ]
      ]
    },
    {
      "file_path": "/media/NFS/ttao/scannet/posed_images/scene0584_00/00406.jpg",
      "transform_matrix": [
        [
          0.012344,
          -0.511362,
          0.859277,
          7.01931
        ],
        [
          -0.999774,
          -0.021165,
          0.001766,
          1.224931
        ],
        [
          0.017284,
          -0.859104,
          -0.511509,
          1.466075
        ],
        [
          0.0,
          0.0,
          0.0,
          1.0
        ]
      ]
    },
    {
      "file_path": "/media/NFS/ttao/scannet/posed_images/scene0584_00/00418.jpg",
      "transform_matrix": [
        [
          0.017828,
          -0.55358,
          0.832605,
          7.004698
        ],
        [
          -0.999754,
          -0.020863,
          0.007536,
          1.235491
        ],
        [
          0.013199,
          -0.832535,
          -0.553815,
          1.46922
        ],
        [
          0.0,
          0.0,
          0.0,
          1.0
        ]
      ]
    },
    {
      "file_path": "/media/NFS/ttao/scannet/posed_images/scene0584_00/00423.jpg",
      "transform_matrix": [
        [
          -0.001041,
          -0.54293,
          0.839778,
          6.962469
        ],
        [
          -0.999997,
          -0.001205,
          -0.002018,
          1.247867
        ],
        [
          0.002108,
          -0.839777,
          -0.542927,
          1.474182
        ],
        [
          0.0,
          0.0,
          0.0,
          1.0
        ]
      ]
    },
    {
      "file_path": "/media/NFS/ttao/scannet/posed_images/scene0584_00/00427.jpg",
      "transform_matrix": [
        [
          -0.023698,
          -0.545438,
          0.837816,
          6.9177
        ],
        [
          -0.999665,
          0.021682,
          -0.014161,
          1.257037
        ],
        [
          -0.010441,
          -0.837871,
          -0.545769,
          1.477619
        ],
        [
          0.0,
          0.0,
          0.0,
          1.0
        ]
      ]
    },
    {
      "file_path": "/media/NFS/ttao/scannet/posed_images/scene0584_00/00433.jpg",
      "transform_matrix": [
        [
          -0.03484,
          -0.549928,
          0.834485,
          6.845126
        ],
        [
          -0.999113,
          0.038936,
          -0.016054,
          1.268456
        ],
        [
          -0.023663,
          -0.834304,
          -0.550797,
          1.482535
        ],
        [
          0.0,
          0.0,
          0.0,
          1.0
        ]
      ]
    },
    {
      "file_path": "/media/NFS/ttao/scannet/posed_images/scene0584_00/00439.jpg",
      "transform_matrix": [
        [
          0.010076,
          -0.555856,
          0.831218,
          6.767783
        ],
        [
          -0.999609,
          0.016074,
          0.022867,
          1.279912
        ],
        [
          -0.026072,
          -0.831123,
          -0.555477,
          1.463934
        ],
        [
          0.0,
          0.0,
          0.0,
          1.0
        ]
      ]
    },
    {
      "file_path": "/media/NFS/ttao/scannet/posed_images/scene0584_00/00451.jpg",
      "transform_matrix": [
        [
          -0.028121,
          -0.596485,
          0.802131,
          6.621469
        ],
        [
          -0.999544,
          0.025603,
          -0.016002,
          1.290866
        ],
        [
          -0.010992,
          -0.802215,
          -0.596933,
          1.463987
        ],
        [
          0.0,
          0.0,
          0.0,
          1.0
        ]
      ]
    },
    {
      "file_path": "/media/NFS/ttao/scannet/posed_images/scene0584_00/00456.jpg",
      "transform_matrix": [
        [
          -0.101386,
          -0.55063,
          0.828569,
          6.546696
        ],
        [
          -0.994574,
          0.075612,
          -0.07145,
          1.290569
        ],
        [
          -0.023307,
          -0.831317,
          -0.555309,
          1.491769
        ],
        [
          0.0,
          0.0,
          0.0,
          1.0
        ]
      ]
    },
    {
      "file_path": "/media/NFS/ttao/scannet/posed_images/scene0584_00/00462.jpg",
      "transform_matrix": [
        [
          -0.179448,
          -0.49457,
          0.850411,
          6.426438
        ],
        [
          -0.982622,
          0.131807,
          -0.130692,
          1.300824
        ],
        [
          -0.047453,
          -0.859085,
          -0.509628,
          1.503011
        ],
        [
          0.0,
          0.0,
          0.0,
          1.0
        ]
      ]
    },
    {
      "file_path": "/media/NFS/ttao/scannet/posed_images/scene0584_00/00466.jpg",
      "transform_matrix": [
        [
          -0.168992,
          -0.496817,
          0.851243,
          6.339338
        ],
        [
          -0.984337,
          0.12908,
          -0.120078,
          1.319351
        ],
        [
          -0.050222,
          -0.858202,
          -0.510849,
          1.507191
        ],
        [
          0.0,
          0.0,
          0.0,
          1.0
        ]
      ]
    },
    {
      "file_path": "/media/NFS/ttao/scannet/posed_images/scene0584_00/00474.jpg",
      "transform_matrix": [
        [
          -0.076794,
          -0.509537,
          0.857015,
          6.172742
        ],
        [
          -0.996057,
          0.077503,
          -0.043174,
          1.363442
        ],
        [
          -0.044422,
          -0.856951,
          -0.513479,
          1.509667
        ],
        [
          0.0,
          0.0,
          0.0,
          1.0
        ]
      ]
    },
    {
      "file_path": "/media/NFS/ttao/scannet/posed_images/scene0584_00/00482.jpg",
      "transform_matrix": [
        [
          0.01053,
          -0.536018,
          0.844141,
          6.027553
        ],
        [
          -0.998668,
          0.037016,
          0.035963,
          1.366876
        ],
        [
          -0.050524,
          -0.843395,
          -0.534914,
          1.504732
        ],
        [
          0.0,
          0.0,
          0.0,
          1.0
        ]
      ]
    },
    {
      "file_path": "/media/NFS/ttao/scannet/posed_images/scene0584_00/00487.jpg",
      "transform_matrix": [
        [
          0.037965,
          -0.567408,
          0.822561,
          5.964168
        ],
        [
          -0.997299,
          0.030277,
          0.066916,
          1.348545
        ],
        [
          -0.062873,
          -0.82288,
          -0.564726,
          1.508148
        ],
        [
          0.0,
          0.0,
          0.0,
          1.0
        ]
      ]
    },
    {
      "file_path": "/media/NFS/ttao/scannet/posed_images/scene0584_00/00495.jpg",
      "transform_matrix": [
        [
          0.043704,
          -0.564257,
          0.824441,
          5.895723
        ],
        [
          -0.995248,
          0.047285,
          0.085122,
          1.357879
        ],
        [
          -0.087015,
          -0.824244,
          -0.559509,
          1.514219
        ],
        [
          0.0,
          0.0,
          0.0,
          1.0
        ]
      ]
    },
    {
      "file_path": "/media/NFS/ttao/scannet/posed_images/scene0584_00/00497.jpg",
      "transform_matrix": [
        [
          0.029307,
          -0.555601,
          0.830932,
          5.889885
        ],
        [
          -0.996295,
          0.051004,
          0.069244,
          1.358201
        ],
        [
          -0.080853,
          -0.829883,
