{
  "frames": [
    {
      "file_path": "/media/NFS/ttao/scannet/posed_images/scene0001_00/00000.jpg",
      "transform_matrix": [
        [
          -0.824719,
          -0.175736,
          0.537546,
          4.397487
        ],
        [
          -0.564369,
          0.316962,
          -0.762249,
          4.054199
        ],
        [
          -0.036427,
          -0.932015,
          -0.360584,
          1.411764
        ],
        [
          0.0,
          0.0,
          0.0,
          1.0
        ]
      ]
    },
    {
      "file_path": "/media/NFS/ttao/scannet/posed_images/scene0001_00/00005.jpg",
      "transform_matrix": [
        [
          -0.817998,
          -0.199511,
          0.539513,
          4.394214
        ],
        [
          -0.573964,
          0.345082,
          -0.74262,
          4.016693
        ],
        [
          -0.038015,
          -0.917123,
          -0.396788,
          1.398587
        ],
        [
          0.0,
          0.0,
          0.0,
          1.0
        ]
      ]
    },
    {
      "file_path": "/media/NFS/ttao/scannet/posed_images/scene0001_00/00009.jpg",
      "transform_matrix": [
        [
          -0.814573,
          -0.211319,
          0.540199,
          4.415594
        ],
        [
          -0.579135,
          0.348873,
          -0.736811,
          3.989866
        ],
        [
          -0.032758,
          -0.913034,
          -0.406565,
          1.391957
        ],
        [
          0.0,
          0.0,
          0.0,
          1.0
        ]
      ]
    },
    {
      "file_path": "/media/NFS/ttao/scannet/posed_images/scene0001_00/00019.jpg",
      "transform_matrix": [
        [
          -0.833428,
          -0.203704,
          0.513715,
          4.537957
        ],
        [
          -0.552625,
          0.310331,
          -0.773498,
          3.918333
        ],
        [
          -0.001857,
          -0.928547,
          -0.371211,
          1.388456
        ],
        [
          0.0,
          0.0,
          0.0,
          1.0
        ]
      ]
    },
    {
      "file_path": "/media/NFS/ttao/scannet/posed_images/scene0001_00/00020.jpg",
      "transform_matrix": [
        [
          -0.828729,
          -0.20716,
          0.519898,
          4.535391
        ],
        [
          -0.559649,
          0.304418,
          -0.770794,
          3.909086
        ],
        [
          0.001411,
          -0.929739,
          -0.368217,
          1.384167
        ],
        [
          0.0,
          0.0,
          0.0,
          1.0
        ]
      ]
    },
    {
      "file_path": "/media/NFS/ttao/scannet/posed_images/scene0001_00/00025.jpg",
      "transform_matrix": [
        [
          -0.820429,
          -0.203464,
          0.53432,
          4.571885
        ],
        [
          -0.57149,
          0.319925,
          -0.755677,
          3.862212
        ],
        [
          -0.01719,
          -0.925338,
          -0.378753,
          1.374273
        ],
        [
          0.0,
          0.0,
          0.0,
          1.0
        ]
      ]
    },
    {
      "file_path": "/media/NFS/ttao/scannet/posed_images/scene0001_00/00032.jpg",
      "transform_matrix": [
        [
          -0.795458,
          -0.232569,
          0.559605,
          4.616692
        ],
        [
          -0.605537,
          0.341461,
          -0.71884,
          3.792782
        ],
        [
          -0.023903,
          -0.910668,
          -0.412447,
          1.375515
        ],
        [
          0.0,
          0.0,
          0.0,
          1.0
        ]
      ]
    },
    {
      "file_path": "/media/NFS/ttao/scannet/posed_images/scene0001_00/00039.jpg",
      "transform_matrix": [
        [
          -0.690072,
          -0.27775,
          0.668323,
          4.634251
        ],
        [
          -0.723351,
          0.294958,
          -0.62431,
          3.717903
        ],
        [
          -0.023725,
          -0.914251,
          -0.404453,
          1.381369
        ],
        [
          0.0,
          0.0,
          0.0,
          1.0
        ]
      ]
    },
    {
      "file_path": "/media/NFS/ttao/scannet/posed_images/scene0001_00/00042.jpg",
      "transform_matrix": [
        [
          -0.621582,
          -0.305722,
          0.721228,
          4.654085
        ],
        [
          -0.783328,
          0.24929,
          -0.569431,
          3.692352
        ],
        [
          -0.005707,
          -0.918906,
          -0.394435,
          1.3765
        ],
        [
          0.0,
          0.0,
          0.0,
          1.0
        ]
      ]
    },
    {
      "file_path": "/media/NFS/ttao/scannet/posed_images/scene0001_00/00045.jpg",
      "transform_matrix": [
        [
          -0.551608,
          -0.335823,
          0.763512,
          4.666594
        ],
        [
          -0.834097,
          0.218541,
          -0.50648,
          3.677333
        ],
        [
          0.003229,
          -0.916222,
          -0.400658,
          1.373011
        ],
        [
          0.0,
          0.0,
          0.0,
          1.0
        ]
      ]
    },
    {
      "file_path": "/media/NFS/ttao/scannet/posed_images/scene0001_00/00054.jpg",
      "transform_matrix": [
        [
          -0.386672,
          -0.385972,
          0.837562,
          4.709281
        ],
        [
          -0.922217,
          0.161854,
          -0.351168,
          3.660385
        ],
        [
          -2.2e-05,
          -0.908201,
          -0.418534,
          1.376312
        ],
        [
          0.0,
          0.0,
          0.0,
          1.0
        ]
      ]
    },
    {
      "file_path": "/media/NFS/ttao/scannet/posed_images/scene0001_00/00057.jpg",
      "transform_matrix": [
        [
          -0.353536,
          -0.386606,
          0.851791,
          4.738493
        ],
        [
          -0.935306,
          0.160337,
          -0.315427,
          3.65042
        ],
        [
          -0.014628,
          -0.9082,
          -0.41828,
          1.38624
        ],
        [
          0.0,
          0.0,
          0.0,
          1.0
        ]
      ]
    },
    {
      "file_path": "/media/NFS/ttao/scannet/posed_images/scene0001_00/00062.jpg",
      "transform_matrix": [
        [
          -0.332211,
          -0.360598,
          0.871553,
          4.754744
        ],
        [
          -0.943204,
          0.128427,
          -0.306386,
          3.670972
        ],
        [
          -0.001449,
          -0.923837,
          -0.382783,
          1.378245
        ],
        [
          0.0,
          0.0,
          0.0,
          1.0
        ]
      ]
    },
    {
      "file_path": "/media/NFS/ttao/scannet/posed_images/scene0001_00/00066.jpg",
      "transform_matrix": [
        [
          -0.275851,
          -0.384356,
          0.881009,
          4.780368
        ],
        [
          -0.961092,
          0.124087,
          -0.246791,
          3.671046
        ],
        [
          -0.014466,
          -0.914808,
          -0.403631,
          1.382242
        ],
        [
          0.0,
          0.0,
          0.0,
          1.0
        ]
      ]
    },
    {
      "file_path": "/media/NFS/ttao/scannet/posed_images/scene0001_00/00073.jpg",
      "transform_matrix": [
        [
          -0.117091,
          -0.357643,
          0.926488,
          4.802791
        ],
        [
          -0.992709,
          0.069037,
          -0.098811,
          3.65627
        ],
        [
          -0.028623,
          -0.931303,
          -0.363119,
          1.385578
        ],
        [
          0.0,
          0.0,
          0.0,
          1.0
        ]
      ]
    },
    {
      "file_path": "/media/NFS/ttao/scannet/posed_images/scene0001_00/00080.jpg",
      "transform_matrix": [
        [
          0.005244,
          -0.359114,
          0.933279,
          4.82263
        ],
        [
          -0.999966,
          -0.007838,
          0.002602,
          3.631244
        ],
        [
          0.006381,
          -0.933261,
          -0.359143,
          1.416734
        ],
        [
          0.0,
          0.0,
          0.0,
          1.0
        ]
      ]
    },
    {
      "file_path": "/media/NFS/ttao/scannet/posed_images/scene0001_00/00085.jpg",
      "transform_matrix": [
        [
          0.033741,
          -0.366313,
          0.92988,
          4.835292
        ],
        [
          -0.999415,
          -0.017607,
          0.029328,
          3.594845
        ],
        [
          0.005629,
          -0.930325,
          -0.366692,
          1.416125
        ],
        [
          0.0,
          0.0,
          0.0,
          1.0
        ]
      ]
    },
    {
      "file_path": "/media/NFS/ttao/scannet/posed_images/scene0001_00/00086.jpg",
      "transform_matrix": [
        [
          0.035822,
          -0.365382,
          0.930168,
          4.83625
        ],
        [
          -0.999342,
          -0.018363,
          0.031273,
          3.590662
        ],
        [
          0.005654,
          -0.930677,
          -0.365799,
          1.414812
        ],
        [
          0.0,
          0.0,
          0.0,
          1.0
        ]
      ]
    },
    {
      "file_path": "/media/NFS/ttao/scannet/posed_images/scene0001_00/00096.jpg",
      "transform_matrix": [
        [
          0.1249,
          -0.377958,
          0.917359,
          4.839923
        ],
        [
          -0.991161,
          -0.089201,
          0.098196,
          3.557194
        ],
        [
          0.044715,
          -0.921516,
          -0.385758,
          1.413806
        ],
        [
          0.0,
          0.0,
          0.0,
          1.0
        ]
      ]
    },
    {
      "file_path": "/media/NFS/ttao/scannet/posed_images/scene0001_00/00100.jpg",
      "transform_matrix": [
        [
          0.153506,
          -0.36979,
          0.916346,
          4.828705
        ],
        [
          -0.987619,
          -0.08775,
          0.130034,
          3.538827
        ],
        [
          0.032324,
          -0.924962,
          -0.378682,
          1.409883
        ],
        [
          0.0,
          0.0,
          0.0,
          1.0
        ]
      ]
    },
    {
      "file_path": "/media/NFS/ttao/scannet/posed_images/scene0001_00/00102.jpg",
      "transform_matrix": [
        [
          0.165667,
          -0.369156,
          0.914483,
          4.828418
        ],
        [
          -0.985595,
          -0.093953,
          0.140624,
          3.534448
        ],
        [
          0.034006,
          -0.924607,
          -0.379403,
          1.409557
        ],
        [
          0.0,
          0.0,
          0.0,
          1.0
        ]
      ]
    },
    {
      "file_path": "/media/NFS/ttao/scannet/posed_images/scene0001_00/00108.jpg",
      "transform_matrix": [
        [
          0.217202,
          -0.369298,
          0.903572,
          4.812464
        ],
        [
          -0.975281,
          -0.12062,
          0.185141,
          3.527977
        ],
        [
          0.040616,
          -0.92145,
          -0.386368,
          1.402992
        ],
        [
          0.0,
          0.0,
          0.0,
          1.0
        ]
      ]
    },
    {
      "file_path": "/media/NFS/ttao/scannet/posed_images/scene0001_00/00113.jpg",
      "transform_matrix": [
        [
          0.258725,
          -0.381841,
          0.887276,
          4.801266
        ],
        [
          -0.965467,
          -0.131294,
          0.225022,
          3.520184
        ],
        [
          0.030571,
          -0.914855,
          -0.402624,
          1.397505
        ],
        [
          0.0,
          0.0,
          0.0,
          1.0
        ]
      ]
    },
    {
      "file_path": "/media/NFS/ttao/scannet/posed_images/scene0001_00/00119.jpg",
      "transform_matrix": [
        [
          0.298412,
          -0.403949,
          0.86474,
          4.790389
        ],
        [
          -0.953968,
          -0.154632,
          0.256969,
          3.501383
        ],
        [
          0.029914,
          -0.901617,
          -0.431499,
          1.382834
        ],
        [
          0.0,
          0.0,
          0.0,
          1.0
        ]
      ]
    },
    {
      "file_path": "/media/NFS/ttao/scannet/posed_images/scene0001_00/00125.jpg",
      "transform_matrix": [
        [
          0.322261,
          -0.41987,
          0.848444,
          4.774633
        ],
        [
          -0.946097,
          -0.173514,
          0.273485,
          3.500323
        ],
        [
          0.032388,
          -0.890844,
          -0.453154,
          1.376714
        ],
        [
          0.0,
          0.0,
          0.0,
          1.0
        ]
      ]
    },
    {
      "file_path": "/media/NFS/ttao/scannet/posed_images/scene0001_00/00128.jpg",
      "transform_matrix": [
        [
          0.331019,
          -0.408565,
          0.850589,
          4.760232
        ],
        [
          -0.943115,
          -0.172844,
          0.284004,
          3.506555
        ],
        [
          0.030986,
          -0.896214,
          -0.442538,
          1.379756
        ],
        [
          0.0,
          0.0,
          0.0,
          1.0
        ]
      ]
    },
    {
      "file_path": "/media/NFS/ttao/scannet/posed_images/scene0001_00/00136.jpg",
      "transform_matrix": [
        [
          0.376788,
          -0.352144,
          0.856753,
          4.68783
        ],
        [
          -0.925833,
          -0.172509,
          0.336263,
          3.519782
        ],
        [
          0.029385,
          -0.91991,
          -0.391026,
          1.38766
        ],
        [
          0.0,
          0.0,
          0.0,
          1.0
        ]
      ]
    },
    {
      "file_path": "/media/NFS/ttao/scannet/posed_images/scene0001_00/00139.jpg",
      "transform_matrix": [
        [
          0.39119,
          -0.355991,
          0.84867,
          4.65996
        ],
        [
          -0.919834,
          -0.180906,
          0.348108,
          3.525224
        ],
        [
          0.029606,
          -0.916812,
          -0.398221,
          1.391233
        ],
        [
          0.0,
          0.0,
          0.0,
          1.0
        ]
      ]
    },
    {
      "file_path": "/media/NFS/ttao/scannet/posed_images/scene0001_00/00147.jpg",
      "transform_matrix": [
        [
          0.435112,
          -0.369912,
          0.820879,
          4.592936
        ],
        [
          -0.89973,
          -0.213182,
          0.380841,
          3.534866
        ],
        [
          0.034119,
          -0.904278,
          -0.425578,
          1.37597
        ],
        [
          0.0,
          0.0,
          0.0,
          1.0
        ]
      ]
    },
    {
      "file_path": "/media/NFS/ttao/scannet/posed_images/scene0001_00/00148.jpg",
      "transform_matrix": [
        [
          0.43504,
          -0.369665,
          0.821028,
          4.586274
        ],
        [
          -0.89968,
          -0.215201,
          0.379822,
          3.53365
        ],
        [
          0.036279,
          -0.9039,
          -0.426202,
          1.373616
        ],
        [
          0.0,
          0.0,
          0.0,
          1.0
        ]
      ]
    },
    {
      "file_path": "/media/NFS/ttao/scannet/posed_images/scene0001_00/00153.jpg",
      "transform_matrix": [
        [
          0.459378,
          -0.365761,
          0.809438,
          4.551414
        ],
        [
          -0.88634,
          -0.248346,
          0.390802,
          3.536805
        ],
        [
          0.058081,
          -0.896963,
          -0.438273,
          1.355407
        ],
        [
          0.0,
          0.0,
          0.0,
          1.0
        ]
      ]
    },
    {
      "file_path": "/media/NFS/ttao/scannet/posed_images/scene0001_00/00159.jpg",
      "transform_matrix": [
        [
          0.529467,
          -0.384964,
          0.755955,
          4.548735
        ],
        [
          -0.847917,
          -0.267973,
          0.457414,
          3.51035
        ],
        [
          0.026487,
          -0.883173,
          -0.4683,
          1.350983
        ],
        [
          0.0,
          0.0,
          0.0,
          1.0
        ]
      ]
    },
    {
      "file_path": "/media/NFS/ttao/scannet/posed_images/scene0001_00/00167.jpg",
      "transform_matrix": [
        [
          0.630938,
          -0.376052,
          0.678603,
          4.578835
        ],
        [
          -0.775121,
          -0.343015,
          0.530592,
          3.451082
        ],
        [
          0.033241,
          -0.86077,
          -0.507907,
          1.330836
        ],
        [
          0.0,
          0.0,
          0.0,
          1.0
        ]
      ]
    },
    {
      "file_path": "/media/NFS/ttao/scannet/posed_images/scene0001_00/00168.jpg",
      "transform_matrix": [
        [
          0.637008,
          -0.377233,
          0.672247,
          4.584467
        ],
        [
          -0.770001,
          -0.352491,
          0.531836,
          3.446231
        ],
        [
          0.036335,
          -0.856414,
          -0.515009,
          1.328635
        ],
        [
          0.0,
          0.0,
          0.0,
          1.0
        ]
      ]
    },
    {
      "file_path": "/media/NFS/ttao/scannet/posed_images/scene0001_00/00174.jpg",
      "transform_matrix": [
        [
          0.699348,
          -0.36412,
          0.615084,
          4.609272
        ],
        [
          -0.714437,
          -0.3828,
          0.5857,
          3.406816
        ],
        [
          0.022189,
          -0.849047,
          -0.527852,
          1.319667
        ],
        [
          0.0,
          0.0,
          0.0,
          1.0
        ]
      ]
    },
    {
      "file_path": "/media/NFS/ttao/scannet/posed_images/scene0001_00/00182.jpg",
      "transform_matrix": [
        [
          0.797519,
          -0.340024,
          0.498344,
          4.609859
        ],
        [
          -0.603223,
          -0.462085,
          0.650076,
          3.375663
        ],
        [
          0.009236,
          -0.819061,
          -0.573633,
          1.310939
        ],
        [
          0.0,
          0.0,
          0.0,
          1.0
        ]
      ]
    },
    {
      "file_path": "/media/NFS/ttao/scannet/posed_images/scene0001_00/00184.jpg",
      "transform_matrix": [
        [
          0.813531,
          -0.333707,
          0.476242,
          4.603184
        ],
        [
          -0.581521,
          -0.467819,
          0.665566,
          3.379233
        ],
        [
          0.000691,
          -0.818404,
          -0.574643,
          1.311025
        ],
        [
          0.0,
          0.0,
          0.0,
          1.0
        ]
      ]
    },
    {
      "file_path": "/media/NFS/ttao/scannet/posed_images/scene0001_00/00193.jpg",
      "transform_matrix": [
        [
          0.899407,
          -0.262159,
          0.34977,
          4.584634
        ],
        [
          -0.436506,
          -0.496547,
          0.750269,
          3.37967
        ],
        [
          -0.023012,
          -0.827474,
          -0.561032,
          1.320692
        ],
        [
          0.0,
          0.0,
          0.0,
          1.0
        ]
      ]
    },
    {
      "file_path": "/media/NFS/ttao/scannet/posed_images/scene0001_00/00198.jpg",
      "transform_matrix": [
        [
          0.941262,
          -0.202886,
          0.269932,
          4.607275
        ],
        [
          -0.336702,
          -0.503169,
          0.795898,
          3.371267
        ],
        [
          -0.025656,
          -0.840035,
          -0.541925,
          1.327256
        ],
        [
          0.0,
          0.0,
          0.0,
          1.0
        ]
      ]
    },
    {
      "file_path": "/media/NFS/ttao/scannet/posed_images/scene0001_00/00204.jpg",
      "transform_matrix": [
        [
          0.971597,
          -0.143916,
          0.187847,
          4.622576
        ],
        [
          -0.235339,
          -0.504521,
          0.830707,
          3.383994
        ],
        [
          -0.024779,
          -0.851321,
          -0.52406,
          1.343765
        ],
        [
          0.0,
          0.0,
          0.0,
          1.0
        ]
      ]
    },
    {
      "file_path": "/media/NFS/ttao/scannet/posed_images/scene0001_00/00205.jpg",
      "transform_matrix": [
        [
          0.974959,
          -0.134024,
          0.177462,
          4.622838
        ],
        [
          -0.221274,
          -0.504967,
          0.834294,
          3.38907
        ],
        [
          -0.022202,
          -0.85267,
          -0.521978,
          1.347158
        ],
        [
          0.0,
          0.0,
          0.0,
          1.0
        ]
      ]
    },
    {
      "file_path": "/media/NFS/ttao/scannet/posed_images/scene0001_00/00210.jpg",
      "transform_matrix": [
        [
          0.988348,
          -0.092359,
          0.120985,
          4.618971
        ],
        [
          -0.150838,
          -0.48787,
          0.859785,
          3.419494
        ],
        [
          -0.020384,
          -0.868017,
          -0.496116,
          1.38275
        ],
        [
          0.0,
          0.0,
          0.0,
          1.0
        ]
      ]
    },
    {
      "file_path": "/media/NFS/ttao/scannet/posed_images/scene0001_00/00219.jpg",
      "transform_matrix": [
        [
          0.99592,
          -0.064402,
          0.063207,
          4.548078
        ],
        [
          -0.083253,
          -0.385584,
          0.918909,
          3.496596
        ],
        [
          -0.034807,
          -0.920422,
          -0.389373,
          1.437898
        ],
        [
          0.0,
          0.0,
          0.0,
          1.0
        ]
      ]
    },
    {
      "file_path": "/media/NFS/ttao/scannet/posed_images/scene0001_00/00221.jpg",
      "transform_matrix": [
        [
          0.996617,
          -0.062384,
          0.053507,
          4.521914
        ],
        [
          -0.073085,
          -0.374883,
          0.924187,
          3.513683
        ],
        [
          -0.037596,
          -0.924971,
          -0.378174,
          1.442559
        ],
        [
          0.0,
          0.0,
          0.0,
          1.0
        ]
      ]
    },
    {
      "file_path": "/media/NFS/ttao/scannet/posed_images/scene0001_00/00229.jpg",
      "transform_matrix": [
        [
          0.998031,
          -0.061216,
          -0.013638,
          4.440861
        ],
        [
          -0.004874,
          -0.292494,
          0.956255,
          3.580143
        ],
        [
          -0.062527,
          -0.954306,
          -0.292216,
          1.512989
        ],
        [
          0.0,
          0.0,
          0.0,
          1.0
        ]
      ]
    },
    {
      "file_path": "/media/NFS/ttao/scannet/posed_images/scene0001_00/00235.jpg",
      "transform_matrix": [
        [
          0.998331,
          -0.054055,
          -0.020327,
          4.417173
        ],
        [
          0.00655,
          -0.243721,
          0.969823,
          3.628544
        ],
        [
          -0.057378,
          -0.968338,
          -0.24296,
          1.554252
        ],
        [
          0.0,
          0.0,
          0.0,
          1.0
        ]
      ]
    },
    {
      "file_path": "/media/NFS/ttao/scannet/posed_images/scene0001_00/00236.jpg",
      "transform_matrix": [
        [
          0.998345,
          -0.053558,
          -0.020947,
          4.405179
        ],
        [
          0.007636,
          -0.237548,
          0.971346,
          3.63568
        ],
        [
          -0.056999,
          -0.969898,
          -0.236745,
          1.558581
        ],
        [
          0.0,
          0.0,
          0.0,
          1.0
        ]
      ]
    },
    {
      "file_path": "/media/NFS/ttao/scannet/posed_images/scene0001_00/00244.jpg",
      "transform_matrix": [
        [
          0.992771,
          -0.072564,
          -0.095603,
          4.371208
        ],
        [
          0.082788,
          -0.162702,
          0.983196,
          3.710241
        ],
        [
          -0.086899,
          -0.984003,
          -0.155519,
          1.589187
        ],
        [
          0.0,
          0.0,
          0.0,
          1.0
        ]
      ]
    },
    {
      "file_path": "/media/NFS/ttao/scannet/posed_images/scene0001_00/00245.jpg",
      "transform_matrix": [
        [
          0.99163,
          -0.071011,
          -0.107831,
          4.373052
        ],
        [
          0.09486,
          -0.165859,
          0.981576,
          3.722188
        ],
        [
          -0.087588,
          -0.983589,
          -0.157735,
          1.593574
        ],
        [
          0.0,
          0.0,
          0.0,
          1.0
        ]
      ]
    },
    {
      "file_path": "/media/NFS/ttao/scannet/posed_images/scene0001_00/00255.jpg",
      "transform_matrix": [
        [
          0.97065,
          -0.053356,
          -0.234503,
          4.366493
        ],
        [
          0.225726,
          -0.134338,
          0.964884,
          3.844166
        ],
        [
          -0.082985,
          -0.989498,
          -0.118351,
          1.617846
        ],
        [
          0.0,
          0.0,
          0.0,
          1.0
        ]
      ]
    },
    {
      "file_path": "/media/NFS/ttao/scannet/posed_images/scene0001_00/00259.jpg",
      "transform_matrix": [
        [
          0.964659,
          -0.025235,
          -0.262291,
          4.348831
        ],
        [
          0.256899,
          -0.131373,
          0.957468,
          3.884477
        ],
        [
          -0.05862,
          -0.991012,
          -0.120247,
          1.617546
        ],
        [
          0.0,
          0.0,
          0.0,
          1.0
        ]
      ]
    },
    {
      "file_path": "/media/NFS/ttao/scannet/posed_images/scene0001_00/00261.jpg",
      "transform_matrix": [
        [
          0.961956,
          -0.03278,
          -0.27123,
          4.348115
        ],
        [
          0.264356,
          -0.138925,
          0.954367,
          3.91397
        ],
        [
          -0.068965,
          -0.98976,
          -0.124974,
          1.620346
        ],
        [
          0.0,
          0.0,
          0.0,
          1.0
        ]
      ]
    },
    {
      "file_path": "/media/NFS/ttao/scannet/posed_images/scene0001_00/00267.jpg",
      "transform_matrix": [
        [
          0.965038,
          -0.037043,
          -0.25948,
          4.275735
        ],
        [
          0.253926,
          -0.113335,
          0.960561,
          3.953119
        ],
        [
          -0.064991,
          -0.992866,
          -0.099967,
          1.631331
        ],
        [
          0.0,
          0.0,
          0.0,
          1.0
        ]
      ]
    },
    {
      "file_path": "/media/NFS/ttao/scannet/posed_images/scene0001_00/00273.jpg",
      "transform_matrix": [
        [
          0.972368,
          -0.034924,
          -0.230826,
          4.235103
        ],
        [
          0.225388,
          -0.117192,
          0.967195,
          4.003016
        ],
        [
          -0.060829,
          -0.992495,
          -0.106082,
          1.612686
        ],
        [
          0.0,
          0.0,
          0.0,
          1.0
        ]
      ]
    },
    {
      "file_path": "/media/NFS/ttao/scannet/posed_images/scene0001_00/00281.jpg",
      "transform_matrix": [
        [
          0.971582,
          -0.041963,
          -0.232953,
          4.156282
        ],
        [
          0.226583,
          -0.119805,
          0.966595,
          4.056661
        ],
        [
          -0.06847,
          -0.99191,
          -0.106893,
          1.604653
        ],
        [
          0.0,
          0.0,
          0.0,
          1.0
        ]
      ]
    },
    {
      "file_path": "/media/NFS/ttao/scannet/posed_images/scene0001_00/00286.jpg",
      "transform_matrix": [
        [
          0.970783,
          -0.036413,
          -0.237178,
          4.122106
        ],
        [
          0.230924,
          -0.126871,
          0.964665,
          4.077753
        ],
        [
          -0.065217,
          -0.991251,
          -0.114756,
          1.58847
        ],
        [
          0.0,
          0.0,
          0.0,
          1.0
        ]
      ]
    },
    {
      "file_path": "/media/NFS/ttao/scannet/posed_images/scene0001_00/00287.jpg",
      "transform_matrix": [
        [
          0.970156,
          -0.032647,
          -0.240273,
          4.120825
        ],
        [
          0.234563,
          -0.124801,
          0.964057,
          4.081685
        ],
        [
          -0.06146,
          -0.991645,
          -0.113418,
          1.587246
        ],
        [
          0.0,
          0.0,
          0.0,
          1.0
        ]
      ]
    },
    {
      "file_path": "/media/NFS/ttao/scannet/posed_images/scene0001_00/00292.jpg",
      "transform_matrix": [
        [
          0.960132,
          -0.053141,
          -0.27445,
          4.113071
        ],
        [
          0.268221,
          -0.101503,
          0.957995,
          4.108515
        ],
        [
          -0.078766,
          -0.993415,
          -0.083203,
          1.569786
        ],
        [
          0.0,
          0.0,
          0.0,
          1.0
        ]
      ]
    },
    {
      "file_path": "/media/NFS/ttao/scannet/posed_images/scene0001_00/00300.jpg",
      "transform_matrix": [
        [
          0.917965,
          -0.012759,
          -0.396454,
          4.15347
        ],
        [
          0.385343,
          -0.208352,
          0.898944,
          4.215642
        ],
        [
          -0.094072,
          -0.977971,
          -0.186343,
          1.522098
        ],
        [
          0.0,
          0.0,
          0.0,
          1.0
        ]
      ]
    },
    {
      "file_path": "/media/NFS/ttao/scannet/posed_images/scene0001_00/00306.jpg",
      "transform_matrix": [
        [
          0.882756,
          0.020006,
          -0.469404,
          4.175239
        ],
        [
          0.461722,
          -0.221752,
          0.858859,
          4.299322
        ],
        [
          -0.086909,
          -0.974898,
          -0.20499,
          1.518526
        ],
        [
          0.0,
          0.0,
          0.0,
          1.0
        ]
      ]
    },
    {
      "file_path": "/media/NFS/ttao/scannet/posed_images/scene0001_00/00307.jpg",
      "transform_matrix": [
        [
          0.877741,
          0.024883,
          -0.478487,
          4.176711
        ],
        [
          0.471406,
          -0.223483,
          0.85313,
          4.313789
        ],
        [
          -0.085705,
          -0.97439,
          -0.20789,
          1.515945
        ],
        [
          0.0,
          0.0,
          0.0,
          1.0
        ]
      ]
    },
    {
      "file_path": "/media/NFS/ttao/scannet/posed_images/scene0001_00/00317.jpg",
      "transform_matrix": [
        [
          0.830386,
          0.094671,
          -0.549088,
          4.191022
        ],
        [
          0.549259,
          -0.304756,
          0.778099,
          4.436044
        ],
        [
          -0.093674,
          -0.947714,
          -0.305064,
          1.482404
        ],
        [
          0.0,
          0.0,
          0.0,
          1.0
        ]
      ]
    },
    {
      "file_path": "/media/NFS/ttao/scannet/posed_images/scene0001_00/00321.jpg",
      "transform_matrix": [
        [
          0.808927,
          0.115364,
          -0.576479,
          4.174933
        ],
        [
          0.578654,
          -0.329545,
          0.74603,
          4.482361
        ],
        [
          -0.103911,
          -0.937065,
          -0.333334,
          1.474884
        ],
        [
          0.0,
          0.0,
          0.0,
          1.0
        ]
      ]
    },
    {
      "file_path": "/media/NFS/ttao/scannet/posed_images/scene0001_00/00327.jpg",
      "transform_matrix": [
        [
          0.800673,
          0.190756,
          -0.567921,
          4.140152
        ],
        [
          0.596914,
          -0.334924,
          0.729054,
          4.559483
        ],
        [
          -0.051139,
          -0.922734,
          -0.38203,
          1.459918
        ],
        [
          0.0,
          0.0,
          0.0,
          1.0
        ]
      ]
    },
    {
      "file_path": "/media/NFS/ttao/scannet/posed_images/scene0001_00/00330.jpg",
      "transform_matrix": [
        [
          0.789319,
          0.218713,
          -0.573706,
          4.125185
        ],
        [
          0.612286,
          -0.349811,
          0.70904,
          4.596454
        ],
        [
          -0.045612,
          -0.910932,
          -0.410028,
          1.457644
        ],
        [
          0.0,
          0.0,
          0.0,
          1.0
        ]
      ]
    },
    {
      "file_path": "/media/NFS/ttao/scannet/posed_images/scene0001_00/00334.jpg",
      "transform_matrix": [
        [
          0.787567,
          0.240011,
          -0.567566,
          4.106303
        ],
        [
          0.615336,
          -0.355847,
          0.703373,
          4.646607
        ],
        [
          -0.03315,
          -0.903198,
          -0.427941,
          1.46094
        ],
        [
          0.0,
          0.0,
          0.0,
          1.0
        ]
      ]
    },
    {
      "file_path": "/media/NFS/ttao/scannet/posed_images/scene0001_00/00340.jpg",
      "transform_matrix": [
        [
          0.772048,
          0.282836,
          -0.569162,
          4.100192
        ],
        [
          0.635538,
          -0.351804,
          0.68726,
          4.709275
        ],
        [
          -0.005851,
          -0.892322,
          -0.451362,
          1.463592
        ],
        [
          0.0,
          0.0,
          0.0,
          1.0
        ]
      ]
    },
    {
      "file_path": "/media/NFS/ttao/scannet/posed_images/scene0001_00/00347.jpg",
      "transform_matrix": [
        [
          0.665044,
          0.250466,
          -0.70355,
          4.140716
        ],
        [
          0.74534,
          -0.281564,
          0.60431,
          4.77322
        ],
        [
          -0.046735,
          -0.926277,
          -0.373935,
          1.461144
        ],
        [
          0.0,
          0.0,
          0.0,
          1.0
        ]
      ]
    },
    {
      "file_path": "/media/NFS/ttao/scannet/posed_images/scene0001_00/00352.jpg",
      "transform_matrix": [
        [
          0.612473,
          0.312301,
          -0.726185,
          4.178596
        ],
        [
          0.790087,
          -0.271216,
          0.549731,
          4.820699
        ],
        [
          -0.025272,
          -0.910445,
          -0.412857,
          1.456027
        ],
        [
          0.0,
          0.0,
          0.0,
          1.0
        ]
      ]
    },
    {
      "file_path": "/media/NFS/ttao/scannet/posed_images/scene0001_00/00358.jpg",
      "transform_matrix": [
        [
          0.543684,
          0.371378,
          -0.752652,
          4.216588
        ],
        [
          0.839192,
          -0.254227,
          0.480755,
          4.864878
        ],
        [
          -0.012803,
          -0.892999,
          -0.449877,
          1.438175
        ],
        [
          0.0,
          0.0,
          0.0,
          1.0
        ]
      ]
    },
    {
      "file_path": "/media/NFS/ttao/scannet/posed_images/scene0001_00/00363.jpg",
      "transform_matrix": [
        [
          0.478296,
          0.381673,
          -0.790923,
          4.226768
        ],
        [
          0.87802,
          -0.225991,
          0.421911,
          4.891651
        ],
        [
          -0.017709,
          -0.896245,
          -0.443207,
          1.441677
        ],
        [
          0.0,
          0.0,
          0.0,
          1.0
        ]
      ]
    },
    {
      "file_path": "/media/NFS/ttao/scannet/posed_images/scene0001_00/00364.jpg",
      "transform_matrix": [
        [
          0.467187,
          0.386941,
          -0.794992,
          4.22588
        ],
        [
          0.884021,
          -0.220269,
          0.412297,
          4.898214
        ],
        [
          -0.015577,
          -0.89541,
          -0.444971,
          1.44233
        ],
        [
          0.0,
          0.0,
          0.0,
          1.0
        ]
      ]
    },
    {
      "file_path": "/media/NFS/ttao/scannet/posed_images/scene0001_00/00369.jpg",
      "transform_matrix": [
        [
          0.416292,
          0.397757,
          -0.817613,
          4.203087
        ],
        [
          0.909155,
          -0.193725,
          0.368656,
          4.922394
        ],
        [
          -0.011756,
          -0.896806,
          -0.442269,
          1.448873
        ],
        [
          0.0,
          0.0,
          0.0,
          1.0
        ]
      ]
    },
    {
      "file_path": "/media/NFS/ttao/scannet/posed_images/scene0001_00/00375.jpg",
      "transform_matrix": [
        [
          0.353503,
          0.395168,
          -0.847867,
          4.158326
        ],
        [
          0.935429,
          -0.146558,
          0.321704,
          4.960288
        ],
        [
          0.002866,
          -0.906842,
          -0.42146,
          1.453324
        ],
        [
          0.0,
          0.0,
          0.0,
          1.0
        ]
      ]
    },
    {
      "file_path": "/media/NFS/ttao/scannet/posed_images/scene0001_00/00380.jpg",
      "transform_matrix": [
        [
          0.304964,
          0.379895,
          -0.873314,
          4.119322
        ],
        [
          0.952106,
          -0.100297,
          0.28885,
          4.980631
        ],
        [
          0.022142,
          -0.919576,
          -0.392287,
          1.456577
        ],
        [
          0.0,
          0.0,
          0.0,
          1.0
        ]
      ]
    },
    {
      "file_path": "/media/NFS/ttao/scannet/posed_images/scene0001_00/00389.jpg",
      "transform_matrix": [
        [
          0.167291,
          0.366025,
          -0.915444,
          4.068626
        ],
        [
          0.985649,
          -0.040835,
          0.163794,
          5.021732
        ],
        [
          0.022571,
          -0.929709,
          -0.367604,
          1.471832
        ],
        [
          0.0,
          0.0,
          0.0,
          1.0
        ]
      ]
    },
    {
      "file_path": "/media/NFS/ttao/scannet/posed_images/scene0001_00/00392.jpg",
      "transform_matrix": [
        [
          0.156613,
          0.377422,
          -0.912702,
          4.060965
        ],
        [
          0.986951,
          -0.024795,
          0.159101,
          5.033669
        ],
        [
          0.037418,
          -0.925709,
          -0.37638,
          1.464148
        ],
        [
          0.0,
          0.0,
          0.0,
          1.0
        ]
      ]
    },
    {
      "file_path": "/media/NFS/ttao/scannet/posed_images/scene0001_00/00395.jpg",
      "transform_matrix": [
        [
          0.123067,
          0.379752,
          -0.916866,
          4.055094
        ],
        [
          0.991026,
          0.001537,
          0.133658,
          5.040169
        ],
        [
          0.052166,
          -0.925087,
