{
  "frames": [
    {
      "file_path": "/media/NFS/ttao/scannet/posed_images/scene0219_00/00001.jpg",
      "transform_matrix": [
        [
          0.847338,
          -0.386368,
          0.364332,
          2.126629
        ],
        [
          -0.529585,
          -0.563776,
          0.633795,
          1.104591
        ],
        [
          -0.039476,
          -0.729983,
          -0.682324,
          1.375002
        ],
        [
          0.0,
          0.0,
          0.0,
          1.0
        ]
      ]
    },
    {
      "file_path": "/media/NFS/ttao/scannet/posed_images/scene0219_00/00003.jpg",
      "transform_matrix": [
        [
          0.847552,
          -0.386837,
          0.363337,
          2.128142
        ],
        [
          -0.529444,
          -0.568977,
          0.629249,
          1.106992
        ],
        [
          -0.036687,
          -0.725687,
          -0.687046,
          1.375178
        ],
        [
          0.0,
          0.0,
          0.0,
          1.0
        ]
      ]
    },
    {
      "file_path": "/media/NFS/ttao/scannet/posed_images/scene0219_00/00007.jpg",
      "transform_matrix": [
        [
          0.848736,
          -0.384511,
          0.363041,
          2.129754
        ],
        [
          -0.527515,
          -0.567475,
          0.632218,
          1.110084
        ],
        [
          -0.037078,
          -0.728096,
          -0.684472,
          1.378343
        ],
        [
          0.0,
          0.0,
          0.0,
          1.0
        ]
      ]
    },
    {
      "file_path": "/media/NFS/ttao/scannet/posed_images/scene0219_00/00012.jpg",
      "transform_matrix": [
        [
          0.849954,
          -0.383521,
          0.361235,
          2.13498
        ],
        [
          -0.525461,
          -0.567188,
          0.634184,
          1.117897
        ],
        [
          -0.038334,
          -0.728841,
          -0.683609,
          1.389307
        ],
        [
          0.0,
          0.0,
          0.0,
          1.0
        ]
      ]
    },
    {
      "file_path": "/media/NFS/ttao/scannet/posed_images/scene0219_00/00016.jpg",
      "transform_matrix": [
        [
          0.849933,
          -0.384672,
          0.360059,
          2.131615
        ],
        [
          -0.525455,
          -0.568394,
          0.633108,
          1.121424
        ],
        [
          -0.038883,
          -0.727294,
          -0.685224,
          1.389303
        ],
        [
          0.0,
          0.0,
          0.0,
          1.0
        ]
      ]
    },
    {
      "file_path": "/media/NFS/ttao/scannet/posed_images/scene0219_00/00018.jpg",
      "transform_matrix": [
        [
          0.849764,
          -0.384453,
          0.36069,
          2.130208
        ],
        [
          -0.525652,
          -0.566175,
          0.63493,
          1.123233
        ],
        [
          -0.039887,
          -0.729138,
          -0.683204,
          1.38904
        ],
        [
          0.0,
          0.0,
          0.0,
          1.0
        ]
      ]
    },
    {
      "file_path": "/media/NFS/ttao/scannet/posed_images/scene0219_00/00023.jpg",
      "transform_matrix": [
        [
          0.850971,
          -0.378879,
          0.36373,
          2.125297
        ],
        [
          -0.523465,
          -0.555383,
          0.646169,
          1.128968
        ],
        [
          -0.04281,
          -0.740271,
          -0.670944,
          1.391008
        ],
        [
          0.0,
          0.0,
          0.0,
          1.0
        ]
      ]
    },
    {
      "file_path": "/media/NFS/ttao/scannet/posed_images/scene0219_00/00026.jpg",
      "transform_matrix": [
        [
          0.857074,
          -0.377115,
          0.351011,
          2.123654
        ],
        [
          -0.512846,
          -0.559531,
          0.651087,
          1.138979
        ],
        [
          -0.049133,
          -0.738044,
          -0.672961,
          1.391459
        ],
        [
          0.0,
          0.0,
          0.0,
          1.0
        ]
      ]
    },
    {
      "file_path": "/media/NFS/ttao/scannet/posed_images/scene0219_00/00030.jpg",
      "transform_matrix": [
        [
          0.865221,
          -0.372107,
          0.33605,
          2.124466
        ],
        [
          -0.497455,
          -0.553261,
          0.668162,
          1.161736
        ],
        [
          -0.062704,
          -0.745278,
          -0.663799,
          1.390898
        ],
        [
          0.0,
          0.0,
          0.0,
          1.0
        ]
      ]
    },
    {
      "file_path": "/media/NFS/ttao/scannet/posed_images/scene0219_00/00035.jpg",
      "transform_matrix": [
        [
          0.873402,
          -0.355996,
          0.332318,
          2.126447
        ],
        [
          -0.48233,
          -0.538067,
          0.691261,
          1.205302
        ],
        [
          -0.067276,
          -0.764036,
          -0.641657,
          1.391785
        ],
        [
          0.0,
          0.0,
          0.0,
          1.0
        ]
      ]
    },
    {
      "file_path": "/media/NFS/ttao/scannet/posed_images/scene0219_00/00039.jpg",
      "transform_matrix": [
        [
          0.87668,
          -0.360279,
          0.318798,
          2.131239
        ],
        [
          -0.472172,
          -0.517506,
          0.713611,
          1.249248
        ],
        [
          -0.092119,
          -0.776136,
          -0.623801,
          1.402647
        ],
        [
          0.0,
          0.0,
          0.0,
          1.0
        ]
      ]
    },
    {
      "file_path": "/media/NFS/ttao/scannet/posed_images/scene0219_00/00043.jpg",
      "transform_matrix": [
        [
          0.888791,
          -0.342943,
          0.304042,
          2.117564
        ],
        [
          -0.449319,
          -0.521223,
          0.725561,
          1.293109
        ],
        [
          -0.090352,
          -0.781484,
          -0.617349,
          1.404069
        ],
        [
          0.0,
          0.0,
          0.0,
          1.0
        ]
      ]
    },
    {
      "file_path": "/media/NFS/ttao/scannet/posed_images/scene0219_00/00047.jpg",
      "transform_matrix": [
        [
          0.903931,
          -0.32784,
          0.274642,
          2.113857
        ],
        [
          -0.416371,
          -0.527917,
          0.740229,
          1.329778
        ],
        [
          -0.097689,
          -0.783469,
          -0.613704,
          1.410047
        ],
        [
          0.0,
          0.0,
          0.0,
          1.0
        ]
      ]
    },
    {
      "file_path": "/media/NFS/ttao/scannet/posed_images/scene0219_00/00050.jpg",
      "transform_matrix": [
        [
          0.910355,
          -0.317405,
          0.265534,
          2.100863
        ],
        [
          -0.402526,
          -0.530231,
          0.74621,
          1.345945
        ],
        [
          -0.096056,
          -0.7862,
          -0.610462,
          1.403311
        ],
        [
          0.0,
          0.0,
          0.0,
          1.0
        ]
      ]
    },
    {
      "file_path": "/media/NFS/ttao/scannet/posed_images/scene0219_00/00054.jpg",
      "transform_matrix": [
        [
          0.914269,
          -0.307521,
          0.263709,
          2.086316
        ],
        [
          -0.395404,
          -0.535785,
          0.74605,
          1.374192
        ],
        [
          -0.088134,
          -0.786362,
          -0.611447,
          1.403237
        ],
        [
          0.0,
          0.0,
          0.0,
          1.0
        ]
      ]
    },
    {
      "file_path": "/media/NFS/ttao/scannet/posed_images/scene0219_00/00055.jpg",
      "transform_matrix": [
        [
          0.915046,
          -0.304948,
          0.264003,
          2.080668
        ],
        [
          -0.394108,
          -0.53665,
          0.746114,
          1.380884
        ],
        [
          -0.085849,
          -0.786774,
          -0.611242,
          1.40195
        ],
        [
          0.0,
          0.0,
          0.0,
          1.0
        ]
      ]
    },
    {
      "file_path": "/media/NFS/ttao/scannet/posed_images/scene0219_00/00062.jpg",
      "transform_matrix": [
        [
          0.909623,
          -0.308083,
          0.278696,
          2.030307
        ],
        [
          -0.405723,
          -0.514581,
          0.755378,
          1.434556
        ],
        [
          -0.089307,
          -0.800182,
          -0.593071,
          1.404992
        ],
        [
          0.0,
          0.0,
          0.0,
          1.0
        ]
      ]
    },
    {
      "file_path": "/media/NFS/ttao/scannet/posed_images/scene0219_00/00063.jpg",
      "transform_matrix": [
        [
          0.907775,
          -0.311675,
          0.28072,
          2.020879
        ],
        [
          -0.409063,
          -0.509735,
          0.75686,
          1.442535
        ],
        [
          -0.092801,
          -0.801891,
          -0.59022,
          1.406569
        ],
        [
          0.0,
          0.0,
          0.0,
          1.0
        ]
      ]
    },
    {
      "file_path": "/media/NFS/ttao/scannet/posed_images/scene0219_00/00066.jpg",
      "transform_matrix": [
        [
          0.902598,
          -0.327012,
          0.279965,
          1.98864
        ],
        [
          -0.416583,
          -0.499564,
          0.759536,
          1.470294
        ],
        [
          -0.108517,
          -0.802184,
          -0.587133,
          1.410884
        ],
        [
          0.0,
          0.0,
          0.0,
          1.0
        ]
      ]
    },
    {
      "file_path": "/media/NFS/ttao/scannet/posed_images/scene0219_00/00073.jpg",
      "transform_matrix": [
        [
          0.90489,
          -0.3374,
          0.25949,
          1.907923
        ],
        [
          -0.405644,
          -0.498895,
          0.76587,
          1.52947
        ],
        [
          -0.128946,
          -0.798289,
          -0.58831,
          1.414463
        ],
        [
          0.0,
          0.0,
          0.0,
          1.0
        ]
      ]
    },
    {
      "file_path": "/media/NFS/ttao/scannet/posed_images/scene0219_00/00074.jpg",
      "transform_matrix": [
        [
          0.905332,
          -0.337024,
          0.258435,
          1.894509
        ],
        [
          -0.404501,
          -0.498803,
          0.766534,
          1.535999
        ],
        [
          -0.129433,
          -0.798505,
          -0.587909,
          1.413154
        ],
        [
          0.0,
          0.0,
          0.0,
          1.0
        ]
      ]
    },
    {
      "file_path": "/media/NFS/ttao/scannet/posed_images/scene0219_00/00081.jpg",
      "transform_matrix": [
        [
          0.896537,
          -0.349583,
          0.272055,
          1.828835
        ],
        [
          -0.426354,
          -0.514362,
          0.744079,
          1.580294
        ],
        [
          -0.120183,
          -0.783086,
          -0.610191,
          1.397682
        ],
        [
          0.0,
          0.0,
          0.0,
          1.0
        ]
      ]
    },
    {
      "file_path": "/media/NFS/ttao/scannet/posed_images/scene0219_00/00083.jpg",
      "transform_matrix": [
        [
          0.891917,
          -0.350848,
          0.285289,
          1.815048
        ],
        [
          -0.438317,
          -0.515646,
          0.736198,
          1.592261
        ],
        [
          -0.111185,
          -0.781675,
          -0.613696,
          1.395306
        ],
        [
          0.0,
          0.0,
          0.0,
          1.0
        ]
      ]
    },
    {
      "file_path": "/media/NFS/ttao/scannet/posed_images/scene0219_00/00085.jpg",
      "transform_matrix": [
        [
          0.887433,
          -0.34977,
          0.300206,
          1.804379
        ],
        [
          -0.449869,
          -0.515372,
          0.72939,
          1.604164
        ],
        [
          -0.100401,
          -0.782338,
          -0.614708,
          1.393151
        ],
        [
          0.0,
          0.0,
          0.0,
          1.0
        ]
      ]
    },
    {
      "file_path": "/media/NFS/ttao/scannet/posed_images/scene0219_00/00090.jpg",
      "transform_matrix": [
        [
          0.872447,
          -0.354241,
          0.336673,
          1.785027
        ],
        [
          -0.481108,
          -0.50154,
          0.719022,
          1.644642
        ],
        [
          -0.085852,
          -0.789285,
          -0.607996,
          1.390451
        ],
        [
          0.0,
          0.0,
          0.0,
          1.0
        ]
      ]
    },
    {
      "file_path": "/media/NFS/ttao/scannet/posed_images/scene0219_00/00093.jpg",
      "transform_matrix": [
        [
          0.86743,
          -0.359742,
          0.343733,
          1.775962
        ],
        [
          -0.489622,
          -0.494248,
          0.718324,
          1.677744
        ],
        [
          -0.088522,
          -0.791395,
          -0.604862,
          1.387096
        ],
        [
          0.0,
          0.0,
          0.0,
          1.0
        ]
      ]
    },
    {
      "file_path": "/media/NFS/ttao/scannet/posed_images/scene0219_00/00098.jpg",
      "transform_matrix": [
        [
          0.855446,
          -0.375077,
          0.357114,
          1.765064
        ],
        [
          -0.506472,
          -0.46187,
          0.728122,
          1.742069
        ],
        [
          -0.108161,
          -0.803737,
          -0.585071,
          1.385964
        ],
        [
          0.0,
          0.0,
          0.0,
          1.0
        ]
      ]
    },
    {
      "file_path": "/media/NFS/ttao/scannet/posed_images/scene0219_00/00102.jpg",
      "transform_matrix": [
        [
          0.847008,
          -0.381493,
          0.370192,
          1.767805
        ],
        [
          -0.520608,
          -0.454543,
          0.722744,
          1.794233
        ],
        [
          -0.107454,
          -0.804894,
          -0.583609,
          1.396593
        ],
        [
          0.0,
          0.0,
          0.0,
          1.0
        ]
      ]
    },
    {
      "file_path": "/media/NFS/ttao/scannet/posed_images/scene0219_00/00106.jpg",
      "transform_matrix": [
        [
          0.847944,
          -0.374295,
          0.37536,
          1.758973
        ],
        [
          -0.520418,
          -0.453184,
          0.723733,
          1.837626
        ],
        [
          -0.100783,
          -0.809029,
          -0.579064,
          1.397989
        ],
        [
          0.0,
          0.0,
          0.0,
          1.0
        ]
      ]
    },
    {
      "file_path": "/media/NFS/ttao/scannet/posed_images/scene0219_00/00107.jpg",
      "transform_matrix": [
        [
          0.846096,
          -0.372641,
          0.381131,
          1.755087
        ],
        [
          -0.524217,
          -0.452233,
          0.721583,
          1.845241
        ],
        [
          -0.096531,
          -0.810324,
          -0.577977,
          1.395756
        ],
        [
          0.0,
          0.0,
          0.0,
          1.0
        ]
      ]
    },
    {
      "file_path": "/media/NFS/ttao/scannet/posed_images/scene0219_00/00114.jpg",
      "transform_matrix": [
        [
          0.815854,
          -0.377824,
          0.437756,
          1.737411
        ],
        [
          -0.574577,
          -0.4444,
          0.687292,
          1.891706
        ],
        [
          -0.065137,
          -0.812254,
          -0.579655,
          1.396509
        ],
        [
          0.0,
          0.0,
          0.0,
          1.0
        ]
      ]
    },
    {
      "file_path": "/media/NFS/ttao/scannet/posed_images/scene0219_00/00117.jpg",
      "transform_matrix": [
        [
          0.794962,
          -0.389607,
          0.465019,
          1.719504
        ],
        [
          -0.604165,
          -0.439004,
          0.665026,
          1.914615
        ],
        [
          -0.054953,
          -0.809618,
          -0.584379,
          1.397203
        ],
        [
          0.0,
          0.0,
          0.0,
          1.0
        ]
      ]
    },
    {
      "file_path": "/media/NFS/ttao/scannet/posed_images/scene0219_00/00120.jpg",
      "transform_matrix": [
        [
          0.776942,
          -0.406991,
          0.480333,
          1.710978
        ],
        [
          -0.627099,
          -0.43273,
          0.647682,
          1.929588
        ],
        [
          -0.055746,
          -0.804428,
          -0.591429,
          1.403036
        ],
        [
          0.0,
          0.0,
          0.0,
          1.0
        ]
      ]
    },
    {
      "file_path": "/media/NFS/ttao/scannet/posed_images/scene0219_00/00122.jpg",
      "transform_matrix": [
        [
          0.765654,
          -0.415504,
          0.49105,
          1.704216
        ],
        [
          -0.640599,
          -0.423266,
          0.640687,
          1.937078
        ],
        [
          -0.058363,
          -0.80511,
          -0.590246,
          1.407196
        ],
        [
          0.0,
          0.0,
          0.0,
          1.0
        ]
      ]
    },
    {
      "file_path": "/media/NFS/ttao/scannet/posed_images/scene0219_00/00126.jpg",
      "transform_matrix": [
        [
          0.747097,
          -0.413251,
          0.520644,
          1.689041
        ],
        [
          -0.662731,
          -0.402611,
          0.631421,
          1.942432
        ],
        [
          -0.051318,
          -0.816779,
          -0.574664,
          1.413862
        ],
        [
          0.0,
          0.0,
          0.0,
          1.0
        ]
      ]
    },
    {
      "file_path": "/media/NFS/ttao/scannet/posed_images/scene0219_00/00131.jpg",
      "transform_matrix": [
        [
          0.712701,
          -0.426063,
          0.55725,
          1.668119
        ],
        [
          -0.700512,
          -0.390844,
          0.597096,
          1.945594
        ],
        [
          -0.036603,
          -0.815911,
          -0.577018,
          1.410815
        ],
        [
          0.0,
          0.0,
          0.0,
          1.0
        ]
      ]
    },
    {
      "file_path": "/media/NFS/ttao/scannet/posed_images/scene0219_00/00133.jpg",
      "transform_matrix": [
        [
          0.697702,
          -0.434163,
          0.569838,
          1.66268
        ],
        [
          -0.715679,
          -0.387013,
          0.581399,
          1.947487
        ],
        [
          -0.031888,
          -0.813464,
          -0.580741,
          1.409986
        ],
        [
          0.0,
          0.0,
          0.0,
          1.0
        ]
      ]
    },
    {
      "file_path": "/media/NFS/ttao/scannet/posed_images/scene0219_00/00139.jpg",
      "transform_matrix": [
        [
          0.657878,
          -0.435988,
          0.614093,
          1.647625
        ],
        [
          -0.752675,
          -0.352459,
          0.556105,
          1.944372
        ],
        [
          -0.026013,
          -0.828062,
          -0.560032,
          1.412367
        ],
        [
          0.0,
          0.0,
          0.0,
          1.0
        ]
      ]
    },
    {
      "file_path": "/media/NFS/ttao/scannet/posed_images/scene0219_00/00141.jpg",
      "transform_matrix": [
        [
          0.642885,
          -0.443637,
          0.624408,
          1.645102
        ],
        [
          -0.765664,
          -0.349474,
          0.540024,
          1.945618
        ],
        [
          -0.02136,
          -0.82526,
          -0.564349,
          1.413176
        ],
        [
          0.0,
          0.0,
          0.0,
          1.0
        ]
      ]
    },
    {
      "file_path": "/media/NFS/ttao/scannet/posed_images/scene0219_00/00144.jpg",
      "transform_matrix": [
        [
          0.620886,
          -0.452268,
          0.640277,
          1.642634
        ],
        [
          -0.783762,
          -0.342804,
          0.517882,
          1.945685
        ],
        [
          -0.014732,
          -0.823371,
          -0.567313,
          1.412981
        ],
        [
          0.0,
          0.0,
          0.0,
          1.0
        ]
      ]
    },
    {
      "file_path": "/media/NFS/ttao/scannet/posed_images/scene0219_00/00151.jpg",
      "transform_matrix": [
        [
          0.564417,
          -0.460137,
          0.685352,
          1.638831
        ],
        [
          -0.825488,
          -0.316271,
          0.467485,
          1.939773
        ],
        [
          0.00165,
          -0.829607,
          -0.558346,
          1.411957
        ],
        [
          0.0,
          0.0,
          0.0,
          1.0
        ]
      ]
    },
    {
      "file_path": "/media/NFS/ttao/scannet/posed_images/scene0219_00/00154.jpg",
      "transform_matrix": [
        [
          0.540956,
          -0.460574,
          0.703731,
          1.637057
        ],
        [
          -0.841038,
          -0.300866,
          0.449595,
          1.934465
        ],
        [
          0.004657,
          -0.835076,
          -0.550115,
          1.411598
        ],
        [
          0.0,
          0.0,
          0.0,
          1.0
        ]
      ]
    },
    {
      "file_path": "/media/NFS/ttao/scannet/posed_images/scene0219_00/00159.jpg",
      "transform_matrix": [
        [
          0.510135,
          -0.46456,
          0.723841,
          1.636655
        ],
        [
          -0.860086,
          -0.279222,
          0.426951,
          1.929444
        ],
        [
          0.003768,
          -0.840368,
          -0.542003,
          1.411746
        ],
        [
          0.0,
          0.0,
          0.0,
          1.0
        ]
      ]
    },
    {
      "file_path": "/media/NFS/ttao/scannet/posed_images/scene0219_00/00160.jpg",
      "transform_matrix": [
        [
          0.507124,
          -0.466332,
          0.724817,
          1.636274
        ],
        [
          -0.861868,
          -0.27738,
          0.424552,
          1.928162
        ],
        [
          0.003068,
          -0.839997,
          -0.542583,
          1.411203
        ],
        [
          0.0,
          0.0,
          0.0,
          1.0
        ]
      ]
    },
    {
      "file_path": "/media/NFS/ttao/scannet/posed_images/scene0219_00/00166.jpg",
      "transform_matrix": [
        [
          0.507328,
          -0.490474,
          0.708558,
          1.63254
        ],
        [
          -0.861708,
          -0.280348,
          0.422923,
          1.926947
        ],
        [
          -0.008789,
          -0.825131,
          -0.564874,
          1.408071
        ],
        [
          0.0,
          0.0,
          0.0,
          1.0
        ]
      ]
    },
    {
      "file_path": "/media/NFS/ttao/scannet/posed_images/scene0219_00/00170.jpg",
      "transform_matrix": [
        [
          0.507383,
          -0.500123,
          0.70174,
          1.629798
        ],
        [
          -0.861677,
          -0.286289,
          0.418988,
          1.92706
        ],
        [
          -0.008645,
          -0.817261,
          -0.576203,
          1.408005
        ],
        [
          0.0,
          0.0,
          0.0,
          1.0
        ]
      ]
    },
    {
      "file_path": "/media/NFS/ttao/scannet/posed_images/scene0219_00/00171.jpg",
      "transform_matrix": [
        [
          0.506346,
          -0.500508,
          0.702215,
          1.627796
        ],
        [
          -0.862308,
          -0.287935,
          0.416556,
          1.925959
        ],
        [
          -0.006297,
          -0.816447,
          -0.577387,
          1.405074
        ],
        [
          0.0,
          0.0,
          0.0,
          1.0
        ]
      ]
    },
    {
      "file_path": "/media/NFS/ttao/scannet/posed_images/scene0219_00/00175.jpg",
      "transform_matrix": [
        [
          0.499981,
          -0.511608,
          0.698768,
          1.623016
        ],
        [
          -0.865889,
          -0.310216,
          0.392432,
          1.92111
        ],
        [
          0.015998,
          -0.801264,
          -0.598098,
          1.391839
        ],
        [
          0.0,
          0.0,
          0.0,
          1.0
        ]
      ]
    },
    {
      "file_path": "/media/NFS/ttao/scannet/posed_images/scene0219_00/00181.jpg",
      "transform_matrix": [
        [
          0.4817,
          -0.547056,
          0.684613,
          1.623134
        ],
        [
          -0.874928,
          -0.344489,
          0.340335,
          1.921542
        ],
        [
          0.04966,
          -0.762927,
          -0.644575,
          1.383558
        ],
        [
          0.0,
          0.0,
          0.0,
          1.0
        ]
      ]
    },
    {
      "file_path": "/media/NFS/ttao/scannet/posed_images/scene0219_00/00184.jpg",
      "transform_matrix": [
        [
          0.471872,
          -0.555669,
          0.684521,
          1.621772
        ],
        [
          -0.87958,
          -0.350083,
          0.322151,
          1.915556
        ],
        [
          0.06063,
          -0.754105,
          -0.65395,
          1.377405
        ],
        [
          0.0,
          0.0,
          0.0,
          1.0
        ]
      ]
    },
    {
      "file_path": "/media/NFS/ttao/scannet/posed_images/scene0219_00/00187.jpg",
      "transform_matrix": [
        [
          0.457088,
          -0.56008,
          0.690927,
          1.619402
        ],
        [
          -0.886084,
          -0.353988,
          0.299246,
          1.910132
        ],
        [
          0.076978,
          -0.749001,
          -0.658082,
          1.372119
        ],
        [
          0.0,
          0.0,
          0.0,
          1.0
        ]
      ]
    },
    {
      "file_path": "/media/NFS/ttao/scannet/posed_images/scene0219_00/00192.jpg",
      "transform_matrix": [
        [
          0.422665,
          -0.569047,
          0.705365,
          1.614737
        ],
        [
          -0.900377,
          -0.352391,
          0.255231,
          1.909993
        ],
        [
          0.103326,
          -0.742971,
          -0.6613,
          1.364334
        ],
        [
          0.0,
          0.0,
          0.0,
          1.0
        ]
      ]
    },
    {
      "file_path": "/media/NFS/ttao/scannet/posed_images/scene0219_00/00196.jpg",
      "transform_matrix": [
        [
          0.412495,
          -0.56657,
          0.713335,
          1.610622
        ],
        [
          -0.903133,
          -0.356774,
          0.238878,
          1.907516
        ],
        [
          0.119159,
          -0.742772,
          -0.658856,
          1.35973
        ],
        [
          0.0,
          0.0,
          0.0,
          1.0
        ]
      ]
    },
    {
      "file_path": "/media/NFS/ttao/scannet/posed_images/scene0219_00/00197.jpg",
      "transform_matrix": [
        [
          0.412355,
          -0.56441,
          0.715126,
          1.608431
        ],
        [
          -0.902523,
          -0.360064,
          0.236233,
          1.907591
        ],
        [
          0.124158,
          -0.74283,
          -0.657867,
          1.358041
        ],
        [
          0.0,
          0.0,
          0.0,
          1.0
        ]
      ]
    },
    {
      "file_path": "/media/NFS/ttao/scannet/posed_images/scene0219_00/00200.jpg",
      "transform_matrix": [
        [
          0.419496,
          -0.560454,
          0.714083,
          1.60185
        ],
        [
          -0.897414,
          -0.374462,
          0.233297,
          1.9148
        ],
        [
          0.136645,
          -0.738695,
          -0.660044,
          1.35318
        ],
        [
          0.0,
          0.0,
          0.0,
          1.0
        ]
      ]
    },
    {
      "file_path": "/media/NFS/ttao/scannet/posed_images/scene0219_00/00205.jpg",
      "transform_matrix": [
        [
          0.448489,
          -0.567674,
          0.690365,
          1.586535
        ],
        [
          -0.884363,
          -0.393725,
          0.250765,
          1.938557
        ],
        [
          0.129461,
          -0.722999,
          -0.678611,
          1.343562
        ],
        [
          0.0,
          0.0,
          0.0,
          1.0
        ]
      ]
    },
    {
      "file_path": "/media/NFS/ttao/scannet/posed_images/scene0219_00/00209.jpg",
      "transform_matrix": [
        [
          0.493588,
          -0.563903,
          0.662106,
          1.573376
        ],
        [
          -0.864235,
          -0.403209,
          0.300866,
          1.967195
        ],
        [
          0.097308,
          -0.720719,
          -0.686364,
          1.341261
        ],
        [
          0.0,
          0.0,
          0.0,
          1.0
        ]
      ]
    },
    {
      "file_path": "/media/NFS/ttao/scannet/posed_images/scene0219_00/00211.jpg",
      "transform_matrix": [
        [
          0.524538,
          -0.556292,
          0.644514,
          1.565679
        ],
        [
          -0.847127,
          -0.416652,
          0.329814,
          1.986518
        ],
        [
          0.085065,
          -0.718985,
          -0.6898,
          1.343123
        ],
        [
          0.0,
          0.0,
          0.0,
          1.0
        ]
      ]
    },
    {
      "file_path": "/media/NFS/ttao/scannet/posed_images/scene0219_00/00218.jpg",
      "transform_matrix": [
        [
          0.607965,
          -0.536359,
          0.585403,
          1.541257
        ],
        [
          -0.792554,
          -0.453894,
          0.407232,
          2.077073
        ],
        [
          0.047288,
          -0.711547,
          -0.701046,
          1.339195
        ],
        [
          0.0,
          0.0,
          0.0,
          1.0
        ]
      ]
    },
    {
      "file_path": "/media/NFS/ttao/scannet/posed_images/scene0219_00/00222.jpg",
      "transform_matrix": [
        [
          0.632796,
          -0.539451,
          0.555484,
          1.531638
        ],
        [
          -0.773624,
          -0.47084,
          0.424047,
          2.131272
        ],
        [
          0.032792,
          -0.698071,
          -0.715278,
          1.342291
        ],
        [
          0.0,
          0.0,
          0.0,
          1.0
        ]
      ]
    },
    {
      "file_path": "/media/NFS/ttao/scannet/posed_images/scene0219_00/00224.jpg",
      "transform_matrix": [
        [
          0.640668,
          -0.541779,
          0.544078,
          1.526119
        ],
        [
          -0.766983,
          -0.484615,
          0.420578,
          2.157905
        ],
        [
          0.035808,
          -0.686749,
          -0.726012,
          1.340497
        ],
        [
          0.0,
          0.0,
          0.0,
          1.0
        ]
      ]
    },
    {
      "file_path": "/media/NFS/ttao/scannet/posed_images/scene0219_00/00229.jpg",
      "transform_matrix": [
        [
          0.65333,
          -0.524685,
          0.545771,
          1.510343
        ],
        [
          -0.754819,
          -0.507034,
          0.416131,
          2.217677
        ],
        [
          0.058387,
          -0.683829,
          -0.727303,
          1.333144
        ],
        [
          0.0,
          0.0,
          0.0,
          1.0
        ]
      ]
    },
    {
      "file_path": "/media/NFS/ttao/scannet/posed_images/scene0219_00/00231.jpg",
      "transform_matrix": [
        [
          0.652269,
          -0.519098,
          0.552342,
          1.501164
        ],
        [
          -0.754267,
          -0.516616,
          0.405203,
          2.240276
        ],
        [
          0.075008,
          -0.680915,
          -0.728511,
          1.330264
        ],
        [
          0.0,
          0.0,
          0.0,
          1.0
        ]
      ]
    },
    {
      "file_path": "/media/NFS/ttao/scannet/posed_images/scene0219_00/00237.jpg",
      "transform_matrix": [
        [
          0.646197,
          -0.520174,
          0.558434,
          1.476901
        ],
        [
          -0.756045,
          -0.536091,
          0.375503,
          2.314435
        ],
        [
          0.104044,
          -0.66485,
          -0.739695,
          1.320194
        ],
        [
          0.0,
          0.0,
          0.0,
          1.0
        ]
      ]
    },
    {
      "file_path": "/media/NFS/ttao/scannet/posed_images/scene0219_00/00238.jpg",
      "transform_matrix": [
        [
          0.643034,
          -0.522232,
          0.560161,
          1.472254
        ],
        [
          -0.75838,
          -0.536051,
          0.370823,
          2.326859
        ],
        [
          0.10662,
          -0.663266,
          -0.740749,
          1.318081
        ],
        [
          0.0,
          0.0,
          0.0,
          1.0
        ]
      ]
    },
    {
      "file_path": "/media/NFS/ttao/scannet/posed_images/scene0219_00/00244.jpg",
      "transform_matrix": [
        [
          0.594834,
          -0.550091,
          0.58615,
          1.434415
        ],
        [
          -0.79802,
          -0.491759,
          0.348336,
          2.406406
        ],
        [
          0.096629,
          -0.674962,
          -0.731498,
          1.31941
        ],
        [
          0.0,
          0.0,
          0.0,
          1.0
        ]
      ]
    },
    {
      "file_path": "/media/NFS/ttao/scannet/posed_images/scene0219_00/00247.jpg",
      "transform_matrix": [
        [
          0.55957,
          -0.57309,
          0.598706,
          1.41414
        ],
        [
          -0.823703,
          -0.46442,
          0.325311,
          2.445977
        ],
        [
          0.091619,
          -0.67519,
          -0.731932,
          1.322534
        ],
        [
          0.0,
          0.0,
          0.0,
          1.0
        ]
      ]
    },
    {
      "file_path": "/media/NFS/ttao/scannet/posed_images/scene0219_00/00252.jpg",
      "transform_matrix": [
        [
          0.526314,
          -0.582096,
          0.619805,
          1.379715
        ],
        [
          -0.845636,
          -0.434501,
          0.310015,
          2.505225
        ],
        [
          0.088847,
          -0.687295,
          -0.720925,
          1.327019
        ],
        [
          0.0,
          0.0,
          0.0,
          1.0
        ]
      ]
    },
    {
      "file_path": "/media/NFS/ttao/scannet/posed_images/scene0219_00/00255.jpg",
      "transform_matrix": [
        [
          0.496277,
          -0.594814,
          0.63238,
          1.367572
        ],
        [
          -0.8647,
          -0.403668,
          0.298908,
          2.535239
        ],
        [
          0.077477,
          -0.695161,
          -0.714667,
          1.327549
        ],
        [
          0.0,
          0.0,
          0.0,
          1.0
        ]
      ]
    },
    {
      "file_path": "/media/NFS/ttao/scannet/posed_images/scene0219_00/00257.jpg",
      "transform_matrix": [
        [
          0.475025,
          -0.604012,
          0.639938,
          1.362876
        ],
        [
          -0.876789,
          -0.386676,
          0.285871,
          2.554367
        ],
        [
          0.074779,
          -0.696886,
          -0.713272,
          1.329031
        ],
        [
          0.0,
          0.0,
          0.0,
          1.0
        ]
      ]
    },
    {
      "file_path": "/media/NFS/ttao/scannet/posed_images/scene0219_00/00262.jpg",
      "transform_matrix": [
        [
          0.437309,
          -0.61704,
          0.654234,
          1.357547
        ],
        [
          -0.89588,
          -0.362388,
          0.257048,
          2.60141
        ],
        [
          0.078478,
          -0.698525,
          -0.711269,
          1.324806
        ],
        [
          0.0,
          0.0,
          0.0,
          1.0
        ]
      ]
    },
    {
      "file_path": "/media/NFS/ttao/scannet/posed_images/scene0219_00/00264.jpg",
      "transform_matrix": [
        [
          0.425361,
          -0.621181,
          0.658182,
          1.361303
        ],
        [
          -0.901394,
          -0.355851,
          0.246695,
          2.622781
        ],
        [
          0.080973,
          -0.698215,
          -0.711294,
          1.322201
        ],
        [
          0.0,
          0.0,
          0.0,
          1.0
        ]
      ]
    },
    {
      "file_path": "/media/NFS/ttao/scannet/posed_images/scene0219_00/00267.jpg",
      "transform_matrix": [
        [
          0.41038,
          -0.620956,
          0.667834,
          1.367977
        ],
        [
          -0.908109,
          -0.345112,
          0.23714,
          2.662779
        ],
        [
          0.083224,
          -0.703783,
          -0.705523,
          1.318921
        ],
        [
          0.0,
          0.0,
          0.0,
          1.0
        ]
      ]
    },
    {
      "file_path": "/media/NFS/ttao/scannet/posed_images/scene0219_00/00274.jpg",
      "transform_matrix": [
        [
          0.382202,
          -0.642748,
          0.663925,
          1.395677
        ],
        [
          -0.921798,
          -0.315633,
          0.225086,
          2.753967
        ],
        [
          0.064883,
          -0.698033,
          -0.71312,
          1.317373
        ],
        [
          0.0,
          0.0,
          0.0,
          1.0
        ]
      ]
    },
    {
      "file_path": "/media/NFS/ttao/scannet/posed_images/scene0219_00/00275.jpg",
      "transform_matrix": [
        [
          0.372003,
          -0.645056,
          0.667471,
          1.401343
        ],
        [
          -0.926309,
          -0.304244,
          0.222235,
          2.76553
        ],
        [
          0.05972,
          -0.700956,
          -0.7107,
          1.319935
        ],
        [
          0.0,
          0.0,
          0.0,
          1.0
        ]
      ]
    },
    {
      "file_path": "/media/NFS/ttao/scannet/posed_images/scene0219_00/00282.jpg",
      "transform_matrix": [
        [
          0.354365,
          -0.623658,
          0.696761,
          1.421689
        ],
        [
          -0.934091,
          -0.270809,
          0.232672,
          2.840301
        ],
        [
          0.043582,
          -0.733289,
          -0.678519,
          1.33021
        ],
        [
          0.0,
          0.0,
          0.0,
          1.0
        ]
      ]
    },
    {
      "file_path": "/media/NFS/ttao/scannet/posed_images/scene0219_00/00283.jpg",
      "transform_matrix": [
        [
          0.34682,
          -0.626485,
          0.69802,
          1.425054
        ],
        [
          -0.93653,
          -0.27198,
          0.22122,
          2.850948
        ],
        [
          0.051256,
          -0.730441,
          -0.68105,
          1.330267
        ],
        [
          0.0,
          0.0,
          0.0,
          1.0
        ]
      ]
    },
    {
      "file_path": "/media/NFS/ttao/scannet/posed_images/scene0219_00/00288.jpg",
      "transform_matrix": [
        [
          0.321243,
          -0.633123,
          0.704243,
          1.437771
        ],
        [
          -0.945553,
          -0.255489,
          0.201631,
          2.893612
        ],
        [
          0.052269,
          -0.730672,
