{
  "frames": [
    {
      "file_path": "/media/NFS/ttao/scannet/posed_images/scene0648_00/00004.jpg",
      "transform_matrix": [
        [
          0.654565,
          0.252902,
          -0.71245,
          2.592387
        ],
        [
          0.755687,
          -0.191507,
          0.626309,
          2.320398
        ],
        [
          0.021956,
          -0.948349,
          -0.316469,
          1.481149
        ],
        [
          0.0,
          0.0,
          0.0,
          1.0
        ]
      ]
    },
    {
      "file_path": "/media/NFS/ttao/scannet/posed_images/scene0648_00/00013.jpg",
      "transform_matrix": [
        [
          0.623943,
          0.251351,
          -0.739944,
          2.593453
        ],
        [
          0.781399,
          -0.187924,
          0.595063,
          2.315424
        ],
        [
          0.010516,
          -0.949477,
          -0.313659,
          1.481339
        ],
        [
          0.0,
          0.0,
          0.0,
          1.0
        ]
      ]
    },
    {
      "file_path": "/media/NFS/ttao/scannet/posed_images/scene0648_00/00033.jpg",
      "transform_matrix": [
        [
          0.46139,
          0.28969,
          -0.83857,
          2.580703
        ],
        [
          0.887138,
          -0.161593,
          0.432289,
          2.295658
        ],
        [
          -0.010277,
          -0.943381,
          -0.331552,
          1.484227
        ],
        [
          0.0,
          0.0,
          0.0,
          1.0
        ]
      ]
    },
    {
      "file_path": "/media/NFS/ttao/scannet/posed_images/scene0648_00/00050.jpg",
      "transform_matrix": [
        [
          0.196677,
          0.326087,
          -0.924654,
          2.537677
        ],
        [
          0.980449,
          -0.071372,
          0.183375,
          2.2544
        ],
        [
          -0.006199,
          -0.942642,
          -0.333749,
          1.489492
        ],
        [
          0.0,
          0.0,
          0.0,
          1.0
        ]
      ]
    },
    {
      "file_path": "/media/NFS/ttao/scannet/posed_images/scene0648_00/00063.jpg",
      "transform_matrix": [
        [
          0.093744,
          0.357104,
          -0.929348,
          2.469194
        ],
        [
          0.995501,
          -0.02069,
          0.092466,
          2.202749
        ],
        [
          0.013792,
          -0.933835,
          -0.357437,
          1.493333
        ],
        [
          0.0,
          0.0,
          0.0,
          1.0
        ]
      ]
    },
    {
      "file_path": "/media/NFS/ttao/scannet/posed_images/scene0648_00/00071.jpg",
      "transform_matrix": [
        [
          0.057103,
          0.367486,
          -0.928274,
          2.436855
        ],
        [
          0.998296,
          -0.009796,
          0.057532,
          2.181634
        ],
        [
          0.012049,
          -0.929978,
          -0.367419,
          1.493307
        ],
        [
          0.0,
          0.0,
          0.0,
          1.0
        ]
      ]
    },
    {
      "file_path": "/media/NFS/ttao/scannet/posed_images/scene0648_00/00088.jpg",
      "transform_matrix": [
        [
          -0.194687,
          0.368083,
          -0.909182,
          2.379985
        ],
        [
          0.980824,
          0.064544,
          -0.183897,
          2.18573
        ],
        [
          -0.009007,
          -0.92755,
          -0.37359,
          1.493532
        ],
        [
          0.0,
          0.0,
          0.0,
          1.0
        ]
      ]
    },
    {
      "file_path": "/media/NFS/ttao/scannet/posed_images/scene0648_00/00096.jpg",
      "transform_matrix": [
        [
          -0.348752,
          0.352025,
          -0.868591,
          2.351278
        ],
        [
          0.937209,
          0.134372,
          -0.321845,
          2.24795
        ],
        [
          0.003417,
          -0.926295,
          -0.376783,
          1.497039
        ],
        [
          0.0,
          0.0,
          0.0,
          1.0
        ]
      ]
    },
    {
      "file_path": "/media/NFS/ttao/scannet/posed_images/scene0648_00/00113.jpg",
      "transform_matrix": [
        [
          -0.62338,
          0.336228,
          -0.705938,
          2.311027
        ],
        [
          0.781094,
          0.226303,
          -0.581961,
          2.288143
        ],
        [
          -0.035915,
          -0.914187,
          -0.403698,
          1.501335
        ],
        [
          0.0,
          0.0,
          0.0,
          1.0
        ]
      ]
    },
    {
      "file_path": "/media/NFS/ttao/scannet/posed_images/scene0648_00/00134.jpg",
      "transform_matrix": [
        [
          -0.824396,
          0.244327,
          -0.510564,
          2.287776
        ],
        [
          0.564588,
          0.290984,
          -0.772378,
          2.306325
        ],
        [
          -0.040147,
          -0.925004,
          -0.37783,
          1.512235
        ],
        [
          0.0,
          0.0,
          0.0,
          1.0
        ]
      ]
    },
    {
      "file_path": "/media/NFS/ttao/scannet/posed_images/scene0648_00/00138.jpg",
      "transform_matrix": [
        [
          -0.850044,
          0.221504,
          -0.477872,
          2.277427
        ],
        [
          0.525532,
          0.295984,
          -0.797628,
          2.328824
        ],
        [
          -0.035235,
          -0.929156,
          -0.368006,
          1.513388
        ],
        [
          0.0,
          0.0,
          0.0,
          1.0
        ]
      ]
    },
    {
      "file_path": "/media/NFS/ttao/scannet/posed_images/scene0648_00/00151.jpg",
      "transform_matrix": [
        [
          -0.931469,
          0.154769,
          -0.329259,
          2.276474
        ],
        [
          0.362468,
          0.316821,
          -0.876494,
          2.380761
        ],
        [
          -0.031338,
          -0.935773,
          -0.351208,
          1.516479
        ],
        [
          0.0,
          0.0,
          0.0,
          1.0
        ]
      ]
    },
    {
      "file_path": "/media/NFS/ttao/scannet/posed_images/scene0648_00/00167.jpg",
      "transform_matrix": [
        [
          -0.965956,
          0.126868,
          -0.225462,
          2.337045
        ],
        [
          0.254044,
          0.300476,
          -0.919334,
          2.378532
        ],
        [
          -0.048888,
          -0.945314,
          -0.322477,
          1.53063
        ],
        [
          0.0,
          0.0,
          0.0,
          1.0
        ]
      ]
    },
    {
      "file_path": "/media/NFS/ttao/scannet/posed_images/scene0648_00/00188.jpg",
      "transform_matrix": [
        [
          -0.99543,
          0.020729,
          0.093208,
          2.32831
        ],
        [
          -0.081457,
          0.324979,
          -0.942206,
          2.382646
        ],
        [
          -0.049822,
          -0.945494,
          -0.321806,
          1.542258
        ],
        [
          0.0,
          0.0,
          0.0,
          1.0
        ]
      ]
    },
    {
      "file_path": "/media/NFS/ttao/scannet/posed_images/scene0648_00/00201.jpg",
      "transform_matrix": [
        [
          -0.961218,
          -0.063793,
          0.26831,
          2.299278
        ],
        [
          -0.273043,
          0.357089,
          -0.893272,
          2.397766
        ],
        [
          -0.038827,
          -0.931889,
          -0.360659,
          1.528851
        ],
        [
          0.0,
          0.0,
          0.0,
          1.0
        ]
      ]
    },
    {
      "file_path": "/media/NFS/ttao/scannet/posed_images/scene0648_00/00218.jpg",
      "transform_matrix": [
        [
          -0.908616,
          -0.119475,
          0.400179,
          2.326452
        ],
        [
          -0.414913,
          0.367424,
          -0.832374,
          2.415109
        ],
        [
          -0.047588,
          -0.922348,
          -0.383419,
          1.532032
        ],
        [
          0.0,
          0.0,
          0.0,
          1.0
        ]
      ]
    },
    {
      "file_path": "/media/NFS/ttao/scannet/posed_images/scene0648_00/00226.jpg",
      "transform_matrix": [
        [
          -0.876034,
          -0.153049,
          0.457319,
          2.353143
        ],
        [
          -0.481331,
          0.335984,
          -0.809589,
          2.422519
        ],
        [
          -0.029745,
          -0.92935,
          -0.368001,
          1.526913
        ],
        [
          0.0,
          0.0,
          0.0,
          1.0
        ]
      ]
    },
    {
      "file_path": "/media/NFS/ttao/scannet/posed_images/scene0648_00/00239.jpg",
      "transform_matrix": [
        [
          -0.813494,
          -0.192994,
          0.548617,
          2.38187
        ],
        [
          -0.58056,
          0.325141,
          -0.746481,
          2.406841
        ],
        [
          -0.034312,
          -0.925763,
          -0.376545,
          1.503915
        ],
        [
          0.0,
          0.0,
          0.0,
          1.0
        ]
      ]
    },
    {
      "file_path": "/media/NFS/ttao/scannet/posed_images/scene0648_00/00247.jpg",
      "transform_matrix": [
        [
          -0.772739,
          -0.229385,
          0.591826,
          2.376682
        ],
        [
          -0.633985,
          0.32393,
          -0.702234,
          2.364676
        ],
        [
          -0.030628,
          -0.917852,
          -0.39574,
          1.495467
        ],
        [
          0.0,
          0.0,
          0.0,
          1.0
        ]
      ]
    },
    {
      "file_path": "/media/NFS/ttao/scannet/posed_images/scene0648_00/00268.jpg",
      "transform_matrix": [
        [
          -0.680136,
          -0.393901,
          0.618269,
          2.378256
        ],
        [
          -0.732276,
          0.404679,
          -0.547729,
          2.315191
        ],
        [
          -0.03445,
          -0.825274,
          -0.563681,
          1.440576
        ],
        [
          0.0,
          0.0,
          0.0,
          1.0
        ]
      ]
    },
    {
      "file_path": "/media/NFS/ttao/scannet/posed_images/scene0648_00/00285.jpg",
      "transform_matrix": [
        [
          -0.681399,
          -0.468895,
          0.56199,
          2.410555
        ],
        [
          -0.730323,
          0.486162,
          -0.47987,
          2.343056
        ],
        [
          -0.04821,
          -0.737417,
          -0.673715,
          1.40219
        ],
        [
          0.0,
          0.0,
          0.0,
          1.0
        ]
      ]
    },
    {
      "file_path": "/media/NFS/ttao/scannet/posed_images/scene0648_00/00293.jpg",
      "transform_matrix": [
        [
          -0.683863,
          -0.500003,
          0.531346,
          2.417709
        ],
        [
          -0.727617,
          0.52118,
          -0.446033,
          2.347958
        ],
        [
          -0.053909,
          -0.691642,
          -0.720226,
          1.381831
        ],
        [
          0.0,
          0.0,
          0.0,
          1.0
        ]
      ]
    },
    {
      "file_path": "/media/NFS/ttao/scannet/posed_images/scene0648_00/00306.jpg",
      "transform_matrix": [
        [
          -0.667313,
          -0.548339,
          0.504001,
          2.418545
        ],
        [
          -0.742061,
          0.547261,
          -0.387107,
          2.354974
        ],
        [
          -0.063555,
          -0.632321,
          -0.772095,
          1.343365
        ],
        [
          0.0,
          0.0,
          0.0,
          1.0
        ]
      ]
    },
    {
      "file_path": "/media/NFS/ttao/scannet/posed_images/scene0648_00/00318.jpg",
      "transform_matrix": [
        [
          -0.640516,
          -0.597962,
          0.481852,
          2.415892
        ],
        [
          -0.766449,
          0.536908,
          -0.352541,
          2.360579
        ],
        [
          -0.047904,
          -0.595124,
          -0.802205,
          1.324203
        ],
        [
          0.0,
          0.0,
          0.0,
          1.0
        ]
      ]
    },
    {
      "file_path": "/media/NFS/ttao/scannet/posed_images/scene0648_00/00339.jpg",
      "transform_matrix": [
        [
          -0.553191,
          -0.676232,
          0.486509,
          2.381781
        ],
        [
          -0.831702,
          0.481599,
          -0.276289,
          2.393717
        ],
        [
          -0.047466,
          -0.55747,
          -0.828839,
          1.303699
        ],
        [
          0.0,
          0.0,
          0.0,
          1.0
        ]
      ]
    },
    {
      "file_path": "/media/NFS/ttao/scannet/posed_images/scene0648_00/00348.jpg",
      "transform_matrix": [
        [
          -0.558208,
          -0.665405,
          0.495621,
          2.362716
        ],
        [
          -0.828587,
          0.478022,
          -0.291443,
          2.429811
        ],
        [
          -0.04299,
          -0.57335,
          -0.818182,
          1.311185
        ],
        [
          0.0,
          0.0,
          0.0,
          1.0
        ]
      ]
    },
    {
      "file_path": "/media/NFS/ttao/scannet/posed_images/scene0648_00/00368.jpg",
      "transform_matrix": [
        [
          -0.489507,
          -0.696147,
          0.525131,
          2.302066
        ],
        [
          -0.869831,
          0.432265,
          -0.237784,
          2.526734
        ],
        [
          -0.061463,
          -0.573172,
          -0.817127,
          1.321678
        ],
        [
          0.0,
          0.0,
          0.0,
          1.0
        ]
      ]
    },
    {
      "file_path": "/media/NFS/ttao/scannet/posed_images/scene0648_00/00377.jpg",
      "transform_matrix": [
        [
          -0.442594,
          -0.717151,
          0.538337,
          2.299571
        ],
        [
          -0.894742,
          0.393065,
          -0.211987,
          2.534544
        ],
        [
          -0.059575,
          -0.575496,
          -0.815632,
          1.325887
        ],
        [
          0.0,
          0.0,
          0.0,
          1.0
        ]
      ]
    },
    {
      "file_path": "/media/NFS/ttao/scannet/posed_images/scene0648_00/00398.jpg",
      "transform_matrix": [
        [
          -0.266894,
          -0.784939,
          0.559141,
          2.339315
        ],
        [
          -0.961708,
          0.254447,
          -0.10185,
          2.505115
        ],
        [
          -0.062325,
          -0.564914,
          -0.822793,
          1.325968
        ],
        [
          0.0,
          0.0,
          0.0,
          1.0
        ]
      ]
    },
    {
      "file_path": "/media/NFS/ttao/scannet/posed_images/scene0648_00/00406.jpg",
      "transform_matrix": [
        [
          -0.163374,
          -0.812497,
          0.559605,
          2.356929
        ],
        [
          -0.983908,
          0.175786,
          -0.032021,
          2.484729
        ],
        [
          -0.072354,
          -0.555831,
          -0.828141,
          1.329133
        ],
        [
          0.0,
          0.0,
          0.0,
          1.0
        ]
      ]
    },
    {
      "file_path": "/media/NFS/ttao/scannet/posed_images/scene0648_00/00423.jpg",
      "transform_matrix": [
        [
          -0.071222,
          -0.823501,
          0.562826,
          2.351665
        ],
        [
          -0.991407,
          0.120519,
          0.050881,
          2.515803
        ],
        [
          -0.109732,
          -0.554365,
          -0.825008,
          1.340724
        ],
        [
          0.0,
          0.0,
          0.0,
          1.0
        ]
      ]
    },
    {
      "file_path": "/media/NFS/ttao/scannet/posed_images/scene0648_00/00440.jpg",
      "transform_matrix": [
        [
          0.1876,
          -0.791457,
          0.581723,
          2.366782
        ],
        [
          -0.973715,
          -0.071964,
          0.216104,
          2.514293
        ],
        [
          -0.129173,
          -0.606974,
          -0.784154,
          1.360442
        ],
        [
          0.0,
          0.0,
          0.0,
          1.0
        ]
      ]
    },
    {
      "file_path": "/media/NFS/ttao/scannet/posed_images/scene0648_00/00444.jpg",
      "transform_matrix": [
        [
          0.269015,
          -0.777925,
          0.567858,
          2.372413
        ],
        [
          -0.956183,
          -0.145001,
          0.254339,
          2.507188
        ],
        [
          -0.115517,
          -0.611398,
          -0.782847,
          1.365734
        ],
        [
          0.0,
          0.0,
          0.0,
          1.0
        ]
      ]
    },
    {
      "file_path": "/media/NFS/ttao/scannet/posed_images/scene0648_00/00469.jpg",
      "transform_matrix": [
        [
          0.62742,
          -0.593548,
          0.504029,
          2.327326
        ],
        [
          -0.770601,
          -0.380278,
          0.511433,
          2.526343
        ],
        [
          -0.111888,
          -0.709288,
          -0.695982,
          1.400116
        ],
        [
          0.0,
          0.0,
          0.0,
          1.0
        ]
      ]
    },
    {
      "file_path": "/media/NFS/ttao/scannet/posed_images/scene0648_00/00482.jpg",
      "transform_matrix": [
        [
          0.675257,
          -0.536591,
          0.506061,
          2.29634
        ],
        [
          -0.732629,
          -0.408569,
          0.544359,
          2.591027
        ],
        [
          -0.085338,
          -0.738337,
          -0.669011,
          1.421584
        ],
        [
          0.0,
          0.0,
          0.0,
          1.0
        ]
      ]
    },
    {
      "file_path": "/media/NFS/ttao/scannet/posed_images/scene0648_00/00486.jpg",
      "transform_matrix": [
        [
          0.69734,
          -0.514301,
          0.499211,
          2.285702
        ],
        [
          -0.712318,
          -0.420035,
          0.562294,
          2.610224
        ],
        [
          -0.079503,
          -0.747707,
          -0.659253,
          1.425871
        ],
        [
          0.0,
          0.0,
          0.0,
          1.0
        ]
      ]
    },
    {
      "file_path": "/media/NFS/ttao/scannet/posed_images/scene0648_00/00498.jpg",
      "transform_matrix": [
        [
          0.755453,
          -0.429207,
          0.495048,
          2.252789
        ],
        [
          -0.652511,
          -0.424415,
          0.627776,
          2.661577
        ],
        [
          -0.05934,
          -0.797279,
          -0.600688,
          1.437016
        ],
        [
          0.0,
          0.0,
          0.0,
          1.0
        ]
      ]
    },
    {
      "file_path": "/media/NFS/ttao/scannet/posed_images/scene0648_00/00523.jpg",
      "transform_matrix": [
        [
          0.972691,
          -0.156822,
          0.171114,
          2.28865
        ],
        [
          -0.225535,
          -0.464423,
          0.856414,
          2.662355
        ],
        [
          -0.054835,
          -0.871618,
          -0.487109,
          1.464986
        ],
        [
          0.0,
          0.0,
          0.0,
          1.0
        ]
      ]
    },
    {
      "file_path": "/media/NFS/ttao/scannet/posed_images/scene0648_00/00528.jpg",
      "transform_matrix": [
        [
          0.990955,
          -0.095792,
          0.093982,
          2.296035
        ],
        [
          -0.128288,
          -0.470713,
          0.87291,
          2.648533
        ],
        [
          -0.039379,
          -0.877071,
          -0.478744,
          1.47143
        ],
        [
          0.0,
          0.0,
          0.0,
          1.0
        ]
      ]
    },
    {
      "file_path": "/media/NFS/ttao/scannet/posed_images/scene0648_00/00553.jpg",
      "transform_matrix": [
        [
          0.970637,
          0.062913,
          -0.232175,
          2.235179
        ],
        [
          0.237369,
          -0.40691,
          0.882088,
          2.595596
        ],
        [
          -0.03898,
          -0.911299,
          -0.409896,
          1.489142
        ],
        [
          0.0,
          0.0,
          0.0,
          1.0
        ]
      ]
    },
    {
      "file_path": "/media/NFS/ttao/scannet/posed_images/scene0648_00/00561.jpg",
      "transform_matrix": [
        [
          0.945364,
          0.090542,
          -0.313191,
          2.206605
        ],
        [
          0.322241,
          -0.405282,
          0.855516,
          2.591837
        ],
        [
          -0.04947,
          -0.909697,
          -0.412316,
          1.486587
        ],
        [
          0.0,
          0.0,
          0.0,
          1.0
        ]
      ]
    },
    {
      "file_path": "/media/NFS/ttao/scannet/posed_images/scene0648_00/00578.jpg",
      "transform_matrix": [
        [
          0.849144,
          0.195566,
          -0.490621,
          2.217927
        ],
        [
          0.527703,
          -0.352871,
          0.772665,
          2.540053
        ],
        [
          -0.022019,
          -0.915006,
          -0.402839,
          1.496855
        ],
        [
          0.0,
          0.0,
          0.0,
          1.0
        ]
      ]
    },
    {
      "file_path": "/media/NFS/ttao/scannet/posed_images/scene0648_00/00586.jpg",
      "transform_matrix": [
        [
          0.825955,
          0.20824,
          -0.523865,
          2.241203
        ],
        [
          0.563262,
          -0.342941,
          0.75175,
          2.522443
        ],
        [
          -0.02311,
          -0.915985,
          -0.400547,
          1.496237
        ],
        [
          0.0,
          0.0,
          0.0,
          1.0
        ]
      ]
    },
    {
      "file_path": "/media/NFS/ttao/scannet/posed_images/scene0648_00/00599.jpg",
      "transform_matrix": [
        [
          0.837495,
          0.181868,
          -0.515292,
          2.271095
        ],
        [
          0.545536,
          -0.332647,
          0.769244,
          2.50918
        ],
        [
          -0.03151,
          -0.925349,
          -0.377806,
          1.50187
        ],
        [
          0.0,
          0.0,
          0.0,
          1.0
        ]
      ]
    },
    {
      "file_path": "/media/NFS/ttao/scannet/posed_images/scene0648_00/00615.jpg",
      "transform_matrix": [
        [
          0.91498,
          0.102219,
          -0.390336,
          2.275878
        ],
        [
          0.402416,
          -0.301993,
          0.864212,
          2.509879
        ],
        [
          -0.02954,
          -0.947814,
          -0.317452,
          1.510082
        ],
        [
          0.0,
          0.0,
          0.0,
          1.0
        ]
      ]
    },
    {
      "file_path": "/media/NFS/ttao/scannet/posed_images/scene0648_00/00636.jpg",
      "transform_matrix": [
        [
          0.958668,
          0.039804,
          -0.28173,
          2.173106
        ],
        [
          0.284363,
          -0.100329,
          0.953452,
          2.501769
        ],
        [
          0.009686,
          -0.994158,
          -0.107502,
          1.538288
        ],
        [
          0.0,
          0.0,
          0.0,
          1.0
        ]
      ]
    },
    {
      "file_path": "/media/NFS/ttao/scannet/posed_images/scene0648_00/00645.jpg",
      "transform_matrix": [
        [
          0.928685,
          0.039494,
          -0.368761,
          2.162932
        ],
        [
          0.370709,
          -0.069558,
          0.926141,
          2.491158
        ],
        [
          0.010927,
          -0.996796,
          -0.079238,
          1.548084
        ],
        [
          0.0,
          0.0,
          0.0,
          1.0
        ]
      ]
    },
    {
      "file_path": "/media/NFS/ttao/scannet/posed_images/scene0648_00/00657.jpg",
      "transform_matrix": [
        [
          0.910357,
          0.024793,
          -0.413081,
          2.177737
        ],
        [
          0.41333,
          -0.005728,
          0.910563,
          2.476138
        ],
        [
          0.020209,
          -0.999676,
          -0.015462,
          1.566754
        ],
        [
          0.0,
          0.0,
          0.0,
          1.0
        ]
      ]
    },
    {
      "file_path": "/media/NFS/ttao/scannet/posed_images/scene0648_00/00674.jpg",
      "transform_matrix": [
        [
          0.924279,
          -0.023862,
          -0.38097,
          2.207828
        ],
        [
          0.37988,
          0.155304,
          0.911906,
          2.459484
        ],
        [
          0.037406,
          -0.987578,
          0.152609,
          1.611412
        ],
        [
          0.0,
          0.0,
          0.0,
          1.0
        ]
      ]
    },
    {
      "file_path": "/media/NFS/ttao/scannet/posed_images/scene0648_00/00682.jpg",
      "transform_matrix": [
        [
          0.915434,
          -0.042469,
          -0.400221,
          2.222119
        ],
        [
          0.401023,
          0.180423,
          0.898125,
          2.4553
        ],
        [
          0.034067,
          -0.982672,
          0.182196,
          1.622298
        ],
        [
          0.0,
          0.0,
          0.0,
          1.0
        ]
      ]
    },
    {
      "file_path": "/media/NFS/ttao/scannet/posed_images/scene0648_00/00699.jpg",
      "transform_matrix": [
        [
          0.848943,
          -0.057495,
          -0.525348,
          2.257868
        ],
        [
          0.527119,
          0.163532,
          0.833908,
          2.445733
        ],
        [
          0.037965,
          -0.984861,
          0.169136,
          1.653437
        ],
        [
          0.0,
          0.0,
          0.0,
          1.0
        ]
      ]
    },
    {
      "file_path": "/media/NFS/ttao/scannet/posed_images/scene0648_00/00720.jpg",
      "transform_matrix": [
        [
          0.696605,
          -0.077441,
          -0.713263,
          2.225891
        ],
        [
          0.717145,
          0.104377,
          0.689063,
          2.409764
        ],
        [
          0.021087,
          -0.991518,
          0.128245,
          1.624479
        ],
        [
          0.0,
          0.0,
          0.0,
          1.0
        ]
      ]
    },
    {
      "file_path": "/media/NFS/ttao/scannet/posed_images/scene0648_00/00733.jpg",
      "transform_matrix": [
        [
          0.580253,
          -0.05383,
          -0.812656,
          2.23361
        ],
        [
          0.814029,
          0.069893,
          0.576604,
          2.39868
        ],
        [
          0.02576,
          -0.996101,
          0.084374,
          1.604747
        ],
        [
          0.0,
          0.0,
          0.0,
          1.0
        ]
      ]
    },
    {
      "file_path": "/media/NFS/ttao/scannet/posed_images/scene0648_00/00741.jpg",
      "transform_matrix": [
        [
          0.509678,
          -0.037657,
          -0.859541,
          2.238398
        ],
        [
          0.859976,
          0.052364,
          0.507642,
          2.40634
        ],
        [
          0.025893,
          -0.997918,
          0.059073,
          1.609059
        ],
        [
          0.0,
          0.0,
          0.0,
          1.0
        ]
      ]
    },
    {
      "file_path": "/media/NFS/ttao/scannet/posed_images/scene0648_00/00762.jpg",
      "transform_matrix": [
        [
          0.43282,
          0.083224,
          -0.897631,
          2.145115
        ],
        [
          0.901193,
          -0.014797,
          0.433166,
          2.444681
        ],
        [
          0.022768,
          -0.996421,
          -0.081406,
          1.598286
        ],
        [
          0.0,
          0.0,
          0.0,
          1.0
        ]
      ]
    },
    {
      "file_path": "/media/NFS/ttao/scannet/posed_images/scene0648_00/00775.jpg",
      "transform_matrix": [
        [
          0.369807,
          0.215793,
          -0.903701,
          2.103669
        ],
        [
          0.929068,
          -0.095026,
          0.357496,
          2.482719
        ],
        [
          -0.00873,
          -0.971804,
          -0.235627,
          1.572726
        ],
        [
          0.0,
          0.0,
          0.0,
          1.0
        ]
      ]
    },
    {
      "file_path": "/media/NFS/ttao/scannet/posed_images/scene0648_00/00787.jpg",
      "transform_matrix": [
        [
          0.214299,
          0.322386,
          -0.922032,
          2.10625
        ],
        [
          0.97606,
          -0.106627,
          0.189574,
          2.551053
        ],
        [
          -0.037198,
          -0.940584,
          -0.337518,
          1.566794
        ],
        [
          0.0,
          0.0,
          0.0,
          1.0
        ]
      ]
    },
    {
      "file_path": "/media/NFS/ttao/scannet/posed_images/scene0648_00/00791.jpg",
      "transform_matrix": [
        [
          0.167348,
          0.328464,
          -0.929573,
          2.112502
        ],
        [
          0.985364,
          -0.086756,
          0.146737,
          2.564136
        ],
        [
          -0.032448,
          -0.940524,
          -0.338175,
          1.564983
        ],
        [
          0.0,
          0.0,
          0.0,
          1.0
        ]
      ]
    },
    {
      "file_path": "/media/NFS/ttao/scannet/posed_images/scene0648_00/00816.jpg",
      "transform_matrix": [
        [
          -0.033824,
          0.067747,
          -0.997129,
          2.131253
        ],
        [
          0.999299,
          -0.01374,
          -0.034831,
          2.562273
        ],
        [
          -0.01606,
          -0.997608,
          -0.067235,
          1.625661
        ],
        [
          0.0,
          0.0,
          0.0,
          1.0
        ]
      ]
    },
    {
      "file_path": "/media/NFS/ttao/scannet/posed_images/scene0648_00/00829.jpg",
      "transform_matrix": [
        [
          -0.093809,
          -0.029948,
          -0.99514,
          2.132748
        ],
        [
          0.995558,
          0.005169,
          -0.094004,
          2.522992
        ],
        [
          0.007959,
          -0.999538,
          0.02933,
          1.62989
        ],
        [
          0.0,
          0.0,
          0.0,
          1.0
        ]
      ]
    },
    {
      "file_path": "/media/NFS/ttao/scannet/posed_images/scene0648_00/00833.jpg",
      "transform_matrix": [
        [
          -0.12391,
          -0.025628,
          -0.991962,
          2.131256
        ],
        [
          0.992264,
          0.004523,
          -0.124064,
          2.512652
        ],
        [
          0.007666,
          -0.999661,
          0.024869,
          1.625915
        ],
        [
          0.0,
          0.0,
          0.0,
          1.0
        ]
      ]
    },
    {
      "file_path": "/media/NFS/ttao/scannet/posed_images/scene0648_00/00858.jpg",
      "transform_matrix": [
        [
          -0.301162,
          0.171171,
          -0.938084,
          2.096233
        ],
        [
          0.953419,
          0.071745,
          -0.292994,
          2.533569
        ],
        [
          0.017151,
          -0.982626,
          -0.184805,
          1.568203
        ],
        [
          0.0,
          0.0,
          0.0,
          1.0
        ]
      ]
    },
    {
      "file_path": "/media/NFS/ttao/scannet/posed_images/scene0648_00/00863.jpg",
      "transform_matrix": [
        [
          -0.304227,
          0.251779,
          -0.918724,
          2.081818
        ],
        [
          0.952531,
          0.091997,
          -0.29021,
          2.548647
        ],
        [
          0.011452,
          -0.963402,
          -0.267815,
          1.549555
        ],
        [
          0.0,
          0.0,
          0.0,
          1.0
        ]
      ]
    },
    {
      "file_path": "/media/NFS/ttao/scannet/posed_images/scene0648_00/00875.jpg",
      "transform_matrix": [
        [
          -0.317861,
          0.430144,
          -0.84495,
          2.056575
        ],
        [
          0.948065,
          0.133214,
          -0.288836,
          2.596227
        ],
        [
          -0.011682,
          -0.892878,
          -0.450148,
          1.505149
        ],
        [
          0.0,
          0.0,
          0.0,
          1.0
        ]
      ]
    },
    {
      "file_path": "/media/NFS/ttao/scannet/posed_images/scene0648_00/00900.jpg",
      "transform_matrix": [
        [
          -0.360742,
          0.699684,
          -0.61669,
          2.056777
        ],
        [
          0.932478,
          0.257326,
          -0.25351,
          2.646615
        ],
        [
          -0.018687,
          -0.666502,
          -0.745269,
          1.422154
        ],
        [
          0.0,
          0.0,
          0.0,
          1.0
        ]
      ]
    },
    {
      "file_path": "/media/NFS/ttao/scannet/posed_images/scene0648_00/00904.jpg",
      "transform_matrix": [
        [
          -0.342238,
          0.73099,
          -0.590362,
          2.063387
        ],
        [
          0.939512,
          0.256997,
          -0.226429,
          2.64305
        ],
        [
          -0.013796,
          -0.632145,
          -0.774728,
          1.407253
        ],
        [
          0.0,
          0.0,
          0.0,
          1.0
        ]
      ]
    },
    {
      "file_path": "/media/NFS/ttao/scannet/posed_images/scene0648_00/00925.jpg",
      "transform_matrix": [
        [
          -0.268579,
          0.841834,
          -0.468168,
          2.103242
        ],
        [
          0.96315,
          0.241963,
          -0.117457,
          2.591981
        ],
        [
          0.0144,
          -0.482463,
          -0.875798,
          1.355749
        ],
        [
          0.0,
          0.0,
          0.0,
          1.0
        ]
      ]
    },
    {
      "file_path": "/media/NFS/ttao/scannet/posed_images/scene0648_00/00942.jpg",
      "transform_matrix": [
        [
          -0.458962,
          0.706233,
          -0.539063,
          2.150856
        ],
        [
          0.888331,
          0.354591,
          -0.291776,
          2.593919
        ],
        [
          -0.014915,
          -0.612781,
          -0.790112,
          1.397068
        ],
        [
          0.0,
          0.0,
          0.0,
          1.0
        ]
      ]
    },
    {
      "file_path": "/media/NFS/ttao/scannet/posed_images/scene0648_00/00950.jpg",
      "transform_matrix": [
        [
          -0.548685,
          0.671861,
          -0.497542,
          2.176364
        ],
        [
          0.835497,
          0.419422,
          -0.355007,
          2.578305
        ],
        [
          -0.029836,
          -0.610482,
          -0.791468,
          1.408645
        ],
        [
          0.0,
          0.0,
          0.0,
          1.0
        ]
      ]
    },
    {
      "file_path": "/media/NFS/ttao/scannet/posed_images/scene0648_00/00967.jpg",
      "transform_matrix": [
        [
          -0.731199,
          0.578089,
          -0.362161,
          2.232239
        ],
        [
          0.68157,
          0.596956,
          -0.423209,
          2.52979
        ],
        [
          -0.028458,
          -0.556289,
          -0.830502,
          1.403889
        ],
        [
          0.0,
          0.0,
          0.0,
          1.0
        ]
      ]
    },
    {
      "file_path": "/media/NFS/ttao/scannet/posed_images/scene0648_00/00980.jpg",
      "transform_matrix": [
        [
          -0.807481,
          0.520973,
          -0.276697,
          2.263296
        ],
        [
          0.587042,
          0.663626,
          -0.463663,
          2.514891
        ],
        [
          -0.057932,
          -0.536832,
          -0.841698,
          1.406181
        ],
        [
          0.0,
          0.0,
          0.0,
          1.0
        ]
      ]
    },
    {
      "file_path": "/media/NFS/ttao/scannet/posed_images/scene0648_00/00988.jpg",
      "transform_matrix": [
        [
          -0.848021,
          0.481643,
          -0.221091,
          2.285355
        ],
        [
          0.526013,
          0.714115,
          -0.461899,
          2.505485
        ],
        [
          -0.064586,
          -0.507997,
          -0.858934,
          1.40052
        ],
        [
          0.0,
          0.0,
          0.0,
          1.0
        ]
      ]
    },
    {
      "file_path": "/media/NFS/ttao/scannet/posed_images/scene0648_00/01001.jpg",
      "transform_matrix": [
        [
          -0.918473,
          0.372316,
          -0.133372,
          2.332926
        ],
        [
          0.386471,
          0.773383,
          -0.502513,
          2.498501
        ],
        [
          -0.083946,
          -0.513089,
          -0.85422,
          1.399627
        ],
        [
          0.0,
          0.0,
          0.0,
          1.0
        ]
      ]
    },
    {
      "file_path": "/media/NFS/ttao/scannet/posed_images/scene0648_00/01017.jpg",
      "transform_matrix": [
        [
          -0.985895,
          0.150442,
          -0.073335,
          2.412987
        ],
        [
          0.166455,
          0.835761,
          -0.523255,
          2.501989
        ],
        [
          -0.017429,
          -0.528082,
          -0.849015,
          1.397204
        ],
        [
          0.0,
          0.0,
          0.0,
          1.0
        ]
      ]
    },
    {
      "file_path": "/media/NFS/ttao/scannet/posed_images/scene0648_00/01038.jpg",
      "transform_matrix": [
        [
          -0.997036,
          0.00828,
          -0.076492,
          2.571317
        ],
        [
          0.050465,
          0.820831,
          -0.568937,
          2.517209
        ],
        [
          0.058077,
          -0.571111,
          -0.818816,
          1.326177
        ],
        [
          0.0,
          0.0,
          0.0,
          1.0
        ]
      ]
    },
    {
      "file_path": "/media/NFS/ttao/scannet/posed_images/scene0648_00/01043.jpg",
      "transform_matrix": [
        [
          -0.996897,
          0.000761,
          -0.078709,
          2.590546
        ],
        [
          0.046867,
          0.809117,
          -0.585776,
          2.517725
        ],
        [
          0.063239,
          -0.587648,
          -0.806642,
          1.318145
        ],
        [
          0.0,
          0.0,
          0.0,
          1.0
        ]
      ]
    },
    {
      "file_path": "/media/NFS/ttao/scannet/posed_images/scene0648_00/01068.jpg",
      "transform_matrix": [
        [
          -0.998966,
          0.014581,
          0.043051,
          2.565966
        ],
        [
          -0.024335,
          0.628408,
          -0.777504,
          2.523182
        ],
        [
          -0.03839,
          -0.777748,
          -0.627403,
          1.41128
        ],
        [
          0.0,
          0.0,
          0.0,
          1.0
        ]
      ]
    },
    {
      "file_path": "/media/NFS/ttao/scannet/posed_images/scene0648_00/01080.jpg",
      "transform_matrix": [
        [
          -0.998543,
          0.052697,
          0.011599,
          2.536381
        ],
        [
          0.018737,
          0.540219,
          -0.841316,
          2.535992
        ],
        [
          -0.050601,
          -0.839873,
