{
  "frames": [
    {
      "file_path": "/media/NFS/ttao/scannet/posed_images/scene0381_01/00000.jpg",
      "transform_matrix": [
        [
          0.964375,
          -0.115548,
          0.237969,
          2.912845
        ],
        [
          -0.261711,
          -0.547906,
          0.794548,
          -0.26936
        ],
        [
          0.038576,
          -0.828521,
          -0.558627,
          2.754982
        ],
        [
          0.0,
          0.0,
          0.0,
          1.0
        ]
      ]
    },
    {
      "file_path": "/media/NFS/ttao/scannet/posed_images/scene0381_01/00002.jpg",
      "transform_matrix": [
        [
          0.962359,
          -0.118423,
          0.244625,
          2.913283
        ],
        [
          -0.268584,
          -0.552042,
          0.789375,
          -0.270261
        ],
        [
          0.041563,
          -0.825364,
          -0.563069,
          2.752496
        ],
        [
          0.0,
          0.0,
          0.0,
          1.0
        ]
      ]
    },
    {
      "file_path": "/media/NFS/ttao/scannet/posed_images/scene0381_01/00004.jpg",
      "transform_matrix": [
        [
          0.960348,
          -0.120715,
          0.251316,
          2.913154
        ],
        [
          -0.275135,
          -0.556085,
          0.784264,
          -0.268202
        ],
        [
          0.045081,
          -0.822312,
          -0.567248,
          2.753495
        ],
        [
          0.0,
          0.0,
          0.0,
          1.0
        ]
      ]
    },
    {
      "file_path": "/media/NFS/ttao/scannet/posed_images/scene0381_01/00007.jpg",
      "transform_matrix": [
        [
          0.956342,
          -0.131389,
          0.261049,
          2.913589
        ],
        [
          -0.288755,
          -0.562527,
          0.774715,
          -0.264809
        ],
        [
          0.045059,
          -0.816272,
          -0.575908,
          2.758326
        ],
        [
          0.0,
          0.0,
          0.0,
          1.0
        ]
      ]
    },
    {
      "file_path": "/media/NFS/ttao/scannet/posed_images/scene0381_01/00009.jpg",
      "transform_matrix": [
        [
          0.950874,
          -0.146478,
          0.272731,
          2.915585
        ],
        [
          -0.306887,
          -0.56189,
          0.76818,
          -0.258734
        ],
        [
          0.040723,
          -0.81414,
          -0.579239,
          2.772698
        ],
        [
          0.0,
          0.0,
          0.0,
          1.0
        ]
      ]
    },
    {
      "file_path": "/media/NFS/ttao/scannet/posed_images/scene0381_01/00013.jpg",
      "transform_matrix": [
        [
          0.941554,
          -0.169626,
          0.291037,
          2.913498
        ],
        [
          -0.334192,
          -0.578915,
          0.743757,
          -0.244635
        ],
        [
          0.042325,
          -0.797549,
          -0.601767,
          2.802759
        ],
        [
          0.0,
          0.0,
          0.0,
          1.0
        ]
      ]
    },
    {
      "file_path": "/media/NFS/ttao/scannet/posed_images/scene0381_01/00016.jpg",
      "transform_matrix": [
        [
          0.937942,
          -0.177355,
          0.298012,
          2.911878
        ],
        [
          -0.344968,
          -0.565203,
          0.749362,
          -0.230441
        ],
        [
          0.035534,
          -0.805662,
          -0.591309,
          2.835992
        ],
        [
          0.0,
          0.0,
          0.0,
          1.0
        ]
      ]
    },
    {
      "file_path": "/media/NFS/ttao/scannet/posed_images/scene0381_01/00018.jpg",
      "transform_matrix": [
        [
          0.9368,
          -0.185482,
          0.296651,
          2.908324
        ],
        [
          -0.349342,
          -0.542206,
          0.764181,
          -0.22131
        ],
        [
          0.019104,
          -0.819518,
          -0.572735,
          2.867597
        ],
        [
          0.0,
          0.0,
          0.0,
          1.0
        ]
      ]
    },
    {
      "file_path": "/media/NFS/ttao/scannet/posed_images/scene0381_01/00019.jpg",
      "transform_matrix": [
        [
          0.936237,
          -0.191371,
          0.294683,
          2.908113
        ],
        [
          -0.35116,
          -0.538569,
          0.765917,
          -0.214337
        ],
        [
          0.012133,
          -0.820561,
          -0.57143,
          2.881322
        ],
        [
          0.0,
          0.0,
          0.0,
          1.0
        ]
      ]
    },
    {
      "file_path": "/media/NFS/ttao/scannet/posed_images/scene0381_01/00022.jpg",
      "transform_matrix": [
        [
          0.934351,
          -0.195066,
          0.298225,
          2.909165
        ],
        [
          -0.356319,
          -0.523336,
          0.774052,
          -0.198036
        ],
        [
          0.005081,
          -0.829499,
          -0.558485,
          2.918425
        ],
        [
          0.0,
          0.0,
          0.0,
          1.0
        ]
      ]
    },
    {
      "file_path": "/media/NFS/ttao/scannet/posed_images/scene0381_01/00025.jpg",
      "transform_matrix": [
        [
          0.929433,
          -0.18789,
          0.317571,
          2.910545
        ],
        [
          -0.368752,
          -0.503847,
          0.781128,
          -0.177651
        ],
        [
          0.013241,
          -0.843111,
          -0.537577,
          2.958937
        ],
        [
          0.0,
          0.0,
          0.0,
          1.0
        ]
      ]
    },
    {
      "file_path": "/media/NFS/ttao/scannet/posed_images/scene0381_01/00027.jpg",
      "transform_matrix": [
        [
          0.928214,
          -0.179646,
          0.3258,
          2.912287
        ],
        [
          -0.371802,
          -0.479621,
          0.794813,
          -0.169762
        ],
        [
          0.013475,
          -0.85889,
          -0.511984,
          2.98214
        ],
        [
          0.0,
          0.0,
          0.0,
          1.0
        ]
      ]
    },
    {
      "file_path": "/media/NFS/ttao/scannet/posed_images/scene0381_01/00029.jpg",
      "transform_matrix": [
        [
          0.929056,
          -0.164207,
          0.331499,
          2.913999
        ],
        [
          -0.36971,
          -0.443701,
          0.81636,
          -0.161084
        ],
        [
          0.013035,
          -0.881002,
          -0.472932,
          3.019322
        ],
        [
          0.0,
          0.0,
          0.0,
          1.0
        ]
      ]
    },
    {
      "file_path": "/media/NFS/ttao/scannet/posed_images/scene0381_01/00031.jpg",
      "transform_matrix": [
        [
          0.928427,
          -0.159649,
          0.335464,
          2.913335
        ],
        [
          -0.371383,
          -0.422909,
          0.826573,
          -0.148597
        ],
        [
          0.009909,
          -0.891998,
          -0.451931,
          3.045685
        ],
        [
          0.0,
          0.0,
          0.0,
          1.0
        ]
      ]
    },
    {
      "file_path": "/media/NFS/ttao/scannet/posed_images/scene0381_01/00035.jpg",
      "transform_matrix": [
        [
          0.933215,
          -0.143913,
          0.32924,
          2.916729
        ],
        [
          -0.359316,
          -0.37018,
          0.856656,
          -0.14355
        ],
        [
          -0.001405,
          -0.917745,
          -0.397168,
          3.081575
        ],
        [
          0.0,
          0.0,
          0.0,
          1.0
        ]
      ]
    },
    {
      "file_path": "/media/NFS/ttao/scannet/posed_images/scene0381_01/00038.jpg",
      "transform_matrix": [
        [
          0.935333,
          -0.135494,
          0.326793,
          2.920408
        ],
        [
          -0.353613,
          -0.330753,
          0.874963,
          -0.135402
        ],
        [
          -0.010464,
          -0.93394,
          -0.357277,
          3.107842
        ],
        [
          0.0,
          0.0,
          0.0,
          1.0
        ]
      ]
    },
    {
      "file_path": "/media/NFS/ttao/scannet/posed_images/scene0381_01/00039.jpg",
      "transform_matrix": [
        [
          0.935098,
          -0.132313,
          0.328763,
          2.919165
        ],
        [
          -0.35414,
          -0.314031,
          0.880891,
          -0.136288
        ],
        [
          -0.013311,
          -0.940148,
          -0.340507,
          3.113846
        ],
        [
          0.0,
          0.0,
          0.0,
          1.0
        ]
      ]
    },
    {
      "file_path": "/media/NFS/ttao/scannet/posed_images/scene0381_01/00041.jpg",
      "transform_matrix": [
        [
          0.933674,
          -0.125019,
          0.335594,
          2.90527
        ],
        [
          -0.357812,
          -0.286552,
          0.88874,
          -0.131423
        ],
        [
          -0.014944,
          -0.949873,
          -0.31228,
          3.12233
        ],
        [
          0.0,
          0.0,
          0.0,
          1.0
        ]
      ]
    },
    {
      "file_path": "/media/NFS/ttao/scannet/posed_images/scene0381_01/00045.jpg",
      "transform_matrix": [
        [
          0.936702,
          -0.111592,
          0.33187,
          2.906896
        ],
        [
          -0.349634,
          -0.247745,
          0.903537,
          -0.131673
        ],
        [
          -0.018609,
          -0.962377,
          -0.27108,
          3.142403
        ],
        [
          0.0,
          0.0,
          0.0,
          1.0
        ]
      ]
    },
    {
      "file_path": "/media/NFS/ttao/scannet/posed_images/scene0381_01/00047.jpg",
      "transform_matrix": [
        [
          0.936464,
          -0.105071,
          0.334656,
          2.900104
        ],
        [
          -0.350297,
          -0.230999,
          0.907707,
          -0.133704
        ],
        [
          -0.018068,
          -0.967264,
          -0.253129,
          3.146206
        ],
        [
          0.0,
          0.0,
          0.0,
          1.0
        ]
      ]
    },
    {
      "file_path": "/media/NFS/ttao/scannet/posed_images/scene0381_01/00049.jpg",
      "transform_matrix": [
        [
          0.937498,
          -0.096995,
          0.334199,
          2.894521
        ],
        [
          -0.34737,
          -0.203529,
          0.915374,
          -0.132869
        ],
        [
          -0.020768,
          -0.974253,
          -0.224501,
          3.144941
        ],
        [
          0.0,
          0.0,
          0.0,
          1.0
        ]
      ]
    },
    {
      "file_path": "/media/NFS/ttao/scannet/posed_images/scene0381_01/00053.jpg",
      "transform_matrix": [
        [
          0.939952,
          -0.082902,
          0.331086,
          2.86316
        ],
        [
          -0.341051,
          -0.19058,
          0.920523,
          -0.127113
        ],
        [
          -0.013215,
          -0.978165,
          -0.20741,
          3.146871
        ],
        [
          0.0,
          0.0,
          0.0,
          1.0
        ]
      ]
    },
    {
      "file_path": "/media/NFS/ttao/scannet/posed_images/scene0381_01/00055.jpg",
      "transform_matrix": [
        [
          0.943622,
          -0.08241,
          0.320603,
          2.859395
        ],
        [
          -0.33071,
          -0.192481,
          0.923895,
          -0.121871
        ],
        [
          -0.014428,
          -0.977834,
          -0.208883,
          3.163921
        ],
        [
          0.0,
          0.0,
          0.0,
          1.0
        ]
      ]
    },
    {
      "file_path": "/media/NFS/ttao/scannet/posed_images/scene0381_01/00056.jpg",
      "transform_matrix": [
        [
          0.945245,
          -0.079363,
          0.316566,
          2.8557
        ],
        [
          -0.326095,
          -0.190413,
          0.925962,
          -0.123273
        ],
        [
          -0.013209,
          -0.978491,
          -0.205867,
          3.156943
        ],
        [
          0.0,
          0.0,
          0.0,
          1.0
        ]
      ]
    },
    {
      "file_path": "/media/NFS/ttao/scannet/posed_images/scene0381_01/00059.jpg",
      "transform_matrix": [
        [
          0.9488,
          -0.079327,
          0.305754,
          2.842625
        ],
        [
          -0.315546,
          -0.193735,
          0.928923,
          -0.127236
        ],
        [
          -0.014453,
          -0.977841,
          -0.208847,
          3.147606
        ],
        [
          0.0,
          0.0,
          0.0,
          1.0
        ]
      ]
    },
    {
      "file_path": "/media/NFS/ttao/scannet/posed_images/scene0381_01/00062.jpg",
      "transform_matrix": [
        [
          0.95261,
          -0.074774,
          0.29486,
          2.818834
        ],
        [
          -0.304033,
          -0.202569,
          0.930876,
          -0.135626
        ],
        [
          -0.009876,
          -0.976409,
          -0.215703,
          3.107436
        ],
        [
          0.0,
          0.0,
          0.0,
          1.0
        ]
      ]
    },
    {
      "file_path": "/media/NFS/ttao/scannet/posed_images/scene0381_01/00063.jpg",
      "transform_matrix": [
        [
          0.953668,
          -0.075092,
          0.29134,
          2.81092
        ],
        [
          -0.300721,
          -0.208321,
          0.930682,
          -0.134352
        ],
        [
          -0.009195,
          -0.975174,
          -0.221251,
          3.101612
        ],
        [
          0.0,
          0.0,
          0.0,
          1.0
        ]
      ]
    },
    {
      "file_path": "/media/NFS/ttao/scannet/posed_images/scene0381_01/00066.jpg",
      "transform_matrix": [
        [
          0.957383,
          -0.069121,
          0.280428,
          2.795665
        ],
        [
          -0.288815,
          -0.235362,
          0.928003,
          -0.134835
        ],
        [
          0.001858,
          -0.969447,
          -0.245295,
          3.070031
        ],
        [
          0.0,
          0.0,
          0.0,
          1.0
        ]
      ]
    },
    {
      "file_path": "/media/NFS/ttao/scannet/posed_images/scene0381_01/00070.jpg",
      "transform_matrix": [
        [
          0.964498,
          -0.057824,
          0.257684,
          2.773623
        ],
        [
          -0.26328,
          -0.286979,
          0.921046,
          -0.132728
        ],
        [
          0.020691,
          -0.95619,
          -0.292014,
          3.067137
        ],
        [
          0.0,
          0.0,
          0.0,
          1.0
        ]
      ]
    },
    {
      "file_path": "/media/NFS/ttao/scannet/posed_images/scene0381_01/00072.jpg",
      "transform_matrix": [
        [
          0.968134,
          -0.05539,
          0.244231,
          2.770498
        ],
        [
          -0.249243,
          -0.308052,
          0.91814,
          -0.136532
        ],
        [
          0.02438,
          -0.949756,
          -0.312041,
          3.049346
        ],
        [
          0.0,
          0.0,
          0.0,
          1.0
        ]
      ]
    },
    {
      "file_path": "/media/NFS/ttao/scannet/posed_images/scene0381_01/00075.jpg",
      "transform_matrix": [
        [
          0.971538,
          -0.05502,
          0.230406,
          2.756754
        ],
        [
          -0.23524,
          -0.338489,
          0.911091,
          -0.139165
        ],
        [
          0.027862,
          -0.93936,
          -0.341797,
          3.024033
        ],
        [
          0.0,
          0.0,
          0.0,
          1.0
        ]
      ]
    },
    {
      "file_path": "/media/NFS/ttao/scannet/posed_images/scene0381_01/00077.jpg",
      "transform_matrix": [
        [
          0.972604,
          -0.050865,
          0.226835,
          2.748254
        ],
        [
          -0.229563,
          -0.363935,
          0.902692,
          -0.136164
        ],
        [
          0.036638,
          -0.930034,
          -0.365641,
          3.011927
        ],
        [
          0.0,
          0.0,
          0.0,
          1.0
        ]
      ]
    },
    {
      "file_path": "/media/NFS/ttao/scannet/posed_images/scene0381_01/00078.jpg",
      "transform_matrix": [
        [
          0.973118,
          -0.046223,
          0.225619,
          2.74376
        ],
        [
          -0.226415,
          -0.371317,
          0.900478,
          -0.13722
        ],
        [
          0.042153,
          -0.927355,
          -0.371801,
          3.001453
        ],
        [
          0.0,
          0.0,
          0.0,
          1.0
        ]
      ]
    },
    {
      "file_path": "/media/NFS/ttao/scannet/posed_images/scene0381_01/00081.jpg",
      "transform_matrix": [
        [
          0.976349,
          -0.03196,
          0.213825,
          2.726884
        ],
        [
          -0.207663,
          -0.413816,
          0.886359,
          -0.14818
        ],
        [
          0.060156,
          -0.909799,
          -0.410666,
          2.959432
        ],
        [
          0.0,
          0.0,
          0.0,
          1.0
        ]
      ]
    },
    {
      "file_path": "/media/NFS/ttao/scannet/posed_images/scene0381_01/00083.jpg",
      "transform_matrix": [
        [
          0.978269,
          -0.036996,
          0.204014,
          2.722483
        ],
        [
          -0.199718,
          -0.432489,
          0.879242,
          -0.150213
        ],
        [
          0.055705,
          -0.90088,
          -0.430479,
          2.942916
        ],
        [
          0.0,
          0.0,
          0.0,
          1.0
        ]
      ]
    },
    {
      "file_path": "/media/NFS/ttao/scannet/posed_images/scene0381_01/00086.jpg",
      "transform_matrix": [
        [
          0.980135,
          -0.053846,
          0.190885,
          2.704454
        ],
        [
          -0.194124,
          -0.457704,
          0.867654,
          -0.151451
        ],
        [
          0.040649,
          -0.887472,
          -0.459065,
          2.919646
        ],
        [
          0.0,
          0.0,
          0.0,
          1.0
        ]
      ]
    },
    {
      "file_path": "/media/NFS/ttao/scannet/posed_images/scene0381_01/00090.jpg",
      "transform_matrix": [
        [
          0.984409,
          -0.070852,
          0.160993,
          2.700768
        ],
        [
          -0.174753,
          -0.498072,
          0.849345,
          -0.15885
        ],
        [
          0.020008,
          -0.864237,
          -0.502688,
          2.886284
        ],
        [
          0.0,
          0.0,
          0.0,
          1.0
        ]
      ]
    },
    {
      "file_path": "/media/NFS/ttao/scannet/posed_images/scene0381_01/00091.jpg",
      "transform_matrix": [
        [
          0.985147,
          -0.074058,
          0.154926,
          2.697198
        ],
        [
          -0.17094,
          -0.508651,
          0.843833,
          -0.158932
        ],
        [
          0.01631,
          -0.857782,
          -0.513755,
          2.878879
        ],
        [
          0.0,
          0.0,
          0.0,
          1.0
        ]
      ]
    },
    {
      "file_path": "/media/NFS/ttao/scannet/posed_images/scene0381_01/00093.jpg",
      "transform_matrix": [
        [
          0.986093,
          -0.077971,
          0.146771,
          2.686002
        ],
        [
          -0.165642,
          -0.533163,
          0.829638,
          -0.156955
        ],
        [
          0.013565,
          -0.842412,
          -0.538664,
          2.866999
        ],
        [
          0.0,
          0.0,
          0.0,
          1.0
        ]
      ]
    },
    {
      "file_path": "/media/NFS/ttao/scannet/posed_images/scene0381_01/00095.jpg",
      "transform_matrix": [
        [
          0.987424,
          -0.073204,
          0.140123,
          2.673371
        ],
        [
          -0.157081,
          -0.554415,
          0.817282,
          -0.156232
        ],
        [
          0.017858,
          -0.829015,
          -0.558941,
          2.854441
        ],
        [
          0.0,
          0.0,
          0.0,
          1.0
        ]
      ]
    },
    {
      "file_path": "/media/NFS/ttao/scannet/posed_images/scene0381_01/00098.jpg",
      "transform_matrix": [
        [
          0.987748,
          -0.065315,
          0.141731,
          2.65104
        ],
        [
          -0.152931,
          -0.585981,
          0.795763,
          -0.150122
        ],
        [
          0.031076,
          -0.807688,
          -0.58879,
          2.840986
        ],
        [
          0.0,
          0.0,
          0.0,
          1.0
        ]
      ]
    },
    {
      "file_path": "/media/NFS/ttao/scannet/posed_images/scene0381_01/00100.jpg",
      "transform_matrix": [
        [
          0.985689,
          -0.063255,
          0.15626,
          2.617223
        ],
        [
          -0.162293,
          -0.606808,
          0.778104,
          -0.133341
        ],
        [
          0.045601,
          -0.792328,
          -0.608389,
          2.831749
        ],
        [
          0.0,
          0.0,
          0.0,
          1.0
        ]
      ]
    },
    {
      "file_path": "/media/NFS/ttao/scannet/posed_images/scene0381_01/00103.jpg",
      "transform_matrix": [
        [
          0.982787,
          -0.066227,
          0.172463,
          2.582132
        ],
        [
          -0.176723,
          -0.60907,
          0.773177,
          -0.11508
        ],
        [
          0.053837,
          -0.790347,
          -0.61029,
          2.826888
        ],
        [
          0.0,
          0.0,
          0.0,
          1.0
        ]
      ]
    },
    {
      "file_path": "/media/NFS/ttao/scannet/posed_images/scene0381_01/00105.jpg",
      "transform_matrix": [
        [
          0.980361,
          -0.075014,
          0.182388,
          2.55044
        ],
        [
          -0.189483,
          -0.614663,
          0.765693,
          -0.098028
        ],
        [
          0.054669,
          -0.785215,
          -0.616806,
          2.825536
        ],
        [
          0.0,
          0.0,
          0.0,
          1.0
        ]
      ]
    },
    {
      "file_path": "/media/NFS/ttao/scannet/posed_images/scene0381_01/00109.jpg",
      "transform_matrix": [
        [
          0.977465,
          -0.091429,
          0.19027,
          2.487202
        ],
        [
          -0.205889,
          -0.611886,
          0.763679,
          -0.056781
        ],
        [
          0.046602,
          -0.785644,
          -0.616922,
          2.836707
        ],
        [
          0.0,
          0.0,
          0.0,
          1.0
        ]
      ]
    },
    {
      "file_path": "/media/NFS/ttao/scannet/posed_images/scene0381_01/00112.jpg",
      "transform_matrix": [
        [
          0.970531,
          -0.110169,
          0.21432,
          2.432921
        ],
        [
          -0.236921,
          -0.598747,
          0.765095,
          -0.027213
        ],
        [
          0.044034,
          -0.793325,
          -0.607204,
          2.842557
        ],
        [
          0.0,
          0.0,
          0.0,
          1.0
        ]
      ]
    },
    {
      "file_path": "/media/NFS/ttao/scannet/posed_images/scene0381_01/00113.jpg",
      "transform_matrix": [
        [
          0.967935,
          -0.119045,
          0.221202,
          2.412177
        ],
        [
          -0.24776,
          -0.597687,
          0.762487,
          -0.018753
        ],
        [
          0.041439,
          -0.792842,
          -0.608016,
          2.842478
        ],
        [
          0.0,
          0.0,
          0.0,
          1.0
        ]
      ]
    },
    {
      "file_path": "/media/NFS/ttao/scannet/posed_images/scene0381_01/00115.jpg",
      "transform_matrix": [
        [
          0.965992,
          -0.134631,
          0.220758,
          2.374842
        ],
        [
          -0.256771,
          -0.600074,
          0.757615,
          -0.00271
        ],
        [
          0.030473,
          -0.788534,
          -0.614236,
          2.843841
        ],
        [
          0.0,
          0.0,
          0.0,
          1.0
        ]
      ]
    },
    {
      "file_path": "/media/NFS/ttao/scannet/posed_images/scene0381_01/00119.jpg",
      "transform_matrix": [
        [
          0.965849,
          -0.145453,
          0.214429,
          2.29827
        ],
        [
          -0.258361,
          -0.603395,
          0.75443,
          0.034595
        ],
        [
          0.019651,
          -0.784065,
          -0.620367,
          2.852895
        ],
        [
          0.0,
          0.0,
          0.0,
          1.0
        ]
      ]
    },
    {
      "file_path": "/media/NFS/ttao/scannet/posed_images/scene0381_01/00120.jpg",
      "transform_matrix": [
        [
          0.965448,
          -0.143341,
          0.217634,
          2.281777
        ],
        [
          -0.259522,
          -0.604649,
          0.753026,
          0.045474
        ],
        [
          0.023653,
          -0.783488,
          -0.620957,
          2.85664
        ],
        [
          0.0,
          0.0,
          0.0,
          1.0
        ]
      ]
    },
    {
      "file_path": "/media/NFS/ttao/scannet/posed_images/scene0381_01/00124.jpg",
      "transform_matrix": [
        [
          0.964019,
          -0.123795,
          0.235251,
          2.215634
        ],
        [
          -0.261233,
          -0.605106,
          0.752067,
          0.072981
        ],
        [
          0.049249,
          -0.786462,
          -0.615672,
          2.866458
        ],
        [
          0.0,
          0.0,
          0.0,
          1.0
        ]
      ]
    },
    {
      "file_path": "/media/NFS/ttao/scannet/posed_images/scene0381_01/00126.jpg",
      "transform_matrix": [
        [
          0.965806,
          -0.109414,
          0.235051,
          2.179271
        ],
        [
          -0.252589,
          -0.601539,
          0.757859,
          0.085135
        ],
        [
          0.058472,
          -0.791315,
          -0.608606,
          2.867126
        ],
        [
          0.0,
          0.0,
          0.0,
          1.0
        ]
      ]
    },
    {
      "file_path": "/media/NFS/ttao/scannet/posed_images/scene0381_01/00128.jpg",
      "transform_matrix": [
        [
          0.966492,
          -0.097963,
          0.237271,
          2.142151
        ],
        [
          -0.247594,
          -0.599737,
          0.760929,
          0.100573
        ],
        [
          0.067757,
          -0.794178,
          -0.603896,
          2.866998
        ],
        [
          0.0,
          0.0,
          0.0,
          1.0
        ]
      ]
    },
    {
      "file_path": "/media/NFS/ttao/scannet/posed_images/scene0381_01/00131.jpg",
      "transform_matrix": [
        [
          0.964116,
          -0.11081,
          0.241252,
          2.082811
        ],
        [
          -0.258834,
          -0.594441,
          0.761344,
          0.13086
        ],
        [
          0.059045,
          -0.796468,
          -0.601791,
          2.860842
        ],
        [
          0.0,
          0.0,
          0.0,
          1.0
        ]
      ]
    },
    {
      "file_path": "/media/NFS/ttao/scannet/posed_images/scene0381_01/00134.jpg",
      "transform_matrix": [
        [
          0.965525,
          -0.1183,
          0.231878,
          2.024685
        ],
        [
          -0.255732,
          -0.597436,
          0.760047,
          0.1654
        ],
        [
          0.048618,
          -0.793143,
          -0.607092,
          2.860844
        ],
        [
          0.0,
          0.0,
          0.0,
          1.0
        ]
      ]
    },
    {
      "file_path": "/media/NFS/ttao/scannet/posed_images/scene0381_01/00136.jpg",
      "transform_matrix": [
        [
          0.967484,
          -0.120946,
          0.222142,
          1.979647
        ],
        [
          -0.250203,
          -0.586309,
          0.77048,
          0.183906
        ],
        [
          0.037058,
          -0.801008,
          -0.597506,
          2.863146
        ],
        [
          0.0,
          0.0,
          0.0,
          1.0
        ]
      ]
    },
    {
      "file_path": "/media/NFS/ttao/scannet/posed_images/scene0381_01/00137.jpg",
      "transform_matrix": [
        [
          0.969071,
          -0.123341,
          0.213748,
          1.954918
        ],
        [
          -0.245156,
          -0.580409,
          0.776546,
          0.197938
        ],
        [
          0.028281,
          -0.80493,
          -0.592696,
          2.86839
        ],
        [
          0.0,
          0.0,
          0.0,
          1.0
        ]
      ]
    },
    {
      "file_path": "/media/NFS/ttao/scannet/posed_images/scene0381_01/00141.jpg",
      "transform_matrix": [
        [
          0.975885,
          -0.112386,
          0.187132,
          1.871807
        ],
        [
          -0.217237,
          -0.583992,
          0.782152,
          0.212602
        ],
        [
          0.021381,
          -0.803942,
          -0.594323,
          2.85741
        ],
        [
          0.0,
          0.0,
          0.0,
          1.0
        ]
      ]
    },
    {
      "file_path": "/media/NFS/ttao/scannet/posed_images/scene0381_01/00142.jpg",
      "transform_matrix": [
        [
          0.976788,
          -0.106274,
          0.185988,
          1.851475
        ],
        [
          -0.212433,
          -0.59218,
          0.7773,
          0.219881
        ],
        [
          0.027532,
          -0.798767,
          -0.60101,
          2.857402
        ],
        [
          0.0,
          0.0,
          0.0,
          1.0
        ]
      ]
    },
    {
      "file_path": "/media/NFS/ttao/scannet/posed_images/scene0381_01/00145.jpg",
      "transform_matrix": [
        [
          0.974695,
          -0.10055,
          0.199649,
          1.767686
        ],
        [
          -0.21868,
          -0.614104,
          0.758324,
          0.242387
        ],
        [
          0.046356,
          -0.782794,
          -0.620552,
          2.855368
        ],
        [
          0.0,
          0.0,
          0.0,
          1.0
        ]
      ]
    },
    {
      "file_path": "/media/NFS/ttao/scannet/posed_images/scene0381_01/00147.jpg",
      "transform_matrix": [
        [
          0.96707,
          -0.120783,
          0.224024,
          1.70634
        ],
        [
          -0.249395,
          -0.625304,
          0.739457,
          0.257749
        ],
        [
          0.050769,
          -0.770977,
          -0.634836,
          2.846651
        ],
        [
          0.0,
          0.0,
          0.0,
          1.0
        ]
      ]
    },
    {
      "file_path": "/media/NFS/ttao/scannet/posed_images/scene0381_01/00150.jpg",
      "transform_matrix": [
        [
          0.956286,
          -0.145951,
          0.253409,
          1.641907
        ],
        [
          -0.286996,
          -0.634736,
          0.717457,
          0.278465
        ],
        [
          0.056134,
          -0.758821,
          -0.648876,
          2.846024
        ],
        [
          0.0,
          0.0,
          0.0,
          1.0
        ]
      ]
    },
    {
      "file_path": "/media/NFS/ttao/scannet/posed_images/scene0381_01/00152.jpg",
      "transform_matrix": [
        [
          0.943729,
          -0.171289,
          0.282907,
          1.603776
        ],
        [
          -0.325449,
          -0.633128,
          0.702305,
          0.286942
        ],
        [
          0.058819,
          -0.754857,
          -0.653247,
          2.846389
        ],
        [
          0.0,
          0.0,
          0.0,
          1.0
        ]
      ]
    },
    {
      "file_path": "/media/NFS/ttao/scannet/posed_images/scene0381_01/00156.jpg",
      "transform_matrix": [
        [
          0.909468,
          -0.232871,
          0.34444,
          1.530124
        ],
        [
          -0.409291,
          -0.647169,
          0.643159,
          0.29511
        ],
        [
          0.073138,
          -0.725909,
          -0.683891,
          2.846053
        ],
        [
          0.0,
          0.0,
          0.0,
          1.0
        ]
      ]
    },
    {
      "file_path": "/media/NFS/ttao/scannet/posed_images/scene0381_01/00157.jpg",
      "transform_matrix": [
        [
          0.901136,
          -0.245678,
          0.357207,
          1.509834
        ],
        [
          -0.426867,
          -0.646775,
          0.632034,
          0.297073
        ],
        [
          0.075755,
          -0.722028,
          -0.687704,
          2.847528
        ],
        [
          0.0,
          0.0,
          0.0,
          1.0
        ]
      ]
    },
    {
      "file_path": "/media/NFS/ttao/scannet/posed_images/scene0381_01/00161.jpg",
      "transform_matrix": [
        [
          0.874256,
          -0.300738,
          0.381095,
          1.442267
        ],
        [
          -0.480015,
          -0.652809,
          0.586026,
          0.307534
        ],
        [
          0.072542,
          -0.695268,
          -0.715081,
          2.852636
        ],
        [
          0.0,
          0.0,
          0.0,
          1.0
        ]
      ]
    },
    {
      "file_path": "/media/NFS/ttao/scannet/posed_images/scene0381_01/00163.jpg",
      "transform_matrix": [
        [
          0.860875,
          -0.315451,
          0.399231,
          1.413056
        ],
        [
          -0.502235,
          -0.652601,
          0.567338,
          0.3173
        ],
        [
          0.081571,
          -0.688914,
          -0.720238,
          2.855411
        ],
        [
          0.0,
          0.0,
          0.0,
          1.0
        ]
      ]
    },
    {
      "file_path": "/media/NFS/ttao/scannet/posed_images/scene0381_01/00164.jpg",
      "transform_matrix": [
        [
          0.854522,
          -0.321727,
          0.407779,
          1.394818
        ],
        [
          -0.51219,
          -0.652415,
          0.558583,
          0.323996
        ],
        [
          0.08633,
          -0.686182,
          -0.722289,
          2.855112
        ],
        [
          0.0,
          0.0,
          0.0,
          1.0
        ]
      ]
    },
    {
      "file_path": "/media/NFS/ttao/scannet/posed_images/scene0381_01/00168.jpg",
      "transform_matrix": [
        [
          0.845066,
          -0.335116,
          0.416606,
          1.338714
        ],
        [
          -0.526614,
          -0.656387,
          0.540217,
          0.351325
        ],
        [
          0.092419,
          -0.675909,
          -0.731167,
          2.853043
        ],
        [
          0.0,
          0.0,
          0.0,
          1.0
        ]
      ]
    },
    {
      "file_path": "/media/NFS/ttao/scannet/posed_images/scene0381_01/00169.jpg",
      "transform_matrix": [
        [
          0.844165,
          -0.33661,
          0.417229,
          1.323677
        ],
        [
          -0.527718,
          -0.658749,
          0.53625,
          0.362278
        ],
        [
          0.094342,
          -0.672862,
          -0.733727,
          2.852589
        ],
        [
          0.0,
          0.0,
          0.0,
          1.0
        ]
      ]
    },
    {
      "file_path": "/media/NFS/ttao/scannet/posed_images/scene0381_01/00172.jpg",
      "transform_matrix": [
        [
          0.846137,
          -0.334836,
          0.414654,
          1.271083
        ],
        [
          -0.524572,
          -0.660752,
          0.536871,
          0.406715
        ],
        [
          0.09422,
          -0.671782,
          -0.734732,
          2.854394
        ],
        [
          0.0,
          0.0,
          0.0,
          1.0
        ]
      ]
    },
    {
      "file_path": "/media/NFS/ttao/scannet/posed_images/scene0381_01/00175.jpg",
      "transform_matrix": [
        [
          0.864094,
          -0.321958,
          0.386892,
          1.24579
        ],
        [
          -0.497693,
          -0.661252,
          0.56129,
          0.440544
        ],
        [
          0.075121,
          -0.677561,
          -0.73162,
          2.861193
        ],
        [
          0.0,
          0.0,
          0.0,
          1.0
        ]
      ]
    },
    {
      "file_path": "/media/NFS/ttao/scannet/posed_images/scene0381_01/00177.jpg",
      "transform_matrix": [
        [
          0.866247,
          -0.320909,
          0.382928,
          1.212689
        ],
        [
          -0.495466,
          -0.650362,
          0.575798,
          0.472625
        ],
        [
          0.064263,
          -0.688511,
          -0.722373,
          2.867578
        ],
        [
          0.0,
          0.0,
          0.0,
          1.0
        ]
      ]
    },
    {
      "file_path": "/media/NFS/ttao/scannet/posed_images/scene0381_01/00179.jpg",
      "transform_matrix": [
        [
          0.866961,
          -0.318809,
          0.383066,
          1.178966
        ],
        [
          -0.495487,
          -0.634025,
          0.593721,
          0.502275
        ],
        [
          0.05359,
          -0.704537,
          -0.707641,
          2.874559
        ],
        [
          0.0,
          0.0,
          0.0,
          1.0
        ]
      ]
    },
    {
      "file_path": "/media/NFS/ttao/scannet/posed_images/scene0381_01/00183.jpg",
      "transform_matrix": [
        [
          0.873312,
          -0.317166,
          0.369773,
          1.088626
        ],
        [
          -0.485658,
          -0.626398,
          0.609723,
          0.583042
        ],
        [
          0.038242,
          -0.712062,
          -0.701075,
          2.891848
        ],
        [
          0.0,
          0.0,
          0.0,
          1.0
        ]
      ]
    },
    {
      "file_path": "/media/NFS/ttao/scannet/posed_images/scene0381_01/00185.jpg",
      "transform_matrix": [
        [
          0.877447,
          -0.309501,
          0.366463,
          1.051347
        ],
        [
          -0.478136,
          -0.625452,
          0.6166,
          0.617843
        ],
        [
          0.038367,
          -0.716253,
          -0.696785,
          2.904359
        ],
        [
          0.0,
          0.0,
          0.0,
          1.0
        ]
      ]
    },
    {
      "file_path": "/media/NFS/ttao/scannet/posed_images/scene0381_01/00188.jpg",
      "transform_matrix": [
        [
          0.877996,
          -0.302134,
          0.371265,
          0.987055
        ],
        [
          -0.477254,
          -0.612112,
          0.630513,
          0.67366
        ],
        [
          0.036757,
          -0.730776,
          -0.681627,
          2.920353
        ],
        [
          0.0,
          0.0,
          0.0,
          1.0
        ]
      ]
    },
    {
      "file_path": "/media/NFS/ttao/scannet/posed_images/scene0381_01/00190.jpg",
      "transform_matrix": [
        [
          0.868688,
          -0.308185,
          0.387818,
          0.955436
        ],
        [
          -0.493885,
          -0.599196,
          0.630113,
          0.701539
        ],
        [
          0.038188,
          -0.738909,
