{
  "frames": [
    {
      "file_path": "/media/NFS/ttao/scannet/posed_images/scene0396_01/00000.jpg",
      "transform_matrix": [
        [
          0.660042,
          0.437192,
          -0.610908,
          3.386932
        ],
        [
          0.751185,
          -0.37535,
          0.542985,
          1.039535
        ],
        [
          0.008084,
          -0.817298,
          -0.576159,
          1.311058
        ],
        [
          0.0,
          0.0,
          0.0,
          1.0
        ]
      ]
    },
    {
      "file_path": "/media/NFS/ttao/scannet/posed_images/scene0396_01/00004.jpg",
      "transform_matrix": [
        [
          0.646908,
          0.453437,
          -0.613111,
          3.341992
        ],
        [
          0.762084,
          -0.355762,
          0.540983,
          1.031942
        ],
        [
          0.027181,
          -0.817208,
          -0.575702,
          1.299603
        ],
        [
          0.0,
          0.0,
          0.0,
          1.0
        ]
      ]
    },
    {
      "file_path": "/media/NFS/ttao/scannet/posed_images/scene0396_01/00010.jpg",
      "transform_matrix": [
        [
          0.623595,
          0.454284,
          -0.636204,
          3.303268
        ],
        [
          0.781638,
          -0.348727,
          0.517138,
          1.023161
        ],
        [
          0.013066,
          -0.819766,
          -0.57255,
          1.262844
        ],
        [
          0.0,
          0.0,
          0.0,
          1.0
        ]
      ]
    },
    {
      "file_path": "/media/NFS/ttao/scannet/posed_images/scene0396_01/00015.jpg",
      "transform_matrix": [
        [
          0.633538,
          0.45832,
          -0.623356,
          3.265307
        ],
        [
          0.773318,
          -0.400798,
          0.491264,
          1.019404
        ],
        [
          -0.024684,
          -0.793286,
          -0.608348,
          1.236521
        ],
        [
          0.0,
          0.0,
          0.0,
          1.0
        ]
      ]
    },
    {
      "file_path": "/media/NFS/ttao/scannet/posed_images/scene0396_01/00019.jpg",
      "transform_matrix": [
        [
          0.654461,
          0.454291,
          -0.604401,
          3.248569
        ],
        [
          0.754438,
          -0.445266,
          0.482247,
          1.022583
        ],
        [
          -0.050039,
          -0.771595,
          -0.634143,
          1.220806
        ],
        [
          0.0,
          0.0,
          0.0,
          1.0
        ]
      ]
    },
    {
      "file_path": "/media/NFS/ttao/scannet/posed_images/scene0396_01/00020.jpg",
      "transform_matrix": [
        [
          0.659641,
          0.453605,
          -0.599263,
          3.24734
        ],
        [
          0.749769,
          -0.452486,
          0.482808,
          1.024237
        ],
        [
          -0.052154,
          -0.767789,
          -0.638577,
          1.219108
        ],
        [
          0.0,
          0.0,
          0.0,
          1.0
        ]
      ]
    },
    {
      "file_path": "/media/NFS/ttao/scannet/posed_images/scene0396_01/00024.jpg",
      "transform_matrix": [
        [
          0.673972,
          0.457284,
          -0.580218,
          3.252426
        ],
        [
          0.736791,
          -0.473322,
          0.482809,
          1.042316
        ],
        [
          -0.053849,
          -0.752899,
          -0.655929,
          1.212537
        ],
        [
          0.0,
          0.0,
          0.0,
          1.0
        ]
      ]
    },
    {
      "file_path": "/media/NFS/ttao/scannet/posed_images/scene0396_01/00032.jpg",
      "transform_matrix": [
        [
          0.689411,
          0.469079,
          -0.551976,
          3.294696
        ],
        [
          0.723953,
          -0.472054,
          0.503048,
          1.119655
        ],
        [
          -0.024593,
          -0.746411,
          -0.665031,
          1.225646
        ],
        [
          0.0,
          0.0,
          0.0,
          1.0
        ]
      ]
    },
    {
      "file_path": "/media/NFS/ttao/scannet/posed_images/scene0396_01/00035.jpg",
      "transform_matrix": [
        [
          0.688225,
          0.459993,
          -0.561028,
          3.328809
        ],
        [
          0.7252,
          -0.458303,
          0.513852,
          1.165095
        ],
        [
          -0.020752,
          -0.760504,
          -0.649002,
          1.233951
        ],
        [
          0.0,
          0.0,
          0.0,
          1.0
        ]
      ]
    },
    {
      "file_path": "/media/NFS/ttao/scannet/posed_images/scene0396_01/00037.jpg",
      "transform_matrix": [
        [
          0.683282,
          0.460322,
          -0.566771,
          3.35131
        ],
        [
          0.729957,
          -0.448717,
          0.515573,
          1.197331
        ],
        [
          -0.01699,
          -0.766,
          -0.642615,
          1.237925
        ],
        [
          0.0,
          0.0,
          0.0,
          1.0
        ]
      ]
    },
    {
      "file_path": "/media/NFS/ttao/scannet/posed_images/scene0396_01/00044.jpg",
      "transform_matrix": [
        [
          0.66079,
          0.485807,
          -0.572143,
          3.420249
        ],
        [
          0.75055,
          -0.421955,
          0.508556,
          1.315362
        ],
        [
          0.005642,
          -0.765471,
          -0.643446,
          1.251498
        ],
        [
          0.0,
          0.0,
          0.0,
          1.0
        ]
      ]
    },
    {
      "file_path": "/media/NFS/ttao/scannet/posed_images/scene0396_01/00045.jpg",
      "transform_matrix": [
        [
          0.663381,
          0.484818,
          -0.56998,
          3.427875
        ],
        [
          0.748221,
          -0.42011,
          0.51349,
          1.331774
        ],
        [
          0.009495,
          -0.767111,
          -0.641444,
          1.25506
        ],
        [
          0.0,
          0.0,
          0.0,
          1.0
        ]
      ]
    },
    {
      "file_path": "/media/NFS/ttao/scannet/posed_images/scene0396_01/00049.jpg",
      "transform_matrix": [
        [
          0.687076,
          0.473412,
          -0.551187,
          3.450926
        ],
        [
          0.726298,
          -0.42616,
          0.539332,
          1.385824
        ],
        [
          0.020432,
          -0.770888,
          -0.636643,
          1.263564
        ],
        [
          0.0,
          0.0,
          0.0,
          1.0
        ]
      ]
    },
    {
      "file_path": "/media/NFS/ttao/scannet/posed_images/scene0396_01/00054.jpg",
      "transform_matrix": [
        [
          0.705492,
          0.465803,
          -0.534142,
          3.469511
        ],
        [
          0.708192,
          -0.434327,
          0.556618,
          1.437607
        ],
        [
          0.027282,
          -0.770965,
          -0.636293,
          1.275847
        ],
        [
          0.0,
          0.0,
          0.0,
          1.0
        ]
      ]
    },
    {
      "file_path": "/media/NFS/ttao/scannet/posed_images/scene0396_01/00061.jpg",
      "transform_matrix": [
        [
          0.698303,
          0.453314,
          -0.553967,
          3.490296
        ],
        [
          0.715423,
          -0.416803,
          0.560754,
          1.475013
        ],
        [
          0.023303,
          -0.787897,
          -0.615366,
          1.28565
        ],
        [
          0.0,
          0.0,
          0.0,
          1.0
        ]
      ]
    },
    {
      "file_path": "/media/NFS/ttao/scannet/posed_images/scene0396_01/00066.jpg",
      "transform_matrix": [
        [
          0.70437,
          0.441236,
          -0.556034,
          3.492303
        ],
        [
          0.709359,
          -0.40894,
          0.574088,
          1.500214
        ],
        [
          0.025924,
          -0.798798,
          -0.60104,
          1.306748
        ],
        [
          0.0,
          0.0,
          0.0,
          1.0
        ]
      ]
    },
    {
      "file_path": "/media/NFS/ttao/scannet/posed_images/scene0396_01/00067.jpg",
      "transform_matrix": [
        [
          0.705222,
          0.439294,
          -0.556492,
          3.493215
        ],
        [
          0.708556,
          -0.409328,
          0.574804,
          1.504148
        ],
        [
          0.02472,
          -0.799669,
          -0.599932,
          1.309064
        ],
        [
          0.0,
          0.0,
          0.0,
          1.0
        ]
      ]
    },
    {
      "file_path": "/media/NFS/ttao/scannet/posed_images/scene0396_01/00071.jpg",
      "transform_matrix": [
        [
          0.707783,
          0.438267,
          -0.554044,
          3.494185
        ],
        [
          0.705728,
          -0.403735,
          0.58219,
          1.510169
        ],
        [
          0.031468,
          -0.803069,
          -0.595054,
          1.319427
        ],
        [
          0.0,
          0.0,
          0.0,
          1.0
        ]
      ]
    },
    {
      "file_path": "/media/NFS/ttao/scannet/posed_images/scene0396_01/00078.jpg",
      "transform_matrix": [
        [
          0.717311,
          0.414295,
          -0.5602,
          3.49667
        ],
        [
          0.695647,
          -0.380561,
          0.609302,
          1.523507
        ],
        [
          0.039241,
          -0.82676,
          -0.561184,
          1.347935
        ],
        [
          0.0,
          0.0,
          0.0,
          1.0
        ]
      ]
    },
    {
      "file_path": "/media/NFS/ttao/scannet/posed_images/scene0396_01/00080.jpg",
      "transform_matrix": [
        [
          0.720182,
          0.407019,
          -0.561848,
          3.498068
        ],
        [
          0.692613,
          -0.374738,
          0.616327,
          1.523917
        ],
        [
          0.040311,
          -0.83301,
          -0.551787,
          1.350531
        ],
        [
          0.0,
          0.0,
          0.0,
          1.0
        ]
      ]
    },
    {
      "file_path": "/media/NFS/ttao/scannet/posed_images/scene0396_01/00083.jpg",
      "transform_matrix": [
        [
          0.724394,
          0.402913,
          -0.559388,
          3.496681
        ],
        [
          0.687923,
          -0.369622,
          0.624613,
          1.526768
        ],
        [
          0.044903,
          -0.837282,
          -0.544925,
          1.358811
        ],
        [
          0.0,
          0.0,
          0.0,
          1.0
        ]
      ]
    },
    {
      "file_path": "/media/NFS/ttao/scannet/posed_images/scene0396_01/00091.jpg",
      "transform_matrix": [
        [
          0.736434,
          0.372918,
          -0.564444,
          3.489241
        ],
        [
          0.675104,
          -0.351336,
          0.64869,
          1.521557
        ],
        [
          0.043599,
          -0.858775,
          -0.510494,
          1.387719
        ],
        [
          0.0,
          0.0,
          0.0,
          1.0
        ]
      ]
    },
    {
      "file_path": "/media/NFS/ttao/scannet/posed_images/scene0396_01/00095.jpg",
      "transform_matrix": [
        [
          0.735136,
          0.355669,
          -0.577127,
          3.487625
        ],
        [
          0.677035,
          -0.341698,
          0.651818,
          1.518029
        ],
        [
          0.034628,
          -0.869909,
          -0.491995,
          1.401601
        ],
        [
          0.0,
          0.0,
          0.0,
          1.0
        ]
      ]
    },
    {
      "file_path": "/media/NFS/ttao/scannet/posed_images/scene0396_01/00099.jpg",
      "transform_matrix": [
        [
          0.729875,
          0.342669,
          -0.59149,
          3.48777
        ],
        [
          0.68301,
          -0.3302,
          0.65151,
          1.512575
        ],
        [
          0.027942,
          -0.879514,
          -0.475051,
          1.41592
        ],
        [
          0.0,
          0.0,
          0.0,
          1.0
        ]
      ]
    },
    {
      "file_path": "/media/NFS/ttao/scannet/posed_images/scene0396_01/00100.jpg",
      "transform_matrix": [
        [
          0.72921,
          0.335343,
          -0.596487,
          3.490335
        ],
        [
          0.683737,
          -0.322039,
          0.654824,
          1.509429
        ],
        [
          0.027499,
          -0.885345,
          -0.464121,
          1.417419
        ],
        [
          0.0,
          0.0,
          0.0,
          1.0
        ]
      ]
    },
    {
      "file_path": "/media/NFS/ttao/scannet/posed_images/scene0396_01/00105.jpg",
      "transform_matrix": [
        [
          0.732076,
          0.303618,
          -0.609821,
          3.490841
        ],
        [
          0.680808,
          -0.294816,
          0.67051,
          1.498843
        ],
        [
          0.023794,
          -0.906035,
          -0.422534,
          1.445226
        ],
        [
          0.0,
          0.0,
          0.0,
          1.0
        ]
      ]
    },
    {
      "file_path": "/media/NFS/ttao/scannet/posed_images/scene0396_01/00109.jpg",
      "transform_matrix": [
        [
          0.734732,
          0.281265,
          -0.617299,
          3.495781
        ],
        [
          0.678231,
          -0.287007,
          0.676483,
          1.492183
        ],
        [
          0.013102,
          -0.915705,
          -0.401637,
          1.464297
        ],
        [
          0.0,
          0.0,
          0.0,
          1.0
        ]
      ]
    },
    {
      "file_path": "/media/NFS/ttao/scannet/posed_images/scene0396_01/00115.jpg",
      "transform_matrix": [
        [
          0.749487,
          0.247504,
          -0.614012,
          3.515529
        ],
        [
          0.662017,
          -0.277812,
          0.6961,
          1.486394
        ],
        [
          0.001708,
          -0.928204,
          -0.372068,
          1.483784
        ],
        [
          0.0,
          0.0,
          0.0,
          1.0
        ]
      ]
    },
    {
      "file_path": "/media/NFS/ttao/scannet/posed_images/scene0396_01/00117.jpg",
      "transform_matrix": [
        [
          0.749595,
          0.242129,
          -0.616021,
          3.51981
        ],
        [
          0.661896,
          -0.275971,
          0.696946,
          1.483288
        ],
        [
          -0.001253,
          -0.930168,
          -0.367131,
          1.490133
        ],
        [
          0.0,
          0.0,
          0.0,
          1.0
        ]
      ]
    },
    {
      "file_path": "/media/NFS/ttao/scannet/posed_images/scene0396_01/00121.jpg",
      "transform_matrix": [
        [
          0.753488,
          0.220871,
          -0.619251,
          3.524792
        ],
        [
          0.657432,
          -0.262088,
          0.706466,
          1.464029
        ],
        [
          -0.006261,
          -0.939429,
          -0.342688,
          1.497165
        ],
        [
          0.0,
          0.0,
          0.0,
          1.0
        ]
      ]
    },
    {
      "file_path": "/media/NFS/ttao/scannet/posed_images/scene0396_01/00126.jpg",
      "transform_matrix": [
        [
          0.763187,
          0.199624,
          -0.61457,
          3.529341
        ],
        [
          0.646162,
          -0.242491,
          0.723653,
          1.455412
        ],
        [
          -0.004569,
          -0.949394,
          -0.314055,
          1.518418
        ],
        [
          0.0,
          0.0,
          0.0,
          1.0
        ]
      ]
    },
    {
      "file_path": "/media/NFS/ttao/scannet/posed_images/scene0396_01/00130.jpg",
      "transform_matrix": [
        [
          0.759355,
          0.180304,
          -0.625196,
          3.535748
        ],
        [
          0.650672,
          -0.206815,
          0.730653,
          1.448767
        ],
        [
          0.00244,
          -0.961623,
          -0.274365,
          1.532348
        ],
        [
          0.0,
          0.0,
          0.0,
          1.0
        ]
      ]
    },
    {
      "file_path": "/media/NFS/ttao/scannet/posed_images/scene0396_01/00136.jpg",
      "transform_matrix": [
        [
          0.765669,
          0.170114,
          -0.620332,
          3.533118
        ],
        [
          0.643041,
          -0.178792,
          0.744669,
          1.440186
        ],
        [
          0.015768,
          -0.969069,
          -0.246286,
          1.556154
        ],
        [
          0.0,
          0.0,
          0.0,
          1.0
        ]
      ]
    },
    {
      "file_path": "/media/NFS/ttao/scannet/posed_images/scene0396_01/00140.jpg",
      "transform_matrix": [
        [
          0.766115,
          0.158879,
          -0.622756,
          3.533841
        ],
        [
          0.642544,
          -0.167735,
          0.747665,
          1.436827
        ],
        [
          0.01433,
          -0.972945,
          -0.230592,
          1.560267
        ],
        [
          0.0,
          0.0,
          0.0,
          1.0
        ]
      ]
    },
    {
      "file_path": "/media/NFS/ttao/scannet/posed_images/scene0396_01/00143.jpg",
      "transform_matrix": [
        [
          0.766013,
          0.148498,
          -0.625438,
          3.533981
        ],
        [
          0.642681,
          -0.156334,
          0.750014,
          1.438406
        ],
        [
          0.013598,
          -0.976477,
          -0.215191,
          1.573841
        ],
        [
          0.0,
          0.0,
          0.0,
          1.0
        ]
      ]
    },
    {
      "file_path": "/media/NFS/ttao/scannet/posed_images/scene0396_01/00149.jpg",
      "transform_matrix": [
        [
          0.771058,
          0.119315,
          -0.625486,
          3.535864
        ],
        [
          0.636506,
          -0.116428,
          0.762433,
          1.426706
        ],
        [
          0.018145,
          -0.986006,
          -0.165717,
          1.58355
        ],
        [
          0.0,
          0.0,
          0.0,
          1.0
        ]
      ]
    },
    {
      "file_path": "/media/NFS/ttao/scannet/posed_images/scene0396_01/00150.jpg",
      "transform_matrix": [
        [
          0.770584,
          0.114255,
          -0.627013,
          3.537956
        ],
        [
          0.637159,
          -0.114814,
          0.762133,
          1.424083
        ],
        [
          0.015088,
          -0.986795,
          -0.161272,
          1.574531
        ],
        [
          0.0,
          0.0,
          0.0,
          1.0
        ]
      ]
    },
    {
      "file_path": "/media/NFS/ttao/scannet/posed_images/scene0396_01/00158.jpg",
      "transform_matrix": [
        [
          0.763414,
          0.111524,
          -0.636209,
          3.539816
        ],
        [
          0.645888,
          -0.139993,
          0.750487,
          1.414695
        ],
        [
          -0.005368,
          -0.983852,
          -0.178904,
          1.568872
        ],
        [
          0.0,
          0.0,
          0.0,
          1.0
        ]
      ]
    },
    {
      "file_path": "/media/NFS/ttao/scannet/posed_images/scene0396_01/00159.jpg",
      "transform_matrix": [
        [
          0.762614,
          0.112272,
          -0.637036,
          3.540951
        ],
        [
          0.646834,
          -0.140112,
          0.74965,
          1.414323
        ],
        [
          -0.005091,
          -0.98375,
          -0.179473,
          1.571661
        ],
        [
          0.0,
          0.0,
          0.0,
          1.0
        ]
      ]
    },
    {
      "file_path": "/media/NFS/ttao/scannet/posed_images/scene0396_01/00163.jpg",
      "transform_matrix": [
        [
          0.761575,
          0.111479,
          -0.638416,
          3.542174
        ],
        [
          0.647997,
          -0.115517,
          0.752832,
          1.405562
        ],
        [
          0.010177,
          -0.98703,
          -0.160214,
          1.57288
        ],
        [
          0.0,
          0.0,
          0.0,
          1.0
        ]
      ]
    },
    {
      "file_path": "/media/NFS/ttao/scannet/posed_images/scene0396_01/00168.jpg",
      "transform_matrix": [
        [
          0.769673,
          0.093122,
          -0.63161,
          3.544052
        ],
        [
          0.637813,
          -0.068395,
          0.767148,
          1.39729
        ],
        [
          0.02824,
          -0.993303,
          -0.112036,
          1.582598
        ],
        [
          0.0,
          0.0,
          0.0,
          1.0
        ]
      ]
    },
    {
      "file_path": "/media/NFS/ttao/scannet/posed_images/scene0396_01/00174.jpg",
      "transform_matrix": [
        [
          0.772497,
          0.073292,
          -0.630775,
          3.546424
        ],
        [
          0.633733,
          -0.025805,
          0.773122,
          1.38763
        ],
        [
          0.040387,
          -0.996977,
          -0.066382,
          1.594608
        ],
        [
          0.0,
          0.0,
          0.0,
          1.0
        ]
      ]
    },
    {
      "file_path": "/media/NFS/ttao/scannet/posed_images/scene0396_01/00177.jpg",
      "transform_matrix": [
        [
          0.776318,
          0.05342,
          -0.628074,
          3.549578
        ],
        [
          0.629303,
          -0.008501,
          0.777114,
          1.388001
        ],
        [
          0.036174,
          -0.998536,
          -0.040217,
          1.605183
        ],
        [
          0.0,
          0.0,
          0.0,
          1.0
        ]
      ]
    },
    {
      "file_path": "/media/NFS/ttao/scannet/posed_images/scene0396_01/00182.jpg",
      "transform_matrix": [
        [
          0.781377,
          0.030587,
          -0.62331,
          3.545718
        ],
        [
          0.622957,
          0.021118,
          0.781971,
          1.373606
        ],
        [
          0.037081,
          -0.999309,
          -0.002553,
          1.623203
        ],
        [
          0.0,
          0.0,
          0.0,
          1.0
        ]
      ]
    },
    {
      "file_path": "/media/NFS/ttao/scannet/posed_images/scene0396_01/00187.jpg",
      "transform_matrix": [
        [
          0.790645,
          0.017088,
          -0.612036,
          3.536991
        ],
        [
          0.610482,
          0.054426,
          0.790158,
          1.353427
        ],
        [
          0.046813,
          -0.998371,
          0.032599,
          1.631305
        ],
        [
          0.0,
          0.0,
          0.0,
          1.0
        ]
      ]
    },
    {
      "file_path": "/media/NFS/ttao/scannet/posed_images/scene0396_01/00189.jpg",
      "transform_matrix": [
        [
          0.796572,
          0.009644,
          -0.604466,
          3.531636
        ],
        [
          0.602775,
          0.063746,
          0.795361,
          1.342635
        ],
        [
          0.046203,
          -0.997919,
          0.044965,
          1.62908
        ],
        [
          0.0,
          0.0,
          0.0,
          1.0
        ]
      ]
    },
    {
      "file_path": "/media/NFS/ttao/scannet/posed_images/scene0396_01/00193.jpg",
      "transform_matrix": [
        [
          0.809982,
          0.000468,
          -0.586455,
          3.512644
        ],
        [
          0.585094,
          0.067432,
          0.808157,
          1.310258
        ],
        [
          0.039924,
          -0.997724,
          0.054345,
          1.636362
        ],
        [
          0.0,
          0.0,
          0.0,
          1.0
        ]
      ]
    },
    {
      "file_path": "/media/NFS/ttao/scannet/posed_images/scene0396_01/00200.jpg",
      "transform_matrix": [
        [
          -Infinity,
          -Infinity,
          -Infinity,
          -Infinity
        ],
        [
          -Infinity,
          -Infinity,
          -Infinity,
          -Infinity
        ],
        [
          -Infinity,
          -Infinity,
          -Infinity,
          -Infinity
        ],
        [
          -Infinity,
          -Infinity,
          -Infinity,
          -Infinity
        ]
      ]
    },
    {
      "file_path": "/media/NFS/ttao/scannet/posed_images/scene0396_01/00205.jpg",
      "transform_matrix": [
        [
          -Infinity,
          -Infinity,
          -Infinity,
          -Infinity
        ],
        [
          -Infinity,
          -Infinity,
          -Infinity,
          -Infinity
        ],
        [
          -Infinity,
          -Infinity,
          -Infinity,
          -Infinity
        ],
        [
          -Infinity,
          -Infinity,
          -Infinity,
          -Infinity
        ]
      ]
    },
    {
      "file_path": "/media/NFS/ttao/scannet/posed_images/scene0396_01/00208.jpg",
      "transform_matrix": [
        [
          -Infinity,
          -Infinity,
          -Infinity,
          -Infinity
        ],
        [
          -Infinity,
          -Infinity,
          -Infinity,
          -Infinity
        ],
        [
          -Infinity,
          -Infinity,
          -Infinity,
          -Infinity
        ],
        [
          -Infinity,
          -Infinity,
          -Infinity,
          -Infinity
        ]
      ]
    },
    {
      "file_path": "/media/NFS/ttao/scannet/posed_images/scene0396_01/00212.jpg",
      "transform_matrix": [
        [
          0.878652,
          0.146582,
          -0.454405,
          3.37036
        ],
        [
          0.477208,
          -0.23855,
          0.845793,
          1.201104
        ],
        [
          0.015579,
          -0.960004,
          -0.279553,
          1.490697
        ],
        [
          0.0,
          0.0,
          0.0,
          1.0
        ]
      ]
    },
    {
      "file_path": "/media/NFS/ttao/scannet/posed_images/scene0396_01/00217.jpg",
      "transform_matrix": [
        [
          0.863322,
          0.199857,
          -0.463392,
          3.342471
        ],
        [
          0.503895,
          -0.291046,
          0.813254,
          1.197708
        ],
        [
          0.027666,
          -0.935601,
          -0.351974,
          1.459143
        ],
        [
          0.0,
          0.0,
          0.0,
          1.0
        ]
      ]
    },
    {
      "file_path": "/media/NFS/ttao/scannet/posed_images/scene0396_01/00220.jpg",
      "transform_matrix": [
        [
          0.859351,
          0.227403,
          -0.458044,
          3.332152
        ],
        [
          0.510434,
          -0.326773,
          0.79541,
          1.209617
        ],
        [
          0.031202,
          -0.917337,
          -0.396887,
          1.445525
        ],
        [
          0.0,
          0.0,
          0.0,
          1.0
        ]
      ]
    },
    {
      "file_path": "/media/NFS/ttao/scannet/posed_images/scene0396_01/00222.jpg",
      "transform_matrix": [
        [
          0.861073,
          0.231372,
          -0.452792,
          3.328672
        ],
        [
          0.507923,
          -0.349636,
          0.787254,
          1.215018
        ],
        [
          0.023836,
          -0.907866,
          -0.418582,
          1.429277
        ],
        [
          0.0,
          0.0,
          0.0,
          1.0
        ]
      ]
    },
    {
      "file_path": "/media/NFS/ttao/scannet/posed_images/scene0396_01/00226.jpg",
      "transform_matrix": [
        [
          0.869893,
          0.251177,
          -0.424495,
          3.310387
        ],
        [
          0.492454,
          -0.393694,
          0.776205,
          1.231883
        ],
        [
          0.027843,
          -0.88426,
          -0.466165,
          1.397821
        ],
        [
          0.0,
          0.0,
          0.0,
          1.0
        ]
      ]
    },
    {
      "file_path": "/media/NFS/ttao/scannet/posed_images/scene0396_01/00232.jpg",
      "transform_matrix": [
        [
          0.898318,
          0.242542,
          -0.366331,
          3.280744
        ],
        [
          0.43897,
          -0.460994,
          0.771227,
          1.28459
        ],
        [
          0.018178,
          -0.853615,
          -0.520588,
          1.364233
        ],
        [
          0.0,
          0.0,
          0.0,
          1.0
        ]
      ]
    },
    {
      "file_path": "/media/NFS/ttao/scannet/posed_images/scene0396_01/00237.jpg",
      "transform_matrix": [
        [
          0.928651,
          0.224667,
          -0.295183,
          3.251524
        ],
        [
          0.370027,
          -0.504746,
          0.779943,
          1.336307
        ],
        [
          0.026235,
          -0.83352,
          -0.551866,
          1.346412
        ],
        [
          0.0,
          0.0,
          0.0,
          1.0
        ]
      ]
    },
    {
      "file_path": "/media/NFS/ttao/scannet/posed_images/scene0396_01/00239.jpg",
      "transform_matrix": [
        [
          0.93634,
          0.219429,
          -0.274075,
          3.238365
        ],
        [
          0.349749,
          -0.514707,
          0.782785,
          1.352786
        ],
        [
          0.030697,
          -0.828811,
          -0.558686,
          1.340546
        ],
        [
          0.0,
          0.0,
          0.0,
          1.0
        ]
      ]
    },
    {
      "file_path": "/media/NFS/ttao/scannet/posed_images/scene0396_01/00244.jpg",
      "transform_matrix": [
        [
          0.943259,
          0.22271,
          -0.246296,
          3.196357
        ],
        [
          0.328152,
          -0.511801,
          0.793962,
          1.379353
        ],
        [
          0.050769,
          -0.829735,
          -0.555844,
          1.331586
        ],
        [
          0.0,
          0.0,
          0.0,
          1.0
        ]
      ]
    },
    {
      "file_path": "/media/NFS/ttao/scannet/posed_images/scene0396_01/00250.jpg",
      "transform_matrix": [
        [
          0.939727,
          0.241667,
          -0.241887,
          3.14494
        ],
        [
          0.33552,
          -0.51546,
          0.788497,
          1.399197
        ],
        [
          0.065871,
          -0.82213,
          -0.565476,
          1.323052
        ],
        [
          0.0,
          0.0,
          0.0,
          1.0
        ]
      ]
    },
    {
      "file_path": "/media/NFS/ttao/scannet/posed_images/scene0396_01/00255.jpg",
      "transform_matrix": [
        [
          0.933353,
          0.248512,
          -0.259025,
          3.120192
        ],
        [
          0.355333,
          -0.537338,
          0.764857,
          1.416604
        ],
        [
          0.050892,
          -0.805921,
          -0.589831,
          1.313051
        ],
        [
          0.0,
          0.0,
          0.0,
          1.0
        ]
      ]
    },
    {
      "file_path": "/media/NFS/ttao/scannet/posed_images/scene0396_01/00259.jpg",
      "transform_matrix": [
        [
          0.932517,
          0.234546,
          -0.27459,
          3.121733
        ],
        [
          0.359845,
          -0.539546,
          0.761184,
          1.444676
        ],
        [
          0.030379,
          -0.808627,
          -0.587537,
          1.308675
        ],
        [
          0.0,
          0.0,
          0.0,
          1.0
        ]
      ]
    },
    {
      "file_path": "/media/NFS/ttao/scannet/posed_images/scene0396_01/00260.jpg",
      "transform_matrix": [
        [
          0.931408,
          0.229545,
          -0.282469,
          3.128609
        ],
        [
          0.363412,
          -0.543257,
          0.756838,
          1.460003
        ],
        [
          0.020275,
          -0.807577,
          -0.589413,
          1.308111
        ],
        [
          0.0,
          0.0,
          0.0,
          1.0
        ]
      ]
    },
    {
      "file_path": "/media/NFS/ttao/scannet/posed_images/scene0396_01/00268.jpg",
      "transform_matrix": [
        [
          0.890197,
          0.270114,
          -0.366861,
          3.193544
        ],
        [
          0.455574,
          -0.525685,
          0.718407,
          1.592756
        ],
        [
          0.001199,
          -0.806656,
          -0.59102,
          1.302918
        ],
        [
          0.0,
          0.0,
          0.0,
          1.0
        ]
      ]
    },
    {
      "file_path": "/media/NFS/ttao/scannet/posed_images/scene0396_01/00269.jpg",
      "transform_matrix": [
        [
          0.882035,
          0.279846,
          -0.379079,
          3.206373
        ],
        [
          0.471171,
          -0.517865,
          0.714012,
          1.613971
        ],
        [
          0.003502,
          -0.808395,
          -0.588631,
          1.303231
        ],
        [
          0.0,
          0.0,
          0.0,
          1.0
        ]
      ]
    },
    {
      "file_path": "/media/NFS/ttao/scannet/posed_images/scene0396_01/00273.jpg",
      "transform_matrix": [
        [
          0.858904,
          0.325871,
          -0.395085,
          3.253034
        ],
        [
          0.510952,
          -0.492817,
          0.704315,
          1.701828
        ],
        [
          0.034812,
          -0.806808,
          -0.589787,
          1.304296
        ],
        [
          0.0,
          0.0,
          0.0,
          1.0
        ]
      ]
    },
    {
      "file_path": "/media/NFS/ttao/scannet/posed_images/scene0396_01/00280.jpg",
      "transform_matrix": [
        [
          0.822545,
          0.356164,
          -0.443358,
          3.307203
        ],
        [
          0.56847,
          -0.492792,
          0.658785,
          1.820177
        ],
        [
          0.016153,
          -0.793916,
          -0.607812,
          1.308096
        ],
        [
          0.0,
          0.0,
          0.0,
          1.0
        ]
      ]
    },
    {
      "file_path": "/media/NFS/ttao/scannet/posed_images/scene0396_01/00282.jpg",
      "transform_matrix": [
        [
          0.812943,
          0.363334,
          -0.455095,
          3.317012
        ],
        [
          0.58226,
          -0.493924,
          0.645765,
          1.849415
        ],
        [
          0.009846,
          -0.789954,
          -0.613087,
          1.302988
        ],
        [
          0.0,
          0.0,
          0.0,
          1.0
        ]
      ]
    },
    {
      "file_path": "/media/NFS/ttao/scannet/posed_images/scene0396_01/00285.jpg",
      "transform_matrix": [
        [
          0.797965,
          0.37898,
          -0.468643,
          3.323198
        ],
        [
          0.602699,
          -0.498654,
          0.622975,
          1.89295
        ],
        [
          0.002404,
          -0.779563,
          -0.62632,
          1.29588
        ],
        [
          0.0,
          0.0,
          0.0,
          1.0
        ]
      ]
    },
    {
      "file_path": "/media/NFS/ttao/scannet/posed_images/scene0396_01/00292.jpg",
      "transform_matrix": [
        [
          0.761325,
          0.451973,
          -0.46487,
          3.317376
        ],
        [
          0.647315,
          -0.488964,
          0.58472,
          1.989937
        ],
        [
          0.036973,
          -0.74608,
          -0.664829,
          1.272448
        ],
        [
          0.0,
          0.0,
          0.0,
          1.0
        ]
      ]
    },
    {
      "file_path": "/media/NFS/ttao/scannet/posed_images/scene0396_01/00294.jpg",
      "transform_matrix": [
        [
          0.751273,
          0.472857,
          -0.460429,
          3.313523
        ],
        [
          0.658622,
          -0.492219,
          0.569155,
          2.01801
        ],
        [
          0.042497,
          -0.73084,
          -0.681225,
          1.269013
        ],
        [
          0.0,
          0.0,
          0.0,
          1.0
        ]
      ]
    },
    {
      "file_path": "/media/NFS/ttao/scannet/posed_images/scene0396_01/00298.jpg",
      "transform_matrix": [
        [
          0.729139,
          0.493933,
          -0.473694,
          3.313471
        ],
        [
          0.683469,
          -0.490137,
          0.540959,
          2.069862
        ],
        [
          0.035023,
          -0.71819,
          -0.694966,
          1.264713
        ],
        [
          0.0,
          0.0,
          0.0,
          1.0
        ]
      ]
    },
    {
      "file_path": "/media/NFS/ttao/scannet/posed_images/scene0396_01/00302.jpg",
      "transform_matrix": [
        [
          0.723953,
          0.499351,
          -0.475963,
          3.31821
        ],
        [
          0.689676,
          -0.508455,
          0.515578,
          2.126152
        ],
        [
          0.015449,
          -0.701514,
          -0.712488,
          1.262539
        ],
        [
          0.0,
          0.0,
          0.0,
          1.0
        ]
      ]
    },
    {
      "file_path": "/media/NFS/ttao/scannet/posed_images/scene0396_01/00308.jpg",
      "transform_matrix": [
        [
          0.698616,
          0.527904,
          -0.482963,
          3.322776
        ],
        [
          0.715011,
          -0.490228,
          0.498433,
          2.198809
        ],
        [
          0.026362,
          -0.693537,
          -0.719939,
          1.263123
        ],
        [
          0.0,
          0.0,
          0.0,
          1.0
        ]
      ]
    },
    {
      "file_path": "/media/NFS/ttao/scannet/posed_images/scene0396_01/00313.jpg",
      "transform_matrix": [
        [
          0.686922,
          0.538475,
          -0.48804,
          3.337191
        ],
        [
          0.726117,
          -0.480941,
          0.491375,
          2.242834
        ],
        [
          0.029875,
          -0.69191,
          -0.721365,
          1.265212
        ],
        [
          0.0,
          0.0,
          0.0,
          1.0
        ]
      ]
    },
    {
      "file_path": "/media/NFS/ttao/scannet/posed_images/scene0396_01/00314.jpg",
      "transform_matrix": [
        [
          0.684992,
          0.543011,
          -0.485722,
          3.337291
        ],
        [
          0.727804,
          -0.479843,
          0.489951,
          2.248255
        ],
        [
          0.032978,
          -0.689122,
          -0.723894,
          1.266482
        ],
        [
          0.0,
          0.0,
          0.0,
          1.0
        ]
      ]
    },
    {
      "file_path": "/media/NFS/ttao/scannet/posed_images/scene0396_01/00322.jpg",
      "transform_matrix": [
        [
          0.679147,
          0.564254,
          -0.469443,
          3.325697
        ],
        [
          0.732609,
          -0.48171,
          0.480874,
          2.237858
        ],
        [
          0.0452,
          -0.670502,
          -0.740529,
          1.261193
        ],
        [
          0.0,
          0.0,
          0.0,
          1.0
        ]
      ]
    },
    {
      "file_path": "/media/NFS/ttao/scannet/posed_images/scene0396_01/00326.jpg",
      "transform_matrix": [
        [
          0.756957,
          0.513948,
          -0.403576,
          3.317917
        ],
        [
          0.650596,
          -0.534919,
          0.539061,
          2.222867
        ],
        [
          0.061168,
          -0.670611,
          -0.739283,
