{
  "frames": [
    {
      "file_path": "/media/NFS/ttao/scannet/posed_images/scene0100_00/00000.jpg",
      "transform_matrix": [
        [
          -0.922168,
          0.178823,
          -0.342969,
          3.207336
        ],
        [
          0.38661,
          0.453076,
          -0.803278,
          1.959871
        ],
        [
          0.011746,
          -0.873352,
          -0.486947,
          1.267555
        ],
        [
          0.0,
          0.0,
          0.0,
          1.0
        ]
      ]
    },
    {
      "file_path": "/media/NFS/ttao/scannet/posed_images/scene0100_00/00003.jpg",
      "transform_matrix": [
        [
          -0.910706,
          0.180669,
          -0.371448,
          3.200821
        ],
        [
          0.412445,
          0.446604,
          -0.793999,
          1.957629
        ],
        [
          0.022439,
          -0.876301,
          -0.481241,
          1.277707
        ],
        [
          0.0,
          0.0,
          0.0,
          1.0
        ]
      ]
    },
    {
      "file_path": "/media/NFS/ttao/scannet/posed_images/scene0100_00/00008.jpg",
      "transform_matrix": [
        [
          -0.900624,
          0.182831,
          -0.39427,
          3.199049
        ],
        [
          0.433625,
          0.438735,
          -0.787071,
          1.955501
        ],
        [
          0.029079,
          -0.879821,
          -0.474416,
          1.284613
        ],
        [
          0.0,
          0.0,
          0.0,
          1.0
        ]
      ]
    },
    {
      "file_path": "/media/NFS/ttao/scannet/posed_images/scene0100_00/00012.jpg",
      "transform_matrix": [
        [
          -0.893935,
          0.181097,
          -0.409982,
          3.198195
        ],
        [
          0.4469,
          0.429715,
          -0.784618,
          1.959328
        ],
        [
          0.034083,
          -0.884618,
          -0.465069,
          1.286604
        ],
        [
          0.0,
          0.0,
          0.0,
          1.0
        ]
      ]
    },
    {
      "file_path": "/media/NFS/ttao/scannet/posed_images/scene0100_00/00013.jpg",
      "transform_matrix": [
        [
          -0.892524,
          0.180765,
          -0.413188,
          3.196818
        ],
        [
          0.449583,
          0.429153,
          -0.783392,
          1.959757
        ],
        [
          0.035711,
          -0.884958,
          -0.464299,
          1.287971
        ],
        [
          0.0,
          0.0,
          0.0,
          1.0
        ]
      ]
    },
    {
      "file_path": "/media/NFS/ttao/scannet/posed_images/scene0100_00/00016.jpg",
      "transform_matrix": [
        [
          -0.887676,
          0.177296,
          -0.424967,
          3.190433
        ],
        [
          0.458609,
          0.423271,
          -0.781358,
          1.961726
        ],
        [
          0.041344,
          -0.888486,
          -0.457037,
          1.297254
        ],
        [
          0.0,
          0.0,
          0.0,
          1.0
        ]
      ]
    },
    {
      "file_path": "/media/NFS/ttao/scannet/posed_images/scene0100_00/00022.jpg",
      "transform_matrix": [
        [
          -0.875155,
          0.173619,
          -0.451619,
          3.180475
        ],
        [
          0.481956,
          0.395157,
          -0.782029,
          1.966246
        ],
        [
          0.042685,
          -0.902057,
          -0.4295,
          1.316892
        ],
        [
          0.0,
          0.0,
          0.0,
          1.0
        ]
      ]
    },
    {
      "file_path": "/media/NFS/ttao/scannet/posed_images/scene0100_00/00023.jpg",
      "transform_matrix": [
        [
          -0.872329,
          0.173248,
          -0.457196,
          3.178592
        ],
        [
          0.48701,
          0.390472,
          -0.781251,
          1.96766
        ],
        [
          0.043173,
          -0.904166,
          -0.424993,
          1.319528
        ],
        [
          0.0,
          0.0,
          0.0,
          1.0
        ]
      ]
    },
    {
      "file_path": "/media/NFS/ttao/scannet/posed_images/scene0100_00/00026.jpg",
      "transform_matrix": [
        [
          -0.864145,
          0.173496,
          -0.472391,
          3.170851
        ],
        [
          0.501275,
          0.379701,
          -0.777529,
          1.969947
        ],
        [
          0.044469,
          -0.908695,
          -0.415086,
          1.329769
        ],
        [
          0.0,
          0.0,
          0.0,
          1.0
        ]
      ]
    },
    {
      "file_path": "/media/NFS/ttao/scannet/posed_images/scene0100_00/00031.jpg",
      "transform_matrix": [
        [
          -0.847227,
          0.18596,
          -0.49762,
          3.161412
        ],
        [
          0.529551,
          0.370092,
          -0.763288,
          1.970515
        ],
        [
          0.042223,
          -0.910193,
          -0.412027,
          1.321611
        ],
        [
          0.0,
          0.0,
          0.0,
          1.0
        ]
      ]
    },
    {
      "file_path": "/media/NFS/ttao/scannet/posed_images/scene0100_00/00036.jpg",
      "transform_matrix": [
        [
          -0.823663,
          0.217909,
          -0.52354,
          3.142117
        ],
        [
          0.565211,
          0.390353,
          -0.726747,
          1.974958
        ],
        [
          0.046001,
          -0.894506,
          -0.444684,
          1.297082
        ],
        [
          0.0,
          0.0,
          0.0,
          1.0
        ]
      ]
    },
    {
      "file_path": "/media/NFS/ttao/scannet/posed_images/scene0100_00/00039.jpg",
      "transform_matrix": [
        [
          -0.801538,
          0.225928,
          -0.553618,
          3.132937
        ],
        [
          0.593833,
          0.409159,
          -0.692786,
          1.9702
        ],
        [
          0.069998,
          -0.88405,
          -0.46212,
          1.27736
        ],
        [
          0.0,
          0.0,
          0.0,
          1.0
        ]
      ]
    },
    {
      "file_path": "/media/NFS/ttao/scannet/posed_images/scene0100_00/00043.jpg",
      "transform_matrix": [
        [
          -0.772408,
          0.245887,
          -0.585598,
          3.135343
        ],
        [
          0.627484,
          0.438046,
          -0.643724,
          1.958812
        ],
        [
          0.098235,
          -0.864671,
          -0.49264,
          1.259001
        ],
        [
          0.0,
          0.0,
          0.0,
          1.0
        ]
      ]
    },
    {
      "file_path": "/media/NFS/ttao/scannet/posed_images/scene0100_00/00046.jpg",
      "transform_matrix": [
        [
          -0.758694,
          0.272577,
          -0.59168,
          3.144498
        ],
        [
          0.644548,
          0.445931,
          -0.621051,
          1.951801
        ],
        [
          0.094564,
          -0.852553,
          -0.514014,
          1.247661
        ],
        [
          0.0,
          0.0,
          0.0,
          1.0
        ]
      ]
    },
    {
      "file_path": "/media/NFS/ttao/scannet/posed_images/scene0100_00/00049.jpg",
      "transform_matrix": [
        [
          -0.748438,
          0.295566,
          -0.593702,
          3.161081
        ],
        [
          0.657663,
          0.446255,
          -0.606907,
          1.94502
        ],
        [
          0.085561,
          -0.844687,
          -0.528377,
          1.238335
        ],
        [
          0.0,
          0.0,
          0.0,
          1.0
        ]
      ]
    },
    {
      "file_path": "/media/NFS/ttao/scannet/posed_images/scene0100_00/00051.jpg",
      "transform_matrix": [
        [
          -0.735084,
          0.312115,
          -0.601861,
          3.175255
        ],
        [
          0.673047,
          0.442795,
          -0.592402,
          1.927969
        ],
        [
          0.081604,
          -0.840545,
          -0.53556,
          1.243713
        ],
        [
          0.0,
          0.0,
          0.0,
          1.0
        ]
      ]
    },
    {
      "file_path": "/media/NFS/ttao/scannet/posed_images/scene0100_00/00056.jpg",
      "transform_matrix": [
        [
          -0.656807,
          0.384021,
          -0.648947,
          3.247975
        ],
        [
          0.752735,
          0.384879,
          -0.534096,
          1.884054
        ],
        [
          0.044662,
          -0.839283,
          -0.541857,
          1.237849
        ],
        [
          0.0,
          0.0,
          0.0,
          1.0
        ]
      ]
    },
    {
      "file_path": "/media/NFS/ttao/scannet/posed_images/scene0100_00/00058.jpg",
      "transform_matrix": [
        [
          -0.633846,
          0.403591,
          -0.659814,
          3.261084
        ],
        [
          0.772381,
          0.375323,
          -0.512407,
          1.879994
        ],
        [
          0.040841,
          -0.834414,
          -0.549623,
          1.237192
        ],
        [
          0.0,
          0.0,
          0.0,
          1.0
        ]
      ]
    },
    {
      "file_path": "/media/NFS/ttao/scannet/posed_images/scene0100_00/00060.jpg",
      "transform_matrix": [
        [
          -0.612356,
          0.416219,
          -0.672147,
          3.270056
        ],
        [
          0.789636,
          0.363579,
          -0.494253,
          1.872168
        ],
        [
          0.038661,
          -0.83341,
          -0.551301,
          1.23957
        ],
        [
          0.0,
          0.0,
          0.0,
          1.0
        ]
      ]
    },
    {
      "file_path": "/media/NFS/ttao/scannet/posed_images/scene0100_00/00066.jpg",
      "transform_matrix": [
        [
          -0.584438,
          0.427771,
          -0.689524,
          3.288149
        ],
        [
          0.810087,
          0.356615,
          -0.465388,
          1.876411
        ],
        [
          0.046815,
          -0.830565,
          -0.55495,
          1.234004
        ],
        [
          0.0,
          0.0,
          0.0,
          1.0
        ]
      ]
    },
    {
      "file_path": "/media/NFS/ttao/scannet/posed_images/scene0100_00/00069.jpg",
      "transform_matrix": [
        [
          -0.569928,
          0.434356,
          -0.697507,
          3.28939
        ],
        [
          0.819942,
          0.356041,
          -0.448252,
          1.881134
        ],
        [
          0.05364,
          -0.827387,
          -0.559065,
          1.233007
        ],
        [
          0.0,
          0.0,
          0.0,
          1.0
        ]
      ]
    },
    {
      "file_path": "/media/NFS/ttao/scannet/posed_images/scene0100_00/00071.jpg",
      "transform_matrix": [
        [
          -0.56051,
          0.436161,
          -0.703983,
          3.294078
        ],
        [
          0.825899,
          0.357002,
          -0.436395,
          1.885145
        ],
        [
          0.060985,
          -0.826023,
          -0.560328,
          1.229488
        ],
        [
          0.0,
          0.0,
          0.0,
          1.0
        ]
      ]
    },
    {
      "file_path": "/media/NFS/ttao/scannet/posed_images/scene0100_00/00074.jpg",
      "transform_matrix": [
        [
          -0.54763,
          0.436773,
          -0.713674,
          3.299731
        ],
        [
          0.83393,
          0.354515,
          -0.422942,
          1.892055
        ],
        [
          0.068279,
          -0.82677,
          -0.558381,
          1.231341
        ],
        [
          0.0,
          0.0,
          0.0,
          1.0
        ]
      ]
    },
    {
      "file_path": "/media/NFS/ttao/scannet/posed_images/scene0100_00/00078.jpg",
      "transform_matrix": [
        [
          -0.531682,
          0.430549,
          -0.729344,
          3.313436
        ],
        [
          0.843381,
          0.348051,
          -0.409351,
          1.908451
        ],
        [
          0.077604,
          -0.832759,
          -0.548169,
          1.229436
        ],
        [
          0.0,
          0.0,
          0.0,
          1.0
        ]
      ]
    },
    {
      "file_path": "/media/NFS/ttao/scannet/posed_images/scene0100_00/00082.jpg",
      "transform_matrix": [
        [
          -0.538204,
          0.441033,
          -0.71821,
          3.334764
        ],
        [
          0.839861,
          0.351931,
          -0.413254,
          1.918953
        ],
        [
          0.070501,
          -0.825612,
          -0.559817,
          1.231785
        ],
        [
          0.0,
          0.0,
          0.0,
          1.0
        ]
      ]
    },
    {
      "file_path": "/media/NFS/ttao/scannet/posed_images/scene0100_00/00086.jpg",
      "transform_matrix": [
        [
          -0.551608,
          0.452926,
          -0.700418,
          3.358202
        ],
        [
          0.832702,
          0.347684,
          -0.430957,
          1.93099
        ],
        [
          0.048333,
          -0.820959,
          -0.568938,
          1.225175
        ],
        [
          0.0,
          0.0,
          0.0,
          1.0
        ]
      ]
    },
    {
      "file_path": "/media/NFS/ttao/scannet/posed_images/scene0100_00/00087.jpg",
      "transform_matrix": [
        [
          -0.551147,
          0.455753,
          -0.698947,
          3.362814
        ],
        [
          0.833243,
          0.344873,
          -0.432168,
          1.933957
        ],
        [
          0.044086,
          -0.82058,
          -0.569828,
          1.223658
        ],
        [
          0.0,
          0.0,
          0.0,
          1.0
        ]
      ]
    },
    {
      "file_path": "/media/NFS/ttao/scannet/posed_images/scene0100_00/00093.jpg",
      "transform_matrix": [
        [
          -0.529122,
          0.490711,
          -0.692266,
          3.382041
        ],
        [
          0.848069,
          0.333159,
          -0.412048,
          1.943742
        ],
        [
          0.028438,
          -0.805114,
          -0.592439,
          1.224247
        ],
        [
          0.0,
          0.0,
          0.0,
          1.0
        ]
      ]
    },
    {
      "file_path": "/media/NFS/ttao/scannet/posed_images/scene0100_00/00094.jpg",
      "transform_matrix": [
        [
          -0.524932,
          0.491931,
          -0.694586,
          3.383029
        ],
        [
          0.850581,
          0.332871,
          -0.407074,
          1.943678
        ],
        [
          0.030955,
          -0.804488,
          -0.593162,
          1.224994
        ],
        [
          0.0,
          0.0,
          0.0,
          1.0
        ]
      ]
    },
    {
      "file_path": "/media/NFS/ttao/scannet/posed_images/scene0100_00/00100.jpg",
      "transform_matrix": [
        [
          -0.478216,
          0.479195,
          -0.73599,
          3.389335
        ],
        [
          0.876663,
          0.310692,
          -0.367332,
          1.931217
        ],
        [
          0.052643,
          -0.820879,
          -0.56867,
          1.229123
        ],
        [
          0.0,
          0.0,
          0.0,
          1.0
        ]
      ]
    },
    {
      "file_path": "/media/NFS/ttao/scannet/posed_images/scene0100_00/00101.jpg",
      "transform_matrix": [
        [
          -0.4639,
          0.473175,
          -0.748934,
          3.397054
        ],
        [
          0.883664,
          0.307026,
          -0.353374,
          1.919985
        ],
        [
          0.062735,
          -0.825736,
          -0.560557,
          1.227498
        ],
        [
          0.0,
          0.0,
          0.0,
          1.0
        ]
      ]
    },
    {
      "file_path": "/media/NFS/ttao/scannet/posed_images/scene0100_00/00106.jpg",
      "transform_matrix": [
        [
          -0.436623,
          0.49539,
          -0.750965,
          3.411744
        ],
        [
          0.897493,
          0.297545,
          -0.325535,
          1.886404
        ],
        [
          0.062179,
          -0.816123,
          -0.574524,
          1.224239
        ],
        [
          0.0,
          0.0,
          0.0,
          1.0
        ]
      ]
    },
    {
      "file_path": "/media/NFS/ttao/scannet/posed_images/scene0100_00/00110.jpg",
      "transform_matrix": [
        [
          -0.416091,
          0.508957,
          -0.753545,
          3.42137
        ],
        [
          0.907874,
          0.279278,
          -0.312679,
          1.852622
        ],
        [
          0.051308,
          -0.814228,
          -0.578274,
          1.229171
        ],
        [
          0.0,
          0.0,
          0.0,
          1.0
        ]
      ]
    },
    {
      "file_path": "/media/NFS/ttao/scannet/posed_images/scene0100_00/00111.jpg",
      "transform_matrix": [
        [
          -0.410733,
          0.511762,
          -0.754584,
          3.423584
        ],
        [
          0.910534,
          0.273062,
          -0.310426,
          1.84472
        ],
        [
          0.047184,
          -0.814577,
          -0.578133,
          1.230201
        ],
        [
          0.0,
          0.0,
          0.0,
          1.0
        ]
      ]
    },
    {
      "file_path": "/media/NFS/ttao/scannet/posed_images/scene0100_00/00115.jpg",
      "transform_matrix": [
        [
          -0.387569,
          0.521371,
          -0.760238,
          3.428428
        ],
        [
          0.921401,
          0.244572,
          -0.302002,
          1.825719
        ],
        [
          0.028478,
          -0.817531,
          -0.57518,
          1.234178
        ],
        [
          0.0,
          0.0,
          0.0,
          1.0
        ]
      ]
    },
    {
      "file_path": "/media/NFS/ttao/scannet/posed_images/scene0100_00/00120.jpg",
      "transform_matrix": [
        [
          -0.321099,
          0.527577,
          -0.786485,
          3.426576
        ],
        [
          0.946207,
          0.213651,
          -0.242991,
          1.80914
        ],
        [
          0.039837,
          -0.822202,
          -0.5678,
          1.227479
        ],
        [
          0.0,
          0.0,
          0.0,
          1.0
        ]
      ]
    },
    {
      "file_path": "/media/NFS/ttao/scannet/posed_images/scene0100_00/00121.jpg",
      "transform_matrix": [
        [
          -0.308602,
          0.532387,
          -0.788244,
          3.423115
        ],
        [
          0.950286,
          0.208722,
          -0.231069,
          1.807692
        ],
        [
          0.041505,
          -0.820365,
          -0.570332,
          1.229957
        ],
        [
          0.0,
          0.0,
          0.0,
          1.0
        ]
      ]
    },
    {
      "file_path": "/media/NFS/ttao/scannet/posed_images/scene0100_00/00125.jpg",
      "transform_matrix": [
        [
          -0.262189,
          0.538166,
          -0.801021,
          3.412204
        ],
        [
          0.964387,
          0.176101,
          -0.197348,
          1.805246
        ],
        [
          0.034855,
          -0.824237,
          -0.565172,
          1.243774
        ],
        [
          0.0,
          0.0,
          0.0,
          1.0
        ]
      ]
    },
    {
      "file_path": "/media/NFS/ttao/scannet/posed_images/scene0100_00/00130.jpg",
      "transform_matrix": [
        [
          -0.208275,
          0.52498,
          -0.825238,
          3.401229
        ],
        [
          0.977953,
          0.124862,
          -0.167385,
          1.813016
        ],
        [
          0.015167,
          -0.841906,
          -0.539411,
          1.265211
        ],
        [
          0.0,
          0.0,
          0.0,
          1.0
        ]
      ]
    },
    {
      "file_path": "/media/NFS/ttao/scannet/posed_images/scene0100_00/00134.jpg",
      "transform_matrix": [
        [
          -0.182524,
          0.5093,
          -0.84101,
          3.398998
        ],
        [
          0.983195,
          0.097722,
          -0.154204,
          1.815874
        ],
        [
          0.003649,
          -0.855023,
          -0.518578,
          1.27755
        ],
        [
          0.0,
          0.0,
          0.0,
          1.0
        ]
      ]
    },
    {
      "file_path": "/media/NFS/ttao/scannet/posed_images/scene0100_00/00135.jpg",
      "transform_matrix": [
        [
          -0.178535,
          0.507953,
          -0.842679,
          3.396956
        ],
        [
          0.983934,
          0.091782,
          -0.153137,
          1.819036
        ],
        [
          -0.000444,
          -0.856481,
          -0.516179,
          1.281439
        ],
        [
          0.0,
          0.0,
          0.0,
          1.0
        ]
      ]
    },
    {
      "file_path": "/media/NFS/ttao/scannet/posed_images/scene0100_00/00139.jpg",
      "transform_matrix": [
        [
          -0.171041,
          0.480483,
          -0.860163,
          3.392289
        ],
        [
          0.985227,
          0.075812,
          -0.153562,
          1.826896
        ],
        [
          -0.008573,
          -0.873721,
          -0.486352,
          1.301392
        ],
        [
          0.0,
          0.0,
          0.0,
          1.0
        ]
      ]
    },
    {
      "file_path": "/media/NFS/ttao/scannet/posed_images/scene0100_00/00143.jpg",
      "transform_matrix": [
        [
          -0.171995,
          0.454215,
          -0.874132,
          3.391967
        ],
        [
          0.985028,
          0.068713,
          -0.15811,
          1.830274
        ],
        [
          -0.011752,
          -0.888238,
          -0.459233,
          1.318027
        ],
        [
          0.0,
          0.0,
          0.0,
          1.0
        ]
      ]
    },
    {
      "file_path": "/media/NFS/ttao/scannet/posed_images/scene0100_00/00147.jpg",
      "transform_matrix": [
        [
          -0.182215,
          0.417381,
          -0.890276,
          3.393693
        ],
        [
          0.983225,
          0.069835,
          -0.168499,
          1.836096
        ],
        [
          -0.008156,
          -0.906044,
          -0.423104,
          1.332036
        ],
        [
          0.0,
          0.0,
          0.0,
          1.0
        ]
      ]
    },
    {
      "file_path": "/media/NFS/ttao/scannet/posed_images/scene0100_00/00150.jpg",
      "transform_matrix": [
        [
          -0.182931,
          0.406156,
          -0.895306,
          3.394427
        ],
        [
          0.983093,
          0.068157,
          -0.169949,
          1.833306
        ],
        [
          -0.008005,
          -0.911258,
          -0.411758,
          1.338965
        ],
        [
          0.0,
          0.0,
          0.0,
          1.0
        ]
      ]
    },
    {
      "file_path": "/media/NFS/ttao/scannet/posed_images/scene0100_00/00152.jpg",
      "transform_matrix": [
        [
          -0.186819,
          0.397754,
          -0.898271,
          3.396101
        ],
        [
          0.982379,
          0.070489,
          -0.173099,
          1.836213
        ],
        [
          -0.005532,
          -0.91478,
          -0.403914,
          1.340332
        ],
        [
          0.0,
          0.0,
          0.0,
          1.0
        ]
      ]
    },
    {
      "file_path": "/media/NFS/ttao/scannet/posed_images/scene0100_00/00156.jpg",
      "transform_matrix": [
        [
          -0.190485,
          0.386183,
          -0.90254,
          3.396732
        ],
        [
          0.98167,
          0.06897,
          -0.177675,
          1.842177
        ],
        [
          -0.006367,
          -0.91984,
          -0.392242,
          1.343708
        ],
        [
          0.0,
          0.0,
          0.0,
          1.0
        ]
      ]
    },
    {
      "file_path": "/media/NFS/ttao/scannet/posed_images/scene0100_00/00158.jpg",
      "transform_matrix": [
        [
          -0.184466,
          0.38201,
          -0.905561,
          3.394099
        ],
        [
          0.982823,
          0.066486,
          -0.172158,
          1.848185
        ],
        [
          -0.005559,
          -0.921763,
          -0.387713,
          1.343378
        ],
        [
          0.0,
          0.0,
          0.0,
          1.0
        ]
      ]
    },
    {
      "file_path": "/media/NFS/ttao/scannet/posed_images/scene0100_00/00165.jpg",
      "transform_matrix": [
        [
          -0.138069,
          0.353136,
          -0.925328,
          3.394728
        ],
        [
          0.990407,
          0.054536,
          -0.126967,
          1.861733
        ],
        [
          0.005628,
          -0.933981,
          -0.357278,
          1.341247
        ],
        [
          0.0,
          0.0,
          0.0,
          1.0
        ]
      ]
    },
    {
      "file_path": "/media/NFS/ttao/scannet/posed_images/scene0100_00/00168.jpg",
      "transform_matrix": [
        [
          -0.116564,
          0.348853,
          -0.9299,
          3.392947
        ],
        [
          0.993133,
          0.050365,
          -0.105596,
          1.867515
        ],
        [
          0.009997,
          -0.935823,
          -0.352329,
          1.340797
        ],
        [
          0.0,
          0.0,
          0.0,
          1.0
        ]
      ]
    },
    {
      "file_path": "/media/NFS/ttao/scannet/posed_images/scene0100_00/00170.jpg",
      "transform_matrix": [
        [
          -0.106069,
          0.358746,
          -0.927389,
          3.389935
        ],
        [
          0.994311,
          0.047459,
          -0.095364,
          1.874226
        ],
        [
          0.009801,
          -0.932228,
          -0.361739,
          1.345423
        ],
        [
          0.0,
          0.0,
          0.0,
          1.0
        ]
      ]
    },
    {
      "file_path": "/media/NFS/ttao/scannet/posed_images/scene0100_00/00174.jpg",
      "transform_matrix": [
        [
          -0.094146,
          0.385617,
          -0.917843,
          3.387971
        ],
        [
          0.995541,
          0.041892,
          -0.084515,
          1.88202
        ],
        [
          0.00586,
          -0.921707,
          -0.387842,
          1.339389
        ],
        [
          0.0,
          0.0,
          0.0,
          1.0
        ]
      ]
    },
    {
      "file_path": "/media/NFS/ttao/scannet/posed_images/scene0100_00/00178.jpg",
      "transform_matrix": [
        [
          -0.06199,
          0.398217,
          -0.915194,
          3.383457
        ],
        [
          0.998073,
          0.027244,
          -0.055749,
          1.886624
        ],
        [
          0.002733,
          -0.916887,
          -0.399139,
          1.336675
        ],
        [
          0.0,
          0.0,
          0.0,
          1.0
        ]
      ]
    },
    {
      "file_path": "/media/NFS/ttao/scannet/posed_images/scene0100_00/00179.jpg",
      "transform_matrix": [
        [
          -0.054539,
          0.399,
          -0.915327,
          3.38418
        ],
        [
          0.998512,
          0.021825,
          -0.049982,
          1.888943
        ],
        [
          3.4e-05,
          -0.916691,
          -0.399597,
          1.334192
        ],
        [
          0.0,
          0.0,
          0.0,
          1.0
        ]
      ]
    },
    {
      "file_path": "/media/NFS/ttao/scannet/posed_images/scene0100_00/00182.jpg",
      "transform_matrix": [
        [
          -0.029304,
          0.414456,
          -0.909597,
          3.379709
        ],
        [
          0.999505,
          0.001711,
          -0.03142,
          1.904391
        ],
        [
          -0.011466,
          -0.910068,
          -0.414301,
          1.334427
        ],
        [
          0.0,
          0.0,
          0.0,
          1.0
        ]
      ]
    },
    {
      "file_path": "/media/NFS/ttao/scannet/posed_images/scene0100_00/00188.jpg",
      "transform_matrix": [
        [
          0.048961,
          0.444475,
          -0.894452,
          3.369013
        ],
        [
          0.998532,
          -0.042562,
          0.033507,
          1.92822
        ],
        [
          -0.023177,
          -0.894779,
          -0.445907,
          1.324755
        ],
        [
          0.0,
          0.0,
          0.0,
          1.0
        ]
      ]
    },
    {
      "file_path": "/media/NFS/ttao/scannet/posed_images/scene0100_00/00189.jpg",
      "transform_matrix": [
        [
          0.063125,
          0.447132,
          -0.892237,
          3.365822
        ],
        [
          0.997727,
          -0.049391,
          0.045837,
          1.93155
        ],
        [
          -0.023573,
          -0.893103,
          -0.449234,
          1.327437
        ],
        [
          0.0,
          0.0,
          0.0,
          1.0
        ]
      ]
    },
    {
      "file_path": "/media/NFS/ttao/scannet/posed_images/scene0100_00/00195.jpg",
      "transform_matrix": [
        [
          0.137809,
          0.454298,
          -0.880126,
          3.364866
        ],
        [
          0.990431,
          -0.069868,
          0.119016,
          1.94832
        ],
        [
          -0.007424,
          -0.888106,
          -0.45958,
          1.319644
        ],
        [
          0.0,
          0.0,
          0.0,
          1.0
        ]
      ]
    },
    {
      "file_path": "/media/NFS/ttao/scannet/posed_images/scene0100_00/00196.jpg",
      "transform_matrix": [
        [
          0.146116,
          0.454792,
          -0.87853,
          3.36431
        ],
        [
          0.989246,
          -0.073044,
          0.126717,
          1.949018
        ],
        [
          -0.006542,
          -0.887597,
          -0.460574,
          1.318323
        ],
        [
          0.0,
          0.0,
          0.0,
          1.0
        ]
      ]
    },
    {
      "file_path": "/media/NFS/ttao/scannet/posed_images/scene0100_00/00200.jpg",
      "transform_matrix": [
        [
          0.16733,
          0.469986,
          -0.866668,
          3.360882
        ],
        [
          0.985876,
          -0.086044,
          0.143685,
          1.959589
        ],
        [
          -0.007042,
          -0.87847,
          -0.477745,
          1.314909
        ],
        [
          0.0,
          0.0,
          0.0,
          1.0
        ]
      ]
    },
    {
      "file_path": "/media/NFS/ttao/scannet/posed_images/scene0100_00/00205.jpg",
      "transform_matrix": [
        [
          0.186855,
          0.499642,
          -0.845839,
          3.35412
        ],
        [
          0.982342,
          -0.103363,
          0.155953,
          1.960287
        ],
        [
          -0.009508,
          -0.860043,
          -0.510133,
          1.300483
        ],
        [
          0.0,
          0.0,
          0.0,
          1.0
        ]
      ]
    },
    {
      "file_path": "/media/NFS/ttao/scannet/posed_images/scene0100_00/00206.jpg",
      "transform_matrix": [
        [
          0.190156,
          0.507671,
          -0.840304,
          3.351709
        ],
        [
          0.981711,
          -0.106344,
          0.157908,
          1.959218
        ],
        [
          -0.009196,
          -0.854962,
          -0.518608,
          1.297038
        ],
        [
          0.0,
          0.0,
          0.0,
          1.0
        ]
      ]
    },
    {
      "file_path": "/media/NFS/ttao/scannet/posed_images/scene0100_00/00211.jpg",
      "transform_matrix": [
        [
          0.206204,
          0.524728,
          -0.825918,
          3.34653
        ],
        [
          0.978493,
          -0.115379,
          0.170993,
          1.961069
        ],
        [
          -0.005569,
          -0.843415,
          -0.537234,
          1.278512
        ],
        [
          0.0,
          0.0,
          0.0,
          1.0
        ]
      ]
    },
    {
      "file_path": "/media/NFS/ttao/scannet/posed_images/scene0100_00/00214.jpg",
      "transform_matrix": [
        [
          0.215722,
          0.528913,
          -0.820802,
          3.343741
        ],
        [
          0.976455,
          -0.117255,
          0.181073,
          1.966197
        ],
        [
          -0.000471,
          -0.840537,
          -0.541754,
          1.273765
        ],
        [
          0.0,
          0.0,
          0.0,
          1.0
        ]
      ]
    },
    {
      "file_path": "/media/NFS/ttao/scannet/posed_images/scene0100_00/00218.jpg",
      "transform_matrix": [
        [
          0.237346,
          0.521011,
          -0.819887,
          3.337963
        ],
        [
          0.971416,
          -0.123533,
          0.202711,
          1.974968
        ],
        [
          0.004332,
          -0.844563,
          -0.535439,
          1.276546
        ],
        [
          0.0,
          0.0,
          0.0,
          1.0
        ]
      ]
    },
    {
      "file_path": "/media/NFS/ttao/scannet/posed_images/scene0100_00/00219.jpg",
      "transform_matrix": [
        [
          0.245091,
          0.519472,
          -0.818584,
          3.336982
        ],
        [
          0.969499,
          -0.130245,
          0.207624,
          1.979946
        ],
        [
          0.001239,
          -0.844503,
          -0.535549,
          1.27792
        ],
        [
          0.0,
          0.0,
          0.0,
          1.0
        ]
      ]
    },
    {
      "file_path": "/media/NFS/ttao/scannet/posed_images/scene0100_00/00223.jpg",
      "transform_matrix": [
        [
          0.278772,
          0.505294,
          -0.816678,
          3.333213
        ],
        [
          0.960357,
          -0.14717,
          0.23676,
          1.992577
        ],
        [
          -0.000557,
          -0.850305,
          -0.52629,
          1.279796
        ],
        [
          0.0,
          0.0,
          0.0,
          1.0
        ]
      ]
    },
    {
      "file_path": "/media/NFS/ttao/scannet/posed_images/scene0100_00/00227.jpg",
      "transform_matrix": [
        [
          0.308838,
          0.480755,
          -0.820666,
          3.331346
        ],
        [
          0.951099,
          -0.161134,
          0.263528,
          2.007799
        ],
        [
          -0.005545,
          -0.861922,
          -0.50701,
          1.289684
        ],
        [
          0.0,
          0.0,
          0.0,
          1.0
        ]
      ]
    },
    {
      "file_path": "/media/NFS/ttao/scannet/posed_images/scene0100_00/00232.jpg",
      "transform_matrix": [
        [
          0.349583,
          0.463691,
          -0.814115,
          3.328376
        ],
        [
          0.93685,
          -0.182442,
          0.298373,
          2.026283
        ],
        [
          -0.010176,
          -0.86701,
          -0.498187,
          1.30025
        ],
        [
          0.0,
          0.0,
          0.0,
          1.0
        ]
      ]
    },
    {
      "file_path": "/media/NFS/ttao/scannet/posed_images/scene0100_00/00236.jpg",
      "transform_matrix": [
        [
          0.37659,
          0.463611,
          -0.802025,
          3.326439
        ],
        [
          0.926326,
          -0.197806,
          0.320614,
          2.037862
        ],
        [
          -0.010006,
          -0.863676,
          -0.503947,
          1.300707
        ],
        [
          0.0,
          0.0,
          0.0,
          1.0
        ]
      ]
    },
    {
      "file_path": "/media/NFS/ttao/scannet/posed_images/scene0100_00/00238.jpg",
      "transform_matrix": [
        [
          0.387106,
          0.463118,
          -0.797289,
          3.326243
        ],
        [
          0.922001,
          -0.201859,
          0.330404,
          2.043632
        ],
        [
          -0.007924,
          -0.863003,
          -0.505137,
          1.299789
        ],
        [
          0.0,
          0.0,
          0.0,
          1.0
        ]
      ]
    },
    {
      "file_path": "/media/NFS/ttao/scannet/posed_images/scene0100_00/00241.jpg",
      "transform_matrix": [
        [
          0.402575,
          0.455222,
          -0.79417,
          3.331493
        ],
        [
          0.915384,
          -0.202655,
          0.347857,
          2.055331
        ],
        [
          -0.00259,
          -0.867008,
          -0.498287,
          1.295309
        ],
        [
          0.0,
          0.0,
          0.0,
          1.0
        ]
      ]
    },
    {
      "file_path": "/media/NFS/ttao/scannet/posed_images/scene0100_00/00244.jpg",
      "transform_matrix": [
        [
          0.423201,
          0.4506,
          -0.786041,
          3.332418
        ],
        [
          0.906036,
          -0.209714,
          0.367586,
          2.06349
        ],
        [
          0.00079,
          -0.867744,
          -0.497011,
          1.294992
        ],
        [
          0.0,
          0.0,
          0.0,
          1.0
        ]
      ]
    },
    {
      "file_path": "/media/NFS/ttao/scannet/posed_images/scene0100_00/00248.jpg",
      "transform_matrix": [
        [
          0.445155,
          0.442114,
          -0.778699,
          3.334118
        ],
        [
          0.895454,
          -0.219743,
          0.387138,
          2.072339
        ],
        [
          4.6e-05,
          -0.869625,
          -0.493712,
          1.294025
        ],
        [
          0.0,
          0.0,
          0.0,
          1.0
        ]
      ]
    },
    {
      "file_path": "/media/NFS/ttao/scannet/posed_images/scene0100_00/00250.jpg",
      "transform_matrix": [
        [
          0.453847,
          0.443112,
          -0.773094,
          3.335559
        ],
        [
          0.891079,
          -0.22456,
          0.3944,
          2.079046
        ],
        [
          0.001157,
          -0.867885,
          -0.496764,
          1.29369
        ],
        [
          0.0,
          0.0,
          0.0,
          1.0
        ]
      ]
    },
    {
      "file_path": "/media/NFS/ttao/scannet/posed_images/scene0100_00/00256.jpg",
      "transform_matrix": [
        [
          0.475493,
          0.451871,
          -0.754797,
          3.335512
        ],
        [
          0.879719,
          -0.245327,
          0.40732,
          2.087528
        ],
        [
          -0.001116,
          -0.857687,
          -0.514171,
          1.289108
        ],
        [
          0.0,
          0.0,
          0.0,
          1.0
        ]
      ]
    },
    {
      "file_path": "/media/NFS/ttao/scannet/posed_images/scene0100_00/00259.jpg",
      "transform_matrix": [
        [
          0.477305,
          0.456436,
          -0.750896,
          3.335562
        ],
        [
          0.878736,
          -0.249442,
          0.406942,
          2.089501
        ],
        [
          -0.001562,
          -0.854075,
          -0.520147,
          1.285285
        ],
        [
          0.0,
          0.0,
          0.0,
          1.0
        ]
      ]
    },
    {
      "file_path": "/media/NFS/ttao/scannet/posed_images/scene0100_00/00260.jpg",
      "transform_matrix": [
        [
          0.477562,
          0.456863,
          -0.750473,
          3.335577
        ],
        [
          0.878597,
          -0.249644,
          0.407119,
          2.088889
        ],
        [
          -0.001354,
          -0.853788,
          -0.520619,
          1.28433
        ],
