{
  "frames": [
    {
      "file_path": "/media/NFS/ttao/scannet/posed_images/scene0425_01/00003.jpg",
      "transform_matrix": [
        [
          -0.99872,
          -0.019741,
          0.046562,
          3.302458
        ],
        [
          -0.050135,
          0.507522,
          -0.860179,
          2.222336
        ],
        [
          -0.00665,
          -0.861412,
          -0.507862,
          1.430976
        ],
        [
          0.0,
          0.0,
          0.0,
          1.0
        ]
      ]
    },
    {
      "file_path": "/media/NFS/ttao/scannet/posed_images/scene0425_01/00005.jpg",
      "transform_matrix": [
        [
          -0.999391,
          -0.014469,
          0.031739,
          3.307548
        ],
        [
          -0.034702,
          0.504609,
          -0.862651,
          2.233328
        ],
        [
          -0.003534,
          -0.863227,
          -0.504803,
          1.433586
        ],
        [
          0.0,
          0.0,
          0.0,
          1.0
        ]
      ]
    },
    {
      "file_path": "/media/NFS/ttao/scannet/posed_images/scene0425_01/00010.jpg",
      "transform_matrix": [
        [
          -0.999842,
          -0.017767,
          0.000987,
          3.314986
        ],
        [
          -0.009637,
          0.49404,
          -0.869385,
          2.252232
        ],
        [
          0.014959,
          -0.869257,
          -0.494133,
          1.427512
        ],
        [
          0.0,
          0.0,
          0.0,
          1.0
        ]
      ]
    },
    {
      "file_path": "/media/NFS/ttao/scannet/posed_images/scene0425_01/00015.jpg",
      "transform_matrix": [
        [
          -0.999932,
          -0.009957,
          -0.006017,
          3.297188
        ],
        [
          0.000437,
          0.48463,
          -0.874719,
          2.250595
        ],
        [
          0.011625,
          -0.874662,
          -0.484593,
          1.426773
        ],
        [
          0.0,
          0.0,
          0.0,
          1.0
        ]
      ]
    },
    {
      "file_path": "/media/NFS/ttao/scannet/posed_images/scene0425_01/00022.jpg",
      "transform_matrix": [
        [
          -0.999834,
          -0.001813,
          -0.018143,
          3.264655
        ],
        [
          0.014597,
          0.516672,
          -0.856058,
          2.236494
        ],
        [
          0.010926,
          -0.856181,
          -0.51656,
          1.391897
        ],
        [
          0.0,
          0.0,
          0.0,
          1.0
        ]
      ]
    },
    {
      "file_path": "/media/NFS/ttao/scannet/posed_images/scene0425_01/00027.jpg",
      "transform_matrix": [
        [
          -0.999652,
          -0.008047,
          -0.025129,
          3.246758
        ],
        [
          0.017012,
          0.531424,
          -0.846935,
          2.226053
        ],
        [
          0.02017,
          -0.847068,
          -0.531102,
          1.360574
        ],
        [
          0.0,
          0.0,
          0.0,
          1.0
        ]
      ]
    },
    {
      "file_path": "/media/NFS/ttao/scannet/posed_images/scene0425_01/00037.jpg",
      "transform_matrix": [
        [
          -0.997308,
          -0.036412,
          -0.063652,
          3.224555
        ],
        [
          0.036123,
          0.511446,
          -0.858556,
          2.21117
        ],
        [
          0.063817,
          -0.858543,
          -0.508754,
          1.281247
        ],
        [
          0.0,
          0.0,
          0.0,
          1.0
        ]
      ]
    },
    {
      "file_path": "/media/NFS/ttao/scannet/posed_images/scene0425_01/00038.jpg",
      "transform_matrix": [
        [
          -0.996657,
          -0.042532,
          -0.069758,
          3.224329
        ],
        [
          0.038282,
          0.511183,
          -0.858619,
          2.211631
        ],
        [
          0.072178,
          -0.858419,
          -0.507846,
          1.270847
        ],
        [
          0.0,
          0.0,
          0.0,
          1.0
        ]
      ]
    },
    {
      "file_path": "/media/NFS/ttao/scannet/posed_images/scene0425_01/00047.jpg",
      "transform_matrix": [
        [
          -0.995429,
          -0.022316,
          -0.092861,
          3.235499
        ],
        [
          0.063205,
          0.574996,
          -0.815711,
          2.208602
        ],
        [
          0.071598,
          -0.817852,
          -0.570957,
          1.195002
        ],
        [
          0.0,
          0.0,
          0.0,
          1.0
        ]
      ]
    },
    {
      "file_path": "/media/NFS/ttao/scannet/posed_images/scene0425_01/00054.jpg",
      "transform_matrix": [
        [
          -0.984057,
          -0.01358,
          -0.177332,
          3.278499
        ],
        [
          0.139392,
          0.560365,
          -0.816432,
          2.222117
        ],
        [
          0.110458,
          -0.828134,
          -0.549539,
          1.141579
        ],
        [
          0.0,
          0.0,
          0.0,
          1.0
        ]
      ]
    },
    {
      "file_path": "/media/NFS/ttao/scannet/posed_images/scene0425_01/00055.jpg",
      "transform_matrix": [
        [
          -0.981583,
          -0.006888,
          -0.190912,
          3.286131
        ],
        [
          0.154574,
          0.558609,
          -0.814901,
          2.224681
        ],
        [
          0.112259,
          -0.829403,
          -0.547256,
          1.135664
        ],
        [
          0.0,
          0.0,
          0.0,
          1.0
        ]
      ]
    },
    {
      "file_path": "/media/NFS/ttao/scannet/posed_images/scene0425_01/00062.jpg",
      "transform_matrix": [
        [
          -0.962423,
          0.049724,
          -0.266964,
          3.331344
        ],
        [
          0.250433,
          0.542654,
          -0.801754,
          2.244478
        ],
        [
          0.105003,
          -0.838483,
          -0.534715,
          1.119884
        ],
        [
          0.0,
          0.0,
          0.0,
          1.0
        ]
      ]
    },
    {
      "file_path": "/media/NFS/ttao/scannet/posed_images/scene0425_01/00067.jpg",
      "transform_matrix": [
        [
          -0.944876,
          0.097755,
          -0.312495,
          3.354101
        ],
        [
          0.317439,
          0.507439,
          -0.801086,
          2.257674
        ],
        [
          0.080262,
          -0.856125,
          -0.510498,
          1.127049
        ],
        [
          0.0,
          0.0,
          0.0,
          1.0
        ]
      ]
    },
    {
      "file_path": "/media/NFS/ttao/scannet/posed_images/scene0425_01/00074.jpg",
      "transform_matrix": [
        [
          -0.896792,
          0.150186,
          -0.416182,
          3.333076
        ],
        [
          0.43606,
          0.459308,
          -0.773878,
          2.258916
        ],
        [
          0.07493,
          -0.875489,
          -0.477394,
          1.154588
        ],
        [
          0.0,
          0.0,
          0.0,
          1.0
        ]
      ]
    },
    {
      "file_path": "/media/NFS/ttao/scannet/posed_images/scene0425_01/00079.jpg",
      "transform_matrix": [
        [
          -0.869392,
          0.169087,
          -0.464292,
          3.309481
        ],
        [
          0.488748,
          0.432482,
          -0.757684,
          2.257508
        ],
        [
          0.072683,
          -0.885646,
          -0.458637,
          1.169982
        ],
        [
          0.0,
          0.0,
          0.0,
          1.0
        ]
      ]
    },
    {
      "file_path": "/media/NFS/ttao/scannet/posed_images/scene0425_01/00082.jpg",
      "transform_matrix": [
        [
          -0.847724,
          0.185678,
          -0.496877,
          3.301215
        ],
        [
          0.5251,
          0.426298,
          -0.736573,
          2.246066
        ],
        [
          0.075053,
          -0.885321,
          -0.458883,
          1.180942
        ],
        [
          0.0,
          0.0,
          0.0,
          1.0
        ]
      ]
    },
    {
      "file_path": "/media/NFS/ttao/scannet/posed_images/scene0425_01/00089.jpg",
      "transform_matrix": [
        [
          -0.820618,
          0.208556,
          -0.532062,
          3.249829
        ],
        [
          0.56735,
          0.408992,
          -0.71473,
          2.226011
        ],
        [
          0.068548,
          -0.888386,
          -0.453951,
          1.205121
        ],
        [
          0.0,
          0.0,
          0.0,
          1.0
        ]
      ]
    },
    {
      "file_path": "/media/NFS/ttao/scannet/posed_images/scene0425_01/00095.jpg",
      "transform_matrix": [
        [
          -0.802704,
          0.204892,
          -0.560075,
          3.202313
        ],
        [
          0.592325,
          0.383189,
          -0.708743,
          2.190776
        ],
        [
          0.069399,
          -0.900658,
          -0.428951,
          1.229715
        ],
        [
          0.0,
          0.0,
          0.0,
          1.0
        ]
      ]
    },
    {
      "file_path": "/media/NFS/ttao/scannet/posed_images/scene0425_01/00100.jpg",
      "transform_matrix": [
        [
          -0.782189,
          0.224213,
          -0.581299,
          3.149632
        ],
        [
          0.619489,
          0.379353,
          -0.687258,
          2.15152
        ],
        [
          0.066425,
          -0.897675,
          -0.435623,
          1.245813
        ],
        [
          0.0,
          0.0,
          0.0,
          1.0
        ]
      ]
    },
    {
      "file_path": "/media/NFS/ttao/scannet/posed_images/scene0425_01/00107.jpg",
      "transform_matrix": [
        [
          -0.761821,
          0.222323,
          -0.608441,
          3.08562
        ],
        [
          0.644417,
          0.355781,
          -0.676865,
          2.096537
        ],
        [
          0.065989,
          -0.90774,
          -0.414311,
          1.262918
        ],
        [
          0.0,
          0.0,
          0.0,
          1.0
        ]
      ]
    },
    {
      "file_path": "/media/NFS/ttao/scannet/posed_images/scene0425_01/00110.jpg",
      "transform_matrix": [
        [
          -0.755934,
          0.239501,
          -0.609265,
          3.061431
        ],
        [
          0.652685,
          0.34775,
          -0.673106,
          2.073929
        ],
        [
          0.050662,
          -0.906482,
          -0.419195,
          1.2818
        ],
        [
          0.0,
          0.0,
          0.0,
          1.0
        ]
      ]
    },
    {
      "file_path": "/media/NFS/ttao/scannet/posed_images/scene0425_01/00119.jpg",
      "transform_matrix": [
        [
          -0.730227,
          0.238211,
          -0.640331,
          3.01925
        ],
        [
          0.682336,
          0.301539,
          -0.665952,
          2.005849
        ],
        [
          0.034447,
          -0.923217,
          -0.382732,
          1.335045
        ],
        [
          0.0,
          0.0,
          0.0,
          1.0
        ]
      ]
    },
    {
      "file_path": "/media/NFS/ttao/scannet/posed_images/scene0425_01/00125.jpg",
      "transform_matrix": [
        [
          -0.719304,
          0.205687,
          -0.663547,
          3.028202
        ],
        [
          0.693672,
          0.264476,
          -0.669979,
          1.959778
        ],
        [
          0.037686,
          -0.942202,
          -0.332918,
          1.377119
        ],
        [
          0.0,
          0.0,
          0.0,
          1.0
        ]
      ]
    },
    {
      "file_path": "/media/NFS/ttao/scannet/posed_images/scene0425_01/00130.jpg",
      "transform_matrix": [
        [
          -0.707744,
          0.184832,
          -0.681861,
          3.04437
        ],
        [
          0.705734,
          0.228962,
          -0.670459,
          1.927553
        ],
        [
          0.032198,
          -0.955727,
          -0.292489,
          1.410982
        ],
        [
          0.0,
          0.0,
          0.0,
          1.0
        ]
      ]
    },
    {
      "file_path": "/media/NFS/ttao/scannet/posed_images/scene0425_01/00137.jpg",
      "transform_matrix": [
        [
          -0.704317,
          0.149372,
          -0.693992,
          3.074465
        ],
        [
          0.709383,
          0.184855,
          -0.680149,
          1.896069
        ],
        [
          0.026693,
          -0.971348,
          -0.236159,
          1.44917
        ],
        [
          0.0,
          0.0,
          0.0,
          1.0
        ]
      ]
    },
    {
      "file_path": "/media/NFS/ttao/scannet/posed_images/scene0425_01/00142.jpg",
      "transform_matrix": [
        [
          -0.69834,
          0.132234,
          -0.703445,
          3.091061
        ],
        [
          0.715329,
          0.163247,
          -0.679451,
          1.874544
        ],
        [
          0.024988,
          -0.977683,
          -0.208593,
          1.476714
        ],
        [
          0.0,
          0.0,
          0.0,
          1.0
        ]
      ]
    },
    {
      "file_path": "/media/NFS/ttao/scannet/posed_images/scene0425_01/00147.jpg",
      "transform_matrix": [
        [
          -0.678926,
          0.11409,
          -0.725288,
          3.090461
        ],
        [
          0.733515,
          0.14826,
          -0.663306,
          1.86222
        ],
        [
          0.031855,
          -0.982345,
          -0.184345,
          1.492286
        ],
        [
          0.0,
          0.0,
          0.0,
          1.0
        ]
      ]
    },
    {
      "file_path": "/media/NFS/ttao/scannet/posed_images/scene0425_01/00149.jpg",
      "transform_matrix": [
        [
          -0.674417,
          0.114414,
          -0.729432,
          3.087137
        ],
        [
          0.737725,
          0.145068,
          -0.659331,
          1.859154
        ],
        [
          0.03038,
          -0.982784,
          -0.182242,
          1.494675
        ],
        [
          0.0,
          0.0,
          0.0,
          1.0
        ]
      ]
    },
    {
      "file_path": "/media/NFS/ttao/scannet/posed_images/scene0425_01/00157.jpg",
      "transform_matrix": [
        [
          -0.665639,
          0.151865,
          -0.730659,
          3.050183
        ],
        [
          0.746208,
          0.148454,
          -0.648949,
          1.846314
        ],
        [
          0.009916,
          -0.977189,
          -0.21214,
          1.495352
        ],
        [
          0.0,
          0.0,
          0.0,
          1.0
        ]
      ]
    },
    {
      "file_path": "/media/NFS/ttao/scannet/posed_images/scene0425_01/00164.jpg",
      "transform_matrix": [
        [
          -0.667911,
          0.135656,
          -0.731773,
          3.000684
        ],
        [
          0.744235,
          0.125501,
          -0.656021,
          1.843252
        ],
        [
          0.002845,
          -0.982775,
          -0.184784,
          1.515007
        ],
        [
          0.0,
          0.0,
          0.0,
          1.0
        ]
      ]
    },
    {
      "file_path": "/media/NFS/ttao/scannet/posed_images/scene0425_01/00167.jpg",
      "transform_matrix": [
        [
          -0.680395,
          0.142783,
          -0.718801,
          2.975484
        ],
        [
          0.732845,
          0.133157,
          -0.667238,
          1.845192
        ],
        [
          0.000443,
          -0.980756,
          -0.195237,
          1.510149
        ],
        [
          0.0,
          0.0,
          0.0,
          1.0
        ]
      ]
    },
    {
      "file_path": "/media/NFS/ttao/scannet/posed_images/scene0425_01/00176.jpg",
      "transform_matrix": [
        [
          -0.664499,
          0.180683,
          -0.725117,
          2.893331
        ],
        [
          0.747288,
          0.161955,
          -0.644461,
          1.850597
        ],
        [
          0.000993,
          -0.970116,
          -0.242641,
          1.491088
        ],
        [
          0.0,
          0.0,
          0.0,
          1.0
        ]
      ]
    },
    {
      "file_path": "/media/NFS/ttao/scannet/posed_images/scene0425_01/00179.jpg",
      "transform_matrix": [
        [
          -0.651331,
          0.18498,
          -0.735901,
          2.86129
        ],
        [
          0.758771,
          0.16632,
          -0.629765,
          1.855798
        ],
        [
          0.005901,
          -0.968566,
          -0.248687,
          1.486761
        ],
        [
          0.0,
          0.0,
          0.0,
          1.0
        ]
      ]
    },
    {
      "file_path": "/media/NFS/ttao/scannet/posed_images/scene0425_01/00184.jpg",
      "transform_matrix": [
        [
          -0.626388,
          0.213063,
          -0.749828,
          2.815809
        ],
        [
          0.779502,
          0.175759,
          -0.601236,
          1.863626
        ],
        [
          0.003688,
          -0.9611,
          -0.276177,
          1.478993
        ],
        [
          0.0,
          0.0,
          0.0,
          1.0
        ]
      ]
    },
    {
      "file_path": "/media/NFS/ttao/scannet/posed_images/scene0425_01/00189.jpg",
      "transform_matrix": [
        [
          -0.591785,
          0.232863,
          -0.771729,
          2.779068
        ],
        [
          0.806076,
          0.17763,
          -0.564525,
          1.865785
        ],
        [
          0.005625,
          -0.95615,
          -0.292824,
          1.468012
        ],
        [
          0.0,
          0.0,
          0.0,
          1.0
        ]
      ]
    },
    {
      "file_path": "/media/NFS/ttao/scannet/posed_images/scene0425_01/00197.jpg",
      "transform_matrix": [
        [
          -0.50391,
          0.277318,
          -0.818028,
          2.733854
        ],
        [
          0.863745,
          0.16658,
          -0.4756,
          1.851005
        ],
        [
          0.004375,
          -0.946227,
          -0.323473,
          1.455266
        ],
        [
          0.0,
          0.0,
          0.0,
          1.0
        ]
      ]
    },
    {
      "file_path": "/media/NFS/ttao/scannet/posed_images/scene0425_01/00201.jpg",
      "transform_matrix": [
        [
          -0.460434,
          0.300981,
          -0.835111,
          2.719978
        ],
        [
          0.887673,
          0.149656,
          -0.435477,
          1.836571
        ],
        [
          -0.006091,
          -0.941814,
          -0.33608,
          1.45229
        ],
        [
          0.0,
          0.0,
          0.0,
          1.0
        ]
      ]
    },
    {
      "file_path": "/media/NFS/ttao/scannet/posed_images/scene0425_01/00207.jpg",
      "transform_matrix": [
        [
          -0.409196,
          0.328361,
          -0.851315,
          2.709652
        ],
        [
          0.912311,
          0.131147,
          -0.38793,
          1.812274
        ],
        [
          -0.015734,
          -0.935403,
          -0.353232,
          1.43741
        ],
        [
          0.0,
          0.0,
          0.0,
          1.0
        ]
      ]
    },
    {
      "file_path": "/media/NFS/ttao/scannet/posed_images/scene0425_01/00214.jpg",
      "transform_matrix": [
        [
          -0.357738,
          0.368838,
          -0.857894,
          2.705344
        ],
        [
          0.933786,
          0.133191,
          -0.332121,
          1.782823
        ],
        [
          -0.008235,
          -0.919902,
          -0.392063,
          1.412975
        ],
        [
          0.0,
          0.0,
          0.0,
          1.0
        ]
      ]
    },
    {
      "file_path": "/media/NFS/ttao/scannet/posed_images/scene0425_01/00216.jpg",
      "transform_matrix": [
        [
          -0.346981,
          0.380098,
          -0.857397,
          2.704049
        ],
        [
          0.937841,
          0.133182,
          -0.320494,
          1.775548
        ],
        [
          -0.00763,
          -0.915308,
          -0.402683,
          1.407854
        ],
        [
          0.0,
          0.0,
          0.0,
          1.0
        ]
      ]
    },
    {
      "file_path": "/media/NFS/ttao/scannet/posed_images/scene0425_01/00224.jpg",
      "transform_matrix": [
        [
          -0.28829,
          0.411463,
          -0.864631,
          2.699245
        ],
        [
          0.95744,
          0.137126,
          -0.253979,
          1.750756
        ],
        [
          0.01406,
          -0.901052,
          -0.433484,
          1.393247
        ],
        [
          0.0,
          0.0,
          0.0,
          1.0
        ]
      ]
    },
    {
      "file_path": "/media/NFS/ttao/scannet/posed_images/scene0425_01/00228.jpg",
      "transform_matrix": [
        [
          -0.257553,
          0.404297,
          -0.877616,
          2.696657
        ],
        [
          0.965944,
          0.131089,
          -0.223085,
          1.745002
        ],
        [
          0.024854,
          -0.905185,
          -0.42429,
          1.399461
        ],
        [
          0.0,
          0.0,
          0.0,
          1.0
        ]
      ]
    },
    {
      "file_path": "/media/NFS/ttao/scannet/posed_images/scene0425_01/00234.jpg",
      "transform_matrix": [
        [
          -0.225259,
          0.365886,
          -0.902987,
          2.690524
        ],
        [
          0.974104,
          0.103134,
          -0.20121,
          1.736134
        ],
        [
          0.019509,
          -0.924928,
          -0.379642,
          1.43739
        ],
        [
          0.0,
          0.0,
          0.0,
          1.0
        ]
      ]
    },
    {
      "file_path": "/media/NFS/ttao/scannet/posed_images/scene0425_01/00239.jpg",
      "transform_matrix": [
        [
          -0.212826,
          0.330804,
          -0.919388,
          2.692694
        ],
        [
          0.977087,
          0.074312,
          -0.199445,
          1.739748
        ],
        [
          0.002344,
          -0.940769,
          -0.33904,
          1.468488
        ],
        [
          0.0,
          0.0,
          0.0,
          1.0
        ]
      ]
    },
    {
      "file_path": "/media/NFS/ttao/scannet/posed_images/scene0425_01/00248.jpg",
      "transform_matrix": [
        [
          -0.18423,
          0.287213,
          -0.939983,
          2.696365
        ],
        [
          0.982883,
          0.052971,
          -0.176453,
          1.748586
        ],
        [
          -0.000888,
          -0.956401,
          -0.292055,
          1.50008
        ],
        [
          0.0,
          0.0,
          0.0,
          1.0
        ]
      ]
    },
    {
      "file_path": "/media/NFS/ttao/scannet/posed_images/scene0425_01/00254.jpg",
      "transform_matrix": [
        [
          -0.161654,
          0.293249,
          -0.94227,
          2.687665
        ],
        [
          0.986802,
          0.057166,
          -0.151503,
          1.760077
        ],
        [
          0.009438,
          -0.954325,
          -0.29862,
          1.512098
        ],
        [
          0.0,
          0.0,
          0.0,
          1.0
        ]
      ]
    },
    {
      "file_path": "/media/NFS/ttao/scannet/posed_images/scene0425_01/00256.jpg",
      "transform_matrix": [
        [
          -0.15069,
          0.292695,
          -0.944258,
          2.684312
        ],
        [
          0.988509,
          0.056172,
          -0.14034,
          1.763975
        ],
        [
          0.011964,
          -0.954555,
          -0.297796,
          1.511118
        ],
        [
          0.0,
          0.0,
          0.0,
          1.0
        ]
      ]
    },
    {
      "file_path": "/media/NFS/ttao/scannet/posed_images/scene0425_01/00264.jpg",
      "transform_matrix": [
        [
          -0.092547,
          0.298271,
          -0.949984,
          2.653747
        ],
        [
          0.995704,
          0.030426,
          -0.087448,
          1.780424
        ],
        [
          0.002821,
          -0.953996,
          -0.299805,
          1.518261
        ],
        [
          0.0,
          0.0,
          0.0,
          1.0
        ]
      ]
    },
    {
      "file_path": "/media/NFS/ttao/scannet/posed_images/scene0425_01/00266.jpg",
      "transform_matrix": [
        [
          -0.081024,
          0.300969,
          -0.950186,
          2.643803
        ],
        [
          0.996701,
          0.028901,
          -0.075836,
          1.783217
        ],
        [
          0.004637,
          -0.953196,
          -0.302318,
          1.52375
        ],
        [
          0.0,
          0.0,
          0.0,
          1.0
        ]
      ]
    },
    {
      "file_path": "/media/NFS/ttao/scannet/posed_images/scene0425_01/00276.jpg",
      "transform_matrix": [
        [
          0.003379,
          0.295502,
          -0.955336,
          2.602574
        ],
        [
          0.999971,
          0.005483,
          0.005233,
          1.792614
        ],
        [
          0.006785,
          -0.955326,
          -0.295475,
          1.529962
        ],
        [
          0.0,
          0.0,
          0.0,
          1.0
        ]
      ]
    },
    {
      "file_path": "/media/NFS/ttao/scannet/posed_images/scene0425_01/00278.jpg",
      "transform_matrix": [
        [
          0.019348,
          0.293279,
          -0.955831,
          2.594932
        ],
        [
          0.999812,
          -0.00667,
          0.018192,
          1.794667
        ],
        [
          -0.00104,
          -0.956003,
          -0.293353,
          1.531669
        ],
        [
          0.0,
          0.0,
          0.0,
          1.0
        ]
      ]
    },
    {
      "file_path": "/media/NFS/ttao/scannet/posed_images/scene0425_01/00283.jpg",
      "transform_matrix": [
        [
          0.068428,
          0.287193,
          -0.955426,
          2.572315
        ],
        [
          0.997331,
          -0.044145,
          0.05816,
          1.794101
        ],
        [
          -0.025474,
          -0.956855,
          -0.289447,
          1.541661
        ],
        [
          0.0,
          0.0,
          0.0,
          1.0
        ]
      ]
    },
    {
      "file_path": "/media/NFS/ttao/scannet/posed_images/scene0425_01/00291.jpg",
      "transform_matrix": [
        [
          0.164295,
          0.263518,
          -0.950561,
          2.524382
        ],
        [
          0.985898,
          -0.074963,
          0.149621,
          1.798482
        ],
        [
          -0.031829,
          -0.961738,
          -0.272117,
          1.55221
        ],
        [
          0.0,
          0.0,
          0.0,
          1.0
        ]
      ]
    },
    {
      "file_path": "/media/NFS/ttao/scannet/posed_images/scene0425_01/00294.jpg",
      "transform_matrix": [
        [
          0.17916,
          0.268482,
          -0.946477,
          2.508794
        ],
        [
          0.983132,
          -0.084841,
          0.162031,
          1.801153
        ],
        [
          -0.036798,
          -0.959541,
          -0.279153,
          1.543103
        ],
        [
          0.0,
          0.0,
          0.0,
          1.0
        ]
      ]
    },
    {
      "file_path": "/media/NFS/ttao/scannet/posed_images/scene0425_01/00299.jpg",
      "transform_matrix": [
        [
          0.20563,
          0.274296,
          -0.939403,
          2.474618
        ],
        [
          0.977739,
          -0.098539,
          0.185249,
          1.812346
        ],
        [
          -0.041755,
          -0.956583,
          -0.288452,
          1.517133
        ],
        [
          0.0,
          0.0,
          0.0,
          1.0
        ]
      ]
    },
    {
      "file_path": "/media/NFS/ttao/scannet/posed_images/scene0425_01/00310.jpg",
      "transform_matrix": [
        [
          0.285208,
          0.381353,
          -0.879333,
          2.337249
        ],
        [
          0.958065,
          -0.139949,
          0.250051,
          1.839747
        ],
        [
          -0.027704,
          -0.913775,
          -0.405276,
          1.440486
        ],
        [
          0.0,
          0.0,
          0.0,
          1.0
        ]
      ]
    },
    {
      "file_path": "/media/NFS/ttao/scannet/posed_images/scene0425_01/00315.jpg",
      "transform_matrix": [
        [
          0.301935,
          0.418001,
          -0.856802,
          2.283326
        ],
        [
          0.953112,
          -0.151522,
          0.261953,
          1.849352
        ],
        [
          -0.020328,
          -0.895721,
          -0.444151,
          1.406073
        ],
        [
          0.0,
          0.0,
          0.0,
          1.0
        ]
      ]
    },
    {
      "file_path": "/media/NFS/ttao/scannet/posed_images/scene0425_01/00318.jpg",
      "transform_matrix": [
        [
          0.304702,
          0.432073,
          -0.848805,
          2.256471
        ],
        [
          0.952296,
          -0.154081,
          0.26342,
          1.853322
        ],
        [
          -0.016968,
          -0.888578,
          -0.458411,
          1.395262
        ],
        [
          0.0,
          0.0,
          0.0,
          1.0
        ]
      ]
    },
    {
      "file_path": "/media/NFS/ttao/scannet/posed_images/scene0425_01/00323.jpg",
      "transform_matrix": [
        [
          0.322139,
          0.439328,
          -0.83858,
          2.228175
        ],
        [
          0.946692,
          -0.1498,
          0.285191,
          1.854148
        ],
        [
          -0.000327,
          -0.885748,
          -0.464165,
          1.36625
        ],
        [
          0.0,
          0.0,
          0.0,
          1.0
        ]
      ]
    },
    {
      "file_path": "/media/NFS/ttao/scannet/posed_images/scene0425_01/00330.jpg",
      "transform_matrix": [
        [
          0.379406,
          0.47354,
          -0.794865,
          2.207084
        ],
        [
          0.925177,
          -0.203415,
          0.320422,
          1.851533
        ],
        [
          -0.009955,
          -0.856961,
          -0.515285,
          1.330632
        ],
        [
          0.0,
          0.0,
          0.0,
          1.0
        ]
      ]
    },
    {
      "file_path": "/media/NFS/ttao/scannet/posed_images/scene0425_01/00335.jpg",
      "transform_matrix": [
        [
          0.432537,
          0.478887,
          -0.763924,
          2.198514
        ],
        [
          0.901385,
          -0.210495,
          0.378413,
          1.838581
        ],
        [
          0.020414,
          -0.852267,
          -0.522708,
          1.313342
        ],
        [
          0.0,
          0.0,
          0.0,
          1.0
        ]
      ]
    },
    {
      "file_path": "/media/NFS/ttao/scannet/posed_images/scene0425_01/00343.jpg",
      "transform_matrix": [
        [
          0.486593,
          0.462255,
          -0.741315,
          2.214229
        ],
        [
          0.872176,
          -0.208116,
          0.442715,
          1.798643
        ],
        [
          0.050368,
          -0.861979,
          -0.504435,
          1.283038
        ],
        [
          0.0,
          0.0,
          0.0,
          1.0
        ]
      ]
    },
    {
      "file_path": "/media/NFS/ttao/scannet/posed_images/scene0425_01/00348.jpg",
      "transform_matrix": [
        [
          0.507597,
          0.464184,
          -0.725864,
          2.228875
        ],
        [
          0.860099,
          -0.223371,
          0.458623,
          1.773754
        ],
        [
          0.050749,
          -0.85711,
          -0.512627,
          1.271249
        ],
        [
          0.0,
          0.0,
          0.0,
          1.0
        ]
      ]
    },
    {
      "file_path": "/media/NFS/ttao/scannet/posed_images/scene0425_01/00350.jpg",
      "transform_matrix": [
        [
          0.522251,
          0.462511,
          -0.716476,
          2.232163
        ],
        [
          0.850841,
          -0.225786,
          0.474438,
          1.762931
        ],
        [
          0.057662,
          -0.857382,
          -0.51144,
          1.263698
        ],
        [
          0.0,
          0.0,
          0.0,
          1.0
        ]
      ]
    },
    {
      "file_path": "/media/NFS/ttao/scannet/posed_images/scene0425_01/00358.jpg",
      "transform_matrix": [
        [
          0.531173,
          0.462877,
          -0.709648,
          2.241765
        ],
        [
          0.843716,
          -0.212409,
          0.492976,
          1.723319
        ],
        [
          0.077452,
          -0.860597,
          -0.503363,
          1.263878
        ],
        [
          0.0,
          0.0,
          0.0,
          1.0
        ]
      ]
    },
    {
      "file_path": "/media/NFS/ttao/scannet/posed_images/scene0425_01/00365.jpg",
      "transform_matrix": [
        [
          0.559942,
          0.421519,
          -0.713293,
          2.239777
        ],
        [
          0.8255,
          -0.210252,
          0.523777,
          1.705475
        ],
        [
          0.07081,
          -0.882109,
          -0.465693,
          1.29127
        ],
        [
          0.0,
          0.0,
          0.0,
          1.0
        ]
      ]
    },
    {
      "file_path": "/media/NFS/ttao/scannet/posed_images/scene0425_01/00368.jpg",
      "transform_matrix": [
        [
          0.572729,
          0.397813,
          -0.716746,
          2.236702
        ],
        [
          0.817094,
          -0.206782,
          0.538144,
          1.704581
        ],
        [
          0.06587,
          -0.89386,
          -0.443481,
          1.305233
        ],
        [
          0.0,
          0.0,
          0.0,
          1.0
        ]
      ]
    },
    {
      "file_path": "/media/NFS/ttao/scannet/posed_images/scene0425_01/00373.jpg",
      "transform_matrix": [
        [
          0.591112,
          0.36417,
          -0.719699,
          2.225513
        ],
        [
          0.804157,
          -0.196838,
          0.56088,
          1.703553
        ],
        [
          0.062592,
          -0.910294,
          -0.409203,
          1.329972
        ],
        [
          0.0,
          0.0,
          0.0,
          1.0
        ]
      ]
    },
    {
      "file_path": "/media/NFS/ttao/scannet/posed_images/scene0425_01/00378.jpg",
      "transform_matrix": [
        [
          0.612346,
          0.331185,
          -0.717878,
          2.214701
        ],
        [
          0.788431,
          -0.188756,
          0.585447,
          1.703043
        ],
        [
          0.058387,
          -0.924493,
          -0.3767,
          1.345253
        ],
        [
          0.0,
          0.0,
          0.0,
          1.0
        ]
      ]
    },
    {
      "file_path": "/media/NFS/ttao/scannet/posed_images/scene0425_01/00386.jpg",
      "transform_matrix": [
        [
          0.642463,
          0.286773,
          -0.710635,
          2.200987
        ],
        [
          0.765318,
          -0.192796,
          0.614098,
          1.713212
        ],
        [
          0.039099,
          -0.938398,
          -0.343337,
          1.376156
        ],
        [
          0.0,
          0.0,
          0.0,
          1.0
        ]
      ]
    },
    {
      "file_path": "/media/NFS/ttao/scannet/posed_images/scene0425_01/00393.jpg",
      "transform_matrix": [
        [
          0.67765,
          0.26583,
          -0.685656,
          2.193639
        ],
        [
          0.734813,
          -0.208023,
          0.645582,
          1.733452
        ],
        [
          0.028983,
          -0.941308,
          -0.336302,
          1.386136
        ],
        [
          0.0,
          0.0,
          0.0,
          1.0
        ]
      ]
    },
    {
      "file_path": "/media/NFS/ttao/scannet/posed_images/scene0425_01/00398.jpg",
      "transform_matrix": [
        [
          0.701309,
          0.254777,
          -0.665774,
          2.191999
        ],
        [
          0.712437,
          -0.218431,
          0.666874,
          1.751968
        ],
        [
          0.024479,
          -0.942007,
          -0.3347,
          1.389114
        ],
        [
          0.0,
          0.0,
          0.0,
          1.0
        ]
      ]
    },
    {
      "file_path": "/media/NFS/ttao/scannet/posed_images/scene0425_01/00400.jpg",
      "transform_matrix": [
        [
          0.710596,
          0.252272,
          -0.656819,
          2.19069
        ],
        [
          0.703186,
          -0.222631,
          0.675251,
          1.759833
        ],
        [
          0.024118,
          -0.941698,
          -0.335595,
          1.387812
        ],
        [
          0.0,
          0.0,
          0.0,
          1.0
        ]
      ]
    },
    {
      "file_path": "/media/NFS/ttao/scannet/posed_images/scene0425_01/00407.jpg",
      "transform_matrix": [
        [
          0.736463,
          0.252044,
          -0.627771,
          2.177962
        ],
        [
          0.675822,
          -0.233282,
          0.699174,
          1.796443
        ],
        [
          0.029775,
          -0.939177,
          -0.34214,
          1.381953
        ],
        [
          0.0,
          0.0,
          0.0,
          1.0
        ]
      ]
    },
    {
      "file_path": "/media/NFS/ttao/scannet/posed_images/scene0425_01/00415.jpg",
      "transform_matrix": [
        [
          0.74932,
          0.278607,
          -0.600748,
          2.143084
        ],
        [
          0.661129,
          -0.262961,
          0.702681,
          1.857789
        ],
        [
          0.037799,
          -0.923704,
          -0.381237,
          1.353157
        ],
        [
          0.0,
          0.0,
          0.0,
          1.0
        ]
      ]
    },
    {
      "file_path": "/media/NFS/ttao/scannet/posed_images/scene0425_01/00422.jpg",
      "transform_matrix": [
        [
          0.770249,
          0.306194,
          -0.559429,
          2.127157
        ],
        [
          0.635378,
          -0.292986,
          0.714459,
          1.943312
        ],
        [
          0.054858,
          -0.905761,
          -0.420222,
          1.310041
        ],
        [
          0.0,
          0.0,
          0.0,
          1.0
        ]
      ]
    },
    {
      "file_path": "/media/NFS/ttao/scannet/posed_images/scene0425_01/00427.jpg",
      "transform_matrix": [
        [
          0.795654,
          0.32099,
          -0.513712,
          2.124327
        ],
        [
          0.602307,
          -0.328919,
          0.72735,
          2.015171
        ],
        [
          0.064503,
          -0.888131,
          -0.45504,
          1.286193
        ],
        [
          0.0,
          0.0,
          0.0,
          1.0
        ]
      ]
    },
    {
      "file_path": "/media/NFS/ttao/scannet/posed_images/scene0425_01/00430.jpg",
      "transform_matrix": [
        [
          0.812098,
          0.328979,
          -0.481944,
          2.123073
        ],
        [
          0.578067,
          -0.3409,
          0.741368,
          2.045034
        ],
        [
          0.0796,
          -0.880659,
          -0.467016,
          1.272409
        ],
