{
  "frames": [
    {
      "file_path": "/media/NFS/ttao/scannet/posed_images/scene0274_02/00000.jpg",
      "transform_matrix": [
        [
          -0.592142,
          0.136556,
          -0.794179,
          3.870356
        ],
        [
          0.805647,
          0.121569,
          -0.579788,
          2.079918
        ],
        [
          0.017374,
          -0.983145,
          -0.182001,
          1.430772
        ],
        [
          0.0,
          0.0,
          0.0,
          1.0
        ]
      ]
    },
    {
      "file_path": "/media/NFS/ttao/scannet/posed_images/scene0274_02/00007.jpg",
      "transform_matrix": [
        [
          -0.59253,
          0.147408,
          -0.791947,
          3.856516
        ],
        [
          0.805466,
          0.122484,
          -0.579846,
          2.102942
        ],
        [
          0.011527,
          -0.981463,
          -0.191308,
          1.424283
        ],
        [
          0.0,
          0.0,
          0.0,
          1.0
        ]
      ]
    },
    {
      "file_path": "/media/NFS/ttao/scannet/posed_images/scene0274_02/00014.jpg",
      "transform_matrix": [
        [
          -0.6001,
          0.16717,
          -0.782262,
          3.848263
        ],
        [
          0.799892,
          0.13437,
          -0.584909,
          2.128458
        ],
        [
          0.007333,
          -0.976729,
          -0.214353,
          1.373308
        ],
        [
          0.0,
          0.0,
          0.0,
          1.0
        ]
      ]
    },
    {
      "file_path": "/media/NFS/ttao/scannet/posed_images/scene0274_02/00027.jpg",
      "transform_matrix": [
        [
          -0.633046,
          0.256773,
          -0.730288,
          3.779638
        ],
        [
          0.773914,
          0.188441,
          -0.604606,
          2.202947
        ],
        [
          -0.01763,
          -0.947923,
          -0.318012,
          1.308196
        ],
        [
          0.0,
          0.0,
          0.0,
          1.0
        ]
      ]
    },
    {
      "file_path": "/media/NFS/ttao/scannet/posed_images/scene0274_02/00034.jpg",
      "transform_matrix": [
        [
          -0.63127,
          0.309211,
          -0.711257,
          3.761395
        ],
        [
          0.775221,
          0.224321,
          -0.59052,
          2.217768
        ],
        [
          -0.023046,
          -0.924158,
          -0.381314,
          1.282594
        ],
        [
          0.0,
          0.0,
          0.0,
          1.0
        ]
      ]
    },
    {
      "file_path": "/media/NFS/ttao/scannet/posed_images/scene0274_02/00041.jpg",
      "transform_matrix": [
        [
          -0.633927,
          0.278609,
          -0.721467,
          3.743906
        ],
        [
          0.772922,
          0.195657,
          -0.603581,
          2.265438
        ],
        [
          -0.027003,
          -0.940263,
          -0.339376,
          1.298134
        ],
        [
          0.0,
          0.0,
          0.0,
          1.0
        ]
      ]
    },
    {
      "file_path": "/media/NFS/ttao/scannet/posed_images/scene0274_02/00050.jpg",
      "transform_matrix": [
        [
          -0.64434,
          0.244272,
          -0.724677,
          3.679483
        ],
        [
          0.763965,
          0.162977,
          -0.624336,
          2.286987
        ],
        [
          -0.034402,
          -0.955913,
          -0.291628,
          1.306866
        ],
        [
          0.0,
          0.0,
          0.0,
          1.0
        ]
      ]
    },
    {
      "file_path": "/media/NFS/ttao/scannet/posed_images/scene0274_02/00052.jpg",
      "transform_matrix": [
        [
          -0.651319,
          0.240388,
          -0.719721,
          3.653171
        ],
        [
          0.758232,
          0.169359,
          -0.629604,
          2.288623
        ],
        [
          -0.029458,
          -0.955788,
          -0.292576,
          1.306988
        ],
        [
          0.0,
          0.0,
          0.0,
          1.0
        ]
      ]
    },
    {
      "file_path": "/media/NFS/ttao/scannet/posed_images/scene0274_02/00059.jpg",
      "transform_matrix": [
        [
          -0.650861,
          0.213947,
          -0.728428,
          3.533031
        ],
        [
          0.759197,
          0.184677,
          -0.624111,
          2.271781
        ],
        [
          0.000997,
          -0.95923,
          -0.282626,
          1.311361
        ],
        [
          0.0,
          0.0,
          0.0,
          1.0
        ]
      ]
    },
    {
      "file_path": "/media/NFS/ttao/scannet/posed_images/scene0274_02/00072.jpg",
      "transform_matrix": [
        [
          -0.666708,
          0.256919,
          -0.699638,
          3.274011
        ],
        [
          0.744108,
          0.175946,
          -0.644475,
          2.309119
        ],
        [
          -0.042479,
          -0.950282,
          -0.30848,
          1.343002
        ],
        [
          0.0,
          0.0,
          0.0,
          1.0
        ]
      ]
    },
    {
      "file_path": "/media/NFS/ttao/scannet/posed_images/scene0274_02/00075.jpg",
      "transform_matrix": [
        [
          -0.693319,
          0.25726,
          -0.673146,
          3.220934
        ],
        [
          0.719279,
          0.189865,
          -0.668273,
          2.327572
        ],
        [
          -0.044113,
          -0.947506,
          -0.316679,
          1.346923
        ],
        [
          0.0,
          0.0,
          0.0,
          1.0
        ]
      ]
    },
    {
      "file_path": "/media/NFS/ttao/scannet/posed_images/scene0274_02/00081.jpg",
      "transform_matrix": [
        [
          -0.749117,
          0.240471,
          -0.61725,
          3.13275
        ],
        [
          0.661638,
          0.225826,
          -0.715009,
          2.362116
        ],
        [
          -0.032548,
          -0.944021,
          -0.328275,
          1.371595
        ],
        [
          0.0,
          0.0,
          0.0,
          1.0
        ]
      ]
    },
    {
      "file_path": "/media/NFS/ttao/scannet/posed_images/scene0274_02/00088.jpg",
      "transform_matrix": [
        [
          -0.777044,
          0.203227,
          -0.595736,
          3.105577
        ],
        [
          0.629327,
          0.232386,
          -0.741583,
          2.361851
        ],
        [
          -0.012269,
          -0.951155,
          -0.30847,
          1.395276
        ],
        [
          0.0,
          0.0,
          0.0,
          1.0
        ]
      ]
    },
    {
      "file_path": "/media/NFS/ttao/scannet/posed_images/scene0274_02/00100.jpg",
      "transform_matrix": [
        [
          -0.768635,
          0.105258,
          -0.630968,
          3.247968
        ],
        [
          0.635307,
          0.240857,
          -0.733739,
          2.292912
        ],
        [
          0.074741,
          -0.964836,
          -0.252003,
          1.408452
        ],
        [
          0.0,
          0.0,
          0.0,
          1.0
        ]
      ]
    },
    {
      "file_path": "/media/NFS/ttao/scannet/posed_images/scene0274_02/00106.jpg",
      "transform_matrix": [
        [
          -0.700348,
          0.124796,
          -0.702807,
          3.38785
        ],
        [
          0.712287,
          0.186279,
          -0.676718,
          2.235457
        ],
        [
          0.046467,
          -0.974539,
          -0.219351,
          1.426938
        ],
        [
          0.0,
          0.0,
          0.0,
          1.0
        ]
      ]
    },
    {
      "file_path": "/media/NFS/ttao/scannet/posed_images/scene0274_02/00111.jpg",
      "transform_matrix": [
        [
          -0.663152,
          0.089143,
          -0.743157,
          3.484096
        ],
        [
          0.742427,
          0.20441,
          -0.637981,
          2.173392
        ],
        [
          0.095037,
          -0.974818,
          -0.201737,
          1.435018
        ],
        [
          0.0,
          0.0,
          0.0,
          1.0
        ]
      ]
    },
    {
      "file_path": "/media/NFS/ttao/scannet/posed_images/scene0274_02/00120.jpg",
      "transform_matrix": [
        [
          -0.640337,
          0.034056,
          -0.767339,
          3.581547
        ],
        [
          0.757382,
          0.194262,
          -0.623406,
          2.067251
        ],
        [
          0.127834,
          -0.980358,
          -0.150187,
          1.422839
        ],
        [
          0.0,
          0.0,
          0.0,
          1.0
        ]
      ]
    },
    {
      "file_path": "/media/NFS/ttao/scannet/posed_images/scene0274_02/00127.jpg",
      "transform_matrix": [
        [
          -0.632487,
          0.053665,
          -0.772709,
          3.63634
        ],
        [
          0.773171,
          0.103699,
          -0.625663,
          1.959529
        ],
        [
          0.046553,
          -0.99316,
          -0.107081,
          1.4339
        ],
        [
          0.0,
          0.0,
          0.0,
          1.0
        ]
      ]
    },
    {
      "file_path": "/media/NFS/ttao/scannet/posed_images/scene0274_02/00138.jpg",
      "transform_matrix": [
        [
          -0.587267,
          0.068039,
          -0.806529,
          3.701072
        ],
        [
          0.808156,
          0.104371,
          -0.579647,
          1.750974
        ],
        [
          0.04474,
          -0.992208,
          -0.11628,
          1.428059
        ],
        [
          0.0,
          0.0,
          0.0,
          1.0
        ]
      ]
    },
    {
      "file_path": "/media/NFS/ttao/scannet/posed_images/scene0274_02/00147.jpg",
      "transform_matrix": [
        [
          -0.532988,
          0.073844,
          -0.842894,
          3.773628
        ],
        [
          0.844321,
          0.111397,
          -0.524131,
          1.536413
        ],
        [
          0.055192,
          -0.991029,
          -0.121721,
          1.413276
        ],
        [
          0.0,
          0.0,
          0.0,
          1.0
        ]
      ]
    },
    {
      "file_path": "/media/NFS/ttao/scannet/posed_images/scene0274_02/00154.jpg",
      "transform_matrix": [
        [
          -0.431914,
          0.119828,
          -0.893919,
          3.793913
        ],
        [
          0.89958,
          0.128506,
          -0.417423,
          1.378283
        ],
        [
          0.064855,
          -0.984443,
          -0.163298,
          1.401806
        ],
        [
          0.0,
          0.0,
          0.0,
          1.0
        ]
      ]
    },
    {
      "file_path": "/media/NFS/ttao/scannet/posed_images/scene0274_02/00156.jpg",
      "transform_matrix": [
        [
          -0.421245,
          0.119685,
          -0.899015,
          3.800017
        ],
        [
          0.904156,
          0.133125,
          -0.405931,
          1.340218
        ],
        [
          0.071097,
          -0.983846,
          -0.164292,
          1.394237
        ],
        [
          0.0,
          0.0,
          0.0,
          1.0
        ]
      ]
    },
    {
      "file_path": "/media/NFS/ttao/scannet/posed_images/scene0274_02/00167.jpg",
      "transform_matrix": [
        [
          -0.30209,
          0.18103,
          -0.935933,
          3.80973
        ],
        [
          0.953013,
          0.080581,
          -0.292016,
          1.114436
        ],
        [
          0.022555,
          -0.980171,
          -0.196866,
          1.377637
        ],
        [
          0.0,
          0.0,
          0.0,
          1.0
        ]
      ]
    },
    {
      "file_path": "/media/NFS/ttao/scannet/posed_images/scene0274_02/00172.jpg",
      "transform_matrix": [
        [
          -0.235391,
          0.218553,
          -0.947009,
          3.81126
        ],
        [
          0.971614,
          0.076599,
          -0.223829,
          1.023817
        ],
        [
          0.023622,
          -0.972814,
          -0.23038,
          1.38239
        ],
        [
          0.0,
          0.0,
          0.0,
          1.0
        ]
      ]
    },
    {
      "file_path": "/media/NFS/ttao/scannet/posed_images/scene0274_02/00179.jpg",
      "transform_matrix": [
        [
          -0.146181,
          0.231856,
          -0.961704,
          3.830335
        ],
        [
          0.988374,
          0.07532,
          -0.132077,
          0.911612
        ],
        [
          0.041813,
          -0.96983,
          -0.24017,
          1.377435
        ],
        [
          0.0,
          0.0,
          0.0,
          1.0
        ]
      ]
    },
    {
      "file_path": "/media/NFS/ttao/scannet/posed_images/scene0274_02/00192.jpg",
      "transform_matrix": [
        [
          -0.082881,
          0.322131,
          -0.94306,
          3.851971
        ],
        [
          0.99503,
          0.079167,
          -0.060406,
          0.723051
        ],
        [
          0.0552,
          -0.943379,
          -0.327092,
          1.360225
        ],
        [
          0.0,
          0.0,
          0.0,
          1.0
        ]
      ]
    },
    {
      "file_path": "/media/NFS/ttao/scannet/posed_images/scene0274_02/00197.jpg",
      "transform_matrix": [
        [
          -0.09363,
          0.329869,
          -0.939372,
          3.856449
        ],
        [
          0.994618,
          0.073035,
          -0.07349,
          0.711707
        ],
        [
          0.044365,
          -0.941197,
          -0.334932,
          1.361655
        ],
        [
          0.0,
          0.0,
          0.0,
          1.0
        ]
      ]
    },
    {
      "file_path": "/media/NFS/ttao/scannet/posed_images/scene0274_02/00204.jpg",
      "transform_matrix": [
        [
          -0.08277,
          0.284315,
          -0.955151,
          3.879212
        ],
        [
          0.996403,
          0.04111,
          -0.074107,
          0.757673
        ],
        [
          0.018196,
          -0.957849,
          -0.286695,
          1.374835
        ],
        [
          0.0,
          0.0,
          0.0,
          1.0
        ]
      ]
    },
    {
      "file_path": "/media/NFS/ttao/scannet/posed_images/scene0274_02/00210.jpg",
      "transform_matrix": [
        [
          -0.117167,
          0.273002,
          -0.954852,
          3.919279
        ],
        [
          0.992835,
          0.054935,
          -0.106122,
          0.881289
        ],
        [
          0.023483,
          -0.960444,
          -0.277482,
          1.365335
        ],
        [
          0.0,
          0.0,
          0.0,
          1.0
        ]
      ]
    },
    {
      "file_path": "/media/NFS/ttao/scannet/posed_images/scene0274_02/00222.jpg",
      "transform_matrix": [
        [
          -0.139229,
          0.40853,
          -0.902063,
          3.96421
        ],
        [
          0.988958,
          0.010665,
          -0.147811,
          1.090263
        ],
        [
          -0.050765,
          -0.912683,
          -0.405504,
          1.31078
        ],
        [
          0.0,
          0.0,
          0.0,
          1.0
        ]
      ]
    },
    {
      "file_path": "/media/NFS/ttao/scannet/posed_images/scene0274_02/00229.jpg",
      "transform_matrix": [
        [
          -0.2234,
          0.385229,
          -0.895372,
          3.959828
        ],
        [
          0.963126,
          -0.054057,
          -0.263563,
          1.204497
        ],
        [
          -0.149933,
          -0.921236,
          -0.358948,
          1.32282
        ],
        [
          0.0,
          0.0,
          0.0,
          1.0
        ]
      ]
    },
    {
      "file_path": "/media/NFS/ttao/scannet/posed_images/scene0274_02/00233.jpg",
      "transform_matrix": [
        [
          -0.249504,
          0.383118,
          -0.889364,
          3.936135
        ],
        [
          0.954178,
          -0.059416,
          -0.293282,
          1.271667
        ],
        [
          -0.165204,
          -0.921787,
          -0.350738,
          1.328177
        ],
        [
          0.0,
          0.0,
          0.0,
          1.0
        ]
      ]
    },
    {
      "file_path": "/media/NFS/ttao/scannet/posed_images/scene0274_02/00240.jpg",
      "transform_matrix": [
        [
          -0.265507,
          0.288597,
          -0.919901,
          3.872904
        ],
        [
          0.958822,
          -0.020742,
          -0.283248,
          1.404459
        ],
        [
          -0.100825,
          -0.957226,
          -0.271206,
          1.367737
        ],
        [
          0.0,
          0.0,
          0.0,
          1.0
        ]
      ]
    },
    {
      "file_path": "/media/NFS/ttao/scannet/posed_images/scene0274_02/00253.jpg",
      "transform_matrix": [
        [
          -0.441886,
          0.10612,
          -0.890772,
          3.836956
        ],
        [
          0.89655,
          0.018389,
          -0.442562,
          1.674754
        ],
        [
          -0.030584,
          -0.994183,
          -0.103268,
          1.440767
        ],
        [
          0.0,
          0.0,
          0.0,
          1.0
        ]
      ]
    },
    {
      "file_path": "/media/NFS/ttao/scannet/posed_images/scene0274_02/00258.jpg",
      "transform_matrix": [
        [
          -0.505028,
          0.092512,
          -0.858131,
          3.835066
        ],
        [
          0.863078,
          0.046495,
          -0.502927,
          1.782786
        ],
        [
          -0.006628,
          -0.994626,
          -0.103326,
          1.443617
        ],
        [
          0.0,
          0.0,
          0.0,
          1.0
        ]
      ]
    },
    {
      "file_path": "/media/NFS/ttao/scannet/posed_images/scene0274_02/00263.jpg",
      "transform_matrix": [
        [
          -0.586087,
          0.080223,
          -0.806267,
          3.820558
        ],
        [
          0.810109,
          0.039561,
          -0.584944,
          1.890892
        ],
        [
          -0.015029,
          -0.995992,
          -0.088176,
          1.466336
        ],
        [
          0.0,
          0.0,
          0.0,
          1.0
        ]
      ]
    },
    {
      "file_path": "/media/NFS/ttao/scannet/posed_images/scene0274_02/00274.jpg",
      "transform_matrix": [
        [
          -0.706055,
          0.048149,
          -0.706518,
          3.774688
        ],
        [
          0.707473,
          0.004106,
          -0.706729,
          2.016713
        ],
        [
          -0.031127,
          -0.998832,
          -0.036964,
          1.448448
        ],
        [
          0.0,
          0.0,
          0.0,
          1.0
        ]
      ]
    },
    {
      "file_path": "/media/NFS/ttao/scannet/posed_images/scene0274_02/00283.jpg",
      "transform_matrix": [
        [
          -0.751499,
          0.055988,
          -0.657354,
          3.692714
        ],
        [
          0.659286,
          0.100451,
          -0.745152,
          2.106197
        ],
        [
          0.024312,
          -0.993366,
          -0.112401,
          1.426161
        ],
        [
          0.0,
          0.0,
          0.0,
          1.0
        ]
      ]
    },
    {
      "file_path": "/media/NFS/ttao/scannet/posed_images/scene0274_02/00290.jpg",
      "transform_matrix": [
        [
          -0.81655,
          0.081319,
          -0.571518,
          3.646492
        ],
        [
          0.577227,
          0.127681,
          -0.80654,
          2.169613
        ],
        [
          0.007385,
          -0.988476,
          -0.151198,
          1.432394
        ],
        [
          0.0,
          0.0,
          0.0,
          1.0
        ]
      ]
    },
    {
      "file_path": "/media/NFS/ttao/scannet/posed_images/scene0274_02/00299.jpg",
      "transform_matrix": [
        [
          -0.863621,
          0.088401,
          -0.49633,
          3.559421
        ],
        [
          0.503456,
          0.20257,
          -0.839939,
          2.277085
        ],
        [
          0.02629,
          -0.97527,
          -0.21945,
          1.410784
        ],
        [
          0.0,
          0.0,
          0.0,
          1.0
        ]
      ]
    },
    {
      "file_path": "/media/NFS/ttao/scannet/posed_images/scene0274_02/00303.jpg",
      "transform_matrix": [
        [
          -0.884726,
          0.08819,
          -0.457693,
          3.519416
        ],
        [
          0.465429,
          0.220292,
          -0.857232,
          2.325088
        ],
        [
          0.025227,
          -0.971439,
          -0.235944,
          1.414236
        ],
        [
          0.0,
          0.0,
          0.0,
          1.0
        ]
      ]
    },
    {
      "file_path": "/media/NFS/ttao/scannet/posed_images/scene0274_02/00310.jpg",
      "transform_matrix": [
        [
          -0.925621,
          0.079728,
          -0.369957,
          3.467761
        ],
        [
          0.378214,
          0.229477,
          -0.896825,
          2.362287
        ],
        [
          0.013395,
          -0.970043,
          -0.242563,
          1.428281
        ],
        [
          0.0,
          0.0,
          0.0,
          1.0
        ]
      ]
    },
    {
      "file_path": "/media/NFS/ttao/scannet/posed_images/scene0274_02/00319.jpg",
      "transform_matrix": [
        [
          -0.963142,
          0.0447,
          -0.265253,
          3.372132
        ],
        [
          0.268439,
          0.222967,
          -0.937137,
          2.343932
        ],
        [
          0.017252,
          -0.973801,
          -0.226748,
          1.407809
        ],
        [
          0.0,
          0.0,
          0.0,
          1.0
        ]
      ]
    },
    {
      "file_path": "/media/NFS/ttao/scannet/posed_images/scene0274_02/00326.jpg",
      "transform_matrix": [
        [
          -0.958834,
          0.012027,
          -0.283712,
          3.294246
        ],
        [
          0.276932,
          0.260611,
          -0.924873,
          2.262093
        ],
        [
          0.062815,
          -0.965369,
          -0.253213,
          1.409536
        ],
        [
          0.0,
          0.0,
          0.0,
          1.0
        ]
      ]
    },
    {
      "file_path": "/media/NFS/ttao/scannet/posed_images/scene0274_02/00330.jpg",
      "transform_matrix": [
        [
          -0.967535,
          0.01546,
          -0.252263,
          3.251302
        ],
        [
          0.245724,
          0.29103,
          -0.924619,
          2.221174
        ],
        [
          0.059121,
          -0.956589,
          -0.285381,
          1.414865
        ],
        [
          0.0,
          0.0,
          0.0,
          1.0
        ]
      ]
    },
    {
      "file_path": "/media/NFS/ttao/scannet/posed_images/scene0274_02/00344.jpg",
      "transform_matrix": [
        [
          -0.994758,
          0.020014,
          -0.100279,
          3.147395
        ],
        [
          0.101805,
          0.285854,
          -0.95285,
          2.171235
        ],
        [
          0.009595,
          -0.958064,
          -0.286394,
          1.423563
        ],
        [
          0.0,
          0.0,
          0.0,
          1.0
        ]
      ]
    },
    {
      "file_path": "/media/NFS/ttao/scannet/posed_images/scene0274_02/00349.jpg",
      "transform_matrix": [
        [
          -0.998854,
          0.01407,
          -0.04574,
          3.085006
        ],
        [
          0.04784,
          0.318222,
          -0.946808,
          2.178312
        ],
        [
          0.001234,
          -0.947912,
          -0.318531,
          1.408928
        ],
        [
          0.0,
          0.0,
          0.0,
          1.0
        ]
      ]
    },
    {
      "file_path": "/media/NFS/ttao/scannet/posed_images/scene0274_02/00353.jpg",
      "transform_matrix": [
        [
          -0.999023,
          -0.018949,
          -0.039915,
          3.055371
        ],
        [
          0.030655,
          0.353318,
          -0.935001,
          2.179544
        ],
        [
          0.03182,
          -0.935312,
          -0.352392,
          1.386914
        ],
        [
          0.0,
          0.0,
          0.0,
          1.0
        ]
      ]
    },
    {
      "file_path": "/media/NFS/ttao/scannet/posed_images/scene0274_02/00364.jpg",
      "transform_matrix": [
        [
          -0.996144,
          -0.031317,
          0.081953,
          3.01603
        ],
        [
          -0.08748,
          0.283792,
          -0.954887,
          2.192549
        ],
        [
          0.006646,
          -0.958374,
          -0.285437,
          1.439636
        ],
        [
          0.0,
          0.0,
          0.0,
          1.0
        ]
      ]
    },
    {
      "file_path": "/media/NFS/ttao/scannet/posed_images/scene0274_02/00373.jpg",
      "transform_matrix": [
        [
          -0.98485,
          -0.073328,
          0.157141,
          3.049042
        ],
        [
          -0.168517,
          0.191023,
          -0.967012,
          2.234989
        ],
        [
          0.040891,
          -0.978843,
          -0.200486,
          1.483803
        ],
        [
          0.0,
          0.0,
          0.0,
          1.0
        ]
      ]
    },
    {
      "file_path": "/media/NFS/ttao/scannet/posed_images/scene0274_02/00378.jpg",
      "transform_matrix": [
        [
          -0.982361,
          -0.092373,
          0.162584,
          3.075547
        ],
        [
          -0.177896,
          0.193786,
          -0.96478,
          2.254692
        ],
        [
          0.057613,
          -0.976685,
          -0.206801,
          1.484351
        ],
        [
          0.0,
          0.0,
          0.0,
          1.0
        ]
      ]
    },
    {
      "file_path": "/media/NFS/ttao/scannet/posed_images/scene0274_02/00385.jpg",
      "transform_matrix": [
        [
          -0.982763,
          -0.105643,
          0.151713,
          3.10816
        ],
        [
          -0.167263,
          0.158566,
          -0.973078,
          2.281786
        ],
        [
          0.078743,
          -0.98168,
          -0.173503,
          1.490203
        ],
        [
          0.0,
          0.0,
          0.0,
          1.0
        ]
      ]
    },
    {
      "file_path": "/media/NFS/ttao/scannet/posed_images/scene0274_02/00391.jpg",
      "transform_matrix": [
        [
          -0.980155,
          -0.100113,
          0.171096,
          3.105696
        ],
        [
          -0.186721,
          0.176416,
          -0.966443,
          2.30074
        ],
        [
          0.06657,
          -0.979212,
          -0.191608,
          1.489353
        ],
        [
          0.0,
          0.0,
          0.0,
          1.0
        ]
      ]
    },
    {
      "file_path": "/media/NFS/ttao/scannet/posed_images/scene0274_02/00403.jpg",
      "transform_matrix": [
        [
          -0.951045,
          -0.130844,
          0.279987,
          3.002586
        ],
        [
          -0.302373,
          0.206625,
          -0.930525,
          2.367049
        ],
        [
          0.063901,
          -0.969632,
          -0.236074,
          1.467498
        ],
        [
          0.0,
          0.0,
          0.0,
          1.0
        ]
      ]
    },
    {
      "file_path": "/media/NFS/ttao/scannet/posed_images/scene0274_02/00405.jpg",
      "transform_matrix": [
        [
          -0.944096,
          -0.140293,
          0.298331,
          2.971853
        ],
        [
          -0.32194,
          0.197515,
          -0.925928,
          2.377784
        ],
        [
          0.070977,
          -0.970209,
          -0.231639,
          1.467007
        ],
        [
          0.0,
          0.0,
          0.0,
          1.0
        ]
      ]
    },
    {
      "file_path": "/media/NFS/ttao/scannet/posed_images/scene0274_02/00416.jpg",
      "transform_matrix": [
        [
          -0.918994,
          -0.126937,
          0.373277,
          2.887903
        ],
        [
          -0.388894,
          0.13603,
          -0.911184,
          2.410892
        ],
        [
          0.064887,
          -0.982539,
          -0.174376,
          1.518209
        ],
        [
          0.0,
          0.0,
          0.0,
          1.0
        ]
      ]
    },
    {
      "file_path": "/media/NFS/ttao/scannet/posed_images/scene0274_02/00421.jpg",
      "transform_matrix": [
        [
          -0.91673,
          -0.103039,
          0.385991,
          2.882743
        ],
        [
          -0.394739,
          0.084788,
          -0.914873,
          2.404094
        ],
        [
          0.06154,
          -0.991057,
          -0.118402,
          1.521486
        ],
        [
          0.0,
          0.0,
          0.0,
          1.0
        ]
      ]
    },
    {
      "file_path": "/media/NFS/ttao/scannet/posed_images/scene0274_02/00434.jpg",
      "transform_matrix": [
        [
          -0.952822,
          -0.084071,
          0.291655,
          2.932247
        ],
        [
          -0.29257,
          -0.001491,
          -0.956243,
          2.293172
        ],
        [
          0.080828,
          -0.996459,
          -0.023176,
          1.522213
        ],
        [
          0.0,
          0.0,
          0.0,
          1.0
        ]
      ]
    },
    {
      "file_path": "/media/NFS/ttao/scannet/posed_images/scene0274_02/00437.jpg",
      "transform_matrix": [
        [
          -0.957826,
          -0.089482,
          0.273059,
          2.95442
        ],
        [
          -0.274521,
          0.004213,
          -0.961572,
          2.260381
        ],
        [
          0.084893,
          -0.99598,
          -0.0286,
          1.524013
        ],
        [
          0.0,
          0.0,
          0.0,
          1.0
        ]
      ]
    },
    {
      "file_path": "/media/NFS/ttao/scannet/posed_images/scene0274_02/00448.jpg",
      "transform_matrix": [
        [
          -0.95097,
          -0.070896,
          0.301048,
          2.976334
        ],
        [
          -0.304666,
          0.047181,
          -0.95129,
          2.145897
        ],
        [
          0.053239,
          -0.996367,
          -0.066467,
          1.508048
        ],
        [
          0.0,
          0.0,
          0.0,
          1.0
        ]
      ]
    },
    {
      "file_path": "/media/NFS/ttao/scannet/posed_images/scene0274_02/00450.jpg",
      "transform_matrix": [
        [
          -0.946941,
          -0.067894,
          0.314156,
          2.977847
        ],
        [
          -0.318324,
          0.063009,
          -0.945886,
          2.10988
        ],
        [
          0.044426,
          -0.995701,
          -0.081278,
          1.509905
        ],
        [
          0.0,
          0.0,
          0.0,
          1.0
        ]
      ]
    },
    {
      "file_path": "/media/NFS/ttao/scannet/posed_images/scene0274_02/00464.jpg",
      "transform_matrix": [
        [
          -0.895048,
          -0.119396,
          0.429689,
          2.927213
        ],
        [
          -0.440024,
          0.079634,
          -0.894448,
          1.93926
        ],
        [
          0.072575,
          -0.989648,
          -0.123814,
          1.485032
        ],
        [
          0.0,
          0.0,
          0.0,
          1.0
        ]
      ]
    },
    {
      "file_path": "/media/NFS/ttao/scannet/posed_images/scene0274_02/00471.jpg",
      "transform_matrix": [
        [
          -0.85154,
          -0.17829,
          0.493043,
          2.889954
        ],
        [
          -0.517747,
          0.137866,
          -0.844353,
          1.883209
        ],
        [
          0.082566,
          -0.974272,
          -0.209707,
          1.475569
        ],
        [
          0.0,
          0.0,
          0.0,
          1.0
        ]
      ]
    },
    {
      "file_path": "/media/NFS/ttao/scannet/posed_images/scene0274_02/00473.jpg",
      "transform_matrix": [
        [
          -0.844779,
          -0.177062,
          0.504973,
          2.875188
        ],
        [
          -0.529855,
          0.144784,
          -0.835638,
          1.878742
        ],
        [
          0.074847,
          -0.973492,
          -0.216128,
          1.46838
        ],
        [
          0.0,
          0.0,
          0.0,
          1.0
        ]
      ]
    },
    {
      "file_path": "/media/NFS/ttao/scannet/posed_images/scene0274_02/00487.jpg",
      "transform_matrix": [
        [
          -0.756354,
          -0.190255,
          0.625885,
          2.744307
        ],
        [
          -0.652629,
          0.153974,
          -0.741868,
          1.939548
        ],
        [
          0.044774,
          -0.969585,
          -0.240625,
          1.466213
        ],
        [
          0.0,
          0.0,
          0.0,
          1.0
        ]
      ]
    },
    {
      "file_path": "/media/NFS/ttao/scannet/posed_images/scene0274_02/00489.jpg",
      "transform_matrix": [
        [
          -0.746008,
          -0.19999,
          0.635197,
          2.724912
        ],
        [
          -0.664134,
          0.153289,
          -0.73173,
          1.948694
        ],
        [
          0.04897,
          -0.967733,
          -0.247175,
          1.467051
        ],
        [
          0.0,
          0.0,
          0.0,
          1.0
        ]
      ]
    },
    {
      "file_path": "/media/NFS/ttao/scannet/posed_images/scene0274_02/00500.jpg",
      "transform_matrix": [
        [
          -0.643102,
          -0.242989,
          0.726207,
          2.626986
        ],
        [
          -0.763782,
          0.135053,
          -0.631188,
          1.952187
        ],
        [
          0.055296,
          -0.960582,
          -0.272444,
          1.494097
        ],
        [
          0.0,
          0.0,
          0.0,
          1.0
        ]
      ]
    },
    {
      "file_path": "/media/NFS/ttao/scannet/posed_images/scene0274_02/00507.jpg",
      "transform_matrix": [
        [
          -0.573991,
          -0.246277,
          0.780949,
          2.574433
        ],
        [
          -0.816714,
          0.103157,
          -0.567747,
          1.923039
        ],
        [
          0.059262,
          -0.963694,
          -0.260349,
          1.501938
        ],
        [
          0.0,
          0.0,
          0.0,
          1.0
        ]
      ]
    },
    {
      "file_path": "/media/NFS/ttao/scannet/posed_images/scene0274_02/00516.jpg",
      "transform_matrix": [
        [
          -0.443486,
          -0.25327,
          0.859753,
          2.504127
        ],
        [
          -0.89524,
          0.078941,
          -0.438537,
          1.851285
        ],
        [
          0.043199,
          -0.964169,
          -0.261747,
          1.501007
        ],
        [
          0.0,
          0.0,
          0.0,
          1.0
        ]
      ]
    },
    {
      "file_path": "/media/NFS/ttao/scannet/posed_images/scene0274_02/00520.jpg",
      "transform_matrix": [
        [
          -0.393689,
          -0.24568,
          0.885805,
          2.481088
        ],
        [
          -0.918261,
          0.060565,
          -0.391316,
          1.834571
        ],
        [
          0.042489,
          -0.967457,
          -0.249443,
          1.459365
        ],
        [
          0.0,
          0.0,
          0.0,
          1.0
        ]
      ]
    },
    {
      "file_path": "/media/NFS/ttao/scannet/posed_images/scene0274_02/00532.jpg",
      "transform_matrix": [
        [
          -0.326364,
          -0.295883,
          0.897742,
          2.545747
        ],
        [
          -0.943754,
          0.048689,
          -0.327045,
          1.899757
        ],
        [
          0.053057,
          -0.953983,
          -0.295131,
          1.380905
        ],
        [
          0.0,
          0.0,
          0.0,
          1.0
        ]
      ]
    },
    {
      "file_path": "/media/NFS/ttao/scannet/posed_images/scene0274_02/00536.jpg",
      "transform_matrix": [
        [
          -0.322885,
          -0.320474,
          0.890529,
          2.588263
        ],
        [
          -0.945693,
          0.071916,
          -0.317006,
          1.932291
        ],
        [
          0.037549,
          -0.944523,
          -0.326291,
          1.366023
        ],
        [
          0.0,
          0.0,
          0.0,
          1.0
        ]
      ]
    },
    {
      "file_path": "/media/NFS/ttao/scannet/posed_images/scene0274_02/00543.jpg",
      "transform_matrix": [
        [
          -0.322677,
          -0.389249,
          0.862766,
          2.691185
        ],
        [
          -0.946162,
          0.107976,
          -0.305152,
          2.014335
        ],
        [
          0.025623,
          -0.914782,
          -0.403134,
          1.354484
        ],
        [
          0.0,
          0.0,
          0.0,
          1.0
        ]
      ]
    },
    {
      "file_path": "/media/NFS/ttao/scannet/posed_images/scene0274_02/00554.jpg",
      "transform_matrix": [
        [
          -0.289948,
          -0.459016,
          0.839783,
          2.83028
        ],
        [
          -0.957025,
          0.133844,
          -0.25727,
          2.117576
        ],
        [
          0.005691,
          -0.878288,
          -0.478098,
          1.316034
        ],
        [
          0.0,
          0.0,
          0.0,
          1.0
        ]
      ]
    },
    {
      "file_path": "/media/NFS/ttao/scannet/posed_images/scene0274_02/00557.jpg",
      "transform_matrix": [
        [
          -0.276845,
          -0.45685,
          0.845367,
          2.859256
        ],
        [
          -0.960903,
          0.135955,
          -0.241209,
          2.109511
        ],
        [
          -0.004735,
          -0.879093,
          -0.476627,
          1.323974
        ],
        [
          0.0,
          0.0,
          0.0,
          1.0
        ]
      ]
    },
    {
      "file_path": "/media/NFS/ttao/scannet/posed_images/scene0274_02/00563.jpg",
      "transform_matrix": [
        [
          -0.260914,
          -0.414368,
          0.871908,
          2.915614
        ],
        [
          -0.965211,
          0.127948,
          -0.228028,
          2.12413
        ],
        [
          -0.017071,
          -0.901071,
          -0.433336,
          1.329482
        ],
        [
          0.0,
          0.0,
          0.0,
          1.0
        ]
      ]
    },
    {
      "file_path": "/media/NFS/ttao/scannet/posed_images/scene0274_02/00577.jpg",
      "transform_matrix": [
        [
          -0.154538,
          -0.34737,
          0.924907,
          3.029931
        ],
        [
          -0.986471,
          0.106085,
          -0.124982,
          2.104559
        ],
        [
          -0.054704,
          -0.931708,
          -0.359065,
          1.364047
        ],
        [
          0.0,
          0.0,
          0.0,
          1.0
        ]
      ]
    },
    {
      "file_path": "/media/NFS/ttao/scannet/posed_images/scene0274_02/00579.jpg",
      "transform_matrix": [
        [
          -0.153526,
          -0.335928,
          0.929291,
          3.046765
        ],
        [
          -0.986843,
          0.100369,
          -0.126752,
          2.114663
        ],
        [
          -0.050693,
          -0.936525,
