{
  "frames": [
    {
      "file_path": "/media/NFS/ttao/scannet/posed_images/scene0278_01/00001.jpg",
      "transform_matrix": [
        [
          0.460722,
          0.20829,
          -0.862758,
          3.681144
        ],
        [
          0.886374,
          -0.157896,
          0.435213,
          1.181617
        ],
        [
          -0.045576,
          -0.965238,
          -0.257369,
          1.475032
        ],
        [
          0.0,
          0.0,
          0.0,
          1.0
        ]
      ]
    },
    {
      "file_path": "/media/NFS/ttao/scannet/posed_images/scene0278_01/00002.jpg",
      "transform_matrix": [
        [
          0.460425,
          0.211384,
          -0.862164,
          3.680206
        ],
        [
          0.886604,
          -0.157717,
          0.434809,
          1.180119
        ],
        [
          -0.044066,
          -0.964594,
          -0.260031,
          1.47472
        ],
        [
          0.0,
          0.0,
          0.0,
          1.0
        ]
      ]
    },
    {
      "file_path": "/media/NFS/ttao/scannet/posed_images/scene0278_01/00006.jpg",
      "transform_matrix": [
        [
          0.471062,
          0.223826,
          -0.853231,
          3.682191
        ],
        [
          0.881509,
          -0.154858,
          0.446051,
          1.176768
        ],
        [
          -0.032292,
          -0.962248,
          -0.270252,
          1.470944
        ],
        [
          0.0,
          0.0,
          0.0,
          1.0
        ]
      ]
    },
    {
      "file_path": "/media/NFS/ttao/scannet/posed_images/scene0278_01/00008.jpg",
      "transform_matrix": [
        [
          0.476977,
          0.224886,
          -0.849658,
          3.686642
        ],
        [
          0.878368,
          -0.156085,
          0.451782,
          1.178257
        ],
        [
          -0.03102,
          -0.961802,
          -0.271982,
          1.473378
        ],
        [
          0.0,
          0.0,
          0.0,
          1.0
        ]
      ]
    },
    {
      "file_path": "/media/NFS/ttao/scannet/posed_images/scene0278_01/00009.jpg",
      "transform_matrix": [
        [
          0.480468,
          0.224662,
          -0.847749,
          3.687052
        ],
        [
          0.876422,
          -0.158464,
          0.454724,
          1.177674
        ],
        [
          -0.032179,
          -0.961466,
          -0.273036,
          1.471904
        ],
        [
          0.0,
          0.0,
          0.0,
          1.0
        ]
      ]
    },
    {
      "file_path": "/media/NFS/ttao/scannet/posed_images/scene0278_01/00013.jpg",
      "transform_matrix": [
        [
          0.486194,
          0.220979,
          -0.845449,
          3.6942
        ],
        [
          0.872885,
          -0.168295,
          0.457983,
          1.177654
        ],
        [
          -0.04108,
          -0.960648,
          -0.274714,
          1.45344
        ],
        [
          0.0,
          0.0,
          0.0,
          1.0
        ]
      ]
    },
    {
      "file_path": "/media/NFS/ttao/scannet/posed_images/scene0278_01/00014.jpg",
      "transform_matrix": [
        [
          0.488312,
          0.220667,
          -0.844309,
          3.693317
        ],
        [
          0.871681,
          -0.16938,
          0.459873,
          1.177243
        ],
        [
          -0.041531,
          -0.960529,
          -0.275061,
          1.453052
        ],
        [
          0.0,
          0.0,
          0.0,
          1.0
        ]
      ]
    },
    {
      "file_path": "/media/NFS/ttao/scannet/posed_images/scene0278_01/00016.jpg",
      "transform_matrix": [
        [
          0.489029,
          0.223295,
          -0.843202,
          3.698339
        ],
        [
          0.871195,
          -0.172944,
          0.459466,
          1.178188
        ],
        [
          -0.043231,
          -0.959286,
          -0.279108,
          1.45633
        ],
        [
          0.0,
          0.0,
          0.0,
          1.0
        ]
      ]
    },
    {
      "file_path": "/media/NFS/ttao/scannet/posed_images/scene0278_01/00020.jpg",
      "transform_matrix": [
        [
          0.485452,
          0.226733,
          -0.844351,
          3.698733
        ],
        [
          0.872883,
          -0.179955,
          0.453533,
          1.178416
        ],
        [
          -0.049114,
          -0.957188,
          -0.285271,
          1.457379
        ],
        [
          0.0,
          0.0,
          0.0,
          1.0
        ]
      ]
    },
    {
      "file_path": "/media/NFS/ttao/scannet/posed_images/scene0278_01/00021.jpg",
      "transform_matrix": [
        [
          0.485885,
          0.227974,
          -0.843768,
          3.700351
        ],
        [
          0.872695,
          -0.179734,
          0.453981,
          1.178187
        ],
        [
          -0.048158,
          -0.956934,
          -0.286282,
          1.455799
        ],
        [
          0.0,
          0.0,
          0.0,
          1.0
        ]
      ]
    },
    {
      "file_path": "/media/NFS/ttao/scannet/posed_images/scene0278_01/00023.jpg",
      "transform_matrix": [
        [
          0.490565,
          0.229241,
          -0.840711,
          3.70003
        ],
        [
          0.870326,
          -0.176879,
          0.459616,
          1.176326
        ],
        [
          -0.043341,
          -0.957164,
          -0.286285,
          1.448672
        ],
        [
          0.0,
          0.0,
          0.0,
          1.0
        ]
      ]
    },
    {
      "file_path": "/media/NFS/ttao/scannet/posed_images/scene0278_01/00026.jpg",
      "transform_matrix": [
        [
          0.500394,
          0.230524,
          -0.834545,
          3.701358
        ],
        [
          0.865088,
          -0.172145,
          0.471156,
          1.177615
        ],
        [
          -0.03505,
          -0.957719,
          -0.285564,
          1.451298
        ],
        [
          0.0,
          0.0,
          0.0,
          1.0
        ]
      ]
    },
    {
      "file_path": "/media/NFS/ttao/scannet/posed_images/scene0278_01/00028.jpg",
      "transform_matrix": [
        [
          0.511246,
          0.226468,
          -0.82906,
          3.699777
        ],
        [
          0.858823,
          -0.171019,
          0.482884,
          1.177414
        ],
        [
          -0.032427,
          -0.958887,
          -0.281928,
          1.452075
        ],
        [
          0.0,
          0.0,
          0.0,
          1.0
        ]
      ]
    },
    {
      "file_path": "/media/NFS/ttao/scannet/posed_images/scene0278_01/00030.jpg",
      "transform_matrix": [
        [
          0.522259,
          0.222416,
          -0.823272,
          3.699672
        ],
        [
          0.852201,
          -0.171889,
          0.494173,
          1.18014
        ],
        [
          -0.0316,
          -0.95968,
          -0.279314,
          1.456374
        ],
        [
          0.0,
          0.0,
          0.0,
          1.0
        ]
      ]
    },
    {
      "file_path": "/media/NFS/ttao/scannet/posed_images/scene0278_01/00033.jpg",
      "transform_matrix": [
        [
          0.536697,
          0.203537,
          -0.818859,
          3.701918
        ],
        [
          0.843044,
          -0.169748,
          0.510356,
          1.185334
        ],
        [
          -0.035124,
          -0.96424,
          -0.262694,
          1.459487
        ],
        [
          0.0,
          0.0,
          0.0,
          1.0
        ]
      ]
    },
    {
      "file_path": "/media/NFS/ttao/scannet/posed_images/scene0278_01/00036.jpg",
      "transform_matrix": [
        [
          0.553028,
          0.184756,
          -0.812419,
          3.705917
        ],
        [
          0.832494,
          -0.161578,
          0.529949,
          1.189991
        ],
        [
          -0.033358,
          -0.969411,
          -0.243166,
          1.464195
        ],
        [
          0.0,
          0.0,
          0.0,
          1.0
        ]
      ]
    },
    {
      "file_path": "/media/NFS/ttao/scannet/posed_images/scene0278_01/00039.jpg",
      "transform_matrix": [
        [
          0.572775,
          0.162593,
          -0.803425,
          3.709228
        ],
        [
          0.818982,
          -0.154891,
          0.55252,
          1.194684
        ],
        [
          -0.034608,
          -0.97446,
          -0.221878,
          1.470645
        ],
        [
          0.0,
          0.0,
          0.0,
          1.0
        ]
      ]
    },
    {
      "file_path": "/media/NFS/ttao/scannet/posed_images/scene0278_01/00041.jpg",
      "transform_matrix": [
        [
          0.584876,
          0.147735,
          -0.797555,
          3.710572
        ],
        [
          0.810374,
          -0.14865,
          0.566742,
          1.198582
        ],
        [
          -0.034829,
          -0.977792,
          -0.206663,
          1.473941
        ],
        [
          0.0,
          0.0,
          0.0,
          1.0
        ]
      ]
    },
    {
      "file_path": "/media/NFS/ttao/scannet/posed_images/scene0278_01/00043.jpg",
      "transform_matrix": [
        [
          0.597884,
          0.135286,
          -0.790084,
          3.71291
        ],
        [
          0.800913,
          -0.141101,
          0.581918,
          1.20269
        ],
        [
          -0.032757,
          -0.980708,
          -0.192714,
          1.479112
        ],
        [
          0.0,
          0.0,
          0.0,
          1.0
        ]
      ]
    },
    {
      "file_path": "/media/NFS/ttao/scannet/posed_images/scene0278_01/00046.jpg",
      "transform_matrix": [
        [
          0.620212,
          0.117243,
          -0.775623,
          3.717167
        ],
        [
          0.784001,
          -0.125499,
          0.607941,
          1.208192
        ],
        [
          -0.026063,
          -0.985142,
          -0.169754,
          1.482986
        ],
        [
          0.0,
          0.0,
          0.0,
          1.0
        ]
      ]
    },
    {
      "file_path": "/media/NFS/ttao/scannet/posed_images/scene0278_01/00048.jpg",
      "transform_matrix": [
        [
          0.635547,
          0.106994,
          -0.764613,
          3.720423
        ],
        [
          0.771817,
          -0.113013,
          0.625721,
          1.211838
        ],
        [
          -0.019463,
          -0.987816,
          -0.154405,
          1.485341
        ],
        [
          0.0,
          0.0,
          0.0,
          1.0
        ]
      ]
    },
    {
      "file_path": "/media/NFS/ttao/scannet/posed_images/scene0278_01/00051.jpg",
      "transform_matrix": [
        [
          -Infinity,
          -Infinity,
          -Infinity,
          -Infinity
        ],
        [
          -Infinity,
          -Infinity,
          -Infinity,
          -Infinity
        ],
        [
          -Infinity,
          -Infinity,
          -Infinity,
          -Infinity
        ],
        [
          -Infinity,
          -Infinity,
          -Infinity,
          -Infinity
        ]
      ]
    },
    {
      "file_path": "/media/NFS/ttao/scannet/posed_images/scene0278_01/00052.jpg",
      "transform_matrix": [
        [
          0.66466,
          0.106788,
          -0.739475,
          3.72325
        ],
        [
          0.747121,
          -0.10314,
          0.656637,
          1.21987
        ],
        [
          -0.006149,
          -0.988918,
          -0.148337,
          1.491577
        ],
        [
          0.0,
          0.0,
          0.0,
          1.0
        ]
      ]
    },
    {
      "file_path": "/media/NFS/ttao/scannet/posed_images/scene0278_01/00054.jpg",
      "transform_matrix": [
        [
          0.676064,
          0.098804,
          -0.730188,
          3.724423
        ],
        [
          0.736825,
          -0.097537,
          0.669011,
          1.222817
        ],
        [
          -0.005119,
          -0.990315,
          -0.138743,
          1.492268
        ],
        [
          0.0,
          0.0,
          0.0,
          1.0
        ]
      ]
    },
    {
      "file_path": "/media/NFS/ttao/scannet/posed_images/scene0278_01/00058.jpg",
      "transform_matrix": [
        [
          0.689682,
          0.076383,
          -0.720072,
          3.728319
        ],
        [
          0.724078,
          -0.082296,
          0.68479,
          1.228215
        ],
        [
          -0.006953,
          -0.993676,
          -0.112066,
          1.495707
        ],
        [
          0.0,
          0.0,
          0.0,
          1.0
        ]
      ]
    },
    {
      "file_path": "/media/NFS/ttao/scannet/posed_images/scene0278_01/00059.jpg",
      "transform_matrix": [
        [
          0.692773,
          0.070512,
          -0.7177,
          3.729419
        ],
        [
          0.721129,
          -0.076157,
          0.688602,
          1.229313
        ],
        [
          -0.006103,
          -0.9946,
          -0.103607,
          1.496942
        ],
        [
          0.0,
          0.0,
          0.0,
          1.0
        ]
      ]
    },
    {
      "file_path": "/media/NFS/ttao/scannet/posed_images/scene0278_01/00061.jpg",
      "transform_matrix": [
        [
          0.699744,
          0.047266,
          -0.712829,
          3.73255
        ],
        [
          0.714365,
          -0.055341,
          0.697582,
          1.230989
        ],
        [
          -0.006477,
          -0.997348,
          -0.072489,
          1.494465
        ],
        [
          0.0,
          0.0,
          0.0,
          1.0
        ]
      ]
    },
    {
      "file_path": "/media/NFS/ttao/scannet/posed_images/scene0278_01/00065.jpg",
      "transform_matrix": [
        [
          0.718857,
          -0.009356,
          -0.695095,
          3.743297
        ],
        [
          0.695138,
          0.017113,
          0.718672,
          1.231978
        ],
        [
          0.005171,
          -0.99981,
          0.018805,
          1.500742
        ],
        [
          0.0,
          0.0,
          0.0,
          1.0
        ]
      ]
    },
    {
      "file_path": "/media/NFS/ttao/scannet/posed_images/scene0278_01/00068.jpg",
      "transform_matrix": [
        [
          0.734192,
          -0.028938,
          -0.678324,
          3.749324
        ],
        [
          0.67879,
          0.05235,
          0.732464,
          1.235316
        ],
        [
          0.014314,
          -0.998209,
          0.058078,
          1.505639
        ],
        [
          0.0,
          0.0,
          0.0,
          1.0
        ]
      ]
    },
    {
      "file_path": "/media/NFS/ttao/scannet/posed_images/scene0278_01/00069.jpg",
      "transform_matrix": [
        [
          0.73895,
          -0.034422,
          -0.67288,
          3.751042
        ],
        [
          0.673592,
          0.060056,
          0.736659,
          1.23666
        ],
        [
          0.015053,
          -0.997601,
          0.067565,
          1.509045
        ],
        [
          0.0,
          0.0,
          0.0,
          1.0
        ]
      ]
    },
    {
      "file_path": "/media/NFS/ttao/scannet/posed_images/scene0278_01/00071.jpg",
      "transform_matrix": [
        [
          0.747379,
          -0.050981,
          -0.662439,
          3.75399
        ],
        [
          0.664352,
          0.069027,
          0.744226,
          1.240072
        ],
        [
          0.007785,
          -0.996311,
          0.085459,
          1.518935
        ],
        [
          0.0,
          0.0,
          0.0,
          1.0
        ]
      ]
    },
    {
      "file_path": "/media/NFS/ttao/scannet/posed_images/scene0278_01/00073.jpg",
      "transform_matrix": [
        [
          0.755788,
          -0.078863,
          -0.65005,
          3.758043
        ],
        [
          0.654813,
          0.087995,
          0.750651,
          1.242359
        ],
        [
          -0.001997,
          -0.992994,
          0.118146,
          1.525543
        ],
        [
          0.0,
          0.0,
          0.0,
          1.0
        ]
      ]
    },
    {
      "file_path": "/media/NFS/ttao/scannet/posed_images/scene0278_01/00077.jpg",
      "transform_matrix": [
        [
          0.770238,
          -0.138127,
          -0.622619,
          3.767009
        ],
        [
          0.637584,
          0.144021,
          0.756799,
          1.241971
        ],
        [
          -0.014864,
          -0.979887,
          0.198998,
          1.536011
        ],
        [
          0.0,
          0.0,
          0.0,
          1.0
        ]
      ]
    },
    {
      "file_path": "/media/NFS/ttao/scannet/posed_images/scene0278_01/00079.jpg",
      "transform_matrix": [
        [
          0.77673,
          -0.146106,
          -0.612653,
          3.769402
        ],
        [
          0.629642,
          0.156116,
          0.761038,
          1.243846
        ],
        [
          -0.015547,
          -0.976873,
          0.213254,
          1.537605
        ],
        [
          0.0,
          0.0,
          0.0,
          1.0
        ]
      ]
    },
    {
      "file_path": "/media/NFS/ttao/scannet/posed_images/scene0278_01/00080.jpg",
      "transform_matrix": [
        [
          0.781026,
          -0.144608,
          -0.607526,
          3.76982
        ],
        [
          0.624333,
          0.158389,
          0.764932,
          1.244643
        ],
        [
          -0.01439,
          -0.97673,
          0.21399,
          1.538781
        ],
        [
          0.0,
          0.0,
          0.0,
          1.0
        ]
      ]
    },
    {
      "file_path": "/media/NFS/ttao/scannet/posed_images/scene0278_01/00083.jpg",
      "transform_matrix": [
        [
          0.795908,
          -0.131333,
          -0.591001,
          3.76821
        ],
        [
          0.60527,
          0.151036,
          0.781561,
          1.250492
        ],
        [
          -0.013383,
          -0.979765,
          0.199703,
          1.532455
        ],
        [
          0.0,
          0.0,
          0.0,
          1.0
        ]
      ]
    },
    {
      "file_path": "/media/NFS/ttao/scannet/posed_images/scene0278_01/00087.jpg",
      "transform_matrix": [
        [
          0.810824,
          -0.093804,
          -0.577724,
          3.765443
        ],
        [
          0.58505,
          0.101647,
          0.804602,
          1.262002
        ],
        [
          -0.016751,
          -0.990388,
          0.137298,
          1.523552
        ],
        [
          0.0,
          0.0,
          0.0,
          1.0
        ]
      ]
    },
    {
      "file_path": "/media/NFS/ttao/scannet/posed_images/scene0278_01/00089.jpg",
      "transform_matrix": [
        [
          0.814645,
          -0.063627,
          -0.576459,
          3.763981
        ],
        [
          0.579766,
          0.063666,
          0.812292,
          1.269616
        ],
        [
          -0.014983,
          -0.995941,
          0.088754,
          1.518544
        ],
        [
          0.0,
          0.0,
          0.0,
          1.0
        ]
      ]
    },
    {
      "file_path": "/media/NFS/ttao/scannet/posed_images/scene0278_01/00090.jpg",
      "transform_matrix": [
        [
          0.814596,
          -0.039913,
          -0.578654,
          3.766189
        ],
        [
          0.579922,
          0.036899,
          0.813836,
          1.274463
        ],
        [
          -0.011131,
          -0.998522,
          0.053205,
          1.527179
        ],
        [
          0.0,
          0.0,
          0.0,
          1.0
        ]
      ]
    },
    {
      "file_path": "/media/NFS/ttao/scannet/posed_images/scene0278_01/00092.jpg",
      "transform_matrix": [
        [
          0.81796,
          -0.019394,
          -0.574948,
          3.766729
        ],
        [
          0.575168,
          0.008335,
          0.817993,
          1.28145
        ],
        [
          -0.011072,
          -0.999777,
          0.017973,
          1.519537
        ],
        [
          0.0,
          0.0,
          0.0,
          1.0
        ]
      ]
    },
    {
      "file_path": "/media/NFS/ttao/scannet/posed_images/scene0278_01/00095.jpg",
      "transform_matrix": [
        [
          0.825658,
          0.006597,
          -0.564133,
          3.768637
        ],
        [
          0.563905,
          -0.040353,
          0.824853,
          1.29302
        ],
        [
          -0.017323,
          -0.999164,
          -0.037038,
          1.503774
        ],
        [
          0.0,
          0.0,
          0.0,
          1.0
        ]
      ]
    },
    {
      "file_path": "/media/NFS/ttao/scannet/posed_images/scene0278_01/00097.jpg",
      "transform_matrix": [
        [
          0.833751,
          0.023221,
          -0.551652,
          3.771327
        ],
        [
          0.5516,
          -0.07922,
          0.830338,
          1.303125
        ],
        [
          -0.02442,
          -0.996587,
          -0.078859,
          1.491125
        ],
        [
          0.0,
          0.0,
          0.0,
          1.0
        ]
      ]
    },
    {
      "file_path": "/media/NFS/ttao/scannet/posed_images/scene0278_01/00100.jpg",
      "transform_matrix": [
        [
          0.848728,
          0.048703,
          -0.526582,
          3.777241
        ],
        [
          0.527771,
          -0.140987,
          0.837604,
          1.319768
        ],
        [
          -0.033447,
          -0.988813,
          -0.145364,
          1.473506
        ],
        [
          0.0,
          0.0,
          0.0,
          1.0
        ]
      ]
    },
    {
      "file_path": "/media/NFS/ttao/scannet/posed_images/scene0278_01/00102.jpg",
      "transform_matrix": [
        [
          0.862883,
          0.066161,
          -0.501054,
          3.781889
        ],
        [
          0.504156,
          -0.182271,
          0.844159,
          1.331331
        ],
        [
          -0.035477,
          -0.98102,
          -0.190634,
          1.457169
        ],
        [
          0.0,
          0.0,
          0.0,
          1.0
        ]
      ]
    },
    {
      "file_path": "/media/NFS/ttao/scannet/posed_images/scene0278_01/00106.jpg",
      "transform_matrix": [
        [
          0.89607,
          0.106086,
          -0.431051,
          3.790125
        ],
        [
          0.442523,
          -0.290261,
          0.848482,
          1.357442
        ],
        [
          -0.035105,
          -0.951049,
          -0.30704,
          1.42139
        ],
        [
          0.0,
          0.0,
          0.0,
          1.0
        ]
      ]
    },
    {
      "file_path": "/media/NFS/ttao/scannet/posed_images/scene0278_01/00108.jpg",
      "transform_matrix": [
        [
          0.905413,
          0.097428,
          -0.413201,
          3.798593
        ],
        [
          0.421817,
          -0.316352,
          0.849701,
          1.366794
        ],
        [
          -0.047933,
          -0.943626,
          -0.327526,
          1.407284
        ],
        [
          0.0,
          0.0,
          0.0,
          1.0
        ]
      ]
    },
    {
      "file_path": "/media/NFS/ttao/scannet/posed_images/scene0278_01/00110.jpg",
      "transform_matrix": [
        [
          0.912066,
          0.096931,
          -0.398423,
          3.801399
        ],
        [
          0.406528,
          -0.34073,
          0.847725,
          1.375287
        ],
        [
          -0.053584,
          -0.935151,
          -0.350173,
          1.400731
        ],
        [
          0.0,
          0.0,
          0.0,
          1.0
        ]
      ]
    },
    {
      "file_path": "/media/NFS/ttao/scannet/posed_images/scene0278_01/00111.jpg",
      "transform_matrix": [
        [
          0.914873,
          0.098121,
          -0.391637,
          3.804423
        ],
        [
          0.400195,
          -0.348684,
          0.847504,
          1.378424
        ],
        [
          -0.0534,
          -0.93209,
          -0.358269,
          1.395575
        ],
        [
          0.0,
          0.0,
          0.0,
          1.0
        ]
      ]
    },
    {
      "file_path": "/media/NFS/ttao/scannet/posed_images/scene0278_01/00115.jpg",
      "transform_matrix": [
        [
          0.929789,
          0.109063,
          -0.351566,
          3.81757
        ],
        [
          0.365226,
          -0.392335,
          0.844206,
          1.394633
        ],
        [
          -0.04586,
          -0.913334,
          -0.404622,
          1.375337
        ],
        [
          0.0,
          0.0,
          0.0,
          1.0
        ]
      ]
    },
    {
      "file_path": "/media/NFS/ttao/scannet/posed_images/scene0278_01/00118.jpg",
      "transform_matrix": [
        [
          0.939749,
          0.110087,
          -0.323656,
          3.833143
        ],
        [
          0.33908,
          -0.42076,
          0.841419,
          1.409882
        ],
        [
          -0.043553,
          -0.900468,
          -0.432737,
          1.3644
        ],
        [
          0.0,
          0.0,
          0.0,
          1.0
        ]
      ]
    },
    {
      "file_path": "/media/NFS/ttao/scannet/posed_images/scene0278_01/00120.jpg",
      "transform_matrix": [
        [
          0.943068,
          0.111397,
          -0.31339,
          3.843911
        ],
        [
          0.329404,
          -0.44312,
          0.833749,
          1.419872
        ],
        [
          -0.045993,
          -0.889514,
          -0.454587,
          1.358779
        ],
        [
          0.0,
          0.0,
          0.0,
          1.0
        ]
      ]
    },
    {
      "file_path": "/media/NFS/ttao/scannet/posed_images/scene0278_01/00122.jpg",
      "transform_matrix": [
        [
          0.946952,
          0.112233,
          -0.301141,
          3.855808
        ],
        [
          0.318741,
          -0.447709,
          0.835441,
          1.428829
        ],
        [
          -0.041059,
          -0.887108,
          -0.459732,
          1.354283
        ],
        [
          0.0,
          0.0,
          0.0,
          1.0
        ]
      ]
    },
    {
      "file_path": "/media/NFS/ttao/scannet/posed_images/scene0278_01/00123.jpg",
      "transform_matrix": [
        [
          0.949311,
          0.110865,
          -0.294138,
          3.861928
        ],
        [
          0.31192,
          -0.448059,
          0.837824,
          1.433914
        ],
        [
          -0.038906,
          -0.887103,
          -0.459929,
          1.352502
        ],
        [
          0.0,
          0.0,
          0.0,
          1.0
        ]
      ]
    },
    {
      "file_path": "/media/NFS/ttao/scannet/posed_images/scene0278_01/00126.jpg",
      "transform_matrix": [
        [
          0.955444,
          0.103747,
          -0.27634,
          3.881337
        ],
        [
          0.293189,
          -0.441928,
          0.847785,
          1.450394
        ],
        [
          -0.034167,
          -0.891031,
          -0.452655,
          1.351748
        ],
        [
          0.0,
          0.0,
          0.0,
          1.0
        ]
      ]
    },
    {
      "file_path": "/media/NFS/ttao/scannet/posed_images/scene0278_01/00128.jpg",
      "transform_matrix": [
        [
          0.958456,
          0.093045,
          -0.269639,
          3.894782
        ],
        [
          0.28308,
          -0.426426,
          0.859084,
          1.461731
        ],
        [
          -0.035048,
          -0.899724,
          -0.43505,
          1.355933
        ],
        [
          0.0,
          0.0,
          0.0,
          1.0
        ]
      ]
    },
    {
      "file_path": "/media/NFS/ttao/scannet/posed_images/scene0278_01/00132.jpg",
      "transform_matrix": [
        [
          0.960302,
          0.077955,
          -0.267848,
          3.920283
        ],
        [
          0.276586,
          -0.391097,
          0.877806,
          1.483403
        ],
        [
          -0.036325,
          -0.917042,
          -0.397132,
          1.370833
        ],
        [
          0.0,
          0.0,
          0.0,
          1.0
        ]
      ]
    },
    {
      "file_path": "/media/NFS/ttao/scannet/posed_images/scene0278_01/00133.jpg",
      "transform_matrix": [
        [
          0.961136,
          0.076014,
          -0.265405,
          3.925721
        ],
        [
          0.273886,
          -0.383384,
          0.882045,
          1.48873
        ],
        [
          -0.034704,
          -0.920456,
          -0.389303,
          1.375985
        ],
        [
          0.0,
          0.0,
          0.0,
          1.0
        ]
      ]
    },
    {
      "file_path": "/media/NFS/ttao/scannet/posed_images/scene0278_01/00137.jpg",
      "transform_matrix": [
        [
          0.966201,
          0.055241,
          -0.251802,
          3.946856
        ],
        [
          0.254971,
          -0.348824,
          0.901838,
          1.506398
        ],
        [
          -0.038016,
          -0.935559,
          -0.351119,
          1.39427
        ],
        [
          0.0,
          0.0,
          0.0,
          1.0
        ]
      ]
    },
    {
      "file_path": "/media/NFS/ttao/scannet/posed_images/scene0278_01/00138.jpg",
      "transform_matrix": [
        [
          0.967413,
          0.050062,
          -0.248203,
          3.951402
        ],
        [
          0.249983,
          -0.344642,
          0.904837,
          1.510461
        ],
        [
          -0.040243,
          -0.937398,
          -0.345926,
          1.398676
        ],
        [
          0.0,
          0.0,
          0.0,
          1.0
        ]
      ]
    },
    {
      "file_path": "/media/NFS/ttao/scannet/posed_images/scene0278_01/00140.jpg",
      "transform_matrix": [
        [
          0.971667,
          0.038978,
          -0.233116,
          3.957321
        ],
        [
          0.232061,
          -0.344433,
          0.909678,
          1.517914
        ],
        [
          -0.044835,
          -0.938002,
          -0.343719,
          1.403623
        ],
        [
          0.0,
          0.0,
          0.0,
          1.0
        ]
      ]
    },
    {
      "file_path": "/media/NFS/ttao/scannet/posed_images/scene0278_01/00144.jpg",
      "transform_matrix": [
        [
          0.984296,
          0.038129,
          -0.172357,
          3.965452
        ],
        [
          0.173974,
          -0.37488,
          0.910603,
          1.536554
        ],
        [
          -0.029893,
          -0.926289,
          -0.375627,
          1.402836
        ],
        [
          0.0,
          0.0,
          0.0,
          1.0
        ]
      ]
    },
    {
      "file_path": "/media/NFS/ttao/scannet/posed_images/scene0278_01/00145.jpg",
      "transform_matrix": [
        [
          0.987943,
          0.03872,
          -0.1499,
          3.967036
        ],
        [
          0.153401,
          -0.375643,
          0.913981,
          1.540579
        ],
        [
          -0.020919,
          -0.925955,
          -0.377053,
          1.400167
        ],
        [
          0.0,
          0.0,
          0.0,
          1.0
        ]
      ]
    },
    {
      "file_path": "/media/NFS/ttao/scannet/posed_images/scene0278_01/00147.jpg",
      "transform_matrix": [
        [
          0.994156,
          0.033041,
          -0.102773,
          3.972176
        ],
        [
          0.107449,
          -0.394804,
          0.91246,
          1.551094
        ],
        [
          -0.010427,
          -0.918171,
          -0.396047,
          1.396132
        ],
        [
          0.0,
          0.0,
          0.0,
          1.0
        ]
      ]
    },
    {
      "file_path": "/media/NFS/ttao/scannet/posed_images/scene0278_01/00151.jpg",
      "transform_matrix": [
        [
          0.999886,
          -0.014686,
          -0.003637,
          3.978211
        ],
        [
          -0.003734,
          -0.472427,
          0.881362,
          1.568898
        ],
        [
          -0.014662,
          -0.881247,
          -0.472428,
          1.377293
        ],
        [
          0.0,
          0.0,
          0.0,
          1.0
        ]
      ]
    },
    {
      "file_path": "/media/NFS/ttao/scannet/posed_images/scene0278_01/00152.jpg",
      "transform_matrix": [
        [
          0.999529,
          -0.024347,
          0.018669,
          3.976604
        ],
        [
          -0.028116,
          -0.483365,
          0.874967,
          1.570993
        ],
        [
          -0.012278,
          -0.87508,
          -0.483822,
          1.372883
        ],
        [
          0.0,
          0.0,
          0.0,
          1.0
        ]
      ]
    },
    {
      "file_path": "/media/NFS/ttao/scannet/posed_images/scene0278_01/00156.jpg",
      "transform_matrix": [
        [
          0.992906,
          -0.079309,
          0.088584,
          3.969344
        ],
        [
          -0.11704,
          -0.520697,
          0.845681,
          1.574561
        ],
        [
          -0.020944,
          -0.85005,
          -0.526286,
          1.359702
        ],
        [
          0.0,
          0.0,
          0.0,
          1.0
        ]
      ]
    },
    {
      "file_path": "/media/NFS/ttao/scannet/posed_images/scene0278_01/00158.jpg",
      "transform_matrix": [
        [
          0.985793,
          -0.10987,
          0.12705,
          3.966061
        ],
        [
          -0.166262,
          -0.530774,
          0.831045,
          1.573934
        ],
        [
          -0.023872,
          -0.840362,
          -0.5415,
          1.351611
        ],
        [
          0.0,
          0.0,
          0.0,
          1.0
        ]
      ]
    },
    {
      "file_path": "/media/NFS/ttao/scannet/posed_images/scene0278_01/00159.jpg",
      "transform_matrix": [
        [
          0.981061,
          -0.124221,
          0.148623,
          3.965411
        ],
        [
          -0.192402,
          -0.536286,
          0.821814,
          1.573608
        ],
        [
          -0.022382,
          -0.834845,
          -0.55003,
          1.347246
        ],
        [
          0.0,
          0.0,
          0.0,
          1.0
        ]
      ]
    },
    {
      "file_path": "/media/NFS/ttao/scannet/posed_images/scene0278_01/00161.jpg",
      "transform_matrix": [
        [
          0.969508,
          -0.168258,
          0.178165,
          3.975204
        ],
        [
          -0.242394,
          -0.551513,
          0.798172,
          1.575329
        ],
        [
          -0.036038,
          -0.817021,
          -0.575481,
          1.339097
        ],
        [
          0.0,
          0.0,
          0.0,
          1.0
        ]
      ]
    },
    {
      "file_path": "/media/NFS/ttao/scannet/posed_images/scene0278_01/00165.jpg",
      "transform_matrix": [
        [
          0.942005,
          -0.217369,
          0.255689,
          3.972008
        ],
        [
          -0.334643,
          -0.550941,
          0.764512,
          1.568335
        ],
        [
          -0.025312,
          -0.805739,
          -0.59173,
          1.325531
        ],
        [
          0.0,
          0.0,
          0.0,
          1.0
        ]
      ]
    },
    {
      "file_path": "/media/NFS/ttao/scannet/posed_images/scene0278_01/00166.jpg",
      "transform_matrix": [
        [
          0.934209,
          -0.229266,
          0.273296,
          3.971717
        ],
        [
          -0.355937,
          -0.548145,
          0.756866,
          1.566162
        ],
        [
          -0.023718,
          -0.804347,
          -0.593687,
          1.322572
        ],
        [
          0.0,
          0.0,
          0.0,
          1.0
        ]
      ]
    },
    {
      "file_path": "/media/NFS/ttao/scannet/posed_images/scene0278_01/00169.jpg",
      "transform_matrix": [
        [
          0.912597,
          -0.259827,
          0.315685,
          3.974034
        ],
        [
          -0.408332,
          -0.539916,
          0.736041,
          1.55762
        ],
        [
          -0.0208,
          -0.800613,
          -0.598821,
          1.315699
        ],
        [
          0.0,
          0.0,
          0.0,
          1.0
        ]
      ]
    },
    {
      "file_path": "/media/NFS/ttao/scannet/posed_images/scene0278_01/00172.jpg",
      "transform_matrix": [
        [
          0.896021,
          -0.284176,
          0.341161,
          3.981723
        ],
        [
          -0.443401,
          -0.532387,
          0.721082,
          1.549495
        ],
        [
          -0.023284,
          -0.797376,
          -0.603034,
          1.312906
        ],
        [
          0.0,
          0.0,
          0.0,
          1.0
        ]
      ]
    },
    {
      "file_path": "/media/NFS/ttao/scannet/posed_images/scene0278_01/00173.jpg",
      "transform_matrix": [
        [
          0.889493,
          -0.291449,
          0.351938,
          3.986108
        ],
        [
          -0.456307,
          -0.525716,
          0.717918,
          1.546434
        ],
        [
          -0.024217,
          -0.799175,
          -0.600611,
          1.312404
        ],
        [
          0.0,
          0.0,
          0.0,
          1.0
        ]
      ]
    },
    {
      "file_path": "/media/NFS/ttao/scannet/posed_images/scene0278_01/00177.jpg",
      "transform_matrix": [
        [
          0.852045,
          -0.329312,
          0.406907,
          4.011081
        ],
        [
          -0.522738,
          -0.494194,
          0.694635,
          1.538238
        ],
        [
          -0.02766,
          -0.804566,
          -0.593219,
          1.316366
        ],
        [
          0.0,
          0.0,
          0.0,
          1.0
        ]
      ]
    },
    {
      "file_path": "/media/NFS/ttao/scannet/posed_images/scene0278_01/00178.jpg",
      "transform_matrix": [
        [
          0.840441,
          -0.337872,
          0.423676,
          4.017475
        ],
        [
          -0.541233,
          -0.484515,
          0.687249,
          1.533952
        ],
        [
          -0.026925,
          -0.8069,
          -0.590074,
          1.314907
        ],
        [
          0.0,
          0.0,
          0.0,
          1.0
        ]
      ]
    },
    {
      "file_path": "/media/NFS/ttao/scannet/posed_images/scene0278_01/00181.jpg",
      "transform_matrix": [
        [
          0.802469,
          -0.372413,
          0.466211,
          4.05778
        ],
        [
          -0.596139,
          -0.466669,
          0.653329,
          1.523337
        ],
        [
          -0.025741,
          -0.802202,
          -0.596497,
          1.311583
        ],
        [
          0.0,
          0.0,
          0.0,
          1.0
        ]
      ]
    },
    {
      "file_path": "/media/NFS/ttao/scannet/posed_images/scene0278_01/00183.jpg",
      "transform_matrix": [
        [
          0.775651,
          -0.38996,
          0.496283,
          4.077966
        ],
        [
          -0.630912,
          -0.456902,
          0.627049,
          1.515568
        ],
        [
          -0.017771,
          -0.799482,
          -0.600427,
