{
  "frames": [
    {
      "file_path": "/media/NFS/ttao/scannet/posed_images/scene0449_01/00004.jpg",
      "transform_matrix": [
        [
          -0.981658,
          -0.10989,
          0.155794,
          1.19561
        ],
        [
          -0.185811,
          0.734406,
          -0.652781,
          2.470821
        ],
        [
          -0.042681,
          -0.669756,
          -0.741354,
          1.209562
        ],
        [
          0.0,
          0.0,
          0.0,
          1.0
        ]
      ]
    },
    {
      "file_path": "/media/NFS/ttao/scannet/posed_images/scene0449_01/00006.jpg",
      "transform_matrix": [
        [
          -0.983566,
          -0.104034,
          0.147566,
          1.193186
        ],
        [
          -0.175548,
          0.74209,
          -0.646904,
          2.473454
        ],
        [
          -0.042207,
          -0.662178,
          -0.748157,
          1.204232
        ],
        [
          0.0,
          0.0,
          0.0,
          1.0
        ]
      ]
    },
    {
      "file_path": "/media/NFS/ttao/scannet/posed_images/scene0449_01/00015.jpg",
      "transform_matrix": [
        [
          -0.98458,
          -0.112619,
          0.133866,
          1.192123
        ],
        [
          -0.170189,
          0.793724,
          -0.583985,
          2.498791
        ],
        [
          -0.040485,
          -0.597762,
          -0.800651,
          1.165947
        ],
        [
          0.0,
          0.0,
          0.0,
          1.0
        ]
      ]
    },
    {
      "file_path": "/media/NFS/ttao/scannet/posed_images/scene0449_01/00019.jpg",
      "transform_matrix": [
        [
          -0.984936,
          -0.116513,
          0.127776,
          1.191813
        ],
        [
          -0.167886,
          0.821333,
          -0.545185,
          2.506717
        ],
        [
          -0.041425,
          -0.558424,
          -0.828521,
          1.145247
        ],
        [
          0.0,
          0.0,
          0.0,
          1.0
        ]
      ]
    },
    {
      "file_path": "/media/NFS/ttao/scannet/posed_images/scene0449_01/00028.jpg",
      "transform_matrix": [
        [
          -0.985904,
          -0.097799,
          0.135755,
          1.179589
        ],
        [
          -0.155686,
          0.833432,
          -0.530239,
          2.522581
        ],
        [
          -0.061286,
          -0.5439,
          -0.836909,
          1.107482
        ],
        [
          0.0,
          0.0,
          0.0,
          1.0
        ]
      ]
    },
    {
      "file_path": "/media/NFS/ttao/scannet/posed_images/scene0449_01/00032.jpg",
      "transform_matrix": [
        [
          -0.985581,
          -0.095387,
          0.139755,
          1.167821
        ],
        [
          -0.155914,
          0.832849,
          -0.531087,
          2.52647
        ],
        [
          -0.065736,
          -0.545219,
          -0.835712,
          1.101487
        ],
        [
          0.0,
          0.0,
          0.0,
          1.0
        ]
      ]
    },
    {
      "file_path": "/media/NFS/ttao/scannet/posed_images/scene0449_01/00035.jpg",
      "transform_matrix": [
        [
          -0.986654,
          -0.091858,
          0.134451,
          1.163338
        ],
        [
          -0.150089,
          0.833262,
          -0.532116,
          2.527908
        ],
        [
          -0.063154,
          -0.545194,
          -0.835928,
          1.103697
        ],
        [
          0.0,
          0.0,
          0.0,
          1.0
        ]
      ]
    },
    {
      "file_path": "/media/NFS/ttao/scannet/posed_images/scene0449_01/00043.jpg",
      "transform_matrix": [
        [
          -0.993781,
          -0.057233,
          0.095517,
          1.165061
        ],
        [
          -0.10414,
          0.781376,
          -0.61531,
          2.522672
        ],
        [
          -0.039419,
          -0.621431,
          -0.782477,
          1.158615
        ],
        [
          0.0,
          0.0,
          0.0,
          1.0
        ]
      ]
    },
    {
      "file_path": "/media/NFS/ttao/scannet/posed_images/scene0449_01/00052.jpg",
      "transform_matrix": [
        [
          -0.995503,
          -0.024979,
          0.091383,
          1.19504
        ],
        [
          -0.081442,
          0.718419,
          -0.690826,
          2.529842
        ],
        [
          -0.048395,
          -0.695162,
          -0.717223,
          1.217039
        ],
        [
          0.0,
          0.0,
          0.0,
          1.0
        ]
      ]
    },
    {
      "file_path": "/media/NFS/ttao/scannet/posed_images/scene0449_01/00054.jpg",
      "transform_matrix": [
        [
          -0.995038,
          -0.028446,
          0.095339,
          1.203532
        ],
        [
          -0.087512,
          0.706117,
          -0.702667,
          2.531442
        ],
        [
          -0.047332,
          -0.707524,
          -0.705103,
          1.225221
        ],
        [
          0.0,
          0.0,
          0.0,
          1.0
        ]
      ]
    },
    {
      "file_path": "/media/NFS/ttao/scannet/posed_images/scene0449_01/00065.jpg",
      "transform_matrix": [
        [
          -0.992369,
          -0.03936,
          0.116857,
          1.228704
        ],
        [
          -0.114557,
          0.644919,
          -0.755616,
          2.536082
        ],
        [
          -0.045622,
          -0.763237,
          -0.644506,
          1.248165
        ],
        [
          0.0,
          0.0,
          0.0,
          1.0
        ]
      ]
    },
    {
      "file_path": "/media/NFS/ttao/scannet/posed_images/scene0449_01/00069.jpg",
      "transform_matrix": [
        [
          -0.993074,
          -0.016108,
          0.116384,
          1.232331
        ],
        [
          -0.099953,
          0.636491,
          -0.76478,
          2.532582
        ],
        [
          -0.061759,
          -0.771116,
          -0.633693,
          1.25075
        ],
        [
          0.0,
          0.0,
          0.0,
          1.0
        ]
      ]
    },
    {
      "file_path": "/media/NFS/ttao/scannet/posed_images/scene0449_01/00078.jpg",
      "transform_matrix": [
        [
          -0.998493,
          0.043212,
          0.033829,
          1.272118
        ],
        [
          -0.000568,
          0.608264,
          -0.793735,
          2.524717
        ],
        [
          -0.054876,
          -0.792558,
          -0.607323,
          1.263574
        ],
        [
          0.0,
          0.0,
          0.0,
          1.0
        ]
      ]
    },
    {
      "file_path": "/media/NFS/ttao/scannet/posed_images/scene0449_01/00083.jpg",
      "transform_matrix": [
        [
          -0.995508,
          0.094676,
          -0.000129,
          1.315695
        ],
        [
          0.057085,
          0.599156,
          -0.798595,
          2.530405
        ],
        [
          -0.07553,
          -0.795015,
          -0.601869,
          1.268602
        ],
        [
          0.0,
          0.0,
          0.0,
          1.0
        ]
      ]
    },
    {
      "file_path": "/media/NFS/ttao/scannet/posed_images/scene0449_01/00089.jpg",
      "transform_matrix": [
        [
          -0.989613,
          0.142696,
          -0.01745,
          1.352943
        ],
        [
          0.104618,
          0.63159,
          -0.768212,
          2.546653
        ],
        [
          -0.098599,
          -0.762058,
          -0.639958,
          1.237132
        ],
        [
          0.0,
          0.0,
          0.0,
          1.0
        ]
      ]
    },
    {
      "file_path": "/media/NFS/ttao/scannet/posed_images/scene0449_01/00095.jpg",
      "transform_matrix": [
        [
          -0.973567,
          0.216626,
          -0.072395,
          1.372458
        ],
        [
          0.196984,
          0.635917,
          -0.746195,
          2.562678
        ],
        [
          -0.115608,
          -0.740731,
          -0.66178,
          1.193478
        ],
        [
          0.0,
          0.0,
          0.0,
          1.0
        ]
      ]
    },
    {
      "file_path": "/media/NFS/ttao/scannet/posed_images/scene0449_01/00100.jpg",
      "transform_matrix": [
        [
          -0.958512,
          0.260849,
          -0.114943,
          1.393563
        ],
        [
          0.258988,
          0.628483,
          -0.73344,
          2.568994
        ],
        [
          -0.119078,
          -0.73278,
          -0.669966,
          1.178341
        ],
        [
          0.0,
          0.0,
          0.0,
          1.0
        ]
      ]
    },
    {
      "file_path": "/media/NFS/ttao/scannet/posed_images/scene0449_01/00108.jpg",
      "transform_matrix": [
        [
          -0.928983,
          0.329257,
          -0.169055,
          1.40202
        ],
        [
          0.342881,
          0.593606,
          -0.728055,
          2.588228
        ],
        [
          -0.139365,
          -0.734317,
          -0.664346,
          1.159921
        ],
        [
          0.0,
          0.0,
          0.0,
          1.0
        ]
      ]
    },
    {
      "file_path": "/media/NFS/ttao/scannet/posed_images/scene0449_01/00115.jpg",
      "transform_matrix": [
        [
          -0.939962,
          0.294076,
          -0.17318,
          1.401983
        ],
        [
          0.321507,
          0.592814,
          -0.738379,
          2.58366
        ],
        [
          -0.114476,
          -0.749727,
          -0.65177,
          1.170628
        ],
        [
          0.0,
          0.0,
          0.0,
          1.0
        ]
      ]
    },
    {
      "file_path": "/media/NFS/ttao/scannet/posed_images/scene0449_01/00117.jpg",
      "transform_matrix": [
        [
          -0.944903,
          0.278984,
          -0.17125,
          1.402293
        ],
        [
          0.309212,
          0.588943,
          -0.746682,
          2.57704
        ],
        [
          -0.107456,
          -0.758494,
          -0.64276,
          1.181788
        ],
        [
          0.0,
          0.0,
          0.0,
          1.0
        ]
      ]
    },
    {
      "file_path": "/media/NFS/ttao/scannet/posed_images/scene0449_01/00126.jpg",
      "transform_matrix": [
        [
          -0.970348,
          0.216381,
          -0.107719,
          1.357685
        ],
        [
          0.206772,
          0.512303,
          -0.833541,
          2.545573
        ],
        [
          -0.125178,
          -0.831099,
          -0.541854,
          1.280919
        ],
        [
          0.0,
          0.0,
          0.0,
          1.0
        ]
      ]
    },
    {
      "file_path": "/media/NFS/ttao/scannet/posed_images/scene0449_01/00128.jpg",
      "transform_matrix": [
        [
          -0.974918,
          0.198775,
          -0.100116,
          1.346135
        ],
        [
          0.189469,
          0.505225,
          -0.841932,
          2.539416
        ],
        [
          -0.116774,
          -0.839783,
          -0.530215,
          1.294335
        ],
        [
          0.0,
          0.0,
          0.0,
          1.0
        ]
      ]
    },
    {
      "file_path": "/media/NFS/ttao/scannet/posed_images/scene0449_01/00139.jpg",
      "transform_matrix": [
        [
          -0.988033,
          0.151877,
          -0.026913,
          1.262676
        ],
        [
          0.093175,
          0.448644,
          -0.88884,
          2.522032
        ],
        [
          -0.12292,
          -0.880711,
          -0.457426,
          1.338139
        ],
        [
          0.0,
          0.0,
          0.0,
          1.0
        ]
      ]
    },
    {
      "file_path": "/media/NFS/ttao/scannet/posed_images/scene0449_01/00145.jpg",
      "transform_matrix": [
        [
          -0.994263,
          0.106767,
          0.006555,
          1.21669
        ],
        [
          0.03738,
          0.404204,
          -0.913905,
          2.519248
        ],
        [
          -0.100224,
          -0.908416,
          -0.405876,
          1.363877
        ],
        [
          0.0,
          0.0,
          0.0,
          1.0
        ]
      ]
    },
    {
      "file_path": "/media/NFS/ttao/scannet/posed_images/scene0449_01/00150.jpg",
      "transform_matrix": [
        [
          -0.995498,
          0.088911,
          0.032855,
          1.196467
        ],
        [
          0.004904,
          0.394467,
          -0.918897,
          2.518627
        ],
        [
          -0.094661,
          -0.914598,
          -0.393127,
          1.377589
        ],
        [
          0.0,
          0.0,
          0.0,
          1.0
        ]
      ]
    },
    {
      "file_path": "/media/NFS/ttao/scannet/posed_images/scene0449_01/00156.jpg",
      "transform_matrix": [
        [
          -0.995174,
          0.095042,
          0.024433,
          1.189266
        ],
        [
          0.015906,
          0.401917,
          -0.915538,
          2.520842
        ],
        [
          -0.096835,
          -0.91073,
          -0.401489,
          1.372847
        ],
        [
          0.0,
          0.0,
          0.0,
          1.0
        ]
      ]
    },
    {
      "file_path": "/media/NFS/ttao/scannet/posed_images/scene0449_01/00159.jpg",
      "transform_matrix": [
        [
          -0.994801,
          0.098392,
          0.026262,
          1.193969
        ],
        [
          0.016507,
          0.41026,
          -0.911819,
          2.522941
        ],
        [
          -0.10049,
          -0.906645,
          -0.409752,
          1.370038
        ],
        [
          0.0,
          0.0,
          0.0,
          1.0
        ]
      ]
    },
    {
      "file_path": "/media/NFS/ttao/scannet/posed_images/scene0449_01/00165.jpg",
      "transform_matrix": [
        [
          -0.994774,
          0.094073,
          0.039677,
          1.209877
        ],
        [
          0.006562,
          0.446723,
          -0.894648,
          2.525895
        ],
        [
          -0.101887,
          -0.889713,
          -0.445006,
          1.358292
        ],
        [
          0.0,
          0.0,
          0.0,
          1.0
        ]
      ]
    },
    {
      "file_path": "/media/NFS/ttao/scannet/posed_images/scene0449_01/00176.jpg",
      "transform_matrix": [
        [
          -0.995733,
          0.045623,
          0.080212,
          1.235489
        ],
        [
          -0.039556,
          0.574294,
          -0.817693,
          2.533803
        ],
        [
          -0.083371,
          -0.817377,
          -0.570039,
          1.297436
        ],
        [
          0.0,
          0.0,
          0.0,
          1.0
        ]
      ]
    },
    {
      "file_path": "/media/NFS/ttao/scannet/posed_images/scene0449_01/00178.jpg",
      "transform_matrix": [
        [
          -0.995671,
          0.028662,
          0.088421,
          1.243016
        ],
        [
          -0.053221,
          0.60411,
          -0.795121,
          2.537946
        ],
        [
          -0.076206,
          -0.796385,
          -0.59997,
          1.280282
        ],
        [
          0.0,
          0.0,
          0.0,
          1.0
        ]
      ]
    },
    {
      "file_path": "/media/NFS/ttao/scannet/posed_images/scene0449_01/00184.jpg",
      "transform_matrix": [
        [
          -0.991206,
          -0.02787,
          0.129364,
          1.261942
        ],
        [
          -0.114492,
          0.670811,
          -0.732738,
          2.544703
        ],
        [
          -0.066358,
          -0.741105,
          -0.668102,
          1.247486
        ],
        [
          0.0,
          0.0,
          0.0,
          1.0
        ]
      ]
    },
    {
      "file_path": "/media/NFS/ttao/scannet/posed_images/scene0449_01/00195.jpg",
      "transform_matrix": [
        [
          -0.974172,
          -0.109081,
          0.197713,
          1.297755
        ],
        [
          -0.216165,
          0.703626,
          -0.676892,
          2.553727
        ],
        [
          -0.06528,
          -0.702148,
          -0.709033,
          1.226745
        ],
        [
          0.0,
          0.0,
          0.0,
          1.0
        ]
      ]
    },
    {
      "file_path": "/media/NFS/ttao/scannet/posed_images/scene0449_01/00200.jpg",
      "transform_matrix": [
        [
          -0.966675,
          -0.125008,
          0.223412,
          1.309519
        ],
        [
          -0.246959,
          0.685303,
          -0.685106,
          2.549464
        ],
        [
          -0.067461,
          -0.717449,
          -0.693337,
          1.244554
        ],
        [
          0.0,
          0.0,
          0.0,
          1.0
        ]
      ]
    },
    {
      "file_path": "/media/NFS/ttao/scannet/posed_images/scene0449_01/00202.jpg",
      "transform_matrix": [
        [
          -0.964263,
          -0.128413,
          0.23175,
          1.317157
        ],
        [
          -0.256005,
          0.676918,
          -0.690104,
          2.548016
        ],
        [
          -0.068258,
          -0.724771,
          -0.685601,
          1.251971
        ],
        [
          0.0,
          0.0,
          0.0,
          1.0
        ]
      ]
    },
    {
      "file_path": "/media/NFS/ttao/scannet/posed_images/scene0449_01/00210.jpg",
      "transform_matrix": [
        [
          -0.954309,
          -0.141371,
          0.263266,
          1.328381
        ],
        [
          -0.292925,
          0.616736,
          -0.730638,
          2.542332
        ],
        [
          -0.059075,
          -0.774371,
          -0.629968,
          1.283621
        ],
        [
          0.0,
          0.0,
          0.0,
          1.0
        ]
      ]
    },
    {
      "file_path": "/media/NFS/ttao/scannet/posed_images/scene0449_01/00219.jpg",
      "transform_matrix": [
        [
          -0.937142,
          -0.153221,
          0.31351,
          1.347634
        ],
        [
          -0.343687,
          0.560721,
          -0.753307,
          2.538708
        ],
        [
          -0.060369,
          -0.813705,
          -0.578135,
          1.320727
        ],
        [
          0.0,
          0.0,
          0.0,
          1.0
        ]
      ]
    },
    {
      "file_path": "/media/NFS/ttao/scannet/posed_images/scene0449_01/00226.jpg",
      "transform_matrix": [
        [
          -0.930104,
          -0.139976,
          0.339577,
          1.343186
        ],
        [
          -0.359867,
          0.532296,
          -0.766261,
          2.541325
        ],
        [
          -0.073497,
          -0.834906,
          -0.545464,
          1.331577
        ],
        [
          0.0,
          0.0,
          0.0,
          1.0
        ]
      ]
    },
    {
      "file_path": "/media/NFS/ttao/scannet/posed_images/scene0449_01/00228.jpg",
      "transform_matrix": [
        [
          -0.929424,
          -0.140062,
          0.341399,
          1.343865
        ],
        [
          -0.361543,
          0.530839,
          -0.766483,
          2.541323
        ],
        [
          -0.073872,
          -0.835819,
          -0.544013,
          1.330175
        ],
        [
          0.0,
          0.0,
          0.0,
          1.0
        ]
      ]
    },
    {
      "file_path": "/media/NFS/ttao/scannet/posed_images/scene0449_01/00234.jpg",
      "transform_matrix": [
        [
          -0.899992,
          -0.16072,
          0.405195,
          1.348724
        ],
        [
          -0.425293,
          0.527615,
          -0.735355,
          2.531702
        ],
        [
          -0.095601,
          -0.834141,
          -0.543203,
          1.324014
        ],
        [
          0.0,
          0.0,
          0.0,
          1.0
        ]
      ]
    },
    {
      "file_path": "/media/NFS/ttao/scannet/posed_images/scene0449_01/00239.jpg",
      "transform_matrix": [
        [
          -0.861717,
          -0.187181,
          0.4716,
          1.343555
        ],
        [
          -0.497044,
          0.498139,
          -0.710496,
          2.508703
        ],
        [
          -0.10193,
          -0.846653,
          -0.522292,
          1.322779
        ],
        [
          0.0,
          0.0,
          0.0,
          1.0
        ]
      ]
    },
    {
      "file_path": "/media/NFS/ttao/scannet/posed_images/scene0449_01/00247.jpg",
      "transform_matrix": [
        [
          -0.777551,
          -0.259858,
          0.572615,
          1.321501
        ],
        [
          -0.621308,
          0.457811,
          -0.635913,
          2.448551
        ],
        [
          -0.096902,
          -0.850226,
          -0.517423,
          1.32703
        ],
        [
          0.0,
          0.0,
          0.0,
          1.0
        ]
      ]
    },
    {
      "file_path": "/media/NFS/ttao/scannet/posed_images/scene0449_01/00256.jpg",
      "transform_matrix": [
        [
          -0.722467,
          -0.268643,
          0.637081,
          1.322794
        ],
        [
          -0.680832,
          0.436943,
          -0.587833,
          2.445753
        ],
        [
          -0.120451,
          -0.858436,
          -0.498578,
          1.335611
        ],
        [
          0.0,
          0.0,
          0.0,
          1.0
        ]
      ]
    },
    {
      "file_path": "/media/NFS/ttao/scannet/posed_images/scene0449_01/00258.jpg",
      "transform_matrix": [
        [
          -0.723026,
          -0.26798,
          0.636726,
          1.327629
        ],
        [
          -0.680504,
          0.434977,
          -0.589668,
          2.450136
        ],
        [
          -0.118943,
          -0.85964,
          -0.496861,
          1.336498
        ],
        [
          0.0,
          0.0,
          0.0,
          1.0
        ]
      ]
    },
    {
      "file_path": "/media/NFS/ttao/scannet/posed_images/scene0449_01/00267.jpg",
      "transform_matrix": [
        [
          -0.703695,
          -0.268764,
          0.657708,
          1.358234
        ],
        [
          -0.700929,
          0.414046,
          -0.580745,
          2.477777
        ],
        [
          -0.116238,
          -0.869674,
          -0.479746,
          1.349738
        ],
        [
          0.0,
          0.0,
          0.0,
          1.0
        ]
      ]
    },
    {
      "file_path": "/media/NFS/ttao/scannet/posed_images/scene0449_01/00273.jpg",
      "transform_matrix": [
        [
          -0.684098,
          -0.299291,
          0.665158,
          1.382843
        ],
        [
          -0.721916,
          0.408046,
          -0.55887,
          2.494433
        ],
        [
          -0.10415,
          -0.86251,
          -0.495206,
          1.342704
        ],
        [
          0.0,
          0.0,
          0.0,
          1.0
        ]
      ]
    },
    {
      "file_path": "/media/NFS/ttao/scannet/posed_images/scene0449_01/00280.jpg",
      "transform_matrix": [
        [
          -0.696696,
          -0.288642,
          0.656735,
          1.415582
        ],
        [
          -0.711241,
          0.397316,
          -0.579893,
          2.48985
        ],
        [
          -0.09355,
          -0.871106,
          -0.482103,
          1.342496
        ],
        [
          0.0,
          0.0,
          0.0,
          1.0
        ]
      ]
    },
    {
      "file_path": "/media/NFS/ttao/scannet/posed_images/scene0449_01/00287.jpg",
      "transform_matrix": [
        [
          -0.683429,
          -0.286898,
          0.671279,
          1.454173
        ],
        [
          -0.724004,
          0.384161,
          -0.572921,
          2.471256
        ],
        [
          -0.093509,
          -0.877559,
          -0.470262,
          1.34629
        ],
        [
          0.0,
          0.0,
          0.0,
          1.0
        ]
      ]
    },
    {
      "file_path": "/media/NFS/ttao/scannet/posed_images/scene0449_01/00293.jpg",
      "transform_matrix": [
        [
          -0.673934,
          -0.288945,
          0.679944,
          1.484857
        ],
        [
          -0.732652,
          0.379797,
          -0.564779,
          2.430962
        ],
        [
          -0.095051,
          -0.878786,
          -0.467654,
          1.342218
        ],
        [
          0.0,
          0.0,
          0.0,
          1.0
        ]
      ]
    },
    {
      "file_path": "/media/NFS/ttao/scannet/posed_images/scene0449_01/00300.jpg",
      "transform_matrix": [
        [
          -0.682047,
          -0.300874,
          0.666549,
          1.534492
        ],
        [
          -0.72207,
          0.421481,
          -0.548606,
          2.35917
        ],
        [
          -0.115876,
          -0.85547,
          -0.504722,
          1.332606
        ],
        [
          0.0,
          0.0,
          0.0,
          1.0
        ]
      ]
    },
    {
      "file_path": "/media/NFS/ttao/scannet/posed_images/scene0449_01/00306.jpg",
      "transform_matrix": [
        [
          -0.68733,
          -0.307161,
          0.658202,
          1.560642
        ],
        [
          -0.717488,
          0.428203,
          -0.549412,
          2.320391
        ],
        [
          -0.113086,
          -0.849879,
          -0.514701,
          1.331987
        ],
        [
          0.0,
          0.0,
          0.0,
          1.0
        ]
      ]
    },
    {
      "file_path": "/media/NFS/ttao/scannet/posed_images/scene0449_01/00308.jpg",
      "transform_matrix": [
        [
          -0.688834,
          -0.306847,
          0.656774,
          1.567132
        ],
        [
          -0.716,
          0.429669,
          -0.550208,
          2.313375
        ],
        [
          -0.113366,
          -0.849252,
          -0.515673,
          1.33204
        ],
        [
          0.0,
          0.0,
          0.0,
          1.0
        ]
      ]
    },
    {
      "file_path": "/media/NFS/ttao/scannet/posed_images/scene0449_01/00315.jpg",
      "transform_matrix": [
        [
          -0.684832,
          -0.308178,
          0.660327,
          1.582876
        ],
        [
          -0.721037,
          0.417664,
          -0.552868,
          2.308583
        ],
        [
          -0.105413,
          -0.854742,
          -0.508237,
          1.340516
        ],
        [
          0.0,
          0.0,
          0.0,
          1.0
        ]
      ]
    },
    {
      "file_path": "/media/NFS/ttao/scannet/posed_images/scene0449_01/00321.jpg",
      "transform_matrix": [
        [
          -0.66942,
          -0.305075,
          0.677352,
          1.588335
        ],
        [
          -0.737144,
          0.385911,
          -0.5547,
          2.326046
        ],
        [
          -0.092172,
          -0.870633,
          -0.483221,
          1.35436
        ],
        [
          0.0,
          0.0,
          0.0,
          1.0
        ]
      ]
    },
    {
      "file_path": "/media/NFS/ttao/scannet/posed_images/scene0449_01/00330.jpg",
      "transform_matrix": [
        [
          -0.629331,
          -0.293198,
          0.719707,
          1.555895
        ],
        [
          -0.772559,
          0.336415,
          -0.538496,
          2.388769
        ],
        [
          -0.084234,
          -0.894908,
          -0.438228,
          1.374406
        ],
        [
          0.0,
          0.0,
          0.0,
          1.0
        ]
      ]
    },
    {
      "file_path": "/media/NFS/ttao/scannet/posed_images/scene0449_01/00336.jpg",
      "transform_matrix": [
        [
          -0.6132,
          -0.296012,
          0.732368,
          1.515855
        ],
        [
          -0.78696,
          0.309213,
          -0.53393,
          2.448516
        ],
        [
          -0.068408,
          -0.90375,
          -0.422559,
          1.371806
        ],
        [
          0.0,
          0.0,
          0.0,
          1.0
        ]
      ]
    },
    {
      "file_path": "/media/NFS/ttao/scannet/posed_images/scene0449_01/00339.jpg",
      "transform_matrix": [
        [
          -0.607088,
          -0.303502,
          0.734392,
          1.489172
        ],
        [
          -0.792341,
          0.301366,
          -0.530447,
          2.475785
        ],
        [
          -0.060329,
          -0.903916,
          -0.423433,
          1.36112
        ],
        [
          0.0,
          0.0,
          0.0,
          1.0
        ]
      ]
    },
    {
      "file_path": "/media/NFS/ttao/scannet/posed_images/scene0449_01/00349.jpg",
      "transform_matrix": [
        [
          -0.604604,
          -0.357827,
          0.711628,
          1.396538
        ],
        [
          -0.793785,
          0.344734,
          -0.501063,
          2.552941
        ],
        [
          -0.066029,
          -0.867824,
          -0.492465,
          1.313473
        ],
        [
          0.0,
          0.0,
          0.0,
          1.0
        ]
      ]
    },
    {
      "file_path": "/media/NFS/ttao/scannet/posed_images/scene0449_01/00350.jpg",
      "transform_matrix": [
        [
          -0.615059,
          -0.361543,
          0.700706,
          1.391885
        ],
        [
          -0.785936,
          0.352452,
          -0.508017,
          2.566171
        ],
        [
          -0.063295,
          -0.863171,
          -0.500928,
          1.311713
        ],
        [
          0.0,
          0.0,
          0.0,
          1.0
        ]
      ]
    },
    {
      "file_path": "/media/NFS/ttao/scannet/posed_images/scene0449_01/00360.jpg",
      "transform_matrix": [
        [
          -0.644429,
          -0.385527,
          0.660364,
          1.319558
        ],
        [
          -0.763638,
          0.369207,
          -0.529664,
          2.597
        ],
        [
          -0.039611,
          -0.845609,
          -0.532331,
          1.301401
        ],
        [
          0.0,
          0.0,
          0.0,
          1.0
        ]
      ]
    },
    {
      "file_path": "/media/NFS/ttao/scannet/posed_images/scene0449_01/00363.jpg",
      "transform_matrix": [
        [
          -0.648883,
          -0.38358,
          0.657128,
          1.301277
        ],
        [
          -0.759663,
          0.375581,
          -0.530897,
          2.59305
        ],
        [
          -0.043163,
          -0.843686,
          -0.5351,
          1.301048
        ],
        [
          0.0,
          0.0,
          0.0,
          1.0
        ]
      ]
    },
    {
      "file_path": "/media/NFS/ttao/scannet/posed_images/scene0449_01/00375.jpg",
      "transform_matrix": [
        [
          -0.706703,
          -0.341067,
          0.619875,
          1.245379
        ],
        [
          -0.705305,
          0.408747,
          -0.579198,
          2.531414
        ],
        [
          -0.055827,
          -0.846522,
          -0.529419,
          1.317368
        ],
        [
          0.0,
          0.0,
          0.0,
          1.0
        ]
      ]
    },
    {
      "file_path": "/media/NFS/ttao/scannet/posed_images/scene0449_01/00378.jpg",
      "transform_matrix": [
        [
          -0.702888,
          -0.329478,
          0.630391,
          1.230173
        ],
        [
          -0.708641,
          0.400934,
          -0.580586,
          2.513339
        ],
        [
          -0.061455,
          -0.854808,
          -0.515293,
          1.324418
        ],
        [
          0.0,
          0.0,
          0.0,
          1.0
        ]
      ]
    },
    {
      "file_path": "/media/NFS/ttao/scannet/posed_images/scene0449_01/00382.jpg",
      "transform_matrix": [
        [
          -0.694632,
          -0.32035,
          0.644098,
          1.22227
        ],
        [
          -0.716782,
          0.384038,
          -0.582012,
          2.494374
        ],
        [
          -0.060911,
          -0.865963,
          -0.496386,
          1.332735
        ],
        [
          0.0,
          0.0,
          0.0,
          1.0
        ]
      ]
    },
    {
      "file_path": "/media/NFS/ttao/scannet/posed_images/scene0449_01/00387.jpg",
      "transform_matrix": [
        [
          -0.665469,
          -0.318059,
          0.675269,
          1.226173
        ],
        [
          -0.743501,
          0.362443,
          -0.561996,
          2.478468
        ],
        [
          -0.065999,
          -0.876055,
          -0.477672,
          1.349739
        ],
        [
          0.0,
          0.0,
          0.0,
          1.0
        ]
      ]
    },
    {
      "file_path": "/media/NFS/ttao/scannet/posed_images/scene0449_01/00399.jpg",
      "transform_matrix": [
        [
          -0.581181,
          -0.274944,
          0.765921,
          1.23704
        ],
        [
          -0.808981,
          0.297204,
          -0.507167,
          2.47353
        ],
        [
          -0.088192,
          -0.914372,
          -0.395154,
          1.386425
        ],
        [
          0.0,
          0.0,
          0.0,
          1.0
        ]
      ]
    },
    {
      "file_path": "/media/NFS/ttao/scannet/posed_images/scene0449_01/00402.jpg",
      "transform_matrix": [
        [
          -0.566395,
          -0.272277,
          0.777857,
          1.240639
        ],
        [
          -0.818949,
          0.29165,
          -0.494229,
          2.473269
        ],
        [
          -0.092295,
          -0.916955,
          -0.38817,
          1.389242
        ],
        [
          0.0,
          0.0,
          0.0,
          1.0
        ]
      ]
    },
    {
      "file_path": "/media/NFS/ttao/scannet/posed_images/scene0449_01/00408.jpg",
      "transform_matrix": [
        [
          -0.534551,
          -0.262201,
          0.803434,
          1.256934
        ],
        [
          -0.838807,
          0.280727,
          -0.466471,
          2.479909
        ],
        [
          -0.103236,
          -0.923278,
          -0.369999,
          1.40555
        ],
        [
          0.0,
          0.0,
          0.0,
          1.0
        ]
      ]
    },
    {
      "file_path": "/media/NFS/ttao/scannet/posed_images/scene0449_01/00417.jpg",
      "transform_matrix": [
        [
          -0.495061,
          -0.217789,
          0.84112,
          1.266657
        ],
        [
          -0.863231,
          0.233286,
          -0.447671,
          2.4779
        ],
        [
          -0.098724,
          -0.947705,
          -0.303493,
          1.440036
        ],
        [
          0.0,
          0.0,
          0.0,
          1.0
        ]
      ]
    },
    {
      "file_path": "/media/NFS/ttao/scannet/posed_images/scene0449_01/00423.jpg",
      "transform_matrix": [
        [
          -0.465901,
          -0.20996,
          0.859566,
          1.266622
        ],
        [
          -0.88013,
          0.21003,
          -0.425745,
          2.473255
        ],
        [
          -0.091145,
          -0.954885,
          -0.282645,
          1.443433
        ],
        [
          0.0,
          0.0,
          0.0,
          1.0
        ]
      ]
    },
    {
      "file_path": "/media/NFS/ttao/scannet/posed_images/scene0449_01/00426.jpg",
      "transform_matrix": [
        [
          -0.452882,
          -0.212095,
          0.865975,
          1.270601
        ],
        [
          -0.88735,
          0.201619,
          -0.41468,
          2.474384
        ],
        [
          -0.086646,
          -0.956225,
          -0.279512,
          1.444589
        ],
        [
          0.0,
          0.0,
          0.0,
          1.0
        ]
      ]
    },
    {
      "file_path": "/media/NFS/ttao/scannet/posed_images/scene0449_01/00432.jpg",
      "transform_matrix": [
        [
          -0.423161,
          -0.23268,
          0.875668,
          1.281297
        ],
        [
          -0.901747,
          0.202285,
          -0.382013,
          2.474973
        ],
        [
          -0.088247,
          -0.951284,
          -0.295417,
          1.438745
        ],
        [
          0.0,
          0.0,
          0.0,
          1.0
        ]
      ]
    },
    {
      "file_path": "/media/NFS/ttao/scannet/posed_images/scene0449_01/00438.jpg",
      "transform_matrix": [
        [
          -0.404293,
          -0.246845,
          0.88069,
          1.300132
        ],
        [
          -0.91036,
          0.201536,
          -0.361425,
          2.493034
        ],
        [
          -0.088275,
          -0.947866,
          -0.306198,
          1.432317
        ],
        [
          0.0,
          0.0,
          0.0,
          1.0
        ]
      ]
    },
    {
      "file_path": "/media/NFS/ttao/scannet/posed_images/scene0449_01/00443.jpg",
      "transform_matrix": [
        [
          -0.385748,
          -0.258756,
          0.885576,
          1.319023
        ],
        [
          -0.919531,
          0.18611,
          -0.346159,
          2.521199
        ],
        [
          -0.075244,
          -0.947844,
          -0.309725,
          1.430449
        ],
        [
          0.0,
          0.0,
          0.0,
          1.0
        ]
      ]
    },
    {
      "file_path": "/media/NFS/ttao/scannet/posed_images/scene0449_01/00451.jpg",
      "transform_matrix": [
        [
          -0.316166,
          -0.279235,
          0.906679,
          1.34767
        ],
        [
          -0.947238,
          0.146021,
          -0.285339,
          2.574947
        ],
        [
          -0.052718,
          -0.949055,
          -0.310668,
          1.421542
        ],
        [
          0.0,
          0.0,
          0.0,
          1.0
        ]
      ]
    },
    {
      "file_path": "/media/NFS/ttao/scannet/posed_images/scene0449_01/00456.jpg",
      "transform_matrix": [
        [
          -0.284827,
          -0.300301,
          0.910326,
          1.36216
        ],
        [
          -0.95788,
          0.125428,
          -0.258329,
          2.605545
        ],
        [
          -0.036604,
          -0.945562,
          -0.323377,
          1.409844
        ],
        [
          0.0,
          0.0,
          0.0,
          1.0
        ]
      ]
    },
    {
      "file_path": "/media/NFS/ttao/scannet/posed_images/scene0449_01/00464.jpg",
      "transform_matrix": [
        [
          -0.229654,
          -0.350639,
          0.907916,
          1.376132
        ],
        [
          -0.972898,
          0.10858,
          -0.204157,
          2.633262
        ],
        [
          -0.026996,
          -0.930195,
          -0.366071,
          1.392137
        ],
        [
          0.0,
          0.0,
          0.0,
          1.0
        ]
      ]
    },
    {
      "file_path": "/media/NFS/ttao/scannet/posed_images/scene0449_01/00473.jpg",
      "transform_matrix": [
        [
          -0.137844,
          -0.35577,
          0.924352,
          1.368796
        ],
        [
          -0.989215,
          0.096112,
          -0.110525,
          2.601677
        ],
        [
          -0.04952,
          -0.929618,
          -0.365181,
          1.388249
        ],
        [
          0.0,
          0.0,
          0.0,
          1.0
        ]
      ]
    },
    {
      "file_path": "/media/NFS/ttao/scannet/posed_images/scene0449_01/00478.jpg",
      "transform_matrix": [
        [
          -0.063998,
          -0.335723,
          0.939784,
          1.355363
        ],
        [
          -0.99601,
          0.080181,
          -0.039183,
