{
  "frames": [
    {
      "file_path": "/media/NFS/ttao/scannet/posed_images/scene0196_00/00002.jpg",
      "transform_matrix": [
        [
          -0.963289,
          0.1552,
          -0.219062,
          5.973778
        ],
        [
          0.259892,
          0.33449,
          -0.905855,
          2.820463
        ],
        [
          -0.067315,
          -0.929532,
          -0.362545,
          1.46621
        ],
        [
          0.0,
          0.0,
          0.0,
          1.0
        ]
      ]
    },
    {
      "file_path": "/media/NFS/ttao/scannet/posed_images/scene0196_00/00008.jpg",
      "transform_matrix": [
        [
          -0.965945,
          0.155976,
          -0.206451,
          5.982871
        ],
        [
          0.248694,
          0.339402,
          -0.90717,
          2.82149
        ],
        [
          -0.071427,
          -0.92762,
          -0.366634,
          1.461003
        ],
        [
          0.0,
          0.0,
          0.0,
          1.0
        ]
      ]
    },
    {
      "file_path": "/media/NFS/ttao/scannet/posed_images/scene0196_00/00015.jpg",
      "transform_matrix": [
        [
          -0.973085,
          0.13281,
          -0.18833,
          5.96015
        ],
        [
          0.22597,
          0.389551,
          -0.892854,
          2.824989
        ],
        [
          -0.045216,
          -0.911379,
          -0.409077,
          1.450567
        ],
        [
          0.0,
          0.0,
          0.0,
          1.0
        ]
      ]
    },
    {
      "file_path": "/media/NFS/ttao/scannet/posed_images/scene0196_00/00019.jpg",
      "transform_matrix": [
        [
          -0.972079,
          0.13719,
          -0.190374,
          5.969522
        ],
        [
          0.230162,
          0.399443,
          -0.887395,
          2.825419
        ],
        [
          -0.045698,
          -0.906435,
          -0.419866,
          1.421042
        ],
        [
          0.0,
          0.0,
          0.0,
          1.0
        ]
      ]
    },
    {
      "file_path": "/media/NFS/ttao/scannet/posed_images/scene0196_00/00029.jpg",
      "transform_matrix": [
        [
          -0.964174,
          0.150911,
          -0.218162,
          5.997588
        ],
        [
          0.263012,
          0.436737,
          -0.860282,
          2.814442
        ],
        [
          -0.034546,
          -0.886841,
          -0.460782,
          1.37375
        ],
        [
          0.0,
          0.0,
          0.0,
          1.0
        ]
      ]
    },
    {
      "file_path": "/media/NFS/ttao/scannet/posed_images/scene0196_00/00031.jpg",
      "transform_matrix": [
        [
          -0.958774,
          0.165954,
          -0.230677,
          5.997509
        ],
        [
          0.281068,
          0.434193,
          -0.855849,
          2.806303
        ],
        [
          -0.041874,
          -0.885402,
          -0.462937,
          1.382049
        ],
        [
          0.0,
          0.0,
          0.0,
          1.0
        ]
      ]
    },
    {
      "file_path": "/media/NFS/ttao/scannet/posed_images/scene0196_00/00040.jpg",
      "transform_matrix": [
        [
          -0.925364,
          0.201487,
          -0.3211,
          5.985033
        ],
        [
          0.375494,
          0.370946,
          -0.849355,
          2.777861
        ],
        [
          -0.052023,
          -0.906533,
          -0.418917,
          1.410373
        ],
        [
          0.0,
          0.0,
          0.0,
          1.0
        ]
      ]
    },
    {
      "file_path": "/media/NFS/ttao/scannet/posed_images/scene0196_00/00044.jpg",
      "transform_matrix": [
        [
          -0.90797,
          0.210421,
          -0.362372,
          5.967595
        ],
        [
          0.415427,
          0.338775,
          -0.844187,
          2.756258
        ],
        [
          -0.054872,
          -0.917036,
          -0.395012,
          1.424497
        ],
        [
          0.0,
          0.0,
          0.0,
          1.0
        ]
      ]
    },
    {
      "file_path": "/media/NFS/ttao/scannet/posed_images/scene0196_00/00054.jpg",
      "transform_matrix": [
        [
          -0.884763,
          0.187584,
          -0.426623,
          5.888601
        ],
        [
          0.464528,
          0.281249,
          -0.83971,
          2.699605
        ],
        [
          -0.037528,
          -0.941122,
          -0.335977,
          1.449943
        ],
        [
          0.0,
          0.0,
          0.0,
          1.0
        ]
      ]
    },
    {
      "file_path": "/media/NFS/ttao/scannet/posed_images/scene0196_00/00060.jpg",
      "transform_matrix": [
        [
          -0.887062,
          0.185443,
          -0.422766,
          5.8496
        ],
        [
          0.459403,
          0.264367,
          -0.847973,
          2.653437
        ],
        [
          -0.045486,
          -0.946425,
          -0.319703,
          1.465205
        ],
        [
          0.0,
          0.0,
          0.0,
          1.0
        ]
      ]
    },
    {
      "file_path": "/media/NFS/ttao/scannet/posed_images/scene0196_00/00063.jpg",
      "transform_matrix": [
        [
          -0.884205,
          0.185672,
          -0.428612,
          5.826822
        ],
        [
          0.465101,
          0.265171,
          -0.84461,
          2.63789
        ],
        [
          -0.043165,
          -0.946155,
          -0.320822,
          1.46408
        ],
        [
          0.0,
          0.0,
          0.0,
          1.0
        ]
      ]
    },
    {
      "file_path": "/media/NFS/ttao/scannet/posed_images/scene0196_00/00073.jpg",
      "transform_matrix": [
        [
          -0.843735,
          0.203516,
          -0.496681,
          5.797152
        ],
        [
          0.536455,
          0.288561,
          -0.793063,
          2.531461
        ],
        [
          -0.018078,
          -0.935582,
          -0.352647,
          1.450968
        ],
        [
          0.0,
          0.0,
          0.0,
          1.0
        ]
      ]
    },
    {
      "file_path": "/media/NFS/ttao/scannet/posed_images/scene0196_00/00081.jpg",
      "transform_matrix": [
        [
          -0.796339,
          0.232866,
          -0.558228,
          5.806276
        ],
        [
          0.604369,
          0.26953,
          -0.749728,
          2.385835
        ],
        [
          -0.024127,
          -0.934413,
          -0.355374,
          1.438157
        ],
        [
          0.0,
          0.0,
          0.0,
          1.0
        ]
      ]
    },
    {
      "file_path": "/media/NFS/ttao/scannet/posed_images/scene0196_00/00084.jpg",
      "transform_matrix": [
        [
          -0.776941,
          0.255269,
          -0.5755,
          5.803923
        ],
        [
          0.628251,
          0.255145,
          -0.734984,
          2.33268
        ],
        [
          -0.040783,
          -0.932598,
          -0.358606,
          1.446062
        ],
        [
          0.0,
          0.0,
          0.0,
          1.0
        ]
      ]
    },
    {
      "file_path": "/media/NFS/ttao/scannet/posed_images/scene0196_00/00088.jpg",
      "transform_matrix": [
        [
          -0.746313,
          0.292624,
          -0.597819,
          5.796032
        ],
        [
          0.66201,
          0.233243,
          -0.712279,
          2.273873
        ],
        [
          -0.068993,
          -0.927345,
          -0.367792,
          1.444805
        ],
        [
          0.0,
          0.0,
          0.0,
          1.0
        ]
      ]
    },
    {
      "file_path": "/media/NFS/ttao/scannet/posed_images/scene0196_00/00100.jpg",
      "transform_matrix": [
        [
          -0.713685,
          0.308065,
          -0.629086,
          5.723263
        ],
        [
          0.69769,
          0.232744,
          -0.677539,
          2.07804
        ],
        [
          -0.06231,
          -0.922457,
          -0.38104,
          1.441689
        ],
        [
          0.0,
          0.0,
          0.0,
          1.0
        ]
      ]
    },
    {
      "file_path": "/media/NFS/ttao/scannet/posed_images/scene0196_00/00102.jpg",
      "transform_matrix": [
        [
          -0.71263,
          0.315753,
          -0.626465,
          5.706098
        ],
        [
          0.698359,
          0.234352,
          -0.676294,
          2.048594
        ],
        [
          -0.066729,
          -0.919445,
          -0.387516,
          1.442012
        ],
        [
          0.0,
          0.0,
          0.0,
          1.0
        ]
      ]
    },
    {
      "file_path": "/media/NFS/ttao/scannet/posed_images/scene0196_00/00109.jpg",
      "transform_matrix": [
        [
          -0.684866,
          0.317482,
          -0.655869,
          5.641552
        ],
        [
          0.727489,
          0.246705,
          -0.640232,
          1.946084
        ],
        [
          -0.041456,
          -0.91561,
          -0.399924,
          1.442665
        ],
        [
          0.0,
          0.0,
          0.0,
          1.0
        ]
      ]
    },
    {
      "file_path": "/media/NFS/ttao/scannet/posed_images/scene0196_00/00115.jpg",
      "transform_matrix": [
        [
          -0.598467,
          0.323168,
          -0.733076,
          5.621971
        ],
        [
          0.800334,
          0.199926,
          -0.56524,
          1.867162
        ],
        [
          -0.036107,
          -0.924982,
          -0.378291,
          1.429902
        ],
        [
          0.0,
          0.0,
          0.0,
          1.0
        ]
      ]
    },
    {
      "file_path": "/media/NFS/ttao/scannet/posed_images/scene0196_00/00123.jpg",
      "transform_matrix": [
        [
          -0.478932,
          0.383913,
          -0.789452,
          5.619421
        ],
        [
          0.87702,
          0.170126,
          -0.449324,
          1.738446
        ],
        [
          -0.038195,
          -0.907562,
          -0.418178,
          1.424468
        ],
        [
          0.0,
          0.0,
          0.0,
          1.0
        ]
      ]
    },
    {
      "file_path": "/media/NFS/ttao/scannet/posed_images/scene0196_00/00127.jpg",
      "transform_matrix": [
        [
          -0.433371,
          0.39647,
          -0.809321,
          5.621013
        ],
        [
          0.900605,
          0.15748,
          -0.405106,
          1.693761
        ],
        [
          -0.033161,
          -0.90444,
          -0.425311,
          1.424558
        ],
        [
          0.0,
          0.0,
          0.0,
          1.0
        ]
      ]
    },
    {
      "file_path": "/media/NFS/ttao/scannet/posed_images/scene0196_00/00138.jpg",
      "transform_matrix": [
        [
          -0.348614,
          0.408079,
          -0.843765,
          5.59675
        ],
        [
          0.936812,
          0.123668,
          -0.327247,
          1.668554
        ],
        [
          -0.029196,
          -0.904532,
          -0.425405,
          1.434135
        ],
        [
          0.0,
          0.0,
          0.0,
          1.0
        ]
      ]
    },
    {
      "file_path": "/media/NFS/ttao/scannet/posed_images/scene0196_00/00144.jpg",
      "transform_matrix": [
        [
          -0.339841,
          0.381773,
          -0.85951,
          5.587081
        ],
        [
          0.940111,
          0.112209,
          -0.321869,
          1.692653
        ],
        [
          -0.026436,
          -0.91742,
          -0.397042,
          1.440324
        ],
        [
          0.0,
          0.0,
          0.0,
          1.0
        ]
      ]
    },
    {
      "file_path": "/media/NFS/ttao/scannet/posed_images/scene0196_00/00146.jpg",
      "transform_matrix": [
        [
          -0.33585,
          0.385034,
          -0.859624,
          5.587125
        ],
        [
          0.941352,
          0.105636,
          -0.320465,
          1.702601
        ],
        [
          -0.032582,
          -0.916837,
          -0.39793,
          1.437573
        ],
        [
          0.0,
          0.0,
          0.0,
          1.0
        ]
      ]
    },
    {
      "file_path": "/media/NFS/ttao/scannet/posed_images/scene0196_00/00152.jpg",
      "transform_matrix": [
        [
          -0.323586,
          0.39366,
          -0.86042,
          5.575565
        ],
        [
          0.945855,
          0.110057,
          -0.305363,
          1.72802
        ],
        [
          -0.025514,
          -0.912644,
          -0.407959,
          1.426521
        ],
        [
          0.0,
          0.0,
          0.0,
          1.0
        ]
      ]
    },
    {
      "file_path": "/media/NFS/ttao/scannet/posed_images/scene0196_00/00163.jpg",
      "transform_matrix": [
        [
          -0.296716,
          0.436324,
          -0.849459,
          5.561401
        ],
        [
          0.954828,
          0.120435,
          -0.27166,
          1.759752
        ],
        [
          -0.016227,
          -0.891693,
          -0.452349,
          1.405151
        ],
        [
          0.0,
          0.0,
          0.0,
          1.0
        ]
      ]
    },
    {
      "file_path": "/media/NFS/ttao/scannet/posed_images/scene0196_00/00167.jpg",
      "transform_matrix": [
        [
          -0.294052,
          0.437651,
          -0.849703,
          5.562829
        ],
        [
          0.955555,
          0.11492,
          -0.271493,
          1.765497
        ],
        [
          -0.021171,
          -0.891771,
          -0.451992,
          1.40347
        ],
        [
          0.0,
          0.0,
          0.0,
          1.0
        ]
      ]
    },
    {
      "file_path": "/media/NFS/ttao/scannet/posed_images/scene0196_00/00171.jpg",
      "transform_matrix": [
        [
          -0.293106,
          0.43936,
          -0.849148,
          5.557102
        ],
        [
          0.955361,
          0.100162,
          -0.277943,
          1.773606
        ],
        [
          -0.037065,
          -0.892709,
          -0.449106,
          1.414238
        ],
        [
          0.0,
          0.0,
          0.0,
          1.0
        ]
      ]
    },
    {
      "file_path": "/media/NFS/ttao/scannet/posed_images/scene0196_00/00182.jpg",
      "transform_matrix": [
        [
          -0.221201,
          0.352986,
          -0.909104,
          5.547994
        ],
        [
          0.97504,
          0.06175,
          -0.213268,
          1.788201
        ],
        [
          -0.019143,
          -0.933589,
          -0.357835,
          1.463593
        ],
        [
          0.0,
          0.0,
          0.0,
          1.0
        ]
      ]
    },
    {
      "file_path": "/media/NFS/ttao/scannet/posed_images/scene0196_00/00186.jpg",
      "transform_matrix": [
        [
          -0.196465,
          0.325077,
          -0.925055,
          5.545674
        ],
        [
          0.980388,
          0.050169,
          -0.190586,
          1.797042
        ],
        [
          -0.015546,
          -0.944356,
          -0.328557,
          1.478428
        ],
        [
          0.0,
          0.0,
          0.0,
          1.0
        ]
      ]
    },
    {
      "file_path": "/media/NFS/ttao/scannet/posed_images/scene0196_00/00194.jpg",
      "transform_matrix": [
        [
          -0.146387,
          0.301175,
          -0.942266,
          5.54204
        ],
        [
          0.989092,
          0.028816,
          -0.144452,
          1.818889
        ],
        [
          -0.016353,
          -0.953134,
          -0.302108,
          1.486187
        ],
        [
          0.0,
          0.0,
          0.0,
          1.0
        ]
      ]
    },
    {
      "file_path": "/media/NFS/ttao/scannet/posed_images/scene0196_00/00202.jpg",
      "transform_matrix": [
        [
          -0.08053,
          0.296182,
          -0.951731,
          5.542071
        ],
        [
          0.996731,
          0.030119,
          -0.074965,
          1.829372
        ],
        [
          0.006462,
          -0.954657,
          -0.297639,
          1.483824
        ],
        [
          0.0,
          0.0,
          0.0,
          1.0
        ]
      ]
    },
    {
      "file_path": "/media/NFS/ttao/scannet/posed_images/scene0196_00/00204.jpg",
      "transform_matrix": [
        [
          -0.07572,
          0.308121,
          -0.948329,
          5.541268
        ],
        [
          0.996715,
          0.050797,
          -0.063079,
          1.829202
        ],
        [
          0.028737,
          -0.94999,
          -0.310955,
          1.482172
        ],
        [
          0.0,
          0.0,
          0.0,
          1.0
        ]
      ]
    },
    {
      "file_path": "/media/NFS/ttao/scannet/posed_images/scene0196_00/00213.jpg",
      "transform_matrix": [
        [
          -0.062972,
          0.305264,
          -0.950183,
          5.532602
        ],
        [
          0.997831,
          0.037568,
          -0.054061,
          1.829582
        ],
        [
          0.019194,
          -0.951526,
          -0.306967,
          1.503908
        ],
        [
          0.0,
          0.0,
          0.0,
          1.0
        ]
      ]
    },
    {
      "file_path": "/media/NFS/ttao/scannet/posed_images/scene0196_00/00221.jpg",
      "transform_matrix": [
        [
          -0.027657,
          0.309913,
          -0.950363,
          5.538004
        ],
        [
          0.999302,
          0.032465,
          -0.018495,
          1.83798
        ],
        [
          0.025122,
          -0.950211,
          -0.310594,
          1.496015
        ],
        [
          0.0,
          0.0,
          0.0,
          1.0
        ]
      ]
    },
    {
      "file_path": "/media/NFS/ttao/scannet/posed_images/scene0196_00/00223.jpg",
      "transform_matrix": [
        [
          -0.024419,
          0.313247,
          -0.949358,
          5.53765
        ],
        [
          0.999389,
          0.031422,
          -0.015339,
          1.839369
        ],
        [
          0.025025,
          -0.949152,
          -0.313823,
          1.494633
        ],
        [
          0.0,
          0.0,
          0.0,
          1.0
        ]
      ]
    },
    {
      "file_path": "/media/NFS/ttao/scannet/posed_images/scene0196_00/00232.jpg",
      "transform_matrix": [
        [
          0.000722,
          0.318877,
          -0.947796,
          5.531417
        ],
        [
          0.999318,
          0.034769,
          0.012459,
          1.832405
        ],
        [
          0.036926,
          -0.947158,
          -0.318634,
          1.489142
        ],
        [
          0.0,
          0.0,
          0.0,
          1.0
        ]
      ]
    },
    {
      "file_path": "/media/NFS/ttao/scannet/posed_images/scene0196_00/00236.jpg",
      "transform_matrix": [
        [
          -4e-05,
          0.318968,
          -0.947766,
          5.534384
        ],
        [
          0.999176,
          0.03849,
          0.012912,
          1.825041
        ],
        [
          0.040598,
          -0.946984,
          -0.318706,
          1.483854
        ],
        [
          0.0,
          0.0,
          0.0,
          1.0
        ]
      ]
    },
    {
      "file_path": "/media/NFS/ttao/scannet/posed_images/scene0196_00/00242.jpg",
      "transform_matrix": [
        [
          -0.006123,
          0.325844,
          -0.945404,
          5.543003
        ],
        [
          0.999005,
          0.043766,
          0.008614,
          1.796396
        ],
        [
          0.044183,
          -0.94441,
          -0.325788,
          1.470458
        ],
        [
          0.0,
          0.0,
          0.0,
          1.0
        ]
      ]
    },
    {
      "file_path": "/media/NFS/ttao/scannet/posed_images/scene0196_00/00250.jpg",
      "transform_matrix": [
        [
          0.011938,
          0.358854,
          -0.933317,
          5.557868
        ],
        [
          0.9996,
          0.019641,
          0.020337,
          1.751744
        ],
        [
          0.02563,
          -0.933187,
          -0.358476,
          1.446614
        ],
        [
          0.0,
          0.0,
          0.0,
          1.0
        ]
      ]
    },
    {
      "file_path": "/media/NFS/ttao/scannet/posed_images/scene0196_00/00257.jpg",
      "transform_matrix": [
        [
          0.053367,
          0.388137,
          -0.920055,
          5.564325
        ],
        [
          0.998533,
          -0.012325,
          0.052719,
          1.708003
        ],
        [
          0.009123,
          -0.921519,
          -0.388225,
          1.431692
        ],
        [
          0.0,
          0.0,
          0.0,
          1.0
        ]
      ]
    },
    {
      "file_path": "/media/NFS/ttao/scannet/posed_images/scene0196_00/00261.jpg",
      "transform_matrix": [
        [
          0.076507,
          0.398629,
          -0.913916,
          5.565145
        ],
        [
          0.997022,
          -0.021645,
          0.074023,
          1.682387
        ],
        [
          0.009726,
          -0.916857,
          -0.399097,
          1.423411
        ],
        [
          0.0,
          0.0,
          0.0,
          1.0
        ]
      ]
    },
    {
      "file_path": "/media/NFS/ttao/scannet/posed_images/scene0196_00/00267.jpg",
      "transform_matrix": [
        [
          0.110827,
          0.390761,
          -0.913796,
          5.532117
        ],
        [
          0.993593,
          -0.023089,
          0.110631,
          1.642213
        ],
        [
          0.022132,
          -0.920202,
          -0.390817,
          1.41478
        ],
        [
          0.0,
          0.0,
          0.0,
          1.0
        ]
      ]
    },
    {
      "file_path": "/media/NFS/ttao/scannet/posed_images/scene0196_00/00276.jpg",
      "transform_matrix": [
        [
          0.165861,
          0.37901,
          -0.910408,
          5.420504
        ],
        [
          0.985687,
          -0.091982,
          0.141283,
          1.594845
        ],
        [
          -0.030193,
          -0.92081,
          -0.388841,
          1.40971
        ],
        [
          0.0,
          0.0,
          0.0,
          1.0
        ]
      ]
    },
    {
      "file_path": "/media/NFS/ttao/scannet/posed_images/scene0196_00/00280.jpg",
      "transform_matrix": [
        [
          0.17772,
          0.384454,
          -0.905875,
          5.370374
        ],
        [
          0.983337,
          -0.10518,
          0.148278,
          1.568619
        ],
        [
          -0.038274,
          -0.917132,
          -0.396741,
          1.413589
        ],
        [
          0.0,
          0.0,
          0.0,
          1.0
        ]
      ]
    },
    {
      "file_path": "/media/NFS/ttao/scannet/posed_images/scene0196_00/00286.jpg",
      "transform_matrix": [
        [
          0.205327,
          0.368386,
          -0.906715,
          5.311595
        ],
        [
          0.978019,
          -0.111627,
          0.176121,
          1.53701
        ],
        [
          -0.036334,
          -0.922947,
          -0.383209,
          1.417167
        ],
        [
          0.0,
          0.0,
          0.0,
          1.0
        ]
      ]
    },
    {
      "file_path": "/media/NFS/ttao/scannet/posed_images/scene0196_00/00296.jpg",
      "transform_matrix": [
        [
          0.315393,
          0.337825,
          -0.886793,
          5.2511
        ],
        [
          0.948686,
          -0.134766,
          0.286066,
          1.418109
        ],
        [
          -0.022869,
          -0.931511,
          -0.362994,
          1.417546
        ],
        [
          0.0,
          0.0,
          0.0,
          1.0
        ]
      ]
    },
    {
      "file_path": "/media/NFS/ttao/scannet/posed_images/scene0196_00/00300.jpg",
      "transform_matrix": [
        [
          0.355432,
          0.364735,
          -0.860602,
          5.226846
        ],
        [
          0.934457,
          -0.159751,
          0.31823,
          1.350324
        ],
        [
          -0.021412,
          -0.917305,
          -0.39761,
          1.421919
        ],
        [
          0.0,
          0.0,
          0.0,
          1.0
        ]
      ]
    },
    {
      "file_path": "/media/NFS/ttao/scannet/posed_images/scene0196_00/00311.jpg",
      "transform_matrix": [
        [
          0.483418,
          0.364443,
          -0.79592,
          5.179789
        ],
        [
          0.875377,
          -0.196294,
          0.441797,
          1.227422
        ],
        [
          0.004776,
          -0.910302,
          -0.413917,
          1.422448
        ],
        [
          0.0,
          0.0,
          0.0,
          1.0
        ]
      ]
    },
    {
      "file_path": "/media/NFS/ttao/scannet/posed_images/scene0196_00/00313.jpg",
      "transform_matrix": [
        [
          0.495612,
          0.359567,
          -0.790621,
          5.166269
        ],
        [
          0.868483,
          -0.194329,
          0.456042,
          1.212742
        ],
        [
          0.010338,
          -0.91266,
          -0.408589,
          1.426746
        ],
        [
          0.0,
          0.0,
          0.0,
          1.0
        ]
      ]
    },
    {
      "file_path": "/media/NFS/ttao/scannet/posed_images/scene0196_00/00323.jpg",
      "transform_matrix": [
        [
          0.492026,
          0.342879,
          -0.800215,
          5.068173
        ],
        [
          0.87021,
          -0.220493,
          0.440587,
          1.177687
        ],
        [
          -0.025374,
          -0.913136,
          -0.406865,
          1.43127
        ],
        [
          0.0,
          0.0,
          0.0,
          1.0
        ]
      ]
    },
    {
      "file_path": "/media/NFS/ttao/scannet/posed_images/scene0196_00/00324.jpg",
      "transform_matrix": [
        [
          0.49624,
          0.337839,
          -0.799757,
          5.058714
        ],
        [
          0.86767,
          -0.224722,
          0.44345,
          1.177575
        ],
        [
          -0.029908,
          -0.913983,
          -0.404649,
          1.433381
        ],
        [
          0.0,
          0.0,
          0.0,
          1.0
        ]
      ]
    },
    {
      "file_path": "/media/NFS/ttao/scannet/posed_images/scene0196_00/00334.jpg",
      "transform_matrix": [
        [
          0.580444,
          0.340764,
          -0.73957,
          4.965822
        ],
        [
          0.814287,
          -0.248052,
          0.524792,
          1.12174
        ],
        [
          -0.004621,
          -0.906835,
          -0.42146,
          1.431006
        ],
        [
          0.0,
          0.0,
          0.0,
          1.0
        ]
      ]
    },
    {
      "file_path": "/media/NFS/ttao/scannet/posed_images/scene0196_00/00340.jpg",
      "transform_matrix": [
        [
          0.661144,
          0.278501,
          -0.696653,
          4.924332
        ],
        [
          0.749853,
          -0.275832,
          0.601363,
          1.032841
        ],
        [
          -0.024679,
          -0.919975,
          -0.3912,
          1.43498
        ],
        [
          0.0,
          0.0,
          0.0,
          1.0
        ]
      ]
    },
    {
      "file_path": "/media/NFS/ttao/scannet/posed_images/scene0196_00/00348.jpg",
      "transform_matrix": [
        [
          0.717637,
          0.267957,
          -0.642804,
          4.876208
        ],
        [
          0.696036,
          -0.306536,
          0.649284,
          0.900796
        ],
        [
          -0.023062,
          -0.913365,
          -0.406489,
          1.465619
        ],
        [
          0.0,
          0.0,
          0.0,
          1.0
        ]
      ]
    },
    {
      "file_path": "/media/NFS/ttao/scannet/posed_images/scene0196_00/00355.jpg",
      "transform_matrix": [
        [
          0.69853,
          0.227286,
          -0.678525,
          4.896206
        ],
        [
          0.715016,
          -0.259339,
          0.649227,
          0.792819
        ],
        [
          -0.028408,
          -0.938661,
          -0.343669,
          1.496834
        ],
        [
          0.0,
          0.0,
          0.0,
          1.0
        ]
      ]
    },
    {
      "file_path": "/media/NFS/ttao/scannet/posed_images/scene0196_00/00357.jpg",
      "transform_matrix": [
        [
          0.691772,
          0.227522,
          -0.685336,
          4.909632
        ],
        [
          0.721576,
          -0.254514,
          0.643857,
          0.767521
        ],
        [
          -0.027936,
          -0.939924,
          -0.34024,
          1.499763
        ],
        [
          0.0,
          0.0,
          0.0,
          1.0
        ]
      ]
    },
    {
      "file_path": "/media/NFS/ttao/scannet/posed_images/scene0196_00/00369.jpg",
      "transform_matrix": [
        [
          0.760071,
          0.200825,
          -0.618031,
          4.95927
        ],
        [
          0.647013,
          -0.322491,
          0.690922,
          0.670266
        ],
        [
          -0.060555,
          -0.925024,
          -0.375052,
          1.502834
        ],
        [
          0.0,
          0.0,
          0.0,
          1.0
        ]
      ]
    },
    {
      "file_path": "/media/NFS/ttao/scannet/posed_images/scene0196_00/00371.jpg",
      "transform_matrix": [
        [
          0.765433,
          0.205414,
          -0.609851,
          4.966877
        ],
        [
          0.641808,
          -0.312677,
          0.700225,
          0.661819
        ],
        [
          -0.046851,
          -0.927382,
          -0.37117,
          1.51159
        ],
        [
          0.0,
          0.0,
          0.0,
          1.0
        ]
      ]
    },
    {
      "file_path": "/media/NFS/ttao/scannet/posed_images/scene0196_00/00376.jpg",
      "transform_matrix": [
        [
          0.761828,
          0.21435,
          -0.611287,
          4.950903
        ],
        [
          0.647759,
          -0.259699,
          0.716216,
          0.61632
        ],
        [
          -0.00523,
          -0.9416,
          -0.336693,
          1.509607
        ],
        [
          0.0,
          0.0,
          0.0,
          1.0
        ]
      ]
    },
    {
      "file_path": "/media/NFS/ttao/scannet/posed_images/scene0196_00/00386.jpg",
      "transform_matrix": [
        [
          0.769729,
          0.184839,
          -0.611025,
          4.919399
        ],
        [
          0.637788,
          -0.263567,
          0.723712,
          0.568872
        ],
        [
          -0.027276,
          -0.946766,
          -0.320764,
          1.514224
        ],
        [
          0.0,
          0.0,
          0.0,
          1.0
        ]
      ]
    },
    {
      "file_path": "/media/NFS/ttao/scannet/posed_images/scene0196_00/00390.jpg",
      "transform_matrix": [
        [
          0.780992,
          0.186551,
          -0.596029,
          4.901521
        ],
        [
          0.624257,
          -0.26197,
          0.735986,
          0.552604
        ],
        [
          -0.018843,
          -0.946874,
          -0.321052,
          1.508268
        ],
        [
          0.0,
          0.0,
          0.0,
          1.0
        ]
      ]
    },
    {
      "file_path": "/media/NFS/ttao/scannet/posed_images/scene0196_00/00396.jpg",
      "transform_matrix": [
        [
          0.804051,
          0.186942,
          -0.564407,
          4.883741
        ],
        [
          0.594399,
          -0.274846,
          0.755744,
          0.555638
        ],
        [
          -0.013845,
          -0.94314,
          -0.332108,
          1.508065
        ],
        [
          0.0,
          0.0,
          0.0,
          1.0
        ]
      ]
    },
    {
      "file_path": "/media/NFS/ttao/scannet/posed_images/scene0196_00/00405.jpg",
      "transform_matrix": [
        [
          0.832092,
          0.179004,
          -0.524957,
          4.894175
        ],
        [
          0.554576,
          -0.282598,
          0.782678,
          0.572648
        ],
        [
          -0.00825,
          -0.942389,
          -0.334419,
          1.4996
        ],
        [
          0.0,
          0.0,
          0.0,
          1.0
        ]
      ]
    },
    {
      "file_path": "/media/NFS/ttao/scannet/posed_images/scene0196_00/00409.jpg",
      "transform_matrix": [
        [
          0.841967,
          0.183981,
          -0.507191,
          4.890408
        ],
        [
          0.539496,
          -0.297583,
          0.787648,
          0.577894
        ],
        [
          -0.006019,
          -0.936801,
          -0.349812,
          1.496754
        ],
        [
          0.0,
          0.0,
          0.0,
          1.0
        ]
      ]
    },
    {
      "file_path": "/media/NFS/ttao/scannet/posed_images/scene0196_00/00415.jpg",
      "transform_matrix": [
        [
          0.862249,
          0.179892,
          -0.473462,
          4.898922
        ],
        [
          0.506451,
          -0.295415,
          0.810085,
          0.591324
        ],
        [
          0.00586,
          -0.93828,
          -0.345828,
          1.490778
        ],
        [
          0.0,
          0.0,
          0.0,
          1.0
        ]
      ]
    },
    {
      "file_path": "/media/NFS/ttao/scannet/posed_images/scene0196_00/00420.jpg",
      "transform_matrix": [
        [
          0.888839,
          0.174154,
          -0.423834,
          4.910138
        ],
        [
          0.458135,
          -0.320016,
          0.829278,
          0.604155
        ],
        [
          0.008789,
          -0.931268,
          -0.364229,
          1.473473
        ],
        [
          0.0,
          0.0,
          0.0,
          1.0
        ]
      ]
    },
    {
      "file_path": "/media/NFS/ttao/scannet/posed_images/scene0196_00/00432.jpg",
      "transform_matrix": [
        [
          0.948312,
          0.127574,
          -0.290568,
          4.931632
        ],
        [
          0.317182,
          -0.409965,
          0.855175,
          0.64174
        ],
        [
          -0.010025,
          -0.903136,
          -0.429238,
          1.435883
        ],
        [
          0.0,
          0.0,
          0.0,
          1.0
        ]
      ]
    },
    {
      "file_path": "/media/NFS/ttao/scannet/posed_images/scene0196_00/00438.jpg",
      "transform_matrix": [
        [
          0.95574,
          0.124899,
          -0.266386,
          4.922974
        ],
        [
          0.294124,
          -0.427911,
          0.854625,
          0.649457
        ],
        [
          -0.007248,
          -0.895149,
          -0.445707,
          1.425834
        ],
        [
          0.0,
          0.0,
          0.0,
          1.0
        ]
      ]
    },
    {
      "file_path": "/media/NFS/ttao/scannet/posed_images/scene0196_00/00444.jpg",
      "transform_matrix": [
        [
          0.957581,
          0.126853,
          -0.258741,
          4.900209
        ],
        [
          0.288164,
          -0.419247,
          0.860926,
          0.655987
        ],
        [
          0.000734,
          -0.898966,
          -0.438018,
          1.425403
        ],
        [
          0.0,
          0.0,
          0.0,
          1.0
        ]
      ]
    },
    {
      "file_path": "/media/NFS/ttao/scannet/posed_images/scene0196_00/00447.jpg",
      "transform_matrix": [
        [
          0.958917,
          0.124214,
          -0.255047,
          4.883676
        ],
        [
          0.283684,
          -0.415941,
          0.864012,
          0.661523
        ],
        [
          0.001238,
          -0.900869,
          -0.43409,
          1.430208
        ],
        [
          0.0,
          0.0,
          0.0,
          1.0
        ]
      ]
    },
    {
      "file_path": "/media/NFS/ttao/scannet/posed_images/scene0196_00/00457.jpg",
      "transform_matrix": [
        [
          0.966315,
          0.088878,
          -0.24153,
          4.805947
        ],
        [
          0.257017,
          -0.381963,
          0.88772,
          0.677836
        ],
        [
          -0.013357,
          -0.919894,
          -0.39194,
          1.438415
        ],
        [
          0.0,
          0.0,
          0.0,
          1.0
        ]
      ]
    },
    {
      "file_path": "/media/NFS/ttao/scannet/posed_images/scene0196_00/00463.jpg",
      "transform_matrix": [
        [
          0.968591,
          0.104083,
          -0.225827,
          4.744845
        ],
        [
          0.248645,
          -0.395543,
          0.88415,
          0.711514
        ],
        [
          0.002701,
          -0.912531,
          -0.408999,
          1.435345
        ],
        [
          0.0,
          0.0,
          0.0,
          1.0
        ]
      ]
    },
    {
      "file_path": "/media/NFS/ttao/scannet/posed_images/scene0196_00/00467.jpg",
      "transform_matrix": [
        [
          0.968434,
          0.115344,
          -0.220976,
          4.704248
        ],
        [
          0.248508,
          -0.377537,
          0.892025,
          0.748836
        ],
        [
          0.019463,
          -0.918783,
          -0.394284,
          1.430326
        ],
        [
          0.0,
          0.0,
          0.0,
          1.0
        ]
      ]
    },
    {
      "file_path": "/media/NFS/ttao/scannet/posed_images/scene0196_00/00476.jpg",
      "transform_matrix": [
        [
          0.949406,
          0.117002,
          -0.29144,
          4.614249
        ],
        [
          0.313885,
          -0.383604,
          0.868518,
          0.877392
        ],
        [
          -0.010179,
          -0.916056,
          -0.400921,
          1.421788
        ],
        [
          0.0,
          0.0,
          0.0,
          1.0
        ]
      ]
    },
    {
      "file_path": "/media/NFS/ttao/scannet/posed_images/scene0196_00/00478.jpg",
      "transform_matrix": [
        [
          0.944696,
          0.119385,
          -0.305445,
          4.594321
        ],
        [
          0.327585,
          -0.387317,
          0.861785,
          0.898423
        ],
        [
          -0.01542,
          -0.914184,
          -0.405005,
          1.414571
        ],
        [
          0.0,
          0.0,
          0.0,
          1.0
        ]
      ]
    },
    {
      "file_path": "/media/NFS/ttao/scannet/posed_images/scene0196_00/00490.jpg",
      "transform_matrix": [
        [
          0.91792,
          0.155138,
          -0.365179,
          4.459885
        ],
        [
          0.39675,
          -0.367313,
          0.841232,
          1.037035
        ],
        [
          -0.003628,
          -0.917068,
          -0.398714,
          1.420076
        ],
        [
          0.0,
          0.0,
          0.0,
          1.0
        ]
      ]
    },
    {
      "file_path": "/media/NFS/ttao/scannet/posed_images/scene0196_00/00492.jpg",
      "transform_matrix": [
        [
          0.921674,
          0.154631,
          -0.355817,
          4.438467
        ],
        [
          0.38796,
          -0.371926,
          0.843302,
          1.063882
        ],
        [
          -0.001937,
          -0.915293,
          -0.402785,
          1.415767
        ],
        [
