{
  "frames": [
    {
      "file_path": "/media/NFS/ttao/scannet/posed_images/scene0045_01/00000.jpg",
      "transform_matrix": [
        [
          0.247064,
          0.570707,
          -0.783105,
          6.563759
        ],
        [
          0.965017,
          -0.071724,
          0.252185,
          5.297277
        ],
        [
          0.087756,
          -0.818016,
          -0.568462,
          1.507018
        ],
        [
          0.0,
          0.0,
          0.0,
          1.0
        ]
      ]
    },
    {
      "file_path": "/media/NFS/ttao/scannet/posed_images/scene0045_01/00005.jpg",
      "transform_matrix": [
        [
          0.240934,
          0.56087,
          -0.792071,
          6.540778
        ],
        [
          0.965447,
          -0.054988,
          0.254734,
          5.314875
        ],
        [
          0.099318,
          -0.826076,
          -0.554738,
          1.515875
        ],
        [
          0.0,
          0.0,
          0.0,
          1.0
        ]
      ]
    },
    {
      "file_path": "/media/NFS/ttao/scannet/posed_images/scene0045_01/00013.jpg",
      "transform_matrix": [
        [
          0.196075,
          0.518417,
          -0.832345,
          6.492525
        ],
        [
          0.972181,
          0.008145,
          0.234089,
          5.388492
        ],
        [
          0.128135,
          -0.855089,
          -0.502398,
          1.531518
        ],
        [
          0.0,
          0.0,
          0.0,
          1.0
        ]
      ]
    },
    {
      "file_path": "/media/NFS/ttao/scannet/posed_images/scene0045_01/00018.jpg",
      "transform_matrix": [
        [
          0.183793,
          0.515231,
          -0.837112,
          6.457751
        ],
        [
          0.972756,
          0.027085,
          0.230245,
          5.439059
        ],
        [
          0.141303,
          -0.856623,
          -0.496216,
          1.535946
        ],
        [
          0.0,
          0.0,
          0.0,
          1.0
        ]
      ]
    },
    {
      "file_path": "/media/NFS/ttao/scannet/posed_images/scene0045_01/00025.jpg",
      "transform_matrix": [
        [
          0.210291,
          0.522193,
          -0.826494,
          6.434923
        ],
        [
          0.969103,
          0.000127,
          0.246656,
          5.535969
        ],
        [
          0.128907,
          -0.852827,
          -0.506032,
          1.53573
        ],
        [
          0.0,
          0.0,
          0.0,
          1.0
        ]
      ]
    },
    {
      "file_path": "/media/NFS/ttao/scannet/posed_images/scene0045_01/00028.jpg",
      "transform_matrix": [
        [
          0.217162,
          0.519433,
          -0.826456,
          6.439677
        ],
        [
          0.968969,
          -0.012305,
          0.246875,
          5.580085
        ],
        [
          0.118065,
          -0.854422,
          -0.505987,
          1.538094
        ],
        [
          0.0,
          0.0,
          0.0,
          1.0
        ]
      ]
    },
    {
      "file_path": "/media/NFS/ttao/scannet/posed_images/scene0045_01/00035.jpg",
      "transform_matrix": [
        [
          0.180174,
          0.533328,
          -0.826497,
          6.479548
        ],
        [
          0.977504,
          -0.003416,
          0.210889,
          5.709505
        ],
        [
          0.10965,
          -0.845901,
          -0.521946,
          1.535883
        ],
        [
          0.0,
          0.0,
          0.0,
          1.0
        ]
      ]
    },
    {
      "file_path": "/media/NFS/ttao/scannet/posed_images/scene0045_01/00040.jpg",
      "transform_matrix": [
        [
          0.086389,
          0.557839,
          -0.825441,
          6.526663
        ],
        [
          0.988593,
          0.054604,
          0.140366,
          5.816216
        ],
        [
          0.123374,
          -0.828151,
          -0.546759,
          1.552389
        ],
        [
          0.0,
          0.0,
          0.0,
          1.0
        ]
      ]
    },
    {
      "file_path": "/media/NFS/ttao/scannet/posed_images/scene0045_01/00046.jpg",
      "transform_matrix": [
        [
          0.086402,
          0.570562,
          -0.816697,
          6.555631
        ],
        [
          0.98839,
          0.053749,
          0.142117,
          5.916448
        ],
        [
          0.124983,
          -0.819494,
          -0.559294,
          1.566652
        ],
        [
          0.0,
          0.0,
          0.0,
          1.0
        ]
      ]
    },
    {
      "file_path": "/media/NFS/ttao/scannet/posed_images/scene0045_01/00048.jpg",
      "transform_matrix": [
        [
          0.09053,
          0.572884,
          -0.814621,
          6.562749
        ],
        [
          0.988497,
          0.04782,
          0.143483,
          5.946139
        ],
        [
          0.121155,
          -0.81824,
          -0.561965,
          1.563965
        ],
        [
          0.0,
          0.0,
          0.0,
          1.0
        ]
      ]
    },
    {
      "file_path": "/media/NFS/ttao/scannet/posed_images/scene0045_01/00058.jpg",
      "transform_matrix": [
        [
          0.068927,
          0.565925,
          -0.82157,
          6.55256
        ],
        [
          0.985737,
          0.088105,
          0.143389,
          6.102251
        ],
        [
          0.153531,
          -0.819735,
          -0.551781,
          1.550422
        ],
        [
          0.0,
          0.0,
          0.0,
          1.0
        ]
      ]
    },
    {
      "file_path": "/media/NFS/ttao/scannet/posed_images/scene0045_01/00063.jpg",
      "transform_matrix": [
        [
          0.00302,
          0.584529,
          -0.811367,
          6.548698
        ],
        [
          0.988473,
          0.121071,
          0.090902,
          6.18342
        ],
        [
          0.151368,
          -0.802289,
          -0.577425,
          1.557761
        ],
        [
          0.0,
          0.0,
          0.0,
          1.0
        ]
      ]
    },
    {
      "file_path": "/media/NFS/ttao/scannet/posed_images/scene0045_01/00066.jpg",
      "transform_matrix": [
        [
          -0.011654,
          0.587885,
          -0.80886,
          6.549546
        ],
        [
          0.989369,
          0.124047,
          0.075903,
          6.230903
        ],
        [
          0.144959,
          -0.799377,
          -0.583081,
          1.566658
        ],
        [
          0.0,
          0.0,
          0.0,
          1.0
        ]
      ]
    },
    {
      "file_path": "/media/NFS/ttao/scannet/posed_images/scene0045_01/00071.jpg",
      "transform_matrix": [
        [
          -0.032982,
          0.58776,
          -0.808362,
          6.555981
        ],
        [
          0.990727,
          0.125887,
          0.05111,
          6.315372
        ],
        [
          0.131803,
          -0.799181,
          -0.586462,
          1.581091
        ],
        [
          0.0,
          0.0,
          0.0,
          1.0
        ]
      ]
    },
    {
      "file_path": "/media/NFS/ttao/scannet/posed_images/scene0045_01/00080.jpg",
      "transform_matrix": [
        [
          -0.187196,
          0.575376,
          -0.796179,
          6.596915
        ],
        [
          0.976027,
          0.200562,
          -0.084541,
          6.480043
        ],
        [
          0.111041,
          -0.792917,
          -0.599126,
          1.62007
        ],
        [
          0.0,
          0.0,
          0.0,
          1.0
        ]
      ]
    },
    {
      "file_path": "/media/NFS/ttao/scannet/posed_images/scene0045_01/00083.jpg",
      "transform_matrix": [
        [
          -0.233686,
          0.573661,
          -0.78505,
          6.605478
        ],
        [
          0.966177,
          0.227561,
          -0.121316,
          6.525315
        ],
        [
          0.109053,
          -0.786847,
          -0.607436,
          1.636369
        ],
        [
          0.0,
          0.0,
          0.0,
          1.0
        ]
      ]
    },
    {
      "file_path": "/media/NFS/ttao/scannet/posed_images/scene0045_01/00088.jpg",
      "transform_matrix": [
        [
          -0.272236,
          0.581141,
          -0.766918,
          6.626472
        ],
        [
          0.958779,
          0.231274,
          -0.165092,
          6.578191
        ],
        [
          0.081426,
          -0.780249,
          -0.620147,
          1.650457
        ],
        [
          0.0,
          0.0,
          0.0,
          1.0
        ]
      ]
    },
    {
      "file_path": "/media/NFS/ttao/scannet/posed_images/scene0045_01/00093.jpg",
      "transform_matrix": [
        [
          -0.295206,
          0.579175,
          -0.759875,
          6.66384
        ],
        [
          0.954028,
          0.221807,
          -0.201573,
          6.617559
        ],
        [
          0.0518,
          -0.784448,
          -0.618028,
          1.657888
        ],
        [
          0.0,
          0.0,
          0.0,
          1.0
        ]
      ]
    },
    {
      "file_path": "/media/NFS/ttao/scannet/posed_images/scene0045_01/00100.jpg",
      "transform_matrix": [
        [
          -0.323373,
          0.58145,
          -0.746556,
          6.731787
        ],
        [
          0.944664,
          0.244335,
          -0.218886,
          6.599346
        ],
        [
          0.055139,
          -0.776026,
          -0.628286,
          1.653125
        ],
        [
          0.0,
          0.0,
          0.0,
          1.0
        ]
      ]
    },
    {
      "file_path": "/media/NFS/ttao/scannet/posed_images/scene0045_01/00105.jpg",
      "transform_matrix": [
        [
          -0.33745,
          0.585025,
          -0.737477,
          6.790622
        ],
        [
          0.938623,
          0.268634,
          -0.216388,
          6.576383
        ],
        [
          0.07152,
          -0.765233,
          -0.639768,
          1.640072
        ],
        [
          0.0,
          0.0,
          0.0,
          1.0
        ]
      ]
    },
    {
      "file_path": "/media/NFS/ttao/scannet/posed_images/scene0045_01/00109.jpg",
      "transform_matrix": [
        [
          -0.32252,
          0.604703,
          -0.728227,
          6.845725
        ],
        [
          0.944798,
          0.252614,
          -0.208671,
          6.556489
        ],
        [
          0.057776,
          -0.755328,
          -0.652796,
          1.628114
        ],
        [
          0.0,
          0.0,
          0.0,
          1.0
        ]
      ]
    },
    {
      "file_path": "/media/NFS/ttao/scannet/posed_images/scene0045_01/00119.jpg",
      "transform_matrix": [
        [
          -0.2786,
          0.65264,
          -0.704587,
          6.966197
        ],
        [
          0.959901,
          0.21305,
          -0.182211,
          6.487479
        ],
        [
          0.031194,
          -0.727098,
          -0.685825,
          1.608832
        ],
        [
          0.0,
          0.0,
          0.0,
          1.0
        ]
      ]
    },
    {
      "file_path": "/media/NFS/ttao/scannet/posed_images/scene0045_01/00124.jpg",
      "transform_matrix": [
        [
          -0.275989,
          0.647682,
          -0.710168,
          7.014273
        ],
        [
          0.95988,
          0.22386,
          -0.16887,
          6.453111
        ],
        [
          0.049604,
          -0.728282,
          -0.68348,
          1.606519
        ],
        [
          0.0,
          0.0,
          0.0,
          1.0
        ]
      ]
    },
    {
      "file_path": "/media/NFS/ttao/scannet/posed_images/scene0045_01/00126.jpg",
      "transform_matrix": [
        [
          -0.279436,
          0.638961,
          -0.71669,
          7.030907
        ],
        [
          0.958696,
          0.22694,
          -0.171467,
          6.447351
        ],
        [
          0.053085,
          -0.735002,
          -0.675984,
          1.605358
        ],
        [
          0.0,
          0.0,
          0.0,
          1.0
        ]
      ]
    },
    {
      "file_path": "/media/NFS/ttao/scannet/posed_images/scene0045_01/00134.jpg",
      "transform_matrix": [
        [
          -0.278831,
          0.606745,
          -0.744388,
          7.126257
        ],
        [
          0.958629,
          0.22211,
          -0.17804,
          6.422565
        ],
        [
          0.057311,
          -0.763234,
          -0.643575,
          1.60164
        ],
        [
          0.0,
          0.0,
          0.0,
          1.0
        ]
      ]
    },
    {
      "file_path": "/media/NFS/ttao/scannet/posed_images/scene0045_01/00138.jpg",
      "transform_matrix": [
        [
          -0.282536,
          0.599108,
          -0.749161,
          7.187973
        ],
        [
          0.95747,
          0.223778,
          -0.182141,
          6.409731
        ],
        [
          0.058524,
          -0.768761,
          -0.636853,
          1.585525
        ],
        [
          0.0,
          0.0,
          0.0,
          1.0
        ]
      ]
    },
    {
      "file_path": "/media/NFS/ttao/scannet/posed_images/scene0045_01/00144.jpg",
      "transform_matrix": [
        [
          -0.278239,
          0.643288,
          -0.713277,
          7.266826
        ],
        [
          0.958679,
          0.231848,
          -0.16487,
          6.387475
        ],
        [
          0.059313,
          -0.729676,
          -0.681215,
          1.569877
        ],
        [
          0.0,
          0.0,
          0.0,
          1.0
        ]
      ]
    },
    {
      "file_path": "/media/NFS/ttao/scannet/posed_images/scene0045_01/00151.jpg",
      "transform_matrix": [
        [
          -0.283306,
          0.664184,
          -0.691807,
          7.347076
        ],
        [
          0.956075,
          0.252181,
          -0.149417,
          6.34012
        ],
        [
          0.07522,
          -0.70375,
          -0.706454,
          1.582675
        ],
        [
          0.0,
          0.0,
          0.0,
          1.0
        ]
      ]
    },
    {
      "file_path": "/media/NFS/ttao/scannet/posed_images/scene0045_01/00154.jpg",
      "transform_matrix": [
        [
          -0.288672,
          0.652614,
          -0.700545,
          7.379097
        ],
        [
          0.953771,
          0.25991,
          -0.150891,
          6.32582
        ],
        [
          0.083605,
          -0.711717,
          -0.697473,
          1.579915
        ],
        [
          0.0,
          0.0,
          0.0,
          1.0
        ]
      ]
    },
    {
      "file_path": "/media/NFS/ttao/scannet/posed_images/scene0045_01/00159.jpg",
      "transform_matrix": [
        [
          -0.317774,
          0.636629,
          -0.702654,
          7.425691
        ],
        [
          0.943338,
          0.286975,
          -0.166613,
          6.291951
        ],
        [
          0.095573,
          -0.715785,
          -0.691749,
          1.575899
        ],
        [
          0.0,
          0.0,
          0.0,
          1.0
        ]
      ]
    },
    {
      "file_path": "/media/NFS/ttao/scannet/posed_images/scene0045_01/00168.jpg",
      "transform_matrix": [
        [
          -0.360634,
          0.613201,
          -0.7028,
          7.504378
        ],
        [
          0.929498,
          0.298734,
          -0.216313,
          6.207208
        ],
        [
          0.077307,
          -0.731261,
          -0.677703,
          1.598614
        ],
        [
          0.0,
          0.0,
          0.0,
          1.0
        ]
      ]
    },
    {
      "file_path": "/media/NFS/ttao/scannet/posed_images/scene0045_01/00173.jpg",
      "transform_matrix": [
        [
          -0.324399,
          0.599922,
          -0.73134,
          7.536621
        ],
        [
          0.941094,
          0.282693,
          -0.185544,
          6.161335
        ],
        [
          0.095433,
          -0.74845,
          -0.656289,
          1.597944
        ],
        [
          0.0,
          0.0,
          0.0,
          1.0
        ]
      ]
    },
    {
      "file_path": "/media/NFS/ttao/scannet/posed_images/scene0045_01/00179.jpg",
      "transform_matrix": [
        [
          -0.301712,
          0.584652,
          -0.753094,
          7.543558
        ],
        [
          0.947925,
          0.268483,
          -0.171334,
          6.123721
        ],
        [
          0.102022,
          -0.765571,
          -0.635211,
          1.61107
        ],
        [
          0.0,
          0.0,
          0.0,
          1.0
        ]
      ]
    },
    {
      "file_path": "/media/NFS/ttao/scannet/posed_images/scene0045_01/00181.jpg",
      "transform_matrix": [
        [
          -0.303599,
          0.580588,
          -0.755476,
          7.541155
        ],
        [
          0.947354,
          0.268595,
          -0.174292,
          6.125187
        ],
        [
          0.101725,
          -0.768619,
          -0.631567,
          1.613606
        ],
        [
          0.0,
          0.0,
          0.0,
          1.0
        ]
      ]
    },
    {
      "file_path": "/media/NFS/ttao/scannet/posed_images/scene0045_01/00187.jpg",
      "transform_matrix": [
        [
          -0.30111,
          0.5653,
          -0.767963,
          7.520609
        ],
        [
          0.947918,
          0.265145,
          -0.176494,
          6.080772
        ],
        [
          0.10385,
          -0.78111,
          -0.615696,
          1.612044
        ],
        [
          0.0,
          0.0,
          0.0,
          1.0
        ]
      ]
    },
    {
      "file_path": "/media/NFS/ttao/scannet/posed_images/scene0045_01/00192.jpg",
      "transform_matrix": [
        [
          -0.3315,
          0.55848,
          -0.760399,
          7.481812
        ],
        [
          0.939163,
          0.27213,
          -0.209566,
          6.058816
        ],
        [
          0.089889,
          -0.78361,
          -0.614715,
          1.608899
        ],
        [
          0.0,
          0.0,
          0.0,
          1.0
        ]
      ]
    },
    {
      "file_path": "/media/NFS/ttao/scannet/posed_images/scene0045_01/00199.jpg",
      "transform_matrix": [
        [
          -0.376718,
          0.536631,
          -0.755057,
          7.41105
        ],
        [
          0.922822,
          0.288259,
          -0.255551,
          5.99809
        ],
        [
          0.080516,
          -0.793054,
          -0.603807,
          1.601722
        ],
        [
          0.0,
          0.0,
          0.0,
          1.0
        ]
      ]
    },
    {
      "file_path": "/media/NFS/ttao/scannet/posed_images/scene0045_01/00204.jpg",
      "transform_matrix": [
        [
          -0.375121,
          0.521362,
          -0.766463,
          7.367106
        ],
        [
          0.921299,
          0.301061,
          -0.246114,
          5.926814
        ],
        [
          0.102438,
          -0.798464,
          -0.593264,
          1.607196
        ],
        [
          0.0,
          0.0,
          0.0,
          1.0
        ]
      ]
    },
    {
      "file_path": "/media/NFS/ttao/scannet/posed_images/scene0045_01/00212.jpg",
      "transform_matrix": [
        [
          -0.376284,
          0.471386,
          -0.797624,
          7.337046
        ],
        [
          0.916994,
          0.312513,
          -0.247906,
          5.800494
        ],
        [
          0.132408,
          -0.8247,
          -0.549852,
          1.59418
        ],
        [
          0.0,
          0.0,
          0.0,
          1.0
        ]
      ]
    },
    {
      "file_path": "/media/NFS/ttao/scannet/posed_images/scene0045_01/00216.jpg",
      "transform_matrix": [
        [
          -0.351117,
          0.461962,
          -0.814437,
          7.333996
        ],
        [
          0.928555,
          0.283666,
          -0.239415,
          5.721017
        ],
        [
          0.120427,
          -0.840312,
          -0.528557,
          1.591433
        ],
        [
          0.0,
          0.0,
          0.0,
          1.0
        ]
      ]
    },
    {
      "file_path": "/media/NFS/ttao/scannet/posed_images/scene0045_01/00224.jpg",
      "transform_matrix": [
        [
          -0.315188,
          0.472791,
          -0.822876,
          7.318609
        ],
        [
          0.943605,
          0.248699,
          -0.218538,
          5.569272
        ],
        [
          0.101326,
          -0.845351,
          -0.524514,
          1.593854
        ],
        [
          0.0,
          0.0,
          0.0,
          1.0
        ]
      ]
    },
    {
      "file_path": "/media/NFS/ttao/scannet/posed_images/scene0045_01/00229.jpg",
      "transform_matrix": [
        [
          -0.318031,
          0.470799,
          -0.822924,
          7.296854
        ],
        [
          0.944255,
          0.235181,
          -0.230373,
          5.490446
        ],
        [
          0.085077,
          -0.850317,
          -0.519349,
          1.586093
        ],
        [
          0.0,
          0.0,
          0.0,
          1.0
        ]
      ]
    },
    {
      "file_path": "/media/NFS/ttao/scannet/posed_images/scene0045_01/00232.jpg",
      "transform_matrix": [
        [
          -0.323641,
          0.464935,
          -0.82407,
          7.277701
        ],
        [
          0.941619,
          0.243682,
          -0.232323,
          5.438328
        ],
        [
          0.092796,
          -0.851149,
          -0.516657,
          1.575464
        ],
        [
          0.0,
          0.0,
          0.0,
          1.0
        ]
      ]
    },
    {
      "file_path": "/media/NFS/ttao/scannet/posed_images/scene0045_01/00237.jpg",
      "transform_matrix": [
        [
          -0.353569,
          0.466734,
          -0.810647,
          7.233212
        ],
        [
          0.933285,
          0.234375,
          -0.272115,
          5.383956
        ],
        [
          0.06299,
          -0.852776,
          -0.518464,
          1.547967
        ],
        [
          0.0,
          0.0,
          0.0,
          1.0
        ]
      ]
    },
    {
      "file_path": "/media/NFS/ttao/scannet/posed_images/scene0045_01/00244.jpg",
      "transform_matrix": [
        [
          -0.396908,
          0.520352,
          -0.756107,
          7.176869
        ],
        [
          0.917069,
          0.258986,
          -0.303169,
          5.260836
        ],
        [
          0.038067,
          -0.813732,
          -0.579992,
          1.521031
        ],
        [
          0.0,
          0.0,
          0.0,
          1.0
        ]
      ]
    },
    {
      "file_path": "/media/NFS/ttao/scannet/posed_images/scene0045_01/00252.jpg",
      "transform_matrix": [
        [
          -0.431749,
          0.546329,
          -0.717716,
          7.144751
        ],
        [
          0.900356,
          0.308958,
          -0.306437,
          5.117907
        ],
        [
          0.054329,
          -0.778505,
          -0.625283,
          1.497993
        ],
        [
          0.0,
          0.0,
          0.0,
          1.0
        ]
      ]
    },
    {
      "file_path": "/media/NFS/ttao/scannet/posed_images/scene0045_01/00254.jpg",
      "transform_matrix": [
        [
          -0.429442,
          0.549137,
          -0.716957,
          7.139855
        ],
        [
          0.901162,
          0.312481,
          -0.300438,
          5.087411
        ],
        [
          0.059054,
          -0.775115,
          -0.629054,
          1.493966
        ],
        [
          0.0,
          0.0,
          0.0,
          1.0
        ]
      ]
    },
    {
      "file_path": "/media/NFS/ttao/scannet/posed_images/scene0045_01/00262.jpg",
      "transform_matrix": [
        [
          -0.400668,
          0.550344,
          -0.732521,
          7.153062
        ],
        [
          0.914914,
          0.28306,
          -0.287768,
          4.918014
        ],
        [
          0.048976,
          -0.785492,
          -0.61693,
          1.491475
        ],
        [
          0.0,
          0.0,
          0.0,
          1.0
        ]
      ]
    },
    {
      "file_path": "/media/NFS/ttao/scannet/posed_images/scene0045_01/00267.jpg",
      "transform_matrix": [
        [
          -0.431078,
          0.532723,
          -0.72827,
          7.150177
        ],
        [
          0.902024,
          0.274905,
          -0.332836,
          4.838932
        ],
        [
          0.022896,
          -0.800395,
          -0.599035,
          1.498561
        ],
        [
          0.0,
          0.0,
          0.0,
          1.0
        ]
      ]
    },
    {
      "file_path": "/media/NFS/ttao/scannet/posed_images/scene0045_01/00272.jpg",
      "transform_matrix": [
        [
          -0.458055,
          0.498446,
          -0.736028,
          7.149765
        ],
        [
          0.888781,
          0.271632,
          -0.369166,
          4.761174
        ],
        [
          0.01592,
          -0.823267,
          -0.567432,
          1.479392
        ],
        [
          0.0,
          0.0,
          0.0,
          1.0
        ]
      ]
    },
    {
      "file_path": "/media/NFS/ttao/scannet/posed_images/scene0045_01/00275.jpg",
      "transform_matrix": [
        [
          -0.471768,
          0.491725,
          -0.731875,
          7.131251
        ],
        [
          0.881677,
          0.271541,
          -0.385891,
          4.711658
        ],
        [
          0.008982,
          -0.827328,
          -0.561647,
          1.479302
        ],
        [
          0.0,
          0.0,
          0.0,
          1.0
        ]
      ]
    },
    {
      "file_path": "/media/NFS/ttao/scannet/posed_images/scene0045_01/00282.jpg",
      "transform_matrix": [
        [
          -0.529899,
          0.449839,
          -0.718923,
          7.096218
        ],
        [
          0.847459,
          0.24895,
          -0.468868,
          4.627546
        ],
        [
          -0.031939,
          -0.857711,
          -0.513139,
          1.459235
        ],
        [
          0.0,
          0.0,
          0.0,
          1.0
        ]
      ]
    },
    {
      "file_path": "/media/NFS/ttao/scannet/posed_images/scene0045_01/00290.jpg",
      "transform_matrix": [
        [
          -0.561907,
          0.415327,
          -0.715376,
          7.0488
        ],
        [
          0.826657,
          0.250606,
          -0.50382,
          4.512088
        ],
        [
          -0.029972,
          -0.874471,
          -0.48415,
          1.469312
        ],
        [
          0.0,
          0.0,
          0.0,
          1.0
        ]
      ]
    },
    {
      "file_path": "/media/NFS/ttao/scannet/posed_images/scene0045_01/00295.jpg",
      "transform_matrix": [
        [
          -0.557019,
          0.393761,
          -0.731219,
          7.034031
        ],
        [
          0.830319,
          0.245653,
          -0.500226,
          4.427104
        ],
        [
          -0.017343,
          -0.88578,
          -0.463781,
          1.462748
        ],
        [
          0.0,
          0.0,
          0.0,
          1.0
        ]
      ]
    },
    {
      "file_path": "/media/NFS/ttao/scannet/posed_images/scene0045_01/00300.jpg",
      "transform_matrix": [
        [
          -0.51049,
          0.380808,
          -0.770963,
          7.036436
        ],
        [
          0.859803,
          0.213763,
          -0.463729,
          4.335152
        ],
        [
          -0.011789,
          -0.899606,
          -0.436544,
          1.456668
        ],
        [
          0.0,
          0.0,
          0.0,
          1.0
        ]
      ]
    },
    {
      "file_path": "/media/NFS/ttao/scannet/posed_images/scene0045_01/00305.jpg",
      "transform_matrix": [
        [
          -0.461423,
          0.381852,
          -0.800798,
          7.044163
        ],
        [
          0.887137,
          0.189708,
          -0.420712,
          4.22166
        ],
        [
          -0.008732,
          -0.904544,
          -0.426291,
          1.46475
        ],
        [
          0.0,
          0.0,
          0.0,
          1.0
        ]
      ]
    },
    {
      "file_path": "/media/NFS/ttao/scannet/posed_images/scene0045_01/00309.jpg",
      "transform_matrix": [
        [
          -0.476596,
          0.376216,
          -0.794555,
          7.058027
        ],
        [
          0.878872,
          0.18231,
          -0.440849,
          4.138869
        ],
        [
          -0.020999,
          -0.908419,
          -0.417534,
          1.466497
        ],
        [
          0.0,
          0.0,
          0.0,
          1.0
        ]
      ]
    },
    {
      "file_path": "/media/NFS/ttao/scannet/posed_images/scene0045_01/00317.jpg",
      "transform_matrix": [
        [
          -0.502532,
          0.376197,
          -0.77842,
          7.053599
        ],
        [
          0.864528,
          0.211099,
          -0.456101,
          4.006688
        ],
        [
          -0.00726,
          -0.902171,
          -0.431317,
          1.451486
        ],
        [
          0.0,
          0.0,
          0.0,
          1.0
        ]
      ]
    },
    {
      "file_path": "/media/NFS/ttao/scannet/posed_images/scene0045_01/00320.jpg",
      "transform_matrix": [
        [
          -0.494197,
          0.370461,
          -0.786465,
          7.063769
        ],
        [
          0.869314,
          0.218764,
          -0.44321,
          3.934175
        ],
        [
          0.007858,
          -0.902718,
          -0.43016,
          1.428651
        ],
        [
          0.0,
          0.0,
          0.0,
          1.0
        ]
      ]
    },
    {
      "file_path": "/media/NFS/ttao/scannet/posed_images/scene0045_01/00327.jpg",
      "transform_matrix": [
        [
          -0.459035,
          0.392919,
          -0.796807,
          7.032887
        ],
        [
          0.888404,
          0.208049,
          -0.409211,
          3.78329
        ],
        [
          0.004988,
          -0.895729,
          -0.444573,
          1.414843
        ],
        [
          0.0,
          0.0,
          0.0,
          1.0
        ]
      ]
    },
    {
      "file_path": "/media/NFS/ttao/scannet/posed_images/scene0045_01/00330.jpg",
      "transform_matrix": [
        [
          -0.452691,
          0.401516,
          -0.796151,
          7.020368
        ],
        [
          0.891641,
          0.210637,
          -0.400759,
          3.719468
        ],
        [
          0.006788,
          -0.891301,
          -0.453361,
          1.421025
        ],
        [
          0.0,
          0.0,
          0.0,
          1.0
        ]
      ]
    },
    {
      "file_path": "/media/NFS/ttao/scannet/posed_images/scene0045_01/00338.jpg",
      "transform_matrix": [
        [
          -0.407677,
          0.406502,
          -0.817652,
          7.028534
        ],
        [
          0.91258,
          0.212361,
          -0.34943,
          3.555382
        ],
        [
          0.031593,
          -0.888628,
          -0.45754,
          1.41797
        ],
        [
          0.0,
          0.0,
          0.0,
          1.0
        ]
      ]
    },
    {
      "file_path": "/media/NFS/ttao/scannet/posed_images/scene0045_01/00343.jpg",
      "transform_matrix": [
        [
          -0.34941,
          0.427926,
          -0.833542,
          7.051382
        ],
        [
          0.936523,
          0.18698,
          -0.296587,
          3.448554
        ],
        [
          0.028938,
          -0.884261,
          -0.466095,
          1.418745
        ],
        [
          0.0,
          0.0,
          0.0,
          1.0
        ]
      ]
    },
    {
      "file_path": "/media/NFS/ttao/scannet/posed_images/scene0045_01/00350.jpg",
      "transform_matrix": [
        [
          -0.315716,
          0.465483,
          -0.826831,
          7.103184
        ],
        [
          0.948574,
          0.175999,
          -0.26312,
          3.307597
        ],
        [
          0.023044,
          -0.867381,
          -0.49711,
          1.416135
        ],
        [
          0.0,
          0.0,
          0.0,
          1.0
        ]
      ]
    },
    {
      "file_path": "/media/NFS/ttao/scannet/posed_images/scene0045_01/00357.jpg",
      "transform_matrix": [
        [
          -0.302371,
          0.524974,
          -0.795596,
          7.128239
        ],
        [
          0.952519,
          0.197736,
          -0.231535,
          3.167061
        ],
        [
          0.035768,
          -0.82783,
          -0.559837,
          1.380678
        ],
        [
          0.0,
          0.0,
          0.0,
          1.0
        ]
      ]
    },
    {
      "file_path": "/media/NFS/ttao/scannet/posed_images/scene0045_01/00362.jpg",
      "transform_matrix": [
        [
          -0.256155,
          0.544531,
          -0.798668,
          7.135097
        ],
        [
          0.965081,
          0.190907,
          -0.179368,
          3.07185
        ],
        [
          0.0548,
          -0.816726,
          -0.574418,
          1.363663
        ],
        [
          0.0,
          0.0,
          0.0,
          1.0
        ]
      ]
    },
    {
      "file_path": "/media/NFS/ttao/scannet/posed_images/scene0045_01/00363.jpg",
      "transform_matrix": [
        [
          -0.24462,
          0.549362,
          -0.798976,
          7.13402
        ],
        [
          0.968114,
          0.184278,
          -0.169698,
          3.05781
        ],
        [
          0.054008,
          -0.815011,
          -0.576923,
          1.361281
        ],
        [
          0.0,
          0.0,
          0.0,
          1.0
        ]
      ]
    },
    {
      "file_path": "/media/NFS/ttao/scannet/posed_images/scene0045_01/00373.jpg",
      "transform_matrix": [
        [
          -0.13116,
          0.605232,
          -0.78517,
          7.133803
        ],
        [
          0.989922,
          0.122625,
          -0.07084,
          2.893712
        ],
        [
          0.053407,
          -0.786548,
          -0.615215,
          1.350996
        ],
        [
          0.0,
          0.0,
          0.0,
          1.0
        ]
      ]
    },
    {
      "file_path": "/media/NFS/ttao/scannet/posed_images/scene0045_01/00377.jpg",
      "transform_matrix": [
        [
          -0.124526,
          0.614236,
          -0.779235,
          7.146661
        ],
        [
          0.990883,
          0.11769,
          -0.065579,
          2.83254
        ],
        [
          0.051427,
          -0.780297,
          -0.623291,
          1.352615
        ],
        [
          0.0,
          0.0,
          0.0,
          1.0
        ]
      ]
    },
    {
      "file_path": "/media/NFS/ttao/scannet/posed_images/scene0045_01/00382.jpg",
      "transform_matrix": [
        [
          -0.061939,
          0.630166,
          -0.773986,
          7.183703
        ],
        [
          0.997416,
          0.067371,
          -0.024967,
          2.746831
        ],
        [
          0.036411,
          -0.773532,
          -0.63271,
          1.351643
        ],
        [
          0.0,
          0.0,
          0.0,
          1.0
        ]
      ]
    },
    {
      "file_path": "/media/NFS/ttao/scannet/posed_images/scene0045_01/00388.jpg",
      "transform_matrix": [
        [
          -0.032077,
          0.643388,
          -0.764868,
          7.241157
        ],
        [
          0.999395,
          0.030939,
          -0.015887,
          2.657553
        ],
        [
          0.013443,
          -0.764915,
          -0.643991,
          1.362554
        ],
        [
          0.0,
          0.0,
          0.0,
          1.0
        ]
      ]
    },
    {
      "file_path": "/media/NFS/ttao/scannet/posed_images/scene0045_01/00392.jpg",
      "transform_matrix": [
        [
          -0.027079,
          0.652384,
          -0.757405,
          7.262072
        ],
        [
          0.999208,
          0.039768,
          -0.001471,
          2.595418
        ],
        [
          0.029161,
          -0.756845,
          -0.652944,
          1.369071
        ],
        [
          0.0,
          0.0,
          0.0,
          1.0
        ]
      ]
    },
    {
      "file_path": "/media/NFS/ttao/scannet/posed_images/scene0045_01/00400.jpg",
      "transform_matrix": [
        [
          0.055806,
          0.641209,
          -0.765335,
          7.255134
        ],
        [
          0.995957,
          0.01829,
          0.087946,
          2.490277
        ],
        [
          0.07039,
          -0.767149,
          -0.637596,
          1.363343
        ],
        [
          0.0,
          0.0,
          0.0,
          1.0
        ]
      ]
    },
    {
      "file_path": "/media/NFS/ttao/scannet/posed_images/scene0045_01/00403.jpg",
      "transform_matrix": [
        [
          0.072675,
          0.628226,
          -0.774629,
          7.244858
        ],
        [
          0.99527,
          0.004518,
          0.097039,
          2.455566
        ],
        [
          0.064462,
          -0.778018,
          -0.624926,
          1.359805
        ],
        [
          0.0,
          0.0,
          0.0,
          1.0
        ]
      ]
    },
    {
      "file_path": "/media/NFS/ttao/scannet/posed_images/scene0045_01/00408.jpg",
      "transform_matrix": [
        [
          0.106675,
          0.617667,
          -0.779171,
          7.216182
        ],
        [
          0.992699,
          -0.021787,
          0.118638,
          2.383733
        ],
        [
          0.056303,
          -0.786138,
          -0.615481,
          1.357644
        ],
        [
          0.0,
          0.0,
          0.0,
          1.0
        ]
      ]
    },
    {
      "file_path": "/media/NFS/ttao/scannet/posed_images/scene0045_01/00413.jpg",
      "transform_matrix": [
        [
          0.164683,
          0.592751,
          -0.788369,
          7.186634
        ],
        [
          0.985333,
          -0.062631,
          0.158737,
          2.328169
        ],
        [
          0.044715,
          -0.802947,
          -0.594371,
          1.384522
        ],
        [
          0.0,
          0.0,
          0.0,
          1.0
        ]
      ]
    },
    {
      "file_path": "/media/NFS/ttao/scannet/posed_images/scene0045_01/00423.jpg",
      "transform_matrix": [
        [
          0.298794,
          0.54062,
          -0.786417,
          7.162729
        ],
        [
          0.952866,
          -0.123573,
          0.277085,
          2.241325
        ],
        [
          0.052618,
          -0.832141,
          -0.552061,
          1.402727
        ],
        [
          0.0,
          0.0,
          0.0,
          1.0
        ]
      ]
    },
    {
      "file_path": "/media/NFS/ttao/scannet/posed_images/scene0045_01/00428.jpg",
      "transform_matrix": [
        [
          0.350766,
          0.51497,
          -0.782157,
          7.157198
        ],
        [
          0.935627,
          -0.157427,
          0.315942,
          2.185588
        ],
        [
          0.039568,
          -0.842629,
          -0.537039,
          1.421584
        ],
        [
          0.0,
          0.0,
