{
  "frames": [
    {
      "file_path": "/media/NFS/ttao/scannet/posed_images/scene0480_00/00002.jpg",
      "transform_matrix": [
        [
          -0.086378,
          0.327571,
          -0.94087,
          5.178981
        ],
        [
          0.991841,
          -0.060605,
          -0.112158,
          2.675701
        ],
        [
          -0.093761,
          -0.942881,
          -0.319663,
          1.273465
        ],
        [
          0.0,
          0.0,
          0.0,
          1.0
        ]
      ]
    },
    {
      "file_path": "/media/NFS/ttao/scannet/posed_images/scene0480_00/00003.jpg",
      "transform_matrix": [
        [
          -0.084419,
          0.328054,
          -0.94088,
          5.175915
        ],
        [
          0.992144,
          -0.059814,
          -0.109874,
          2.672004
        ],
        [
          -0.092322,
          -0.942764,
          -0.320427,
          1.272658
        ],
        [
          0.0,
          0.0,
          0.0,
          1.0
        ]
      ]
    },
    {
      "file_path": "/media/NFS/ttao/scannet/posed_images/scene0480_00/00008.jpg",
      "transform_matrix": [
        [
          -0.056018,
          0.345536,
          -0.936732,
          5.156773
        ],
        [
          0.995635,
          -0.050813,
          -0.078284,
          2.649713
        ],
        [
          -0.074649,
          -0.937028,
          -0.341182,
          1.280198
        ],
        [
          0.0,
          0.0,
          0.0,
          1.0
        ]
      ]
    },
    {
      "file_path": "/media/NFS/ttao/scannet/posed_images/scene0480_00/00011.jpg",
      "transform_matrix": [
        [
          -0.046673,
          0.343526,
          -0.937983,
          5.146659
        ],
        [
          0.995977,
          -0.055901,
          -0.070031,
          2.641578
        ],
        [
          -0.076491,
          -0.937478,
          -0.339535,
          1.291572
        ],
        [
          0.0,
          0.0,
          0.0,
          1.0
        ]
      ]
    },
    {
      "file_path": "/media/NFS/ttao/scannet/posed_images/scene0480_00/00013.jpg",
      "transform_matrix": [
        [
          -0.044012,
          0.341801,
          -0.938741,
          5.142784
        ],
        [
          0.995892,
          -0.059423,
          -0.068328,
          2.6338
        ],
        [
          -0.079137,
          -0.937892,
          -0.337781,
          1.290185
        ],
        [
          0.0,
          0.0,
          0.0,
          1.0
        ]
      ]
    },
    {
      "file_path": "/media/NFS/ttao/scannet/posed_images/scene0480_00/00016.jpg",
      "transform_matrix": [
        [
          -0.031647,
          0.347003,
          -0.93733,
          5.132267
        ],
        [
          0.996446,
          -0.062289,
          -0.056703,
          2.620176
        ],
        [
          -0.078061,
          -0.935793,
          -0.343798,
          1.291882
        ],
        [
          0.0,
          0.0,
          0.0,
          1.0
        ]
      ]
    },
    {
      "file_path": "/media/NFS/ttao/scannet/posed_images/scene0480_00/00018.jpg",
      "transform_matrix": [
        [
          -0.03447,
          0.348666,
          -0.936613,
          5.124369
        ],
        [
          0.996019,
          -0.065104,
          -0.060892,
          2.612777
        ],
        [
          -0.082208,
          -0.934983,
          -0.345034,
          1.290428
        ],
        [
          0.0,
          0.0,
          0.0,
          1.0
        ]
      ]
    },
    {
      "file_path": "/media/NFS/ttao/scannet/posed_images/scene0480_00/00021.jpg",
      "transform_matrix": [
        [
          -0.066909,
          0.360531,
          -0.930344,
          5.109288
        ],
        [
          0.992912,
          -0.06774,
          -0.097659,
          2.597005
        ],
        [
          -0.09823,
          -0.930284,
          -0.353443,
          1.288093
        ],
        [
          0.0,
          0.0,
          0.0,
          1.0
        ]
      ]
    },
    {
      "file_path": "/media/NFS/ttao/scannet/posed_images/scene0480_00/00027.jpg",
      "transform_matrix": [
        [
          -0.134824,
          0.332135,
          -0.933546,
          5.062171
        ],
        [
          0.98463,
          -0.060655,
          -0.163781,
          2.590572
        ],
        [
          -0.111022,
          -0.94128,
          -0.318853,
          1.299697
        ],
        [
          0.0,
          0.0,
          0.0,
          1.0
        ]
      ]
    },
    {
      "file_path": "/media/NFS/ttao/scannet/posed_images/scene0480_00/00028.jpg",
      "transform_matrix": [
        [
          -0.1314,
          0.326879,
          -0.935887,
          5.05745
        ],
        [
          0.985447,
          -0.059629,
          -0.159185,
          2.585513
        ],
        [
          -0.10784,
          -0.943183,
          -0.314286,
          1.302031
        ],
        [
          0.0,
          0.0,
          0.0,
          1.0
        ]
      ]
    },
    {
      "file_path": "/media/NFS/ttao/scannet/posed_images/scene0480_00/00033.jpg",
      "transform_matrix": [
        [
          -0.060681,
          0.303976,
          -0.950745,
          5.043835
        ],
        [
          0.99352,
          -0.073316,
          -0.086852,
          2.547031
        ],
        [
          -0.096105,
          -0.949854,
          -0.297557,
          1.303261
        ],
        [
          0.0,
          0.0,
          0.0,
          1.0
        ]
      ]
    },
    {
      "file_path": "/media/NFS/ttao/scannet/posed_images/scene0480_00/00036.jpg",
      "transform_matrix": [
        [
          -0.030659,
          0.296512,
          -0.954537,
          5.034923
        ],
        [
          0.995498,
          -0.076634,
          -0.055779,
          2.533224
        ],
        [
          -0.089689,
          -0.951949,
          -0.292828,
          1.307062
        ],
        [
          0.0,
          0.0,
          0.0,
          1.0
        ]
      ]
    },
    {
      "file_path": "/media/NFS/ttao/scannet/posed_images/scene0480_00/00038.jpg",
      "transform_matrix": [
        [
          -0.01316,
          0.292119,
          -0.956291,
          5.025158
        ],
        [
          0.995969,
          -0.081036,
          -0.03846,
          2.524746
        ],
        [
          -0.088729,
          -0.952943,
          -0.289875,
          1.309117
        ],
        [
          0.0,
          0.0,
          0.0,
          1.0
        ]
      ]
    },
    {
      "file_path": "/media/NFS/ttao/scannet/posed_images/scene0480_00/00042.jpg",
      "transform_matrix": [
        [
          0.003541,
          0.269786,
          -0.962914,
          5.005193
        ],
        [
          0.995138,
          -0.095729,
          -0.023162,
          2.518609
        ],
        [
          -0.098427,
          -0.95815,
          -0.268813,
          1.310489
        ],
        [
          0.0,
          0.0,
          0.0,
          1.0
        ]
      ]
    },
    {
      "file_path": "/media/NFS/ttao/scannet/posed_images/scene0480_00/00045.jpg",
      "transform_matrix": [
        [
          0.000991,
          0.257203,
          -0.966357,
          4.987029
        ],
        [
          0.994569,
          -0.10083,
          -0.025817,
          2.521851
        ],
        [
          -0.104078,
          -0.961083,
          -0.255906,
          1.309722
        ],
        [
          0.0,
          0.0,
          0.0,
          1.0
        ]
      ]
    },
    {
      "file_path": "/media/NFS/ttao/scannet/posed_images/scene0480_00/00046.jpg",
      "transform_matrix": [
        [
          0.00102,
          0.256603,
          -0.966516,
          4.981895
        ],
        [
          0.994439,
          -0.102046,
          -0.026043,
          2.523098
        ],
        [
          -0.105312,
          -0.961115,
          -0.25528,
          1.307065
        ],
        [
          0.0,
          0.0,
          0.0,
          1.0
        ]
      ]
    },
    {
      "file_path": "/media/NFS/ttao/scannet/posed_images/scene0480_00/00049.jpg",
      "transform_matrix": [
        [
          0.001512,
          0.262435,
          -0.964948,
          4.958123
        ],
        [
          0.993391,
          -0.11114,
          -0.02867,
          2.531371
        ],
        [
          -0.114768,
          -0.958528,
          -0.260869,
          1.307882
        ],
        [
          0.0,
          0.0,
          0.0,
          1.0
        ]
      ]
    },
    {
      "file_path": "/media/NFS/ttao/scannet/posed_images/scene0480_00/00054.jpg",
      "transform_matrix": [
        [
          -0.008287,
          0.24959,
          -0.968316,
          4.907765
        ],
        [
          0.990227,
          -0.132771,
          -0.042697,
          2.560975
        ],
        [
          -0.139221,
          -0.959206,
          -0.24605,
          1.314156
        ],
        [
          0.0,
          0.0,
          0.0,
          1.0
        ]
      ]
    },
    {
      "file_path": "/media/NFS/ttao/scannet/posed_images/scene0480_00/00056.jpg",
      "transform_matrix": [
        [
          -0.018894,
          0.241165,
          -0.9703,
          4.890497
        ],
        [
          0.988594,
          -0.140521,
          -0.054177,
          2.570913
        ],
        [
          -0.149413,
          -0.960257,
          -0.235759,
          1.317767
        ],
        [
          0.0,
          0.0,
          0.0,
          1.0
        ]
      ]
    },
    {
      "file_path": "/media/NFS/ttao/scannet/posed_images/scene0480_00/00060.jpg",
      "transform_matrix": [
        [
          -0.042275,
          0.22248,
          -0.97402,
          4.863142
        ],
        [
          0.98437,
          -0.157548,
          -0.078711,
          2.607662
        ],
        [
          -0.170966,
          -0.962123,
          -0.212342,
          1.31674
        ],
        [
          0.0,
          0.0,
          0.0,
          1.0
        ]
      ]
    },
    {
      "file_path": "/media/NFS/ttao/scannet/posed_images/scene0480_00/00062.jpg",
      "transform_matrix": [
        [
          -0.035984,
          0.221522,
          -0.974491,
          4.845878
        ],
        [
          0.986316,
          -0.149121,
          -0.070319,
          2.595464
        ],
        [
          -0.160894,
          -0.963686,
          -0.213124,
          1.317321
        ],
        [
          0.0,
          0.0,
          0.0,
          1.0
        ]
      ]
    },
    {
      "file_path": "/media/NFS/ttao/scannet/posed_images/scene0480_00/00065.jpg",
      "transform_matrix": [
        [
          -0.034049,
          0.221025,
          -0.974674,
          4.824606
        ],
        [
          0.987334,
          -0.143773,
          -0.067095,
          2.612434
        ],
        [
          -0.154962,
          -0.964612,
          -0.21333,
          1.308411
        ],
        [
          0.0,
          0.0,
          0.0,
          1.0
        ]
      ]
    },
    {
      "file_path": "/media/NFS/ttao/scannet/posed_images/scene0480_00/00070.jpg",
      "transform_matrix": [
        [
          0.006115,
          0.280014,
          -0.959976,
          4.793926
        ],
        [
          0.99107,
          -0.129571,
          -0.031482,
          2.615558
        ],
        [
          -0.133201,
          -0.951211,
          -0.278306,
          1.296858
        ],
        [
          0.0,
          0.0,
          0.0,
          1.0
        ]
      ]
    },
    {
      "file_path": "/media/NFS/ttao/scannet/posed_images/scene0480_00/00073.jpg",
      "transform_matrix": [
        [
          0.015623,
          0.273023,
          -0.961881,
          4.775688
        ],
        [
          0.990395,
          -0.136406,
          -0.022632,
          2.623266
        ],
        [
          -0.137385,
          -0.952288,
          -0.272532,
          1.293539
        ],
        [
          0.0,
          0.0,
          0.0,
          1.0
        ]
      ]
    },
    {
      "file_path": "/media/NFS/ttao/scannet/posed_images/scene0480_00/00074.jpg",
      "transform_matrix": [
        [
          0.020606,
          0.277758,
          -0.96043,
          4.771172
        ],
        [
          0.991092,
          -0.132097,
          -0.016939,
          2.622105
        ],
        [
          -0.131575,
          -0.951526,
          -0.278006,
          1.288585
        ],
        [
          0.0,
          0.0,
          0.0,
          1.0
        ]
      ]
    },
    {
      "file_path": "/media/NFS/ttao/scannet/posed_images/scene0480_00/00079.jpg",
      "transform_matrix": [
        [
          0.06709,
          0.313902,
          -0.947082,
          4.734797
        ],
        [
          0.991772,
          -0.124706,
          0.028923,
          2.614804
        ],
        [
          -0.109028,
          -0.94123,
          -0.319686,
          1.294236
        ],
        [
          0.0,
          0.0,
          0.0,
          1.0
        ]
      ]
    },
    {
      "file_path": "/media/NFS/ttao/scannet/posed_images/scene0480_00/00081.jpg",
      "transform_matrix": [
        [
          0.087044,
          0.313554,
          -0.945572,
          4.723274
        ],
        [
          0.991297,
          -0.121357,
          0.051011,
          2.613958
        ],
        [
          -0.098757,
          -0.941783,
          -0.321389,
          1.285885
        ],
        [
          0.0,
          0.0,
          0.0,
          1.0
        ]
      ]
    },
    {
      "file_path": "/media/NFS/ttao/scannet/posed_images/scene0480_00/00084.jpg",
      "transform_matrix": [
        [
          0.125017,
          0.324494,
          -0.93759,
          4.702757
        ],
        [
          0.988663,
          -0.119952,
          0.090312,
          2.592143
        ],
        [
          -0.083159,
          -0.938251,
          -0.335811,
          1.283531
        ],
        [
          0.0,
          0.0,
          0.0,
          1.0
        ]
      ]
    },
    {
      "file_path": "/media/NFS/ttao/scannet/posed_images/scene0480_00/00087.jpg",
      "transform_matrix": [
        [
          0.167214,
          0.332914,
          -0.928013,
          4.673638
        ],
        [
          0.983158,
          -0.126717,
          0.131692,
          2.575668
        ],
        [
          -0.073753,
          -0.934404,
          -0.348496,
          1.280669
        ],
        [
          0.0,
          0.0,
          0.0,
          1.0
        ]
      ]
    },
    {
      "file_path": "/media/NFS/ttao/scannet/posed_images/scene0480_00/00092.jpg",
      "transform_matrix": [
        [
          0.224498,
          0.342553,
          -0.912282,
          4.6188
        ],
        [
          0.971401,
          -0.152966,
          0.181609,
          2.543777
        ],
        [
          -0.077338,
          -0.926962,
          -0.367097,
          1.280299
        ],
        [
          0.0,
          0.0,
          0.0,
          1.0
        ]
      ]
    },
    {
      "file_path": "/media/NFS/ttao/scannet/posed_images/scene0480_00/00094.jpg",
      "transform_matrix": [
        [
          0.243352,
          0.337724,
          -0.909242,
          4.599266
        ],
        [
          0.966145,
          -0.167224,
          0.196469,
          2.528593
        ],
        [
          -0.085695,
          -0.926271,
          -0.366985,
          1.281788
        ],
        [
          0.0,
          0.0,
          0.0,
          1.0
        ]
      ]
    },
    {
      "file_path": "/media/NFS/ttao/scannet/posed_images/scene0480_00/00097.jpg",
      "transform_matrix": [
        [
          0.265612,
          0.336251,
          -0.903541,
          4.572287
        ],
        [
          0.959693,
          -0.181523,
          0.214565,
          2.507496
        ],
        [
          -0.091866,
          -0.924113,
          -0.370912,
          1.276069
        ],
        [
          0.0,
          0.0,
          0.0,
          1.0
        ]
      ]
    },
    {
      "file_path": "/media/NFS/ttao/scannet/posed_images/scene0480_00/00100.jpg",
      "transform_matrix": [
        [
          0.283308,
          0.336127,
          -0.898195,
          4.547386
        ],
        [
          0.95382,
          -0.196242,
          0.227415,
          2.49039
        ],
        [
          -0.099823,
          -0.921145,
          -0.376202,
          1.271948
        ],
        [
          0.0,
          0.0,
          0.0,
          1.0
        ]
      ]
    },
    {
      "file_path": "/media/NFS/ttao/scannet/posed_images/scene0480_00/00103.jpg",
      "transform_matrix": [
        [
          0.291846,
          0.328838,
          -0.89816,
          4.522309
        ],
        [
          0.949163,
          -0.21539,
          0.229559,
          2.476149
        ],
        [
          -0.117967,
          -0.919496,
          -0.374982,
          1.271414
        ],
        [
          0.0,
          0.0,
          0.0,
          1.0
        ]
      ]
    },
    {
      "file_path": "/media/NFS/ttao/scannet/posed_images/scene0480_00/00105.jpg",
      "transform_matrix": [
        [
          0.305573,
          0.323618,
          -0.895487,
          4.509416
        ],
        [
          0.943936,
          -0.226368,
          0.240299,
          2.471926
        ],
        [
          -0.124944,
          -0.918711,
          -0.374646,
          1.263721
        ],
        [
          0.0,
          0.0,
          0.0,
          1.0
        ]
      ]
    },
    {
      "file_path": "/media/NFS/ttao/scannet/posed_images/scene0480_00/00111.jpg",
      "transform_matrix": [
        [
          0.372267,
          0.355676,
          -0.85727,
          4.451625
        ],
        [
          0.923694,
          -0.232131,
          0.304802,
          2.463311
        ],
        [
          -0.090589,
          -0.905323,
          -0.41495,
          1.254946
        ],
        [
          0.0,
          0.0,
          0.0,
          1.0
        ]
      ]
    },
    {
      "file_path": "/media/NFS/ttao/scannet/posed_images/scene0480_00/00112.jpg",
      "transform_matrix": [
        [
          0.38057,
          0.358293,
          -0.852521,
          4.441922
        ],
        [
          0.920828,
          -0.231662,
          0.313701,
          2.463675
        ],
        [
          -0.0851,
          -0.904411,
          -0.41809,
          1.252838
        ],
        [
          0.0,
          0.0,
          0.0,
          1.0
        ]
      ]
    },
    {
      "file_path": "/media/NFS/ttao/scannet/posed_images/scene0480_00/00116.jpg",
      "transform_matrix": [
        [
          0.412879,
          0.357625,
          -0.837637,
          4.396883
        ],
        [
          0.907432,
          -0.240376,
          0.344654,
          2.467314
        ],
        [
          -0.078091,
          -0.902399,
          -0.423767,
          1.245131
        ],
        [
          0.0,
          0.0,
          0.0,
          1.0
        ]
      ]
    },
    {
      "file_path": "/media/NFS/ttao/scannet/posed_images/scene0480_00/00120.jpg",
      "transform_matrix": [
        [
          0.402366,
          0.371972,
          -0.836504,
          4.349975
        ],
        [
          0.911124,
          -0.251729,
          0.326322,
          2.496818
        ],
        [
          -0.089189,
          -0.893459,
          -0.4402,
          1.244133
        ],
        [
          0.0,
          0.0,
          0.0,
          1.0
        ]
      ]
    },
    {
      "file_path": "/media/NFS/ttao/scannet/posed_images/scene0480_00/00121.jpg",
      "transform_matrix": [
        [
          0.406719,
          0.368528,
          -0.835923,
          4.343726
        ],
        [
          0.90846,
          -0.259645,
          0.327544,
          2.503306
        ],
        [
          -0.096334,
          -0.892621,
          -0.440396,
          1.237998
        ],
        [
          0.0,
          0.0,
          0.0,
          1.0
        ]
      ]
    },
    {
      "file_path": "/media/NFS/ttao/scannet/posed_images/scene0480_00/00125.jpg",
      "transform_matrix": [
        [
          0.438038,
          0.40075,
          -0.804687,
          4.290035
        ],
        [
          0.895073,
          -0.277538,
          0.349022,
          2.527034
        ],
        [
          -0.08346,
          -0.873139,
          -0.480273,
          1.241711
        ],
        [
          0.0,
          0.0,
          0.0,
          1.0
        ]
      ]
    },
    {
      "file_path": "/media/NFS/ttao/scannet/posed_images/scene0480_00/00129.jpg",
      "transform_matrix": [
        [
          0.477417,
          0.372261,
          -0.795924,
          4.244512
        ],
        [
          0.874451,
          -0.290021,
          0.388874,
          2.549513
        ],
        [
          -0.086071,
          -0.881651,
          -0.463985,
          1.247349
        ],
        [
          0.0,
          0.0,
          0.0,
          1.0
        ]
      ]
    },
    {
      "file_path": "/media/NFS/ttao/scannet/posed_images/scene0480_00/00130.jpg",
      "transform_matrix": [
        [
          0.478924,
          0.371386,
          -0.795427,
          4.241713
        ],
        [
          0.874091,
          -0.285583,
          0.392948,
          2.566212
        ],
        [
          -0.081225,
          -0.883468,
          -0.461397,
          1.237594
        ],
        [
          0.0,
          0.0,
          0.0,
          1.0
        ]
      ]
    },
    {
      "file_path": "/media/NFS/ttao/scannet/posed_images/scene0480_00/00133.jpg",
      "transform_matrix": [
        [
          0.517312,
          0.377871,
          -0.767855,
          4.205704
        ],
        [
          0.853338,
          -0.29572,
          0.429375,
          2.572419
        ],
        [
          -0.064822,
          -0.877362,
          -0.475431,
          1.234967
        ],
        [
          0.0,
          0.0,
          0.0,
          1.0
        ]
      ]
    },
    {
      "file_path": "/media/NFS/ttao/scannet/posed_images/scene0480_00/00137.jpg",
      "transform_matrix": [
        [
          0.572078,
          0.362982,
          -0.735507,
          4.138558
        ],
        [
          0.818183,
          -0.315405,
          0.480726,
          2.584293
        ],
        [
          -0.057488,
          -0.876792,
          -0.477422,
          1.23826
        ],
        [
          0.0,
          0.0,
          0.0,
          1.0
        ]
      ]
    },
    {
      "file_path": "/media/NFS/ttao/scannet/posed_images/scene0480_00/00142.jpg",
      "transform_matrix": [
        [
          0.642859,
          0.318534,
          -0.696612,
          4.052258
        ],
        [
          0.764514,
          -0.323134,
          0.557765,
          2.580309
        ],
        [
          -0.047432,
          -0.891134,
          -0.451254,
          1.240099
        ],
        [
          0.0,
          0.0,
          0.0,
          1.0
        ]
      ]
    },
    {
      "file_path": "/media/NFS/ttao/scannet/posed_images/scene0480_00/00144.jpg",
      "transform_matrix": [
        [
          0.658367,
          0.306926,
          -0.687276,
          4.018162
        ],
        [
          0.751156,
          -0.326306,
          0.573837,
          2.570566
        ],
        [
          -0.048137,
          -0.894047,
          -0.445379,
          1.228595
        ],
        [
          0.0,
          0.0,
          0.0,
          1.0
        ]
      ]
    },
    {
      "file_path": "/media/NFS/ttao/scannet/posed_images/scene0480_00/00147.jpg",
      "transform_matrix": [
        [
          0.687689,
          0.329777,
          -0.646785,
          3.953283
        ],
        [
          0.725457,
          -0.346772,
          0.594526,
          2.571714
        ],
        [
          -0.028226,
          -0.878064,
          -0.47771,
          1.244605
        ],
        [
          0.0,
          0.0,
          0.0,
          1.0
        ]
      ]
    },
    {
      "file_path": "/media/NFS/ttao/scannet/posed_images/scene0480_00/00151.jpg",
      "transform_matrix": [
        [
          0.724743,
          0.256372,
          -0.639548,
          3.914178
        ],
        [
          0.684371,
          -0.375485,
          0.625018,
          2.595603
        ],
        [
          -0.079903,
          -0.890665,
          -0.447584,
          1.250528
        ],
        [
          0.0,
          0.0,
          0.0,
          1.0
        ]
      ]
    },
    {
      "file_path": "/media/NFS/ttao/scannet/posed_images/scene0480_00/00153.jpg",
      "transform_matrix": [
        [
          0.74385,
          0.240097,
          -0.623731,
          3.88087
        ],
        [
          0.662817,
          -0.384808,
          0.642336,
          2.59475
        ],
        [
          -0.085794,
          -0.891222,
          -0.44538,
          1.247298
        ],
        [
          0.0,
          0.0,
          0.0,
          1.0
        ]
      ]
    },
    {
      "file_path": "/media/NFS/ttao/scannet/posed_images/scene0480_00/00157.jpg",
      "transform_matrix": [
        [
          0.757028,
          0.250963,
          -0.603262,
          3.815251
        ],
        [
          0.65148,
          -0.360324,
          0.667638,
          2.615697
        ],
        [
          -0.049817,
          -0.898434,
          -0.436273,
          1.263986
        ],
        [
          0.0,
          0.0,
          0.0,
          1.0
        ]
      ]
    },
    {
      "file_path": "/media/NFS/ttao/scannet/posed_images/scene0480_00/00158.jpg",
      "transform_matrix": [
        [
          0.764278,
          0.244629,
          -0.596687,
          3.794976
        ],
        [
          0.643078,
          -0.358345,
          0.676786,
          2.617937
        ],
        [
          -0.048258,
          -0.900969,
          -0.431191,
          1.261855
        ],
        [
          0.0,
          0.0,
          0.0,
          1.0
        ]
      ]
    },
    {
      "file_path": "/media/NFS/ttao/scannet/posed_images/scene0480_00/00164.jpg",
      "transform_matrix": [
        [
          0.792844,
          0.213238,
          -0.570902,
          3.707778
        ],
        [
          0.60672,
          -0.364355,
          0.706496,
          2.66936
        ],
        [
          -0.057359,
          -0.906518,
          -0.418252,
          1.247324
        ],
        [
          0.0,
          0.0,
          0.0,
          1.0
        ]
      ]
    },
    {
      "file_path": "/media/NFS/ttao/scannet/posed_images/scene0480_00/00165.jpg",
      "transform_matrix": [
        [
          0.797668,
          0.2102,
          -0.56528,
          3.695051
        ],
        [
          0.600299,
          -0.366896,
          0.710654,
          2.679958
        ],
        [
          -0.058019,
          -0.906203,
          -0.418844,
          1.243439
        ],
        [
          0.0,
          0.0,
          0.0,
          1.0
        ]
      ]
    },
    {
      "file_path": "/media/NFS/ttao/scannet/posed_images/scene0480_00/00168.jpg",
      "transform_matrix": [
        [
          0.811985,
          0.226955,
          -0.537746,
          3.638113
        ],
        [
          0.581784,
          -0.388862,
          0.714363,
          2.707654
        ],
        [
          -0.046981,
          -0.892904,
          -0.447789,
          1.24684
        ],
        [
          0.0,
          0.0,
          0.0,
          1.0
        ]
      ]
    },
    {
      "file_path": "/media/NFS/ttao/scannet/posed_images/scene0480_00/00172.jpg",
      "transform_matrix": [
        [
          0.837305,
          0.234098,
          -0.494084,
          3.593658
        ],
        [
          0.54624,
          -0.396681,
          0.737744,
          2.738844
        ],
        [
          -0.023289,
          -0.887605,
          -0.460016,
          1.247767
        ],
        [
          0.0,
          0.0,
          0.0,
          1.0
        ]
      ]
    },
    {
      "file_path": "/media/NFS/ttao/scannet/posed_images/scene0480_00/00176.jpg",
      "transform_matrix": [
        [
          0.844669,
          0.242507,
          -0.477204,
          3.531251
        ],
        [
          0.534844,
          -0.418658,
          0.733939,
          2.752844
        ],
        [
          -0.0218,
          -0.875166,
          -0.483331,
          1.249006
        ],
        [
          0.0,
          0.0,
          0.0,
          1.0
        ]
      ]
    },
    {
      "file_path": "/media/NFS/ttao/scannet/posed_images/scene0480_00/00177.jpg",
      "transform_matrix": [
        [
          0.84873,
          0.235969,
          -0.473261,
          3.514269
        ],
        [
          0.528073,
          -0.425941,
          0.734652,
          2.756139
        ],
        [
          -0.028226,
          -0.873437,
          -0.486118,
          1.249768
        ],
        [
          0.0,
          0.0,
          0.0,
          1.0
        ]
      ]
    },
    {
      "file_path": "/media/NFS/ttao/scannet/posed_images/scene0480_00/00181.jpg",
      "transform_matrix": [
        [
          0.857849,
          0.219052,
          -0.464878,
          3.462712
        ],
        [
          0.512796,
          -0.424216,
          0.746379,
          2.77065
        ],
        [
          -0.033712,
          -0.878668,
          -0.476242,
          1.245183
        ],
        [
          0.0,
          0.0,
          0.0,
          1.0
        ]
      ]
    },
    {
      "file_path": "/media/NFS/ttao/scannet/posed_images/scene0480_00/00183.jpg",
      "transform_matrix": [
        [
          0.861952,
          0.232134,
          -0.450724,
          3.422075
        ],
        [
          0.506809,
          -0.41825,
          0.753799,
          2.773128
        ],
        [
          -0.013533,
          -0.878169,
          -0.478159,
          1.245483
        ],
        [
          0.0,
          0.0,
          0.0,
          1.0
        ]
      ]
    },
    {
      "file_path": "/media/NFS/ttao/scannet/posed_images/scene0480_00/00188.jpg",
      "transform_matrix": [
        [
          0.901523,
          0.189895,
          -0.388839,
          3.318523
        ],
        [
          0.432713,
          -0.403769,
          0.806059,
          2.767268
        ],
        [
          -0.003935,
          -0.894936,
          -0.446177,
          1.252194
        ],
        [
          0.0,
          0.0,
          0.0,
          1.0
        ]
      ]
    },
    {
      "file_path": "/media/NFS/ttao/scannet/posed_images/scene0480_00/00190.jpg",
      "transform_matrix": [
        [
          0.916157,
          0.183716,
          -0.356237,
          3.287588
        ],
        [
          0.400707,
          -0.398732,
          0.824892,
          2.764153
        ],
        [
          0.009503,
          -0.898477,
          -0.438917,
          1.246445
        ],
        [
          0.0,
          0.0,
          0.0,
          1.0
        ]
      ]
    },
    {
      "file_path": "/media/NFS/ttao/scannet/posed_images/scene0480_00/00195.jpg",
      "transform_matrix": [
        [
          0.93854,
          0.13209,
          -0.318897,
          3.194367
        ],
        [
          0.344885,
          -0.396458,
          0.850809,
          2.758307
        ],
        [
          -0.014046,
          -0.908501,
          -0.417647,
          1.25517
        ],
        [
          0.0,
          0.0,
          0.0,
          1.0
        ]
      ]
    },
    {
      "file_path": "/media/NFS/ttao/scannet/posed_images/scene0480_00/00196.jpg",
      "transform_matrix": [
        [
          0.94102,
          0.129493,
          -0.312592,
          3.180026
        ],
        [
          0.338131,
          -0.393297,
          0.854976,
          2.758619
        ],
        [
          -0.012228,
          -0.910247,
          -0.413886,
          1.252202
        ],
        [
          0.0,
          0.0,
          0.0,
          1.0
        ]
      ]
    },
    {
      "file_path": "/media/NFS/ttao/scannet/posed_images/scene0480_00/00199.jpg",
      "transform_matrix": [
        [
          0.951569,
          0.131729,
          -0.277784,
          3.133189
        ],
        [
          0.307398,
          -0.393577,
          0.866374,
          2.760856
        ],
        [
          0.004797,
          -0.909805,
          -0.415009,
          1.251538
        ],
        [
          0.0,
          0.0,
          0.0,
          1.0
        ]
      ]
    },
    {
      "file_path": "/media/NFS/ttao/scannet/posed_images/scene0480_00/00204.jpg",
      "transform_matrix": [
        [
          0.960316,
          0.126805,
          -0.248424,
          3.065295
        ],
        [
          0.278635,
          -0.396223,
          0.874855,
          2.778504
        ],
        [
          0.012504,
          -0.909356,
          -0.415831,
          1.249401
        ],
        [
          0.0,
          0.0,
          0.0,
          1.0
        ]
      ]
    },
    {
      "file_path": "/media/NFS/ttao/scannet/posed_images/scene0480_00/00205.jpg",
      "transform_matrix": [
        [
          0.962445,
          0.121869,
          -0.242587,
          3.048721
        ],
        [
          0.271275,
          -0.397132,
          0.876754,
          2.780649
        ],
        [
          0.01051,
          -0.909634,
          -0.415277,
          1.249124
        ],
        [
          0.0,
          0.0,
          0.0,
          1.0
        ]
      ]
    },
    {
      "file_path": "/media/NFS/ttao/scannet/posed_images/scene0480_00/00208.jpg",
      "transform_matrix": [
        [
          0.965826,
          0.116996,
          -0.231283,
          2.999265
        ],
        [
          0.25904,
          -0.405203,
          0.87676,
          2.798494
        ],
        [
          0.00886,
          -0.90671,
          -0.421663,
          1.248683
        ],
        [
          0.0,
          0.0,
          0.0,
          1.0
        ]
      ]
    },
    {
      "file_path": "/media/NFS/ttao/scannet/posed_images/scene0480_00/00213.jpg",
      "transform_matrix": [
        [
          0.973882,
          0.093404,
          -0.206953,
          2.908781
        ],
        [
          0.226842,
          -0.439755,
          0.868998,
          2.83908
        ],
        [
          -0.009841,
          -0.893247,
          -0.449457,
          1.258485
        ],
        [
          0.0,
          0.0,
          0.0,
          1.0
        ]
      ]
    },
    {
      "file_path": "/media/NFS/ttao/scannet/posed_images/scene0480_00/00214.jpg",
      "transform_matrix": [
        [
          0.976177,
          0.089166,
          -0.197809,
          2.890817
        ],
        [
          0.216681,
          -0.448174,
          0.867289,
          2.847337
        ],
        [
          -0.01132,
          -0.889489,
          -0.456817,
          1.262165
        ],
        [
          0.0,
          0.0,
          0.0,
          1.0
        ]
      ]
    },
    {
      "file_path": "/media/NFS/ttao/scannet/posed_images/scene0480_00/00220.jpg",
      "transform_matrix": [
        [
          0.98776,
          0.051332,
          -0.147295,
          2.790412
        ],
        [
          0.154155,
          -0.465406,
          0.871569,
          2.888029
        ],
        [
          -0.023812,
          -0.883607,
          -0.467623,
          1.274767
        ],
        [
          0.0,
          0.0,
          0.0,
          1.0
        ]
      ]
    },
    {
      "file_path": "/media/NFS/ttao/scannet/posed_images/scene0480_00/00221.jpg",
      "transform_matrix": [
        [
          0.988606,
          0.060706,
          -0.13774,
          2.774507
        ],
        [
          0.150065,
          -0.468907,
          0.870406,
          2.894464
        ],
        [
          -0.011748,
          -0.881159,
          -0.472674,
          1.274683
        ],
        [
          0.0,
          0.0,
          0.0,
          1.0
        ]
      ]
    },
    {
      "file_path": "/media/NFS/ttao/scannet/posed_images/scene0480_00/00226.jpg",
      "transform_matrix": [
        [
          0.989461,
          0.067789,
          -0.127948,
          2.70783
        ],
        [
          0.144753,
          -0.484838,
          0.862542,
          2.933124
        ],
        [
          -0.003563,
          -0.871973,
          -0.489541,
          1.272282
        ],
        [
          0.0,
          0.0,
          0.0,
          1.0
        ]
      ]
    },
    {
      "file_path": "/media/NFS/ttao/scannet/posed_images/scene0480_00/00227.jpg",
      "transform_matrix": [
        [
          0.990673,
          0.068708,
          -0.117672,
          2.692338
        ],
        [
          0.136243,
          -0.48476,
          0.863971,
          2.940345
        ],
        [
          0.002319,
          -0.871944,
          -0.4896,
          1.270942
        ],
        [
          0.0,
          0.0,
          0.0,
          1.0
        ]
      ]
    },
    {
      "file_path": "/media/NFS/ttao/scannet/posed_images/scene0480_00/00230.jpg",
      "transform_matrix": [
        [
          0.993938,
          0.073871,
          -0.081427,
          2.641856
        ],
        [
          0.106963,
          -0.478512,
          0.871542,
          2.966838
        ],
        [
          0.025418,
          -0.874968,
          -0.483513,
          1.2673
        ],
        [
          0.0,
          0.0,
          0.0,
          1.0
        ]
      ]
    },
    {
      "file_path": "/media/NFS/ttao/scannet/posed_images/scene0480_00/00234.jpg",
      "transform_matrix": [
        [
          0.999014,
          0.040376,
          -0.01846,
          2.563768
        ],
        [
          0.03511,
          -0.464032,
          0.885123,
          3.003031
        ],
        [
          0.027172,
          -0.884898,
          -0.464992,
          1.272543
        ],
        [
          0.0,
          0.0,
          0.0,
          1.0
        ]
      ]
    },
    {
      "file_path": "/media/NFS/ttao/scannet/posed_images/scene0480_00/00237.jpg",
      "transform_matrix": [
        [
          0.9997,
          0.005214,
          0.023944,
          2.510197
        ],
        [
          -0.019016,
          -0.451247,
          0.892197,
          3.024642
        ],
        [
          0.015457,
          -0.892384,
          -0.451012,
          1.27658
        ],
        [
          0.0,
          0.0,
          0.0,
          1.0
        ]
      ]
    },
    {
      "file_path": "/media/NFS/ttao/scannet/posed_images/scene0480_00/00241.jpg",
      "transform_matrix": [
        [
          0.997295,
          -0.038691,
          0.062496,
          2.470349
        ],
        [
          -0.073181,
          -0.443229,
          0.893416,
          3.057005
        ],
        [
          -0.006867,
          -0.895573,
          -0.444862,
