{
  "frames": [
    {
      "file_path": "/media/NFS/ttao/scannet/posed_images/scene0489_00/00000.jpg",
      "transform_matrix": [
        [
          0.668306,
          -0.372442,
          0.643936,
          3.893243
        ],
        [
          -0.742352,
          -0.278341,
          0.609459,
          3.697997
        ],
        [
          -0.047754,
          -0.885332,
          -0.4625,
          1.329962
        ],
        [
          0.0,
          0.0,
          0.0,
          1.0
        ]
      ]
    },
    {
      "file_path": "/media/NFS/ttao/scannet/posed_images/scene0489_00/00008.jpg",
      "transform_matrix": [
        [
          0.717491,
          -0.326047,
          0.615549,
          3.990709
        ],
        [
          -0.695367,
          -0.283394,
          0.660419,
          3.734894
        ],
        [
          -0.040885,
          -0.901877,
          -0.430055,
          1.347846
        ],
        [
          0.0,
          0.0,
          0.0,
          1.0
        ]
      ]
    },
    {
      "file_path": "/media/NFS/ttao/scannet/posed_images/scene0489_00/00012.jpg",
      "transform_matrix": [
        [
          0.717856,
          -0.323798,
          0.61631,
          4.023769
        ],
        [
          -0.695107,
          -0.28396,
          0.660449,
          3.751483
        ],
        [
          -0.038845,
          -0.902509,
          -0.428916,
          1.34843
        ],
        [
          0.0,
          0.0,
          0.0,
          1.0
        ]
      ]
    },
    {
      "file_path": "/media/NFS/ttao/scannet/posed_images/scene0489_00/00014.jpg",
      "transform_matrix": [
        [
          0.72072,
          -0.326036,
          0.61177,
          4.041888
        ],
        [
          -0.691902,
          -0.283788,
          0.66388,
          3.758943
        ],
        [
          -0.042836,
          -0.901756,
          -0.430117,
          1.34983
        ],
        [
          0.0,
          0.0,
          0.0,
          1.0
        ]
      ]
    },
    {
      "file_path": "/media/NFS/ttao/scannet/posed_images/scene0489_00/00021.jpg",
      "transform_matrix": [
        [
          0.731715,
          -0.291825,
          0.61598,
          4.101518
        ],
        [
          -0.680563,
          -0.262709,
          0.683972,
          3.796515
        ],
        [
          -0.037777,
          -0.919686,
          -0.390833,
          1.371527
        ],
        [
          0.0,
          0.0,
          0.0,
          1.0
        ]
      ]
    },
    {
      "file_path": "/media/NFS/ttao/scannet/posed_images/scene0489_00/00027.jpg",
      "transform_matrix": [
        [
          0.742531,
          -0.221179,
          0.63224,
          4.133528
        ],
        [
          -0.669721,
          -0.229654,
          0.70621,
          3.835045
        ],
        [
          -0.011002,
          -0.947808,
          -0.318653,
          1.389913
        ],
        [
          0.0,
          0.0,
          0.0,
          1.0
        ]
      ]
    },
    {
      "file_path": "/media/NFS/ttao/scannet/posed_images/scene0489_00/00032.jpg",
      "transform_matrix": [
        [
          0.764652,
          -0.206128,
          0.610588,
          4.162574
        ],
        [
          -0.644272,
          -0.222654,
          0.731669,
          3.848551
        ],
        [
          -0.014868,
          -0.952857,
          -0.303055,
          1.387517
        ],
        [
          0.0,
          0.0,
          0.0,
          1.0
        ]
      ]
    },
    {
      "file_path": "/media/NFS/ttao/scannet/posed_images/scene0489_00/00035.jpg",
      "transform_matrix": [
        [
          0.787827,
          -0.224221,
          0.573632,
          4.179952
        ],
        [
          -0.615166,
          -0.241119,
          0.750621,
          3.86545
        ],
        [
          -0.029991,
          -0.944239,
          -0.327893,
          1.37706
        ],
        [
          0.0,
          0.0,
          0.0,
          1.0
        ]
      ]
    },
    {
      "file_path": "/media/NFS/ttao/scannet/posed_images/scene0489_00/00043.jpg",
      "transform_matrix": [
        [
          0.862143,
          -0.220097,
          0.456363,
          4.239244
        ],
        [
          -0.50439,
          -0.287561,
          0.814186,
          3.884923
        ],
        [
          -0.047968,
          -0.93213,
          -0.358934,
          1.366253
        ],
        [
          0.0,
          0.0,
          0.0,
          1.0
        ]
      ]
    },
    {
      "file_path": "/media/NFS/ttao/scannet/posed_images/scene0489_00/00049.jpg",
      "transform_matrix": [
        [
          0.920185,
          -0.154999,
          0.359492,
          4.311492
        ],
        [
          -0.390194,
          -0.288658,
          0.874314,
          3.850879
        ],
        [
          -0.031747,
          -0.944803,
          -0.326099,
          1.369767
        ],
        [
          0.0,
          0.0,
          0.0,
          1.0
        ]
      ]
    },
    {
      "file_path": "/media/NFS/ttao/scannet/posed_images/scene0489_00/00050.jpg",
      "transform_matrix": [
        [
          0.930326,
          -0.142777,
          0.337799,
          4.33174
        ],
        [
          -0.365618,
          -0.289302,
          0.884662,
          3.836359
        ],
        [
          -0.028583,
          -0.94653,
          -0.321347,
          1.365993
        ],
        [
          0.0,
          0.0,
          0.0,
          1.0
        ]
      ]
    },
    {
      "file_path": "/media/NFS/ttao/scannet/posed_images/scene0489_00/00058.jpg",
      "transform_matrix": [
        [
          0.986037,
          -0.030775,
          0.163657,
          4.478015
        ],
        [
          -0.164497,
          -0.332958,
          0.928482,
          3.724034
        ],
        [
          0.025917,
          -0.942439,
          -0.333371,
          1.361943
        ],
        [
          0.0,
          0.0,
          0.0,
          1.0
        ]
      ]
    },
    {
      "file_path": "/media/NFS/ttao/scannet/posed_images/scene0489_00/00062.jpg",
      "transform_matrix": [
        [
          0.997913,
          -0.005248,
          0.064354,
          4.517673
        ],
        [
          -0.062102,
          -0.350854,
          0.934368,
          3.665352
        ],
        [
          0.017676,
          -0.936415,
          -0.350448,
          1.381293
        ],
        [
          0.0,
          0.0,
          0.0,
          1.0
        ]
      ]
    },
    {
      "file_path": "/media/NFS/ttao/scannet/posed_images/scene0489_00/00068.jpg",
      "transform_matrix": [
        [
          0.999897,
          0.013965,
          -0.00342,
          4.551362
        ],
        [
          0.007973,
          -0.340622,
          0.940166,
          3.612346
        ],
        [
          0.011964,
          -0.940097,
          -0.340698,
          1.401261
        ],
        [
          0.0,
          0.0,
          0.0,
          1.0
        ]
      ]
    },
    {
      "file_path": "/media/NFS/ttao/scannet/posed_images/scene0489_00/00070.jpg",
      "transform_matrix": [
        [
          0.999579,
          0.024474,
          -0.015591,
          4.569797
        ],
        [
          0.02298,
          -0.33958,
          0.940296,
          3.599604
        ],
        [
          0.017719,
          -0.940259,
          -0.34,
          1.401214
        ],
        [
          0.0,
          0.0,
          0.0,
          1.0
        ]
      ]
    },
    {
      "file_path": "/media/NFS/ttao/scannet/posed_images/scene0489_00/00076.jpg",
      "transform_matrix": [
        [
          0.996337,
          0.046456,
          -0.071792,
          4.58706
        ],
        [
          0.083187,
          -0.332136,
          0.939556,
          3.578233
        ],
        [
          0.019803,
          -0.942087,
          -0.334785,
          1.406988
        ],
        [
          0.0,
          0.0,
          0.0,
          1.0
        ]
      ]
    },
    {
      "file_path": "/media/NFS/ttao/scannet/posed_images/scene0489_00/00083.jpg",
      "transform_matrix": [
        [
          0.991127,
          0.062062,
          -0.117537,
          4.60513
        ],
        [
          0.131763,
          -0.342581,
          0.930202,
          3.572815
        ],
        [
          0.017465,
          -0.937436,
          -0.347719,
          1.40317
        ],
        [
          0.0,
          0.0,
          0.0,
          1.0
        ]
      ]
    },
    {
      "file_path": "/media/NFS/ttao/scannet/posed_images/scene0489_00/00088.jpg",
      "transform_matrix": [
        [
          0.994168,
          0.052124,
          -0.094408,
          4.601239
        ],
        [
          0.106778,
          -0.353139,
          0.929457,
          3.578164
        ],
        [
          0.015108,
          -0.934118,
          -0.356646,
          1.398381
        ],
        [
          0.0,
          0.0,
          0.0,
          1.0
        ]
      ]
    },
    {
      "file_path": "/media/NFS/ttao/scannet/posed_images/scene0489_00/00090.jpg",
      "transform_matrix": [
        [
          0.994391,
          0.054839,
          -0.090433,
          4.596245
        ],
        [
          0.104214,
          -0.362322,
          0.926208,
          3.582726
        ],
        [
          0.018026,
          -0.930438,
          -0.366005,
          1.392482
        ],
        [
          0.0,
          0.0,
          0.0,
          1.0
        ]
      ]
    },
    {
      "file_path": "/media/NFS/ttao/scannet/posed_images/scene0489_00/00099.jpg",
      "transform_matrix": [
        [
          0.999546,
          0.030094,
          -0.001567,
          4.579291
        ],
        [
          0.015171,
          -0.457584,
          0.889037,
          3.589526
        ],
        [
          0.026038,
          -0.888657,
          -0.457833,
          1.368543
        ],
        [
          0.0,
          0.0,
          0.0,
          1.0
        ]
      ]
    },
    {
      "file_path": "/media/NFS/ttao/scannet/posed_images/scene0489_00/00100.jpg",
      "transform_matrix": [
        [
          0.999673,
          0.014451,
          0.021108,
          4.546113
        ],
        [
          -0.011993,
          -0.464058,
          0.885724,
          3.584157
        ],
        [
          0.022595,
          -0.885687,
          -0.463733,
          1.365752
        ],
        [
          0.0,
          0.0,
          0.0,
          1.0
        ]
      ]
    },
    {
      "file_path": "/media/NFS/ttao/scannet/posed_images/scene0489_00/00106.jpg",
      "transform_matrix": [
        [
          0.997894,
          -0.005671,
          0.06462,
          4.540892
        ],
        [
          -0.059342,
          -0.482132,
          0.874086,
          3.573974
        ],
        [
          0.026199,
          -0.87608,
          -0.481454,
          1.353225
        ],
        [
          0.0,
          0.0,
          0.0,
          1.0
        ]
      ]
    },
    {
      "file_path": "/media/NFS/ttao/scannet/posed_images/scene0489_00/00112.jpg",
      "transform_matrix": [
        [
          0.987995,
          -0.046369,
          0.147364,
          4.529234
        ],
        [
          -0.151164,
          -0.486953,
          0.860248,
          3.5901
        ],
        [
          0.03187,
          -0.872196,
          -0.488116,
          1.344563
        ],
        [
          0.0,
          0.0,
          0.0,
          1.0
        ]
      ]
    },
    {
      "file_path": "/media/NFS/ttao/scannet/posed_images/scene0489_00/00118.jpg",
      "transform_matrix": [
        [
          0.973509,
          -0.082967,
          0.213063,
          4.498071
        ],
        [
          -0.22593,
          -0.492273,
          0.840608,
          3.637907
        ],
        [
          0.035142,
          -0.866478,
          -0.497978,
          1.337742
        ],
        [
          0.0,
          0.0,
          0.0,
          1.0
        ]
      ]
    },
    {
      "file_path": "/media/NFS/ttao/scannet/posed_images/scene0489_00/00120.jpg",
      "transform_matrix": [
        [
          0.969632,
          -0.080631,
          0.230896,
          4.477655
        ],
        [
          -0.240162,
          -0.492342,
          0.836613,
          3.66025
        ],
        [
          0.046223,
          -0.866659,
          -0.496755,
          1.334543
        ],
        [
          0.0,
          0.0,
          0.0,
          1.0
        ]
      ]
    },
    {
      "file_path": "/media/NFS/ttao/scannet/posed_images/scene0489_00/00126.jpg",
      "transform_matrix": [
        [
          0.958153,
          -0.118517,
          0.26057,
          4.4657
        ],
        [
          -0.285253,
          -0.471462,
          0.834478,
          3.695158
        ],
        [
          0.023949,
          -0.873886,
          -0.485541,
          1.341314
        ],
        [
          0.0,
          0.0,
          0.0,
          1.0
        ]
      ]
    },
    {
      "file_path": "/media/NFS/ttao/scannet/posed_images/scene0489_00/00134.jpg",
      "transform_matrix": [
        [
          0.891873,
          -0.227557,
          0.390871,
          4.447352
        ],
        [
          -0.451658,
          -0.493599,
          0.743213,
          3.732707
        ],
        [
          0.02381,
          -0.839392,
          -0.543005,
          1.325035
        ],
        [
          0.0,
          0.0,
          0.0,
          1.0
        ]
      ]
    },
    {
      "file_path": "/media/NFS/ttao/scannet/posed_images/scene0489_00/00138.jpg",
      "transform_matrix": [
        [
          0.865047,
          -0.264803,
          0.426115,
          4.420758
        ],
        [
          -0.501029,
          -0.49963,
          0.70664,
          3.754255
        ],
        [
          0.025779,
          -0.824772,
          -0.564877,
          1.318235
        ],
        [
          0.0,
          0.0,
          0.0,
          1.0
        ]
      ]
    },
    {
      "file_path": "/media/NFS/ttao/scannet/posed_images/scene0489_00/00143.jpg",
      "transform_matrix": [
        [
          0.841196,
          -0.291353,
          0.455524,
          4.400593
        ],
        [
          -0.539395,
          -0.511282,
          0.669062,
          3.781155
        ],
        [
          0.037968,
          -0.80852,
          -0.587243,
          1.308849
        ],
        [
          0.0,
          0.0,
          0.0,
          1.0
        ]
      ]
    },
    {
      "file_path": "/media/NFS/ttao/scannet/posed_images/scene0489_00/00146.jpg",
      "transform_matrix": [
        [
          0.818288,
          -0.310571,
          0.483685,
          4.399331
        ],
        [
          -0.573747,
          -0.492423,
          0.654472,
          3.797727
        ],
        [
          0.034917,
          -0.813059,
          -0.581133,
          1.307442
        ],
        [
          0.0,
          0.0,
          0.0,
          1.0
        ]
      ]
    },
    {
      "file_path": "/media/NFS/ttao/scannet/posed_images/scene0489_00/00155.jpg",
      "transform_matrix": [
        [
          0.680221,
          -0.391466,
          0.619721,
          4.387364
        ],
        [
          -0.732678,
          -0.388422,
          0.558848,
          3.881716
        ],
        [
          0.021943,
          -0.834196,
          -0.551031,
          1.308031
        ],
        [
          0.0,
          0.0,
          0.0,
          1.0
        ]
      ]
    },
    {
      "file_path": "/media/NFS/ttao/scannet/posed_images/scene0489_00/00159.jpg",
      "transform_matrix": [
        [
          0.625546,
          -0.448144,
          0.638638,
          4.372448
        ],
        [
          -0.779831,
          -0.334414,
          0.52918,
          3.931423
        ],
        [
          -0.023579,
          -0.829056,
          -0.558668,
          1.31211
        ],
        [
          0.0,
          0.0,
          0.0,
          1.0
        ]
      ]
    },
    {
      "file_path": "/media/NFS/ttao/scannet/posed_images/scene0489_00/00162.jpg",
      "transform_matrix": [
        [
          0.575759,
          -0.463736,
          0.673387,
          4.352685
        ],
        [
          -0.817183,
          -0.299468,
          0.492475,
          3.964465
        ],
        [
          -0.02672,
          -0.833827,
          -0.551379,
          1.315957
        ],
        [
          0.0,
          0.0,
          0.0,
          1.0
        ]
      ]
    },
    {
      "file_path": "/media/NFS/ttao/scannet/posed_images/scene0489_00/00165.jpg",
      "transform_matrix": [
        [
          0.523556,
          -0.466757,
          0.71276,
          4.334053
        ],
        [
          -0.851934,
          -0.29652,
          0.431607,
          3.991107
        ],
        [
          0.009892,
          -0.833194,
          -0.552891,
          1.321595
        ],
        [
          0.0,
          0.0,
          0.0,
          1.0
        ]
      ]
    },
    {
      "file_path": "/media/NFS/ttao/scannet/posed_images/scene0489_00/00172.jpg",
      "transform_matrix": [
        [
          0.340652,
          -0.496216,
          0.798577,
          4.269406
        ],
        [
          -0.939943,
          -0.199175,
          0.277192,
          4.040744
        ],
        [
          0.021509,
          -0.845043,
          -0.534265,
          1.332635
        ],
        [
          0.0,
          0.0,
          0.0,
          1.0
        ]
      ]
    },
    {
      "file_path": "/media/NFS/ttao/scannet/posed_images/scene0489_00/00179.jpg",
      "transform_matrix": [
        [
          0.18582,
          -0.543059,
          0.818876,
          4.176915
        ],
        [
          -0.982573,
          -0.098699,
          0.157511,
          4.074987
        ],
        [
          -0.004715,
          -0.833874,
          -0.551935,
          1.326202
        ],
        [
          0.0,
          0.0,
          0.0,
          1.0
        ]
      ]
    },
    {
      "file_path": "/media/NFS/ttao/scannet/posed_images/scene0489_00/00185.jpg",
      "transform_matrix": [
        [
          0.094583,
          -0.557017,
          0.825098,
          4.109779
        ],
        [
          -0.995508,
          -0.05649,
          0.075981,
          4.090487
        ],
        [
          0.004287,
          -0.828578,
          -0.559858,
          1.334937
        ],
        [
          0.0,
          0.0,
          0.0,
          1.0
        ]
      ]
    },
    {
      "file_path": "/media/NFS/ttao/scannet/posed_images/scene0489_00/00188.jpg",
      "transform_matrix": [
        [
          0.069963,
          -0.547823,
          0.833663,
          4.083545
        ],
        [
          -0.997549,
          -0.038878,
          0.058169,
          4.080852
        ],
        [
          0.000545,
          -0.83569,
          -0.549201,
          1.337718
        ],
        [
          0.0,
          0.0,
          0.0,
          1.0
        ]
      ]
    },
    {
      "file_path": "/media/NFS/ttao/scannet/posed_images/scene0489_00/00193.jpg",
      "transform_matrix": [
        [
          0.004043,
          -0.515855,
          0.856666,
          4.038688
        ],
        [
          -0.99989,
          0.010101,
          0.010801,
          4.051296
        ],
        [
          -0.014225,
          -0.856616,
          -0.515758,
          1.346048
        ],
        [
          0.0,
          0.0,
          0.0,
          1.0
        ]
      ]
    },
    {
      "file_path": "/media/NFS/ttao/scannet/posed_images/scene0489_00/00200.jpg",
      "transform_matrix": [
        [
          -0.089848,
          -0.486233,
          0.869198,
          3.960107
        ],
        [
          -0.995751,
          0.061521,
          -0.068515,
          4.011631
        ],
        [
          -0.02016,
          -0.871661,
          -0.489695,
          1.334781
        ],
        [
          0.0,
          0.0,
          0.0,
          1.0
        ]
      ]
    },
    {
      "file_path": "/media/NFS/ttao/scannet/posed_images/scene0489_00/00203.jpg",
      "transform_matrix": [
        [
          -0.117115,
          -0.489789,
          0.863939,
          3.929266
        ],
        [
          -0.993001,
          0.071107,
          -0.094298,
          4.00531
        ],
        [
          -0.015246,
          -0.868936,
          -0.494689,
          1.32734
        ],
        [
          0.0,
          0.0,
          0.0,
          1.0
        ]
      ]
    },
    {
      "file_path": "/media/NFS/ttao/scannet/posed_images/scene0489_00/00208.jpg",
      "transform_matrix": [
        [
          -0.13496,
          -0.496577,
          0.857436,
          3.887267
        ],
        [
          -0.990628,
          0.085968,
          -0.106137,
          4.001287
        ],
        [
          -0.021007,
          -0.863725,
          -0.503525,
          1.324775
        ],
        [
          0.0,
          0.0,
          0.0,
          1.0
        ]
      ]
    },
    {
      "file_path": "/media/NFS/ttao/scannet/posed_images/scene0489_00/00211.jpg",
      "transform_matrix": [
        [
          -0.122851,
          -0.49703,
          0.858993,
          3.866385
        ],
        [
          -0.991924,
          0.088984,
          -0.090375,
          4.008516
        ],
        [
          -0.031517,
          -0.863159,
          -0.503948,
          1.326253
        ],
        [
          0.0,
          0.0,
          0.0,
          1.0
        ]
      ]
    },
    {
      "file_path": "/media/NFS/ttao/scannet/posed_images/scene0489_00/00219.jpg",
      "transform_matrix": [
        [
          -0.121004,
          -0.501705,
          0.856534,
          3.820603
        ],
        [
          -0.990154,
          0.122175,
          -0.068318,
          4.017662
        ],
        [
          -0.070372,
          -0.856368,
          -0.511549,
          1.314258
        ],
        [
          0.0,
          0.0,
          0.0,
          1.0
        ]
      ]
    },
    {
      "file_path": "/media/NFS/ttao/scannet/posed_images/scene0489_00/00223.jpg",
      "transform_matrix": [
        [
          -0.109396,
          -0.492191,
          0.863586,
          3.797565
        ],
        [
          -0.989688,
          0.134755,
          -0.048568,
          4.03959
        ],
        [
          -0.092467,
          -0.859994,
          -0.501857,
          1.304177
        ],
        [
          0.0,
          0.0,
          0.0,
          1.0
        ]
      ]
    },
    {
      "file_path": "/media/NFS/ttao/scannet/posed_images/scene0489_00/00229.jpg",
      "transform_matrix": [
        [
          -0.052711,
          -0.49683,
          0.866245,
          3.761917
        ],
        [
          -0.995578,
          0.09369,
          -0.006846,
          4.080274
        ],
        [
          -0.077758,
          -0.862776,
          -0.499572,
          1.276109
        ],
        [
          0.0,
          0.0,
          0.0,
          1.0
        ]
      ]
    },
    {
      "file_path": "/media/NFS/ttao/scannet/posed_images/scene0489_00/00235.jpg",
      "transform_matrix": [
        [
          -0.075301,
          -0.421364,
          0.90376,
          3.724706
        ],
        [
          -0.994503,
          0.097867,
          -0.037232,
          4.134418
        ],
        [
          -0.07276,
          -0.901596,
          -0.426417,
          1.244373
        ],
        [
          0.0,
          0.0,
          0.0,
          1.0
        ]
      ]
    },
    {
      "file_path": "/media/NFS/ttao/scannet/posed_images/scene0489_00/00238.jpg",
      "transform_matrix": [
        [
          -0.105539,
          -0.405478,
          0.907992,
          3.708885
        ],
        [
          -0.993361,
          0.085023,
          -0.077494,
          4.16586
        ],
        [
          -0.045778,
          -0.910142,
          -0.411759,
          1.219723
        ],
        [
          0.0,
          0.0,
          0.0,
          1.0
        ]
      ]
    },
    {
      "file_path": "/media/NFS/ttao/scannet/posed_images/scene0489_00/00246.jpg",
      "transform_matrix": [
        [
          -0.139104,
          -0.466608,
          0.873457,
          3.664185
        ],
        [
          -0.990179,
          0.078007,
          -0.116021,
          4.228444
        ],
        [
          -0.013999,
          -0.881017,
          -0.472877,
          1.150145
        ],
        [
          0.0,
          0.0,
          0.0,
          1.0
        ]
      ]
    },
    {
      "file_path": "/media/NFS/ttao/scannet/posed_images/scene0489_00/00249.jpg",
      "transform_matrix": [
        [
          -0.14866,
          -0.480049,
          0.864554,
          3.6496
        ],
        [
          -0.988854,
          0.079399,
          -0.125946,
          4.242752
        ],
        [
          -0.008184,
          -0.873641,
          -0.486502,
          1.13673
        ],
        [
          0.0,
          0.0,
          0.0,
          1.0
        ]
      ]
    },
    {
      "file_path": "/media/NFS/ttao/scannet/posed_images/scene0489_00/00252.jpg",
      "transform_matrix": [
        [
          -0.154409,
          -0.48246,
          0.862201,
          3.633233
        ],
        [
          -0.98789,
          0.08882,
          -0.127218,
          4.250625
        ],
        [
          -0.015203,
          -0.871403,
          -0.490332,
          1.120941
        ],
        [
          0.0,
          0.0,
          0.0,
          1.0
        ]
      ]
    },
    {
      "file_path": "/media/NFS/ttao/scannet/posed_images/scene0489_00/00258.jpg",
      "transform_matrix": [
        [
          -0.154967,
          -0.489166,
          0.858313,
          3.61711
        ],
        [
          -0.987747,
          0.092963,
          -0.125355,
          4.255678
        ],
        [
          -0.018472,
          -0.867222,
          -0.497579,
          1.11711
        ],
        [
          0.0,
          0.0,
          0.0,
          1.0
        ]
      ]
    },
    {
      "file_path": "/media/NFS/ttao/scannet/posed_images/scene0489_00/00263.jpg",
      "transform_matrix": [
        [
          -0.166196,
          -0.483135,
          0.859627,
          3.619296
        ],
        [
          -0.986009,
          0.092785,
          -0.138483,
          4.252335
        ],
        [
          -0.012854,
          -0.870615,
          -0.491797,
          1.140884
        ],
        [
          0.0,
          0.0,
          0.0,
          1.0
        ]
      ]
    },
    {
      "file_path": "/media/NFS/ttao/scannet/posed_images/scene0489_00/00270.jpg",
      "transform_matrix": [
        [
          -0.211767,
          -0.44811,
          0.868534,
          3.646082
        ],
        [
          -0.977152,
          0.113535,
          -0.179674,
          4.226177
        ],
        [
          -0.018096,
          -0.88674,
          -0.461915,
          1.189434
        ],
        [
          0.0,
          0.0,
          0.0,
          1.0
        ]
      ]
    },
    {
      "file_path": "/media/NFS/ttao/scannet/posed_images/scene0489_00/00272.jpg",
      "transform_matrix": [
        [
          -0.23253,
          -0.444484,
          0.86508,
          3.65974
        ],
        [
          -0.972374,
          0.124938,
          -0.197176,
          4.216294
        ],
        [
          -0.02044,
          -0.887031,
          -0.461257,
          1.208384
        ],
        [
          0.0,
          0.0,
          0.0,
          1.0
        ]
      ]
    },
    {
      "file_path": "/media/NFS/ttao/scannet/posed_images/scene0489_00/00281.jpg",
      "transform_matrix": [
        [
          -0.330288,
          -0.387789,
          0.86054,
          3.706288
        ],
        [
          -0.943789,
          0.148362,
          -0.295382,
          4.200602
        ],
        [
          -0.013125,
          -0.90973,
          -0.414993,
          1.269446
        ],
        [
          0.0,
          0.0,
          0.0,
          1.0
        ]
      ]
    },
    {
      "file_path": "/media/NFS/ttao/scannet/posed_images/scene0489_00/00285.jpg",
      "transform_matrix": [
        [
          -0.376581,
          -0.376633,
          0.846365,
          3.728274
        ],
        [
          -0.926382,
          0.154683,
          -0.34335,
          4.210335
        ],
        [
          -0.001601,
          -0.913357,
          -0.407157,
          1.278216
        ],
        [
          0.0,
          0.0,
          0.0,
          1.0
        ]
      ]
    },
    {
      "file_path": "/media/NFS/ttao/scannet/posed_images/scene0489_00/00290.jpg",
      "transform_matrix": [
        [
          -0.416365,
          -0.374443,
          0.828512,
          3.754469
        ],
        [
          -0.90918,
          0.165802,
          -0.381971,
          4.215442
        ],
        [
          0.005657,
          -0.912306,
          -0.40947,
          1.289344
        ],
        [
          0.0,
          0.0,
          0.0,
          1.0
        ]
      ]
    },
    {
      "file_path": "/media/NFS/ttao/scannet/posed_images/scene0489_00/00293.jpg",
      "transform_matrix": [
        [
          -0.433536,
          -0.371865,
          0.82083,
          3.768703
        ],
        [
          -0.901078,
          0.168587,
          -0.399545,
          4.215715
        ],
        [
          0.010195,
          -0.91285,
          -0.408168,
          1.300714
        ],
        [
          0.0,
          0.0,
          0.0,
          1.0
        ]
      ]
    },
    {
      "file_path": "/media/NFS/ttao/scannet/posed_images/scene0489_00/00299.jpg",
      "transform_matrix": [
        [
          -0.480688,
          -0.319136,
          0.816757,
          3.809554
        ],
        [
          -0.876859,
          0.166832,
          -0.450873,
          4.225565
        ],
        [
          0.007628,
          -0.932909,
          -0.360031,
          1.319959
        ],
        [
          0.0,
          0.0,
          0.0,
          1.0
        ]
      ]
    },
    {
      "file_path": "/media/NFS/ttao/scannet/posed_images/scene0489_00/00307.jpg",
      "transform_matrix": [
        [
          -0.537938,
          -0.2648,
          0.800315,
          3.904657
        ],
        [
          -0.84298,
          0.16601,
          -0.511689,
          4.209879
        ],
        [
          0.002635,
          -0.949906,
          -0.312524,
          1.340578
        ],
        [
          0.0,
          0.0,
          0.0,
          1.0
        ]
      ]
    },
    {
      "file_path": "/media/NFS/ttao/scannet/posed_images/scene0489_00/00311.jpg",
      "transform_matrix": [
        [
          -0.576072,
          -0.24911,
          0.778515,
          3.96659
        ],
        [
          -0.817398,
          0.176995,
          -0.548209,
          4.194566
        ],
        [
          -0.001228,
          -0.952164,
          -0.305584,
          1.344495
        ],
        [
          0.0,
          0.0,
          0.0,
          1.0
        ]
      ]
    },
    {
      "file_path": "/media/NFS/ttao/scannet/posed_images/scene0489_00/00314.jpg",
      "transform_matrix": [
        [
          -0.611402,
          -0.24369,
          0.752863,
          4.018364
        ],
        [
          -0.79132,
          0.188773,
          -0.581531,
          4.187539
        ],
        [
          -0.000407,
          -0.951304,
          -0.308253,
          1.352041
        ],
        [
          0.0,
          0.0,
          0.0,
          1.0
        ]
      ]
    },
    {
      "file_path": "/media/NFS/ttao/scannet/posed_images/scene0489_00/00322.jpg",
      "transform_matrix": [
        [
          -0.637431,
          -0.200868,
          0.743864,
          4.123945
        ],
        [
          -0.770039,
          0.199722,
          -0.605929,
          4.184882
        ],
        [
          -0.026854,
          -0.959043,
          -0.281986,
          1.369411
        ],
        [
          0.0,
          0.0,
          0.0,
          1.0
        ]
      ]
    },
    {
      "file_path": "/media/NFS/ttao/scannet/posed_images/scene0489_00/00325.jpg",
      "transform_matrix": [
        [
          -0.647731,
          -0.195573,
          0.73634,
          4.162523
        ],
        [
          -0.761334,
          0.202375,
          -0.615966,
          4.188172
        ],
        [
          -0.028551,
          -0.959581,
          -0.279981,
          1.368519
        ],
        [
          0.0,
          0.0,
          0.0,
          1.0
        ]
      ]
    },
    {
      "file_path": "/media/NFS/ttao/scannet/posed_images/scene0489_00/00329.jpg",
      "transform_matrix": [
        [
          -0.660451,
          -0.191548,
          0.726026,
          4.219798
        ],
        [
          -0.749835,
          0.218976,
          -0.624338,
          4.197202
        ],
        [
          -0.039391,
          -0.956744,
          -0.288253,
          1.358761
        ],
        [
          0.0,
          0.0,
          0.0,
          1.0
        ]
      ]
    },
    {
      "file_path": "/media/NFS/ttao/scannet/posed_images/scene0489_00/00332.jpg",
      "transform_matrix": [
        [
          -0.682914,
          -0.196363,
          0.703612,
          4.269671
        ],
        [
          -0.729468,
          0.234457,
          -0.642578,
          4.207419
        ],
        [
          -0.038788,
          -0.952088,
          -0.303355,
          1.361864
        ],
        [
          0.0,
          0.0,
          0.0,
          1.0
        ]
      ]
    },
    {
      "file_path": "/media/NFS/ttao/scannet/posed_images/scene0489_00/00339.jpg",
      "transform_matrix": [
        [
          -0.753754,
          -0.157834,
          0.637922,
          4.393691
        ],
        [
          -0.656645,
          0.219202,
          -0.721642,
          4.239474
        ],
        [
          -0.025934,
          -0.962829,
          -0.268865,
          1.368306
        ],
        [
          0.0,
          0.0,
          0.0,
          1.0
        ]
      ]
    },
    {
      "file_path": "/media/NFS/ttao/scannet/posed_images/scene0489_00/00345.jpg",
      "transform_matrix": [
        [
          -0.756267,
          -0.163328,
          0.63355,
          4.49688
        ],
        [
          -0.65405,
          0.213472,
          -0.725705,
          4.275171
        ],
        [
          -0.016717,
          -0.9632,
          -0.268266,
          1.363479
        ],
        [
          0.0,
          0.0,
          0.0,
          1.0
        ]
      ]
    },
    {
      "file_path": "/media/NFS/ttao/scannet/posed_images/scene0489_00/00351.jpg",
      "transform_matrix": [
        [
          -0.772061,
          -0.164634,
          0.613855,
          4.573134
        ],
        [
          -0.635421,
          0.219303,
          -0.740369,
          4.290917
        ],
        [
          -0.012731,
          -0.961666,
          -0.273927,
          1.357576
        ],
        [
          0.0,
          0.0,
          0.0,
          1.0
        ]
      ]
    },
    {
      "file_path": "/media/NFS/ttao/scannet/posed_images/scene0489_00/00354.jpg",
      "transform_matrix": [
        [
          -0.779143,
          -0.176776,
          0.601404,
          4.610656
        ],
        [
          -0.626838,
          0.214827,
          -0.748948,
          4.299489
        ],
        [
          0.003199,
          -0.96052,
          -0.278191,
          1.344599
        ],
        [
          0.0,
          0.0,
          0.0,
          1.0
        ]
      ]
    },
    {
      "file_path": "/media/NFS/ttao/scannet/posed_images/scene0489_00/00358.jpg",
      "transform_matrix": [
        [
          -0.773295,
          -0.202825,
          0.60073,
          4.655148
        ],
        [
          -0.633591,
          0.211267,
          -0.744264,
          4.314435
        ],
        [
          0.024041,
          -0.956153,
          -0.29188,
          1.328859
        ],
        [
          0.0,
          0.0,
          0.0,
          1.0
        ]
      ]
    },
    {
      "file_path": "/media/NFS/ttao/scannet/posed_images/scene0489_00/00363.jpg",
      "transform_matrix": [
        [
          -0.754962,
          -0.229635,
          0.614247,
          4.701771
        ],
        [
          -0.65468,
          0.209996,
          -0.726151,
          4.342677
        ],
        [
          0.037761,
          -0.950352,
          -0.308877,
          1.310966
        ],
        [
          0.0,
          0.0,
          0.0,
          1.0
        ]
      ]
    },
    {
      "file_path": "/media/NFS/ttao/scannet/posed_images/scene0489_00/00372.jpg",
      "transform_matrix": [
        [
          -0.689921,
          -0.289003,
          0.663691,
          4.732993
        ],
        [
          -0.722832,
          0.225625,
          -0.653151,
          4.360426
        ],
        [
          0.039018,
          -0.930361,
          -0.364564,
          1.285617
        ],
        [
          0.0,
          0.0,
          0.0,
          1.0
        ]
      ]
    },
    {
      "file_path": "/media/NFS/ttao/scannet/posed_images/scene0489_00/00376.jpg",
      "transform_matrix": [
        [
          -0.666332,
          -0.314023,
          0.676307,
          4.736863
        ],
        [
          -0.744375,
          0.227001,
          -0.627994,
          4.360462
        ],
        [
          0.043683,
          -0.921879,
          -0.385009,
          1.278339
        ],
        [
          0.0,
          0.0,
          0.0,
          1.0
        ]
      ]
    },
    {
      "file_path": "/media/NFS/ttao/scannet/posed_images/scene0489_00/00380.jpg",
      "transform_matrix": [
        [
          -0.644992,
          -0.327334,
          0.690534,
          4.732669
        ],
        [
          -0.762652,
          0.218439,
          -0.608808,
          4.357951
        ],
        [
          0.048444,
          -0.919313,
          -0.390533,
          1.280273
        ],
        [
          0.0,
          0.0,
          0.0,
          1.0
        ]
      ]
    },
    {
      "file_path": "/media/NFS/ttao/scannet/posed_images/scene0489_00/00387.jpg",
      "transform_matrix": [
        [
          -0.583275,
          -0.346321,
          0.734746,
          4.699951
        ],
        [
          -0.810262,
          0.184429,
          -0.556293,
          4.34738
        ],
        [
          0.057147,
          -0.919809,
          -0.388183,
          1.28066
        ],
        [
          0.0,
          0.0,
          0.0,
          1.0
        ]
      ]
    },
    {
      "file_path": "/media/NFS/ttao/scannet/posed_images/scene0489_00/00392.jpg",
      "transform_matrix": [
        [
          -0.524495,
          -0.36904,
          0.767278,
          4.660718
        ],
        [
          -0.849577,
          0.167681,
          -0.500103,
          4.327922
        ],
        [
          0.0559,
