{
  "frames": [
    {
      "file_path": "/media/NFS/ttao/scannet/posed_images/scene0496_00/00003.jpg",
      "transform_matrix": [
        [
          0.999622,
          -0.026514,
          0.007356,
          0.969184
        ],
        [
          -0.016457,
          -0.361852,
          0.93209,
          0.578706
        ],
        [
          -0.022051,
          -0.931858,
          -0.362152,
          1.69384
        ],
        [
          0.0,
          0.0,
          0.0,
          1.0
        ]
      ]
    },
    {
      "file_path": "/media/NFS/ttao/scannet/posed_images/scene0496_00/00007.jpg",
      "transform_matrix": [
        [
          0.999669,
          -0.02449,
          0.007864,
          0.969671
        ],
        [
          -0.016188,
          -0.36146,
          0.932247,
          0.577736
        ],
        [
          -0.019988,
          -0.932066,
          -0.361736,
          1.689718
        ],
        [
          0.0,
          0.0,
          0.0,
          1.0
        ]
      ]
    },
    {
      "file_path": "/media/NFS/ttao/scannet/posed_images/scene0496_00/00008.jpg",
      "transform_matrix": [
        [
          0.999659,
          -0.02465,
          0.008579,
          0.966983
        ],
        [
          -0.016936,
          -0.362523,
          0.931821,
          0.581005
        ],
        [
          -0.01986,
          -0.931649,
          -0.362817,
          1.691505
        ],
        [
          0.0,
          0.0,
          0.0,
          1.0
        ]
      ]
    },
    {
      "file_path": "/media/NFS/ttao/scannet/posed_images/scene0496_00/00012.jpg",
      "transform_matrix": [
        [
          0.999703,
          -0.018661,
          0.015676,
          0.952204
        ],
        [
          -0.021306,
          -0.356868,
          0.933912,
          0.601855
        ],
        [
          -0.011834,
          -0.933969,
          -0.357159,
          1.70684
        ],
        [
          0.0,
          0.0,
          0.0,
          1.0
        ]
      ]
    },
    {
      "file_path": "/media/NFS/ttao/scannet/posed_images/scene0496_00/00020.jpg",
      "transform_matrix": [
        [
          0.999931,
          -0.007724,
          -0.008883,
          0.935539
        ],
        [
          0.006363,
          -0.280211,
          0.959917,
          0.608825
        ],
        [
          -0.009904,
          -0.959907,
          -0.280142,
          1.73477
        ],
        [
          0.0,
          0.0,
          0.0,
          1.0
        ]
      ]
    },
    {
      "file_path": "/media/NFS/ttao/scannet/posed_images/scene0496_00/00021.jpg",
      "transform_matrix": [
        [
          0.999903,
          -0.009022,
          -0.010615,
          0.935392
        ],
        [
          0.007786,
          -0.269938,
          0.962846,
          0.597676
        ],
        [
          -0.011552,
          -0.962836,
          -0.269842,
          1.741859
        ],
        [
          0.0,
          0.0,
          0.0,
          1.0
        ]
      ]
    },
    {
      "file_path": "/media/NFS/ttao/scannet/posed_images/scene0496_00/00027.jpg",
      "transform_matrix": [
        [
          0.99965,
          -0.005865,
          -0.025793,
          0.927602
        ],
        [
          0.023986,
          -0.210083,
          0.977389,
          0.587239
        ],
        [
          -0.011151,
          -0.977666,
          -0.209869,
          1.76658
        ],
        [
          0.0,
          0.0,
          0.0,
          1.0
        ]
      ]
    },
    {
      "file_path": "/media/NFS/ttao/scannet/posed_images/scene0496_00/00031.jpg",
      "transform_matrix": [
        [
          0.999205,
          -0.000571,
          -0.039864,
          0.925773
        ],
        [
          0.039075,
          -0.184503,
          0.982055,
          0.598968
        ],
        [
          -0.007916,
          -0.982831,
          -0.184334,
          1.789707
        ],
        [
          0.0,
          0.0,
          0.0,
          1.0
        ]
      ]
    },
    {
      "file_path": "/media/NFS/ttao/scannet/posed_images/scene0496_00/00037.jpg",
      "transform_matrix": [
        [
          0.997569,
          -0.007161,
          -0.069324,
          0.911167
        ],
        [
          0.06781,
          -0.129892,
          0.989207,
          0.578619
        ],
        [
          -0.016088,
          -0.991502,
          -0.129091,
          1.814419
        ],
        [
          0.0,
          0.0,
          0.0,
          1.0
        ]
      ]
    },
    {
      "file_path": "/media/NFS/ttao/scannet/posed_images/scene0496_00/00041.jpg",
      "transform_matrix": [
        [
          0.996975,
          -0.011113,
          -0.07692,
          0.903443
        ],
        [
          0.075618,
          -0.089848,
          0.993081,
          0.596178
        ],
        [
          -0.017948,
          -0.995893,
          -0.088736,
          1.826228
        ],
        [
          0.0,
          0.0,
          0.0,
          1.0
        ]
      ]
    },
    {
      "file_path": "/media/NFS/ttao/scannet/posed_images/scene0496_00/00044.jpg",
      "transform_matrix": [
        [
          0.996686,
          -0.018337,
          -0.079252,
          0.906097
        ],
        [
          0.077914,
          -0.064833,
          0.99485,
          0.577741
        ],
        [
          -0.023381,
          -0.997728,
          -0.063189,
          1.835972
        ],
        [
          0.0,
          0.0,
          0.0,
          1.0
        ]
      ]
    },
    {
      "file_path": "/media/NFS/ttao/scannet/posed_images/scene0496_00/00049.jpg",
      "transform_matrix": [
        [
          0.994382,
          -0.030815,
          -0.101271,
          0.902643
        ],
        [
          0.100543,
          -0.024323,
          0.994635,
          0.574136
        ],
        [
          -0.033113,
          -0.999229,
          -0.021088,
          1.850084
        ],
        [
          0.0,
          0.0,
          0.0,
          1.0
        ]
      ]
    },
    {
      "file_path": "/media/NFS/ttao/scannet/posed_images/scene0496_00/00055.jpg",
      "transform_matrix": [
        [
          0.991424,
          -0.037945,
          -0.125054,
          0.893224
        ],
        [
          0.126118,
          0.027085,
          0.991645,
          0.570902
        ],
        [
          -0.034241,
          -0.998913,
          0.031638,
          1.883525
        ],
        [
          0.0,
          0.0,
          0.0,
          1.0
        ]
      ]
    },
    {
      "file_path": "/media/NFS/ttao/scannet/posed_images/scene0496_00/00060.jpg",
      "transform_matrix": [
        [
          -Infinity,
          -Infinity,
          -Infinity,
          -Infinity
        ],
        [
          -Infinity,
          -Infinity,
          -Infinity,
          -Infinity
        ],
        [
          -Infinity,
          -Infinity,
          -Infinity,
          -Infinity
        ],
        [
          -Infinity,
          -Infinity,
          -Infinity,
          -Infinity
        ]
      ]
    },
    {
      "file_path": "/media/NFS/ttao/scannet/posed_images/scene0496_00/00063.jpg",
      "transform_matrix": [
        [
          -Infinity,
          -Infinity,
          -Infinity,
          -Infinity
        ],
        [
          -Infinity,
          -Infinity,
          -Infinity,
          -Infinity
        ],
        [
          -Infinity,
          -Infinity,
          -Infinity,
          -Infinity
        ],
        [
          -Infinity,
          -Infinity,
          -Infinity,
          -Infinity
        ]
      ]
    },
    {
      "file_path": "/media/NFS/ttao/scannet/posed_images/scene0496_00/00069.jpg",
      "transform_matrix": [
        [
          -Infinity,
          -Infinity,
          -Infinity,
          -Infinity
        ],
        [
          -Infinity,
          -Infinity,
          -Infinity,
          -Infinity
        ],
        [
          -Infinity,
          -Infinity,
          -Infinity,
          -Infinity
        ],
        [
          -Infinity,
          -Infinity,
          -Infinity,
          -Infinity
        ]
      ]
    },
    {
      "file_path": "/media/NFS/ttao/scannet/posed_images/scene0496_00/00071.jpg",
      "transform_matrix": [
        [
          -Infinity,
          -Infinity,
          -Infinity,
          -Infinity
        ],
        [
          -Infinity,
          -Infinity,
          -Infinity,
          -Infinity
        ],
        [
          -Infinity,
          -Infinity,
          -Infinity,
          -Infinity
        ],
        [
          -Infinity,
          -Infinity,
          -Infinity,
          -Infinity
        ]
      ]
    },
    {
      "file_path": "/media/NFS/ttao/scannet/posed_images/scene0496_00/00076.jpg",
      "transform_matrix": [
        [
          -Infinity,
          -Infinity,
          -Infinity,
          -Infinity
        ],
        [
          -Infinity,
          -Infinity,
          -Infinity,
          -Infinity
        ],
        [
          -Infinity,
          -Infinity,
          -Infinity,
          -Infinity
        ],
        [
          -Infinity,
          -Infinity,
          -Infinity,
          -Infinity
        ]
      ]
    },
    {
      "file_path": "/media/NFS/ttao/scannet/posed_images/scene0496_00/00081.jpg",
      "transform_matrix": [
        [
          -Infinity,
          -Infinity,
          -Infinity,
          -Infinity
        ],
        [
          -Infinity,
          -Infinity,
          -Infinity,
          -Infinity
        ],
        [
          -Infinity,
          -Infinity,
          -Infinity,
          -Infinity
        ],
        [
          -Infinity,
          -Infinity,
          -Infinity,
          -Infinity
        ]
      ]
    },
    {
      "file_path": "/media/NFS/ttao/scannet/posed_images/scene0496_00/00086.jpg",
      "transform_matrix": [
        [
          -Infinity,
          -Infinity,
          -Infinity,
          -Infinity
        ],
        [
          -Infinity,
          -Infinity,
          -Infinity,
          -Infinity
        ],
        [
          -Infinity,
          -Infinity,
          -Infinity,
          -Infinity
        ],
        [
          -Infinity,
          -Infinity,
          -Infinity,
          -Infinity
        ]
      ]
    },
    {
      "file_path": "/media/NFS/ttao/scannet/posed_images/scene0496_00/00091.jpg",
      "transform_matrix": [
        [
          -Infinity,
          -Infinity,
          -Infinity,
          -Infinity
        ],
        [
          -Infinity,
          -Infinity,
          -Infinity,
          -Infinity
        ],
        [
          -Infinity,
          -Infinity,
          -Infinity,
          -Infinity
        ],
        [
          -Infinity,
          -Infinity,
          -Infinity,
          -Infinity
        ]
      ]
    },
    {
      "file_path": "/media/NFS/ttao/scannet/posed_images/scene0496_00/00092.jpg",
      "transform_matrix": [
        [
          -Infinity,
          -Infinity,
          -Infinity,
          -Infinity
        ],
        [
          -Infinity,
          -Infinity,
          -Infinity,
          -Infinity
        ],
        [
          -Infinity,
          -Infinity,
          -Infinity,
          -Infinity
        ],
        [
          -Infinity,
          -Infinity,
          -Infinity,
          -Infinity
        ]
      ]
    },
    {
      "file_path": "/media/NFS/ttao/scannet/posed_images/scene0496_00/00100.jpg",
      "transform_matrix": [
        [
          -Infinity,
          -Infinity,
          -Infinity,
          -Infinity
        ],
        [
          -Infinity,
          -Infinity,
          -Infinity,
          -Infinity
        ],
        [
          -Infinity,
          -Infinity,
          -Infinity,
          -Infinity
        ],
        [
          -Infinity,
          -Infinity,
          -Infinity,
          -Infinity
        ]
      ]
    },
    {
      "file_path": "/media/NFS/ttao/scannet/posed_images/scene0496_00/00102.jpg",
      "transform_matrix": [
        [
          -Infinity,
          -Infinity,
          -Infinity,
          -Infinity
        ],
        [
          -Infinity,
          -Infinity,
          -Infinity,
          -Infinity
        ],
        [
          -Infinity,
          -Infinity,
          -Infinity,
          -Infinity
        ],
        [
          -Infinity,
          -Infinity,
          -Infinity,
          -Infinity
        ]
      ]
    },
    {
      "file_path": "/media/NFS/ttao/scannet/posed_images/scene0496_00/00110.jpg",
      "transform_matrix": [
        [
          -Infinity,
          -Infinity,
          -Infinity,
          -Infinity
        ],
        [
          -Infinity,
          -Infinity,
          -Infinity,
          -Infinity
        ],
        [
          -Infinity,
          -Infinity,
          -Infinity,
          -Infinity
        ],
        [
          -Infinity,
          -Infinity,
          -Infinity,
          -Infinity
        ]
      ]
    },
    {
      "file_path": "/media/NFS/ttao/scannet/posed_images/scene0496_00/00111.jpg",
      "transform_matrix": [
        [
          -Infinity,
          -Infinity,
          -Infinity,
          -Infinity
        ],
        [
          -Infinity,
          -Infinity,
          -Infinity,
          -Infinity
        ],
        [
          -Infinity,
          -Infinity,
          -Infinity,
          -Infinity
        ],
        [
          -Infinity,
          -Infinity,
          -Infinity,
          -Infinity
        ]
      ]
    },
    {
      "file_path": "/media/NFS/ttao/scannet/posed_images/scene0496_00/00115.jpg",
      "transform_matrix": [
        [
          -Infinity,
          -Infinity,
          -Infinity,
          -Infinity
        ],
        [
          -Infinity,
          -Infinity,
          -Infinity,
          -Infinity
        ],
        [
          -Infinity,
          -Infinity,
          -Infinity,
          -Infinity
        ],
        [
          -Infinity,
          -Infinity,
          -Infinity,
          -Infinity
        ]
      ]
    },
    {
      "file_path": "/media/NFS/ttao/scannet/posed_images/scene0496_00/00119.jpg",
      "transform_matrix": [
        [
          -Infinity,
          -Infinity,
          -Infinity,
          -Infinity
        ],
        [
          -Infinity,
          -Infinity,
          -Infinity,
          -Infinity
        ],
        [
          -Infinity,
          -Infinity,
          -Infinity,
          -Infinity
        ],
        [
          -Infinity,
          -Infinity,
          -Infinity,
          -Infinity
        ]
      ]
    },
    {
      "file_path": "/media/NFS/ttao/scannet/posed_images/scene0496_00/00124.jpg",
      "transform_matrix": [
        [
          -Infinity,
          -Infinity,
          -Infinity,
          -Infinity
        ],
        [
          -Infinity,
          -Infinity,
          -Infinity,
          -Infinity
        ],
        [
          -Infinity,
          -Infinity,
          -Infinity,
          -Infinity
        ],
        [
          -Infinity,
          -Infinity,
          -Infinity,
          -Infinity
        ]
      ]
    },
    {
      "file_path": "/media/NFS/ttao/scannet/posed_images/scene0496_00/00128.jpg",
      "transform_matrix": [
        [
          -Infinity,
          -Infinity,
          -Infinity,
          -Infinity
        ],
        [
          -Infinity,
          -Infinity,
          -Infinity,
          -Infinity
        ],
        [
          -Infinity,
          -Infinity,
          -Infinity,
          -Infinity
        ],
        [
          -Infinity,
          -Infinity,
          -Infinity,
          -Infinity
        ]
      ]
    },
    {
      "file_path": "/media/NFS/ttao/scannet/posed_images/scene0496_00/00136.jpg",
      "transform_matrix": [
        [
          -Infinity,
          -Infinity,
          -Infinity,
          -Infinity
        ],
        [
          -Infinity,
          -Infinity,
          -Infinity,
          -Infinity
        ],
        [
          -Infinity,
          -Infinity,
          -Infinity,
          -Infinity
        ],
        [
          -Infinity,
          -Infinity,
          -Infinity,
          -Infinity
        ]
      ]
    },
    {
      "file_path": "/media/NFS/ttao/scannet/posed_images/scene0496_00/00140.jpg",
      "transform_matrix": [
        [
          -Infinity,
          -Infinity,
          -Infinity,
          -Infinity
        ],
        [
          -Infinity,
          -Infinity,
          -Infinity,
          -Infinity
        ],
        [
          -Infinity,
          -Infinity,
          -Infinity,
          -Infinity
        ],
        [
          -Infinity,
          -Infinity,
          -Infinity,
          -Infinity
        ]
      ]
    },
    {
      "file_path": "/media/NFS/ttao/scannet/posed_images/scene0496_00/00144.jpg",
      "transform_matrix": [
        [
          -Infinity,
          -Infinity,
          -Infinity,
          -Infinity
        ],
        [
          -Infinity,
          -Infinity,
          -Infinity,
          -Infinity
        ],
        [
          -Infinity,
          -Infinity,
          -Infinity,
          -Infinity
        ],
        [
          -Infinity,
          -Infinity,
          -Infinity,
          -Infinity
        ]
      ]
    },
    {
      "file_path": "/media/NFS/ttao/scannet/posed_images/scene0496_00/00150.jpg",
      "transform_matrix": [
        [
          -Infinity,
          -Infinity,
          -Infinity,
          -Infinity
        ],
        [
          -Infinity,
          -Infinity,
          -Infinity,
          -Infinity
        ],
        [
          -Infinity,
          -Infinity,
          -Infinity,
          -Infinity
        ],
        [
          -Infinity,
          -Infinity,
          -Infinity,
          -Infinity
        ]
      ]
    },
    {
      "file_path": "/media/NFS/ttao/scannet/posed_images/scene0496_00/00154.jpg",
      "transform_matrix": [
        [
          -Infinity,
          -Infinity,
          -Infinity,
          -Infinity
        ],
        [
          -Infinity,
          -Infinity,
          -Infinity,
          -Infinity
        ],
        [
          -Infinity,
          -Infinity,
          -Infinity,
          -Infinity
        ],
        [
          -Infinity,
          -Infinity,
          -Infinity,
          -Infinity
        ]
      ]
    },
    {
      "file_path": "/media/NFS/ttao/scannet/posed_images/scene0496_00/00158.jpg",
      "transform_matrix": [
        [
          -Infinity,
          -Infinity,
          -Infinity,
          -Infinity
        ],
        [
          -Infinity,
          -Infinity,
          -Infinity,
          -Infinity
        ],
        [
          -Infinity,
          -Infinity,
          -Infinity,
          -Infinity
        ],
        [
          -Infinity,
          -Infinity,
          -Infinity,
          -Infinity
        ]
      ]
    },
    {
      "file_path": "/media/NFS/ttao/scannet/posed_images/scene0496_00/00159.jpg",
      "transform_matrix": [
        [
          -Infinity,
          -Infinity,
          -Infinity,
          -Infinity
        ],
        [
          -Infinity,
          -Infinity,
          -Infinity,
          -Infinity
        ],
        [
          -Infinity,
          -Infinity,
          -Infinity,
          -Infinity
        ],
        [
          -Infinity,
          -Infinity,
          -Infinity,
          -Infinity
        ]
      ]
    },
    {
      "file_path": "/media/NFS/ttao/scannet/posed_images/scene0496_00/00166.jpg",
      "transform_matrix": [
        [
          -Infinity,
          -Infinity,
          -Infinity,
          -Infinity
        ],
        [
          -Infinity,
          -Infinity,
          -Infinity,
          -Infinity
        ],
        [
          -Infinity,
          -Infinity,
          -Infinity,
          -Infinity
        ],
        [
          -Infinity,
          -Infinity,
          -Infinity,
          -Infinity
        ]
      ]
    },
    {
      "file_path": "/media/NFS/ttao/scannet/posed_images/scene0496_00/00170.jpg",
      "transform_matrix": [
        [
          -Infinity,
          -Infinity,
          -Infinity,
          -Infinity
        ],
        [
          -Infinity,
          -Infinity,
          -Infinity,
          -Infinity
        ],
        [
          -Infinity,
          -Infinity,
          -Infinity,
          -Infinity
        ],
        [
          -Infinity,
          -Infinity,
          -Infinity,
          -Infinity
        ]
      ]
    },
    {
      "file_path": "/media/NFS/ttao/scannet/posed_images/scene0496_00/00175.jpg",
      "transform_matrix": [
        [
          -Infinity,
          -Infinity,
          -Infinity,
          -Infinity
        ],
        [
          -Infinity,
          -Infinity,
          -Infinity,
          -Infinity
        ],
        [
          -Infinity,
          -Infinity,
          -Infinity,
          -Infinity
        ],
        [
          -Infinity,
          -Infinity,
          -Infinity,
          -Infinity
        ]
      ]
    },
    {
      "file_path": "/media/NFS/ttao/scannet/posed_images/scene0496_00/00180.jpg",
      "transform_matrix": [
        [
          -Infinity,
          -Infinity,
          -Infinity,
          -Infinity
        ],
        [
          -Infinity,
          -Infinity,
          -Infinity,
          -Infinity
        ],
        [
          -Infinity,
          -Infinity,
          -Infinity,
          -Infinity
        ],
        [
          -Infinity,
          -Infinity,
          -Infinity,
          -Infinity
        ]
      ]
    },
    {
      "file_path": "/media/NFS/ttao/scannet/posed_images/scene0496_00/00182.jpg",
      "transform_matrix": [
        [
          -Infinity,
          -Infinity,
          -Infinity,
          -Infinity
        ],
        [
          -Infinity,
          -Infinity,
          -Infinity,
          -Infinity
        ],
        [
          -Infinity,
          -Infinity,
          -Infinity,
          -Infinity
        ],
        [
          -Infinity,
          -Infinity,
          -Infinity,
          -Infinity
        ]
      ]
    },
    {
      "file_path": "/media/NFS/ttao/scannet/posed_images/scene0496_00/00190.jpg",
      "transform_matrix": [
        [
          -Infinity,
          -Infinity,
          -Infinity,
          -Infinity
        ],
        [
          -Infinity,
          -Infinity,
          -Infinity,
          -Infinity
        ],
        [
          -Infinity,
          -Infinity,
          -Infinity,
          -Infinity
        ],
        [
          -Infinity,
          -Infinity,
          -Infinity,
          -Infinity
        ]
      ]
    },
    {
      "file_path": "/media/NFS/ttao/scannet/posed_images/scene0496_00/00192.jpg",
      "transform_matrix": [
        [
          -Infinity,
          -Infinity,
          -Infinity,
          -Infinity
        ],
        [
          -Infinity,
          -Infinity,
          -Infinity,
          -Infinity
        ],
        [
          -Infinity,
          -Infinity,
          -Infinity,
          -Infinity
        ],
        [
          -Infinity,
          -Infinity,
          -Infinity,
          -Infinity
        ]
      ]
    },
    {
      "file_path": "/media/NFS/ttao/scannet/posed_images/scene0496_00/00198.jpg",
      "transform_matrix": [
        [
          -Infinity,
          -Infinity,
          -Infinity,
          -Infinity
        ],
        [
          -Infinity,
          -Infinity,
          -Infinity,
          -Infinity
        ],
        [
          -Infinity,
          -Infinity,
          -Infinity,
          -Infinity
        ],
        [
          -Infinity,
          -Infinity,
          -Infinity,
          -Infinity
        ]
      ]
    },
    {
      "file_path": "/media/NFS/ttao/scannet/posed_images/scene0496_00/00200.jpg",
      "transform_matrix": [
        [
          -Infinity,
          -Infinity,
          -Infinity,
          -Infinity
        ],
        [
          -Infinity,
          -Infinity,
          -Infinity,
          -Infinity
        ],
        [
          -Infinity,
          -Infinity,
          -Infinity,
          -Infinity
        ],
        [
          -Infinity,
          -Infinity,
          -Infinity,
          -Infinity
        ]
      ]
    },
    {
      "file_path": "/media/NFS/ttao/scannet/posed_images/scene0496_00/00207.jpg",
      "transform_matrix": [
        [
          -Infinity,
          -Infinity,
          -Infinity,
          -Infinity
        ],
        [
          -Infinity,
          -Infinity,
          -Infinity,
          -Infinity
        ],
        [
          -Infinity,
          -Infinity,
          -Infinity,
          -Infinity
        ],
        [
          -Infinity,
          -Infinity,
          -Infinity,
          -Infinity
        ]
      ]
    },
    {
      "file_path": "/media/NFS/ttao/scannet/posed_images/scene0496_00/00211.jpg",
      "transform_matrix": [
        [
          -Infinity,
          -Infinity,
          -Infinity,
          -Infinity
        ],
        [
          -Infinity,
          -Infinity,
          -Infinity,
          -Infinity
        ],
        [
          -Infinity,
          -Infinity,
          -Infinity,
          -Infinity
        ],
        [
          -Infinity,
          -Infinity,
          -Infinity,
          -Infinity
        ]
      ]
    },
    {
      "file_path": "/media/NFS/ttao/scannet/posed_images/scene0496_00/00214.jpg",
      "transform_matrix": [
        [
          -Infinity,
          -Infinity,
          -Infinity,
          -Infinity
        ],
        [
          -Infinity,
          -Infinity,
          -Infinity,
          -Infinity
        ],
        [
          -Infinity,
          -Infinity,
          -Infinity,
          -Infinity
        ],
        [
          -Infinity,
          -Infinity,
          -Infinity,
          -Infinity
        ]
      ]
    },
    {
      "file_path": "/media/NFS/ttao/scannet/posed_images/scene0496_00/00220.jpg",
      "transform_matrix": [
        [
          0.634479,
          -0.157609,
          0.756701,
          1.289896
        ],
        [
          -0.77247,
          -0.095139,
          0.627885,
          0.405172
        ],
        [
          -0.026969,
          -0.982908,
          -0.182111,
          1.763301
        ],
        [
          0.0,
          0.0,
          0.0,
          1.0
        ]
      ]
    },
    {
      "file_path": "/media/NFS/ttao/scannet/posed_images/scene0496_00/00224.jpg",
      "transform_matrix": [
        [
          0.63076,
          -0.169154,
          0.757317,
          1.345699
        ],
        [
          -0.775956,
          -0.13022,
          0.617199,
          0.442546
        ],
        [
          -0.005784,
          -0.976949,
          -0.213394,
          1.770612
        ],
        [
          0.0,
          0.0,
          0.0,
          1.0
        ]
      ]
    },
    {
      "file_path": "/media/NFS/ttao/scannet/posed_images/scene0496_00/00226.jpg",
      "transform_matrix": [
        [
          -Infinity,
          -Infinity,
          -Infinity,
          -Infinity
        ],
        [
          -Infinity,
          -Infinity,
          -Infinity,
          -Infinity
        ],
        [
          -Infinity,
          -Infinity,
          -Infinity,
          -Infinity
        ],
        [
          -Infinity,
          -Infinity,
          -Infinity,
          -Infinity
        ]
      ]
    },
    {
      "file_path": "/media/NFS/ttao/scannet/posed_images/scene0496_00/00234.jpg",
      "transform_matrix": [
        [
          0.656122,
          -0.203624,
          0.726664,
          1.310337
        ],
        [
          -0.754138,
          -0.141297,
          0.641335,
          0.361476
        ],
        [
          -0.027915,
          -0.968799,
          -0.246269,
          1.726979
        ],
        [
          0.0,
          0.0,
          0.0,
          1.0
        ]
      ]
    },
    {
      "file_path": "/media/NFS/ttao/scannet/posed_images/scene0496_00/00235.jpg",
      "transform_matrix": [
        [
          0.658291,
          -0.205056,
          0.724297,
          1.299044
        ],
        [
          -0.752251,
          -0.143693,
          0.643017,
          0.351893
        ],
        [
          -0.027778,
          -0.968145,
          -0.248845,
          1.720255
        ],
        [
          0.0,
          0.0,
          0.0,
          1.0
        ]
      ]
    },
    {
      "file_path": "/media/NFS/ttao/scannet/posed_images/scene0496_00/00239.jpg",
      "transform_matrix": [
        [
          0.673913,
          -0.224109,
          0.704001,
          1.294025
        ],
        [
          -0.738123,
          -0.163133,
          0.654646,
          0.371007
        ],
        [
          -0.031866,
          -0.960813,
          -0.275358,
          1.707422
        ],
        [
          0.0,
          0.0,
          0.0,
          1.0
        ]
      ]
    },
    {
      "file_path": "/media/NFS/ttao/scannet/posed_images/scene0496_00/00244.jpg",
      "transform_matrix": [
        [
          0.717117,
          -0.238822,
          0.654757,
          1.300544
        ],
        [
          -0.695966,
          -0.195417,
          0.690973,
          0.369134
        ],
        [
          -0.037069,
          -0.951197,
          -0.306349,
          1.703583
        ],
        [
          0.0,
          0.0,
          0.0,
          1.0
        ]
      ]
    },
    {
      "file_path": "/media/NFS/ttao/scannet/posed_images/scene0496_00/00251.jpg",
      "transform_matrix": [
        [
          0.761263,
          -0.238162,
          0.603123,
          1.272941
        ],
        [
          -0.647444,
          -0.227561,
          0.727346,
          0.381323
        ],
        [
          -0.035979,
          -0.94419,
          -0.32743,
          1.686242
        ],
        [
          0.0,
          0.0,
          0.0,
          1.0
        ]
      ]
    },
    {
      "file_path": "/media/NFS/ttao/scannet/posed_images/scene0496_00/00257.jpg",
      "transform_matrix": [
        [
          0.787841,
          -0.22921,
          0.571638,
          1.259465
        ],
        [
          -0.6152,
          -0.249317,
          0.74791,
          0.389179
        ],
        [
          -0.028909,
          -0.940906,
          -0.337432,
          1.681949
        ],
        [
          0.0,
          0.0,
          0.0,
          1.0
        ]
      ]
    },
    {
      "file_path": "/media/NFS/ttao/scannet/posed_images/scene0496_00/00261.jpg",
      "transform_matrix": [
        [
          0.796777,
          -0.225636,
          0.560567,
          1.234571
        ],
        [
          -0.603684,
          -0.256247,
          0.754919,
          0.409227
        ],
        [
          -0.026693,
          -0.939907,
          -0.340385,
          1.676823
        ],
        [
          0.0,
          0.0,
          0.0,
          1.0
        ]
      ]
    },
    {
      "file_path": "/media/NFS/ttao/scannet/posed_images/scene0496_00/00262.jpg",
      "transform_matrix": [
        [
          0.800704,
          -0.225965,
          0.554809,
          1.235688
        ],
        [
          -0.598441,
          -0.259624,
          0.757934,
          0.411922
        ],
        [
          -0.027225,
          -0.938901,
          -0.343109,
          1.679102
        ],
        [
          0.0,
          0.0,
          0.0,
          1.0
        ]
      ]
    },
    {
      "file_path": "/media/NFS/ttao/scannet/posed_images/scene0496_00/00266.jpg",
      "transform_matrix": [
        [
          0.817583,
          -0.223641,
          0.530606,
          1.214189
        ],
        [
          -0.574931,
          -0.266148,
          0.773705,
          0.417515
        ],
        [
          -0.031813,
          -0.93763,
          -0.346176,
          1.672266
        ],
        [
          0.0,
          0.0,
          0.0,
          1.0
        ]
      ]
    },
    {
      "file_path": "/media/NFS/ttao/scannet/posed_images/scene0496_00/00271.jpg",
      "transform_matrix": [
        [
          0.847502,
          -0.208746,
          0.488022,
          1.181335
        ],
        [
          -0.530178,
          -0.288713,
          0.797217,
          0.4372
        ],
        [
          -0.025517,
          -0.934382,
          -0.355358,
          1.664489
        ],
        [
          0.0,
          0.0,
          0.0,
          1.0
        ]
      ]
    },
    {
      "file_path": "/media/NFS/ttao/scannet/posed_images/scene0496_00/00278.jpg",
      "transform_matrix": [
        [
          0.891251,
          -0.184505,
          0.414283,
          1.142457
        ],
        [
          -0.453102,
          -0.323451,
          0.830709,
          0.461844
        ],
        [
          -0.019269,
          -0.928082,
          -0.371876,
          1.658635
        ],
        [
          0.0,
          0.0,
          0.0,
          1.0
        ]
      ]
    },
    {
      "file_path": "/media/NFS/ttao/scannet/posed_images/scene0496_00/00283.jpg",
      "transform_matrix": [
        [
          0.911839,
          -0.169811,
          0.373783,
          1.108524
        ],
        [
          -0.410318,
          -0.346477,
          0.84356,
          0.478393
        ],
        [
          -0.013739,
          -0.92256,
          -0.385608,
          1.650202
        ],
        [
          0.0,
          0.0,
          0.0,
          1.0
        ]
      ]
    },
    {
      "file_path": "/media/NFS/ttao/scannet/posed_images/scene0496_00/00285.jpg",
      "transform_matrix": [
        [
          0.917733,
          -0.165729,
          0.360971,
          1.098118
        ],
        [
          -0.396967,
          -0.351691,
          0.84778,
          0.482379
        ],
        [
          -0.013551,
          -0.921329,
          -0.388547,
          1.643843
        ],
        [
          0.0,
          0.0,
          0.0,
          1.0
        ]
      ]
    },
    {
      "file_path": "/media/NFS/ttao/scannet/posed_images/scene0496_00/00291.jpg",
      "transform_matrix": [
        [
          0.934519,
          -0.157942,
          0.318951,
          1.084547
        ],
        [
          -0.355642,
          -0.379323,
          0.854185,
          0.516211
        ],
        [
          -0.013926,
          -0.911684,
          -0.410655,
          1.654058
        ],
        [
          0.0,
          0.0,
          0.0,
          1.0
        ]
      ]
    },
    {
      "file_path": "/media/NFS/ttao/scannet/posed_images/scene0496_00/00293.jpg",
      "transform_matrix": [
        [
          0.941127,
          -0.151544,
          0.302183,
          1.079347
        ],
        [
          -0.337791,
          -0.386374,
          0.858261,
          0.523843
        ],
        [
          -0.013308,
          -0.909808,
          -0.414817,
          1.652035
        ],
        [
          0.0,
          0.0,
          0.0,
          1.0
        ]
      ]
    },
    {
      "file_path": "/media/NFS/ttao/scannet/posed_images/scene0496_00/00301.jpg",
      "transform_matrix": [
        [
          0.965931,
          -0.125297,
          0.226447,
          1.059317
        ],
        [
          -0.258398,
          -0.418137,
          0.870857,
          0.573547
        ],
        [
          -0.014429,
          -0.899701,
          -0.436268,
          1.645508
        ],
        [
          0.0,
          0.0,
          0.0,
          1.0
        ]
      ]
    },
    {
      "file_path": "/media/NFS/ttao/scannet/posed_images/scene0496_00/00302.jpg",
      "transform_matrix": [
        [
          0.967999,
          -0.122029,
          0.219289,
          1.054605
        ],
        [
          -0.250548,
          -0.420114,
          0.872198,
          0.575727
        ],
        [
          -0.014307,
          -0.899229,
          -0.437244,
          1.641744
        ],
        [
          0.0,
          0.0,
          0.0,
          1.0
        ]
      ]
    },
    {
      "file_path": "/media/NFS/ttao/scannet/posed_images/scene0496_00/00310.jpg",
      "transform_matrix": [
        [
          0.983551,
          -0.08944,
          0.156932,
          1.027436
        ],
        [
          -0.18049,
          -0.452546,
          0.873284,
          0.649776
        ],
        [
          -0.007088,
          -0.887244,
          -0.461246,
          1.627431
        ],
        [
          0.0,
          0.0,
          0.0,
          1.0
        ]
      ]
    },
    {
      "file_path": "/media/NFS/ttao/scannet/posed_images/scene0496_00/00311.jpg",
      "transform_matrix": [
        [
          0.984989,
          -0.082929,
          0.151395,
          1.019106
        ],
        [
          -0.172584,
          -0.455118,
          0.873546,
          0.658945
        ],
        [
          -0.003539,
          -0.886561,
          -0.462598,
          1.624043
        ],
        [
          0.0,
          0.0,
          0.0,
          1.0
        ]
      ]
    },
    {
      "file_path": "/media/NFS/ttao/scannet/posed_images/scene0496_00/00315.jpg",
      "transform_matrix": [
        [
          0.990339,
          -0.066807,
          0.121512,
          1.02192
        ],
        [
          -0.138651,
          -0.464125,
          0.874851,
          0.69513
        ],
        [
          -0.00205,
          -0.883247,
          -0.468904,
          1.618906
        ],
        [
          0.0,
          0.0,
          0.0,
          1.0
        ]
      ]
    },
    {
      "file_path": "/media/NFS/ttao/scannet/posed_images/scene0496_00/00319.jpg",
      "transform_matrix": [
        [
          0.993694,
          -0.054932,
          0.097752,
          1.021573
        ],
        [
          -0.112108,
          -0.469553,
          0.875758,
          0.734738
        ],
        [
          -0.002207,
          -0.881194,
          -0.47275,
          1.616727
        ],
        [
          0.0,
          0.0,
          0.0,
          1.0
        ]
      ]
    },
    {
      "file_path": "/media/NFS/ttao/scannet/posed_images/scene0496_00/00325.jpg",
      "transform_matrix": [
        [
          0.998505,
          -0.025676,
          0.04826,
          1.032138
        ],
        [
          -0.054665,
          -0.471871,
          0.879971,
          0.774902
        ],
        [
          0.000179,
          -0.881293,
          -0.472569,
          1.603089
        ],
        [
          0.0,
          0.0,
          0.0,
          1.0
        ]
      ]
    },
    {
      "file_path": "/media/NFS/ttao/scannet/posed_images/scene0496_00/00331.jpg",
      "transform_matrix": [
        [
          0.999777,
          -0.006121,
          0.02024,
          1.031282
        ],
        [
          -0.020613,
          -0.495508,
          0.868359,
          0.819602
        ],
        [
          0.004713,
          -0.868582,
          -0.495523,
          1.596744
        ],
        [
          0.0,
          0.0,
          0.0,
          1.0
        ]
      ]
    },
    {
      "file_path": "/media/NFS/ttao/scannet/posed_images/scene0496_00/00333.jpg",
      "transform_matrix": [
        [
          0.99978,
          -0.002225,
          0.020856,
          1.028994
