{
  "frames": [
    {
      "file_path": "/media/NFS/ttao/scannet/posed_images/scene0197_01/00000.jpg",
      "transform_matrix": [
        [
          -0.992693,
          0.024316,
          0.118194,
          4.931922
        ],
        [
          -0.085859,
          0.545921,
          -0.833426,
          1.693933
        ],
        [
          -0.08479,
          -0.837484,
          -0.539844,
          1.410309
        ],
        [
          0.0,
          0.0,
          0.0,
          1.0
        ]
      ]
    },
    {
      "file_path": "/media/NFS/ttao/scannet/posed_images/scene0197_01/00008.jpg",
      "transform_matrix": [
        [
          -0.992978,
          0.024751,
          0.115681,
          4.929489
        ],
        [
          -0.090189,
          0.474419,
          -0.875667,
          1.717749
        ],
        [
          -0.076555,
          -0.879951,
          -0.468855,
          1.425212
        ],
        [
          0.0,
          0.0,
          0.0,
          1.0
        ]
      ]
    },
    {
      "file_path": "/media/NFS/ttao/scannet/posed_images/scene0197_01/00016.jpg",
      "transform_matrix": [
        [
          -0.995204,
          0.02291,
          0.095107,
          4.942568
        ],
        [
          -0.074882,
          0.447199,
          -0.891295,
          1.725667
        ],
        [
          -0.062951,
          -0.894141,
          -0.443338,
          1.433678
        ],
        [
          0.0,
          0.0,
          0.0,
          1.0
        ]
      ]
    },
    {
      "file_path": "/media/NFS/ttao/scannet/posed_images/scene0197_01/00018.jpg",
      "transform_matrix": [
        [
          -0.995404,
          0.025085,
          0.092422,
          4.939626
        ],
        [
          -0.071756,
          0.443757,
          -0.89327,
          1.727134
        ],
        [
          -0.063421,
          -0.895796,
          -0.439918,
          1.433584
        ],
        [
          0.0,
          0.0,
          0.0,
          1.0
        ]
      ]
    },
    {
      "file_path": "/media/NFS/ttao/scannet/posed_images/scene0197_01/00030.jpg",
      "transform_matrix": [
        [
          -0.997419,
          0.041788,
          0.058397,
          4.941005
        ],
        [
          -0.036811,
          0.400714,
          -0.915463,
          1.735499
        ],
        [
          -0.061656,
          -0.91525,
          -0.398141,
          1.439912
        ],
        [
          0.0,
          0.0,
          0.0,
          1.0
        ]
      ]
    },
    {
      "file_path": "/media/NFS/ttao/scannet/posed_images/scene0197_01/00031.jpg",
      "transform_matrix": [
        [
          -0.997315,
          0.044932,
          0.057833,
          4.941373
        ],
        [
          -0.034825,
          0.403723,
          -0.914218,
          1.734573
        ],
        [
          -0.064427,
          -0.913777,
          -0.401074,
          1.440519
        ],
        [
          0.0,
          0.0,
          0.0,
          1.0
        ]
      ]
    },
    {
      "file_path": "/media/NFS/ttao/scannet/posed_images/scene0197_01/00043.jpg",
      "transform_matrix": [
        [
          -0.996467,
          0.037605,
          0.075103,
          4.943774
        ],
        [
          -0.045992,
          0.503898,
          -0.862538,
          1.725023
        ],
        [
          -0.07028,
          -0.862944,
          -0.500388,
          1.404749
        ],
        [
          0.0,
          0.0,
          0.0,
          1.0
        ]
      ]
    },
    {
      "file_path": "/media/NFS/ttao/scannet/posed_images/scene0197_01/00049.jpg",
      "transform_matrix": [
        [
          -0.997725,
          0.028123,
          0.061273,
          4.950211
        ],
        [
          -0.035651,
          0.551288,
          -0.833553,
          1.71867
        ],
        [
          -0.057221,
          -0.833841,
          -0.549031,
          1.384842
        ],
        [
          0.0,
          0.0,
          0.0,
          1.0
        ]
      ]
    },
    {
      "file_path": "/media/NFS/ttao/scannet/posed_images/scene0197_01/00053.jpg",
      "transform_matrix": [
        [
          -0.997889,
          0.029298,
          0.057956,
          4.950421
        ],
        [
          -0.031079,
          0.568152,
          -0.822336,
          1.715389
        ],
        [
          -0.05702,
          -0.822402,
          -0.566042,
          1.378443
        ],
        [
          0.0,
          0.0,
          0.0,
          1.0
        ]
      ]
    },
    {
      "file_path": "/media/NFS/ttao/scannet/posed_images/scene0197_01/00057.jpg",
      "transform_matrix": [
        [
          -0.998816,
          0.030788,
          0.037669,
          4.951023
        ],
        [
          -0.012965,
          0.577832,
          -0.816053,
          1.711255
        ],
        [
          -0.046891,
          -0.815575,
          -0.576749,
          1.37434
        ],
        [
          0.0,
          0.0,
          0.0,
          1.0
        ]
      ]
    },
    {
      "file_path": "/media/NFS/ttao/scannet/posed_images/scene0197_01/00067.jpg",
      "transform_matrix": [
        [
          -0.997264,
          0.064377,
          -0.036332,
          4.931855
        ],
        [
          0.067703,
          0.598117,
          -0.798544,
          1.703698
        ],
        [
          -0.029677,
          -0.798819,
          -0.600839,
          1.361235
        ],
        [
          0.0,
          0.0,
          0.0,
          1.0
        ]
      ]
    },
    {
      "file_path": "/media/NFS/ttao/scannet/posed_images/scene0197_01/00071.jpg",
      "transform_matrix": [
        [
          -0.994467,
          0.091841,
          -0.051007,
          4.904594
        ],
        [
          0.096653,
          0.609612,
          -0.786786,
          1.701907
        ],
        [
          -0.041165,
          -0.787362,
          -0.615115,
          1.35523
        ],
        [
          0.0,
          0.0,
          0.0,
          1.0
        ]
      ]
    },
    {
      "file_path": "/media/NFS/ttao/scannet/posed_images/scene0197_01/00083.jpg",
      "transform_matrix": [
        [
          -0.984357,
          0.154422,
          -0.084827,
          4.807392
        ],
        [
          0.158767,
          0.568723,
          -0.807061,
          1.717587
        ],
        [
          -0.076384,
          -0.807903,
          -0.584344,
          1.373981
        ],
        [
          0.0,
          0.0,
          0.0,
          1.0
        ]
      ]
    },
    {
      "file_path": "/media/NFS/ttao/scannet/posed_images/scene0197_01/00087.jpg",
      "transform_matrix": [
        [
          -0.98,
          0.180084,
          -0.084677,
          4.770841
        ],
        [
          0.172781,
          0.558905,
          -0.811031,
          1.726856
        ],
        [
          -0.098728,
          -0.809441,
          -0.578842,
          1.376236
        ],
        [
          0.0,
          0.0,
          0.0,
          1.0
        ]
      ]
    },
    {
      "file_path": "/media/NFS/ttao/scannet/posed_images/scene0197_01/00092.jpg",
      "transform_matrix": [
        [
          -0.975276,
          0.201548,
          -0.090637,
          4.739955
        ],
        [
          0.189383,
          0.55089,
          -0.812807,
          1.733412
        ],
        [
          -0.113888,
          -0.809876,
          -0.575439,
          1.382255
        ],
        [
          0.0,
          0.0,
          0.0,
          1.0
        ]
      ]
    },
    {
      "file_path": "/media/NFS/ttao/scannet/posed_images/scene0197_01/00100.jpg",
      "transform_matrix": [
        [
          -0.967967,
          0.226983,
          -0.107325,
          4.695417
        ],
        [
          0.216484,
          0.537984,
          -0.814683,
          1.745712
        ],
        [
          -0.127179,
          -0.81182,
          -0.569889,
          1.384504
        ],
        [
          0.0,
          0.0,
          0.0,
          1.0
        ]
      ]
    },
    {
      "file_path": "/media/NFS/ttao/scannet/posed_images/scene0197_01/00104.jpg",
      "transform_matrix": [
        [
          -0.96367,
          0.238496,
          -0.120253,
          4.672486
        ],
        [
          0.233598,
          0.534249,
          -0.81241,
          1.750582
        ],
        [
          -0.129511,
          -0.810986,
          -0.570551,
          1.382704
        ],
        [
          0.0,
          0.0,
          0.0,
          1.0
        ]
      ]
    },
    {
      "file_path": "/media/NFS/ttao/scannet/posed_images/scene0197_01/00110.jpg",
      "transform_matrix": [
        [
          -0.955333,
          0.252785,
          -0.1531,
          4.64051
        ],
        [
          0.267921,
          0.522152,
          -0.809676,
          1.760105
        ],
        [
          -0.124732,
          -0.814528,
          -0.566556,
          1.381838
        ],
        [
          0.0,
          0.0,
          0.0,
          1.0
        ]
      ]
    },
    {
      "file_path": "/media/NFS/ttao/scannet/posed_images/scene0197_01/00122.jpg",
      "transform_matrix": [
        [
          -0.900801,
          0.349155,
          -0.258165,
          4.561135
        ],
        [
          0.407008,
          0.471692,
          -0.782209,
          1.787256
        ],
        [
          -0.151338,
          -0.80969,
          -0.567009,
          1.378083
        ],
        [
          0.0,
          0.0,
          0.0,
          1.0
        ]
      ]
    },
    {
      "file_path": "/media/NFS/ttao/scannet/posed_images/scene0197_01/00126.jpg",
      "transform_matrix": [
        [
          -0.886448,
          0.359308,
          -0.291732,
          4.539988
        ],
        [
          0.438214,
          0.448764,
          -0.778832,
          1.793745
        ],
        [
          -0.148922,
          -0.818235,
          -0.55526,
          1.377037
        ],
        [
          0.0,
          0.0,
          0.0,
          1.0
        ]
      ]
    },
    {
      "file_path": "/media/NFS/ttao/scannet/posed_images/scene0197_01/00134.jpg",
      "transform_matrix": [
        [
          -0.869871,
          0.379795,
          -0.314771,
          4.501556
        ],
        [
          0.468072,
          0.434137,
          -0.769697,
          1.801055
        ],
        [
          -0.155673,
          -0.816872,
          -0.555415,
          1.375978
        ],
        [
          0.0,
          0.0,
          0.0,
          1.0
        ]
      ]
    },
    {
      "file_path": "/media/NFS/ttao/scannet/posed_images/scene0197_01/00136.jpg",
      "transform_matrix": [
        [
          -0.866423,
          0.379197,
          -0.32484,
          4.497786
        ],
        [
          0.476618,
          0.434186,
          -0.764407,
          1.79852
        ],
        [
          -0.14882,
          -0.817124,
          -0.556921,
          1.374116
        ],
        [
          0.0,
          0.0,
          0.0,
          1.0
        ]
      ]
    },
    {
      "file_path": "/media/NFS/ttao/scannet/posed_images/scene0197_01/00144.jpg",
      "transform_matrix": [
        [
          -0.848031,
          0.364755,
          -0.384444,
          4.490565
        ],
        [
          0.517269,
          0.412,
          -0.750126,
          1.779809
        ],
        [
          -0.115221,
          -0.834991,
          -0.538065,
          1.37143
        ],
        [
          0.0,
          0.0,
          0.0,
          1.0
        ]
      ]
    },
    {
      "file_path": "/media/NFS/ttao/scannet/posed_images/scene0197_01/00151.jpg",
      "transform_matrix": [
        [
          -0.831371,
          0.3205,
          -0.453985,
          4.500548
        ],
        [
          0.552578,
          0.390038,
          -0.736565,
          1.759144
        ],
        [
          -0.058998,
          -0.863221,
          -0.501368,
          1.384765
        ],
        [
          0.0,
          0.0,
          0.0,
          1.0
        ]
      ]
    },
    {
      "file_path": "/media/NFS/ttao/scannet/posed_images/scene0197_01/00155.jpg",
      "transform_matrix": [
        [
          -0.821239,
          0.32515,
          -0.468875,
          4.505169
        ],
        [
          0.56857,
          0.397345,
          -0.720309,
          1.747806
        ],
        [
          -0.047903,
          -0.858134,
          -0.511186,
          1.386753
        ],
        [
          0.0,
          0.0,
          0.0,
          1.0
        ]
      ]
    },
    {
      "file_path": "/media/NFS/ttao/scannet/posed_images/scene0197_01/00165.jpg",
      "transform_matrix": [
        [
          -0.82722,
          0.298072,
          -0.476298,
          4.513471
        ],
        [
          0.55734,
          0.327772,
          -0.762848,
          1.732671
        ],
        [
          -0.071267,
          -0.896503,
          -0.437268,
          1.411105
        ],
        [
          0.0,
          0.0,
          0.0,
          1.0
        ]
      ]
    },
    {
      "file_path": "/media/NFS/ttao/scannet/posed_images/scene0197_01/00173.jpg",
      "transform_matrix": [
        [
          -0.843396,
          0.254195,
          -0.473358,
          4.503919
        ],
        [
          0.533664,
          0.294104,
          -0.79291,
          1.724583
        ],
        [
          -0.062337,
          -0.921351,
          -0.383701,
          1.428401
        ],
        [
          0.0,
          0.0,
          0.0,
          1.0
        ]
      ]
    },
    {
      "file_path": "/media/NFS/ttao/scannet/posed_images/scene0197_01/00181.jpg",
      "transform_matrix": [
        [
          -0.836797,
          0.249464,
          -0.48738,
          4.497823
        ],
        [
          0.542258,
          0.254558,
          -0.800723,
          1.719971
        ],
        [
          -0.075685,
          -0.934327,
          -0.348287,
          1.455458
        ],
        [
          0.0,
          0.0,
          0.0,
          1.0
        ]
      ]
    },
    {
      "file_path": "/media/NFS/ttao/scannet/posed_images/scene0197_01/00187.jpg",
      "transform_matrix": [
        [
          -0.848847,
          0.217391,
          -0.481871,
          4.494164
        ],
        [
          0.52409,
          0.226742,
          -0.820925,
          1.711524
        ],
        [
          -0.069201,
          -0.949383,
          -0.306402,
          1.485043
        ],
        [
          0.0,
          0.0,
          0.0,
          1.0
        ]
      ]
    },
    {
      "file_path": "/media/NFS/ttao/scannet/posed_images/scene0197_01/00189.jpg",
      "transform_matrix": [
        [
          -0.850692,
          0.205958,
          -0.483637,
          4.493828
        ],
        [
          0.521945,
          0.221685,
          -0.823668,
          1.709621
        ],
        [
          -0.062426,
          -0.953119,
          -0.296085,
          1.492274
        ],
        [
          0.0,
          0.0,
          0.0,
          1.0
        ]
      ]
    },
    {
      "file_path": "/media/NFS/ttao/scannet/posed_images/scene0197_01/00197.jpg",
      "transform_matrix": [
        [
          -0.842299,
          0.185454,
          -0.506102,
          4.486232
        ],
        [
          0.535721,
          0.184455,
          -0.824002,
          1.712919
        ],
        [
          -0.059461,
          -0.965185,
          -0.254718,
          1.512966
        ],
        [
          0.0,
          0.0,
          0.0,
          1.0
        ]
      ]
    },
    {
      "file_path": "/media/NFS/ttao/scannet/posed_images/scene0197_01/00205.jpg",
      "transform_matrix": [
        [
          -0.807545,
          0.1667,
          -0.565758,
          4.483045
        ],
        [
          0.588521,
          0.164479,
          -0.791574,
          1.712518
        ],
        [
          -0.0389,
          -0.972192,
          -0.230931,
          1.532052
        ],
        [
          0.0,
          0.0,
          0.0,
          1.0
        ]
      ]
    },
    {
      "file_path": "/media/NFS/ttao/scannet/posed_images/scene0197_01/00212.jpg",
      "transform_matrix": [
        [
          -0.776423,
          0.173555,
          -0.605844,
          4.47028
        ],
        [
          0.627882,
          0.130424,
          -0.767303,
          1.716933
        ],
        [
          -0.054153,
          -0.976149,
          -0.210237,
          1.539818
        ],
        [
          0.0,
          0.0,
          0.0,
          1.0
        ]
      ]
    },
    {
      "file_path": "/media/NFS/ttao/scannet/posed_images/scene0197_01/00218.jpg",
      "transform_matrix": [
        [
          -0.730254,
          0.179156,
          -0.659266,
          4.470523
        ],
        [
          0.681705,
          0.127814,
          -0.720376,
          1.713359
        ],
        [
          -0.044796,
          -0.975483,
          -0.215468,
          1.534953
        ],
        [
          0.0,
          0.0,
          0.0,
          1.0
        ]
      ]
    },
    {
      "file_path": "/media/NFS/ttao/scannet/posed_images/scene0197_01/00222.jpg",
      "transform_matrix": [
        [
          -0.70372,
          0.188444,
          -0.685031,
          4.46396
        ],
        [
          0.709337,
          0.131732,
          -0.692451,
          1.714456
        ],
        [
          -0.040248,
          -0.973209,
          -0.226372,
          1.535447
        ],
        [
          0.0,
          0.0,
          0.0,
          1.0
        ]
      ]
    },
    {
      "file_path": "/media/NFS/ttao/scannet/posed_images/scene0197_01/00228.jpg",
      "transform_matrix": [
        [
          -0.667652,
          0.208742,
          -0.71461,
          4.460027
        ],
        [
          0.7431,
          0.128577,
          -0.656712,
          1.712425
        ],
        [
          -0.045201,
          -0.969482,
          -0.240961,
          1.526614
        ],
        [
          0.0,
          0.0,
          0.0,
          1.0
        ]
      ]
    },
    {
      "file_path": "/media/NFS/ttao/scannet/posed_images/scene0197_01/00240.jpg",
      "transform_matrix": [
        [
          -0.682822,
          0.283143,
          -0.673487,
          4.433454
        ],
        [
          0.727261,
          0.175593,
          -0.663519,
          1.723806
        ],
        [
          -0.069611,
          -0.942866,
          -0.325818,
          1.467252
        ],
        [
          0.0,
          0.0,
          0.0,
          1.0
        ]
      ]
    },
    {
      "file_path": "/media/NFS/ttao/scannet/posed_images/scene0197_01/00242.jpg",
      "transform_matrix": [
        [
          -0.702868,
          0.257953,
          -0.6629,
          4.428209
        ],
        [
          0.707707,
          0.159785,
          -0.6882,
          1.732385
        ],
        [
          -0.071602,
          -0.952853,
          -0.294863,
          1.454924
        ],
        [
          0.0,
          0.0,
          0.0,
          1.0
        ]
      ]
    },
    {
      "file_path": "/media/NFS/ttao/scannet/posed_images/scene0197_01/00252.jpg",
      "transform_matrix": [
        [
          -0.695718,
          0.310077,
          -0.647942,
          4.399369
        ],
        [
          0.715606,
          0.220928,
          -0.662646,
          1.747869
        ],
        [
          -0.062322,
          -0.924686,
          -0.375596,
          1.411875
        ],
        [
          0.0,
          0.0,
          0.0,
          1.0
        ]
      ]
    },
    {
      "file_path": "/media/NFS/ttao/scannet/posed_images/scene0197_01/00258.jpg",
      "transform_matrix": [
        [
          -0.675956,
          0.325827,
          -0.661,
          4.374834
        ],
        [
          0.733892,
          0.216102,
          -0.643975,
          1.766283
        ],
        [
          -0.066981,
          -0.920401,
          -0.385197,
          1.395643
        ],
        [
          0.0,
          0.0,
          0.0,
          1.0
        ]
      ]
    },
    {
      "file_path": "/media/NFS/ttao/scannet/posed_images/scene0197_01/00266.jpg",
      "transform_matrix": [
        [
          -0.639417,
          0.377491,
          -0.669811,
          4.334371
        ],
        [
          0.764137,
          0.215586,
          -0.607962,
          1.795415
        ],
        [
          -0.085098,
          -0.900568,
          -0.426304,
          1.369621
        ],
        [
          0.0,
          0.0,
          0.0,
          1.0
        ]
      ]
    },
    {
      "file_path": "/media/NFS/ttao/scannet/posed_images/scene0197_01/00271.jpg",
      "transform_matrix": [
        [
          -0.651095,
          0.360016,
          -0.668179,
          4.309518
        ],
        [
          0.752269,
          0.189146,
          -0.631122,
          1.814246
        ],
        [
          -0.10083,
          -0.913571,
          -0.393981,
          1.356997
        ],
        [
          0.0,
          0.0,
          0.0,
          1.0
        ]
      ]
    },
    {
      "file_path": "/media/NFS/ttao/scannet/posed_images/scene0197_01/00273.jpg",
      "transform_matrix": [
        [
          -0.656394,
          0.362594,
          -0.661569,
          4.300065
        ],
        [
          0.747837,
          0.197147,
          -0.633934,
          1.817371
        ],
        [
          -0.099434,
          -0.910856,
          -0.400567,
          1.356348
        ],
        [
          0.0,
          0.0,
          0.0,
          1.0
        ]
      ]
    },
    {
      "file_path": "/media/NFS/ttao/scannet/posed_images/scene0197_01/00285.jpg",
      "transform_matrix": [
        [
          -0.633702,
          0.291218,
          -0.716668,
          4.260558
        ],
        [
          0.772029,
          0.179492,
          -0.609717,
          1.793602
        ],
        [
          -0.048925,
          -0.939667,
          -0.338573,
          1.395448
        ],
        [
          0.0,
          0.0,
          0.0,
          1.0
        ]
      ]
    },
    {
      "file_path": "/media/NFS/ttao/scannet/posed_images/scene0197_01/00291.jpg",
      "transform_matrix": [
        [
          -0.5736,
          0.261608,
          -0.776237,
          4.260191
        ],
        [
          0.818076,
          0.134761,
          -0.559099,
          1.760311
        ],
        [
          -0.041658,
          -0.95572,
          -0.291314,
          1.429256
        ],
        [
          0.0,
          0.0,
          0.0,
          1.0
        ]
      ]
    },
    {
      "file_path": "/media/NFS/ttao/scannet/posed_images/scene0197_01/00295.jpg",
      "transform_matrix": [
        [
          -0.522552,
          0.288375,
          -0.802359,
          4.263945
        ],
        [
          0.85122,
          0.122799,
          -0.510239,
          1.735077
        ],
        [
          -0.048611,
          -0.949611,
          -0.309639,
          1.442689
        ],
        [
          0.0,
          0.0,
          0.0,
          1.0
        ]
      ]
    },
    {
      "file_path": "/media/NFS/ttao/scannet/posed_images/scene0197_01/00303.jpg",
      "transform_matrix": [
        [
          -0.37936,
          0.326603,
          -0.865689,
          4.278486
        ],
        [
          0.919758,
          0.031328,
          -0.391235,
          1.682744
        ],
        [
          -0.100658,
          -0.944642,
          -0.31228,
          1.453513
        ],
        [
          0.0,
          0.0,
          0.0,
          1.0
        ]
      ]
    },
    {
      "file_path": "/media/NFS/ttao/scannet/posed_images/scene0197_01/00307.jpg",
      "transform_matrix": [
        [
          -0.299063,
          0.342718,
          -0.890565,
          4.287782
        ],
        [
          0.948625,
          0.005743,
          -0.31635,
          1.662557
        ],
        [
          -0.103304,
          -0.939421,
          -0.326828,
          1.448041
        ],
        [
          0.0,
          0.0,
          0.0,
          1.0
        ]
      ]
    },
    {
      "file_path": "/media/NFS/ttao/scannet/posed_images/scene0197_01/00313.jpg",
      "transform_matrix": [
        [
          -0.171949,
          0.417119,
          -0.892438,
          4.303076
        ],
        [
          0.982246,
          0.003613,
          -0.187564,
          1.610178
        ],
        [
          -0.075012,
          -0.908844,
          -0.410335,
          1.433038
        ],
        [
          0.0,
          0.0,
          0.0,
          1.0
        ]
      ]
    },
    {
      "file_path": "/media/NFS/ttao/scannet/posed_images/scene0197_01/00323.jpg",
      "transform_matrix": [
        [
          -0.033804,
          0.502908,
          -0.863679,
          4.289264
        ],
        [
          0.99735,
          -0.038728,
          -0.061587,
          1.61571
        ],
        [
          -0.064421,
          -0.863472,
          -0.500266,
          1.397116
        ],
        [
          0.0,
          0.0,
          0.0,
          1.0
        ]
      ]
    },
    {
      "file_path": "/media/NFS/ttao/scannet/posed_images/scene0197_01/00327.jpg",
      "transform_matrix": [
        [
          0.053832,
          0.49151,
          -0.869206,
          4.293777
        ],
        [
          0.996471,
          -0.082583,
          0.015016,
          1.629914
        ],
        [
          -0.064401,
          -0.866947,
          -0.494221,
          1.390768
        ],
        [
          0.0,
          0.0,
          0.0,
          1.0
        ]
      ]
    },
    {
      "file_path": "/media/NFS/ttao/scannet/posed_images/scene0197_01/00336.jpg",
      "transform_matrix": [
        [
          0.158048,
          0.48031,
          -0.862742,
          4.323666
        ],
        [
          0.986761,
          -0.109029,
          0.120068,
          1.700224
        ],
        [
          -0.036394,
          -0.870296,
          -0.491182,
          1.403112
        ],
        [
          0.0,
          0.0,
          0.0,
          1.0
        ]
      ]
    },
    {
      "file_path": "/media/NFS/ttao/scannet/posed_images/scene0197_01/00344.jpg",
      "transform_matrix": [
        [
          0.17485,
          0.472686,
          -0.86371,
          4.384336
        ],
        [
          0.984033,
          -0.113533,
          0.137074,
          1.765986
        ],
        [
          -0.033267,
          -0.873887,
          -0.48499,
          1.409319
        ],
        [
          0.0,
          0.0,
          0.0,
          1.0
        ]
      ]
    },
    {
      "file_path": "/media/NFS/ttao/scannet/posed_images/scene0197_01/00350.jpg",
      "transform_matrix": [
        [
          0.174399,
          0.462787,
          -0.869145,
          4.429502
        ],
        [
          0.984298,
          -0.10635,
          0.140877,
          1.790294
        ],
        [
          -0.027237,
          -0.880067,
          -0.474068,
          1.412694
        ],
        [
          0.0,
          0.0,
          0.0,
          1.0
        ]
      ]
    },
    {
      "file_path": "/media/NFS/ttao/scannet/posed_images/scene0197_01/00356.jpg",
      "transform_matrix": [
        [
          0.183448,
          0.471276,
          -0.862697,
          4.459243
        ],
        [
          0.982825,
          -0.105819,
          0.151185,
          1.80912
        ],
        [
          -0.02004,
          -0.875615,
          -0.482594,
          1.423068
        ],
        [
          0.0,
          0.0,
          0.0,
          1.0
        ]
      ]
    },
    {
      "file_path": "/media/NFS/ttao/scannet/posed_images/scene0197_01/00362.jpg",
      "transform_matrix": [
        [
          0.236623,
          0.451883,
          -0.860123,
          4.483202
        ],
        [
          0.971578,
          -0.116276,
          0.206197,
          1.813264
        ],
        [
          -0.006835,
          -0.884467,
          -0.466553,
          1.429731
        ],
        [
          0.0,
          0.0,
          0.0,
          1.0
        ]
      ]
    },
    {
      "file_path": "/media/NFS/ttao/scannet/posed_images/scene0197_01/00370.jpg",
      "transform_matrix": [
        [
          0.381547,
          0.400993,
          -0.832842,
          4.485155
        ],
        [
          0.923663,
          -0.13069,
          0.360231,
          1.824602
        ],
        [
          0.035606,
          -0.906711,
          -0.420247,
          1.452874
        ],
        [
          0.0,
          0.0,
          0.0,
          1.0
        ]
      ]
    },
    {
      "file_path": "/media/NFS/ttao/scannet/posed_images/scene0197_01/00378.jpg",
      "transform_matrix": [
        [
          0.433059,
          0.339727,
          -0.834892,
          4.460577
        ],
        [
          0.900331,
          -0.118664,
          0.418717,
          1.82307
        ],
        [
          0.043178,
          -0.933008,
          -0.357255,
          1.493192
        ],
        [
          0.0,
          0.0,
          0.0,
          1.0
        ]
      ]
    },
    {
      "file_path": "/media/NFS/ttao/scannet/posed_images/scene0197_01/00384.jpg",
      "transform_matrix": [
        [
          0.496738,
          0.310032,
          -0.810637,
          4.44833
        ],
        [
          0.8658,
          -0.112068,
          0.487679,
          1.824295
        ],
        [
          0.060349,
          -0.944098,
          -0.324094,
          1.504264
        ],
        [
          0.0,
          0.0,
          0.0,
          1.0
        ]
      ]
    },
    {
      "file_path": "/media/NFS/ttao/scannet/posed_images/scene0197_01/00389.jpg",
      "transform_matrix": [
        [
          0.613324,
          0.312362,
          -0.72544,
          4.438087
        ],
        [
          0.787388,
          -0.169621,
          0.592662,
          1.817667
        ],
        [
          0.062075,
          -0.934697,
          -0.349983,
          1.505605
        ],
        [
          0.0,
          0.0,
          0.0,
          1.0
        ]
      ]
    },
    {
      "file_path": "/media/NFS/ttao/scannet/posed_images/scene0197_01/00395.jpg",
      "transform_matrix": [
        [
          0.661905,
          0.296857,
          -0.688301,
          4.438654
        ],
        [
          0.748377,
          -0.209534,
          0.629307,
          1.811491
        ],
        [
          0.042591,
          -0.93165,
          -0.360853,
          1.502133
        ],
        [
          0.0,
          0.0,
          0.0,
          1.0
        ]
      ]
    },
    {
      "file_path": "/media/NFS/ttao/scannet/posed_images/scene0197_01/00401.jpg",
      "transform_matrix": [
        [
          0.702062,
          0.271596,
          -0.658289,
          4.43265
        ],
        [
          0.711568,
          -0.231283,
          0.66346,
          1.790223
        ],
        [
          0.027942,
          -0.934207,
          -0.355634,
          1.494347
        ],
        [
          0.0,
          0.0,
          0.0,
          1.0
        ]
      ]
    },
    {
      "file_path": "/media/NFS/ttao/scannet/posed_images/scene0197_01/00409.jpg",
      "transform_matrix": [
        [
          0.716258,
          0.27832,
          -0.639931,
          4.390265
        ],
        [
          0.69721,
          -0.246618,
          0.67311,
          1.755027
        ],
        [
          0.029521,
          -0.928287,
          -0.37069,
          1.468803
        ],
        [
          0.0,
          0.0,
          0.0,
          1.0
        ]
      ]
    },
    {
      "file_path": "/media/NFS/ttao/scannet/posed_images/scene0197_01/00411.jpg",
      "transform_matrix": [
        [
          0.728149,
          0.275072,
          -0.627801,
          4.375851
        ],
        [
          0.684645,
          -0.24838,
          0.685251,
          1.746898
        ],
        [
          0.03256,
          -0.928786,
          -0.369184,
          1.460873
        ],
        [
          0.0,
          0.0,
          0.0,
          1.0
        ]
      ]
    },
    {
      "file_path": "/media/NFS/ttao/scannet/posed_images/scene0197_01/00419.jpg",
      "transform_matrix": [
        [
          0.75675,
          0.316567,
          -0.571939,
          4.309134
        ],
        [
          0.650504,
          -0.278206,
          0.706715,
          1.748949
        ],
        [
          0.064606,
          -0.906855,
          -0.41646,
          1.426301
        ],
        [
          0.0,
          0.0,
          0.0,
          1.0
        ]
      ]
    },
    {
      "file_path": "/media/NFS/ttao/scannet/posed_images/scene0197_01/00427.jpg",
      "transform_matrix": [
        [
          0.761478,
          0.316979,
          -0.565399,
          4.235383
        ],
        [
          0.647684,
          -0.33759,
          0.683037,
          1.793579
        ],
        [
          0.025636,
          -0.886317,
          -0.462369,
          1.397341
        ],
        [
          0.0,
          0.0,
          0.0,
          1.0
        ]
      ]
    },
    {
      "file_path": "/media/NFS/ttao/scannet/posed_images/scene0197_01/00435.jpg",
      "transform_matrix": [
        [
          0.759987,
          0.330148,
          -0.559841,
          4.157578
        ],
        [
          0.649388,
          -0.350286,
          0.674977,
          1.831054
        ],
        [
          0.026738,
          -0.876528,
          -0.480607,
          1.371651
        ],
        [
          0.0,
          0.0,
          0.0,
          1.0
        ]
      ]
    },
    {
      "file_path": "/media/NFS/ttao/scannet/posed_images/scene0197_01/00439.jpg",
      "transform_matrix": [
        [
          0.766862,
          0.341039,
          -0.543705,
          4.126539
        ],
        [
          0.640839,
          -0.360228,
          0.67791,
          1.840489
        ],
        [
          0.035336,
          -0.86829,
          -0.494796,
          1.361957
        ],
        [
          0.0,
          0.0,
          0.0,
          1.0
        ]
      ]
    },
    {
      "file_path": "/media/NFS/ttao/scannet/posed_images/scene0197_01/00448.jpg",
      "transform_matrix": [
        [
          0.818326,
          0.300875,
          -0.489711,
          4.058512
        ],
        [
          0.572817,
          -0.357033,
          0.73784,
          1.841597
        ],
        [
          0.047155,
          -0.884309,
          -0.464516,
          1.368245
        ],
        [
          0.0,
          0.0,
          0.0,
          1.0
        ]
      ]
    },
    {
      "file_path": "/media/NFS/ttao/scannet/posed_images/scene0197_01/00450.jpg",
      "transform_matrix": [
        [
          0.827684,
          0.287809,
          -0.481774,
          4.044833
        ],
        [
          0.559846,
          -0.363966,
          0.74438,
          1.83761
        ],
        [
          0.03889,
          -0.88583,
          -0.462377,
          1.376304
        ],
        [
          0.0,
          0.0,
          0.0,
          1.0
        ]
      ]
    },
    {
      "file_path": "/media/NFS/ttao/scannet/posed_images/scene0197_01/00458.jpg",
      "transform_matrix": [
        [
          0.858996,
          0.251995,
          -0.445674,
          3.990349
        ],
        [
          0.5097,
          -0.338777,
          0.790846,
          1.797307
        ],
        [
          0.048305,
          -0.906493,
          -0.419449,
          1.399819
        ],
        [
          0.0,
          0.0,
          0.0,
          1.0
        ]
      ]
    },
    {
      "file_path": "/media/NFS/ttao/scannet/posed_images/scene0197_01/00468.jpg",
      "transform_matrix": [
        [
          0.887173,
          0.128299,
          -0.443241,
          3.984183
        ],
        [
          0.461406,
          -0.235696,
          0.855308,
          1.735492
        ],
        [
          0.005265,
          -0.963321,
          -0.268301,
          1.470016
        ],
        [
          0.0,
          0.0,
          0.0,
          1.0
        ]
      ]
    },
    {
      "file_path": "/media/NFS/ttao/scannet/posed_images/scene0197_01/00476.jpg",
      "transform_matrix": [
        [
          0.899017,
          0.094426,
          -0.427612,
          3.984216
        ],
        [
          0.437738,
          -0.16607,
          0.883632,
          1.717444
        ],
        [
          0.012424,
          -0.981583,
          -0.190634,
          1.502929
        ],
        [
          0.0,
          0.0,
          0.0,
          1.0
        ]
      ]
    },
    {
      "file_path": "/media/NFS/ttao/scannet/posed_images/scene0197_01/00478.jpg",
      "transform_matrix": [
        [
          0.900955,
          0.097526,
          -0.42281,
          3.982568
        ],
        [
          0.433138,
          -0.143953,
          0.889758,
          1.715651
        ],
        [
          0.02591,
          -0.984767,
          -0.171938,
          1.511143
        ],
        [
          0.0,
          0.0,
          0.0,
          1.0
        ]
      ]
    },
    {
      "file_path": "/media/NFS/ttao/scannet/posed_images/scene0197_01/00488.jpg",
      "transform_matrix": [
        [
          0.896249,
          0.054588,
          -0.440178,
          3.983721
        ],
        [
          0.443456,
          -0.089769,
          0.891789,
          1.707258
        ],
        [
          0.009167,
          -0.994465,
          -0.104663,
          1.541946
        ],
        [
          0.0,
          0.0,
          0.0,
          1.0
        ]
      ]
    },
    {
      "file_path": "/media/NFS/ttao/scannet/posed_images/scene0197_01/00492.jpg",
      "transform_matrix": [
        [
          0.893311,
          0.037941,
          -0.447834,
          3.989136
        ],
        [
          0.449358,
          -0.056517,
          0.891563,
          1.701517
        ],
        [
          0.008517,
          -0.99768,
          -0.067536,
          1.548613
        ],
        [
          0.0,
          0.0,
          0.0,
          1.0
        ]
      ]
    },
    {
      "file_path": "/media/NFS/ttao/scannet/posed_images/scene0197_01/00502.jpg",
      "transform_matrix": [
        [
          0.899169,
          0.029476,
          -0.436608,
          3.987212
        ],
        [
          0.437062,
          -0.01096,
          0.899365,
          1.684067
        ],
        [
          0.021724,
          -0.999505,
          -0.022738,
          1.568915
        ],
        [
          0.0,
          0.0,
          0.0,
          1.0
        ]
      ]
    },
    {
      "file_path": "/media/NFS/ttao/scannet/posed_images/scene0197_01/00504.jpg",
      "transform_matrix": [
        [
          0.900391,
          0.030441,
          -0.434017,
          3.988072
        ],
        [
          0.434424,
          -0.007997,
          0.900674,
          1.681312
        ],
        [
          0.023946,
          -0.999505,
          -0.020424,
