{
  "frames": [
    {
      "file_path": "/media/NFS/ttao/scannet/posed_images/scene0256_02/00002.jpg",
      "transform_matrix": [
        [
          0.764378,
          0.311428,
          -0.564569,
          5.925404
        ],
        [
          0.644242,
          -0.333531,
          0.688266,
          2.170815
        ],
        [
          0.026043,
          -0.889814,
          -0.455579,
          1.345566
        ],
        [
          0.0,
          0.0,
          0.0,
          1.0
        ]
      ]
    },
    {
      "file_path": "/media/NFS/ttao/scannet/posed_images/scene0256_02/00004.jpg",
      "transform_matrix": [
        [
          0.771851,
          0.308573,
          -0.555904,
          5.925987
        ],
        [
          0.635107,
          -0.333287,
          0.696821,
          2.168021
        ],
        [
          0.029745,
          -0.8909,
          -0.453224,
          1.34702
        ],
        [
          0.0,
          0.0,
          0.0,
          1.0
        ]
      ]
    },
    {
      "file_path": "/media/NFS/ttao/scannet/posed_images/scene0256_02/00009.jpg",
      "transform_matrix": [
        [
          0.779024,
          0.311245,
          -0.544286,
          5.924982
        ],
        [
          0.625558,
          -0.327126,
          0.708283,
          2.163612
        ],
        [
          0.0424,
          -0.892252,
          -0.449542,
          1.35219
        ],
        [
          0.0,
          0.0,
          0.0,
          1.0
        ]
      ]
    },
    {
      "file_path": "/media/NFS/ttao/scannet/posed_images/scene0256_02/00011.jpg",
      "transform_matrix": [
        [
          0.783403,
          0.309879,
          -0.538752,
          5.919254
        ],
        [
          0.619695,
          -0.323184,
          0.715213,
          2.151066
        ],
        [
          0.047514,
          -0.894162,
          -0.445214,
          1.350457
        ],
        [
          0.0,
          0.0,
          0.0,
          1.0
        ]
      ]
    },
    {
      "file_path": "/media/NFS/ttao/scannet/posed_images/scene0256_02/00015.jpg",
      "transform_matrix": [
        [
          0.77619,
          0.307562,
          -0.550395,
          5.920683
        ],
        [
          0.62874,
          -0.312397,
          0.712106,
          2.149102
        ],
        [
          0.047075,
          -0.898785,
          -0.435856,
          1.355309
        ],
        [
          0.0,
          0.0,
          0.0,
          1.0
        ]
      ]
    },
    {
      "file_path": "/media/NFS/ttao/scannet/posed_images/scene0256_02/00020.jpg",
      "transform_matrix": [
        [
          0.769004,
          0.298859,
          -0.56508,
          5.92521
        ],
        [
          0.637187,
          -0.287501,
          0.715078,
          2.144654
        ],
        [
          0.051247,
          -0.90996,
          -0.411518,
          1.356026
        ],
        [
          0.0,
          0.0,
          0.0,
          1.0
        ]
      ]
    },
    {
      "file_path": "/media/NFS/ttao/scannet/posed_images/scene0256_02/00022.jpg",
      "transform_matrix": [
        [
          0.763052,
          0.299687,
          -0.57266,
          5.924495
        ],
        [
          0.644293,
          -0.28227,
          0.710782,
          2.144181
        ],
        [
          0.051367,
          -0.911324,
          -0.408473,
          1.35853
        ],
        [
          0.0,
          0.0,
          0.0,
          1.0
        ]
      ]
    },
    {
      "file_path": "/media/NFS/ttao/scannet/posed_images/scene0256_02/00028.jpg",
      "transform_matrix": [
        [
          0.729403,
          0.297763,
          -0.615879,
          5.927808
        ],
        [
          0.68289,
          -0.263765,
          0.681241,
          2.142199
        ],
        [
          0.040401,
          -0.917477,
          -0.395731,
          1.359282
        ],
        [
          0.0,
          0.0,
          0.0,
          1.0
        ]
      ]
    },
    {
      "file_path": "/media/NFS/ttao/scannet/posed_images/scene0256_02/00031.jpg",
      "transform_matrix": [
        [
          0.702873,
          0.309299,
          -0.64055,
          5.925134
        ],
        [
          0.710207,
          -0.254874,
          0.656236,
          2.13505
        ],
        [
          0.039713,
          -0.916173,
          -0.39881,
          1.358397
        ],
        [
          0.0,
          0.0,
          0.0,
          1.0
        ]
      ]
    },
    {
      "file_path": "/media/NFS/ttao/scannet/posed_images/scene0256_02/00034.jpg",
      "transform_matrix": [
        [
          0.667391,
          0.326102,
          -0.669512,
          5.922752
        ],
        [
          0.743696,
          -0.244999,
          0.622006,
          2.131097
        ],
        [
          0.038808,
          -0.913035,
          -0.406031,
          1.352323
        ],
        [
          0.0,
          0.0,
          0.0,
          1.0
        ]
      ]
    },
    {
      "file_path": "/media/NFS/ttao/scannet/posed_images/scene0256_02/00041.jpg",
      "transform_matrix": [
        [
          0.594005,
          0.367427,
          -0.71565,
          5.897077
        ],
        [
          0.803998,
          -0.240961,
          0.543622,
          2.104285
        ],
        [
          0.027298,
          -0.898296,
          -0.438542,
          1.339292
        ],
        [
          0.0,
          0.0,
          0.0,
          1.0
        ]
      ]
    },
    {
      "file_path": "/media/NFS/ttao/scannet/posed_images/scene0256_02/00044.jpg",
      "transform_matrix": [
        [
          0.588963,
          0.366901,
          -0.720073,
          5.875044
        ],
        [
          0.807536,
          -0.232188,
          0.542194,
          2.083964
        ],
        [
          0.031739,
          -0.900817,
          -0.433036,
          1.337313
        ],
        [
          0.0,
          0.0,
          0.0,
          1.0
        ]
      ]
    },
    {
      "file_path": "/media/NFS/ttao/scannet/posed_images/scene0256_02/00047.jpg",
      "transform_matrix": [
        [
          0.588429,
          0.369883,
          -0.718984,
          5.846434
        ],
        [
          0.807161,
          -0.216653,
          0.549138,
          2.052449
        ],
        [
          0.047346,
          -0.903464,
          -0.42604,
          1.333454
        ],
        [
          0.0,
          0.0,
          0.0,
          1.0
        ]
      ]
    },
    {
      "file_path": "/media/NFS/ttao/scannet/posed_images/scene0256_02/00052.jpg",
      "transform_matrix": [
        [
          0.59806,
          0.356631,
          -0.717731,
          5.784946
        ],
        [
          0.800566,
          -0.223738,
          0.55591,
          1.98188
        ],
        [
          0.037671,
          -0.907059,
          -0.419315,
          1.326182
        ],
        [
          0.0,
          0.0,
          0.0,
          1.0
        ]
      ]
    },
    {
      "file_path": "/media/NFS/ttao/scannet/posed_images/scene0256_02/00055.jpg",
      "transform_matrix": [
        [
          0.606599,
          0.356645,
          -0.710523,
          5.74435
        ],
        [
          0.79458,
          -0.242625,
          0.556576,
          1.942112
        ],
        [
          0.026109,
          -0.902185,
          -0.430559,
          1.32388
        ],
        [
          0.0,
          0.0,
          0.0,
          1.0
        ]
      ]
    },
    {
      "file_path": "/media/NFS/ttao/scannet/posed_images/scene0256_02/00061.jpg",
      "transform_matrix": [
        [
          0.611108,
          0.37094,
          -0.69925,
          5.66445
        ],
        [
          0.791481,
          -0.274957,
          0.545854,
          1.852949
        ],
        [
          0.010215,
          -0.887019,
          -0.46162,
          1.313412
        ],
        [
          0.0,
          0.0,
          0.0,
          1.0
        ]
      ]
    },
    {
      "file_path": "/media/NFS/ttao/scannet/posed_images/scene0256_02/00062.jpg",
      "transform_matrix": [
        [
          0.61036,
          0.374976,
          -0.697749,
          5.654232
        ],
        [
          0.792005,
          -0.273626,
          0.545763,
          1.843719
        ],
        [
          0.013725,
          -0.885733,
          -0.463993,
          1.313054
        ],
        [
          0.0,
          0.0,
          0.0,
          1.0
        ]
      ]
    },
    {
      "file_path": "/media/NFS/ttao/scannet/posed_images/scene0256_02/00067.jpg",
      "transform_matrix": [
        [
          0.61303,
          0.395924,
          -0.683695,
          5.602173
        ],
        [
          0.788628,
          -0.254581,
          0.559691,
          1.796627
        ],
        [
          0.04754,
          -0.882288,
          -0.468302,
          1.307326
        ],
        [
          0.0,
          0.0,
          0.0,
          1.0
        ]
      ]
    },
    {
      "file_path": "/media/NFS/ttao/scannet/posed_images/scene0256_02/00071.jpg",
      "transform_matrix": [
        [
          0.615051,
          0.393876,
          -0.683062,
          5.562957
        ],
        [
          0.785989,
          -0.237353,
          0.570864,
          1.765215
        ],
        [
          0.062723,
          -0.887989,
          -0.455567,
          1.300355
        ],
        [
          0.0,
          0.0,
          0.0,
          1.0
        ]
      ]
    },
    {
      "file_path": "/media/NFS/ttao/scannet/posed_images/scene0256_02/00075.jpg",
      "transform_matrix": [
        [
          0.644239,
          0.389859,
          -0.658001,
          5.521921
        ],
        [
          0.760491,
          -0.235085,
          0.6053,
          1.755706
        ],
        [
          0.081295,
          -0.890362,
          -0.447936,
          1.283523
        ],
        [
          0.0,
          0.0,
          0.0,
          1.0
        ]
      ]
    },
    {
      "file_path": "/media/NFS/ttao/scannet/posed_images/scene0256_02/00079.jpg",
      "transform_matrix": [
        [
          0.674116,
          0.391221,
          -0.626509,
          5.474035
        ],
        [
          0.734163,
          -0.261795,
          0.626473,
          1.748747
        ],
        [
          0.081073,
          -0.882275,
          -0.4637,
          1.258875
        ],
        [
          0.0,
          0.0,
          0.0,
          1.0
        ]
      ]
    },
    {
      "file_path": "/media/NFS/ttao/scannet/posed_images/scene0256_02/00085.jpg",
      "transform_matrix": [
        [
          0.698719,
          0.404831,
          -0.589834,
          5.405047
        ],
        [
          0.711083,
          -0.302601,
          0.634661,
          1.72819
        ],
        [
          0.078446,
          -0.86287,
          -0.499301,
          1.24167
        ],
        [
          0.0,
          0.0,
          0.0,
          1.0
        ]
      ]
    },
    {
      "file_path": "/media/NFS/ttao/scannet/posed_images/scene0256_02/00086.jpg",
      "transform_matrix": [
        [
          0.702712,
          0.402836,
          -0.586446,
          5.394049
        ],
        [
          0.707668,
          -0.310589,
          0.634619,
          1.72335
        ],
        [
          0.073503,
          -0.860963,
          -0.503328,
          1.240623
        ],
        [
          0.0,
          0.0,
          0.0,
          1.0
        ]
      ]
    },
    {
      "file_path": "/media/NFS/ttao/scannet/posed_images/scene0256_02/00092.jpg",
      "transform_matrix": [
        [
          0.715569,
          0.407796,
          -0.567154,
          5.330312
        ],
        [
          0.694195,
          -0.32469,
          0.642394,
          1.688697
        ],
        [
          0.077816,
          -0.853392,
          -0.515428,
          1.236755
        ],
        [
          0.0,
          0.0,
          0.0,
          1.0
        ]
      ]
    },
    {
      "file_path": "/media/NFS/ttao/scannet/posed_images/scene0256_02/00093.jpg",
      "transform_matrix": [
        [
          0.721039,
          0.403811,
          -0.563062,
          5.318532
        ],
        [
          0.688609,
          -0.327376,
          0.647026,
          1.680728
        ],
        [
          0.076943,
          -0.854261,
          -0.514119,
          1.234568
        ],
        [
          0.0,
          0.0,
          0.0,
          1.0
        ]
      ]
    },
    {
      "file_path": "/media/NFS/ttao/scannet/posed_images/scene0256_02/00100.jpg",
      "transform_matrix": [
        [
          0.748711,
          0.382987,
          -0.541066,
          5.232636
        ],
        [
          0.657677,
          -0.326933,
          0.678658,
          1.60857
        ],
        [
          0.083025,
          -0.863965,
          -0.496661,
          1.225885
        ],
        [
          0.0,
          0.0,
          0.0,
          1.0
        ]
      ]
    },
    {
      "file_path": "/media/NFS/ttao/scannet/posed_images/scene0256_02/00104.jpg",
      "transform_matrix": [
        [
          0.764546,
          0.366692,
          -0.5301,
          5.181128
        ],
        [
          0.640499,
          -0.339925,
          0.688631,
          1.556994
        ],
        [
          0.072321,
          -0.866018,
          -0.494754,
          1.227467
        ],
        [
          0.0,
          0.0,
          0.0,
          1.0
        ]
      ]
    },
    {
      "file_path": "/media/NFS/ttao/scannet/posed_images/scene0256_02/00108.jpg",
      "transform_matrix": [
        [
          0.777915,
          0.350348,
          -0.521636,
          5.133084
        ],
        [
          0.624512,
          -0.339232,
          0.703496,
          1.514943
        ],
        [
          0.069512,
          -0.873028,
          -0.482691,
          1.229205
        ],
        [
          0.0,
          0.0,
          0.0,
          1.0
        ]
      ]
    },
    {
      "file_path": "/media/NFS/ttao/scannet/posed_images/scene0256_02/00111.jpg",
      "transform_matrix": [
        [
          0.778361,
          0.346645,
          -0.523442,
          5.107408
        ],
        [
          0.623415,
          -0.328196,
          0.709677,
          1.491448
        ],
        [
          0.074215,
          -0.878706,
          -0.471559,
          1.223663
        ],
        [
          0.0,
          0.0,
          0.0,
          1.0
        ]
      ]
    },
    {
      "file_path": "/media/NFS/ttao/scannet/posed_images/scene0256_02/00115.jpg",
      "transform_matrix": [
        [
          0.77068,
          0.365252,
          -0.522152,
          5.064919
        ],
        [
          0.630473,
          -0.318134,
          0.708022,
          1.466675
        ],
        [
          0.092492,
          -0.874861,
          -0.475461,
          1.211973
        ],
        [
          0.0,
          0.0,
          0.0,
          1.0
        ]
      ]
    },
    {
      "file_path": "/media/NFS/ttao/scannet/posed_images/scene0256_02/00117.jpg",
      "transform_matrix": [
        [
          0.763082,
          0.370312,
          -0.529693,
          5.040454
        ],
        [
          0.638886,
          -0.308408,
          0.704776,
          1.456115
        ],
        [
          0.097625,
          -0.876215,
          -0.471928,
          1.206996
        ],
        [
          0.0,
          0.0,
          0.0,
          1.0
        ]
      ]
    },
    {
      "file_path": "/media/NFS/ttao/scannet/posed_images/scene0256_02/00124.jpg",
      "transform_matrix": [
        [
          0.7404,
          0.381812,
          -0.553198,
          4.946952
        ],
        [
          0.665129,
          -0.297388,
          0.684955,
          1.437799
        ],
        [
          0.09701,
          -0.875088,
          -0.474141,
          1.195393
        ],
        [
          0.0,
          0.0,
          0.0,
          1.0
        ]
      ]
    },
    {
      "file_path": "/media/NFS/ttao/scannet/posed_images/scene0256_02/00125.jpg",
      "transform_matrix": [
        [
          0.740871,
          0.380459,
          -0.553499,
          4.930604
        ],
        [
          0.664756,
          -0.297615,
          0.685219,
          1.437886
        ],
        [
          0.095969,
          -0.8756,
          -0.473407,
          1.193384
        ],
        [
          0.0,
          0.0,
          0.0,
          1.0
        ]
      ]
    },
    {
      "file_path": "/media/NFS/ttao/scannet/posed_images/scene0256_02/00128.jpg",
      "transform_matrix": [
        [
          0.741633,
          0.373587,
          -0.557148,
          4.864897
        ],
        [
          0.666438,
          -0.315715,
          0.675414,
          1.441685
        ],
        [
          0.076426,
          -0.872214,
          -0.483117,
          1.188679
        ],
        [
          0.0,
          0.0,
          0.0,
          1.0
        ]
      ]
    },
    {
      "file_path": "/media/NFS/ttao/scannet/posed_images/scene0256_02/00135.jpg",
      "transform_matrix": [
        [
          0.725892,
          0.368945,
          -0.580483,
          4.742496
        ],
        [
          0.686094,
          -0.328847,
          0.648949,
          1.433461
        ],
        [
          0.048536,
          -0.869332,
          -0.491838,
          1.204684
        ],
        [
          0.0,
          0.0,
          0.0,
          1.0
        ]
      ]
    },
    {
      "file_path": "/media/NFS/ttao/scannet/posed_images/scene0256_02/00138.jpg",
      "transform_matrix": [
        [
          0.718807,
          0.380582,
          -0.581785,
          4.699436
        ],
        [
          0.693773,
          -0.338898,
          0.635475,
          1.424437
        ],
        [
          0.044685,
          -0.86041,
          -0.507639,
          1.211295
        ],
        [
          0.0,
          0.0,
          0.0,
          1.0
        ]
      ]
    },
    {
      "file_path": "/media/NFS/ttao/scannet/posed_images/scene0256_02/00140.jpg",
      "transform_matrix": [
        [
          0.726993,
          0.368767,
          -0.579217,
          4.687154
        ],
        [
          0.685416,
          -0.339293,
          0.644271,
          1.416336
        ],
        [
          0.041062,
          -0.865385,
          -0.499422,
          1.209926
        ],
        [
          0.0,
          0.0,
          0.0,
          1.0
        ]
      ]
    },
    {
      "file_path": "/media/NFS/ttao/scannet/posed_images/scene0256_02/00145.jpg",
      "transform_matrix": [
        [
          0.751892,
          0.362098,
          -0.550948,
          4.612098
        ],
        [
          0.658155,
          -0.363318,
          0.659418,
          1.391014
        ],
        [
          0.038605,
          -0.85842,
          -0.511492,
          1.20532
        ],
        [
          0.0,
          0.0,
          0.0,
          1.0
        ]
      ]
    },
    {
      "file_path": "/media/NFS/ttao/scannet/posed_images/scene0256_02/00148.jpg",
      "transform_matrix": [
        [
          0.767763,
          0.355643,
          -0.532971,
          4.56466
        ],
        [
          0.639127,
          -0.366204,
          0.676322,
          1.367446
        ],
        [
          0.045353,
          -0.859891,
          -0.508459,
          1.206797
        ],
        [
          0.0,
          0.0,
          0.0,
          1.0
        ]
      ]
    },
    {
      "file_path": "/media/NFS/ttao/scannet/posed_images/scene0256_02/00155.jpg",
      "transform_matrix": [
        [
          0.791887,
          0.337384,
          -0.509006,
          4.483452
        ],
        [
          0.609625,
          -0.388081,
          0.691195,
          1.319756
        ],
        [
          0.035663,
          -0.857651,
          -0.512994,
          1.214015
        ],
        [
          0.0,
          0.0,
          0.0,
          1.0
        ]
      ]
    },
    {
      "file_path": "/media/NFS/ttao/scannet/posed_images/scene0256_02/00159.jpg",
      "transform_matrix": [
        [
          0.806162,
          0.322754,
          -0.495915,
          4.432891
        ],
        [
          0.590817,
          -0.39347,
          0.704356,
          1.297092
        ],
        [
          0.032206,
          -0.86082,
          -0.507889,
          1.215376
        ],
        [
          0.0,
          0.0,
          0.0,
          1.0
        ]
      ]
    },
    {
      "file_path": "/media/NFS/ttao/scannet/posed_images/scene0256_02/00160.jpg",
      "transform_matrix": [
        [
          0.80248,
          0.328543,
          -0.498082,
          4.436036
        ],
        [
          0.595622,
          -0.391413,
          0.701449,
          1.300416
        ],
        [
          0.0355,
          -0.859567,
          -0.509789,
          1.213686
        ],
        [
          0.0,
          0.0,
          0.0,
          1.0
        ]
      ]
    },
    {
      "file_path": "/media/NFS/ttao/scannet/posed_images/scene0256_02/00166.jpg",
      "transform_matrix": [
        [
          0.818964,
          0.326958,
          -0.471589,
          4.354835
        ],
        [
          0.571509,
          -0.390659,
          0.721639,
          1.296147
        ],
        [
          0.051715,
          -0.860514,
          -0.506795,
          1.209167
        ],
        [
          0.0,
          0.0,
          0.0,
          1.0
        ]
      ]
    },
    {
      "file_path": "/media/NFS/ttao/scannet/posed_images/scene0256_02/00170.jpg",
      "transform_matrix": [
        [
          0.830887,
          0.314618,
          -0.458958,
          4.295073
        ],
        [
          0.555008,
          -0.409418,
          0.724115,
          1.307126
        ],
        [
          0.039914,
          -0.856383,
          -0.514796,
          1.204262
        ],
        [
          0.0,
          0.0,
          0.0,
          1.0
        ]
      ]
    },
    {
      "file_path": "/media/NFS/ttao/scannet/posed_images/scene0256_02/00173.jpg",
      "transform_matrix": [
        [
          0.846713,
          0.298239,
          -0.440602,
          4.246522
        ],
        [
          0.531047,
          -0.422906,
          0.734261,
          1.321643
        ],
        [
          0.032652,
          -0.855689,
          -0.516459,
          1.200013
        ],
        [
          0.0,
          0.0,
          0.0,
          1.0
        ]
      ]
    },
    {
      "file_path": "/media/NFS/ttao/scannet/posed_images/scene0256_02/00176.jpg",
      "transform_matrix": [
        [
          0.858029,
          0.296407,
          -0.41944,
          4.197095
        ],
        [
          0.512839,
          -0.449965,
          0.731114,
          1.342346
        ],
        [
          0.027974,
          -0.842422,
          -0.538092,
          1.203133
        ],
        [
          0.0,
          0.0,
          0.0,
          1.0
        ]
      ]
    },
    {
      "file_path": "/media/NFS/ttao/scannet/posed_images/scene0256_02/00183.jpg",
      "transform_matrix": [
        [
          0.89754,
          0.253435,
          -0.360821,
          4.109602
        ],
        [
          0.440206,
          -0.468107,
          0.766221,
          1.39236
        ],
        [
          0.025284,
          -0.84655,
          -0.531709,
          1.212419
        ],
        [
          0.0,
          0.0,
          0.0,
          1.0
        ]
      ]
    },
    {
      "file_path": "/media/NFS/ttao/scannet/posed_images/scene0256_02/00184.jpg",
      "transform_matrix": [
        [
          0.901671,
          0.250822,
          -0.352247,
          4.097934
        ],
        [
          0.431527,
          -0.469522,
          0.770281,
          1.397641
        ],
        [
          0.027816,
          -0.846544,
          -0.531591,
          1.213481
        ],
        [
          0.0,
          0.0,
          0.0,
          1.0
        ]
      ]
    },
    {
      "file_path": "/media/NFS/ttao/scannet/posed_images/scene0256_02/00187.jpg",
      "transform_matrix": [
        [
          0.917712,
          0.227816,
          -0.325428,
          4.062059
        ],
        [
          0.396432,
          -0.472838,
          0.786934,
          1.414484
        ],
        [
          0.025401,
          -0.851189,
          -0.524243,
          1.219188
        ],
        [
          0.0,
          0.0,
          0.0,
          1.0
        ]
      ]
    },
    {
      "file_path": "/media/NFS/ttao/scannet/posed_images/scene0256_02/00194.jpg",
      "transform_matrix": [
        [
          0.937273,
          0.180938,
          -0.297962,
          3.969723
        ],
        [
          0.348387,
          -0.456524,
          0.818666,
          1.438464
        ],
        [
          0.012101,
          -0.871119,
          -0.490923,
          1.227911
        ],
        [
          0.0,
          0.0,
          0.0,
          1.0
        ]
      ]
    },
    {
      "file_path": "/media/NFS/ttao/scannet/posed_images/scene0256_02/00196.jpg",
      "transform_matrix": [
        [
          0.937439,
          0.177135,
          -0.299719,
          3.939741
        ],
        [
          0.348074,
          -0.458846,
          0.817499,
          1.44488
        ],
        [
          0.007283,
          -0.87068,
          -0.491796,
          1.233232
        ],
        [
          0.0,
          0.0,
          0.0,
          1.0
        ]
      ]
    },
    {
      "file_path": "/media/NFS/ttao/scannet/posed_images/scene0256_02/00200.jpg",
      "transform_matrix": [
        [
          0.933564,
          0.156539,
          -0.322417,
          3.879335
        ],
        [
          0.357626,
          -0.466309,
          0.80911,
          1.46286
        ],
        [
          -0.023689,
          -0.870661,
          -0.491312,
          1.252487
        ],
        [
          0.0,
          0.0,
          0.0,
          1.0
        ]
      ]
    },
    {
      "file_path": "/media/NFS/ttao/scannet/posed_images/scene0256_02/00204.jpg",
      "transform_matrix": [
        [
          0.923515,
          0.149165,
          -0.353368,
          3.835196
        ],
        [
          0.381794,
          -0.445832,
          0.809609,
          1.47984
        ],
        [
          -0.036778,
          -0.8826,
          -0.468683,
          1.262398
        ],
        [
          0.0,
          0.0,
          0.0,
          1.0
        ]
      ]
    },
    {
      "file_path": "/media/NFS/ttao/scannet/posed_images/scene0256_02/00210.jpg",
      "transform_matrix": [
        [
          0.918169,
          0.159512,
          -0.362658,
          3.761943
        ],
        [
          0.39552,
          -0.422162,
          0.815686,
          1.537037
        ],
        [
          -0.022989,
          -0.892376,
          -0.450706,
          1.278149
        ],
        [
          0.0,
          0.0,
          0.0,
          1.0
        ]
      ]
    },
    {
      "file_path": "/media/NFS/ttao/scannet/posed_images/scene0256_02/00211.jpg",
      "transform_matrix": [
        [
          0.918302,
          0.159263,
          -0.36243,
          3.752126
        ],
        [
          0.395194,
          -0.422666,
          0.815583,
          1.549006
        ],
        [
          -0.023294,
          -0.892182,
          -0.451075,
          1.276505
        ],
        [
          0.0,
          0.0,
          0.0,
          1.0
        ]
      ]
    },
    {
      "file_path": "/media/NFS/ttao/scannet/posed_images/scene0256_02/00217.jpg",
      "transform_matrix": [
        [
          0.910894,
          0.141727,
          -0.387538,
          3.686094
        ],
        [
          0.408723,
          -0.439008,
          0.800136,
          1.634059
        ],
        [
          -0.056732,
          -0.887234,
          -0.457817,
          1.274504
        ],
        [
          0.0,
          0.0,
          0.0,
          1.0
        ]
      ]
    },
    {
      "file_path": "/media/NFS/ttao/scannet/posed_images/scene0256_02/00219.jpg",
      "transform_matrix": [
        [
          0.90511,
          0.145313,
          -0.399574,
          3.667588
        ],
        [
          0.419882,
          -0.453336,
          0.786247,
          1.667252
        ],
        [
          -0.066889,
          -0.879415,
          -0.471334,
          1.278409
        ],
        [
          0.0,
          0.0,
          0.0,
          1.0
        ]
      ]
    },
    {
      "file_path": "/media/NFS/ttao/scannet/posed_images/scene0256_02/00223.jpg",
      "transform_matrix": [
        [
          0.897787,
          0.140609,
          -0.417381,
          3.627379
        ],
        [
          0.434305,
          -0.440129,
          0.785918,
          1.746872
        ],
        [
          -0.073194,
          -0.886857,
          -0.456209,
          1.284966
        ],
        [
          0.0,
          0.0,
          0.0,
          1.0
        ]
      ]
    },
    {
      "file_path": "/media/NFS/ttao/scannet/posed_images/scene0256_02/00229.jpg",
      "transform_matrix": [
        [
          0.897354,
          0.14549,
          -0.416639,
          3.58155
        ],
        [
          0.436518,
          -0.431392,
          0.789527,
          1.823909
        ],
        [
          -0.064866,
          -0.890356,
          -0.45062,
          1.29408
        ],
        [
          0.0,
          0.0,
          0.0,
          1.0
        ]
      ]
    },
    {
      "file_path": "/media/NFS/ttao/scannet/posed_images/scene0256_02/00231.jpg",
      "transform_matrix": [
        [
          0.900666,
          0.14385,
          -0.410009,
          3.564789
        ],
        [
          0.429834,
          -0.433052,
          0.79228,
          1.852431
        ],
        [
          -0.063586,
          -0.889816,
          -0.451867,
          1.29504
        ],
        [
          0.0,
          0.0,
          0.0,
          1.0
        ]
      ]
    },
    {
      "file_path": "/media/NFS/ttao/scannet/posed_images/scene0256_02/00237.jpg",
      "transform_matrix": [
        [
          0.898229,
          0.138004,
          -0.417301,
          3.515778
        ],
        [
          0.435973,
          -0.400269,
          0.806048,
          1.920305
        ],
        [
          -0.055795,
          -0.905947,
          -0.419699,
          1.301079
        ],
        [
          0.0,
          0.0,
          0.0,
          1.0
        ]
      ]
    },
    {
      "file_path": "/media/NFS/ttao/scannet/posed_images/scene0256_02/00239.jpg",
      "transform_matrix": [
        [
          0.895945,
          0.139648,
          -0.42164,
          3.49906
        ],
        [
          0.439982,
          -0.408998,
          0.79946,
          1.944427
        ],
        [
          -0.060807,
          -0.901786,
          -0.427883,
          1.308293
        ],
        [
          0.0,
          0.0,
          0.0,
          1.0
        ]
      ]
    },
    {
      "file_path": "/media/NFS/ttao/scannet/posed_images/scene0256_02/00243.jpg",
      "transform_matrix": [
        [
          0.882432,
          0.121422,
          -0.4545,
          3.479065
        ],
        [
          0.462065,
          -0.405189,
          0.788872,
          1.982695
        ],
        [
          -0.088371,
          -0.906134,
          -0.413657,
          1.302576
        ],
        [
          0.0,
          0.0,
          0.0,
          1.0
        ]
      ]
    },
    {
      "file_path": "/media/NFS/ttao/scannet/posed_images/scene0256_02/00250.jpg",
      "transform_matrix": [
        [
          0.852388,
          0.146467,
          -0.501978,
          3.446634
        ],
        [
          0.514674,
          -0.404699,
          0.755863,
          2.05357
        ],
        [
          -0.092441,
          -0.902644,
          -0.420344,
          1.308827
        ],
        [
          0.0,
          0.0,
          0.0,
          1.0
        ]
      ]
    },
    {
      "file_path": "/media/NFS/ttao/scannet/posed_images/scene0256_02/00251.jpg",
      "transform_matrix": [
        [
          0.846031,
          0.151991,
          -0.511009,
          3.442908
        ],
        [
          0.525281,
          -0.401551,
          0.750225,
          2.062499
        ],
        [
          -0.091169,
          -0.903136,
          -0.419563,
          1.309092
        ],
        [
          0.0,
          0.0,
          0.0,
          1.0
        ]
      ]
    },
    {
      "file_path": "/media/NFS/ttao/scannet/posed_images/scene0256_02/00257.jpg",
      "transform_matrix": [
        [
          0.791953,
          0.163104,
          -0.588394,
          3.43757
        ],
        [
          0.600964,
          -0.378598,
          0.703923,
          2.118454
        ],
        [
          -0.107952,
          -0.911077,
          -0.397851,
          1.317287
        ],
        [
          0.0,
          0.0,
          0.0,
          1.0
        ]
      ]
    },
    {
      "file_path": "/media/NFS/ttao/scannet/posed_images/scene0256_02/00262.jpg",
      "transform_matrix": [
        [
          0.730918,
          0.201765,
          -0.651958,
          3.443627
        ],
        [
          0.674061,
          -0.362894,
          0.64339,
          2.171745
        ],
        [
          -0.106777,
          -0.909725,
          -0.401248,
          1.327966
        ],
        [
          0.0,
          0.0,
          0.0,
          1.0
        ]
      ]
    },
    {
      "file_path": "/media/NFS/ttao/scannet/posed_images/scene0256_02/00264.jpg",
      "transform_matrix": [
        [
          0.710823,
          0.216313,
          -0.669282,
          3.443672
        ],
        [
          0.696463,
          -0.34949,
          0.626735,
          2.186177
        ],
        [
          -0.098336,
          -0.911628,
          -0.39908,
          1.329317
        ],
        [
          0.0,
          0.0,
          0.0,
          1.0
        ]
      ]
    },
    {
      "file_path": "/media/NFS/ttao/scannet/posed_images/scene0256_02/00269.jpg",
      "transform_matrix": [
        [
          0.668637,
          0.254516,
          -0.698674,
          3.4454
        ],
        [
          0.737809,
          -0.344009,
          0.580772,
          2.219674
        ],
        [
          -0.092535,
          -0.903813,
          -0.417802,
          1.325682
        ],
        [
          0.0,
          0.0,
          0.0,
          1.0
        ]
      ]
    },
    {
      "file_path": "/media/NFS/ttao/scannet/posed_images/scene0256_02/00272.jpg",
      "transform_matrix": [
        [
          0.645928,
          0.267303,
          -0.71507,
          3.44555
        ],
        [
          0.757874,
          -0.337015,
          0.558612,
          2.231787
        ],
        [
          -0.091671,
          -0.902757,
          -0.420269,
          1.321963
        ],
        [
          0.0,
          0.0,
          0.0,
          1.0
        ]
      ]
    },
    {
      "file_path": "/media/NFS/ttao/scannet/posed_images/scene0256_02/00277.jpg",
      "transform_matrix": [
        [
          0.599501,
          0.3023,
          -0.741089,
          3.432041
        ],
        [
          0.793815,
          -0.342868,
          0.502293,
          2.248219
        ],
        [
          -0.102252,
          -0.889413,
          -0.44552,
          1.315356
        ],
        [
          0.0,
          0.0,
          0.0,
          1.0
        ]
      ]
    },
    {
      "file_path": "/media/NFS/ttao/scannet/posed_images/scene0256_02/00280.jpg",
      "transform_matrix": [
        [
          0.574625,
          0.320217,
          -0.753172,
          3.418455
        ],
        [
          0.811433,
          -0.342881,
          0.473296,
          2.257946
        ],
        [
          -0.106691,
          -0.883116,
          -0.456862,
          1.316638
        ],
        [
          0.0,
          0.0,
          0.0,
          1.0
        ]
      ]
    },
    {
      "file_path": "/media/NFS/ttao/scannet/posed_images/scene0256_02/00282.jpg",
      "transform_matrix": [
        [
          0.558663,
          0.333652,
          -0.759324,
          3.407895
        ],
        [
          0.823726,
          -0.33007,
          0.46101,
          2.262275
        ],
        [
          -0.096813,
          -0.883023,
          -0.459235,
          1.315802
        ],
        [
          0.0,
          0.0,
          0.0,
          1.0
        ]
      ]
    },
    {
      "file_path": "/media/NFS/ttao/scannet/posed_images/scene0256_02/00286.jpg",
      "transform_matrix": [
        [
          0.533342,
          0.347941,
          -0.771027,
          3.385744
        ],
        [
          0.842626,
          -0.298641,
          0.448102,
          2.265273
        ],
        [
          -0.074347,
          -0.888679,
          -0.452462,
          1.321177
        ],
        [
          0.0,
          0.0,
          0.0,
          1.0
        ]
      ]
    },
    {
      "file_path": "/media/NFS/ttao/scannet/posed_images/scene0256_02/00292.jpg",
      "transform_matrix": [
        [
          0.491107,
          0.365278,
          -0.790813,
          3.356557
        ],
        [
          0.868258,
          -0.278534,
          0.410545,
          2.269934
        ],
        [
          -0.070305,
          -0.888251,
          -0.453946,
          1.326893
        ],
        [
          0.0,
          0.0,
          0.0,
          1.0
        ]
      ]
    },
    {
      "file_path": "/media/NFS/ttao/scannet/posed_images/scene0256_02/00294.jpg",
      "transform_matrix": [
        [
          0.48237,
          0.370555,
          -0.79373,
          3.345434
        ],
        [
          0.873111,
          -0.276513,
          0.40152,
          2.270572
        ],
        [
          -0.070691,
          -0.886696,
          -0.456917,
          1.32737
        ],
        [
          0.0,
          0.0,
          0.0,
          1.0
        ]
      ]
    },
    {
      "file_path": "/media/NFS/ttao/scannet/posed_images/scene0256_02/00300.jpg",
      "transform_matrix": [
        [
          0.439734,
          0.425157,
          -0.791123,
          3.314528
        ],
        [
          0.89678,
          -0.256091,
          0.360836,
          2.266769
        ],
        [
          -0.049188,
          -0.868135,
          -0.493884,
          1.320809
        ],
        [
          0.0,
          0.0,
          0.0,
          1.0
        ]
      ]
    },
    {
      "file_path": "/media/NFS/ttao/scannet/posed_images/scene0256_02/00302.jpg",
      "transform_matrix": [
        [
          0.416214,
          0.44006,
          -0.795684,
          3.307542
        ],
        [
          0.907996,
          -0.247405,
          0.338133,
          2.267812
        ],
        [
          -0.048058,
          -0.863214,
          -0.502546,
          1.318587
        ],
        [
          0.0,
          0.0,
          0.0,
