{
  "frames": [
    {
      "file_path": "/media/NFS/ttao/scannet/posed_images/scene0396_00/00000.jpg",
      "transform_matrix": [
        [
          -0.716009,
          0.391588,
          -0.577919,
          2.180885
        ],
        [
          0.698083,
          0.405705,
          -0.589987,
          3.471671
        ],
        [
          0.003433,
          -0.825871,
          -0.563849,
          1.302305
        ],
        [
          0.0,
          0.0,
          0.0,
          1.0
        ]
      ]
    },
    {
      "file_path": "/media/NFS/ttao/scannet/posed_images/scene0396_00/00003.jpg",
      "transform_matrix": [
        [
          -0.698712,
          0.390755,
          -0.59926,
          2.16562
        ],
        [
          0.715314,
          0.394817,
          -0.576581,
          3.469085
        ],
        [
          0.011296,
          -0.831523,
          -0.555376,
          1.312974
        ],
        [
          0.0,
          0.0,
          0.0,
          1.0
        ]
      ]
    },
    {
      "file_path": "/media/NFS/ttao/scannet/posed_images/scene0396_00/00009.jpg",
      "transform_matrix": [
        [
          -0.691424,
          0.400004,
          -0.601606,
          2.157167
        ],
        [
          0.722449,
          0.381912,
          -0.576378,
          3.4677
        ],
        [
          -0.000793,
          -0.83315,
          -0.553046,
          1.306407
        ],
        [
          0.0,
          0.0,
          0.0,
          1.0
        ]
      ]
    },
    {
      "file_path": "/media/NFS/ttao/scannet/posed_images/scene0396_00/00010.jpg",
      "transform_matrix": [
        [
          -0.687321,
          0.403687,
          -0.603843,
          2.158452
        ],
        [
          0.726352,
          0.379915,
          -0.572781,
          3.462646
        ],
        [
          -0.001815,
          -0.832287,
          -0.554343,
          1.303697
        ],
        [
          0.0,
          0.0,
          0.0,
          1.0
        ]
      ]
    },
    {
      "file_path": "/media/NFS/ttao/scannet/posed_images/scene0396_00/00014.jpg",
      "transform_matrix": [
        [
          -0.690425,
          0.405484,
          -0.59908,
          2.163738
        ],
        [
          0.723384,
          0.380816,
          -0.575929,
          3.461224
        ],
        [
          -0.005391,
          -0.831,
          -0.556246,
          1.276883
        ],
        [
          0.0,
          0.0,
          0.0,
          1.0
        ]
      ]
    },
    {
      "file_path": "/media/NFS/ttao/scannet/posed_images/scene0396_00/00018.jpg",
      "transform_matrix": [
        [
          -0.695916,
          0.416601,
          -0.584932,
          2.175187
        ],
        [
          0.717848,
          0.380999,
          -0.582696,
          3.454391
        ],
        [
          -0.019893,
          -0.825399,
          -0.564199,
          1.24786
        ],
        [
          0.0,
          0.0,
          0.0,
          1.0
        ]
      ]
    },
    {
      "file_path": "/media/NFS/ttao/scannet/posed_images/scene0396_00/00024.jpg",
      "transform_matrix": [
        [
          -0.695158,
          0.460693,
          -0.551831,
          2.194812
        ],
        [
          0.718179,
          0.411763,
          -0.560955,
          3.437824
        ],
        [
          -0.031205,
          -0.786265,
          -0.617101,
          1.205569
        ],
        [
          0.0,
          0.0,
          0.0,
          1.0
        ]
      ]
    },
    {
      "file_path": "/media/NFS/ttao/scannet/posed_images/scene0396_00/00026.jpg",
      "transform_matrix": [
        [
          -0.688715,
          0.477558,
          -0.545537,
          2.203793
        ],
        [
          0.724445,
          0.422994,
          -0.544293,
          3.432694
        ],
        [
          -0.029173,
          -0.770075,
          -0.637287,
          1.192642
        ],
        [
          0.0,
          0.0,
          0.0,
          1.0
        ]
      ]
    },
    {
      "file_path": "/media/NFS/ttao/scannet/posed_images/scene0396_00/00030.jpg",
      "transform_matrix": [
        [
          -0.665397,
          0.499303,
          -0.554926,
          2.219527
        ],
        [
          0.746191,
          0.42385,
          -0.513372,
          3.418203
        ],
        [
          -0.021123,
          -0.755677,
          -0.654604,
          1.189845
        ],
        [
          0.0,
          0.0,
          0.0,
          1.0
        ]
      ]
    },
    {
      "file_path": "/media/NFS/ttao/scannet/posed_images/scene0396_00/00035.jpg",
      "transform_matrix": [
        [
          -0.641122,
          0.514946,
          -0.569028,
          2.247299
        ],
        [
          0.767339,
          0.418154,
          -0.486147,
          3.400052
        ],
        [
          -0.012398,
          -0.748317,
          -0.663226,
          1.189555
        ],
        [
          0.0,
          0.0,
          0.0,
          1.0
        ]
      ]
    },
    {
      "file_path": "/media/NFS/ttao/scannet/posed_images/scene0396_00/00039.jpg",
      "transform_matrix": [
        [
          -0.60403,
          0.527389,
          -0.597502,
          2.276517
        ],
        [
          0.796892,
          0.38978,
          -0.461557,
          3.383412
        ],
        [
          -0.010525,
          -0.754939,
          -0.655711,
          1.196637
        ],
        [
          0.0,
          0.0,
          0.0,
          1.0
        ]
      ]
    },
    {
      "file_path": "/media/NFS/ttao/scannet/posed_images/scene0396_00/00040.jpg",
      "transform_matrix": [
        [
          -0.587637,
          0.529501,
          -0.61181,
          2.294882
        ],
        [
          0.809112,
          0.380354,
          -0.44796,
          3.368481
        ],
        [
          -0.004491,
          -0.758261,
          -0.651936,
          1.196475
        ],
        [
          0.0,
          0.0,
          0.0,
          1.0
        ]
      ]
    },
    {
      "file_path": "/media/NFS/ttao/scannet/posed_images/scene0396_00/00043.jpg",
      "transform_matrix": [
        [
          -0.565787,
          0.541179,
          -0.622101,
          2.317922
        ],
        [
          0.824537,
          0.366979,
          -0.430656,
          3.363193
        ],
        [
          -0.004764,
          -0.756606,
          -0.653854,
          1.190969
        ],
        [
          0.0,
          0.0,
          0.0,
          1.0
        ]
      ]
    },
    {
      "file_path": "/media/NFS/ttao/scannet/posed_images/scene0396_00/00050.jpg",
      "transform_matrix": [
        [
          -0.509512,
          0.580509,
          -0.635143,
          2.337064
        ],
        [
          0.860461,
          0.345508,
          -0.374475,
          3.347136
        ],
        [
          0.002061,
          -0.737315,
          -0.675546,
          1.205277
        ],
        [
          0.0,
          0.0,
          0.0,
          1.0
        ]
      ]
    },
    {
      "file_path": "/media/NFS/ttao/scannet/posed_images/scene0396_00/00053.jpg",
      "transform_matrix": [
        [
          -0.492631,
          0.579238,
          -0.64946,
          2.326233
        ],
        [
          0.870238,
          0.327421,
          -0.368077,
          3.356792
        ],
        [
          -0.000557,
          -0.746511,
          -0.665373,
          1.2155
        ],
        [
          0.0,
          0.0,
          0.0,
          1.0
        ]
      ]
    },
    {
      "file_path": "/media/NFS/ttao/scannet/posed_images/scene0396_00/00054.jpg",
      "transform_matrix": [
        [
          -0.483105,
          0.582799,
          -0.653418,
          2.323041
        ],
        [
          0.87556,
          0.319727,
          -0.362174,
          3.352922
        ],
        [
          -0.002159,
          -0.747075,
          -0.664737,
          1.222568
        ],
        [
          0.0,
          0.0,
          0.0,
          1.0
        ]
      ]
    },
    {
      "file_path": "/media/NFS/ttao/scannet/posed_images/scene0396_00/00058.jpg",
      "transform_matrix": [
        [
          -0.467699,
          0.568564,
          -0.676751,
          2.304646
        ],
        [
          0.883888,
          0.300666,
          -0.358249,
          3.349409
        ],
        [
          -0.000211,
          -0.765725,
          -0.643168,
          1.24209
        ],
        [
          0.0,
          0.0,
          0.0,
          1.0
        ]
      ]
    },
    {
      "file_path": "/media/NFS/ttao/scannet/posed_images/scene0396_00/00062.jpg",
      "transform_matrix": [
        [
          -0.459145,
          0.55891,
          -0.690512,
          2.273813
        ],
        [
          0.88834,
          0.294268,
          -0.352503,
          3.346145
        ],
        [
          0.006178,
          -0.775259,
          -0.631613,
          1.258565
        ],
        [
          0.0,
          0.0,
          0.0,
          1.0
        ]
      ]
    },
    {
      "file_path": "/media/NFS/ttao/scannet/posed_images/scene0396_00/00068.jpg",
      "transform_matrix": [
        [
          -0.486953,
          0.542456,
          -0.684557,
          2.226571
        ],
        [
          0.873202,
          0.284508,
          -0.395694,
          3.348689
        ],
        [
          -0.019885,
          -0.790441,
          -0.612216,
          1.282527
        ],
        [
          0.0,
          0.0,
          0.0,
          1.0
        ]
      ]
    },
    {
      "file_path": "/media/NFS/ttao/scannet/posed_images/scene0396_00/00071.jpg",
      "transform_matrix": [
        [
          -0.505248,
          0.533999,
          -0.677916,
          2.187068
        ],
        [
          0.862521,
          0.287021,
          -0.416745,
          3.36619
        ],
        [
          -0.027966,
          -0.795276,
          -0.605602,
          1.291472
        ],
        [
          0.0,
          0.0,
          0.0,
          1.0
        ]
      ]
    },
    {
      "file_path": "/media/NFS/ttao/scannet/posed_images/scene0396_00/00075.jpg",
      "transform_matrix": [
        [
          -0.514956,
          0.53154,
          -0.672522,
          2.116146
        ],
        [
          0.857006,
          0.301824,
          -0.417664,
          3.387726
        ],
        [
          -0.019022,
          -0.791434,
          -0.610959,
          1.309514
        ],
        [
          0.0,
          0.0,
          0.0,
          1.0
        ]
      ]
    },
    {
      "file_path": "/media/NFS/ttao/scannet/posed_images/scene0396_00/00079.jpg",
      "transform_matrix": [
        [
          -0.524383,
          0.524775,
          -0.670547,
          2.061062
        ],
        [
          0.851469,
          0.318716,
          -0.416439,
          3.411852
        ],
        [
          -0.004823,
          -0.789323,
          -0.613959,
          1.303331
        ],
        [
          0.0,
          0.0,
          0.0,
          1.0
        ]
      ]
    },
    {
      "file_path": "/media/NFS/ttao/scannet/posed_images/scene0396_00/00080.jpg",
      "transform_matrix": [
        [
          -0.528009,
          0.530706,
          -0.662992,
          2.043215
        ],
        [
          0.849201,
          0.322586,
          -0.418086,
          3.419255
        ],
        [
          -0.008009,
          -0.783766,
          -0.621004,
          1.304862
        ],
        [
          0.0,
          0.0,
          0.0,
          1.0
        ]
      ]
    },
    {
      "file_path": "/media/NFS/ttao/scannet/posed_images/scene0396_00/00084.jpg",
      "transform_matrix": [
        [
          -0.53709,
          0.534476,
          -0.652587,
          1.991001
        ],
        [
          0.843475,
          0.331889,
          -0.422374,
          3.436315
        ],
        [
          -0.009162,
          -0.777294,
          -0.629072,
          1.304497
        ],
        [
          0.0,
          0.0,
          0.0,
          1.0
        ]
      ]
    },
    {
      "file_path": "/media/NFS/ttao/scannet/posed_images/scene0396_00/00087.jpg",
      "transform_matrix": [
        [
          -0.537758,
          0.532475,
          -0.653672,
          1.952573
        ],
        [
          0.843074,
          0.333555,
          -0.421863,
          3.445742
        ],
        [
          -0.006596,
          -0.777954,
          -0.628287,
          1.315912
        ],
        [
          0.0,
          0.0,
          0.0,
          1.0
        ]
      ]
    },
    {
      "file_path": "/media/NFS/ttao/scannet/posed_images/scene0396_00/00094.jpg",
      "transform_matrix": [
        [
          -0.524438,
          0.509347,
          -0.682298,
          1.86915
        ],
        [
          0.851355,
          0.301824,
          -0.429065,
          3.49248
        ],
        [
          -0.012609,
          -0.805896,
          -0.591924,
          1.330801
        ],
        [
          0.0,
          0.0,
          0.0,
          1.0
        ]
      ]
    },
    {
      "file_path": "/media/NFS/ttao/scannet/posed_images/scene0396_00/00097.jpg",
      "transform_matrix": [
        [
          -0.513926,
          0.516195,
          -0.685145,
          1.833417
        ],
        [
          0.857802,
          0.316201,
          -0.405206,
          3.503726
        ],
        [
          0.007478,
          -0.795964,
          -0.605298,
          1.329459
        ],
        [
          0.0,
          0.0,
          0.0,
          1.0
        ]
      ]
    },
    {
      "file_path": "/media/NFS/ttao/scannet/posed_images/scene0396_00/00100.jpg",
      "transform_matrix": [
        [
          -0.504188,
          0.518625,
          -0.690523,
          1.799565
        ],
        [
          0.863222,
          0.326106,
          -0.38536,
          3.515192
        ],
        [
          0.025326,
          -0.790369,
          -0.612107,
          1.328463
        ],
        [
          0.0,
          0.0,
          0.0,
          1.0
        ]
      ]
    },
    {
      "file_path": "/media/NFS/ttao/scannet/posed_images/scene0396_00/00102.jpg",
      "transform_matrix": [
        [
          -0.510984,
          0.520242,
          -0.684283,
          1.776607
        ],
        [
          0.859173,
          0.333914,
          -0.387716,
          3.528404
        ],
        [
          0.026786,
          -0.786034,
          -0.617603,
          1.330115
        ],
        [
          0.0,
          0.0,
          0.0,
          1.0
        ]
      ]
    },
    {
      "file_path": "/media/NFS/ttao/scannet/posed_images/scene0396_00/00108.jpg",
      "transform_matrix": [
        [
          -0.511407,
          0.518301,
          -0.68544,
          1.727841
        ],
        [
          0.858874,
          0.334523,
          -0.387854,
          3.559751
        ],
        [
          0.02827,
          -0.787057,
          -0.616232,
          1.349392
        ],
        [
          0.0,
          0.0,
          0.0,
          1.0
        ]
      ]
    },
    {
      "file_path": "/media/NFS/ttao/scannet/posed_images/scene0396_00/00109.jpg",
      "transform_matrix": [
        [
          -0.514873,
          0.515373,
          -0.685052,
          1.722403
        ],
        [
          0.856851,
          0.334244,
          -0.392539,
          3.567797
        ],
        [
          0.026671,
          -0.789095,
          -0.613692,
          1.352085
        ],
        [
          0.0,
          0.0,
          0.0,
          1.0
        ]
      ]
    },
    {
      "file_path": "/media/NFS/ttao/scannet/posed_images/scene0396_00/00116.jpg",
      "transform_matrix": [
        [
          -0.54728,
          0.443716,
          -0.709648,
          1.716959
        ],
        [
          0.836641,
          0.313075,
          -0.449463,
          3.615882
        ],
        [
          0.022739,
          -0.839703,
          -0.542571,
          1.393199
        ],
        [
          0.0,
          0.0,
          0.0,
          1.0
        ]
      ]
    },
    {
      "file_path": "/media/NFS/ttao/scannet/posed_images/scene0396_00/00118.jpg",
      "transform_matrix": [
        [
          -0.556724,
          0.423894,
          -0.714404,
          1.718366
        ],
        [
          0.830434,
          0.305657,
          -0.465782,
          3.630255
        ],
        [
          0.02092,
          -0.852577,
          -0.522183,
          1.402779
        ],
        [
          0.0,
          0.0,
          0.0,
          1.0
        ]
      ]
    },
    {
      "file_path": "/media/NFS/ttao/scannet/posed_images/scene0396_00/00120.jpg",
      "transform_matrix": [
        [
          -0.557247,
          0.400979,
          -0.727112,
          1.723764
        ],
        [
          0.830157,
          0.287743,
          -0.477539,
          3.645231
        ],
        [
          0.017738,
          -0.869724,
          -0.49322,
          1.410076
        ],
        [
          0.0,
          0.0,
          0.0,
          1.0
        ]
      ]
    },
    {
      "file_path": "/media/NFS/ttao/scannet/posed_images/scene0396_00/00126.jpg",
      "transform_matrix": [
        [
          -0.562091,
          0.384064,
          -0.732495,
          1.72396
        ],
        [
          0.827067,
          0.265155,
          -0.495635,
          3.670087
        ],
        [
          0.003869,
          -0.884414,
          -0.466688,
          1.432477
        ],
        [
          0.0,
          0.0,
          0.0,
          1.0
        ]
      ]
    },
    {
      "file_path": "/media/NFS/ttao/scannet/posed_images/scene0396_00/00128.jpg",
      "transform_matrix": [
        [
          -0.56008,
          0.387005,
          -0.732487,
          1.724271
        ],
        [
          0.828437,
          0.263544,
          -0.494204,
          3.67425
        ],
        [
          0.001783,
          -0.883613,
          -0.468215,
          1.433532
        ],
        [
          0.0,
          0.0,
          0.0,
          1.0
        ]
      ]
    },
    {
      "file_path": "/media/NFS/ttao/scannet/posed_images/scene0396_00/00131.jpg",
      "transform_matrix": [
        [
          -0.547089,
          0.382718,
          -0.74446,
          1.726111
        ],
        [
          0.837062,
          0.254839,
          -0.484132,
          3.674839
        ],
        [
          0.004431,
          -0.888023,
          -0.459779,
          1.436633
        ],
        [
          0.0,
          0.0,
          0.0,
          1.0
        ]
      ]
    },
    {
      "file_path": "/media/NFS/ttao/scannet/posed_images/scene0396_00/00138.jpg",
      "transform_matrix": [
        [
          -0.533911,
          0.356846,
          -0.76655,
          1.736012
        ],
        [
          0.84554,
          0.224338,
          -0.484494,
          3.676406
        ],
        [
          -0.000924,
          -0.906826,
          -0.421504,
          1.454092
        ],
        [
          0.0,
          0.0,
          0.0,
          1.0
        ]
      ]
    },
    {
      "file_path": "/media/NFS/ttao/scannet/posed_images/scene0396_00/00141.jpg",
      "transform_matrix": [
        [
          -0.533903,
          0.341393,
          -0.773563,
          1.748701
        ],
        [
          0.845545,
          0.216883,
          -0.487868,
          3.673512
        ],
        [
          0.001218,
          -0.914556,
          -0.404457,
          1.453062
        ],
        [
          0.0,
          0.0,
          0.0,
          1.0
        ]
      ]
    },
    {
      "file_path": "/media/NFS/ttao/scannet/posed_images/scene0396_00/00144.jpg",
      "transform_matrix": [
        [
          -0.538623,
          0.335374,
          -0.772923,
          1.757573
        ],
        [
          0.842523,
          0.221358,
          -0.491076,
          3.667882
        ],
        [
          0.006398,
          -0.91571,
          -0.401789,
          1.464058
        ],
        [
          0.0,
          0.0,
          0.0,
          1.0
        ]
      ]
    },
    {
      "file_path": "/media/NFS/ttao/scannet/posed_images/scene0396_00/00148.jpg",
      "transform_matrix": [
        [
          -0.533815,
          0.308379,
          -0.787365,
          1.78019
        ],
        [
          0.845423,
          0.213741,
          -0.489463,
          3.656961
        ],
        [
          0.017352,
          -0.92694,
          -0.374809,
          1.466084
        ],
        [
          0.0,
          0.0,
          0.0,
          1.0
        ]
      ]
    },
    {
      "file_path": "/media/NFS/ttao/scannet/posed_images/scene0396_00/00150.jpg",
      "transform_matrix": [
        [
          -0.527162,
          0.297706,
          -0.795909,
          1.787314
        ],
        [
          0.849575,
          0.204451,
          -0.486233,
          3.659224
        ],
        [
          0.01797,
          -0.932508,
          -0.360702,
          1.464187
        ],
        [
          0.0,
          0.0,
          0.0,
          1.0
        ]
      ]
    },
    {
      "file_path": "/media/NFS/ttao/scannet/posed_images/scene0396_00/00156.jpg",
      "transform_matrix": [
        [
          -0.504474,
          0.262009,
          -0.822713,
          1.815621
        ],
        [
          0.863121,
          0.178384,
          -0.472442,
          3.656602
        ],
        [
          0.022975,
          -0.948436,
          -0.316136,
          1.484847
        ],
        [
          0.0,
          0.0,
          0.0,
          1.0
        ]
      ]
    },
    {
      "file_path": "/media/NFS/ttao/scannet/posed_images/scene0396_00/00159.jpg",
      "transform_matrix": [
        [
          -0.503871,
          0.253846,
          -0.825637,
          1.832769
        ],
        [
          0.863397,
          0.176416,
          -0.472676,
          3.653405
        ],
        [
          0.025669,
          -0.95102,
          -0.308061,
          1.487757
        ],
        [
          0.0,
          0.0,
          0.0,
          1.0
        ]
      ]
    },
    {
      "file_path": "/media/NFS/ttao/scannet/posed_images/scene0396_00/00163.jpg",
      "transform_matrix": [
        [
          -0.504416,
          0.258971,
          -0.823711,
          1.855802
        ],
        [
          0.863249,
          0.172368,
          -0.474436,
          3.646944
        ],
        [
          0.019116,
          -0.950381,
          -0.310501,
          1.486071
        ],
        [
          0.0,
          0.0,
          0.0,
          1.0
        ]
      ]
    },
    {
      "file_path": "/media/NFS/ttao/scannet/posed_images/scene0396_00/00165.jpg",
      "transform_matrix": [
        [
          -0.502868,
          0.255633,
          -0.825697,
          1.864716
        ],
        [
          0.864143,
          0.170263,
          -0.47357,
          3.644067
        ],
        [
          0.019526,
          -0.951663,
          -0.306523,
          1.492617
        ],
        [
          0.0,
          0.0,
          0.0,
          1.0
        ]
      ]
    },
    {
      "file_path": "/media/NFS/ttao/scannet/posed_images/scene0396_00/00169.jpg",
      "transform_matrix": [
        [
          -0.495856,
          0.237198,
          -0.835383,
          1.884475
        ],
        [
          0.868177,
          0.157459,
          -0.470612,
          3.639245
        ],
        [
          0.019911,
          -0.958616,
          -0.284007,
          1.497303
        ],
        [
          0.0,
          0.0,
          0.0,
          1.0
        ]
      ]
    },
    {
      "file_path": "/media/NFS/ttao/scannet/posed_images/scene0396_00/00173.jpg",
      "transform_matrix": [
        [
          -0.488773,
          0.226297,
          -0.842551,
          1.898676
        ],
        [
          0.872409,
          0.128805,
          -0.471499,
          3.639139
        ],
        [
          0.001826,
          -0.965505,
          -0.26038,
          1.511246
        ],
        [
          0.0,
          0.0,
          0.0,
          1.0
        ]
      ]
    },
    {
      "file_path": "/media/NFS/ttao/scannet/posed_images/scene0396_00/00175.jpg",
      "transform_matrix": [
        [
          -0.484057,
          0.217707,
          -0.847521,
          1.90668
        ],
        [
          0.874963,
          0.1079,
          -0.472014,
          3.638236
        ],
        [
          -0.011313,
          -0.970031,
          -0.242716,
          1.517972
        ],
        [
          0.0,
          0.0,
          0.0,
          1.0
        ]
      ]
    },
    {
      "file_path": "/media/NFS/ttao/scannet/posed_images/scene0396_00/00180.jpg",
      "transform_matrix": [
        [
          -0.481106,
          0.179069,
          -0.858179,
          1.926368
        ],
        [
          0.876555,
          0.082953,
          -0.474099,
          3.638076
        ],
        [
          -0.013708,
          -0.980333,
          -0.196873,
          1.528996
        ],
        [
          0.0,
          0.0,
          0.0,
          1.0
        ]
      ]
    },
    {
      "file_path": "/media/NFS/ttao/scannet/posed_images/scene0396_00/00184.jpg",
      "transform_matrix": [
        [
          -0.478957,
          0.162473,
          -0.862672,
          1.937212
        ],
        [
          0.877836,
          0.086039,
          -0.471171,
          3.635715
        ],
        [
          -0.002329,
          -0.982955,
          -0.183833,
          1.535172
        ],
        [
          0.0,
          0.0,
          0.0,
          1.0
        ]
      ]
    },
    {
      "file_path": "/media/NFS/ttao/scannet/posed_images/scene0396_00/00190.jpg",
      "transform_matrix": [
        [
          -0.46876,
          0.142936,
          -0.871684,
          1.949498
        ],
        [
          0.883161,
          0.094851,
          -0.459379,
          3.629593
        ],
        [
          0.017018,
          -0.985177,
          -0.170698,
          1.540785
        ],
        [
          0.0,
          0.0,
          0.0,
          1.0
        ]
      ]
    },
    {
      "file_path": "/media/NFS/ttao/scannet/posed_images/scene0396_00/00191.jpg",
      "transform_matrix": [
        [
          -0.46932,
          0.139715,
          -0.871905,
          1.949183
        ],
        [
          0.882825,
          0.095434,
          -0.459906,
          3.631186
        ],
        [
          0.018953,
          -0.985582,
          -0.168133,
          1.544581
        ],
        [
          0.0,
          0.0,
          0.0,
          1.0
        ]
      ]
    },
    {
      "file_path": "/media/NFS/ttao/scannet/posed_images/scene0396_00/00194.jpg",
      "transform_matrix": [
        [
          -0.472992,
          0.123862,
          -0.872317,
          1.953455
        ],
        [
          0.880814,
          0.090176,
          -0.464795,
          3.630893
        ],
        [
          0.021092,
          -0.988194,
          -0.151752,
          1.549176
        ],
        [
          0.0,
          0.0,
          0.0,
          1.0
        ]
      ]
    },
    {
      "file_path": "/media/NFS/ttao/scannet/posed_images/scene0396_00/00197.jpg",
      "transform_matrix": [
        [
          -0.476977,
          0.11007,
          -0.871997,
          1.957259
        ],
        [
          0.878605,
          0.08612,
          -0.46972,
          3.632505
        ],
        [
          0.023394,
          -0.990186,
          -0.137785,
          1.547397
        ],
        [
          0.0,
          0.0,
          0.0,
          1.0
        ]
      ]
    },
    {
      "file_path": "/media/NFS/ttao/scannet/posed_images/scene0396_00/00202.jpg",
      "transform_matrix": [
        [
          -0.474832,
          0.089798,
          -0.875483,
          1.957556
        ],
        [
          0.879516,
          0.083911,
          -0.468413,
          3.635797
        ],
        [
          0.0314,
          -0.992419,
          -0.118823,
          1.551639
        ],
        [
          0.0,
          0.0,
          0.0,
          1.0
        ]
      ]
    },
    {
      "file_path": "/media/NFS/ttao/scannet/posed_images/scene0396_00/00205.jpg",
      "transform_matrix": [
        [
          -0.47575,
          0.07948,
          -0.875983,
          1.962604
        ],
        [
          0.878835,
          0.083951,
          -0.469682,
          3.633003
        ],
        [
          0.036209,
          -0.993295,
          -0.109789,
          1.552265
        ],
        [
          0.0,
          0.0,
          0.0,
          1.0
        ]
      ]
    },
    {
      "file_path": "/media/NFS/ttao/scannet/posed_images/scene0396_00/00209.jpg",
      "transform_matrix": [
        [
          -0.479412,
          0.065008,
          -0.875179,
          1.970903
        ],
        [
          0.876485,
          0.085491,
          -0.473777,
          3.627148
        ],
        [
          0.044021,
          -0.994216,
          -0.097964,
          1.55024
        ],
        [
          0.0,
          0.0,
          0.0,
          1.0
        ]
      ]
    },
    {
      "file_path": "/media/NFS/ttao/scannet/posed_images/scene0396_00/00215.jpg",
      "transform_matrix": [
        [
          -0.456124,
          0.033978,
          -0.889268,
          1.984626
        ],
        [
          0.888708,
          0.069462,
          -0.453183,
          3.624194
        ],
        [
          0.046372,
          -0.997006,
          -0.06188,
          1.577966
        ],
        [
          0.0,
          0.0,
          0.0,
          1.0
        ]
      ]
    },
    {
      "file_path": "/media/NFS/ttao/scannet/posed_images/scene0396_00/00218.jpg",
      "transform_matrix": [
        [
          -0.44424,
          0.015014,
          -0.895782,
          1.99781
        ],
        [
          0.894457,
          0.064314,
          -0.442505,
          3.618928
        ],
        [
          0.050967,
          -0.997817,
          -0.042001,
          1.580286
        ],
        [
          0.0,
          0.0,
          0.0,
          1.0
        ]
      ]
    },
    {
      "file_path": "/media/NFS/ttao/scannet/posed_images/scene0396_00/00222.jpg",
      "transform_matrix": [
        [
          -0.435012,
          -0.001977,
          -0.900423,
          2.017927
        ],
        [
          0.898784,
          0.059384,
          -0.434351,
          3.613104
        ],
        [
          0.054329,
          -0.998233,
          -0.024055,
          1.584355
        ],
        [
          0.0,
          0.0,
          0.0,
          1.0
        ]
      ]
    },
    {
      "file_path": "/media/NFS/ttao/scannet/posed_images/scene0396_00/00224.jpg",
      "transform_matrix": [
        [
          -0.43068,
          -0.009063,
          -0.902459,
          2.027036
        ],
        [
          0.900748,
          0.058042,
          -0.430446,
          3.610589
        ],
        [
          0.056282,
          -0.998273,
          -0.016834,
          1.583411
        ],
        [
          0.0,
          0.0,
          0.0,
          1.0
        ]
      ]
    },
    {
      "file_path": "/media/NFS/ttao/scannet/posed_images/scene0396_00/00227.jpg",
      "transform_matrix": [
        [
          -0.425889,
          -0.02011,
          -0.904552,
          2.034422
        ],
        [
          0.902841,
          0.055893,
          -0.426327,
          3.614371
        ],
        [
          0.059132,
          -0.998234,
          -0.005648,
          1.597808
        ],
        [
          0.0,
          0.0,
          0.0,
          1.0
        ]
      ]
    },
    {
      "file_path": "/media/NFS/ttao/scannet/posed_images/scene0396_00/00234.jpg",
      "transform_matrix": [
        [
          -0.407826,
          -0.059507,
          -0.911118,
          2.058649
        ],
        [
          0.910949,
          0.041292,
          -0.410447,
          3.633184
        ],
        [
          0.062046,
          -0.997373,
          0.037368,
          1.618649
        ],
        [
          0.0,
          0.0,
          0.0,
          1.0
        ]
      ]
    },
    {
      "file_path": "/media/NFS/ttao/scannet/posed_images/scene0396_00/00235.jpg",
      "transform_matrix": [
        [
          -0.40519,
          -0.066722,
          -0.911795,
          2.064149
        ],
        [
          0.911884,
          0.041945,
          -0.408299,
          3.636386
        ],
        [
          0.065487,
          -0.99689,
          0.043848,
          1.626168
        ],
        [
          0.0,
          0.0,
          0.0,
          1.0
        ]
      ]
    },
    {
      "file_path": "/media/NFS/ttao/scannet/posed_images/scene0396_00/00240.jpg",
      "transform_matrix": [
        [
          -0.361453,
          -0.098523,
          -0.927171,
          2.082979
        ],
        [
          0.928721,
          0.050096,
          -0.36738,
          3.656654
        ],
        [
          0.082643,
          -0.993873,
          0.073393,
          1.623812
        ],
        [
          0.0,
          0.0,
          0.0,
          1.0
        ]
      ]
    },
    {
      "file_path": "/media/NFS/ttao/scannet/posed_images/scene0396_00/00245.jpg",
      "transform_matrix": [
        [
          -0.328408,
          -0.099543,
          -0.939276,
          2.09386
        ],
        [
          0.941734,
          0.042036,
          -0.333722,
          3.684096
        ],
        [
          0.072703,
          -0.994145,
          0.079938,
          1.624228
        ],
        [
          0.0,
          0.0,
          0.0,
          1.0
        ]
      ]
    },
    {
      "file_path": "/media/NFS/ttao/scannet/posed_images/scene0396_00/00248.jpg",
      "transform_matrix": [
        [
          -0.318357,
          -0.101712,
          -0.942499,
          2.10279
        ],
        [
          0.945217,
          0.041667,
          -0.323772,
          3.692853
        ],
        [
          0.072202,
          -0.993941,
          0.082874,
          1.623108
        ],
        [
          0.0,
          0.0,
          0.0,
          1.0
        ]
      ]
    },
    {
      "file_path": "/media/NFS/ttao/scannet/posed_images/scene0396_00/00251.jpg",
      "transform_matrix": [
        [
          -0.302951,
          -0.078737,
          -0.949748,
          2.114738
        ],
        [
          0.951709,
          0.026995,
          -0.305814,
          3.68996
        ],
        [
          0.049717,
          -0.99653,
          0.066756,
          1.635695
        ],
        [
          0.0,
          0.0,
          0.0,
          1.0
        ]
      ]
    },
    {
      "file_path": "/media/NFS/ttao/scannet/posed_images/scene0396_00/00253.jpg",
      "transform_matrix": [
        [
          -0.301484,
          -0.075018,
          -0.950516,
          2.120279
        ],
        [
          0.952602,
          0.018858,
          -0.303634,
          3.692753
        ],
        [
          0.040703,
          -0.997004,
          0.065777,
          1.632907
        ],
        [
          0.0,
          0.0,
          0.0,
          1.0
        ]
      ]
    },
    {
      "file_path": "/media/NFS/ttao/scannet/posed_images/scene0396_00/00257.jpg",
      "transform_matrix": [
        [
          -0.2881,
          -0.052413,
          -0.956165,
          2.132318
        ],
        [
          0.956951,
          0.020995,
          -0.289488,
          3.689708
        ],
        [
          0.035248,
          -0.998405,
          0.044107,
          1.637633
        ],
        [
          0.0,
          0.0,
          0.0,
          1.0
        ]
      ]
    },
    {
      "file_path": "/media/NFS/ttao/scannet/posed_images/scene0396_00/00262.jpg",
      "transform_matrix": [
        [
          -0.234986,
          -0.006536,
          -0.971977,
          2.163226
        ],
        [
          0.971444,
          0.032195,
          -0.235074,
          3.654794
        ],
        [
          0.03283,
          -0.99946,
          -0.001216,
          1.62351
        ],
        [
          0.0,
          0.0,
          0.0,
          1.0
        ]
      ]
    },
    {
      "file_path": "/media/NFS/ttao/scannet/posed_images/scene0396_00/00263.jpg",
      "transform_matrix": [
        [
          -0.227169,
          0.002489,
          -0.973852,
          2.170452
        ],
        [
          0.973345,
          0.032956,
          -0.226967,
          3.645437
        ],
        [
          0.031529,
          -0.999454,
          -0.00991,
          1.621996
        ],
        [
          0.0,
          0.0,
          0.0,
          1.0
        ]
      ]
    },
    {
      "file_path": "/media/NFS/ttao/scannet/posed_images/scene0396_00/00269.jpg",
      "transform_matrix": [
        [
          -0.168671,
          0.043566,
          -0.984709,
          2.223005
        ],
        [
          0.98512,
          0.040887,
          -0.166933,
          3.578186
        ],
        [
          0.032989,
          -0.998214,
          -0.049814,
          1.580971
        ],
        [
          0.0,
          0.0,
          0.0,
          1.0
        ]
      ]
    },
    {
      "file_path": "/media/NFS/ttao/scannet/posed_images/scene0396_00/00273.jpg",
      "transform_matrix": [
        [
          -0.142413,
          0.109963,
          -0.98368,
          2.254827
        ],
        [
          0.989121,
          0.05281,
          -0.137297,
          3.514251
        ],
        [
          0.03685,
          -0.992532,
          -0.116288,
          1.551591
        ],
        [
          0.0,
          0.0,
          0.0,
          1.0
        ]
      ]
    },
    {
      "file_path": "/media/NFS/ttao/scannet/posed_images/scene0396_00/00274.jpg",
      "transform_matrix": [
        [
          -0.137826,
          0.123046,
          -0.982784,
          2.259972
        ],
        [
          0.989815,
          0.05281,
          -0.132201,
          3.505301
        ],
        [
          0.035634,
          -0.990995,
          -0.129071,
          1.53795
        ],
        [
          0.0,
          0.0,
          0.0,
          1.0
        ]
      ]
    },
    {
      "file_path": "/media/NFS/ttao/scannet/posed_images/scene0396_00/00281.jpg",
      "transform_matrix": [
        [
          -0.128282,
          0.237107,
          -0.962977,
          2.277131
        ],
        [
          0.991155,
          0.063935,
          -0.116294,
          3.433651
        ],
        [
          0.033994,
          -0.969378,
          -0.243211,
          1.503282
        ],
        [
          0.0,
          0.0,
          0.0,
          1.0
        ]
      ]
    },
    {
      "file_path": "/media/NFS/ttao/scannet/posed_images/scene0396_00/00283.jpg",
      "transform_matrix": [
        [
          -0.143655,
          0.258102,
          -0.955378,
          2.281415
        ],
        [
          0.989223,
          0.065075,
          -0.131164,
          3.427095
        ],
        [
          0.028317,
          -0.963924,
