{
  "frames": [
    {
      "file_path": "/media/NFS/ttao/scannet/posed_images/scene0545_00/00000.jpg",
      "transform_matrix": [
        [
          -0.020101,
          0.529437,
          -0.848111,
          2.862253
        ],
        [
          0.999552,
          0.029468,
          -0.005295,
          2.302429
        ],
        [
          0.022189,
          -0.847838,
          -0.529792,
          1.396337
        ],
        [
          0.0,
          0.0,
          0.0,
          1.0
        ]
      ]
    },
    {
      "file_path": "/media/NFS/ttao/scannet/posed_images/scene0545_00/00003.jpg",
      "transform_matrix": [
        [
          -0.013011,
          0.531439,
          -0.846996,
          2.861476
        ],
        [
          0.999663,
          0.025943,
          0.000921,
          2.310805
        ],
        [
          0.022463,
          -0.846699,
          -0.531598,
          1.401235
        ],
        [
          0.0,
          0.0,
          0.0,
          1.0
        ]
      ]
    },
    {
      "file_path": "/media/NFS/ttao/scannet/posed_images/scene0545_00/00005.jpg",
      "transform_matrix": [
        [
          -0.012091,
          0.529572,
          -0.848179,
          2.859638
        ],
        [
          0.999633,
          0.026957,
          0.002581,
          2.313751
        ],
        [
          0.024231,
          -0.847836,
          -0.529704,
          1.405861
        ],
        [
          0.0,
          0.0,
          0.0,
          1.0
        ]
      ]
    },
    {
      "file_path": "/media/NFS/ttao/scannet/posed_images/scene0545_00/00009.jpg",
      "transform_matrix": [
        [
          -0.008634,
          0.520448,
          -0.85385,
          2.862436
        ],
        [
          0.999696,
          0.024227,
          0.004659,
          2.321623
        ],
        [
          0.023111,
          -0.85355,
          -0.520498,
          1.409158
        ],
        [
          0.0,
          0.0,
          0.0,
          1.0
        ]
      ]
    },
    {
      "file_path": "/media/NFS/ttao/scannet/posed_images/scene0545_00/00011.jpg",
      "transform_matrix": [
        [
          -0.002537,
          0.534401,
          -0.845227,
          2.843243
        ],
        [
          0.999781,
          0.018917,
          0.00896,
          2.315717
        ],
        [
          0.020777,
          -0.845019,
          -0.534332,
          1.450673
        ],
        [
          0.0,
          0.0,
          0.0,
          1.0
        ]
      ]
    },
    {
      "file_path": "/media/NFS/ttao/scannet/posed_images/scene0545_00/00015.jpg",
      "transform_matrix": [
        [
          -0.001527,
          0.523192,
          -0.852214,
          2.842896
        ],
        [
          0.999819,
          0.016977,
          0.008631,
          2.319031
        ],
        [
          0.018984,
          -0.852046,
          -0.523123,
          1.458815
        ],
        [
          0.0,
          0.0,
          0.0,
          1.0
        ]
      ]
    },
    {
      "file_path": "/media/NFS/ttao/scannet/posed_images/scene0545_00/00016.jpg",
      "transform_matrix": [
        [
          -0.001701,
          0.515071,
          -0.857146,
          2.842302
        ],
        [
          0.999806,
          0.017704,
          0.008655,
          2.319492
        ],
        [
          0.019633,
          -0.856965,
          -0.515001,
          1.46334
        ],
        [
          0.0,
          0.0,
          0.0,
          1.0
        ]
      ]
    },
    {
      "file_path": "/media/NFS/ttao/scannet/posed_images/scene0545_00/00019.jpg",
      "transform_matrix": [
        [
          -0.002956,
          0.494412,
          -0.869223,
          2.839515
        ],
        [
          0.999712,
          0.022175,
          0.009213,
          2.321573
        ],
        [
          0.02383,
          -0.868945,
          -0.494335,
          1.478753
        ],
        [
          0.0,
          0.0,
          0.0,
          1.0
        ]
      ]
    },
    {
      "file_path": "/media/NFS/ttao/scannet/posed_images/scene0545_00/00022.jpg",
      "transform_matrix": [
        [
          -0.00902,
          0.466553,
          -0.884447,
          2.845407
        ],
        [
          0.99956,
          0.029197,
          0.005207,
          2.323049
        ],
        [
          0.028252,
          -0.884011,
          -0.466611,
          1.476137
        ],
        [
          0.0,
          0.0,
          0.0,
          1.0
        ]
      ]
    },
    {
      "file_path": "/media/NFS/ttao/scannet/posed_images/scene0545_00/00026.jpg",
      "transform_matrix": [
        [
          -0.021718,
          0.439165,
          -0.898144,
          2.846551
        ],
        [
          0.999534,
          0.028825,
          -0.010076,
          2.322219
        ],
        [
          0.021464,
          -0.897944,
          -0.439586,
          1.492344
        ],
        [
          0.0,
          0.0,
          0.0,
          1.0
        ]
      ]
    },
    {
      "file_path": "/media/NFS/ttao/scannet/posed_images/scene0545_00/00028.jpg",
      "transform_matrix": [
        [
          -0.027719,
          0.425396,
          -0.904583,
          2.849289
        ],
        [
          0.999508,
          0.025066,
          -0.018839,
          2.327295
        ],
        [
          0.01466,
          -0.90466,
          -0.425881,
          1.500016
        ],
        [
          0.0,
          0.0,
          0.0,
          1.0
        ]
      ]
    },
    {
      "file_path": "/media/NFS/ttao/scannet/posed_images/scene0545_00/00030.jpg",
      "transform_matrix": [
        [
          -0.029283,
          0.403902,
          -0.914334,
          2.856379
        ],
        [
          0.999441,
          0.026623,
          -0.020249,
          2.321725
        ],
        [
          0.016164,
          -0.914415,
          -0.404455,
          1.49008
        ],
        [
          0.0,
          0.0,
          0.0,
          1.0
        ]
      ]
    },
    {
      "file_path": "/media/NFS/ttao/scannet/posed_images/scene0545_00/00033.jpg",
      "transform_matrix": [
        [
          -0.027391,
          0.398677,
          -0.916682,
          2.843097
        ],
        [
          0.999575,
          0.020103,
          -0.021125,
          2.321651
        ],
        [
          0.010007,
          -0.916871,
          -0.399058,
          1.527142
        ],
        [
          0.0,
          0.0,
          0.0,
          1.0
        ]
      ]
    },
    {
      "file_path": "/media/NFS/ttao/scannet/posed_images/scene0545_00/00038.jpg",
      "transform_matrix": [
        [
          -0.026912,
          0.365599,
          -0.930384,
          2.842452
        ],
        [
          0.999611,
          0.016734,
          -0.022338,
          2.320603
        ],
        [
          0.007402,
          -0.930622,
          -0.365907,
          1.537186
        ],
        [
          0.0,
          0.0,
          0.0,
          1.0
        ]
      ]
    },
    {
      "file_path": "/media/NFS/ttao/scannet/posed_images/scene0545_00/00040.jpg",
      "transform_matrix": [
        [
          -0.032141,
          0.33574,
          -0.941406,
          2.853784
        ],
        [
          0.999396,
          0.023263,
          -0.025824,
          2.323036
        ],
        [
          0.01323,
          -0.941667,
          -0.336285,
          1.521741
        ],
        [
          0.0,
          0.0,
          0.0,
          1.0
        ]
      ]
    },
    {
      "file_path": "/media/NFS/ttao/scannet/posed_images/scene0545_00/00043.jpg",
      "transform_matrix": [
        [
          -0.032342,
          0.318894,
          -0.947239,
          2.846681
        ],
        [
          0.999429,
          0.019633,
          -0.027514,
          2.329435
        ],
        [
          0.009823,
          -0.947587,
          -0.319346,
          1.545093
        ],
        [
          0.0,
          0.0,
          0.0,
          1.0
        ]
      ]
    },
    {
      "file_path": "/media/NFS/ttao/scannet/posed_images/scene0545_00/00045.jpg",
      "transform_matrix": [
        [
          -0.037536,
          0.306864,
          -0.951013,
          2.845238
        ],
        [
          0.999265,
          0.018998,
          -0.03331,
          2.325502
        ],
        [
          0.007846,
          -0.951564,
          -0.307352,
          1.552715
        ],
        [
          0.0,
          0.0,
          0.0,
          1.0
        ]
      ]
    },
    {
      "file_path": "/media/NFS/ttao/scannet/posed_images/scene0545_00/00049.jpg",
      "transform_matrix": [
        [
          -0.050035,
          0.282664,
          -0.957913,
          2.846605
        ],
        [
          0.998722,
          0.020983,
          -0.045974,
          2.317578
        ],
        [
          0.007105,
          -0.958989,
          -0.283353,
          1.556744
        ],
        [
          0.0,
          0.0,
          0.0,
          1.0
        ]
      ]
    },
    {
      "file_path": "/media/NFS/ttao/scannet/posed_images/scene0545_00/00050.jpg",
      "transform_matrix": [
        [
          -0.051578,
          0.274339,
          -0.960249,
          2.84969
        ],
        [
          0.998634,
          0.022254,
          -0.047282,
          2.309526
        ],
        [
          0.008398,
          -0.961375,
          -0.275112,
          1.551528
        ],
        [
          0.0,
          0.0,
          0.0,
          1.0
        ]
      ]
    },
    {
      "file_path": "/media/NFS/ttao/scannet/posed_images/scene0545_00/00055.jpg",
      "transform_matrix": [
        [
          -0.071223,
          0.25726,
          -0.963714,
          2.846604
        ],
        [
          0.99746,
          0.018915,
          -0.068668,
          2.309638
        ],
        [
          0.000563,
          -0.966157,
          -0.257954,
          1.566111
        ],
        [
          0.0,
          0.0,
          0.0,
          1.0
        ]
      ]
    },
    {
      "file_path": "/media/NFS/ttao/scannet/posed_images/scene0545_00/00057.jpg",
      "transform_matrix": [
        [
          -0.076067,
          0.251355,
          -0.964901,
          2.845665
        ],
        [
          0.9971,
          0.021575,
          -0.072985,
          2.304062
        ],
        [
          0.002473,
          -0.967655,
          -0.252267,
          1.567227
        ],
        [
          0.0,
          0.0,
          0.0,
          1.0
        ]
      ]
    },
    {
      "file_path": "/media/NFS/ttao/scannet/posed_images/scene0545_00/00060.jpg",
      "transform_matrix": [
        [
          -0.088145,
          0.246093,
          -0.96523,
          2.850116
        ],
        [
          0.996088,
          0.027899,
          -0.08385,
          2.299501
        ],
        [
          0.006294,
          -0.968845,
          -0.247589,
          1.56427
        ],
        [
          0.0,
          0.0,
          0.0,
          1.0
        ]
      ]
    },
    {
      "file_path": "/media/NFS/ttao/scannet/posed_images/scene0545_00/00061.jpg",
      "transform_matrix": [
        [
          -0.094233,
          0.243374,
          -0.965344,
          2.852647
        ],
        [
          0.995518,
          0.030887,
          -0.089391,
          2.301721
        ],
        [
          0.008061,
          -0.969441,
          -0.245194,
          1.559075
        ],
        [
          0.0,
          0.0,
          0.0,
          1.0
        ]
      ]
    },
    {
      "file_path": "/media/NFS/ttao/scannet/posed_images/scene0545_00/00064.jpg",
      "transform_matrix": [
        [
          -0.110909,
          0.248743,
          -0.962199,
          2.851463
        ],
        [
          0.99375,
          0.040104,
          -0.104178,
          2.291636
        ],
        [
          0.012675,
          -0.967739,
          -0.251637,
          1.559807
        ],
        [
          0.0,
          0.0,
          0.0,
          1.0
        ]
      ]
    },
    {
      "file_path": "/media/NFS/ttao/scannet/posed_images/scene0545_00/00067.jpg",
      "transform_matrix": [
        [
          -0.136684,
          0.260853,
          -0.955653,
          2.850352
        ],
        [
          0.990438,
          0.054194,
          -0.126866,
          2.285716
        ],
        [
          0.018698,
          -0.963856,
          -0.265767,
          1.5552
        ],
        [
          0.0,
          0.0,
          0.0,
          1.0
        ]
      ]
    },
    {
      "file_path": "/media/NFS/ttao/scannet/posed_images/scene0545_00/00071.jpg",
      "transform_matrix": [
        [
          -0.177265,
          0.279106,
          -0.943757,
          2.853611
        ],
        [
          0.983508,
          0.085237,
          -0.159523,
          2.257154
        ],
        [
          0.035919,
          -0.95647,
          -0.289612,
          1.539773
        ],
        [
          0.0,
          0.0,
          0.0,
          1.0
        ]
      ]
    },
    {
      "file_path": "/media/NFS/ttao/scannet/posed_images/scene0545_00/00072.jpg",
      "transform_matrix": [
        [
          -0.189091,
          0.275985,
          -0.942378,
          2.856175
        ],
        [
          0.98108,
          0.093713,
          -0.169411,
          2.253818
        ],
        [
          0.041558,
          -0.956582,
          -0.288484,
          1.535365
        ],
        [
          0.0,
          0.0,
          0.0,
          1.0
        ]
      ]
    },
    {
      "file_path": "/media/NFS/ttao/scannet/posed_images/scene0545_00/00077.jpg",
      "transform_matrix": [
        [
          -0.251869,
          0.275369,
          -0.927758,
          2.859827
        ],
        [
          0.964498,
          0.150091,
          -0.217294,
          2.236049
        ],
        [
          0.079412,
          -0.94955,
          -0.303396,
          1.517485
        ],
        [
          0.0,
          0.0,
          0.0,
          1.0
        ]
      ]
    },
    {
      "file_path": "/media/NFS/ttao/scannet/posed_images/scene0545_00/00079.jpg",
      "transform_matrix": [
        [
          -0.280795,
          0.274374,
          -0.919713,
          2.859797
        ],
        [
          0.955854,
          0.166392,
          -0.24219,
          2.233149
        ],
        [
          0.086583,
          -0.947118,
          -0.308984,
          1.515367
        ],
        [
          0.0,
          0.0,
          0.0,
          1.0
        ]
      ]
    },
    {
      "file_path": "/media/NFS/ttao/scannet/posed_images/scene0545_00/00083.jpg",
      "transform_matrix": [
        [
          -0.347811,
          0.283621,
          -0.893637,
          2.845898
        ],
        [
          0.933132,
          0.197293,
          -0.300566,
          2.236328
        ],
        [
          0.091061,
          -0.938421,
          -0.333276,
          1.492951
        ],
        [
          0.0,
          0.0,
          0.0,
          1.0
        ]
      ]
    },
    {
      "file_path": "/media/NFS/ttao/scannet/posed_images/scene0545_00/00085.jpg",
      "transform_matrix": [
        [
          -0.37223,
          0.284044,
          -0.883608,
          2.846503
        ],
        [
          0.923726,
          0.20612,
          -0.32287,
          2.240339
        ],
        [
          0.09042,
          -0.936394,
          -0.339103,
          1.478748
        ],
        [
          0.0,
          0.0,
          0.0,
          1.0
        ]
      ]
    },
    {
      "file_path": "/media/NFS/ttao/scannet/posed_images/scene0545_00/00088.jpg",
      "transform_matrix": [
        [
          -0.405914,
          0.303619,
          -0.862003,
          2.83649
        ],
        [
          0.910119,
          0.220131,
          -0.351036,
          2.237845
        ],
        [
          0.083172,
          -0.927016,
          -0.365683,
          1.4715
        ],
        [
          0.0,
          0.0,
          0.0,
          1.0
        ]
      ]
    },
    {
      "file_path": "/media/NFS/ttao/scannet/posed_images/scene0545_00/00091.jpg",
      "transform_matrix": [
        [
          -0.445029,
          0.330308,
          -0.832374,
          2.821742
        ],
        [
          0.893356,
          0.228274,
          -0.387048,
          2.246125
        ],
        [
          0.062164,
          -0.915854,
          -0.396671,
          1.465061
        ],
        [
          0.0,
          0.0,
          0.0,
          1.0
        ]
      ]
    },
    {
      "file_path": "/media/NFS/ttao/scannet/posed_images/scene0545_00/00094.jpg",
      "transform_matrix": [
        [
          -0.474776,
          0.351891,
          -0.806697,
          2.798582
        ],
        [
          0.878669,
          0.241891,
          -0.411618,
          2.241063
        ],
        [
          0.050288,
          -0.904246,
          -0.42404,
          1.463225
        ],
        [
          0.0,
          0.0,
          0.0,
          1.0
        ]
      ]
    },
    {
      "file_path": "/media/NFS/ttao/scannet/posed_images/scene0545_00/00097.jpg",
      "transform_matrix": [
        [
          -0.502871,
          0.352951,
          -0.789016,
          2.768185
        ],
        [
          0.863113,
          0.254098,
          -0.43643,
          2.237065
        ],
        [
          0.046449,
          -0.900478,
          -0.432415,
          1.459027
        ],
        [
          0.0,
          0.0,
          0.0,
          1.0
        ]
      ]
    },
    {
      "file_path": "/media/NFS/ttao/scannet/posed_images/scene0545_00/00100.jpg",
      "transform_matrix": [
        [
          -0.537783,
          0.351003,
          -0.766541,
          2.715507
        ],
        [
          0.841779,
          0.274106,
          -0.465053,
          2.242012
        ],
        [
          0.046879,
          -0.895356,
          -0.442877,
          1.457679
        ],
        [
          0.0,
          0.0,
          0.0,
          1.0
        ]
      ]
    },
    {
      "file_path": "/media/NFS/ttao/scannet/posed_images/scene0545_00/00102.jpg",
      "transform_matrix": [
        [
          -0.554402,
          0.344225,
          -0.757726,
          2.690674
        ],
        [
          0.830645,
          0.285361,
          -0.478119,
          2.234734
        ],
        [
          0.051645,
          -0.894471,
          -0.444133,
          1.454977
        ],
        [
          0.0,
          0.0,
          0.0,
          1.0
        ]
      ]
    },
    {
      "file_path": "/media/NFS/ttao/scannet/posed_images/scene0545_00/00105.jpg",
      "transform_matrix": [
        [
          -0.58012,
          0.334083,
          -0.742866,
          2.643561
        ],
        [
          0.812238,
          0.305652,
          -0.496836,
          2.225033
        ],
        [
          0.061074,
          -0.891608,
          -0.44867,
          1.456255
        ],
        [
          0.0,
          0.0,
          0.0,
          1.0
        ]
      ]
    },
    {
      "file_path": "/media/NFS/ttao/scannet/posed_images/scene0545_00/00107.jpg",
      "transform_matrix": [
        [
          -0.591528,
          0.329053,
          -0.736083,
          2.612185
        ],
        [
          0.803473,
          0.316739,
          -0.504091,
          2.219421
        ],
        [
          0.067274,
          -0.889607,
          -0.451746,
          1.456889
        ],
        [
          0.0,
          0.0,
          0.0,
          1.0
        ]
      ]
    },
    {
      "file_path": "/media/NFS/ttao/scannet/posed_images/scene0545_00/00109.jpg",
      "transform_matrix": [
        [
          -0.596525,
          0.333424,
          -0.730059,
          2.580638
        ],
        [
          0.799474,
          0.326993,
          -0.503902,
          2.213027
        ],
        [
          0.070711,
          -0.884254,
          -0.461623,
          1.459689
        ],
        [
          0.0,
          0.0,
          0.0,
          1.0
        ]
      ]
    },
    {
      "file_path": "/media/NFS/ttao/scannet/posed_images/scene0545_00/00113.jpg",
      "transform_matrix": [
        [
          -0.613358,
          0.321141,
          -0.721568,
          2.519483
        ],
        [
          0.786047,
          0.337232,
          -0.518079,
          2.209026
        ],
        [
          0.07696,
          -0.884954,
          -0.459276,
          1.460562
        ],
        [
          0.0,
          0.0,
          0.0,
          1.0
        ]
      ]
    },
    {
      "file_path": "/media/NFS/ttao/scannet/posed_images/scene0545_00/00115.jpg",
      "transform_matrix": [
        [
          -0.617207,
          0.313355,
          -0.72171,
          2.49263
        ],
        [
          0.781338,
          0.35201,
          -0.515364,
          2.207419
        ],
        [
          0.092557,
          -0.881985,
          -0.462099,
          1.458564
        ],
        [
          0.0,
          0.0,
          0.0,
          1.0
        ]
      ]
    },
    {
      "file_path": "/media/NFS/ttao/scannet/posed_images/scene0545_00/00117.jpg",
      "transform_matrix": [
        [
          -0.619819,
          0.319683,
          -0.716677,
          2.466471
        ],
        [
          0.77904,
          0.360579,
          -0.512913,
          2.209162
        ],
        [
          0.094449,
          -0.876234,
          -0.47254,
          1.452257
        ],
        [
          0.0,
          0.0,
          0.0,
          1.0
        ]
      ]
    },
    {
      "file_path": "/media/NFS/ttao/scannet/posed_images/scene0545_00/00120.jpg",
      "transform_matrix": [
        [
          -0.631255,
          0.334725,
          -0.699626,
          2.43844
        ],
        [
          0.770046,
          0.378018,
          -0.513937,
          2.209791
        ],
        [
          0.092443,
          -0.86317,
          -0.496379,
          1.452761
        ],
        [
          0.0,
          0.0,
          0.0,
          1.0
        ]
      ]
    },
    {
      "file_path": "/media/NFS/ttao/scannet/posed_images/scene0545_00/00125.jpg",
      "transform_matrix": [
        [
          -0.654992,
          0.328685,
          -0.680405,
          2.380082
        ],
        [
          0.75095,
          0.383263,
          -0.537758,
          2.22588
        ],
        [
          0.084022,
          -0.863178,
          -0.49786,
          1.452913
        ],
        [
          0.0,
          0.0,
          0.0,
          1.0
        ]
      ]
    },
    {
      "file_path": "/media/NFS/ttao/scannet/posed_images/scene0545_00/00128.jpg",
      "transform_matrix": [
        [
          -0.668217,
          0.319585,
          -0.671827,
          2.34001
        ],
        [
          0.739328,
          0.38594,
          -0.551765,
          2.245666
        ],
        [
          0.082949,
          -0.865399,
          -0.49417,
          1.45264
        ],
        [
          0.0,
          0.0,
          0.0,
          1.0
        ]
      ]
    },
    {
      "file_path": "/media/NFS/ttao/scannet/posed_images/scene0545_00/00129.jpg",
      "transform_matrix": [
        [
          -0.674257,
          0.31691,
          -0.667042,
          2.327019
        ],
        [
          0.733648,
          0.390776,
          -0.555927,
          2.253577
        ],
        [
          0.084485,
          -0.864212,
          -0.495984,
          1.453408
        ],
        [
          0.0,
          0.0,
          0.0,
          1.0
        ]
      ]
    },
    {
      "file_path": "/media/NFS/ttao/scannet/posed_images/scene0545_00/00133.jpg",
      "transform_matrix": [
        [
          -0.712063,
          0.266906,
          -0.649405,
          2.276458
        ],
        [
          0.693711,
          0.41013,
          -0.59208,
          2.286719
        ],
        [
          0.10831,
          -0.872098,
          -0.477194,
          1.455929
        ],
        [
          0.0,
          0.0,
          0.0,
          1.0
        ]
      ]
    },
    {
      "file_path": "/media/NFS/ttao/scannet/posed_images/scene0545_00/00134.jpg",
      "transform_matrix": [
        [
          -0.722913,
          0.259191,
          -0.640481,
          2.25998
        ],
        [
          0.681966,
          0.416565,
          -0.601162,
          2.298249
        ],
        [
          0.110987,
          -0.871375,
          -0.4779,
          1.455728
        ],
        [
          0.0,
          0.0,
          0.0,
          1.0
        ]
      ]
    },
    {
      "file_path": "/media/NFS/ttao/scannet/posed_images/scene0545_00/00139.jpg",
      "transform_matrix": [
        [
          -0.75932,
          0.256272,
          -0.598129,
          2.188488
        ],
        [
          0.6412,
          0.45131,
          -0.620631,
          2.339721
        ],
        [
          0.110892,
          -0.854777,
          -0.50701,
          1.458805
        ],
        [
          0.0,
          0.0,
          0.0,
          1.0
        ]
      ]
    },
    {
      "file_path": "/media/NFS/ttao/scannet/posed_images/scene0545_00/00141.jpg",
      "transform_matrix": [
        [
          -0.771464,
          0.24394,
          -0.587653,
          2.16575
        ],
        [
          0.626379,
          0.45341,
          -0.634089,
          2.356843
        ],
        [
          0.111768,
          -0.85727,
          -0.502589,
          1.450929
        ],
        [
          0.0,
          0.0,
          0.0,
          1.0
        ]
      ]
    },
    {
      "file_path": "/media/NFS/ttao/scannet/posed_images/scene0545_00/00144.jpg",
      "transform_matrix": [
        [
          -0.792558,
          0.266331,
          -0.548561,
          2.12273
        ],
        [
          0.603729,
          0.469285,
          -0.644424,
          2.37171
        ],
        [
          0.085801,
          -0.841926,
          -0.532728,
          1.449929
        ],
        [
          0.0,
          0.0,
          0.0,
          1.0
        ]
      ]
    },
    {
      "file_path": "/media/NFS/ttao/scannet/posed_images/scene0545_00/00146.jpg",
      "transform_matrix": [
        [
          -0.799872,
          0.276576,
          -0.532645,
          2.096046
        ],
        [
          0.595932,
          0.471299,
          -0.650187,
          2.378405
        ],
        [
          0.071209,
          -0.837486,
          -0.541799,
          1.444432
        ],
        [
          0.0,
          0.0,
          0.0,
          1.0
        ]
      ]
    },
    {
      "file_path": "/media/NFS/ttao/scannet/posed_images/scene0545_00/00150.jpg",
      "transform_matrix": [
        [
          -0.81834,
          0.266886,
          -0.509011,
          2.035342
        ],
        [
          0.570445,
          0.485177,
          -0.662719,
          2.376185
        ],
        [
          0.07009,
          -0.832692,
          -0.549283,
          1.446043
        ],
        [
          0.0,
          0.0,
          0.0,
          1.0
        ]
      ]
    },
    {
      "file_path": "/media/NFS/ttao/scannet/posed_images/scene0545_00/00151.jpg",
      "transform_matrix": [
        [
          -0.821295,
          0.260014,
          -0.507806,
          2.0235
        ],
        [
          0.565516,
          0.488479,
          -0.664514,
          2.374497
        ],
        [
          0.075269,
          -0.832935,
          -0.548228,
          1.441839
        ],
        [
          0.0,
          0.0,
          0.0,
          1.0
        ]
      ]
    },
    {
      "file_path": "/media/NFS/ttao/scannet/posed_images/scene0545_00/00154.jpg",
      "transform_matrix": [
        [
          -0.830846,
          0.23023,
          -0.506645,
          1.976657
        ],
        [
          0.547752,
          0.499135,
          -0.67144,
          2.368702
        ],
        [
          0.098298,
          -0.835379,
          -0.540813,
          1.433597
        ],
        [
          0.0,
          0.0,
          0.0,
          1.0
        ]
      ]
    },
    {
      "file_path": "/media/NFS/ttao/scannet/posed_images/scene0545_00/00157.jpg",
      "transform_matrix": [
        [
          -0.839635,
          0.208151,
          -0.501684,
          1.935541
        ],
        [
          0.528713,
          0.524773,
          -0.667141,
          2.358331
        ],
        [
          0.124404,
          -0.825401,
          -0.550669,
          1.432007
        ],
        [
          0.0,
          0.0,
          0.0,
          1.0
        ]
      ]
    },
    {
      "file_path": "/media/NFS/ttao/scannet/posed_images/scene0545_00/00161.jpg",
      "transform_matrix": [
        [
          -0.852297,
          0.189059,
          -0.487695,
          1.880157
        ],
        [
          0.506252,
          0.532619,
          -0.678252,
          2.343413
        ],
        [
          0.131526,
          -0.824969,
          -0.549661,
          1.441487
        ],
        [
          0.0,
          0.0,
          0.0,
          1.0
        ]
      ]
    },
    {
      "file_path": "/media/NFS/ttao/scannet/posed_images/scene0545_00/00163.jpg",
      "transform_matrix": [
        [
          -0.859956,
          0.188639,
          -0.474228,
          1.85543
        ],
        [
          0.495488,
          0.531326,
          -0.687157,
          2.340596
        ],
        [
          0.122345,
          -0.825898,
          -0.550385,
          1.442618
        ],
        [
          0.0,
          0.0,
          0.0,
          1.0
        ]
      ]
    },
    {
      "file_path": "/media/NFS/ttao/scannet/posed_images/scene0545_00/00167.jpg",
      "transform_matrix": [
        [
          -0.886672,
          0.18279,
          -0.424735,
          1.816324
        ],
        [
          0.452427,
          0.532681,
          -0.715235,
          2.337839
        ],
        [
          0.095511,
          -0.826341,
          -0.555013,
          1.44462
        ],
        [
          0.0,
          0.0,
          0.0,
          1.0
        ]
      ]
    },
    {
      "file_path": "/media/NFS/ttao/scannet/posed_images/scene0545_00/00170.jpg",
      "transform_matrix": [
        [
          -0.910232,
          0.143633,
          -0.388391,
          1.785396
        ],
        [
          0.401551,
          0.53529,
          -0.743116,
          2.345379
        ],
        [
          0.101166,
          -0.832367,
          -0.544914,
          1.439651
        ],
        [
          0.0,
          0.0,
          0.0,
          1.0
        ]
      ]
    },
    {
      "file_path": "/media/NFS/ttao/scannet/posed_images/scene0545_00/00171.jpg",
      "transform_matrix": [
        [
          -0.918594,
          0.126546,
          -0.374393,
          1.779318
        ],
        [
          0.380306,
          0.540688,
          -0.750349,
          2.351307
        ],
        [
          0.107477,
          -0.831651,
          -0.544799,
          1.431471
        ],
        [
          0.0,
          0.0,
          0.0,
          1.0
        ]
      ]
    },
    {
      "file_path": "/media/NFS/ttao/scannet/posed_images/scene0545_00/00175.jpg",
      "transform_matrix": [
        [
          -0.962565,
          0.033496,
          -0.268974,
          1.759953
        ],
        [
          0.240637,
          0.562325,
          -0.791129,
          2.365891
        ],
        [
          0.124751,
          -0.826238,
          -0.549334,
          1.439175
        ],
        [
          0.0,
          0.0,
          0.0,
          1.0
        ]
      ]
    },
    {
      "file_path": "/media/NFS/ttao/scannet/posed_images/scene0545_00/00177.jpg",
      "transform_matrix": [
        [
          -0.971612,
          -0.004459,
          -0.236537,
          1.753127
        ],
        [
          0.193368,
          0.561075,
          -0.804862,
          2.377455
        ],
        [
          0.136304,
          -0.827753,
          -0.544285,
          1.442716
        ],
        [
          0.0,
          0.0,
          0.0,
          1.0
        ]
      ]
    },
    {
      "file_path": "/media/NFS/ttao/scannet/posed_images/scene0545_00/00179.jpg",
      "transform_matrix": [
        [
          -0.978647,
          -0.033999,
          -0.202718,
          1.746915
        ],
        [
          0.150068,
          0.555765,
          -0.817682,
          2.387204
        ],
        [
          0.140464,
          -0.830644,
          -0.538796,
          1.446878
        ],
        [
          0.0,
          0.0,
          0.0,
          1.0
        ]
      ]
    },
    {
      "file_path": "/media/NFS/ttao/scannet/posed_images/scene0545_00/00184.jpg",
      "transform_matrix": [
        [
          -0.990282,
          -0.07698,
          -0.115827,
          1.7256
        ],
        [
          0.056123,
          0.540814,
          -0.839268,
          2.407848
        ],
        [
          0.127248,
          -0.837612,
          -0.531238,
          1.456115
        ],
        [
          0.0,
          0.0,
          0.0,
          1.0
        ]
      ]
    },
    {
      "file_path": "/media/NFS/ttao/scannet/posed_images/scene0545_00/00185.jpg",
      "transform_matrix": [
        [
          -0.991936,
          -0.079163,
          -0.098973,
          1.723121
        ],
        [
          0.04103,
          0.538286,
          -0.841763,
          2.413018
        ],
        [
          0.119912,
          -0.839036,
          -0.530697,
          1.454135
        ],
        [
          0.0,
          0.0,
          0.0,
          1.0
        ]
      ]
    },
    {
      "file_path": "/media/NFS/ttao/scannet/posed_images/scene0545_00/00189.jpg",
      "transform_matrix": [
        [
          -0.995059,
          -0.090424,
          -0.041,
          1.730313
        ],
        [
          -0.014446,
          0.540417,
          -0.841273,
          2.426544
        ],
        [
          0.098229,
          -0.836525,
          -0.539053,
          1.454258
        ],
        [
          0.0,
          0.0,
          0.0,
          1.0
        ]
      ]
    },
    {
      "file_path": "/media/NFS/ttao/scannet/posed_images/scene0545_00/00192.jpg",
      "transform_matrix": [
        [
          -0.994357,
          -0.105374,
          0.012275,
          1.727822
        ],
        [
          -0.066888,
          0.532919,
          -0.843519,
          2.436241
        ],
        [
          0.082343,
          -0.83958,
          -0.53696,
          1.454753
        ],
        [
          0.0,
          0.0,
          0.0,
          1.0
        ]
      ]
    },
    {
      "file_path": "/media/NFS/ttao/scannet/posed_images/scene0545_00/00195.jpg",
      "transform_matrix": [
        [
          -0.993949,
          -0.103907,
          0.035626,
          1.738078
        ],
        [
          -0.085798,
          0.531866,
          -0.842471,
          2.438112
        ],
        [
          0.06859,
          -0.84043,
          -0.537562,
          1.457398
        ],
        [
          0.0,
          0.0,
          0.0,
          1.0
        ]
      ]
    },
    {
      "file_path": "/media/NFS/ttao/scannet/posed_images/scene0545_00/00198.jpg",
      "transform_matrix": [
        [
          -0.993135,
          -0.105243,
          0.051066,
          1.755497
        ],
        [
          -0.099633,
          0.532279,
          -0.840686,
          2.436954
        ],
        [
          0.061295,
          -0.840002,
          -0.53911,
          1.457591
        ],
        [
          0.0,
          0.0,
          0.0,
          1.0
        ]
      ]
    },
    {
      "file_path": "/media/NFS/ttao/scannet/posed_images/scene0545_00/00200.jpg",
      "transform_matrix": [
        [
          -0.992665,
          -0.106551,
          0.057126,
          1.770926
        ],
        [
          -0.105294,
          0.529739,
          -0.8416,
          2.436582
        ],
        [
          0.059411,
          -0.841442,
          -0.537072,
          1.456494
        ],
        [
          0.0,
          0.0,
          0.0,
          1.0
        ]
      ]
    },
    {
      "file_path": "/media/NFS/ttao/scannet/posed_images/scene0545_00/00202.jpg",
      "transform_matrix": [
        [
          -0.991154,
          -0.114341,
          0.067387,
          1.786796
        ],
        [
          -0.117867,
          0.524927,
          -0.842947,
          2.43599
        ],
        [
          0.06101,
          -0.843432,
          -0.53376,
          1.451447
        ],
        [
          0.0,
          0.0,
          0.0,
          1.0
        ]
      ]
    },
    {
      "file_path": "/media/NFS/ttao/scannet/posed_images/scene0545_00/00205.jpg",
      "transform_matrix": [
        [
          -0.988088,
          -0.127926,
          0.085545,
          1.826816
        ],
        [
          -0.140755,
          0.526519,
          -0.838431,
          2.430279
        ],
        [
          0.062216,
          -0.840484,
          -0.538253,
          1.446651
        ],
        [
          0.0,
          0.0,
          0.0,
          1.0
        ]
      ]
    },
    {
      "file_path": "/media/NFS/ttao/scannet/posed_images/scene0545_00/00209.jpg",
      "transform_matrix": [
        [
          -0.983762,
          -0.131086,
          0.122593,
          1.88266
        ],
        [
          -0.17405,
          0.530057,
          -0.829908,
          2.418785
        ],
        [
          0.043808,
          -0.837769,
          -0.544265,
          1.450323
        ],
        [
          0.0,
          0.0,
          0.0,
          1.0
        ]
      ]
    },
    {
      "file_path": "/media/NFS/ttao/scannet/posed_images/scene0545_00/00210.jpg",
      "transform_matrix": [
        [
          -0.983752,
          -0.12445,
          0.129398,
          1.905174
        ],
        [
          -0.176172,
          0.530383,
          -0.829251,
          2.415296
        ],
        [
          0.03457,
          -0.838574,
          -0.54369,
          1.457343
        ],
        [
          0.0,
          0.0,
          0.0,
          1.0
        ]
      ]
    },
    {
      "file_path": "/media/NFS/ttao/scannet/posed_images/scene0545_00/00215.jpg",
      "transform_matrix": [
        [
          -0.981372,
          -0.117879,
          0.151702,
          1.955006
        ],
        [
          -0.191173,
          0.520984,
          -0.831883,
          2.406428
        ],
        [
          0.019027,
          -0.845388,
          -0.533814,
          1.470265
        ],
        [
          0.0,
          0.0,
          0.0,
          1.0
        ]
      ]
    },
    {
      "file_path": "/media/NFS/ttao/scannet/posed_images/scene0545_00/00216.jpg",
      "transform_matrix": [
        [
          -0.979971,
          -0.122305,
          0.157158,
          1.96271
        ],
        [
          -0.198116,
          0.518792,
          -0.831628,
          2.406213
        ],
        [
          0.02018,
          -0.846107,
          -0.532632,
          1.470388
        ],
