{
  "frames": [
    {
      "file_path": "/media/NFS/ttao/scannet/posed_images/scene0279_02/00001.jpg",
      "transform_matrix": [
        [
          -0.970256,
          0.144096,
          -0.194526,
          3.483541
        ],
        [
          0.237419,
          0.40943,
          -0.880908,
          4.965438
        ],
        [
          -0.047291,
          -0.90089,
          -0.431463,
          1.70488
        ],
        [
          0.0,
          0.0,
          0.0,
          1.0
        ]
      ]
    },
    {
      "file_path": "/media/NFS/ttao/scannet/posed_images/scene0279_02/00004.jpg",
      "transform_matrix": [
        [
          -0.971063,
          0.146286,
          -0.188779,
          3.479384
        ],
        [
          0.233357,
          0.413011,
          -0.880322,
          4.969268
        ],
        [
          -0.050811,
          -0.898901,
          -0.435196,
          1.704163
        ],
        [
          0.0,
          0.0,
          0.0,
          1.0
        ]
      ]
    },
    {
      "file_path": "/media/NFS/ttao/scannet/posed_images/scene0279_02/00009.jpg",
      "transform_matrix": [
        [
          -0.970989,
          0.132918,
          -0.198779,
          3.47051
        ],
        [
          0.236565,
          0.412661,
          -0.87963,
          4.972006
        ],
        [
          -0.03489,
          -0.901135,
          -0.432133,
          1.709283
        ],
        [
          0.0,
          0.0,
          0.0,
          1.0
        ]
      ]
    },
    {
      "file_path": "/media/NFS/ttao/scannet/posed_images/scene0279_02/00012.jpg",
      "transform_matrix": [
        [
          -0.970472,
          0.122258,
          -0.207934,
          3.479247
        ],
        [
          0.239815,
          0.396368,
          -0.886217,
          4.974847
        ],
        [
          -0.025929,
          -0.909915,
          -0.413984,
          1.712856
        ],
        [
          0.0,
          0.0,
          0.0,
          1.0
        ]
      ]
    },
    {
      "file_path": "/media/NFS/ttao/scannet/posed_images/scene0279_02/00017.jpg",
      "transform_matrix": [
        [
          -0.976023,
          0.1134,
          -0.185796,
          3.471057
        ],
        [
          0.214148,
          0.347346,
          -0.912957,
          4.976881
        ],
        [
          -0.038994,
          -0.930855,
          -0.363302,
          1.731251
        ],
        [
          0.0,
          0.0,
          0.0,
          1.0
        ]
      ]
    },
    {
      "file_path": "/media/NFS/ttao/scannet/posed_images/scene0279_02/00021.jpg",
      "transform_matrix": [
        [
          -0.979839,
          0.100279,
          -0.1728,
          3.469735
        ],
        [
          0.195535,
          0.303803,
          -0.932454,
          4.97346
        ],
        [
          -0.041008,
          -0.947443,
          -0.317286,
          1.745647
        ],
        [
          0.0,
          0.0,
          0.0,
          1.0
        ]
      ]
    },
    {
      "file_path": "/media/NFS/ttao/scannet/posed_images/scene0279_02/00029.jpg",
      "transform_matrix": [
        [
          -0.985984,
          0.086618,
          -0.142597,
          3.457414
        ],
        [
          0.160111,
          0.250902,
          -0.954679,
          4.969944
        ],
        [
          -0.046914,
          -0.96413,
          -0.261254,
          1.762623
        ],
        [
          0.0,
          0.0,
          0.0,
          1.0
        ]
      ]
    },
    {
      "file_path": "/media/NFS/ttao/scannet/posed_images/scene0279_02/00030.jpg",
      "transform_matrix": [
        [
          -0.98574,
          0.088363,
          -0.143211,
          3.45416
        ],
        [
          0.161045,
          0.248531,
          -0.955142,
          4.965811
        ],
        [
          -0.048807,
          -0.964585,
          -0.259217,
          1.768765
        ],
        [
          0.0,
          0.0,
          0.0,
          1.0
        ]
      ]
    },
    {
      "file_path": "/media/NFS/ttao/scannet/posed_images/scene0279_02/00034.jpg",
      "transform_matrix": [
        [
          -0.982319,
          0.080369,
          -0.169088,
          3.436742
        ],
        [
          0.1836,
          0.236899,
          -0.954028,
          4.955315
        ],
        [
          -0.036618,
          -0.968204,
          -0.247466,
          1.773117
        ],
        [
          0.0,
          0.0,
          0.0,
          1.0
        ]
      ]
    },
    {
      "file_path": "/media/NFS/ttao/scannet/posed_images/scene0279_02/00042.jpg",
      "transform_matrix": [
        [
          -0.955678,
          0.087875,
          -0.280993,
          3.418513
        ],
        [
          0.293347,
          0.203082,
          -0.934187,
          4.936723
        ],
        [
          -0.025027,
          -0.975211,
          -0.219859,
          1.744958
        ],
        [
          0.0,
          0.0,
          0.0,
          1.0
        ]
      ]
    },
    {
      "file_path": "/media/NFS/ttao/scannet/posed_images/scene0279_02/00046.jpg",
      "transform_matrix": [
        [
          -0.932473,
          0.096113,
          -0.34822,
          3.385461
        ],
        [
          0.360813,
          0.20093,
          -0.910737,
          4.929317
        ],
        [
          -0.017566,
          -0.974879,
          -0.22204,
          1.742928
        ],
        [
          0.0,
          0.0,
          0.0,
          1.0
        ]
      ]
    },
    {
      "file_path": "/media/NFS/ttao/scannet/posed_images/scene0279_02/00048.jpg",
      "transform_matrix": [
        [
          -0.922088,
          0.098735,
          -0.374174,
          3.370131
        ],
        [
          0.386686,
          0.197309,
          -0.900857,
          4.932167
        ],
        [
          -0.015119,
          -0.975357,
          -0.220115,
          1.734352
        ],
        [
          0.0,
          0.0,
          0.0,
          1.0
        ]
      ]
    },
    {
      "file_path": "/media/NFS/ttao/scannet/posed_images/scene0279_02/00053.jpg",
      "transform_matrix": [
        [
          -0.889994,
          0.105074,
          -0.443701,
          3.382677
        ],
        [
          0.455971,
          0.202373,
          -0.866681,
          4.912434
        ],
        [
          -0.001273,
          -0.973655,
          -0.228022,
          1.735437
        ],
        [
          0.0,
          0.0,
          0.0,
          1.0
        ]
      ]
    },
    {
      "file_path": "/media/NFS/ttao/scannet/posed_images/scene0279_02/00057.jpg",
      "transform_matrix": [
        [
          -0.866025,
          0.116544,
          -0.486229,
          3.353348
        ],
        [
          0.49999,
          0.19542,
          -0.843695,
          4.904918
        ],
        [
          -0.003309,
          -0.97377,
          -0.227509,
          1.730629
        ],
        [
          0.0,
          0.0,
          0.0,
          1.0
        ]
      ]
    },
    {
      "file_path": "/media/NFS/ttao/scannet/posed_images/scene0279_02/00060.jpg",
      "transform_matrix": [
        [
          -0.845,
          0.119465,
          -0.521251,
          3.337399
        ],
        [
          0.534744,
          0.197711,
          -0.821559,
          4.900386
        ],
        [
          0.00491,
          -0.972954,
          -0.230949,
          1.737598
        ],
        [
          0.0,
          0.0,
          0.0,
          1.0
        ]
      ]
    },
    {
      "file_path": "/media/NFS/ttao/scannet/posed_images/scene0279_02/00065.jpg",
      "transform_matrix": [
        [
          -0.814857,
          0.118391,
          -0.567442,
          3.30483
        ],
        [
          0.579527,
          0.187484,
          -0.793094,
          4.910789
        ],
        [
          0.012491,
          -0.975107,
          -0.221384,
          1.719161
        ],
        [
          0.0,
          0.0,
          0.0,
          1.0
        ]
      ]
    },
    {
      "file_path": "/media/NFS/ttao/scannet/posed_images/scene0279_02/00069.jpg",
      "transform_matrix": [
        [
          -0.792891,
          0.117259,
          -0.597975,
          3.283431
        ],
        [
          0.609091,
          0.18183,
          -0.771975,
          4.910241
        ],
        [
          0.018209,
          -0.976314,
          -0.215592,
          1.726107
        ],
        [
          0.0,
          0.0,
          0.0,
          1.0
        ]
      ]
    },
    {
      "file_path": "/media/NFS/ttao/scannet/posed_images/scene0279_02/00076.jpg",
      "transform_matrix": [
        [
          -0.746993,
          0.127874,
          -0.652418,
          3.218982
        ],
        [
          0.664449,
          0.176897,
          -0.726096,
          4.929355
        ],
        [
          0.022562,
          -0.975887,
          -0.217107,
          1.720737
        ],
        [
          0.0,
          0.0,
          0.0,
          1.0
        ]
      ]
    },
    {
      "file_path": "/media/NFS/ttao/scannet/posed_images/scene0279_02/00077.jpg",
      "transform_matrix": [
        [
          -0.74145,
          0.136054,
          -0.65707,
          3.212692
        ],
        [
          0.670732,
          0.178351,
          -0.719937,
          4.929006
        ],
        [
          0.019239,
          -0.974515,
          -0.223494,
          1.717907
        ],
        [
          0.0,
          0.0,
          0.0,
          1.0
        ]
      ]
    },
    {
      "file_path": "/media/NFS/ttao/scannet/posed_images/scene0279_02/00085.jpg",
      "transform_matrix": [
        [
          -0.714591,
          0.221934,
          -0.663404,
          3.203435
        ],
        [
          0.699473,
          0.240048,
          -0.673138,
          4.942286
        ],
        [
          0.009856,
          -0.945051,
          -0.326773,
          1.700432
        ],
        [
          0.0,
          0.0,
          0.0,
          1.0
        ]
      ]
    },
    {
      "file_path": "/media/NFS/ttao/scannet/posed_images/scene0279_02/00089.jpg",
      "transform_matrix": [
        [
          -0.701984,
          0.283816,
          -0.653197,
          3.199457
        ],
        [
          0.712164,
          0.271529,
          -0.647375,
          4.94587
        ],
        [
          -0.006373,
          -0.919631,
          -0.392733,
          1.679181
        ],
        [
          0.0,
          0.0,
          0.0,
          1.0
        ]
      ]
    },
    {
      "file_path": "/media/NFS/ttao/scannet/posed_images/scene0279_02/00094.jpg",
      "transform_matrix": [
        [
          -0.698994,
          0.347453,
          -0.625047,
          3.195053
        ],
        [
          0.715117,
          0.33488,
          -0.613566,
          4.947935
        ],
        [
          -0.003869,
          -0.875861,
          -0.482549,
          1.647654
        ],
        [
          0.0,
          0.0,
          0.0,
          1.0
        ]
      ]
    },
    {
      "file_path": "/media/NFS/ttao/scannet/posed_images/scene0279_02/00098.jpg",
      "transform_matrix": [
        [
          -0.701532,
          0.379889,
          -0.602941,
          3.199104
        ],
        [
          0.712611,
          0.366542,
          -0.598191,
          4.955314
        ],
        [
          -0.006243,
          -0.849313,
          -0.527853,
          1.627124
        ],
        [
          0.0,
          0.0,
          0.0,
          1.0
        ]
      ]
    },
    {
      "file_path": "/media/NFS/ttao/scannet/posed_images/scene0279_02/00100.jpg",
      "transform_matrix": [
        [
          -0.699992,
          0.398435,
          -0.592672,
          3.203065
        ],
        [
          0.714046,
          0.376274,
          -0.590386,
          4.953419
        ],
        [
          -0.012223,
          -0.836461,
          -0.54789,
          1.619034
        ],
        [
          0.0,
          0.0,
          0.0,
          1.0
        ]
      ]
    },
    {
      "file_path": "/media/NFS/ttao/scannet/posed_images/scene0279_02/00107.jpg",
      "transform_matrix": [
        [
          -0.711444,
          0.443917,
          -0.54478,
          3.210882
        ],
        [
          0.702265,
          0.420509,
          -0.574453,
          4.958072
        ],
        [
          -0.025924,
          -0.791271,
          -0.610916,
          1.589349
        ],
        [
          0.0,
          0.0,
          0.0,
          1.0
        ]
      ]
    },
    {
      "file_path": "/media/NFS/ttao/scannet/posed_images/scene0279_02/00108.jpg",
      "transform_matrix": [
        [
          -0.712234,
          0.447919,
          -0.540455,
          3.212864
        ],
        [
          0.701372,
          0.423095,
          -0.573644,
          4.960661
        ],
        [
          -0.028282,
          -0.787629,
          -0.6155,
          1.586378
        ],
        [
          0.0,
          0.0,
          0.0,
          1.0
        ]
      ]
    },
    {
      "file_path": "/media/NFS/ttao/scannet/posed_images/scene0279_02/00113.jpg",
      "transform_matrix": [
        [
          -0.723446,
          0.460827,
          -0.514066,
          3.208793
        ],
        [
          0.689376,
          0.442036,
          -0.573904,
          4.970616
        ],
        [
          -0.037235,
          -0.769573,
          -0.637472,
          1.577812
        ],
        [
          0.0,
          0.0,
          0.0,
          1.0
        ]
      ]
    },
    {
      "file_path": "/media/NFS/ttao/scannet/posed_images/scene0279_02/00120.jpg",
      "transform_matrix": [
        [
          -0.762024,
          0.433088,
          -0.481408,
          3.211226
        ],
        [
          0.646054,
          0.457984,
          -0.610627,
          4.95759
        ],
        [
          -0.043978,
          -0.776328,
          -0.628793,
          1.582987
        ],
        [
          0.0,
          0.0,
          0.0,
          1.0
        ]
      ]
    },
    {
      "file_path": "/media/NFS/ttao/scannet/posed_images/scene0279_02/00121.jpg",
      "transform_matrix": [
        [
          -0.769714,
          0.42313,
          -0.478018,
          3.218191
        ],
        [
          0.636983,
          0.459388,
          -0.619043,
          4.955849
        ],
        [
          -0.04234,
          -0.780976,
          -0.623125,
          1.581311
        ],
        [
          0.0,
          0.0,
          0.0,
          1.0
        ]
      ]
    },
    {
      "file_path": "/media/NFS/ttao/scannet/posed_images/scene0279_02/00125.jpg",
      "transform_matrix": [
        [
          -0.801342,
          0.389968,
          -0.453626,
          3.212405
        ],
        [
          0.596512,
          0.463872,
          -0.654977,
          4.945541
        ],
        [
          -0.044995,
          -0.795454,
          -0.604341,
          1.589456
        ],
        [
          0.0,
          0.0,
          0.0,
          1.0
        ]
      ]
    },
    {
      "file_path": "/media/NFS/ttao/scannet/posed_images/scene0279_02/00129.jpg",
      "transform_matrix": [
        [
          -0.830734,
          0.349865,
          -0.432985,
          3.212729
        ],
        [
          0.554931,
          0.459058,
          -0.69377,
          4.922768
        ],
        [
          -0.04396,
          -0.816615,
          -0.575506,
          1.599342
        ],
        [
          0.0,
          0.0,
          0.0,
          1.0
        ]
      ]
    },
    {
      "file_path": "/media/NFS/ttao/scannet/posed_images/scene0279_02/00134.jpg",
      "transform_matrix": [
        [
          -0.868504,
          0.312459,
          -0.384798,
          3.203285
        ],
        [
          0.492893,
          0.462168,
          -0.737195,
          4.884309
        ],
        [
          -0.052501,
          -0.829922,
          -0.555404,
          1.608229
        ],
        [
          0.0,
          0.0,
          0.0,
          1.0
        ]
      ]
    },
    {
      "file_path": "/media/NFS/ttao/scannet/posed_images/scene0279_02/00141.jpg",
      "transform_matrix": [
        [
          -0.889481,
          0.253093,
          -0.380484,
          3.179415
        ],
        [
          0.456725,
          0.464927,
          -0.758449,
          4.755645
        ],
        [
          -0.015061,
          -0.848403,
          -0.529137,
          1.622943
        ],
        [
          0.0,
          0.0,
          0.0,
          1.0
        ]
      ]
    },
    {
      "file_path": "/media/NFS/ttao/scannet/posed_images/scene0279_02/00142.jpg",
      "transform_matrix": [
        [
          -0.88938,
          0.245591,
          -0.385601,
          3.176018
        ],
        [
          0.4571,
          0.463006,
          -0.759398,
          4.736415
        ],
        [
          -0.007966,
          -0.851652,
          -0.524048,
          1.624453
        ],
        [
          0.0,
          0.0,
          0.0,
          1.0
        ]
      ]
    },
    {
      "file_path": "/media/NFS/ttao/scannet/posed_images/scene0279_02/00147.jpg",
      "transform_matrix": [
        [
          -0.878033,
          0.22856,
          -0.420497,
          3.175711
        ],
        [
          0.478204,
          0.454677,
          -0.751392,
          4.625136
        ],
        [
          0.019452,
          -0.860831,
          -0.50852,
          1.619054
        ],
        [
          0.0,
          0.0,
          0.0,
          1.0
        ]
      ]
    },
    {
      "file_path": "/media/NFS/ttao/scannet/posed_images/scene0279_02/00151.jpg",
      "transform_matrix": [
        [
          -0.887741,
          0.223281,
          -0.402568,
          3.159402
        ],
        [
          0.460129,
          0.457049,
          -0.761175,
          4.537379
        ],
        [
          0.014037,
          -0.86096,
          -0.508479,
          1.625422
        ],
        [
          0.0,
          0.0,
          0.0,
          1.0
        ]
      ]
    },
    {
      "file_path": "/media/NFS/ttao/scannet/posed_images/scene0279_02/00155.jpg",
      "transform_matrix": [
        [
          -0.890715,
          0.223617,
          -0.395756,
          3.14516
        ],
        [
          0.454562,
          0.439642,
          -0.774654,
          4.454674
        ],
        [
          0.000765,
          -0.869891,
          -0.493244,
          1.627874
        ],
        [
          0.0,
          0.0,
          0.0,
          1.0
        ]
      ]
    },
    {
      "file_path": "/media/NFS/ttao/scannet/posed_images/scene0279_02/00160.jpg",
      "transform_matrix": [
        [
          -0.901728,
          0.209186,
          -0.378323,
          3.110848
        ],
        [
          0.432276,
          0.446372,
          -0.783511,
          4.375318
        ],
        [
          0.004973,
          -0.870053,
          -0.492933,
          1.622542
        ],
        [
          0.0,
          0.0,
          0.0,
          1.0
        ]
      ]
    },
    {
      "file_path": "/media/NFS/ttao/scannet/posed_images/scene0279_02/00164.jpg",
      "transform_matrix": [
        [
          -0.914808,
          0.188514,
          -0.357196,
          3.065342
        ],
        [
          0.403856,
          0.438315,
          -0.802983,
          4.278584
        ],
        [
          0.00519,
          -0.87883,
          -0.477106,
          1.624662
        ],
        [
          0.0,
          0.0,
          0.0,
          1.0
        ]
      ]
    },
    {
      "file_path": "/media/NFS/ttao/scannet/posed_images/scene0279_02/00170.jpg",
      "transform_matrix": [
        [
          -0.942125,
          0.14534,
          -0.30212,
          3.053308
        ],
        [
          0.335155,
          0.430963,
          -0.83782,
          4.193259
        ],
        [
          0.008433,
          -0.890588,
          -0.454732,
          1.602469
        ],
        [
          0.0,
          0.0,
          0.0,
          1.0
        ]
      ]
    },
    {
      "file_path": "/media/NFS/ttao/scannet/posed_images/scene0279_02/00176.jpg",
      "transform_matrix": [
        [
          -0.977711,
          0.096634,
          -0.186394,
          3.002591
        ],
        [
          0.209947,
          0.457319,
          -0.864165,
          4.113301
        ],
        [
          0.001734,
          -0.884037,
          -0.467414,
          1.607121
        ],
        [
          0.0,
          0.0,
          0.0,
          1.0
        ]
      ]
    },
    {
      "file_path": "/media/NFS/ttao/scannet/posed_images/scene0279_02/00180.jpg",
      "transform_matrix": [
        [
          -0.989656,
          0.071577,
          -0.124332,
          3.013372
        ],
        [
          0.143398,
          0.467358,
          -0.872361,
          4.051687
        ],
        [
          -0.004333,
          -0.881166,
          -0.472788,
          1.612646
        ],
        [
          0.0,
          0.0,
          0.0,
          1.0
        ]
      ]
    },
    {
      "file_path": "/media/NFS/ttao/scannet/posed_images/scene0279_02/00183.jpg",
      "transform_matrix": [
        [
          -0.993485,
          0.058752,
          -0.097657,
          2.996536
        ],
        [
          0.113812,
          0.466722,
          -0.877051,
          4.012978
        ],
        [
          -0.00595,
          -0.882451,
          -0.470368,
          1.600853
        ],
        [
          0.0,
          0.0,
          0.0,
          1.0
        ]
      ]
    },
    {
      "file_path": "/media/NFS/ttao/scannet/posed_images/scene0279_02/00188.jpg",
      "transform_matrix": [
        [
          -0.997849,
          0.038255,
          -0.053228,
          2.946487
        ],
        [
          0.064964,
          0.468893,
          -0.880863,
          3.918703
        ],
        [
          -0.00874,
          -0.882426,
          -0.47037,
          1.597857
        ],
        [
          0.0,
          0.0,
          0.0,
          1.0
        ]
      ]
    },
    {
      "file_path": "/media/NFS/ttao/scannet/posed_images/scene0279_02/00190.jpg",
      "transform_matrix": [
        [
          -0.997817,
          0.031271,
          -0.058166,
          2.934025
        ],
        [
          0.066036,
          0.46275,
          -0.884026,
          3.871818
        ],
        [
          -0.000728,
          -0.885937,
          -0.463805,
          1.591048
        ],
        [
          0.0,
          0.0,
          0.0,
          1.0
        ]
      ]
    },
    {
      "file_path": "/media/NFS/ttao/scannet/posed_images/scene0279_02/00198.jpg",
      "transform_matrix": [
        [
          -0.998853,
          -0.006561,
          -0.047437,
          2.825062
        ],
        [
          0.038776,
          0.470517,
          -0.881539,
          3.646182
        ],
        [
          0.028104,
          -0.882367,
          -0.469723,
          1.5646
        ],
        [
          0.0,
          0.0,
          0.0,
          1.0
        ]
      ]
    },
    {
      "file_path": "/media/NFS/ttao/scannet/posed_images/scene0279_02/00200.jpg",
      "transform_matrix": [
        [
          -0.999232,
          -0.00719,
          -0.03852,
          2.80314
        ],
        [
          0.030328,
          0.480571,
          -0.876431,
          3.600211
        ],
        [
          0.024813,
          -0.876927,
          -0.479984,
          1.565011
        ],
        [
          0.0,
          0.0,
          0.0,
          1.0
        ]
      ]
    },
    {
      "file_path": "/media/NFS/ttao/scannet/posed_images/scene0279_02/00205.jpg",
      "transform_matrix": [
        [
          -0.999677,
          -0.024594,
          -0.006396,
          2.728925
        ],
        [
          -0.006233,
          0.481337,
          -0.876514,
          3.489423
        ],
        [
          0.024636,
          -0.876191,
          -0.481335,
          1.564924
        ],
        [
          0.0,
          0.0,
          0.0,
          1.0
        ]
      ]
    },
    {
      "file_path": "/media/NFS/ttao/scannet/posed_images/scene0279_02/00207.jpg",
      "transform_matrix": [
        [
          -0.999461,
          -0.032801,
          -0.001584,
          2.706617
        ],
        [
          -0.014414,
          0.481512,
          -0.876321,
          3.447319
        ],
        [
          0.029507,
          -0.875825,
          -0.481725,
          1.560694
        ],
        [
          0.0,
          0.0,
          0.0,
          1.0
        ]
      ]
    },
    {
      "file_path": "/media/NFS/ttao/scannet/posed_images/scene0279_02/00214.jpg",
      "transform_matrix": [
        [
          -0.994459,
          -0.067697,
          0.080421,
          2.594309
        ],
        [
          -0.10271,
          0.462829,
          -0.880477,
          3.320062
        ],
        [
          0.022384,
          -0.883859,
          -0.467218,
          1.555501
        ],
        [
          0.0,
          0.0,
          0.0,
          1.0
        ]
      ]
    },
    {
      "file_path": "/media/NFS/ttao/scannet/posed_images/scene0279_02/00219.jpg",
      "transform_matrix": [
        [
          -0.980474,
          -0.114739,
          0.159707,
          2.523958
        ],
        [
          -0.195133,
          0.466983,
          -0.862467,
          3.235853
        ],
        [
          0.024379,
          -0.876791,
          -0.480254,
          1.571479
        ],
        [
          0.0,
          0.0,
          0.0,
          1.0
        ]
      ]
    },
    {
      "file_path": "/media/NFS/ttao/scannet/posed_images/scene0279_02/00224.jpg",
      "transform_matrix": [
        [
          -0.968058,
          -0.12002,
          0.220132,
          2.488858
        ],
        [
          -0.250617,
          0.437385,
          -0.863646,
          3.152407
        ],
        [
          0.007372,
          -0.891229,
          -0.453494,
          1.607045
        ],
        [
          0.0,
          0.0,
          0.0,
          1.0
        ]
      ]
    },
    {
      "file_path": "/media/NFS/ttao/scannet/posed_images/scene0279_02/00227.jpg",
      "transform_matrix": [
        [
          -0.960192,
          -0.118074,
          0.25316,
          2.472455
        ],
        [
          -0.279334,
          0.399505,
          -0.873137,
          3.104906
        ],
        [
          0.001956,
          -0.909096,
          -0.416583,
          1.618778
        ],
        [
          0.0,
          0.0,
          0.0,
          1.0
        ]
      ]
    },
    {
      "file_path": "/media/NFS/ttao/scannet/posed_images/scene0279_02/00230.jpg",
      "transform_matrix": [
        [
          -0.951464,
          -0.127563,
          0.280077,
          2.457071
        ],
        [
          -0.307486,
          0.355683,
          -0.882577,
          3.062331
        ],
        [
          0.012965,
          -0.92586,
          -0.377644,
          1.60885
        ],
        [
          0.0,
          0.0,
          0.0,
          1.0
        ]
      ]
    },
    {
      "file_path": "/media/NFS/ttao/scannet/posed_images/scene0279_02/00233.jpg",
      "transform_matrix": [
        [
          -0.946057,
          -0.136158,
          0.294001,
          2.435232
        ],
        [
          -0.322529,
          0.309439,
          -0.894551,
          2.991612
        ],
        [
          0.030825,
          -0.941121,
          -0.336662,
          1.644612
        ],
        [
          0.0,
          0.0,
          0.0,
          1.0
        ]
      ]
    },
    {
      "file_path": "/media/NFS/ttao/scannet/posed_images/scene0279_02/00239.jpg",
      "transform_matrix": [
        [
          -0.934821,
          -0.125944,
          0.332036,
          2.435493
        ],
        [
          -0.351438,
          0.193835,
          -0.915925,
          2.89136
        ],
        [
          0.050996,
          -0.972916,
          -0.225462,
          1.66418
        ],
        [
          0.0,
          0.0,
          0.0,
          1.0
        ]
      ]
    },
    {
      "file_path": "/media/NFS/ttao/scannet/posed_images/scene0279_02/00243.jpg",
      "transform_matrix": [
        [
          -0.929747,
          -0.102777,
          0.353563,
          2.426572
        ],
        [
          -0.366641,
          0.170228,
          -0.914657,
          2.844005
        ],
        [
          0.033819,
          -0.98003,
          -0.195951,
          1.697182
        ],
        [
          0.0,
          0.0,
          0.0,
          1.0
        ]
      ]
    },
    {
      "file_path": "/media/NFS/ttao/scannet/posed_images/scene0279_02/00246.jpg",
      "transform_matrix": [
        [
          -0.927444,
          -0.090819,
          0.362766,
          2.401628
        ],
        [
          -0.372585,
          0.14125,
          -0.917185,
          2.80581
        ],
        [
          0.032058,
          -0.985799,
          -0.164839,
          1.718144
        ],
        [
          0.0,
          0.0,
          0.0,
          1.0
        ]
      ]
    },
    {
      "file_path": "/media/NFS/ttao/scannet/posed_images/scene0279_02/00252.jpg",
      "transform_matrix": [
        [
          -0.902546,
          -0.124211,
          0.412289,
          2.363673
        ],
        [
          -0.424019,
          0.08969,
          -0.901201,
          2.769756
        ],
        [
          0.074961,
          -0.988194,
          -0.133618,
          1.70022
        ],
        [
          0.0,
          0.0,
          0.0,
          1.0
        ]
      ]
    },
    {
      "file_path": "/media/NFS/ttao/scannet/posed_images/scene0279_02/00256.jpg",
      "transform_matrix": [
        [
          -0.874145,
          -0.151189,
          0.461533,
          2.340087
        ],
        [
          -0.474038,
          0.058911,
          -0.878531,
          2.757129
        ],
        [
          0.105635,
          -0.986748,
          -0.123166,
          1.717804
        ],
        [
          0.0,
          0.0,
          0.0,
          1.0
        ]
      ]
    },
    {
      "file_path": "/media/NFS/ttao/scannet/posed_images/scene0279_02/00259.jpg",
      "transform_matrix": [
        [
          -0.853328,
          -0.17848,
          0.489874,
          2.330411
        ],
        [
          -0.50331,
          0.036814,
          -0.863321,
          2.755574
        ],
        [
          0.136052,
          -0.983255,
          -0.121245,
          1.723264
        ],
        [
          0.0,
          0.0,
          0.0,
          1.0
        ]
      ]
    },
    {
      "file_path": "/media/NFS/ttao/scannet/posed_images/scene0279_02/00267.jpg",
      "transform_matrix": [
        [
          -0.800999,
          -0.16655,
          0.575032,
          2.295961
        ],
        [
          -0.580377,
          -0.01957,
          -0.814113,
          2.754709
        ],
        [
          0.146844,
          -0.985839,
          -0.080986,
          1.80848
        ],
        [
          0.0,
          0.0,
          0.0,
          1.0
        ]
      ]
    },
    {
      "file_path": "/media/NFS/ttao/scannet/posed_images/scene0279_02/00271.jpg",
      "transform_matrix": [
        [
          -0.769681,
          -0.141118,
          0.622637,
          2.28577
        ],
        [
          -0.622659,
          -0.049496,
          -0.780926,
          2.762205
        ],
        [
          0.141021,
          -0.988755,
          -0.049773,
          1.7851
        ],
        [
          0.0,
          0.0,
          0.0,
          1.0
        ]
      ]
    },
    {
      "file_path": "/media/NFS/ttao/scannet/posed_images/scene0279_02/00276.jpg",
      "transform_matrix": [
        [
          -0.72893,
          -0.134793,
          0.671187,
          2.313345
        ],
        [
          -0.670101,
          -0.060141,
          -0.73983,
          2.803534
        ],
        [
          0.14009,
          -0.989047,
          -0.046486,
          1.79398
        ],
        [
          0.0,
          0.0,
          0.0,
          1.0
        ]
      ]
    },
    {
      "file_path": "/media/NFS/ttao/scannet/posed_images/scene0279_02/00280.jpg",
      "transform_matrix": [
        [
          -0.663856,
          -0.134547,
          0.735658,
          2.253677
        ],
        [
          -0.734233,
          -0.06967,
          -0.675313,
          2.759063
        ],
        [
          0.142114,
          -0.988455,
          -0.052539,
          1.798286
        ],
        [
          0.0,
          0.0,
          0.0,
          1.0
        ]
      ]
    },
    {
      "file_path": "/media/NFS/ttao/scannet/posed_images/scene0279_02/00284.jpg",
      "transform_matrix": [
        [
          -0.638655,
          -0.133746,
          0.757781,
          2.283496
        ],
        [
          -0.754912,
          -0.081901,
          -0.650692,
          2.796988
        ],
        [
          0.149091,
          -0.987626,
          -0.04866,
          1.784237
        ],
        [
          0.0,
          0.0,
          0.0,
          1.0
        ]
      ]
    },
    {
      "file_path": "/media/NFS/ttao/scannet/posed_images/scene0279_02/00286.jpg",
      "transform_matrix": [
        [
          -0.612655,
          -0.125024,
          0.780399,
          2.280742
        ],
        [
          -0.776606,
          -0.088111,
          -0.623794,
          2.80267
        ],
        [
          0.146751,
          -0.988233,
          -0.043113,
          1.786768
        ],
        [
          0.0,
          0.0,
          0.0,
          1.0
        ]
      ]
    },
    {
      "file_path": "/media/NFS/ttao/scannet/posed_images/scene0279_02/00293.jpg",
      "transform_matrix": [
        [
          -0.528702,
          -0.123458,
          0.839781,
          2.297614
        ],
        [
          -0.838792,
          -0.075545,
          -0.539185,
          2.833451
        ],
        [
          0.130008,
          -0.98947,
          -0.063615,
          1.784155
        ],
        [
          0.0,
          0.0,
          0.0,
          1.0
        ]
      ]
    },
    {
      "file_path": "/media/NFS/ttao/scannet/posed_images/scene0279_02/00295.jpg",
      "transform_matrix": [
        [
          -0.510917,
          -0.130389,
          0.849684,
          2.318705
        ],
        [
          -0.849773,
          -0.072645,
          -0.522119,
          2.855933
        ],
        [
          0.129804,
          -0.988798,
          -0.073685,
          1.780368
        ],
        [
          0.0,
          0.0,
          0.0,
          1.0
        ]
      ]
    },
    {
      "file_path": "/media/NFS/ttao/scannet/posed_images/scene0279_02/00300.jpg",
      "transform_matrix": [
        [
          -0.436214,
          -0.137769,
          0.889234,
          2.337896
        ],
        [
          -0.890873,
          -0.073063,
          -0.448338,
          2.865945
        ],
        [
          0.126737,
          -0.987766,
          -0.090863,
          1.763675
        ],
        [
          0.0,
          0.0,
          0.0,
          1.0
        ]
      ]
    },
    {
      "file_path": "/media/NFS/ttao/scannet/posed_images/scene0279_02/00306.jpg",
      "transform_matrix": [
        [
          -0.383777,
          -0.163079,
          0.908912,
          2.405835
        ],
        [
          -0.911906,
          -0.088054,
          -0.40084,
          2.895251
        ],
        [
          0.145402,
          -0.982676,
          -0.11492,
          1.729883
        ],
        [
          0.0,
          0.0,
          0.0,
          1.0
        ]
      ]
    },
    {
      "file_path": "/media/NFS/ttao/scannet/posed_images/scene0279_02/00308.jpg",
      "transform_matrix": [
        [
          -0.356236,
          -0.166754,
          0.919396,
          2.431369
        ],
        [
          -0.923865,
          -0.084448,
          -0.373285,
          2.91447
        ],
        [
          0.139888,
          -0.982376,
          -0.123975,
          1.723806
        ],
        [
          0.0,
          0.0,
          0.0,
          1.0
        ]
      ]
    },
    {
      "file_path": "/media/NFS/ttao/scannet/posed_images/scene0279_02/00316.jpg",
      "transform_matrix": [
        [
          -0.232855,
          -0.221055,
          0.947055,
          2.487903
        ],
        [
          -0.961188,
          -0.095865,
          -0.258706,
          2.888208
        ],
        [
          0.147978,
          -0.970538,
          -0.190152,
          1.711216
        ],
        [
          0.0,
          0.0,
          0.0,
          1.0
        ]
      ]
    },
    {
      "file_path": "/media/NFS/ttao/scannet/posed_images/scene0279_02/00318.jpg",
      "transform_matrix": [
        [
          -0.205228,
          -0.243093,
          0.948044,
          2.508811
        ],
        [
          -0.968661,
          -0.088034,
          -0.232265,
          2.893758
        ],
        [
          0.139922,
          -0.966,
          -0.217407,
          1.699733
        ],
        [
          0.0,
          0.0,
          0.0,
          1.0
        ]
      ]
    },
    {
      "file_path": "/media/NFS/ttao/scannet/posed_images/scene0279_02/00321.jpg",
      "transform_matrix": [
        [
          -0.150137,
          -0.270712,
          0.950881,
          2.528457
        ],
        [
          -0.980475,
          -0.082772,
          -0.178375,
          2.867503
        ],
        [
          0.126995,
          -0.959095,
          -0.252999,
          1.692612
        ],
        [
          0.0,
          0.0,
          0.0,
          1.0
        ]
      ]
    },
    {
      "file_path": "/media/NFS/ttao/scannet/posed_images/scene0279_02/00325.jpg",
      "transform_matrix": [
        [
          -0.110355,
          -0.294361,
          0.949302,
          2.5451
        ],
        [
          -0.987492,
          -0.075745,
          -0.138281,
          2.869963
        ],
        [
          0.112609,
          -0.952688,
          -0.28232,
          1.672449
        ],
        [
          0.0,
          0.0,
          0.0,
          1.0
        ]
      ]
    },
    {
      "file_path": "/media/NFS/ttao/scannet/posed_images/scene0279_02/00333.jpg",
      "transform_matrix": [
        [
          -0.012871,
          -0.373513,
          0.927536,
          2.561433
        ],
        [
          -0.996926,
          -0.066901,
          -0.040775,
          2.847191
        ],
        [
          0.077283,
          -0.925209,
          -0.371504,
          1.642218
        ],
        [
          0.0,
          0.0,
          0.0,
          1.0
        ]
      ]
    },
    {
      "file_path": "/media/NFS/ttao/scannet/posed_images/scene0279_02/00335.jpg",
      "transform_matrix": [
        [
          0.011856,
          -0.388726,
          0.921277,
          2.560317
        ],
        [
          -0.997274,
          -0.071702,
          -0.01742,
          2.840468
        ],
        [
