{
  "frames": [
    {
      "file_path": "/media/NFS/ttao/scannet/posed_images/scene0037_00/00000.jpg",
      "transform_matrix": [
        [
          0.892065,
          -0.360019,
          0.273141,
          2.898737
        ],
        [
          -0.443019,
          -0.577417,
          0.685801,
          2.45906
        ],
        [
          -0.089185,
          -0.732786,
          -0.674589,
          1.649541
        ],
        [
          0.0,
          0.0,
          0.0,
          1.0
        ]
      ]
    },
    {
      "file_path": "/media/NFS/ttao/scannet/posed_images/scene0037_00/00003.jpg",
      "transform_matrix": [
        [
          0.88465,
          -0.37678,
          0.274647,
          2.852998
        ],
        [
          -0.457061,
          -0.584385,
          0.670514,
          2.419565
        ],
        [
          -0.092137,
          -0.718701,
          -0.689188,
          1.649377
        ],
        [
          0.0,
          0.0,
          0.0,
          1.0
        ]
      ]
    },
    {
      "file_path": "/media/NFS/ttao/scannet/posed_images/scene0037_00/00009.jpg",
      "transform_matrix": [
        [
          0.866588,
          -0.389647,
          0.31177,
          2.802999
        ],
        [
          -0.495846,
          -0.601945,
          0.625939,
          2.373059
        ],
        [
          -0.056227,
          -0.697021,
          -0.714843,
          1.651133
        ],
        [
          0.0,
          0.0,
          0.0,
          1.0
        ]
      ]
    },
    {
      "file_path": "/media/NFS/ttao/scannet/posed_images/scene0037_00/00012.jpg",
      "transform_matrix": [
        [
          0.85273,
          -0.39967,
          0.336328,
          2.788646
        ],
        [
          -0.519365,
          -0.579951,
          0.627628,
          2.355605
        ],
        [
          -0.055791,
          -0.709874,
          -0.702116,
          1.659643
        ],
        [
          0.0,
          0.0,
          0.0,
          1.0
        ]
      ]
    },
    {
      "file_path": "/media/NFS/ttao/scannet/posed_images/scene0037_00/00016.jpg",
      "transform_matrix": [
        [
          0.856564,
          -0.397834,
          0.328675,
          2.789425
        ],
        [
          -0.505353,
          -0.517713,
          0.690356,
          2.327004
        ],
        [
          -0.104487,
          -0.757431,
          -0.6445,
          1.662076
        ],
        [
          0.0,
          0.0,
          0.0,
          1.0
        ]
      ]
    },
    {
      "file_path": "/media/NFS/ttao/scannet/posed_images/scene0037_00/00018.jpg",
      "transform_matrix": [
        [
          0.859484,
          -0.398346,
          0.320324,
          2.798567
        ],
        [
          -0.497026,
          -0.504912,
          0.705712,
          2.318267
        ],
        [
          -0.119382,
          -0.765758,
          -0.631952,
          1.662565
        ],
        [
          0.0,
          0.0,
          0.0,
          1.0
        ]
      ]
    },
    {
      "file_path": "/media/NFS/ttao/scannet/posed_images/scene0037_00/00022.jpg",
      "transform_matrix": [
        [
          0.849283,
          -0.400463,
          0.344018,
          2.807765
        ],
        [
          -0.515818,
          -0.490602,
          0.702311,
          2.301565
        ],
        [
          -0.112474,
          -0.773911,
          -0.623227,
          1.657528
        ],
        [
          0.0,
          0.0,
          0.0,
          1.0
        ]
      ]
    },
    {
      "file_path": "/media/NFS/ttao/scannet/posed_images/scene0037_00/00027.jpg",
      "transform_matrix": [
        [
          0.823801,
          -0.420887,
          0.379746,
          2.820514
        ],
        [
          -0.55883,
          -0.49047,
          0.668691,
          2.296674
        ],
        [
          -0.095189,
          -0.763082,
          -0.639254,
          1.654231
        ],
        [
          0.0,
          0.0,
          0.0,
          1.0
        ]
      ]
    },
    {
      "file_path": "/media/NFS/ttao/scannet/posed_images/scene0037_00/00030.jpg",
      "transform_matrix": [
        [
          0.824887,
          -0.425075,
          0.372656,
          2.846911
        ],
        [
          -0.554547,
          -0.48052,
          0.679395,
          2.28799
        ],
        [
          -0.109725,
          -0.76708,
          -0.632099,
          1.654203
        ],
        [
          0.0,
          0.0,
          0.0,
          1.0
        ]
      ]
    },
    {
      "file_path": "/media/NFS/ttao/scannet/posed_images/scene0037_00/00031.jpg",
      "transform_matrix": [
        [
          0.827055,
          -0.423885,
          0.36919,
          2.855566
        ],
        [
          -0.55103,
          -0.481536,
          0.681534,
          2.284886
        ],
        [
          -0.111114,
          -0.767101,
          -0.63183,
          1.653859
        ],
        [
          0.0,
          0.0,
          0.0,
          1.0
        ]
      ]
    },
    {
      "file_path": "/media/NFS/ttao/scannet/posed_images/scene0037_00/00036.jpg",
      "transform_matrix": [
        [
          0.839649,
          -0.410638,
          0.355482,
          2.911097
        ],
        [
          -0.529075,
          -0.470462,
          0.706219,
          2.271668
        ],
        [
          -0.12276,
          -0.781052,
          -0.612281,
          1.662725
        ],
        [
          0.0,
          0.0,
          0.0,
          1.0
        ]
      ]
    },
    {
      "file_path": "/media/NFS/ttao/scannet/posed_images/scene0037_00/00041.jpg",
      "transform_matrix": [
        [
          0.856537,
          -0.389654,
          0.338401,
          2.990432
        ],
        [
          -0.497078,
          -0.446565,
          0.743971,
          2.242708
        ],
        [
          -0.138773,
          -0.80545,
          -0.576188,
          1.660945
        ],
        [
          0.0,
          0.0,
          0.0,
          1.0
        ]
      ]
    },
    {
      "file_path": "/media/NFS/ttao/scannet/posed_images/scene0037_00/00043.jpg",
      "transform_matrix": [
        [
          0.852791,
          -0.393413,
          0.343474,
          3.008513
        ],
        [
          -0.505665,
          -0.457559,
          0.731398,
          2.237859
        ],
        [
          -0.130582,
          -0.797412,
          -0.589137,
          1.658473
        ],
        [
          0.0,
          0.0,
          0.0,
          1.0
        ]
      ]
    },
    {
      "file_path": "/media/NFS/ttao/scannet/posed_images/scene0037_00/00047.jpg",
      "transform_matrix": [
        [
          0.852395,
          -0.397167,
          0.340121,
          3.050609
        ],
        [
          -0.503268,
          -0.446571,
          0.739794,
          2.221853
        ],
        [
          -0.141933,
          -0.801768,
          -0.580537,
          1.656148
        ],
        [
          0.0,
          0.0,
          0.0,
          1.0
        ]
      ]
    },
    {
      "file_path": "/media/NFS/ttao/scannet/posed_images/scene0037_00/00051.jpg",
      "transform_matrix": [
        [
          0.872218,
          -0.375139,
          0.313858,
          3.10598
        ],
        [
          -0.466587,
          -0.44564,
          0.764003,
          2.201823
        ],
        [
          -0.14674,
          -0.81282,
          -0.56373,
          1.655478
        ],
        [
          0.0,
          0.0,
          0.0,
          1.0
        ]
      ]
    },
    {
      "file_path": "/media/NFS/ttao/scannet/posed_images/scene0037_00/00056.jpg",
      "transform_matrix": [
        [
          0.897978,
          -0.337349,
          0.282543,
          3.170902
        ],
        [
          -0.41627,
          -0.44306,
          0.793988,
          2.178097
        ],
        [
          -0.142668,
          -0.830598,
          -0.538286,
          1.658828
        ],
        [
          0.0,
          0.0,
          0.0,
          1.0
        ]
      ]
    },
    {
      "file_path": "/media/NFS/ttao/scannet/posed_images/scene0037_00/00059.jpg",
      "transform_matrix": [
        [
          0.903807,
          -0.325724,
          0.277555,
          3.205793
        ],
        [
          -0.404232,
          -0.436929,
          0.803548,
          2.165573
        ],
        [
          -0.140463,
          -0.838449,
          -0.526567,
          1.65486
        ],
        [
          0.0,
          0.0,
          0.0,
          1.0
        ]
      ]
    },
    {
      "file_path": "/media/NFS/ttao/scannet/posed_images/scene0037_00/00063.jpg",
      "transform_matrix": [
        [
          0.906895,
          -0.326907,
          0.265845,
          3.253253
        ],
        [
          -0.398944,
          -0.463145,
          0.791417,
          2.153189
        ],
        [
          -0.135595,
          -0.823789,
          -0.550442,
          1.644243
        ],
        [
          0.0,
          0.0,
          0.0,
          1.0
        ]
      ]
    },
    {
      "file_path": "/media/NFS/ttao/scannet/posed_images/scene0037_00/00067.jpg",
      "transform_matrix": [
        [
          0.911743,
          -0.316739,
          0.261537,
          3.288604
        ],
        [
          -0.390328,
          -0.46975,
          0.79182,
          2.150077
        ],
        [
          -0.127943,
          -0.824021,
          -0.551923,
          1.636103
        ],
        [
          0.0,
          0.0,
          0.0,
          1.0
        ]
      ]
    },
    {
      "file_path": "/media/NFS/ttao/scannet/posed_images/scene0037_00/00068.jpg",
      "transform_matrix": [
        [
          0.914152,
          -0.313017,
          0.257577,
          3.299362
        ],
        [
          -0.385481,
          -0.474655,
          0.791269,
          2.149947
        ],
        [
          -0.12542,
          -0.822631,
          -0.55457,
          1.635331
        ],
        [
          0.0,
          0.0,
          0.0,
          1.0
        ]
      ]
    },
    {
      "file_path": "/media/NFS/ttao/scannet/posed_images/scene0037_00/00072.jpg",
      "transform_matrix": [
        [
          0.916158,
          -0.306727,
          0.258017,
          3.35144
        ],
        [
          -0.382759,
          -0.478465,
          0.790295,
          2.15364
        ],
        [
          -0.118953,
          -0.822794,
          -0.555752,
          1.632478
        ],
        [
          0.0,
          0.0,
          0.0,
          1.0
        ]
      ]
    },
    {
      "file_path": "/media/NFS/ttao/scannet/posed_images/scene0037_00/00078.jpg",
      "transform_matrix": [
        [
          0.910304,
          -0.309587,
          0.274778,
          3.431748
        ],
        [
          -0.399434,
          -0.482758,
          0.779357,
          2.16631
        ],
        [
          -0.108628,
          -0.819207,
          -0.563116,
          1.616422
        ],
        [
          0.0,
          0.0,
          0.0,
          1.0
        ]
      ]
    },
    {
      "file_path": "/media/NFS/ttao/scannet/posed_images/scene0037_00/00080.jpg",
      "transform_matrix": [
        [
          0.907394,
          -0.324759,
          0.266771,
          3.470294
        ],
        [
          -0.402706,
          -0.490205,
          0.772999,
          2.183219
        ],
        [
          -0.120266,
          -0.808845,
          -0.575592,
          1.62683
        ],
        [
          0.0,
          0.0,
          0.0,
          1.0
        ]
      ]
    },
    {
      "file_path": "/media/NFS/ttao/scannet/posed_images/scene0037_00/00082.jpg",
      "transform_matrix": [
        [
          0.903325,
          -0.337246,
          0.265084,
          3.501326
        ],
        [
          -0.40976,
          -0.495607,
          0.765813,
          2.190387
        ],
        [
          -0.12689,
          -0.800399,
          -0.585885,
          1.614306
        ],
        [
          0.0,
          0.0,
          0.0,
          1.0
        ]
      ]
    },
    {
      "file_path": "/media/NFS/ttao/scannet/posed_images/scene0037_00/00088.jpg",
      "transform_matrix": [
        [
          0.895514,
          -0.351551,
          0.272887,
          3.591597
        ],
        [
          -0.422115,
          -0.47673,
          0.771069,
          2.217006
        ],
        [
          -0.140976,
          -0.805693,
          -0.575313,
          1.598736
        ],
        [
          0.0,
          0.0,
          0.0,
          1.0
        ]
      ]
    },
    {
      "file_path": "/media/NFS/ttao/scannet/posed_images/scene0037_00/00092.jpg",
      "transform_matrix": [
        [
          0.891351,
          -0.37709,
          0.251588,
          3.664712
        ],
        [
          -0.426509,
          -0.50961,
          0.747253,
          2.230347
        ],
        [
          -0.15357,
          -0.773369,
          -0.615074,
          1.589842
        ],
        [
          0.0,
          0.0,
          0.0,
          1.0
        ]
      ]
    },
    {
      "file_path": "/media/NFS/ttao/scannet/posed_images/scene0037_00/00095.jpg",
      "transform_matrix": [
        [
          0.892998,
          -0.375246,
          0.248486,
          3.705801
        ],
        [
          -0.422154,
          -0.506993,
          0.751495,
          2.238579
        ],
        [
          -0.156015,
          -0.775983,
          -0.611155,
          1.57815
        ],
        [
          0.0,
          0.0,
          0.0,
          1.0
        ]
      ]
    },
    {
      "file_path": "/media/NFS/ttao/scannet/posed_images/scene0037_00/00096.jpg",
      "transform_matrix": [
        [
          0.893431,
          -0.375356,
          0.246756,
          3.717985
        ],
        [
          -0.421017,
          -0.508209,
          0.751312,
          2.240337
        ],
        [
          -0.156606,
          -0.775134,
          -0.612081,
          1.570977
        ],
        [
          0.0,
          0.0,
          0.0,
          1.0
        ]
      ]
    },
    {
      "file_path": "/media/NFS/ttao/scannet/posed_images/scene0037_00/00100.jpg",
      "transform_matrix": [
        [
          0.905884,
          -0.358773,
          0.225069,
          3.797206
        ],
        [
          -0.391664,
          -0.507434,
          0.767535,
          2.261801
        ],
        [
          -0.161163,
          -0.783449,
          -0.600195,
          1.566408
        ],
        [
          0.0,
          0.0,
          0.0,
          1.0
        ]
      ]
    },
    {
      "file_path": "/media/NFS/ttao/scannet/posed_images/scene0037_00/00104.jpg",
      "transform_matrix": [
        [
          0.921148,
          -0.329303,
          0.207475,
          3.877405
        ],
        [
          -0.358526,
          -0.510451,
          0.781601,
          2.267463
        ],
        [
          -0.151478,
          -0.794355,
          -0.588264,
          1.55251
        ],
        [
          0.0,
          0.0,
          0.0,
          1.0
        ]
      ]
    },
    {
      "file_path": "/media/NFS/ttao/scannet/posed_images/scene0037_00/00109.jpg",
      "transform_matrix": [
        [
          0.935706,
          -0.297752,
          0.189202,
          3.957103
        ],
        [
          -0.324862,
          -0.51815,
          0.791192,
          2.282625
        ],
        [
          -0.137544,
          -0.801788,
          -0.581565,
          1.551541
        ],
        [
          0.0,
          0.0,
          0.0,
          1.0
        ]
      ]
    },
    {
      "file_path": "/media/NFS/ttao/scannet/posed_images/scene0037_00/00111.jpg",
      "transform_matrix": [
        [
          0.937309,
          -0.300452,
          0.176579,
          3.988062
        ],
        [
          -0.318792,
          -0.534497,
          0.782742,
          2.296515
        ],
        [
          -0.140796,
          -0.789963,
          -0.59677,
          1.550269
        ],
        [
          0.0,
          0.0,
          0.0,
          1.0
        ]
      ]
    },
    {
      "file_path": "/media/NFS/ttao/scannet/posed_images/scene0037_00/00115.jpg",
      "transform_matrix": [
        [
          0.935739,
          -0.303166,
          0.180231,
          4.06216
        ],
        [
          -0.323816,
          -0.535963,
          0.779671,
          2.313257
        ],
        [
          -0.139772,
          -0.78793,
          -0.599692,
          1.554329
        ],
        [
          0.0,
          0.0,
          0.0,
          1.0
        ]
      ]
    },
    {
      "file_path": "/media/NFS/ttao/scannet/posed_images/scene0037_00/00121.jpg",
      "transform_matrix": [
        [
          0.940888,
          -0.274149,
          0.198927,
          4.187193
        ],
        [
          -0.32161,
          -0.538784,
          0.778639,
          2.346127
        ],
        [
          -0.106285,
          -0.796589,
          -0.595105,
          1.52924
        ],
        [
          0.0,
          0.0,
          0.0,
          1.0
        ]
      ]
    },
    {
      "file_path": "/media/NFS/ttao/scannet/posed_images/scene0037_00/00124.jpg",
      "transform_matrix": [
        [
          0.945692,
          -0.268196,
          0.183681,
          4.250269
        ],
        [
          -0.305765,
          -0.542109,
          0.782704,
          2.37373
        ],
        [
          -0.110343,
          -0.79636,
          -0.594673,
          1.524256
        ],
        [
          0.0,
          0.0,
          0.0,
          1.0
        ]
      ]
    },
    {
      "file_path": "/media/NFS/ttao/scannet/posed_images/scene0037_00/00125.jpg",
      "transform_matrix": [
        [
          0.945973,
          -0.26898,
          0.18107,
          4.270069
        ],
        [
          -0.304566,
          -0.545507,
          0.780808,
          2.38046
        ],
        [
          -0.111247,
          -0.793771,
          -0.597956,
          1.521566
        ],
        [
          0.0,
          0.0,
          0.0,
          1.0
        ]
      ]
    },
    {
      "file_path": "/media/NFS/ttao/scannet/posed_images/scene0037_00/00131.jpg",
      "transform_matrix": [
        [
          0.938359,
          -0.280859,
          0.201498,
          4.374376
        ],
        [
          -0.328057,
          -0.539933,
          0.775145,
          2.435153
        ],
        [
          -0.108911,
          -0.793467,
          -0.598789,
          1.518509
        ],
        [
          0.0,
          0.0,
          0.0,
          1.0
        ]
      ]
    },
    {
      "file_path": "/media/NFS/ttao/scannet/posed_images/scene0037_00/00133.jpg",
      "transform_matrix": [
        [
          0.942884,
          -0.276002,
          0.186529,
          4.423738
        ],
        [
          -0.313177,
          -0.543593,
          0.778734,
          2.459954
        ],
        [
          -0.113536,
          -0.792672,
          -0.598983,
          1.53062
        ],
        [
          0.0,
          0.0,
          0.0,
          1.0
        ]
      ]
    },
    {
      "file_path": "/media/NFS/ttao/scannet/posed_images/scene0037_00/00138.jpg",
      "transform_matrix": [
        [
          0.955912,
          -0.240304,
          0.168779,
          4.508902
        ],
        [
          -0.276193,
          -0.540499,
          0.794719,
          2.503473
        ],
        [
          -0.099749,
          -0.806297,
          -0.58304,
          1.51532
        ],
        [
          0.0,
          0.0,
          0.0,
          1.0
        ]
      ]
    },
    {
      "file_path": "/media/NFS/ttao/scannet/posed_images/scene0037_00/00139.jpg",
      "transform_matrix": [
        [
          0.960348,
          -0.231482,
          0.155395,
          4.526658
        ],
        [
          -0.260382,
          -0.545428,
          0.796687,
          2.512676
        ],
        [
          -0.099662,
          -0.805559,
          -0.584074,
          1.51177
        ],
        [
          0.0,
          0.0,
          0.0,
          1.0
        ]
      ]
    },
    {
      "file_path": "/media/NFS/ttao/scannet/posed_images/scene0037_00/00146.jpg",
      "transform_matrix": [
        [
          0.983164,
          -0.178127,
          0.040742,
          4.686814
        ],
        [
          -0.135096,
          -0.558457,
          0.818459,
          2.580997
        ],
        [
          -0.123036,
          -0.810183,
          -0.573119,
          1.494825
        ],
        [
          0.0,
          0.0,
          0.0,
          1.0
        ]
      ]
    },
    {
      "file_path": "/media/NFS/ttao/scannet/posed_images/scene0037_00/00147.jpg",
      "transform_matrix": [
        [
          0.984584,
          -0.173031,
          0.025597,
          4.711088
        ],
        [
          -0.120435,
          -0.564498,
          0.816601,
          2.594929
        ],
        [
          -0.126847,
          -0.807095,
          -0.576635,
          1.501441
        ],
        [
          0.0,
          0.0,
          0.0,
          1.0
        ]
      ]
    },
    {
      "file_path": "/media/NFS/ttao/scannet/posed_images/scene0037_00/00153.jpg",
      "transform_matrix": [
        [
          0.99145,
          -0.129944,
          -0.011861,
          4.817568
        ],
        [
          -0.064339,
          -0.56592,
          0.821946,
          2.647691
        ],
        [
          -0.113519,
          -0.814155,
          -0.569442,
          1.500946
        ],
        [
          0.0,
          0.0,
          0.0,
          1.0
        ]
      ]
    },
    {
      "file_path": "/media/NFS/ttao/scannet/posed_images/scene0037_00/00154.jpg",
      "transform_matrix": [
        [
          0.992404,
          -0.122001,
          -0.015807,
          4.832161
        ],
        [
          -0.057144,
          -0.570944,
          0.818998,
          2.659007
        ],
        [
          -0.108943,
          -0.811874,
          -0.573579,
          1.502908
        ],
        [
          0.0,
          0.0,
          0.0,
          1.0
        ]
      ]
    },
    {
      "file_path": "/media/NFS/ttao/scannet/posed_images/scene0037_00/00159.jpg",
      "transform_matrix": [
        [
          0.996149,
          -0.071677,
          -0.050498,
          4.911264
        ],
        [
          -0.000464,
          -0.580245,
          0.814442,
          2.719399
        ],
        [
          -0.087678,
          -0.811282,
          -0.578043,
          1.484483
        ],
        [
          0.0,
          0.0,
          0.0,
          1.0
        ]
      ]
    },
    {
      "file_path": "/media/NFS/ttao/scannet/posed_images/scene0037_00/00161.jpg",
      "transform_matrix": [
        [
          0.996162,
          -0.050829,
          -0.071252,
          4.956254
        ],
        [
          0.026643,
          -0.599351,
          0.800043,
          2.755359
        ],
        [
          -0.08337,
          -0.798871,
          -0.595697,
          1.481721
        ],
        [
          0.0,
          0.0,
          0.0,
          1.0
        ]
      ]
    },
    {
      "file_path": "/media/NFS/ttao/scannet/posed_images/scene0037_00/00166.jpg",
      "transform_matrix": [
        [
          0.994787,
          -0.024496,
          -0.098989,
          5.037793
        ],
        [
          0.06308,
          -0.614897,
          0.78608,
          2.839827
        ],
        [
          -0.080124,
          -0.788227,
          -0.610147,
          1.483342
        ],
        [
          0.0,
          0.0,
          0.0,
          1.0
        ]
      ]
    },
    {
      "file_path": "/media/NFS/ttao/scannet/posed_images/scene0037_00/00170.jpg",
      "transform_matrix": [
        [
          0.994155,
          -0.011124,
          -0.107391,
          5.103719
        ],
        [
          0.07956,
          -0.596921,
          0.798346,
          2.901804
        ],
        [
          -0.072984,
          -0.802223,
          -0.592547,
          1.478481
        ],
        [
          0.0,
          0.0,
          0.0,
          1.0
        ]
      ]
    },
    {
      "file_path": "/media/NFS/ttao/scannet/posed_images/scene0037_00/00175.jpg",
      "transform_matrix": [
        [
          0.989471,
          0.009266,
          -0.144433,
          5.179523
        ],
        [
          0.122407,
          -0.586043,
          0.800981,
          2.968323
        ],
        [
          -0.077222,
          -0.810227,
          -0.581007,
          1.474892
        ],
        [
          0.0,
          0.0,
          0.0,
          1.0
        ]
      ]
    },
    {
      "file_path": "/media/NFS/ttao/scannet/posed_images/scene0037_00/00178.jpg",
      "transform_matrix": [
        [
          0.986187,
          0.025156,
          -0.163712,
          5.225246
        ],
        [
          0.147432,
          -0.583776,
          0.798417,
          3.006452
        ],
        [
          -0.075486,
          -0.811525,
          -0.579421,
          1.461254
        ],
        [
          0.0,
          0.0,
          0.0,
          1.0
        ]
      ]
    },
    {
      "file_path": "/media/NFS/ttao/scannet/posed_images/scene0037_00/00179.jpg",
      "transform_matrix": [
        [
          0.983194,
          0.036696,
          -0.178837,
          5.243031
        ],
        [
          0.166662,
          -0.580262,
          0.797195,
          3.019615
        ],
        [
          -0.074518,
          -0.813603,
          -0.576626,
          1.455843
        ],
        [
          0.0,
          0.0,
          0.0,
          1.0
        ]
      ]
    },
    {
      "file_path": "/media/NFS/ttao/scannet/posed_images/scene0037_00/00182.jpg",
      "transform_matrix": [
        [
          0.970232,
          0.052652,
          -0.236385,
          5.297328
        ],
        [
          0.221959,
          -0.583763,
          0.780996,
          3.066759
        ],
        [
          -0.096872,
          -0.810215,
          -0.578072,
          1.442331
        ],
        [
          0.0,
          0.0,
          0.0,
          1.0
        ]
      ]
    },
    {
      "file_path": "/media/NFS/ttao/scannet/posed_images/scene0037_00/00187.jpg",
      "transform_matrix": [
        [
          0.940888,
          0.095695,
          -0.324919,
          5.378438
        ],
        [
          0.319117,
          -0.572018,
          0.755618,
          3.139377
        ],
        [
          -0.113551,
          -0.81464,
          -0.568743,
          1.435569
        ],
        [
          0.0,
          0.0,
          0.0,
          1.0
        ]
      ]
    },
    {
      "file_path": "/media/NFS/ttao/scannet/posed_images/scene0037_00/00192.jpg",
      "transform_matrix": [
        [
          0.930792,
          0.130284,
          -0.341545,
          5.447156
        ],
        [
          0.351493,
          -0.575592,
          0.73834,
          3.201706
        ],
        [
          -0.100397,
          -0.807292,
          -0.581551,
          1.426481
        ],
        [
          0.0,
          0.0,
          0.0,
          1.0
        ]
      ]
    },
    {
      "file_path": "/media/NFS/ttao/scannet/posed_images/scene0037_00/00193.jpg",
      "transform_matrix": [
        [
          0.928307,
          0.128064,
          -0.349064,
          5.45824
        ],
        [
          0.356406,
          -0.573949,
          0.737263,
          3.213229
        ],
        [
          -0.105928,
          -0.808815,
          -0.578444,
          1.425294
        ],
        [
          0.0,
          0.0,
          0.0,
          1.0
        ]
      ]
    },
    {
      "file_path": "/media/NFS/ttao/scannet/posed_images/scene0037_00/00200.jpg",
      "transform_matrix": [
        [
          0.90226,
          0.165587,
          -0.398131,
          5.550138
        ],
        [
          0.419722,
          -0.548823,
          0.722929,
          3.333742
        ],
        [
          -0.098796,
          -0.819374,
          -0.564682,
          1.405568
        ],
        [
          0.0,
          0.0,
          0.0,
          1.0
        ]
      ]
    },
    {
      "file_path": "/media/NFS/ttao/scannet/posed_images/scene0037_00/00203.jpg",
      "transform_matrix": [
        [
          0.890698,
          0.16883,
          -0.422083,
          5.598277
        ],
        [
          0.444007,
          -0.522316,
          0.728041,
          3.41339
        ],
        [
          -0.097546,
          -0.835872,
          -0.540187,
          1.3862
        ],
        [
          0.0,
          0.0,
          0.0,
          1.0
        ]
      ]
    },
    {
      "file_path": "/media/NFS/ttao/scannet/posed_images/scene0037_00/00204.jpg",
      "transform_matrix": [
        [
          0.885903,
          0.172731,
          -0.430511,
          5.610785
        ],
        [
          0.452623,
          -0.52501,
          0.720761,
          3.434937
        ],
        [
          -0.101525,
          -0.833384,
          -0.543291,
          1.385576
        ],
        [
          0.0,
          0.0,
          0.0,
          1.0
        ]
      ]
    },
    {
      "file_path": "/media/NFS/ttao/scannet/posed_images/scene0037_00/00210.jpg",
      "transform_matrix": [
        [
          0.870474,
          0.179369,
          -0.458369,
          5.689295
        ],
        [
          0.481427,
          -0.50416,
          0.716974,
          3.550925
        ],
        [
          -0.102488,
          -0.844778,
          -0.525211,
          1.386953
        ],
        [
          0.0,
          0.0,
          0.0,
          1.0
        ]
      ]
    },
    {
      "file_path": "/media/NFS/ttao/scannet/posed_images/scene0037_00/00211.jpg",
      "transform_matrix": [
        [
          0.866421,
          0.176187,
          -0.467196,
          5.700437
        ],
        [
          0.48728,
          -0.502538,
          0.714152,
          3.567286
        ],
        [
          -0.10896,
          -0.846412,
          -0.521262,
          1.387228
        ],
        [
          0.0,
          0.0,
          0.0,
          1.0
        ]
      ]
    },
    {
      "file_path": "/media/NFS/ttao/scannet/posed_images/scene0037_00/00218.jpg",
      "transform_matrix": [
        [
          0.842214,
          0.173652,
          -0.510412,
          5.786285
        ],
        [
          0.527748,
          -0.459149,
          0.714607,
          3.683687
        ],
        [
          -0.110263,
          -0.871221,
          -0.478346,
          1.381263
        ],
        [
          0.0,
          0.0,
          0.0,
          1.0
        ]
      ]
    },
    {
      "file_path": "/media/NFS/ttao/scannet/posed_images/scene0037_00/00221.jpg",
      "transform_matrix": [
        [
          0.815117,
          0.179772,
          -0.550696,
          5.821013
        ],
        [
          0.567124,
          -0.441491,
          0.69531,
          3.728802
        ],
        [
          -0.11813,
          -0.879072,
          -0.46182,
          1.37603
        ],
        [
          0.0,
          0.0,
          0.0,
          1.0
        ]
      ]
    },
    {
      "file_path": "/media/NFS/ttao/scannet/posed_images/scene0037_00/00222.jpg",
      "transform_matrix": [
        [
          0.808243,
          0.183774,
          -0.559438,
          5.836127
        ],
        [
          0.576529,
          -0.440291,
          0.688301,
          3.747807
        ],
        [
          -0.119824,
          -0.878846,
          -0.461814,
          1.37577
        ],
        [
          0.0,
          0.0,
          0.0,
          1.0
        ]
      ]
    },
    {
      "file_path": "/media/NFS/ttao/scannet/posed_images/scene0037_00/00228.jpg",
      "transform_matrix": [
        [
          0.765739,
          0.208381,
          -0.608459,
          5.908769
        ],
        [
          0.629956,
          -0.43367,
          0.644272,
          3.832757
        ],
        [
          -0.129616,
          -0.876646,
          -0.463349,
          1.368176
        ],
        [
          0.0,
          0.0,
          0.0,
          1.0
        ]
      ]
    },
    {
      "file_path": "/media/NFS/ttao/scannet/posed_images/scene0037_00/00232.jpg",
      "transform_matrix": [
        [
          0.737614,
          0.232737,
          -0.633844,
          5.939764
        ],
        [
          0.661278,
          -0.438783,
          0.608425,
          3.888812
        ],
        [
          -0.136517,
          -0.86793,
          -0.477556,
          1.361475
        ],
        [
          0.0,
          0.0,
          0.0,
          1.0
        ]
      ]
    },
    {
      "file_path": "/media/NFS/ttao/scannet/posed_images/scene0037_00/00234.jpg",
      "transform_matrix": [
        [
          0.72523,
          0.23245,
          -0.648081,
          5.956326
        ],
        [
          0.674537,
          -0.42853,
          0.601133,
          3.922617
        ],
        [
          -0.137989,
          -0.873114,
          -0.467579,
          1.35516
        ],
        [
          0.0,
          0.0,
          0.0,
          1.0
        ]
      ]
    },
    {
      "file_path": "/media/NFS/ttao/scannet/posed_images/scene0037_00/00238.jpg",
      "transform_matrix": [
        [
          0.694267,
          0.262531,
          -0.670127,
          5.978878
        ],
        [
          0.706676,
          -0.425103,
          0.565593,
          3.999198
        ],
        [
          -0.136387,
          -0.866236,
          -0.48066,
          1.343517
        ],
        [
          0.0,
          0.0,
          0.0,
          1.0
        ]
      ]
    },
    {
      "file_path": "/media/NFS/ttao/scannet/posed_images/scene0037_00/00241.jpg",
      "transform_matrix": [
        [
          0.676527,
          0.257593,
          -0.689897,
          5.985593
        ],
        [
          0.723464,
          -0.407421,
          0.557322,
          4.053944
        ],
        [
          -0.137516,
          -0.876159,
          -0.461991,
          1.33186
        ],
        [
          0.0,
          0.0,
          0.0,
          1.0
        ]
      ]
    },
    {
      "file_path": "/media/NFS/ttao/scannet/posed_images/scene0037_00/00246.jpg",
      "transform_matrix": [
        [
          0.655243,
          0.294312,
          -0.695727,
          5.995314
        ],
        [
          0.742358,
          -0.421383,
          0.520904,
          4.162103
        ],
        [
          -0.13986,
          -0.857798,
          -0.494593,
          1.328481
        ],
        [
          0.0,
          0.0,
          0.0,
          1.0
        ]
      ]
    },
    {
      "file_path": "/media/NFS/ttao/scannet/posed_images/scene0037_00/00247.jpg",
      "transform_matrix": [
        [
          0.654106,
          0.286226,
          -0.700157,
          5.994905
        ],
        [
          0.742626,
          -0.418867,
          0.522548,
          4.184651
        ],
        [
          -0.143705,
          -0.861757,
          -0.486542,
          1.330085
        ],
        [
          0.0,
          0.0,
          0.0,
          1.0
        ]
      ]
    },
    {
      "file_path": "/media/NFS/ttao/scannet/posed_images/scene0037_00/00254.jpg",
      "transform_matrix": [
        [
          0.606862,
          0.276374,
          -0.745209,
          6.011994
        ],
        [
          0.771907,
          -0.428388,
          0.469728,
          4.323762
        ],
        [
          -0.189417,
          -0.860291,
          -0.473307,
          1.319265
        ],
        [
          0.0,
          0.0,
          0.0,
          1.0
        ]
      ]
    },
    {
      "file_path": "/media/NFS/ttao/scannet/posed_images/scene0037_00/00255.jpg",
      "transform_matrix": [
        [
          0.60137,
          0.277112,
          -0.749375,
          6.014271
        ],
        [
          0.775202,
          -0.429445,
          0.463291,
          4.341441
        ],
        [
          -0.193432,
          -0.859527,
          -0.473073,
          1.315378
        ],
        [
          0.0,
          0.0,
          0.0,
          1.0
        ]
      ]
    },
    {
      "file_path": "/media/NFS/ttao/scannet/posed_images/scene0037_00/00258.jpg",
      "transform_matrix": [
        [
          0.565179,
          0.28878,
          -0.772774,
          6.019741
        ],
        [
          0.799874,
          -0.421105,
          0.427635,
          4.398629
        ],
        [
          -0.201926,
          -0.859812,
          -0.468987,
          1.30449
        ],
        [
          0.0,
          0.0,
          0.0,
          1.0
        ]
      ]
    },
    {
      "file_path": "/media/NFS/ttao/scannet/posed_images/scene0037_00/00263.jpg",
      "transform_matrix": [
        [
          0.491405,
          0.293443,
          -0.820008,
          6.047278
        ],
        [
          0.84386,
          -0.393347,
          0.364937,
          4.507926
        ],
        [
          -0.215459,
          -0.871303,
          -0.440917,
          1.288646
        ],
        [
          0.0,
          0.0,
          0.0,
          1.0
        ]
      ]
    },
    {
      "file_path": "/media/NFS/ttao/scannet/posed_images/scene0037_00/00267.jpg",
      "transform_matrix": [
        [
          0.437986,
          0.361674,
          -0.823019,
          6.062789
        ],
        [
          0.869689,
          -0.402267,
          0.286047,
          4.610751
        ],
        [
          -0.227618,
          -0.841055,
          -0.490731,
          1.295102
        ],
        [
          0.0,
          0.0,
          0.0,
          1.0
        ]
      ]
    },
    {
      "file_path": "/media/NFS/ttao/scannet/posed_images/scene0037_00/00270.jpg",
      "transform_matrix": [
        [
          0.414799,
          0.395759,
          -0.819339,
          6.076795
        ],
        [
          0.885553,
          -0.382545,
          0.263543,
          4.657531
        ],
        [
          -0.209134,
          -0.834886,
          -0.509145,
          1.275674
        ],
        [
          0.0,
          0.0,
          0.0,
          1.0
        ]
      ]
    },
    {
      "file_path": "/media/NFS/ttao/scannet/posed_images/scene0037_00/00273.jpg",
      "transform_matrix": [
        [
          0.377958,
          0.404172,
          -0.832942,
          6.076039
        ],
        [
          0.897336,
          -0.38138,
          0.22212,
          4.717846
        ],
        [
          -0.227893,
          -0.831381,
          -0.506824,
          1.278224
        ],
        [
          0.0,
          0.0,
          0.0,
          1.0
        ]
      ]
    },
    {
      "file_path": "/media/NFS/ttao/scannet/posed_images/scene0037_00/00277.jpg",
      "transform_matrix": [
        [
          0.35519,
          0.429423,
          -0.830323,
          6.066165
        ],
        [
          0.909649,
          -0.363408,
          0.201177,
          4.809955
        ],
        [
          -0.215356,
          -0.826759,
