{
  "frames": [
    {
      "file_path": "/media/NFS/ttao/scannet/posed_images/scene0225_00/00003.jpg",
      "transform_matrix": [
        [
          0.621414,
          0.259981,
          -0.739091,
          2.594367
        ],
        [
          0.779896,
          -0.295423,
          0.551805,
          3.490054
        ],
        [
          -0.074886,
          -0.919312,
          -0.386338,
          1.484413
        ],
        [
          0.0,
          0.0,
          0.0,
          1.0
        ]
      ]
    },
    {
      "file_path": "/media/NFS/ttao/scannet/posed_images/scene0225_00/00004.jpg",
      "transform_matrix": [
        [
          0.622536,
          0.262912,
          -0.737107,
          2.582815
        ],
        [
          0.779019,
          -0.298075,
          0.551616,
          3.494766
        ],
        [
          -0.074687,
          -0.917621,
          -0.390376,
          1.48733
        ],
        [
          0.0,
          0.0,
          0.0,
          1.0
        ]
      ]
    },
    {
      "file_path": "/media/NFS/ttao/scannet/posed_images/scene0225_00/00008.jpg",
      "transform_matrix": [
        [
          0.629043,
          0.26442,
          -0.731018,
          2.532443
        ],
        [
          0.774112,
          -0.299086,
          0.557941,
          3.520007
        ],
        [
          -0.071106,
          -0.916859,
          -0.392829,
          1.486422
        ],
        [
          0.0,
          0.0,
          0.0,
          1.0
        ]
      ]
    },
    {
      "file_path": "/media/NFS/ttao/scannet/posed_images/scene0225_00/00012.jpg",
      "transform_matrix": [
        [
          0.640926,
          0.253707,
          -0.724463,
          2.464481
        ],
        [
          0.764326,
          -0.298048,
          0.571816,
          3.56561
        ],
        [
          -0.070851,
          -0.920218,
          -0.384941,
          1.495908
        ],
        [
          0.0,
          0.0,
          0.0,
          1.0
        ]
      ]
    },
    {
      "file_path": "/media/NFS/ttao/scannet/posed_images/scene0225_00/00019.jpg",
      "transform_matrix": [
        [
          0.69281,
          0.207696,
          -0.690563,
          2.299735
        ],
        [
          0.716337,
          -0.308335,
          0.625932,
          3.633923
        ],
        [
          -0.082921,
          -0.928328,
          -0.362398,
          1.516288
        ],
        [
          0.0,
          0.0,
          0.0,
          1.0
        ]
      ]
    },
    {
      "file_path": "/media/NFS/ttao/scannet/posed_images/scene0225_00/00025.jpg",
      "transform_matrix": [
        [
          0.760941,
          0.133635,
          -0.63491,
          2.174007
        ],
        [
          0.639559,
          -0.319249,
          0.699317,
          3.704308
        ],
        [
          -0.109242,
          -0.938201,
          -0.328397,
          1.544065
        ],
        [
          0.0,
          0.0,
          0.0,
          1.0
        ]
      ]
    },
    {
      "file_path": "/media/NFS/ttao/scannet/posed_images/scene0225_00/00026.jpg",
      "transform_matrix": [
        [
          0.770323,
          0.125988,
          -0.625085,
          2.154806
        ],
        [
          0.627944,
          -0.320316,
          0.709285,
          3.718935
        ],
        [
          -0.110863,
          -0.938896,
          -0.325859,
          1.547679
        ],
        [
          0.0,
          0.0,
          0.0,
          1.0
        ]
      ]
    },
    {
      "file_path": "/media/NFS/ttao/scannet/posed_images/scene0225_00/00032.jpg",
      "transform_matrix": [
        [
          0.846415,
          0.062286,
          -0.528868,
          2.048025
        ],
        [
          0.51972,
          -0.313086,
          0.794901,
          3.826113
        ],
        [
          -0.116071,
          -0.94768,
          -0.297372,
          1.574287
        ],
        [
          0.0,
          0.0,
          0.0,
          1.0
        ]
      ]
    },
    {
      "file_path": "/media/NFS/ttao/scannet/posed_images/scene0225_00/00039.jpg",
      "transform_matrix": [
        [
          0.931608,
          0.031502,
          -0.362096,
          1.931894
        ],
        [
          0.354041,
          -0.304024,
          0.884435,
          3.962799
        ],
        [
          -0.082225,
          -0.952144,
          -0.294384,
          1.572872
        ],
        [
          0.0,
          0.0,
          0.0,
          1.0
        ]
      ]
    },
    {
      "file_path": "/media/NFS/ttao/scannet/posed_images/scene0225_00/00044.jpg",
      "transform_matrix": [
        [
          0.953202,
          0.041346,
          -0.299494,
          1.886559
        ],
        [
          0.29707,
          -0.312137,
          0.902397,
          4.065493
        ],
        [
          -0.056172,
          -0.949137,
          -0.309812,
          1.581229
        ],
        [
          0.0,
          0.0,
          0.0,
          1.0
        ]
      ]
    },
    {
      "file_path": "/media/NFS/ttao/scannet/posed_images/scene0225_00/00047.jpg",
      "transform_matrix": [
        [
          0.961723,
          0.037777,
          -0.271408,
          1.845186
        ],
        [
          0.268806,
          -0.322433,
          0.907624,
          4.110774
        ],
        [
          -0.053223,
          -0.945838,
          -0.320246,
          1.575805
        ],
        [
          0.0,
          0.0,
          0.0,
          1.0
        ]
      ]
    },
    {
      "file_path": "/media/NFS/ttao/scannet/posed_images/scene0225_00/00050.jpg",
      "transform_matrix": [
        [
          0.965307,
          0.043906,
          -0.257398,
          1.808417
        ],
        [
          0.256715,
          -0.339813,
          0.904779,
          4.159598
        ],
        [
          -0.047742,
          -0.939468,
          -0.339295,
          1.570159
        ],
        [
          0.0,
          0.0,
          0.0,
          1.0
        ]
      ]
    },
    {
      "file_path": "/media/NFS/ttao/scannet/posed_images/scene0225_00/00055.jpg",
      "transform_matrix": [
        [
          0.975254,
          0.029407,
          -0.219121,
          1.711434
        ],
        [
          0.212935,
          -0.391573,
          0.89517,
          4.235268
        ],
        [
          -0.059478,
          -0.919677,
          -0.388145,
          1.557971
        ],
        [
          0.0,
          0.0,
          0.0,
          1.0
        ]
      ]
    },
    {
      "file_path": "/media/NFS/ttao/scannet/posed_images/scene0225_00/00061.jpg",
      "transform_matrix": [
        [
          0.988681,
          -0.028283,
          -0.147346,
          1.590959
        ],
        [
          0.116125,
          -0.477608,
          0.870865,
          4.332982
        ],
        [
          -0.095004,
          -0.878118,
          -0.468917,
          1.562783
        ],
        [
          0.0,
          0.0,
          0.0,
          1.0
        ]
      ]
    },
    {
      "file_path": "/media/NFS/ttao/scannet/posed_images/scene0225_00/00066.jpg",
      "transform_matrix": [
        [
          0.993019,
          -0.079663,
          -0.086984,
          1.513718
        ],
        [
          0.030402,
          -0.53967,
          0.841327,
          4.411094
        ],
        [
          -0.113965,
          -0.838099,
          -0.533481,
          1.551094
        ],
        [
          0.0,
          0.0,
          0.0,
          1.0
        ]
      ]
    },
    {
      "file_path": "/media/NFS/ttao/scannet/posed_images/scene0225_00/00072.jpg",
      "transform_matrix": [
        [
          0.992616,
          -0.116491,
          -0.033796,
          1.44269
        ],
        [
          -0.04227,
          -0.593378,
          0.803813,
          4.523417
        ],
        [
          -0.113691,
          -0.79645,
          -0.593921,
          1.520613
        ],
        [
          0.0,
          0.0,
          0.0,
          1.0
        ]
      ]
    },
    {
      "file_path": "/media/NFS/ttao/scannet/posed_images/scene0225_00/00074.jpg",
      "transform_matrix": [
        [
          0.992186,
          -0.121991,
          -0.026163,
          1.420687
        ],
        [
          -0.052769,
          -0.600334,
          0.798007,
          4.559675
        ],
        [
          -0.113056,
          -0.790391,
          -0.60208,
          1.512604
        ],
        [
          0.0,
          0.0,
          0.0,
          1.0
        ]
      ]
    },
    {
      "file_path": "/media/NFS/ttao/scannet/posed_images/scene0225_00/00079.jpg",
      "transform_matrix": [
        [
          0.991039,
          -0.129756,
          -0.031684,
          1.366472
        ],
        [
          -0.060547,
          -0.647856,
          0.759353,
          4.643539
        ],
        [
          -0.119057,
          -0.75063,
          -0.649908,
          1.500032
        ],
        [
          0.0,
          0.0,
          0.0,
          1.0
        ]
      ]
    },
    {
      "file_path": "/media/NFS/ttao/scannet/posed_images/scene0225_00/00084.jpg",
      "transform_matrix": [
        [
          0.989842,
          -0.138673,
          0.031338,
          1.313649
        ],
        [
          -0.117749,
          -0.676125,
          0.727318,
          4.722641
        ],
        [
          -0.07967,
          -0.72362,
          -0.685585,
          1.497545
        ],
        [
          0.0,
          0.0,
          0.0,
          1.0
        ]
      ]
    },
    {
      "file_path": "/media/NFS/ttao/scannet/posed_images/scene0225_00/00090.jpg",
      "transform_matrix": [
        [
          0.96055,
          -0.241182,
          0.138475,
          1.283644
        ],
        [
          -0.264547,
          -0.638807,
          0.722455,
          4.809876
        ],
        [
          -0.085784,
          -0.730587,
          -0.67741,
          1.507818
        ],
        [
          0.0,
          0.0,
          0.0,
          1.0
        ]
      ]
    },
    {
      "file_path": "/media/NFS/ttao/scannet/posed_images/scene0225_00/00091.jpg",
      "transform_matrix": [
        [
          0.949954,
          -0.266025,
          0.163764,
          1.2813
        ],
        [
          -0.299568,
          -0.627102,
          0.719029,
          4.824722
        ],
        [
          -0.088583,
          -0.732102,
          -0.67541,
          1.513015
        ],
        [
          0.0,
          0.0,
          0.0,
          1.0
        ]
      ]
    },
    {
      "file_path": "/media/NFS/ttao/scannet/posed_images/scene0225_00/00097.jpg",
      "transform_matrix": [
        [
          0.853088,
          -0.406436,
          0.327186,
          1.272747
        ],
        [
          -0.507074,
          -0.49804,
          0.703444,
          4.882395
        ],
        [
          -0.122953,
          -0.766007,
          -0.630965,
          1.556989
        ],
        [
          0.0,
          0.0,
          0.0,
          1.0
        ]
      ]
    },
    {
      "file_path": "/media/NFS/ttao/scannet/posed_images/scene0225_00/00101.jpg",
      "transform_matrix": [
        [
          0.777674,
          -0.446654,
          0.442407,
          1.251875
        ],
        [
          -0.615675,
          -0.39877,
          0.679652,
          4.907286
        ],
        [
          -0.127151,
          -0.800927,
          -0.585106,
          1.599432
        ],
        [
          0.0,
          0.0,
          0.0,
          1.0
        ]
      ]
    },
    {
      "file_path": "/media/NFS/ttao/scannet/posed_images/scene0225_00/00108.jpg",
      "transform_matrix": [
        [
          0.709511,
          -0.408163,
          0.574454,
          1.244617
        ],
        [
          -0.691542,
          -0.24652,
          0.678968,
          4.914999
        ],
        [
          -0.135515,
          -0.878994,
          -0.457171,
          1.65663
        ],
        [
          0.0,
          0.0,
          0.0,
          1.0
        ]
      ]
    },
    {
      "file_path": "/media/NFS/ttao/scannet/posed_images/scene0225_00/00112.jpg",
      "transform_matrix": [
        [
          0.700365,
          -0.389904,
          0.597883,
          1.271331
        ],
        [
          -0.698748,
          -0.203489,
          0.685816,
          4.929278
        ],
        [
          -0.14574,
          -0.898091,
          -0.414961,
          1.669206
        ],
        [
          0.0,
          0.0,
          0.0,
          1.0
        ]
      ]
    },
    {
      "file_path": "/media/NFS/ttao/scannet/posed_images/scene0225_00/00117.jpg",
      "transform_matrix": [
        [
          0.692591,
          -0.364853,
          0.622254,
          1.309719
        ],
        [
          -0.70643,
          -0.168648,
          0.687397,
          4.959178
        ],
        [
          -0.145857,
          -0.915664,
          -0.374548,
          1.68758
        ],
        [
          0.0,
          0.0,
          0.0,
          1.0
        ]
      ]
    },
    {
      "file_path": "/media/NFS/ttao/scannet/posed_images/scene0225_00/00119.jpg",
      "transform_matrix": [
        [
          0.690369,
          -0.351448,
          0.632357,
          1.334238
        ],
        [
          -0.710368,
          -0.163782,
          0.68451,
          4.975411
        ],
        [
          -0.137001,
          -0.92177,
          -0.362727,
          1.690688
        ],
        [
          0.0,
          0.0,
          0.0,
          1.0
        ]
      ]
    },
    {
      "file_path": "/media/NFS/ttao/scannet/posed_images/scene0225_00/00127.jpg",
      "transform_matrix": [
        [
          0.651581,
          -0.318348,
          0.688547,
          1.479985
        ],
        [
          -0.749694,
          -0.131723,
          0.648543,
          5.040512
        ],
        [
          -0.115765,
          -0.938778,
          -0.324492,
          1.691541
        ],
        [
          0.0,
          0.0,
          0.0,
          1.0
        ]
      ]
    },
    {
      "file_path": "/media/NFS/ttao/scannet/posed_images/scene0225_00/00130.jpg",
      "transform_matrix": [
        [
          0.624712,
          -0.311248,
          0.716142,
          1.536981
        ],
        [
          -0.773568,
          -0.121683,
          0.621921,
          5.043456
        ],
        [
          -0.106429,
          -0.942506,
          -0.316789,
          1.690965
        ],
        [
          0.0,
          0.0,
          0.0,
          1.0
        ]
      ]
    },
    {
      "file_path": "/media/NFS/ttao/scannet/posed_images/scene0225_00/00135.jpg",
      "transform_matrix": [
        [
          0.584363,
          -0.330231,
          0.741261,
          1.622744
        ],
        [
          -0.805625,
          -0.126432,
          0.578778,
          5.109462
        ],
        [
          -0.097411,
          -0.935394,
          -0.339925,
          1.690928
        ],
        [
          0.0,
          0.0,
          0.0,
          1.0
        ]
      ]
    },
    {
      "file_path": "/media/NFS/ttao/scannet/posed_images/scene0225_00/00137.jpg",
      "transform_matrix": [
        [
          0.579413,
          -0.331858,
          0.744413,
          1.645504
        ],
        [
          -0.80969,
          -0.129944,
          0.572292,
          5.131982
        ],
        [
          -0.093188,
          -0.934336,
          -0.343993,
          1.69105
        ],
        [
          0.0,
          0.0,
          0.0,
          1.0
        ]
      ]
    },
    {
      "file_path": "/media/NFS/ttao/scannet/posed_images/scene0225_00/00142.jpg",
      "transform_matrix": [
        [
          0.606225,
          -0.318109,
          0.728902,
          1.720062
        ],
        [
          -0.790399,
          -0.139465,
          0.596506,
          5.194068
        ],
        [
          -0.088098,
          -0.93774,
          -0.33598,
          1.704403
        ],
        [
          0.0,
          0.0,
          0.0,
          1.0
        ]
      ]
    },
    {
      "file_path": "/media/NFS/ttao/scannet/posed_images/scene0225_00/00149.jpg",
      "transform_matrix": [
        [
          0.664999,
          -0.274366,
          0.694622,
          1.827234
        ],
        [
          -0.739893,
          -0.11542,
          0.66275,
          5.332369
        ],
        [
          -0.101663,
          -0.954673,
          -0.279756,
          1.725299
        ],
        [
          0.0,
          0.0,
          0.0,
          1.0
        ]
      ]
    },
    {
      "file_path": "/media/NFS/ttao/scannet/posed_images/scene0225_00/00154.jpg",
      "transform_matrix": [
        [
          -Infinity,
          -Infinity,
          -Infinity,
          -Infinity
        ],
        [
          -Infinity,
          -Infinity,
          -Infinity,
          -Infinity
        ],
        [
          -Infinity,
          -Infinity,
          -Infinity,
          -Infinity
        ],
        [
          -Infinity,
          -Infinity,
          -Infinity,
          -Infinity
        ]
      ]
    },
    {
      "file_path": "/media/NFS/ttao/scannet/posed_images/scene0225_00/00157.jpg",
      "transform_matrix": [
        [
          0.671692,
          -0.271979,
          0.689099,
          1.972917
        ],
        [
          -0.732548,
          -0.105138,
          0.672547,
          5.49269
        ],
        [
          -0.110468,
          -0.956543,
          -0.269858,
          1.767034
        ],
        [
          0.0,
          0.0,
          0.0,
          1.0
        ]
      ]
    },
    {
      "file_path": "/media/NFS/ttao/scannet/posed_images/scene0225_00/00160.jpg",
      "transform_matrix": [
        [
          0.683146,
          -0.252291,
          0.685319,
          2.028393
        ],
        [
          -0.722211,
          -0.094261,
          0.68522,
          5.548413
        ],
        [
          -0.108276,
          -0.96305,
          -0.246601,
          1.763022
        ],
        [
          0.0,
          0.0,
          0.0,
          1.0
        ]
      ]
    },
    {
      "file_path": "/media/NFS/ttao/scannet/posed_images/scene0225_00/00167.jpg",
      "transform_matrix": [
        [
          0.709995,
          -0.205313,
          0.673612,
          2.179312
        ],
        [
          -0.697695,
          -0.075307,
          0.712426,
          5.694178
        ],
        [
          -0.095543,
          -0.975795,
          -0.196713,
          1.740158
        ],
        [
          0.0,
          0.0,
          0.0,
          1.0
        ]
      ]
    },
    {
      "file_path": "/media/NFS/ttao/scannet/posed_images/scene0225_00/00170.jpg",
      "transform_matrix": [
        [
          0.718458,
          -0.21298,
          0.662162,
          2.251962
        ],
        [
          -0.689916,
          -0.097062,
          0.717353,
          5.766041
        ],
        [
          -0.088511,
          -0.972224,
          -0.216673,
          1.733612
        ],
        [
          0.0,
          0.0,
          0.0,
          1.0
        ]
      ]
    },
    {
      "file_path": "/media/NFS/ttao/scannet/posed_images/scene0225_00/00175.jpg",
      "transform_matrix": [
        [
          0.736073,
          -0.231454,
          0.636102,
          2.359723
        ],
        [
          -0.672474,
          -0.142729,
          0.726228,
          5.878755
        ],
        [
          -0.077298,
          -0.962319,
          -0.260706,
          1.746033
        ],
        [
          0.0,
          0.0,
          0.0,
          1.0
        ]
      ]
    },
    {
      "file_path": "/media/NFS/ttao/scannet/posed_images/scene0225_00/00178.jpg",
      "transform_matrix": [
        [
          0.733238,
          -0.235786,
          0.637783,
          2.41592
        ],
        [
          -0.676608,
          -0.159813,
          0.718792,
          5.947097
        ],
        [
          -0.067555,
          -0.958574,
          -0.276715,
          1.724666
        ],
        [
          0.0,
          0.0,
          0.0,
          1.0
        ]
      ]
    },
    {
      "file_path": "/media/NFS/ttao/scannet/posed_images/scene0225_00/00183.jpg",
      "transform_matrix": [
        [
          0.71577,
          -0.24306,
          0.654672,
          2.504004
        ],
        [
          -0.696464,
          -0.179862,
          0.694686,
          6.069436
        ],
        [
          -0.0511,
          -0.95319,
          -0.298022,
          1.694618
        ],
        [
          0.0,
          0.0,
          0.0,
          1.0
        ]
      ]
    },
    {
      "file_path": "/media/NFS/ttao/scannet/posed_images/scene0225_00/00188.jpg",
      "transform_matrix": [
        [
          0.701702,
          -0.290767,
          0.650438,
          2.578673
        ],
        [
          -0.708693,
          -0.190969,
          0.67918,
          6.18828
        ],
        [
          -0.07327,
          -0.937542,
          -0.340068,
          1.671512
        ],
        [
          0.0,
          0.0,
          0.0,
          1.0
        ]
      ]
    },
    {
      "file_path": "/media/NFS/ttao/scannet/posed_images/scene0225_00/00194.jpg",
      "transform_matrix": [
        [
          0.694657,
          -0.3503,
          0.628284,
          2.678419
        ],
        [
          -0.714307,
          -0.232762,
          0.659991,
          6.333292
        ],
        [
          -0.084954,
          -0.907255,
          -0.411912,
          1.653553
        ],
        [
          0.0,
          0.0,
          0.0,
          1.0
        ]
      ]
    },
    {
      "file_path": "/media/NFS/ttao/scannet/posed_images/scene0225_00/00197.jpg",
      "transform_matrix": [
        [
          0.693143,
          -0.352357,
          0.628807,
          2.729624
        ],
        [
          -0.716015,
          -0.23623,
          0.656901,
          6.410507
        ],
        [
          -0.08292,
          -0.905561,
          -0.416034,
          1.637249
        ],
        [
          0.0,
          0.0,
          0.0,
          1.0
        ]
      ]
    },
    {
      "file_path": "/media/NFS/ttao/scannet/posed_images/scene0225_00/00204.jpg",
      "transform_matrix": [
        [
          0.703495,
          -0.358641,
          0.613573,
          2.850591
        ],
        [
          -0.702511,
          -0.220232,
          0.676739,
          6.598329
        ],
        [
          -0.107578,
          -0.907124,
          -0.406882,
          1.572174
        ],
        [
          0.0,
          0.0,
          0.0,
          1.0
        ]
      ]
    },
    {
      "file_path": "/media/NFS/ttao/scannet/posed_images/scene0225_00/00205.jpg",
      "transform_matrix": [
        [
          0.710654,
          -0.365691,
          0.601033,
          2.871033
        ],
        [
          -0.695476,
          -0.236164,
          0.678631,
          6.628139
        ],
        [
          -0.106227,
          -0.900276,
          -0.42216,
          1.566539
        ],
        [
          0.0,
          0.0,
          0.0,
          1.0
        ]
      ]
    },
    {
      "file_path": "/media/NFS/ttao/scannet/posed_images/scene0225_00/00212.jpg",
      "transform_matrix": [
        [
          0.753558,
          -0.397955,
          0.523243,
          2.971293
        ],
        [
          -0.648337,
          -0.31832,
          0.691615,
          6.830751
        ],
        [
          -0.108673,
          -0.86041,
          -0.497881,
          1.539353
        ],
        [
          0.0,
          0.0,
          0.0,
          1.0
        ]
      ]
    },
    {
      "file_path": "/media/NFS/ttao/scannet/posed_images/scene0225_00/00218.jpg",
      "transform_matrix": [
        [
          0.741162,
          -0.416971,
          0.526132,
          3.040224
        ],
        [
          -0.662611,
          -0.328492,
          0.673083,
          6.999837
        ],
        [
          -0.107826,
          -0.847484,
          -0.519754,
          1.511555
        ],
        [
          0.0,
          0.0,
          0.0,
          1.0
        ]
      ]
    },
    {
      "file_path": "/media/NFS/ttao/scannet/posed_images/scene0225_00/00219.jpg",
      "transform_matrix": [
        [
          0.738399,
          -0.41831,
          0.528946,
          3.048927
        ],
        [
          -0.666238,
          -0.331113,
          0.668201,
          7.025726
        ],
        [
          -0.104374,
          -0.845802,
          -0.523187,
          1.507018
        ],
        [
          0.0,
          0.0,
          0.0,
          1.0
        ]
      ]
    },
    {
      "file_path": "/media/NFS/ttao/scannet/posed_images/scene0225_00/00225.jpg",
      "transform_matrix": [
        [
          0.694308,
          -0.453026,
          0.559199,
          3.125625
        ],
        [
          -0.712317,
          -0.321744,
          0.623767,
          7.191268
        ],
        [
          -0.102664,
          -0.831414,
          -0.546087,
          1.496579
        ],
        [
          0.0,
          0.0,
          0.0,
          1.0
        ]
      ]
    },
    {
      "file_path": "/media/NFS/ttao/scannet/posed_images/scene0225_00/00229.jpg",
      "transform_matrix": [
        [
          0.6457,
          -0.513699,
          0.564965,
          3.192737
        ],
        [
          -0.755538,
          -0.322632,
          0.570151,
          7.286051
        ],
        [
          -0.11061,
          -0.794998,
          -0.596442,
          1.485526
        ],
        [
          0.0,
          0.0,
          0.0,
          1.0
        ]
      ]
    },
    {
      "file_path": "/media/NFS/ttao/scannet/posed_images/scene0225_00/00237.jpg",
      "transform_matrix": [
        [
          0.586825,
          -0.529068,
          0.612963,
          3.334241
        ],
        [
          -0.804447,
          -0.294731,
          0.515752,
          7.449432
        ],
        [
          -0.092209,
          -0.795752,
          -0.598562,
          1.461905
        ],
        [
          0.0,
          0.0,
          0.0,
          1.0
        ]
      ]
    },
    {
      "file_path": "/media/NFS/ttao/scannet/posed_images/scene0225_00/00239.jpg",
      "transform_matrix": [
        [
          0.571323,
          -0.534632,
          0.622703,
          3.377757
        ],
        [
          -0.815519,
          -0.284478,
          0.503986,
          7.489432
        ],
        [
          -0.092302,
          -0.795764,
          -0.598531,
          1.455498
        ],
        [
          0.0,
          0.0,
          0.0,
          1.0
        ]
      ]
    },
    {
      "file_path": "/media/NFS/ttao/scannet/posed_images/scene0225_00/00245.jpg",
      "transform_matrix": [
        [
          0.562069,
          -0.548175,
          0.619341,
          3.499384
        ],
        [
          -0.822621,
          -0.292763,
          0.487427,
          7.609923
        ],
        [
          -0.085875,
          -0.78345,
          -0.615493,
          1.439989
        ],
        [
          0.0,
          0.0,
          0.0,
          1.0
        ]
      ]
    },
    {
      "file_path": "/media/NFS/ttao/scannet/posed_images/scene0225_00/00247.jpg",
      "transform_matrix": [
        [
          0.565692,
          -0.562048,
          0.603403,
          3.536154
        ],
        [
          -0.82002,
          -0.306266,
          0.483496,
          7.649035
        ],
        [
          -0.086946,
          -0.768312,
          -0.634143,
          1.436407
        ],
        [
          0.0,
          0.0,
          0.0,
          1.0
        ]
      ]
    },
    {
      "file_path": "/media/NFS/ttao/scannet/posed_images/scene0225_00/00252.jpg",
      "transform_matrix": [
        [
          0.538878,
          -0.601364,
          0.589892,
          3.627208
        ],
        [
          -0.838062,
          -0.311877,
          0.447644,
          7.755622
        ],
        [
          -0.085223,
          -0.735591,
          -0.672043,
          1.419422
        ],
        [
          0.0,
          0.0,
          0.0,
          1.0
        ]
      ]
    },
    {
      "file_path": "/media/NFS/ttao/scannet/posed_images/scene0225_00/00258.jpg",
      "transform_matrix": [
        [
          0.525958,
          -0.611517,
          0.591114,
          3.710166
        ],
        [
          -0.844172,
          -0.290651,
          0.45044,
          7.871414
        ],
        [
          -0.103644,
          -0.735914,
          -0.669095,
          1.403818
        ],
        [
          0.0,
          0.0,
          0.0,
          1.0
        ]
      ]
    },
    {
      "file_path": "/media/NFS/ttao/scannet/posed_images/scene0225_00/00262.jpg",
      "transform_matrix": [
        [
          0.515663,
          -0.621624,
          0.58964,
          3.766072
        ],
        [
          -0.850719,
          -0.289685,
          0.438589,
          7.948287
        ],
        [
          -0.101827,
          -0.727782,
          -0.678207,
          1.400825
        ],
        [
          0.0,
          0.0,
          0.0,
          1.0
        ]
      ]
    },
    {
      "file_path": "/media/NFS/ttao/scannet/posed_images/scene0225_00/00269.jpg",
      "transform_matrix": [
        [
          0.494848,
          -0.661262,
          0.563789,
          3.865122
        ],
        [
          -0.863793,
          -0.30353,
          0.402159,
          8.049718
        ],
        [
          -0.094806,
          -0.686004,
          -0.721394,
          1.365602
        ],
        [
          0.0,
          0.0,
          0.0,
          1.0
        ]
      ]
    },
    {
      "file_path": "/media/NFS/ttao/scannet/posed_images/scene0225_00/00270.jpg",
      "transform_matrix": [
        [
          0.494619,
          -0.662864,
          0.562106,
          3.873593
        ],
        [
          -0.864087,
          -0.305629,
          0.399931,
          8.068563
        ],
        [
          -0.093304,
          -0.683522,
          -0.723942,
          1.360289
        ],
        [
          0.0,
          0.0,
          0.0,
          1.0
        ]
      ]
    },
    {
      "file_path": "/media/NFS/ttao/scannet/posed_images/scene0225_00/00274.jpg",
      "transform_matrix": [
        [
          0.519368,
          -0.647421,
          0.557766,
          3.91725
        ],
        [
          -0.849649,
          -0.321414,
          0.418079,
          8.119837
        ],
        [
          -0.091399,
          -0.691042,
          -0.717013,
          1.352183
        ],
        [
          0.0,
          0.0,
          0.0,
          1.0
        ]
      ]
    },
    {
      "file_path": "/media/NFS/ttao/scannet/posed_images/scene0225_00/00283.jpg",
      "transform_matrix": [
        [
          0.582641,
          -0.650495,
          0.487222,
          3.99944
        ],
        [
          -0.802131,
          -0.363753,
          0.473571,
          8.198838
        ],
        [
          -0.130827,
          -0.666738,
          -0.73372,
          1.340366
        ],
        [
          0.0,
          0.0,
          0.0,
          1.0
        ]
      ]
    },
    {
      "file_path": "/media/NFS/ttao/scannet/posed_images/scene0225_00/00284.jpg",
      "transform_matrix": [
        [
          0.58743,
          -0.647639,
          0.485272,
          4.008618
        ],
        [
          -0.798481,
          -0.366225,
          0.477815,
          8.205495
        ],
        [
          -0.131733,
          -0.668164,
          -0.732259,
          1.338886
        ],
        [
          0.0,
          0.0,
          0.0,
          1.0
        ]
      ]
    },
    {
      "file_path": "/media/NFS/ttao/scannet/posed_images/scene0225_00/00292.jpg",
      "transform_matrix": [
        [
          0.630113,
          -0.619433,
          0.468252,
          4.095611
        ],
        [
          -0.771242,
          -0.429168,
          0.470108,
          8.237953
        ],
        [
          -0.090241,
          -0.657357,
          -0.748157,
          1.337154
        ],
        [
          0.0,
          0.0,
          0.0,
          1.0
        ]
      ]
    },
    {
      "file_path": "/media/NFS/ttao/scannet/posed_images/scene0225_00/00294.jpg",
      "transform_matrix": [
        [
          0.635997,
          -0.622907,
          0.455516,
          4.125084
        ],
        [
          -0.766451,
          -0.441209,
          0.466785,
          8.234412
        ],
        [
          -0.089786,
          -0.646004,
          -0.758035,
          1.336464
        ],
        [
          0.0,
          0.0,
          0.0,
          1.0
        ]
      ]
    },
    {
      "file_path": "/media/NFS/ttao/scannet/posed_images/scene0225_00/00298.jpg",
      "transform_matrix": [
        [
          0.656578,
          -0.600391,
          0.456548,
          4.188774
        ],
        [
          -0.750838,
          -0.462689,
          0.47134,
          8.210314
        ],
        [
          -0.071748,
          -0.652265,
          -0.754588,
          1.339838
        ],
        [
          0.0,
          0.0,
          0.0,
          1.0
        ]
      ]
    },
    {
      "file_path": "/media/NFS/ttao/scannet/posed_images/scene0225_00/00306.jpg",
      "transform_matrix": [
        [
          0.74346,
          -0.47713,
          0.46863,
          4.335258
        ],
        [
          -0.668706,
          -0.519871,
          0.53157,
          8.096782
        ],
        [
          -0.010001,
          -0.708577,
          -0.705563,
          1.364726
        ],
        [
          0.0,
          0.0,
          0.0,
          1.0
        ]
      ]
    },
    {
      "file_path": "/media/NFS/ttao/scannet/posed_images/scene0225_00/00310.jpg",
      "transform_matrix": [
        [
          0.802513,
          -0.415205,
          0.42846,
          4.406053
        ],
        [
          -0.596377,
          -0.579358,
          0.555589,
          8.014956
        ],
        [
          0.017548,
          -0.701391,
          -0.712561,
          1.374777
        ],
        [
          0.0,
          0.0,
          0.0,
          1.0
        ]
      ]
    },
    {
      "file_path": "/media/NFS/ttao/scannet/posed_images/scene0225_00/00314.jpg",
      "transform_matrix": [
        [
          0.84775,
          -0.368039,
          0.381927,
          4.480573
        ],
        [
          -0.529831,
          -0.62086,
          0.577765,
          7.938474
        ],
        [
          0.024483,
          -0.692157,
          -0.721332,
          1.39715
        ],
        [
          0.0,
          0.0,
          0.0,
          1.0
        ]
      ]
    },
    {
      "file_path": "/media/NFS/ttao/scannet/posed_images/scene0225_00/00316.jpg",
      "transform_matrix": [
        [
          0.863297,
          -0.353992,
          0.359733,
          4.518444
        ],
        [
          -0.504456,
          -0.627199,
          0.593419,
          7.905023
        ],
        [
          0.015559,
          -0.693766,
          -0.720032,
          1.409939
        ],
        [
          0.0,
          0.0,
          0.0,
          1.0
        ]
      ]
    },
    {
      "file_path": "/media/NFS/ttao/scannet/posed_images/scene0225_00/00323.jpg",
      "transform_matrix": [
        [
          0.908528,
          -0.270949,
          0.318061,
          4.67546
        ],
        [
          -0.416915,
          -0.638039,
          0.64737,
          7.796539
        ],
        [
          0.027531,
          -0.720758,
          -0.692639,
          1.424886
        ],
        [
          0.0,
          0.0,
          0.0,
          1.0
        ]
      ]
    },
    {
      "file_path": "/media/NFS/ttao/scannet/posed_images/scene0225_00/00325.jpg",
      "transform_matrix": [
        [
          0.923996,
          -0.235127,
          0.301574,
          4.722262
        ],
        [
          -0.380213,
          -0.64915,
          0.658819,
          7.770509
        ],
        [
          0.04086,
          -0.723408,
          -0.68921,
          1.421975
        ],
        [
          0.0,
          0.0,
          0.0,
          1.0
        ]
      ]
    },
    {
      "file_path": "/media/NFS/ttao/scannet/posed_images/scene0225_00/00332.jpg",
      "transform_matrix": [
        [
          0.950717,
          -0.136108,
          0.27859,
          4.905924
        ],
        [
          -0.292785,
          -0.689813,
          0.662145,
          7.688047
        ],
        [
          0.102052,
          -0.711079,
          -0.695667,
          1.426816
        ],
        [
          0.0,
          0.0,
          0.0,
          1.0
        ]
      ]
    },
    {
      "file_path": "/media/NFS/ttao/scannet/posed_images/scene0225_00/00338.jpg",
      "transform_matrix": [
        [
          0.96702,
          -0.109648,
          0.229891,
          5.0382
        ],
        [
          -0.241213,
          -0.684075,
          0.688374,
          7.626014
        ],
        [
          0.081784,
          -0.721124,
          -0.687962,
          1.451955
        ],
        [
          0.0,
          0.0,
          0.0,
          1.0
        ]
      ]
    },
    {
      "file_path": "/media/NFS/ttao/scannet/posed_images/scene0225_00/00339.jpg",
      "transform_matrix": [
        [
          0.970104,
          -0.099684,
          0.221273,
          5.058169
        ],
        [
          -0.228454,
          -0.682767,
          0.694001,
          7.616929
        ],
        [
          0.081897,
          -0.723804,
          -0.685128,
          1.456251
        ],
        [
          0.0,
          0.0,
          0.0,
          1.0
        ]
      ]
    },
    {
      "file_path": "/media/NFS/ttao/scannet/posed_images/scene0225_00/00348.jpg",
      "transform_matrix": [
        [
          0.988867,
          0.033824,
          0.144907,
          5.197496
        ],
        [
          -0.104111,
          -0.538505,
          0.836166,
          7.502066
        ],
        [
          0.106316,
          -0.841943,
          -0.528989,
          1.519836
        ],
        [
          0.0,
          0.0,
          0.0,
          1.0
        ]
      ]
    },
    {
      "file_path": "/media/NFS/ttao/scannet/posed_images/scene0225_00/00352.jpg",
      "transform_matrix": [
        [
          0.992765,
          0.04092,
          0.112888,
          5.251078
        ],
        [
          -0.078222,
          -0.49289,
          0.866568,
          7.457755
        ],
        [
          0.091101,
          -0.869129,
          -0.486123,
          1.529562
        ],
        [
          0.0,
          0.0,
          0.0,
          1.0
        ]
      ]
    },
    {
      "file_path": "/media/NFS/ttao/scannet/posed_images/scene0225_00/00354.jpg",
      "transform_matrix": [
        [
          0.994053,
          0.032666,
          0.103883,
          5.269663
        ],
        [
          -0.07522,
          -0.483836,
          0.87192,
          7.449947
        ],
        [
