{
  "frames": [
    {
      "file_path": "/media/NFS/ttao/scannet/posed_images/scene0240_00/00000.jpg",
      "transform_matrix": [
        [
          -0.420746,
          0.553685,
          -0.718614,
          2.172626
        ],
        [
          0.905273,
          0.204941,
          -0.372129,
          1.354359
        ],
        [
          -0.058768,
          -0.807113,
          -0.587465,
          1.325189
        ],
        [
          0.0,
          0.0,
          0.0,
          1.0
        ]
      ]
    },
    {
      "file_path": "/media/NFS/ttao/scannet/posed_images/scene0240_00/00003.jpg",
      "transform_matrix": [
        [
          -0.420466,
          0.555165,
          -0.717635,
          2.171807
        ],
        [
          0.905466,
          0.206374,
          -0.370866,
          1.353766
        ],
        [
          -0.05779,
          -0.805731,
          -0.589456,
          1.324507
        ],
        [
          0.0,
          0.0,
          0.0,
          1.0
        ]
      ]
    },
    {
      "file_path": "/media/NFS/ttao/scannet/posed_images/scene0240_00/00006.jpg",
      "transform_matrix": [
        [
          -0.421559,
          0.554585,
          -0.717443,
          2.172649
        ],
        [
          0.905067,
          0.208416,
          -0.370698,
          1.352663
        ],
        [
          -0.056057,
          -0.805604,
          -0.589796,
          1.323137
        ],
        [
          0.0,
          0.0,
          0.0,
          1.0
        ]
      ]
    },
    {
      "file_path": "/media/NFS/ttao/scannet/posed_images/scene0240_00/00009.jpg",
      "transform_matrix": [
        [
          -0.425695,
          0.551929,
          -0.717048,
          2.174652
        ],
        [
          0.903173,
          0.210707,
          -0.374007,
          1.350511
        ],
        [
          -0.055338,
          -0.806832,
          -0.588184,
          1.323158
        ],
        [
          0.0,
          0.0,
          0.0,
          1.0
        ]
      ]
    },
    {
      "file_path": "/media/NFS/ttao/scannet/posed_images/scene0240_00/00013.jpg",
      "transform_matrix": [
        [
          -0.436569,
          0.538849,
          -0.720451,
          2.178308
        ],
        [
          0.898297,
          0.216843,
          -0.382154,
          1.346998
        ],
        [
          -0.049699,
          -0.814016,
          -0.578713,
          1.323458
        ],
        [
          0.0,
          0.0,
          0.0,
          1.0
        ]
      ]
    },
    {
      "file_path": "/media/NFS/ttao/scannet/posed_images/scene0240_00/00017.jpg",
      "transform_matrix": [
        [
          -0.450714,
          0.512116,
          -0.731159,
          2.183805
        ],
        [
          0.892225,
          0.232639,
          -0.387057,
          1.342005
        ],
        [
          -0.028122,
          -0.826811,
          -0.561777,
          1.330764
        ],
        [
          0.0,
          0.0,
          0.0,
          1.0
        ]
      ]
    },
    {
      "file_path": "/media/NFS/ttao/scannet/posed_images/scene0240_00/00020.jpg",
      "transform_matrix": [
        [
          -0.461659,
          0.487831,
          -0.740872,
          2.187745
        ],
        [
          0.886924,
          0.239365,
          -0.395057,
          1.341177
        ],
        [
          -0.015383,
          -0.839479,
          -0.543175,
          1.335776
        ],
        [
          0.0,
          0.0,
          0.0,
          1.0
        ]
      ]
    },
    {
      "file_path": "/media/NFS/ttao/scannet/posed_images/scene0240_00/00026.jpg",
      "transform_matrix": [
        [
          -0.468822,
          0.448783,
          -0.760789,
          2.191505
        ],
        [
          0.88326,
          0.230799,
          -0.408146,
          1.336835
        ],
        [
          -0.00758,
          -0.863323,
          -0.504596,
          1.352931
        ],
        [
          0.0,
          0.0,
          0.0,
          1.0
        ]
      ]
    },
    {
      "file_path": "/media/NFS/ttao/scannet/posed_images/scene0240_00/00029.jpg",
      "transform_matrix": [
        [
          -0.467923,
          0.428125,
          -0.773147,
          2.193597
        ],
        [
          0.883756,
          0.221912,
          -0.411984,
          1.335797
        ],
        [
          -0.00481,
          -0.87605,
          -0.482196,
          1.362591
        ],
        [
          0.0,
          0.0,
          0.0,
          1.0
        ]
      ]
    },
    {
      "file_path": "/media/NFS/ttao/scannet/posed_images/scene0240_00/00033.jpg",
      "transform_matrix": [
        [
          -0.476364,
          0.401352,
          -0.782301,
          2.193225
        ],
        [
          0.879247,
          0.219141,
          -0.422969,
          1.338566
        ],
        [
          0.001675,
          -0.889322,
          -0.457278,
          1.37528
        ],
        [
          0.0,
          0.0,
          0.0,
          1.0
        ]
      ]
    },
    {
      "file_path": "/media/NFS/ttao/scannet/posed_images/scene0240_00/00034.jpg",
      "transform_matrix": [
        [
          -0.476568,
          0.395545,
          -0.785128,
          2.193797
        ],
        [
          0.879135,
          0.216578,
          -0.424518,
          1.338637
        ],
        [
          0.002125,
          -0.892546,
          -0.450952,
          1.377136
        ],
        [
          0.0,
          0.0,
          0.0,
          1.0
        ]
      ]
    },
    {
      "file_path": "/media/NFS/ttao/scannet/posed_images/scene0240_00/00038.jpg",
      "transform_matrix": [
        [
          -0.481122,
          0.362414,
          -0.798234,
          2.195603
        ],
        [
          0.876616,
          0.207341,
          -0.434228,
          1.339931
        ],
        [
          0.008136,
          -0.908661,
          -0.417455,
          1.38499
        ],
        [
          0.0,
          0.0,
          0.0,
          1.0
        ]
      ]
    },
    {
      "file_path": "/media/NFS/ttao/scannet/posed_images/scene0240_00/00040.jpg",
      "transform_matrix": [
        [
          -0.48381,
          0.348809,
          -0.802658,
          2.191302
        ],
        [
          0.875136,
          0.201298,
          -0.440019,
          1.342554
        ],
        [
          0.008091,
          -0.91532,
          -0.402646,
          1.393955
        ],
        [
          0.0,
          0.0,
          0.0,
          1.0
        ]
      ]
    },
    {
      "file_path": "/media/NFS/ttao/scannet/posed_images/scene0240_00/00047.jpg",
      "transform_matrix": [
        [
          -0.488815,
          0.289373,
          -0.822996,
          2.193514
        ],
        [
          0.87237,
          0.156153,
          -0.463235,
          1.34157
        ],
        [
          -0.005535,
          -0.944394,
          -0.32877,
          1.419359
        ],
        [
          0.0,
          0.0,
          0.0,
          1.0
        ]
      ]
    },
    {
      "file_path": "/media/NFS/ttao/scannet/posed_images/scene0240_00/00050.jpg",
      "transform_matrix": [
        [
          -0.491443,
          0.262255,
          -0.830485,
          2.191179
        ],
        [
          0.870853,
          0.158856,
          -0.465167,
          1.344537
        ],
        [
          0.009935,
          -0.951834,
          -0.306454,
          1.43165
        ],
        [
          0.0,
          0.0,
          0.0,
          1.0
        ]
      ]
    },
    {
      "file_path": "/media/NFS/ttao/scannet/posed_images/scene0240_00/00051.jpg",
      "transform_matrix": [
        [
          -0.490827,
          0.254615,
          -0.833223,
          2.191832
        ],
        [
          0.871151,
          0.158351,
          -0.464781,
          1.34309
        ],
        [
          0.013601,
          -0.95399,
          -0.299531,
          1.434756
        ],
        [
          0.0,
          0.0,
          0.0,
          1.0
        ]
      ]
    },
    {
      "file_path": "/media/NFS/ttao/scannet/posed_images/scene0240_00/00057.jpg",
      "transform_matrix": [
        [
          -0.491579,
          0.210176,
          -0.84509,
          2.192689
        ],
        [
          0.870766,
          0.130715,
          -0.474005,
          1.341569
        ],
        [
          0.010841,
          -0.968886,
          -0.247271,
          1.459208
        ],
        [
          0.0,
          0.0,
          0.0,
          1.0
        ]
      ]
    },
    {
      "file_path": "/media/NFS/ttao/scannet/posed_images/scene0240_00/00058.jpg",
      "transform_matrix": [
        [
          -0.490871,
          0.202037,
          -0.847483,
          2.192841
        ],
        [
          0.871159,
          0.126444,
          -0.474441,
          1.341828
        ],
        [
          0.011305,
          -0.971181,
          -0.238074,
          1.463045
        ],
        [
          0.0,
          0.0,
          0.0,
          1.0
        ]
      ]
    },
    {
      "file_path": "/media/NFS/ttao/scannet/posed_images/scene0240_00/00061.jpg",
      "transform_matrix": [
        [
          -0.489283,
          0.17769,
          -0.853832,
          2.190671
        ],
        [
          0.872065,
          0.111148,
          -0.476601,
          1.347527
        ],
        [
          0.010214,
          -0.97779,
          -0.20934,
          1.476418
        ],
        [
          0.0,
          0.0,
          0.0,
          1.0
        ]
      ]
    },
    {
      "file_path": "/media/NFS/ttao/scannet/posed_images/scene0240_00/00067.jpg",
      "transform_matrix": [
        [
          -0.465305,
          0.11836,
          -0.877201,
          2.198105
        ],
        [
          0.885125,
          0.069686,
          -0.460105,
          1.352696
        ],
        [
          0.006671,
          -0.990523,
          -0.137189,
          1.4996
        ],
        [
          0.0,
          0.0,
          0.0,
          1.0
        ]
      ]
    },
    {
      "file_path": "/media/NFS/ttao/scannet/posed_images/scene0240_00/00069.jpg",
      "transform_matrix": [
        [
          -0.466174,
          0.099803,
          -0.879046,
          2.200089
        ],
        [
          0.884689,
          0.055757,
          -0.462836,
          1.354995
        ],
        [
          0.00282,
          -0.993444,
          -0.114287,
          1.506945
        ],
        [
          0.0,
          0.0,
          0.0,
          1.0
        ]
      ]
    },
    {
      "file_path": "/media/NFS/ttao/scannet/posed_images/scene0240_00/00075.jpg",
      "transform_matrix": [
        [
          -0.479666,
          0.053526,
          -0.875817,
          2.201536
        ],
        [
          0.877448,
          0.026666,
          -0.47893,
          1.362951
        ],
        [
          -0.002281,
          -0.99821,
          -0.059757,
          1.53981
        ],
        [
          0.0,
          0.0,
          0.0,
          1.0
        ]
      ]
    },
    {
      "file_path": "/media/NFS/ttao/scannet/posed_images/scene0240_00/00077.jpg",
      "transform_matrix": [
        [
          -0.481536,
          0.045854,
          -0.875226,
          2.20055
        ],
        [
          0.876418,
          0.020898,
          -0.481098,
          1.363403
        ],
        [
          -0.00377,
          -0.99873,
          -0.050251,
          1.54502
        ],
        [
          0.0,
          0.0,
          0.0,
          1.0
        ]
      ]
    },
    {
      "file_path": "/media/NFS/ttao/scannet/posed_images/scene0240_00/00079.jpg",
      "transform_matrix": [
        [
          -0.481277,
          0.041213,
          -0.875599,
          2.201038
        ],
        [
          0.876532,
          0.013541,
          -0.481153,
          1.363763
        ],
        [
          -0.007973,
          -0.999059,
          -0.042642,
          1.551439
        ],
        [
          0.0,
          0.0,
          0.0,
          1.0
        ]
      ]
    },
    {
      "file_path": "/media/NFS/ttao/scannet/posed_images/scene0240_00/00085.jpg",
      "transform_matrix": [
        [
          -0.496338,
          0.009723,
          -0.868075,
          2.202936
        ],
        [
          0.867983,
          -0.01281,
          -0.496429,
          1.37114
        ],
        [
          -0.015947,
          -0.999871,
          -0.002081,
          1.571125
        ],
        [
          0.0,
          0.0,
          0.0,
          1.0
        ]
      ]
    },
    {
      "file_path": "/media/NFS/ttao/scannet/posed_images/scene0240_00/00087.jpg",
      "transform_matrix": [
        [
          -0.496646,
          0.004838,
          -0.86794,
          2.20573
        ],
        [
          0.867765,
          -0.018074,
          -0.496646,
          1.371385
        ],
        [
          -0.01809,
          -0.999825,
          0.004778,
          1.574339
        ],
        [
          0.0,
          0.0,
          0.0,
          1.0
        ]
      ]
    },
    {
      "file_path": "/media/NFS/ttao/scannet/posed_images/scene0240_00/00089.jpg",
      "transform_matrix": [
        [
          -0.494604,
          0.001581,
          -0.869117,
          2.207381
        ],
        [
          0.86886,
          -0.023486,
          -0.4945,
          1.372078
        ],
        [
          -0.021194,
          -0.999723,
          0.010242,
          1.58388
        ],
        [
          0.0,
          0.0,
          0.0,
          1.0
        ]
      ]
    },
    {
      "file_path": "/media/NFS/ttao/scannet/posed_images/scene0240_00/00094.jpg",
      "transform_matrix": [
        [
          -0.501485,
          -0.033356,
          -0.864523,
          2.21663
        ],
        [
          0.864825,
          -0.047397,
          -0.499831,
          1.375671
        ],
        [
          -0.024303,
          -0.998319,
          0.052616,
          1.587964
        ],
        [
          0.0,
          0.0,
          0.0,
          1.0
        ]
      ]
    },
    {
      "file_path": "/media/NFS/ttao/scannet/posed_images/scene0240_00/00097.jpg",
      "transform_matrix": [
        [
          -0.516221,
          -0.045619,
          -0.85524,
          2.217483
        ],
        [
          0.856056,
          -0.057975,
          -0.513621,
          1.376792
        ],
        [
          -0.026152,
          -0.997275,
          0.06898,
          1.594202
        ],
        [
          0.0,
          0.0,
          0.0,
          1.0
        ]
      ]
    },
    {
      "file_path": "/media/NFS/ttao/scannet/posed_images/scene0240_00/00102.jpg",
      "transform_matrix": [
        [
          -0.492033,
          -0.081057,
          -0.866795,
          2.219803
        ],
        [
          0.87031,
          -0.070402,
          -0.487446,
          1.380295
        ],
        [
          -0.021513,
          -0.99422,
          0.105185,
          1.612819
        ],
        [
          0.0,
          0.0,
          0.0,
          1.0
        ]
      ]
    },
    {
      "file_path": "/media/NFS/ttao/scannet/posed_images/scene0240_00/00106.jpg",
      "transform_matrix": [
        [
          -0.449393,
          -0.083891,
          -0.889387,
          2.222095
        ],
        [
          0.893012,
          -0.068921,
          -0.444724,
          1.382728
        ],
        [
          -0.023989,
          -0.994089,
          0.105888,
          1.614712
        ],
        [
          0.0,
          0.0,
          0.0,
          1.0
        ]
      ]
    },
    {
      "file_path": "/media/NFS/ttao/scannet/posed_images/scene0240_00/00107.jpg",
      "transform_matrix": [
        [
          -0.442248,
          -0.087453,
          -0.892619,
          2.220124
        ],
        [
          0.896537,
          -0.07115,
          -0.437219,
          1.384127
        ],
        [
          -0.025274,
          -0.993625,
          0.109871,
          1.609693
        ],
        [
          0.0,
          0.0,
          0.0,
          1.0
        ]
      ]
    },
    {
      "file_path": "/media/NFS/ttao/scannet/posed_images/scene0240_00/00112.jpg",
      "transform_matrix": [
        [
          -0.410216,
          -0.104493,
          -0.905983,
          2.220626
        ],
        [
          0.911683,
          -0.072714,
          -0.40441,
          1.391959
        ],
        [
          -0.02362,
          -0.991864,
          0.125093,
          1.611581
        ],
        [
          0.0,
          0.0,
          0.0,
          1.0
        ]
      ]
    },
    {
      "file_path": "/media/NFS/ttao/scannet/posed_images/scene0240_00/00113.jpg",
      "transform_matrix": [
        [
          -0.400631,
          -0.103666,
          -0.910356,
          2.219293
        ],
        [
          0.915995,
          -0.068287,
          -0.395336,
          1.392684
        ],
        [
          -0.021183,
          -0.992265,
          0.122315,
          1.615543
        ],
        [
          0.0,
          0.0,
          0.0,
          1.0
        ]
      ]
    },
    {
      "file_path": "/media/NFS/ttao/scannet/posed_images/scene0240_00/00118.jpg",
      "transform_matrix": [
        [
          -0.33387,
          -0.114393,
          -0.935652,
          2.213572
        ],
        [
          0.942618,
          -0.04225,
          -0.33119,
          1.402589
        ],
        [
          -0.001646,
          -0.992537,
          0.121935,
          1.607515
        ],
        [
          0.0,
          0.0,
          0.0,
          1.0
        ]
      ]
    },
    {
      "file_path": "/media/NFS/ttao/scannet/posed_images/scene0240_00/00122.jpg",
      "transform_matrix": [
        [
          -0.276862,
          -0.113123,
          -0.954228,
          2.209871
        ],
        [
          0.960908,
          -0.030779,
          -0.275152,
          1.413286
        ],
        [
          0.001756,
          -0.993104,
          0.117223,
          1.603882
        ],
        [
          0.0,
          0.0,
          0.0,
          1.0
        ]
      ]
    },
    {
      "file_path": "/media/NFS/ttao/scannet/posed_images/scene0240_00/00124.jpg",
      "transform_matrix": [
        [
          -0.251747,
          -0.113701,
          -0.961091,
          2.207936
        ],
        [
          0.967792,
          -0.028085,
          -0.25018,
          1.419639
        ],
        [
          0.001454,
          -0.993118,
          0.11711,
          1.600535
        ],
        [
          0.0,
          0.0,
          0.0,
          1.0
        ]
      ]
    },
    {
      "file_path": "/media/NFS/ttao/scannet/posed_images/scene0240_00/00128.jpg",
      "transform_matrix": [
        [
          -0.195042,
          -0.110707,
          -0.974527,
          2.205718
        ],
        [
          0.980793,
          -0.024154,
          -0.193552,
          1.424583
        ],
        [
          -0.002111,
          -0.993559,
          0.113291,
          1.599176
        ],
        [
          0.0,
          0.0,
          0.0,
          1.0
        ]
      ]
    },
    {
      "file_path": "/media/NFS/ttao/scannet/posed_images/scene0240_00/00133.jpg",
      "transform_matrix": [
        [
          -0.125668,
          -0.09989,
          -0.98703,
          2.201012
        ],
        [
          0.992023,
          -0.002757,
          -0.126025,
          1.437499
        ],
        [
          0.009867,
          -0.994995,
          0.09944,
          1.59761
        ],
        [
          0.0,
          0.0,
          0.0,
          1.0
        ]
      ]
    },
    {
      "file_path": "/media/NFS/ttao/scannet/posed_images/scene0240_00/00134.jpg",
      "transform_matrix": [
        [
          -0.106805,
          -0.1002,
          -0.989218,
          2.201693
        ],
        [
          0.994233,
          -0.00112,
          -0.107233,
          1.436176
        ],
        [
          0.009637,
          -0.994967,
          0.099742,
          1.597125
        ],
        [
          0.0,
          0.0,
          0.0,
          1.0
        ]
      ]
    },
    {
      "file_path": "/media/NFS/ttao/scannet/posed_images/scene0240_00/00138.jpg",
      "transform_matrix": [
        [
          -0.030034,
          -0.096748,
          -0.994856,
          2.204029
        ],
        [
          0.999545,
          -0.005846,
          -0.029607,
          1.436024
        ],
        [
          -0.002952,
          -0.995292,
          0.096879,
          1.60869
        ],
        [
          0.0,
          0.0,
          0.0,
          1.0
        ]
      ]
    },
    {
      "file_path": "/media/NFS/ttao/scannet/posed_images/scene0240_00/00141.jpg",
      "transform_matrix": [
        [
          0.007603,
          -0.094575,
          -0.995489,
          2.206928
        ],
        [
          0.999922,
          -0.009209,
          0.008512,
          1.467883
        ],
        [
          -0.009972,
          -0.995475,
          0.094497,
          1.618084
        ],
        [
          0.0,
          0.0,
          0.0,
          1.0
        ]
      ]
    },
    {
      "file_path": "/media/NFS/ttao/scannet/posed_images/scene0240_00/00144.jpg",
      "transform_matrix": [
        [
          0.056347,
          -0.093968,
          -0.993979,
          2.208468
        ],
        [
          0.998325,
          -0.007774,
          0.057328,
          1.45342
        ],
        [
          -0.013114,
          -0.995545,
          0.093372,
          1.623035
        ],
        [
          0.0,
          0.0,
          0.0,
          1.0
        ]
      ]
    },
    {
      "file_path": "/media/NFS/ttao/scannet/posed_images/scene0240_00/00149.jpg",
      "transform_matrix": [
        [
          0.156915,
          -0.07743,
          -0.984572,
          2.209252
        ],
        [
          0.98747,
          -0.004618,
          0.15774,
          1.428909
        ],
        [
          -0.01676,
          -0.996987,
          0.075735,
          1.626027
        ],
        [
          0.0,
          0.0,
          0.0,
          1.0
        ]
      ]
    },
    {
      "file_path": "/media/NFS/ttao/scannet/posed_images/scene0240_00/00152.jpg",
      "transform_matrix": [
        [
          0.185768,
          -0.072548,
          -0.979912,
          2.209144
        ],
        [
          0.982189,
          -0.014901,
          0.187303,
          1.43098
        ],
        [
          -0.02819,
          -0.997254,
          0.068487,
          1.61691
        ],
        [
          0.0,
          0.0,
          0.0,
          1.0
        ]
      ]
    },
    {
      "file_path": "/media/NFS/ttao/scannet/posed_images/scene0240_00/00157.jpg",
      "transform_matrix": [
        [
          0.243809,
          -0.053895,
          -0.968325,
          2.213023
        ],
        [
          0.96904,
          -0.026577,
          0.245468,
          1.408204
        ],
        [
          -0.038965,
          -0.998193,
          0.045746,
          1.607042
        ],
        [
          0.0,
          0.0,
          0.0,
          1.0
        ]
      ]
    },
    {
      "file_path": "/media/NFS/ttao/scannet/posed_images/scene0240_00/00159.jpg",
      "transform_matrix": [
        [
          0.260631,
          -0.044235,
          -0.964425,
          2.215984
        ],
        [
          0.964667,
          -0.028003,
          0.26198,
          1.404399
        ],
        [
          -0.038595,
          -0.998629,
          0.035373,
          1.603094
        ],
        [
          0.0,
          0.0,
          0.0,
          1.0
        ]
      ]
    },
    {
      "file_path": "/media/NFS/ttao/scannet/posed_images/scene0240_00/00164.jpg",
      "transform_matrix": [
        [
          0.304756,
          0.006338,
          -0.952409,
          2.215109
        ],
        [
          0.952013,
          -0.031618,
          0.304419,
          1.383686
        ],
        [
          -0.028184,
          -0.99948,
          -0.01567,
          1.588465
        ],
        [
          0.0,
          0.0,
          0.0,
          1.0
        ]
      ]
    },
    {
      "file_path": "/media/NFS/ttao/scannet/posed_images/scene0240_00/00167.jpg",
      "transform_matrix": [
        [
          0.323179,
          0.035894,
          -0.945657,
          2.216351
        ],
        [
          0.94591,
          -0.042285,
          0.32166,
          1.374879
        ],
        [
          -0.028441,
          -0.998461,
          -0.047618,
          1.577171
        ],
        [
          0.0,
          0.0,
          0.0,
          1.0
        ]
      ]
    },
    {
      "file_path": "/media/NFS/ttao/scannet/posed_images/scene0240_00/00169.jpg",
      "transform_matrix": [
        [
          0.319651,
          0.049579,
          -0.946237,
          2.216958
        ],
        [
          0.94702,
          -0.049645,
          0.317314,
          1.374137
        ],
        [
          -0.031244,
          -0.997536,
          -0.062821,
          1.565304
        ],
        [
          0.0,
          0.0,
          0.0,
          1.0
        ]
      ]
    },
    {
      "file_path": "/media/NFS/ttao/scannet/posed_images/scene0240_00/00174.jpg",
      "transform_matrix": [
        [
          0.29433,
          0.104461,
          -0.949978,
          2.229374
        ],
        [
          0.955007,
          -0.070087,
          0.288182,
          1.374104
        ],
        [
          -0.036478,
          -0.992056,
          -0.12039,
          1.562967
        ],
        [
          0.0,
          0.0,
          0.0,
          1.0
        ]
      ]
    },
    {
      "file_path": "/media/NFS/ttao/scannet/posed_images/scene0240_00/00175.jpg",
      "transform_matrix": [
        [
          0.295431,
          0.115322,
          -0.948378,
          2.232308
        ],
        [
          0.954792,
          -0.069974,
          0.28892,
          1.371689
        ],
        [
          -0.033043,
          -0.99086,
          -0.130781,
          1.560151
        ],
        [
          0.0,
          0.0,
          0.0,
          1.0
        ]
      ]
    },
    {
      "file_path": "/media/NFS/ttao/scannet/posed_images/scene0240_00/00181.jpg",
      "transform_matrix": [
        [
          0.280544,
          0.199609,
          -0.938856,
          2.249605
        ],
        [
          0.959608,
          -0.079904,
          0.269757,
          1.340606
        ],
        [
          -0.021172,
          -0.976612,
          -0.213963,
          1.515914
        ],
        [
          0.0,
          0.0,
          0.0,
          1.0
        ]
      ]
    },
    {
      "file_path": "/media/NFS/ttao/scannet/posed_images/scene0240_00/00185.jpg",
      "transform_matrix": [
        [
          0.256956,
          0.248745,
          -0.933863,
          2.25843
        ],
        [
          0.966319,
          -0.080349,
          0.244485,
          1.331935
        ],
        [
          -0.014221,
          -0.965231,
          -0.261013,
          1.499718
        ],
        [
          0.0,
          0.0,
          0.0,
          1.0
        ]
      ]
    },
    {
      "file_path": "/media/NFS/ttao/scannet/posed_images/scene0240_00/00186.jpg",
      "transform_matrix": [
        [
          0.251323,
          0.258757,
          -0.932674,
          2.261196
        ],
        [
          0.967808,
          -0.080741,
          0.23839,
          1.331087
        ],
        [
          -0.01362,
          -0.962562,
          -0.270719,
          1.493457
        ],
        [
          0.0,
          0.0,
          0.0,
          1.0
        ]
      ]
    },
    {
      "file_path": "/media/NFS/ttao/scannet/posed_images/scene0240_00/00190.jpg",
      "transform_matrix": [
        [
          0.229347,
          0.305441,
          -0.924178,
          2.270984
        ],
        [
          0.973027,
          -0.096193,
          0.209678,
          1.327245
        ],
        [
          -0.024855,
          -0.94734,
          -0.319264,
          1.454549
        ],
        [
          0.0,
          0.0,
          0.0,
          1.0
        ]
      ]
    },
    {
      "file_path": "/media/NFS/ttao/scannet/posed_images/scene0240_00/00195.jpg",
      "transform_matrix": [
        [
          0.197365,
          0.369087,
          -0.908197,
          2.282263
        ],
        [
          0.980233,
          -0.08734,
          0.177525,
          1.314254
        ],
        [
          -0.0138,
          -0.925282,
          -0.379029,
          1.422204
        ],
        [
          0.0,
          0.0,
          0.0,
          1.0
        ]
      ]
    },
    {
      "file_path": "/media/NFS/ttao/scannet/posed_images/scene0240_00/00196.jpg",
      "transform_matrix": [
        [
          0.192666,
          0.383986,
          -0.903014,
          2.28291
        ],
        [
          0.981229,
          -0.083188,
          0.173979,
          1.310668
        ],
        [
          -0.008315,
          -0.919584,
          -0.392806,
          1.420449
        ],
        [
          0.0,
          0.0,
          0.0,
          1.0
        ]
      ]
    },
    {
      "file_path": "/media/NFS/ttao/scannet/posed_images/scene0240_00/00201.jpg",
      "transform_matrix": [
        [
          0.164946,
          0.436355,
          -0.884526,
          2.297021
        ],
        [
          0.985838,
          -0.100466,
          0.134277,
          1.291255
        ],
        [
          -0.030273,
          -0.894148,
          -0.446747,
          1.373566
        ],
        [
          0.0,
          0.0,
          0.0,
          1.0
        ]
      ]
    },
    {
      "file_path": "/media/NFS/ttao/scannet/posed_images/scene0240_00/00206.jpg",
      "transform_matrix": [
        [
          0.123488,
          0.470706,
          -0.873605,
          2.310351
        ],
        [
          0.991799,
          -0.087778,
          0.092899,
          1.277071
        ],
        [
          -0.032955,
          -0.877913,
          -0.477686,
          1.35681
        ],
        [
          0.0,
          0.0,
          0.0,
          1.0
        ]
      ]
    },
    {
      "file_path": "/media/NFS/ttao/scannet/posed_images/scene0240_00/00208.jpg",
      "transform_matrix": [
        [
          0.102425,
          0.476405,
          -0.873239,
          2.312845
        ],
        [
          0.994345,
          -0.07379,
          0.076373,
          1.269408
        ],
        [
          -0.028052,
          -0.876124,
          -0.481269,
          1.357493
        ],
        [
          0.0,
          0.0,
          0.0,
          1.0
        ]
      ]
    },
    {
      "file_path": "/media/NFS/ttao/scannet/posed_images/scene0240_00/00211.jpg",
      "transform_matrix": [
        [
          0.071222,
          0.48434,
          -0.871976,
          2.310215
        ],
        [
          0.99715,
          -0.056402,
          0.050117,
          1.235771
        ],
        [
          -0.024908,
          -0.87306,
          -0.486977,
          1.370186
        ],
        [
          0.0,
          0.0,
          0.0,
          1.0
        ]
      ]
    },
    {
      "file_path": "/media/NFS/ttao/scannet/posed_images/scene0240_00/00216.jpg",
      "transform_matrix": [
        [
          -0.018414,
          0.485904,
          -0.873818,
          2.321159
        ],
        [
          0.999577,
          -0.010742,
          -0.027038,
          1.220608
        ],
        [
          -0.022525,
          -0.873946,
          -0.4855,
          1.358533
        ],
        [
          0.0,
          0.0,
          0.0,
          1.0
        ]
      ]
    },
    {
      "file_path": "/media/NFS/ttao/scannet/posed_images/scene0240_00/00220.jpg",
      "transform_matrix": [
        [
          -0.063897,
          0.490118,
          -0.869311,
          2.324213
        ],
        [
          0.997848,
          0.018504,
          -0.062913,
          1.191103
        ],
        [
          -0.014749,
          -0.871459,
          -0.490246,
          1.359797
        ],
        [
          0.0,
          0.0,
          0.0,
          1.0
        ]
      ]
    },
    {
      "file_path": "/media/NFS/ttao/scannet/posed_images/scene0240_00/00223.jpg",
      "transform_matrix": [
        [
          -0.090751,
          0.48556,
          -0.86948,
          2.326764
        ],
        [
          0.995738,
          0.029836,
          -0.087268,
          1.184393
        ],
        [
          -0.016433,
          -0.873694,
          -0.486199,
          1.361727
        ],
        [
          0.0,
          0.0,
          0.0,
          1.0
        ]
      ]
    },
    {
      "file_path": "/media/NFS/ttao/scannet/posed_images/scene0240_00/00226.jpg",
      "transform_matrix": [
        [
          -0.100944,
          0.479776,
          -0.871565,
          2.327681
        ],
        [
          0.994601,
          0.027456,
          -0.100081,
          1.18212
        ],
        [
          -0.024087,
          -0.876961,
          -0.479957,
          1.363289
        ],
        [
          0.0,
          0.0,
          0.0,
          1.0
        ]
      ]
    },
    {
      "file_path": "/media/NFS/ttao/scannet/posed_images/scene0240_00/00228.jpg",
      "transform_matrix": [
        [
          -0.103269,
          0.477915,
          -0.872314,
          2.327406
        ],
        [
          0.994358,
          0.028217,
          -0.102258,
          1.182874
        ],
        [
          -0.024257,
          -0.877953,
          -0.478132,
          1.363856
        ],
        [
          0.0,
          0.0,
          0.0,
          1.0
        ]
      ]
    },
    {
      "file_path": "/media/NFS/ttao/scannet/posed_images/scene0240_00/00231.jpg",
      "transform_matrix": [
        [
          -0.101111,
          0.47696,
          -0.873089,
          2.326161
        ],
        [
          0.994583,
          0.0272,
          -0.100322,
          1.186377
        ],
        [
          -0.024101,
          -0.878504,
          -0.477127,
          1.362384
        ],
        [
          0.0,
          0.0,
          0.0,
          1.0
        ]
      ]
    },
    {
      "file_path": "/media/NFS/ttao/scannet/posed_images/scene0240_00/00235.jpg",
      "transform_matrix": [
        [
          -0.080154,
          0.478829,
          -0.874241,
          2.323163
        ],
        [
          0.996612,
          0.022294,
          -0.079163,
          1.194327
        ],
        [
          -0.018415,
          -0.877625,
          -0.478994,
          1.363517
        ],
        [
          0.0,
          0.0,
          0.0,
          1.0
        ]
      ]
    },
    {
      "file_path": "/media/NFS/ttao/scannet/posed_images/scene0240_00/00238.jpg",
      "transform_matrix": [
        [
          -0.041793,
          0.481659,
          -0.875361,
          2.320958
        ],
        [
          0.998984,
          0.005352,
          -0.044751,
          1.207832
        ],
        [
          -0.01687,
          -0.876342,
          -0.481394,
          1.365344
        ],
        [
          0.0,
          0.0,
          0.0,
          1.0
        ]
      ]
    },
    {
      "file_path": "/media/NFS/ttao/scannet/posed_images/scene0240_00/00244.jpg",
      "transform_matrix": [
        [
          0.080183,
          0.483166,
          -0.87185,
          2.322227
        ],
        [
          0.995889,
          -0.075813,
          0.049576,
          1.238211
        ],
        [
          -0.042144,
          -0.872241,
          -0.487258,
          1.359897
        ],
        [
          0.0,
          0.0,
          0.0,
          1.0
        ]
      ]
    },
    {
      "file_path": "/media/NFS/ttao/scannet/posed_images/scene0240_00/00245.jpg",
      "transform_matrix": [
        [
          0.098844,
          0.481454,
          -0.87088,
          2.323035
        ],
        [
          0.99434,
          -0.082062,
          0.06749,
          1.248208
        ],
        [
          -0.038973,
          -0.872621,
          -0.48684,
          1.359919
        ],
        [
          0.0,
          0.0,
          0.0,
          1.0
        ]
      ]
    },
    {
      "file_path": "/media/NFS/ttao/scannet/posed_images/scene0240_00/00251.jpg",
      "transform_matrix": [
        [
          0.256984,
          0.466555,
          -0.846336,
          2.349159
        ],
        [
          0.966357,
          -0.133732,
          0.219705,
          1.266127
        ],
        [
          -0.010677,
          -0.874324,
          -0.485226,
          1.326413
        ],
        [
          0.0,
          0.0,
          0.0,
          1.0
        ]
      ]
    },
    {
      "file_path": "/media/NFS/ttao/scannet/posed_images/scene0240_00/00252.jpg",
      "transform_matrix": [
        [
          0.277909,
          0.465637,
          -0.840208,
          2.350925
        ],
        [
          0.960567,
          -0.14273,
          0.238619,
          1.270544
        ],
        [
          -0.008813,
          -0.87339,
          -0.486941,
          1.325467
        ],
        [
          0.0,
          0.0,
          0.0,
          1.0
        ]
      ]
    },
    {
      "file_path": "/media/NFS/ttao/scannet/posed_images/scene0240_00/00257.jpg",
      "transform_matrix": [
        [
          0.353655,
          0.463123,
          -0.812678,
          2.359831
        ],
        [
          0.9352,
          -0.191932,
          0.297596,
          1.297442
        ],
        [
          -0.018155,
          -0.865263,
          -0.50099,
          1.320385
        ],
        [
          0.0,
          0.0,
          0.0,
          1.0
        ]
      ]
    },
    {
      "file_path": "/media/NFS/ttao/scannet/posed_images/scene0240_00/00258.jpg",
      "transform_matrix": [
        [
          0.366541,
          0.460052,
          -0.808702,
          2.359942
        ],
        [
          0.93023,
          -0.197916,
          0.309033,
          1.298067
        ],
        [
          -0.017884,
          -0.865553,
          -0.500498,
          1.317721
        ],
        [
          0.0,
          0.0,
          0.0,
          1.0
        ]
      ]
    },
    {
      "file_path": "/media/NFS/ttao/scannet/posed_images/scene0240_00/00264.jpg",
      "transform_matrix": [
        [
          0.449155,
          0.463551,
          -0.763793,
          2.349569
        ],
        [
          0.893364,
          -0.245167,
          0.376556,
          1.288838
        ],
        [
          -0.012704,
          -0.851477,
          -0.524238,
          1.315452
        ],
        [
          0.0,
          0.0,
          0.0,
          1.0
        ]
      ]
    },
    {
      "file_path": "/media/NFS/ttao/scannet/posed_images/scene0240_00/00266.jpg",
      "transform_matrix": [
        [
          0.481427,
          0.449338,
          -0.752544,
          2.342813
        ],
        [
          0.876274,
          -0.265621,
          0.401981,
          1.290532
        ],
        [
          -0.019266,
          -0.85296,
          -0.521621,
