{
  "frames": [
    {
      "file_path": "/media/NFS/ttao/scannet/posed_images/scene0666_02/00001.jpg",
      "transform_matrix": [
        [
          0.991995,
          -0.071622,
          0.104005,
          2.658463
        ],
        [
          -0.126277,
          -0.556701,
          0.821059,
          6.040484
        ],
        [
          -0.000906,
          -0.82762,
          -0.561288,
          1.286081
        ],
        [
          0.0,
          0.0,
          0.0,
          1.0
        ]
      ]
    },
    {
      "file_path": "/media/NFS/ttao/scannet/posed_images/scene0666_02/00004.jpg",
      "transform_matrix": [
        [
          0.990126,
          -0.069774,
          0.121578,
          2.65505
        ],
        [
          -0.139803,
          -0.554798,
          0.820155,
          6.041223
        ],
        [
          0.010226,
          -0.829054,
          -0.559074,
          1.278753
        ],
        [
          0.0,
          0.0,
          0.0,
          1.0
        ]
      ]
    },
    {
      "file_path": "/media/NFS/ttao/scannet/posed_images/scene0666_02/00012.jpg",
      "transform_matrix": [
        [
          0.987379,
          -0.092796,
          0.128344,
          2.636946
        ],
        [
          -0.158362,
          -0.589778,
          0.791886,
          6.049884
        ],
        [
          0.002211,
          -0.802216,
          -0.59703,
          1.236363
        ],
        [
          0.0,
          0.0,
          0.0,
          1.0
        ]
      ]
    },
    {
      "file_path": "/media/NFS/ttao/scannet/posed_images/scene0666_02/00013.jpg",
      "transform_matrix": [
        [
          0.986542,
          -0.099107,
          0.13005,
          2.634296
        ],
        [
          -0.163508,
          -0.595388,
          0.786625,
          6.05224
        ],
        [
          -0.00053,
          -0.797303,
          -0.603579,
          1.234335
        ],
        [
          0.0,
          0.0,
          0.0,
          1.0
        ]
      ]
    },
    {
      "file_path": "/media/NFS/ttao/scannet/posed_images/scene0666_02/00021.jpg",
      "transform_matrix": [
        [
          0.963844,
          -0.170942,
          0.20441,
          2.657572
        ],
        [
          -0.266415,
          -0.60318,
          0.751796,
          6.06169
        ],
        [
          -0.005218,
          -0.779072,
          -0.626913,
          1.226184
        ],
        [
          0.0,
          0.0,
          0.0,
          1.0
        ]
      ]
    },
    {
      "file_path": "/media/NFS/ttao/scannet/posed_images/scene0666_02/00024.jpg",
      "transform_matrix": [
        [
          0.956995,
          -0.184346,
          0.224001,
          2.678069
        ],
        [
          -0.290045,
          -0.592468,
          0.751569,
          6.059911
        ],
        [
          -0.005835,
          -0.784218,
          -0.620457,
          1.233114
        ],
        [
          0.0,
          0.0,
          0.0,
          1.0
        ]
      ]
    },
    {
      "file_path": "/media/NFS/ttao/scannet/posed_images/scene0666_02/00033.jpg",
      "transform_matrix": [
        [
          0.943434,
          -0.185078,
          0.275097,
          2.794794
        ],
        [
          -0.331326,
          -0.557452,
          0.76123,
          6.041028
        ],
        [
          0.012467,
          -0.809317,
          -0.58724,
          1.260958
        ],
        [
          0.0,
          0.0,
          0.0,
          1.0
        ]
      ]
    },
    {
      "file_path": "/media/NFS/ttao/scannet/posed_images/scene0666_02/00037.jpg",
      "transform_matrix": [
        [
          0.948492,
          -0.167815,
          0.268704,
          2.868682
        ],
        [
          -0.315943,
          -0.563504,
          0.763311,
          6.025639
        ],
        [
          0.023321,
          -0.808889,
          -0.587499,
          1.268454
        ],
        [
          0.0,
          0.0,
          0.0,
          1.0
        ]
      ]
    },
    {
      "file_path": "/media/NFS/ttao/scannet/posed_images/scene0666_02/00040.jpg",
      "transform_matrix": [
        [
          0.955927,
          -0.14829,
          0.253404,
          2.90639
        ],
        [
          -0.292075,
          -0.568283,
          0.769251,
          6.016732
        ],
        [
          0.029933,
          -0.809361,
          -0.586549,
          1.27077
        ],
        [
          0.0,
          0.0,
          0.0,
          1.0
        ]
      ]
    },
    {
      "file_path": "/media/NFS/ttao/scannet/posed_images/scene0666_02/00047.jpg",
      "transform_matrix": [
        [
          0.958793,
          -0.125759,
          0.254754,
          2.956623
        ],
        [
          -0.281538,
          -0.540818,
          0.792624,
          6.014577
        ],
        [
          0.038096,
          -0.831686,
          -0.553938,
          1.295491
        ],
        [
          0.0,
          0.0,
          0.0,
          1.0
        ]
      ]
    },
    {
      "file_path": "/media/NFS/ttao/scannet/posed_images/scene0666_02/00052.jpg",
      "transform_matrix": [
        [
          0.959143,
          -0.122572,
          0.25499,
          2.973812
        ],
        [
          -0.281465,
          -0.504712,
          0.816115,
          6.015193
        ],
        [
          0.028664,
          -0.854542,
          -0.518591,
          1.313725
        ],
        [
          0.0,
          0.0,
          0.0,
          1.0
        ]
      ]
    },
    {
      "file_path": "/media/NFS/ttao/scannet/posed_images/scene0666_02/00056.jpg",
      "transform_matrix": [
        [
          0.962063,
          -0.125687,
          0.242151,
          2.990883
        ],
        [
          -0.27274,
          -0.465379,
          0.842042,
          6.0151
        ],
        [
          0.006858,
          -0.876142,
          -0.482004,
          1.324152
        ],
        [
          0.0,
          0.0,
          0.0,
          1.0
        ]
      ]
    },
    {
      "file_path": "/media/NFS/ttao/scannet/posed_images/scene0666_02/00059.jpg",
      "transform_matrix": [
        [
          0.963142,
          -0.133843,
          0.233333,
          3.000854
        ],
        [
          -0.268757,
          -0.442372,
          0.855615,
          6.018082
        ],
        [
          -0.011298,
          -0.886788,
          -0.462038,
          1.329499
        ],
        [
          0.0,
          0.0,
          0.0,
          1.0
        ]
      ]
    },
    {
      "file_path": "/media/NFS/ttao/scannet/posed_images/scene0666_02/00067.jpg",
      "transform_matrix": [
        [
          0.97029,
          -0.109897,
          0.215547,
          3.031444
        ],
        [
          -0.241757,
          -0.405133,
          0.881714,
          6.030732
        ],
        [
          -0.009573,
          -0.907628,
          -0.419665,
          1.342149
        ],
        [
          0.0,
          0.0,
          0.0,
          1.0
        ]
      ]
    },
    {
      "file_path": "/media/NFS/ttao/scannet/posed_images/scene0666_02/00068.jpg",
      "transform_matrix": [
        [
          0.971034,
          -0.106955,
          0.213665,
          3.03759
        ],
        [
          -0.238789,
          -0.402723,
          0.883625,
          6.031982
        ],
        [
          -0.008461,
          -0.909051,
          -0.416598,
          1.342557
        ],
        [
          0.0,
          0.0,
          0.0,
          1.0
        ]
      ]
    },
    {
      "file_path": "/media/NFS/ttao/scannet/posed_images/scene0666_02/00072.jpg",
      "transform_matrix": [
        [
          0.970173,
          -0.089744,
          0.225189,
          3.054294
        ],
        [
          -0.242219,
          -0.396026,
          0.885716,
          6.042637
        ],
        [
          0.009693,
          -0.913843,
          -0.405951,
          1.345231
        ],
        [
          0.0,
          0.0,
          0.0,
          1.0
        ]
      ]
    },
    {
      "file_path": "/media/NFS/ttao/scannet/posed_images/scene0666_02/00080.jpg",
      "transform_matrix": [
        [
          0.976903,
          -0.057394,
          0.205829,
          3.095421
        ],
        [
          -0.211803,
          -0.387528,
          0.897196,
          6.088345
        ],
        [
          0.028271,
          -0.920069,
          -0.390734,
          1.3585
        ],
        [
          0.0,
          0.0,
          0.0,
          1.0
        ]
      ]
    },
    {
      "file_path": "/media/NFS/ttao/scannet/posed_images/scene0666_02/00086.jpg",
      "transform_matrix": [
        [
          0.98457,
          0.015102,
          0.174337,
          3.133435
        ],
        [
          -0.158565,
          -0.344407,
          0.925333,
          6.125826
        ],
        [
          0.074017,
          -0.938699,
          -0.336698,
          1.371703
        ],
        [
          0.0,
          0.0,
          0.0,
          1.0
        ]
      ]
    },
    {
      "file_path": "/media/NFS/ttao/scannet/posed_images/scene0666_02/00090.jpg",
      "transform_matrix": [
        [
          0.986381,
          0.043747,
          0.158551,
          3.167344
        ],
        [
          -0.135501,
          -0.330278,
          0.934107,
          6.145313
        ],
        [
          0.09323,
          -0.942869,
          -0.319852,
          1.384926
        ],
        [
          0.0,
          0.0,
          0.0,
          1.0
        ]
      ]
    },
    {
      "file_path": "/media/NFS/ttao/scannet/posed_images/scene0666_02/00093.jpg",
      "transform_matrix": [
        [
          0.990564,
          0.037046,
          0.131949,
          3.195333
        ],
        [
          -0.113193,
          -0.321658,
          0.940066,
          6.157927
        ],
        [
          0.077268,
          -0.946131,
          -0.31443,
          1.390971
        ],
        [
          0.0,
          0.0,
          0.0,
          1.0
        ]
      ]
    },
    {
      "file_path": "/media/NFS/ttao/scannet/posed_images/scene0666_02/00101.jpg",
      "transform_matrix": [
        [
          0.998476,
          0.051944,
          0.018652,
          3.288247
        ],
        [
          -0.002331,
          -0.297949,
          0.954579,
          6.161778
        ],
        [
          0.055142,
          -0.953167,
          -0.297374,
          1.390953
        ],
        [
          0.0,
          0.0,
          0.0,
          1.0
        ]
      ]
    },
    {
      "file_path": "/media/NFS/ttao/scannet/posed_images/scene0666_02/00102.jpg",
      "transform_matrix": [
        [
          0.998556,
          0.053258,
          0.006953,
          3.304732
        ],
        [
          0.009374,
          -0.300266,
          0.953809,
          6.162468
        ],
        [
          0.052886,
          -0.952367,
          -0.300332,
          1.39241
        ],
        [
          0.0,
          0.0,
          0.0,
          1.0
        ]
      ]
    },
    {
      "file_path": "/media/NFS/ttao/scannet/posed_images/scene0666_02/00108.jpg",
      "transform_matrix": [
        [
          0.997981,
          0.053424,
          -0.034359,
          3.42521
        ],
        [
          0.049692,
          -0.319714,
          0.94621,
          6.159102
        ],
        [
          0.039565,
          -0.946007,
          -0.321723,
          1.388603
        ],
        [
          0.0,
          0.0,
          0.0,
          1.0
        ]
      ]
    },
    {
      "file_path": "/media/NFS/ttao/scannet/posed_images/scene0666_02/00115.jpg",
      "transform_matrix": [
        [
          0.993058,
          0.080516,
          -0.085753,
          3.53289
        ],
        [
          0.109717,
          -0.371182,
          0.922055,
          6.140037
        ],
        [
          0.042411,
          -0.925063,
          -0.377439,
          1.37761
        ],
        [
          0.0,
          0.0,
          0.0,
          1.0
        ]
      ]
    },
    {
      "file_path": "/media/NFS/ttao/scannet/posed_images/scene0666_02/00120.jpg",
      "transform_matrix": [
        [
          0.988975,
          0.080168,
          -0.124503,
          3.56956
        ],
        [
          0.145561,
          -0.371862,
          0.916804,
          6.121372
        ],
        [
          0.027201,
          -0.92482,
          -0.379432,
          1.379299
        ],
        [
          0.0,
          0.0,
          0.0,
          1.0
        ]
      ]
    },
    {
      "file_path": "/media/NFS/ttao/scannet/posed_images/scene0666_02/00123.jpg",
      "transform_matrix": [
        [
          0.989313,
          0.075151,
          -0.124951,
          3.58702
        ],
        [
          0.144202,
          -0.377355,
          0.914773,
          6.11321
        ],
        [
          0.021596,
          -0.923014,
          -0.384159,
          1.372957
        ],
        [
          0.0,
          0.0,
          0.0,
          1.0
        ]
      ]
    },
    {
      "file_path": "/media/NFS/ttao/scannet/posed_images/scene0666_02/00130.jpg",
      "transform_matrix": [
        [
          0.993201,
          0.067164,
          -0.095084,
          3.626504
        ],
        [
          0.115004,
          -0.439421,
          0.890889,
          6.100902
        ],
        [
          0.018054,
          -0.895767,
          -0.444158,
          1.352539
        ],
        [
          0.0,
          0.0,
          0.0,
          1.0
        ]
      ]
    },
    {
      "file_path": "/media/NFS/ttao/scannet/posed_images/scene0666_02/00136.jpg",
      "transform_matrix": [
        [
          0.9951,
          0.058018,
          -0.080059,
          3.64277
        ],
        [
          0.097957,
          -0.468651,
          0.877936,
          6.089765
        ],
        [
          0.013416,
          -0.881476,
          -0.472038,
          1.340294
        ],
        [
          0.0,
          0.0,
          0.0,
          1.0
        ]
      ]
    },
    {
      "file_path": "/media/NFS/ttao/scannet/posed_images/scene0666_02/00139.jpg",
      "transform_matrix": [
        [
          0.994417,
          0.057152,
          -0.088701,
          3.655813
        ],
        [
          0.105256,
          -0.477932,
          0.872068,
          6.086026
        ],
        [
          0.007447,
          -0.876536,
          -0.481279,
          1.338019
        ],
        [
          0.0,
          0.0,
          0.0,
          1.0
        ]
      ]
    },
    {
      "file_path": "/media/NFS/ttao/scannet/posed_images/scene0666_02/00145.jpg",
      "transform_matrix": [
        [
          0.994262,
          0.046519,
          -0.096325,
          3.679777
        ],
        [
          0.106758,
          -0.488178,
          0.86619,
          6.079972
        ],
        [
          -0.00673,
          -0.871503,
          -0.490343,
          1.337295
        ],
        [
          0.0,
          0.0,
          0.0,
          1.0
        ]
      ]
    },
    {
      "file_path": "/media/NFS/ttao/scannet/posed_images/scene0666_02/00146.jpg",
      "transform_matrix": [
        [
          0.994153,
          0.045558,
          -0.097896,
          3.683008
        ],
        [
          0.107646,
          -0.489148,
          0.865532,
          6.081119
        ],
        [
          -0.008453,
          -0.87101,
          -0.491193,
          1.337622
        ],
        [
          0.0,
          0.0,
          0.0,
          1.0
        ]
      ]
    },
    {
      "file_path": "/media/NFS/ttao/scannet/posed_images/scene0666_02/00152.jpg",
      "transform_matrix": [
        [
          0.994391,
          0.046618,
          -0.094937,
          3.710741
        ],
        [
          0.105604,
          -0.487089,
          0.866944,
          6.088352
        ],
        [
          -0.005827,
          -0.872107,
          -0.48928,
          1.338094
        ],
        [
          0.0,
          0.0,
          0.0,
          1.0
        ]
      ]
    },
    {
      "file_path": "/media/NFS/ttao/scannet/posed_images/scene0666_02/00160.jpg",
      "transform_matrix": [
        [
          0.998183,
          0.035615,
          -0.048597,
          3.749837
        ],
        [
          0.059981,
          -0.51125,
          0.857337,
          6.119129
        ],
        [
          0.005689,
          -0.858694,
          -0.512457,
          1.331376
        ],
        [
          0.0,
          0.0,
          0.0,
          1.0
        ]
      ]
    },
    {
      "file_path": "/media/NFS/ttao/scannet/posed_images/scene0666_02/00166.jpg",
      "transform_matrix": [
        [
          0.999873,
          0.015443,
          0.003806,
          3.788863
        ],
        [
          0.004999,
          -0.532361,
          0.846503,
          6.165843
        ],
        [
          0.015099,
          -0.846377,
          -0.53237,
          1.326134
        ],
        [
          0.0,
          0.0,
          0.0,
          1.0
        ]
      ]
    },
    {
      "file_path": "/media/NFS/ttao/scannet/posed_images/scene0666_02/00167.jpg",
      "transform_matrix": [
        [
          0.999869,
          0.015097,
          0.005824,
          3.794765
        ],
        [
          0.003137,
          -0.533941,
          0.845516,
          6.173061
        ],
        [
          0.015875,
          -0.845387,
          -0.533919,
          1.324701
        ],
        [
          0.0,
          0.0,
          0.0,
          1.0
        ]
      ]
    },
    {
      "file_path": "/media/NFS/ttao/scannet/posed_images/scene0666_02/00172.jpg",
      "transform_matrix": [
        [
          0.999533,
          0.030347,
          -0.003513,
          3.841722
        ],
        [
          0.019778,
          -0.555172,
          0.831501,
          6.212034
        ],
        [
          0.023283,
          -0.831182,
          -0.555513,
          1.320573
        ],
        [
          0.0,
          0.0,
          0.0,
          1.0
        ]
      ]
    },
    {
      "file_path": "/media/NFS/ttao/scannet/posed_images/scene0666_02/00180.jpg",
      "transform_matrix": [
        [
          0.998929,
          0.042184,
          -0.019019,
          3.93693
        ],
        [
          0.039351,
          -0.558172,
          0.828792,
          6.262584
        ],
        [
          0.024346,
          -0.828652,
          -0.559234,
          1.33114
        ],
        [
          0.0,
          0.0,
          0.0,
          1.0
        ]
      ]
    },
    {
      "file_path": "/media/NFS/ttao/scannet/posed_images/scene0666_02/00185.jpg",
      "transform_matrix": [
        [
          0.99845,
          0.050426,
          -0.023546,
          4.002083
        ],
        [
          0.046458,
          -0.522258,
          0.851521,
          6.277929
        ],
        [
          0.030642,
          -0.851295,
          -0.523791,
          1.340496
        ],
        [
          0.0,
          0.0,
          0.0,
          1.0
        ]
      ]
    },
    {
      "file_path": "/media/NFS/ttao/scannet/posed_images/scene0666_02/00189.jpg",
      "transform_matrix": [
        [
          0.996008,
          0.07305,
          -0.051304,
          4.058523
        ],
        [
          0.080953,
          -0.496977,
          0.86398,
          6.276252
        ],
        [
          0.037616,
          -0.864684,
          -0.500906,
          1.338805
        ],
        [
          0.0,
          0.0,
          0.0,
          1.0
        ]
      ]
    },
    {
      "file_path": "/media/NFS/ttao/scannet/posed_images/scene0666_02/00191.jpg",
      "transform_matrix": [
        [
          0.993707,
          0.08965,
          -0.067153,
          4.08534
        ],
        [
          0.102948,
          -0.494726,
          0.86293,
          6.268866
        ],
        [
          0.044139,
          -0.864413,
          -0.500842,
          1.333521
        ],
        [
          0.0,
          0.0,
          0.0,
          1.0
        ]
      ]
    },
    {
      "file_path": "/media/NFS/ttao/scannet/posed_images/scene0666_02/00200.jpg",
      "transform_matrix": [
        [
          0.953879,
          0.196192,
          -0.227206,
          4.264026
        ],
        [
          0.296586,
          -0.499001,
          0.81427,
          6.255188
        ],
        [
          0.046377,
          -0.844101,
          -0.534174,
          1.360778
        ],
        [
          0.0,
          0.0,
          0.0,
          1.0
        ]
      ]
    },
    {
      "file_path": "/media/NFS/ttao/scannet/posed_images/scene0666_02/00201.jpg",
      "transform_matrix": [
        [
          0.950166,
          0.200947,
          -0.238337,
          4.284434
        ],
        [
          0.308265,
          -0.491738,
          0.81435,
          6.254665
        ],
        [
          0.046441,
          -0.847239,
          -0.529178,
          1.364528
        ],
        [
          0.0,
          0.0,
          0.0,
          1.0
        ]
      ]
    },
    {
      "file_path": "/media/NFS/ttao/scannet/posed_images/scene0666_02/00206.jpg",
      "transform_matrix": [
        [
          0.94737,
          0.188811,
          -0.258535,
          4.369827
        ],
        [
          0.317782,
          -0.456758,
          0.830895,
          6.256442
        ],
        [
          0.038794,
          -0.869323,
          -0.49272,
          1.376932
        ],
        [
          0.0,
          0.0,
          0.0,
          1.0
        ]
      ]
    },
    {
      "file_path": "/media/NFS/ttao/scannet/posed_images/scene0666_02/00211.jpg",
      "transform_matrix": [
        [
          0.950737,
          0.175556,
          -0.255499,
          4.403316
        ],
        [
          0.308061,
          -0.443026,
          0.841918,
          6.264998
        ],
        [
          0.034611,
          -0.879152,
          -0.475283,
          1.375918
        ],
        [
          0.0,
          0.0,
          0.0,
          1.0
        ]
      ]
    },
    {
      "file_path": "/media/NFS/ttao/scannet/posed_images/scene0666_02/00216.jpg",
      "transform_matrix": [
        [
          0.946606,
          0.153297,
          -0.283614,
          4.427549
        ],
        [
          0.322264,
          -0.425052,
          0.845859,
          6.27881
        ],
        [
          0.009117,
          -0.892093,
          -0.451759,
          1.370661
        ],
        [
          0.0,
          0.0,
          0.0,
          1.0
        ]
      ]
    },
    {
      "file_path": "/media/NFS/ttao/scannet/posed_images/scene0666_02/00220.jpg",
      "transform_matrix": [
        [
          0.950455,
          0.142533,
          -0.276259,
          4.424054
        ],
        [
          0.310855,
          -0.441317,
          0.841789,
          6.291635
        ],
        [
          -0.001935,
          -0.885959,
          -0.463759,
          1.364249
        ],
        [
          0.0,
          0.0,
          0.0,
          1.0
        ]
      ]
    },
    {
      "file_path": "/media/NFS/ttao/scannet/posed_images/scene0666_02/00228.jpg",
      "transform_matrix": [
        [
          0.911301,
          0.182296,
          -0.369188,
          4.404755
        ],
        [
          0.411728,
          -0.396184,
          0.820681,
          6.295677
        ],
        [
          0.00334,
          -0.899892,
          -0.436099,
          1.375874
        ],
        [
          0.0,
          0.0,
          0.0,
          1.0
        ]
      ]
    },
    {
      "file_path": "/media/NFS/ttao/scannet/posed_images/scene0666_02/00231.jpg",
      "transform_matrix": [
        [
          0.88335,
          0.201982,
          -0.422961,
          4.386975
        ],
        [
          0.468708,
          -0.38524,
          0.794923,
          6.281409
        ],
        [
          -0.002381,
          -0.900441,
          -0.434972,
          1.37394
        ],
        [
          0.0,
          0.0,
          0.0,
          1.0
        ]
      ]
    },
    {
      "file_path": "/media/NFS/ttao/scannet/posed_images/scene0666_02/00240.jpg",
      "transform_matrix": [
        [
          0.772931,
          0.265847,
          -0.576111,
          4.345957
        ],
        [
          0.634476,
          -0.32998,
          0.698966,
          6.23476
        ],
        [
          -0.004287,
          -0.905781,
          -0.423725,
          1.371182
        ],
        [
          0.0,
          0.0,
          0.0,
          1.0
        ]
      ]
    },
    {
      "file_path": "/media/NFS/ttao/scannet/posed_images/scene0666_02/00244.jpg",
      "transform_matrix": [
        [
          0.752713,
          0.287117,
          -0.592442,
          4.342793
        ],
        [
          0.658349,
          -0.327395,
          0.677783,
          6.229108
        ],
        [
          0.000641,
          -0.900209,
          -0.435457,
          1.365147
        ],
        [
          0.0,
          0.0,
          0.0,
          1.0
        ]
      ]
    },
    {
      "file_path": "/media/NFS/ttao/scannet/posed_images/scene0666_02/00246.jpg",
      "transform_matrix": [
        [
          0.752944,
          0.289463,
          -0.591005,
          4.34308
        ],
        [
          0.658067,
          -0.337737,
          0.672965,
          6.227041
        ],
        [
          -0.004806,
          -0.895626,
          -0.444783,
          1.36175
        ],
        [
          0.0,
          0.0,
          0.0,
          1.0
        ]
      ]
    },
    {
      "file_path": "/media/NFS/ttao/scannet/posed_images/scene0666_02/00254.jpg",
      "transform_matrix": [
        [
          0.723263,
          0.328728,
          -0.607312,
          4.376214
        ],
        [
          0.690016,
          -0.379284,
          0.616458,
          6.220807
        ],
        [
          -0.027696,
          -0.864917,
          -0.50115,
          1.342909
        ],
        [
          0.0,
          0.0,
          0.0,
          1.0
        ]
      ]
    },
    {
      "file_path": "/media/NFS/ttao/scannet/posed_images/scene0666_02/00259.jpg",
      "transform_matrix": [
        [
          0.718575,
          0.350549,
          -0.600638,
          4.396592
        ],
        [
          0.694656,
          -0.403042,
          0.595827,
          6.218593
        ],
        [
          -0.033216,
          -0.845383,
          -0.533126,
          1.329489
        ],
        [
          0.0,
          0.0,
          0.0,
          1.0
        ]
      ]
    },
    {
      "file_path": "/media/NFS/ttao/scannet/posed_images/scene0666_02/00263.jpg",
      "transform_matrix": [
        [
          0.72767,
          0.361941,
          -0.582662,
          4.400492
        ],
        [
          0.68502,
          -0.427147,
          0.590164,
          6.216095
        ],
        [
          -0.035278,
          -0.828579,
          -0.558759,
          1.329212
        ],
        [
          0.0,
          0.0,
          0.0,
          1.0
        ]
      ]
    },
    {
      "file_path": "/media/NFS/ttao/scannet/posed_images/scene0666_02/00265.jpg",
      "transform_matrix": [
        [
          0.733274,
          0.364443,
          -0.574012,
          4.401971
        ],
        [
          0.679179,
          -0.432361,
          0.593111,
          6.214993
        ],
        [
          -0.032025,
          -0.82477,
          -0.564561,
          1.329431
        ],
        [
          0.0,
          0.0,
          0.0,
          1.0
        ]
      ]
    },
    {
      "file_path": "/media/NFS/ttao/scannet/posed_images/scene0666_02/00271.jpg",
      "transform_matrix": [
        [
          0.772716,
          0.367581,
          -0.517489,
          4.397084
        ],
        [
          0.634731,
          -0.454049,
          0.625264,
          6.215869
        ],
        [
          -0.00513,
          -0.811618,
          -0.584166,
          1.328931
        ],
        [
          0.0,
          0.0,
          0.0,
          1.0
        ]
      ]
    },
    {
      "file_path": "/media/NFS/ttao/scannet/posed_images/scene0666_02/00275.jpg",
      "transform_matrix": [
        [
          0.820551,
          0.353221,
          -0.449367,
          4.372571
        ],
        [
          0.571133,
          -0.475827,
          0.668877,
          6.219166
        ],
        [
          0.02244,
          -0.805496,
          -0.592177,
          1.332629
        ],
        [
          0.0,
          0.0,
          0.0,
          1.0
        ]
      ]
    },
    {
      "file_path": "/media/NFS/ttao/scannet/posed_images/scene0666_02/00284.jpg",
      "transform_matrix": [
        [
          0.964214,
          0.205333,
          -0.167721,
          4.230523
        ],
        [
          0.254364,
          -0.538032,
          0.80363,
          6.213106
        ],
        [
          0.074772,
          -0.817533,
          -0.571007,
          1.327504
        ],
        [
          0.0,
          0.0,
          0.0,
          1.0
        ]
      ]
    },
    {
      "file_path": "/media/NFS/ttao/scannet/posed_images/scene0666_02/00285.jpg",
      "transform_matrix": [
        [
          0.97033,
          0.188389,
          -0.151557,
          4.213402
        ],
        [
          0.231509,
          -0.543107,
          0.807118,
          6.21009
        ],
        [
          0.069741,
          -0.818257,
          -0.570606,
          1.321216
        ],
        [
          0.0,
          0.0,
          0.0,
          1.0
        ]
      ]
    },
    {
      "file_path": "/media/NFS/ttao/scannet/posed_images/scene0666_02/00293.jpg",
      "transform_matrix": [
        [
          0.987875,
          0.108075,
          -0.111457,
          4.062025
        ],
        [
          0.154357,
          -0.606768,
          0.779748,
          6.231871
        ],
        [
          0.016643,
          -0.787497,
          -0.616093,
          1.311875
        ],
        [
          0.0,
          0.0,
          0.0,
          1.0
        ]
      ]
    },
    {
      "file_path": "/media/NFS/ttao/scannet/posed_images/scene0666_02/00294.jpg",
      "transform_matrix": [
        [
          0.987391,
          0.109172,
          -0.114636,
          4.045446
        ],
        [
          0.157614,
          -0.610484,
          0.776187,
          6.23866
        ],
        [
          0.014754,
          -0.784468,
          -0.619993,
          1.31308
        ],
        [
          0.0,
          0.0,
          0.0,
          1.0
        ]
      ]
    },
    {
      "file_path": "/media/NFS/ttao/scannet/posed_images/scene0666_02/00300.jpg",
      "transform_matrix": [
        [
          0.986115,
          0.10635,
          -0.127545,
          3.947635
        ],
        [
          0.165891,
          -0.59544,
          0.786086,
          6.262039
        ],
        [
          0.007655,
          -0.796329,
          -0.604815,
          1.297057
        ],
        [
          0.0,
          0.0,
          0.0,
          1.0
        ]
      ]
    },
    {
      "file_path": "/media/NFS/ttao/scannet/posed_images/scene0666_02/00305.jpg",
      "transform_matrix": [
        [
          0.992853,
          0.065036,
          -0.100064,
          3.849393
        ],
        [
          0.119073,
          -0.596157,
          0.793989,
          6.305829
        ],
        [
          -0.008016,
          -0.800229,
          -0.59964,
          1.28878
        ],
        [
          0.0,
          0.0,
          0.0,
          1.0
        ]
      ]
    },
    {
      "file_path": "/media/NFS/ttao/scannet/posed_images/scene0666_02/00312.jpg",
      "transform_matrix": [
        [
          0.996533,
          -0.082854,
          0.007575,
          3.711915
        ],
        [
          -0.055091,
          -0.588899,
          0.806327,
          6.381702
        ],
        [
          -0.062347,
          -0.803949,
          -0.591421,
          1.296814
        ],
        [
          0.0,
          0.0,
          0.0,
          1.0
        ]
      ]
    },
    {
      "file_path": "/media/NFS/ttao/scannet/posed_images/scene0666_02/00317.jpg",
      "transform_matrix": [
        [
          0.992857,
          -0.102575,
          0.060943,
          3.626987
        ],
        [
          -0.111115,
          -0.608846,
          0.785468,
          6.416978
        ],
        [
          -0.043464,
          -0.786629,
          -0.615894,
          1.307708
        ],
        [
          0.0,
          0.0,
          0.0,
          1.0
        ]
      ]
    },
    {
      "file_path": "/media/NFS/ttao/scannet/posed_images/scene0666_02/00319.jpg",
      "transform_matrix": [
        [
          0.989183,
          -0.114644,
          0.091511,
          3.594976
        ],
        [
          -0.142709,
          -0.607788,
          0.781171,
          6.427894
        ],
        [
          -0.033938,
          -0.78578,
          -0.617574,
          1.311768
        ],
        [
          0.0,
          0.0,
          0.0,
          1.0
        ]
      ]
    },
    {
      "file_path": "/media/NFS/ttao/scannet/posed_images/scene0666_02/00328.jpg",
      "transform_matrix": [
        [
          0.926239,
          -0.240915,
          0.289899,
          3.442493
        ],
        [
          -0.374434,
          -0.499581,
          0.781164,
          6.452183
        ],
        [
          -0.043366,
          -0.832093,
          -0.552938,
          1.334153
        ],
        [
          0.0,
          0.0,
          0.0,
          1.0
        ]
      ]
    },
    {
      "file_path": "/media/NFS/ttao/scannet/posed_images/scene0666_02/00333.jpg",
      "transform_matrix": [
        [
          0.881174,
          -0.278174,
          0.382297,
          3.339685
        ],
        [
          -0.471292,
          -0.452453,
          0.75708,
          6.455154
        ],
        [
          -0.037629,
          -0.847293,
          -0.529792,
          1.354622
        ],
        [
          0.0,
          0.0,
          0.0,
          1.0
        ]
      ]
    },
    {
      "file_path": "/media/NFS/ttao/scannet/posed_images/scene0666_02/00334.jpg",
      "transform_matrix": [
        [
          0.880205,
          -0.275811,
          0.386222,
          3.323204
        ],
        [
          -0.473218,
          -0.448149,
          0.758437,
          6.452826
        ],
        [
          -0.0361,
          -0.850348,
          -0.524981,
          1.359327
        ],
        [
          0.0,
          0.0,
          0.0,
          1.0
        ]
      ]
    },
    {
      "file_path": "/media/NFS/ttao/scannet/posed_images/scene0666_02/00339.jpg",
      "transform_matrix": [
        [
          0.867453,
          -0.262399,
          0.422696,
          3.237574
        ],
        [
          -0.496655,
          -0.406663,
          0.766785,
          6.435837
        ],
        [
          -0.029309,
          -0.875084,
          -0.483083,
          1.366066
        ],
        [
          0.0,
          0.0,
          0.0,
          1.0
        ]
      ]
    },
    {
      "file_path": "/media/NFS/ttao/scannet/posed_images/scene0666_02/00346.jpg",
      "transform_matrix": [
        [
          0.829158,
          -0.313936,
          0.462538,
          3.16971
        ],
        [
          -0.556873,
          -0.391492,
          0.732548,
          6.387091
        ],
        [
          -0.048893,
          -0.864973,
          -0.499431,
          1.355346
        ],
        [
          0.0,
          0.0,
          0.0,
          1.0
        ]
      ]
    },
    {
      "file_path": "/media/NFS/ttao/scannet/posed_images/scene0666_02/00349.jpg",
      "transform_matrix": [
        [
          0.810621,
          -0.333851,
          0.48108,
          3.134491
        ],
        [
          -0.582491,
          -0.375566,
          0.720871,
          6.360185
        ],
        [
          -0.059987,
          -0.864577,
          -0.498906,
          1.345186
        ],
        [
          0.0,
          0.0,
          0.0,
          1.0
        ]
      ]
    },
    {
      "file_path": "/media/NFS/ttao/scannet/posed_images/scene0666_02/00353.jpg",
      "transform_matrix": [
        [
          0.778271,
          -0.35951,
          0.514826,
          3.118378
        ],
        [
          -0.625286,
          -0.368577,
          0.687873,
          6.318528
        ],
        [
          -0.057544,
          -0.857265,
          -0.511649,
          1.343606
        ],
        [
          0.0,
          0.0,
          0.0,
          1.0
        ]
      ]
    },
    {
      "file_path": "/media/NFS/ttao/scannet/posed_images/scene0666_02/00362.jpg",
      "transform_matrix": [
        [
          0.689586,
          -0.40884,
          0.597763,
          3.067439
        ],
        [
          -0.72225,
          -0.327651,
          0.609098,
          6.265009
        ],
        [
          -0.053165,
          -0.85176,
          -0.521228,
          1.346047
        ],
        [
          0.0,
          0.0,
          0.0,
          1.0
        ]
      ]
    },
    {
      "file_path": "/media/NFS/ttao/scannet/posed_images/scene0666_02/00367.jpg",
      "transform_matrix": [
        [
          0.649438,
          -0.415432,
          0.636903,
          3.056308
        ],
        [
          -0.758249,
          -0.290626,
          0.583606,
          6.242665
        ],
        [
          -0.057348,
          -0.861947,
          -0.503745,
          1.346196
        ],
        [
          0.0,
          0.0,
          0.0,
          1.0
        ]
      ]
    },
    {
      "file_path": "/media/NFS/ttao/scannet/posed_images/scene0666_02/00373.jpg",
      "transform_matrix": [
        [
          0.584618,
          -0.437641,
          0.683149,
          3.049523
        ],
        [
          -0.8098,
          -0.263443,
          0.524234,
          6.234788
        ],
        [
          -0.049456,
          -0.859691,
          -0.508415,
          1.336912
        ],
        [
          0.0,
          0.0,
          0.0,
          1.0
        ]
      ]
    },
    {
      "file_path": "/media/NFS/ttao/scannet/posed_images/scene0666_02/00374.jpg",
      "transform_matrix": [
        [
          0.572021,
          -0.439341,
          0.692655,
          3.046572
        ],
        [
          -0.819048,
          -0.260471,
          0.511189,
          6.237202
        ],
        [
          -0.04417,
          -0.859729,
          -0.508837,
          1.335524
        ],
        [
          0.0,
          0.0,
          0.0,
          1.0
        ]
      ]
    },
    {
      "file_path": "/media/NFS/ttao/scannet/posed_images/scene0666_02/00382.jpg",
      "transform_matrix": [
        [
          0.469007,
          -0.467221,
          0.749491,
          3.02434
        ],
        [
          -0.883025,
          -0.231474,
          0.408272,
          6.260892
        ],
        [
          -0.017266,
          -0.853302,
          -0.521132,
          1.325248
        ],
        [
