{
  "frames": [
    {
      "file_path": "/media/NFS/ttao/scannet/posed_images/scene0277_00/00000.jpg",
      "transform_matrix": [
        [
          -0.593893,
          0.411905,
          -0.691104,
          2.00592
        ],
        [
          0.802693,
          0.361595,
          -0.474271,
          2.408063
        ],
        [
          0.054545,
          -0.836411,
          -0.545382,
          1.535347
        ],
        [
          0.0,
          0.0,
          0.0,
          1.0
        ]
      ]
    },
    {
      "file_path": "/media/NFS/ttao/scannet/posed_images/scene0277_00/00003.jpg",
      "transform_matrix": [
        [
          -0.586283,
          0.406899,
          -0.700504,
          2.01271
        ],
        [
          0.808947,
          0.340307,
          -0.479371,
          2.401324
        ],
        [
          0.043331,
          -0.847717,
          -0.528676,
          1.540374
        ],
        [
          0.0,
          0.0,
          0.0,
          1.0
        ]
      ]
    },
    {
      "file_path": "/media/NFS/ttao/scannet/posed_images/scene0277_00/00007.jpg",
      "transform_matrix": [
        [
          -0.57823,
          0.396726,
          -0.712922,
          2.019031
        ],
        [
          0.814905,
          0.323411,
          -0.480973,
          2.394915
        ],
        [
          0.039753,
          -0.859077,
          -0.5103,
          1.546265
        ],
        [
          0.0,
          0.0,
          0.0,
          1.0
        ]
      ]
    },
    {
      "file_path": "/media/NFS/ttao/scannet/posed_images/scene0277_00/00010.jpg",
      "transform_matrix": [
        [
          -0.566936,
          0.382355,
          -0.729649,
          2.028286
        ],
        [
          0.82226,
          0.316129,
          -0.473235,
          2.382724
        ],
        [
          0.049719,
          -0.868255,
          -0.493621,
          1.54897
        ],
        [
          0.0,
          0.0,
          0.0,
          1.0
        ]
      ]
    },
    {
      "file_path": "/media/NFS/ttao/scannet/posed_images/scene0277_00/00016.jpg",
      "transform_matrix": [
        [
          -0.533595,
          0.365603,
          -0.762634,
          2.040058
        ],
        [
          0.844101,
          0.286333,
          -0.453328,
          2.361879
        ],
        [
          0.052629,
          -0.885634,
          -0.461392,
          1.551429
        ],
        [
          0.0,
          0.0,
          0.0,
          1.0
        ]
      ]
    },
    {
      "file_path": "/media/NFS/ttao/scannet/posed_images/scene0277_00/00018.jpg",
      "transform_matrix": [
        [
          -0.523454,
          0.371149,
          -0.766971,
          2.048719
        ],
        [
          0.85047,
          0.282454,
          -0.443757,
          2.351094
        ],
        [
          0.051934,
          -0.884572,
          -0.463503,
          1.546828
        ],
        [
          0.0,
          0.0,
          0.0,
          1.0
        ]
      ]
    },
    {
      "file_path": "/media/NFS/ttao/scannet/posed_images/scene0277_00/00024.jpg",
      "transform_matrix": [
        [
          -0.450268,
          0.397521,
          -0.799522,
          2.037687
        ],
        [
          0.892671,
          0.220386,
          -0.393151,
          2.328808
        ],
        [
          0.019917,
          -0.890734,
          -0.454089,
          1.559274
        ],
        [
          0.0,
          0.0,
          0.0,
          1.0
        ]
      ]
    },
    {
      "file_path": "/media/NFS/ttao/scannet/posed_images/scene0277_00/00026.jpg",
      "transform_matrix": [
        [
          -0.429578,
          0.409527,
          -0.804829,
          2.027715
        ],
        [
          0.902954,
          0.206371,
          -0.376942,
          2.323925
        ],
        [
          0.011725,
          -0.88865,
          -0.458436,
          1.564893
        ],
        [
          0.0,
          0.0,
          0.0,
          1.0
        ]
      ]
    },
    {
      "file_path": "/media/NFS/ttao/scannet/posed_images/scene0277_00/00030.jpg",
      "transform_matrix": [
        [
          -0.37062,
          0.420246,
          -0.828272,
          2.014163
        ],
        [
          0.92869,
          0.180358,
          -0.324044,
          2.306918
        ],
        [
          0.013207,
          -0.889306,
          -0.457123,
          1.563087
        ],
        [
          0.0,
          0.0,
          0.0,
          1.0
        ]
      ]
    },
    {
      "file_path": "/media/NFS/ttao/scannet/posed_images/scene0277_00/00037.jpg",
      "transform_matrix": [
        [
          -0.285599,
          0.437002,
          -0.852914,
          1.960953
        ],
        [
          0.958326,
          0.136427,
          -0.250996,
          2.26593
        ],
        [
          0.006675,
          -0.889054,
          -0.457754,
          1.571961
        ],
        [
          0.0,
          0.0,
          0.0,
          1.0
        ]
      ]
    },
    {
      "file_path": "/media/NFS/ttao/scannet/posed_images/scene0277_00/00040.jpg",
      "transform_matrix": [
        [
          -0.270698,
          0.437421,
          -0.857546,
          1.937011
        ],
        [
          0.962664,
          0.122503,
          -0.241393,
          2.236961
        ],
        [
          -0.000538,
          -0.890874,
          -0.454251,
          1.568226
        ],
        [
          0.0,
          0.0,
          0.0,
          1.0
        ]
      ]
    },
    {
      "file_path": "/media/NFS/ttao/scannet/posed_images/scene0277_00/00041.jpg",
      "transform_matrix": [
        [
          -0.268051,
          0.439039,
          -0.857551,
          1.925774
        ],
        [
          0.96339,
          0.11729,
          -0.241085,
          2.229025
        ],
        [
          -0.005263,
          -0.890779,
          -0.454406,
          1.568078
        ],
        [
          0.0,
          0.0,
          0.0,
          1.0
        ]
      ]
    },
    {
      "file_path": "/media/NFS/ttao/scannet/posed_images/scene0277_00/00045.jpg",
      "transform_matrix": [
        [
          -0.232979,
          0.44385,
          -0.865285,
          1.877678
        ],
        [
          0.972047,
          0.079686,
          -0.220849,
          2.18575
        ],
        [
          -0.029073,
          -0.892551,
          -0.450008,
          1.57499
        ],
        [
          0.0,
          0.0,
          0.0,
          1.0
        ]
      ]
    },
    {
      "file_path": "/media/NFS/ttao/scannet/posed_images/scene0277_00/00049.jpg",
      "transform_matrix": [
        [
          -0.183183,
          0.394542,
          -0.900433,
          1.816485
        ],
        [
          0.982337,
          0.037896,
          -0.183241,
          2.128818
        ],
        [
          -0.038173,
          -0.918096,
          -0.394515,
          1.589846
        ],
        [
          0.0,
          0.0,
          0.0,
          1.0
        ]
      ]
    },
    {
      "file_path": "/media/NFS/ttao/scannet/posed_images/scene0277_00/00055.jpg",
      "transform_matrix": [
        [
          -0.137816,
          0.361668,
          -0.922064,
          1.750689
        ],
        [
          0.988387,
          -0.009955,
          -0.151633,
          2.068123
        ],
        [
          -0.06402,
          -0.932254,
          -0.356096,
          1.601293
        ],
        [
          0.0,
          0.0,
          0.0,
          1.0
        ]
      ]
    },
    {
      "file_path": "/media/NFS/ttao/scannet/posed_images/scene0277_00/00056.jpg",
      "transform_matrix": [
        [
          -0.131852,
          0.360303,
          -0.92347,
          1.741791
        ],
        [
          0.988981,
          -0.015448,
          -0.147233,
          2.062005
        ],
        [
          -0.067314,
          -0.932707,
          -0.354296,
          1.599826
        ],
        [
          0.0,
          0.0,
          0.0,
          1.0
        ]
      ]
    },
    {
      "file_path": "/media/NFS/ttao/scannet/posed_images/scene0277_00/00063.jpg",
      "transform_matrix": [
        [
          -0.009965,
          0.373178,
          -0.927706,
          1.657726
        ],
        [
          0.998349,
          -0.048763,
          -0.03034,
          2.000622
        ],
        [
          -0.05656,
          -0.926477,
          -0.372076,
          1.598674
        ],
        [
          0.0,
          0.0,
          0.0,
          1.0
        ]
      ]
    },
    {
      "file_path": "/media/NFS/ttao/scannet/posed_images/scene0277_00/00067.jpg",
      "transform_matrix": [
        [
          0.067188,
          0.385694,
          -0.920177,
          1.622954
        ],
        [
          0.99482,
          -0.096401,
          0.032232,
          1.967059
        ],
        [
          -0.076274,
          -0.917577,
          -0.390174,
          1.6007
        ],
        [
          0.0,
          0.0,
          0.0,
          1.0
        ]
      ]
    },
    {
      "file_path": "/media/NFS/ttao/scannet/posed_images/scene0277_00/00070.jpg",
      "transform_matrix": [
        [
          0.103536,
          0.386674,
          -0.916386,
          1.60318
        ],
        [
          0.989864,
          -0.130101,
          0.056941,
          1.940769
        ],
        [
          -0.097205,
          -0.912993,
          -0.396225,
          1.614367
        ],
        [
          0.0,
          0.0,
          0.0,
          1.0
        ]
      ]
    },
    {
      "file_path": "/media/NFS/ttao/scannet/posed_images/scene0277_00/00075.jpg",
      "transform_matrix": [
        [
          0.158837,
          0.362459,
          -0.918365,
          1.568165
        ],
        [
          0.984259,
          -0.131137,
          0.118477,
          1.903641
        ],
        [
          -0.077488,
          -0.922728,
          -0.377583,
          1.609457
        ],
        [
          0.0,
          0.0,
          0.0,
          1.0
        ]
      ]
    },
    {
      "file_path": "/media/NFS/ttao/scannet/posed_images/scene0277_00/00078.jpg",
      "transform_matrix": [
        [
          0.190793,
          0.363961,
          -0.911663,
          1.53913
        ],
        [
          0.978413,
          -0.145642,
          0.146618,
          1.884031
        ],
        [
          -0.079414,
          -0.919957,
          -0.383892,
          1.605256
        ],
        [
          0.0,
          0.0,
          0.0,
          1.0
        ]
      ]
    },
    {
      "file_path": "/media/NFS/ttao/scannet/posed_images/scene0277_00/00079.jpg",
      "transform_matrix": [
        [
          0.199839,
          0.360747,
          -0.911002,
          1.530089
        ],
        [
          0.976869,
          -0.14556,
          0.156648,
          1.880481
        ],
        [
          -0.076095,
          -0.921235,
          -0.381492,
          1.600121
        ],
        [
          0.0,
          0.0,
          0.0,
          1.0
        ]
      ]
    },
    {
      "file_path": "/media/NFS/ttao/scannet/posed_images/scene0277_00/00086.jpg",
      "transform_matrix": [
        [
          0.256641,
          0.348283,
          -0.901573,
          1.444025
        ],
        [
          0.96261,
          -0.17578,
          0.206112,
          1.849723
        ],
        [
          -0.086693,
          -0.920761,
          -0.380374,
          1.583803
        ],
        [
          0.0,
          0.0,
          0.0,
          1.0
        ]
      ]
    },
    {
      "file_path": "/media/NFS/ttao/scannet/posed_images/scene0277_00/00090.jpg",
      "transform_matrix": [
        [
          0.284709,
          0.358451,
          -0.889075,
          1.390725
        ],
        [
          0.95549,
          -0.18092,
          0.233036,
          1.837079
        ],
        [
          -0.07732,
          -0.91585,
          -0.394006,
          1.573197
        ],
        [
          0.0,
          0.0,
          0.0,
          1.0
        ]
      ]
    },
    {
      "file_path": "/media/NFS/ttao/scannet/posed_images/scene0277_00/00094.jpg",
      "transform_matrix": [
        [
          0.275361,
          0.371867,
          -0.886505,
          1.34055
        ],
        [
          0.958483,
          -0.177249,
          0.223367,
          1.820385
        ],
        [
          -0.07407,
          -0.911207,
          -0.405236,
          1.577533
        ],
        [
          0.0,
          0.0,
          0.0,
          1.0
        ]
      ]
    },
    {
      "file_path": "/media/NFS/ttao/scannet/posed_images/scene0277_00/00095.jpg",
      "transform_matrix": [
        [
          0.274809,
          0.367308,
          -0.888574,
          1.331183
        ],
        [
          0.959048,
          -0.17066,
          0.226059,
          1.81774
        ],
        [
          -0.068611,
          -0.914308,
          -0.399165,
          1.578469
        ],
        [
          0.0,
          0.0,
          0.0,
          1.0
        ]
      ]
    },
    {
      "file_path": "/media/NFS/ttao/scannet/posed_images/scene0277_00/00100.jpg",
      "transform_matrix": [
        [
          0.292214,
          0.367972,
          -0.882727,
          1.286783
        ],
        [
          0.955375,
          -0.154051,
          0.252046,
          1.79682
        ],
        [
          -0.04324,
          -0.916987,
          -0.396567,
          1.571396
        ],
        [
          0.0,
          0.0,
          0.0,
          1.0
        ]
      ]
    },
    {
      "file_path": "/media/NFS/ttao/scannet/posed_images/scene0277_00/00102.jpg",
      "transform_matrix": [
        [
          0.299933,
          0.368456,
          -0.879932,
          1.273649
        ],
        [
          0.953281,
          -0.150551,
          0.261895,
          1.790652
        ],
        [
          -0.035978,
          -0.917374,
          -0.396397,
          1.570251
        ],
        [
          0.0,
          0.0,
          0.0,
          1.0
        ]
      ]
    },
    {
      "file_path": "/media/NFS/ttao/scannet/posed_images/scene0277_00/00108.jpg",
      "transform_matrix": [
        [
          0.37879,
          0.380074,
          -0.843837,
          1.232823
        ],
        [
          0.924915,
          -0.187398,
          0.330779,
          1.759313
        ],
        [
          -0.032413,
          -0.905773,
          -0.422521,
          1.559829
        ],
        [
          0.0,
          0.0,
          0.0,
          1.0
        ]
      ]
    },
    {
      "file_path": "/media/NFS/ttao/scannet/posed_images/scene0277_00/00113.jpg",
      "transform_matrix": [
        [
          -Infinity,
          -Infinity,
          -Infinity,
          -Infinity
        ],
        [
          -Infinity,
          -Infinity,
          -Infinity,
          -Infinity
        ],
        [
          -Infinity,
          -Infinity,
          -Infinity,
          -Infinity
        ],
        [
          -Infinity,
          -Infinity,
          -Infinity,
          -Infinity
        ]
      ]
    },
    {
      "file_path": "/media/NFS/ttao/scannet/posed_images/scene0277_00/00117.jpg",
      "transform_matrix": [
        [
          -Infinity,
          -Infinity,
          -Infinity,
          -Infinity
        ],
        [
          -Infinity,
          -Infinity,
          -Infinity,
          -Infinity
        ],
        [
          -Infinity,
          -Infinity,
          -Infinity,
          -Infinity
        ],
        [
          -Infinity,
          -Infinity,
          -Infinity,
          -Infinity
        ]
      ]
    },
    {
      "file_path": "/media/NFS/ttao/scannet/posed_images/scene0277_00/00120.jpg",
      "transform_matrix": [
        [
          -Infinity,
          -Infinity,
          -Infinity,
          -Infinity
        ],
        [
          -Infinity,
          -Infinity,
          -Infinity,
          -Infinity
        ],
        [
          -Infinity,
          -Infinity,
          -Infinity,
          -Infinity
        ],
        [
          -Infinity,
          -Infinity,
          -Infinity,
          -Infinity
        ]
      ]
    },
    {
      "file_path": "/media/NFS/ttao/scannet/posed_images/scene0277_00/00122.jpg",
      "transform_matrix": [
        [
          -Infinity,
          -Infinity,
          -Infinity,
          -Infinity
        ],
        [
          -Infinity,
          -Infinity,
          -Infinity,
          -Infinity
        ],
        [
          -Infinity,
          -Infinity,
          -Infinity,
          -Infinity
        ],
        [
          -Infinity,
          -Infinity,
          -Infinity,
          -Infinity
        ]
      ]
    },
    {
      "file_path": "/media/NFS/ttao/scannet/posed_images/scene0277_00/00125.jpg",
      "transform_matrix": [
        [
          -Infinity,
          -Infinity,
          -Infinity,
          -Infinity
        ],
        [
          -Infinity,
          -Infinity,
          -Infinity,
          -Infinity
        ],
        [
          -Infinity,
          -Infinity,
          -Infinity,
          -Infinity
        ],
        [
          -Infinity,
          -Infinity,
          -Infinity,
          -Infinity
        ]
      ]
    },
    {
      "file_path": "/media/NFS/ttao/scannet/posed_images/scene0277_00/00130.jpg",
      "transform_matrix": [
        [
          -Infinity,
          -Infinity,
          -Infinity,
          -Infinity
        ],
        [
          -Infinity,
          -Infinity,
          -Infinity,
          -Infinity
        ],
        [
          -Infinity,
          -Infinity,
          -Infinity,
          -Infinity
        ],
        [
          -Infinity,
          -Infinity,
          -Infinity,
          -Infinity
        ]
      ]
    },
    {
      "file_path": "/media/NFS/ttao/scannet/posed_images/scene0277_00/00135.jpg",
      "transform_matrix": [
        [
          -Infinity,
          -Infinity,
          -Infinity,
          -Infinity
        ],
        [
          -Infinity,
          -Infinity,
          -Infinity,
          -Infinity
        ],
        [
          -Infinity,
          -Infinity,
          -Infinity,
          -Infinity
        ],
        [
          -Infinity,
          -Infinity,
          -Infinity,
          -Infinity
        ]
      ]
    },
    {
      "file_path": "/media/NFS/ttao/scannet/posed_images/scene0277_00/00137.jpg",
      "transform_matrix": [
        [
          -Infinity,
          -Infinity,
          -Infinity,
          -Infinity
        ],
        [
          -Infinity,
          -Infinity,
          -Infinity,
          -Infinity
        ],
        [
          -Infinity,
          -Infinity,
          -Infinity,
          -Infinity
        ],
        [
          -Infinity,
          -Infinity,
          -Infinity,
          -Infinity
        ]
      ]
    },
    {
      "file_path": "/media/NFS/ttao/scannet/posed_images/scene0277_00/00144.jpg",
      "transform_matrix": [
        [
          -Infinity,
          -Infinity,
          -Infinity,
          -Infinity
        ],
        [
          -Infinity,
          -Infinity,
          -Infinity,
          -Infinity
        ],
        [
          -Infinity,
          -Infinity,
          -Infinity,
          -Infinity
        ],
        [
          -Infinity,
          -Infinity,
          -Infinity,
          -Infinity
        ]
      ]
    },
    {
      "file_path": "/media/NFS/ttao/scannet/posed_images/scene0277_00/00145.jpg",
      "transform_matrix": [
        [
          -Infinity,
          -Infinity,
          -Infinity,
          -Infinity
        ],
        [
          -Infinity,
          -Infinity,
          -Infinity,
          -Infinity
        ],
        [
          -Infinity,
          -Infinity,
          -Infinity,
          -Infinity
        ],
        [
          -Infinity,
          -Infinity,
          -Infinity,
          -Infinity
        ]
      ]
    },
    {
      "file_path": "/media/NFS/ttao/scannet/posed_images/scene0277_00/00150.jpg",
      "transform_matrix": [
        [
          -Infinity,
          -Infinity,
          -Infinity,
          -Infinity
        ],
        [
          -Infinity,
          -Infinity,
          -Infinity,
          -Infinity
        ],
        [
          -Infinity,
          -Infinity,
          -Infinity,
          -Infinity
        ],
        [
          -Infinity,
          -Infinity,
          -Infinity,
          -Infinity
        ]
      ]
    },
    {
      "file_path": "/media/NFS/ttao/scannet/posed_images/scene0277_00/00154.jpg",
      "transform_matrix": [
        [
          -Infinity,
          -Infinity,
          -Infinity,
          -Infinity
        ],
        [
          -Infinity,
          -Infinity,
          -Infinity,
          -Infinity
        ],
        [
          -Infinity,
          -Infinity,
          -Infinity,
          -Infinity
        ],
        [
          -Infinity,
          -Infinity,
          -Infinity,
          -Infinity
        ]
      ]
    },
    {
      "file_path": "/media/NFS/ttao/scannet/posed_images/scene0277_00/00159.jpg",
      "transform_matrix": [
        [
          -Infinity,
          -Infinity,
          -Infinity,
          -Infinity
        ],
        [
          -Infinity,
          -Infinity,
          -Infinity,
          -Infinity
        ],
        [
          -Infinity,
          -Infinity,
          -Infinity,
          -Infinity
        ],
        [
          -Infinity,
          -Infinity,
          -Infinity,
          -Infinity
        ]
      ]
    },
    {
      "file_path": "/media/NFS/ttao/scannet/posed_images/scene0277_00/00163.jpg",
      "transform_matrix": [
        [
          -Infinity,
          -Infinity,
          -Infinity,
          -Infinity
        ],
        [
          -Infinity,
          -Infinity,
          -Infinity,
          -Infinity
        ],
        [
          -Infinity,
          -Infinity,
          -Infinity,
          -Infinity
        ],
        [
          -Infinity,
          -Infinity,
          -Infinity,
          -Infinity
        ]
      ]
    },
    {
      "file_path": "/media/NFS/ttao/scannet/posed_images/scene0277_00/00167.jpg",
      "transform_matrix": [
        [
          -Infinity,
          -Infinity,
          -Infinity,
          -Infinity
        ],
        [
          -Infinity,
          -Infinity,
          -Infinity,
          -Infinity
        ],
        [
          -Infinity,
          -Infinity,
          -Infinity,
          -Infinity
        ],
        [
          -Infinity,
          -Infinity,
          -Infinity,
          -Infinity
        ]
      ]
    },
    {
      "file_path": "/media/NFS/ttao/scannet/posed_images/scene0277_00/00169.jpg",
      "transform_matrix": [
        [
          -Infinity,
          -Infinity,
          -Infinity,
          -Infinity
        ],
        [
          -Infinity,
          -Infinity,
          -Infinity,
          -Infinity
        ],
        [
          -Infinity,
          -Infinity,
          -Infinity,
          -Infinity
        ],
        [
          -Infinity,
          -Infinity,
          -Infinity,
          -Infinity
        ]
      ]
    },
    {
      "file_path": "/media/NFS/ttao/scannet/posed_images/scene0277_00/00174.jpg",
      "transform_matrix": [
        [
          0.977665,
          0.054441,
          -0.202993,
          1.434051
        ],
        [
          0.205587,
          -0.448279,
          0.869931,
          1.879316
        ],
        [
          -0.043638,
          -0.892234,
          -0.449459,
          1.34595
        ],
        [
          0.0,
          0.0,
          0.0,
          1.0
        ]
      ]
    },
    {
      "file_path": "/media/NFS/ttao/scannet/posed_images/scene0277_00/00178.jpg",
      "transform_matrix": [
        [
          0.982326,
          0.03508,
          -0.183861,
          1.447937
        ],
        [
          0.179644,
          -0.452578,
          0.873442,
          1.913349
        ],
        [
          -0.052571,
          -0.891035,
          -0.450881,
          1.348327
        ],
        [
          0.0,
          0.0,
          0.0,
          1.0
        ]
      ]
    },
    {
      "file_path": "/media/NFS/ttao/scannet/posed_images/scene0277_00/00181.jpg",
      "transform_matrix": [
        [
          0.985411,
          0.01271,
          -0.169716,
          1.460757
        ],
        [
          0.156212,
          -0.463336,
          0.872306,
          1.940971
        ],
        [
          -0.067549,
          -0.886091,
          -0.458562,
          1.350774
        ],
        [
          0.0,
          0.0,
          0.0,
          1.0
        ]
      ]
    },
    {
      "file_path": "/media/NFS/ttao/scannet/posed_images/scene0277_00/00183.jpg",
      "transform_matrix": [
        [
          0.987266,
          -0.001109,
          -0.159074,
          1.47003
        ],
        [
          0.139668,
          -0.472629,
          0.870124,
          1.96056
        ],
        [
          -0.076148,
          -0.881261,
          -0.466455,
          1.354158
        ],
        [
          0.0,
          0.0,
          0.0,
          1.0
        ]
      ]
    },
    {
      "file_path": "/media/NFS/ttao/scannet/posed_images/scene0277_00/00187.jpg",
      "transform_matrix": [
        [
          0.992428,
          -0.029929,
          -0.119123,
          1.489479
        ],
        [
          0.090263,
          -0.480022,
          0.8726,
          2.000358
        ],
        [
          -0.083297,
          -0.876746,
          -0.473686,
          1.353813
        ],
        [
          0.0,
          0.0,
          0.0,
          1.0
        ]
      ]
    },
    {
      "file_path": "/media/NFS/ttao/scannet/posed_images/scene0277_00/00191.jpg",
      "transform_matrix": [
        [
          0.997488,
          -0.047917,
          -0.052174,
          1.50492
        ],
        [
          0.023835,
          -0.466547,
          0.884176,
          2.044376
        ],
        [
          -0.066708,
          -0.883198,
          -0.464232,
          1.360595
        ],
        [
          0.0,
          0.0,
          0.0,
          1.0
        ]
      ]
    },
    {
      "file_path": "/media/NFS/ttao/scannet/posed_images/scene0277_00/00194.jpg",
      "transform_matrix": [
        [
          0.998022,
          -0.058809,
          -0.022227,
          1.520859
        ],
        [
          -0.008123,
          -0.471207,
          0.881985,
          2.074521
        ],
        [
          -0.062342,
          -0.88006,
          -0.470752,
          1.370269
        ],
        [
          0.0,
          0.0,
          0.0,
          1.0
        ]
      ]
    },
    {
      "file_path": "/media/NFS/ttao/scannet/posed_images/scene0277_00/00200.jpg",
      "transform_matrix": [
        [
          0.995295,
          -0.087663,
          0.041268,
          1.524018
        ],
        [
          -0.077179,
          -0.459791,
          0.884667,
          2.120771
        ],
        [
          -0.058578,
          -0.883689,
          -0.464394,
          1.392463
        ],
        [
          0.0,
          0.0,
          0.0,
          1.0
        ]
      ]
    },
    {
      "file_path": "/media/NFS/ttao/scannet/posed_images/scene0277_00/00205.jpg",
      "transform_matrix": [
        [
          0.989246,
          -0.1072,
          0.099498,
          1.530316
        ],
        [
          -0.137607,
          -0.451655,
          0.881517,
          2.150708
        ],
        [
          -0.04956,
          -0.885729,
          -0.46155,
          1.407624
        ],
        [
          0.0,
          0.0,
          0.0,
          1.0
        ]
      ]
    },
    {
      "file_path": "/media/NFS/ttao/scannet/posed_images/scene0277_00/00209.jpg",
      "transform_matrix": [
        [
          0.97858,
          -0.125306,
          0.163339,
          1.519893
        ],
        [
          -0.201551,
          -0.421548,
          0.884123,
          2.169024
        ],
        [
          -0.04193,
          -0.898107,
          -0.437774,
          1.4252
        ],
        [
          0.0,
          0.0,
          0.0,
          1.0
        ]
      ]
    },
    {
      "file_path": "/media/NFS/ttao/scannet/posed_images/scene0277_00/00213.jpg",
      "transform_matrix": [
        [
          0.966272,
          -0.140709,
          0.215682,
          1.497397
        ],
        [
          -0.253755,
          -0.377494,
          0.890565,
          2.178039
        ],
        [
          -0.043892,
          -0.915259,
          -0.400468,
          1.451336
        ],
        [
          0.0,
          0.0,
          0.0,
          1.0
        ]
      ]
    },
    {
      "file_path": "/media/NFS/ttao/scannet/posed_images/scene0277_00/00214.jpg",
      "transform_matrix": [
        [
          0.963355,
          -0.144847,
          0.225756,
          1.496178
        ],
        [
          -0.26415,
          -0.36609,
          0.892302,
          2.179421
        ],
        [
          -0.0466,
          -0.919237,
          -0.390937,
          1.458199
        ],
        [
          0.0,
          0.0,
          0.0,
          1.0
        ]
      ]
    },
    {
      "file_path": "/media/NFS/ttao/scannet/posed_images/scene0277_00/00221.jpg",
      "transform_matrix": [
        [
          0.940143,
          -0.178049,
          0.29057,
          1.468302
        ],
        [
          -0.333964,
          -0.311662,
          0.88957,
          2.181975
        ],
        [
          -0.067828,
          -0.933362,
          -0.352469,
          1.479747
        ],
        [
          0.0,
          0.0,
          0.0,
          1.0
        ]
      ]
    },
    {
      "file_path": "/media/NFS/ttao/scannet/posed_images/scene0277_00/00222.jpg",
      "transform_matrix": [
        [
          0.935266,
          -0.183786,
          0.30249,
          1.466169
        ],
        [
          -0.347098,
          -0.308935,
          0.885484,
          2.184719
        ],
        [
          -0.069289,
          -0.933157,
          -0.352728,
          1.484598
        ],
        [
          0.0,
          0.0,
          0.0,
          1.0
        ]
      ]
    },
    {
      "file_path": "/media/NFS/ttao/scannet/posed_images/scene0277_00/00225.jpg",
      "transform_matrix": [
        [
          0.91828,
          -0.200089,
          0.341653,
          1.472388
        ],
        [
          -0.388203,
          -0.285328,
          0.876292,
          2.186729
        ],
        [
          -0.077853,
          -0.937311,
          -0.339686,
          1.491285
        ],
        [
          0.0,
          0.0,
          0.0,
          1.0
        ]
      ]
    },
    {
      "file_path": "/media/NFS/ttao/scannet/posed_images/scene0277_00/00229.jpg",
      "transform_matrix": [
        [
          0.892264,
          -0.212064,
          0.398616,
          1.471679
        ],
        [
          -0.444159,
          -0.253535,
          0.859327,
          2.189067
        ],
        [
          -0.081169,
          -0.943795,
          -0.32041,
          1.50228
        ],
        [
          0.0,
          0.0,
          0.0,
          1.0
        ]
      ]
    },
    {
      "file_path": "/media/NFS/ttao/scannet/posed_images/scene0277_00/00233.jpg",
      "transform_matrix": [
        [
          0.861646,
          -0.220958,
          0.456885,
          1.469174
        ],
        [
          -0.500979,
          -0.226352,
          0.835335,
          2.190052
        ],
        [
          -0.081157,
          -0.948653,
          -0.305731,
          1.508504
        ],
        [
          0.0,
          0.0,
          0.0,
          1.0
        ]
      ]
    },
    {
      "file_path": "/media/NFS/ttao/scannet/posed_images/scene0277_00/00238.jpg",
      "transform_matrix": [
        [
          0.827707,
          -0.242114,
          0.506242,
          1.479193
        ],
        [
          -0.553361,
          -0.202264,
          0.808011,
          2.187726
        ],
        [
          -0.093236,
          -0.948931,
          -0.301391,
          1.514649
        ],
        [
          0.0,
          0.0,
          0.0,
          1.0
        ]
      ]
    },
    {
      "file_path": "/media/NFS/ttao/scannet/posed_images/scene0277_00/00240.jpg",
      "transform_matrix": [
        [
          0.812406,
          -0.243517,
          0.529808,
          1.480294
        ],
        [
          -0.576493,
          -0.199134,
          0.792466,
          2.189914
        ],
        [
          -0.087476,
          -0.949234,
          -0.302163,
          1.533012
        ],
        [
          0.0,
          0.0,
          0.0,
          1.0
        ]
      ]
    },
    {
      "file_path": "/media/NFS/ttao/scannet/posed_images/scene0277_00/00245.jpg",
      "transform_matrix": [
        [
          0.778841,
          -0.247549,
          0.576304,
          1.495232
        ],
        [
          -0.621037,
          -0.175645,
          0.763847,
          2.18331
        ],
        [
          -0.087865,
          -0.952821,
          -0.290537,
          1.534108
        ],
        [
          0.0,
          0.0,
          0.0,
          1.0
        ]
      ]
    },
    {
      "file_path": "/media/NFS/ttao/scannet/posed_images/scene0277_00/00248.jpg",
      "transform_matrix": [
        [
          0.773136,
          -0.251204,
          0.582372,
          1.501924
        ],
        [
          -0.629089,
          -0.186938,
          0.754521,
          2.185408
        ],
        [
          -0.080671,
          -0.949711,
          -0.302558,
          1.539948
        ],
        [
          0.0,
          0.0,
          0.0,
          1.0
        ]
      ]
    },
    {
      "file_path": "/media/NFS/ttao/scannet/posed_images/scene0277_00/00255.jpg",
      "transform_matrix": [
        [
          0.749857,
          -0.254131,
          0.610845,
          1.527723
        ],
        [
          -0.657592,
          -0.184814,
          0.730353,
          2.201567
        ],
        [
          -0.072713,
          -0.949348,
          -0.305699,
          1.54311
        ],
        [
          0.0,
          0.0,
          0.0,
          1.0
        ]
      ]
    },
    {
      "file_path": "/media/NFS/ttao/scannet/posed_images/scene0277_00/00256.jpg",
      "transform_matrix": [
        [
          0.746513,
          -0.255219,
          0.614476,
          1.535197
        ],
        [
          -0.661438,
          -0.184395,
          0.726979,
          2.206059
        ],
        [
          -0.072232,
          -0.949137,
          -0.306465,
          1.54573
        ],
        [
          0.0,
          0.0,
          0.0,
          1.0
        ]
      ]
    },
    {
      "file_path": "/media/NFS/ttao/scannet/posed_images/scene0277_00/00261.jpg",
      "transform_matrix": [
        [
          0.731356,
          -0.273602,
          0.624708,
          1.582695
        ],
        [
          -0.676702,
          -0.177222,
          0.714609,
          2.224264
        ],
        [
          -0.084807,
          -0.945375,
          -0.31476,
          1.548746
        ],
        [
          0.0,
          0.0,
          0.0,
          1.0
        ]
      ]
    },
    {
      "file_path": "/media/NFS/ttao/scannet/posed_images/scene0277_00/00267.jpg",
      "transform_matrix": [
        [
          0.696476,
          -0.265828,
          0.666526,
          1.633207
        ],
        [
          -0.71125,
          -0.132636,
          0.690312,
          2.260778
        ],
        [
          -0.095098,
          -0.954852,
          -0.281448,
          1.544209
        ],
        [
          0.0,
          0.0,
          0.0,
          1.0
        ]
      ]
    },
    {
      "file_path": "/media/NFS/ttao/scannet/posed_images/scene0277_00/00268.jpg",
      "transform_matrix": [
        [
          0.696885,
          -0.265417,
          0.666261,
          1.657096
        ],
        [
          -0.710343,
          -0.127454,
          0.692219,
          2.259688
        ],
        [
          -0.098809,
          -0.955672,
          -0.277358,
          1.555813
        ],
        [
          0.0,
          0.0,
          0.0,
          1.0
        ]
      ]
    },
    {
      "file_path": "/media/NFS/ttao/scannet/posed_images/scene0277_00/00274.jpg",
      "transform_matrix": [
        [
          0.676782,
          -0.269632,
          0.685029,
          1.683241
        ],
        [
          -0.727126,
          -0.099311,
          0.679283,
          2.312658
        ],
        [
          -0.115125,
          -0.957829,
          -0.263268,
          1.572096
        ],
        [
          0.0,
          0.0,
          0.0,
          1.0
        ]
      ]
    },
    {
      "file_path": "/media/NFS/ttao/scannet/posed_images/scene0277_00/00275.jpg",
      "transform_matrix": [
        [
          0.676129,
          -0.270514,
          0.685326,
          1.69779
        ],
        [
          -0.727882,
          -0.101093,
          0.67821,
          2.311942
        ],
        [
          -0.114184,
          -0.957394,
          -0.265254,
          1.572759
        ],
        [
          0.0,
          0.0,
          0.0,
          1.0
        ]
      ]
    },
    {
      "file_path": "/media/NFS/ttao/scannet/posed_images/scene0277_00/00282.jpg",
      "transform_matrix": [
        [
          0.632822,
          -0.301663,
          0.713116,
          1.759969
        ],
        [
          -0.76774,
          -0.124857,
          0.628478,
          2.348118
        ],
        [
          -0.100551,
          -0.945204,
          -0.310612,
          1.554901
        ],
        [
          0.0,
          0.0,
          0.0,
          1.0
        ]
      ]
    },
    {
      "file_path": "/media/NFS/ttao/scannet/posed_images/scene0277_00/00283.jpg",
      "transform_matrix": [
        [
          0.622038,
          -0.303849,
          0.721626,
          1.760219
        ],
        [
          -0.777032,
          -0.126097,
          0.616702,
          2.360819
        ],
        [
          -0.09639,
          -0.944339,
          -0.314538,
          1.556523
        ],
        [
          0.0,
          0.0,
          0.0,
          1.0
        ]
      ]
    },
    {
      "file_path": "/media/NFS/ttao/scannet/posed_images/scene0277_00/00286.jpg",
      "transform_matrix": [
        [
          0.596788,
          -0.327895,
          0.732344,
          1.772627
        ],
        [
          -0.795682,
          -0.123985,
          0.59289,
          2.380817
        ],
        [
          -0.103606,
          -0.936543,
          -0.334893,
          1.551334
        ],
        [
          0.0,
          0.0,
          0.0,
          1.0
        ]
      ]
    },
    {
      "file_path": "/media/NFS/ttao/scannet/posed_images/scene0277_00/00293.jpg",
      "transform_matrix": [
        [
          0.540042,
          -0.364868,
          0.758437,
          1.799007
        ],
        [
          -0.835583,
          -0.12453,
          0.535064,
          2.447327
        ],
        [
          -0.10078,
          -0.922694,
