{
  "frames": [
    {
      "file_path": "/media/NFS/ttao/scannet/posed_images/scene0018_00/00000.jpg",
      "transform_matrix": [
        [
          0.624751,
          -0.31057,
          0.716403,
          -0.212106
        ],
        [
          -0.780527,
          -0.273701,
          0.562018,
          0.775797
        ],
        [
          0.021534,
          -0.910293,
          -0.413403,
          1.619325
        ],
        [
          0.0,
          0.0,
          0.0,
          1.0
        ]
      ]
    },
    {
      "file_path": "/media/NFS/ttao/scannet/posed_images/scene0018_00/00002.jpg",
      "transform_matrix": [
        [
          0.626043,
          -0.313657,
          0.713926,
          -0.212996
        ],
        [
          -0.779508,
          -0.27628,
          0.562171,
          0.77858
        ],
        [
          0.020914,
          -0.908454,
          -0.417462,
          1.610364
        ],
        [
          0.0,
          0.0,
          0.0,
          1.0
        ]
      ]
    },
    {
      "file_path": "/media/NFS/ttao/scannet/posed_images/scene0018_00/00005.jpg",
      "transform_matrix": [
        [
          0.634258,
          -0.325725,
          0.701156,
          -0.205402
        ],
        [
          -0.772954,
          -0.286042,
          0.566324,
          0.791112
        ],
        [
          0.016094,
          -0.901157,
          -0.433195,
          1.601441
        ],
        [
          0.0,
          0.0,
          0.0,
          1.0
        ]
      ]
    },
    {
      "file_path": "/media/NFS/ttao/scannet/posed_images/scene0018_00/00009.jpg",
      "transform_matrix": [
        [
          0.642142,
          -0.354499,
          0.679694,
          -0.180935
        ],
        [
          -0.766394,
          -0.316707,
          0.558871,
          0.825968
        ],
        [
          0.017145,
          -0.879788,
          -0.475057,
          1.590205
        ],
        [
          0.0,
          0.0,
          0.0,
          1.0
        ]
      ]
    },
    {
      "file_path": "/media/NFS/ttao/scannet/posed_images/scene0018_00/00010.jpg",
      "transform_matrix": [
        [
          0.644835,
          -0.357161,
          0.67574,
          -0.171433
        ],
        [
          -0.764156,
          -0.319681,
          0.560241,
          0.834989
        ],
        [
          0.015925,
          -0.877633,
          -0.479068,
          1.582324
        ],
        [
          0.0,
          0.0,
          0.0,
          1.0
        ]
      ]
    },
    {
      "file_path": "/media/NFS/ttao/scannet/posed_images/scene0018_00/00015.jpg",
      "transform_matrix": [
        [
          0.665133,
          -0.374662,
          0.645931,
          -0.123114
        ],
        [
          -0.746615,
          -0.34852,
          0.566657,
          0.898676
        ],
        [
          0.012815,
          -0.859164,
          -0.51154,
          1.552179
        ],
        [
          0.0,
          0.0,
          0.0,
          1.0
        ]
      ]
    },
    {
      "file_path": "/media/NFS/ttao/scannet/posed_images/scene0018_00/00016.jpg",
      "transform_matrix": [
        [
          0.671826,
          -0.377007,
          0.637586,
          -0.110618
        ],
        [
          -0.740583,
          -0.357717,
          0.568836,
          0.913898
        ],
        [
          0.01362,
          -0.854344,
          -0.519529,
          1.54925
        ],
        [
          0.0,
          0.0,
          0.0,
          1.0
        ]
      ]
    },
    {
      "file_path": "/media/NFS/ttao/scannet/posed_images/scene0018_00/00020.jpg",
      "transform_matrix": [
        [
          0.70448,
          -0.376174,
          0.601832,
          -0.040615
        ],
        [
          -0.709313,
          -0.402024,
          0.579009,
          0.975784
        ],
        [
          0.024142,
          -0.834787,
          -0.550043,
          1.545978
        ],
        [
          0.0,
          0.0,
          0.0,
          1.0
        ]
      ]
    },
    {
      "file_path": "/media/NFS/ttao/scannet/posed_images/scene0018_00/00021.jpg",
      "transform_matrix": [
        [
          0.711334,
          -0.370093,
          0.597524,
          -0.025665
        ],
        [
          -0.702149,
          -0.412258,
          0.580543,
          0.99009
        ],
        [
          0.031479,
          -0.83251,
          -0.553114,
          1.539648
        ],
        [
          0.0,
          0.0,
          0.0,
          1.0
        ]
      ]
    },
    {
      "file_path": "/media/NFS/ttao/scannet/posed_images/scene0018_00/00025.jpg",
      "transform_matrix": [
        [
          0.733084,
          -0.375254,
          0.56725,
          0.048176
        ],
        [
          -0.678573,
          -0.460085,
          0.572591,
          1.042847
        ],
        [
          0.046116,
          -0.804677,
          -0.591918,
          1.522057
        ],
        [
          0.0,
          0.0,
          0.0,
          1.0
        ]
      ]
    },
    {
      "file_path": "/media/NFS/ttao/scannet/posed_images/scene0018_00/00028.jpg",
      "transform_matrix": [
        [
          0.750435,
          -0.394994,
          0.529931,
          0.105798
        ],
        [
          -0.65978,
          -0.495255,
          0.565166,
          1.082802
        ],
        [
          0.039214,
          -0.773758,
          -0.632266,
          1.523438
        ],
        [
          0.0,
          0.0,
          0.0,
          1.0
        ]
      ]
    },
    {
      "file_path": "/media/NFS/ttao/scannet/posed_images/scene0018_00/00030.jpg",
      "transform_matrix": [
        [
          0.769045,
          -0.397858,
          0.50028,
          0.143007
        ],
        [
          -0.638353,
          -0.518213,
          0.569175,
          1.105051
        ],
        [
          0.0328,
          -0.757076,
          -0.652503,
          1.517432
        ],
        [
          0.0,
          0.0,
          0.0,
          1.0
        ]
      ]
    },
    {
      "file_path": "/media/NFS/ttao/scannet/posed_images/scene0018_00/00032.jpg",
      "transform_matrix": [
        [
          0.792351,
          -0.389333,
          0.46968,
          0.176097
        ],
        [
          -0.609349,
          -0.542371,
          0.578384,
          1.127424
        ],
        [
          0.029557,
          -0.744482,
          -0.666988,
          1.507259
        ],
        [
          0.0,
          0.0,
          0.0,
          1.0
        ]
      ]
    },
    {
      "file_path": "/media/NFS/ttao/scannet/posed_images/scene0018_00/00037.jpg",
      "transform_matrix": [
        [
          0.874289,
          -0.335628,
          0.350676,
          0.261544
        ],
        [
          -0.484999,
          -0.633597,
          0.602769,
          1.19235
        ],
        [
          0.019881,
          -0.697071,
          -0.716726,
          1.471552
        ],
        [
          0.0,
          0.0,
          0.0,
          1.0
        ]
      ]
    },
    {
      "file_path": "/media/NFS/ttao/scannet/posed_images/scene0018_00/00038.jpg",
      "transform_matrix": [
        [
          0.890852,
          -0.313561,
          0.328728,
          0.278154
        ],
        [
          -0.453576,
          -0.654547,
          0.604845,
          1.206616
        ],
        [
          0.025512,
          -0.68793,
          -0.725328,
          1.464941
        ],
        [
          0.0,
          0.0,
          0.0,
          1.0
        ]
      ]
    },
    {
      "file_path": "/media/NFS/ttao/scannet/posed_images/scene0018_00/00041.jpg",
      "transform_matrix": [
        [
          0.935061,
          -0.218793,
          0.278909,
          0.320353
        ],
        [
          -0.348571,
          -0.710635,
          0.611144,
          1.249867
        ],
        [
          0.064488,
          -0.668676,
          -0.740752,
          1.44124
        ],
        [
          0.0,
          0.0,
          0.0,
          1.0
        ]
      ]
    },
    {
      "file_path": "/media/NFS/ttao/scannet/posed_images/scene0018_00/00045.jpg",
      "transform_matrix": [
        [
          0.977668,
          -0.102405,
          0.183519,
          0.38222
        ],
        [
          -0.192994,
          -0.783136,
          0.591144,
          1.294998
        ],
        [
          0.083184,
          -0.613361,
          -0.78541,
          1.422376
        ],
        [
          0.0,
          0.0,
          0.0,
          1.0
        ]
      ]
    },
    {
      "file_path": "/media/NFS/ttao/scannet/posed_images/scene0018_00/00046.jpg",
      "transform_matrix": [
        [
          0.98438,
          -0.069381,
          0.161809,
          0.395985
        ],
        [
          -0.152683,
          -0.794021,
          0.588403,
          1.306076
        ],
        [
          0.087656,
          -0.603917,
          -0.792212,
          1.419387
        ],
        [
          0.0,
          0.0,
          0.0,
          1.0
        ]
      ]
    },
    {
      "file_path": "/media/NFS/ttao/scannet/posed_images/scene0018_00/00049.jpg",
      "transform_matrix": [
        [
          0.994485,
          -0.003615,
          0.10482,
          0.43628
        ],
        [
          -0.062715,
          -0.821553,
          0.566672,
          1.339454
        ],
        [
          0.084066,
          -0.57012,
          -0.817249,
          1.414587
        ],
        [
          0.0,
          0.0,
          0.0,
          1.0
        ]
      ]
    },
    {
      "file_path": "/media/NFS/ttao/scannet/posed_images/scene0018_00/00053.jpg",
      "transform_matrix": [
        [
          0.997078,
          0.066383,
          0.037807,
          0.47598
        ],
        [
          0.033603,
          -0.825551,
          0.563326,
          1.391294
        ],
        [
          0.068607,
          -0.560409,
          -0.825369,
          1.422132
        ],
        [
          0.0,
          0.0,
          0.0,
          1.0
        ]
      ]
    },
    {
      "file_path": "/media/NFS/ttao/scannet/posed_images/scene0018_00/00054.jpg",
      "transform_matrix": [
        [
          0.996367,
          0.081475,
          0.024777,
          0.488061
        ],
        [
          0.053363,
          -0.824086,
          0.563945,
          1.404645
        ],
        [
          0.066366,
          -0.560575,
          -0.82544,
          1.422416
        ],
        [
          0.0,
          0.0,
          0.0,
          1.0
        ]
      ]
    },
    {
      "file_path": "/media/NFS/ttao/scannet/posed_images/scene0018_00/00058.jpg",
      "transform_matrix": [
        [
          0.992022,
          0.125507,
          -0.011881,
          0.540052
        ],
        [
          0.110526,
          -0.82052,
          0.56083,
          1.454433
        ],
        [
          0.060639,
          -0.557668,
          -0.827846,
          1.414055
        ],
        [
          0.0,
          0.0,
          0.0,
          1.0
        ]
      ]
    },
    {
      "file_path": "/media/NFS/ttao/scannet/posed_images/scene0018_00/00059.jpg",
      "transform_matrix": [
        [
          0.990952,
          0.132674,
          -0.02028,
          0.554303
        ],
        [
          0.120943,
          -0.817196,
          0.563528,
          1.468177
        ],
        [
          0.058192,
          -0.560882,
          -0.825848,
          1.412988
        ],
        [
          0.0,
          0.0,
          0.0,
          1.0
        ]
      ]
    },
    {
      "file_path": "/media/NFS/ttao/scannet/posed_images/scene0018_00/00062.jpg",
      "transform_matrix": [
        [
          0.987754,
          0.147716,
          -0.050228,
          0.595852
        ],
        [
          0.148655,
          -0.793259,
          0.590458,
          1.507339
        ],
        [
          0.047376,
          -0.590694,
          -0.805504,
          1.420997
        ],
        [
          0.0,
          0.0,
          0.0,
          1.0
        ]
      ]
    },
    {
      "file_path": "/media/NFS/ttao/scannet/posed_images/scene0018_00/00066.jpg",
      "transform_matrix": [
        [
          0.98704,
          0.134922,
          -0.086884,
          0.661459
        ],
        [
          0.158721,
          -0.740912,
          0.652577,
          1.561336
        ],
        [
          0.023674,
          -0.65791,
          -0.752724,
          1.446893
        ],
        [
          0.0,
          0.0,
          0.0,
          1.0
        ]
      ]
    },
    {
      "file_path": "/media/NFS/ttao/scannet/posed_images/scene0018_00/00068.jpg",
      "transform_matrix": [
        [
          0.986997,
          0.120241,
          -0.106671,
          0.695392
        ],
        [
          0.160726,
          -0.730333,
          0.663913,
          1.588994
        ],
        [
          0.001924,
          -0.672425,
          -0.740163,
          1.460125
        ],
        [
          0.0,
          0.0,
          0.0,
          1.0
        ]
      ]
    },
    {
      "file_path": "/media/NFS/ttao/scannet/posed_images/scene0018_00/00072.jpg",
      "transform_matrix": [
        [
          0.982142,
          0.115241,
          -0.148718,
          0.764415
        ],
        [
          0.187617,
          -0.65892,
          0.728439,
          1.613446
        ],
        [
          -0.014047,
          -0.743333,
          -0.668774,
          1.467911
        ],
        [
          0.0,
          0.0,
          0.0,
          1.0
        ]
      ]
    },
    {
      "file_path": "/media/NFS/ttao/scannet/posed_images/scene0018_00/00075.jpg",
      "transform_matrix": [
        [
          0.972107,
          0.130995,
          -0.194544,
          0.815537
        ],
        [
          0.233632,
          -0.613632,
          0.754236,
          1.63881
        ],
        [
          -0.020578,
          -0.77865,
          -0.627121,
          1.481764
        ],
        [
          0.0,
          0.0,
          0.0,
          1.0
        ]
      ]
    },
    {
      "file_path": "/media/NFS/ttao/scannet/posed_images/scene0018_00/00077.jpg",
      "transform_matrix": [
        [
          0.963647,
          0.153001,
          -0.21903,
          0.845452
        ],
        [
          0.266955,
          -0.584791,
          0.765999,
          1.650479
        ],
        [
          -0.010888,
          -0.796624,
          -0.604377,
          1.487967
        ],
        [
          0.0,
          0.0,
          0.0,
          1.0
        ]
      ]
    },
    {
      "file_path": "/media/NFS/ttao/scannet/posed_images/scene0018_00/00078.jpg",
      "transform_matrix": [
        [
          0.959002,
          0.163212,
          -0.23168,
          0.860036
        ],
        [
          0.28329,
          -0.574568,
          0.767866,
          1.656201
        ],
        [
          -0.007791,
          -0.802018,
          -0.597249,
          1.49181
        ],
        [
          0.0,
          0.0,
          0.0,
          1.0
        ]
      ]
    },
    {
      "file_path": "/media/NFS/ttao/scannet/posed_images/scene0018_00/00082.jpg",
      "transform_matrix": [
        [
          0.944649,
          0.192377,
          -0.265762,
          0.898922
        ],
        [
          0.327674,
          -0.512805,
          0.793512,
          1.659172
        ],
        [
          0.016369,
          -0.836673,
          -0.547458,
          1.496782
        ],
        [
          0.0,
          0.0,
          0.0,
          1.0
        ]
      ]
    },
    {
      "file_path": "/media/NFS/ttao/scannet/posed_images/scene0018_00/00084.jpg",
      "transform_matrix": [
        [
          0.939553,
          0.197366,
          -0.2798,
          0.918101
        ],
        [
          0.341726,
          -0.489047,
          0.802531,
          1.665517
        ],
        [
          0.021557,
          -0.849635,
          -0.52693,
          1.507559
        ],
        [
          0.0,
          0.0,
          0.0,
          1.0
        ]
      ]
    },
    {
      "file_path": "/media/NFS/ttao/scannet/posed_images/scene0018_00/00087.jpg",
      "transform_matrix": [
        [
          0.94261,
          0.182655,
          -0.279506,
          0.941939
        ],
        [
          0.333245,
          -0.462387,
          0.821673,
          1.676789
        ],
        [
          0.020843,
          -0.867661,
          -0.49672,
          1.522388
        ],
        [
          0.0,
          0.0,
          0.0,
          1.0
        ]
      ]
    },
    {
      "file_path": "/media/NFS/ttao/scannet/posed_images/scene0018_00/00091.jpg",
      "transform_matrix": [
        [
          0.968617,
          0.12322,
          -0.215867,
          0.949259
        ],
        [
          0.248357,
          -0.444796,
          0.860509,
          1.694339
        ],
        [
          0.010015,
          -0.887115,
          -0.461439,
          1.543807
        ],
        [
          0.0,
          0.0,
          0.0,
          1.0
        ]
      ]
    },
    {
      "file_path": "/media/NFS/ttao/scannet/posed_images/scene0018_00/00094.jpg",
      "transform_matrix": [
        [
          0.984954,
          0.072901,
          -0.156685,
          0.95724
        ],
        [
          0.172652,
          -0.454355,
          0.87393,
          1.720834
        ],
        [
          -0.00748,
          -0.887833,
          -0.460105,
          1.555668
        ],
        [
          0.0,
          0.0,
          0.0,
          1.0
        ]
      ]
    },
    {
      "file_path": "/media/NFS/ttao/scannet/posed_images/scene0018_00/00096.jpg",
      "transform_matrix": [
        [
          0.993022,
          0.043689,
          -0.109537,
          0.958989
        ],
        [
          0.117349,
          -0.458,
          0.881173,
          1.739884
        ],
        [
          -0.011671,
          -0.887878,
          -0.459931,
          1.561572
        ],
        [
          0.0,
          0.0,
          0.0,
          1.0
        ]
      ]
    },
    {
      "file_path": "/media/NFS/ttao/scannet/posed_images/scene0018_00/00098.jpg",
      "transform_matrix": [
        [
          0.99801,
          0.020526,
          -0.059622,
          0.95614
        ],
        [
          0.062332,
          -0.463979,
          0.88365,
          1.758595
        ],
        [
          -0.009526,
          -0.885608,
          -0.464336,
          1.565711
        ],
        [
          0.0,
          0.0,
          0.0,
          1.0
        ]
      ]
    },
    {
      "file_path": "/media/NFS/ttao/scannet/posed_images/scene0018_00/00102.jpg",
      "transform_matrix": [
        [
          0.998897,
          -0.028871,
          0.037025,
          0.93039
        ],
        [
          -0.046232,
          -0.467406,
          0.882833,
          1.792117
        ],
        [
          -0.008183,
          -0.883571,
          -0.468225,
          1.572902
        ],
        [
          0.0,
          0.0,
          0.0,
          1.0
        ]
      ]
    },
    {
      "file_path": "/media/NFS/ttao/scannet/posed_images/scene0018_00/00104.jpg",
      "transform_matrix": [
        [
          0.996111,
          -0.048205,
          0.073753,
          0.918456
        ],
        [
          -0.087745,
          -0.46674,
          0.880031,
          1.808624
        ],
        [
          -0.007999,
          -0.88308,
          -0.469155,
          1.572918
        ],
        [
          0.0,
          0.0,
          0.0,
          1.0
        ]
      ]
    },
    {
      "file_path": "/media/NFS/ttao/scannet/posed_images/scene0018_00/00106.jpg",
      "transform_matrix": [
        [
          0.991197,
          -0.067816,
          0.113703,
          0.904592
        ],
        [
          -0.132244,
          -0.46664,
          0.874505,
          1.826026
        ],
        [
          -0.006247,
          -0.881844,
          -0.471501,
          1.571997
        ],
        [
          0.0,
          0.0,
          0.0,
          1.0
        ]
      ]
    },
    {
      "file_path": "/media/NFS/ttao/scannet/posed_images/scene0018_00/00108.jpg",
      "transform_matrix": [
        [
          0.983464,
          -0.09173,
          0.156152,
          0.889864
        ],
        [
          -0.180971,
          -0.46499,
          0.866622,
          1.843281
        ],
        [
          -0.006887,
          -0.880551,
          -0.473901,
          1.569553
        ],
        [
          0.0,
          0.0,
          0.0,
          1.0
        ]
      ]
    },
    {
      "file_path": "/media/NFS/ttao/scannet/posed_images/scene0018_00/00111.jpg",
      "transform_matrix": [
        [
          0.96267,
          -0.143285,
          0.229642,
          0.866463
        ],
        [
          -0.27049,
          -0.477701,
          0.835845,
          1.872261
        ],
        [
          -0.010064,
          -0.866759,
          -0.498626,
          1.567916
        ],
        [
          0.0,
          0.0,
          0.0,
          1.0
        ]
      ]
    },
    {
      "file_path": "/media/NFS/ttao/scannet/posed_images/scene0018_00/00114.jpg",
      "transform_matrix": [
        [
          0.93288,
          -0.195371,
          0.302598,
          0.850399
        ],
        [
          -0.359971,
          -0.476568,
          0.802062,
          1.891441
        ],
        [
          -0.012491,
          -0.857154,
          -0.514909,
          1.563474
        ],
        [
          0.0,
          0.0,
          0.0,
          1.0
        ]
      ]
    },
    {
      "file_path": "/media/NFS/ttao/scannet/posed_images/scene0018_00/00117.jpg",
      "transform_matrix": [
        [
          0.894126,
          -0.24374,
          0.375671,
          0.843602
        ],
        [
          -0.447754,
          -0.472774,
          0.758947,
          1.898071
        ],
        [
          -0.007378,
          -0.846803,
          -0.531856,
          1.555389
        ],
        [
          0.0,
          0.0,
          0.0,
          1.0
        ]
      ]
    },
    {
      "file_path": "/media/NFS/ttao/scannet/posed_images/scene0018_00/00119.jpg",
      "transform_matrix": [
        [
          0.866763,
          -0.285453,
          0.408948,
          0.843178
        ],
        [
          -0.498587,
          -0.476969,
          0.723817,
          1.894858
        ],
        [
          -0.01156,
          -0.831274,
          -0.555742,
          1.550793
        ],
        [
          0.0,
          0.0,
          0.0,
          1.0
        ]
      ]
    },
    {
      "file_path": "/media/NFS/ttao/scannet/posed_images/scene0018_00/00124.jpg",
      "transform_matrix": [
        [
          0.801398,
          -0.310241,
          0.511382,
          0.814804
        ],
        [
          -0.597382,
          -0.457941,
          0.65835,
          1.869895
        ],
        [
          0.029936,
          -0.833091,
          -0.552325,
          1.546827
        ],
        [
          0.0,
          0.0,
          0.0,
          1.0
        ]
      ]
    },
    {
      "file_path": "/media/NFS/ttao/scannet/posed_images/scene0018_00/00126.jpg",
      "transform_matrix": [
        [
          0.780537,
          -0.314316,
          0.540341,
          0.80766
        ],
        [
          -0.624013,
          -0.442962,
          0.643733,
          1.85123
        ],
        [
          0.037015,
          -0.839637,
          -0.541885,
          1.548341
        ],
        [
          0.0,
          0.0,
          0.0,
          1.0
        ]
      ]
    },
    {
      "file_path": "/media/NFS/ttao/scannet/posed_images/scene0018_00/00128.jpg",
      "transform_matrix": [
        [
          0.762102,
          -0.31503,
          0.565647,
          0.80084
        ],
        [
          -0.646195,
          -0.424614,
          0.634141,
          1.830349
        ],
        [
          0.040408,
          -0.848799,
          -0.52717,
          1.552684
        ],
        [
          0.0,
          0.0,
          0.0,
          1.0
        ]
      ]
    },
    {
      "file_path": "/media/NFS/ttao/scannet/posed_images/scene0018_00/00132.jpg",
      "transform_matrix": [
        [
          0.728855,
          -0.316899,
          0.606915,
          0.785504
        ],
        [
          -0.682901,
          -0.400119,
          0.611188,
          1.785065
        ],
        [
          0.049153,
          -0.85993,
          -0.508039,
          1.554251
        ],
        [
          0.0,
          0.0,
          0.0,
          1.0
        ]
      ]
    },
    {
      "file_path": "/media/NFS/ttao/scannet/posed_images/scene0018_00/00135.jpg",
      "transform_matrix": [
        [
          0.703032,
          -0.332962,
          0.628396,
          0.777721
        ],
        [
          -0.70956,
          -0.387609,
          0.588458,
          1.750544
        ],
        [
          0.047638,
          -0.85959,
          -0.508758,
          1.549086
        ],
        [
          0.0,
          0.0,
          0.0,
          1.0
        ]
      ]
    },
    {
      "file_path": "/media/NFS/ttao/scannet/posed_images/scene0018_00/00136.jpg",
      "transform_matrix": [
        [
          0.694461,
          -0.341436,
          0.63336,
          0.775666
        ],
        [
          -0.718059,
          -0.385122,
          0.579717,
          1.739379
        ],
        [
          0.045985,
          -0.857381,
          -0.512623,
          1.546488
        ],
        [
          0.0,
          0.0,
          0.0,
          1.0
        ]
      ]
    },
    {
      "file_path": "/media/NFS/ttao/scannet/posed_images/scene0018_00/00140.jpg",
      "transform_matrix": [
        [
          0.661662,
          -0.414787,
          0.624624,
          0.780652
        ],
        [
          -0.749024,
          -0.403576,
          0.525441,
          1.699594
        ],
        [
          0.034137,
          -0.815523,
          -0.577717,
          1.533394
        ],
        [
          0.0,
          0.0,
          0.0,
          1.0
        ]
      ]
    },
    {
      "file_path": "/media/NFS/ttao/scannet/posed_images/scene0018_00/00141.jpg",
      "transform_matrix": [
        [
          0.65375,
          -0.430959,
          0.622002,
          0.779376
        ],
        [
          -0.755929,
          -0.409278,
          0.510943,
          1.69178
        ],
        [
          0.034376,
          -0.804218,
          -0.593339,
          1.526306
        ],
        [
          0.0,
          0.0,
          0.0,
          1.0
        ]
      ]
    },
    {
      "file_path": "/media/NFS/ttao/scannet/posed_images/scene0018_00/00144.jpg",
      "transform_matrix": [
        [
          0.637458,
          -0.459743,
          0.618291,
          0.768038
        ],
        [
          -0.768979,
          -0.429785,
          0.47324,
          1.672443
        ],
        [
          0.048163,
          -0.777123,
          -0.627503,
          1.504588
        ],
        [
          0.0,
          0.0,
          0.0,
          1.0
        ]
      ]
    },
    {
      "file_path": "/media/NFS/ttao/scannet/posed_images/scene0018_00/00147.jpg",
      "transform_matrix": [
        [
          0.635981,
          -0.485563,
          0.599797,
          0.754782
        ],
        [
          -0.769812,
          -0.453578,
          0.449061,
          1.658844
        ],
        [
          0.054008,
          -0.747326,
          -0.662259,
          1.482179
        ],
        [
          0.0,
          0.0,
          0.0,
          1.0
        ]
      ]
    },
    {
      "file_path": "/media/NFS/ttao/scannet/posed_images/scene0018_00/00150.jpg",
      "transform_matrix": [
        [
          0.645345,
          -0.510064,
          0.568651,
          0.744385
        ],
        [
          -0.761823,
          -0.484488,
          0.429998,
          1.655719
        ],
        [
          0.056178,
          -0.710708,
          -0.70124,
          1.465867
        ],
        [
          0.0,
          0.0,
          0.0,
          1.0
        ]
      ]
    },
    {
      "file_path": "/media/NFS/ttao/scannet/posed_images/scene0018_00/00154.jpg",
      "transform_matrix": [
        [
          0.657115,
          -0.526169,
          0.539765,
          0.72967
        ],
        [
          -0.752235,
          -0.503723,
          0.424742,
          1.653267
        ],
        [
          0.048406,
          -0.685134,
          -0.726807,
          1.44027
        ],
        [
          0.0,
          0.0,
          0.0,
          1.0
        ]
      ]
    },
    {
      "file_path": "/media/NFS/ttao/scannet/posed_images/scene0018_00/00155.jpg",
      "transform_matrix": [
        [
          0.662448,
          -0.530055,
          0.529343,
          0.73138
        ],
        [
          -0.748057,
          -0.505492,
          0.429987,
          1.653664
        ],
        [
          0.039661,
          -0.680822,
          -0.731374,
          1.437436
        ],
        [
          0.0,
          0.0,
          0.0,
          1.0
        ]
      ]
    },
    {
      "file_path": "/media/NFS/ttao/scannet/posed_images/scene0018_00/00157.jpg",
      "transform_matrix": [
        [
          0.674204,
          -0.529863,
          0.514485,
          0.734174
        ],
        [
          -0.738067,
          -0.508461,
          0.443537,
          1.657945
        ],
        [
          0.026582,
          -0.678759,
          -0.73388,
          1.43568
        ],
        [
          0.0,
          0.0,
          0.0,
          1.0
        ]
      ]
    },
    {
      "file_path": "/media/NFS/ttao/scannet/posed_images/scene0018_00/00162.jpg",
      "transform_matrix": [
        [
          0.699069,
          -0.457644,
          0.549423,
          0.76017
        ],
        [
          -0.714981,
          -0.458368,
          0.527921,
          1.669682
        ],
        [
          0.010238,
          -0.76188,
          -0.647637,
          1.457
        ],
        [
          0.0,
          0.0,
          0.0,
          1.0
        ]
      ]
    },
    {
      "file_path": "/media/NFS/ttao/scannet/posed_images/scene0018_00/00164.jpg",
      "transform_matrix": [
        [
          0.713495,
          -0.417778,
          0.562482,
          0.775995
        ],
        [
          -0.700656,
          -0.422378,
          0.575046,
          1.676922
        ],
        [
          -0.002662,
          -0.804399,
          -0.594083,
          1.478117
        ],
        [
          0.0,
          0.0,
          0.0,
          1.0
        ]
      ]
    },
    {
      "file_path": "/media/NFS/ttao/scannet/posed_images/scene0018_00/00167.jpg",
      "transform_matrix": [
        [
          0.744091,
          -0.350988,
          0.56845,
          0.797661
        ],
        [
          -0.667738,
          -0.363574,
          0.649569,
          1.691753
        ],
        [
          -0.021318,
          -0.862914,
          -0.5049,
          1.512994
        ],
        [
          0.0,
          0.0,
          0.0,
          1.0
        ]
      ]
    },
    {
      "file_path": "/media/NFS/ttao/scannet/posed_images/scene0018_00/00169.jpg",
      "transform_matrix": [
        [
          0.767144,
          -0.305206,
          0.564216,
          0.809916
        ],
        [
          -0.640965,
          -0.329622,
          0.69319,
          1.704643
        ],
        [
          -0.025588,
          -0.893419,
          -0.448494,
          1.536154
        ],
        [
          0.0,
          0.0,
          0.0,
          1.0
        ]
      ]
    },
    {
      "file_path": "/media/NFS/ttao/scannet/posed_images/scene0018_00/00171.jpg",
      "transform_matrix": [
        [
          0.784768,
          -0.278762,
          0.553563,
          0.818921
        ],
        [
          -0.619276,
          -0.316296,
          0.718647,
          1.726903
        ],
        [
          -0.025241,
          -0.906779,
          -0.420849,
          1.564135
        ],
        [
          0.0,
          0.0,
          0.0,
          1.0
        ]
      ]
    },
    {
      "file_path": "/media/NFS/ttao/scannet/posed_images/scene0018_00/00174.jpg",
      "transform_matrix": [
        [
          0.824193,
          -0.218592,
          0.52242,
          0.827842
        ],
        [
          -0.565721,
          -0.275813,
          0.777101,
          1.746858
        ],
        [
          -0.025777,
          -0.936026,
          -0.350986,
          1.596102
        ],
        [
          0.0,
          0.0,
          0.0,
          1.0
        ]
      ]
    },
    {
      "file_path": "/media/NFS/ttao/scannet/posed_images/scene0018_00/00176.jpg",
      "transform_matrix": [
        [
          0.850722,
          -0.192995,
          0.488901,
          0.8309
        ],
        [
          -0.52434,
          -0.246844,
          0.814945,
          1.758673
        ],
        [
          -0.036598,
          -0.949643,
          -0.31119,
          1.619872
        ],
        [
          0.0,
          0.0,
          0.0,
          1.0
        ]
      ]
    },
    {
      "file_path": "/media/NFS/ttao/scannet/posed_images/scene0018_00/00181.jpg",
      "transform_matrix": [
        [
          0.908647,
          -0.128723,
          0.39723,
          0.831751
        ],
        [
          -0.414782,
          -0.168577,
          0.894169,
          1.769088
        ],
        [
          -0.048136,
          -0.977247,
          -0.206569,
          1.648483
        ],
        [
          0.0,
          0.0,
          0.0,
          1.0
        ]
      ]
    },
    {
      "file_path": "/media/NFS/ttao/scannet/posed_images/scene0018_00/00183.jpg",
      "transform_matrix": [
        [
          0.927427,
          -0.123985,
          0.352856,
          0.832582
        ],
        [
          -0.369705,
          -0.161261,
          0.915048,
          1.775348
        ],
        [
          -0.05655,
          -0.979093,
          -0.195395,
          1.662203
        ],
        [
          0.0,
          0.0,
          0.0,
          1.0
        ]
      ]
    },
    {
      "file_path": "/media/NFS/ttao/scannet/posed_images/scene0018_00/00184.jpg",
      "transform_matrix": [
        [
          0.937219,
          -0.119571,
          0.327601,
          0.833318
        ],
        [
          -0.343751,
          -0.158404,
          0.925605,
          1.778393
        ],
        [
          -0.058783,
          -0.980108,
          -0.189562,
          1.668471
        ],
        [
          0.0,
          0.0,
          0.0,
          1.0
        ]
      ]
    },
    {
      "file_path": "/media/NFS/ttao/scannet/posed_images/scene0018_00/00189.jpg",
      "transform_matrix": [
        [
          0.974937,
          -0.089913,
          0.203501,
          0.841484
        ],
        [
          -0.213637,
          -0.123036,
          0.969134,
          1.775347
        ],
        [
          -0.0621,
          -0.988321,
          -0.139161,
          1.692343
        ],
        [
          0.0,
          0.0,
          0.0,
          1.0
        ]
      ]
    },
    {
      "file_path": "/media/NFS/ttao/scannet/posed_images/scene0018_00/00190.jpg",
      "transform_matrix": [
        [
          0.980645,
          -0.080301,
          0.178571,
          0.844684
        ],
        [
          -0.187576,
          -0.123819,
          0.974415,
          1.774298
        ],
        [
          -0.056136,
          -0.98905,
          -0.136484,
          1.693784
        ],
        [
          0.0,
          0.0,
          0.0,
          1.0
        ]
      ]
    },
    {
      "file_path": "/media/NFS/ttao/scannet/posed_images/scene0018_00/00194.jpg",
      "transform_matrix": [
        [
          0.995836,
          -0.059136,
          0.069385,
          0.86565
        ],
        [
          -0.075104,
          -0.100726,
          0.992075,
          1.758783
        ],
        [
          -0.051678,
          -0.993155,
          -0.104748,
          1.712948
        ],
        [
          0.0,
          0.0,
          0.0,
          1.0
        ]
      ]
    },
    {
      "file_path": "/media/NFS/ttao/scannet/posed_images/scene0018_00/00197.jpg",
      "transform_matrix": [
        [
          0.998837,
          -0.047165,
          -0.010014,
          0.889418
        ],
        [
          0.005378,
          -0.097397,
          0.995231,
          1.742568
        ],
        [
          -0.047916,
          -0.994127,
          -0.09703,
          1.721122
        ],
        [
          0.0,
          0.0,
          0.0,
          1.0
        ]
      ]
    },
    {
      "file_path": "/media/NFS/ttao/scannet/posed_images/scene0018_00/00198.jpg",
      "transform_matrix": [
        [
          0.998645,
          -0.039661,
          -0.033688,
          0.897093
        ],
        [
          0.029592,
          -0.099704,
          0.994577,
          1.737992
        ],
        [
          -0.042805,
          -0.994226,
          -0.098395,
          1.723074
        ],
        [
          0.0,
          0.0,
          0.0,
          1.0
        ]
      ]
    },
    {
      "file_path": "/media/NFS/ttao/scannet/posed_images/scene0018_00/00203.jpg",
      "transform_matrix": [
        [
          0.990068,
          -0.013058,
          -0.139983,
          0.949093
        ],
        [
          0.138061,
          -0.097736,
          0.985589,
          1.718678
        ],
        [
          -0.026552,
          -0.995127,
          -0.094963,
          1.737595
        ],
        [
          0.0,
          0.0,
          0.0,
          1.0
        ]
      ]
    },
    {
      "file_path": "/media/NFS/ttao/scannet/posed_images/scene0018_00/00204.jpg",
      "transform_matrix": [
        [
          0.987043,
          -0.012856,
          -0.159937,
          0.958991
        ],
        [
          0.157979,
          -0.096499,
          0.982716,
          1.715995
        ],
        [
          -0.028068,
          -0.99525,
          -0.093218,
          1.739303
        ],
        [
          0.0,
          0.0,
          0.0,
          1.0
        ]
      ]
    },
    {
      "file_path": "/media/NFS/ttao/scannet/posed_images/scene0018_00/00208.jpg",
      "transform_matrix": [
        [
          0.975317,
          -0.007151,
          -0.220692,
          0.998699
        ],
        [
          0.219543,
          -0.075422,
          0.972683,
          1.709971
        ],
        [
          -0.023601,
          -0.997126,
          -0.07199,
          1.746583
        ],
        [
          0.0,
          0.0,
          0.0,
          1.0
        ]
      ]
    },
    {
      "file_path": "/media/NFS/ttao/scannet/posed_images/scene0018_00/00209.jpg",
      "transform_matrix": [
        [
          0.972719,
          -0.003112,
          -0.231965,
          1.009398
        ],
        [
          0.231145,
          -0.072059,
          0.970247,
          1.711926
        ],
        [
          -0.019734,
          -0.997396,
          -0.069374,
          1.746533
