{
  "frames": [
    {
      "file_path": "/media/NFS/ttao/scannet/posed_images/scene0635_01/00000.jpg",
      "transform_matrix": [
        [
          0.829201,
          -0.304275,
          0.468873,
          1.595101
        ],
        [
          -0.558721,
          -0.475226,
          0.6797,
          1.090293
        ],
        [
          0.016005,
          -0.825577,
          -0.564063,
          1.244437
        ],
        [
          0.0,
          0.0,
          0.0,
          1.0
        ]
      ]
    },
    {
      "file_path": "/media/NFS/ttao/scannet/posed_images/scene0635_01/00011.jpg",
      "transform_matrix": [
        [
          0.807844,
          -0.293039,
          0.511386,
          1.612254
        ],
        [
          -0.588699,
          -0.443352,
          0.675923,
          1.086785
        ],
        [
          0.028652,
          -0.847093,
          -0.530672,
          1.273905
        ],
        [
          0.0,
          0.0,
          0.0,
          1.0
        ]
      ]
    },
    {
      "file_path": "/media/NFS/ttao/scannet/posed_images/scene0635_01/00013.jpg",
      "transform_matrix": [
        [
          0.809637,
          -0.293019,
          0.508555,
          1.612927
        ],
        [
          -0.586363,
          -0.441932,
          0.678877,
          1.080566
        ],
        [
          0.025823,
          -0.847842,
          -0.52962,
          1.266421
        ],
        [
          0.0,
          0.0,
          0.0,
          1.0
        ]
      ]
    },
    {
      "file_path": "/media/NFS/ttao/scannet/posed_images/scene0635_01/00022.jpg",
      "transform_matrix": [
        [
          0.782708,
          -0.365172,
          0.504002,
          1.614546
        ],
        [
          -0.622297,
          -0.473161,
          0.623591,
          1.079338
        ],
        [
          0.010756,
          -0.801728,
          -0.597592,
          1.208215
        ],
        [
          0.0,
          0.0,
          0.0,
          1.0
        ]
      ]
    },
    {
      "file_path": "/media/NFS/ttao/scannet/posed_images/scene0635_01/00029.jpg",
      "transform_matrix": [
        [
          0.776938,
          -0.37559,
          0.505271,
          1.612288
        ],
        [
          -0.629084,
          -0.494892,
          0.599446,
          1.069891
        ],
        [
          0.024909,
          -0.783591,
          -0.620778,
          1.167946
        ],
        [
          0.0,
          0.0,
          0.0,
          1.0
        ]
      ]
    },
    {
      "file_path": "/media/NFS/ttao/scannet/posed_images/scene0635_01/00040.jpg",
      "transform_matrix": [
        [
          0.733627,
          -0.433549,
          0.523285,
          1.588867
        ],
        [
          -0.675703,
          -0.547246,
          0.493911,
          1.062743
        ],
        [
          0.072231,
          -0.715932,
          -0.694424,
          1.115446
        ],
        [
          0.0,
          0.0,
          0.0,
          1.0
        ]
      ]
    },
    {
      "file_path": "/media/NFS/ttao/scannet/posed_images/scene0635_01/00049.jpg",
      "transform_matrix": [
        [
          0.660492,
          -0.449421,
          0.601474,
          1.567835
        ],
        [
          -0.746205,
          -0.481716,
          0.459486,
          1.094768
        ],
        [
          0.083237,
          -0.75231,
          -0.65353,
          1.160084
        ],
        [
          0.0,
          0.0,
          0.0,
          1.0
        ]
      ]
    },
    {
      "file_path": "/media/NFS/ttao/scannet/posed_images/scene0635_01/00051.jpg",
      "transform_matrix": [
        [
          0.640125,
          -0.463222,
          0.612916,
          1.567319
        ],
        [
          -0.763887,
          -0.468862,
          0.443447,
          1.116137
        ],
        [
          0.081958,
          -0.75206,
          -0.653979,
          1.18423
        ],
        [
          0.0,
          0.0,
          0.0,
          1.0
        ]
      ]
    },
    {
      "file_path": "/media/NFS/ttao/scannet/posed_images/scene0635_01/00062.jpg",
      "transform_matrix": [
        [
          0.599106,
          -0.44426,
          0.666112,
          1.550488
        ],
        [
          -0.800339,
          -0.356212,
          0.482256,
          1.187611
        ],
        [
          0.02303,
          -0.822038,
          -0.568967,
          1.259254
        ],
        [
          0.0,
          0.0,
          0.0,
          1.0
        ]
      ]
    },
    {
      "file_path": "/media/NFS/ttao/scannet/posed_images/scene0635_01/00071.jpg",
      "transform_matrix": [
        [
          0.558291,
          -0.398895,
          0.727457,
          1.568215
        ],
        [
          -0.829554,
          -0.281395,
          0.482345,
          1.278039
        ],
        [
          0.012298,
          -0.872754,
          -0.488005,
          1.271955
        ],
        [
          0.0,
          0.0,
          0.0,
          1.0
        ]
      ]
    },
    {
      "file_path": "/media/NFS/ttao/scannet/posed_images/scene0635_01/00078.jpg",
      "transform_matrix": [
        [
          0.492561,
          -0.342915,
          0.79987,
          1.615274
        ],
        [
          -0.870158,
          -0.209308,
          0.446111,
          1.371974
        ],
        [
          0.014441,
          -0.915751,
          -0.401487,
          1.307022
        ],
        [
          0.0,
          0.0,
          0.0,
          1.0
        ]
      ]
    },
    {
      "file_path": "/media/NFS/ttao/scannet/posed_images/scene0635_01/00084.jpg",
      "transform_matrix": [
        [
          0.438057,
          -0.29621,
          0.848744,
          1.634017
        ],
        [
          -0.898259,
          -0.181162,
          0.400388,
          1.458666
        ],
        [
          0.035161,
          -0.937785,
          -0.345433,
          1.322165
        ],
        [
          0.0,
          0.0,
          0.0,
          1.0
        ]
      ]
    },
    {
      "file_path": "/media/NFS/ttao/scannet/posed_images/scene0635_01/00093.jpg",
      "transform_matrix": [
        [
          0.343948,
          -0.236359,
          0.908754,
          1.64462
        ],
        [
          -0.938382,
          -0.121317,
          0.323608,
          1.579107
        ],
        [
          0.033759,
          -0.964063,
          -0.263522,
          1.346079
        ],
        [
          0.0,
          0.0,
          0.0,
          1.0
        ]
      ]
    },
    {
      "file_path": "/media/NFS/ttao/scannet/posed_images/scene0635_01/00100.jpg",
      "transform_matrix": [
        [
          0.237424,
          -0.230975,
          0.943547,
          1.641336
        ],
        [
          -0.971254,
          -0.073651,
          0.226367,
          1.693717
        ],
        [
          0.017208,
          -0.970168,
          -0.241822,
          1.374699
        ],
        [
          0.0,
          0.0,
          0.0,
          1.0
        ]
      ]
    },
    {
      "file_path": "/media/NFS/ttao/scannet/posed_images/scene0635_01/00104.jpg",
      "transform_matrix": [
        [
          0.191192,
          -0.230912,
          0.954005,
          1.639957
        ],
        [
          -0.981529,
          -0.051687,
          0.184198,
          1.753644
        ],
        [
          0.006776,
          -0.971601,
          -0.236529,
          1.387162
        ],
        [
          0.0,
          0.0,
          0.0,
          1.0
        ]
      ]
    },
    {
      "file_path": "/media/NFS/ttao/scannet/posed_images/scene0635_01/00113.jpg",
      "transform_matrix": [
        [
          0.158149,
          -0.29695,
          0.941706,
          1.643484
        ],
        [
          -0.987316,
          -0.034027,
          0.155079,
          1.86791
        ],
        [
          -0.014008,
          -0.954287,
          -0.298565,
          1.341557
        ],
        [
          0.0,
          0.0,
          0.0,
          1.0
        ]
      ]
    },
    {
      "file_path": "/media/NFS/ttao/scannet/posed_images/scene0635_01/00118.jpg",
      "transform_matrix": [
        [
          0.127492,
          -0.320603,
          0.938594,
          1.64885
        ],
        [
          -0.991817,
          -0.034845,
          0.122819,
          1.920258
        ],
        [
          -0.006671,
          -0.946572,
          -0.322422,
          1.307555
        ],
        [
          0.0,
          0.0,
          0.0,
          1.0
        ]
      ]
    },
    {
      "file_path": "/media/NFS/ttao/scannet/posed_images/scene0635_01/00124.jpg",
      "transform_matrix": [
        [
          0.123959,
          -0.349874,
          0.928559,
          1.649274
        ],
        [
          -0.991989,
          -0.066627,
          0.107322,
          1.964284
        ],
        [
          0.024318,
          -0.934424,
          -0.35533,
          1.252168
        ],
        [
          0.0,
          0.0,
          0.0,
          1.0
        ]
      ]
    },
    {
      "file_path": "/media/NFS/ttao/scannet/posed_images/scene0635_01/00138.jpg",
      "transform_matrix": [
        [
          0.204013,
          -0.401621,
          0.892793,
          1.643277
        ],
        [
          -0.97735,
          -0.135976,
          0.162167,
          1.982018
        ],
        [
          0.056269,
          -0.905655,
          -0.420265,
          1.219745
        ],
        [
          0.0,
          0.0,
          0.0,
          1.0
        ]
      ]
    },
    {
      "file_path": "/media/NFS/ttao/scannet/posed_images/scene0635_01/00140.jpg",
      "transform_matrix": [
        [
          0.224295,
          -0.403092,
          0.887248,
          1.642031
        ],
        [
          -0.973016,
          -0.143209,
          0.180915,
          1.969777
        ],
        [
          0.054137,
          -0.903885,
          -0.424336,
          1.221905
        ],
        [
          0.0,
          0.0,
          0.0,
          1.0
        ]
      ]
    },
    {
      "file_path": "/media/NFS/ttao/scannet/posed_images/scene0635_01/00146.jpg",
      "transform_matrix": [
        [
          0.279751,
          -0.393187,
          0.875867,
          1.65652
        ],
        [
          -0.959331,
          -0.150329,
          0.238925,
          1.904871
        ],
        [
          0.037726,
          -0.907086,
          -0.419251,
          1.249737
        ],
        [
          0.0,
          0.0,
          0.0,
          1.0
        ]
      ]
    },
    {
      "file_path": "/media/NFS/ttao/scannet/posed_images/scene0635_01/00153.jpg",
      "transform_matrix": [
        [
          0.327272,
          -0.377197,
          0.866381,
          1.692454
        ],
        [
          -0.944923,
          -0.134186,
          0.29852,
          1.794676
        ],
        [
          0.003656,
          -0.91636,
          -0.400338,
          1.286766
        ],
        [
          0.0,
          0.0,
          0.0,
          1.0
        ]
      ]
    },
    {
      "file_path": "/media/NFS/ttao/scannet/posed_images/scene0635_01/00166.jpg",
      "transform_matrix": [
        [
          0.464784,
          -0.333965,
          0.820026,
          1.783915
        ],
        [
          -0.885423,
          -0.176416,
          0.430003,
          1.580126
        ],
        [
          0.001059,
          -0.925929,
          -0.377696,
          1.313454
        ],
        [
          0.0,
          0.0,
          0.0,
          1.0
        ]
      ]
    },
    {
      "file_path": "/media/NFS/ttao/scannet/posed_images/scene0635_01/00171.jpg",
      "transform_matrix": [
        [
          0.486715,
          -0.334119,
          0.807139,
          1.808163
        ],
        [
          -0.873546,
          -0.191522,
          0.447478,
          1.544975
        ],
        [
          0.005074,
          -0.922867,
          -0.385085,
          1.322005
        ],
        [
          0.0,
          0.0,
          0.0,
          1.0
        ]
      ]
    },
    {
      "file_path": "/media/NFS/ttao/scannet/posed_images/scene0635_01/00178.jpg",
      "transform_matrix": [
        [
          0.5293,
          -0.329507,
          0.781836,
          1.832326
        ],
        [
          -0.848402,
          -0.213663,
          0.484316,
          1.514717
        ],
        [
          0.007464,
          -0.919659,
          -0.392646,
          1.331249
        ],
        [
          0.0,
          0.0,
          0.0,
          1.0
        ]
      ]
    },
    {
      "file_path": "/media/NFS/ttao/scannet/posed_images/scene0635_01/00189.jpg",
      "transform_matrix": [
        [
          0.499647,
          -0.23911,
          0.832574,
          1.876175
        ],
        [
          -0.865288,
          -0.182568,
          0.466847,
          1.483426
        ],
        [
          0.040374,
          -0.953675,
          -0.298119,
          1.40429
        ],
        [
          0.0,
          0.0,
          0.0,
          1.0
        ]
      ]
    },
    {
      "file_path": "/media/NFS/ttao/scannet/posed_images/scene0635_01/00193.jpg",
      "transform_matrix": [
        [
          0.499578,
          -0.212914,
          0.839696,
          1.871201
        ],
        [
          -0.866011,
          -0.146421,
          0.478107,
          1.470494
        ],
        [
          0.021153,
          -0.966038,
          -0.257535,
          1.425532
        ],
        [
          0.0,
          0.0,
          0.0,
          1.0
        ]
      ]
    },
    {
      "file_path": "/media/NFS/ttao/scannet/posed_images/scene0635_01/00200.jpg",
      "transform_matrix": [
        [
          0.463692,
          -0.173209,
          0.8689,
          1.842314
        ],
        [
          -0.885899,
          -0.105175,
          0.451798,
          1.450894
        ],
        [
          0.013132,
          -0.979253,
          -0.202214,
          1.438976
        ],
        [
          0.0,
          0.0,
          0.0,
          1.0
        ]
      ]
    },
    {
      "file_path": "/media/NFS/ttao/scannet/posed_images/scene0635_01/00211.jpg",
      "transform_matrix": [
        [
          0.443213,
          -0.185003,
          0.877118,
          1.774449
        ],
        [
          -0.896107,
          -0.065732,
          0.438944,
          1.422987
        ],
        [
          -0.023552,
          -0.980537,
          -0.194916,
          1.456964
        ],
        [
          0.0,
          0.0,
          0.0,
          1.0
        ]
      ]
    },
    {
      "file_path": "/media/NFS/ttao/scannet/posed_images/scene0635_01/00213.jpg",
      "transform_matrix": [
        [
          0.442321,
          -0.172428,
          0.880126,
          1.764986
        ],
        [
          -0.896586,
          -0.060887,
          0.438665,
          1.41862
        ],
        [
          -0.022049,
          -0.983139,
          -0.181528,
          1.462772
        ],
        [
          0.0,
          0.0,
          0.0,
          1.0
        ]
      ]
    },
    {
      "file_path": "/media/NFS/ttao/scannet/posed_images/scene0635_01/00226.jpg",
      "transform_matrix": [
        [
          0.338193,
          0.052475,
          0.939613,
          1.702031
        ],
        [
          -0.940564,
          -0.014092,
          0.339323,
          1.414359
        ],
        [
          0.031047,
          -0.998523,
          0.04459,
          1.499954
        ],
        [
          0.0,
          0.0,
          0.0,
          1.0
        ]
      ]
    },
    {
      "file_path": "/media/NFS/ttao/scannet/posed_images/scene0635_01/00231.jpg",
      "transform_matrix": [
        [
          0.309203,
          0.061448,
          0.949009,
          1.691008
        ],
        [
          -0.950526,
          -0.0114,
          0.310436,
          1.429867
        ],
        [
          0.029895,
          -0.998045,
          0.054883,
          1.509255
        ],
        [
          0.0,
          0.0,
          0.0,
          1.0
        ]
      ]
    },
    {
      "file_path": "/media/NFS/ttao/scannet/posed_images/scene0635_01/00235.jpg",
      "transform_matrix": [
        [
          0.300587,
          0.055901,
          0.952115,
          1.678314
        ],
        [
          -0.953404,
          -0.009433,
          0.301548,
          1.44266
        ],
        [
          0.025838,
          -0.998392,
          0.050461,
          1.512205
        ],
        [
          0.0,
          0.0,
          0.0,
          1.0
        ]
      ]
    },
    {
      "file_path": "/media/NFS/ttao/scannet/posed_images/scene0635_01/00242.jpg",
      "transform_matrix": [
        [
          0.223969,
          0.02572,
          0.974257,
          1.66368
        ],
        [
          -0.974544,
          -0.004411,
          0.224152,
          1.473219
        ],
        [
          0.010063,
          -0.999659,
          0.024077,
          1.503923
        ],
        [
          0.0,
          0.0,
          0.0,
          1.0
        ]
      ]
    },
    {
      "file_path": "/media/NFS/ttao/scannet/posed_images/scene0635_01/00251.jpg",
      "transform_matrix": [
        [
          0.140619,
          0.026447,
          0.98971,
          1.648711
        ],
        [
          -0.990047,
          0.0095,
          0.140413,
          1.499409
        ],
        [
          -0.005689,
          -0.999605,
          0.02752,
          1.532653
        ],
        [
          0.0,
          0.0,
          0.0,
          1.0
        ]
      ]
    },
    {
      "file_path": "/media/NFS/ttao/scannet/posed_images/scene0635_01/00260.jpg",
      "transform_matrix": [
        [
          0.083934,
          0.100634,
          0.991377,
          1.622224
        ],
        [
          -0.99647,
          0.006585,
          0.083696,
          1.527886
        ],
        [
          0.001895,
          -0.994902,
          0.100832,
          1.53684
        ],
        [
          0.0,
          0.0,
          0.0,
          1.0
        ]
      ]
    },
    {
      "file_path": "/media/NFS/ttao/scannet/posed_images/scene0635_01/00268.jpg",
      "transform_matrix": [
        [
          0.021672,
          0.140843,
          0.989795,
          1.606248
        ],
        [
          -0.999578,
          -0.016131,
          0.024182,
          1.514697
        ],
        [
          0.019372,
          -0.9899,
          0.140434,
          1.555442
        ],
        [
          0.0,
          0.0,
          0.0,
          1.0
        ]
      ]
    },
    {
      "file_path": "/media/NFS/ttao/scannet/posed_images/scene0635_01/00275.jpg",
      "transform_matrix": [
        [
          -0.071877,
          0.075197,
          0.994575,
          1.617757
        ],
        [
          -0.997117,
          -0.029712,
          -0.069815,
          1.505589
        ],
        [
          0.024301,
          -0.996726,
          0.077116,
          1.492203
        ],
        [
          0.0,
          0.0,
          0.0,
          1.0
        ]
      ]
    },
    {
      "file_path": "/media/NFS/ttao/scannet/posed_images/scene0635_01/00284.jpg",
      "transform_matrix": [
        [
          -0.121569,
          -0.088796,
          0.988603,
          1.649341
        ],
        [
          -0.992582,
          0.009186,
          -0.121233,
          1.507599
        ],
        [
          0.001683,
          -0.996007,
          -0.089254,
          1.452521
        ],
        [
          0.0,
          0.0,
          0.0,
          1.0
        ]
      ]
    },
    {
      "file_path": "/media/NFS/ttao/scannet/posed_images/scene0635_01/00286.jpg",
      "transform_matrix": [
        [
          -0.128167,
          -0.114664,
          0.985102,
          1.655684
        ],
        [
          -0.991749,
          0.017647,
          -0.126977,
          1.514307
        ],
        [
          -0.002824,
          -0.993248,
          -0.115979,
          1.445743
        ],
        [
          0.0,
          0.0,
          0.0,
          1.0
        ]
      ]
    },
    {
      "file_path": "/media/NFS/ttao/scannet/posed_images/scene0635_01/00300.jpg",
      "transform_matrix": [
        [
          -0.156342,
          -0.231777,
          0.960123,
          1.711997
        ],
        [
          -0.985848,
          -0.022936,
          -0.166068,
          1.539488
        ],
        [
          0.060512,
          -0.972499,
          -0.224911,
          1.383781
        ],
        [
          0.0,
          0.0,
          0.0,
          1.0
        ]
      ]
    },
    {
      "file_path": "/media/NFS/ttao/scannet/posed_images/scene0635_01/00302.jpg",
      "transform_matrix": [
        [
          -0.162892,
          -0.250618,
          0.954283,
          1.720721
        ],
        [
          -0.984028,
          -0.029126,
          -0.175618,
          1.550927
        ],
        [
          0.071807,
          -0.967648,
          -0.241871,
          1.355106
        ],
        [
          0.0,
          0.0,
          0.0,
          1.0
        ]
      ]
    },
    {
      "file_path": "/media/NFS/ttao/scannet/posed_images/scene0635_01/00311.jpg",
      "transform_matrix": [
        [
          -0.213434,
          -0.364312,
          0.906489,
          1.79117
        ],
        [
          -0.97605,
          0.039526,
          -0.213927,
          1.56084
        ],
        [
          0.042106,
          -0.930438,
          -0.364023,
          1.302566
        ],
        [
          0.0,
          0.0,
          0.0,
          1.0
        ]
      ]
    },
    {
      "file_path": "/media/NFS/ttao/scannet/posed_images/scene0635_01/00322.jpg",
      "transform_matrix": [
        [
          -0.318516,
          -0.439143,
          0.84006,
          1.847937
        ],
        [
          -0.947788,
          0.13289,
          -0.289894,
          1.616182
        ],
        [
          0.015669,
          -0.888535,
          -0.458542,
          1.262806
        ],
        [
          0.0,
          0.0,
          0.0,
          1.0
        ]
      ]
    },
    {
      "file_path": "/media/NFS/ttao/scannet/posed_images/scene0635_01/00326.jpg",
      "transform_matrix": [
        [
          -0.338453,
          -0.452334,
          0.825132,
          1.857167
        ],
        [
          -0.940516,
          0.134996,
          -0.311777,
          1.645856
        ],
        [
          0.029638,
          -0.881572,
          -0.471118,
          1.255238
        ],
        [
          0.0,
          0.0,
          0.0,
          1.0
        ]
      ]
    },
    {
      "file_path": "/media/NFS/ttao/scannet/posed_images/scene0635_01/00335.jpg",
      "transform_matrix": [
        [
          -0.405574,
          -0.484948,
          0.774813,
          1.863909
        ],
        [
          -0.912117,
          0.159442,
          -0.377652,
          1.740068
        ],
        [
          0.059604,
          -0.859886,
          -0.506995,
          1.234861
        ],
        [
          0.0,
          0.0,
          0.0,
          1.0
        ]
      ]
    },
    {
      "file_path": "/media/NFS/ttao/scannet/posed_images/scene0635_01/00344.jpg",
      "transform_matrix": [
        [
          -0.448314,
          -0.493683,
          0.745179,
          1.864904
        ],
        [
          -0.891799,
          0.190233,
          -0.410494,
          1.831191
        ],
        [
          0.060896,
          -0.84858,
          -0.525551,
          1.224995
        ],
        [
          0.0,
          0.0,
          0.0,
          1.0
        ]
      ]
    },
    {
      "file_path": "/media/NFS/ttao/scannet/posed_images/scene0635_01/00346.jpg",
      "transform_matrix": [
        [
          -0.454067,
          -0.493271,
          0.741962,
          1.859578
        ],
        [
          -0.888459,
          0.188226,
          -0.418584,
          1.841097
        ],
        [
          0.066819,
          -0.849267,
          -0.523718,
          1.220059
        ],
        [
          0.0,
          0.0,
          0.0,
          1.0
        ]
      ]
    },
    {
      "file_path": "/media/NFS/ttao/scannet/posed_images/scene0635_01/00359.jpg",
      "transform_matrix": [
        [
          -0.424749,
          -0.580066,
          0.695062,
          1.787944
        ],
        [
          -0.9019,
          0.204546,
          -0.380443,
          1.842882
        ],
        [
          0.07851,
          -0.78847,
          -0.610042,
          1.183806
        ],
        [
          0.0,
          0.0,
          0.0,
          1.0
        ]
      ]
    },
    {
      "file_path": "/media/NFS/ttao/scannet/posed_images/scene0635_01/00364.jpg",
      "transform_matrix": [
        [
          -0.396118,
          -0.596224,
          0.698289,
          1.743286
        ],
        [
          -0.916457,
          0.209891,
          -0.340665,
          1.830895
        ],
        [
          0.056548,
          -0.774895,
          -0.629555,
          1.179499
        ],
        [
          0.0,
          0.0,
          0.0,
          1.0
        ]
      ]
    },
    {
      "file_path": "/media/NFS/ttao/scannet/posed_images/scene0635_01/00371.jpg",
      "transform_matrix": [
        [
          -0.403394,
          -0.608688,
          0.683207,
          1.700223
        ],
        [
          -0.913373,
          0.222995,
          -0.340622,
          1.832591
        ],
        [
          0.05498,
          -0.761428,
          -0.645914,
          1.168047
        ],
        [
          0.0,
          0.0,
          0.0,
          1.0
        ]
      ]
    },
    {
      "file_path": "/media/NFS/ttao/scannet/posed_images/scene0635_01/00377.jpg",
      "transform_matrix": [
        [
          -0.451018,
          -0.606437,
          0.654841,
          1.688154
        ],
        [
          -0.889255,
          0.242684,
          -0.387724,
          1.828561
        ],
        [
          0.07621,
          -0.757191,
          -0.648732,
          1.16963
        ],
        [
          0.0,
          0.0,
          0.0,
          1.0
        ]
      ]
    },
    {
      "file_path": "/media/NFS/ttao/scannet/posed_images/scene0635_01/00384.jpg",
      "transform_matrix": [
        [
          -0.548575,
          -0.564779,
          0.616514,
          1.688981
        ],
        [
          -0.830206,
          0.280537,
          -0.481724,
          1.824916
        ],
        [
          0.099113,
          -0.776095,
          -0.622779,
          1.179477
        ],
        [
          0.0,
          0.0,
          0.0,
          1.0
        ]
      ]
    },
    {
      "file_path": "/media/NFS/ttao/scannet/posed_images/scene0635_01/00395.jpg",
      "transform_matrix": [
        [
          -0.676844,
          -0.450465,
          0.582206,
          1.706331
        ],
        [
          -0.727979,
          0.292251,
          -0.620191,
          1.823563
        ],
        [
          0.109224,
          -0.843606,
          -0.525737,
          1.231304
        ],
        [
          0.0,
          0.0,
          0.0,
          1.0
        ]
      ]
    },
    {
      "file_path": "/media/NFS/ttao/scannet/posed_images/scene0635_01/00404.jpg",
      "transform_matrix": [
        [
          -0.749628,
          -0.348122,
          0.562911,
          1.715758
        ],
        [
          -0.657551,
          0.294831,
          -0.693327,
          1.822748
        ],
        [
          0.075399,
          -0.88988,
          -0.449922,
          1.259393
        ],
        [
          0.0,
          0.0,
          0.0,
          1.0
        ]
      ]
    },
    {
      "file_path": "/media/NFS/ttao/scannet/posed_images/scene0635_01/00406.jpg",
      "transform_matrix": [
        [
          -0.752876,
          -0.336538,
          0.565615,
          1.718121
        ],
        [
          -0.654378,
          0.290718,
          -0.69805,
          1.824337
        ],
        [
          0.070485,
          -0.89567,
          -0.439097,
          1.26475
        ],
        [
          0.0,
          0.0,
          0.0,
          1.0
        ]
      ]
    },
    {
      "file_path": "/media/NFS/ttao/scannet/posed_images/scene0635_01/00413.jpg",
      "transform_matrix": [
        [
          -0.741357,
          -0.315033,
          0.592574,
          1.72458
        ],
        [
          -0.667406,
          0.253436,
          -0.700242,
          1.824782
        ],
        [
          0.07042,
          -0.914617,
          -0.398142,
          1.292172
        ],
        [
          0.0,
          0.0,
          0.0,
          1.0
        ]
      ]
    },
    {
      "file_path": "/media/NFS/ttao/scannet/posed_images/scene0635_01/00422.jpg",
      "transform_matrix": [
        [
          -0.732374,
          -0.270684,
          0.624787,
          1.730112
        ],
        [
          -0.679454,
          0.230699,
          -0.696506,
          1.818153
        ],
        [
          0.044395,
          -0.934617,
          -0.352875,
          1.330302
        ],
        [
          0.0,
          0.0,
          0.0,
          1.0
        ]
      ]
    },
    {
      "file_path": "/media/NFS/ttao/scannet/posed_images/scene0635_01/00433.jpg",
      "transform_matrix": [
        [
          -0.708752,
          -0.233497,
          0.665696,
          1.732525
        ],
        [
          -0.704702,
          0.190661,
          -0.683406,
          1.801225
        ],
        [
          0.032651,
          -0.953482,
          -0.299677,
          1.380976
        ],
        [
          0.0,
          0.0,
          0.0,
          1.0
        ]
      ]
    },
    {
      "file_path": "/media/NFS/ttao/scannet/posed_images/scene0635_01/00437.jpg",
      "transform_matrix": [
        [
          -0.701188,
          -0.217069,
          0.679129,
          1.727554
        ],
        [
          -0.712036,
          0.164288,
          -0.682652,
          1.791584
        ],
        [
          0.03661,
          -0.962232,
          -0.269758,
          1.396457
        ],
        [
          0.0,
          0.0,
          0.0,
          1.0
        ]
      ]
    },
    {
      "file_path": "/media/NFS/ttao/scannet/posed_images/scene0635_01/00448.jpg",
      "transform_matrix": [
        [
          -0.684102,
          -0.135708,
          0.71665,
          1.714255
        ],
        [
          -0.729078,
          0.098649,
          -0.677285,
          1.771473
        ],
        [
          0.021216,
          -0.985825,
          -0.166428,
          1.441947
        ],
        [
          0.0,
          0.0,
          0.0,
          1.0
        ]
      ]
    },
    {
      "file_path": "/media/NFS/ttao/scannet/posed_images/scene0635_01/00450.jpg",
      "transform_matrix": [
        [
          -0.686371,
          -0.122299,
          0.716894,
          1.714273
        ],
        [
          -0.72701,
          0.089978,
          -0.680706,
          1.77283
        ],
        [
          0.018745,
          -0.988406,
          -0.150671,
          1.438198
        ],
        [
          0.0,
          0.0,
          0.0,
          1.0
        ]
      ]
    },
    {
      "file_path": "/media/NFS/ttao/scannet/posed_images/scene0635_01/00457.jpg",
      "transform_matrix": [
        [
          -0.694728,
          -0.102388,
          0.711948,
          1.712039
        ],
        [
          -0.719026,
          0.072962,
          -0.691142,
          1.761954
        ],
        [
          0.018819,
          -0.992065,
          -0.124308,
          1.455546
        ],
        [
          0.0,
          0.0,
          0.0,
          1.0
        ]
      ]
    },
    {
      "file_path": "/media/NFS/ttao/scannet/posed_images/scene0635_01/00464.jpg",
      "transform_matrix": [
        [
          -0.666541,
          -0.075441,
          0.741642,
          1.708129
        ],
        [
          -0.745325,
          0.04789,
          -0.664979,
          1.767318
        ],
        [
          0.014649,
          -0.996,
          -0.088149,
          1.477042
        ],
        [
          0.0,
          0.0,
          0.0,
          1.0
        ]
      ]
    },
    {
      "file_path": "/media/NFS/ttao/scannet/posed_images/scene0635_01/00477.jpg",
      "transform_matrix": [
        [
          -0.560826,
          0.031377,
          0.827339,
          1.699087
        ],
        [
          -0.827929,
          -0.017591,
          -0.560558,
          1.799703
        ],
        [
          -0.003035,
          -0.999353,
          0.035843,
          1.529729
        ],
        [
          0.0,
          0.0,
          0.0,
          1.0
        ]
      ]
    },
    {
      "file_path": "/media/NFS/ttao/scannet/posed_images/scene0635_01/00479.jpg",
      "transform_matrix": [
        [
          -0.555226,
          0.044403,
          0.830514,
          1.695729
        ],
        [
          -0.83169,
          -0.024784,
          -0.554687,
          1.797899
        ],
        [
          -0.004046,
          -0.998706,
          0.05069,
          1.540504
        ],
        [
          0.0,
          0.0,
          0.0,
          1.0
        ]
      ]
    },
    {
      "file_path": "/media/NFS/ttao/scannet/posed_images/scene0635_01/00486.jpg",
      "transform_matrix": [
        [
          -0.566514,
          0.089774,
          0.819147,
          1.700636
        ],
        [
          -0.824048,
          -0.06473,
          -0.56281,
          1.816552
        ],
        [
          0.002498,
          -0.993856,
          0.110649,
          1.56799
        ],
        [
          0.0,
          0.0,
          0.0,
          1.0
        ]
      ]
    },
    {
      "file_path": "/media/NFS/ttao/scannet/posed_images/scene0635_01/00499.jpg",
      "transform_matrix": [
        [
          -0.584612,
          0.180792,
          0.790913,
          1.681113
        ],
        [
          -0.810781,
          -0.165492,
          -0.561469,
          1.839194
        ],
        [
          0.029381,
          -0.969498,
          0.243332,
          1.586027
        ],
        [
          0.0,
          0.0,
          0.0,
          1.0
        ]
      ]
    },
    {
      "file_path": "/media/NFS/ttao/scannet/posed_images/scene0635_01/00504.jpg",
      "transform_matrix": [
        [
          -0.592196,
          0.187125,
          0.783765,
          1.662397
        ],
        [
          -0.804906,
          -0.183024,
          -0.564472,
          1.826617
        ],
        [
          0.037821,
          -0.965136,
          0.259004,
          1.581752
        ],
        [
          0.0,
          0.0,
          0.0,
          1.0
        ]
      ]
    },
    {
      "file_path": "/media/NFS/ttao/scannet/posed_images/scene0635_01/00508.jpg",
      "transform_matrix": [
        [
          -0.610768,
          0.190876,
          0.768459,
          1.659856
        ],
        [
          -0.790532,
          -0.202098,
          -0.578114,
          1.830762
        ],
        [
          0.044956,
          -0.960585,
          0.274328,
          1.592056
        ],
        [
          0.0,
          0.0,
          0.0,
          1.0
        ]
      ]
    },
    {
      "file_path": "/media/NFS/ttao/scannet/posed_images/scene0635_01/00519.jpg",
      "transform_matrix": [
        [
          -0.666499,
          0.163812,
          0.727285,
          1.655458
        ],
        [
          -0.743167,
          -0.223205,
          -0.63078,
          1.826518
        ],
        [
          0.059004,
          -0.960909,
          0.270506,
          1.594011
        ],
        [
          0.0,
          0.0,
          0.0,
          1.0
        ]
      ]
    },
    {
      "file_path": "/media/NFS/ttao/scannet/posed_images/scene0635_01/00526.jpg",
      "transform_matrix": [
        [
          -0.702842,
          0.171592,
          0.69034,
          1.651333
        ],
        [
          -0.708539,
          -0.25499,
          -0.657991,
          1.823671
        ],
        [
          0.063124,
          -0.951597,
          0.300798,
          1.589735
        ],
        [
          0.0,
          0.0,
          0.0,
          1.0
        ]
      ]
    },
    {
      "file_path": "/media/NFS/ttao/scannet/posed_images/scene0635_01/00533.jpg",
      "transform_matrix": [
        [
          -0.743365,
          0.156737,
          0.650263,
          1.645629
        ],
        [
          -0.666267,
          -0.259462,
          -0.69912,
          1.817324
        ],
        [
          0.05914,
          -0.95295,
          0.297303,
          1.591844
        ],
        [
          0.0,
          0.0,
          0.0,
          1.0
        ]
      ]
    },
    {
      "file_path": "/media/NFS/ttao/scannet/posed_images/scene0635_01/00539.jpg",
      "transform_matrix": [
        [
          -0.786123,
          0.145633,
          0.600668,
          1.638214
        ],
        [
          -0.615545,
          -0.272226,
          -0.739592,
          1.808073
        ],
        [
          0.055808,
          -0.951149,
          0.303647,
          1.587152
        ],
        [
          0.0,
          0.0,
          0.0,
          1.0
        ]
      ]
    },
    {
      "file_path": "/media/NFS/ttao/scannet/posed_images/scene0635_01/00548.jpg",
      "transform_matrix": [
        [
          -0.841347,
          0.109442,
          0.529299,
          1.628032
        ],
        [
          -0.537475,
          -0.272788,
          -0.797939,
          1.793052
        ],
        [
          0.057059,
          -0.955829,
          0.288332,
          1.589256
        ],
        [
          0.0,
          0.0,
          0.0,
          1.0
        ]
      ]
    },
    {
      "file_path": "/media/NFS/ttao/scannet/posed_images/scene0635_01/00553.jpg",
      "transform_matrix": [
        [
          -0.854853,
          0.09333,
          0.510407,
          1.634101
        ],
        [
          -0.516008,
          -0.256098,
          -0.817404,
          1.792396
        ],
        [
          0.054426,
          -0.962135,
          0.267085,
          1.586627
        ],
        [
          0.0,
          0.0,
          0.0,
          1.0
        ]
      ]
    },
    {
      "file_path": "/media/NFS/ttao/scannet/posed_images/scene0635_01/00566.jpg",
      "transform_matrix": [
        [
          -0.872604,
          0.001052,
          0.488428,
          1.636959
        ],
        [
          -0.485707,
          -0.107309,
          -0.86751,
          1.752557
        ],
        [
          0.0515,
          -0.994225,
          0.09415,
          1.52232
        ],
        [
          0.0,
          0.0,
          0.0,
          1.0
        ]
      ]
    },
    {
      "file_path": "/media/NFS/ttao/scannet/posed_images/scene0635_01/00568.jpg",
      "transform_matrix": [
        [
          -0.869048,
          0.005209,
          0.494701,
          1.63044
        ],
        [
          -0.493153,
          -0.088849,
          -0.865394,
          1.74683
        ],
        [
          0.039445,
          -0.996032,
          0.079783,
