{
  "frames": [
    {
      "file_path": "/media/NFS/ttao/scannet/posed_images/scene0361_01/00001.jpg",
      "transform_matrix": [
        [
          -0.981354,
          -0.143226,
          0.128181,
          4.936285
        ],
        [
          -0.189008,
          0.597897,
          -0.77897,
          4.809391
        ],
        [
          0.03493,
          -0.788673,
          -0.61382,
          1.039204
        ],
        [
          0.0,
          0.0,
          0.0,
          1.0
        ]
      ]
    },
    {
      "file_path": "/media/NFS/ttao/scannet/posed_images/scene0361_01/00004.jpg",
      "transform_matrix": [
        [
          -0.980867,
          -0.143321,
          0.131753,
          4.934803
        ],
        [
          -0.192088,
          0.602454,
          -0.774694,
          4.805876
        ],
        [
          0.031655,
          -0.78518,
          -0.618458,
          1.039197
        ],
        [
          0.0,
          0.0,
          0.0,
          1.0
        ]
      ]
    },
    {
      "file_path": "/media/NFS/ttao/scannet/posed_images/scene0361_01/00007.jpg",
      "transform_matrix": [
        [
          -0.979306,
          -0.150757,
          0.135025,
          4.932533
        ],
        [
          -0.199194,
          0.6,
          -0.774805,
          4.802028
        ],
        [
          0.035792,
          -0.785667,
          -0.617613,
          1.038589
        ],
        [
          0.0,
          0.0,
          0.0,
          1.0
        ]
      ]
    },
    {
      "file_path": "/media/NFS/ttao/scannet/posed_images/scene0361_01/00012.jpg",
      "transform_matrix": [
        [
          -0.978048,
          -0.156666,
          0.137398,
          4.923193
        ],
        [
          -0.204334,
          0.591722,
          -0.779816,
          4.791944
        ],
        [
          0.040869,
          -0.790772,
          -0.610745,
          1.04152
        ],
        [
          0.0,
          0.0,
          0.0,
          1.0
        ]
      ]
    },
    {
      "file_path": "/media/NFS/ttao/scannet/posed_images/scene0361_01/00013.jpg",
      "transform_matrix": [
        [
          -0.977766,
          -0.156665,
          0.139389,
          4.919973
        ],
        [
          -0.205888,
          0.59108,
          -0.779894,
          4.789942
        ],
        [
          0.039793,
          -0.791253,
          -0.610194,
          1.041675
        ],
        [
          0.0,
          0.0,
          0.0,
          1.0
        ]
      ]
    },
    {
      "file_path": "/media/NFS/ttao/scannet/posed_images/scene0361_01/00016.jpg",
      "transform_matrix": [
        [
          -0.976099,
          -0.163006,
          0.143736,
          4.909376
        ],
        [
          -0.213165,
          0.589291,
          -0.779292,
          4.783369
        ],
        [
          0.042327,
          -0.791306,
          -0.609954,
          1.042424
        ],
        [
          0.0,
          0.0,
          0.0,
          1.0
        ]
      ]
    },
    {
      "file_path": "/media/NFS/ttao/scannet/posed_images/scene0361_01/00021.jpg",
      "transform_matrix": [
        [
          -0.975509,
          -0.159034,
          0.151955,
          4.886867
        ],
        [
          -0.217549,
          0.595595,
          -0.773265,
          4.769375
        ],
        [
          0.032472,
          -0.787385,
          -0.615606,
          1.044466
        ],
        [
          0.0,
          0.0,
          0.0,
          1.0
        ]
      ]
    },
    {
      "file_path": "/media/NFS/ttao/scannet/posed_images/scene0361_01/00025.jpg",
      "transform_matrix": [
        [
          -0.976105,
          -0.148412,
          0.158726,
          4.868067
        ],
        [
          -0.2167,
          0.610493,
          -0.7618,
          4.756345
        ],
        [
          0.01616,
          -0.777993,
          -0.628066,
          1.042829
        ],
        [
          0.0,
          0.0,
          0.0,
          1.0
        ]
      ]
    },
    {
      "file_path": "/media/NFS/ttao/scannet/posed_images/scene0361_01/00026.jpg",
      "transform_matrix": [
        [
          -0.975734,
          -0.147312,
          0.161996,
          4.863313
        ],
        [
          -0.218576,
          0.611496,
          -0.760458,
          4.753648
        ],
        [
          0.012964,
          -0.777413,
          -0.628856,
          1.041857
        ],
        [
          0.0,
          0.0,
          0.0,
          1.0
        ]
      ]
    },
    {
      "file_path": "/media/NFS/ttao/scannet/posed_images/scene0361_01/00030.jpg",
      "transform_matrix": [
        [
          -0.97132,
          -0.152258,
          0.182636,
          4.842734
        ],
        [
          -0.237778,
          0.621949,
          -0.746084,
          4.743955
        ],
        [
          7e-06,
          -0.768113,
          -0.640315,
          1.037379
        ],
        [
          0.0,
          0.0,
          0.0,
          1.0
        ]
      ]
    },
    {
      "file_path": "/media/NFS/ttao/scannet/posed_images/scene0361_01/00032.jpg",
      "transform_matrix": [
        [
          -0.968817,
          -0.15359,
          0.194433,
          4.832774
        ],
        [
          -0.247716,
          0.617948,
          -0.746175,
          4.738632
        ],
        [
          -0.005545,
          -0.771071,
          -0.636725,
          1.036544
        ],
        [
          0.0,
          0.0,
          0.0,
          1.0
        ]
      ]
    },
    {
      "file_path": "/media/NFS/ttao/scannet/posed_images/scene0361_01/00036.jpg",
      "transform_matrix": [
        [
          -0.96586,
          -0.156346,
          0.20657,
          4.811881
        ],
        [
          -0.25898,
          0.603294,
          -0.754299,
          4.724231
        ],
        [
          -0.006691,
          -0.782044,
          -0.623187,
          1.040787
        ],
        [
          0.0,
          0.0,
          0.0,
          1.0
        ]
      ]
    },
    {
      "file_path": "/media/NFS/ttao/scannet/posed_images/scene0361_01/00041.jpg",
      "transform_matrix": [
        [
          -0.957361,
          -0.169441,
          0.233987,
          4.784057
        ],
        [
          -0.288877,
          0.552689,
          -0.781719,
          4.708452
        ],
        [
          0.003133,
          -0.815981,
          -0.578071,
          1.052728
        ],
        [
          0.0,
          0.0,
          0.0,
          1.0
        ]
      ]
    },
    {
      "file_path": "/media/NFS/ttao/scannet/posed_images/scene0361_01/00042.jpg",
      "transform_matrix": [
        [
          -0.955983,
          -0.172744,
          0.237184,
          4.778674
        ],
        [
          -0.293319,
          0.541169,
          -0.788099,
          4.705318
        ],
        [
          0.007783,
          -0.82298,
          -0.568017,
          1.055437
        ],
        [
          0.0,
          0.0,
          0.0,
          1.0
        ]
      ]
    },
    {
      "file_path": "/media/NFS/ttao/scannet/posed_images/scene0361_01/00046.jpg",
      "transform_matrix": [
        [
          -0.955822,
          -0.171067,
          0.239043,
          4.761218
        ],
        [
          -0.293258,
          0.499281,
          -0.815303,
          4.697249
        ],
        [
          0.020122,
          -0.849385,
          -0.52739,
          1.06282
        ],
        [
          0.0,
          0.0,
          0.0,
          1.0
        ]
      ]
    },
    {
      "file_path": "/media/NFS/ttao/scannet/posed_images/scene0361_01/00051.jpg",
      "transform_matrix": [
        [
          -0.962305,
          -0.149426,
          0.227246,
          4.737777
        ],
        [
          -0.271322,
          0.469719,
          -0.840088,
          4.680886
        ],
        [
          0.01879,
          -0.870078,
          -0.492556,
          1.079121
        ],
        [
          0.0,
          0.0,
          0.0,
          1.0
        ]
      ]
    },
    {
      "file_path": "/media/NFS/ttao/scannet/posed_images/scene0361_01/00052.jpg",
      "transform_matrix": [
        [
          -0.964013,
          -0.144301,
          0.223286,
          4.733121
        ],
        [
          -0.265189,
          0.462487,
          -0.846038,
          4.68143
        ],
        [
          0.018817,
          -0.874804,
          -0.484111,
          1.078824
        ],
        [
          0.0,
          0.0,
          0.0,
          1.0
        ]
      ]
    },
    {
      "file_path": "/media/NFS/ttao/scannet/posed_images/scene0361_01/00056.jpg",
      "transform_matrix": [
        [
          -0.971129,
          -0.129937,
          0.200064,
          4.715827
        ],
        [
          -0.23799,
          0.469958,
          -0.85,
          4.675009
        ],
        [
          0.016425,
          -0.873073,
          -0.487313,
          1.075162
        ],
        [
          0.0,
          0.0,
          0.0,
          1.0
        ]
      ]
    },
    {
      "file_path": "/media/NFS/ttao/scannet/posed_images/scene0361_01/00059.jpg",
      "transform_matrix": [
        [
          -0.97666,
          -0.117701,
          0.179671,
          4.703414
        ],
        [
          -0.214499,
          0.490886,
          -0.844406,
          4.667884
        ],
        [
          0.01119,
          -0.863237,
          -0.504676,
          1.0701
        ],
        [
          0.0,
          0.0,
          0.0,
          1.0
        ]
      ]
    },
    {
      "file_path": "/media/NFS/ttao/scannet/posed_images/scene0361_01/00062.jpg",
      "transform_matrix": [
        [
          -0.980632,
          -0.116873,
          0.15717,
          4.693135
        ],
        [
          -0.195212,
          0.517911,
          -0.832863,
          4.657393
        ],
        [
          0.015939,
          -0.847413,
          -0.530695,
          1.065067
        ],
        [
          0.0,
          0.0,
          0.0,
          1.0
        ]
      ]
    },
    {
      "file_path": "/media/NFS/ttao/scannet/posed_images/scene0361_01/00068.jpg",
      "transform_matrix": [
        [
          -0.988231,
          -0.097418,
          0.117936,
          4.686224
        ],
        [
          -0.152576,
          0.572601,
          -0.805511,
          4.642939
        ],
        [
          0.010941,
          -0.814026,
          -0.580726,
          1.049291
        ],
        [
          0.0,
          0.0,
          0.0,
          1.0
        ]
      ]
    },
    {
      "file_path": "/media/NFS/ttao/scannet/posed_images/scene0361_01/00070.jpg",
      "transform_matrix": [
        [
          -0.991036,
          -0.077719,
          0.10866,
          4.682975
        ],
        [
          -0.133587,
          0.58445,
          -0.800358,
          4.632865
        ],
        [
          -0.001303,
          -0.807699,
          -0.589594,
          1.04322
        ],
        [
          0.0,
          0.0,
          0.0,
          1.0
        ]
      ]
    },
    {
      "file_path": "/media/NFS/ttao/scannet/posed_images/scene0361_01/00074.jpg",
      "transform_matrix": [
        [
          -0.994792,
          -0.054056,
          0.086411,
          4.687459
        ],
        [
          -0.101369,
          0.613204,
          -0.783394,
          4.621787
        ],
        [
          -0.01064,
          -0.788073,
          -0.61549,
          1.035484
        ],
        [
          0.0,
          0.0,
          0.0,
          1.0
        ]
      ]
    },
    {
      "file_path": "/media/NFS/ttao/scannet/posed_images/scene0361_01/00075.jpg",
      "transform_matrix": [
        [
          -0.995532,
          -0.044675,
          0.083193,
          4.688482
        ],
        [
          -0.092836,
          0.624228,
          -0.775707,
          4.618801
        ],
        [
          -0.017277,
          -0.779964,
          -0.625586,
          1.032915
        ],
        [
          0.0,
          0.0,
          0.0,
          1.0
        ]
      ]
    },
    {
      "file_path": "/media/NFS/ttao/scannet/posed_images/scene0361_01/00079.jpg",
      "transform_matrix": [
        [
          -0.998403,
          -0.019267,
          0.053119,
          4.698381
        ],
        [
          -0.052509,
          0.663597,
          -0.746245,
          4.604065
        ],
        [
          -0.020872,
          -0.747842,
          -0.663548,
          1.028349
        ],
        [
          0.0,
          0.0,
          0.0,
          1.0
        ]
      ]
    },
    {
      "file_path": "/media/NFS/ttao/scannet/posed_images/scene0361_01/00082.jpg",
      "transform_matrix": [
        [
          -0.999927,
          -0.010467,
          0.006053,
          4.709976
        ],
        [
          -0.011393,
          0.647976,
          -0.761576,
          4.593326
        ],
        [
          0.004049,
          -0.761589,
          -0.648048,
          1.030492
        ],
        [
          0.0,
          0.0,
          0.0,
          1.0
        ]
      ]
    },
    {
      "file_path": "/media/NFS/ttao/scannet/posed_images/scene0361_01/00088.jpg",
      "transform_matrix": [
        [
          -0.997922,
          0.009142,
          -0.063788,
          4.721952
        ],
        [
          0.056677,
          0.595543,
          -0.801322,
          4.581463
        ],
        [
          0.030663,
          -0.803272,
          -0.594823,
          1.036745
        ],
        [
          0.0,
          0.0,
          0.0,
          1.0
        ]
      ]
    },
    {
      "file_path": "/media/NFS/ttao/scannet/posed_images/scene0361_01/00091.jpg",
      "transform_matrix": [
        [
          -0.996552,
          0.017192,
          -0.081167,
          4.722522
        ],
        [
          0.076007,
          0.581423,
          -0.810044,
          4.574986
        ],
        [
          0.033266,
          -0.81342,
          -0.580725,
          1.03982
        ],
        [
          0.0,
          0.0,
          0.0,
          1.0
        ]
      ]
    },
    {
      "file_path": "/media/NFS/ttao/scannet/posed_images/scene0361_01/00092.jpg",
      "transform_matrix": [
        [
          -0.99608,
          0.020128,
          -0.086137,
          4.723132
        ],
        [
          0.081959,
          0.576329,
          -0.813097,
          4.574231
        ],
        [
          0.033277,
          -0.81697,
          -0.57572,
          1.040695
        ],
        [
          0.0,
          0.0,
          0.0,
          1.0
        ]
      ]
    },
    {
      "file_path": "/media/NFS/ttao/scannet/posed_images/scene0361_01/00097.jpg",
      "transform_matrix": [
        [
          -0.992261,
          0.031859,
          -0.120015,
          4.725594
        ],
        [
          0.119528,
          0.506923,
          -0.853664,
          4.575366
        ],
        [
          0.033641,
          -0.861403,
          -0.506808,
          1.045703
        ],
        [
          0.0,
          0.0,
          0.0,
          1.0
        ]
      ]
    },
    {
      "file_path": "/media/NFS/ttao/scannet/posed_images/scene0361_01/00100.jpg",
      "transform_matrix": [
        [
          -0.991247,
          0.041133,
          -0.125452,
          4.725352
        ],
        [
          0.128659,
          0.514114,
          -0.848018,
          4.57342
        ],
        [
          0.029615,
          -0.856735,
          -0.514906,
          1.048759
        ],
        [
          0.0,
          0.0,
          0.0,
          1.0
        ]
      ]
    },
    {
      "file_path": "/media/NFS/ttao/scannet/posed_images/scene0361_01/00104.jpg",
      "transform_matrix": [
        [
          -0.989316,
          0.031294,
          -0.142387,
          4.727692
        ],
        [
          0.139895,
          0.478603,
          -0.866815,
          4.570528
        ],
        [
          0.041021,
          -0.877473,
          -0.477868,
          1.057854
        ],
        [
          0.0,
          0.0,
          0.0,
          1.0
        ]
      ]
    },
    {
      "file_path": "/media/NFS/ttao/scannet/posed_images/scene0361_01/00107.jpg",
      "transform_matrix": [
        [
          -0.988079,
          0.034632,
          -0.150005,
          4.725427
        ],
        [
          0.149584,
          0.446377,
          -0.882254,
          4.578281
        ],
        [
          0.036405,
          -0.894175,
          -0.446236,
          1.053782
        ],
        [
          0.0,
          0.0,
          0.0,
          1.0
        ]
      ]
    },
    {
      "file_path": "/media/NFS/ttao/scannet/posed_images/scene0361_01/00111.jpg",
      "transform_matrix": [
        [
          -0.986154,
          0.035138,
          -0.162065,
          4.724176
        ],
        [
          0.160749,
          0.44264,
          -0.882173,
          4.579031
        ],
        [
          0.040738,
          -0.896011,
          -0.44216,
          1.051554
        ],
        [
          0.0,
          0.0,
          0.0,
          1.0
        ]
      ]
    },
    {
      "file_path": "/media/NFS/ttao/scannet/posed_images/scene0361_01/00112.jpg",
      "transform_matrix": [
        [
          -0.985774,
          0.038724,
          -0.163558,
          4.723001
        ],
        [
          0.163763,
          0.440389,
          -0.882745,
          4.578765
        ],
        [
          0.037846,
          -0.896971,
          -0.440466,
          1.051711
        ],
        [
          0.0,
          0.0,
          0.0,
          1.0
        ]
      ]
    },
    {
      "file_path": "/media/NFS/ttao/scannet/posed_images/scene0361_01/00115.jpg",
      "transform_matrix": [
        [
          -0.985332,
          0.066441,
          -0.157186,
          4.717467
        ],
        [
          0.170167,
          0.45188,
          -0.875698,
          4.584262
        ],
        [
          0.012847,
          -0.889601,
          -0.456558,
          1.044323
        ],
        [
          0.0,
          0.0,
          0.0,
          1.0
        ]
      ]
    },
    {
      "file_path": "/media/NFS/ttao/scannet/posed_images/scene0361_01/00120.jpg",
      "transform_matrix": [
        [
          -0.985073,
          0.077655,
          -0.153627,
          4.715392
        ],
        [
          0.171557,
          0.516155,
          -0.839138,
          4.57146
        ],
        [
          0.014132,
          -0.852968,
          -0.521772,
          1.052845
        ],
        [
          0.0,
          0.0,
          0.0,
          1.0
        ]
      ]
    },
    {
      "file_path": "/media/NFS/ttao/scannet/posed_images/scene0361_01/00121.jpg",
      "transform_matrix": [
        [
          -0.984864,
          0.077185,
          -0.155195,
          4.715006
        ],
        [
          0.172697,
          0.513375,
          -0.840608,
          4.57245
        ],
        [
          0.014791,
          -0.854687,
          -0.518934,
          1.051774
        ],
        [
          0.0,
          0.0,
          0.0,
          1.0
        ]
      ]
    },
    {
      "file_path": "/media/NFS/ttao/scannet/posed_images/scene0361_01/00127.jpg",
      "transform_matrix": [
        [
          -0.982292,
          0.079314,
          -0.16974,
          4.7076
        ],
        [
          0.186023,
          0.520768,
          -0.833184,
          4.569688
        ],
        [
          0.022312,
          -0.850006,
          -0.526301,
          1.048305
        ],
        [
          0.0,
          0.0,
          0.0,
          1.0
        ]
      ]
    },
    {
      "file_path": "/media/NFS/ttao/scannet/posed_images/scene0361_01/00128.jpg",
      "transform_matrix": [
        [
          -0.981305,
          0.0798,
          -0.175133,
          4.706528
        ],
        [
          0.190918,
          0.518488,
          -0.833499,
          4.568791
        ],
        [
          0.024291,
          -0.851353,
          -0.52403,
          1.04862
        ],
        [
          0.0,
          0.0,
          0.0,
          1.0
        ]
      ]
    },
    {
      "file_path": "/media/NFS/ttao/scannet/posed_images/scene0361_01/00134.jpg",
      "transform_matrix": [
        [
          -0.971151,
          0.09465,
          -0.218879,
          4.697452
        ],
        [
          0.236597,
          0.497162,
          -0.834777,
          4.561458
        ],
        [
          0.029807,
          -0.86248,
          -0.505213,
          1.048328
        ],
        [
          0.0,
          0.0,
          0.0,
          1.0
        ]
      ]
    },
    {
      "file_path": "/media/NFS/ttao/scannet/posed_images/scene0361_01/00135.jpg",
      "transform_matrix": [
        [
          -0.969483,
          0.097139,
          -0.225093,
          4.69685
        ],
        [
          0.243329,
          0.493264,
          -0.835154,
          4.560703
        ],
        [
          0.029904,
          -0.864439,
          -0.501848,
          1.049143
        ],
        [
          0.0,
          0.0,
          0.0,
          1.0
        ]
      ]
    },
    {
      "file_path": "/media/NFS/ttao/scannet/posed_images/scene0361_01/00140.jpg",
      "transform_matrix": [
        [
          -0.961727,
          0.102586,
          -0.25408,
          4.693927
        ],
        [
          0.272096,
          0.466897,
          -0.84141,
          4.55827
        ],
        [
          0.032312,
          -0.878341,
          -0.476941,
          1.046789
        ],
        [
          0.0,
          0.0,
          0.0,
          1.0
        ]
      ]
    },
    {
      "file_path": "/media/NFS/ttao/scannet/posed_images/scene0361_01/00144.jpg",
      "transform_matrix": [
        [
          -0.957299,
          0.096936,
          -0.272363,
          4.69296
        ],
        [
          0.285982,
          0.455493,
          -0.843054,
          4.557942
        ],
        [
          0.042337,
          -0.884946,
          -0.463765,
          1.047311
        ],
        [
          0.0,
          0.0,
          0.0,
          1.0
        ]
      ]
    },
    {
      "file_path": "/media/NFS/ttao/scannet/posed_images/scene0361_01/00147.jpg",
      "transform_matrix": [
        [
          -0.954251,
          0.096919,
          -0.282863,
          4.691989
        ],
        [
          0.295786,
          0.444441,
          -0.845567,
          4.558661
        ],
        [
          0.043764,
          -0.89055,
          -0.452775,
          1.046606
        ],
        [
          0.0,
          0.0,
          0.0,
          1.0
        ]
      ]
    },
    {
      "file_path": "/media/NFS/ttao/scannet/posed_images/scene0361_01/00149.jpg",
      "transform_matrix": [
        [
          -0.95179,
          0.100162,
          -0.289936,
          4.6924
        ],
        [
          0.30374,
          0.439823,
          -0.845161,
          4.558874
        ],
        [
          0.042868,
          -0.892482,
          -0.449042,
          1.046409
        ],
        [
          0.0,
          0.0,
          0.0,
          1.0
        ]
      ]
    },
    {
      "file_path": "/media/NFS/ttao/scannet/posed_images/scene0361_01/00151.jpg",
      "transform_matrix": [
        [
          -0.949906,
          0.100137,
          -0.296058,
          4.690457
        ],
        [
          0.309404,
          0.43505,
          -0.845577,
          4.556915
        ],
        [
          0.044127,
          -0.894821,
          -0.444239,
          1.04621
        ],
        [
          0.0,
          0.0,
          0.0,
          1.0
        ]
      ]
    },
    {
      "file_path": "/media/NFS/ttao/scannet/posed_images/scene0361_01/00157.jpg",
      "transform_matrix": [
        [
          -0.945036,
          0.102087,
          -0.310621,
          4.689588
        ],
        [
          0.324434,
          0.410789,
          -0.852053,
          4.555665
        ],
        [
          0.040616,
          -0.905997,
          -0.421331,
          1.050379
        ],
        [
          0.0,
          0.0,
          0.0,
          1.0
        ]
      ]
    },
    {
      "file_path": "/media/NFS/ttao/scannet/posed_images/scene0361_01/00160.jpg",
      "transform_matrix": [
        [
          -0.942542,
          0.103619,
          -0.317612,
          4.686838
        ],
        [
          0.331898,
          0.399076,
          -0.854741,
          4.555128
        ],
        [
          0.038184,
          -0.911044,
          -0.410537,
          1.051
        ],
        [
          0.0,
          0.0,
          0.0,
          1.0
        ]
      ]
    },
    {
      "file_path": "/media/NFS/ttao/scannet/posed_images/scene0361_01/00162.jpg",
      "transform_matrix": [
        [
          -0.940375,
          0.105846,
          -0.323251,
          4.687355
        ],
        [
          0.338205,
          0.392179,
          -0.855461,
          4.557385
        ],
        [
          0.036225,
          -0.913779,
          -0.404593,
          1.05086
        ],
        [
          0.0,
          0.0,
          0.0,
          1.0
        ]
      ]
    },
    {
      "file_path": "/media/NFS/ttao/scannet/posed_images/scene0361_01/00164.jpg",
      "transform_matrix": [
        [
          -0.937979,
          0.106636,
          -0.329884,
          4.686039
        ],
        [
          0.344711,
          0.388397,
          -0.854589,
          4.556479
        ],
        [
          0.036996,
          -0.915301,
          -0.401067,
          1.052468
        ],
        [
          0.0,
          0.0,
          0.0,
          1.0
        ]
      ]
    },
    {
      "file_path": "/media/NFS/ttao/scannet/posed_images/scene0361_01/00168.jpg",
      "transform_matrix": [
        [
          -0.930912,
          0.108754,
          -0.348676,
          4.686624
        ],
        [
          0.363068,
          0.379564,
          -0.850948,
          4.557945
        ],
        [
          0.039801,
          -0.918751,
          -0.392826,
          1.051386
        ],
        [
          0.0,
          0.0,
          0.0,
          1.0
        ]
      ]
    },
    {
      "file_path": "/media/NFS/ttao/scannet/posed_images/scene0361_01/00171.jpg",
      "transform_matrix": [
        [
          -0.925396,
          0.106927,
          -0.363606,
          4.683978
        ],
        [
          0.375939,
          0.380712,
          -0.844825,
          4.554332
        ],
        [
          0.048095,
          -0.918491,
          -0.392507,
          1.051362
        ],
        [
          0.0,
          0.0,
          0.0,
          1.0
        ]
      ]
    },
    {
      "file_path": "/media/NFS/ttao/scannet/posed_images/scene0361_01/00177.jpg",
      "transform_matrix": [
        [
          -0.913568,
          0.109614,
          -0.391636,
          4.685131
        ],
        [
          0.40302,
          0.373029,
          -0.835717,
          4.553321
        ],
        [
          0.054485,
          -0.921322,
          -0.384964,
          1.050102
        ],
        [
          0.0,
          0.0,
          0.0,
          1.0
        ]
      ]
    },
    {
      "file_path": "/media/NFS/ttao/scannet/posed_images/scene0361_01/00179.jpg",
      "transform_matrix": [
        [
          -0.911398,
          0.11084,
          -0.396319,
          4.684164
        ],
        [
          0.407769,
          0.373082,
          -0.833387,
          4.552314
        ],
        [
          0.055487,
          -0.921154,
          -0.385223,
          1.051371
        ],
        [
          0.0,
          0.0,
          0.0,
          1.0
        ]
      ]
    },
    {
      "file_path": "/media/NFS/ttao/scannet/posed_images/scene0361_01/00182.jpg",
      "transform_matrix": [
        [
          -0.906105,
          0.114117,
          -0.40737,
          4.688989
        ],
        [
          0.419341,
          0.369537,
          -0.829214,
          4.550337
        ],
        [
          0.055911,
          -0.922182,
          -0.382694,
          1.051589
        ],
        [
          0.0,
          0.0,
          0.0,
          1.0
        ]
      ]
    },
    {
      "file_path": "/media/NFS/ttao/scannet/posed_images/scene0361_01/00186.jpg",
      "transform_matrix": [
        [
          -0.900372,
          0.114433,
          -0.419804,
          4.692064
        ],
        [
          0.430995,
          0.367104,
          -0.824305,
          4.550203
        ],
        [
          0.059784,
          -0.923114,
          -0.37985,
          1.051437
        ],
        [
          0.0,
          0.0,
          0.0,
          1.0
        ]
      ]
    },
    {
      "file_path": "/media/NFS/ttao/scannet/posed_images/scene0361_01/00187.jpg",
      "transform_matrix": [
        [
          -0.899101,
          0.114941,
          -0.422381,
          4.691699
        ],
        [
          0.433565,
          0.366803,
          -0.82309,
          4.549609
        ],
        [
          0.060324,
          -0.923171,
          -0.379627,
          1.0514
        ],
        [
          0.0,
          0.0,
          0.0,
          1.0
        ]
      ]
    },
    {
      "file_path": "/media/NFS/ttao/scannet/posed_images/scene0361_01/00191.jpg",
      "transform_matrix": [
        [
          -0.892326,
          0.118301,
          -0.435614,
          4.691506
        ],
        [
          0.447068,
          0.364874,
          -0.816699,
          4.547696
        ],
        [
          0.062328,
          -0.923511,
          -0.378475,
          1.050756
        ],
        [
          0.0,
          0.0,
          0.0,
          1.0
        ]
      ]
    },
    {
      "file_path": "/media/NFS/ttao/scannet/posed_images/scene0361_01/00196.jpg",
      "transform_matrix": [
        [
          -0.879134,
          0.124817,
          -0.459938,
          4.696482
        ],
        [
          0.472102,
          0.359984,
          -0.804693,
          4.543224
        ],
        [
          0.065131,
          -0.924571,
          -0.375401,
          1.052598
        ],
        [
          0.0,
          0.0,
          0.0,
          1.0
        ]
      ]
    },
    {
      "file_path": "/media/NFS/ttao/scannet/posed_images/scene0361_01/00200.jpg",
      "transform_matrix": [
        [
          -0.866433,
          0.134677,
          -0.480787,
          4.701168
        ],
        [
          0.495225,
          0.354479,
          -0.793156,
          4.537945
        ],
        [
          0.06361,
          -0.925314,
          -0.373828,
          1.051623
        ],
        [
          0.0,
          0.0,
          0.0,
          1.0
        ]
      ]
    },
    {
      "file_path": "/media/NFS/ttao/scannet/posed_images/scene0361_01/00201.jpg",
      "transform_matrix": [
        [
          -0.862909,
          0.138263,
          -0.486078,
          4.703866
        ],
        [
          0.501548,
          0.352223,
          -0.790182,
          4.538135
        ],
        [
          0.061955,
          -0.925647,
          -0.373282,
          1.049934
        ],
        [
          0.0,
          0.0,
          0.0,
          1.0
        ]
      ]
    },
    {
      "file_path": "/media/NFS/ttao/scannet/posed_images/scene0361_01/00204.jpg",
      "transform_matrix": [
        [
          -0.850495,
          0.148954,
          -0.504451,
          4.708066
        ],
        [
          0.522421,
          0.350643,
          -0.777255,
          4.532415
        ],
        [
          0.061107,
          -0.924588,
          -0.376037,
          1.052066
        ],
        [
          0.0,
          0.0,
          0.0,
          1.0
        ]
      ]
    },
    {
      "file_path": "/media/NFS/ttao/scannet/posed_images/scene0361_01/00209.jpg",
      "transform_matrix": [
        [
          -0.818227,
          0.175569,
          -0.54743,
          4.719656
        ],
        [
          0.572382,
          0.337724,
          -0.747209,
          4.529714
        ],
        [
          0.053693,
          -0.924726,
          -0.376828,
          1.052912
        ],
        [
          0.0,
          0.0,
          0.0,
          1.0
        ]
      ]
    },
    {
      "file_path": "/media/NFS/ttao/scannet/posed_images/scene0361_01/00210.jpg",
      "transform_matrix": [
        [
          -0.812818,
          0.176468,
          -0.555145,
          4.716717
        ],
        [
          0.579963,
          0.334307,
          -0.742887,
          4.527209
        ],
        [
          0.054493,
          -0.925796,
          -0.374076,
          1.047698
        ],
        [
          0.0,
          0.0,
          0.0,
          1.0
        ]
      ]
    },
    {
      "file_path": "/media/NFS/ttao/scannet/posed_images/scene0361_01/00214.jpg",
      "transform_matrix": [
        [
          -0.788314,
          0.197011,
          -0.582879,
          4.722888
        ],
        [
          0.613396,
          0.325583,
          -0.719542,
          4.523496
        ],
        [
          0.048018,
          -0.924761,
          -0.377508,
          1.045292
        ],
        [
          0.0,
          0.0,
          0.0,
          1.0
        ]
      ]
    },
    {
      "file_path": "/media/NFS/ttao/scannet/posed_images/scene0361_01/00219.jpg",
      "transform_matrix": [
        [
          -0.765566,
          0.222907,
          -0.603507,
          4.722351
        ],
        [
          0.641766,
          0.330523,
          -0.692019,
          4.518453
        ],
        [
          0.045217,
          -0.917097,
          -0.396092,
          1.042497
        ],
        [
          0.0,
          0.0,
          0.0,
          1.0
        ]
      ]
    },
    {
      "file_path": "/media/NFS/ttao/scannet/posed_images/scene0361_01/00223.jpg",
      "transform_matrix": [
        [
          -0.749227,
          0.230073,
          -0.621068,
          4.709958
        ],
        [
          0.660631,
          0.326396,
          -0.676042,
          4.512222
        ],
        [
          0.047175,
          -0.916805,
          -0.396538,
          1.03947
        ],
        [
          0.0,
          0.0,
          0.0,
          1.0
        ]
      ]
    },
    {
      "file_path": "/media/NFS/ttao/scannet/posed_images/scene0361_01/00225.jpg",
      "transform_matrix": [
        [
          -0.744804,
          0.234898,
          -0.624572,
          4.706599
        ],
        [
          0.665711,
          0.325776,
          -0.671341,
          4.507552
        ],
        [
          0.045774,
          -0.915802,
          -0.399013,
          1.039813
        ],
        [
          0.0,
          0.0,
          0.0,
          1.0
        ]
      ]
    },
    {
      "file_path": "/media/NFS/ttao/scannet/posed_images/scene0361_01/00227.jpg",
      "transform_matrix": [
        [
          -0.740939,
          0.240311,
          -0.627105,
          4.697984
        ],
        [
          0.670098,
          0.326399,
          -0.666658,
          4.50106
        ],
        [
          0.044481,
          -0.914174,
          -0.402873,
          1.039911
        ],
        [
          0.0,
          0.0,
          0.0,
          1.0
        ]
      ]
    },
    {
      "file_path": "/media/NFS/ttao/scannet/posed_images/scene0361_01/00233.jpg",
      "transform_matrix": [
        [
          -0.711546,
          0.252009,
          -0.655891,
          4.677252
        ],
        [
          0.70038,
          0.329177,
          -0.633332,
          4.481741
        ],
        [
          0.056298,
          -0.910019,
          -0.410727,
          1.037518
        ],
        [
          0.0,
          0.0,
          0.0,
          1.0
        ]
      ]
    },
    {
      "file_path": "/media/NFS/ttao/scannet/posed_images/scene0361_01/00236.jpg",
      "transform_matrix": [
        [
          -0.697301,
          0.261336,
          -0.66744,
          4.669651
        ],
        [
          0.714616,
          0.325748,
          -0.619041,
          4.47051
        ],
        [
          0.055639,
          -0.908621,
          -0.413899,
          1.035737
        ],
        [
          0.0,
          0.0,
          0.0,
          1.0
        ]
      ]
    },
    {
      "file_path": "/media/NFS/ttao/scannet/posed_images/scene0361_01/00239.jpg",
      "transform_matrix": [
        [
          -0.687124,
          0.27772,
          -0.671366,
          4.663709
        ],
        [
          0.724501,
          0.331105,
          -0.604539,
          4.462809
        ],
        [
          0.0544,
          -0.901799,
          -0.428718,
          1.032959
        ],
        [
          0.0,
          0.0,
          0.0,
          1.0
        ]
      ]
    },
    {
      "file_path": "/media/NFS/ttao/scannet/posed_images/scene0361_01/00240.jpg",
      "transform_matrix": [
        [
          -0.679722,
          0.281037,
          -0.677493,
          4.668249
        ],
        [
          0.731346,
          0.329937,
          -0.596888,
          4.456171
        ],
        [
          0.055782,
          -0.901199,
          -0.429801,
          1.030153
        ],
        [
          0.0,
          0.0,
          0.0,
          1.0
        ]
      ]
    },
    {
      "file_path": "/media/NFS/ttao/scannet/posed_images/scene0361_01/00244.jpg",
      "transform_matrix": [
        [
          -0.658217,
          0.302424,
          -0.689413,
          4.654595
        ],
        [
          0.750987,
          0.327772,
          -0.573222,
          4.443735
        ],
        [
          0.052615,
          -0.895045,
          -0.442862,
          1.033422
        ],
        [
          0.0,
          0.0,
          0.0,
          1.0
        ]
      ]
    },
    {
      "file_path": "/media/NFS/ttao/scannet/posed_images/scene0361_01/00247.jpg",
      "transform_matrix": [
        [
          -0.624731,
          0.308825,
          -0.717174,
          4.651488
        ],
        [
          0.778531,
          0.316933,
          -0.541703,
          4.436577
        ],
        [
          0.060005,
          -0.896761,
          -0.438428,
          1.03133
        ],
        [
          0.0,
          0.0,
          0.0,
          1.0
        ]
      ]
    },
    {
      "file_path": "/media/NFS/ttao/scannet/posed_images/scene0361_01/00252.jpg",
      "transform_matrix": [
        [
          -0.541949,
          0.33694,
          -0.769911,
          4.644704
        ],
        [
          0.837014,
          0.298695,
          -0.458464,
          4.406636
        ],
        [
          0.075494,
          -0.89289,
          -0.443901,
          1.027893
        ],
        [
          0.0,
          0.0,
          0.0,
          1.0
        ]
      ]
    },
    {
      "file_path": "/media/NFS/ttao/scannet/posed_images/scene0361_01/00256.jpg",
      "transform_matrix": [
        [
          -0.47619,
          0.346478,
          -0.808205,
          4.644103
        ],
        [
          0.876846,
          0.256301,
          -0.406756,
          4.389305
        ],
        [
          0.066212,
          -0.902365,
          -0.425856,
