{
  "frames": [
    {
      "file_path": "/media/NFS/ttao/scannet/posed_images/scene0700_02/00000.jpg",
      "transform_matrix": [
        [
          0.809007,
          -0.320889,
          0.492482,
          1.71237
        ],
        [
          -0.586423,
          -0.497922,
          0.638892,
          1.63929
        ],
        [
          0.040204,
          -0.80567,
          -0.590999,
          1.491668
        ],
        [
          0.0,
          0.0,
          0.0,
          1.0
        ]
      ]
    },
    {
      "file_path": "/media/NFS/ttao/scannet/posed_images/scene0700_02/00018.jpg",
      "transform_matrix": [
        [
          0.809622,
          -0.335561,
          0.481571,
          1.712681
        ],
        [
          -0.585341,
          -0.522332,
          0.620118,
          1.635066
        ],
        [
          0.043452,
          -0.783944,
          -0.619309,
          1.488363
        ],
        [
          0.0,
          0.0,
          0.0,
          1.0
        ]
      ]
    },
    {
      "file_path": "/media/NFS/ttao/scannet/posed_images/scene0700_02/00029.jpg",
      "transform_matrix": [
        [
          0.808343,
          -0.342064,
          0.479138,
          1.729933
        ],
        [
          -0.587614,
          -0.518476,
          0.621203,
          1.632839
        ],
        [
          0.035931,
          -0.783693,
          -0.620108,
          1.489538
        ],
        [
          0.0,
          0.0,
          0.0,
          1.0
        ]
      ]
    },
    {
      "file_path": "/media/NFS/ttao/scannet/posed_images/scene0700_02/00033.jpg",
      "transform_matrix": [
        [
          0.812087,
          -0.344006,
          0.471354,
          1.742015
        ],
        [
          -0.582771,
          -0.519482,
          0.624914,
          1.630548
        ],
        [
          0.029886,
          -0.782175,
          -0.622341,
          1.491812
        ],
        [
          0.0,
          0.0,
          0.0,
          1.0
        ]
      ]
    },
    {
      "file_path": "/media/NFS/ttao/scannet/posed_images/scene0700_02/00055.jpg",
      "transform_matrix": [
        [
          0.823676,
          -0.303978,
          0.478703,
          1.826798
        ],
        [
          -0.565894,
          -0.494763,
          0.659525,
          1.618674
        ],
        [
          0.036363,
          -0.81413,
          -0.579543,
          1.504284
        ],
        [
          0.0,
          0.0,
          0.0,
          1.0
        ]
      ]
    },
    {
      "file_path": "/media/NFS/ttao/scannet/posed_images/scene0700_02/00059.jpg",
      "transform_matrix": [
        [
          0.813719,
          -0.311063,
          0.491021,
          1.848083
        ],
        [
          -0.579896,
          -0.492265,
          0.649151,
          1.636215
        ],
        [
          0.039786,
          -0.812967,
          -0.58095,
          1.504588
        ],
        [
          0.0,
          0.0,
          0.0,
          1.0
        ]
      ]
    },
    {
      "file_path": "/media/NFS/ttao/scannet/posed_images/scene0700_02/00081.jpg",
      "transform_matrix": [
        [
          0.618905,
          -0.439701,
          0.650861,
          1.978431
        ],
        [
          -0.785419,
          -0.355504,
          0.50669,
          1.830499
        ],
        [
          0.008592,
          -0.824791,
          -0.565373,
          1.534598
        ],
        [
          0.0,
          0.0,
          0.0,
          1.0
        ]
      ]
    },
    {
      "file_path": "/media/NFS/ttao/scannet/posed_images/scene0700_02/00084.jpg",
      "transform_matrix": [
        [
          0.593447,
          -0.450962,
          0.666674,
          1.998038
        ],
        [
          -0.80472,
          -0.348582,
          0.480537,
          1.843626
        ],
        [
          0.015687,
          -0.821659,
          -0.569763,
          1.53323
        ],
        [
          0.0,
          0.0,
          0.0,
          1.0
        ]
      ]
    },
    {
      "file_path": "/media/NFS/ttao/scannet/posed_images/scene0700_02/00099.jpg",
      "transform_matrix": [
        [
          0.539008,
          -0.421797,
          0.72908,
          2.090684
        ],
        [
          -0.841853,
          -0.297983,
          0.449988,
          1.835208
        ],
        [
          0.02745,
          -0.856326,
          -0.515706,
          1.565027
        ],
        [
          0.0,
          0.0,
          0.0,
          1.0
        ]
      ]
    },
    {
      "file_path": "/media/NFS/ttao/scannet/posed_images/scene0700_02/00117.jpg",
      "transform_matrix": [
        [
          0.52863,
          -0.383481,
          0.757293,
          2.190978
        ],
        [
          -0.848042,
          -0.277558,
          0.451427,
          1.777402
        ],
        [
          0.037079,
          -0.880854,
          -0.471933,
          1.58839
        ],
        [
          0.0,
          0.0,
          0.0,
          1.0
        ]
      ]
    },
    {
      "file_path": "/media/NFS/ttao/scannet/posed_images/scene0700_02/00128.jpg",
      "transform_matrix": [
        [
          0.478993,
          -0.395307,
          0.783772,
          2.220345
        ],
        [
          -0.877059,
          -0.252644,
          0.40858,
          1.741834
        ],
        [
          0.036501,
          -0.883122,
          -0.467722,
          1.588459
        ],
        [
          0.0,
          0.0,
          0.0,
          1.0
        ]
      ]
    },
    {
      "file_path": "/media/NFS/ttao/scannet/posed_images/scene0700_02/00132.jpg",
      "transform_matrix": [
        [
          0.455498,
          -0.406227,
          0.79215,
          2.232904
        ],
        [
          -0.889803,
          -0.235526,
          0.390869,
          1.728586
        ],
        [
          0.02779,
          -0.882897,
          -0.468744,
          1.588206
        ],
        [
          0.0,
          0.0,
          0.0,
          1.0
        ]
      ]
    },
    {
      "file_path": "/media/NFS/ttao/scannet/posed_images/scene0700_02/00154.jpg",
      "transform_matrix": [
        [
          0.193962,
          -0.488984,
          0.850455,
          2.268644
        ],
        [
          -0.98053,
          -0.06953,
          0.18365,
          1.751679
        ],
        [
          -0.03067,
          -0.869517,
          -0.49295,
          1.593624
        ],
        [
          0.0,
          0.0,
          0.0,
          1.0
        ]
      ]
    },
    {
      "file_path": "/media/NFS/ttao/scannet/posed_images/scene0700_02/00165.jpg",
      "transform_matrix": [
        [
          0.012956,
          -0.48461,
          0.874634,
          2.246206
        ],
        [
          -0.999498,
          0.019026,
          0.025348,
          1.762178
        ],
        [
          -0.028924,
          -0.874523,
          -0.484121,
          1.593294
        ],
        [
          0.0,
          0.0,
          0.0,
          1.0
        ]
      ]
    },
    {
      "file_path": "/media/NFS/ttao/scannet/posed_images/scene0700_02/00176.jpg",
      "transform_matrix": [
        [
          -0.148589,
          -0.482516,
          0.863191,
          2.22145
        ],
        [
          -0.988398,
          0.100251,
          -0.114103,
          1.774567
        ],
        [
          -0.031479,
          -0.870131,
          -0.491814,
          1.586021
        ],
        [
          0.0,
          0.0,
          0.0,
          1.0
        ]
      ]
    },
    {
      "file_path": "/media/NFS/ttao/scannet/posed_images/scene0700_02/00180.jpg",
      "transform_matrix": [
        [
          -0.179254,
          -0.466687,
          0.866067,
          2.206164
        ],
        [
          -0.983257,
          0.114313,
          -0.141912,
          1.770703
        ],
        [
          -0.032774,
          -0.877004,
          -0.479364,
          1.593568
        ],
        [
          0.0,
          0.0,
          0.0,
          1.0
        ]
      ]
    },
    {
      "file_path": "/media/NFS/ttao/scannet/posed_images/scene0700_02/00194.jpg",
      "transform_matrix": [
        [
          -0.238108,
          -0.436273,
          0.867739,
          2.144506
        ],
        [
          -0.970859,
          0.131908,
          -0.200085,
          1.702152
        ],
        [
          -0.02717,
          -0.890093,
          -0.454968,
          1.599671
        ],
        [
          0.0,
          0.0,
          0.0,
          1.0
        ]
      ]
    },
    {
      "file_path": "/media/NFS/ttao/scannet/posed_images/scene0700_02/00213.jpg",
      "transform_matrix": [
        [
          -0.35646,
          -0.538016,
          0.763855,
          2.084289
        ],
        [
          -0.930114,
          0.281744,
          -0.235602,
          1.661372
        ],
        [
          -0.088454,
          -0.794455,
          -0.600847,
          1.540415
        ],
        [
          0.0,
          0.0,
          0.0,
          1.0
        ]
      ]
    },
    {
      "file_path": "/media/NFS/ttao/scannet/posed_images/scene0700_02/00224.jpg",
      "transform_matrix": [
        [
          -0.399911,
          -0.615474,
          0.679163,
          2.095592
        ],
        [
          -0.915096,
          0.3099,
          -0.257995,
          1.653811
        ],
        [
          -0.051683,
          -0.724675,
          -0.68715,
          1.519191
        ],
        [
          0.0,
          0.0,
          0.0,
          1.0
        ]
      ]
    },
    {
      "file_path": "/media/NFS/ttao/scannet/posed_images/scene0700_02/00234.jpg",
      "transform_matrix": [
        [
          -0.487909,
          -0.512459,
          0.706634,
          2.140682
        ],
        [
          -0.872746,
          0.301353,
          -0.384059,
          1.621329
        ],
        [
          -0.016132,
          -0.804097,
          -0.594279,
          1.573123
        ],
        [
          0.0,
          0.0,
          0.0,
          1.0
        ]
      ]
    },
    {
      "file_path": "/media/NFS/ttao/scannet/posed_images/scene0700_02/00242.jpg",
      "transform_matrix": [
        [
          -0.579863,
          -0.413843,
          0.701778,
          2.193627
        ],
        [
          -0.814714,
          0.29405,
          -0.499776,
          1.621683
        ],
        [
          0.000471,
          -0.86155,
          -0.507673,
          1.607042
        ],
        [
          0.0,
          0.0,
          0.0,
          1.0
        ]
      ]
    },
    {
      "file_path": "/media/NFS/ttao/scannet/posed_images/scene0700_02/00264.jpg",
      "transform_matrix": [
        [
          -0.811277,
          -0.3148,
          0.492676,
          2.264575
        ],
        [
          -0.58463,
          0.427961,
          -0.689245,
          1.582161
        ],
        [
          0.006128,
          -0.847202,
          -0.531236,
          1.58403
        ],
        [
          0.0,
          0.0,
          0.0,
          1.0
        ]
      ]
    },
    {
      "file_path": "/media/NFS/ttao/scannet/posed_images/scene0700_02/00275.jpg",
      "transform_matrix": [
        [
          -0.873816,
          -0.33216,
          0.355127,
          2.282628
        ],
        [
          -0.485725,
          0.562091,
          -0.669422,
          1.557888
        ],
        [
          0.022741,
          -0.757445,
          -0.652503,
          1.531646
        ],
        [
          0.0,
          0.0,
          0.0,
          1.0
        ]
      ]
    },
    {
      "file_path": "/media/NFS/ttao/scannet/posed_images/scene0700_02/00286.jpg",
      "transform_matrix": [
        [
          -0.92026,
          -0.290339,
          0.262344,
          2.232001
        ],
        [
          -0.391134,
          0.662567,
          -0.638764,
          1.521393
        ],
        [
          0.011637,
          -0.690441,
          -0.723295,
          1.487353
        ],
        [
          0.0,
          0.0,
          0.0,
          1.0
        ]
      ]
    },
    {
      "file_path": "/media/NFS/ttao/scannet/posed_images/scene0700_02/00300.jpg",
      "transform_matrix": [
        [
          -0.970725,
          -0.18759,
          0.15001,
          2.161505
        ],
        [
          -0.240182,
          0.752114,
          -0.613708,
          1.474915
        ],
        [
          0.002301,
          -0.631771,
          -0.775152,
          1.462306
        ],
        [
          0.0,
          0.0,
          0.0,
          1.0
        ]
      ]
    },
    {
      "file_path": "/media/NFS/ttao/scannet/posed_images/scene0700_02/00304.jpg",
      "transform_matrix": [
        [
          -0.979345,
          -0.156202,
          0.12839,
          2.13679
        ],
        [
          -0.202191,
          0.761266,
          -0.616112,
          1.465099
        ],
        [
          -0.001501,
          -0.629346,
          -0.777124,
          1.461327
        ],
        [
          0.0,
          0.0,
          0.0,
          1.0
        ]
      ]
    },
    {
      "file_path": "/media/NFS/ttao/scannet/posed_images/scene0700_02/00319.jpg",
      "transform_matrix": [
        [
          -0.998984,
          -0.036734,
          0.026131,
          2.075533
        ],
        [
          -0.044996,
          0.777219,
          -0.62762,
          1.449465
        ],
        [
          0.002746,
          -0.628157,
          -0.778082,
          1.465438
        ],
        [
          0.0,
          0.0,
          0.0,
          1.0
        ]
      ]
    },
    {
      "file_path": "/media/NFS/ttao/scannet/posed_images/scene0700_02/00326.jpg",
      "transform_matrix": [
        [
          -0.995951,
          0.068347,
          -0.058398,
          2.084521
        ],
        [
          0.089837,
          0.780683,
          -0.618437,
          1.426331
        ],
        [
          0.003322,
          -0.621179,
          -0.783662,
          1.452227
        ],
        [
          0.0,
          0.0,
          0.0,
          1.0
        ]
      ]
    },
    {
      "file_path": "/media/NFS/ttao/scannet/posed_images/scene0700_02/00341.jpg",
      "transform_matrix": [
        [
          -0.944483,
          0.285225,
          -0.163094,
          2.231841
        ],
        [
          0.325767,
          0.748325,
          -0.577829,
          1.324671
        ],
        [
          -0.042764,
          -0.59888,
          -0.799696,
          1.442354
        ],
        [
          0.0,
          0.0,
          0.0,
          1.0
        ]
      ]
    },
    {
      "file_path": "/media/NFS/ttao/scannet/posed_images/scene0700_02/00352.jpg",
      "transform_matrix": [
        [
          -0.86483,
          0.350127,
          -0.359834,
          2.267769
        ],
        [
          0.500979,
          0.648922,
          -0.572644,
          1.302229
        ],
        [
          0.033006,
          -0.675509,
          -0.736613,
          1.471816
        ],
        [
          0.0,
          0.0,
          0.0,
          1.0
        ]
      ]
    },
    {
      "file_path": "/media/NFS/ttao/scannet/posed_images/scene0700_02/00374.jpg",
      "transform_matrix": [
        [
          -0.705942,
          0.348944,
          -0.616347,
          2.25009
        ],
        [
          0.705523,
          0.42301,
          -0.568595,
          1.322471
        ],
        [
          0.062313,
          -0.836242,
          -0.544808,
          1.532181
        ],
        [
          0.0,
          0.0,
          0.0,
          1.0
        ]
      ]
    },
    {
      "file_path": "/media/NFS/ttao/scannet/posed_images/scene0700_02/00385.jpg",
      "transform_matrix": [
        [
          -0.695575,
          0.337376,
          -0.634313,
          2.210135
        ],
        [
          0.71693,
          0.383401,
          -0.58225,
          1.339452
        ],
        [
          0.046759,
          -0.859757,
          -0.508559,
          1.552399
        ],
        [
          0.0,
          0.0,
          0.0,
          1.0
        ]
      ]
    },
    {
      "file_path": "/media/NFS/ttao/scannet/posed_images/scene0700_02/00396.jpg",
      "transform_matrix": [
        [
          -0.694163,
          0.290823,
          -0.658453,
          2.177759
        ],
        [
          0.718426,
          0.336785,
          -0.608639,
          1.343658
        ],
        [
          0.04475,
          -0.895544,
          -0.442718,
          1.579921
        ],
        [
          0.0,
          0.0,
          0.0,
          1.0
        ]
      ]
    },
    {
      "file_path": "/media/NFS/ttao/scannet/posed_images/scene0700_02/00410.jpg",
      "transform_matrix": [
        [
          -0.690017,
          0.238875,
          -0.683239,
          2.13559
        ],
        [
          0.722474,
          0.284288,
          -0.630248,
          1.335522
        ],
        [
          0.043686,
          -0.928504,
          -0.368744,
          1.617513
        ],
        [
          0.0,
          0.0,
          0.0,
          1.0
        ]
      ]
    },
    {
      "file_path": "/media/NFS/ttao/scannet/posed_images/scene0700_02/00421.jpg",
      "transform_matrix": [
        [
          -0.674108,
          0.217433,
          -0.705905,
          2.110457
        ],
        [
          0.737165,
          0.258266,
          -0.624409,
          1.326677
        ],
        [
          0.046545,
          -0.941287,
          -0.334383,
          1.636274
        ],
        [
          0.0,
          0.0,
          0.0,
          1.0
        ]
      ]
    },
    {
      "file_path": "/media/NFS/ttao/scannet/posed_images/scene0700_02/00425.jpg",
      "transform_matrix": [
        [
          -0.670687,
          0.221984,
          -0.707744,
          2.107171
        ],
        [
          0.739924,
          0.266957,
          -0.617452,
          1.3244
        ],
        [
          0.051873,
          -0.937794,
          -0.343296,
          1.633064
        ],
        [
          0.0,
          0.0,
          0.0,
          1.0
        ]
      ]
    },
    {
      "file_path": "/media/NFS/ttao/scannet/posed_images/scene0700_02/00443.jpg",
      "transform_matrix": [
        [
          -0.478262,
          0.45643,
          -0.750291,
          2.109546
        ],
        [
          0.878094,
          0.262822,
          -0.399844,
          1.257449
        ],
        [
          0.014692,
          -0.850057,
          -0.526487,
          1.570258
        ],
        [
          0.0,
          0.0,
          0.0,
          1.0
        ]
      ]
    },
    {
      "file_path": "/media/NFS/ttao/scannet/posed_images/scene0700_02/00451.jpg",
      "transform_matrix": [
        [
          -0.38528,
          0.59613,
          -0.704406,
          2.151745
        ],
        [
          0.922311,
          0.22392,
          -0.314965,
          1.225846
        ],
        [
          -0.03003,
          -0.771031,
          -0.636089,
          1.527143
        ],
        [
          0.0,
          0.0,
          0.0,
          1.0
        ]
      ]
    },
    {
      "file_path": "/media/NFS/ttao/scannet/posed_images/scene0700_02/00465.jpg",
      "transform_matrix": [
        [
          -0.207924,
          0.708082,
          -0.674824,
          2.21717
        ],
        [
          0.978001,
          0.13864,
          -0.155865,
          1.221418
        ],
        [
          -0.016807,
          -0.692387,
          -0.721331,
          1.464679
        ],
        [
          0.0,
          0.0,
          0.0,
          1.0
        ]
      ]
    },
    {
      "file_path": "/media/NFS/ttao/scannet/posed_images/scene0700_02/00484.jpg",
      "transform_matrix": [
        [
          0.122034,
          0.602945,
          -0.788394,
          2.168925
        ],
        [
          0.992475,
          -0.066065,
          0.103099,
          1.378967
        ],
        [
          0.010077,
          -0.795043,
          -0.60647,
          1.525008
        ],
        [
          0.0,
          0.0,
          0.0,
          1.0
        ]
      ]
    },
    {
      "file_path": "/media/NFS/ttao/scannet/posed_images/scene0700_02/00491.jpg",
      "transform_matrix": [
        [
          0.202424,
          0.531694,
          -0.822391,
          2.175646
        ],
        [
          0.979298,
          -0.109746,
          0.170091,
          1.406335
        ],
        [
          0.000183,
          -0.839796,
          -0.542902,
          1.543313
        ],
        [
          0.0,
          0.0,
          0.0,
          1.0
        ]
      ]
    },
    {
      "file_path": "/media/NFS/ttao/scannet/posed_images/scene0700_02/00506.jpg",
      "transform_matrix": [
        [
          0.354515,
          0.426297,
          -0.83222,
          2.142889
        ],
        [
          0.935022,
          -0.154642,
          0.319093,
          1.448815
        ],
        [
          0.007332,
          -0.891267,
          -0.45342,
          1.5815
        ],
        [
          0.0,
          0.0,
          0.0,
          1.0
        ]
      ]
    },
    {
      "file_path": "/media/NFS/ttao/scannet/posed_images/scene0700_02/00520.jpg",
      "transform_matrix": [
        [
          0.482924,
          0.33204,
          -0.810268,
          2.106974
        ],
        [
          0.87561,
          -0.193185,
          0.442703,
          1.453023
        ],
        [
          -0.009537,
          -0.923271,
          -0.384032,
          1.611263
        ],
        [
          0.0,
          0.0,
          0.0,
          1.0
        ]
      ]
    },
    {
      "file_path": "/media/NFS/ttao/scannet/posed_images/scene0700_02/00524.jpg",
      "transform_matrix": [
        [
          0.524798,
          0.318881,
          -0.789241,
          2.094578
        ],
        [
          0.851184,
          -0.205903,
          0.482794,
          1.447129
        ],
        [
          -0.008554,
          -0.925159,
          -0.379484,
          1.614723
        ],
        [
          0.0,
          0.0,
          0.0,
          1.0
        ]
      ]
    },
    {
      "file_path": "/media/NFS/ttao/scannet/posed_images/scene0700_02/00535.jpg",
      "transform_matrix": [
        [
          0.641493,
          0.377218,
          -0.667977,
          2.06439
        ],
        [
          0.767075,
          -0.325785,
          0.552685,
          1.436362
        ],
        [
          -0.009134,
          -0.866932,
          -0.498344,
          1.57126
        ],
        [
          0.0,
          0.0,
          0.0,
          1.0
        ]
      ]
    },
    {
      "file_path": "/media/NFS/ttao/scannet/posed_images/scene0700_02/00553.jpg",
      "transform_matrix": [
        [
          0.805714,
          0.378076,
          -0.455943,
          2.04297
        ],
        [
          0.592302,
          -0.516917,
          0.618042,
          1.391917
        ],
        [
          -0.002018,
          -0.768021,
          -0.640422,
          1.513134
        ],
        [
          0.0,
          0.0,
          0.0,
          1.0
        ]
      ]
    },
    {
      "file_path": "/media/NFS/ttao/scannet/posed_images/scene0700_02/00564.jpg",
      "transform_matrix": [
        [
          0.854108,
          0.366864,
          -0.368661,
          2.06649
        ],
        [
          0.519596,
          -0.57079,
          0.635783,
          1.353371
        ],
        [
          0.022818,
          -0.734581,
          -0.678137,
          1.495975
        ],
        [
          0.0,
          0.0,
          0.0,
          1.0
        ]
      ]
    },
    {
      "file_path": "/media/NFS/ttao/scannet/posed_images/scene0700_02/00572.jpg",
      "transform_matrix": [
        [
          0.878452,
          0.345211,
          -0.33038,
          2.102132
        ],
        [
          0.47716,
          -0.59712,
          0.644799,
          1.324295
        ],
        [
          0.025315,
          -0.72407,
          -0.689262,
          1.492327
        ],
        [
          0.0,
          0.0,
          0.0,
          1.0
        ]
      ]
    },
    {
      "file_path": "/media/NFS/ttao/scannet/posed_images/scene0700_02/00583.jpg",
      "transform_matrix": [
        [
          0.911652,
          0.306815,
          -0.273413,
          2.154949
        ],
        [
          0.410759,
          -0.659326,
          0.629735,
          1.26661
        ],
        [
          0.012944,
          -0.686407,
          -0.727103,
          1.478016
        ],
        [
          0.0,
          0.0,
          0.0,
          1.0
        ]
      ]
    },
    {
      "file_path": "/media/NFS/ttao/scannet/posed_images/scene0700_02/00605.jpg",
      "transform_matrix": [
        [
          0.970448,
          0.16798,
          -0.173243,
          2.192552
        ],
        [
          0.241297,
          -0.683016,
          0.689394,
          1.281653
        ],
        [
          -0.002524,
          -0.710825,
          -0.703365,
          1.501781
        ],
        [
          0.0,
          0.0,
          0.0,
          1.0
        ]
      ]
    },
    {
      "file_path": "/media/NFS/ttao/scannet/posed_images/scene0700_02/00616.jpg",
      "transform_matrix": [
        [
          0.997549,
          0.046786,
          -0.052023,
          2.139655
        ],
        [
          0.069887,
          -0.630893,
          0.772716,
          1.300359
        ],
        [
          0.003331,
          -0.774458,
          -0.632616,
          1.538668
        ],
        [
          0.0,
          0.0,
          0.0,
          1.0
        ]
      ]
    },
    {
      "file_path": "/media/NFS/ttao/scannet/posed_images/scene0700_02/00630.jpg",
      "transform_matrix": [
        [
          0.993296,
          -0.064924,
          0.095646,
          2.133086
        ],
        [
          -0.115548,
          -0.582366,
          0.804673,
          1.316944
        ],
        [
          0.003458,
          -0.81033,
          -0.585963,
          1.552974
        ],
        [
          0.0,
          0.0,
          0.0,
          1.0
        ]
      ]
    },
    {
      "file_path": "/media/NFS/ttao/scannet/posed_images/scene0700_02/00641.jpg",
      "transform_matrix": [
        [
          0.966444,
          -0.149207,
          0.209101,
          2.12996
        ],
        [
          -0.256864,
          -0.552869,
          0.79269,
          1.335565
        ],
        [
          -0.002669,
          -0.819801,
          -0.572643,
          1.567401
        ],
        [
          0.0,
          0.0,
          0.0,
          1.0
        ]
      ]
    },
    {
      "file_path": "/media/NFS/ttao/scannet/posed_images/scene0700_02/00649.jpg",
      "transform_matrix": [
        [
          0.946843,
          -0.161492,
          0.278224,
          2.140143
        ],
        [
          -0.321635,
          -0.492009,
          0.808998,
          1.332918
        ],
        [
          0.006242,
          -0.855481,
          -0.517797,
          1.583293
        ],
        [
          0.0,
          0.0,
          0.0,
          1.0
        ]
      ]
    },
    {
      "file_path": "/media/NFS/ttao/scannet/posed_images/scene0700_02/00663.jpg",
      "transform_matrix": [
        [
          0.92774,
          -0.153704,
          0.340108,
          2.162529
        ],
        [
          -0.372978,
          -0.4151,
          0.829807,
          1.329428
        ],
        [
          0.013635,
          -0.896698,
          -0.442433,
          1.60041
        ],
        [
          0.0,
          0.0,
          0.0,
          1.0
        ]
      ]
    },
    {
      "file_path": "/media/NFS/ttao/scannet/posed_images/scene0700_02/00674.jpg",
      "transform_matrix": [
        [
          0.911166,
          -0.181506,
          0.369909,
          2.230199
        ],
        [
          -0.41093,
          -0.466148,
          0.783481,
          1.335877
        ],
        [
          0.030225,
          -0.865888,
          -0.499324,
          1.592825
        ],
        [
          0.0,
          0.0,
          0.0,
          1.0
        ]
      ]
    },
    {
      "file_path": "/media/NFS/ttao/scannet/posed_images/scene0700_02/00682.jpg",
      "transform_matrix": [
        [
          0.901325,
          -0.214375,
          0.376372,
          2.270347
        ],
        [
          -0.432796,
          -0.48049,
          0.76277,
          1.334696
        ],
        [
          0.017324,
          -0.850396,
          -0.525858,
          1.582076
        ],
        [
          0.0,
          0.0,
          0.0,
          1.0
        ]
      ]
    },
    {
      "file_path": "/media/NFS/ttao/scannet/posed_images/scene0700_02/00700.jpg",
      "transform_matrix": [
        [
          0.901588,
          -0.256905,
          0.348049,
          2.404508
        ],
        [
          -0.432324,
          -0.563539,
          0.703931,
          1.33017
        ],
        [
          0.015296,
          -0.785127,
          -0.619147,
          1.539071
        ],
        [
          0.0,
          0.0,
          0.0,
          1.0
        ]
      ]
    },
    {
      "file_path": "/media/NFS/ttao/scannet/posed_images/scene0700_02/00707.jpg",
      "transform_matrix": [
        [
          0.911494,
          -0.226147,
          0.343564,
          2.462894
        ],
        [
          -0.409426,
          -0.578784,
          0.705251,
          1.339545
        ],
        [
          0.039359,
          -0.783496,
          -0.620149,
          1.531472
        ],
        [
          0.0,
          0.0,
          0.0,
          1.0
        ]
      ]
    },
    {
      "file_path": "/media/NFS/ttao/scannet/posed_images/scene0700_02/00725.jpg",
      "transform_matrix": [
        [
          0.827715,
          -0.363319,
          0.427653,
          2.630289
        ],
        [
          -0.560808,
          -0.562123,
          0.607875,
          1.412918
        ],
        [
          0.019541,
          -0.742979,
          -0.66903,
          1.519922
        ],
        [
          0.0,
          0.0,
          0.0,
          1.0
        ]
      ]
    },
    {
      "file_path": "/media/NFS/ttao/scannet/posed_images/scene0700_02/00740.jpg",
      "transform_matrix": [
        [
          0.677872,
          -0.504046,
          0.535189,
          2.677781
        ],
        [
          -0.735161,
          -0.469959,
          0.488545,
          1.516478
        ],
        [
          0.005268,
          -0.724621,
          -0.689127,
          1.508454
        ],
        [
          0.0,
          0.0,
          0.0,
          1.0
        ]
      ]
    },
    {
      "file_path": "/media/NFS/ttao/scannet/posed_images/scene0700_02/00744.jpg",
      "transform_matrix": [
        [
          0.648693,
          -0.52162,
          0.554176,
          2.67106
        ],
        [
          -0.76105,
          -0.443847,
          0.473078,
          1.528005
        ],
        [
          -0.000798,
          -0.728638,
          -0.684899,
          1.505638
        ],
        [
          0.0,
          0.0,
          0.0,
          1.0
        ]
      ]
    },
    {
      "file_path": "/media/NFS/ttao/scannet/posed_images/scene0700_02/00755.jpg",
      "transform_matrix": [
        [
          0.563255,
          -0.576341,
          0.592093,
          2.596609
        ],
        [
          -0.826231,
          -0.40091,
          0.395745,
          1.55604
        ],
        [
          0.009292,
          -0.712111,
          -0.702005,
          1.491257
        ],
        [
          0.0,
          0.0,
          0.0,
          1.0
        ]
      ]
    },
    {
      "file_path": "/media/NFS/ttao/scannet/posed_images/scene0700_02/00773.jpg",
      "transform_matrix": [
        [
          0.449242,
          -0.645967,
          0.617177,
          2.431477
        ],
        [
          -0.89177,
          -0.282379,
          0.353567,
          1.599864
        ],
        [
          -0.054115,
          -0.709217,
          -0.702911,
          1.519608
        ],
        [
          0.0,
          0.0,
          0.0,
          1.0
        ]
      ]
    },
    {
      "file_path": "/media/NFS/ttao/scannet/posed_images/scene0700_02/00784.jpg",
      "transform_matrix": [
        [
          0.421352,
          -0.638027,
          0.644503,
          2.363801
        ],
        [
          -0.905836,
          -0.261717,
          0.333114,
          1.66053
        ],
        [
          -0.043858,
          -0.724173,
          -0.688223,
          1.527451
        ],
        [
          0.0,
          0.0,
          0.0,
          1.0
        ]
      ]
    },
    {
      "file_path": "/media/NFS/ttao/scannet/posed_images/scene0700_02/00799.jpg",
      "transform_matrix": [
        [
          0.267797,
          -0.670766,
          0.691634,
          2.316191
        ],
        [
          -0.961777,
          -0.143506,
          0.233219,
          1.809391
        ],
        [
          -0.057181,
          -0.727653,
          -0.683558,
          1.531101
        ],
        [
          0.0,
          0.0,
          0.0,
          1.0
        ]
      ]
    },
    {
      "file_path": "/media/NFS/ttao/scannet/posed_images/scene0700_02/00806.jpg",
      "transform_matrix": [
        [
          0.243554,
          -0.648044,
          0.72161,
          2.290517
        ],
        [
          -0.969164,
          -0.133878,
          0.206878,
          1.863812
        ],
        [
          -0.037458,
          -0.749744,
          -0.660667,
          1.534519
        ],
        [
          0.0,
          0.0,
          0.0,
          1.0
        ]
      ]
    },
    {
      "file_path": "/media/NFS/ttao/scannet/posed_images/scene0700_02/00817.jpg",
      "transform_matrix": [
        [
          0.227665,
          -0.662164,
          0.713938,
          2.229956
        ],
        [
          -0.973562,
          -0.140802,
          0.179864,
          1.895769
        ],
        [
          -0.018576,
          -0.736012,
          -0.676714,
          1.553885
        ],
        [
          0.0,
          0.0,
          0.0,
          1.0
        ]
      ]
    },
    {
      "file_path": "/media/NFS/ttao/scannet/posed_images/scene0700_02/00835.jpg",
      "transform_matrix": [
        [
          0.179104,
          -0.674974,
          0.715774,
          2.214792
        ],
        [
          -0.983825,
          -0.125223,
          0.128092,
          1.884914
        ],
        [
          0.003173,
          -0.727138,
          -0.686484,
          1.566258
        ],
        [
          0.0,
          0.0,
          0.0,
          1.0
        ]
      ]
    },
    {
      "file_path": "/media/NFS/ttao/scannet/posed_images/scene0700_02/00839.jpg",
      "transform_matrix": [
        [
          0.18189,
          -0.715611,
          0.674401,
          2.251604
        ],
        [
          -0.983143,
          -0.119369,
          0.138497,
          1.88846
        ],
        [
          -0.018607,
          -0.688224,
          -0.72526,
          1.566344
        ],
        [
          0.0,
          0.0,
          0.0,
          1.0
        ]
      ]
    },
    {
      "file_path": "/media/NFS/ttao/scannet/posed_images/scene0700_02/00854.jpg",
      "transform_matrix": [
        [
          0.256866,
          -0.750046,
          0.609468,
          2.443853
        ],
        [
          -0.964811,
          -0.16233,
          0.206856,
          1.85557
        ],
        [
          -0.056217,
          -0.641155,
          -0.76535,
          1.604114
        ],
        [
          0.0,
          0.0,
          0.0,
          1.0
        ]
      ]
    },
    {
      "file_path": "/media/NFS/ttao/scannet/posed_images/scene0700_02/00872.jpg",
      "transform_matrix": [
        [
          0.400379,
          -0.656291,
          0.639515,
          2.518626
        ],
        [
          -0.916344,
          -0.284147,
          0.282091,
          1.694202
        ],
        [
          -0.003417,
          -0.698959,
          -0.715154,
          1.439115
        ],
        [
          0.0,
          0.0,
          0.0,
          1.0
        ]
      ]
    },
    {
      "file_path": "/media/NFS/ttao/scannet/posed_images/scene0700_02/00883.jpg",
      "transform_matrix": [
        [
          0.449894,
          -0.601733,
          0.659934,
          2.507225
        ],
        [
          -0.892868,
          -0.319224,
          0.317621,
          1.67288
        ],
        [
          0.019545,
          -0.73213,
          -0.680885,
          1.366879
        ],
        [
          0.0,
          0.0,
          0.0,
          1.0
        ]
      ]
    },
    {
      "file_path": "/media/NFS/ttao/scannet/posed_images/scene0700_02/00890.jpg",
      "transform_matrix": [
        [
          0.463313,
          -0.577965,
          0.671787,
          2.502662
        ],
        [
          -0.885508,
          -0.331776,
          0.325271,
          1.66026
        ],
        [
          0.034888,
          -0.745574,
          -0.665509,
          1.3155
        ],
        [
          0.0,
          0.0,
          0.0,
          1.0
        ]
      ]
    },
    {
      "file_path": "/media/NFS/ttao/scannet/posed_images/scene0700_02/00909.jpg",
      "transform_matrix": [
        [
          0.490451,
          -0.567116,
          0.661692,
          2.544732
        ],
        [
          -0.869986,
          -0.36289,
          0.333819,
          1.649837
        ],
        [
          0.050807,
          -0.739385,
          -0.671364,
          1.346078
        ],
        [
          0.0,
          0.0,
          0.0,
          1.0
        ]
      ]
    },
    {
      "file_path": "/media/NFS/ttao/scannet/posed_images/scene0700_02/00923.jpg",
      "transform_matrix": [
        [
          0.622692,
          -0.508965,
          0.594314,
          2.665226
        ],
        [
          -0.780221,
          -0.461375,
          0.42236,
          1.606744
        ],
        [
          0.059235,
          -0.726697,
          -0.6844,
          1.394148
        ],
        [
          0.0,
          0.0,
          0.0,
          1.0
        ]
      ]
    },
    {
      "file_path": "/media/NFS/ttao/scannet/posed_images/scene0700_02/00934.jpg",
      "transform_matrix": [
        [
          0.709073,
          -0.449587,
          0.543219,
          2.765346
        ],
        [
          -0.703532,
          -0.502979,
          0.50205,
          1.548377
        ],
        [
          0.047513,
          -0.738163,
          -0.672947,
          1.415242
        ],
        [
          0.0,
          0.0,
          0.0,
          1.0
        ]
      ]
    },
    {
      "file_path": "/media/NFS/ttao/scannet/posed_images/scene0700_02/00938.jpg",
      "transform_matrix": [
        [
          0.724766,
          -0.443983,
          0.526871,
          2.793623
        ],
        [
          -0.687464,
          -0.516957,
          0.510049,
          1.525928
        ],
        [
          0.045916,
          -0.731871,
          -0.679895,
          1.413949
