{
  "frames": [
    {
      "file_path": "/media/NFS/ttao/scannet/posed_images/scene0325_01/00000.jpg",
      "transform_matrix": [
        [
          -0.98452,
          -0.030254,
          0.172641,
          5.16544
        ],
        [
          -0.162835,
          0.5223,
          -0.837071,
          3.790634
        ],
        [
          -0.064846,
          -0.852225,
          -0.519141,
          1.377866
        ],
        [
          0.0,
          0.0,
          0.0,
          1.0
        ]
      ]
    },
    {
      "file_path": "/media/NFS/ttao/scannet/posed_images/scene0325_01/00004.jpg",
      "transform_matrix": [
        [
          -0.994185,
          -0.011748,
          0.10704,
          5.203991
        ],
        [
          -0.097158,
          0.526489,
          -0.844612,
          3.772604
        ],
        [
          -0.046434,
          -0.850101,
          -0.524569,
          1.377138
        ],
        [
          0.0,
          0.0,
          0.0,
          1.0
        ]
      ]
    },
    {
      "file_path": "/media/NFS/ttao/scannet/posed_images/scene0325_01/00008.jpg",
      "transform_matrix": [
        [
          -0.996956,
          -0.001363,
          0.077954,
          5.222254
        ],
        [
          -0.066258,
          0.541779,
          -0.837906,
          3.754046
        ],
        [
          -0.041092,
          -0.84052,
          -0.54022,
          1.375565
        ],
        [
          0.0,
          0.0,
          0.0,
          1.0
        ]
      ]
    },
    {
      "file_path": "/media/NFS/ttao/scannet/posed_images/scene0325_01/00011.jpg",
      "transform_matrix": [
        [
          -0.996969,
          0.005647,
          0.077593,
          5.206707
        ],
        [
          -0.061605,
          0.5518,
          -0.831699,
          3.720231
        ],
        [
          -0.047512,
          -0.833958,
          -0.549779,
          1.395059
        ],
        [
          0.0,
          0.0,
          0.0,
          1.0
        ]
      ]
    },
    {
      "file_path": "/media/NFS/ttao/scannet/posed_images/scene0325_01/00015.jpg",
      "transform_matrix": [
        [
          -0.99769,
          0.028669,
          0.061594,
          5.204206
        ],
        [
          -0.036026,
          0.545407,
          -0.837397,
          3.68425
        ],
        [
          -0.057601,
          -0.837681,
          -0.543114,
          1.394458
        ],
        [
          0.0,
          0.0,
          0.0,
          1.0
        ]
      ]
    },
    {
      "file_path": "/media/NFS/ttao/scannet/posed_images/scene0325_01/00019.jpg",
      "transform_matrix": [
        [
          -0.997839,
          0.040147,
          0.05201,
          5.199971
        ],
        [
          -0.020587,
          0.560682,
          -0.827775,
          3.639333
        ],
        [
          -0.062394,
          -0.827058,
          -0.558644,
          1.393563
        ],
        [
          0.0,
          0.0,
          0.0,
          1.0
        ]
      ]
    },
    {
      "file_path": "/media/NFS/ttao/scannet/posed_images/scene0325_01/00020.jpg",
      "transform_matrix": [
        [
          -0.997665,
          0.051068,
          0.045349,
          5.207648
        ],
        [
          -0.008987,
          0.560057,
          -0.828405,
          3.632755
        ],
        [
          -0.067703,
          -0.826879,
          -0.55829,
          1.390269
        ],
        [
          0.0,
          0.0,
          0.0,
          1.0
        ]
      ]
    },
    {
      "file_path": "/media/NFS/ttao/scannet/posed_images/scene0325_01/00024.jpg",
      "transform_matrix": [
        [
          -0.996351,
          0.066421,
          0.053604,
          5.197611
        ],
        [
          -0.006759,
          0.564649,
          -0.825304,
          3.588312
        ],
        [
          -0.085085,
          -0.822654,
          -0.562139,
          1.390653
        ],
        [
          0.0,
          0.0,
          0.0,
          1.0
        ]
      ]
    },
    {
      "file_path": "/media/NFS/ttao/scannet/posed_images/scene0325_01/00027.jpg",
      "transform_matrix": [
        [
          -0.996183,
          0.069205,
          0.053205,
          5.18826
        ],
        [
          -0.003489,
          0.577444,
          -0.816423,
          3.55706
        ],
        [
          -0.087223,
          -0.813492,
          -0.574998,
          1.390554
        ],
        [
          0.0,
          0.0,
          0.0,
          1.0
        ]
      ]
    },
    {
      "file_path": "/media/NFS/ttao/scannet/posed_images/scene0325_01/00033.jpg",
      "transform_matrix": [
        [
          -0.996471,
          0.081967,
          0.018061,
          5.17786
        ],
        [
          0.031073,
          0.560146,
          -0.827811,
          3.509633
        ],
        [
          -0.07797,
          -0.824329,
          -0.560717,
          1.39017
        ],
        [
          0.0,
          0.0,
          0.0,
          1.0
        ]
      ]
    },
    {
      "file_path": "/media/NFS/ttao/scannet/posed_images/scene0325_01/00037.jpg",
      "transform_matrix": [
        [
          -0.99462,
          0.1027,
          -0.013559,
          5.174984
        ],
        [
          0.067615,
          0.544444,
          -0.836068,
          3.476201
        ],
        [
          -0.078482,
          -0.832486,
          -0.548459,
          1.395859
        ],
        [
          0.0,
          0.0,
          0.0,
          1.0
        ]
      ]
    },
    {
      "file_path": "/media/NFS/ttao/scannet/posed_images/scene0325_01/00039.jpg",
      "transform_matrix": [
        [
          -0.993531,
          0.110223,
          -0.027348,
          5.173809
        ],
        [
          0.082639,
          0.536511,
          -0.839837,
          3.459607
        ],
        [
          -0.077896,
          -0.836664,
          -0.542149,
          1.394742
        ],
        [
          0.0,
          0.0,
          0.0,
          1.0
        ]
      ]
    },
    {
      "file_path": "/media/NFS/ttao/scannet/posed_images/scene0325_01/00041.jpg",
      "transform_matrix": [
        [
          -0.992785,
          0.109807,
          -0.04818,
          5.178537
        ],
        [
          0.099312,
          0.527773,
          -0.84356,
          3.442052
        ],
        [
          -0.067201,
          -0.842258,
          -0.53487,
          1.391582
        ],
        [
          0.0,
          0.0,
          0.0,
          1.0
        ]
      ]
    },
    {
      "file_path": "/media/NFS/ttao/scannet/posed_images/scene0325_01/00047.jpg",
      "transform_matrix": [
        [
          -0.982966,
          0.127878,
          -0.132006,
          5.189746
        ],
        [
          0.177611,
          0.476273,
          -0.861173,
          3.377863
        ],
        [
          -0.047254,
          -0.869949,
          -0.490873,
          1.400671
        ],
        [
          0.0,
          0.0,
          0.0,
          1.0
        ]
      ]
    },
    {
      "file_path": "/media/NFS/ttao/scannet/posed_images/scene0325_01/00050.jpg",
      "transform_matrix": [
        [
          -0.973174,
          0.14363,
          -0.179732,
          5.195884
        ],
        [
          0.226363,
          0.45804,
          -0.859627,
          3.34899
        ],
        [
          -0.041144,
          -0.877251,
          -0.478265,
          1.39264
        ],
        [
          0.0,
          0.0,
          0.0,
          1.0
        ]
      ]
    },
    {
      "file_path": "/media/NFS/ttao/scannet/posed_images/scene0325_01/00054.jpg",
      "transform_matrix": [
        [
          -0.951773,
          0.183048,
          -0.246213,
          5.210782
        ],
        [
          0.303058,
          0.435949,
          -0.84741,
          3.299508
        ],
        [
          -0.04778,
          -0.881159,
          -0.470399,
          1.397827
        ],
        [
          0.0,
          0.0,
          0.0,
          1.0
        ]
      ]
    },
    {
      "file_path": "/media/NFS/ttao/scannet/posed_images/scene0325_01/00058.jpg",
      "transform_matrix": [
        [
          -0.925003,
          0.22169,
          -0.308583,
          5.228824
        ],
        [
          0.377058,
          0.435389,
          -0.817474,
          3.248573
        ],
        [
          -0.046872,
          -0.872519,
          -0.486326,
          1.392492
        ],
        [
          0.0,
          0.0,
          0.0,
          1.0
        ]
      ]
    },
    {
      "file_path": "/media/NFS/ttao/scannet/posed_images/scene0325_01/00061.jpg",
      "transform_matrix": [
        [
          -0.909872,
          0.239382,
          -0.338863,
          5.225034
        ],
        [
          0.412701,
          0.438458,
          -0.798394,
          3.21402
        ],
        [
          -0.042544,
          -0.866286,
          -0.497734,
          1.389801
        ],
        [
          0.0,
          0.0,
          0.0,
          1.0
        ]
      ]
    },
    {
      "file_path": "/media/NFS/ttao/scannet/posed_images/scene0325_01/00062.jpg",
      "transform_matrix": [
        [
          -0.903439,
          0.244312,
          -0.352291,
          5.227102
        ],
        [
          0.426712,
          0.43307,
          -0.793957,
          3.202657
        ],
        [
          -0.041407,
          -0.867619,
          -0.495503,
          1.387344
        ],
        [
          0.0,
          0.0,
          0.0,
          1.0
        ]
      ]
    },
    {
      "file_path": "/media/NFS/ttao/scannet/posed_images/scene0325_01/00068.jpg",
      "transform_matrix": [
        [
          -0.874257,
          0.273993,
          -0.400751,
          5.222339
        ],
        [
          0.484593,
          0.443154,
          -0.754178,
          3.140969
        ],
        [
          -0.029045,
          -0.853547,
          -0.520206,
          1.370683
        ],
        [
          0.0,
          0.0,
          0.0,
          1.0
        ]
      ]
    },
    {
      "file_path": "/media/NFS/ttao/scannet/posed_images/scene0325_01/00070.jpg",
      "transform_matrix": [
        [
          -0.863842,
          0.29532,
          -0.40812,
          5.198894
        ],
        [
          0.501929,
          0.435514,
          -0.747258,
          3.121024
        ],
        [
          -0.042938,
          -0.850361,
          -0.524445,
          1.372817
        ],
        [
          0.0,
          0.0,
          0.0,
          1.0
        ]
      ]
    },
    {
      "file_path": "/media/NFS/ttao/scannet/posed_images/scene0325_01/00073.jpg",
      "transform_matrix": [
        [
          -0.834103,
          0.32644,
          -0.444644,
          5.180058
        ],
        [
          0.548156,
          0.400491,
          -0.734256,
          3.088263
        ],
        [
          -0.061615,
          -0.85618,
          -0.512991,
          1.366189
        ],
        [
          0.0,
          0.0,
          0.0,
          1.0
        ]
      ]
    },
    {
      "file_path": "/media/NFS/ttao/scannet/posed_images/scene0325_01/00079.jpg",
      "transform_matrix": [
        [
          -0.770199,
          0.370859,
          -0.5189,
          5.136317
        ],
        [
          0.633678,
          0.352562,
          -0.688587,
          3.025103
        ],
        [
          -0.072425,
          -0.859164,
          -0.506549,
          1.372916
        ],
        [
          0.0,
          0.0,
          0.0,
          1.0
        ]
      ]
    },
    {
      "file_path": "/media/NFS/ttao/scannet/posed_images/scene0325_01/00080.jpg",
      "transform_matrix": [
        [
          -0.758375,
          0.382298,
          -0.527935,
          5.131382
        ],
        [
          0.647788,
          0.352118,
          -0.675561,
          3.008988
        ],
        [
          -0.07237,
          -0.854319,
          -0.514686,
          1.37652
        ],
        [
          0.0,
          0.0,
          0.0,
          1.0
        ]
      ]
    },
    {
      "file_path": "/media/NFS/ttao/scannet/posed_images/scene0325_01/00084.jpg",
      "transform_matrix": [
        [
          -0.743071,
          0.383469,
          -0.54845,
          5.103572
        ],
        [
          0.666449,
          0.349628,
          -0.658488,
          2.974592
        ],
        [
          -0.060756,
          -0.854817,
          -0.515361,
          1.377836
        ],
        [
          0.0,
          0.0,
          0.0,
          1.0
        ]
      ]
    },
    {
      "file_path": "/media/NFS/ttao/scannet/posed_images/scene0325_01/00089.jpg",
      "transform_matrix": [
        [
          -0.68512,
          0.394617,
          -0.61228,
          5.079173
        ],
        [
          0.72769,
          0.332906,
          -0.599701,
          2.932566
        ],
        [
          -0.032821,
          -0.856417,
          -0.51524,
          1.375501
        ],
        [
          0.0,
          0.0,
          0.0,
          1.0
        ]
      ]
    },
    {
      "file_path": "/media/NFS/ttao/scannet/posed_images/scene0325_01/00093.jpg",
      "transform_matrix": [
        [
          -0.62308,
          0.410975,
          -0.665485,
          5.056615
        ],
        [
          0.781514,
          0.2926,
          -0.551019,
          2.892227
        ],
        [
          -0.031734,
          -0.863415,
          -0.503496,
          1.380601
        ],
        [
          0.0,
          0.0,
          0.0,
          1.0
        ]
      ]
    },
    {
      "file_path": "/media/NFS/ttao/scannet/posed_images/scene0325_01/00095.jpg",
      "transform_matrix": [
        [
          -0.592334,
          0.41358,
          -0.691442,
          5.051204
        ],
        [
          0.805454,
          0.283085,
          -0.520679,
          2.873387
        ],
        [
          -0.019605,
          -0.865341,
          -0.5008,
          1.380879
        ],
        [
          0.0,
          0.0,
          0.0,
          1.0
        ]
      ]
    },
    {
      "file_path": "/media/NFS/ttao/scannet/posed_images/scene0325_01/00100.jpg",
      "transform_matrix": [
        [
          -0.49454,
          0.429728,
          -0.755489,
          5.048505
        ],
        [
          0.868784,
          0.219019,
          -0.444123,
          2.823401
        ],
        [
          -0.025385,
          -0.875994,
          -0.481654,
          1.393858
        ],
        [
          0.0,
          0.0,
          0.0,
          1.0
        ]
      ]
    },
    {
      "file_path": "/media/NFS/ttao/scannet/posed_images/scene0325_01/00103.jpg",
      "transform_matrix": [
        [
          -0.443699,
          0.423944,
          -0.789559,
          5.051094
        ],
        [
          0.89577,
          0.183275,
          -0.404977,
          2.798566
        ],
        [
          -0.026981,
          -0.886951,
          -0.461075,
          1.40461
        ],
        [
          0.0,
          0.0,
          0.0,
          1.0
        ]
      ]
    },
    {
      "file_path": "/media/NFS/ttao/scannet/posed_images/scene0325_01/00106.jpg",
      "transform_matrix": [
        [
          -0.408863,
          0.410851,
          -0.814882,
          5.055731
        ],
        [
          0.912005,
          0.151817,
          -0.38105,
          2.776184
        ],
        [
          -0.032842,
          -0.898973,
          -0.43677,
          1.412207
        ],
        [
          0.0,
          0.0,
          0.0,
          1.0
        ]
      ]
    },
    {
      "file_path": "/media/NFS/ttao/scannet/posed_images/scene0325_01/00111.jpg",
      "transform_matrix": [
        [
          -0.357283,
          0.384433,
          -0.851211,
          5.060006
        ],
        [
          0.933497,
          0.117173,
          -0.338902,
          2.747313
        ],
        [
          -0.030546,
          -0.915687,
          -0.400731,
          1.42359
        ],
        [
          0.0,
          0.0,
          0.0,
          1.0
        ]
      ]
    },
    {
      "file_path": "/media/NFS/ttao/scannet/posed_images/scene0325_01/00112.jpg",
      "transform_matrix": [
        [
          -0.348571,
          0.384068,
          -0.85498,
          5.058768
        ],
        [
          0.936757,
          0.112215,
          -0.331502,
          2.742343
        ],
        [
          -0.031378,
          -0.91646,
          -0.398894,
          1.428059
        ],
        [
          0.0,
          0.0,
          0.0,
          1.0
        ]
      ]
    },
    {
      "file_path": "/media/NFS/ttao/scannet/posed_images/scene0325_01/00118.jpg",
      "transform_matrix": [
        [
          -0.285728,
          0.338827,
          -0.896413,
          5.079258
        ],
        [
          0.957626,
          0.065583,
          -0.28045,
          2.722535
        ],
        [
          -0.036235,
          -0.93856,
          -0.343208,
          1.44869
        ],
        [
          0.0,
          0.0,
          0.0,
          1.0
        ]
      ]
    },
    {
      "file_path": "/media/NFS/ttao/scannet/posed_images/scene0325_01/00120.jpg",
      "transform_matrix": [
        [
          -0.260801,
          0.337218,
          -0.904581,
          5.084399
        ],
        [
          0.964655,
          0.054416,
          -0.257836,
          2.713435
        ],
        [
          -0.037723,
          -0.939853,
          -0.339491,
          1.4525
        ],
        [
          0.0,
          0.0,
          0.0,
          1.0
        ]
      ]
    },
    {
      "file_path": "/media/NFS/ttao/scannet/posed_images/scene0325_01/00124.jpg",
      "transform_matrix": [
        [
          -0.215669,
          0.328348,
          -0.919606,
          5.083717
        ],
        [
          0.97577,
          0.036904,
          -0.215664,
          2.705708
        ],
        [
          -0.036876,
          -0.943836,
          -0.328351,
          1.459567
        ],
        [
          0.0,
          0.0,
          0.0,
          1.0
        ]
      ]
    },
    {
      "file_path": "/media/NFS/ttao/scannet/posed_images/scene0325_01/00126.jpg",
      "transform_matrix": [
        [
          -0.198091,
          0.325493,
          -0.924562,
          5.085291
        ],
        [
          0.979549,
          0.031799,
          -0.198677,
          2.705488
        ],
        [
          -0.035268,
          -0.94501,
          -0.325135,
          1.460708
        ],
        [
          0.0,
          0.0,
          0.0,
          1.0
        ]
      ]
    },
    {
      "file_path": "/media/NFS/ttao/scannet/posed_images/scene0325_01/00130.jpg",
      "transform_matrix": [
        [
          -0.175083,
          0.326358,
          -0.92889,
          5.088696
        ],
        [
          0.984366,
          0.039616,
          -0.171621,
          2.697408
        ],
        [
          -0.019211,
          -0.944416,
          -0.328192,
          1.452542
        ],
        [
          0.0,
          0.0,
          0.0,
          1.0
        ]
      ]
    },
    {
      "file_path": "/media/NFS/ttao/scannet/posed_images/scene0325_01/00135.jpg",
      "transform_matrix": [
        [
          -0.162515,
          0.350237,
          -0.922455,
          5.080357
        ],
        [
          0.986672,
          0.049869,
          -0.154895,
          2.701785
        ],
        [
          -0.008248,
          -0.935333,
          -0.353673,
          1.443325
        ],
        [
          0.0,
          0.0,
          0.0,
          1.0
        ]
      ]
    },
    {
      "file_path": "/media/NFS/ttao/scannet/posed_images/scene0325_01/00137.jpg",
      "transform_matrix": [
        [
          -0.165913,
          0.352516,
          -0.920981,
          5.080106
        ],
        [
          0.986097,
          0.050518,
          -0.158307,
          2.702829
        ],
        [
          -0.00928,
          -0.934441,
          -0.355996,
          1.441383
        ],
        [
          0.0,
          0.0,
          0.0,
          1.0
        ]
      ]
    },
    {
      "file_path": "/media/NFS/ttao/scannet/posed_images/scene0325_01/00142.jpg",
      "transform_matrix": [
        [
          -0.181633,
          0.39126,
          -0.902178,
          5.073187
        ],
        [
          0.983212,
          0.055997,
          -0.173662,
          2.703861
        ],
        [
          -0.017428,
          -0.918575,
          -0.394862,
          1.425923
        ],
        [
          0.0,
          0.0,
          0.0,
          1.0
        ]
      ]
    },
    {
      "file_path": "/media/NFS/ttao/scannet/posed_images/scene0325_01/00145.jpg",
      "transform_matrix": [
        [
          -0.181285,
          0.399189,
          -0.898768,
          5.062083
        ],
        [
          0.983091,
          0.049546,
          -0.176288,
          2.704281
        ],
        [
          -0.025842,
          -0.915529,
          -0.401421,
          1.426746
        ],
        [
          0.0,
          0.0,
          0.0,
          1.0
        ]
      ]
    },
    {
      "file_path": "/media/NFS/ttao/scannet/posed_images/scene0325_01/00150.jpg",
      "transform_matrix": [
        [
          -0.184669,
          0.416948,
          -0.889973,
          5.04331
        ],
        [
          0.982795,
          0.075105,
          -0.168743,
          2.692182
        ],
        [
          -0.003516,
          -0.905822,
          -0.423643,
          1.404504
        ],
        [
          0.0,
          0.0,
          0.0,
          1.0
        ]
      ]
    },
    {
      "file_path": "/media/NFS/ttao/scannet/posed_images/scene0325_01/00152.jpg",
      "transform_matrix": [
        [
          -0.183044,
          0.425547,
          -0.886231,
          5.036447
        ],
        [
          0.983068,
          0.08702,
          -0.16126,
          2.679869
        ],
        [
          0.008496,
          -0.900743,
          -0.43427,
          1.399788
        ],
        [
          0.0,
          0.0,
          0.0,
          1.0
        ]
      ]
    },
    {
      "file_path": "/media/NFS/ttao/scannet/posed_images/scene0325_01/00156.jpg",
      "transform_matrix": [
        [
          -0.166964,
          0.411951,
          -0.895779,
          5.021107
        ],
        [
          0.98581,
          0.08575,
          -0.14431,
          2.65078
        ],
        [
          0.017365,
          -0.907162,
          -0.420423,
          1.393011
        ],
        [
          0.0,
          0.0,
          0.0,
          1.0
        ]
      ]
    },
    {
      "file_path": "/media/NFS/ttao/scannet/posed_images/scene0325_01/00160.jpg",
      "transform_matrix": [
        [
          -0.125586,
          0.398394,
          -0.908576,
          4.998799
        ],
        [
          0.991978,
          0.063717,
          -0.109176,
          2.599021
        ],
        [
          0.014396,
          -0.914999,
          -0.4032,
          1.388528
        ],
        [
          0.0,
          0.0,
          0.0,
          1.0
        ]
      ]
    },
    {
      "file_path": "/media/NFS/ttao/scannet/posed_images/scene0325_01/00162.jpg",
      "transform_matrix": [
        [
          -0.108416,
          0.39839,
          -0.910786,
          4.98795
        ],
        [
          0.994021,
          0.05543,
          -0.094078,
          2.571002
        ],
        [
          0.013005,
          -0.91554,
          -0.402018,
          1.388954
        ],
        [
          0.0,
          0.0,
          0.0,
          1.0
        ]
      ]
    },
    {
      "file_path": "/media/NFS/ttao/scannet/posed_images/scene0325_01/00166.jpg",
      "transform_matrix": [
        [
          -0.092465,
          0.399515,
          -0.912052,
          4.961414
        ],
        [
          0.995714,
          0.039165,
          -0.083792,
          2.520604
        ],
        [
          0.002244,
          -0.91589,
          -0.401424,
          1.389265
        ],
        [
          0.0,
          0.0,
          0.0,
          1.0
        ]
      ]
    },
    {
      "file_path": "/media/NFS/ttao/scannet/posed_images/scene0325_01/00169.jpg",
      "transform_matrix": [
        [
          -0.073907,
          0.39468,
          -0.915842,
          4.946273
        ],
        [
          0.997259,
          0.026085,
          -0.069236,
          2.48727
        ],
        [
          -0.003436,
          -0.918448,
          -0.395526,
          1.388368
        ],
        [
          0.0,
          0.0,
          0.0,
          1.0
        ]
      ]
    },
    {
      "file_path": "/media/NFS/ttao/scannet/posed_images/scene0325_01/00173.jpg",
      "transform_matrix": [
        [
          -0.05087,
          0.410275,
          -0.910542,
          4.925206
        ],
        [
          0.998555,
          0.036704,
          -0.039249,
          2.445293
        ],
        [
          0.017318,
          -0.911223,
          -0.411549,
          1.382251
        ],
        [
          0.0,
          0.0,
          0.0,
          1.0
        ]
      ]
    },
    {
      "file_path": "/media/NFS/ttao/scannet/posed_images/scene0325_01/00177.jpg",
      "transform_matrix": [
        [
          -0.047599,
          0.398219,
          -0.916055,
          4.892793
        ],
        [
          0.998517,
          0.043234,
          -0.033089,
          2.419313
        ],
        [
          0.026428,
          -0.916271,
          -0.399686,
          1.373955
        ],
        [
          0.0,
          0.0,
          0.0,
          1.0
        ]
      ]
    },
    {
      "file_path": "/media/NFS/ttao/scannet/posed_images/scene0325_01/00178.jpg",
      "transform_matrix": [
        [
          -0.043676,
          0.398102,
          -0.916301,
          4.886704
        ],
        [
          0.998639,
          0.043562,
          -0.028674,
          2.412507
        ],
        [
          0.028501,
          -0.916306,
          -0.399462,
          1.369584
        ],
        [
          0.0,
          0.0,
          0.0,
          1.0
        ]
      ]
    },
    {
      "file_path": "/media/NFS/ttao/scannet/posed_images/scene0325_01/00185.jpg",
      "transform_matrix": [
        [
          -0.026956,
          0.424905,
          -0.904837,
          4.788367
        ],
        [
          0.999521,
          0.025255,
          -0.017917,
          2.384505
        ],
        [
          0.015239,
          -0.904886,
          -0.425382,
          1.357173
        ],
        [
          0.0,
          0.0,
          0.0,
          1.0
        ]
      ]
    },
    {
      "file_path": "/media/NFS/ttao/scannet/posed_images/scene0325_01/00187.jpg",
      "transform_matrix": [
        [
          -0.018807,
          0.417349,
          -0.908552,
          4.766578
        ],
        [
          0.999703,
          0.021933,
          -0.010619,
          2.377676
        ],
        [
          0.015495,
          -0.908482,
          -0.417638,
          1.351397
        ],
        [
          0.0,
          0.0,
          0.0,
          1.0
        ]
      ]
    },
    {
      "file_path": "/media/NFS/ttao/scannet/posed_images/scene0325_01/00189.jpg",
      "transform_matrix": [
        [
          -0.007316,
          0.428478,
          -0.903523,
          4.739021
        ],
        [
          0.999902,
          0.013903,
          -0.001504,
          2.370471
        ],
        [
          0.011917,
          -0.903445,
          -0.428538,
          1.35267
        ],
        [
          0.0,
          0.0,
          0.0,
          1.0
        ]
      ]
    },
    {
      "file_path": "/media/NFS/ttao/scannet/posed_images/scene0325_01/00193.jpg",
      "transform_matrix": [
        [
          0.002126,
          0.405374,
          -0.914148,
          4.702524
        ],
        [
          0.999989,
          -0.004738,
          0.000225,
          2.369427
        ],
        [
          -0.00424,
          -0.914139,
          -0.40538,
          1.356228
        ],
        [
          0.0,
          0.0,
          0.0,
          1.0
        ]
      ]
    },
    {
      "file_path": "/media/NFS/ttao/scannet/posed_images/scene0325_01/00197.jpg",
      "transform_matrix": [
        [
          0.008705,
          0.398606,
          -0.917081,
          4.674687
        ],
        [
          0.99982,
          -0.018957,
          0.001251,
          2.368278
        ],
        [
          -0.016886,
          -0.916926,
          -0.398699,
          1.362499
        ],
        [
          0.0,
          0.0,
          0.0,
          1.0
        ]
      ]
    },
    {
      "file_path": "/media/NFS/ttao/scannet/posed_images/scene0325_01/00203.jpg",
      "transform_matrix": [
        [
          0.051353,
          0.380685,
          -0.923278,
          4.628144
        ],
        [
          0.998098,
          -0.05114,
          0.034429,
          2.3706
        ],
        [
          -0.03411,
          -0.92329,
          -0.382587,
          1.368152
        ],
        [
          0.0,
          0.0,
          0.0,
          1.0
        ]
      ]
    },
    {
      "file_path": "/media/NFS/ttao/scannet/posed_images/scene0325_01/00205.jpg",
      "transform_matrix": [
        [
          0.063249,
          0.383817,
          -0.92124,
          4.612186
        ],
        [
          0.997196,
          -0.061285,
          0.042931,
          2.369513
        ],
        [
          -0.03998,
          -0.921373,
          -0.386617,
          1.369355
        ],
        [
          0.0,
          0.0,
          0.0,
          1.0
        ]
      ]
    },
    {
      "file_path": "/media/NFS/ttao/scannet/posed_images/scene0325_01/00207.jpg",
      "transform_matrix": [
        [
          0.071128,
          0.38272,
          -0.921122,
          4.598285
        ],
        [
          0.996497,
          -0.067988,
          0.0487,
          2.367939
        ],
        [
          -0.043987,
          -0.921359,
          -0.386215,
          1.373317
        ],
        [
          0.0,
          0.0,
          0.0,
          1.0
        ]
      ]
    },
    {
      "file_path": "/media/NFS/ttao/scannet/posed_images/scene0325_01/00213.jpg",
      "transform_matrix": [
        [
          0.110447,
          0.354894,
          -0.92836,
          4.538384
        ],
        [
          0.992926,
          -0.080368,
          0.087406,
          2.35044
        ],
        [
          -0.043591,
          -0.931446,
          -0.361259,
          1.37593
        ],
        [
          0.0,
          0.0,
          0.0,
          1.0
        ]
      ]
    },
    {
      "file_path": "/media/NFS/ttao/scannet/posed_images/scene0325_01/00216.jpg",
      "transform_matrix": [
        [
          0.139748,
          0.348494,
          -0.926835,
          4.497488
        ],
        [
          0.989504,
          -0.083907,
          0.117648,
          2.333666
        ],
        [
          -0.036768,
          -0.933548,
          -0.356562,
          1.369834
        ],
        [
          0.0,
          0.0,
          0.0,
          1.0
        ]
      ]
    },
    {
      "file_path": "/media/NFS/ttao/scannet/posed_images/scene0325_01/00217.jpg",
      "transform_matrix": [
        [
          0.149249,
          0.348281,
          -0.925432,
          4.482694
        ],
        [
          0.988211,
          -0.084834,
          0.127447,
          2.326541
        ],
        [
          -0.034121,
          -0.933543,
          -0.356837,
          1.367071
        ],
        [
          0.0,
          0.0,
          0.0,
          1.0
        ]
      ]
    },
    {
      "file_path": "/media/NFS/ttao/scannet/posed_images/scene0325_01/00222.jpg",
      "transform_matrix": [
        [
          0.194095,
          0.344015,
          -0.918684,
          4.386734
        ],
        [
          0.980787,
          -0.086763,
          0.174726,
          2.281398
        ],
        [
          -0.019599,
          -0.934947,
          -0.354246,
          1.352414
        ],
        [
          0.0,
          0.0,
          0.0,
          1.0
        ]
      ]
    },
    {
      "file_path": "/media/NFS/ttao/scannet/posed_images/scene0325_01/00226.jpg",
      "transform_matrix": [
        [
          0.225826,
          0.356642,
          -0.906537,
          4.314708
        ],
        [
          0.974118,
          -0.092116,
          0.206421,
          2.237607
        ],
        [
          -0.009888,
          -0.929689,
          -0.368214,
          1.335928
        ],
        [
          0.0,
          0.0,
          0.0,
          1.0
        ]
      ]
    },
    {
      "file_path": "/media/NFS/ttao/scannet/posed_images/scene0325_01/00229.jpg",
      "transform_matrix": [
        [
          0.231449,
          0.364877,
          -0.901829,
          4.276097
        ],
        [
          0.972745,
          -0.100194,
          0.209111,
          2.218937
        ],
        [
          -0.014058,
          -0.925649,
          -0.378122,
          1.329656
        ],
        [
          0.0,
          0.0,
          0.0,
          1.0
        ]
      ]
    },
    {
      "file_path": "/media/NFS/ttao/scannet/posed_images/scene0325_01/00232.jpg",
      "transform_matrix": [
        [
          0.248857,
          0.354476,
          -0.901342,
          4.247736
        ],
        [
          0.968473,
          -0.102019,
          0.22727,
          2.193449
        ],
        [
          -0.011392,
          -0.929483,
          -0.368689,
          1.319683
        ],
        [
          0.0,
          0.0,
          0.0,
          1.0
        ]
      ]
    },
    {
      "file_path": "/media/NFS/ttao/scannet/posed_images/scene0325_01/00237.jpg",
      "transform_matrix": [
        [
          0.254649,
          0.348862,
          -0.901914,
          4.22387
        ],
        [
          0.966931,
          -0.078261,
          0.242735,
          2.18131
        ],
        [
          0.014096,
          -0.933901,
          -0.357255,
          1.313755
        ],
        [
          0.0,
          0.0,
          0.0,
          1.0
        ]
      ]
    },
    {
      "file_path": "/media/NFS/ttao/scannet/posed_images/scene0325_01/00238.jpg",
      "transform_matrix": [
        [
          0.255469,
          0.347794,
          -0.902095,
          4.223882
        ],
        [
          0.966624,
          -0.073222,
          0.245513,
          2.182428
        ],
        [
          0.019335,
          -0.934707,
          -0.354892,
          1.312449
        ],
        [
          0.0,
          0.0,
          0.0,
          1.0
        ]
      ]
    },
    {
      "file_path": "/media/NFS/ttao/scannet/posed_images/scene0325_01/00245.jpg",
      "transform_matrix": [
        [
          0.294526,
          0.35567,
          -0.886991,
          4.206937
        ],
        [
          0.955571,
          -0.098144,
          0.277944,
          2.191261
        ],
        [
          0.011803,
          -0.929444,
          -0.368774,
          1.318034
        ],
        [
          0.0,
          0.0,
          0.0,
          1.0
        ]
      ]
    },
    {
      "file_path": "/media/NFS/ttao/scannet/posed_images/scene0325_01/00248.jpg",
      "transform_matrix": [
        [
          0.302915,
          0.354527,
          -0.88462,
          4.203436
        ],
        [
          0.953017,
          -0.113287,
          0.280934,
          2.196925
        ],
        [
          -0.000617,
          -0.928158,
          -0.372187,
          1.328495
        ],
        [
          0.0,
          0.0,
          0.0,
          1.0
        ]
      ]
    },
    {
      "file_path": "/media/NFS/ttao/scannet/posed_images/scene0325_01/00249.jpg",
      "transform_matrix": [
        [
          0.303352,
          0.351343,
          -0.88574,
          4.202529
        ],
        [
          0.952853,
          -0.118715,
          0.279247,
          2.200014
        ],
        [
          -0.007039,
          -0.92869,
          -0.370791,
          1.333003
        ],
        [
          0.0,
          0.0,
          0.0,
          1.0
        ]
      ]
    },
    {
      "file_path": "/media/NFS/ttao/scannet/posed_images/scene0325_01/00253.jpg",
      "transform_matrix": [
        [
          0.305806,
          0.331867,
          -0.892383,
          4.199385
        ],
        [
          0.951693,
          -0.13376,
          0.276387,
          2.203137
        ],
        [
          -0.027641,
          -0.933795,
          -0.35674,
          1.352987
        ],
        [
          0.0,
          0.0,
          0.0,
          1.0
        ]
      ]
    },
    {
      "file_path": "/media/NFS/ttao/scannet/posed_images/scene0325_01/00257.jpg",
      "transform_matrix": [
        [
          0.288041,
          0.316938,
          -0.90365,
          4.197014
        ],
        [
          0.957192,
          -0.123439,
          0.261814,
          2.201928
        ],
        [
          -0.028567,
          -0.94038,
          -0.338925,
          1.363046
        ],
        [
          0.0,
          0.0,
          0.0,
          1.0
        ]
      ]
    },
    {
      "file_path": "/media/NFS/ttao/scannet/posed_images/scene0325_01/00260.jpg",
      "transform_matrix": [
        [
          0.26662,
          0.311862,
          -0.911952,
          4.196976
        ],
        [
          0.963322,
          -0.116078,
          0.241944,
          2.198999
        ],
        [
          -0.030404,
          -0.94301,
          -0.331372,
          1.370958
        ],
        [
          0.0,
          0.0,
          0.0,
          1.0
        ]
      ]
    },
    {
      "file_path": "/media/NFS/ttao/scannet/posed_images/scene0325_01/00266.jpg",
      "transform_matrix": [
        [
          0.219746,
          0.320459,
          -0.921422,
          4.178349
        ],
        [
          0.975466,
          -0.085043,
          0.203058,
          2.172115
        ],
        [
          -0.013289,
          -0.943437,
          -0.331285,
          1.372202
        ],
        [
          0.0,
          0.0,
          0.0,
          1.0
        ]
      ]
    },
    {
      "file_path": "/media/NFS/ttao/scannet/posed_images/scene0325_01/00267.jpg",
      "transform_matrix": [
        [
          0.21847,
          0.319946,
          -0.921903,
          4.170223
        ],
        [
          0.975814,
          -0.07892,
          0.203857,
          2.162987
        ],
        [
          -0.007533,
          -0.944143,
          -0.329449,
          1.372638
        ],
        [
          0.0,
          0.0,
          0.0,
          1.0
        ]
      ]
    },
    {
      "file_path": "/media/NFS/ttao/scannet/posed_images/scene0325_01/00272.jpg",
      "transform_matrix": [
        [
          0.211986,
          0.286884,
          -0.934216,
          4.13098
        ],
        [
          0.977229,
          -0.053227,
          0.205401,
          2.116572
        ],
        [
          0.0092,
          -0.956485,
          -0.291635,
          1.373619
