{
  "frames": [
    {
      "file_path": "/media/NFS/ttao/scannet/posed_images/scene0434_01/00003.jpg",
      "transform_matrix": [
        [
          -0.860239,
          0.312586,
          -0.40284,
          1.104903
        ],
        [
          0.509844,
          0.538073,
          -0.67122,
          0.89839
        ],
        [
          0.006944,
          -0.782795,
          -0.622241,
          1.291904
        ],
        [
          0.0,
          0.0,
          0.0,
          1.0
        ]
      ]
    },
    {
      "file_path": "/media/NFS/ttao/scannet/posed_images/scene0434_01/00005.jpg",
      "transform_matrix": [
        [
          -0.863971,
          0.305921,
          -0.399958,
          1.107671
        ],
        [
          0.503402,
          0.543443,
          -0.671756,
          0.898287
        ],
        [
          0.01185,
          -0.781717,
          -0.62352,
          1.290818
        ],
        [
          0.0,
          0.0,
          0.0,
          1.0
        ]
      ]
    },
    {
      "file_path": "/media/NFS/ttao/scannet/posed_images/scene0434_01/00012.jpg",
      "transform_matrix": [
        [
          -0.873636,
          0.292257,
          -0.389033,
          1.112565
        ],
        [
          0.486223,
          0.554998,
          -0.674955,
          0.899858
        ],
        [
          0.018652,
          -0.778822,
          -0.626968,
          1.288453
        ],
        [
          0.0,
          0.0,
          0.0,
          1.0
        ]
      ]
    },
    {
      "file_path": "/media/NFS/ttao/scannet/posed_images/scene0434_01/00017.jpg",
      "transform_matrix": [
        [
          -0.874263,
          0.286663,
          -0.391777,
          1.109289
        ],
        [
          0.484886,
          0.554679,
          -0.676179,
          0.903751
        ],
        [
          0.023475,
          -0.781125,
          -0.623934,
          1.289233
        ],
        [
          0.0,
          0.0,
          0.0,
          1.0
        ]
      ]
    },
    {
      "file_path": "/media/NFS/ttao/scannet/posed_images/scene0434_01/00023.jpg",
      "transform_matrix": [
        [
          -0.874545,
          0.296478,
          -0.383761,
          1.104126
        ],
        [
          0.484625,
          0.563055,
          -0.669409,
          0.912069
        ],
        [
          0.017614,
          -0.771408,
          -0.636097,
          1.282524
        ],
        [
          0.0,
          0.0,
          0.0,
          1.0
        ]
      ]
    },
    {
      "file_path": "/media/NFS/ttao/scannet/posed_images/scene0434_01/00026.jpg",
      "transform_matrix": [
        [
          -0.879496,
          0.293407,
          -0.3747,
          1.104082
        ],
        [
          0.475603,
          0.569997,
          -0.670004,
          0.920061
        ],
        [
          0.016994,
          -0.767474,
          -0.640855,
          1.278849
        ],
        [
          0.0,
          0.0,
          0.0,
          1.0
        ]
      ]
    },
    {
      "file_path": "/media/NFS/ttao/scannet/posed_images/scene0434_01/00034.jpg",
      "transform_matrix": [
        [
          -0.907554,
          0.260165,
          -0.329637,
          1.106011
        ],
        [
          0.419283,
          0.605136,
          -0.676766,
          0.956902
        ],
        [
          0.023405,
          -0.752413,
          -0.658276,
          1.266539
        ],
        [
          0.0,
          0.0,
          0.0,
          1.0
        ]
      ]
    },
    {
      "file_path": "/media/NFS/ttao/scannet/posed_images/scene0434_01/00036.jpg",
      "transform_matrix": [
        [
          -0.914256,
          0.251275,
          -0.317801,
          1.106465
        ],
        [
          0.404488,
          0.610549,
          -0.680896,
          0.967287
        ],
        [
          0.022941,
          -0.75106,
          -0.659836,
          1.264714
        ],
        [
          0.0,
          0.0,
          0.0,
          1.0
        ]
      ]
    },
    {
      "file_path": "/media/NFS/ttao/scannet/posed_images/scene0434_01/00040.jpg",
      "transform_matrix": [
        [
          -0.930332,
          0.226298,
          -0.28857,
          1.106609
        ],
        [
          0.366102,
          0.618763,
          -0.695055,
          0.988633
        ],
        [
          0.021267,
          -0.752278,
          -0.658503,
          1.260479
        ],
        [
          0.0,
          0.0,
          0.0,
          1.0
        ]
      ]
    },
    {
      "file_path": "/media/NFS/ttao/scannet/posed_images/scene0434_01/00049.jpg",
      "transform_matrix": [
        [
          -0.952748,
          0.188151,
          -0.238477,
          1.117618
        ],
        [
          0.303196,
          0.636964,
          -0.708766,
          1.013524
        ],
        [
          0.018546,
          -0.747581,
          -0.663912,
          1.251997
        ],
        [
          0.0,
          0.0,
          0.0,
          1.0
        ]
      ]
    },
    {
      "file_path": "/media/NFS/ttao/scannet/posed_images/scene0434_01/00054.jpg",
      "transform_matrix": [
        [
          -0.949375,
          0.172654,
          -0.262445,
          1.127328
        ],
        [
          0.312082,
          0.613936,
          -0.725044,
          1.023783
        ],
        [
          0.035943,
          -0.770243,
          -0.636737,
          1.240063
        ],
        [
          0.0,
          0.0,
          0.0,
          1.0
        ]
      ]
    },
    {
      "file_path": "/media/NFS/ttao/scannet/posed_images/scene0434_01/00059.jpg",
      "transform_matrix": [
        [
          -0.967108,
          0.156145,
          -0.2008,
          1.133476
        ],
        [
          0.254127,
          0.627293,
          -0.736154,
          1.033649
        ],
        [
          0.011013,
          -0.76297,
          -0.646341,
          1.236722
        ],
        [
          0.0,
          0.0,
          0.0,
          1.0
        ]
      ]
    },
    {
      "file_path": "/media/NFS/ttao/scannet/posed_images/scene0434_01/00060.jpg",
      "transform_matrix": [
        [
          -0.970587,
          0.150603,
          -0.187831,
          1.132517
        ],
        [
          0.24066,
          0.628558,
          -0.739593,
          1.036308
        ],
        [
          0.006677,
          -0.763043,
          -0.646314,
          1.236234
        ],
        [
          0.0,
          0.0,
          0.0,
          1.0
        ]
      ]
    },
    {
      "file_path": "/media/NFS/ttao/scannet/posed_images/scene0434_01/00066.jpg",
      "transform_matrix": [
        [
          -0.987258,
          0.118823,
          -0.105842,
          1.11452
        ],
        [
          0.157075,
          0.621212,
          -0.767739,
          1.042341
        ],
        [
          -0.025475,
          -0.774582,
          -0.631961,
          1.240991
        ],
        [
          0.0,
          0.0,
          0.0,
          1.0
        ]
      ]
    },
    {
      "file_path": "/media/NFS/ttao/scannet/posed_images/scene0434_01/00071.jpg",
      "transform_matrix": [
        [
          -0.996041,
          0.085514,
          -0.02428,
          1.072163
        ],
        [
          0.072937,
          0.630038,
          -0.773131,
          1.044117
        ],
        [
          -0.050816,
          -0.771842,
          -0.633781,
          1.237846
        ],
        [
          0.0,
          0.0,
          0.0,
          1.0
        ]
      ]
    },
    {
      "file_path": "/media/NFS/ttao/scannet/posed_images/scene0434_01/00077.jpg",
      "transform_matrix": [
        [
          -0.998775,
          -0.003874,
          0.049326,
          1.007366
        ],
        [
          -0.040167,
          0.645602,
          -0.762617,
          1.050173
        ],
        [
          -0.02889,
          -0.763664,
          -0.644967,
          1.230125
        ],
        [
          0.0,
          0.0,
          0.0,
          1.0
        ]
      ]
    },
    {
      "file_path": "/media/NFS/ttao/scannet/posed_images/scene0434_01/00082.jpg",
      "transform_matrix": [
        [
          -0.992248,
          -0.074672,
          0.099333,
          0.953386
        ],
        [
          -0.124225,
          0.617575,
          -0.77664,
          1.061958
        ],
        [
          -0.003352,
          -0.782959,
          -0.622064,
          1.22471
        ],
        [
          0.0,
          0.0,
          0.0,
          1.0
        ]
      ]
    },
    {
      "file_path": "/media/NFS/ttao/scannet/posed_images/scene0434_01/00090.jpg",
      "transform_matrix": [
        [
          -0.969178,
          -0.1212,
          0.214485,
          0.882362
        ],
        [
          -0.240066,
          0.660163,
          -0.711726,
          1.076015
        ],
        [
          -0.055334,
          -0.74128,
          -0.668911,
          1.209149
        ],
        [
          0.0,
          0.0,
          0.0,
          1.0
        ]
      ]
    },
    {
      "file_path": "/media/NFS/ttao/scannet/posed_images/scene0434_01/00093.jpg",
      "transform_matrix": [
        [
          -0.964235,
          -0.126374,
          0.232982,
          0.866281
        ],
        [
          -0.256506,
          0.666293,
          -0.700184,
          1.079564
        ],
        [
          -0.066749,
          -0.734904,
          -0.674879,
          1.198872
        ],
        [
          0.0,
          0.0,
          0.0,
          1.0
        ]
      ]
    },
    {
      "file_path": "/media/NFS/ttao/scannet/posed_images/scene0434_01/00100.jpg",
      "transform_matrix": [
        [
          -0.960464,
          -0.149951,
          0.23457,
          0.842341
        ],
        [
          -0.272001,
          0.685075,
          -0.675787,
          1.084916
        ],
        [
          -0.059363,
          -0.712873,
          -0.698777,
          1.173055
        ],
        [
          0.0,
          0.0,
          0.0,
          1.0
        ]
      ]
    },
    {
      "file_path": "/media/NFS/ttao/scannet/posed_images/scene0434_01/00102.jpg",
      "transform_matrix": [
        [
          -0.959567,
          -0.15595,
          0.23433,
          0.838085
        ],
        [
          -0.275592,
          0.689894,
          -0.669399,
          1.085494
        ],
        [
          -0.05727,
          -0.706913,
          -0.704978,
          1.165936
        ],
        [
          0.0,
          0.0,
          0.0,
          1.0
        ]
      ]
    },
    {
      "file_path": "/media/NFS/ttao/scannet/posed_images/scene0434_01/00111.jpg",
      "transform_matrix": [
        [
          -0.942771,
          -0.170425,
          0.286597,
          0.821604
        ],
        [
          -0.321097,
          0.695723,
          -0.642547,
          1.097142
        ],
        [
          -0.089886,
          -0.6978,
          -0.710631,
          1.138782
        ],
        [
          0.0,
          0.0,
          0.0,
          1.0
        ]
      ]
    },
    {
      "file_path": "/media/NFS/ttao/scannet/posed_images/scene0434_01/00116.jpg",
      "transform_matrix": [
        [
          -0.931232,
          -0.184259,
          0.314414,
          0.816904
        ],
        [
          -0.351312,
          0.683273,
          -0.640091,
          1.10728
        ],
        [
          -0.096889,
          -0.706531,
          -0.701018,
          1.126073
        ],
        [
          0.0,
          0.0,
          0.0,
          1.0
        ]
      ]
    },
    {
      "file_path": "/media/NFS/ttao/scannet/posed_images/scene0434_01/00117.jpg",
      "transform_matrix": [
        [
          -0.930269,
          -0.187129,
          0.315568,
          0.81561
        ],
        [
          -0.353986,
          0.683836,
          -0.638014,
          1.108542
        ],
        [
          -0.096406,
          -0.705231,
          -0.702392,
          1.123922
        ],
        [
          0.0,
          0.0,
          0.0,
          1.0
        ]
      ]
    },
    {
      "file_path": "/media/NFS/ttao/scannet/posed_images/scene0434_01/00127.jpg",
      "transform_matrix": [
        [
          -0.930425,
          -0.182083,
          0.318048,
          0.812457
        ],
        [
          -0.347961,
          0.711308,
          -0.610708,
          1.127859
        ],
        [
          -0.115031,
          -0.678886,
          -0.725177,
          1.110772
        ],
        [
          0.0,
          0.0,
          0.0,
          1.0
        ]
      ]
    },
    {
      "file_path": "/media/NFS/ttao/scannet/posed_images/scene0434_01/00131.jpg",
      "transform_matrix": [
        [
          -0.929142,
          -0.186456,
          0.319265,
          0.814103
        ],
        [
          -0.353344,
          0.701996,
          -0.618344,
          1.137259
        ],
        [
          -0.108829,
          -0.68734,
          -0.718137,
          1.112389
        ],
        [
          0.0,
          0.0,
          0.0,
          1.0
        ]
      ]
    },
    {
      "file_path": "/media/NFS/ttao/scannet/posed_images/scene0434_01/00134.jpg",
      "transform_matrix": [
        [
          -0.929416,
          -0.189418,
          0.316713,
          0.81589
        ],
        [
          -0.354723,
          0.695237,
          -0.625153,
          1.140924
        ],
        [
          -0.101776,
          -0.693373,
          -0.713355,
          1.113753
        ],
        [
          0.0,
          0.0,
          0.0,
          1.0
        ]
      ]
    },
    {
      "file_path": "/media/NFS/ttao/scannet/posed_images/scene0434_01/00137.jpg",
      "transform_matrix": [
        [
          -0.926543,
          -0.198362,
          0.319641,
          0.818833
        ],
        [
          -0.36298,
          0.694584,
          -0.621126,
          1.14133
        ],
        [
          -0.09881,
          -0.691524,
          -0.715564,
          1.114605
        ],
        [
          0.0,
          0.0,
          0.0,
          1.0
        ]
      ]
    },
    {
      "file_path": "/media/NFS/ttao/scannet/posed_images/scene0434_01/00147.jpg",
      "transform_matrix": [
        [
          -0.935098,
          -0.212845,
          0.283353,
          0.839812
        ],
        [
          -0.351306,
          0.66198,
          -0.662092,
          1.122811
        ],
        [
          -0.046651,
          -0.718664,
          -0.69379,
          1.140218
        ],
        [
          0.0,
          0.0,
          0.0,
          1.0
        ]
      ]
    },
    {
      "file_path": "/media/NFS/ttao/scannet/posed_images/scene0434_01/00148.jpg",
      "transform_matrix": [
        [
          -0.936576,
          -0.215324,
          0.276515,
          0.843073
        ],
        [
          -0.348181,
          0.661584,
          -0.664136,
          1.12047
        ],
        [
          -0.039934,
          -0.718291,
          -0.694595,
          1.141611
        ],
        [
          0.0,
          0.0,
          0.0,
          1.0
        ]
      ]
    },
    {
      "file_path": "/media/NFS/ttao/scannet/posed_images/scene0434_01/00154.jpg",
      "transform_matrix": [
        [
          -0.950214,
          -0.221644,
          0.219015,
          0.873476
        ],
        [
          -0.31121,
          0.710131,
          -0.631555,
          1.103375
        ],
        [
          -0.015549,
          -0.668272,
          -0.743754,
          1.14626
        ],
        [
          0.0,
          0.0,
          0.0,
          1.0
        ]
      ]
    },
    {
      "file_path": "/media/NFS/ttao/scannet/posed_images/scene0434_01/00159.jpg",
      "transform_matrix": [
        [
          -0.96527,
          -0.204901,
          0.162082,
          0.912931
        ],
        [
          -0.261028,
          0.730455,
          -0.63111,
          1.100306
        ],
        [
          0.010922,
          -0.651499,
          -0.758571,
          1.144283
        ],
        [
          0.0,
          0.0,
          0.0,
          1.0
        ]
      ]
    },
    {
      "file_path": "/media/NFS/ttao/scannet/posed_images/scene0434_01/00165.jpg",
      "transform_matrix": [
        [
          -0.98802,
          -0.137379,
          0.070314,
          0.989107
        ],
        [
          -0.148409,
          0.720818,
          -0.677049,
          1.090913
        ],
        [
          0.042329,
          -0.679373,
          -0.732571,
          1.143181
        ],
        [
          0.0,
          0.0,
          0.0,
          1.0
        ]
      ]
    },
    {
      "file_path": "/media/NFS/ttao/scannet/posed_images/scene0434_01/00168.jpg",
      "transform_matrix": [
        [
          -0.994948,
          -0.095346,
          0.031417,
          1.033193
        ],
        [
          -0.091531,
          0.733061,
          -0.673976,
          1.087636
        ],
        [
          0.041231,
          -0.673447,
          -0.738085,
          1.135895
        ],
        [
          0.0,
          0.0,
          0.0,
          1.0
        ]
      ]
    },
    {
      "file_path": "/media/NFS/ttao/scannet/posed_images/scene0434_01/00178.jpg",
      "transform_matrix": [
        [
          -0.999966,
          -0.007686,
          0.00294,
          1.131099
        ],
        [
          -0.007555,
          0.715792,
          -0.698273,
          1.079689
        ],
        [
          0.003262,
          -0.698272,
          -0.715825,
          1.161317
        ],
        [
          0.0,
          0.0,
          0.0,
          1.0
        ]
      ]
    },
    {
      "file_path": "/media/NFS/ttao/scannet/posed_images/scene0434_01/00181.jpg",
      "transform_matrix": [
        [
          -0.999873,
          0.015797,
          0.002312,
          1.148488
        ],
        [
          0.009785,
          0.720767,
          -0.693109,
          1.078716
        ],
        [
          -0.012615,
          -0.692998,
          -0.720829,
          1.169031
        ],
        [
          0.0,
          0.0,
          0.0,
          1.0
        ]
      ]
    },
    {
      "file_path": "/media/NFS/ttao/scannet/posed_images/scene0434_01/00185.jpg",
      "transform_matrix": [
        [
          -0.999115,
          0.029569,
          -0.029905,
          1.167505
        ],
        [
          0.042034,
          0.724652,
          -0.687832,
          1.078524
        ],
        [
          0.001332,
          -0.688481,
          -0.725254,
          1.17554
        ],
        [
          0.0,
          0.0,
          0.0,
          1.0
        ]
      ]
    },
    {
      "file_path": "/media/NFS/ttao/scannet/posed_images/scene0434_01/00191.jpg",
      "transform_matrix": [
        [
          -0.995283,
          0.05243,
          -0.081625,
          1.183606
        ],
        [
          0.094975,
          0.698168,
          -0.709607,
          1.07434
        ],
        [
          0.019784,
          -0.714012,
          -0.699854,
          1.193821
        ],
        [
          0.0,
          0.0,
          0.0,
          1.0
        ]
      ]
    },
    {
      "file_path": "/media/NFS/ttao/scannet/posed_images/scene0434_01/00198.jpg",
      "transform_matrix": [
        [
          -0.993348,
          0.044873,
          -0.106046,
          1.181057
        ],
        [
          0.110205,
          0.637447,
          -0.762572,
          1.074593
        ],
        [
          0.03338,
          -0.769186,
          -0.638152,
          1.224019
        ],
        [
          0.0,
          0.0,
          0.0,
          1.0
        ]
      ]
    },
    {
      "file_path": "/media/NFS/ttao/scannet/posed_images/scene0434_01/00202.jpg",
      "transform_matrix": [
        [
          -0.993808,
          0.045636,
          -0.101307,
          1.180005
        ],
        [
          0.108392,
          0.598683,
          -0.793618,
          1.079147
        ],
        [
          0.024433,
          -0.799685,
          -0.599922,
          1.238831
        ],
        [
          0.0,
          0.0,
          0.0,
          1.0
        ]
      ]
    },
    {
      "file_path": "/media/NFS/ttao/scannet/posed_images/scene0434_01/00207.jpg",
      "transform_matrix": [
        [
          -0.990905,
          0.055188,
          -0.122728,
          1.175786
        ],
        [
          0.132002,
          0.575833,
          -0.806841,
          1.073341
        ],
        [
          0.026143,
          -0.815703,
          -0.57788,
          1.254342
        ],
        [
          0.0,
          0.0,
          0.0,
          1.0
        ]
      ]
    },
    {
      "file_path": "/media/NFS/ttao/scannet/posed_images/scene0434_01/00213.jpg",
      "transform_matrix": [
        [
          -0.982953,
          0.081032,
          -0.165039,
          1.165255
        ],
        [
          0.182315,
          0.545652,
          -0.817939,
          1.066984
        ],
        [
          0.023775,
          -0.834085,
          -0.551124,
          1.267672
        ],
        [
          0.0,
          0.0,
          0.0,
          1.0
        ]
      ]
    },
    {
      "file_path": "/media/NFS/ttao/scannet/posed_images/scene0434_01/00218.jpg",
      "transform_matrix": [
        [
          -0.976229,
          0.09273,
          -0.195901,
          1.157063
        ],
        [
          0.215219,
          0.521604,
          -0.825597,
          1.062934
        ],
        [
          0.025626,
          -0.848133,
          -0.529163,
          1.276344
        ],
        [
          0.0,
          0.0,
          0.0,
          1.0
        ]
      ]
    },
    {
      "file_path": "/media/NFS/ttao/scannet/posed_images/scene0434_01/00221.jpg",
      "transform_matrix": [
        [
          -0.973028,
          0.095378,
          -0.210046,
          1.152673
        ],
        [
          0.229055,
          0.50756,
          -0.830613,
          1.061378
        ],
        [
          0.027389,
          -0.856321,
          -0.515716,
          1.280107
        ],
        [
          0.0,
          0.0,
          0.0,
          1.0
        ]
      ]
    },
    {
      "file_path": "/media/NFS/ttao/scannet/posed_images/scene0434_01/00229.jpg",
      "transform_matrix": [
        [
          -0.962732,
          0.092667,
          -0.254087,
          1.144163
        ],
        [
          0.267127,
          0.472789,
          -0.83971,
          1.05574
        ],
        [
          0.042316,
          -0.876289,
          -0.479923,
          1.294049
        ],
        [
          0.0,
          0.0,
          0.0,
          1.0
        ]
      ]
    },
    {
      "file_path": "/media/NFS/ttao/scannet/posed_images/scene0434_01/00233.jpg",
      "transform_matrix": [
        [
          -0.961543,
          0.082264,
          -0.262046,
          1.143244
        ],
        [
          0.269965,
          0.458639,
          -0.846622,
          1.053299
        ],
        [
          0.050538,
          -0.884807,
          -0.46321,
          1.300382
        ],
        [
          0.0,
          0.0,
          0.0,
          1.0
        ]
      ]
    },
    {
      "file_path": "/media/NFS/ttao/scannet/posed_images/scene0434_01/00236.jpg",
      "transform_matrix": [
        [
          -0.962424,
          0.079267,
          -0.259723,
          1.142661
        ],
        [
          0.267273,
          0.445598,
          -0.854405,
          1.05158
        ],
        [
          0.048006,
          -0.891717,
          -0.45004,
          1.306657
        ],
        [
          0.0,
          0.0,
          0.0,
          1.0
        ]
      ]
    },
    {
      "file_path": "/media/NFS/ttao/scannet/posed_images/scene0434_01/00241.jpg",
      "transform_matrix": [
        [
          -0.960425,
          0.083321,
          -0.265786,
          1.136313
        ],
        [
          0.27597,
          0.413957,
          -0.867456,
          1.049213
        ],
        [
          0.037746,
          -0.906475,
          -0.420569,
          1.32102
        ],
        [
          0.0,
          0.0,
          0.0,
          1.0
        ]
      ]
    },
    {
      "file_path": "/media/NFS/ttao/scannet/posed_images/scene0434_01/00250.jpg",
      "transform_matrix": [
        [
          -0.960143,
          0.071845,
          -0.270118,
          1.121586
        ],
        [
          0.277695,
          0.355112,
          -0.892626,
          1.049136
        ],
        [
          0.031791,
          -0.932059,
          -0.360909,
          1.352463
        ],
        [
          0.0,
          0.0,
          0.0,
          1.0
        ]
      ]
    },
    {
      "file_path": "/media/NFS/ttao/scannet/posed_images/scene0434_01/00253.jpg",
      "transform_matrix": [
        [
          -0.961722,
          0.069725,
          -0.265007,
          1.118162
        ],
        [
          0.272701,
          0.338526,
          -0.900575,
          1.048938
        ],
        [
          0.026919,
          -0.93837,
          -0.344582,
          1.360376
        ],
        [
          0.0,
          0.0,
          0.0,
          1.0
        ]
      ]
    },
    {
      "file_path": "/media/NFS/ttao/scannet/posed_images/scene0434_01/00256.jpg",
      "transform_matrix": [
        [
          -0.962219,
          0.068025,
          -0.263643,
          1.115105
        ],
        [
          0.271187,
          0.326002,
          -0.905638,
          1.04808
        ],
        [
          0.024342,
          -0.942918,
          -0.332133,
          1.366644
        ],
        [
          0.0,
          0.0,
          0.0,
          1.0
        ]
      ]
    },
    {
      "file_path": "/media/NFS/ttao/scannet/posed_images/scene0434_01/00261.jpg",
      "transform_matrix": [
        [
          -0.962879,
          0.079038,
          -0.258102,
          1.107945
        ],
        [
          0.269832,
          0.307939,
          -0.91234,
          1.048175
        ],
        [
          0.007371,
          -0.948117,
          -0.317835,
          1.377136
        ],
        [
          0.0,
          0.0,
          0.0,
          1.0
        ]
      ]
    },
    {
      "file_path": "/media/NFS/ttao/scannet/posed_images/scene0434_01/00270.jpg",
      "transform_matrix": [
        [
          -0.963566,
          0.065909,
          -0.259225,
          1.099135
        ],
        [
          0.267276,
          0.274367,
          -0.923735,
          1.045291
        ],
        [
          0.010241,
          -0.959364,
          -0.281986,
          1.394624
        ],
        [
          0.0,
          0.0,
          0.0,
          1.0
        ]
      ]
    },
    {
      "file_path": "/media/NFS/ttao/scannet/posed_images/scene0434_01/00272.jpg",
      "transform_matrix": [
        [
          -0.964035,
          0.062,
          -0.258443,
          1.098164
        ],
        [
          0.265438,
          0.273627,
          -0.924484,
          1.04355
        ],
        [
          0.013399,
          -0.959835,
          -0.280243,
          1.398389
        ],
        [
          0.0,
          0.0,
          0.0,
          1.0
        ]
      ]
    },
    {
      "file_path": "/media/NFS/ttao/scannet/posed_images/scene0434_01/00278.jpg",
      "transform_matrix": [
        [
          -0.966389,
          0.054026,
          -0.251342,
          1.098876
        ],
        [
          0.25663,
          0.260718,
          -0.930681,
          1.041938
        ],
        [
          0.015248,
          -0.963902,
          -0.26582,
          1.406628
        ],
        [
          0.0,
          0.0,
          0.0,
          1.0
        ]
      ]
    },
    {
      "file_path": "/media/NFS/ttao/scannet/posed_images/scene0434_01/00283.jpg",
      "transform_matrix": [
        [
          -0.96872,
          0.060251,
          -0.240732,
          1.101425
        ],
        [
          0.248114,
          0.253395,
          -0.935003,
          1.04229
        ],
        [
          0.004666,
          -0.965485,
          -0.260418,
          1.406152
        ],
        [
          0.0,
          0.0,
          0.0,
          1.0
        ]
      ]
    },
    {
      "file_path": "/media/NFS/ttao/scannet/posed_images/scene0434_01/00290.jpg",
      "transform_matrix": [
        [
          -0.972395,
          0.08203,
          -0.218447,
          1.099736
        ],
        [
          0.23207,
          0.242385,
          -0.942016,
          1.040884
        ],
        [
          -0.024325,
          -0.966706,
          -0.25473,
          1.413411
        ],
        [
          0.0,
          0.0,
          0.0,
          1.0
        ]
      ]
    },
    {
      "file_path": "/media/NFS/ttao/scannet/posed_images/scene0434_01/00292.jpg",
      "transform_matrix": [
        [
          -0.973129,
          0.080513,
          -0.215728,
          1.100164
        ],
        [
          0.229087,
          0.243984,
          -0.942333,
          1.040217
        ],
        [
          -0.023236,
          -0.966431,
          -0.255872,
          1.415197
        ],
        [
          0.0,
          0.0,
          0.0,
          1.0
        ]
      ]
    },
    {
      "file_path": "/media/NFS/ttao/scannet/posed_images/scene0434_01/00301.jpg",
      "transform_matrix": [
        [
          -0.977659,
          0.062067,
          -0.200827,
          1.102368
        ],
        [
          0.209653,
          0.219037,
          -0.952926,
          1.044013
        ],
        [
          -0.015157,
          -0.97374,
          -0.227156,
          1.423347
        ],
        [
          0.0,
          0.0,
          0.0,
          1.0
        ]
      ]
    },
    {
      "file_path": "/media/NFS/ttao/scannet/posed_images/scene0434_01/00303.jpg",
      "transform_matrix": [
        [
          -0.977601,
          0.062724,
          -0.200905,
          1.1023
        ],
        [
          0.209831,
          0.216162,
          -0.953544,
          1.044622
        ],
        [
          -0.016382,
          -0.974341,
          -0.224481,
          1.425541
        ],
        [
          0.0,
          0.0,
          0.0,
          1.0
        ]
      ]
    },
    {
      "file_path": "/media/NFS/ttao/scannet/posed_images/scene0434_01/00307.jpg",
      "transform_matrix": [
        [
          -0.978522,
          0.049093,
          -0.200213,
          1.103074
        ],
        [
          0.206041,
          0.202163,
          -0.957433,
          1.046677
        ],
        [
          -0.006527,
          -0.978121,
          -0.207936,
          1.428212
        ],
        [
          0.0,
          0.0,
          0.0,
          1.0
        ]
      ]
    },
    {
      "file_path": "/media/NFS/ttao/scannet/posed_images/scene0434_01/00313.jpg",
      "transform_matrix": [
        [
          -0.980144,
          0.031074,
          -0.195837,
          1.10626
        ],
        [
          0.198274,
          0.164815,
          -0.96619,
          1.054833
        ],
        [
          0.002254,
          -0.985835,
          -0.167703,
          1.442939
        ],
        [
          0.0,
          0.0,
          0.0,
          1.0
        ]
      ]
    },
    {
      "file_path": "/media/NFS/ttao/scannet/posed_images/scene0434_01/00321.jpg",
      "transform_matrix": [
        [
          -0.98965,
          0.01528,
          -0.142689,
          1.118583
        ],
        [
          0.143417,
          0.140085,
          -0.979698,
          1.066295
        ],
        [
          0.005019,
          -0.990022,
          -0.140826,
          1.454882
        ],
        [
          0.0,
          0.0,
          0.0,
          1.0
        ]
      ]
    },
    {
      "file_path": "/media/NFS/ttao/scannet/posed_images/scene0434_01/00327.jpg",
      "transform_matrix": [
        [
          -0.993878,
          0.002602,
          -0.110455,
          1.127233
        ],
        [
          0.10986,
          0.129491,
          -0.985476,
          1.070803
        ],
        [
          0.011739,
          -0.991577,
          -0.128984,
          1.46066
        ],
        [
          0.0,
          0.0,
          0.0,
          1.0
        ]
      ]
    },
    {
      "file_path": "/media/NFS/ttao/scannet/posed_images/scene0434_01/00329.jpg",
      "transform_matrix": [
        [
          -0.994178,
          0.000374,
          -0.107752,
          1.12781
        ],
        [
          0.10692,
          0.127487,
          -0.98606,
          1.071218
        ],
        [
          0.013369,
          -0.99184,
          -0.126785,
          1.462524
        ],
        [
          0.0,
          0.0,
          0.0,
          1.0
        ]
      ]
    },
    {
      "file_path": "/media/NFS/ttao/scannet/posed_images/scene0434_01/00334.jpg",
      "transform_matrix": [
        [
          -0.994899,
          -0.000334,
          -0.100876,
          1.129932
        ],
        [
          0.100187,
          0.113459,
          -0.988479,
          1.073423
        ],
        [
          0.011775,
          -0.993543,
          -0.112846,
          1.471036
        ],
        [
          0.0,
          0.0,
          0.0,
          1.0
        ]
      ]
    },
    {
      "file_path": "/media/NFS/ttao/scannet/posed_images/scene0434_01/00338.jpg",
      "transform_matrix": [
        [
          -0.995355,
          -0.01843,
          -0.094498,
          1.133552
        ],
        [
          0.092224,
          0.099336,
          -0.990771,
          1.076009
        ],
        [
          0.027647,
          -0.994883,
          -0.097175,
          1.476979
        ],
        [
          0.0,
          0.0,
          0.0,
          1.0
        ]
      ]
    },
    {
      "file_path": "/media/NFS/ttao/scannet/posed_images/scene0434_01/00346.jpg",
      "transform_matrix": [
        [
          -0.994874,
          -0.047061,
          -0.0895,
          1.142779
        ],
        [
          0.086587,
          0.060663,
          -0.994396,
          1.080322
        ],
        [
          0.052227,
          -0.997048,
          -0.056277,
          1.498543
        ],
        [
          0.0,
          0.0,
          0.0,
          1.0
        ]
      ]
    },
    {
      "file_path": "/media/NFS/ttao/scannet/posed_images/scene0434_01/00352.jpg",
      "transform_matrix": [
        [
          -0.995686,
          -0.040244,
          -0.083609,
          1.144569
        ],
        [
          0.082626,
          0.025495,
          -0.996255,
          1.086843
        ],
        [
          0.042225,
          -0.998865,
          -0.02206,
          1.512516
        ],
        [
          0.0,
          0.0,
          0.0,
          1.0
        ]
      ]
    },
    {
      "file_path": "/media/NFS/ttao/scannet/posed_images/scene0434_01/00355.jpg",
      "transform_matrix": [
        [
          -0.996941,
          -0.034597,
          -0.070083,
          1.144874
        ],
        [
          0.069489,
          0.01809,
          -0.997419,
          1.090443
        ],
        [
          0.035775,
          -0.999238,
          -0.015631,
          1.519041
        ],
        [
          0.0,
          0.0,
          0.0,
          1.0
        ]
      ]
    },
    {
      "file_path": "/media/NFS/ttao/scannet/posed_images/scene0434_01/00363.jpg",
      "transform_matrix": [
        [
          -0.995549,
          -0.040315,
          -0.085192,
          1.149124
        ],
        [
          0.08549,
          -0.005725,
          -0.996323,
          1.091588
        ],
        [
          0.039679,
          -0.999171,
          0.009146,
          1.533469
        ],
        [
          0.0,
          0.0,
          0.0,
          1.0
        ]
      ]
    },
    {
      "file_path": "/media/NFS/ttao/scannet/posed_images/scene0434_01/00367.jpg",
      "transform_matrix": [
        [
          -0.995851,
          -0.049477,
          -0.076371,
          1.153618
        ],
        [
          0.077355,
          -0.018297,
          -0.996836,
          1.094714
        ],
        [
          0.047923,
          -0.998608,
          0.022048,
          1.539967
        ],
        [
          0.0,
          0.0,
          0.0,
          1.0
        ]
      ]
    },
    {
      "file_path": "/media/NFS/ttao/scannet/posed_images/scene0434_01/00369.jpg",
      "transform_matrix": [
        [
          -0.995658,
          -0.053062,
          -0.076482,
          1.156303
        ],
        [
          0.077884,
          -0.024865,
          -0.996652,
          1.095417
        ],
        [
          0.050983,
          -0.998282,
          0.028889,
          1.543939
        ],
        [
          0.0,
          0.0,
          0.0,
          1.0
        ]
      ]
    },
    {
      "file_path": "/media/NFS/ttao/scannet/posed_images/scene0434_01/00375.jpg",
      "transform_matrix": [
        [
          -0.995939,
          -0.058665,
          -0.068292,
          1.16388
        ],
        [
          0.071155,
          -0.048189,
          -0.996301,
          1.096804
        ],
        [
          0.055157,
          -0.997114,
          0.052167,
          1.56377
        ],
        [
          0.0,
          0.0,
          0.0,
          1.0
        ]
      ]
    },
    {
      "file_path": "/media/NFS/ttao/scannet/posed_images/scene0434_01/00383.jpg",
      "transform_matrix": [
        [
          -0.998313,
          -0.039677,
          -0.042384,
          1.166695
        ],
        [
          0.045444,
          -0.07968,
          -0.995784,
          1.098927
        ],
        [
          0.036132,
          -0.996031,
          0.081349,
          1.583225
        ],
        [
          0.0,
          0.0,
          0.0,
          1.0
        ]
      ]
    },
    {
      "file_path": "/media/NFS/ttao/scannet/posed_images/scene0434_01/00389.jpg",
      "transform_matrix": [
        [
          -0.998573,
          -0.049377,
          -0.020341,
          1.170773
        ],
        [
          0.024408,
          -0.083214,
          -0.996233,
          1.098487
        ],
        [
          0.047498,
          -0.995308,
          0.0843,
          1.590606
        ],
        [
          0.0,
          0.0,
          0.0,
          1.0
        ]
      ]
    },
    {
      "file_path": "/media/NFS/ttao/scannet/posed_images/scene0434_01/00391.jpg",
      "transform_matrix": [
        [
          -0.998889,
          -0.042353,
          -0.02067,
          1.172154
        ],
        [
          0.023957,
          -0.078627,
          -0.996616,
          1.097407
        ],
        [
          0.040585,
          -0.996004,
          0.079554,
          1.588451
        ],
        [
          0.0,
          0.0,
          0.0,
          1.0
        ]
      ]
    },
    {
      "file_path": "/media/NFS/ttao/scannet/posed_images/scene0434_01/00395.jpg",
      "transform_matrix": [
        [
          -0.999246,
          -0.032911,
          -0.020627,
          1.174546
        ],
        [
          0.022228,
          -0.049056,
          -0.998549,
          1.091838
        ],
        [
          0.031851,
