{
  "frames": [
    {
      "file_path": "/media/NFS/ttao/scannet/posed_images/scene0493_01/00000.jpg",
      "transform_matrix": [
        [
          0.528384,
          -0.266936,
          0.80595,
          0.7027
        ],
        [
          -0.848745,
          -0.189624,
          0.493635,
          1.541394
        ],
        [
          0.021058,
          -0.944875,
          -0.326755,
          1.303695
        ],
        [
          0.0,
          0.0,
          0.0,
          1.0
        ]
      ]
    },
    {
      "file_path": "/media/NFS/ttao/scannet/posed_images/scene0493_01/00003.jpg",
      "transform_matrix": [
        [
          0.520966,
          -0.27186,
          0.809127,
          0.701433
        ],
        [
          -0.853167,
          -0.195241,
          0.483723,
          1.538774
        ],
        [
          0.02647,
          -0.942324,
          -0.333655,
          1.299718
        ],
        [
          0.0,
          0.0,
          0.0,
          1.0
        ]
      ]
    },
    {
      "file_path": "/media/NFS/ttao/scannet/posed_images/scene0493_01/00006.jpg",
      "transform_matrix": [
        [
          0.517018,
          -0.270058,
          0.812257,
          0.700527
        ],
        [
          -0.855532,
          -0.193565,
          0.480207,
          1.532692
        ],
        [
          0.027541,
          -0.943187,
          -0.331119,
          1.299171
        ],
        [
          0.0,
          0.0,
          0.0,
          1.0
        ]
      ]
    },
    {
      "file_path": "/media/NFS/ttao/scannet/posed_images/scene0493_01/00009.jpg",
      "transform_matrix": [
        [
          0.511232,
          -0.270669,
          0.815708,
          0.704684
        ],
        [
          -0.858911,
          -0.194275,
          0.473845,
          1.523914
        ],
        [
          0.030216,
          -0.942866,
          -0.331801,
          1.299008
        ],
        [
          0.0,
          0.0,
          0.0,
          1.0
        ]
      ]
    },
    {
      "file_path": "/media/NFS/ttao/scannet/posed_images/scene0493_01/00013.jpg",
      "transform_matrix": [
        [
          0.51172,
          -0.300022,
          0.805065,
          0.7611
        ],
        [
          -0.858329,
          -0.219554,
          0.463755,
          1.493962
        ],
        [
          0.037619,
          -0.928323,
          -0.369867,
          1.390929
        ],
        [
          0.0,
          0.0,
          0.0,
          1.0
        ]
      ]
    },
    {
      "file_path": "/media/NFS/ttao/scannet/posed_images/scene0493_01/00018.jpg",
      "transform_matrix": [
        [
          0.475699,
          -0.29716,
          0.827893,
          0.771102
        ],
        [
          -0.878586,
          -0.205884,
          0.430928,
          1.48216
        ],
        [
          0.042395,
          -0.932367,
          -0.359019,
          1.397224
        ],
        [
          0.0,
          0.0,
          0.0,
          1.0
        ]
      ]
    },
    {
      "file_path": "/media/NFS/ttao/scannet/posed_images/scene0493_01/00021.jpg",
      "transform_matrix": [
        [
          0.460785,
          -0.295868,
          0.836743,
          0.777508
        ],
        [
          -0.886023,
          -0.207941,
          0.414395,
          1.474275
        ],
        [
          0.051387,
          -0.932321,
          -0.357962,
          1.409853
        ],
        [
          0.0,
          0.0,
          0.0,
          1.0
        ]
      ]
    },
    {
      "file_path": "/media/NFS/ttao/scannet/posed_images/scene0493_01/00024.jpg",
      "transform_matrix": [
        [
          0.445535,
          -0.295776,
          0.844995,
          0.780341
        ],
        [
          -0.893605,
          -0.204377,
          0.399626,
          1.466498
        ],
        [
          0.054497,
          -0.933138,
          -0.355363,
          1.410426
        ],
        [
          0.0,
          0.0,
          0.0,
          1.0
        ]
      ]
    },
    {
      "file_path": "/media/NFS/ttao/scannet/posed_images/scene0493_01/00029.jpg",
      "transform_matrix": [
        [
          0.410028,
          -0.299157,
          0.861616,
          0.787877
        ],
        [
          -0.910734,
          -0.185452,
          0.369013,
          1.453717
        ],
        [
          0.049396,
          -0.936009,
          -0.348493,
          1.406156
        ],
        [
          0.0,
          0.0,
          0.0,
          1.0
        ]
      ]
    },
    {
      "file_path": "/media/NFS/ttao/scannet/posed_images/scene0493_01/00030.jpg",
      "transform_matrix": [
        [
          0.401596,
          -0.309522,
          0.861926,
          0.786082
        ],
        [
          -0.91445,
          -0.186936,
          0.358938,
          1.454923
        ],
        [
          0.050026,
          -0.932336,
          -0.358116,
          1.42355
        ],
        [
          0.0,
          0.0,
          0.0,
          1.0
        ]
      ]
    },
    {
      "file_path": "/media/NFS/ttao/scannet/posed_images/scene0493_01/00034.jpg",
      "transform_matrix": [
        [
          0.379017,
          -0.325067,
          0.866416,
          0.805494
        ],
        [
          -0.924196,
          -0.180515,
          0.336567,
          1.457305
        ],
        [
          0.046994,
          -0.928303,
          -0.368844,
          1.425099
        ],
        [
          0.0,
          0.0,
          0.0,
          1.0
        ]
      ]
    },
    {
      "file_path": "/media/NFS/ttao/scannet/posed_images/scene0493_01/00039.jpg",
      "transform_matrix": [
        [
          0.341424,
          -0.3099,
          0.887351,
          0.830463
        ],
        [
          -0.938809,
          -0.158119,
          0.306001,
          1.47171
        ],
        [
          0.045478,
          -0.937529,
          -0.344922,
          1.431521
        ],
        [
          0.0,
          0.0,
          0.0,
          1.0
        ]
      ]
    },
    {
      "file_path": "/media/NFS/ttao/scannet/posed_images/scene0493_01/00040.jpg",
      "transform_matrix": [
        [
          0.322662,
          -0.31642,
          0.892058,
          0.822069
        ],
        [
          -0.945172,
          -0.157884,
          0.28587,
          1.492311
        ],
        [
          0.050387,
          -0.935388,
          -0.350014,
          1.449701
        ],
        [
          0.0,
          0.0,
          0.0,
          1.0
        ]
      ]
    },
    {
      "file_path": "/media/NFS/ttao/scannet/posed_images/scene0493_01/00044.jpg",
      "transform_matrix": [
        [
          0.277769,
          -0.289945,
          0.915847,
          0.836986
        ],
        [
          -0.959623,
          -0.127773,
          0.250594,
          1.516862
        ],
        [
          0.044362,
          -0.948475,
          -0.31373,
          1.463711
        ],
        [
          0.0,
          0.0,
          0.0,
          1.0
        ]
      ]
    },
    {
      "file_path": "/media/NFS/ttao/scannet/posed_images/scene0493_01/00047.jpg",
      "transform_matrix": [
        [
          0.250707,
          -0.267125,
          0.930479,
          0.850741
        ],
        [
          -0.967541,
          -0.100713,
          0.23178,
          1.540155
        ],
        [
          0.031797,
          -0.958385,
          -0.283704,
          1.469262
        ],
        [
          0.0,
          0.0,
          0.0,
          1.0
        ]
      ]
    },
    {
      "file_path": "/media/NFS/ttao/scannet/posed_images/scene0493_01/00054.jpg",
      "transform_matrix": [
        [
          0.189334,
          -0.242522,
          0.951491,
          0.878229
        ],
        [
          -0.980882,
          -0.091112,
          0.171959,
          1.583038
        ],
        [
          0.044989,
          -0.965858,
          -0.255136,
          1.481169
        ],
        [
          0.0,
          0.0,
          0.0,
          1.0
        ]
      ]
    },
    {
      "file_path": "/media/NFS/ttao/scannet/posed_images/scene0493_01/00055.jpg",
      "transform_matrix": [
        [
          0.185153,
          -0.241847,
          0.952485,
          0.88142
        ],
        [
          -0.981748,
          -0.088381,
          0.168401,
          1.58616
        ],
        [
          0.043454,
          -0.966281,
          -0.253797,
          1.473177
        ],
        [
          0.0,
          0.0,
          0.0,
          1.0
        ]
      ]
    },
    {
      "file_path": "/media/NFS/ttao/scannet/posed_images/scene0493_01/00059.jpg",
      "transform_matrix": [
        [
          0.174773,
          -0.257344,
          0.950383,
          0.908646
        ],
        [
          -0.983457,
          -0.092311,
          0.155859,
          1.597515
        ],
        [
          0.047621,
          -0.961901,
          -0.26922,
          1.467642
        ],
        [
          0.0,
          0.0,
          0.0,
          1.0
        ]
      ]
    },
    {
      "file_path": "/media/NFS/ttao/scannet/posed_images/scene0493_01/00061.jpg",
      "transform_matrix": [
        [
          0.174359,
          -0.262305,
          0.949102,
          0.928846
        ],
        [
          -0.983516,
          -0.09328,
          0.154901,
          1.609306
        ],
        [
          0.047901,
          -0.960466,
          -0.274245,
          1.469728
        ],
        [
          0.0,
          0.0,
          0.0,
          1.0
        ]
      ]
    },
    {
      "file_path": "/media/NFS/ttao/scannet/posed_images/scene0493_01/00067.jpg",
      "transform_matrix": [
        [
          0.213312,
          -0.260714,
          0.941555,
          1.007316
        ],
        [
          -0.975772,
          -0.104839,
          0.192034,
          1.603003
        ],
        [
          0.048646,
          -0.959707,
          -0.276761,
          1.463189
        ],
        [
          0.0,
          0.0,
          0.0,
          1.0
        ]
      ]
    },
    {
      "file_path": "/media/NFS/ttao/scannet/posed_images/scene0493_01/00069.jpg",
      "transform_matrix": [
        [
          0.227717,
          -0.255466,
          0.939618,
          1.040215
        ],
        [
          -0.972518,
          -0.107747,
          0.206396,
          1.591701
        ],
        [
          0.048514,
          -0.960795,
          -0.272981,
          1.45822
        ],
        [
          0.0,
          0.0,
          0.0,
          1.0
        ]
      ]
    },
    {
      "file_path": "/media/NFS/ttao/scannet/posed_images/scene0493_01/00071.jpg",
      "transform_matrix": [
        [
          0.23588,
          -0.253556,
          0.93812,
          1.063046
        ],
        [
          -0.970545,
          -0.11017,
          0.214256,
          1.588415
        ],
        [
          0.049026,
          -0.961027,
          -0.272075,
          1.461231
        ],
        [
          0.0,
          0.0,
          0.0,
          1.0
        ]
      ]
    },
    {
      "file_path": "/media/NFS/ttao/scannet/posed_images/scene0493_01/00077.jpg",
      "transform_matrix": [
        [
          0.2699,
          -0.239965,
          0.932508,
          1.159677
        ],
        [
          -0.961474,
          -0.119634,
          0.247498,
          1.558477
        ],
        [
          0.052169,
          -0.963382,
          -0.26301,
          1.467049
        ],
        [
          0.0,
          0.0,
          0.0,
          1.0
        ]
      ]
    },
    {
      "file_path": "/media/NFS/ttao/scannet/posed_images/scene0493_01/00078.jpg",
      "transform_matrix": [
        [
          0.273278,
          -0.233689,
          0.933118,
          1.172441
        ],
        [
          -0.960203,
          -0.124451,
          0.250043,
          1.555882
        ],
        [
          0.057695,
          -0.964314,
          -0.258398,
          1.465945
        ],
        [
          0.0,
          0.0,
          0.0,
          1.0
        ]
      ]
    },
    {
      "file_path": "/media/NFS/ttao/scannet/posed_images/scene0493_01/00085.jpg",
      "transform_matrix": [
        [
          0.299697,
          -0.280419,
          0.911892,
          1.265538
        ],
        [
          -0.952431,
          -0.143343,
          0.268941,
          1.574934
        ],
        [
          0.055297,
          -0.949114,
          -0.310039,
          1.456877
        ],
        [
          0.0,
          0.0,
          0.0,
          1.0
        ]
      ]
    },
    {
      "file_path": "/media/NFS/ttao/scannet/posed_images/scene0493_01/00086.jpg",
      "transform_matrix": [
        [
          0.300244,
          -0.283931,
          0.910624,
          1.279612
        ],
        [
          -0.952459,
          -0.141014,
          0.270069,
          1.574927
        ],
        [
          0.05173,
          -0.948419,
          -0.312771,
          1.452385
        ],
        [
          0.0,
          0.0,
          0.0,
          1.0
        ]
      ]
    },
    {
      "file_path": "/media/NFS/ttao/scannet/posed_images/scene0493_01/00091.jpg",
      "transform_matrix": [
        [
          0.302778,
          -0.289666,
          0.907975,
          1.362972
        ],
        [
          -0.951477,
          -0.146789,
          0.270454,
          1.590719
        ],
        [
          0.054939,
          -0.945805,
          -0.320055,
          1.437899
        ],
        [
          0.0,
          0.0,
          0.0,
          1.0
        ]
      ]
    },
    {
      "file_path": "/media/NFS/ttao/scannet/posed_images/scene0493_01/00095.jpg",
      "transform_matrix": [
        [
          0.294327,
          -0.294534,
          0.909187,
          1.436357
        ],
        [
          -0.95474,
          -0.133362,
          0.265871,
          1.605886
        ],
        [
          0.042943,
          -0.94629,
          -0.320455,
          1.431148
        ],
        [
          0.0,
          0.0,
          0.0,
          1.0
        ]
      ]
    },
    {
      "file_path": "/media/NFS/ttao/scannet/posed_images/scene0493_01/00096.jpg",
      "transform_matrix": [
        [
          0.292732,
          -0.297968,
          0.908583,
          1.451715
        ],
        [
          -0.955328,
          -0.131578,
          0.264641,
          1.609951
        ],
        [
          0.040695,
          -0.945464,
          -0.323174,
          1.428371
        ],
        [
          0.0,
          0.0,
          0.0,
          1.0
        ]
      ]
    },
    {
      "file_path": "/media/NFS/ttao/scannet/posed_images/scene0493_01/00100.jpg",
      "transform_matrix": [
        [
          0.283043,
          -0.302554,
          0.910136,
          1.525056
        ],
        [
          -0.958321,
          -0.127631,
          0.2556,
          1.631428
        ],
        [
          0.038828,
          -0.944548,
          -0.326069,
          1.442773
        ],
        [
          0.0,
          0.0,
          0.0,
          1.0
        ]
      ]
    },
    {
      "file_path": "/media/NFS/ttao/scannet/posed_images/scene0493_01/00102.jpg",
      "transform_matrix": [
        [
          0.279039,
          -0.298592,
          0.912678,
          1.54633
        ],
        [
          -0.959961,
          -0.111222,
          0.257107,
          1.638194
        ],
        [
          0.02474,
          -0.947878,
          -0.317671,
          1.432077
        ],
        [
          0.0,
          0.0,
          0.0,
          1.0
        ]
      ]
    },
    {
      "file_path": "/media/NFS/ttao/scannet/posed_images/scene0493_01/00108.jpg",
      "transform_matrix": [
        [
          0.30351,
          -0.33768,
          0.890985,
          1.650042
        ],
        [
          -0.952828,
          -0.108718,
          0.283373,
          1.640096
        ],
        [
          0.001176,
          -0.934961,
          -0.354748,
          1.42305
        ],
        [
          0.0,
          0.0,
          0.0,
          1.0
        ]
      ]
    },
    {
      "file_path": "/media/NFS/ttao/scannet/posed_images/scene0493_01/00111.jpg",
      "transform_matrix": [
        [
          0.339453,
          -0.349229,
          0.87339,
          1.714136
        ],
        [
          -0.940308,
          -0.101962,
          0.324691,
          1.625122
        ],
        [
          -0.024339,
          -0.931473,
          -0.362994,
          1.426449
        ],
        [
          0.0,
          0.0,
          0.0,
          1.0
        ]
      ]
    },
    {
      "file_path": "/media/NFS/ttao/scannet/posed_images/scene0493_01/00112.jpg",
      "transform_matrix": [
        [
          0.348528,
          -0.353161,
          0.86822,
          1.732926
        ],
        [
          -0.936799,
          -0.101012,
          0.33497,
          1.621119
        ],
        [
          -0.030598,
          -0.930094,
          -0.366046,
          1.427337
        ],
        [
          0.0,
          0.0,
          0.0,
          1.0
        ]
      ]
    },
    {
      "file_path": "/media/NFS/ttao/scannet/posed_images/scene0493_01/00117.jpg",
      "transform_matrix": [
        [
          0.420374,
          -0.314142,
          0.851235,
          1.823801
        ],
        [
          -0.906863,
          -0.114709,
          0.405513,
          1.602776
        ],
        [
          -0.029745,
          -0.942421,
          -0.333105,
          1.427253
        ],
        [
          0.0,
          0.0,
          0.0,
          1.0
        ]
      ]
    },
    {
      "file_path": "/media/NFS/ttao/scannet/posed_images/scene0493_01/00122.jpg",
      "transform_matrix": [
        [
          0.518299,
          -0.285226,
          0.806234,
          1.931403
        ],
        [
          -0.8552,
          -0.172238,
          0.488843,
          1.582042
        ],
        [
          -0.000566,
          -0.942858,
          -0.333196,
          1.440741
        ],
        [
          0.0,
          0.0,
          0.0,
          1.0
        ]
      ]
    },
    {
      "file_path": "/media/NFS/ttao/scannet/posed_images/scene0493_01/00125.jpg",
      "transform_matrix": [
        [
          0.550879,
          -0.286967,
          0.783698,
          1.985475
        ],
        [
          -0.834546,
          -0.198583,
          0.513905,
          1.579887
        ],
        [
          0.008155,
          -0.937131,
          -0.348882,
          1.449203
        ],
        [
          0.0,
          0.0,
          0.0,
          1.0
        ]
      ]
    },
    {
      "file_path": "/media/NFS/ttao/scannet/posed_images/scene0493_01/00127.jpg",
      "transform_matrix": [
        [
          0.563136,
          -0.288956,
          0.774198,
          2.017946
        ],
        [
          -0.826362,
          -0.198884,
          0.52685,
          1.581035
        ],
        [
          0.001739,
          -0.936456,
          -0.350781,
          1.451747
        ],
        [
          0.0,
          0.0,
          0.0,
          1.0
        ]
      ]
    },
    {
      "file_path": "/media/NFS/ttao/scannet/posed_images/scene0493_01/00132.jpg",
      "transform_matrix": [
        [
          0.604571,
          -0.259356,
          0.753146,
          2.098108
        ],
        [
          -0.796542,
          -0.19203,
          0.573277,
          1.582792
        ],
        [
          -0.004056,
          -0.946498,
          -0.322683,
          1.439441
        ],
        [
          0.0,
          0.0,
          0.0,
          1.0
        ]
      ]
    },
    {
      "file_path": "/media/NFS/ttao/scannet/posed_images/scene0493_01/00134.jpg",
      "transform_matrix": [
        [
          0.612546,
          -0.25348,
          0.748689,
          2.133715
        ],
        [
          -0.790433,
          -0.198646,
          0.579444,
          1.587952
        ],
        [
          0.001847,
          -0.946725,
          -0.322039,
          1.434847
        ],
        [
          0.0,
          0.0,
          0.0,
          1.0
        ]
      ]
    },
    {
      "file_path": "/media/NFS/ttao/scannet/posed_images/scene0493_01/00137.jpg",
      "transform_matrix": [
        [
          0.60945,
          -0.25778,
          0.749747,
          2.185659
        ],
        [
          -0.792762,
          -0.210022,
          0.572206,
          1.604778
        ],
        [
          0.00996,
          -0.943102,
          -0.332356,
          1.431684
        ],
        [
          0.0,
          0.0,
          0.0,
          1.0
        ]
      ]
    },
    {
      "file_path": "/media/NFS/ttao/scannet/posed_images/scene0493_01/00142.jpg",
      "transform_matrix": [
        [
          0.593313,
          -0.254431,
          0.763705,
          2.276748
        ],
        [
          -0.803974,
          -0.234524,
          0.546465,
          1.624719
        ],
        [
          0.04007,
          -0.938224,
          -0.343702,
          1.428173
        ],
        [
          0.0,
          0.0,
          0.0,
          1.0
        ]
      ]
    },
    {
      "file_path": "/media/NFS/ttao/scannet/posed_images/scene0493_01/00144.jpg",
      "transform_matrix": [
        [
          0.588404,
          -0.264808,
          0.763975,
          2.304252
        ],
        [
          -0.807425,
          -0.242634,
          0.537767,
          1.635835
        ],
        [
          0.042962,
          -0.933277,
          -0.35658,
          1.421535
        ],
        [
          0.0,
          0.0,
          0.0,
          1.0
        ]
      ]
    },
    {
      "file_path": "/media/NFS/ttao/scannet/posed_images/scene0493_01/00148.jpg",
      "transform_matrix": [
        [
          0.615952,
          -0.292454,
          0.731487,
          2.36935
        ],
        [
          -0.787575,
          -0.249997,
          0.56323,
          1.654825
        ],
        [
          0.018151,
          -0.923023,
          -0.384316,
          1.43411
        ],
        [
          0.0,
          0.0,
          0.0,
          1.0
        ]
      ]
    },
    {
      "file_path": "/media/NFS/ttao/scannet/posed_images/scene0493_01/00153.jpg",
      "transform_matrix": [
        [
          0.692599,
          -0.244809,
          0.67851,
          2.453493
        ],
        [
          -0.721188,
          -0.253183,
          0.644814,
          1.656221
        ],
        [
          0.013931,
          -0.935931,
          -0.351908,
          1.43435
        ],
        [
          0.0,
          0.0,
          0.0,
          1.0
        ]
      ]
    },
    {
      "file_path": "/media/NFS/ttao/scannet/posed_images/scene0493_01/00154.jpg",
      "transform_matrix": [
        [
          0.706122,
          -0.238588,
          0.666684,
          2.468663
        ],
        [
          -0.707953,
          -0.256467,
          0.658048,
          1.656805
        ],
        [
          0.01398,
          -0.936643,
          -0.350006,
          1.432578
        ],
        [
          0.0,
          0.0,
          0.0,
          1.0
        ]
      ]
    },
    {
      "file_path": "/media/NFS/ttao/scannet/posed_images/scene0493_01/00160.jpg",
      "transform_matrix": [
        [
          0.805492,
          -0.189796,
          0.561392,
          2.585101
        ],
        [
          -0.592308,
          -0.287922,
          0.75251,
          1.64914
        ],
        [
          0.018813,
          -0.938658,
          -0.344337,
          1.432782
        ],
        [
          0.0,
          0.0,
          0.0,
          1.0
        ]
      ]
    },
    {
      "file_path": "/media/NFS/ttao/scannet/posed_images/scene0493_01/00161.jpg",
      "transform_matrix": [
        [
          0.816684,
          -0.182901,
          0.547333,
          2.599993
        ],
        [
          -0.576713,
          -0.29269,
          0.762715,
          1.646746
        ],
        [
          0.020698,
          -0.938552,
          -0.344517,
          1.430142
        ],
        [
          0.0,
          0.0,
          0.0,
          1.0
        ]
      ]
    },
    {
      "file_path": "/media/NFS/ttao/scannet/posed_images/scene0493_01/00165.jpg",
      "transform_matrix": [
        [
          0.851428,
          -0.155301,
          0.500952,
          2.654617
        ],
        [
          -0.523719,
          -0.302918,
          0.796215,
          1.654667
        ],
        [
          0.028094,
          -0.940278,
          -0.339247,
          1.435421
        ],
        [
          0.0,
          0.0,
          0.0,
          1.0
        ]
      ]
    },
    {
      "file_path": "/media/NFS/ttao/scannet/posed_images/scene0493_01/00170.jpg",
      "transform_matrix": [
        [
          0.881136,
          -0.155612,
          0.446525,
          2.741154
        ],
        [
          -0.472382,
          -0.332257,
          0.81637,
          1.660882
        ],
        [
          0.021324,
          -0.930263,
          -0.366272,
          1.435328
        ],
        [
          0.0,
          0.0,
          0.0,
          1.0
        ]
      ]
    },
    {
      "file_path": "/media/NFS/ttao/scannet/posed_images/scene0493_01/00173.jpg",
      "transform_matrix": [
        [
          0.883792,
          -0.152767,
          0.442238,
          2.781837
        ],
        [
          -0.467496,
          -0.326684,
          0.821417,
          1.67628
        ],
        [
          0.018987,
          -0.932706,
          -0.360139,
          1.439052
        ],
        [
          0.0,
          0.0,
          0.0,
          1.0
        ]
      ]
    },
    {
      "file_path": "/media/NFS/ttao/scannet/posed_images/scene0493_01/00176.jpg",
      "transform_matrix": [
        [
          0.890271,
          -0.137363,
          0.434221,
          2.822355
        ],
        [
          -0.454922,
          -0.313275,
          0.83361,
          1.694546
        ],
        [
          0.021524,
          -0.939676,
          -0.341389,
          1.440482
        ],
        [
          0.0,
          0.0,
          0.0,
          1.0
        ]
      ]
    },
    {
      "file_path": "/media/NFS/ttao/scannet/posed_images/scene0493_01/00179.jpg",
      "transform_matrix": [
        [
          0.892553,
          -0.125254,
          0.433198,
          2.865698
        ],
        [
          -0.450139,
          -0.304791,
          0.839332,
          1.716148
        ],
        [
          0.026905,
          -0.944147,
          -0.328424,
          1.447401
        ],
        [
          0.0,
          0.0,
          0.0,
          1.0
        ]
      ]
    },
    {
      "file_path": "/media/NFS/ttao/scannet/posed_images/scene0493_01/00183.jpg",
      "transform_matrix": [
        [
          0.887488,
          -0.109672,
          0.44759,
          2.910316
        ],
        [
          -0.459394,
          -0.287178,
          0.840527,
          1.743065
        ],
        [
          0.036355,
          -0.951578,
          -0.30525,
          1.444185
        ],
        [
          0.0,
          0.0,
          0.0,
          1.0
        ]
      ]
    },
    {
      "file_path": "/media/NFS/ttao/scannet/posed_images/scene0493_01/00187.jpg",
      "transform_matrix": [
        [
          0.885647,
          -0.089411,
          0.455669,
          2.976105
        ],
        [
          -0.461714,
          -0.274133,
          0.843606,
          1.777766
        ],
        [
          0.049486,
          -0.957526,
          -0.284067,
          1.446579
        ],
        [
          0.0,
          0.0,
          0.0,
          1.0
        ]
      ]
    },
    {
      "file_path": "/media/NFS/ttao/scannet/posed_images/scene0493_01/00191.jpg",
      "transform_matrix": [
        [
          0.897324,
          -0.126696,
          0.422798,
          3.033276
        ],
        [
          -0.441041,
          -0.294538,
          0.84778,
          1.806899
        ],
        [
          0.017119,
          -0.947204,
          -0.320174,
          1.452061
        ],
        [
          0.0,
          0.0,
          0.0,
          1.0
        ]
      ]
    },
    {
      "file_path": "/media/NFS/ttao/scannet/posed_images/scene0493_01/00194.jpg",
      "transform_matrix": [
        [
          0.909943,
          -0.125917,
          0.395157,
          3.078475
        ],
        [
          -0.414585,
          -0.301699,
          0.858543,
          1.822102
        ],
        [
          0.011113,
          -0.945051,
          -0.326733,
          1.446659
        ],
        [
          0.0,
          0.0,
          0.0,
          1.0
        ]
      ]
    },
    {
      "file_path": "/media/NFS/ttao/scannet/posed_images/scene0493_01/00195.jpg",
      "transform_matrix": [
        [
          0.915494,
          -0.126169,
          0.382037,
          3.09393
        ],
        [
          -0.402274,
          -0.303121,
          0.863883,
          1.82568
        ],
        [
          0.006808,
          -0.944563,
          -0.32826,
          1.443971
        ],
        [
          0.0,
          0.0,
          0.0,
          1.0
        ]
      ]
    },
    {
      "file_path": "/media/NFS/ttao/scannet/posed_images/scene0493_01/00200.jpg",
      "transform_matrix": [
        [
          0.944673,
          -0.117362,
          0.3063,
          3.181384
        ],
        [
          -0.327989,
          -0.326349,
          0.886521,
          1.834064
        ],
        [
          -0.004083,
          -0.937935,
          -0.346787,
          1.434848
        ],
        [
          0.0,
          0.0,
          0.0,
          1.0
        ]
      ]
    },
    {
      "file_path": "/media/NFS/ttao/scannet/posed_images/scene0493_01/00203.jpg",
      "transform_matrix": [
        [
          0.956249,
          -0.103956,
          0.273461,
          3.240106
        ],
        [
          -0.292535,
          -0.329111,
          0.897836,
          1.83394
        ],
        [
          -0.003336,
          -0.938552,
          -0.345122,
          1.43925
        ],
        [
          0.0,
          0.0,
          0.0,
          1.0
        ]
      ]
    },
    {
      "file_path": "/media/NFS/ttao/scannet/posed_images/scene0493_01/00207.jpg",
      "transform_matrix": [
        [
          0.966789,
          -0.07629,
          0.243925,
          3.306319
        ],
        [
          -0.255195,
          -0.340328,
          0.905015,
          1.840735
        ],
        [
          0.01397,
          -0.937207,
          -0.348494,
          1.444066
        ],
        [
          0.0,
          0.0,
          0.0,
          1.0
        ]
      ]
    },
    {
      "file_path": "/media/NFS/ttao/scannet/posed_images/scene0493_01/00212.jpg",
      "transform_matrix": [
        [
          0.981103,
          -0.074885,
          0.17841,
          3.373457
        ],
        [
          -0.193476,
          -0.369366,
          0.90892,
          1.852321
        ],
        [
          -0.002166,
          -0.926262,
          -0.376875,
          1.437536
        ],
        [
          0.0,
          0.0,
          0.0,
          1.0
        ]
      ]
    },
    {
      "file_path": "/media/NFS/ttao/scannet/posed_images/scene0493_01/00214.jpg",
      "transform_matrix": [
        [
          0.984999,
          -0.075938,
          0.154951,
          3.403007
        ],
        [
          -0.172262,
          -0.38012,
          0.908754,
          1.864429
        ],
        [
          -0.010109,
          -0.921815,
          -0.387499,
          1.437722
        ],
        [
          0.0,
          0.0,
          0.0,
          1.0
        ]
      ]
    },
    {
      "file_path": "/media/NFS/ttao/scannet/posed_images/scene0493_01/00218.jpg",
      "transform_matrix": [
        [
          0.990933,
          -0.056476,
          0.121908,
          3.476494
        ],
        [
          -0.134348,
          -0.408018,
          0.903035,
          1.88781
        ],
        [
          -0.001259,
          -0.911225,
          -0.411906,
          1.41864
        ],
        [
          0.0,
          0.0,
          0.0,
          1.0
        ]
      ]
    },
    {
      "file_path": "/media/NFS/ttao/scannet/posed_images/scene0493_01/00220.jpg",
      "transform_matrix": [
        [
          0.990926,
          -0.041317,
          0.127901,
          3.4951
        ],
        [
          -0.133433,
          -0.416875,
          0.899117,
          1.9102
        ],
        [
          0.01617,
          -0.908024,
          -0.418605,
          1.40697
        ],
        [
          0.0,
          0.0,
          0.0,
          1.0
        ]
      ]
    },
    {
      "file_path": "/media/NFS/ttao/scannet/posed_images/scene0493_01/00223.jpg",
      "transform_matrix": [
        [
          0.989301,
          -0.010322,
          0.145521,
          3.537812
        ],
        [
          -0.1356,
          -0.432991,
          0.891141,
          1.927345
        ],
        [
          0.05381,
          -0.901339,
          -0.429758,
          1.388352
        ],
        [
          0.0,
          0.0,
          0.0,
          1.0
        ]
      ]
    },
    {
      "file_path": "/media/NFS/ttao/scannet/posed_images/scene0493_01/00227.jpg",
      "transform_matrix": [
        [
          0.989371,
          -0.020812,
          0.143915,
          3.610594
        ],
        [
          -0.135714,
          -0.487551,
          0.862482,
          1.950521
        ],
        [
          0.052216,
          -0.872847,
          -0.485193,
          1.374216
        ],
        [
          0.0,
          0.0,
          0.0,
          1.0
        ]
      ]
    },
    {
      "file_path": "/media/NFS/ttao/scannet/posed_images/scene0493_01/00232.jpg",
      "transform_matrix": [
        [
          0.989643,
          -0.032106,
          0.13991,
          3.67801
        ],
        [
          -0.136788,
          -0.506488,
          0.851328,
          2.010596
        ],
        [
          0.04353,
          -0.861649,
          -0.505634,
          1.370769
        ],
        [
          0.0,
          0.0,
          0.0,
          1.0
        ]
      ]
    },
    {
      "file_path": "/media/NFS/ttao/scannet/posed_images/scene0493_01/00233.jpg",
      "transform_matrix": [
        [
          0.990595,
          -0.037361,
          0.131625,
          3.694788
        ],
        [
          -0.132296,
          -0.506995,
          0.851736,
          2.01718
        ],
        [
          0.034912,
          -0.861139,
          -0.50717,
          1.369979
        ],
        [
          0.0,
          0.0,
          0.0,
          1.0
        ]
      ]
    },
    {
      "file_path": "/media/NFS/ttao/scannet/posed_images/scene0493_01/00239.jpg",
      "transform_matrix": [
        [
          0.998285,
          0.006608,
          0.058166,
          3.792745
        ],
        [
          -0.045982,
          -0.526429,
          0.848974,
          2.046341
        ],
        [
          0.036231,
          -0.850193,
          -0.525223,
          1.349049
        ],
        [
          0.0,
          0.0,
          0.0,
          1.0
        ]
      ]
    },
    {
      "file_path": "/media/NFS/ttao/scannet/posed_images/scene0493_01/00240.jpg",
      "transform_matrix": [
        [
          0.998696,
          0.02,
          0.046966,
          3.804476
        ],
        [
          -0.029555,
          -0.523626,
          0.851436,
          2.047977
        ],
        [
          0.041621,
          -0.851714,
          -0.522352,
          1.347689
        ],
        [
          0.0,
          0.0,
          0.0,
          1.0
        ]
      ]
    },
    {
      "file_path": "/media/NFS/ttao/scannet/posed_images/scene0493_01/00244.jpg",
      "transform_matrix": [
        [
          0.99736,
          0.071974,
          -0.009619,
          3.862617
        ],
        [
          0.046554,
          -0.532119,
          0.845389,
          2.047448
        ],
        [
          0.055728,
          -0.843605,
          -0.534065,
          1.348291
        ],
        [
          0.0,
          0.0,
          0.0,
          1.0
        ]
      ]
    },
    {
      "file_path": "/media/NFS/ttao/scannet/posed_images/scene0493_01/00250.jpg",
      "transform_matrix": [
        [
          0.989873,
          0.098505,
          -0.102213,
          3.939321
        ],
        [
          0.138052,
          -0.500373,
          0.854733,
          2.055639
        ],
        [
          0.033051,
          -0.860188,
          -0.508904,
          1.364473
        ],
        [
          0.0,
          0.0,
          0.0,
          1.0
        ]
      ]
    },
    {
      "file_path": "/media/NFS/ttao/scannet/posed_images/scene0493_01/00253.jpg",
      "transform_matrix": [
        [
          0.98412,
          0.120877,
          -0.129989,
          3.961553
        ],
        [
          0.173312,
          -0.496093,
          0.850797,
          2.070647
        ],
        [
          0.038355,
          -0.859815,
          -0.509164,
          1.366479
        ],
        [
          0.0,
          0.0,
          0.0,
          1.0
        ]
      ]
    },
    {
      "file_path": "/media/NFS/ttao/scannet/posed_images/scene0493_01/00254.jpg",
      "transform_matrix": [
        [
          0.982913,
          0.126054,
          -0.134136,
          3.964751
        ],
        [
          0.179473,
          -0.494455,
          0.850473,
          2.075007
        ],
        [
          0.040881,
          -0.860015,
          -0.508629,
          1.368916
        ],
        [
          0.0,
          0.0,
          0.0,
          1.0
        ]
      ]
    },
    {
      "file_path": "/media/NFS/ttao/scannet/posed_images/scene0493_01/00260.jpg",
      "transform_matrix": [
        [
          0.967886,
          0.155827,
          -0.197267,
          4.012669
        ],
        [
          0.248017,
          -0.463819,
          0.850506,
          2.138574
        ],
        [
          0.041035,
          -0.872118,
          -0.487571,
          1.369395
        ],
        [
          0.0,
          0.0,
          0.0,
          1.0
        ]
      ]
    },
    {
      "file_path": "/media/NFS/ttao/scannet/posed_images/scene0493_01/00263.jpg",
      "transform_matrix": [
        [
          0.960531,
          0.172463,
          -0.218257,
          4.016185
        ],
        [
          0.273752,
          -0.44675,
          0.851748,
          2.173609
        ],
        [
          0.049389,
          -0.877879,
          -0.47633,
          1.372543
        ],
        [
          0.0,
          0.0,
          0.0,
          1.0
        ]
      ]
    },
    {
      "file_path": "/media/NFS/ttao/scannet/posed_images/scene0493_01/00265.jpg",
      "transform_matrix": [
        [
          0.956023,
          0.189509,
          -0.223845,
          4.024847
        ],
        [
          0.285935,
          -0.432365,
          0.855162,
          2.204846
        ],
        [
          0.065278,
          -0.88156,
          -0.467538,
          1.376047
        ],
        [
