{
  "frames": [
    {
      "file_path": "/media/NFS/ttao/scannet/posed_images/scene0412_00/00000.jpg",
      "transform_matrix": [
        [
          -0.044942,
          0.371322,
          -0.927416,
          3.636254
        ],
        [
          0.998448,
          -0.013886,
          -0.053944,
          0.679625
        ],
        [
          -0.032909,
          -0.9284,
          -0.370122,
          1.489447
        ],
        [
          0.0,
          0.0,
          0.0,
          1.0
        ]
      ]
    },
    {
      "file_path": "/media/NFS/ttao/scannet/posed_images/scene0412_00/00007.jpg",
      "transform_matrix": [
        [
          -0.035418,
          0.394889,
          -0.918046,
          3.643108
        ],
        [
          0.998622,
          -0.021614,
          -0.047823,
          0.682948
        ],
        [
          -0.038727,
          -0.918474,
          -0.39358,
          1.477061
        ],
        [
          0.0,
          0.0,
          0.0,
          1.0
        ]
      ]
    },
    {
      "file_path": "/media/NFS/ttao/scannet/posed_images/scene0412_00/00014.jpg",
      "transform_matrix": [
        [
          -0.036681,
          0.412064,
          -0.910416,
          3.658105
        ],
        [
          0.997689,
          -0.037048,
          -0.056965,
          0.701761
        ],
        [
          -0.057202,
          -0.910402,
          -0.409753,
          1.429067
        ],
        [
          0.0,
          0.0,
          0.0,
          1.0
        ]
      ]
    },
    {
      "file_path": "/media/NFS/ttao/scannet/posed_images/scene0412_00/00026.jpg",
      "transform_matrix": [
        [
          -0.039587,
          0.547158,
          -0.836093,
          3.679568
        ],
        [
          0.996187,
          -0.043492,
          -0.075629,
          0.721131
        ],
        [
          -0.077745,
          -0.835899,
          -0.54335,
          1.340843
        ],
        [
          0.0,
          0.0,
          0.0,
          1.0
        ]
      ]
    },
    {
      "file_path": "/media/NFS/ttao/scannet/posed_images/scene0412_00/00035.jpg",
      "transform_matrix": [
        [
          -0.010715,
          0.566245,
          -0.824167,
          3.69681
        ],
        [
          0.997868,
          -0.047014,
          -0.045274,
          0.734051
        ],
        [
          -0.064384,
          -0.822895,
          -0.564534,
          1.289291
        ],
        [
          0.0,
          0.0,
          0.0,
          1.0
        ]
      ]
    },
    {
      "file_path": "/media/NFS/ttao/scannet/posed_images/scene0412_00/00038.jpg",
      "transform_matrix": [
        [
          -0.006778,
          0.562469,
          -0.826791,
          3.693932
        ],
        [
          0.99733,
          -0.056315,
          -0.046488,
          0.735568
        ],
        [
          -0.072709,
          -0.824898,
          -0.560585,
          1.29539
        ],
        [
          0.0,
          0.0,
          0.0,
          1.0
        ]
      ]
    },
    {
      "file_path": "/media/NFS/ttao/scannet/posed_images/scene0412_00/00047.jpg",
      "transform_matrix": [
        [
          0.007767,
          0.460608,
          -0.88757,
          3.678435
        ],
        [
          0.996312,
          -0.07942,
          -0.032497,
          0.742901
        ],
        [
          -0.085459,
          -0.884043,
          -0.459526,
          1.365337
        ],
        [
          0.0,
          0.0,
          0.0,
          1.0
        ]
      ]
    },
    {
      "file_path": "/media/NFS/ttao/scannet/posed_images/scene0412_00/00057.jpg",
      "transform_matrix": [
        [
          0.038272,
          0.331248,
          -0.942768,
          3.661743
        ],
        [
          0.995781,
          -0.09139,
          0.008313,
          0.757974
        ],
        [
          -0.083405,
          -0.939108,
          -0.333348,
          1.477274
        ],
        [
          0.0,
          0.0,
          0.0,
          1.0
        ]
      ]
    },
    {
      "file_path": "/media/NFS/ttao/scannet/posed_images/scene0412_00/00061.jpg",
      "transform_matrix": [
        [
          0.046878,
          0.294208,
          -0.954591,
          3.658594
        ],
        [
          0.99506,
          -0.097477,
          0.018822,
          0.762916
        ],
        [
          -0.087513,
          -0.950758,
          -0.297324,
          1.518081
        ],
        [
          0.0,
          0.0,
          0.0,
          1.0
        ]
      ]
    },
    {
      "file_path": "/media/NFS/ttao/scannet/posed_images/scene0412_00/00076.jpg",
      "transform_matrix": [
        [
          0.017995,
          0.127323,
          -0.991698,
          3.661632
        ],
        [
          0.997911,
          -0.063846,
          0.009911,
          0.757957
        ],
        [
          -0.062054,
          -0.989804,
          -0.128206,
          1.623827
        ],
        [
          0.0,
          0.0,
          0.0,
          1.0
        ]
      ]
    },
    {
      "file_path": "/media/NFS/ttao/scannet/posed_images/scene0412_00/00078.jpg",
      "transform_matrix": [
        [
          0.020958,
          0.104514,
          -0.994303,
          3.661454
        ],
        [
          0.997439,
          -0.070208,
          0.013644,
          0.759211
        ],
        [
          -0.068382,
          -0.992042,
          -0.105718,
          1.635305
        ],
        [
          0.0,
          0.0,
          0.0,
          1.0
        ]
      ]
    },
    {
      "file_path": "/media/NFS/ttao/scannet/posed_images/scene0412_00/00090.jpg",
      "transform_matrix": [
        [
          0.09307,
          -0.004193,
          -0.995651,
          3.669728
        ],
        [
          0.993561,
          -0.064505,
          0.093146,
          0.790465
        ],
        [
          -0.064615,
          -0.997909,
          -0.001837,
          1.683038
        ],
        [
          0.0,
          0.0,
          0.0,
          1.0
        ]
      ]
    },
    {
      "file_path": "/media/NFS/ttao/scannet/posed_images/scene0412_00/00092.jpg",
      "transform_matrix": [
        [
          0.108508,
          -0.01098,
          -0.994035,
          3.671907
        ],
        [
          0.992474,
          -0.055894,
          0.108955,
          0.797969
        ],
        [
          -0.056757,
          -0.998376,
          0.004832,
          1.686152
        ],
        [
          0.0,
          0.0,
          0.0,
          1.0
        ]
      ]
    },
    {
      "file_path": "/media/NFS/ttao/scannet/posed_images/scene0412_00/00106.jpg",
      "transform_matrix": [
        [
          0.200966,
          -0.10243,
          -0.974228,
          3.68733
        ],
        [
          0.973814,
          -0.087024,
          0.21003,
          0.823304
        ],
        [
          -0.106295,
          -0.990926,
          0.082259,
          1.723124
        ],
        [
          0.0,
          0.0,
          0.0,
          1.0
        ]
      ]
    },
    {
      "file_path": "/media/NFS/ttao/scannet/posed_images/scene0412_00/00114.jpg",
      "transform_matrix": [
        [
          0.273679,
          -0.121061,
          -0.954172,
          3.691933
        ],
        [
          0.957633,
          -0.058187,
          0.282054,
          0.833264
        ],
        [
          -0.089666,
          -0.990938,
          0.100007,
          1.719472
        ],
        [
          0.0,
          0.0,
          0.0,
          1.0
        ]
      ]
    },
    {
      "file_path": "/media/NFS/ttao/scannet/posed_images/scene0412_00/00116.jpg",
      "transform_matrix": [
        [
          0.295854,
          -0.120399,
          -0.947615,
          3.693327
        ],
        [
          0.951027,
          -0.05587,
          0.304018,
          0.835268
        ],
        [
          -0.089546,
          -0.991152,
          0.097973,
          1.71785
        ],
        [
          0.0,
          0.0,
          0.0,
          1.0
        ]
      ]
    },
    {
      "file_path": "/media/NFS/ttao/scannet/posed_images/scene0412_00/00130.jpg",
      "transform_matrix": [
        [
          0.428206,
          0.02292,
          -0.90339,
          3.647915
        ],
        [
          0.897713,
          -0.125487,
          0.422332,
          0.835399
        ],
        [
          -0.103684,
          -0.991831,
          -0.074309,
          1.61688
        ],
        [
          0.0,
          0.0,
          0.0,
          1.0
        ]
      ]
    },
    {
      "file_path": "/media/NFS/ttao/scannet/posed_images/scene0412_00/00137.jpg",
      "transform_matrix": [
        [
          0.457781,
          0.12551,
          -0.880161,
          3.627489
        ],
        [
          0.884107,
          -0.168676,
          0.43578,
          0.831754
        ],
        [
          -0.093767,
          -0.977648,
          -0.188181,
          1.536568
        ],
        [
          0.0,
          0.0,
          0.0,
          1.0
        ]
      ]
    },
    {
      "file_path": "/media/NFS/ttao/scannet/posed_images/scene0412_00/00142.jpg",
      "transform_matrix": [
        [
          0.4329,
          0.196255,
          -0.879819,
          3.625546
        ],
        [
          0.899485,
          -0.158324,
          0.40726,
          0.861158
        ],
        [
          -0.05937,
          -0.967687,
          -0.245066,
          1.489338
        ],
        [
          0.0,
          0.0,
          0.0,
          1.0
        ]
      ]
    },
    {
      "file_path": "/media/NFS/ttao/scannet/posed_images/scene0412_00/00151.jpg",
      "transform_matrix": [
        [
          0.461444,
          0.29947,
          -0.835097,
          3.610947
        ],
        [
          0.883292,
          -0.242998,
          0.400934,
          0.867495
        ],
        [
          -0.082859,
          -0.922643,
          -0.376649,
          1.426742
        ],
        [
          0.0,
          0.0,
          0.0,
          1.0
        ]
      ]
    },
    {
      "file_path": "/media/NFS/ttao/scannet/posed_images/scene0412_00/00161.jpg",
      "transform_matrix": [
        [
          0.546096,
          0.348285,
          -0.761891,
          3.60004
        ],
        [
          0.832308,
          -0.328808,
          0.44626,
          0.871325
        ],
        [
          -0.09509,
          -0.877829,
          -0.469441,
          1.373192
        ],
        [
          0.0,
          0.0,
          0.0,
          1.0
        ]
      ]
    },
    {
      "file_path": "/media/NFS/ttao/scannet/posed_images/scene0412_00/00168.jpg",
      "transform_matrix": [
        [
          0.548402,
          0.376562,
          -0.74663,
          3.599445
        ],
        [
          0.831516,
          -0.340084,
          0.439231,
          0.887822
        ],
        [
          -0.088519,
          -0.86171,
          -0.49962,
          1.345912
        ],
        [
          0.0,
          0.0,
          0.0,
          1.0
        ]
      ]
    },
    {
      "file_path": "/media/NFS/ttao/scannet/posed_images/scene0412_00/00175.jpg",
      "transform_matrix": [
        [
          0.544862,
          0.401747,
          -0.736019,
          3.602451
        ],
        [
          0.834968,
          -0.340712,
          0.432139,
          0.941813
        ],
        [
          -0.07716,
          -0.850009,
          -0.521087,
          1.328606
        ],
        [
          0.0,
          0.0,
          0.0,
          1.0
        ]
      ]
    },
    {
      "file_path": "/media/NFS/ttao/scannet/posed_images/scene0412_00/00184.jpg",
      "transform_matrix": [
        [
          0.544067,
          0.38569,
          -0.745141,
          3.615922
        ],
        [
          0.833601,
          -0.349447,
          0.42778,
          1.027198
        ],
        [
          -0.095396,
          -0.853891,
          -0.511634,
          1.327708
        ],
        [
          0.0,
          0.0,
          0.0,
          1.0
        ]
      ]
    },
    {
      "file_path": "/media/NFS/ttao/scannet/posed_images/scene0412_00/00189.jpg",
      "transform_matrix": [
        [
          0.543885,
          0.370151,
          -0.753112,
          3.625363
        ],
        [
          0.833089,
          -0.345929,
          0.43162,
          1.071037
        ],
        [
          -0.100758,
          -0.862161,
          -0.496514,
          1.329186
        ],
        [
          0.0,
          0.0,
          0.0,
          1.0
        ]
      ]
    },
    {
      "file_path": "/media/NFS/ttao/scannet/posed_images/scene0412_00/00201.jpg",
      "transform_matrix": [
        [
          0.556457,
          0.325719,
          -0.764371,
          3.621636
        ],
        [
          0.821117,
          -0.356169,
          0.445994,
          1.146026
        ],
        [
          -0.126976,
          -0.875814,
          -0.465646,
          1.333187
        ],
        [
          0.0,
          0.0,
          0.0,
          1.0
        ]
      ]
    },
    {
      "file_path": "/media/NFS/ttao/scannet/posed_images/scene0412_00/00203.jpg",
      "transform_matrix": [
        [
          0.561957,
          0.321151,
          -0.762278,
          3.611564
        ],
        [
          0.816897,
          -0.360242,
          0.45045,
          1.154999
        ],
        [
          -0.129942,
          -0.875835,
          -0.464788,
          1.333486
        ],
        [
          0.0,
          0.0,
          0.0,
          1.0
        ]
      ]
    },
    {
      "file_path": "/media/NFS/ttao/scannet/posed_images/scene0412_00/00210.jpg",
      "transform_matrix": [
        [
          0.589738,
          0.306733,
          -0.747077,
          3.558489
        ],
        [
          0.799209,
          -0.354622,
          0.485291,
          1.185077
        ],
        [
          -0.116075,
          -0.883265,
          -0.454278,
          1.32797
        ],
        [
          0.0,
          0.0,
          0.0,
          1.0
        ]
      ]
    },
    {
      "file_path": "/media/NFS/ttao/scannet/posed_images/scene0412_00/00225.jpg",
      "transform_matrix": [
        [
          0.678551,
          0.241135,
          -0.693847,
          3.377136
        ],
        [
          0.72847,
          -0.342223,
          0.593477,
          1.218692
        ],
        [
          -0.094343,
          -0.90815,
          -0.407876,
          1.357105
        ],
        [
          0.0,
          0.0,
          0.0,
          1.0
        ]
      ]
    },
    {
      "file_path": "/media/NFS/ttao/scannet/posed_images/scene0412_00/00232.jpg",
      "transform_matrix": [
        [
          0.700205,
          0.260989,
          -0.664528,
          3.326356
        ],
        [
          0.709895,
          -0.353478,
          0.609181,
          1.232624
        ],
        [
          -0.075906,
          -0.898297,
          -0.432782,
          1.345582
        ],
        [
          0.0,
          0.0,
          0.0,
          1.0
        ]
      ]
    },
    {
      "file_path": "/media/NFS/ttao/scannet/posed_images/scene0412_00/00234.jpg",
      "transform_matrix": [
        [
          0.699359,
          0.260274,
          -0.665699,
          3.315451
        ],
        [
          0.711299,
          -0.345102,
          0.612338,
          1.238014
        ],
        [
          -0.070359,
          -0.901755,
          -0.426483,
          1.344813
        ],
        [
          0.0,
          0.0,
          0.0,
          1.0
        ]
      ]
    },
    {
      "file_path": "/media/NFS/ttao/scannet/posed_images/scene0412_00/00246.jpg",
      "transform_matrix": [
        [
          0.689475,
          0.261783,
          -0.675348,
          3.263981
        ],
        [
          0.719585,
          -0.353891,
          0.59746,
          1.312476
        ],
        [
          -0.082595,
          -0.897903,
          -0.432374,
          1.335313
        ],
        [
          0.0,
          0.0,
          0.0,
          1.0
        ]
      ]
    },
    {
      "file_path": "/media/NFS/ttao/scannet/posed_images/scene0412_00/00253.jpg",
      "transform_matrix": [
        [
          0.688468,
          0.263041,
          -0.675886,
          3.244844
        ],
        [
          0.722728,
          -0.326728,
          0.609027,
          1.379715
        ],
        [
          -0.060632,
          -0.907777,
          -0.415049,
          1.348374
        ],
        [
          0.0,
          0.0,
          0.0,
          1.0
        ]
      ]
    },
    {
      "file_path": "/media/NFS/ttao/scannet/posed_images/scene0412_00/00260.jpg",
      "transform_matrix": [
        [
          0.70504,
          0.238029,
          -0.668027,
          3.239115
        ],
        [
          0.706276,
          -0.32065,
          0.631156,
          1.436036
        ],
        [
          -0.06397,
          -0.916802,
          -0.394185,
          1.357255
        ],
        [
          0.0,
          0.0,
          0.0,
          1.0
        ]
      ]
    },
    {
      "file_path": "/media/NFS/ttao/scannet/posed_images/scene0412_00/00267.jpg",
      "transform_matrix": [
        [
          0.727986,
          0.215946,
          -0.650695,
          3.223314
        ],
        [
          0.681572,
          -0.330579,
          0.652822,
          1.475609
        ],
        [
          -0.074132,
          -0.918741,
          -0.387839,
          1.364647
        ],
        [
          0.0,
          0.0,
          0.0,
          1.0
        ]
      ]
    },
    {
      "file_path": "/media/NFS/ttao/scannet/posed_images/scene0412_00/00279.jpg",
      "transform_matrix": [
        [
          0.812468,
          0.173981,
          -0.556441,
          3.153589
        ],
        [
          0.578265,
          -0.361955,
          0.731162,
          1.485646
        ],
        [
          -0.074199,
          -0.915816,
          -0.394684,
          1.376347
        ],
        [
          0.0,
          0.0,
          0.0,
          1.0
        ]
      ]
    },
    {
      "file_path": "/media/NFS/ttao/scannet/posed_images/scene0412_00/00284.jpg",
      "transform_matrix": [
        [
          0.850798,
          0.141396,
          -0.506113,
          3.114742
        ],
        [
          0.520344,
          -0.36119,
          0.773812,
          1.479507
        ],
        [
          -0.073389,
          -0.92171,
          -0.380874,
          1.376592
        ],
        [
          0.0,
          0.0,
          0.0,
          1.0
        ]
      ]
    },
    {
      "file_path": "/media/NFS/ttao/scannet/posed_images/scene0412_00/00293.jpg",
      "transform_matrix": [
        [
          0.890236,
          0.098021,
          -0.444827,
          3.04457
        ],
        [
          0.448474,
          -0.359464,
          0.818326,
          1.466352
        ],
        [
          -0.079686,
          -0.927997,
          -0.363967,
          1.385929
        ],
        [
          0.0,
          0.0,
          0.0,
          1.0
        ]
      ]
    },
    {
      "file_path": "/media/NFS/ttao/scannet/posed_images/scene0412_00/00300.jpg",
      "transform_matrix": [
        [
          0.917347,
          0.074772,
          -0.391003,
          3.022578
        ],
        [
          0.390612,
          -0.358531,
          0.847867,
          1.492147
        ],
        [
          -0.07679,
          -0.930519,
          -0.358104,
          1.378814
        ],
        [
          0.0,
          0.0,
          0.0,
          1.0
        ]
      ]
    },
    {
      "file_path": "/media/NFS/ttao/scannet/posed_images/scene0412_00/00310.jpg",
      "transform_matrix": [
        [
          0.924549,
          0.070665,
          -0.374453,
          3.044251
        ],
        [
          0.372003,
          -0.380368,
          0.846719,
          1.581833
        ],
        [
          -0.082596,
          -0.922132,
          -0.377957,
          1.359204
        ],
        [
          0.0,
          0.0,
          0.0,
          1.0
        ]
      ]
    },
    {
      "file_path": "/media/NFS/ttao/scannet/posed_images/scene0412_00/00315.jpg",
      "transform_matrix": [
        [
          0.92912,
          0.066387,
          -0.363771,
          3.064466
        ],
        [
          0.360261,
          -0.384276,
          0.850026,
          1.642482
        ],
        [
          -0.083358,
          -0.920828,
          -0.380955,
          1.356706
        ],
        [
          0.0,
          0.0,
          0.0,
          1.0
        ]
      ]
    },
    {
      "file_path": "/media/NFS/ttao/scannet/posed_images/scene0412_00/00326.jpg",
      "transform_matrix": [
        [
          0.942025,
          0.100111,
          -0.320261,
          3.083778
        ],
        [
          0.332681,
          -0.403066,
          0.852562,
          1.773575
        ],
        [
          -0.043735,
          -0.909679,
          -0.413003,
          1.351644
        ],
        [
          0.0,
          0.0,
          0.0,
          1.0
        ]
      ]
    },
    {
      "file_path": "/media/NFS/ttao/scannet/posed_images/scene0412_00/00331.jpg",
      "transform_matrix": [
        [
          0.945786,
          0.096151,
          -0.310233,
          3.064863
        ],
        [
          0.32234,
          -0.395008,
          0.860271,
          1.825113
        ],
        [
          -0.039828,
          -0.913632,
          -0.404586,
          1.34197
        ],
        [
          0.0,
          0.0,
          0.0,
          1.0
        ]
      ]
    },
    {
      "file_path": "/media/NFS/ttao/scannet/posed_images/scene0412_00/00343.jpg",
      "transform_matrix": [
        [
          0.967639,
          0.088268,
          -0.236396,
          2.958179
        ],
        [
          0.252281,
          -0.358362,
          0.89885,
          1.971608
        ],
        [
          -0.005375,
          -0.929401,
          -0.369034,
          1.368532
        ],
        [
          0.0,
          0.0,
          0.0,
          1.0
        ]
      ]
    },
    {
      "file_path": "/media/NFS/ttao/scannet/posed_images/scene0412_00/00345.jpg",
      "transform_matrix": [
        [
          0.970109,
          0.075269,
          -0.230702,
          2.940209
        ],
        [
          0.242046,
          -0.368275,
          0.897657,
          1.994405
        ],
        [
          -0.017397,
          -0.926665,
          -0.375486,
          1.369024
        ],
        [
          0.0,
          0.0,
          0.0,
          1.0
        ]
      ]
    },
    {
      "file_path": "/media/NFS/ttao/scannet/posed_images/scene0412_00/00357.jpg",
      "transform_matrix": [
        [
          0.976526,
          0.071026,
          -0.203354,
          2.898771
        ],
        [
          0.21527,
          -0.354791,
          0.909826,
          2.102331
        ],
        [
          -0.007527,
          -0.932244,
          -0.361752,
          1.359812
        ],
        [
          0.0,
          0.0,
          0.0,
          1.0
        ]
      ]
    },
    {
      "file_path": "/media/NFS/ttao/scannet/posed_images/scene0412_00/00367.jpg",
      "transform_matrix": [
        [
          0.971094,
          0.074008,
          -0.226934,
          2.910354
        ],
        [
          0.238221,
          -0.360522,
          0.901818,
          2.222528
        ],
        [
          -0.015073,
          -0.92981,
          -0.367731,
          1.354437
        ],
        [
          0.0,
          0.0,
          0.0,
          1.0
        ]
      ]
    },
    {
      "file_path": "/media/NFS/ttao/scannet/posed_images/scene0412_00/00374.jpg",
      "transform_matrix": [
        [
          0.955131,
          0.089632,
          -0.282296,
          2.923096
        ],
        [
          0.295721,
          -0.341857,
          0.892011,
          2.294709
        ],
        [
          -0.016552,
          -0.935468,
          -0.353025,
          1.363827
        ],
        [
          0.0,
          0.0,
          0.0,
          1.0
        ]
      ]
    },
    {
      "file_path": "/media/NFS/ttao/scannet/posed_images/scene0412_00/00376.jpg",
      "transform_matrix": [
        [
          0.950612,
          0.095054,
          -0.295469,
          2.927462
        ],
        [
          0.30996,
          -0.340372,
          0.887734,
          2.312363
        ],
        [
          -0.016187,
          -0.935474,
          -0.353024,
          1.364191
        ],
        [
          0.0,
          0.0,
          0.0,
          1.0
        ]
      ]
    },
    {
      "file_path": "/media/NFS/ttao/scannet/posed_images/scene0412_00/00385.jpg",
      "transform_matrix": [
        [
          0.958101,
          0.073746,
          -0.276774,
          2.927513
        ],
        [
          0.285248,
          -0.333399,
          0.898598,
          2.374191
        ],
        [
          -0.026008,
          -0.939897,
          -0.340466,
          1.3825
        ],
        [
          0.0,
          0.0,
          0.0,
          1.0
        ]
      ]
    },
    {
      "file_path": "/media/NFS/ttao/scannet/posed_images/scene0412_00/00393.jpg",
      "transform_matrix": [
        [
          0.981672,
          0.043824,
          -0.185471,
          2.892343
        ],
        [
          0.190053,
          -0.297275,
          0.935685,
          2.415501
        ],
        [
          -0.014131,
          -0.953786,
          -0.300156,
          1.43369
        ],
        [
          0.0,
          0.0,
          0.0,
          1.0
        ]
      ]
    },
    {
      "file_path": "/media/NFS/ttao/scannet/posed_images/scene0412_00/00400.jpg",
      "transform_matrix": [
        [
          0.994323,
          0.0005,
          -0.106407,
          2.851183
        ],
        [
          0.102571,
          -0.270634,
          0.957203,
          2.441034
        ],
        [
          -0.028319,
          -0.962682,
          -0.269149,
          1.445763
        ],
        [
          0.0,
          0.0,
          0.0,
          1.0
        ]
      ]
    },
    {
      "file_path": "/media/NFS/ttao/scannet/posed_images/scene0412_00/00414.jpg",
      "transform_matrix": [
        [
          0.990912,
          -0.038348,
          0.128929,
          2.726353
        ],
        [
          -0.134469,
          -0.25834,
          0.95665,
          2.452231
        ],
        [
          -0.003378,
          -0.965293,
          -0.261149,
          1.457786
        ],
        [
          0.0,
          0.0,
          0.0,
          1.0
        ]
      ]
    },
    {
      "file_path": "/media/NFS/ttao/scannet/posed_images/scene0412_00/00416.jpg",
      "transform_matrix": [
        [
          0.987183,
          -0.049554,
          0.151708,
          2.725087
        ],
        [
          -0.1594,
          -0.259061,
          0.952617,
          2.455261
        ],
        [
          -0.007905,
          -0.964589,
          -0.26364,
          1.461646
        ],
        [
          0.0,
          0.0,
          0.0,
          1.0
        ]
      ]
    },
    {
      "file_path": "/media/NFS/ttao/scannet/posed_images/scene0412_00/00430.jpg",
      "transform_matrix": [
        [
          0.950196,
          -0.067471,
          0.304262,
          2.724056
        ],
        [
          -0.310752,
          -0.279317,
          0.908524,
          2.468524
        ],
        [
          0.023687,
          -0.957826,
          -0.286372,
          1.425545
        ],
        [
          0.0,
          0.0,
          0.0,
          1.0
        ]
      ]
    },
    {
      "file_path": "/media/NFS/ttao/scannet/posed_images/scene0412_00/00435.jpg",
      "transform_matrix": [
        [
          0.947433,
          -0.063509,
          0.313589,
          2.740867
        ],
        [
          -0.318627,
          -0.276495,
          0.906657,
          2.467963
        ],
        [
          0.029125,
          -0.958914,
          -0.282197,
          1.427437
        ],
        [
          0.0,
          0.0,
          0.0,
          1.0
        ]
      ]
    },
    {
      "file_path": "/media/NFS/ttao/scannet/posed_images/scene0412_00/00440.jpg",
      "transform_matrix": [
        [
          0.950858,
          -0.059216,
          0.303913,
          2.757932
        ],
        [
          -0.308233,
          -0.274111,
          0.910964,
          2.464298
        ],
        [
          0.029362,
          -0.959873,
          -0.278893,
          1.430288
        ],
        [
          0.0,
          0.0,
          0.0,
          1.0
        ]
      ]
    },
    {
      "file_path": "/media/NFS/ttao/scannet/posed_images/scene0412_00/00447.jpg",
      "transform_matrix": [
        [
          0.954145,
          -0.047896,
          0.295488,
          2.774713
        ],
        [
          -0.296004,
          -0.298013,
          0.907507,
          2.460081
        ],
        [
          0.044593,
          -0.953359,
          -0.298525,
          1.420111
        ],
        [
          0.0,
          0.0,
          0.0,
          1.0
        ]
      ]
    },
    {
      "file_path": "/media/NFS/ttao/scannet/posed_images/scene0412_00/00456.jpg",
      "transform_matrix": [
        [
          0.955621,
          -0.047085,
          0.290814,
          2.777962
        ],
        [
          -0.291158,
          -0.301439,
          0.907944,
          2.449673
        ],
        [
          0.044912,
          -0.952322,
          -0.301771,
          1.402263
        ],
        [
          0.0,
          0.0,
          0.0,
          1.0
        ]
      ]
    },
    {
      "file_path": "/media/NFS/ttao/scannet/posed_images/scene0412_00/00466.jpg",
      "transform_matrix": [
        [
          0.931687,
          -0.092657,
          0.351247,
          2.821993
        ],
        [
          -0.362153,
          -0.312431,
          0.878198,
          2.469779
        ],
        [
          0.028369,
          -0.945411,
          -0.324643,
          1.383473
        ],
        [
          0.0,
          0.0,
          0.0,
          1.0
        ]
      ]
    },
    {
      "file_path": "/media/NFS/ttao/scannet/posed_images/scene0412_00/00473.jpg",
      "transform_matrix": [
        [
          0.897518,
          -0.128109,
          0.421961,
          2.869763
        ],
        [
          -0.440565,
          -0.301958,
          0.845414,
          2.492374
        ],
        [
          0.01911,
          -0.944674,
          -0.327453,
          1.377396
        ],
        [
          0.0,
          0.0,
          0.0,
          1.0
        ]
      ]
    },
    {
      "file_path": "/media/NFS/ttao/scannet/posed_images/scene0412_00/00482.jpg",
      "transform_matrix": [
        [
          0.839949,
          -0.144921,
          0.522958,
          2.877176
        ],
        [
          -0.540214,
          -0.314817,
          0.780423,
          2.555623
        ],
        [
          0.051536,
          -0.938024,
          -0.342718,
          1.360581
        ],
        [
          0.0,
          0.0,
          0.0,
          1.0
        ]
      ]
    },
    {
      "file_path": "/media/NFS/ttao/scannet/posed_images/scene0412_00/00490.jpg",
      "transform_matrix": [
        [
          0.799823,
          -0.1815,
          0.572138,
          2.822701
        ],
        [
          -0.60014,
          -0.258915,
          0.756833,
          2.642076
        ],
        [
          0.01077,
          -0.948695,
          -0.316011,
          1.37606
        ],
        [
          0.0,
          0.0,
          0.0,
          1.0
        ]
      ]
    },
    {
      "file_path": "/media/NFS/ttao/scannet/posed_images/scene0412_00/00501.jpg",
      "transform_matrix": [
        [
          0.808664,
          -0.177265,
          0.560928,
          2.771427
        ],
        [
          -0.587733,
          -0.284251,
          0.757478,
          2.755183
        ],
        [
          0.02517,
          -0.94222,
          -0.334047,
          1.362507
        ],
        [
          0.0,
          0.0,
          0.0,
          1.0
        ]
      ]
    },
    {
      "file_path": "/media/NFS/ttao/scannet/posed_images/scene0412_00/00504.jpg",
      "transform_matrix": [
        [
          0.81745,
          -0.17101,
          0.550029,
          2.783326
        ],
        [
          -0.575054,
          -0.297018,
          0.762295,
          2.791033
        ],
        [
          0.033008,
          -0.939434,
          -0.341137,
          1.357515
        ],
        [
          0.0,
          0.0,
          0.0,
          1.0
        ]
      ]
    },
    {
      "file_path": "/media/NFS/ttao/scannet/posed_images/scene0412_00/00513.jpg",
      "transform_matrix": [
        [
          0.878989,
          -0.173716,
          0.444072,
          2.861378
        ],
        [
          -0.476683,
          -0.296151,
          0.827688,
          2.902067
        ],
        [
          -0.012271,
          -0.939211,
          -0.343121,
          1.351187
        ],
        [
          0.0,
          0.0,
          0.0,
          1.0
        ]
      ]
    },
    {
      "file_path": "/media/NFS/ttao/scannet/posed_images/scene0412_00/00523.jpg",
      "transform_matrix": [
        [
          0.922574,
          -0.159028,
          0.351523,
          2.933331
        ],
        [
          -0.385658,
          -0.353556,
          0.852213,
          3.023212
        ],
        [
          -0.011243,
          -0.921797,
          -0.387511,
          1.347399
        ],
        [
          0.0,
          0.0,
          0.0,
          1.0
        ]
      ]
    },
    {
      "file_path": "/media/NFS/ttao/scannet/posed_images/scene0412_00/00532.jpg",
      "transform_matrix": [
        [
          0.900352,
          -0.151564,
          0.407914,
          2.963762
        ],
        [
          -0.434807,
          -0.351175,
          0.829228,
          3.160476
        ],
        [
          0.017568,
          -0.923961,
          -0.382083,
          1.340644
        ],
        [
          0.0,
          0.0,
          0.0,
          1.0
        ]
      ]
    },
    {
      "file_path": "/media/NFS/ttao/scannet/posed_images/scene0412_00/00534.jpg",
      "transform_matrix": [
        [
          0.899394,
          -0.143611,
          0.412876,
          2.961943
        ],
        [
          -0.43658,
          -0.342842,
          0.83178,
          3.192801
        ],
        [
          0.022098,
          -0.928351,
          -0.371047,
          1.345761
        ],
        [
          0.0,
          0.0,
          0.0,
          1.0
        ]
      ]
    },
    {
      "file_path": "/media/NFS/ttao/scannet/posed_images/scene0412_00/00549.jpg",
      "transform_matrix": [
        [
          0.811946,
          -0.216378,
          0.542148,
          2.986734
        ],
        [
          -0.582611,
          -0.357936,
          0.729689,
          3.298716
        ],
        [
          0.036166,
          -0.90833,
          -0.416689,
          1.34444
        ],
        [
          0.0,
          0.0,
          0.0,
          1.0
        ]
      ]
    },
    {
      "file_path": "/media/NFS/ttao/scannet/posed_images/scene0412_00/00553.jpg",
      "transform_matrix": [
        [
          0.795885,
          -0.216824,
          0.565292,
          2.989557
        ],
        [
          -0.604335,
          -0.341095,
          0.720023,
          3.276458
        ],
        [
          0.0367,
          -0.914681,
          -0.402506,
          1.34866
        ],
        [
          0.0,
          0.0,
          0.0,
          1.0
        ]
      ]
    },
    {
      "file_path": "/media/NFS/ttao/scannet/posed_images/scene0412_00/00561.jpg",
      "transform_matrix": [
        [
          0.781702,
          -0.242569,
          0.574545,
          2.988489
        ],
        [
          -0.623258,
          -0.336592,
          0.705873,
          3.189987
        ],
        [
          0.022164,
          -0.909872,
          -0.414298,
          1.35302
        ],
        [
          0.0,
          0.0,
          0.0,
          1.0
        ]
      ]
    },
    {
      "file_path": "/media/NFS/ttao/scannet/posed_images/scene0412_00/00570.jpg",
      "transform_matrix": [
        [
          0.700995,
          -0.282949,
          0.654634,
          2.969617
        ],
        [
          -0.712867,
          -0.304577,
          0.631706,
          3.116513
        ],
        [
          0.020646,
          -0.90949,
          -0.415212,
          1.379505
        ],
        [
          0.0,
          0.0,
          0.0,
          1.0
        ]
      ]
    },
    {
      "file_path": "/media/NFS/ttao/scannet/posed_images/scene0412_00/00575.jpg",
      "transform_matrix": [
        [
          0.632375,
          -0.328755,
          0.701443,
          2.941785
        ],
        [
          -0.774662,
          -0.267503,
          0.57301,
          3.103082
        ],
        [
          -0.000742,
          -0.905739,
          -0.423836,
          1.382285
        ],
        [
          0.0,
          0.0,
          0.0,
          1.0
        ]
      ]
    },
    {
      "file_path": "/media/NFS/ttao/scannet/posed_images/scene0412_00/00587.jpg",
      "transform_matrix": [
        [
          0.419051,
          -0.436562,
          0.796122,
          2.862125
        ],
        [
          -0.907766,
          -0.183203,
          0.377355,
          3.099703
        ],
        [
          -0.018887,
          -0.880823,
          -0.473068,
          1.369863
        ],
        [
          0.0,
          0.0,
          0.0,
          1.0
        ]
      ]
    },
    {
      "file_path": "/media/NFS/ttao/scannet/posed_images/scene0412_00/00589.jpg",
      "transform_matrix": [
        [
          0.394114,
          -0.441564,
          0.806036,
          2.85321
        ],
        [
          -0.918911,
          -0.173431,
          0.354295,
          3.090818
        ],
        [
          -0.016653,
          -0.880308,
          -0.47411,
          1.373717
        ],
        [
          0.0,
          0.0,
          0.0,
          1.0
        ]
      ]
    },
    {
      "file_path": "/media/NFS/ttao/scannet/posed_images/scene0412_00/00598.jpg",
      "transform_matrix": [
        [
          0.273458,
          -0.414662,
          0.867915,
          2.834954
        ],
        [
          -0.961754,
          -0.103042,
          0.253794,
          3.013174
        ],
        [
          -0.015807,
          -0.904123,
          -0.426981,
          1.400273
        ],
        [
          0.0,
          0.0,
          0.0,
          1.0
        ]
      ]
    },
    {
      "file_path": "/media/NFS/ttao/scannet/posed_images/scene0412_00/00610.jpg",
      "transform_matrix": [
        [
          0.074022,
          -0.441789,
          0.89406,
          2.875173
        ],
        [
          -0.99703,
          -0.013658,
          0.075799,
          2.870063
        ],
        [
          -0.021276,
          -0.897015,
          -0.441487,
