{
  "frames": [
    {
      "file_path": "/media/NFS/ttao/scannet/posed_images/scene0011_00/00002.jpg",
      "transform_matrix": [
        [
          0.600188,
          0.357296,
          -0.715622,
          5.950611
        ],
        [
          0.799089,
          -0.307102,
          0.516861,
          1.450679
        ],
        [
          -0.035096,
          -0.882059,
          -0.46983,
          1.325211
        ],
        [
          0.0,
          0.0,
          0.0,
          1.0
        ]
      ]
    },
    {
      "file_path": "/media/NFS/ttao/scannet/posed_images/scene0011_00/00007.jpg",
      "transform_matrix": [
        [
          0.586492,
          0.380183,
          -0.715184,
          6.016166
        ],
        [
          0.809684,
          -0.298032,
          0.505558,
          1.433055
        ],
        [
          -0.020943,
          -0.875579,
          -0.482622,
          1.319307
        ],
        [
          0.0,
          0.0,
          0.0,
          1.0
        ]
      ]
    },
    {
      "file_path": "/media/NFS/ttao/scannet/posed_images/scene0011_00/00014.jpg",
      "transform_matrix": [
        [
          0.573546,
          0.392717,
          -0.7189,
          6.072203
        ],
        [
          0.817538,
          -0.329829,
          0.472064,
          1.428074
        ],
        [
          -0.051726,
          -0.858479,
          -0.510233,
          1.315035
        ],
        [
          0.0,
          0.0,
          0.0,
          1.0
        ]
      ]
    },
    {
      "file_path": "/media/NFS/ttao/scannet/posed_images/scene0011_00/00028.jpg",
      "transform_matrix": [
        [
          0.542051,
          0.339775,
          -0.768592,
          6.213099
        ],
        [
          0.838199,
          -0.283935,
          0.465622,
          1.590252
        ],
        [
          -0.060024,
          -0.896624,
          -0.438706,
          1.31634
        ],
        [
          0.0,
          0.0,
          0.0,
          1.0
        ]
      ]
    },
    {
      "file_path": "/media/NFS/ttao/scannet/posed_images/scene0011_00/00031.jpg",
      "transform_matrix": [
        [
          0.525074,
          0.348255,
          -0.776541,
          6.242093
        ],
        [
          0.849034,
          -0.277219,
          0.449767,
          1.632488
        ],
        [
          -0.058638,
          -0.895471,
          -0.441241,
          1.31392
        ],
        [
          0.0,
          0.0,
          0.0,
          1.0
        ]
      ]
    },
    {
      "file_path": "/media/NFS/ttao/scannet/posed_images/scene0011_00/00043.jpg",
      "transform_matrix": [
        [
          0.537612,
          0.339163,
          -0.771972,
          6.296436
        ],
        [
          0.837129,
          -0.32429,
          0.440513,
          1.724443
        ],
        [
          -0.100937,
          -0.883065,
          -0.458265,
          1.312152
        ],
        [
          0.0,
          0.0,
          0.0,
          1.0
        ]
      ]
    },
    {
      "file_path": "/media/NFS/ttao/scannet/posed_images/scene0011_00/00050.jpg",
      "transform_matrix": [
        [
          0.511413,
          0.386699,
          -0.767411,
          6.285244
        ],
        [
          0.850928,
          -0.352496,
          0.389447,
          1.712206
        ],
        [
          -0.119911,
          -0.85218,
          -0.509324,
          1.286678
        ],
        [
          0.0,
          0.0,
          0.0,
          1.0
        ]
      ]
    },
    {
      "file_path": "/media/NFS/ttao/scannet/posed_images/scene0011_00/00059.jpg",
      "transform_matrix": [
        [
          0.415898,
          0.486507,
          -0.768336,
          6.231719
        ],
        [
          0.905379,
          -0.30098,
          0.299499,
          1.624356
        ],
        [
          -0.085545,
          -0.820196,
          -0.565651,
          1.255752
        ],
        [
          0.0,
          0.0,
          0.0,
          1.0
        ]
      ]
    },
    {
      "file_path": "/media/NFS/ttao/scannet/posed_images/scene0011_00/00062.jpg",
      "transform_matrix": [
        [
          0.379718,
          0.505884,
          -0.77453,
          6.206899
        ],
        [
          0.922786,
          -0.266334,
          0.278445,
          1.590143
        ],
        [
          -0.065422,
          -0.820456,
          -0.567955,
          1.26003
        ],
        [
          0.0,
          0.0,
          0.0,
          1.0
        ]
      ]
    },
    {
      "file_path": "/media/NFS/ttao/scannet/posed_images/scene0011_00/00069.jpg",
      "transform_matrix": [
        [
          0.312371,
          0.5303,
          -0.788167,
          6.149297
        ],
        [
          0.94961,
          -0.196843,
          0.243914,
          1.496901
        ],
        [
          -0.025798,
          -0.824642,
          -0.565066,
          1.258559
        ],
        [
          0.0,
          0.0,
          0.0,
          1.0
        ]
      ]
    },
    {
      "file_path": "/media/NFS/ttao/scannet/posed_images/scene0011_00/00083.jpg",
      "transform_matrix": [
        [
          0.291691,
          0.500026,
          -0.815408,
          6.016333
        ],
        [
          0.956456,
          -0.161726,
          0.242974,
          1.332237
        ],
        [
          -0.01038,
          -0.850775,
          -0.525427,
          1.284421
        ],
        [
          0.0,
          0.0,
          0.0,
          1.0
        ]
      ]
    },
    {
      "file_path": "/media/NFS/ttao/scannet/posed_images/scene0011_00/00085.jpg",
      "transform_matrix": [
        [
          0.295866,
          0.497354,
          -0.815538,
          6.000703
        ],
        [
          0.955209,
          -0.159654,
          0.249173,
          1.315914
        ],
        [
          -0.006277,
          -0.852731,
          -0.522313,
          1.290197
        ],
        [
          0.0,
          0.0,
          0.0,
          1.0
        ]
      ]
    },
    {
      "file_path": "/media/NFS/ttao/scannet/posed_images/scene0011_00/00100.jpg",
      "transform_matrix": [
        [
          0.296993,
          0.48028,
          -0.825304,
          5.880487
        ],
        [
          0.954813,
          -0.139169,
          0.26261,
          1.224577
        ],
        [
          0.01127,
          -0.866004,
          -0.49991,
          1.300054
        ],
        [
          0.0,
          0.0,
          0.0,
          1.0
        ]
      ]
    },
    {
      "file_path": "/media/NFS/ttao/scannet/posed_images/scene0011_00/00104.jpg",
      "transform_matrix": [
        [
          0.330995,
          0.442891,
          -0.833241,
          5.811042
        ],
        [
          0.943495,
          -0.170428,
          0.284205,
          1.199751
        ],
        [
          -0.016136,
          -0.880228,
          -0.474276,
          1.317401
        ],
        [
          0.0,
          0.0,
          0.0,
          1.0
        ]
      ]
    },
    {
      "file_path": "/media/NFS/ttao/scannet/posed_images/scene0011_00/00114.jpg",
      "transform_matrix": [
        [
          0.391486,
          0.414233,
          -0.821675,
          5.620165
        ],
        [
          0.919436,
          -0.212082,
          0.331147,
          1.091417
        ],
        [
          -0.03709,
          -0.885117,
          -0.463888,
          1.337701
        ],
        [
          0.0,
          0.0,
          0.0,
          1.0
        ]
      ]
    },
    {
      "file_path": "/media/NFS/ttao/scannet/posed_images/scene0011_00/00116.jpg",
      "transform_matrix": [
        [
          0.419722,
          0.39399,
          -0.817683,
          5.584055
        ],
        [
          0.906836,
          -0.220239,
          0.359366,
          1.070962
        ],
        [
          -0.0385,
          -0.892338,
          -0.449723,
          1.340434
        ],
        [
          0.0,
          0.0,
          0.0,
          1.0
        ]
      ]
    },
    {
      "file_path": "/media/NFS/ttao/scannet/posed_images/scene0011_00/00131.jpg",
      "transform_matrix": [
        [
          0.605713,
          0.373804,
          -0.702412,
          5.279604
        ],
        [
          0.79551,
          -0.266087,
          0.544391,
          0.881886
        ],
        [
          0.016593,
          -0.88852,
          -0.458538,
          1.317462
        ],
        [
          0.0,
          0.0,
          0.0,
          1.0
        ]
      ]
    },
    {
      "file_path": "/media/NFS/ttao/scannet/posed_images/scene0011_00/00135.jpg",
      "transform_matrix": [
        [
          0.602311,
          0.431337,
          -0.671692,
          5.221802
        ],
        [
          0.796231,
          -0.264653,
          0.544036,
          0.853122
        ],
        [
          0.056898,
          -0.862501,
          -0.502847,
          1.291966
        ],
        [
          0.0,
          0.0,
          0.0,
          1.0
        ]
      ]
    },
    {
      "file_path": "/media/NFS/ttao/scannet/posed_images/scene0011_00/00140.jpg",
      "transform_matrix": [
        [
          0.583291,
          0.498999,
          -0.640915,
          5.184192
        ],
        [
          0.806866,
          -0.265136,
          0.527893,
          0.837878
        ],
        [
          0.093488,
          -0.825047,
          -0.557277,
          1.2565
        ],
        [
          0.0,
          0.0,
          0.0,
          1.0
        ]
      ]
    },
    {
      "file_path": "/media/NFS/ttao/scannet/posed_images/scene0011_00/00154.jpg",
      "transform_matrix": [
        [
          0.452362,
          0.481116,
          -0.75093,
          5.240185
        ],
        [
          0.891749,
          -0.232325,
          0.388342,
          0.915416
        ],
        [
          0.012378,
          -0.845312,
          -0.53413,
          1.299849
        ],
        [
          0.0,
          0.0,
          0.0,
          1.0
        ]
      ]
    },
    {
      "file_path": "/media/NFS/ttao/scannet/posed_images/scene0011_00/00157.jpg",
      "transform_matrix": [
        [
          0.36873,
          0.462377,
          -0.806378,
          5.282301
        ],
        [
          0.92949,
          -0.174731,
          0.324834,
          0.936132
        ],
        [
          0.009296,
          -0.869297,
          -0.494204,
          1.31304
        ],
        [
          0.0,
          0.0,
          0.0,
          1.0
        ]
      ]
    },
    {
      "file_path": "/media/NFS/ttao/scannet/posed_images/scene0011_00/00164.jpg",
      "transform_matrix": [
        [
          0.305181,
          0.456364,
          -0.835821,
          5.339704
        ],
        [
          0.952236,
          -0.136514,
          0.27315,
          0.986475
        ],
        [
          0.010555,
          -0.879258,
          -0.476228,
          1.34064
        ],
        [
          0.0,
          0.0,
          0.0,
          1.0
        ]
      ]
    },
    {
      "file_path": "/media/NFS/ttao/scannet/posed_images/scene0011_00/00176.jpg",
      "transform_matrix": [
        [
          0.246611,
          0.425553,
          -0.870682,
          5.350753
        ],
        [
          0.968867,
          -0.128586,
          0.211573,
          1.024249
        ],
        [
          -0.021922,
          -0.895751,
          -0.444015,
          1.362355
        ],
        [
          0.0,
          0.0,
          0.0,
          1.0
        ]
      ]
    },
    {
      "file_path": "/media/NFS/ttao/scannet/posed_images/scene0011_00/00180.jpg",
      "transform_matrix": [
        [
          0.253471,
          0.413888,
          -0.874328,
          5.317578
        ],
        [
          0.967221,
          -0.122796,
          0.222273,
          1.021057
        ],
        [
          -0.015367,
          -0.902008,
          -0.431447,
          1.360469
        ],
        [
          0.0,
          0.0,
          0.0,
          1.0
        ]
      ]
    },
    {
      "file_path": "/media/NFS/ttao/scannet/posed_images/scene0011_00/00188.jpg",
      "transform_matrix": [
        [
          0.299214,
          0.384486,
          -0.873293,
          5.196232
        ],
        [
          0.954176,
          -0.124812,
          0.271975,
          0.984821
        ],
        [
          -0.004427,
          -0.914654,
          -0.404213,
          1.357522
        ],
        [
          0.0,
          0.0,
          0.0,
          1.0
        ]
      ]
    },
    {
      "file_path": "/media/NFS/ttao/scannet/posed_images/scene0011_00/00199.jpg",
      "transform_matrix": [
        [
          0.230797,
          0.336794,
          -0.912854,
          5.009336
        ],
        [
          0.97298,
          -0.086149,
          0.214215,
          0.8901
        ],
        [
          -0.006495,
          -0.937629,
          -0.347577,
          1.397681
        ],
        [
          0.0,
          0.0,
          0.0,
          1.0
        ]
      ]
    },
    {
      "file_path": "/media/NFS/ttao/scannet/posed_images/scene0011_00/00207.jpg",
      "transform_matrix": [
        [
          0.131115,
          0.334229,
          -0.933327,
          4.895764
        ],
        [
          0.990679,
          -0.079242,
          0.110795,
          0.900616
        ],
        [
          -0.036928,
          -0.939155,
          -0.341503,
          1.4453
        ],
        [
          0.0,
          0.0,
          0.0,
          1.0
        ]
      ]
    },
    {
      "file_path": "/media/NFS/ttao/scannet/posed_images/scene0011_00/00211.jpg",
      "transform_matrix": [
        [
          0.104677,
          0.29148,
          -0.950833,
          4.851434
        ],
        [
          0.99336,
          -0.076528,
          0.085899,
          0.912682
        ],
        [
          -0.047728,
          -0.953511,
          -0.297555,
          1.430861
        ],
        [
          0.0,
          0.0,
          0.0,
          1.0
        ]
      ]
    },
    {
      "file_path": "/media/NFS/ttao/scannet/posed_images/scene0011_00/00226.jpg",
      "transform_matrix": [
        [
          0.050198,
          0.228144,
          -0.972333,
          4.669807
        ],
        [
          0.998722,
          -0.017228,
          0.047518,
          1.028813
        ],
        [
          -0.00591,
          -0.973475,
          -0.228717,
          1.508467
        ],
        [
          0.0,
          0.0,
          0.0,
          1.0
        ]
      ]
    },
    {
      "file_path": "/media/NFS/ttao/scannet/posed_images/scene0011_00/00228.jpg",
      "transform_matrix": [
        [
          0.04423,
          0.210581,
          -0.976575,
          4.649147
        ],
        [
          0.998987,
          -0.017476,
          0.041476,
          1.03751
        ],
        [
          -0.008333,
          -0.97742,
          -0.211141,
          1.513034
        ],
        [
          0.0,
          0.0,
          0.0,
          1.0
        ]
      ]
    },
    {
      "file_path": "/media/NFS/ttao/scannet/posed_images/scene0011_00/00237.jpg",
      "transform_matrix": [
        [
          0.058043,
          0.155296,
          -0.986161,
          4.564957
        ],
        [
          0.998064,
          -0.031133,
          0.053841,
          1.058972
        ],
        [
          -0.022341,
          -0.987377,
          -0.156803,
          1.540027
        ],
        [
          0.0,
          0.0,
          0.0,
          1.0
        ]
      ]
    },
    {
      "file_path": "/media/NFS/ttao/scannet/posed_images/scene0011_00/00249.jpg",
      "transform_matrix": [
        [
          0.042497,
          0.112366,
          -0.992758,
          4.489103
        ],
        [
          0.996772,
          -0.072514,
          0.034461,
          1.104389
        ],
        [
          -0.068117,
          -0.991017,
          -0.115085,
          1.544004
        ],
        [
          0.0,
          0.0,
          0.0,
          1.0
        ]
      ]
    },
    {
      "file_path": "/media/NFS/ttao/scannet/posed_images/scene0011_00/00254.jpg",
      "transform_matrix": [
        [
          -0.008402,
          0.103177,
          -0.994627,
          4.485211
        ],
        [
          0.99817,
          -0.058698,
          -0.014521,
          1.147341
        ],
        [
          -0.05988,
          -0.99293,
          -0.102495,
          1.576017
        ],
        [
          0.0,
          0.0,
          0.0,
          1.0
        ]
      ]
    },
    {
      "file_path": "/media/NFS/ttao/scannet/posed_images/scene0011_00/00261.jpg",
      "transform_matrix": [
        [
          -0.028596,
          0.125961,
          -0.991623,
          4.481174
        ],
        [
          0.999343,
          -0.018509,
          -0.03117,
          1.214883
        ],
        [
          -0.02228,
          -0.991863,
          -0.125349,
          1.575107
        ],
        [
          0.0,
          0.0,
          0.0,
          1.0
        ]
      ]
    },
    {
      "file_path": "/media/NFS/ttao/scannet/posed_images/scene0011_00/00271.jpg",
      "transform_matrix": [
        [
          -0.105979,
          0.110634,
          -0.988195,
          4.493501
        ],
        [
          0.9943,
          0.000114,
          -0.106621,
          1.307708
        ],
        [
          -0.011683,
          -0.993861,
          -0.110016,
          1.593967
        ],
        [
          0.0,
          0.0,
          0.0,
          1.0
        ]
      ]
    },
    {
      "file_path": "/media/NFS/ttao/scannet/posed_images/scene0011_00/00275.jpg",
      "transform_matrix": [
        [
          -0.136488,
          0.101401,
          -0.985438,
          4.497184
        ],
        [
          0.990508,
          -0.002341,
          -0.137431,
          1.336795
        ],
        [
          -0.016242,
          -0.994843,
          -0.100119,
          1.594709
        ],
        [
          0.0,
          0.0,
          0.0,
          1.0
        ]
      ]
    },
    {
      "file_path": "/media/NFS/ttao/scannet/posed_images/scene0011_00/00287.jpg",
      "transform_matrix": [
        [
          -0.243711,
          0.087869,
          -0.965859,
          4.501374
        ],
        [
          0.968989,
          -0.019843,
          -0.246305,
          1.42897
        ],
        [
          -0.040808,
          -0.995934,
          -0.080308,
          1.607905
        ],
        [
          0.0,
          0.0,
          0.0,
          1.0
        ]
      ]
    },
    {
      "file_path": "/media/NFS/ttao/scannet/posed_images/scene0011_00/00297.jpg",
      "transform_matrix": [
        [
          -0.223544,
          0.101439,
          -0.969401,
          4.500398
        ],
        [
          0.974586,
          0.008435,
          -0.223857,
          1.453138
        ],
        [
          -0.014531,
          -0.994806,
          -0.100747,
          1.588172
        ],
        [
          0.0,
          0.0,
          0.0,
          1.0
        ]
      ]
    },
    {
      "file_path": "/media/NFS/ttao/scannet/posed_images/scene0011_00/00299.jpg",
      "transform_matrix": [
        [
          -0.226939,
          0.087584,
          -0.969963,
          4.499216
        ],
        [
          0.973621,
          -0.00382,
          -0.22814,
          1.45973
        ],
        [
          -0.023686,
          -0.99615,
          -0.084407,
          1.587573
        ],
        [
          0.0,
          0.0,
          0.0,
          1.0
        ]
      ]
    },
    {
      "file_path": "/media/NFS/ttao/scannet/posed_images/scene0011_00/00309.jpg",
      "transform_matrix": [
        [
          -0.278857,
          0.078061,
          -0.957155,
          4.502636
        ],
        [
          0.958918,
          -0.031448,
          -0.281936,
          1.459767
        ],
        [
          -0.052109,
          -0.996452,
          -0.066085,
          1.611451
        ],
        [
          0.0,
          0.0,
          0.0,
          1.0
        ]
      ]
    },
    {
      "file_path": "/media/NFS/ttao/scannet/posed_images/scene0011_00/00318.jpg",
      "transform_matrix": [
        [
          -0.309803,
          0.063044,
          -0.948708,
          4.471804
        ],
        [
          0.950181,
          -0.015487,
          -0.311313,
          1.546974
        ],
        [
          -0.034319,
          -0.99789,
          -0.055106,
          1.613208
        ],
        [
          0.0,
          0.0,
          0.0,
          1.0
        ]
      ]
    },
    {
      "file_path": "/media/NFS/ttao/scannet/posed_images/scene0011_00/00325.jpg",
      "transform_matrix": [
        [
          -0.27351,
          0.047527,
          -0.960694,
          4.466321
        ],
        [
          0.960082,
          -0.047369,
          -0.275679,
          1.563671
        ],
        [
          -0.058609,
          -0.997746,
          -0.032674,
          1.626845
        ],
        [
          0.0,
          0.0,
          0.0,
          1.0
        ]
      ]
    },
    {
      "file_path": "/media/NFS/ttao/scannet/posed_images/scene0011_00/00337.jpg",
      "transform_matrix": [
        [
          -0.237708,
          -0.029787,
          -0.97088,
          4.535271
        ],
        [
          0.970678,
          -0.044096,
          -0.236306,
          1.411121
        ],
        [
          -0.035773,
          -0.998583,
          0.039395,
          1.613915
        ],
        [
          0.0,
          0.0,
          0.0,
          1.0
        ]
      ]
    },
    {
      "file_path": "/media/NFS/ttao/scannet/posed_images/scene0011_00/00342.jpg",
      "transform_matrix": [
        [
          -0.234216,
          8e-05,
          -0.972185,
          4.584811
        ],
        [
          0.970072,
          -0.065877,
          -0.233712,
          1.312587
        ],
        [
          -0.064063,
          -0.997828,
          0.015352,
          1.560992
        ],
        [
          0.0,
          0.0,
          0.0,
          1.0
        ]
      ]
    },
    {
      "file_path": "/media/NFS/ttao/scannet/posed_images/scene0011_00/00347.jpg",
      "transform_matrix": [
        [
          -0.175953,
          0.107383,
          -0.978524,
          4.612155
        ],
        [
          0.982171,
          -0.047693,
          -0.181842,
          1.236336
        ],
        [
          -0.066195,
          -0.993073,
          -0.097077,
          1.531164
        ],
        [
          0.0,
          0.0,
          0.0,
          1.0
        ]
      ]
    },
    {
      "file_path": "/media/NFS/ttao/scannet/posed_images/scene0011_00/00356.jpg",
      "transform_matrix": [
        [
          -0.053857,
          0.192504,
          -0.979817,
          4.639098
        ],
        [
          0.997572,
          -0.033006,
          -0.061318,
          1.162853
        ],
        [
          -0.044143,
          -0.980741,
          -0.190259,
          1.510609
        ],
        [
          0.0,
          0.0,
          0.0,
          1.0
        ]
      ]
    },
    {
      "file_path": "/media/NFS/ttao/scannet/posed_images/scene0011_00/00368.jpg",
      "transform_matrix": [
        [
          -0.022619,
          0.253017,
          -0.967197,
          4.613153
        ],
        [
          0.998895,
          -0.034137,
          -0.03229,
          1.086023
        ],
        [
          -0.041187,
          -0.966859,
          -0.251966,
          1.384835
        ],
        [
          0.0,
          0.0,
          0.0,
          1.0
        ]
      ]
    },
    {
      "file_path": "/media/NFS/ttao/scannet/posed_images/scene0011_00/00375.jpg",
      "transform_matrix": [
        [
          -0.042921,
          0.286002,
          -0.957267,
          4.59469
        ],
        [
          0.998007,
          -0.032086,
          -0.054334,
          1.0462
        ],
        [
          -0.046254,
          -0.957692,
          -0.284055,
          1.275711
        ],
        [
          0.0,
          0.0,
          0.0,
          1.0
        ]
      ]
    },
    {
      "file_path": "/media/NFS/ttao/scannet/posed_images/scene0011_00/00380.jpg",
      "transform_matrix": [
        [
          -0.04215,
          0.316771,
          -0.947565,
          4.575918
        ],
        [
          0.998039,
          -0.030576,
          -0.054616,
          0.995837
        ],
        [
          -0.046274,
          -0.948009,
          -0.314861,
          1.199847
        ],
        [
          0.0,
          0.0,
          0.0,
          1.0
        ]
      ]
    },
    {
      "file_path": "/media/NFS/ttao/scannet/posed_images/scene0011_00/00392.jpg",
      "transform_matrix": [
        [
          0.042494,
          0.280809,
          -0.958822,
          4.556015
        ],
        [
          0.998566,
          -0.04322,
          0.031597,
          0.931936
        ],
        [
          -0.032568,
          -0.95879,
          -0.282243,
          1.043205
        ],
        [
          0.0,
          0.0,
          0.0,
          1.0
        ]
      ]
    },
    {
      "file_path": "/media/NFS/ttao/scannet/posed_images/scene0011_00/00396.jpg",
      "transform_matrix": [
        [
          0.036457,
          0.255884,
          -0.96602,
          4.564412
        ],
        [
          0.998354,
          -0.052151,
          0.023864,
          0.912881
        ],
        [
          -0.044273,
          -0.9653,
          -0.257364,
          0.975911
        ],
        [
          0.0,
          0.0,
          0.0,
          1.0
        ]
      ]
    },
    {
      "file_path": "/media/NFS/ttao/scannet/posed_images/scene0011_00/00406.jpg",
      "transform_matrix": [
        [
          0.021935,
          0.302903,
          -0.952769,
          4.575994
        ],
        [
          0.999733,
          -0.013612,
          0.018689,
          0.883833
        ],
        [
          -0.007308,
          -0.952924,
          -0.30312,
          0.88126
        ],
        [
          0.0,
          0.0,
          0.0,
          1.0
        ]
      ]
    },
    {
      "file_path": "/media/NFS/ttao/scannet/posed_images/scene0011_00/00411.jpg",
      "transform_matrix": [
        [
          0.012161,
          0.291661,
          -0.956444,
          4.584332
        ],
        [
          0.999847,
          -0.015591,
          0.007959,
          0.880681
        ],
        [
          -0.012591,
          -0.956395,
          -0.291806,
          0.891262
        ],
        [
          0.0,
          0.0,
          0.0,
          1.0
        ]
      ]
    },
    {
      "file_path": "/media/NFS/ttao/scannet/posed_images/scene0011_00/00420.jpg",
      "transform_matrix": [
        [
          -0.019377,
          0.29692,
          -0.954706,
          4.588515
        ],
        [
          0.999793,
          0.011629,
          -0.016676,
          0.86728
        ],
        [
          0.006151,
          -0.954832,
          -0.297084,
          0.887839
        ],
        [
          0.0,
          0.0,
          0.0,
          1.0
        ]
      ]
    },
    {
      "file_path": "/media/NFS/ttao/scannet/posed_images/scene0011_00/00425.jpg",
      "transform_matrix": [
        [
          -0.023379,
          0.318513,
          -0.94763,
          4.576259
        ],
        [
          0.999716,
          0.011785,
          -0.020703,
          0.869045
        ],
        [
          0.004574,
          -0.947845,
          -0.318699,
          0.979686
        ],
        [
          0.0,
          0.0,
          0.0,
          1.0
        ]
      ]
    },
    {
      "file_path": "/media/NFS/ttao/scannet/posed_images/scene0011_00/00434.jpg",
      "transform_matrix": [
        [
          0.042098,
          0.386904,
          -0.921159,
          4.556899
        ],
        [
          0.999099,
          -0.011378,
          0.040881,
          0.879246
        ],
        [
          0.005336,
          -0.92205,
          -0.387034,
          1.193966
        ],
        [
          0.0,
          0.0,
          0.0,
          1.0
        ]
      ]
    },
    {
      "file_path": "/media/NFS/ttao/scannet/posed_images/scene0011_00/00442.jpg",
      "transform_matrix": [
        [
          0.160958,
          0.435244,
          -0.885808,
          4.558929
        ],
        [
          0.98672,
          -0.090805,
          0.134677,
          0.953884
        ],
        [
          -0.021819,
          -0.895721,
          -0.44408,
          1.380366
        ],
        [
          0.0,
          0.0,
          0.0,
          1.0
        ]
      ]
    },
    {
      "file_path": "/media/NFS/ttao/scannet/posed_images/scene0011_00/00449.jpg",
      "transform_matrix": [
        [
          0.286601,
          0.37902,
          -0.879889,
          4.535398
        ],
        [
          0.956986,
          -0.156521,
          0.244291,
          1.008052
        ],
        [
          -0.04513,
          -0.912055,
          -0.407576,
          1.433539
        ],
        [
          0.0,
          0.0,
          0.0,
          1.0
        ]
      ]
    },
    {
      "file_path": "/media/NFS/ttao/scannet/posed_images/scene0011_00/00458.jpg",
      "transform_matrix": [
        [
          0.314241,
          0.32219,
          -0.892999,
          4.448249
        ],
        [
          0.945797,
          -0.187484,
          0.265177,
          1.028232
        ],
        [
          -0.081985,
          -0.927924,
          -0.363641,
          1.416592
        ],
        [
          0.0,
          0.0,
          0.0,
          1.0
        ]
      ]
    },
    {
      "file_path": "/media/NFS/ttao/scannet/posed_images/scene0011_00/00465.jpg",
      "transform_matrix": [
        [
          0.359264,
          0.337616,
          -0.870026,
          4.336163
        ],
        [
          0.931092,
          -0.192832,
          0.309651,
          1.049187
        ],
        [
          -0.063226,
          -0.92132,
          -0.383629,
          1.418992
        ],
        [
          0.0,
          0.0,
          0.0,
          1.0
        ]
      ]
    },
    {
      "file_path": "/media/NFS/ttao/scannet/posed_images/scene0011_00/00477.jpg",
      "transform_matrix": [
        [
          0.446564,
          0.344023,
          -0.825971,
          4.159401
        ],
        [
          0.89351,
          -0.220081,
          0.391414,
          1.078687
        ],
        [
          -0.047125,
          -0.912805,
          -0.405668,
          1.431033
        ],
        [
          0.0,
          0.0,
          0.0,
          1.0
        ]
      ]
    },
    {
      "file_path": "/media/NFS/ttao/scannet/posed_images/scene0011_00/00487.jpg",
      "transform_matrix": [
        [
          0.523704,
          0.348256,
          -0.777465,
          3.981863
        ],
        [
          0.850289,
          -0.269793,
          0.451908,
          1.043024
        ],
        [
          -0.052375,
          -0.897736,
          -0.43741,
          1.43363
        ],
        [
          0.0,
          0.0,
          0.0,
          1.0
        ]
      ]
    },
    {
      "file_path": "/media/NFS/ttao/scannet/posed_images/scene0011_00/00491.jpg",
      "transform_matrix": [
        [
          0.542929,
          0.336114,
          -0.769581,
          3.920759
        ],
        [
          0.837782,
          -0.279947,
          0.468777,
          1.043316
        ],
        [
          -0.057879,
          -0.899254,
          -0.433582,
          1.438356
        ],
        [
          0.0,
          0.0,
          0.0,
          1.0
        ]
      ]
    },
    {
      "file_path": "/media/NFS/ttao/scannet/posed_images/scene0011_00/00501.jpg",
      "transform_matrix": [
        [
          0.585935,
          0.372349,
          -0.719748,
          3.782933
        ],
        [
          0.81027,
          -0.282263,
          0.513605,
          1.092104
        ],
        [
          -0.011918,
          -0.884129,
          -0.467091,
          1.435442
        ],
        [
          0.0,
          0.0,
          0.0,
          1.0
        ]
      ]
    },
    {
      "file_path": "/media/NFS/ttao/scannet/posed_images/scene0011_00/00506.jpg",
      "transform_matrix": [
        [
          0.579769,
          0.374706,
          -0.723508,
          3.72424
        ],
        [
          0.81473,
          -0.276537,
          0.509649,
          1.133642
        ],
        [
          -0.009108,
          -0.884943,
          -0.465611,
          1.43622
        ],
        [
          0.0,
          0.0,
          0.0,
          1.0
        ]
      ]
    },
    {
      "file_path": "/media/NFS/ttao/scannet/posed_images/scene0011_00/00513.jpg",
      "transform_matrix": [
        [
          0.6119,
          0.352358,
          -0.708112,
          3.658601
        ],
        [
          0.790263,
          -0.309266,
          0.528998,
          1.2022
        ],
        [
          -0.032598,
          -0.883288,
          -0.467696,
          1.434377
        ],
        [
          0.0,
          0.0,
          0.0,
          1.0
        ]
      ]
    },
    {
      "file_path": "/media/NFS/ttao/scannet/posed_images/scene0011_00/00527.jpg",
      "transform_matrix": [
        [
          0.783573,
          0.294632,
          -0.546997,
          3.577003
        ],
        [
          0.620967,
          -0.400194,
          0.673977,
          1.222446
        ],
        [
          -0.02033,
          -0.867777,
          -0.496537,
          1.438468
        ],
        [
          0.0,
          0.0,
          0.0,
          1.0
        ]
      ]
    },
    {
      "file_path": "/media/NFS/ttao/scannet/posed_images/scene0011_00/00534.jpg",
      "transform_matrix": [
        [
          0.855565,
          0.227224,
          -0.465164,
          3.56491
        ],
        [
          0.516374,
          -0.438717,
          0.735449,
          1.142376
        ],
        [
          -0.036964,
          -0.869423,
          -0.492684,
          1.43457
        ],
        [
          0.0,
          0.0,
          0.0,
          1.0
        ]
      ]
    },
    {
      "file_path": "/media/NFS/ttao/scannet/posed_images/scene0011_00/00537.jpg",
      "transform_matrix": [
        [
          0.874585,
          0.217689,
          -0.433259,
          3.558598
        ],
        [
          0.483838,
          -0.450167,
          0.7505,
          1.112764
        ],
        [
          -0.031663,
          -0.866003,
          -0.499035,
          1.432994
        ],
        [
          0.0,
          0.0,
          0.0,
          1.0
        ]
      ]
    },
    {
      "file_path": "/media/NFS/ttao/scannet/posed_images/scene0011_00/00546.jpg",
      "transform_matrix": [
        [
          0.883419,
          0.236842,
          -0.404322,
          3.575997
        ],
        [
          0.468559,
          -0.455378,
          0.757023,
          1.043096
        ],
        [
          -0.004824,
          -0.858217,
          -0.513264,
          1.407021
        ],
        [
          0.0,
          0.0,
          0.0,
          1.0
        ]
      ]
    },
    {
      "file_path": "/media/NFS/ttao/scannet/posed_images/scene0011_00/00558.jpg",
      "transform_matrix": [
        [
          0.886287,
          0.206372,
          -0.414615,
          3.755293
        ],
        [
          0.462555,
          -0.439265,
          0.770123,
          1.026955
        ],
        [
          -0.023194,
          -0.874332,
          -0.484774,
          1.424109
        ],
        [
          0.0,
          0.0,
          0.0,
          1.0
        ]
      ]
    },
    {
      "file_path": "/media/NFS/ttao/scannet/posed_images/scene0011_00/00565.jpg",
      "transform_matrix": [
        [
          0.855527,
          0.230914,
          -0.463413,
          3.896479
        ],
        [
          0.517299,
          -0.418858,
          0.746297,
          1.00536
        ],
        [
          -0.021773,
          -0.878201,
          -0.477796,
          1.399559
        ],
        [
          0.0,
          0.0,
          0.0,
          1.0
        ]
      ]
    },
    {
      "file_path": "/media/NFS/ttao/scannet/posed_images/scene0011_00/00572.jpg",
      "transform_matrix": [
        [
          0.804501,
          0.274484,
          -0.526723,
          3.981367
        ],
        [
          0.59222,
          -0.438362,
          0.676102,
          0.966621
        ],
        [
          -0.045316,
          -0.85586,
          -0.515218,
          1.409623
        ],
        [
          0.0,
          0.0,
          0.0,
          1.0
        ]
      ]
    },
    {
      "file_path": "/media/NFS/ttao/scannet/posed_images/scene0011_00/00579.jpg",
      "transform_matrix": [
        [
          0.773131,
          0.296839,
          -0.560495,
          4.04666
        ],
        [
          0.631724,
          -0.439124,
          0.638822,
          0.914684
        ],
        [
          -0.056499,
          -0.847972,
          -0.527021,
          1.407626
        ],
        [
          0.0,
          0.0,
          0.0,
          1.0
        ]
      ]
    },
    {
      "file_path": "/media/NFS/ttao/scannet/posed_images/scene0011_00/00584.jpg",
      "transform_matrix": [
        [
          0.781468,
          0.292945,
          -0.550901,
          4.111715
        ],
        [
          0.622201,
          -0.431867,
          0.652961,
          0.874413
        ],
        [
          -0.046634,
          -0.853038,
          -0.51976,
          1.391557
        ],
        [
          0.0,
          0.0,
          0.0,
          1.0
        ]
      ]
    },
    {
      "file_path": "/media/NFS/ttao/scannet/posed_images/scene0011_00/00596.jpg",
      "transform_matrix": [
        [
          0.782699,
          0.278564,
          -0.556583,
          4.29107
        ],
        [
          0.620007,
          -0.427318,
          0.65802,
          0.868524
        ],
        [
          -0.054537,
          -0.860117,
          -0.507173,
          1.421081
        ],
        [
          0.0,
          0.0,
          0.0,
          1.0
        ]
      ]
    },
    {
      "file_path": "/media/NFS/ttao/scannet/posed_images/scene0011_00/00601.jpg",
      "transform_matrix": [
        [
          0.733343,
          0.288089,
          -0.615803,
          4.369914
        ],
        [
          0.677759,
          -0.380939,
          0.628911,
          0.878709
        ],
        [
          -0.0534,
          -0.878573,
          -0.474614,
          1.417294
        ],
        [
          0.0,
          0.0,
          0.0,
          1.0
        ]
      ]
    },
    {
      "file_path": "/media/NFS/ttao/scannet/posed_images/scene0011_00/00612.jpg",
      "transform_matrix": [
        [
          0.570524,
          0.388634,
          -0.72351,
          4.566286
        ],
        [
          0.821281,
          -0.269624,
          0.502792,
          0.950257
        ],
        [
          0.000327,
          -0.88106,
          -0.473004,
          1.418289
