{
  "frames": [
    {
      "file_path": "/media/NFS/ttao/scannet/posed_images/scene0651_00/00000.jpg",
      "transform_matrix": [
        [
          0.876068,
          -0.19594,
          0.440583,
          1.300255
        ],
        [
          -0.48215,
          -0.344444,
          0.805537,
          3.343966
        ],
        [
          -0.006081,
          -0.918132,
          -0.396229,
          1.420792
        ],
        [
          0.0,
          0.0,
          0.0,
          1.0
        ]
      ]
    },
    {
      "file_path": "/media/NFS/ttao/scannet/posed_images/scene0651_00/00003.jpg",
      "transform_matrix": [
        [
          0.867869,
          -0.19006,
          0.459,
          1.294698
        ],
        [
          -0.49679,
          -0.335537,
          0.800384,
          3.346105
        ],
        [
          0.00189,
          -0.922655,
          -0.385622,
          1.426505
        ],
        [
          0.0,
          0.0,
          0.0,
          1.0
        ]
      ]
    },
    {
      "file_path": "/media/NFS/ttao/scannet/posed_images/scene0651_00/00006.jpg",
      "transform_matrix": [
        [
          0.865896,
          -0.179492,
          0.466912,
          1.290685
        ],
        [
          -0.500083,
          -0.332768,
          0.799489,
          3.34887
        ],
        [
          0.011872,
          -0.925769,
          -0.377903,
          1.433296
        ],
        [
          0.0,
          0.0,
          0.0,
          1.0
        ]
      ]
    },
    {
      "file_path": "/media/NFS/ttao/scannet/posed_images/scene0651_00/00011.jpg",
      "transform_matrix": [
        [
          0.856442,
          -0.161764,
          0.490245,
          1.286633
        ],
        [
          -0.515821,
          -0.306547,
          0.799973,
          3.349901
        ],
        [
          0.020876,
          -0.938009,
          -0.345981,
          1.455129
        ],
        [
          0.0,
          0.0,
          0.0,
          1.0
        ]
      ]
    },
    {
      "file_path": "/media/NFS/ttao/scannet/posed_images/scene0651_00/00015.jpg",
      "transform_matrix": [
        [
          0.841918,
          -0.143388,
          0.520206,
          1.292258
        ],
        [
          -0.539129,
          -0.264052,
          0.79976,
          3.345999
        ],
        [
          0.022685,
          -0.95379,
          -0.299615,
          1.486486
        ],
        [
          0.0,
          0.0,
          0.0,
          1.0
        ]
      ]
    },
    {
      "file_path": "/media/NFS/ttao/scannet/posed_images/scene0651_00/00018.jpg",
      "transform_matrix": [
        [
          0.835344,
          -0.131353,
          0.533804,
          1.296647
        ],
        [
          -0.549492,
          -0.227925,
          0.803809,
          3.340353
        ],
        [
          0.016084,
          -0.964778,
          -0.262573,
          1.506397
        ],
        [
          0.0,
          0.0,
          0.0,
          1.0
        ]
      ]
    },
    {
      "file_path": "/media/NFS/ttao/scannet/posed_images/scene0651_00/00020.jpg",
      "transform_matrix": [
        [
          0.831863,
          -0.115433,
          0.542843,
          1.298117
        ],
        [
          -0.554593,
          -0.209433,
          0.805335,
          3.334413
        ],
        [
          0.020727,
          -0.970986,
          -0.238238,
          1.517185
        ],
        [
          0.0,
          0.0,
          0.0,
          1.0
        ]
      ]
    },
    {
      "file_path": "/media/NFS/ttao/scannet/posed_images/scene0651_00/00024.jpg",
      "transform_matrix": [
        [
          0.826321,
          -0.105877,
          0.553157,
          1.299929
        ],
        [
          -0.563127,
          -0.170967,
          0.808491,
          3.327277
        ],
        [
          0.008971,
          -0.979571,
          -0.200896,
          1.534199
        ],
        [
          0.0,
          0.0,
          0.0,
          1.0
        ]
      ]
    },
    {
      "file_path": "/media/NFS/ttao/scannet/posed_images/scene0651_00/00029.jpg",
      "transform_matrix": [
        [
          0.826098,
          -0.096651,
          0.555176,
          1.303865
        ],
        [
          -0.563509,
          -0.133876,
          0.81519,
          3.314602
        ],
        [
          -0.004464,
          -0.986273,
          -0.165059,
          1.557707
        ],
        [
          0.0,
          0.0,
          0.0,
          1.0
        ]
      ]
    },
    {
      "file_path": "/media/NFS/ttao/scannet/posed_images/scene0651_00/00030.jpg",
      "transform_matrix": [
        [
          0.824001,
          -0.088714,
          0.559599,
          1.303421
        ],
        [
          -0.566586,
          -0.126844,
          0.814181,
          3.312359
        ],
        [
          -0.001248,
          -0.987947,
          -0.154784,
          1.562044
        ],
        [
          0.0,
          0.0,
          0.0,
          1.0
        ]
      ]
    },
    {
      "file_path": "/media/NFS/ttao/scannet/posed_images/scene0651_00/00034.jpg",
      "transform_matrix": [
        [
          0.813511,
          -0.079103,
          0.576144,
          1.30952
        ],
        [
          -0.58152,
          -0.100788,
          0.807264,
          3.302503
        ],
        [
          -0.005789,
          -0.991758,
          -0.127992,
          1.577771
        ],
        [
          0.0,
          0.0,
          0.0,
          1.0
        ]
      ]
    },
    {
      "file_path": "/media/NFS/ttao/scannet/posed_images/scene0651_00/00037.jpg",
      "transform_matrix": [
        [
          0.807553,
          -0.077873,
          0.584632,
          1.315495
        ],
        [
          -0.589663,
          -0.08557,
          0.803103,
          3.296439
        ],
        [
          -0.012513,
          -0.993284,
          -0.115021,
          1.587751
        ],
        [
          0.0,
          0.0,
          0.0,
          1.0
        ]
      ]
    },
    {
      "file_path": "/media/NFS/ttao/scannet/posed_images/scene0651_00/00043.jpg",
      "transform_matrix": [
        [
          0.807193,
          -0.052052,
          0.587988,
          1.321574
        ],
        [
          -0.5901,
          -0.046073,
          0.806014,
          3.281926
        ],
        [
          -0.014865,
          -0.997581,
          -0.067906,
          1.608116
        ],
        [
          0.0,
          0.0,
          0.0,
          1.0
        ]
      ]
    },
    {
      "file_path": "/media/NFS/ttao/scannet/posed_images/scene0651_00/00045.jpg",
      "transform_matrix": [
        [
          0.811445,
          -0.042247,
          0.5829,
          1.319745
        ],
        [
          -0.584154,
          -0.028062,
          0.811157,
          3.277762
        ],
        [
          -0.017911,
          -0.998713,
          -0.04745,
          1.617358
        ],
        [
          0.0,
          0.0,
          0.0,
          1.0
        ]
      ]
    },
    {
      "file_path": "/media/NFS/ttao/scannet/posed_images/scene0651_00/00050.jpg",
      "transform_matrix": [
        [
          0.824704,
          -0.017565,
          0.565292,
          1.320628
        ],
        [
          -0.56505,
          0.017077,
          0.82488,
          3.26057
        ],
        [
          -0.024142,
          -0.9997,
          0.004159,
          1.646092
        ],
        [
          0.0,
          0.0,
          0.0,
          1.0
        ]
      ]
    },
    {
      "file_path": "/media/NFS/ttao/scannet/posed_images/scene0651_00/00051.jpg",
      "transform_matrix": [
        [
          0.824878,
          -0.014282,
          0.565131,
          1.320702
        ],
        [
          -0.564644,
          0.027755,
          0.824868,
          3.256713
        ],
        [
          -0.027466,
          -0.999513,
          0.014831,
          1.657054
        ],
        [
          0.0,
          0.0,
          0.0,
          1.0
        ]
      ]
    },
    {
      "file_path": "/media/NFS/ttao/scannet/posed_images/scene0651_00/00057.jpg",
      "transform_matrix": [
        [
          0.820102,
          0.003328,
          0.572207,
          1.32045
        ],
        [
          -0.570721,
          0.077017,
          0.817524,
          3.236311
        ],
        [
          -0.041349,
          -0.997024,
          0.065061,
          1.676718
        ],
        [
          0.0,
          0.0,
          0.0,
          1.0
        ]
      ]
    },
    {
      "file_path": "/media/NFS/ttao/scannet/posed_images/scene0651_00/00058.jpg",
      "transform_matrix": [
        [
          0.820217,
          0.003205,
          0.572043,
          1.320535
        ],
        [
          -0.570435,
          0.079703,
          0.817466,
          3.233805
        ],
        [
          -0.042974,
          -0.996813,
          0.067202,
          1.676728
        ],
        [
          0.0,
          0.0,
          0.0,
          1.0
        ]
      ]
    },
    {
      "file_path": "/media/NFS/ttao/scannet/posed_images/scene0651_00/00062.jpg",
      "transform_matrix": [
        [
          0.821301,
          -0.013425,
          0.570337,
          1.326893
        ],
        [
          -0.568331,
          0.067736,
          0.820007,
          3.228175
        ],
        [
          -0.049641,
          -0.997613,
          0.048002,
          1.662437
        ],
        [
          0.0,
          0.0,
          0.0,
          1.0
        ]
      ]
    },
    {
      "file_path": "/media/NFS/ttao/scannet/posed_images/scene0651_00/00065.jpg",
      "transform_matrix": [
        [
          0.820681,
          -0.036899,
          0.570194,
          1.329484
        ],
        [
          -0.56905,
          0.037394,
          0.821453,
          3.233843
        ],
        [
          -0.051633,
          -0.998619,
          0.009691,
          1.640727
        ],
        [
          0.0,
          0.0,
          0.0,
          1.0
        ]
      ]
    },
    {
      "file_path": "/media/NFS/ttao/scannet/posed_images/scene0651_00/00069.jpg",
      "transform_matrix": [
        [
          0.813214,
          -0.081679,
          0.576204,
          1.332536
        ],
        [
          -0.579111,
          -0.015658,
          0.815098,
          3.245985
        ],
        [
          -0.057554,
          -0.996536,
          -0.060034,
          1.611337
        ],
        [
          0.0,
          0.0,
          0.0,
          1.0
        ]
      ]
    },
    {
      "file_path": "/media/NFS/ttao/scannet/posed_images/scene0651_00/00075.jpg",
      "transform_matrix": [
        [
          0.80198,
          -0.168449,
          0.573108,
          1.321742
        ],
        [
          -0.591205,
          -0.086558,
          0.801863,
          3.264717
        ],
        [
          -0.085466,
          -0.981903,
          -0.169006,
          1.537902
        ],
        [
          0.0,
          0.0,
          0.0,
          1.0
        ]
      ]
    },
    {
      "file_path": "/media/NFS/ttao/scannet/posed_images/scene0651_00/00076.jpg",
      "transform_matrix": [
        [
          0.801574,
          -0.171831,
          0.572672,
          1.318451
        ],
        [
          -0.592436,
          -0.099121,
          0.799497,
          3.267545
        ],
        [
          -0.080614,
          -0.980127,
          -0.181252,
          1.529201
        ],
        [
          0.0,
          0.0,
          0.0,
          1.0
        ]
      ]
    },
    {
      "file_path": "/media/NFS/ttao/scannet/posed_images/scene0651_00/00081.jpg",
      "transform_matrix": [
        [
          0.787944,
          -0.207219,
          0.579831,
          1.301659
        ],
        [
          -0.611717,
          -0.155883,
          0.775566,
          3.286057
        ],
        [
          -0.070326,
          -0.965795,
          -0.249587,
          1.49069
        ],
        [
          0.0,
          0.0,
          0.0,
          1.0
        ]
      ]
    },
    {
      "file_path": "/media/NFS/ttao/scannet/posed_images/scene0651_00/00083.jpg",
      "transform_matrix": [
        [
          0.788931,
          -0.221211,
          0.573283,
          1.294634
        ],
        [
          -0.610972,
          -0.18281,
          0.770256,
          3.294338
        ],
        [
          -0.065587,
          -0.957939,
          -0.279378,
          1.477809
        ],
        [
          0.0,
          0.0,
          0.0,
          1.0
        ]
      ]
    },
    {
      "file_path": "/media/NFS/ttao/scannet/posed_images/scene0651_00/00086.jpg",
      "transform_matrix": [
        [
          0.791797,
          -0.237733,
          0.562619,
          1.281935
        ],
        [
          -0.607868,
          -0.216813,
          0.763864,
          3.306488
        ],
        [
          -0.059613,
          -0.946824,
          -0.316182,
          1.459125
        ],
        [
          0.0,
          0.0,
          0.0,
          1.0
        ]
      ]
    },
    {
      "file_path": "/media/NFS/ttao/scannet/posed_images/scene0651_00/00089.jpg",
      "transform_matrix": [
        [
          0.792307,
          -0.247749,
          0.557558,
          1.270644
        ],
        [
          -0.608715,
          -0.258928,
          0.749949,
          3.318315
        ],
        [
          -0.041432,
          -0.933583,
          -0.355959,
          1.438437
        ],
        [
          0.0,
          0.0,
          0.0,
          1.0
        ]
      ]
    },
    {
      "file_path": "/media/NFS/ttao/scannet/posed_images/scene0651_00/00095.jpg",
      "transform_matrix": [
        [
          0.792496,
          -0.278725,
          0.542459,
          1.260063
        ],
        [
          -0.609537,
          -0.332315,
          0.719744,
          3.327072
        ],
        [
          -0.020344,
          -0.901043,
          -0.433252,
          1.399297
        ],
        [
          0.0,
          0.0,
          0.0,
          1.0
        ]
      ]
    },
    {
      "file_path": "/media/NFS/ttao/scannet/posed_images/scene0651_00/00097.jpg",
      "transform_matrix": [
        [
          0.795588,
          -0.27682,
          0.538897,
          1.258777
        ],
        [
          -0.605762,
          -0.349402,
          0.714822,
          3.324867
        ],
        [
          -0.009586,
          -0.895147,
          -0.445668,
          1.383836
        ],
        [
          0.0,
          0.0,
          0.0,
          1.0
        ]
      ]
    },
    {
      "file_path": "/media/NFS/ttao/scannet/posed_images/scene0651_00/00100.jpg",
      "transform_matrix": [
        [
          0.802481,
          -0.270583,
          0.531798,
          1.261368
        ],
        [
          -0.596649,
          -0.372571,
          0.710774,
          3.318843
        ],
        [
          0.005809,
          -0.88768,
          -0.460425,
          1.367284
        ],
        [
          0.0,
          0.0,
          0.0,
          1.0
        ]
      ]
    },
    {
      "file_path": "/media/NFS/ttao/scannet/posed_images/scene0651_00/00104.jpg",
      "transform_matrix": [
        [
          0.803129,
          -0.245824,
          0.542728,
          1.264994
        ],
        [
          -0.59509,
          -0.375558,
          0.71051,
          3.311593
        ],
        [
          0.029165,
          -0.893603,
          -0.447909,
          1.36036
        ],
        [
          0.0,
          0.0,
          0.0,
          1.0
        ]
      ]
    },
    {
      "file_path": "/media/NFS/ttao/scannet/posed_images/scene0651_00/00108.jpg",
      "transform_matrix": [
        [
          0.807008,
          -0.241943,
          0.538704,
          1.268967
        ],
        [
          -0.590051,
          -0.367517,
          0.718868,
          3.304355
        ],
        [
          0.024058,
          -0.897995,
          -0.439348,
          1.359807
        ],
        [
          0.0,
          0.0,
          0.0,
          1.0
        ]
      ]
    },
    {
      "file_path": "/media/NFS/ttao/scannet/posed_images/scene0651_00/00112.jpg",
      "transform_matrix": [
        [
          0.816716,
          -0.256966,
          0.516667,
          1.273355
        ],
        [
          -0.576854,
          -0.386316,
          0.719722,
          3.297491
        ],
        [
          0.014653,
          -0.885849,
          -0.463742,
          1.356405
        ],
        [
          0.0,
          0.0,
          0.0,
          1.0
        ]
      ]
    },
    {
      "file_path": "/media/NFS/ttao/scannet/posed_images/scene0651_00/00113.jpg",
      "transform_matrix": [
        [
          0.819587,
          -0.257822,
          0.511669,
          1.274541
        ],
        [
          -0.57277,
          -0.391392,
          0.720241,
          3.296488
        ],
        [
          0.014569,
          -0.883369,
          -0.468452,
          1.356959
        ],
        [
          0.0,
          0.0,
          0.0,
          1.0
        ]
      ]
    },
    {
      "file_path": "/media/NFS/ttao/scannet/posed_images/scene0651_00/00117.jpg",
      "transform_matrix": [
        [
          0.82726,
          -0.264092,
          0.495879,
          1.279979
        ],
        [
          -0.561596,
          -0.413593,
          0.716624,
          3.287336
        ],
        [
          0.015837,
          -0.871318,
          -0.490462,
          1.346118
        ],
        [
          0.0,
          0.0,
          0.0,
          1.0
        ]
      ]
    },
    {
      "file_path": "/media/NFS/ttao/scannet/posed_images/scene0651_00/00122.jpg",
      "transform_matrix": [
        [
          0.815311,
          -0.304718,
          0.492357,
          1.302361
        ],
        [
          -0.579022,
          -0.427546,
          0.694218,
          3.270981
        ],
        [
          -0.001035,
          -0.851089,
          -0.525021,
          1.333331
        ],
        [
          0.0,
          0.0,
          0.0,
          1.0
        ]
      ]
    },
    {
      "file_path": "/media/NFS/ttao/scannet/posed_images/scene0651_00/00125.jpg",
      "transform_matrix": [
        [
          0.804454,
          -0.327555,
          0.495542,
          1.321975
        ],
        [
          -0.593801,
          -0.421035,
          0.685661,
          3.256573
        ],
        [
          -0.015951,
          -0.845836,
          -0.533205,
          1.331772
        ],
        [
          0.0,
          0.0,
          0.0,
          1.0
        ]
      ]
    },
    {
      "file_path": "/media/NFS/ttao/scannet/posed_images/scene0651_00/00128.jpg",
      "transform_matrix": [
        [
          0.794567,
          -0.345504,
          0.49929,
          1.355958
        ],
        [
          -0.60615,
          -0.403592,
          0.685343,
          3.229977
        ],
        [
          -0.035279,
          -0.847196,
          -0.530108,
          1.33402
        ],
        [
          0.0,
          0.0,
          0.0,
          1.0
        ]
      ]
    },
    {
      "file_path": "/media/NFS/ttao/scannet/posed_images/scene0651_00/00131.jpg",
      "transform_matrix": [
        [
          0.792655,
          -0.347166,
          0.501172,
          1.382223
        ],
        [
          -0.608205,
          -0.393323,
          0.689481,
          3.211206
        ],
        [
          -0.042242,
          -0.851336,
          -0.522918,
          1.336526
        ],
        [
          0.0,
          0.0,
          0.0,
          1.0
        ]
      ]
    },
    {
      "file_path": "/media/NFS/ttao/scannet/posed_images/scene0651_00/00134.jpg",
      "transform_matrix": [
        [
          0.796267,
          -0.341331,
          0.499451,
          1.411066
        ],
        [
          -0.603289,
          -0.387006,
          0.69733,
          3.192113
        ],
        [
          -0.04473,
          -0.856574,
          -0.514081,
          1.347609
        ],
        [
          0.0,
          0.0,
          0.0,
          1.0
        ]
      ]
    },
    {
      "file_path": "/media/NFS/ttao/scannet/posed_images/scene0651_00/00139.jpg",
      "transform_matrix": [
        [
          0.802462,
          -0.331403,
          0.496213,
          1.460057
        ],
        [
          -0.594489,
          -0.372455,
          0.712643,
          3.155697
        ],
        [
          -0.051355,
          -0.866862,
          -0.495897,
          1.364817
        ],
        [
          0.0,
          0.0,
          0.0,
          1.0
        ]
      ]
    },
    {
      "file_path": "/media/NFS/ttao/scannet/posed_images/scene0651_00/00141.jpg",
      "transform_matrix": [
        [
          0.803626,
          -0.327964,
          0.496614,
          1.471995
        ],
        [
          -0.592573,
          -0.363608,
          0.718781,
          3.145951
        ],
        [
          -0.055161,
          -0.871911,
          -0.486548,
          1.372764
        ],
        [
          0.0,
          0.0,
          0.0,
          1.0
        ]
      ]
    },
    {
      "file_path": "/media/NFS/ttao/scannet/posed_images/scene0651_00/00147.jpg",
      "transform_matrix": [
        [
          0.800722,
          -0.312373,
          0.511143,
          1.524082
        ],
        [
          -0.595589,
          -0.323742,
          0.735163,
          3.112702
        ],
        [
          -0.064167,
          -0.893092,
          -0.445273,
          1.398485
        ],
        [
          0.0,
          0.0,
          0.0,
          1.0
        ]
      ]
    },
    {
      "file_path": "/media/NFS/ttao/scannet/posed_images/scene0651_00/00149.jpg",
      "transform_matrix": [
        [
          0.802768,
          -0.303194,
          0.513455,
          1.539294
        ],
        [
          -0.59222,
          -0.304953,
          0.745841,
          3.103785
        ],
        [
          -0.069555,
          -0.902816,
          -0.424365,
          1.409278
        ],
        [
          0.0,
          0.0,
          0.0,
          1.0
        ]
      ]
    },
    {
      "file_path": "/media/NFS/ttao/scannet/posed_images/scene0651_00/00152.jpg",
      "transform_matrix": [
        [
          0.805201,
          -0.277764,
          0.523925,
          1.546784
        ],
        [
          -0.58912,
          -0.273768,
          0.760256,
          3.103467
        ],
        [
          -0.067738,
          -0.920814,
          -0.384075,
          1.436583
        ],
        [
          0.0,
          0.0,
          0.0,
          1.0
        ]
      ]
    },
    {
      "file_path": "/media/NFS/ttao/scannet/posed_images/scene0651_00/00155.jpg",
      "transform_matrix": [
        [
          0.81391,
          -0.243666,
          0.527425,
          1.55722
        ],
        [
          -0.577512,
          -0.240114,
          0.780273,
          3.098824
        ],
        [
          -0.063484,
          -0.939666,
          -0.336151,
          1.46282
        ],
        [
          0.0,
          0.0,
          0.0,
          1.0
        ]
      ]
    },
    {
      "file_path": "/media/NFS/ttao/scannet/posed_images/scene0651_00/00161.jpg",
      "transform_matrix": [
        [
          0.827906,
          -0.182178,
          0.530456,
          1.555285
        ],
        [
          -0.560183,
          -0.221899,
          0.798095,
          3.113515
        ],
        [
          -0.027688,
          -0.9579,
          -0.285765,
          1.51735
        ],
        [
          0.0,
          0.0,
          0.0,
          1.0
        ]
      ]
    },
    {
      "file_path": "/media/NFS/ttao/scannet/posed_images/scene0651_00/00162.jpg",
      "transform_matrix": [
        [
          0.829296,
          -0.17421,
          0.53096,
          1.554795
        ],
        [
          -0.558311,
          -0.218182,
          0.800428,
          3.115625
        ],
        [
          -0.023597,
          -0.960233,
          -0.278201,
          1.523081
        ],
        [
          0.0,
          0.0,
          0.0,
          1.0
        ]
      ]
    },
    {
      "file_path": "/media/NFS/ttao/scannet/posed_images/scene0651_00/00168.jpg",
      "transform_matrix": [
        [
          0.835648,
          -0.135926,
          0.53218,
          1.553002
        ],
        [
          -0.549223,
          -0.19484,
          0.812645,
          3.121678
        ],
        [
          -0.00677,
          -0.971371,
          -0.237472,
          1.549078
        ],
        [
          0.0,
          0.0,
          0.0,
          1.0
        ]
      ]
    },
    {
      "file_path": "/media/NFS/ttao/scannet/posed_images/scene0651_00/00170.jpg",
      "transform_matrix": [
        [
          0.834183,
          -0.115477,
          0.539262,
          1.547508
        ],
        [
          -0.55141,
          -0.191101,
          0.812051,
          3.123209
        ],
        [
          0.00928,
          -0.974754,
          -0.223089,
          1.553095
        ],
        [
          0.0,
          0.0,
          0.0,
          1.0
        ]
      ]
    },
    {
      "file_path": "/media/NFS/ttao/scannet/posed_images/scene0651_00/00174.jpg",
      "transform_matrix": [
        [
          0.831497,
          -0.108158,
          0.544898,
          1.538664
        ],
        [
          -0.555495,
          -0.172707,
          0.813386,
          3.130038
        ],
        [
          0.006133,
          -0.979017,
          -0.203686,
          1.558887
        ],
        [
          0.0,
          0.0,
          0.0,
          1.0
        ]
      ]
    },
    {
      "file_path": "/media/NFS/ttao/scannet/posed_images/scene0651_00/00177.jpg",
      "transform_matrix": [
        [
          0.819474,
          -0.11064,
          0.562335,
          1.522349
        ],
        [
          -0.573104,
          -0.164682,
          0.802765,
          3.144286
        ],
        [
          0.003788,
          -0.980121,
          -0.198361,
          1.55766
        ],
        [
          0.0,
          0.0,
          0.0,
          1.0
        ]
      ]
    },
    {
      "file_path": "/media/NFS/ttao/scannet/posed_images/scene0651_00/00180.jpg",
      "transform_matrix": [
        [
          0.803846,
          -0.124274,
          0.581711,
          1.498288
        ],
        [
          -0.594773,
          -0.153493,
          0.789104,
          3.1664
        ],
        [
          -0.008776,
          -0.980304,
          -0.1973,
          1.549656
        ],
        [
          0.0,
          0.0,
          0.0,
          1.0
        ]
      ]
    },
    {
      "file_path": "/media/NFS/ttao/scannet/posed_images/scene0651_00/00183.jpg",
      "transform_matrix": [
        [
          0.794247,
          -0.118635,
          0.595901,
          1.463899
        ],
        [
          -0.607544,
          -0.142324,
          0.781431,
          3.193707
        ],
        [
          -0.007894,
          -0.982685,
          -0.185117,
          1.540281
        ],
        [
          0.0,
          0.0,
          0.0,
          1.0
        ]
      ]
    },
    {
      "file_path": "/media/NFS/ttao/scannet/posed_images/scene0651_00/00189.jpg",
      "transform_matrix": [
        [
          0.790488,
          -0.09253,
          0.605448,
          1.375387
        ],
        [
          -0.612356,
          -0.139096,
          0.778249,
          3.259015
        ],
        [
          0.012204,
          -0.985947,
          -0.166615,
          1.529942
        ],
        [
          0.0,
          0.0,
          0.0,
          1.0
        ]
      ]
    },
    {
      "file_path": "/media/NFS/ttao/scannet/posed_images/scene0651_00/00192.jpg",
      "transform_matrix": [
        [
          0.794511,
          -0.082499,
          0.601619,
          1.33401
        ],
        [
          -0.606916,
          -0.140688,
          0.782215,
          3.29009
        ],
        [
          0.020108,
          -0.986611,
          -0.161848,
          1.525476
        ],
        [
          0.0,
          0.0,
          0.0,
          1.0
        ]
      ]
    },
    {
      "file_path": "/media/NFS/ttao/scannet/posed_images/scene0651_00/00195.jpg",
      "transform_matrix": [
        [
          0.807972,
          -0.064965,
          0.585628,
          1.297345
        ],
        [
          -0.588933,
          -0.120102,
          0.799208,
          3.31328
        ],
        [
          0.018414,
          -0.990634,
          -0.135299,
          1.540366
        ],
        [
          0.0,
          0.0,
          0.0,
          1.0
        ]
      ]
    },
    {
      "file_path": "/media/NFS/ttao/scannet/posed_images/scene0651_00/00196.jpg",
      "transform_matrix": [
        [
          0.810851,
          -0.059662,
          0.582204,
          1.286756
        ],
        [
          -0.585013,
          -0.111121,
          0.803375,
          3.319217
        ],
        [
          0.016764,
          -0.992014,
          -0.125005,
          1.544551
        ],
        [
          0.0,
          0.0,
          0.0,
          1.0
        ]
      ]
    },
    {
      "file_path": "/media/NFS/ttao/scannet/posed_images/scene0651_00/00200.jpg",
      "transform_matrix": [
        [
          0.829035,
          -0.047488,
          0.557177,
          1.249397
        ],
        [
          -0.55918,
          -0.078236,
          0.825347,
          3.336133
        ],
        [
          0.004397,
          -0.995803,
          -0.091415,
          1.562964
        ],
        [
          0.0,
          0.0,
          0.0,
          1.0
        ]
      ]
    },
    {
      "file_path": "/media/NFS/ttao/scannet/posed_images/scene0651_00/00205.jpg",
      "transform_matrix": [
        [
          0.856273,
          -0.02723,
          0.515806,
          1.224255
        ],
        [
          -0.516491,
          -0.033914,
          0.855621,
          3.337813
        ],
        [
          -0.005806,
          -0.999054,
          -0.043104,
          1.583831
        ],
        [
          0.0,
          0.0,
          0.0,
          1.0
        ]
      ]
    },
    {
      "file_path": "/media/NFS/ttao/scannet/posed_images/scene0651_00/00206.jpg",
      "transform_matrix": [
        [
          0.860423,
          -0.021228,
          0.509139,
          1.221877
        ],
        [
          -0.509555,
          -0.025709,
          0.860054,
          3.335942
        ],
        [
          -0.005168,
          -0.999444,
          -0.032938,
          1.586681
        ],
        [
          0.0,
          0.0,
          0.0,
          1.0
        ]
      ]
    },
    {
      "file_path": "/media/NFS/ttao/scannet/posed_images/scene0651_00/00212.jpg",
      "transform_matrix": [
        [
          0.887958,
          -0.013055,
          0.459739,
          1.215115
        ],
        [
          -0.459838,
          -0.005899,
          0.887983,
          3.324583
        ],
        [
          -0.00888,
          -0.999897,
          -0.011242,
          1.595336
        ],
        [
          0.0,
          0.0,
          0.0,
          1.0
        ]
      ]
    },
    {
      "file_path": "/media/NFS/ttao/scannet/posed_images/scene0651_00/00216.jpg",
      "transform_matrix": [
        [
          0.915156,
          -0.004753,
          0.403073,
          1.214718
        ],
        [
          -0.403101,
          -0.009485,
          0.915106,
          3.316026
        ],
        [
          -0.000526,
          -0.999944,
          -0.010597,
          1.590027
        ],
        [
          0.0,
          0.0,
          0.0,
          1.0
        ]
      ]
    },
    {
      "file_path": "/media/NFS/ttao/scannet/posed_images/scene0651_00/00217.jpg",
      "transform_matrix": [
        [
          0.921457,
          -0.002562,
          0.388471,
          1.216861
        ],
        [
          -0.388478,
          -0.008349,
          0.92142,
          3.313709
        ],
        [
          0.000883,
          -0.999962,
          -0.008688,
          1.587779
        ],
        [
          0.0,
          0.0,
          0.0,
          1.0
        ]
      ]
    },
    {
      "file_path": "/media/NFS/ttao/scannet/posed_images/scene0651_00/00221.jpg",
      "transform_matrix": [
        [
          0.949447,
          0.003233,
          0.313911,
          1.245169
        ],
        [
          -0.313895,
          -0.00449,
          0.949447,
          3.2947
        ],
        [
          0.004479,
          -0.999985,
          -0.003248,
          1.579484
        ],
        [
          0.0,
          0.0,
          0.0,
          1.0
        ]
      ]
    },
    {
      "file_path": "/media/NFS/ttao/scannet/posed_images/scene0651_00/00225.jpg",
      "transform_matrix": [
        [
          0.974187,
          0.001518,
          0.225736,
          1.290899
        ],
        [
          -0.225733,
          -0.00212,
          0.974187,
          3.269895
        ],
        [
          0.001957,
          -0.999996,
          -0.001723,
          1.566098
        ],
        [
          0.0,
          0.0,
          0.0,
          1.0
        ]
      ]
    },
    {
      "file_path": "/media/NFS/ttao/scannet/posed_images/scene0651_00/00230.jpg",
      "transform_matrix": [
        [
          0.996114,
          0.045389,
          0.075477,
          1.383688
        ],
        [
          -0.074114,
          -0.031002,
          0.996768,
          3.224183
        ],
        [
          0.047582,
          -0.998488,
          -0.027518,
          1.51264
        ],
        [
          0.0,
          0.0,
          0.0,
          1.0
        ]
      ]
    },
    {
      "file_path": "/media/NFS/ttao/scannet/posed_images/scene0651_00/00233.jpg",
      "transform_matrix": [
        [
          0.998298,
          0.049909,
          0.03016,
          1.412589
        ],
        [
          -0.025819,
          -0.085458,
          0.996007,
          3.203748
        ],
        [
          0.052287,
          -0.995091,
          -0.084024,
          1.470018
        ],
        [
          0.0,
          0.0,
          0.0,
          1.0
        ]
      ]
    },
    {
      "file_path": "/media/NFS/ttao/scannet/posed_images/scene0651_00/00235.jpg",
      "transform_matrix": [
        [
          0.998917,
          0.046357,
          0.003985,
          1.4337
        ],
        [
          0.001516,
          -0.118026,
          0.993009,
          3.188075
        ],
        [
          0.046503,
          -0.991928,
          -0.117968,
          1.45873
        ],
        [
          0.0,
          0.0,
          0.0,
          1.0
        ]
      ]
    },
    {
      "file_path": "/media/NFS/ttao/scannet/posed_images/scene0651_00/00240.jpg",
      "transform_matrix": [
        [
          0.997062,
          0.039795,
          -0.065456,
          1.495679
        ],
        [
          0.072013,
          -0.195573,
          0.978042,
          3.154977
        ],
        [
          0.02612,
          -0.979881,
          -0.197864,
          1.479136
        ],
        [
          0.0,
          0.0,
          0.0,
          1.0
        ]
      ]
    },
    {
      "file_path": "/media/NFS/ttao/scannet/posed_images/scene0651_00/00242.jpg",
      "transform_matrix": [
        [
          0.996,
          0.046129,
          -0.076524,
          1.492455
        ],
        [
          0.084248,
          -0.199519,
          0.976266,
          3.137492
        ],
        [
          0.029766,
          -0.978808,
          -0.202607,
          1.458901
        ],
        [
          0.0,
          0.0,
          0.0,
          1.0
        ]
      ]
    },
    {
      "file_path": "/media/NFS/ttao/scannet/posed_images/scene0651_00/00245.jpg",
      "transform_matrix": [
        [
          0.992377,
          0.064995,
          -0.104704,
          1.49309
        ],
        [
          0.116527,
          -0.218371,
          0.968884,
          3.112954
        ],
        [
          0.040109,
          -0.973699,
          -0.22428,
          1.442599
        ],
        [
          0.0,
          0.0,
          0.0,
          1.0
        ]
      ]
    },
    {
      "file_path": "/media/NFS/ttao/scannet/posed_images/scene0651_00/00248.jpg",
      "transform_matrix": [
        [
          0.984544,
          0.090375,
          -0.150018,
          1.493945
        ],
        [
          0.167791,
          -0.241252,
          0.955847,
          3.085651
        ],
        [
          0.050193,
          -0.966245,
          -0.252688,
          1.414671
        ],
        [
          0.0,
          0.0,
          0.0,
          1.0
        ]
      ]
    },
    {
      "file_path": "/media/NFS/ttao/scannet/posed_images/scene0651_00/00252.jpg",
      "transform_matrix": [
        [
          0.971175,
          0.138095,
          -0.194291,
          1.523899
        ],
        [
          0.22652,
          -0.280896,
          0.932623,
          3.061209
        ],
        [
          0.074215,
          -0.949751,
          -0.304081,
          1.418721
        ],
        [
          0.0,
          0.0,
          0.0,
          1.0
        ]
      ]
    },
    {
      "file_path": "/media/NFS/ttao/scannet/posed_images/scene0651_00/00255.jpg",
      "transform_matrix": [
        [
          0.965453,
          0.154402,
          -0.209908,
          1.536192
        ],
        [
          0.247898,
          -0.295998,
          0.922459,
          3.036547
        ],
        [
          0.080297,
          -0.942626,
          -0.324049,
          1.408387
        ],
        [
          0.0,
          0.0,
          0.0,
          1.0
        ]
      ]
    },
    {
      "file_path": "/media/NFS/ttao/scannet/posed_images/scene0651_00/00258.jpg",
      "transform_matrix": [
        [
          0.959436,
          0.17504,
          -0.221006,
          1.550316
        ],
        [
          0.267207,
          -0.314596,
          0.91084,
          3.012834
        ],
        [
          0.089905,
          -0.932947,
          -0.348607,
          1.396688
        ],
        [
          0.0,
          0.0,
          0.0,
          1.0
        ]
      ]
    },
    {
      "file_path": "/media/NFS/ttao/scannet/posed_images/scene0651_00/00264.jpg",
      "transform_matrix": [
        [
          0.946494,
          0.198135,
          -0.254739,
          1.597638
        ],
        [
          0.311924,
          -0.35919,
          0.879594,
          2.989603
        ],
        [
          0.082779,
          -0.91199,
          -0.401774,
          1.398121
        ],
        [
          0.0,
          0.0,
          0.0,
          1.0
        ]
      ]
    },
    {
      "file_path": "/media/NFS/ttao/scannet/posed_images/scene0651_00/00268.jpg",
      "transform_matrix": [
        [
          0.938071,
          0.203162,
          -0.280619,
          1.62269
        ],
        [
          0.341078,
          -0.399617,
          0.850865,
          2.985291
        ],
        [
          0.060723,
          -0.893886,
          -0.444163,
