{
  "frames": [
    {
      "file_path": "/media/NFS/ttao/scannet/posed_images/scene0404_00/00000.jpg",
      "transform_matrix": [
        [
          -0.227518,
          -0.833373,
          0.503711,
          1.691173
        ],
        [
          -0.973598,
          0.184834,
          -0.133956,
          2.56753
        ],
        [
          0.018532,
          -0.520889,
          -0.853423,
          1.320517
        ],
        [
          0.0,
          0.0,
          0.0,
          1.0
        ]
      ]
    },
    {
      "file_path": "/media/NFS/ttao/scannet/posed_images/scene0404_00/00013.jpg",
      "transform_matrix": [
        [
          -0.252861,
          -0.815283,
          0.520936,
          1.688322
        ],
        [
          -0.967117,
          0.19779,
          -0.159888,
          2.576155
        ],
        [
          0.027318,
          -0.544236,
          -0.838487,
          1.31022
        ],
        [
          0.0,
          0.0,
          0.0,
          1.0
        ]
      ]
    },
    {
      "file_path": "/media/NFS/ttao/scannet/posed_images/scene0404_00/00026.jpg",
      "transform_matrix": [
        [
          -0.234765,
          -0.775517,
          0.586054,
          1.691558
        ],
        [
          -0.971748,
          0.172155,
          -0.161459,
          2.56355
        ],
        [
          0.024322,
          -0.607402,
          -0.794022,
          1.32753
        ],
        [
          0.0,
          0.0,
          0.0,
          1.0
        ]
      ]
    },
    {
      "file_path": "/media/NFS/ttao/scannet/posed_images/scene0404_00/00044.jpg",
      "transform_matrix": [
        [
          -0.148881,
          -0.713198,
          0.684969,
          1.716421
        ],
        [
          -0.988831,
          0.112222,
          -0.09808,
          2.560266
        ],
        [
          -0.006918,
          -0.691921,
          -0.72194,
          1.354723
        ],
        [
          0.0,
          0.0,
          0.0,
          1.0
        ]
      ]
    },
    {
      "file_path": "/media/NFS/ttao/scannet/posed_images/scene0404_00/00061.jpg",
      "transform_matrix": [
        [
          -0.196453,
          -0.633751,
          0.748175,
          1.763152
        ],
        [
          -0.980456,
          0.135187,
          -0.142933,
          2.562193
        ],
        [
          -0.010559,
          -0.761632,
          -0.647923,
          1.385064
        ],
        [
          0.0,
          0.0,
          0.0,
          1.0
        ]
      ]
    },
    {
      "file_path": "/media/NFS/ttao/scannet/posed_images/scene0404_00/00079.jpg",
      "transform_matrix": [
        [
          -0.233736,
          -0.563381,
          0.792445,
          1.795277
        ],
        [
          -0.972133,
          0.120304,
          -0.201207,
          2.463144
        ],
        [
          0.018021,
          -0.817392,
          -0.5758,
          1.402281
        ],
        [
          0.0,
          0.0,
          0.0,
          1.0
        ]
      ]
    },
    {
      "file_path": "/media/NFS/ttao/scannet/posed_images/scene0404_00/00092.jpg",
      "transform_matrix": [
        [
          -0.264731,
          -0.516726,
          0.814194,
          1.809583
        ],
        [
          -0.963832,
          0.114873,
          -0.240482,
          2.378481
        ],
        [
          0.030734,
          -0.848409,
          -0.528448,
          1.415684
        ],
        [
          0.0,
          0.0,
          0.0,
          1.0
        ]
      ]
    },
    {
      "file_path": "/media/NFS/ttao/scannet/posed_images/scene0404_00/00101.jpg",
      "transform_matrix": [
        [
          -0.315312,
          -0.481999,
          0.817469,
          1.825034
        ],
        [
          -0.948225,
          0.125475,
          -0.291764,
          2.349593
        ],
        [
          0.038058,
          -0.867141,
          -0.496607,
          1.42647
        ],
        [
          0.0,
          0.0,
          0.0,
          1.0
        ]
      ]
    },
    {
      "file_path": "/media/NFS/ttao/scannet/posed_images/scene0404_00/00123.jpg",
      "transform_matrix": [
        [
          -0.530503,
          -0.358548,
          0.768121,
          1.914708
        ],
        [
          -0.846116,
          0.168904,
          -0.505529,
          2.332809
        ],
        [
          0.051517,
          -0.918104,
          -0.392978,
          1.457546
        ],
        [
          0.0,
          0.0,
          0.0,
          1.0
        ]
      ]
    },
    {
      "file_path": "/media/NFS/ttao/scannet/posed_images/scene0404_00/00140.jpg",
      "transform_matrix": [
        [
          -0.704121,
          -0.30302,
          0.642178,
          1.959172
        ],
        [
          -0.706993,
          0.214933,
          -0.673769,
          2.312605
        ],
        [
          0.06614,
          -0.92843,
          -0.365572,
          1.469656
        ],
        [
          0.0,
          0.0,
          0.0,
          1.0
        ]
      ]
    },
    {
      "file_path": "/media/NFS/ttao/scannet/posed_images/scene0404_00/00153.jpg",
      "transform_matrix": [
        [
          -0.792044,
          -0.28066,
          0.542122,
          1.975528
        ],
        [
          -0.605347,
          0.246352,
          -0.756879,
          2.267465
        ],
        [
          0.078873,
          -0.927653,
          -0.365018,
          1.467353
        ],
        [
          0.0,
          0.0,
          0.0,
          1.0
        ]
      ]
    },
    {
      "file_path": "/media/NFS/ttao/scannet/posed_images/scene0404_00/00162.jpg",
      "transform_matrix": [
        [
          -0.829789,
          -0.252978,
          0.497445,
          1.984847
        ],
        [
          -0.554282,
          0.26982,
          -0.787381,
          2.216671
        ],
        [
          0.064969,
          -0.929085,
          -0.364115,
          1.466274
        ],
        [
          0.0,
          0.0,
          0.0,
          1.0
        ]
      ]
    },
    {
      "file_path": "/media/NFS/ttao/scannet/posed_images/scene0404_00/00184.jpg",
      "transform_matrix": [
        [
          -0.94882,
          -0.154465,
          0.275463,
          2.040809
        ],
        [
          -0.311809,
          0.319676,
          -0.894753,
          2.122273
        ],
        [
          0.050149,
          -0.934852,
          -0.351479,
          1.461229
        ],
        [
          0.0,
          0.0,
          0.0,
          1.0
        ]
      ]
    },
    {
      "file_path": "/media/NFS/ttao/scannet/posed_images/scene0404_00/00193.jpg",
      "transform_matrix": [
        [
          -0.978674,
          -0.097775,
          0.180656,
          2.091194
        ],
        [
          -0.203497,
          0.341486,
          -0.917593,
          2.107744
        ],
        [
          0.028026,
          -0.934787,
          -0.354101,
          1.463201
        ],
        [
          0.0,
          0.0,
          0.0,
          1.0
        ]
      ]
    },
    {
      "file_path": "/media/NFS/ttao/scannet/posed_images/scene0404_00/00201.jpg",
      "transform_matrix": [
        [
          -0.994402,
          -0.066458,
          0.082149,
          2.119337
        ],
        [
          -0.100707,
          0.360739,
          -0.927214,
          2.094668
        ],
        [
          0.031986,
          -0.930296,
          -0.365412,
          1.459162
        ],
        [
          0.0,
          0.0,
          0.0,
          1.0
        ]
      ]
    },
    {
      "file_path": "/media/NFS/ttao/scannet/posed_images/scene0404_00/00219.jpg",
      "transform_matrix": [
        [
          -0.998772,
          -0.002434,
          -0.049486,
          2.066972
        ],
        [
          0.045381,
          0.355878,
          -0.93343,
          2.042319
        ],
        [
          0.019883,
          -0.934529,
          -0.35533,
          1.457071
        ],
        [
          0.0,
          0.0,
          0.0,
          1.0
        ]
      ]
    },
    {
      "file_path": "/media/NFS/ttao/scannet/posed_images/scene0404_00/00241.jpg",
      "transform_matrix": [
        [
          -0.954007,
          0.085359,
          -0.287375,
          2.051823
        ],
        [
          0.297777,
          0.380569,
          -0.875498,
          1.970147
        ],
        [
          0.034635,
          -0.920805,
          -0.388483,
          1.446461
        ],
        [
          0.0,
          0.0,
          0.0,
          1.0
        ]
      ]
    },
    {
      "file_path": "/media/NFS/ttao/scannet/posed_images/scene0404_00/00245.jpg",
      "transform_matrix": [
        [
          -0.958195,
          0.064,
          -0.278864,
          2.045883
        ],
        [
          0.281557,
          0.384191,
          -0.879274,
          1.964037
        ],
        [
          0.050863,
          -0.921033,
          -0.38615,
          1.44424
        ],
        [
          0.0,
          0.0,
          0.0,
          1.0
        ]
      ]
    },
    {
      "file_path": "/media/NFS/ttao/scannet/posed_images/scene0404_00/00271.jpg",
      "transform_matrix": [
        [
          -0.98561,
          -0.030439,
          -0.166274,
          2.018394
        ],
        [
          0.127957,
          0.508413,
          -0.851553,
          1.901834
        ],
        [
          0.110456,
          -0.860575,
          -0.497202,
          1.433583
        ],
        [
          0.0,
          0.0,
          0.0,
          1.0
        ]
      ]
    },
    {
      "file_path": "/media/NFS/ttao/scannet/posed_images/scene0404_00/00276.jpg",
      "transform_matrix": [
        [
          -0.984787,
          -0.05268,
          -0.165588,
          2.024142
        ],
        [
          0.115401,
          0.514168,
          -0.849891,
          1.898334
        ],
        [
          0.129912,
          -0.85607,
          -0.500266,
          1.42944
        ],
        [
          0.0,
          0.0,
          0.0,
          1.0
        ]
      ]
    },
    {
      "file_path": "/media/NFS/ttao/scannet/posed_images/scene0404_00/00289.jpg",
      "transform_matrix": [
        [
          -0.949292,
          0.005811,
          -0.314341,
          2.041275
        ],
        [
          0.270236,
          0.526053,
          -0.806375,
          1.869703
        ],
        [
          0.160674,
          -0.850432,
          -0.500949,
          1.428476
        ],
        [
          0.0,
          0.0,
          0.0,
          1.0
        ]
      ]
    },
    {
      "file_path": "/media/NFS/ttao/scannet/posed_images/scene0404_00/00315.jpg",
      "transform_matrix": [
        [
          -0.747474,
          0.198801,
          -0.633845,
          2.009366
        ],
        [
          0.630321,
          0.513475,
          -0.582271,
          1.812125
        ],
        [
          0.209708,
          -0.834758,
          -0.509118,
          1.414301
        ],
        [
          0.0,
          0.0,
          0.0,
          1.0
        ]
      ]
    },
    {
      "file_path": "/media/NFS/ttao/scannet/posed_images/scene0404_00/00324.jpg",
      "transform_matrix": [
        [
          -0.722059,
          0.224069,
          -0.654541,
          1.997825
        ],
        [
          0.666321,
          0.479781,
          -0.570812,
          1.81866
        ],
        [
          0.186135,
          -0.848294,
          -0.495733,
          1.423756
        ],
        [
          0.0,
          0.0,
          0.0,
          1.0
        ]
      ]
    },
    {
      "file_path": "/media/NFS/ttao/scannet/posed_images/scene0404_00/00337.jpg",
      "transform_matrix": [
        [
          -0.68515,
          0.248535,
          -0.684689,
          1.985052
        ],
        [
          0.712419,
          0.424479,
          -0.558817,
          1.84513
        ],
        [
          0.15175,
          -0.87066,
          -0.467893,
          1.438614
        ],
        [
          0.0,
          0.0,
          0.0,
          1.0
        ]
      ]
    },
    {
      "file_path": "/media/NFS/ttao/scannet/posed_images/scene0404_00/00346.jpg",
      "transform_matrix": [
        [
          -0.643956,
          0.264756,
          -0.717791,
          1.954819
        ],
        [
          0.751234,
          0.396392,
          -0.52775,
          1.864582
        ],
        [
          0.144802,
          -0.879077,
          -0.454153,
          1.440337
        ],
        [
          0.0,
          0.0,
          0.0,
          1.0
        ]
      ]
    },
    {
      "file_path": "/media/NFS/ttao/scannet/posed_images/scene0404_00/00372.jpg",
      "transform_matrix": [
        [
          -0.220698,
          0.391506,
          -0.893317,
          1.903185
        ],
        [
          0.971814,
          0.166102,
          -0.167295,
          1.845105
        ],
        [
          0.082885,
          -0.90506,
          -0.417129,
          1.464841
        ],
        [
          0.0,
          0.0,
          0.0,
          1.0
        ]
      ]
    },
    {
      "file_path": "/media/NFS/ttao/scannet/posed_images/scene0404_00/00385.jpg",
      "transform_matrix": [
        [
          -0.094105,
          0.409383,
          -0.907497,
          1.908326
        ],
        [
          0.991315,
          0.122644,
          -0.047471,
          1.835883
        ],
        [
          0.091865,
          -0.904082,
          -0.417368,
          1.466351
        ],
        [
          0.0,
          0.0,
          0.0,
          1.0
        ]
      ]
    },
    {
      "file_path": "/media/NFS/ttao/scannet/posed_images/scene0404_00/00394.jpg",
      "transform_matrix": [
        [
          -0.028185,
          0.397945,
          -0.916976,
          1.882337
        ],
        [
          0.996675,
          0.081345,
          0.004667,
          1.848333
        ],
        [
          0.076449,
          -0.913796,
          -0.398914,
          1.472376
        ],
        [
          0.0,
          0.0,
          0.0,
          1.0
        ]
      ]
    },
    {
      "file_path": "/media/NFS/ttao/scannet/posed_images/scene0404_00/00416.jpg",
      "transform_matrix": [
        [
          0.272732,
          0.352657,
          -0.895126,
          1.864217
        ],
        [
          0.960352,
          -0.043886,
          0.275315,
          1.819583
        ],
        [
          0.057809,
          -0.934723,
          -0.350644,
          1.473656
        ],
        [
          0.0,
          0.0,
          0.0,
          1.0
        ]
      ]
    },
    {
      "file_path": "/media/NFS/ttao/scannet/posed_images/scene0404_00/00425.jpg",
      "transform_matrix": [
        [
          0.386466,
          0.365793,
          -0.846664,
          1.868229
        ],
        [
          0.919681,
          -0.083662,
          0.38365,
          1.787154
        ],
        [
          0.069503,
          -0.926928,
          -0.368746,
          1.466062
        ],
        [
          0.0,
          0.0,
          0.0,
          1.0
        ]
      ]
    },
    {
      "file_path": "/media/NFS/ttao/scannet/posed_images/scene0404_00/00442.jpg",
      "transform_matrix": [
        [
          0.519994,
          0.329341,
          -0.788125,
          1.90299
        ],
        [
          0.850416,
          -0.113207,
          0.513786,
          1.804944
        ],
        [
          0.07999,
          -0.9374,
          -0.338944,
          1.473161
        ],
        [
          0.0,
          0.0,
          0.0,
          1.0
        ]
      ]
    },
    {
      "file_path": "/media/NFS/ttao/scannet/posed_images/scene0404_00/00451.jpg",
      "transform_matrix": [
        [
          0.571422,
          0.333332,
          -0.749911,
          1.915819
        ],
        [
          0.816579,
          -0.139969,
          0.560006,
          1.824466
        ],
        [
          0.081704,
          -0.932362,
          -0.352174,
          1.473253
        ],
        [
          0.0,
          0.0,
          0.0,
          1.0
        ]
      ]
    },
    {
      "file_path": "/media/NFS/ttao/scannet/posed_images/scene0404_00/00464.jpg",
      "transform_matrix": [
        [
          0.707358,
          0.269487,
          -0.653469,
          1.88359
        ],
        [
          0.703933,
          -0.184587,
          0.685861,
          1.813958
        ],
        [
          0.064209,
          -0.945148,
          -0.32027,
          1.472074
        ],
        [
          0.0,
          0.0,
          0.0,
          1.0
        ]
      ]
    },
    {
      "file_path": "/media/NFS/ttao/scannet/posed_images/scene0404_00/00490.jpg",
      "transform_matrix": [
        [
          0.906526,
          0.177394,
          -0.383069,
          1.782336
        ],
        [
          0.419245,
          -0.272043,
          0.866156,
          1.818225
        ],
        [
          0.04944,
          -0.945793,
          -0.320985,
          1.470897
        ],
        [
          0.0,
          0.0,
          0.0,
          1.0
        ]
      ]
    },
    {
      "file_path": "/media/NFS/ttao/scannet/posed_images/scene0404_00/00503.jpg",
      "transform_matrix": [
        [
          0.933302,
          0.135854,
          -0.332401,
          1.720892
        ],
        [
          0.358896,
          -0.322324,
          0.875957,
          1.868666
        ],
        [
          0.011862,
          -0.93683,
          -0.349583,
          1.469714
        ],
        [
          0.0,
          0.0,
          0.0,
          1.0
        ]
      ]
    },
    {
      "file_path": "/media/NFS/ttao/scannet/posed_images/scene0404_00/00512.jpg",
      "transform_matrix": [
        [
          0.94759,
          0.105954,
          -0.301407,
          1.683496
        ],
        [
          0.319416,
          -0.334245,
          0.88671,
          1.898336
        ],
        [
          -0.006793,
          -0.936512,
          -0.350571,
          1.475103
        ],
        [
          0.0,
          0.0,
          0.0,
          1.0
        ]
      ]
    },
    {
      "file_path": "/media/NFS/ttao/scannet/posed_images/scene0404_00/00521.jpg",
      "transform_matrix": [
        [
          0.964905,
          0.082513,
          -0.249299,
          1.649706
        ],
        [
          0.262321,
          -0.346608,
          0.900584,
          1.938615
        ],
        [
          -0.012099,
          -0.934374,
          -0.356089,
          1.471467
        ],
        [
          0.0,
          0.0,
          0.0,
          1.0
        ]
      ]
    },
    {
      "file_path": "/media/NFS/ttao/scannet/posed_images/scene0404_00/00547.jpg",
      "transform_matrix": [
        [
          0.984264,
          -0.085754,
          0.154502,
          1.422865
        ],
        [
          -0.175515,
          -0.373155,
          0.911016,
          2.042191
        ],
        [
          -0.02047,
          -0.923797,
          -0.382334,
          1.482527
        ],
        [
          0.0,
          0.0,
          0.0,
          1.0
        ]
      ]
    },
    {
      "file_path": "/media/NFS/ttao/scannet/posed_images/scene0404_00/00556.jpg",
      "transform_matrix": [
        [
          0.954277,
          -0.108194,
          0.278656,
          1.390251
        ],
        [
          -0.298845,
          -0.366642,
          0.881059,
          2.05284
        ],
        [
          0.006842,
          -0.92405,
          -0.382211,
          1.487536
        ],
        [
          0.0,
          0.0,
          0.0,
          1.0
        ]
      ]
    },
    {
      "file_path": "/media/NFS/ttao/scannet/posed_images/scene0404_00/00578.jpg",
      "transform_matrix": [
        [
          0.815267,
          -0.176489,
          0.551535,
          1.406611
        ],
        [
          -0.577771,
          -0.312027,
          0.754202,
          2.069897
        ],
        [
          0.038986,
          -0.933537,
          -0.356355,
          1.497651
        ],
        [
          0.0,
          0.0,
          0.0,
          1.0
        ]
      ]
    },
    {
      "file_path": "/media/NFS/ttao/scannet/posed_images/scene0404_00/00591.jpg",
      "transform_matrix": [
        [
          0.742385,
          -0.217416,
          0.633715,
          1.44594
        ],
        [
          -0.6692,
          -0.286098,
          0.685799,
          2.05582
        ],
        [
          0.032201,
          -0.933209,
          -0.357889,
          1.507475
        ],
        [
          0.0,
          0.0,
          0.0,
          1.0
        ]
      ]
    },
    {
      "file_path": "/media/NFS/ttao/scannet/posed_images/scene0404_00/00600.jpg",
      "transform_matrix": [
        [
          0.703076,
          -0.237057,
          0.670438,
          1.461022
        ],
        [
          -0.710702,
          -0.266344,
          0.651125,
          2.04913
        ],
        [
          0.024213,
          -0.934272,
          -0.355737,
          1.512201
        ],
        [
          0.0,
          0.0,
          0.0,
          1.0
        ]
      ]
    },
    {
      "file_path": "/media/NFS/ttao/scannet/posed_images/scene0404_00/00608.jpg",
      "transform_matrix": [
        [
          0.657027,
          -0.23236,
          0.717164,
          1.468392
        ],
        [
          -0.752679,
          -0.255577,
          0.606757,
          2.050402
        ],
        [
          0.042305,
          -0.93845,
          -0.342814,
          1.512283
        ],
        [
          0.0,
          0.0,
          0.0,
          1.0
        ]
      ]
    },
    {
      "file_path": "/media/NFS/ttao/scannet/posed_images/scene0404_00/00626.jpg",
      "transform_matrix": [
        [
          0.436951,
          -0.242478,
          0.866186,
          1.536677
        ],
        [
          -0.898016,
          -0.172627,
          0.404683,
          2.053195
        ],
        [
          0.0514,
          -0.954675,
          -0.293178,
          1.509745
        ],
        [
          0.0,
          0.0,
          0.0,
          1.0
        ]
      ]
    },
    {
      "file_path": "/media/NFS/ttao/scannet/posed_images/scene0404_00/00643.jpg",
      "transform_matrix": [
        [
          0.310217,
          -0.189461,
          0.931595,
          1.657706
        ],
        [
          -0.950209,
          -0.092192,
          0.297665,
          2.064656
        ],
        [
          0.029489,
          -0.977551,
          -0.208627,
          1.5409
        ],
        [
          0.0,
          0.0,
          0.0,
          1.0
        ]
      ]
    },
    {
      "file_path": "/media/NFS/ttao/scannet/posed_images/scene0404_00/00665.jpg",
      "transform_matrix": [
        [
          0.211153,
          0.012303,
          0.977375,
          1.70421
        ],
        [
          -0.977434,
          -0.003628,
          0.211211,
          2.105446
        ],
        [
          0.006144,
          -0.999918,
          0.011259,
          1.614784
        ],
        [
          0.0,
          0.0,
          0.0,
          1.0
        ]
      ]
    },
    {
      "file_path": "/media/NFS/ttao/scannet/posed_images/scene0404_00/00670.jpg",
      "transform_matrix": [
        [
          0.200816,
          0.033049,
          0.979071,
          1.704766
        ],
        [
          -0.979516,
          -0.008412,
          0.201192,
          2.111582
        ],
        [
          0.014885,
          -0.999418,
          0.030683,
          1.621552
        ],
        [
          0.0,
          0.0,
          0.0,
          1.0
        ]
      ]
    },
    {
      "file_path": "/media/NFS/ttao/scannet/posed_images/scene0404_00/00687.jpg",
      "transform_matrix": [
        [
          0.101318,
          0.13752,
          0.985303,
          1.70795
        ],
        [
          -0.994332,
          -0.018096,
          0.104772,
          2.129446
        ],
        [
          0.032238,
          -0.990334,
          0.134907,
          1.646017
        ],
        [
          0.0,
          0.0,
          0.0,
          1.0
        ]
      ]
    },
    {
      "file_path": "/media/NFS/ttao/scannet/posed_images/scene0404_00/00700.jpg",
      "transform_matrix": [
        [
          0.020745,
          0.196665,
          0.980251,
          1.713777
        ],
        [
          -0.999275,
          -0.027221,
          0.026609,
          2.12957
        ],
        [
          0.031917,
          -0.980093,
          0.195958,
          1.661011
        ],
        [
          0.0,
          0.0,
          0.0,
          1.0
        ]
      ]
    },
    {
      "file_path": "/media/NFS/ttao/scannet/posed_images/scene0404_00/00722.jpg",
      "transform_matrix": [
        [
          -0.224882,
          0.199668,
          0.953709,
          1.751191
        ],
        [
          -0.974289,
          -0.059921,
          -0.217189,
          2.082467
        ],
        [
          0.013781,
          -0.97803,
          0.20801,
          1.664738
        ],
        [
          0.0,
          0.0,
          0.0,
          1.0
        ]
      ]
    },
    {
      "file_path": "/media/NFS/ttao/scannet/posed_images/scene0404_00/00727.jpg",
      "transform_matrix": [
        [
          -0.244199,
          0.185003,
          0.951914,
          1.760573
        ],
        [
          -0.969707,
          -0.052592,
          -0.238543,
          2.067851
        ],
        [
          0.005932,
          -0.98133,
          0.192242,
          1.658216
        ],
        [
          0.0,
          0.0,
          0.0,
          1.0
        ]
      ]
    },
    {
      "file_path": "/media/NFS/ttao/scannet/posed_images/scene0404_00/00744.jpg",
      "transform_matrix": [
        [
          -0.162257,
          -0.08441,
          0.983131,
          1.789405
        ],
        [
          -0.986749,
          0.014277,
          -0.161628,
          2.019459
        ],
        [
          -0.000393,
          -0.996329,
          -0.085608,
          1.603776
        ],
        [
          0.0,
          0.0,
          0.0,
          1.0
        ]
      ]
    },
    {
      "file_path": "/media/NFS/ttao/scannet/posed_images/scene0404_00/00762.jpg",
      "transform_matrix": [
        [
          -0.195009,
          -0.307356,
          0.931398,
          1.819831
        ],
        [
          -0.980801,
          0.061646,
          -0.18501,
          1.993683
        ],
        [
          -0.000553,
          -0.949596,
          -0.313477,
          1.535166
        ],
        [
          0.0,
          0.0,
          0.0,
          1.0
        ]
      ]
    },
    {
      "file_path": "/media/NFS/ttao/scannet/posed_images/scene0404_00/00770.jpg",
      "transform_matrix": [
        [
          -0.206465,
          -0.374056,
          0.904132,
          1.82985
        ],
        [
          -0.978435,
          0.08465,
          -0.188412,
          1.981138
        ],
        [
          -0.006058,
          -0.923535,
          -0.383466,
          1.508257
        ],
        [
          0.0,
          0.0,
          0.0,
          1.0
        ]
      ]
    },
    {
      "file_path": "/media/NFS/ttao/scannet/posed_images/scene0404_00/00792.jpg",
      "transform_matrix": [
        [
          -0.176508,
          -0.583341,
          0.792816,
          1.863384
        ],
        [
          -0.983639,
          0.134028,
          -0.120377,
          1.975195
        ],
        [
          -0.036039,
          -0.801093,
          -0.597454,
          1.425416
        ],
        [
          0.0,
          0.0,
          0.0,
          1.0
        ]
      ]
    },
    {
      "file_path": "/media/NFS/ttao/scannet/posed_images/scene0404_00/00810.jpg",
      "transform_matrix": [
        [
          -0.254228,
          -0.700643,
          0.666684,
          1.876616
        ],
        [
          -0.966448,
          0.157879,
          -0.202617,
          1.998816
        ],
        [
          0.036707,
          -0.695826,
          -0.717272,
          1.364869
        ],
        [
          0.0,
          0.0,
          0.0,
          1.0
        ]
      ]
    },
    {
      "file_path": "/media/NFS/ttao/scannet/posed_images/scene0404_00/00823.jpg",
      "transform_matrix": [
        [
          -0.184723,
          -0.745422,
          0.640486,
          1.862397
        ],
        [
          -0.982778,
          0.136806,
          -0.124224,
          2.039687
        ],
        [
          0.004977,
          -0.652403,
          -0.757856,
          1.34283
        ],
        [
          0.0,
          0.0,
          0.0,
          1.0
        ]
      ]
    },
    {
      "file_path": "/media/NFS/ttao/scannet/posed_images/scene0404_00/00832.jpg",
      "transform_matrix": [
        [
          -0.075867,
          -0.7686,
          0.635215,
          1.846978
        ],
        [
          -0.996674,
          0.07746,
          -0.025312,
          2.086329
        ],
        [
          -0.029748,
          -0.635023,
          -0.771921,
          1.336
        ],
        [
          0.0,
          0.0,
          0.0,
          1.0
        ]
      ]
    },
    {
      "file_path": "/media/NFS/ttao/scannet/posed_images/scene0404_00/00845.jpg",
      "transform_matrix": [
        [
          0.140618,
          -0.804963,
          0.57642,
          1.811275
        ],
        [
          -0.988762,
          -0.084331,
          0.123441,
          2.162831
        ],
        [
          -0.050755,
          -0.587301,
          -0.807776,
          1.310008
        ],
        [
          0.0,
          0.0,
          0.0,
          1.0
        ]
      ]
    },
    {
      "file_path": "/media/NFS/ttao/scannet/posed_images/scene0404_00/00867.jpg",
      "transform_matrix": [
        [
          0.370014,
          -0.796148,
          0.478788,
          1.728544
        ],
        [
          -0.927754,
          -0.289695,
          0.235264,
          2.319602
        ],
        [
          -0.048602,
          -0.531248,
          -0.845821,
          1.275538
        ],
        [
          0.0,
          0.0,
          0.0,
          1.0
        ]
      ]
    },
    {
      "file_path": "/media/NFS/ttao/scannet/posed_images/scene0404_00/00871.jpg",
      "transform_matrix": [
        [
          0.380004,
          -0.804512,
          0.456462,
          1.725886
        ],
        [
          -0.92386,
          -0.305786,
          0.230166,
          2.343217
        ],
        [
          -0.045592,
          -0.509171,
          -0.859457,
          1.269479
        ],
        [
          0.0,
          0.0,
          0.0,
          1.0
        ]
      ]
    },
    {
      "file_path": "/media/NFS/ttao/scannet/posed_images/scene0404_00/00893.jpg",
      "transform_matrix": [
        [
          0.499619,
          -0.741218,
          0.448304,
          1.706043
        ],
        [
          -0.861266,
          -0.369641,
          0.348691,
          2.431164
        ],
        [
          -0.092745,
          -0.560322,
          -0.823066,
          1.29314
        ],
        [
          0.0,
          0.0,
          0.0,
          1.0
        ]
      ]
    },
    {
      "file_path": "/media/NFS/ttao/scannet/posed_images/scene0404_00/00902.jpg",
      "transform_matrix": [
        [
          0.392706,
          -0.720879,
          0.571065,
          1.692051
        ],
        [
          -0.918849,
          -0.28142,
          0.27662,
          2.460394
        ],
        [
          -0.0387,
          -0.633353,
          -0.772894,
          1.309965
        ],
        [
          0.0,
          0.0,
          0.0,
          1.0
        ]
      ]
    },
    {
      "file_path": "/media/NFS/ttao/scannet/posed_images/scene0404_00/00919.jpg",
      "transform_matrix": [
        [
          0.191752,
          -0.637729,
          0.746011,
          1.68573
        ],
        [
          -0.980227,
          -0.162274,
          0.113234,
          2.479645
        ],
        [
          0.048846,
          -0.752973,
          -0.656236,
          1.358251
        ],
        [
          0.0,
          0.0,
          0.0,
          1.0
        ]
      ]
    },
    {
      "file_path": "/media/NFS/ttao/scannet/posed_images/scene0404_00/00941.jpg",
      "transform_matrix": [
        [
          0.009974,
          -0.551782,
          0.833929,
          1.713212
        ],
        [
          -0.998932,
          -0.043126,
          -0.016587,
          2.49277
        ],
        [
          0.045117,
          -0.832873,
          -0.551623,
          1.402685
        ],
        [
          0.0,
          0.0,
          0.0,
          1.0
        ]
      ]
    },
    {
      "file_path": "/media/NFS/ttao/scannet/posed_images/scene0404_00/00945.jpg",
      "transform_matrix": [
        [
          -0.011443,
          -0.5411,
          0.840881,
          1.726893
        ],
        [
          -0.998591,
          -0.037403,
          -0.037658,
          2.497621
        ],
        [
          0.051828,
          -0.840126,
          -0.539909,
          1.402238
        ],
        [
          0.0,
          0.0,
          0.0,
          1.0
        ]
      ]
    },
    {
      "file_path": "/media/NFS/ttao/scannet/posed_images/scene0404_00/00963.jpg",
      "transform_matrix": [
        [
          -0.005101,
          -0.468945,
          0.883213,
          1.824557
        ],
        [
          -0.999549,
          -0.023754,
          -0.018386,
          2.483116
        ],
        [
          0.029602,
          -0.882908,
          -0.468612,
          1.434319
        ],
        [
          0.0,
          0.0,
          0.0,
          1.0
        ]
      ]
    },
    {
      "file_path": "/media/NFS/ttao/scannet/posed_images/scene0404_00/00980.jpg",
      "transform_matrix": [
        [
          -0.11247,
          -0.382076,
          0.917261,
          1.929476
        ],
        [
          -0.993623,
          0.050664,
          -0.10073,
          2.483222
        ],
        [
          -0.007986,
          -0.922741,
          -0.385338,
          1.478763
        ],
        [
          0.0,
          0.0,
          0.0,
          1.0
        ]
      ]
    },
    {
      "file_path": "/media/NFS/ttao/scannet/posed_images/scene0404_00/00994.jpg",
      "transform_matrix": [
        [
          -0.194395,
          -0.28102,
          0.939808,
          1.999884
        ],
        [
          -0.980921,
          0.053585,
          -0.186876,
          2.483008
        ],
        [
          0.002156,
          -0.958205,
          -0.286075,
          1.542452
        ],
        [
          0.0,
          0.0,
          0.0,
          1.0
        ]
      ]
    },
    {
      "file_path": "/media/NFS/ttao/scannet/posed_images/scene0404_00/01015.jpg",
      "transform_matrix": [
        [
          -0.252745,
          -0.161336,
          0.953987,
          2.048888
        ],
        [
          -0.966954,
          0.008019,
          -0.254825,
          2.496472
        ],
        [
          0.033463,
          -0.986867,
          -0.158031,
          1.634145
        ],
        [
          0.0,
          0.0,
          0.0,
          1.0
        ]
      ]
    },
    {
      "file_path": "/media/NFS/ttao/scannet/posed_images/scene0404_00/01020.jpg",
      "transform_matrix": [
        [
          -0.253345,
          -0.154067,
          0.955028,
          2.055002
        ],
        [
          -0.967142,
          0.018597,
          -0.253558,
          2.496865
        ],
        [
          0.021304,
          -0.987885,
          -0.153716,
          1.639916
        ],
        [
          0.0,
          0.0,
          0.0,
          1.0
        ]
      ]
    },
    {
      "file_path": "/media/NFS/ttao/scannet/posed_images/scene0404_00/01042.jpg",
      "transform_matrix": [
        [
          -0.365222,
          -0.042049,
          0.92997,
          2.048964
        ],
        [
          -0.930911,
          0.012099,
          -0.365045,
          2.454512
        ],
        [
          0.004098,
          -0.999042,
          -0.043563,
          1.653782
        ],
        [
          0.0,
          0.0,
          0.0,
          1.0
        ]
      ]
    },
    {
      "file_path": "/media/NFS/ttao/scannet/posed_images/scene0404_00/01059.jpg",
      "transform_matrix": [
        [
          -0.281669,
          0.059827,
          0.957645,
          2.006716
        ],
        [
          -0.959431,
          -0.00458,
          -0.281908,
          2.461908
        ],
        [
          -0.012479,
          -0.998198,
          0.05869,
          1.677674
        ],
        [
          0.0,
          0.0,
          0.0,
          1.0
        ]
      ]
    },
    {
      "file_path": "/media/NFS/ttao/scannet/posed_images/scene0404_00/01072.jpg",
      "transform_matrix": [
        [
          -0.376501,
          0.108696,
          0.920017,
          1.988036
        ],
        [
          -0.926414,
          -0.041941,
          -0.374164,
          2.428206
        ],
        [
          -0.002083,
          -0.99319,
          0.116488,
          1.682823
        ],
        [
          0.0,
          0.0,
          0.0,
          1.0
        ]
      ]
    },
    {
      "file_path": "/media/NFS/ttao/scannet/posed_images/scene0404_00/01077.jpg",
      "transform_matrix": [
        [
          -0.416552,
          0.106665,
          0.902832,
          1.981284
        ],
        [
          -0.909105,
          -0.045021,
          -0.414127,
          2.405553
        ],
        [
          -0.003526,
          -0.993275,
          0.115723,
          1.682032
        ],
        [
          0.0,
          0.0,
          0.0,
          1.0
        ]
      ]
    },
    {
      "file_path": "/media/NFS/ttao/scannet/posed_images/scene0404_00/01103.jpg",
      "transform_matrix": [
        [
          -0.528394,
          -0.095552,
          0.843605,
          1.920675
        ],
        [
          -0.848459,
          0.09488,
          -0.520688,
          2.288846
        ],
        [
          -0.030289,
          -0.990892,
          -0.131206,
          1.602115
        ],
        [
          0.0,
          0.0,
          0.0,
          1.0
        ]
      ]
    },
    {
      "file_path": "/media/NFS/ttao/scannet/posed_images/scene0404_00/01116.jpg",
      "transform_matrix": [
        [
          -0.650347,
          -0.080706,
          0.755338,
          1.887935
        ],
        [
          -0.759338,
          0.096968,
          -0.643431,
          2.223612
        ],
        [
          -0.021315,
          -0.99201,
          -0.124346,
          1.592968
        ],
        [
          0.0,
          0.0,
          0.0,
          1.0
        ]
      ]
    },
    {
      "file_path": "/media/NFS/ttao/scannet/posed_images/scene0404_00/01129.jpg",
      "transform_matrix": [
        [
          -0.768838,
          -0.039089,
          0.638248,
          1.865275
        ],
        [
          -0.639313,
          0.067227,
          -0.766003,
          2.174644
        ],
        [
          -0.012965,
          -0.996972,
