{
  "frames": [
    {
      "file_path": "/media/NFS/ttao/scannet/posed_images/scene0307_02/00000.jpg",
      "transform_matrix": [
        [
          0.916428,
          -0.145907,
          0.372654,
          1.961555
        ],
        [
          -0.399951,
          -0.301028,
          0.865692,
          5.552261
        ],
        [
          -0.014131,
          -0.942387,
          -0.334226,
          1.515138
        ],
        [
          0.0,
          0.0,
          0.0,
          1.0
        ]
      ]
    },
    {
      "file_path": "/media/NFS/ttao/scannet/posed_images/scene0307_02/00006.jpg",
      "transform_matrix": [
        [
          0.927183,
          -0.125582,
          0.352933,
          1.927517
        ],
        [
          -0.37441,
          -0.341413,
          0.862122,
          5.59219
        ],
        [
          0.012229,
          -0.931486,
          -0.363571,
          1.508847
        ],
        [
          0.0,
          0.0,
          0.0,
          1.0
        ]
      ]
    },
    {
      "file_path": "/media/NFS/ttao/scannet/posed_images/scene0307_02/00015.jpg",
      "transform_matrix": [
        [
          0.943627,
          -0.094648,
          0.317191,
          1.872529
        ],
        [
          -0.32962,
          -0.356447,
          0.874241,
          5.633933
        ],
        [
          0.030316,
          -0.929509,
          -0.36755,
          1.510448
        ],
        [
          0.0,
          0.0,
          0.0,
          1.0
        ]
      ]
    },
    {
      "file_path": "/media/NFS/ttao/scannet/posed_images/scene0307_02/00021.jpg",
      "transform_matrix": [
        [
          0.960775,
          -0.090799,
          0.262046,
          1.831672
        ],
        [
          -0.276066,
          -0.403271,
          0.872445,
          5.668463
        ],
        [
          0.026458,
          -0.910565,
          -0.412519,
          1.517182
        ],
        [
          0.0,
          0.0,
          0.0,
          1.0
        ]
      ]
    },
    {
      "file_path": "/media/NFS/ttao/scannet/posed_images/scene0307_02/00031.jpg",
      "transform_matrix": [
        [
          0.965622,
          -0.071501,
          0.249924,
          1.795727
        ],
        [
          -0.258539,
          -0.364212,
          0.894711,
          5.698346
        ],
        [
          0.027052,
          -0.928568,
          -0.370177,
          1.527319
        ],
        [
          0.0,
          0.0,
          0.0,
          1.0
        ]
      ]
    },
    {
      "file_path": "/media/NFS/ttao/scannet/posed_images/scene0307_02/00038.jpg",
      "transform_matrix": [
        [
          0.958024,
          -0.056838,
          0.280998,
          1.792962
        ],
        [
          -0.284661,
          -0.304946,
          0.908832,
          5.717518
        ],
        [
          0.034033,
          -0.950672,
          -0.308325,
          1.560336
        ],
        [
          0.0,
          0.0,
          0.0,
          1.0
        ]
      ]
    },
    {
      "file_path": "/media/NFS/ttao/scannet/posed_images/scene0307_02/00042.jpg",
      "transform_matrix": [
        [
          0.953454,
          -0.046262,
          0.297969,
          1.801244
        ],
        [
          -0.300199,
          -0.23866,
          0.923538,
          5.72792
        ],
        [
          0.028388,
          -0.970001,
          -0.241439,
          1.594455
        ],
        [
          0.0,
          0.0,
          0.0,
          1.0
        ]
      ]
    },
    {
      "file_path": "/media/NFS/ttao/scannet/posed_images/scene0307_02/00050.jpg",
      "transform_matrix": [
        [
          0.948128,
          -0.019514,
          0.317289,
          1.804304
        ],
        [
          -0.316718,
          -0.143552,
          0.937594,
          5.743248
        ],
        [
          0.027251,
          -0.98945,
          -0.142286,
          1.639051
        ],
        [
          0.0,
          0.0,
          0.0,
          1.0
        ]
      ]
    },
    {
      "file_path": "/media/NFS/ttao/scannet/posed_images/scene0307_02/00056.jpg",
      "transform_matrix": [
        [
          0.946958,
          -0.013267,
          0.321084,
          1.798836
        ],
        [
          -0.321002,
          -0.086065,
          0.94316,
          5.756511
        ],
        [
          0.015121,
          -0.996201,
          -0.085759,
          1.670728
        ],
        [
          0.0,
          0.0,
          0.0,
          1.0
        ]
      ]
    },
    {
      "file_path": "/media/NFS/ttao/scannet/posed_images/scene0307_02/00065.jpg",
      "transform_matrix": [
        [
          0.930372,
          0.030975,
          0.365307,
          1.791134
        ],
        [
          -0.364052,
          -0.039631,
          0.930535,
          5.79732
        ],
        [
          0.043301,
          -0.998734,
          -0.025595,
          1.686648
        ],
        [
          0.0,
          0.0,
          0.0,
          1.0
        ]
      ]
    },
    {
      "file_path": "/media/NFS/ttao/scannet/posed_images/scene0307_02/00073.jpg",
      "transform_matrix": [
        [
          0.898781,
          0.068751,
          0.432973,
          1.793065
        ],
        [
          -0.432473,
          -0.02277,
          0.901359,
          5.840238
        ],
        [
          0.071828,
          -0.997374,
          0.009268,
          1.712159
        ],
        [
          0.0,
          0.0,
          0.0,
          1.0
        ]
      ]
    },
    {
      "file_path": "/media/NFS/ttao/scannet/posed_images/scene0307_02/00079.jpg",
      "transform_matrix": [
        [
          0.857058,
          0.094079,
          0.506559,
          1.808399
        ],
        [
          -0.504838,
          -0.043044,
          0.86214,
          5.877802
        ],
        [
          0.102914,
          -0.994634,
          0.010604,
          1.721748
        ],
        [
          0.0,
          0.0,
          0.0,
          1.0
        ]
      ]
    },
    {
      "file_path": "/media/NFS/ttao/scannet/posed_images/scene0307_02/00088.jpg",
      "transform_matrix": [
        [
          0.810772,
          0.072654,
          0.580835,
          1.837641
        ],
        [
          -0.580549,
          -0.02717,
          0.813772,
          5.980255
        ],
        [
          0.074905,
          -0.996987,
          0.020151,
          1.715374
        ],
        [
          0.0,
          0.0,
          0.0,
          1.0
        ]
      ]
    },
    {
      "file_path": "/media/NFS/ttao/scannet/posed_images/scene0307_02/00090.jpg",
      "transform_matrix": [
        [
          0.799981,
          0.063485,
          0.596657,
          1.837524
        ],
        [
          -0.596588,
          -0.022121,
          0.802242,
          6.012616
        ],
        [
          0.064129,
          -0.997738,
          0.020178,
          1.712725
        ],
        [
          0.0,
          0.0,
          0.0,
          1.0
        ]
      ]
    },
    {
      "file_path": "/media/NFS/ttao/scannet/posed_images/scene0307_02/00100.jpg",
      "transform_matrix": [
        [
          0.728582,
          0.042543,
          0.683636,
          1.855021
        ],
        [
          -0.683601,
          -0.017638,
          0.729643,
          6.142869
        ],
        [
          0.043099,
          -0.998939,
          0.016231,
          1.700063
        ],
        [
          0.0,
          0.0,
          0.0,
          1.0
        ]
      ]
    },
    {
      "file_path": "/media/NFS/ttao/scannet/posed_images/scene0307_02/00109.jpg",
      "transform_matrix": [
        [
          0.636473,
          0.030912,
          0.770679,
          1.863412
        ],
        [
          -0.769036,
          -0.051044,
          0.637164,
          6.229477
        ],
        [
          0.059035,
          -0.998218,
          -0.008716,
          1.698126
        ],
        [
          0.0,
          0.0,
          0.0,
          1.0
        ]
      ]
    },
    {
      "file_path": "/media/NFS/ttao/scannet/posed_images/scene0307_02/00111.jpg",
      "transform_matrix": [
        [
          0.611772,
          0.028416,
          0.790524,
          1.858682
        ],
        [
          -0.788707,
          -0.054688,
          0.612331,
          6.24997
        ],
        [
          0.060632,
          -0.998099,
          -0.011045,
          1.694554
        ],
        [
          0.0,
          0.0,
          0.0,
          1.0
        ]
      ]
    },
    {
      "file_path": "/media/NFS/ttao/scannet/posed_images/scene0307_02/00117.jpg",
      "transform_matrix": [
        [
          0.537464,
          -0.006861,
          0.843259,
          1.835661
        ],
        [
          -0.841405,
          -0.071133,
          0.535703,
          6.309953
        ],
        [
          0.056308,
          -0.997443,
          -0.044004,
          1.700621
        ],
        [
          0.0,
          0.0,
          0.0,
          1.0
        ]
      ]
    },
    {
      "file_path": "/media/NFS/ttao/scannet/posed_images/scene0307_02/00130.jpg",
      "transform_matrix": [
        [
          0.409075,
          -0.10901,
          0.905966,
          1.798429
        ],
        [
          -0.91243,
          -0.061234,
          0.404625,
          6.438356
        ],
        [
          0.011368,
          -0.992153,
          -0.124513,
          1.67744
        ],
        [
          0.0,
          0.0,
          0.0,
          1.0
        ]
      ]
    },
    {
      "file_path": "/media/NFS/ttao/scannet/posed_images/scene0307_02/00132.jpg",
      "transform_matrix": [
        [
          0.396129,
          -0.114462,
          0.911033,
          1.796229
        ],
        [
          -0.9181,
          -0.063638,
          0.391206,
          6.446373
        ],
        [
          0.013198,
          -0.991387,
          -0.130297,
          1.67172
        ],
        [
          0.0,
          0.0,
          0.0,
          1.0
        ]
      ]
    },
    {
      "file_path": "/media/NFS/ttao/scannet/posed_images/scene0307_02/00138.jpg",
      "transform_matrix": [
        [
          0.312433,
          -0.155501,
          0.937126,
          1.82062
        ],
        [
          -0.949752,
          -0.070745,
          0.304904,
          6.470592
        ],
        [
          0.018884,
          -0.985299,
          -0.16979,
          1.662133
        ],
        [
          0.0,
          0.0,
          0.0,
          1.0
        ]
      ]
    },
    {
      "file_path": "/media/NFS/ttao/scannet/posed_images/scene0307_02/00144.jpg",
      "transform_matrix": [
        [
          0.235511,
          -0.171453,
          0.956629,
          1.866495
        ],
        [
          -0.971716,
          -0.059181,
          0.228618,
          6.483799
        ],
        [
          0.017417,
          -0.983413,
          -0.180542,
          1.63765
        ],
        [
          0.0,
          0.0,
          0.0,
          1.0
        ]
      ]
    },
    {
      "file_path": "/media/NFS/ttao/scannet/posed_images/scene0307_02/00157.jpg",
      "transform_matrix": [
        [
          0.047541,
          -0.188483,
          0.980925,
          1.950635
        ],
        [
          -0.998117,
          -0.047069,
          0.03933,
          6.4769
        ],
        [
          0.038758,
          -0.980948,
          -0.190366,
          1.63379
        ],
        [
          0.0,
          0.0,
          0.0,
          1.0
        ]
      ]
    },
    {
      "file_path": "/media/NFS/ttao/scannet/posed_images/scene0307_02/00163.jpg",
      "transform_matrix": [
        [
          -0.038909,
          -0.182284,
          0.982476,
          1.966556
        ],
        [
          -0.997963,
          -0.042653,
          -0.047435,
          6.486009
        ],
        [
          0.050552,
          -0.98232,
          -0.180253,
          1.653698
        ],
        [
          0.0,
          0.0,
          0.0,
          1.0
        ]
      ]
    },
    {
      "file_path": "/media/NFS/ttao/scannet/posed_images/scene0307_02/00169.jpg",
      "transform_matrix": [
        [
          -0.132246,
          -0.14629,
          0.980362,
          1.966863
        ],
        [
          -0.988774,
          -0.049929,
          -0.140831,
          6.494833
        ],
        [
          0.069551,
          -0.987981,
          -0.138045,
          1.664364
        ],
        [
          0.0,
          0.0,
          0.0,
          1.0
        ]
      ]
    },
    {
      "file_path": "/media/NFS/ttao/scannet/posed_images/scene0307_02/00174.jpg",
      "transform_matrix": [
        [
          -0.204946,
          -0.118974,
          0.971516,
          1.952784
        ],
        [
          -0.97638,
          -0.044523,
          -0.211425,
          6.502242
        ],
        [
          0.068409,
          -0.991899,
          -0.107039,
          1.675879
        ],
        [
          0.0,
          0.0,
          0.0,
          1.0
        ]
      ]
    },
    {
      "file_path": "/media/NFS/ttao/scannet/posed_images/scene0307_02/00184.jpg",
      "transform_matrix": [
        [
          -0.342577,
          -0.086941,
          0.935458,
          1.924784
        ],
        [
          -0.936543,
          -0.047193,
          -0.34736,
          6.535304
        ],
        [
          0.074347,
          -0.995095,
          -0.065257,
          1.685552
        ],
        [
          0.0,
          0.0,
          0.0,
          1.0
        ]
      ]
    },
    {
      "file_path": "/media/NFS/ttao/scannet/posed_images/scene0307_02/00188.jpg",
      "transform_matrix": [
        [
          -0.392139,
          -0.091904,
          0.915304,
          1.909446
        ],
        [
          -0.916925,
          -0.040983,
          -0.396949,
          6.524617
        ],
        [
          0.073993,
          -0.994924,
          -0.068198,
          1.688271
        ],
        [
          0.0,
          0.0,
          0.0,
          1.0
        ]
      ]
    },
    {
      "file_path": "/media/NFS/ttao/scannet/posed_images/scene0307_02/00199.jpg",
      "transform_matrix": [
        [
          -0.53114,
          -0.11508,
          0.839432,
          1.879954
        ],
        [
          -0.84635,
          0.025553,
          -0.532014,
          6.486754
        ],
        [
          0.039774,
          -0.993028,
          -0.110971,
          1.662511
        ],
        [
          0.0,
          0.0,
          0.0,
          1.0
        ]
      ]
    },
    {
      "file_path": "/media/NFS/ttao/scannet/posed_images/scene0307_02/00201.jpg",
      "transform_matrix": [
        [
          -0.562804,
          -0.126567,
          0.816843,
          1.884251
        ],
        [
          -0.825878,
          0.045073,
          -0.562045,
          6.490139
        ],
        [
          0.034318,
          -0.990934,
          -0.129896,
          1.67646
        ],
        [
          0.0,
          0.0,
          0.0,
          1.0
        ]
      ]
    },
    {
      "file_path": "/media/NFS/ttao/scannet/posed_images/scene0307_02/00209.jpg",
      "transform_matrix": [
        [
          -0.648407,
          -0.137808,
          0.748717,
          1.866567
        ],
        [
          -0.760875,
          0.084705,
          -0.643346,
          6.462365
        ],
        [
          0.025238,
          -0.98683,
          -0.159778,
          1.65866
        ],
        [
          0.0,
          0.0,
          0.0,
          1.0
        ]
      ]
    },
    {
      "file_path": "/media/NFS/ttao/scannet/posed_images/scene0307_02/00217.jpg",
      "transform_matrix": [
        [
          -0.73954,
          -0.133417,
          0.659758,
          1.873575
        ],
        [
          -0.67311,
          0.143782,
          -0.72543,
          6.466483
        ],
        [
          0.001923,
          -0.980575,
          -0.196137,
          1.64277
        ],
        [
          0.0,
          0.0,
          0.0,
          1.0
        ]
      ]
    },
    {
      "file_path": "/media/NFS/ttao/scannet/posed_images/scene0307_02/00226.jpg",
      "transform_matrix": [
        [
          -0.845914,
          -0.146164,
          0.512898,
          1.897976
        ],
        [
          -0.533247,
          0.216098,
          -0.817893,
          6.477221
        ],
        [
          0.008711,
          -0.965369,
          -0.260742,
          1.638823
        ],
        [
          0.0,
          0.0,
          0.0,
          1.0
        ]
      ]
    },
    {
      "file_path": "/media/NFS/ttao/scannet/posed_images/scene0307_02/00230.jpg",
      "transform_matrix": [
        [
          -0.877569,
          -0.152377,
          0.454593,
          1.903414
        ],
        [
          -0.479154,
          0.245365,
          -0.842738,
          6.473988
        ],
        [
          0.016872,
          -0.95738,
          -0.288337,
          1.627787
        ],
        [
          0.0,
          0.0,
          0.0,
          1.0
        ]
      ]
    },
    {
      "file_path": "/media/NFS/ttao/scannet/posed_images/scene0307_02/00236.jpg",
      "transform_matrix": [
        [
          -0.911364,
          -0.135085,
          0.388804,
          1.883198
        ],
        [
          -0.41155,
          0.284011,
          -0.866005,
          6.451842
        ],
        [
          0.00656,
          -0.949258,
          -0.314431,
          1.606664
        ],
        [
          0.0,
          0.0,
          0.0,
          1.0
        ]
      ]
    },
    {
      "file_path": "/media/NFS/ttao/scannet/posed_images/scene0307_02/00245.jpg",
      "transform_matrix": [
        [
          -0.961102,
          -0.110552,
          0.253101,
          1.855877
        ],
        [
          -0.275749,
          0.332194,
          -0.902003,
          6.415555
        ],
        [
          0.01564,
          -0.93671,
          -0.349757,
          1.572466
        ],
        [
          0.0,
          0.0,
          0.0,
          1.0
        ]
      ]
    },
    {
      "file_path": "/media/NFS/ttao/scannet/posed_images/scene0307_02/00255.jpg",
      "transform_matrix": [
        [
          -0.998018,
          -0.032893,
          0.053647,
          1.802638
        ],
        [
          -0.062234,
          0.389632,
          -0.918866,
          6.348751
        ],
        [
          0.009322,
          -0.920383,
          -0.390907,
          1.575024
        ],
        [
          0.0,
          0.0,
          0.0,
          1.0
        ]
      ]
    },
    {
      "file_path": "/media/NFS/ttao/scannet/posed_images/scene0307_02/00261.jpg",
      "transform_matrix": [
        [
          -0.99926,
          0.016179,
          -0.034898,
          1.786176
        ],
        [
          0.03844,
          0.38725,
          -0.921173,
          6.328686
        ],
        [
          -0.001389,
          -0.921833,
          -0.387585,
          1.570241
        ],
        [
          0.0,
          0.0,
          0.0,
          1.0
        ]
      ]
    },
    {
      "file_path": "/media/NFS/ttao/scannet/posed_images/scene0307_02/00263.jpg",
      "transform_matrix": [
        [
          -0.997932,
          0.028983,
          -0.057374,
          1.781472
        ],
        [
          0.064115,
          0.38515,
          -0.920624,
          6.320512
        ],
        [
          -0.004584,
          -0.922399,
          -0.386212,
          1.570211
        ],
        [
          0.0,
          0.0,
          0.0,
          1.0
        ]
      ]
    },
    {
      "file_path": "/media/NFS/ttao/scannet/posed_images/scene0307_02/00272.jpg",
      "transform_matrix": [
        [
          -0.98671,
          0.085708,
          -0.13805,
          1.762907
        ],
        [
          0.16059,
          0.384745,
          -0.908945,
          6.265392
        ],
        [
          -0.02479,
          -0.919035,
          -0.393396,
          1.568819
        ],
        [
          0.0,
          0.0,
          0.0,
          1.0
        ]
      ]
    },
    {
      "file_path": "/media/NFS/ttao/scannet/posed_images/scene0307_02/00278.jpg",
      "transform_matrix": [
        [
          -0.974431,
          0.113748,
          -0.193767,
          1.759476
        ],
        [
          0.222962,
          0.382839,
          -0.896506,
          6.214921
        ],
        [
          -0.027794,
          -0.916786,
          -0.398411,
          1.558001
        ],
        [
          0.0,
          0.0,
          0.0,
          1.0
        ]
      ]
    },
    {
      "file_path": "/media/NFS/ttao/scannet/posed_images/scene0307_02/00289.jpg",
      "transform_matrix": [
        [
          -0.944359,
          0.134624,
          -0.300103,
          1.80674
        ],
        [
          0.328875,
          0.400879,
          -0.855066,
          6.108448
        ],
        [
          0.005193,
          -0.906186,
          -0.422848,
          1.540097
        ],
        [
          0.0,
          0.0,
          0.0,
          1.0
        ]
      ]
    },
    {
      "file_path": "/media/NFS/ttao/scannet/posed_images/scene0307_02/00297.jpg",
      "transform_matrix": [
        [
          -0.90071,
          0.196723,
          -0.387327,
          1.892718
        ],
        [
          0.434408,
          0.415117,
          -0.799355,
          6.024252
        ],
        [
          0.003534,
          -0.888244,
          -0.459358,
          1.540392
        ],
        [
          0.0,
          0.0,
          0.0,
          1.0
        ]
      ]
    },
    {
      "file_path": "/media/NFS/ttao/scannet/posed_images/scene0307_02/00301.jpg",
      "transform_matrix": [
        [
          -0.876771,
          0.22697,
          -0.423978,
          1.945467
        ],
        [
          0.480907,
          0.416195,
          -0.771694,
          5.99018
        ],
        [
          0.001306,
          -0.880492,
          -0.474059,
          1.540438
        ],
        [
          0.0,
          0.0,
          0.0,
          1.0
        ]
      ]
    },
    {
      "file_path": "/media/NFS/ttao/scannet/posed_images/scene0307_02/00309.jpg",
      "transform_matrix": [
        [
          -0.818806,
          0.276765,
          -0.502949,
          2.028064
        ],
        [
          0.573998,
          0.40857,
          -0.709646,
          5.925225
        ],
        [
          0.009084,
          -0.869754,
          -0.493402,
          1.544034
        ],
        [
          0.0,
          0.0,
          0.0,
          1.0
        ]
      ]
    },
    {
      "file_path": "/media/NFS/ttao/scannet/posed_images/scene0307_02/00314.jpg",
      "transform_matrix": [
        [
          -0.765683,
          0.310715,
          -0.563193,
          2.053646
        ],
        [
          0.64315,
          0.382595,
          -0.663309,
          5.875237
        ],
        [
          0.009375,
          -0.870102,
          -0.492783,
          1.552577
        ],
        [
          0.0,
          0.0,
          0.0,
          1.0
        ]
      ]
    },
    {
      "file_path": "/media/NFS/ttao/scannet/posed_images/scene0307_02/00322.jpg",
      "transform_matrix": [
        [
          -0.640542,
          0.370262,
          -0.672765,
          2.077436
        ],
        [
          0.767135,
          0.268833,
          -0.582438,
          5.76825
        ],
        [
          -0.034793,
          -0.889177,
          -0.456239,
          1.541677
        ],
        [
          0.0,
          0.0,
          0.0,
          1.0
        ]
      ]
    },
    {
      "file_path": "/media/NFS/ttao/scannet/posed_images/scene0307_02/00328.jpg",
      "transform_matrix": [
        [
          -0.564883,
          0.410106,
          -0.716046,
          2.087502
        ],
        [
          0.822417,
          0.208971,
          -0.529114,
          5.66371
        ],
        [
          -0.06736,
          -0.887775,
          -0.455322,
          1.537329
        ],
        [
          0.0,
          0.0,
          0.0,
          1.0
        ]
      ]
    },
    {
      "file_path": "/media/NFS/ttao/scannet/posed_images/scene0307_02/00339.jpg",
      "transform_matrix": [
        [
          -0.440501,
          0.407223,
          -0.800081,
          2.099728
        ],
        [
          0.896325,
          0.149259,
          -0.41752,
          5.505887
        ],
        [
          -0.050605,
          -0.90105,
          -0.430753,
          1.556473
        ],
        [
          0.0,
          0.0,
          0.0,
          1.0
        ]
      ]
    },
    {
      "file_path": "/media/NFS/ttao/scannet/posed_images/scene0307_02/00343.jpg",
      "transform_matrix": [
        [
          -0.389373,
          0.395504,
          -0.831845,
          2.102988
        ],
        [
          0.920589,
          0.137624,
          -0.36548,
          5.446591
        ],
        [
          -0.030067,
          -0.908095,
          -0.417683,
          1.563648
        ],
        [
          0.0,
          0.0,
          0.0,
          1.0
        ]
      ]
    },
    {
      "file_path": "/media/NFS/ttao/scannet/posed_images/scene0307_02/00347.jpg",
      "transform_matrix": [
        [
          -0.336442,
          0.37253,
          -0.864886,
          2.107661
        ],
        [
          0.94144,
          0.111294,
          -0.318284,
          5.395042
        ],
        [
          -0.022314,
          -0.921323,
          -0.388159,
          1.57557
        ],
        [
          0.0,
          0.0,
          0.0,
          1.0
        ]
      ]
    },
    {
      "file_path": "/media/NFS/ttao/scannet/posed_images/scene0307_02/00360.jpg",
      "transform_matrix": [
        [
          -0.096174,
          0.294959,
          -0.950658,
          2.109872
        ],
        [
          0.994698,
          -0.006467,
          -0.102636,
          5.263612
        ],
        [
          -0.036421,
          -0.955488,
          -0.292773,
          1.610631
        ],
        [
          0.0,
          0.0,
          0.0,
          1.0
        ]
      ]
    },
    {
      "file_path": "/media/NFS/ttao/scannet/posed_images/scene0307_02/00362.jpg",
      "transform_matrix": [
        [
          -0.067622,
          0.280145,
          -0.957573,
          2.101682
        ],
        [
          0.996917,
          -0.019314,
          -0.076051,
          5.25766
        ],
        [
          -0.039799,
          -0.959763,
          -0.277975,
          1.624135
        ],
        [
          0.0,
          0.0,
          0.0,
          1.0
        ]
      ]
    },
    {
      "file_path": "/media/NFS/ttao/scannet/posed_images/scene0307_02/00370.jpg",
      "transform_matrix": [
        [
          0.04837,
          0.217571,
          -0.974845,
          2.055761
        ],
        [
          0.997463,
          -0.061557,
          0.035753,
          5.235312
        ],
        [
          -0.05223,
          -0.974102,
          -0.219996,
          1.633923
        ],
        [
          0.0,
          0.0,
          0.0,
          1.0
        ]
      ]
    },
    {
      "file_path": "/media/NFS/ttao/scannet/posed_images/scene0307_02/00381.jpg",
      "transform_matrix": [
        [
          0.157737,
          0.135709,
          -0.978112,
          1.97926
        ],
        [
          0.983645,
          -0.108822,
          0.14353,
          5.222641
        ],
        [
          -0.086962,
          -0.984754,
          -0.150655,
          1.652638
        ],
        [
          0.0,
          0.0,
          0.0,
          1.0
        ]
      ]
    },
    {
      "file_path": "/media/NFS/ttao/scannet/posed_images/scene0307_02/00385.jpg",
      "transform_matrix": [
        [
          0.245395,
          0.149687,
          -0.957797,
          1.951813
        ],
        [
          0.967175,
          -0.105058,
          0.231379,
          5.223943
        ],
        [
          -0.06599,
          -0.983136,
          -0.170554,
          1.65559
        ],
        [
          0.0,
          0.0,
          0.0,
          1.0
        ]
      ]
    },
    {
      "file_path": "/media/NFS/ttao/scannet/posed_images/scene0307_02/00391.jpg",
      "transform_matrix": [
        [
          0.439141,
          0.185414,
          -0.879078,
          1.920952
        ],
        [
          0.897609,
          -0.132079,
          0.42054,
          5.210641
        ],
        [
          -0.038133,
          -0.973744,
          -0.22443,
          1.637501
        ],
        [
          0.0,
          0.0,
          0.0,
          1.0
        ]
      ]
    },
    {
      "file_path": "/media/NFS/ttao/scannet/posed_images/scene0307_02/00395.jpg",
      "transform_matrix": [
        [
          0.499787,
          0.209888,
          -0.840333,
          1.922456
        ],
        [
          0.865157,
          -0.16737,
          0.472748,
          5.213251
        ],
        [
          -0.041423,
          -0.963294,
          -0.265236,
          1.62922
        ],
        [
          0.0,
          0.0,
          0.0,
          1.0
        ]
      ]
    },
    {
      "file_path": "/media/NFS/ttao/scannet/posed_images/scene0307_02/00404.jpg",
      "transform_matrix": [
        [
          0.618892,
          0.250105,
          -0.744594,
          1.931229
        ],
        [
          0.783103,
          -0.270107,
          0.560172,
          5.186169
        ],
        [
          -0.061019,
          -0.929779,
          -0.363025,
          1.594281
        ],
        [
          0.0,
          0.0,
          0.0,
          1.0
        ]
      ]
    },
    {
      "file_path": "/media/NFS/ttao/scannet/posed_images/scene0307_02/00410.jpg",
      "transform_matrix": [
        [
          0.669652,
          0.266648,
          -0.693156,
          1.943278
        ],
        [
          0.740699,
          -0.307838,
          0.597161,
          5.170094
        ],
        [
          -0.054148,
          -0.91331,
          -0.40365,
          1.581421
        ],
        [
          0.0,
          0.0,
          0.0,
          1.0
        ]
      ]
    },
    {
      "file_path": "/media/NFS/ttao/scannet/posed_images/scene0307_02/00422.jpg",
      "transform_matrix": [
        [
          0.770711,
          0.285177,
          -0.569806,
          2.005161
        ],
        [
          0.636686,
          -0.380049,
          0.670964,
          5.162117
        ],
        [
          -0.025211,
          -0.879907,
          -0.474476,
          1.529979
        ],
        [
          0.0,
          0.0,
          0.0,
          1.0
        ]
      ]
    },
    {
      "file_path": "/media/NFS/ttao/scannet/posed_images/scene0307_02/00427.jpg",
      "transform_matrix": [
        [
          0.81732,
          0.263345,
          -0.512482,
          2.044921
        ],
        [
          0.57539,
          -0.419731,
          0.701963,
          5.17389
        ],
        [
          -0.030246,
          -0.868605,
          -0.494581,
          1.518545
        ],
        [
          0.0,
          0.0,
          0.0,
          1.0
        ]
      ]
    },
    {
      "file_path": "/media/NFS/ttao/scannet/posed_images/scene0307_02/00435.jpg",
      "transform_matrix": [
        [
          0.875135,
          0.22723,
          -0.427207,
          2.102561
        ],
        [
          0.483425,
          -0.448822,
          0.751571,
          5.175507
        ],
        [
          -0.02096,
          -0.864249,
          -0.502628,
          1.493942
        ],
        [
          0.0,
          0.0,
          0.0,
          1.0
        ]
      ]
    },
    {
      "file_path": "/media/NFS/ttao/scannet/posed_images/scene0307_02/00443.jpg",
      "transform_matrix": [
        [
          0.915357,
          0.19306,
          -0.353341,
          2.160769
        ],
        [
          0.4023,
          -0.474791,
          0.78277,
          5.20909
        ],
        [
          -0.016642,
          -0.858663,
          -0.512271,
          1.492467
        ],
        [
          0.0,
          0.0,
          0.0,
          1.0
        ]
      ]
    },
    {
      "file_path": "/media/NFS/ttao/scannet/posed_images/scene0307_02/00450.jpg",
      "transform_matrix": [
        [
          0.943896,
          0.142995,
          -0.297679,
          2.175038
        ],
        [
          0.329141,
          -0.480913,
          0.812643,
          5.254473
        ],
        [
          -0.026954,
          -0.865029,
          -0.500997,
          1.492913
        ],
        [
          0.0,
          0.0,
          0.0,
          1.0
        ]
      ]
    },
    {
      "file_path": "/media/NFS/ttao/scannet/posed_images/scene0307_02/00456.jpg",
      "transform_matrix": [
        [
          0.962468,
          0.10115,
          -0.251842,
          2.185355
        ],
        [
          0.26847,
          -0.49073,
          0.82892,
          5.330025
        ],
        [
          -0.039742,
          -0.865421,
          -0.499467,
          1.510395
        ],
        [
          0.0,
          0.0,
          0.0,
          1.0
        ]
      ]
    },
    {
      "file_path": "/media/NFS/ttao/scannet/posed_images/scene0307_02/00462.jpg",
      "transform_matrix": [
        [
          0.977803,
          0.065832,
          -0.198918,
          2.190056
        ],
        [
          0.206061,
          -0.474145,
          0.855994,
          5.401031
        ],
        [
          -0.037964,
          -0.877982,
          -0.477186,
          1.499033
        ],
        [
          0.0,
          0.0,
          0.0,
          1.0
        ]
      ]
    },
    {
      "file_path": "/media/NFS/ttao/scannet/posed_images/scene0307_02/00466.jpg",
      "transform_matrix": [
        [
          0.985327,
          0.0547,
          -0.161677,
          2.19309
        ],
        [
          0.16821,
          -0.471773,
          0.865526,
          5.45777
        ],
        [
          -0.02893,
          -0.880022,
          -0.474052,
          1.502545
        ],
        [
          0.0,
          0.0,
          0.0,
          1.0
        ]
      ]
    },
    {
      "file_path": "/media/NFS/ttao/scannet/posed_images/scene0307_02/00475.jpg",
      "transform_matrix": [
        [
          0.997834,
          0.018634,
          -0.063089,
          2.167952
        ],
        [
          0.064482,
          -0.46686,
          0.881977,
          5.557403
        ],
        [
          -0.013019,
          -0.884135,
          -0.46705,
          1.495523
        ],
        [
          0.0,
          0.0,
          0.0,
          1.0
        ]
      ]
    },
    {
      "file_path": "/media/NFS/ttao/scannet/posed_images/scene0307_02/00479.jpg",
      "transform_matrix": [
        [
          0.999636,
          -0.004946,
          -0.026517,
          2.148806
        ],
        [
          0.020926,
          -0.478115,
          0.878048,
          5.599508
        ],
        [
          -0.017021,
          -0.878283,
          -0.477838,
          1.48906
        ],
        [
          0.0,
          0.0,
          0.0,
          1.0
        ]
      ]
    },
    {
      "file_path": "/media/NFS/ttao/scannet/posed_images/scene0307_02/00487.jpg",
      "transform_matrix": [
        [
          0.993748,
          -0.064803,
          0.09092,
          2.071253
        ],
        [
          -0.111109,
          -0.493801,
          0.862448,
          5.692167
        ],
        [
          -0.010993,
          -0.867157,
          -0.497913,
          1.480062
        ],
        [
          0.0,
          0.0,
          0.0,
          1.0
        ]
      ]
    },
    {
      "file_path": "/media/NFS/ttao/scannet/posed_images/scene0307_02/00493.jpg",
      "transform_matrix": [
        [
          0.968222,
          -0.152358,
          0.198325,
          1.991694
        ],
        [
          -0.247003,
          -0.458338,
          0.853765,
          5.765518
        ],
        [
          -0.039178,
          -0.875622,
          -0.481406,
          1.493259
        ],
        [
          0.0,
          0.0,
          0.0,
          1.0
        ]
      ]
    },
    {
      "file_path": "/media/NFS/ttao/scannet/posed_images/scene0307_02/00500.jpg",
      "transform_matrix": [
        [
          0.923141,
          -0.219792,
          0.315439,
          1.912312
        ],
        [
          -0.381807,
          -0.427871,
          0.819237,
          5.838331
        ],
        [
          -0.045094,
          -0.876709,
          -0.478903,
          1.503527
        ],
        [
          0.0,
          0.0,
          0.0,
          1.0
        ]
      ]
    },
    {
      "file_path": "/media/NFS/ttao/scannet/posed_images/scene0307_02/00512.jpg",
      "transform_matrix": [
        [
          0.834386,
          -0.268702,
          0.481248,
          1.846662
        ],
        [
          -0.550068,
          -0.350495,
          0.75801,
          6.004989
        ],
        [
          -0.035004,
          -0.897192,
          -0.440252,
          1.532857
        ],
        [
          0.0,
          0.0,
          0.0,
          1.0
        ]
      ]
    },
    {
      "file_path": "/media/NFS/ttao/scannet/posed_images/scene0307_02/00519.jpg",
      "transform_matrix": [
        [
          0.78908,
          -0.286302,
          0.543493,
          1.847776
        ],
        [
          -0.612076,
          -0.291369,
          0.735165,
          6.126216
        ],
        [
          -0.052122,
          -0.912763,
          -0.405152,
          1.549105
        ],
        [
          0.0,
          0.0,
          0.0,
          1.0
        ]
      ]
    },
    {
      "file_path": "/media/NFS/ttao/scannet/posed_images/scene0307_02/00521.jpg",
      "transform_matrix": [
        [
          0.785004,
          -0.292172,
          0.546264,
          1.857766
        ],
        [
          -0.61604,
          -0.275229,
          0.738067,
          6.148355
        ],
        [
          -0.065295,
          -0.915906,
          -0.396046,
          1.558027
        ],
        [
          0.0,
          0.0,
          0.0,
          1.0
        ]
      ]
    },
    {
      "file_path": "/media/NFS/ttao/scannet/posed_images/scene0307_02/00529.jpg",
      "transform_matrix": [
        [
          0.714596,
          -0.269837,
          0.6454,
          1.846071
        ],
        [
          -0.698119,
          -0.216358,
          0.682509,
          6.2433
        ],
        [
          -0.044529,
          -0.938284,
          -0.342987,
          1.596923
        ],
        [
          0.0,
          0.0,
          0.0,
          1.0
        ]
      ]
    },
    {
      "file_path": "/media/NFS/ttao/scannet/posed_images/scene0307_02/00535.jpg",
      "transform_matrix": [
        [
          0.629858,
          -0.246591,
          0.736528,
          1.823489
        ],
        [
          -0.775632,
          -0.149737,
          0.613167,
          6.287959
        ],
        [
          -0.040916,
          -0.957482,
          -0.285577,
          1.614442
