{
  "frames": [
    {
      "file_path": "/media/NFS/ttao/scannet/posed_images/scene0111_00/00000.jpg",
      "transform_matrix": [
        [
          0.349467,
          0.022881,
          -0.936669,
          3.08553
        ],
        [
          0.936944,
          -0.011774,
          0.349282,
          2.787215
        ],
        [
          -0.003037,
          -0.999669,
          -0.025553,
          1.609269
        ],
        [
          0.0,
          0.0,
          0.0,
          1.0
        ]
      ]
    },
    {
      "file_path": "/media/NFS/ttao/scannet/posed_images/scene0111_00/00010.jpg",
      "transform_matrix": [
        [
          0.381042,
          0.028611,
          -0.924115,
          3.082879
        ],
        [
          0.924458,
          -0.026525,
          0.380362,
          2.774166
        ],
        [
          -0.013629,
          -0.999239,
          -0.036556,
          1.623583
        ],
        [
          0.0,
          0.0,
          0.0,
          1.0
        ]
      ]
    },
    {
      "file_path": "/media/NFS/ttao/scannet/posed_images/scene0111_00/00020.jpg",
      "transform_matrix": [
        [
          0.395225,
          0.010524,
          -0.918524,
          3.086915
        ],
        [
          0.918498,
          -0.018244,
          0.395004,
          2.76963
        ],
        [
          -0.012601,
          -0.999778,
          -0.016877,
          1.628898
        ],
        [
          0.0,
          0.0,
          0.0,
          1.0
        ]
      ]
    },
    {
      "file_path": "/media/NFS/ttao/scannet/posed_images/scene0111_00/00025.jpg",
      "transform_matrix": [
        [
          0.398498,
          0.01195,
          -0.917091,
          3.091374
        ],
        [
          0.917105,
          -0.017042,
          0.398282,
          2.769025
        ],
        [
          -0.010869,
          -0.999783,
          -0.017751,
          1.631626
        ],
        [
          0.0,
          0.0,
          0.0,
          1.0
        ]
      ]
    },
    {
      "file_path": "/media/NFS/ttao/scannet/posed_images/scene0111_00/00033.jpg",
      "transform_matrix": [
        [
          0.376503,
          0.007937,
          -0.926382,
          3.124262
        ],
        [
          0.926332,
          -0.016702,
          0.376339,
          2.77381
        ],
        [
          -0.012485,
          -0.999829,
          -0.013641,
          1.63511
        ],
        [
          0.0,
          0.0,
          0.0,
          1.0
        ]
      ]
    },
    {
      "file_path": "/media/NFS/ttao/scannet/posed_images/scene0111_00/00046.jpg",
      "transform_matrix": [
        [
          0.24151,
          -0.02174,
          -0.970155,
          3.247214
        ],
        [
          0.970191,
          0.026099,
          0.240934,
          2.82495
        ],
        [
          0.020082,
          -0.999423,
          0.027395,
          1.639738
        ],
        [
          0.0,
          0.0,
          0.0,
          1.0
        ]
      ]
    },
    {
      "file_path": "/media/NFS/ttao/scannet/posed_images/scene0111_00/00053.jpg",
      "transform_matrix": [
        [
          0.205984,
          -0.038083,
          -0.977814,
          3.301278
        ],
        [
          0.978434,
          0.023793,
          0.205188,
          2.850334
        ],
        [
          0.015451,
          -0.998991,
          0.042162,
          1.640056
        ],
        [
          0.0,
          0.0,
          0.0,
          1.0
        ]
      ]
    },
    {
      "file_path": "/media/NFS/ttao/scannet/posed_images/scene0111_00/00058.jpg",
      "transform_matrix": [
        [
          0.180876,
          -0.037859,
          -0.982777,
          3.321916
        ],
        [
          0.983504,
          0.009248,
          0.180653,
          2.852351
        ],
        [
          0.00225,
          -0.99924,
          0.038907,
          1.637643
        ],
        [
          0.0,
          0.0,
          0.0,
          1.0
        ]
      ]
    },
    {
      "file_path": "/media/NFS/ttao/scannet/posed_images/scene0111_00/00069.jpg",
      "transform_matrix": [
        [
          0.085268,
          -0.008131,
          -0.996325,
          3.334488
        ],
        [
          0.996357,
          0.002487,
          0.085251,
          2.853704
        ],
        [
          0.001785,
          -0.999964,
          0.008313,
          1.641145
        ],
        [
          0.0,
          0.0,
          0.0,
          1.0
        ]
      ]
    },
    {
      "file_path": "/media/NFS/ttao/scannet/posed_images/scene0111_00/00081.jpg",
      "transform_matrix": [
        [
          -0.067288,
          0.003515,
          -0.997727,
          3.344315
        ],
        [
          0.997703,
          0.008144,
          -0.067258,
          2.83321
        ],
        [
          0.007889,
          -0.999961,
          -0.004055,
          1.616746
        ],
        [
          0.0,
          0.0,
          0.0,
          1.0
        ]
      ]
    },
    {
      "file_path": "/media/NFS/ttao/scannet/posed_images/scene0111_00/00086.jpg",
      "transform_matrix": [
        [
          -0.109864,
          0.005233,
          -0.993933,
          3.347843
        ],
        [
          0.993883,
          0.011891,
          -0.109796,
          2.829743
        ],
        [
          0.011245,
          -0.999915,
          -0.006507,
          1.618895
        ],
        [
          0.0,
          0.0,
          0.0,
          1.0
        ]
      ]
    },
    {
      "file_path": "/media/NFS/ttao/scannet/posed_images/scene0111_00/00094.jpg",
      "transform_matrix": [
        [
          -0.174136,
          0.011443,
          -0.984655,
          3.345379
        ],
        [
          0.984669,
          0.012418,
          -0.173994,
          2.826104
        ],
        [
          0.010236,
          -0.999857,
          -0.01343,
          1.616753
        ],
        [
          0.0,
          0.0,
          0.0,
          1.0
        ]
      ]
    },
    {
      "file_path": "/media/NFS/ttao/scannet/posed_images/scene0111_00/00099.jpg",
      "transform_matrix": [
        [
          -0.210164,
          0.025067,
          -0.977345,
          3.335491
        ],
        [
          0.977649,
          0.011344,
          -0.209938,
          2.828393
        ],
        [
          0.005825,
          -0.999621,
          -0.026891,
          1.619975
        ],
        [
          0.0,
          0.0,
          0.0,
          1.0
        ]
      ]
    },
    {
      "file_path": "/media/NFS/ttao/scannet/posed_images/scene0111_00/00114.jpg",
      "transform_matrix": [
        [
          -0.286621,
          0.105971,
          -0.952165,
          3.243154
        ],
        [
          0.957957,
          0.018308,
          -0.286327,
          2.805413
        ],
        [
          -0.01291,
          -0.994201,
          -0.106763,
          1.572489
        ],
        [
          0.0,
          0.0,
          0.0,
          1.0
        ]
      ]
    },
    {
      "file_path": "/media/NFS/ttao/scannet/posed_images/scene0111_00/00119.jpg",
      "transform_matrix": [
        [
          -0.311212,
          0.112354,
          -0.943676,
          3.199553
        ],
        [
          0.950337,
          0.0342,
          -0.309337,
          2.795535
        ],
        [
          -0.002481,
          -0.993079,
          -0.117418,
          1.579883
        ],
        [
          0.0,
          0.0,
          0.0,
          1.0
        ]
      ]
    },
    {
      "file_path": "/media/NFS/ttao/scannet/posed_images/scene0111_00/00124.jpg",
      "transform_matrix": [
        [
          -0.341265,
          0.106095,
          -0.93396,
          3.172662
        ],
        [
          0.939967,
          0.037814,
          -0.339164,
          2.788472
        ],
        [
          -0.000666,
          -0.993637,
          -0.11263,
          1.571571
        ],
        [
          0.0,
          0.0,
          0.0,
          1.0
        ]
      ]
    },
    {
      "file_path": "/media/NFS/ttao/scannet/posed_images/scene0111_00/00135.jpg",
      "transform_matrix": [
        [
          -0.451226,
          0.142779,
          -0.880914,
          3.108417
        ],
        [
          0.892232,
          0.091872,
          -0.442133,
          2.794043
        ],
        [
          0.017804,
          -0.985481,
          -0.168847,
          1.567506
        ],
        [
          0.0,
          0.0,
          0.0,
          1.0
        ]
      ]
    },
    {
      "file_path": "/media/NFS/ttao/scannet/posed_images/scene0111_00/00145.jpg",
      "transform_matrix": [
        [
          -0.608011,
          0.170483,
          -0.775408,
          3.018805
        ],
        [
          0.793884,
          0.140893,
          -0.591521,
          2.882129
        ],
        [
          0.008405,
          -0.975236,
          -0.221008,
          1.571424
        ],
        [
          0.0,
          0.0,
          0.0,
          1.0
        ]
      ]
    },
    {
      "file_path": "/media/NFS/ttao/scannet/posed_images/scene0111_00/00155.jpg",
      "transform_matrix": [
        [
          -0.714667,
          0.156723,
          -0.681681,
          2.948886
        ],
        [
          0.698618,
          0.207889,
          -0.684628,
          2.943696
        ],
        [
          0.034416,
          -0.965515,
          -0.258061,
          1.57158
        ],
        [
          0.0,
          0.0,
          0.0,
          1.0
        ]
      ]
    },
    {
      "file_path": "/media/NFS/ttao/scannet/posed_images/scene0111_00/00163.jpg",
      "transform_matrix": [
        [
          -0.771923,
          0.133336,
          -0.621576,
          2.915466
        ],
        [
          0.635091,
          0.205081,
          -0.744716,
          2.969285
        ],
        [
          0.028177,
          -0.96962,
          -0.242987,
          1.572395
        ],
        [
          0.0,
          0.0,
          0.0,
          1.0
        ]
      ]
    },
    {
      "file_path": "/media/NFS/ttao/scannet/posed_images/scene0111_00/00173.jpg",
      "transform_matrix": [
        [
          -0.819512,
          0.094069,
          -0.565289,
          2.861933
        ],
        [
          0.572815,
          0.163485,
          -0.803216,
          2.9753
        ],
        [
          0.016858,
          -0.982051,
          -0.187862,
          1.583233
        ],
        [
          0.0,
          0.0,
          0.0,
          1.0
        ]
      ]
    },
    {
      "file_path": "/media/NFS/ttao/scannet/posed_images/scene0111_00/00178.jpg",
      "transform_matrix": [
        [
          -0.843358,
          0.066764,
          -0.533189,
          2.831994
        ],
        [
          0.535814,
          0.179523,
          -0.825031,
          2.970798
        ],
        [
          0.040637,
          -0.981485,
          -0.187175,
          1.582464
        ],
        [
          0.0,
          0.0,
          0.0,
          1.0
        ]
      ]
    },
    {
      "file_path": "/media/NFS/ttao/scannet/posed_images/scene0111_00/00185.jpg",
      "transform_matrix": [
        [
          -0.864855,
          0.05589,
          -0.4989,
          2.807318
        ],
        [
          0.500488,
          0.173604,
          -0.848159,
          2.957154
        ],
        [
          0.039207,
          -0.983228,
          -0.178114,
          1.615512
        ],
        [
          0.0,
          0.0,
          0.0,
          1.0
        ]
      ]
    },
    {
      "file_path": "/media/NFS/ttao/scannet/posed_images/scene0111_00/00198.jpg",
      "transform_matrix": [
        [
          -0.945303,
          0.004404,
          -0.326162,
          2.739948
        ],
        [
          0.323764,
          0.134444,
          -0.936537,
          3.014708
        ],
        [
          0.039726,
          -0.990911,
          -0.128517,
          1.656382
        ],
        [
          0.0,
          0.0,
          0.0,
          1.0
        ]
      ]
    },
    {
      "file_path": "/media/NFS/ttao/scannet/posed_images/scene0111_00/00203.jpg",
      "transform_matrix": [
        [
          -0.968937,
          -0.010217,
          -0.247098,
          2.739854
        ],
        [
          0.242166,
          0.163497,
          -0.95636,
          3.030979
        ],
        [
          0.050171,
          -0.986491,
          -0.155944,
          1.666242
        ],
        [
          0.0,
          0.0,
          0.0,
          1.0
        ]
      ]
    },
    {
      "file_path": "/media/NFS/ttao/scannet/posed_images/scene0111_00/00213.jpg",
      "transform_matrix": [
        [
          -0.978046,
          -0.007295,
          -0.208263,
          2.701262
        ],
        [
          0.206219,
          0.110005,
          -0.972303,
          3.098315
        ],
        [
          0.030003,
          -0.993904,
          -0.106085,
          1.662313
        ],
        [
          0.0,
          0.0,
          0.0,
          1.0
        ]
      ]
    },
    {
      "file_path": "/media/NFS/ttao/scannet/posed_images/scene0111_00/00224.jpg",
      "transform_matrix": [
        [
          -0.994504,
          0.015742,
          -0.103509,
          2.664207
        ],
        [
          0.104471,
          0.084015,
          -0.990973,
          3.154373
        ],
        [
          -0.006903,
          -0.99634,
          -0.085198,
          1.689341
        ],
        [
          0.0,
          0.0,
          0.0,
          1.0
        ]
      ]
    },
    {
      "file_path": "/media/NFS/ttao/scannet/posed_images/scene0111_00/00234.jpg",
      "transform_matrix": [
        [
          -0.999434,
          -0.001614,
          -0.033612,
          2.702032
        ],
        [
          0.033243,
          0.107677,
          -0.99363,
          3.170534
        ],
        [
          0.005223,
          -0.994185,
          -0.107562,
          1.665505
        ],
        [
          0.0,
          0.0,
          0.0,
          1.0
        ]
      ]
    },
    {
      "file_path": "/media/NFS/ttao/scannet/posed_images/scene0111_00/00241.jpg",
      "transform_matrix": [
        [
          -0.999979,
          -0.005249,
          -0.00375,
          2.73774
        ],
        [
          0.003133,
          0.112917,
          -0.9936,
          3.175089
        ],
        [
          0.005639,
          -0.993591,
          -0.112898,
          1.654877
        ],
        [
          0.0,
          0.0,
          0.0,
          1.0
        ]
      ]
    },
    {
      "file_path": "/media/NFS/ttao/scannet/posed_images/scene0111_00/00249.jpg",
      "transform_matrix": [
        [
          -0.999687,
          -0.017733,
          0.017639,
          2.753834
        ],
        [
          -0.019958,
          0.140487,
          -0.989881,
          3.173782
        ],
        [
          0.015075,
          -0.989924,
          -0.140797,
          1.645249
        ],
        [
          0.0,
          0.0,
          0.0,
          1.0
        ]
      ]
    },
    {
      "file_path": "/media/NFS/ttao/scannet/posed_images/scene0111_00/00259.jpg",
      "transform_matrix": [
        [
          -0.999713,
          -0.014941,
          0.018699,
          2.787658
        ],
        [
          -0.020753,
          0.151864,
          -0.988183,
          3.177055
        ],
        [
          0.011925,
          -0.988288,
          -0.15213,
          1.636109
        ],
        [
          0.0,
          0.0,
          0.0,
          1.0
        ]
      ]
    },
    {
      "file_path": "/media/NFS/ttao/scannet/posed_images/scene0111_00/00264.jpg",
      "transform_matrix": [
        [
          -0.999791,
          -0.01573,
          0.013024,
          2.797879
        ],
        [
          -0.015347,
          0.157962,
          -0.987326,
          3.182311
        ],
        [
          0.013474,
          -0.98732,
          -0.15817,
          1.644656
        ],
        [
          0.0,
          0.0,
          0.0,
          1.0
        ]
      ]
    },
    {
      "file_path": "/media/NFS/ttao/scannet/posed_images/scene0111_00/00269.jpg",
      "transform_matrix": [
        [
          -0.999625,
          -0.011786,
          0.024721,
          2.807349
        ],
        [
          -0.026292,
          0.160316,
          -0.986716,
          3.189881
        ],
        [
          0.007666,
          -0.986995,
          -0.160565,
          1.642884
        ],
        [
          0.0,
          0.0,
          0.0,
          1.0
        ]
      ]
    },
    {
      "file_path": "/media/NFS/ttao/scannet/posed_images/scene0111_00/00282.jpg",
      "transform_matrix": [
        [
          -0.995819,
          -0.029389,
          0.086486,
          2.83704
        ],
        [
          -0.090364,
          0.178711,
          -0.979743,
          3.215654
        ],
        [
          0.013337,
          -0.983462,
          -0.18062,
          1.620946
        ],
        [
          0.0,
          0.0,
          0.0,
          1.0
        ]
      ]
    },
    {
      "file_path": "/media/NFS/ttao/scannet/posed_images/scene0111_00/00292.jpg",
      "transform_matrix": [
        [
          -0.987993,
          -0.00922,
          0.154225,
          2.838042
        ],
        [
          -0.153946,
          0.1433,
          -0.977633,
          3.246752
        ],
        [
          -0.013086,
          -0.989636,
          -0.142999,
          1.637461
        ],
        [
          0.0,
          0.0,
          0.0,
          1.0
        ]
      ]
    },
    {
      "file_path": "/media/NFS/ttao/scannet/posed_images/scene0111_00/00295.jpg",
      "transform_matrix": [
        [
          -0.983954,
          -0.006497,
          0.178303,
          2.834824
        ],
        [
          -0.17741,
          0.141847,
          -0.973861,
          3.25443
        ],
        [
          -0.018965,
          -0.989867,
          -0.140724,
          1.641339
        ],
        [
          0.0,
          0.0,
          0.0,
          1.0
        ]
      ]
    },
    {
      "file_path": "/media/NFS/ttao/scannet/posed_images/scene0111_00/00310.jpg",
      "transform_matrix": [
        [
          -0.931302,
          -0.00899,
          0.364137,
          2.747201
        ],
        [
          -0.362285,
          0.126496,
          -0.923444,
          3.276834
        ],
        [
          -0.03776,
          -0.991926,
          -0.121063,
          1.673154
        ],
        [
          0.0,
          0.0,
          0.0,
          1.0
        ]
      ]
    },
    {
      "file_path": "/media/NFS/ttao/scannet/posed_images/scene0111_00/00318.jpg",
      "transform_matrix": [
        [
          -0.914259,
          0.002533,
          0.405122,
          2.691081
        ],
        [
          -0.402517,
          0.107721,
          -0.909052,
          3.296048
        ],
        [
          -0.045942,
          -0.994178,
          -0.097465,
          1.676286
        ],
        [
          0.0,
          0.0,
          0.0,
          1.0
        ]
      ]
    },
    {
      "file_path": "/media/NFS/ttao/scannet/posed_images/scene0111_00/00320.jpg",
      "transform_matrix": [
        [
          -0.911068,
          0.004458,
          0.412231,
          2.681912
        ],
        [
          -0.409393,
          0.107847,
          -0.905962,
          3.302134
        ],
        [
          -0.048497,
          -0.994157,
          -0.096431,
          1.68202
        ],
        [
          0.0,
          0.0,
          0.0,
          1.0
        ]
      ]
    },
    {
      "file_path": "/media/NFS/ttao/scannet/posed_images/scene0111_00/00333.jpg",
      "transform_matrix": [
        [
          -0.874828,
          -0.004539,
          0.484413,
          2.611276
        ],
        [
          -0.482441,
          0.098775,
          -0.870342,
          3.332271
        ],
        [
          -0.043897,
          -0.995099,
          -0.088601,
          1.668726
        ],
        [
          0.0,
          0.0,
          0.0,
          1.0
        ]
      ]
    },
    {
      "file_path": "/media/NFS/ttao/scannet/posed_images/scene0111_00/00338.jpg",
      "transform_matrix": [
        [
          -0.883201,
          -0.022027,
          0.468477,
          2.597012
        ],
        [
          -0.46753,
          0.120229,
          -0.875763,
          3.339874
        ],
        [
          -0.037034,
          -0.992502,
          -0.116484,
          1.647409
        ],
        [
          0.0,
          0.0,
          0.0,
          1.0
        ]
      ]
    },
    {
      "file_path": "/media/NFS/ttao/scannet/posed_images/scene0111_00/00351.jpg",
      "transform_matrix": [
        [
          -0.920524,
          -0.050288,
          0.387435,
          2.592091
        ],
        [
          -0.388319,
          0.226753,
          -0.893192,
          3.348662
        ],
        [
          -0.042935,
          -0.972653,
          -0.22826,
          1.600042
        ],
        [
          0.0,
          0.0,
          0.0,
          1.0
        ]
      ]
    },
    {
      "file_path": "/media/NFS/ttao/scannet/posed_images/scene0111_00/00361.jpg",
      "transform_matrix": [
        [
          -0.930464,
          -0.070573,
          0.359523,
          2.602747
        ],
        [
          -0.363538,
          0.299904,
          -0.881985,
          3.349212
        ],
        [
          -0.045578,
          -0.951356,
          -0.304705,
          1.569052
        ],
        [
          0.0,
          0.0,
          0.0,
          1.0
        ]
      ]
    },
    {
      "file_path": "/media/NFS/ttao/scannet/posed_images/scene0111_00/00363.jpg",
      "transform_matrix": [
        [
          -0.930949,
          -0.072328,
          0.357915,
          2.601701
        ],
        [
          -0.362084,
          0.309615,
          -0.879224,
          3.348093
        ],
        [
          -0.047224,
          -0.948107,
          -0.314425,
          1.56503
        ],
        [
          0.0,
          0.0,
          0.0,
          1.0
        ]
      ]
    },
    {
      "file_path": "/media/NFS/ttao/scannet/posed_images/scene0111_00/00371.jpg",
      "transform_matrix": [
        [
          -0.940018,
          -0.076901,
          0.332344,
          2.60202
        ],
        [
          -0.337092,
          0.358763,
          -0.870435,
          3.339855
        ],
        [
          -0.052296,
          -0.930256,
          -0.363166,
          1.546993
        ],
        [
          0.0,
          0.0,
          0.0,
          1.0
        ]
      ]
    },
    {
      "file_path": "/media/NFS/ttao/scannet/posed_images/scene0111_00/00378.jpg",
      "transform_matrix": [
        [
          -0.95068,
          -0.079458,
          0.299824,
          2.606266
        ],
        [
          -0.305647,
          0.404543,
          -0.861931,
          3.331249
        ],
        [
          -0.052804,
          -0.911061,
          -0.408877,
          1.530202
        ],
        [
          0.0,
          0.0,
          0.0,
          1.0
        ]
      ]
    },
    {
      "file_path": "/media/NFS/ttao/scannet/posed_images/scene0111_00/00391.jpg",
      "transform_matrix": [
        [
          -0.964017,
          -0.086916,
          0.25123,
          2.601939
        ],
        [
          -0.260381,
          0.499255,
          -0.826406,
          3.310859
        ],
        [
          -0.0536,
          -0.862085,
          -0.503921,
          1.486422
        ],
        [
          0.0,
          0.0,
          0.0,
          1.0
        ]
      ]
    },
    {
      "file_path": "/media/NFS/ttao/scannet/posed_images/scene0111_00/00401.jpg",
      "transform_matrix": [
        [
          -0.964726,
          -0.098539,
          0.24412,
          2.622854
        ],
        [
          -0.257473,
          0.546497,
          -0.7969,
          3.298996
        ],
        [
          -0.054885,
          -0.831644,
          -0.55259,
          1.452981
        ],
        [
          0.0,
          0.0,
          0.0,
          1.0
        ]
      ]
    },
    {
      "file_path": "/media/NFS/ttao/scannet/posed_images/scene0111_00/00404.jpg",
      "transform_matrix": [
        [
          -0.970932,
          -0.099854,
          0.217533,
          2.635078
        ],
        [
          -0.235882,
          0.553465,
          -0.798772,
          3.29749
        ],
        [
          -0.040637,
          -0.826865,
          -0.560931,
          1.448031
        ],
        [
          0.0,
          0.0,
          0.0,
          1.0
        ]
      ]
    },
    {
      "file_path": "/media/NFS/ttao/scannet/posed_images/scene0111_00/00419.jpg",
      "transform_matrix": [
        [
          -0.993551,
          -0.013067,
          0.112634,
          2.734288
        ],
        [
          -0.094848,
          0.640123,
          -0.762396,
          3.302804
        ],
        [
          -0.062137,
          -0.768162,
          -0.637233,
          1.427452
        ],
        [
          0.0,
          0.0,
          0.0,
          1.0
        ]
      ]
    },
    {
      "file_path": "/media/NFS/ttao/scannet/posed_images/scene0111_00/00427.jpg",
      "transform_matrix": [
        [
          -0.996644,
          0.005441,
          0.081674,
          2.798208
        ],
        [
          -0.058854,
          0.645841,
          -0.7612,
          3.317003
        ],
        [
          -0.05689,
          -0.763452,
          -0.643354,
          1.429036
        ],
        [
          0.0,
          0.0,
          0.0,
          1.0
        ]
      ]
    },
    {
      "file_path": "/media/NFS/ttao/scannet/posed_images/scene0111_00/00429.jpg",
      "transform_matrix": [
        [
          -0.997056,
          0.007367,
          0.076328,
          2.812564
        ],
        [
          -0.053837,
          0.641563,
          -0.765179,
          3.324339
        ],
        [
          -0.054607,
          -0.767035,
          -0.639277,
          1.430567
        ],
        [
          0.0,
          0.0,
          0.0,
          1.0
        ]
      ]
    },
    {
      "file_path": "/media/NFS/ttao/scannet/posed_images/scene0111_00/00444.jpg",
      "transform_matrix": [
        [
          -0.997455,
          0.009639,
          0.070642,
          2.811397
        ],
        [
          -0.047966,
          0.64234,
          -0.764918,
          3.359702
        ],
        [
          -0.052749,
          -0.766359,
          -0.640243,
          1.434845
        ],
        [
          0.0,
          0.0,
          0.0,
          1.0
        ]
      ]
    },
    {
      "file_path": "/media/NFS/ttao/scannet/posed_images/scene0111_00/00447.jpg",
      "transform_matrix": [
        [
          -0.996334,
          -0.001119,
          0.085542,
          2.800231
        ],
        [
          -0.066361,
          0.641155,
          -0.764537,
          3.362926
        ],
        [
          -0.05399,
          -0.767411,
          -0.638878,
          1.437979
        ],
        [
          0.0,
          0.0,
          0.0,
          1.0
        ]
      ]
    },
    {
      "file_path": "/media/NFS/ttao/scannet/posed_images/scene0111_00/00455.jpg",
      "transform_matrix": [
        [
          -0.986763,
          -0.073483,
          0.144565,
          2.75592
        ],
        [
          -0.158495,
          0.625676,
          -0.763812,
          3.37714
        ],
        [
          -0.034323,
          -0.776614,
          -0.62904,
          1.441304
        ],
        [
          0.0,
          0.0,
          0.0,
          1.0
        ]
      ]
    },
    {
      "file_path": "/media/NFS/ttao/scannet/posed_images/scene0111_00/00467.jpg",
      "transform_matrix": [
        [
          -0.929686,
          -0.227779,
          0.289482,
          2.688253
        ],
        [
          -0.367423,
          0.517665,
          -0.772673,
          3.403337
        ],
        [
          0.026144,
          -0.824706,
          -0.564957,
          1.461735
        ],
        [
          0.0,
          0.0,
          0.0,
          1.0
        ]
      ]
    },
    {
      "file_path": "/media/NFS/ttao/scannet/posed_images/scene0111_00/00478.jpg",
      "transform_matrix": [
        [
          -0.842564,
          -0.272016,
          0.464858,
          2.717833
        ],
        [
          -0.538538,
          0.438165,
          -0.719714,
          3.395156
        ],
        [
          -0.007911,
          -0.856749,
          -0.515673,
          1.491543
        ],
        [
          0.0,
          0.0,
          0.0,
          1.0
        ]
      ]
    },
    {
      "file_path": "/media/NFS/ttao/scannet/posed_images/scene0111_00/00488.jpg",
      "transform_matrix": [
        [
          -0.752213,
          -0.298956,
          0.587198,
          2.775728
        ],
        [
          -0.658437,
          0.375161,
          -0.652469,
          3.390603
        ],
        [
          -0.025234,
          -0.877428,
          -0.479044,
          1.509299
        ],
        [
          0.0,
          0.0,
          0.0,
          1.0
        ]
      ]
    },
    {
      "file_path": "/media/NFS/ttao/scannet/posed_images/scene0111_00/00490.jpg",
      "transform_matrix": [
        [
          -0.733341,
          -0.300618,
          0.609786,
          2.786033
        ],
        [
          -0.679336,
          0.359255,
          -0.639874,
          3.39758
        ],
        [
          -0.026711,
          -0.883496,
          -0.467677,
          1.508382
        ],
        [
          0.0,
          0.0,
          0.0,
          1.0
        ]
      ]
    },
    {
      "file_path": "/media/NFS/ttao/scannet/posed_images/scene0111_00/00500.jpg",
      "transform_matrix": [
        [
          -0.590682,
          -0.315745,
          0.742563,
          2.802675
        ],
        [
          -0.80662,
          0.255489,
          -0.533001,
          3.401801
        ],
        [
          -0.021424,
          -0.9138,
          -0.405599,
          1.506599
        ],
        [
          0.0,
          0.0,
          0.0,
          1.0
        ]
      ]
    },
    {
      "file_path": "/media/NFS/ttao/scannet/posed_images/scene0111_00/00511.jpg",
      "transform_matrix": [
        [
          -0.4635,
          -0.296324,
          0.835081,
          2.785872
        ],
        [
          -0.885716,
          0.18257,
          -0.42682,
          3.395174
        ],
        [
          -0.025983,
          -0.937475,
          -0.34708,
          1.509213
        ],
        [
          0.0,
          0.0,
          0.0,
          1.0
        ]
      ]
    },
    {
      "file_path": "/media/NFS/ttao/scannet/posed_images/scene0111_00/00516.jpg",
      "transform_matrix": [
        [
          -0.419564,
          -0.285139,
          0.861778,
          2.778396
        ],
        [
          -0.907309,
          0.160485,
          -0.388631,
          3.399438
        ],
        [
          -0.027489,
          -0.944955,
          -0.326043,
          1.517118
        ],
        [
          0.0,
          0.0,
          0.0,
          1.0
        ]
      ]
    },
    {
      "file_path": "/media/NFS/ttao/scannet/posed_images/scene0111_00/00523.jpg",
      "transform_matrix": [
        [
          -0.368678,
          -0.270957,
          0.88919,
          2.773669
        ],
        [
          -0.92916,
          0.135398,
          -0.343991,
          3.434192
        ],
        [
          -0.027187,
          -0.953021,
          -0.301681,
          1.540223
        ],
        [
          0.0,
          0.0,
          0.0,
          1.0
        ]
      ]
    },
    {
      "file_path": "/media/NFS/ttao/scannet/posed_images/scene0111_00/00538.jpg",
      "transform_matrix": [
        [
          -0.18988,
          -0.27589,
          0.942247,
          2.729142
        ],
        [
          -0.981452,
          0.079168,
          -0.1746,
          3.45592
        ],
        [
          -0.026425,
          -0.957923,
          -0.285805,
          1.546287
        ],
        [
          0.0,
          0.0,
          0.0,
          1.0
        ]
      ]
    },
    {
      "file_path": "/media/NFS/ttao/scannet/posed_images/scene0111_00/00541.jpg",
      "transform_matrix": [
        [
          -0.167794,
          -0.277252,
          0.946032,
          2.71454
        ],
        [
          -0.98537,
          0.076251,
          -0.152424,
          3.464278
        ],
        [
          -0.029876,
          -0.957767,
          -0.285991,
          1.544325
        ],
        [
          0.0,
          0.0,
          0.0,
          1.0
        ]
      ]
    },
    {
      "file_path": "/media/NFS/ttao/scannet/posed_images/scene0111_00/00549.jpg",
      "transform_matrix": [
        [
          -0.064619,
          -0.255973,
          0.964522,
          2.693488
        ],
        [
          -0.997244,
          0.051892,
          -0.05304,
          3.462689
        ],
        [
          -0.036475,
          -0.96529,
          -0.25862,
          1.54448
        ],
        [
          0.0,
          0.0,
          0.0,
          1.0
        ]
      ]
    },
    {
      "file_path": "/media/NFS/ttao/scannet/posed_images/scene0111_00/00556.jpg",
      "transform_matrix": [
        [
          -0.007179,
          -0.277129,
          0.960805,
          2.695696
        ],
        [
          -0.999188,
          0.040086,
          0.004096,
          3.479486
        ],
        [
          -0.03965,
          -0.959996,
          -0.277192,
          1.539887
        ],
        [
          0.0,
          0.0,
          0.0,
          1.0
        ]
      ]
    },
    {
      "file_path": "/media/NFS/ttao/scannet/posed_images/scene0111_00/00566.jpg",
      "transform_matrix": [
        [
          0.071505,
          -0.242378,
          0.967543,
          2.70153
        ],
        [
          -0.996602,
          0.022399,
          0.079263,
          3.512416
        ],
        [
          -0.040883,
          -0.969923,
          -0.239953,
          1.555208
        ],
        [
          0.0,
          0.0,
          0.0,
          1.0
        ]
      ]
    },
    {
      "file_path": "/media/NFS/ttao/scannet/posed_images/scene0111_00/00577.jpg",
      "transform_matrix": [
        [
          0.174967,
          -0.20052,
          0.963939,
          2.696669
        ],
        [
          -0.983502,
          0.010084,
          0.180616,
          3.564432
        ],
        [
          -0.045937,
          -0.979638,
          -0.195447,
          1.571232
        ],
        [
          0.0,
          0.0,
          0.0,
          1.0
        ]
      ]
    },
    {
      "file_path": "/media/NFS/ttao/scannet/posed_images/scene0111_00/00582.jpg",
      "transform_matrix": [
        [
          0.211383,
          -0.203947,
          0.955888,
          2.693023
        ],
        [
          -0.975867,
          0.010782,
          0.218102,
          3.620155
        ],
        [
          -0.054788,
          -0.978922,
          -0.196746,
          1.588946
        ],
        [
          0.0,
          0.0,
          0.0,
          1.0
        ]
      ]
    },
    {
      "file_path": "/media/NFS/ttao/scannet/posed_images/scene0111_00/00592.jpg",
      "transform_matrix": [
        [
          0.345009,
          -0.199638,
          0.917122,
          2.696817
        ],
        [
          -0.936801,
          -0.012779,
          0.34963,
          3.663405
        ],
        [
          -0.05808,
          -0.979786,
          -0.19143,
          1.594797
        ],
        [
          0.0,
          0.0,
          0.0,
          1.0
        ]
      ]
    },
    {
      "file_path": "/media/NFS/ttao/scannet/posed_images/scene0111_00/00602.jpg",
      "transform_matrix": [
        [
          0.543997,
          -0.172173,
          0.821233,
          2.724426
        ],
        [
          -0.838235,
          -0.067429,
          0.541124,
          3.648286
        ],
        [
          -0.037792,
          -0.982756,
          -0.181003,
          1.594141
        ],
        [
          0.0,
          0.0,
          0.0,
          1.0
        ]
      ]
    },
    {
      "file_path": "/media/NFS/ttao/scannet/posed_images/scene0111_00/00615.jpg",
      "transform_matrix": [
        [
          0.744551,
          -0.154017,
          0.649555,
          2.761928
        ],
        [
          -0.667553,
          -0.165884,
          0.725848,
          3.596585
        ],
        [
          -0.004043,
          -0.974044,
          -0.226323,
          1.590314
        ],
        [
          0.0,
          0.0,
          0.0,
          1.0
        ]
      ]
    },
    {
      "file_path": "/media/NFS/ttao/scannet/posed_images/scene0111_00/00620.jpg",
      "transform_matrix": [
        [
          0.806329,
          -0.148612,
          0.572493,
          2.775211
        ],
        [
          -0.591412,
          -0.189347,
          0.783824,
          3.572621
        ],
        [
          -0.008086,
          -0.970599,
          -0.240566,
          1.595317
        ],
        [
          0.0,
          0.0,
          0.0,
          1.0
        ]
      ]
    },
    {
      "file_path": "/media/NFS/ttao/scannet/posed_images/scene0111_00/00630.jpg",
      "transform_matrix": [
        [
          0.900035,
          -0.095395,
          0.425249,
          2.767221
        ],
        [
          -0.434984,
          -0.256934,
          0.863003,
          3.563555
        ],
        [
          0.026935,
          -0.961709,
          -0.272745,
          1.573953
        ],
        [
          0.0,
          0.0,
          0.0,
          1.0
        ]
      ]
    },
    {
      "file_path": "/media/NFS/ttao/scannet/posed_images/scene0111_00/00632.jpg",
      "transform_matrix": [
        [
          0.914207,
          -0.084963,
          0.396242,
          2.767519
        ],
        [
          -0.40416,
          -0.262767,
          0.876133,
          3.562458
        ],
        [
          0.029681,
          -0.961111,
          -0.274562,
          1.57419
        ],
        [
          0.0,
          0.0,
          0.0,
          1.0
        ]
      ]
    },
    {
      "file_path": "/media/NFS/ttao/scannet/posed_images/scene0111_00/00643.jpg",
      "transform_matrix": [
        [
          -Infinity,
          -Infinity,
          -Infinity,
          -Infinity
        ],
        [
          -Infinity,
          -Infinity,
          -Infinity,
          -Infinity
        ],
        [
          -Infinity,
          -Infinity,
          -Infinity,
          -Infinity
        ],
        [
          -Infinity,
          -Infinity,
          -Infinity,
          -Infinity
        ]
      ]
    },
    {
      "file_path": "/media/NFS/ttao/scannet/posed_images/scene0111_00/00650.jpg",
      "transform_matrix": [
        [
          -Infinity,
          -Infinity,
          -Infinity,
          -Infinity
        ],
        [
          -Infinity,
          -Infinity,
          -Infinity,
          -Infinity
        ],
