{
  "frames": [
    {
      "file_path": "/media/NFS/ttao/scannet/posed_images/scene0060_01/00000.jpg",
      "transform_matrix": [
        [
          0.770373,
          -0.156903,
          0.617986,
          7.280667
        ],
        [
          -0.637564,
          -0.180181,
          0.749031,
          3.849864
        ],
        [
          -0.006176,
          -0.971039,
          -0.238843,
          1.478012
        ],
        [
          0.0,
          0.0,
          0.0,
          1.0
        ]
      ]
    },
    {
      "file_path": "/media/NFS/ttao/scannet/posed_images/scene0060_01/00003.jpg",
      "transform_matrix": [
        [
          0.787065,
          -0.152976,
          0.597601,
          7.29703
        ],
        [
          -0.616634,
          -0.221916,
          0.755325,
          3.826214
        ],
        [
          0.017071,
          -0.962991,
          -0.268992,
          1.459086
        ],
        [
          0.0,
          0.0,
          0.0,
          1.0
        ]
      ]
    },
    {
      "file_path": "/media/NFS/ttao/scannet/posed_images/scene0060_01/00006.jpg",
      "transform_matrix": [
        [
          0.799962,
          -0.151671,
          0.580566,
          7.305645
        ],
        [
          -0.598818,
          -0.263759,
          0.756206,
          3.817004
        ],
        [
          0.038435,
          -0.95259,
          -0.30182,
          1.447492
        ],
        [
          0.0,
          0.0,
          0.0,
          1.0
        ]
      ]
    },
    {
      "file_path": "/media/NFS/ttao/scannet/posed_images/scene0060_01/00012.jpg",
      "transform_matrix": [
        [
          0.841563,
          -0.146706,
          0.519855,
          7.310327
        ],
        [
          -0.538622,
          -0.300463,
          0.787152,
          3.792894
        ],
        [
          0.040718,
          -0.942443,
          -0.331878,
          1.398215
        ],
        [
          0.0,
          0.0,
          0.0,
          1.0
        ]
      ]
    },
    {
      "file_path": "/media/NFS/ttao/scannet/posed_images/scene0060_01/00015.jpg",
      "transform_matrix": [
        [
          0.861636,
          -0.140237,
          0.487767,
          7.308918
        ],
        [
          -0.505661,
          -0.319542,
          0.801374,
          3.787402
        ],
        [
          0.04348,
          -0.937137,
          -0.346241,
          1.379121
        ],
        [
          0.0,
          0.0,
          0.0,
          1.0
        ]
      ]
    },
    {
      "file_path": "/media/NFS/ttao/scannet/posed_images/scene0060_01/00019.jpg",
      "transform_matrix": [
        [
          0.892024,
          -0.133605,
          0.43179,
          7.298518
        ],
        [
          -0.449498,
          -0.362357,
          0.816486,
          3.787535
        ],
        [
          0.047375,
          -0.922414,
          -0.383287,
          1.360896
        ],
        [
          0.0,
          0.0,
          0.0,
          1.0
        ]
      ]
    },
    {
      "file_path": "/media/NFS/ttao/scannet/posed_images/scene0060_01/00023.jpg",
      "transform_matrix": [
        [
          0.917726,
          -0.107658,
          0.382345,
          7.287004
        ],
        [
          -0.39343,
          -0.378891,
          0.837648,
          3.784769
        ],
        [
          0.054687,
          -0.919158,
          -0.390074,
          1.352579
        ],
        [
          0.0,
          0.0,
          0.0,
          1.0
        ]
      ]
    },
    {
      "file_path": "/media/NFS/ttao/scannet/posed_images/scene0060_01/00024.jpg",
      "transform_matrix": [
        [
          0.922731,
          -0.10257,
          0.371547,
          7.282638
        ],
        [
          -0.381652,
          -0.378036,
          0.843464,
          3.785821
        ],
        [
          0.053944,
          -0.920092,
          -0.387971,
          1.354285
        ],
        [
          0.0,
          0.0,
          0.0,
          1.0
        ]
      ]
    },
    {
      "file_path": "/media/NFS/ttao/scannet/posed_images/scene0060_01/00028.jpg",
      "transform_matrix": [
        [
          0.937666,
          -0.075942,
          0.339139,
          7.260954
        ],
        [
          -0.342284,
          -0.37084,
          0.863319,
          3.78915
        ],
        [
          0.060204,
          -0.925587,
          -0.373718,
          1.366006
        ],
        [
          0.0,
          0.0,
          0.0,
          1.0
        ]
      ]
    },
    {
      "file_path": "/media/NFS/ttao/scannet/posed_images/scene0060_01/00031.jpg",
      "transform_matrix": [
        [
          0.946216,
          -0.05673,
          0.318525,
          7.240776
        ],
        [
          -0.31655,
          -0.365831,
          0.875194,
          3.792701
        ],
        [
          0.066876,
          -0.928951,
          -0.364113,
          1.374834
        ],
        [
          0.0,
          0.0,
          0.0,
          1.0
        ]
      ]
    },
    {
      "file_path": "/media/NFS/ttao/scannet/posed_images/scene0060_01/00036.jpg",
      "transform_matrix": [
        [
          0.965244,
          -0.022897,
          0.260347,
          7.194687
        ],
        [
          -0.251737,
          -0.349161,
          0.902616,
          3.798783
        ],
        [
          0.070236,
          -0.936783,
          -0.342789,
          1.390957
        ],
        [
          0.0,
          0.0,
          0.0,
          1.0
        ]
      ]
    },
    {
      "file_path": "/media/NFS/ttao/scannet/posed_images/scene0060_01/00039.jpg",
      "transform_matrix": [
        [
          0.975237,
          0.004962,
          0.221107,
          7.161129
        ],
        [
          -0.20611,
          -0.342133,
          0.916768,
          3.799636
        ],
        [
          0.080197,
          -0.939639,
          -0.332638,
          1.395297
        ],
        [
          0.0,
          0.0,
          0.0,
          1.0
        ]
      ]
    },
    {
      "file_path": "/media/NFS/ttao/scannet/posed_images/scene0060_01/00040.jpg",
      "transform_matrix": [
        [
          0.979779,
          0.017468,
          0.199318,
          7.153032
        ],
        [
          -0.181552,
          -0.341066,
          0.922341,
          3.794216
        ],
        [
          0.084092,
          -0.939877,
          -0.330998,
          1.393629
        ],
        [
          0.0,
          0.0,
          0.0,
          1.0
        ]
      ]
    },
    {
      "file_path": "/media/NFS/ttao/scannet/posed_images/scene0060_01/00046.jpg",
      "transform_matrix": [
        [
          0.994178,
          0.060732,
          0.089004,
          7.078319
        ],
        [
          -0.062202,
          -0.350997,
          0.934308,
          3.794166
        ],
        [
          0.087983,
          -0.934405,
          -0.345176,
          1.389953
        ],
        [
          0.0,
          0.0,
          0.0,
          1.0
        ]
      ]
    },
    {
      "file_path": "/media/NFS/ttao/scannet/posed_images/scene0060_01/00050.jpg",
      "transform_matrix": [
        [
          0.995136,
          0.096992,
          0.017239,
          7.038595
        ],
        [
          0.017725,
          -0.348429,
          0.937168,
          3.790013
        ],
        [
          0.096904,
          -0.932304,
          -0.348454,
          1.388527
        ],
        [
          0.0,
          0.0,
          0.0,
          1.0
        ]
      ]
    },
    {
      "file_path": "/media/NFS/ttao/scannet/posed_images/scene0060_01/00052.jpg",
      "transform_matrix": [
        [
          0.994047,
          0.108425,
          -0.010668,
          7.012503
        ],
        [
          0.047436,
          -0.342578,
          0.938291,
          3.788402
        ],
        [
          0.098079,
          -0.933212,
          -0.345683,
          1.386203
        ],
        [
          0.0,
          0.0,
          0.0,
          1.0
        ]
      ]
    },
    {
      "file_path": "/media/NFS/ttao/scannet/posed_images/scene0060_01/00057.jpg",
      "transform_matrix": [
        [
          0.987457,
          0.129992,
          -0.089615,
          6.952276
        ],
        [
          0.126738,
          -0.314097,
          0.940894,
          3.783454
        ],
        [
          0.094161,
          -0.94045,
          -0.326632,
          1.389039
        ],
        [
          0.0,
          0.0,
          0.0,
          1.0
        ]
      ]
    },
    {
      "file_path": "/media/NFS/ttao/scannet/posed_images/scene0060_01/00060.jpg",
      "transform_matrix": [
        [
          0.9796,
          0.142812,
          -0.141381,
          6.931568
        ],
        [
          0.179376,
          -0.304222,
          0.93556,
          3.784599
        ],
        [
          0.090597,
          -0.941835,
          -0.323633,
          1.40227
        ],
        [
          0.0,
          0.0,
          0.0,
          1.0
        ]
      ]
    },
    {
      "file_path": "/media/NFS/ttao/scannet/posed_images/scene0060_01/00064.jpg",
      "transform_matrix": [
        [
          0.966609,
          0.159294,
          -0.200728,
          6.899084
        ],
        [
          0.23986,
          -0.286746,
          0.927493,
          3.785891
        ],
        [
          0.090186,
          -0.94467,
          -0.31538,
          1.405014
        ],
        [
          0.0,
          0.0,
          0.0,
          1.0
        ]
      ]
    },
    {
      "file_path": "/media/NFS/ttao/scannet/posed_images/scene0060_01/00065.jpg",
      "transform_matrix": [
        [
          0.962501,
          0.164316,
          -0.215854,
          6.89348
        ],
        [
          0.255635,
          -0.283071,
          0.924404,
          3.787214
        ],
        [
          0.090792,
          -0.944919,
          -0.314461,
          1.404784
        ],
        [
          0.0,
          0.0,
          0.0,
          1.0
        ]
      ]
    },
    {
      "file_path": "/media/NFS/ttao/scannet/posed_images/scene0060_01/00068.jpg",
      "transform_matrix": [
        [
          0.948039,
          0.177295,
          -0.264174,
          6.872103
        ],
        [
          0.305388,
          -0.274262,
          0.911876,
          3.796614
        ],
        [
          0.089218,
          -0.94517,
          -0.314156,
          1.40749
        ],
        [
          0.0,
          0.0,
          0.0,
          1.0
        ]
      ]
    },
    {
      "file_path": "/media/NFS/ttao/scannet/posed_images/scene0060_01/00071.jpg",
      "transform_matrix": [
        [
          0.925817,
          0.186735,
          -0.328622,
          6.877409
        ],
        [
          0.369731,
          -0.266869,
          0.889989,
          3.817105
        ],
        [
          0.078493,
          -0.945469,
          -0.316113,
          1.423094
        ],
        [
          0.0,
          0.0,
          0.0,
          1.0
        ]
      ]
    },
    {
      "file_path": "/media/NFS/ttao/scannet/posed_images/scene0060_01/00078.jpg",
      "transform_matrix": [
        [
          0.866622,
          0.184318,
          -0.463673,
          6.857277
        ],
        [
          0.496498,
          -0.226271,
          0.838028,
          3.857294
        ],
        [
          0.049547,
          -0.956467,
          -0.287605,
          1.436756
        ],
        [
          0.0,
          0.0,
          0.0,
          1.0
        ]
      ]
    },
    {
      "file_path": "/media/NFS/ttao/scannet/posed_images/scene0060_01/00079.jpg",
      "transform_matrix": [
        [
          0.854509,
          0.195075,
          -0.481415,
          6.854323
        ],
        [
          0.516686,
          -0.223955,
          0.826366,
          3.864903
        ],
        [
          0.053388,
          -0.954877,
          -0.292164,
          1.438093
        ],
        [
          0.0,
          0.0,
          0.0,
          1.0
        ]
      ]
    },
    {
      "file_path": "/media/NFS/ttao/scannet/posed_images/scene0060_01/00083.jpg",
      "transform_matrix": [
        [
          0.805679,
          0.211633,
          -0.553256,
          6.850111
        ],
        [
          0.589962,
          -0.202864,
          0.781532,
          3.910439
        ],
        [
          0.053163,
          -0.956064,
          -0.288298,
          1.452713
        ],
        [
          0.0,
          0.0,
          0.0,
          1.0
        ]
      ]
    },
    {
      "file_path": "/media/NFS/ttao/scannet/posed_images/scene0060_01/00087.jpg",
      "transform_matrix": [
        [
          0.761119,
          0.245117,
          -0.600513,
          6.846753
        ],
        [
          0.645539,
          -0.196249,
          0.738083,
          3.942241
        ],
        [
          0.063066,
          -0.949423,
          -0.307601,
          1.441757
        ],
        [
          0.0,
          0.0,
          0.0,
          1.0
        ]
      ]
    },
    {
      "file_path": "/media/NFS/ttao/scannet/posed_images/scene0060_01/00089.jpg",
      "transform_matrix": [
        [
          0.738516,
          0.263609,
          -0.620568,
          6.844958
        ],
        [
          0.670737,
          -0.193607,
          0.71598,
          3.956163
        ],
        [
          0.068592,
          -0.945001,
          -0.319794,
          1.434843
        ],
        [
          0.0,
          0.0,
          0.0,
          1.0
        ]
      ]
    },
    {
      "file_path": "/media/NFS/ttao/scannet/posed_images/scene0060_01/00095.jpg",
      "transform_matrix": [
        [
          0.679854,
          0.307488,
          -0.66577,
          6.834717
        ],
        [
          0.731109,
          -0.213308,
          0.648058,
          3.986659
        ],
        [
          0.057256,
          -0.927335,
          -0.369826,
          1.419637
        ],
        [
          0.0,
          0.0,
          0.0,
          1.0
        ]
      ]
    },
    {
      "file_path": "/media/NFS/ttao/scannet/posed_images/scene0060_01/00096.jpg",
      "transform_matrix": [
        [
          0.673629,
          0.308199,
          -0.671742,
          6.830427
        ],
        [
          0.737055,
          -0.213063,
          0.641369,
          3.987957
        ],
        [
          0.054546,
          -0.927156,
          -0.370685,
          1.419396
        ],
        [
          0.0,
          0.0,
          0.0,
          1.0
        ]
      ]
    },
    {
      "file_path": "/media/NFS/ttao/scannet/posed_images/scene0060_01/00100.jpg",
      "transform_matrix": [
        [
          0.640164,
          0.33179,
          -0.692896,
          6.806343
        ],
        [
          0.766442,
          -0.214184,
          0.605552,
          3.990073
        ],
        [
          0.052509,
          -0.918717,
          -0.39141,
          1.410359
        ],
        [
          0.0,
          0.0,
          0.0,
          1.0
        ]
      ]
    },
    {
      "file_path": "/media/NFS/ttao/scannet/posed_images/scene0060_01/00105.jpg",
      "transform_matrix": [
        [
          0.610875,
          0.368874,
          -0.700545,
          6.766969
        ],
        [
          0.789525,
          -0.217869,
          0.573746,
          3.979384
        ],
        [
          0.059013,
          -0.903585,
          -0.424326,
          1.391234
        ],
        [
          0.0,
          0.0,
          0.0,
          1.0
        ]
      ]
    },
    {
      "file_path": "/media/NFS/ttao/scannet/posed_images/scene0060_01/00107.jpg",
      "transform_matrix": [
        [
          0.603742,
          0.381493,
          -0.69997,
          6.747002
        ],
        [
          0.794761,
          -0.219706,
          0.565759,
          3.97204
        ],
        [
          0.062045,
          -0.897882,
          -0.435842,
          1.382259
        ],
        [
          0.0,
          0.0,
          0.0,
          1.0
        ]
      ]
    },
    {
      "file_path": "/media/NFS/ttao/scannet/posed_images/scene0060_01/00112.jpg",
      "transform_matrix": [
        [
          0.594195,
          0.405149,
          -0.694828,
          6.680826
        ],
        [
          0.80152,
          -0.226232,
          0.553521,
          3.941496
        ],
        [
          0.067066,
          -0.885818,
          -0.459161,
          1.374927
        ],
        [
          0.0,
          0.0,
          0.0,
          1.0
        ]
      ]
    },
    {
      "file_path": "/media/NFS/ttao/scannet/posed_images/scene0060_01/00113.jpg",
      "transform_matrix": [
        [
          0.590872,
          0.403007,
          -0.698896,
          6.666481
        ],
        [
          0.804108,
          -0.223933,
          0.550695,
          3.933691
        ],
        [
          0.065427,
          -0.887378,
          -0.456377,
          1.3747
        ],
        [
          0.0,
          0.0,
          0.0,
          1.0
        ]
      ]
    },
    {
      "file_path": "/media/NFS/ttao/scannet/posed_images/scene0060_01/00117.jpg",
      "transform_matrix": [
        [
          0.562501,
          0.401347,
          -0.72285,
          6.607583
        ],
        [
          0.824365,
          -0.205253,
          0.527535,
          3.895387
        ],
        [
          0.063358,
          -0.892632,
          -0.446312,
          1.379461
        ],
        [
          0.0,
          0.0,
          0.0,
          1.0
        ]
      ]
    },
    {
      "file_path": "/media/NFS/ttao/scannet/posed_images/scene0060_01/00120.jpg",
      "transform_matrix": [
        [
          0.533629,
          0.398268,
          -0.746072,
          6.564106
        ],
        [
          0.843014,
          -0.18,
          0.50688,
          3.862948
        ],
        [
          0.067581,
          -0.899435,
          -0.431799,
          1.369283
        ],
        [
          0.0,
          0.0,
          0.0,
          1.0
        ]
      ]
    },
    {
      "file_path": "/media/NFS/ttao/scannet/posed_images/scene0060_01/00126.jpg",
      "transform_matrix": [
        [
          0.495135,
          0.379442,
          -0.781578,
          6.4939
        ],
        [
          0.865905,
          -0.141938,
          0.479648,
          3.813473
        ],
        [
          0.071063,
          -0.914263,
          -0.39884,
          1.379705
        ],
        [
          0.0,
          0.0,
          0.0,
          1.0
        ]
      ]
    },
    {
      "file_path": "/media/NFS/ttao/scannet/posed_images/scene0060_01/00130.jpg",
      "transform_matrix": [
        [
          0.484964,
          0.358192,
          -0.797814,
          6.461524
        ],
        [
          0.87135,
          -0.120134,
          0.475728,
          3.795086
        ],
        [
          0.074558,
          -0.925887,
          -0.370371,
          1.379966
        ],
        [
          0.0,
          0.0,
          0.0,
          1.0
        ]
      ]
    },
    {
      "file_path": "/media/NFS/ttao/scannet/posed_images/scene0060_01/00132.jpg",
      "transform_matrix": [
        [
          0.482721,
          0.351292,
          -0.802231,
          6.440007
        ],
        [
          0.872251,
          -0.110764,
          0.476351,
          3.788085
        ],
        [
          0.07848,
          -0.929691,
          -0.359883,
          1.381917
        ],
        [
          0.0,
          0.0,
          0.0,
          1.0
        ]
      ]
    },
    {
      "file_path": "/media/NFS/ttao/scannet/posed_images/scene0060_01/00135.jpg",
      "transform_matrix": [
        [
          0.47604,
          0.347813,
          -0.80772,
          6.406788
        ],
        [
          0.875811,
          -0.104336,
          0.471242,
          3.782808
        ],
        [
          0.07963,
          -0.93174,
          -0.354287,
          1.387801
        ],
        [
          0.0,
          0.0,
          0.0,
          1.0
        ]
      ]
    },
    {
      "file_path": "/media/NFS/ttao/scannet/posed_images/scene0060_01/00138.jpg",
      "transform_matrix": [
        [
          0.467859,
          0.337506,
          -0.816822,
          6.374022
        ],
        [
          0.880573,
          -0.099066,
          0.463441,
          3.780163
        ],
        [
          0.075495,
          -0.936096,
          -0.343547,
          1.395346
        ],
        [
          0.0,
          0.0,
          0.0,
          1.0
        ]
      ]
    },
    {
      "file_path": "/media/NFS/ttao/scannet/posed_images/scene0060_01/00142.jpg",
      "transform_matrix": [
        [
          0.458457,
          0.314808,
          -0.831091,
          6.323317
        ],
        [
          0.88663,
          -0.097968,
          0.451985,
          3.778185
        ],
        [
          0.060868,
          -0.944086,
          -0.324033,
          1.400066
        ],
        [
          0.0,
          0.0,
          0.0,
          1.0
        ]
      ]
    },
    {
      "file_path": "/media/NFS/ttao/scannet/posed_images/scene0060_01/00147.jpg",
      "transform_matrix": [
        [
          0.446152,
          0.286609,
          -0.847823,
          6.255294
        ],
        [
          0.893734,
          -0.093171,
          0.438816,
          3.777337
        ],
        [
          0.046776,
          -0.953507,
          -0.29772,
          1.408039
        ],
        [
          0.0,
          0.0,
          0.0,
          1.0
        ]
      ]
    },
    {
      "file_path": "/media/NFS/ttao/scannet/posed_images/scene0060_01/00148.jpg",
      "transform_matrix": [
        [
          0.445674,
          0.288871,
          -0.847306,
          6.23811
        ],
        [
          0.894058,
          -0.095929,
          0.43756,
          3.77519
        ],
        [
          0.045117,
          -0.95255,
          -0.301021,
          1.408976
        ],
        [
          0.0,
          0.0,
          0.0,
          1.0
        ]
      ]
    },
    {
      "file_path": "/media/NFS/ttao/scannet/posed_images/scene0060_01/00151.jpg",
      "transform_matrix": [
        [
          0.431916,
          0.285626,
          -0.855492,
          6.201712
        ],
        [
          0.901135,
          -0.097263,
          0.422487,
          3.772262
        ],
        [
          0.037466,
          -0.953393,
          -0.299397,
          1.404803
        ],
        [
          0.0,
          0.0,
          0.0,
          1.0
        ]
      ]
    },
    {
      "file_path": "/media/NFS/ttao/scannet/posed_images/scene0060_01/00155.jpg",
      "transform_matrix": [
        [
          0.410956,
          0.30062,
          -0.860664,
          6.152811
        ],
        [
          0.910459,
          -0.08698,
          0.404351,
          3.748707
        ],
        [
          0.046695,
          -0.94977,
          -0.309447,
          1.405616
        ],
        [
          0.0,
          0.0,
          0.0,
          1.0
        ]
      ]
    },
    {
      "file_path": "/media/NFS/ttao/scannet/posed_images/scene0060_01/00159.jpg",
      "transform_matrix": [
        [
          0.425422,
          0.314691,
          -0.84852,
          6.105634
        ],
        [
          0.902853,
          -0.083113,
          0.421839,
          3.717591
        ],
        [
          0.062226,
          -0.945548,
          -0.319478,
          1.391495
        ],
        [
          0.0,
          0.0,
          0.0,
          1.0
        ]
      ]
    },
    {
      "file_path": "/media/NFS/ttao/scannet/posed_images/scene0060_01/00162.jpg",
      "transform_matrix": [
        [
          0.466616,
          0.31905,
          -0.82491,
          6.073763
        ],
        [
          0.881582,
          -0.092588,
          0.462862,
          3.695991
        ],
        [
          0.071299,
          -0.943205,
          -0.324472,
          1.367128
        ],
        [
          0.0,
          0.0,
          0.0,
          1.0
        ]
      ]
    },
    {
      "file_path": "/media/NFS/ttao/scannet/posed_images/scene0060_01/00165.jpg",
      "transform_matrix": [
        [
          0.523053,
          0.325365,
          -0.787752,
          6.047381
        ],
        [
          0.851061,
          -0.149568,
          0.503313,
          3.677067
        ],
        [
          0.045938,
          -0.933685,
          -0.355138,
          1.362889
        ],
        [
          0.0,
          0.0,
          0.0,
          1.0
        ]
      ]
    },
    {
      "file_path": "/media/NFS/ttao/scannet/posed_images/scene0060_01/00171.jpg",
      "transform_matrix": [
        [
          0.597851,
          0.26717,
          -0.755774,
          5.997388
        ],
        [
          0.801601,
          -0.195537,
          0.564979,
          3.620513
        ],
        [
          0.003164,
          -0.943603,
          -0.331066,
          1.392621
        ],
        [
          0.0,
          0.0,
          0.0,
          1.0
        ]
      ]
    },
    {
      "file_path": "/media/NFS/ttao/scannet/posed_images/scene0060_01/00172.jpg",
      "transform_matrix": [
        [
          0.601105,
          0.260342,
          -0.755575,
          5.992362
        ],
        [
          0.799168,
          -0.19399,
          0.568945,
          3.610099
        ],
        [
          0.001547,
          -0.945828,
          -0.324665,
          1.393221
        ],
        [
          0.0,
          0.0,
          0.0,
          1.0
        ]
      ]
    },
    {
      "file_path": "/media/NFS/ttao/scannet/posed_images/scene0060_01/00178.jpg",
      "transform_matrix": [
        [
          0.595432,
          0.255701,
          -0.761628,
          5.959057
        ],
        [
          0.803406,
          -0.189073,
          0.564616,
          3.554197
        ],
        [
          0.00037,
          -0.948087,
          -0.318012,
          1.399338
        ],
        [
          0.0,
          0.0,
          0.0,
          1.0
        ]
      ]
    },
    {
      "file_path": "/media/NFS/ttao/scannet/posed_images/scene0060_01/00179.jpg",
      "transform_matrix": [
        [
          0.597087,
          0.250491,
          -0.762064,
          5.952077
        ],
        [
          0.802176,
          -0.187655,
          0.566833,
          3.546815
        ],
        [
          -0.001019,
          -0.949758,
          -0.312984,
          1.405574
        ],
        [
          0.0,
          0.0,
          0.0,
          1.0
        ]
      ]
    },
    {
      "file_path": "/media/NFS/ttao/scannet/posed_images/scene0060_01/00182.jpg",
      "transform_matrix": [
        [
          0.588794,
          0.236813,
          -0.772813,
          5.937944
        ],
        [
          0.808281,
          -0.174358,
          0.562388,
          3.528353
        ],
        [
          -0.001565,
          -0.955782,
          -0.294073,
          1.404302
        ],
        [
          0.0,
          0.0,
          0.0,
          1.0
        ]
      ]
    },
    {
      "file_path": "/media/NFS/ttao/scannet/posed_images/scene0060_01/00188.jpg",
      "transform_matrix": [
        [
          0.564386,
          0.218224,
          -0.796145,
          5.876939
        ],
        [
          0.824918,
          -0.112545,
          0.553935,
          3.501348
        ],
        [
          0.031279,
          -0.969388,
          -0.243536,
          1.398001
        ],
        [
          0.0,
          0.0,
          0.0,
          1.0
        ]
      ]
    },
    {
      "file_path": "/media/NFS/ttao/scannet/posed_images/scene0060_01/00190.jpg",
      "transform_matrix": [
        [
          0.551315,
          0.210209,
          -0.807381,
          5.873543
        ],
        [
          0.833633,
          -0.100176,
          0.543159,
          3.499188
        ],
        [
          0.033297,
          -0.972511,
          -0.230466,
          1.391844
        ],
        [
          0.0,
          0.0,
          0.0,
          1.0
        ]
      ]
    },
    {
      "file_path": "/media/NFS/ttao/scannet/posed_images/scene0060_01/00195.jpg",
      "transform_matrix": [
        [
          0.500307,
          0.180993,
          -0.84672,
          5.815453
        ],
        [
          0.865461,
          -0.075284,
          0.495288,
          3.506065
        ],
        [
          0.025899,
          -0.980599,
          -0.194307,
          1.405634
        ],
        [
          0.0,
          0.0,
          0.0,
          1.0
        ]
      ]
    },
    {
      "file_path": "/media/NFS/ttao/scannet/posed_images/scene0060_01/00199.jpg",
      "transform_matrix": [
        [
          0.473408,
          0.13759,
          -0.870031,
          5.756977
        ],
        [
          0.880778,
          -0.061879,
          0.469469,
          3.516695
        ],
        [
          0.010757,
          -0.988555,
          -0.150481,
          1.402105
        ],
        [
          0.0,
          0.0,
          0.0,
          1.0
        ]
      ]
    },
    {
      "file_path": "/media/NFS/ttao/scannet/posed_images/scene0060_01/00200.jpg",
      "transform_matrix": [
        [
          0.466745,
          0.134579,
          -0.874092,
          5.745007
        ],
        [
          0.884359,
          -0.062493,
          0.462606,
          3.521387
        ],
        [
          0.007632,
          -0.988931,
          -0.148184,
          1.38798
        ],
        [
          0.0,
          0.0,
          0.0,
          1.0
        ]
      ]
    },
    {
      "file_path": "/media/NFS/ttao/scannet/posed_images/scene0060_01/00204.jpg",
      "transform_matrix": [
        [
          0.452979,
          0.13991,
          -0.880474,
          5.685088
        ],
        [
          0.891373,
          -0.053053,
          0.450156,
          3.535507
        ],
        [
          0.016269,
          -0.988742,
          -0.148744,
          1.385046
        ],
        [
          0.0,
          0.0,
          0.0,
          1.0
        ]
      ]
    },
    {
      "file_path": "/media/NFS/ttao/scannet/posed_images/scene0060_01/00209.jpg",
      "transform_matrix": [
        [
          0.431202,
          0.205337,
          -0.878579,
          5.611751
        ],
        [
          0.901503,
          -0.05829,
          0.42883,
          3.544449
        ],
        [
          0.036842,
          -0.976954,
          -0.210247,
          1.355531
        ],
        [
          0.0,
          0.0,
          0.0,
          1.0
        ]
      ]
    },
    {
      "file_path": "/media/NFS/ttao/scannet/posed_images/scene0060_01/00210.jpg",
      "transform_matrix": [
        [
          0.430054,
          0.222557,
          -0.874941,
          5.59615
        ],
        [
          0.901954,
          -0.063896,
          0.427078,
          3.54719
        ],
        [
          0.039144,
          -0.972824,
          -0.228215,
          1.347791
        ],
        [
          0.0,
          0.0,
          0.0,
          1.0
        ]
      ]
    },
    {
      "file_path": "/media/NFS/ttao/scannet/posed_images/scene0060_01/00214.jpg",
      "transform_matrix": [
        [
          0.417956,
          0.289106,
          -0.861238,
          5.533964
        ],
        [
          0.906555,
          -0.071242,
          0.416033,
          3.556982
        ],
        [
          0.058922,
          -0.954643,
          -0.291866,
          1.316378
        ],
        [
          0.0,
          0.0,
          0.0,
          1.0
        ]
      ]
    },
    {
      "file_path": "/media/NFS/ttao/scannet/posed_images/scene0060_01/00217.jpg",
      "transform_matrix": [
        [
          0.423941,
          0.327893,
          -0.844251,
          5.480969
        ],
        [
          0.902793,
          -0.078499,
          0.422851,
          3.560583
        ],
        [
          0.072376,
          -0.941448,
          -0.329298,
          1.305117
        ],
        [
          0.0,
          0.0,
          0.0,
          1.0
        ]
      ]
    },
    {
      "file_path": "/media/NFS/ttao/scannet/posed_images/scene0060_01/00223.jpg",
      "transform_matrix": [
        [
          0.399548,
          0.374795,
          -0.836594,
          5.388227
        ],
        [
          0.913635,
          -0.088091,
          0.396877,
          3.566404
        ],
        [
          0.075052,
          -0.922913,
          -0.377622,
          1.294594
        ],
        [
          0.0,
          0.0,
          0.0,
          1.0
        ]
      ]
    },
    {
      "file_path": "/media/NFS/ttao/scannet/posed_images/scene0060_01/00225.jpg",
      "transform_matrix": [
        [
          0.392032,
          0.393825,
          -0.831392,
          5.355592
        ],
        [
          0.916431,
          -0.088195,
          0.390354,
          3.567898
        ],
        [
          0.080406,
          -0.914945,
          -0.395489,
          1.304772
        ],
        [
          0.0,
          0.0,
          0.0,
          1.0
        ]
      ]
    },
    {
      "file_path": "/media/NFS/ttao/scannet/posed_images/scene0060_01/00227.jpg",
      "transform_matrix": [
        [
          0.373667,
          0.389798,
          -0.841683,
          5.33619
        ],
        [
          0.923968,
          -0.07661,
          0.374718,
          3.573874
        ],
        [
          0.081583,
          -0.917708,
          -0.388787,
          1.295986
        ],
        [
          0.0,
          0.0,
          0.0,
          1.0
        ]
      ]
    },
    {
      "file_path": "/media/NFS/ttao/scannet/posed_images/scene0060_01/00233.jpg",
      "transform_matrix": [
        [
          0.289283,
          0.425186,
          -0.857632,
          5.280999
        ],
        [
          0.953987,
          -0.054216,
          0.294905,
          3.603868
        ],
        [
          0.078892,
          -0.903481,
          -0.421306,
          1.291523
        ],
        [
          0.0,
          0.0,
          0.0,
          1.0
        ]
      ]
    },
    {
      "file_path": "/media/NFS/ttao/scannet/posed_images/scene0060_01/00236.jpg",
      "transform_matrix": [
        [
          0.239379,
          0.407006,
          -0.881501,
          5.270329
        ],
        [
          0.968984,
          -0.042742,
          0.243401,
          3.662571
        ],
        [
          0.061388,
          -0.912425,
          -0.404614,
          1.29553
        ],
        [
          0.0,
          0.0,
          0.0,
          1.0
        ]
      ]
    },
    {
      "file_path": "/media/NFS/ttao/scannet/posed_images/scene0060_01/00238.jpg",
      "transform_matrix": [
        [
          0.218545,
          0.4018,
          -0.889266,
          5.257763
        ],
        [
          0.974234,
          -0.037798,
          0.222349,
          3.691102
        ],
        [
          0.055727,
          -0.914947,
          -0.399708,
          1.292113
        ],
        [
          0.0,
          0.0,
          0.0,
          1.0
        ]
      ]
    },
    {
      "file_path": "/media/NFS/ttao/scannet/posed_images/scene0060_01/00243.jpg",
      "transform_matrix": [
        [
          0.191277,
          0.40572,
          -0.893759,
          5.183122
        ],
        [
          0.980239,
          -0.032154,
          0.195189,
          3.699413
        ],
        [
          0.050454,
          -0.913432,
          -0.403852,
          1.309833
        ],
        [
          0.0,
          0.0,
          0.0,
          1.0
        ]
      ]
    },
    {
      "file_path": "/media/NFS/ttao/scannet/posed_images/scene0060_01/00244.jpg",
      "transform_matrix": [
        [
          0.187029,
          0.397467,
          -0.898354,
          5.171242
        ],
        [
          0.980978,
          -0.027171,
          0.192209,
          3.704597
        ],
        [
          0.051988,
          -0.917214,
          -0.394988,
          1.3113
        ],
        [
          0.0,
          0.0,
          0.0,
          1.0
        ]
      ]
    },
    {
      "file_path": "/media/NFS/ttao/scannet/posed_images/scene0060_01/00248.jpg",
      "transform_matrix": [
        [
          0.133708,
          0.397411,
          -0.907847,
          5.153718
        ],
        [
          0.988902,
          0.006367,
          0.148433,
          3.751232
        ],
        [
          0.064769,
          -0.917619,
          -0.39215,
          1.284721
        ],
        [
          0.0,
          0.0,
          0.0,
          1.0
        ]
      ]
    },
    {
      "file_path": "/media/NFS/ttao/scannet/posed_images/scene0060_01/00254.jpg",
      "transform_matrix": [
        [
          0.077108,
          0.427769,
          -0.900593,
          5.094213
        ],
        [
          0.995073,
          0.023445,
          0.096333,
          3.758196
        ],
        [
          0.062322,
          -0.903584,
          -0.423853,
          1.294089
        ],
        [
          0.0,
          0.0,
          0.0,
          1.0
        ]
      ]
    },
    {
      "file_path": "/media/NFS/ttao/scannet/posed_images/scene0060_01/00255.jpg",
      "transform_matrix": [
        [
          0.068973,
          0.428755,
          -0.900784,
          5.086605
        ],
        [
          0.99584,
          0.024305,
          0.08782,
          3.762044
        ],
        [
          0.059547,
          -0.903094,
          -0.425295,
          1.298006
        ],
        [
          0.0,
          0.0,
          0.0,
          1.0
        ]
      ]
    },
    {
      "file_path": "/media/NFS/ttao/scannet/posed_images/scene0060_01/00261.jpg",
      "transform_matrix": [
        [
          0.011374,
          0.411156,
          -0.911494,
          5.05796
        ],
        [
          0.999349,
          0.026536,
          0.02444,
          3.783233
        ],
        [
          0.034236,
          -0.911179,
          -0.410587,
          1.295757
        ],
        [
          0.0,
          0.0,
          0.0,
          1.0
        ]
      ]
    },
    {
      "file_path": "/media/NFS/ttao/scannet/posed_images/scene0060_01/00263.jpg",
      "transform_matrix": [
        [
          -0.005853,
          0.405491,
          -0.91408,
          5.047753
        ],
        [
          0.999181,
          0.038968,
          0.010888,
          3.787525
        ],
        [
          0.040035,
          -0.913268,
          -0.405387,
          1.288684
        ],
        [
          0.0,
          0.0,
          0.0,
          1.0
        ]
      ]
    },
    {
      "file_path": "/media/NFS/ttao/scannet/posed_images/scene0060_01/00265.jpg",
      "transform_matrix": [
        [
          -0.022936,
          0.408658,
          -0.912399,
          5.021555
        ],
        [
          0.99882,
          0.048454,
          -0.003406,
          3.784693
        ],
        [
          0.042817,
          -0.911401,
          -0.409287,
          1.295151
        ],
        [
          0.0,
          0.0,
          0.0,
