{
  "frames": [
    {
      "file_path": "/media/NFS/ttao/scannet/posed_images/scene0074_01/00000.jpg",
      "transform_matrix": [
        [
          0.06946,
          -0.028494,
          0.997178,
          1.430851
        ],
        [
          -0.996802,
          -0.041576,
          0.068246,
          0.654983
        ],
        [
          0.039514,
          -0.998729,
          -0.031291,
          1.562631
        ],
        [
          0.0,
          0.0,
          0.0,
          1.0
        ]
      ]
    },
    {
      "file_path": "/media/NFS/ttao/scannet/posed_images/scene0074_01/00010.jpg",
      "transform_matrix": [
        [
          0.070945,
          -0.027716,
          0.997095,
          1.428519
        ],
        [
          -0.99674,
          -0.040466,
          0.069795,
          0.663114
        ],
        [
          0.038414,
          -0.998797,
          -0.030496,
          1.559427
        ],
        [
          0.0,
          0.0,
          0.0,
          1.0
        ]
      ]
    },
    {
      "file_path": "/media/NFS/ttao/scannet/posed_images/scene0074_01/00019.jpg",
      "transform_matrix": [
        [
          0.102487,
          -0.03061,
          0.994263,
          1.423247
        ],
        [
          -0.994232,
          -0.034913,
          0.101409,
          0.669199
        ],
        [
          0.031609,
          -0.998922,
          -0.034012,
          1.558405
        ],
        [
          0.0,
          0.0,
          0.0,
          1.0
        ]
      ]
    },
    {
      "file_path": "/media/NFS/ttao/scannet/posed_images/scene0074_01/00032.jpg",
      "transform_matrix": [
        [
          0.266875,
          -0.034292,
          0.963121,
          1.40167
        ],
        [
          -0.963731,
          -0.009534,
          0.266705,
          0.655515
        ],
        [
          3.6e-05,
          -0.999366,
          -0.035593,
          1.572391
        ],
        [
          0.0,
          0.0,
          0.0,
          1.0
        ]
      ]
    },
    {
      "file_path": "/media/NFS/ttao/scannet/posed_images/scene0074_01/00048.jpg",
      "transform_matrix": [
        [
          0.473588,
          -0.031456,
          0.880185,
          1.351237
        ],
        [
          -0.880116,
          0.020901,
          0.474298,
          0.644045
        ],
        [
          -0.033316,
          -0.999287,
          -0.017787,
          1.590493
        ],
        [
          0.0,
          0.0,
          0.0,
          1.0
        ]
      ]
    },
    {
      "file_path": "/media/NFS/ttao/scannet/posed_images/scene0074_01/00058.jpg",
      "transform_matrix": [
        [
          0.564032,
          -0.034415,
          0.825035,
          1.332787
        ],
        [
          -0.825148,
          0.014745,
          0.564725,
          0.632376
        ],
        [
          -0.0316,
          -0.999299,
          -0.02008,
          1.588889
        ],
        [
          0.0,
          0.0,
          0.0,
          1.0
        ]
      ]
    },
    {
      "file_path": "/media/NFS/ttao/scannet/posed_images/scene0074_01/00071.jpg",
      "transform_matrix": [
        [
          0.605384,
          -0.039566,
          0.794949,
          1.322512
        ],
        [
          -0.795657,
          -0.003755,
          0.605736,
          0.632618
        ],
        [
          -0.020982,
          -0.99921,
          -0.033754,
          1.584694
        ],
        [
          0.0,
          0.0,
          0.0,
          1.0
        ]
      ]
    },
    {
      "file_path": "/media/NFS/ttao/scannet/posed_images/scene0074_01/00074.jpg",
      "transform_matrix": [
        [
          0.608156,
          -0.045647,
          0.792504,
          1.322767
        ],
        [
          -0.793495,
          -0.006473,
          0.608543,
          0.632571
        ],
        [
          -0.022648,
          -0.998937,
          -0.040157,
          1.583158
        ],
        [
          0.0,
          0.0,
          0.0,
          1.0
        ]
      ]
    },
    {
      "file_path": "/media/NFS/ttao/scannet/posed_images/scene0074_01/00084.jpg",
      "transform_matrix": [
        [
          0.587329,
          -0.061973,
          0.806972,
          1.322479
        ],
        [
          -0.80922,
          -0.027193,
          0.586876,
          0.634414
        ],
        [
          -0.014426,
          -0.997707,
          -0.066122,
          1.575205
        ],
        [
          0.0,
          0.0,
          0.0,
          1.0
        ]
      ]
    },
    {
      "file_path": "/media/NFS/ttao/scannet/posed_images/scene0074_01/00100.jpg",
      "transform_matrix": [
        [
          0.336138,
          -0.038986,
          0.941005,
          1.337672
        ],
        [
          -0.94172,
          -0.027952,
          0.335236,
          0.628866
        ],
        [
          0.013233,
          -0.998849,
          -0.04611,
          1.570629
        ],
        [
          0.0,
          0.0,
          0.0,
          1.0
        ]
      ]
    },
    {
      "file_path": "/media/NFS/ttao/scannet/posed_images/scene0074_01/00113.jpg",
      "transform_matrix": [
        [
          0.046626,
          -0.001602,
          0.998911,
          1.34209
        ],
        [
          -0.998522,
          -0.028042,
          0.046563,
          0.642859
        ],
        [
          0.027937,
          -0.999605,
          -0.002907,
          1.56304
        ],
        [
          0.0,
          0.0,
          0.0,
          1.0
        ]
      ]
    },
    {
      "file_path": "/media/NFS/ttao/scannet/posed_images/scene0074_01/00116.jpg",
      "transform_matrix": [
        [
          0.012909,
          -0.002489,
          0.999914,
          1.343572
        ],
        [
          -0.999396,
          -0.032299,
          0.012822,
          0.643283
        ],
        [
          0.032264,
          -0.999475,
          -0.002905,
          1.560603
        ],
        [
          0.0,
          0.0,
          0.0,
          1.0
        ]
      ]
    },
    {
      "file_path": "/media/NFS/ttao/scannet/posed_images/scene0074_01/00135.jpg",
      "transform_matrix": [
        [
          -0.221466,
          -0.067191,
          0.97285,
          1.378854
        ],
        [
          -0.970851,
          -0.078576,
          -0.226438,
          0.64138
        ],
        [
          0.091657,
          -0.994641,
          -0.04783,
          1.551384
        ],
        [
          0.0,
          0.0,
          0.0,
          1.0
        ]
      ]
    },
    {
      "file_path": "/media/NFS/ttao/scannet/posed_images/scene0074_01/00145.jpg",
      "transform_matrix": [
        [
          -0.349349,
          -0.089359,
          0.932722,
          1.397046
        ],
        [
          -0.93161,
          -0.073419,
          -0.355966,
          0.628824
        ],
        [
          0.100288,
          -0.99329,
          -0.057599,
          1.54404
        ],
        [
          0.0,
          0.0,
          0.0,
          1.0
        ]
      ]
    },
    {
      "file_path": "/media/NFS/ttao/scannet/posed_images/scene0074_01/00148.jpg",
      "transform_matrix": [
        [
          -0.369423,
          -0.085532,
          0.925317,
          1.399529
        ],
        [
          -0.924034,
          -0.071662,
          -0.375535,
          0.625346
        ],
        [
          0.09843,
          -0.993755,
          -0.052561,
          1.546457
        ],
        [
          0.0,
          0.0,
          0.0,
          1.0
        ]
      ]
    },
    {
      "file_path": "/media/NFS/ttao/scannet/posed_images/scene0074_01/00158.jpg",
      "transform_matrix": [
        [
          -0.427829,
          -0.043292,
          0.902822,
          1.40351
        ],
        [
          -0.899843,
          -0.07366,
          -0.429949,
          0.615786
        ],
        [
          0.085115,
          -0.996343,
          -0.007442,
          1.542499
        ],
        [
          0.0,
          0.0,
          0.0,
          1.0
        ]
      ]
    },
    {
      "file_path": "/media/NFS/ttao/scannet/posed_images/scene0074_01/00177.jpg",
      "transform_matrix": [
        [
          -0.519126,
          0.096287,
          0.849256,
          1.402456
        ],
        [
          -0.854028,
          -0.097756,
          -0.51096,
          0.582466
        ],
        [
          0.033821,
          -0.990542,
          0.13298,
          1.584028
        ],
        [
          0.0,
          0.0,
          0.0,
          1.0
        ]
      ]
    },
    {
      "file_path": "/media/NFS/ttao/scannet/posed_images/scene0074_01/00187.jpg",
      "transform_matrix": [
        [
          -0.53515,
          0.118452,
          0.836411,
          1.399169
        ],
        [
          -0.844374,
          -0.104815,
          -0.525401,
          0.578439
        ],
        [
          0.025433,
          -0.987412,
          0.156109,
          1.582703
        ],
        [
          0.0,
          0.0,
          0.0,
          1.0
        ]
      ]
    },
    {
      "file_path": "/media/NFS/ttao/scannet/posed_images/scene0074_01/00200.jpg",
      "transform_matrix": [
        [
          -0.504528,
          -0.005832,
          0.863376,
          1.395011
        ],
        [
          -0.862235,
          -0.04842,
          -0.504188,
          0.580001
        ],
        [
          0.044745,
          -0.99881,
          0.019401,
          1.562526
        ],
        [
          0.0,
          0.0,
          0.0,
          1.0
        ]
      ]
    },
    {
      "file_path": "/media/NFS/ttao/scannet/posed_images/scene0074_01/00203.jpg",
      "transform_matrix": [
        [
          -0.503536,
          -0.034567,
          0.863283,
          1.395233
        ],
        [
          -0.862625,
          -0.035711,
          -0.504582,
          0.581181
        ],
        [
          0.048271,
          -0.998764,
          -0.011836,
          1.558653
        ],
        [
          0.0,
          0.0,
          0.0,
          1.0
        ]
      ]
    },
    {
      "file_path": "/media/NFS/ttao/scannet/posed_images/scene0074_01/00216.jpg",
      "transform_matrix": [
        [
          -0.477234,
          -0.161023,
          0.863898,
          1.40202
        ],
        [
          -0.877261,
          0.029585,
          -0.479101,
          0.57771
        ],
        [
          0.051588,
          -0.986507,
          -0.155378,
          1.535613
        ],
        [
          0.0,
          0.0,
          0.0,
          1.0
        ]
      ]
    },
    {
      "file_path": "/media/NFS/ttao/scannet/posed_images/scene0074_01/00232.jpg",
      "transform_matrix": [
        [
          -0.445173,
          -0.311411,
          0.83955,
          1.408221
        ],
        [
          -0.892377,
          0.07674,
          -0.444719,
          0.566876
        ],
        [
          0.074063,
          -0.947172,
          -0.312058,
          1.526556
        ],
        [
          0.0,
          0.0,
          0.0,
          1.0
        ]
      ]
    },
    {
      "file_path": "/media/NFS/ttao/scannet/posed_images/scene0074_01/00235.jpg",
      "transform_matrix": [
        [
          -0.441558,
          -0.326913,
          0.835556,
          1.408714
        ],
        [
          -0.89414,
          0.08307,
          -0.440016,
          0.566908
        ],
        [
          0.074437,
          -0.941397,
          -0.328986,
          1.522835
        ],
        [
          0.0,
          0.0,
          0.0,
          1.0
        ]
      ]
    },
    {
      "file_path": "/media/NFS/ttao/scannet/posed_images/scene0074_01/00245.jpg",
      "transform_matrix": [
        [
          -0.411941,
          -0.389795,
          0.823629,
          1.409482
        ],
        [
          -0.907707,
          0.09635,
          -0.408394,
          0.570093
        ],
        [
          0.079834,
          -0.915847,
          -0.39351,
          1.515457
        ],
        [
          0.0,
          0.0,
          0.0,
          1.0
        ]
      ]
    },
    {
      "file_path": "/media/NFS/ttao/scannet/posed_images/scene0074_01/00258.jpg",
      "transform_matrix": [
        [
          -0.342734,
          -0.480524,
          0.807236,
          1.407674
        ],
        [
          -0.937374,
          0.118069,
          -0.327705,
          0.570061
        ],
        [
          0.06216,
          -0.868997,
          -0.490897,
          1.493339
        ],
        [
          0.0,
          0.0,
          0.0,
          1.0
        ]
      ]
    },
    {
      "file_path": "/media/NFS/ttao/scannet/posed_images/scene0074_01/00274.jpg",
      "transform_matrix": [
        [
          -0.266337,
          -0.603003,
          0.751965,
          1.410999
        ],
        [
          -0.961298,
          0.109107,
          -0.252987,
          0.575542
        ],
        [
          0.070507,
          -0.790243,
          -0.608724,
          1.431949
        ],
        [
          0.0,
          0.0,
          0.0,
          1.0
        ]
      ]
    },
    {
      "file_path": "/media/NFS/ttao/scannet/posed_images/scene0074_01/00280.jpg",
      "transform_matrix": [
        [
          -0.245415,
          -0.630899,
          0.736028,
          1.408827
        ],
        [
          -0.966265,
          0.098012,
          -0.238171,
          0.578558
        ],
        [
          0.078123,
          -0.769649,
          -0.63367,
          1.416779
        ],
        [
          0.0,
          0.0,
          0.0,
          1.0
        ]
      ]
    },
    {
      "file_path": "/media/NFS/ttao/scannet/posed_images/scene0074_01/00296.jpg",
      "transform_matrix": [
        [
          -0.192639,
          -0.705339,
          0.682193,
          1.405844
        ],
        [
          -0.979151,
          0.092504,
          -0.180852,
          0.587929
        ],
        [
          0.064456,
          -0.702809,
          -0.708453,
          1.371746
        ],
        [
          0.0,
          0.0,
          0.0,
          1.0
        ]
      ]
    },
    {
      "file_path": "/media/NFS/ttao/scannet/posed_images/scene0074_01/00300.jpg",
      "transform_matrix": [
        [
          -0.177977,
          -0.72418,
          0.666248,
          1.404478
        ],
        [
          -0.982009,
          0.087283,
          -0.167454,
          0.589727
        ],
        [
          0.063115,
          -0.684065,
          -0.726686,
          1.359156
        ],
        [
          0.0,
          0.0,
          0.0,
          1.0
        ]
      ]
    },
    {
      "file_path": "/media/NFS/ttao/scannet/posed_images/scene0074_01/00312.jpg",
      "transform_matrix": [
        [
          -0.142175,
          -0.78207,
          0.606756,
          1.396008
        ],
        [
          -0.987418,
          0.069188,
          -0.142193,
          0.59562
        ],
        [
          0.069225,
          -0.619338,
          -0.782067,
          1.325422
        ],
        [
          0.0,
          0.0,
          0.0,
          1.0
        ]
      ]
    },
    {
      "file_path": "/media/NFS/ttao/scannet/posed_images/scene0074_01/00329.jpg",
      "transform_matrix": [
        [
          -0.123261,
          -0.835451,
          0.535563,
          1.397681
        ],
        [
          -0.990361,
          0.069196,
          -0.119992,
          0.599458
        ],
        [
          0.063189,
          -0.545191,
          -0.835927,
          1.305992
        ],
        [
          0.0,
          0.0,
          0.0,
          1.0
        ]
      ]
    },
    {
      "file_path": "/media/NFS/ttao/scannet/posed_images/scene0074_01/00332.jpg",
      "transform_matrix": [
        [
          -0.11944,
          -0.842303,
          0.525605,
          1.39741
        ],
        [
          -0.990948,
          0.068461,
          -0.115474,
          0.598984
        ],
        [
          0.061281,
          -0.534639,
          -0.842856,
          1.30436
        ],
        [
          0.0,
          0.0,
          0.0,
          1.0
        ]
      ]
    },
    {
      "file_path": "/media/NFS/ttao/scannet/posed_images/scene0074_01/00345.jpg",
      "transform_matrix": [
        [
          -0.104917,
          -0.872278,
          0.477623,
          1.392867
        ],
        [
          -0.993717,
          0.073133,
          -0.084723,
          0.605289
        ],
        [
          0.038972,
          -0.483511,
          -0.87447,
          1.293199
        ],
        [
          0.0,
          0.0,
          0.0,
          1.0
        ]
      ]
    },
    {
      "file_path": "/media/NFS/ttao/scannet/posed_images/scene0074_01/00351.jpg",
      "transform_matrix": [
        [
          -0.105457,
          -0.881751,
          0.459776,
          1.391259
        ],
        [
          -0.993722,
          0.076069,
          -0.082041,
          0.604031
        ],
        [
          0.037365,
          -0.465541,
          -0.884237,
          1.289352
        ],
        [
          0.0,
          0.0,
          0.0,
          1.0
        ]
      ]
    },
    {
      "file_path": "/media/NFS/ttao/scannet/posed_images/scene0074_01/00367.jpg",
      "transform_matrix": [
        [
          -0.100423,
          -0.907074,
          0.408817,
          1.388649
        ],
        [
          -0.99397,
          0.073276,
          -0.081577,
          0.604661
        ],
        [
          0.04404,
          -0.414544,
          -0.908963,
          1.275505
        ],
        [
          0.0,
          0.0,
          0.0,
          1.0
        ]
      ]
    },
    {
      "file_path": "/media/NFS/ttao/scannet/posed_images/scene0074_01/00374.jpg",
      "transform_matrix": [
        [
          -0.089487,
          -0.907083,
          0.411331,
          1.392682
        ],
        [
          -0.995468,
          0.068113,
          -0.066363,
          0.607192
        ],
        [
          0.03218,
          -0.415405,
          -0.909067,
          1.279752
        ],
        [
          0.0,
          0.0,
          0.0,
          1.0
        ]
      ]
    },
    {
      "file_path": "/media/NFS/ttao/scannet/posed_images/scene0074_01/00393.jpg",
      "transform_matrix": [
        [
          0.055876,
          -0.870552,
          0.488893,
          1.378729
        ],
        [
          -0.997753,
          -0.030548,
          0.059637,
          0.637757
        ],
        [
          -0.036983,
          -0.491126,
          -0.870303,
          1.304964
        ],
        [
          0.0,
          0.0,
          0.0,
          1.0
        ]
      ]
    },
    {
      "file_path": "/media/NFS/ttao/scannet/posed_images/scene0074_01/00403.jpg",
      "transform_matrix": [
        [
          0.137983,
          -0.849378,
          0.509428,
          1.374816
        ],
        [
          -0.987259,
          -0.076795,
          0.139367,
          0.642996
        ],
        [
          -0.079254,
          -0.522167,
          -0.849153,
          1.318404
        ],
        [
          0.0,
          0.0,
          0.0,
          1.0
        ]
      ]
    },
    {
      "file_path": "/media/NFS/ttao/scannet/posed_images/scene0074_01/00406.jpg",
      "transform_matrix": [
        [
          0.158038,
          -0.843543,
          0.513283,
          1.374548
        ],
        [
          -0.983333,
          -0.087125,
          0.159582,
          0.647469
        ],
        [
          -0.089895,
          -0.529948,
          -0.843252,
          1.322852
        ],
        [
          0.0,
          0.0,
          0.0,
          1.0
        ]
      ]
    },
    {
      "file_path": "/media/NFS/ttao/scannet/posed_images/scene0074_01/00416.jpg",
      "transform_matrix": [
        [
          0.237187,
          -0.816036,
          0.527093,
          1.369593
        ],
        [
          -0.96258,
          -0.124207,
          0.240857,
          0.653699
        ],
        [
          -0.131079,
          -0.564497,
          -0.81496,
          1.33585
        ],
        [
          0.0,
          0.0,
          0.0,
          1.0
        ]
      ]
    },
    {
      "file_path": "/media/NFS/ttao/scannet/posed_images/scene0074_01/00432.jpg",
      "transform_matrix": [
        [
          0.284306,
          -0.756086,
          0.589494,
          1.370492
        ],
        [
          -0.949841,
          -0.13858,
          0.280353,
          0.667949
        ],
        [
          -0.130279,
          -0.639632,
          -0.757561,
          1.360818
        ],
        [
          0.0,
          0.0,
          0.0,
          1.0
        ]
      ]
    },
    {
      "file_path": "/media/NFS/ttao/scannet/posed_images/scene0074_01/00444.jpg",
      "transform_matrix": [
        [
          0.282837,
          -0.714857,
          0.639518,
          1.367477
        ],
        [
          -0.952422,
          -0.130373,
          0.275492,
          0.669042
        ],
        [
          -0.113562,
          -0.68701,
          -0.717719,
          1.371156
        ],
        [
          0.0,
          0.0,
          0.0,
          1.0
        ]
      ]
    },
    {
      "file_path": "/media/NFS/ttao/scannet/posed_images/scene0074_01/00451.jpg",
      "transform_matrix": [
        [
          0.280461,
          -0.702593,
          0.653991,
          1.366992
        ],
        [
          -0.953563,
          -0.125992,
          0.273575,
          0.668178
        ],
        [
          -0.109815,
          -0.700349,
          -0.705303,
          1.37502
        ],
        [
          0.0,
          0.0,
          0.0,
          1.0
        ]
      ]
    },
    {
      "file_path": "/media/NFS/ttao/scannet/posed_images/scene0074_01/00461.jpg",
      "transform_matrix": [
        [
          0.276896,
          -0.676633,
          0.682273,
          1.37077
        ],
        [
          -0.955719,
          -0.120297,
          0.26857,
          0.669589
        ],
        [
          -0.099648,
          -0.726427,
          -0.679981,
          1.38634
        ],
        [
          0.0,
          0.0,
          0.0,
          1.0
        ]
      ]
    },
    {
      "file_path": "/media/NFS/ttao/scannet/posed_images/scene0074_01/00477.jpg",
      "transform_matrix": [
        [
          0.230115,
          -0.626674,
          0.744531,
          1.383614
        ],
        [
          -0.971048,
          -0.097449,
          0.218103,
          0.667279
        ],
        [
          -0.064126,
          -0.773164,
          -0.630955,
          1.396976
        ],
        [
          0.0,
          0.0,
          0.0,
          1.0
        ]
      ]
    },
    {
      "file_path": "/media/NFS/ttao/scannet/posed_images/scene0074_01/00483.jpg",
      "transform_matrix": [
        [
          0.186754,
          -0.621794,
          0.760588,
          1.391973
        ],
        [
          -0.981423,
          -0.083441,
          0.172764,
          0.668851
        ],
        [
          -0.043959,
          -0.778723,
          -0.625826,
          1.397666
        ],
        [
          0.0,
          0.0,
          0.0,
          1.0
        ]
      ]
    },
    {
      "file_path": "/media/NFS/ttao/scannet/posed_images/scene0074_01/00496.jpg",
      "transform_matrix": [
        [
          0.116356,
          -0.584583,
          0.802947,
          1.401972
        ],
        [
          -0.993172,
          -0.061666,
          0.099027,
          0.664764
        ],
        [
          -0.008375,
          -0.808987,
          -0.587767,
          1.40652
        ],
        [
          0.0,
          0.0,
          0.0,
          1.0
        ]
      ]
    },
    {
      "file_path": "/media/NFS/ttao/scannet/posed_images/scene0074_01/00506.jpg",
      "transform_matrix": [
        [
          0.058655,
          -0.596878,
          0.800185,
          1.407714
        ],
        [
          -0.998014,
          -0.053503,
          0.033247,
          0.655775
        ],
        [
          0.022968,
          -0.800546,
          -0.598831,
          1.40169
        ],
        [
          0.0,
          0.0,
          0.0,
          1.0
        ]
      ]
    },
    {
      "file_path": "/media/NFS/ttao/scannet/posed_images/scene0074_01/00519.jpg",
      "transform_matrix": [
        [
          -0.031653,
          -0.601578,
          0.798187,
          1.417375
        ],
        [
          -0.997059,
          -0.036758,
          -0.067243,
          0.640326
        ],
        [
          0.069791,
          -0.797968,
          -0.598646,
          1.390958
        ],
        [
          0.0,
          0.0,
          0.0,
          1.0
        ]
      ]
    },
    {
      "file_path": "/media/NFS/ttao/scannet/posed_images/scene0074_01/00531.jpg",
      "transform_matrix": [
        [
          -0.03328,
          -0.52712,
          0.849138,
          1.413795
        ],
        [
          -0.998027,
          -0.027732,
          -0.05633,
          0.637683
        ],
        [
          0.053241,
          -0.849338,
          -0.525158,
          1.417384
        ],
        [
          0.0,
          0.0,
          0.0,
          1.0
        ]
      ]
    },
    {
      "file_path": "/media/NFS/ttao/scannet/posed_images/scene0074_01/00541.jpg",
      "transform_matrix": [
        [
          0.026966,
          -0.476259,
          0.878891,
          1.406615
        ],
        [
          -0.999563,
          -0.02354,
          0.017913,
          0.644675
        ],
        [
          0.012158,
          -0.87899,
          -0.476686,
          1.434957
        ],
        [
          0.0,
          0.0,
          0.0,
          1.0
        ]
      ]
    },
    {
      "file_path": "/media/NFS/ttao/scannet/posed_images/scene0074_01/00544.jpg",
      "transform_matrix": [
        [
          0.046446,
          -0.475794,
          0.87833,
          1.405405
        ],
        [
          -0.998917,
          -0.02471,
          0.039437,
          0.646878
        ],
        [
          0.00294,
          -0.87921,
          -0.476426,
          1.440156
        ],
        [
          0.0,
          0.0,
          0.0,
          1.0
        ]
      ]
    },
    {
      "file_path": "/media/NFS/ttao/scannet/posed_images/scene0074_01/00564.jpg",
      "transform_matrix": [
        [
          0.204475,
          -0.461627,
          0.863186,
          1.381546
        ],
        [
          -0.97622,
          -0.031298,
          0.214513,
          0.648013
        ],
        [
          -0.072009,
          -0.886522,
          -0.457049,
          1.455569
        ],
        [
          0.0,
          0.0,
          0.0,
          1.0
        ]
      ]
    },
    {
      "file_path": "/media/NFS/ttao/scannet/posed_images/scene0074_01/00567.jpg",
      "transform_matrix": [
        [
          0.216816,
          -0.454436,
          0.86399,
          1.379834
        ],
        [
          -0.973296,
          -0.032269,
          0.227274,
          0.648686
        ],
        [
          -0.075401,
          -0.890195,
          -0.449297,
          1.459689
        ],
        [
          0.0,
          0.0,
          0.0,
          1.0
        ]
      ]
    },
    {
      "file_path": "/media/NFS/ttao/scannet/posed_images/scene0074_01/00580.jpg",
      "transform_matrix": [
        [
          0.254038,
          -0.403267,
          0.879113,
          1.373149
        ],
        [
          -0.964174,
          -0.033814,
          0.263107,
          0.651259
        ],
        [
          -0.076377,
          -0.914457,
          -0.39741,
          1.475653
        ],
        [
          0.0,
          0.0,
          0.0,
          1.0
        ]
      ]
    },
    {
      "file_path": "/media/NFS/ttao/scannet/posed_images/scene0074_01/00596.jpg",
      "transform_matrix": [
        [
          0.170955,
          -0.336711,
          0.925959,
          1.375968
        ],
        [
          -0.984407,
          -0.018846,
          0.174893,
          0.650606
        ],
        [
          -0.041438,
          -0.941419,
          -0.334683,
          1.50195
        ],
        [
          0.0,
          0.0,
          0.0,
          1.0
        ]
      ]
    },
    {
      "file_path": "/media/NFS/ttao/scannet/posed_images/scene0074_01/00602.jpg",
      "transform_matrix": [
        [
          0.166279,
          -0.311825,
          0.935477,
          1.374521
        ],
        [
          -0.985118,
          -0.010674,
          0.171545,
          0.649538
        ],
        [
          -0.043506,
          -0.95008,
          -0.308959,
          1.513935
        ],
        [
          0.0,
          0.0,
          0.0,
          1.0
        ]
      ]
    },
    {
      "file_path": "/media/NFS/ttao/scannet/posed_images/scene0074_01/00618.jpg",
      "transform_matrix": [
        [
          0.15403,
          -0.261067,
          0.952953,
          1.372712
        ],
        [
          -0.987499,
          -0.00801,
          0.157419,
          0.647598
        ],
        [
          -0.033464,
          -0.965288,
          -0.259037,
          1.529225
        ],
        [
          0.0,
          0.0,
          0.0,
          1.0
        ]
      ]
    },
    {
      "file_path": "/media/NFS/ttao/scannet/posed_images/scene0074_01/00622.jpg",
      "transform_matrix": [
        [
          0.152481,
          -0.240662,
          0.958557,
          1.370201
        ],
        [
          -0.987811,
          -0.006391,
          0.15553,
          0.646978
        ],
        [
          -0.031304,
          -0.970588,
          -0.238703,
          1.52959
        ],
        [
          0.0,
          0.0,
          0.0,
          1.0
        ]
      ]
    },
    {
      "file_path": "/media/NFS/ttao/scannet/posed_images/scene0074_01/00635.jpg",
      "transform_matrix": [
        [
          0.197742,
          -0.194412,
          0.960782,
          1.362407
        ],
        [
          -0.979826,
          -0.010217,
          0.199594,
          0.656276
        ],
        [
          -0.028987,
          -0.980867,
          -0.19251,
          1.53843
        ],
        [
          0.0,
          0.0,
          0.0,
          1.0
        ]
      ]
    },
    {
      "file_path": "/media/NFS/ttao/scannet/posed_images/scene0074_01/00641.jpg",
      "transform_matrix": [
        [
          0.227122,
          -0.167935,
          0.959278,
          1.361466
        ],
        [
          -0.973308,
          -0.005782,
          0.229432,
          0.655154
        ],
        [
          -0.032983,
          -0.985781,
          -0.164766,
          1.538278
        ],
        [
          0.0,
          0.0,
          0.0,
          1.0
        ]
      ]
    },
    {
      "file_path": "/media/NFS/ttao/scannet/posed_images/scene0074_01/00654.jpg",
      "transform_matrix": [
        [
          0.341869,
          -0.104142,
          0.933959,
          1.35526
        ],
        [
          -0.938069,
          0.021559,
          0.345778,
          0.656531
        ],
        [
          -0.056145,
          -0.994329,
          -0.090322,
          1.563633
        ],
        [
          0.0,
          0.0,
          0.0,
          1.0
        ]
      ]
    },
    {
      "file_path": "/media/NFS/ttao/scannet/posed_images/scene0074_01/00667.jpg",
      "transform_matrix": [
        [
          0.465721,
          -0.034786,
          0.884248,
          1.342474
        ],
        [
          -0.879892,
          0.088293,
          0.4669,
          0.649956
        ],
        [
          -0.094314,
          -0.995487,
          0.010512,
          1.582468
        ],
        [
          0.0,
          0.0,
          0.0,
          1.0
        ]
      ]
    },
    {
      "file_path": "/media/NFS/ttao/scannet/posed_images/scene0074_01/00683.jpg",
      "transform_matrix": [
        [
          0.553344,
          0.11998,
          0.824266,
          1.32863
        ],
        [
          -0.830668,
          0.152722,
          0.535412,
          0.64028
        ],
        [
          -0.061644,
          -0.980959,
          0.184171,
          1.610429
        ],
        [
          0.0,
          0.0,
          0.0,
          1.0
        ]
      ]
    },
    {
      "file_path": "/media/NFS/ttao/scannet/posed_images/scene0074_01/00686.jpg",
      "transform_matrix": [
        [
          0.559525,
          0.122173,
          0.819759,
          1.331053
        ],
        [
          -0.826302,
          0.159168,
          0.540269,
          0.639858
        ],
        [
          -0.064473,
          -0.979663,
          0.19001,
          1.612549
        ],
        [
          0.0,
          0.0,
          0.0,
          1.0
        ]
      ]
    },
    {
      "file_path": "/media/NFS/ttao/scannet/posed_images/scene0074_01/00702.jpg",
      "transform_matrix": [
        [
          0.570259,
          0.18229,
          0.800984,
          1.332803
        ],
        [
          -0.819692,
          0.190308,
          0.540267,
          0.638793
        ],
        [
          -0.053949,
          -0.964652,
          0.257946,
          1.635132
        ],
        [
          0.0,
          0.0,
          0.0,
          1.0
        ]
      ]
    },
    {
      "file_path": "/media/NFS/ttao/scannet/posed_images/scene0074_01/00709.jpg",
      "transform_matrix": [
        [
          0.571061,
          0.198918,
          0.796443,
          1.337394
        ],
        [
          -0.819539,
          0.19414,
          0.539134,
          0.642445
        ],
        [
          -0.047378,
          -0.960594,
          0.273887,
          1.639649
        ],
        [
          0.0,
          0.0,
          0.0,
          1.0
        ]
      ]
    },
    {
      "file_path": "/media/NFS/ttao/scannet/posed_images/scene0074_01/00718.jpg",
      "transform_matrix": [
        [
          0.572381,
          0.23394,
          0.785909,
          1.339483
        ],
        [
          -0.819074,
          0.208355,
          0.534514,
          0.643721
        ],
        [
          -0.038704,
          -0.949663,
          0.310873,
          1.645094
        ],
        [
          0.0,
          0.0,
          0.0,
          1.0
        ]
      ]
    },
    {
      "file_path": "/media/NFS/ttao/scannet/posed_images/scene0074_01/00734.jpg",
      "transform_matrix": [
        [
          0.574746,
          0.291332,
          0.764717,
          1.342294
        ],
        [
          -0.818262,
          0.216773,
          0.532406,
          0.63967
        ],
        [
          -0.010663,
          -0.931738,
          0.362975,
          1.659997
        ],
        [
          0.0,
          0.0,
          0.0,
          1.0
        ]
      ]
    },
    {
      "file_path": "/media/NFS/ttao/scannet/posed_images/scene0074_01/00744.jpg",
      "transform_matrix": [
        [
          0.568308,
          0.335033,
          0.751518,
          1.329747
        ],
        [
          -0.822804,
          0.236269,
          0.516886,
          0.639755
        ],
        [
          -0.004387,
          -0.912102,
          0.40994,
          1.672626
        ],
        [
          0.0,
          0.0,
          0.0,
          1.0
        ]
      ]
    },
    {
      "file_path": "/media/NFS/ttao/scannet/posed_images/scene0074_01/00754.jpg",
      "transform_matrix": [
        [
          0.569438,
          0.356627,
          0.740647,
          1.324242
        ],
        [
          -0.822033,
          0.245312,
          0.513891,
          0.634256
        ],
        [
          0.001578,
          -0.901465,
          0.432849,
          1.675325
        ],
        [
          0.0,
          0.0,
          0.0,
          1.0
        ]
      ]
    },
    {
      "file_path": "/media/NFS/ttao/scannet/posed_images/scene0074_01/00760.jpg",
      "transform_matrix": [
        [
          0.569728,
          0.363816,
          0.736918,
          1.321027
        ],
        [
          -0.821829,
          0.249446,
          0.512224,
          0.632043
        ],
        [
          0.002534,
          -0.897449,
          0.441111,
          1.676315
        ],
        [
          0.0,
          0.0,
          0.0,
          1.0
        ]
      ]
    },
    {
      "file_path": "/media/NFS/ttao/scannet/posed_images/scene0074_01/00779.jpg",
      "transform_matrix": [
        [
          0.432251,
          0.358963,
          0.827227,
          1.346232
        ],
        [
          -0.901739,
          0.166814,
          0.398799,
          0.636261
        ],
        [
          0.005161,
          -0.918324,
          0.395796,
          1.679715
        ],
        [
          0.0,
          0.0,
          0.0,
          1.0
        ]
      ]
    },
    {
      "file_path": "/media/NFS/ttao/scannet/posed_images/scene0074_01/00786.jpg",
      "transform_matrix": [
        [
          0.336437,
          0.364244,
          0.86841,
          1.360207
        ],
        [
          -0.94164,
          0.119167,
          0.314824,
          0.645919
        ],
        [
          0.011187,
          -0.923648,
          0.383079,
          1.676881
        ],
        [
          0.0,
          0.0,
          0.0,
          1.0
        ]
      ]
    },
    {
      "file_path": "/media/NFS/ttao/scannet/posed_images/scene0074_01/00796.jpg",
      "transform_matrix": [
        [
          0.251403,
          0.363198,
          0.897153,
          1.37624
        ],
        [
          -0.967672,
          0.074999,
          0.240802,
          0.648019
        ],
        [
          0.020173,
          -0.928689,
          0.370312,
          1.660292
        ],
        [
          0.0,
          0.0,
          0.0,
          1.0
        ]
      ]
    },
    {
      "file_path": "/media/NFS/ttao/scannet/posed_images/scene0074_01/00808.jpg",
      "transform_matrix": [
        [
          0.16689,
          0.347376,
          0.922755,
          1.386937
        ],
        [
          -0.985344,
          0.025272,
          0.168696,
          0.65125
        ],
        [
          0.035281,
          -0.937385,
          0.346503,
          1.648013
        ],
        [
          0.0,
          0.0,
          0.0,
          1.0
        ]
      ]
    },
    {
      "file_path": "/media/NFS/ttao/scannet/posed_images/scene0074_01/00821.jpg",
      "transform_matrix": [
        [
          0.065545,
          0.329093,
          0.94202,
          1.402827
        ],
        [
          -0.996551,
          -0.026562,
          0.078618,
          0.648036
        ],
        [
          0.050894,
          -0.943924,
          0.326217,
          1.620107
        ],
        [
          0.0,
          0.0,
          0.0,
          1.0
        ]
      ]
    },
    {
      "file_path": "/media/NFS/ttao/scannet/posed_images/scene0074_01/00831.jpg",
      "transform_matrix": [
        [
          0.013902,
          0.30379,
          0.952638,
          1.407011
        ],
        [
          -0.99805,
          -0.053771,
          0.031712,
          0.642417
        ],
        [
          0.060858,
          -0.95122,
          0.30245,
          1.613632
