{
  "frames": [
    {
      "file_path": "/media/NFS/ttao/scannet/posed_images/scene0613_02/00000.jpg",
      "transform_matrix": [
        [
          0.426225,
          -0.317192,
          0.847185,
          1.412532
        ],
        [
          -0.904617,
          -0.150289,
          0.39885,
          2.262294
        ],
        [
          0.000811,
          -0.936377,
          -0.350994,
          1.407092
        ],
        [
          0.0,
          0.0,
          0.0,
          1.0
        ]
      ]
    },
    {
      "file_path": "/media/NFS/ttao/scannet/posed_images/scene0613_02/00015.jpg",
      "transform_matrix": [
        [
          0.384237,
          -0.30002,
          0.873127,
          1.433635
        ],
        [
          -0.923054,
          -0.106107,
          0.369748,
          2.250007
        ],
        [
          -0.018287,
          -0.948013,
          -0.317705,
          1.453818
        ],
        [
          0.0,
          0.0,
          0.0,
          1.0
        ]
      ]
    },
    {
      "file_path": "/media/NFS/ttao/scannet/posed_images/scene0613_02/00035.jpg",
      "transform_matrix": [
        [
          0.301644,
          -0.184412,
          0.935416,
          1.452047
        ],
        [
          -0.952926,
          -0.02671,
          0.302025,
          2.208491
        ],
        [
          -0.030712,
          -0.982486,
          -0.183788,
          1.46143
        ],
        [
          0.0,
          0.0,
          0.0,
          1.0
        ]
      ]
    },
    {
      "file_path": "/media/NFS/ttao/scannet/posed_images/scene0613_02/00056.jpg",
      "transform_matrix": [
        [
          0.186042,
          -0.123852,
          0.974705,
          1.463135
        ],
        [
          -0.981929,
          0.011613,
          0.188896,
          2.150637
        ],
        [
          -0.034715,
          -0.992233,
          -0.119453,
          1.417591
        ],
        [
          0.0,
          0.0,
          0.0,
          1.0
        ]
      ]
    },
    {
      "file_path": "/media/NFS/ttao/scannet/posed_images/scene0613_02/00071.jpg",
      "transform_matrix": [
        [
          0.13128,
          -0.196458,
          0.971684,
          1.474285
        ],
        [
          -0.989974,
          0.025567,
          0.13892,
          2.086979
        ],
        [
          -0.052135,
          -0.980179,
          -0.191132,
          1.437304
        ],
        [
          0.0,
          0.0,
          0.0,
          1.0
        ]
      ]
    },
    {
      "file_path": "/media/NFS/ttao/scannet/posed_images/scene0613_02/00091.jpg",
      "transform_matrix": [
        [
          0.126194,
          -0.161913,
          0.978703,
          1.463791
        ],
        [
          -0.991301,
          0.016601,
          0.130565,
          2.065148
        ],
        [
          -0.037388,
          -0.986665,
          -0.15841,
          1.411468
        ],
        [
          0.0,
          0.0,
          0.0,
          1.0
        ]
      ]
    },
    {
      "file_path": "/media/NFS/ttao/scannet/posed_images/scene0613_02/00111.jpg",
      "transform_matrix": [
        [
          -0.201307,
          -0.279383,
          0.93884,
          1.508511
        ],
        [
          -0.979449,
          0.04521,
          -0.196561,
          2.130653
        ],
        [
          0.012471,
          -0.959115,
          -0.282742,
          1.459084
        ],
        [
          0.0,
          0.0,
          0.0,
          1.0
        ]
      ]
    },
    {
      "file_path": "/media/NFS/ttao/scannet/posed_images/scene0613_02/00116.jpg",
      "transform_matrix": [
        [
          -0.224836,
          -0.27415,
          0.935035,
          1.507897
        ],
        [
          -0.974081,
          0.038802,
          -0.222849,
          2.132204
        ],
        [
          0.024813,
          -0.960904,
          -0.275768,
          1.451828
        ],
        [
          0.0,
          0.0,
          0.0,
          1.0
        ]
      ]
    },
    {
      "file_path": "/media/NFS/ttao/scannet/posed_images/scene0613_02/00141.jpg",
      "transform_matrix": [
        [
          -0.471634,
          -0.412088,
          0.77958,
          1.575891
        ],
        [
          -0.875897,
          0.11686,
          -0.468132,
          2.106597
        ],
        [
          0.10181,
          -0.903619,
          -0.416062,
          1.449145
        ],
        [
          0.0,
          0.0,
          0.0,
          1.0
        ]
      ]
    },
    {
      "file_path": "/media/NFS/ttao/scannet/posed_images/scene0613_02/00152.jpg",
      "transform_matrix": [
        [
          -0.604855,
          -0.405336,
          0.685458,
          1.572209
        ],
        [
          -0.78902,
          0.188637,
          -0.584691,
          2.069275
        ],
        [
          0.107693,
          -0.894494,
          -0.433916,
          1.440635
        ],
        [
          0.0,
          0.0,
          0.0,
          1.0
        ]
      ]
    },
    {
      "file_path": "/media/NFS/ttao/scannet/posed_images/scene0613_02/00172.jpg",
      "transform_matrix": [
        [
          -0.755175,
          -0.362617,
          0.546095,
          1.531741
        ],
        [
          -0.646078,
          0.270817,
          -0.713612,
          1.998801
        ],
        [
          0.110876,
          -0.891722,
          -0.438793,
          1.429548
        ],
        [
          0.0,
          0.0,
          0.0,
          1.0
        ]
      ]
    },
    {
      "file_path": "/media/NFS/ttao/scannet/posed_images/scene0613_02/00182.jpg",
      "transform_matrix": [
        [
          -0.81985,
          -0.338078,
          0.462115,
          1.560881
        ],
        [
          -0.562508,
          0.324858,
          -0.760297,
          1.944115
        ],
        [
          0.106918,
          -0.883273,
          -0.456506,
          1.427815
        ],
        [
          0.0,
          0.0,
          0.0,
          1.0
        ]
      ]
    },
    {
      "file_path": "/media/NFS/ttao/scannet/posed_images/scene0613_02/00202.jpg",
      "transform_matrix": [
        [
          -0.933525,
          -0.233817,
          0.271774,
          1.637257
        ],
        [
          -0.348451,
          0.413408,
          -0.841235,
          1.812137
        ],
        [
          0.084341,
          -0.880013,
          -0.4674,
          1.423445
        ],
        [
          0.0,
          0.0,
          0.0,
          1.0
        ]
      ]
    },
    {
      "file_path": "/media/NFS/ttao/scannet/posed_images/scene0613_02/00227.jpg",
      "transform_matrix": [
        [
          -0.811697,
          -0.397569,
          0.427886,
          1.626816
        ],
        [
          -0.581925,
          0.487618,
          -0.65084,
          1.782774
        ],
        [
          0.050109,
          -0.777282,
          -0.627153,
          1.387787
        ],
        [
          0.0,
          0.0,
          0.0,
          1.0
        ]
      ]
    },
    {
      "file_path": "/media/NFS/ttao/scannet/posed_images/scene0613_02/00243.jpg",
      "transform_matrix": [
        [
          -0.616829,
          -0.560603,
          0.552491,
          1.619679
        ],
        [
          -0.786139,
          0.404177,
          -0.467575,
          1.866052
        ],
        [
          0.03882,
          -0.722748,
          -0.69002,
          1.375121
        ],
        [
          0.0,
          0.0,
          0.0,
          1.0
        ]
      ]
    },
    {
      "file_path": "/media/NFS/ttao/scannet/posed_images/scene0613_02/00248.jpg",
      "transform_matrix": [
        [
          -0.557265,
          -0.589359,
          0.584904,
          1.599373
        ],
        [
          -0.829955,
          0.374043,
          -0.413844,
          1.891332
        ],
        [
          0.025123,
          -0.716064,
          -0.697582,
          1.368332
        ],
        [
          0.0,
          0.0,
          0.0,
          1.0
        ]
      ]
    },
    {
      "file_path": "/media/NFS/ttao/scannet/posed_images/scene0613_02/00278.jpg",
      "transform_matrix": [
        [
          -0.130401,
          -0.73932,
          0.660607,
          1.490947
        ],
        [
          -0.991428,
          0.091769,
          -0.093,
          2.085865
        ],
        [
          0.008134,
          -0.667072,
          -0.744949,
          1.376551
        ],
        [
          0.0,
          0.0,
          0.0,
          1.0
        ]
      ]
    },
    {
      "file_path": "/media/NFS/ttao/scannet/posed_images/scene0613_02/00293.jpg",
      "transform_matrix": [
        [
          0.019051,
          -0.792471,
          0.609612,
          1.469447
        ],
        [
          -0.999721,
          -0.023601,
          0.000562,
          2.140238
        ],
        [
          0.013943,
          -0.609453,
          -0.7927,
          1.367651
        ],
        [
          0.0,
          0.0,
          0.0,
          1.0
        ]
      ]
    },
    {
      "file_path": "/media/NFS/ttao/scannet/posed_images/scene0613_02/00303.jpg",
      "transform_matrix": [
        [
          0.095722,
          -0.816195,
          0.569793,
          1.451113
        ],
        [
          -0.995407,
          -0.079507,
          0.053333,
          2.17192
        ],
        [
          0.001773,
          -0.57228,
          -0.820056,
          1.361028
        ],
        [
          0.0,
          0.0,
          0.0,
          1.0
        ]
      ]
    },
    {
      "file_path": "/media/NFS/ttao/scannet/posed_images/scene0613_02/00318.jpg",
      "transform_matrix": [
        [
          0.208764,
          -0.831837,
          0.514261,
          1.434923
        ],
        [
          -0.97653,
          -0.148819,
          0.1557,
          2.214767
        ],
        [
          -0.052985,
          -0.534696,
          -0.843382,
          1.359785
        ],
        [
          0.0,
          0.0,
          0.0,
          1.0
        ]
      ]
    },
    {
      "file_path": "/media/NFS/ttao/scannet/posed_images/scene0613_02/00344.jpg",
      "transform_matrix": [
        [
          0.405361,
          -0.822619,
          0.398723,
          1.386611
        ],
        [
          -0.899964,
          -0.282548,
          0.332012,
          2.269855
        ],
        [
          -0.160461,
          -0.493421,
          -0.854861,
          1.364627
        ],
        [
          0.0,
          0.0,
          0.0,
          1.0
        ]
      ]
    },
    {
      "file_path": "/media/NFS/ttao/scannet/posed_images/scene0613_02/00364.jpg",
      "transform_matrix": [
        [
          0.575811,
          -0.795524,
          0.188632,
          1.331327
        ],
        [
          -0.767693,
          -0.446726,
          0.459438,
          2.309542
        ],
        [
          -0.281227,
          -0.409361,
          -0.867948,
          1.374327
        ],
        [
          0.0,
          0.0,
          0.0,
          1.0
        ]
      ]
    },
    {
      "file_path": "/media/NFS/ttao/scannet/posed_images/scene0613_02/00379.jpg",
      "transform_matrix": [
        [
          0.61194,
          -0.771944,
          0.172137,
          1.315351
        ],
        [
          -0.705541,
          -0.434453,
          0.559877,
          2.329945
        ],
        [
          -0.357408,
          -0.464061,
          -0.810498,
          1.399787
        ],
        [
          0.0,
          0.0,
          0.0,
          1.0
        ]
      ]
    },
    {
      "file_path": "/media/NFS/ttao/scannet/posed_images/scene0613_02/00389.jpg",
      "transform_matrix": [
        [
          0.637635,
          -0.759245,
          0.130261,
          1.309215
        ],
        [
          -0.682904,
          -0.478877,
          0.551651,
          2.339173
        ],
        [
          -0.356459,
          -0.440708,
          -0.823841,
          1.403401
        ],
        [
          0.0,
          0.0,
          0.0,
          1.0
        ]
      ]
    },
    {
      "file_path": "/media/NFS/ttao/scannet/posed_images/scene0613_02/00414.jpg",
      "transform_matrix": [
        [
          0.747225,
          -0.650922,
          -0.133999,
          1.274668
        ],
        [
          -0.553524,
          -0.721171,
          0.416562,
          2.385882
        ],
        [
          -0.367785,
          -0.237093,
          -0.899178,
          1.348561
        ],
        [
          0.0,
          0.0,
          0.0,
          1.0
        ]
      ]
    },
    {
      "file_path": "/media/NFS/ttao/scannet/posed_images/scene0613_02/00419.jpg",
      "transform_matrix": [
        [
          0.765884,
          -0.624757,
          -0.151989,
          1.271753
        ],
        [
          -0.532976,
          -0.749088,
          0.393452,
          2.392535
        ],
        [
          -0.359665,
          -0.220331,
          -0.906695,
          1.340541
        ],
        [
          0.0,
          0.0,
          0.0,
          1.0
        ]
      ]
    },
    {
      "file_path": "/media/NFS/ttao/scannet/posed_images/scene0613_02/00440.jpg",
      "transform_matrix": [
        [
          0.812277,
          -0.521757,
          -0.260723,
          1.247911
        ],
        [
          -0.44123,
          -0.842009,
          0.310383,
          2.410766
        ],
        [
          -0.381476,
          -0.137078,
          -0.914159,
          1.313884
        ],
        [
          0.0,
          0.0,
          0.0,
          1.0
        ]
      ]
    },
    {
      "file_path": "/media/NFS/ttao/scannet/posed_images/scene0613_02/00450.jpg",
      "transform_matrix": [
        [
          0.841469,
          -0.44757,
          -0.302674,
          1.222313
        ],
        [
          -0.362894,
          -0.883195,
          0.29711,
          2.416481
        ],
        [
          -0.400298,
          -0.14017,
          -0.905602,
          1.315562
        ],
        [
          0.0,
          0.0,
          0.0,
          1.0
        ]
      ]
    },
    {
      "file_path": "/media/NFS/ttao/scannet/posed_images/scene0613_02/00480.jpg",
      "transform_matrix": [
        [
          0.816278,
          -0.565717,
          -0.116849,
          1.254522
        ],
        [
          -0.447965,
          -0.747637,
          0.490272,
          2.438024
        ],
        [
          -0.364716,
          -0.347854,
          -0.863701,
          1.37351
        ],
        [
          0.0,
          0.0,
          0.0,
          1.0
        ]
      ]
    },
    {
      "file_path": "/media/NFS/ttao/scannet/posed_images/scene0613_02/00495.jpg",
      "transform_matrix": [
        [
          0.763796,
          -0.642857,
          -0.057891,
          1.308695
        ],
        [
          -0.533014,
          -0.678778,
          0.505131,
          2.433711
        ],
        [
          -0.364022,
          -0.35496,
          -0.861099,
          1.381185
        ],
        [
          0.0,
          0.0,
          0.0,
          1.0
        ]
      ]
    },
    {
      "file_path": "/media/NFS/ttao/scannet/posed_images/scene0613_02/00500.jpg",
      "transform_matrix": [
        [
          0.774035,
          -0.630185,
          -0.061136,
          1.320165
        ],
        [
          -0.513545,
          -0.681367,
          0.521547,
          2.430541
        ],
        [
          -0.370327,
          -0.372299,
          -0.85103,
          1.388577
        ],
        [
          0.0,
          0.0,
          0.0,
          1.0
        ]
      ]
    },
    {
      "file_path": "/media/NFS/ttao/scannet/posed_images/scene0613_02/00526.jpg",
      "transform_matrix": [
        [
          0.752916,
          -0.609601,
          0.247998,
          1.402075
        ],
        [
          -0.602439,
          -0.486718,
          0.632592,
          2.392314
        ],
        [
          -0.264924,
          -0.625692,
          -0.733706,
          1.452596
        ],
        [
          0.0,
          0.0,
          0.0,
          1.0
        ]
      ]
    },
    {
      "file_path": "/media/NFS/ttao/scannet/posed_images/scene0613_02/00536.jpg",
      "transform_matrix": [
        [
          0.70616,
          -0.61051,
          0.358629,
          1.407519
        ],
        [
          -0.65959,
          -0.383042,
          0.646699,
          2.366174
        ],
        [
          -0.257447,
          -0.693221,
          -0.673176,
          1.473188
        ],
        [
          0.0,
          0.0,
          0.0,
          1.0
        ]
      ]
    },
    {
      "file_path": "/media/NFS/ttao/scannet/posed_images/scene0613_02/00561.jpg",
      "transform_matrix": [
        [
          0.730691,
          -0.425986,
          0.533504,
          1.509988
        ],
        [
          -0.638638,
          -0.15028,
          0.75469,
          2.25443
        ],
        [
          -0.241313,
          -0.892161,
          -0.381859,
          1.560692
        ],
        [
          0.0,
          0.0,
          0.0,
          1.0
        ]
      ]
    },
    {
      "file_path": "/media/NFS/ttao/scannet/posed_images/scene0613_02/00571.jpg",
      "transform_matrix": [
        [
          0.758734,
          -0.345783,
          0.552048,
          1.554947
        ],
        [
          -0.607323,
          -0.06906,
          0.791448,
          2.17382
        ],
        [
          -0.235545,
          -0.93577,
          -0.2624,
          1.598916
        ],
        [
          0.0,
          0.0,
          0.0,
          1.0
        ]
      ]
    },
    {
      "file_path": "/media/NFS/ttao/scannet/posed_images/scene0613_02/00586.jpg",
      "transform_matrix": [
        [
          0.789113,
          -0.248118,
          0.561906,
          1.580658
        ],
        [
          -0.569153,
          0.04869,
          0.820789,
          2.099518
        ],
        [
          -0.231012,
          -0.967505,
          -0.102795,
          1.613025
        ],
        [
          0.0,
          0.0,
          0.0,
          1.0
        ]
      ]
    },
    {
      "file_path": "/media/NFS/ttao/scannet/posed_images/scene0613_02/00606.jpg",
      "transform_matrix": [
        [
          0.806071,
          -0.155659,
          0.570982,
          1.615239
        ],
        [
          -0.551793,
          0.15111,
          0.820177,
          2.041285
        ],
        [
          -0.213949,
          -0.976184,
          0.035914,
          1.675739
        ],
        [
          0.0,
          0.0,
          0.0,
          1.0
        ]
      ]
    },
    {
      "file_path": "/media/NFS/ttao/scannet/posed_images/scene0613_02/00622.jpg",
      "transform_matrix": [
        [
          0.834731,
          -0.160189,
          0.526843,
          1.647089
        ],
        [
          -0.524619,
          0.059381,
          0.849264,
          2.05074
        ],
        [
          -0.167327,
          -0.985299,
          -0.034471,
          1.651071
        ],
        [
          0.0,
          0.0,
          0.0,
          1.0
        ]
      ]
    },
    {
      "file_path": "/media/NFS/ttao/scannet/posed_images/scene0613_02/00647.jpg",
      "transform_matrix": [
        [
          0.921953,
          -0.220492,
          0.318411,
          1.759011
        ],
        [
          -0.371417,
          -0.270316,
          0.888245,
          2.121703
        ],
        [
          -0.109779,
          -0.937183,
          -0.331113,
          1.60814
        ],
        [
          0.0,
          0.0,
          0.0,
          1.0
        ]
      ]
    },
    {
      "file_path": "/media/NFS/ttao/scannet/posed_images/scene0613_02/00667.jpg",
      "transform_matrix": [
        [
          0.98017,
          -0.158014,
          0.119574,
          1.818746
        ],
        [
          -0.177351,
          -0.430361,
          0.885063,
          2.072596
        ],
        [
          -0.088392,
          -0.888718,
          -0.449851,
          1.59058
        ],
        [
          0.0,
          0.0,
          0.0,
          1.0
        ]
      ]
    },
    {
      "file_path": "/media/NFS/ttao/scannet/posed_images/scene0613_02/00682.jpg",
      "transform_matrix": [
        [
          0.993418,
          -0.06333,
          -0.095446,
          1.745248
        ],
        [
          0.049951,
          -0.510344,
          0.858518,
          2.024396
        ],
        [
          -0.103081,
          -0.857635,
          -0.503822,
          1.573944
        ],
        [
          0.0,
          0.0,
          0.0,
          1.0
        ]
      ]
    },
    {
      "file_path": "/media/NFS/ttao/scannet/posed_images/scene0613_02/00692.jpg",
      "transform_matrix": [
        [
          0.970563,
          0.039528,
          -0.237583,
          1.702769
        ],
        [
          0.220506,
          -0.542611,
          0.810525,
          2.014824
        ],
        [
          -0.096876,
          -0.839054,
          -0.535354,
          1.548286
        ],
        [
          0.0,
          0.0,
          0.0,
          1.0
        ]
      ]
    },
    {
      "file_path": "/media/NFS/ttao/scannet/posed_images/scene0613_02/00718.jpg",
      "transform_matrix": [
        [
          0.811838,
          0.448626,
          -0.373704,
          1.561979
        ],
        [
          0.583307,
          -0.651594,
          0.484952,
          2.080721
        ],
        [
          -0.025941,
          -0.611687,
          -0.790675,
          1.44944
        ],
        [
          0.0,
          0.0,
          0.0,
          1.0
        ]
      ]
    },
    {
      "file_path": "/media/NFS/ttao/scannet/posed_images/scene0613_02/00723.jpg",
      "transform_matrix": [
        [
          0.738698,
          0.540554,
          -0.40265,
          1.554206
        ],
        [
          0.673923,
          -0.603284,
          0.426471,
          2.078951
        ],
        [
          -0.012382,
          -0.586388,
          -0.809936,
          1.438122
        ],
        [
          0.0,
          0.0,
          0.0,
          1.0
        ]
      ]
    },
    {
      "file_path": "/media/NFS/ttao/scannet/posed_images/scene0613_02/00743.jpg",
      "transform_matrix": [
        [
          0.403481,
          0.794249,
          -0.454281,
          1.538994
        ],
        [
          0.913589,
          -0.377147,
          0.152036,
          2.037088
        ],
        [
          -0.050576,
          -0.47637,
          -0.877789,
          1.381407
        ],
        [
          0.0,
          0.0,
          0.0,
          1.0
        ]
      ]
    },
    {
      "file_path": "/media/NFS/ttao/scannet/posed_images/scene0613_02/00758.jpg",
      "transform_matrix": [
        [
          0.232118,
          0.890801,
          -0.390634,
          1.49987
        ],
        [
          0.971561,
          -0.231652,
          0.049052,
          1.968011
        ],
        [
          -0.046796,
          -0.39091,
          -0.919239,
          1.334701
        ],
        [
          0.0,
          0.0,
          0.0,
          1.0
        ]
      ]
    },
    {
      "file_path": "/media/NFS/ttao/scannet/posed_images/scene0613_02/00773.jpg",
      "transform_matrix": [
        [
          0.079703,
          0.932825,
          -0.351404,
          1.488353
        ],
        [
          0.994297,
          -0.099456,
          -0.038493,
          1.901412
        ],
        [
          -0.070856,
          -0.346332,
          -0.935432,
          1.308104
        ],
        [
          0.0,
          0.0,
          0.0,
          1.0
        ]
      ]
    },
    {
      "file_path": "/media/NFS/ttao/scannet/posed_images/scene0613_02/00793.jpg",
      "transform_matrix": [
        [
          -0.09113,
          0.926839,
          -0.364231,
          1.507133
        ],
        [
          0.981154,
          0.020986,
          -0.192082,
          1.797525
        ],
        [
          -0.170386,
          -0.374871,
          -0.911285,
          1.320544
        ],
        [
          0.0,
          0.0,
          0.0,
          1.0
        ]
      ]
    },
    {
      "file_path": "/media/NFS/ttao/scannet/posed_images/scene0613_02/00803.jpg",
      "transform_matrix": [
        [
          -0.198393,
          0.913276,
          -0.355763,
          1.520346
        ],
        [
          0.956648,
          0.101469,
          -0.273,
          1.718148
        ],
        [
          -0.213225,
          -0.394501,
          -0.893814,
          1.333481
        ],
        [
          0.0,
          0.0,
          0.0,
          1.0
        ]
      ]
    },
    {
      "file_path": "/media/NFS/ttao/scannet/posed_images/scene0613_02/00824.jpg",
      "transform_matrix": [
        [
          -0.50704,
          0.722255,
          -0.470381,
          1.579007
        ],
        [
          0.839154,
          0.289047,
          -0.46073,
          1.602009
        ],
        [
          -0.196803,
          -0.62833,
          -0.752642,
          1.383581
        ],
        [
          0.0,
          0.0,
          0.0,
          1.0
        ]
      ]
    },
    {
      "file_path": "/media/NFS/ttao/scannet/posed_images/scene0613_02/00839.jpg",
      "transform_matrix": [
        [
          -0.639282,
          0.567064,
          -0.519381,
          1.60426
        ],
        [
          0.761773,
          0.374805,
          -0.528416,
          1.629859
        ],
        [
          -0.104979,
          -0.733457,
          -0.67158,
          1.409732
        ],
        [
          0.0,
          0.0,
          0.0,
          1.0
        ]
      ]
    },
    {
      "file_path": "/media/NFS/ttao/scannet/posed_images/scene0613_02/00859.jpg",
      "transform_matrix": [
        [
          -0.79976,
          0.534129,
          -0.274028,
          1.629872
        ],
        [
          0.591219,
          0.621608,
          -0.513871,
          1.646767
        ],
        [
          -0.104135,
          -0.572984,
          -0.812924,
          1.370638
        ],
        [
          0.0,
          0.0,
          0.0,
          1.0
        ]
      ]
    },
    {
      "file_path": "/media/NFS/ttao/scannet/posed_images/scene0613_02/00874.jpg",
      "transform_matrix": [
        [
          -0.899106,
          0.427279,
          -0.095079,
          1.653744
        ],
        [
          0.409733,
          0.745075,
          -0.526291,
          1.635934
        ],
        [
          -0.154032,
          -0.512149,
          -0.844972,
          1.363029
        ],
        [
          0.0,
          0.0,
          0.0,
          1.0
        ]
      ]
    },
    {
      "file_path": "/media/NFS/ttao/scannet/posed_images/scene0613_02/00894.jpg",
      "transform_matrix": [
        [
          -0.955079,
          0.290643,
          0.057886,
          1.724936
        ],
        [
          0.206722,
          0.793346,
          -0.572598,
          1.555259
        ],
        [
          -0.212345,
          -0.53491,
          -0.81779,
          1.364587
        ],
        [
          0.0,
          0.0,
          0.0,
          1.0
        ]
      ]
    },
    {
      "file_path": "/media/NFS/ttao/scannet/posed_images/scene0613_02/00904.jpg",
      "transform_matrix": [
        [
          -0.970305,
          0.219135,
          0.102411,
          1.775394
        ],
        [
          0.118015,
          0.798459,
          -0.590369,
          1.51937
        ],
        [
          -0.211142,
          -0.560752,
          -0.80061,
          1.364984
        ],
        [
          0.0,
          0.0,
          0.0,
          1.0
        ]
      ]
    },
    {
      "file_path": "/media/NFS/ttao/scannet/posed_images/scene0613_02/00925.jpg",
      "transform_matrix": [
        [
          -0.97024,
          0.022121,
          0.241132,
          1.833509
        ],
        [
          -0.130139,
          0.792136,
          -0.596309,
          1.421708
        ],
        [
          -0.2042,
          -0.609944,
          -0.765683,
          1.372561
        ],
        [
          0.0,
          0.0,
          0.0,
          1.0
        ]
      ]
    },
    {
      "file_path": "/media/NFS/ttao/scannet/posed_images/scene0613_02/00950.jpg",
      "transform_matrix": [
        [
          -0.842959,
          -0.190091,
          0.503275,
          1.824906
        ],
        [
          -0.489194,
          0.660101,
          -0.570049,
          1.270559
        ],
        [
          -0.223851,
          -0.726727,
          -0.649429,
          1.41369
        ],
        [
          0.0,
          0.0,
          0.0,
          1.0
        ]
      ]
    },
    {
      "file_path": "/media/NFS/ttao/scannet/posed_images/scene0613_02/00960.jpg",
      "transform_matrix": [
        [
          -0.789927,
          -0.258642,
          0.555985,
          1.852678
        ],
        [
          -0.578462,
          0.615151,
          -0.535696,
          1.222022
        ],
        [
          -0.203462,
          -0.744777,
          -0.635539,
          1.411839
        ],
        [
          0.0,
          0.0,
          0.0,
          1.0
        ]
      ]
    },
    {
      "file_path": "/media/NFS/ttao/scannet/posed_images/scene0613_02/00975.jpg",
      "transform_matrix": [
        [
          -0.716821,
          -0.396129,
          0.573803,
          1.932908
        ],
        [
          -0.683316,
          0.562844,
          -0.465067,
          1.090308
        ],
        [
          -0.138735,
          -0.725458,
          -0.674139,
          1.408897
        ],
        [
          0.0,
          0.0,
          0.0,
          1.0
        ]
      ]
    },
    {
      "file_path": "/media/NFS/ttao/scannet/posed_images/scene0613_02/01000.jpg",
      "transform_matrix": [
        [
          -0.373623,
          -0.623783,
          0.686514,
          1.870578
        ],
        [
          -0.919938,
          0.344,
          -0.188094,
          0.912028
        ],
        [
          -0.118831,
          -0.701826,
          -0.702367,
          1.416131
        ],
        [
          0.0,
          0.0,
          0.0,
          1.0
        ]
      ]
    },
    {
      "file_path": "/media/NFS/ttao/scannet/posed_images/scene0613_02/01011.jpg",
      "transform_matrix": [
        [
          -0.187935,
          -0.727128,
          0.660276,
          1.81907
        ],
        [
          -0.971895,
          0.234713,
          -0.018154,
          0.880517
        ],
        [
          -0.141775,
          -0.645131,
          -0.750803,
          1.410369
        ],
        [
          0.0,
          0.0,
          0.0,
          1.0
        ]
      ]
    },
    {
      "file_path": "/media/NFS/ttao/scannet/posed_images/scene0613_02/01036.jpg",
      "transform_matrix": [
        [
          -0.012072,
          -0.708406,
          0.705702,
          1.752236
        ],
        [
          -0.996284,
          0.068711,
          0.051931,
          0.779693
        ],
        [
          -0.085278,
          -0.702453,
          -0.706603,
          1.42545
        ],
        [
          0.0,
          0.0,
          0.0,
          1.0
        ]
      ]
    },
    {
      "file_path": "/media/NFS/ttao/scannet/posed_images/scene0613_02/01041.jpg",
      "transform_matrix": [
        [
          0.062076,
          -0.696206,
          0.715153,
          1.727082
        ],
        [
          -0.995974,
          0.003217,
          0.089583,
          0.726172
        ],
        [
          -0.064669,
          -0.717835,
          -0.693203,
          1.438957
        ],
        [
          0.0,
          0.0,
          0.0,
          1.0
        ]
      ]
    },
    {
      "file_path": "/media/NFS/ttao/scannet/posed_images/scene0613_02/01066.jpg",
      "transform_matrix": [
        [
          0.091604,
          -0.57576,
          0.812471,
          1.672369
        ],
        [
          -0.995761,
          -0.046198,
          0.079532,
          0.65691
        ],
        [
          -0.008257,
          -0.816313,
          -0.577551,
          1.474935
        ],
        [
          0.0,
          0.0,
          0.0,
          1.0
        ]
      ]
    },
    {
      "file_path": "/media/NFS/ttao/scannet/posed_images/scene0613_02/01086.jpg",
      "transform_matrix": [
        [
          0.192517,
          -0.417935,
          0.887845,
          1.617978
        ],
        [
          -0.981074,
          -0.101117,
          0.165134,
          0.603102
        ],
        [
          0.020761,
          -0.902832,
          -0.429491,
          1.50516
        ],
        [
          0.0,
          0.0,
          0.0,
          1.0
        ]
      ]
    },
    {
      "file_path": "/media/NFS/ttao/scannet/posed_images/scene0613_02/01097.jpg",
      "transform_matrix": [
        [
          0.183903,
          -0.33025,
          0.925805,
          1.600216
        ],
        [
          -0.982117,
          -0.100374,
          0.159283,
          0.607368
        ],
        [
          0.040323,
          -0.938541,
          -0.342803,
          1.519369
        ],
        [
          0.0,
          0.0,
          0.0,
          1.0
        ]
      ]
    },
    {
      "file_path": "/media/NFS/ttao/scannet/posed_images/scene0613_02/01112.jpg",
      "transform_matrix": [
        [
          0.104643,
          -0.287836,
          0.951946,
          1.601706
        ],
        [
          -0.992846,
          -0.08558,
          0.083263,
          0.60222
        ],
        [
          0.057502,
          -0.953848,
          -0.294732,
          1.532979
        ],
        [
          0.0,
          0.0,
          0.0,
          1.0
        ]
      ]
    },
    {
      "file_path": "/media/NFS/ttao/scannet/posed_images/scene0613_02/01127.jpg",
      "transform_matrix": [
        [
          0.146864,
          -0.193597,
          0.970026,
          1.584296
        ],
        [
          -0.988104,
          -0.073954,
          0.134842,
          0.603379
        ],
        [
          0.045632,
          -0.97829,
          -0.202155,
          1.559427
        ],
        [
          0.0,
          0.0,
          0.0,
          1.0
        ]
      ]
    },
    {
      "file_path": "/media/NFS/ttao/scannet/posed_images/scene0613_02/01142.jpg",
      "transform_matrix": [
        [
          0.219797,
          -0.122058,
          0.96788,
          1.561094
        ],
        [
          -0.974805,
          -0.066128,
          0.21303,
          0.604063
        ],
        [
          0.038002,
          -0.990318,
          -0.133517,
          1.566565
        ],
        [
          0.0,
          0.0,
          0.0,
          1.0
        ]
      ]
    },
    {
      "file_path": "/media/NFS/ttao/scannet/posed_images/scene0613_02/01162.jpg",
      "transform_matrix": [
        [
          0.34825,
          -0.104588,
          0.931549,
          1.554992
        ],
        [
          -0.936782,
          -0.074974,
          0.341788,
          0.607109
        ],
        [
          0.034095,
          -0.991686,
          -0.124086,
          1.577025
        ],
        [
          0.0,
          0.0,
          0.0,
          1.0
        ]
      ]
    },
    {
      "file_path": "/media/NFS/ttao/scannet/posed_images/scene0613_02/01177.jpg",
      "transform_matrix": [
        [
          0.420048,
          -0.137569,
          0.897014,
          1.558481
        ],
        [
          -0.907214,
          -0.08857,
          0.411241,
          0.593392
        ],
        [
          0.022875,
          -0.986524,
          -0.162009,
          1.578103
        ],
        [
          0.0,
          0.0,
          0.0,
          1.0
        ]
      ]
    },
    {
      "file_path": "/media/NFS/ttao/scannet/posed_images/scene0613_02/01198.jpg",
      "transform_matrix": [
        [
          0.616812,
          -0.191458,
          0.76347,
          1.573916
        ],
        [
          -0.786747,
          -0.179432,
          0.590621,
          0.53079
        ],
        [
          0.023912,
          -0.96496,
          -0.261305,
          1.555274
        ],
        [
          0.0,
          0.0,
          0.0,
          1.0
        ]
      ]
    },
    {
      "file_path": "/media/NFS/ttao/scannet/posed_images/scene0613_02/01208.jpg",
      "transform_matrix": [
        [
          0.620446,
          -0.215995,
          0.753918,
          1.545699
        ],
        [
          -0.783417,
          -0.214964,
          0.583136,
          0.557517
        ],
        [
          0.036111,
          -0.952437,
          -0.302588,
          1.551171
        ],
        [
          0.0,
          0.0,
          0.0,
          1.0
        ]
      ]
    },
    {
      "file_path": "/media/NFS/ttao/scannet/posed_images/scene0613_02/01233.jpg",
      "transform_matrix": [
        [
          0.738127,
          -0.353897,
          0.574391,
          1.535341
        ],
        [
          -0.674499,
          -0.368424,
          0.639777,
          0.572745
        ],
        [
          -0.014796,
          -0.859663,
          -0.510648,
          1.512702
        ],
        [
          0.0,
          0.0,
          0.0,
          1.0
        ]
      ]
    },
    {
      "file_path": "/media/NFS/ttao/scannet/posed_images/scene0613_02/01253.jpg",
      "transform_matrix": [
        [
          0.855242,
          -0.363708,
          0.369157,
          1.524376
        ],
        [
          -0.515641,
          -0.526146,
          0.676228,
          0.602973
        ],
        [
          -0.051719,
          -0.768691,
          -0.637526,
          1.490761
        ],
        [
          0.0,
          0.0,
          0.0,
          1.0
        ]
      ]
    },
    {
      "file_path": "/media/NFS/ttao/scannet/posed_images/scene0613_02/01268.jpg",
      "transform_matrix": [
        [
          0.914937,
          -0.312406,
          0.255525,
          1.526816
        ],
        [
          -0.394246,
          -0.556303,
          0.731504,
          0.596797
        ],
        [
          -0.086377,
          -0.770019,
          -0.632147,
          1.495791
        ],
        [
          0.0,
          0.0,
          0.0,
          1.0
        ]
      ]
    },
    {
      "file_path": "/media/NFS/ttao/scannet/posed_images/scene0613_02/01283.jpg",
      "transform_matrix": [
        [
          0.946819,
          -0.279307,
          0.159754,
          1.531304
        ],
        [
          -0.298532,
          -0.577285,
          0.760014,
          0.59154
        ],
        [
          -0.120054,
          -0.767287,
          -0.629966,
          1.497672
        ],
        [
          0.0,
          0.0,
          0.0,
          1.0
        ]
      ]
    },
    {
      "file_path": "/media/NFS/ttao/scannet/posed_images/scene0613_02/01294.jpg",
      "transform_matrix": [
        [
          0.968169,
          -0.239056,
          0.074171,
          1.519752
        ],
        [
          -0.212102,
          -0.626237,
          0.750227,
          0.591703
        ],
        [
          -0.132898,
