{
  "frames": [
    {
      "file_path": "/media/NFS/ttao/scannet/posed_images/scene0017_00/00000.jpg",
      "transform_matrix": [
        [
          -0.32152,
          -0.4706,
          0.821681,
          2.120097
        ],
        [
          -0.946681,
          0.178549,
          -0.268172,
          2.367636
        ],
        [
          -0.020508,
          -0.864092,
          -0.502915,
          1.494245
        ],
        [
          0.0,
          0.0,
          0.0,
          1.0
        ]
      ]
    },
    {
      "file_path": "/media/NFS/ttao/scannet/posed_images/scene0017_00/00006.jpg",
      "transform_matrix": [
        [
          -0.358094,
          -0.443889,
          0.82142,
          2.085706
        ],
        [
          -0.933681,
          0.167552,
          -0.31649,
          2.33995
        ],
        [
          0.002856,
          -0.880278,
          -0.474451,
          1.518185
        ],
        [
          0.0,
          0.0,
          0.0,
          1.0
        ]
      ]
    },
    {
      "file_path": "/media/NFS/ttao/scannet/posed_images/scene0017_00/00008.jpg",
      "transform_matrix": [
        [
          -0.356591,
          -0.422625,
          0.833205,
          2.070508
        ],
        [
          -0.934261,
          0.161711,
          -0.317816,
          2.337961
        ],
        [
          -0.000421,
          -0.891761,
          -0.452507,
          1.521606
        ],
        [
          0.0,
          0.0,
          0.0,
          1.0
        ]
      ]
    },
    {
      "file_path": "/media/NFS/ttao/scannet/posed_images/scene0017_00/00013.jpg",
      "transform_matrix": [
        [
          -0.349818,
          -0.399036,
          0.847583,
          2.072136
        ],
        [
          -0.936767,
          0.139557,
          -0.320924,
          2.3774
        ],
        [
          0.009774,
          -0.906253,
          -0.422624,
          1.534777
        ],
        [
          0.0,
          0.0,
          0.0,
          1.0
        ]
      ]
    },
    {
      "file_path": "/media/NFS/ttao/scannet/posed_images/scene0017_00/00019.jpg",
      "transform_matrix": [
        [
          -0.294618,
          -0.369322,
          0.881364,
          2.07523
        ],
        [
          -0.955615,
          0.113573,
          -0.271848,
          2.389382
        ],
        [
          0.000301,
          -0.922335,
          -0.38639,
          1.550538
        ],
        [
          0.0,
          0.0,
          0.0,
          1.0
        ]
      ]
    },
    {
      "file_path": "/media/NFS/ttao/scannet/posed_images/scene0017_00/00021.jpg",
      "transform_matrix": [
        [
          -0.268443,
          -0.3681,
          0.890191,
          2.08176
        ],
        [
          -0.963296,
          0.103221,
          -0.247805,
          2.386952
        ],
        [
          -0.00067,
          -0.924039,
          -0.382298,
          1.566718
        ],
        [
          0.0,
          0.0,
          0.0,
          1.0
        ]
      ]
    },
    {
      "file_path": "/media/NFS/ttao/scannet/posed_images/scene0017_00/00027.jpg",
      "transform_matrix": [
        [
          -0.208868,
          -0.345201,
          0.914992,
          2.09239
        ],
        [
          -0.977938,
          0.076933,
          -0.194213,
          2.394825
        ],
        [
          -0.003351,
          -0.93537,
          -0.353654,
          1.578997
        ],
        [
          0.0,
          0.0,
          0.0,
          1.0
        ]
      ]
    },
    {
      "file_path": "/media/NFS/ttao/scannet/posed_images/scene0017_00/00030.jpg",
      "transform_matrix": [
        [
          -0.179458,
          -0.32669,
          0.927938,
          2.087542
        ],
        [
          -0.983723,
          0.068389,
          -0.16617,
          2.389977
        ],
        [
          -0.009175,
          -0.942654,
          -0.333646,
          1.579777
        ],
        [
          0.0,
          0.0,
          0.0,
          1.0
        ]
      ]
    },
    {
      "file_path": "/media/NFS/ttao/scannet/posed_images/scene0017_00/00033.jpg",
      "transform_matrix": [
        [
          -0.150574,
          -0.316399,
          0.9366,
          2.093246
        ],
        [
          -0.988501,
          0.061532,
          -0.138131,
          2.393783
        ],
        [
          -0.013926,
          -0.946628,
          -0.322026,
          1.588081
        ],
        [
          0.0,
          0.0,
          0.0,
          1.0
        ]
      ]
    },
    {
      "file_path": "/media/NFS/ttao/scannet/posed_images/scene0017_00/00041.jpg",
      "transform_matrix": [
        [
          -0.082716,
          -0.290891,
          0.953174,
          2.103171
        ],
        [
          -0.996501,
          0.035636,
          -0.0756,
          2.398826
        ],
        [
          -0.011975,
          -0.956092,
          -0.292821,
          1.599633
        ],
        [
          0.0,
          0.0,
          0.0,
          1.0
        ]
      ]
    },
    {
      "file_path": "/media/NFS/ttao/scannet/posed_images/scene0017_00/00044.jpg",
      "transform_matrix": [
        [
          -0.062631,
          -0.281019,
          0.957657,
          2.109999
        ],
        [
          -0.998008,
          0.024929,
          -0.057955,
          2.414039
        ],
        [
          -0.007587,
          -0.959378,
          -0.28202,
          1.61033
        ],
        [
          0.0,
          0.0,
          0.0,
          1.0
        ]
      ]
    },
    {
      "file_path": "/media/NFS/ttao/scannet/posed_images/scene0017_00/00046.jpg",
      "transform_matrix": [
        [
          -0.043838,
          -0.271438,
          0.961457,
          2.109426
        ],
        [
          -0.99901,
          0.019238,
          -0.040119,
          2.41694
        ],
        [
          -0.007607,
          -0.962264,
          -0.272013,
          1.614225
        ],
        [
          0.0,
          0.0,
          0.0,
          1.0
        ]
      ]
    },
    {
      "file_path": "/media/NFS/ttao/scannet/posed_images/scene0017_00/00051.jpg",
      "transform_matrix": [
        [
          0.010965,
          -0.243355,
          0.969875,
          2.108078
        ],
        [
          -0.999909,
          0.005006,
          0.012561,
          2.405942
        ],
        [
          -0.007912,
          -0.969924,
          -0.243277,
          1.623707
        ],
        [
          0.0,
          0.0,
          0.0,
          1.0
        ]
      ]
    },
    {
      "file_path": "/media/NFS/ttao/scannet/posed_images/scene0017_00/00057.jpg",
      "transform_matrix": [
        [
          0.082438,
          -0.218342,
          0.972384,
          2.106494
        ],
        [
          -0.99654,
          -0.007716,
          0.082754,
          2.437658
        ],
        [
          -0.010566,
          -0.975842,
          -0.218223,
          1.624224
        ],
        [
          0.0,
          0.0,
          0.0,
          1.0
        ]
      ]
    },
    {
      "file_path": "/media/NFS/ttao/scannet/posed_images/scene0017_00/00060.jpg",
      "transform_matrix": [
        [
          0.162043,
          -0.206765,
          0.964878,
          2.114727
        ],
        [
          -0.986778,
          -0.030527,
          0.159179,
          2.417912
        ],
        [
          -0.003458,
          -0.977914,
          -0.208978,
          1.634019
        ],
        [
          0.0,
          0.0,
          0.0,
          1.0
        ]
      ]
    },
    {
      "file_path": "/media/NFS/ttao/scannet/posed_images/scene0017_00/00063.jpg",
      "transform_matrix": [
        [
          0.204161,
          -0.191234,
          0.960077,
          2.110917
        ],
        [
          -0.978923,
          -0.045099,
          0.199186,
          2.458985
        ],
        [
          0.005207,
          -0.980508,
          -0.196411,
          1.630207
        ],
        [
          0.0,
          0.0,
          0.0,
          1.0
        ]
      ]
    },
    {
      "file_path": "/media/NFS/ttao/scannet/posed_images/scene0017_00/00069.jpg",
      "transform_matrix": [
        [
          0.3097,
          -0.150215,
          0.938894,
          2.099682
        ],
        [
          -0.95078,
          -0.059503,
          0.304101,
          2.499086
        ],
        [
          0.010187,
          -0.986861,
          -0.16125,
          1.631237
        ],
        [
          0.0,
          0.0,
          0.0,
          1.0
        ]
      ]
    },
    {
      "file_path": "/media/NFS/ttao/scannet/posed_images/scene0017_00/00075.jpg",
      "transform_matrix": [
        [
          0.408892,
          -0.153858,
          0.899519,
          2.102818
        ],
        [
          -0.912275,
          -0.043303,
          0.407283,
          2.457471
        ],
        [
          -0.023711,
          -0.987144,
          -0.158067,
          1.672751
        ],
        [
          0.0,
          0.0,
          0.0,
          1.0
        ]
      ]
    },
    {
      "file_path": "/media/NFS/ttao/scannet/posed_images/scene0017_00/00076.jpg",
      "transform_matrix": [
        [
          0.42057,
          -0.150656,
          0.894664,
          2.104769
        ],
        [
          -0.906848,
          -0.040082,
          0.419548,
          2.462327
        ],
        [
          -0.027347,
          -0.987773,
          -0.153479,
          1.673249
        ],
        [
          0.0,
          0.0,
          0.0,
          1.0
        ]
      ]
    },
    {
      "file_path": "/media/NFS/ttao/scannet/posed_images/scene0017_00/00084.jpg",
      "transform_matrix": [
        [
          0.480965,
          -0.122322,
          0.868165,
          2.100428
        ],
        [
          -0.87637,
          -0.038313,
          0.480112,
          2.522112
        ],
        [
          -0.025466,
          -0.991751,
          -0.125627,
          1.674257
        ],
        [
          0.0,
          0.0,
          0.0,
          1.0
        ]
      ]
    },
    {
      "file_path": "/media/NFS/ttao/scannet/posed_images/scene0017_00/00087.jpg",
      "transform_matrix": [
        [
          0.497599,
          -0.119876,
          0.859084,
          2.106685
        ],
        [
          -0.866956,
          -0.036792,
          0.497025,
          2.53077
        ],
        [
          -0.027974,
          -0.992107,
          -0.122235,
          1.67308
        ],
        [
          0.0,
          0.0,
          0.0,
          1.0
        ]
      ]
    },
    {
      "file_path": "/media/NFS/ttao/scannet/posed_images/scene0017_00/00093.jpg",
      "transform_matrix": [
        [
          0.510243,
          -0.107669,
          0.853264,
          2.11061
        ],
        [
          -0.860023,
          -0.059846,
          0.506733,
          2.587223
        ],
        [
          -0.003495,
          -0.992384,
          -0.123134,
          1.687674
        ],
        [
          0.0,
          0.0,
          0.0,
          1.0
        ]
      ]
    },
    {
      "file_path": "/media/NFS/ttao/scannet/posed_images/scene0017_00/00094.jpg",
      "transform_matrix": [
        [
          0.51643,
          -0.105853,
          0.849762,
          2.117259
        ],
        [
          -0.856309,
          -0.056875,
          0.513324,
          2.584499
        ],
        [
          -0.006007,
          -0.992754,
          -0.120015,
          1.684941
        ],
        [
          0.0,
          0.0,
          0.0,
          1.0
        ]
      ]
    },
    {
      "file_path": "/media/NFS/ttao/scannet/posed_images/scene0017_00/00100.jpg",
      "transform_matrix": [
        [
          0.545116,
          -0.101443,
          0.832201,
          2.136133
        ],
        [
          -0.838354,
          -0.061974,
          0.541592,
          2.639487
        ],
        [
          -0.003365,
          -0.992909,
          -0.118828,
          1.678921
        ],
        [
          0.0,
          0.0,
          0.0,
          1.0
        ]
      ]
    },
    {
      "file_path": "/media/NFS/ttao/scannet/posed_images/scene0017_00/00102.jpg",
      "transform_matrix": [
        [
          0.562046,
          -0.106451,
          0.820227,
          2.144183
        ],
        [
          -0.82706,
          -0.061918,
          0.558693,
          2.663916
        ],
        [
          -0.008687,
          -0.992388,
          -0.122842,
          1.69349
        ],
        [
          0.0,
          0.0,
          0.0,
          1.0
        ]
      ]
    },
    {
      "file_path": "/media/NFS/ttao/scannet/posed_images/scene0017_00/00109.jpg",
      "transform_matrix": [
        [
          0.626721,
          -0.097733,
          0.773091,
          2.145683
        ],
        [
          -0.779069,
          -0.057556,
          0.624291,
          2.727704
        ],
        [
          -0.016517,
          -0.993547,
          -0.112212,
          1.704681
        ],
        [
          0.0,
          0.0,
          0.0,
          1.0
        ]
      ]
    },
    {
      "file_path": "/media/NFS/ttao/scannet/posed_images/scene0017_00/00111.jpg",
      "transform_matrix": [
        [
          0.65772,
          -0.084152,
          0.748547,
          2.143985
        ],
        [
          -0.753252,
          -0.06831,
          0.654175,
          2.730853
        ],
        [
          -0.003917,
          -0.994109,
          -0.108317,
          1.670211
        ],
        [
          0.0,
          0.0,
          0.0,
          1.0
        ]
      ]
    },
    {
      "file_path": "/media/NFS/ttao/scannet/posed_images/scene0017_00/00118.jpg",
      "transform_matrix": [
        [
          0.733826,
          -0.094603,
          0.672718,
          2.150479
        ],
        [
          -0.679324,
          -0.095831,
          0.727555,
          2.730897
        ],
        [
          -0.004362,
          -0.990892,
          -0.134589,
          1.663324
        ],
        [
          0.0,
          0.0,
          0.0,
          1.0
        ]
      ]
    },
    {
      "file_path": "/media/NFS/ttao/scannet/posed_images/scene0017_00/00122.jpg",
      "transform_matrix": [
        [
          0.75963,
          -0.098332,
          0.642879,
          2.129223
        ],
        [
          -0.650351,
          -0.110933,
          0.751491,
          2.74289
        ],
        [
          -0.002579,
          -0.988951,
          -0.148218,
          1.641149
        ],
        [
          0.0,
          0.0,
          0.0,
          1.0
        ]
      ]
    },
    {
      "file_path": "/media/NFS/ttao/scannet/posed_images/scene0017_00/00126.jpg",
      "transform_matrix": [
        [
          0.784823,
          -0.105262,
          0.610715,
          2.131555
        ],
        [
          -0.61971,
          -0.138937,
          0.772435,
          2.730988
        ],
        [
          0.003543,
          -0.984691,
          -0.174272,
          1.636222
        ],
        [
          0.0,
          0.0,
          0.0,
          1.0
        ]
      ]
    },
    {
      "file_path": "/media/NFS/ttao/scannet/posed_images/scene0017_00/00128.jpg",
      "transform_matrix": [
        [
          0.792694,
          -0.108204,
          0.59994,
          2.128466
        ],
        [
          -0.609547,
          -0.155895,
          0.777271,
          2.728576
        ],
        [
          0.009424,
          -0.981829,
          -0.189532,
          1.630622
        ],
        [
          0.0,
          0.0,
          0.0,
          1.0
        ]
      ]
    },
    {
      "file_path": "/media/NFS/ttao/scannet/posed_images/scene0017_00/00135.jpg",
      "transform_matrix": [
        [
          0.811874,
          -0.160311,
          0.561392,
          2.110452
        ],
        [
          -0.583808,
          -0.214199,
          0.783126,
          2.72513
        ],
        [
          -0.005295,
          -0.963545,
          -0.267494,
          1.620997
        ],
        [
          0.0,
          0.0,
          0.0,
          1.0
        ]
      ]
    },
    {
      "file_path": "/media/NFS/ttao/scannet/posed_images/scene0017_00/00139.jpg",
      "transform_matrix": [
        [
          0.824597,
          -0.180743,
          0.536071,
          2.100282
        ],
        [
          -0.565561,
          -0.240795,
          0.788771,
          2.722719
        ],
        [
          -0.013481,
          -0.953598,
          -0.30078,
          1.60375
        ],
        [
          0.0,
          0.0,
          0.0,
          1.0
        ]
      ]
    },
    {
      "file_path": "/media/NFS/ttao/scannet/posed_images/scene0017_00/00143.jpg",
      "transform_matrix": [
        [
          0.829948,
          -0.206933,
          0.51804,
          2.082396
        ],
        [
          -0.557255,
          -0.26498,
          0.786926,
          2.738648
        ],
        [
          -0.025571,
          -0.941788,
          -0.335234,
          1.58568
        ],
        [
          0.0,
          0.0,
          0.0,
          1.0
        ]
      ]
    },
    {
      "file_path": "/media/NFS/ttao/scannet/posed_images/scene0017_00/00148.jpg",
      "transform_matrix": [
        [
          0.836461,
          -0.232013,
          0.496491,
          2.073603
        ],
        [
          -0.547203,
          -0.303946,
          0.779863,
          2.741817
        ],
        [
          -0.030032,
          -0.924006,
          -0.381197,
          1.559926
        ],
        [
          0.0,
          0.0,
          0.0,
          1.0
        ]
      ]
    },
    {
      "file_path": "/media/NFS/ttao/scannet/posed_images/scene0017_00/00152.jpg",
      "transform_matrix": [
        [
          0.833184,
          -0.256299,
          0.490016,
          2.058725
        ],
        [
          -0.551903,
          -0.329701,
          0.765964,
          2.747643
        ],
        [
          -0.034757,
          -0.90863,
          -0.416153,
          1.547271
        ],
        [
          0.0,
          0.0,
          0.0,
          1.0
        ]
      ]
    },
    {
      "file_path": "/media/NFS/ttao/scannet/posed_images/scene0017_00/00157.jpg",
      "transform_matrix": [
        [
          0.833277,
          -0.290099,
          0.47063,
          2.052584
        ],
        [
          -0.550869,
          -0.363556,
          0.751246,
          2.748239
        ],
        [
          -0.046835,
          -0.885251,
          -0.462749,
          1.528467
        ],
        [
          0.0,
          0.0,
          0.0,
          1.0
        ]
      ]
    },
    {
      "file_path": "/media/NFS/ttao/scannet/posed_images/scene0017_00/00161.jpg",
      "transform_matrix": [
        [
          0.826101,
          -0.304572,
          0.474124,
          2.032326
        ],
        [
          -0.561922,
          -0.381856,
          0.733778,
          2.742626
        ],
        [
          -0.042441,
          -0.872595,
          -0.486597,
          1.507167
        ],
        [
          0.0,
          0.0,
          0.0,
          1.0
        ]
      ]
    },
    {
      "file_path": "/media/NFS/ttao/scannet/posed_images/scene0017_00/00163.jpg",
      "transform_matrix": [
        [
          0.819815,
          -0.315333,
          0.477985,
          2.029994
        ],
        [
          -0.571038,
          -0.388009,
          0.72344,
          2.745811
        ],
        [
          -0.042662,
          -0.866034,
          -0.498162,
          1.501076
        ],
        [
          0.0,
          0.0,
          0.0,
          1.0
        ]
      ]
    },
    {
      "file_path": "/media/NFS/ttao/scannet/posed_images/scene0017_00/00168.jpg",
      "transform_matrix": [
        [
          0.801775,
          -0.3483,
          0.485638,
          2.024023
        ],
        [
          -0.596042,
          -0.406929,
          0.692201,
          2.752379
        ],
        [
          -0.043473,
          -0.84445,
          -0.533867,
          1.484689
        ],
        [
          0.0,
          0.0,
          0.0,
          1.0
        ]
      ]
    },
    {
      "file_path": "/media/NFS/ttao/scannet/posed_images/scene0017_00/00171.jpg",
      "transform_matrix": [
        [
          0.785818,
          -0.3638,
          0.50014,
          2.005027
        ],
        [
          -0.617249,
          -0.410798,
          0.671006,
          2.747007
        ],
        [
          -0.038656,
          -0.835999,
          -0.547367,
          1.47132
        ],
        [
          0.0,
          0.0,
          0.0,
          1.0
        ]
      ]
    },
    {
      "file_path": "/media/NFS/ttao/scannet/posed_images/scene0017_00/00175.jpg",
      "transform_matrix": [
        [
          0.767797,
          -0.376207,
          0.51861,
          1.990783
        ],
        [
          -0.640218,
          -0.419342,
          0.64364,
          2.757278
        ],
        [
          -0.024667,
          -0.826209,
          -0.562824,
          1.460836
        ],
        [
          0.0,
          0.0,
          0.0,
          1.0
        ]
      ]
    },
    {
      "file_path": "/media/NFS/ttao/scannet/posed_images/scene0017_00/00180.jpg",
      "transform_matrix": [
        [
          0.735333,
          -0.40256,
          0.545189,
          1.954712
        ],
        [
          -0.677465,
          -0.415163,
          0.607192,
          2.771496
        ],
        [
          -0.018089,
          -0.815834,
          -0.578003,
          1.455585
        ],
        [
          0.0,
          0.0,
          0.0,
          1.0
        ]
      ]
    },
    {
      "file_path": "/media/NFS/ttao/scannet/posed_images/scene0017_00/00186.jpg",
      "transform_matrix": [
        [
          0.68348,
          -0.439307,
          0.582979,
          1.918805
        ],
        [
          -0.729891,
          -0.399579,
          0.554614,
          2.81303
        ],
        [
          -0.0107,
          -0.804578,
          -0.59375,
          1.450993
        ],
        [
          0.0,
          0.0,
          0.0,
          1.0
        ]
      ]
    },
    {
      "file_path": "/media/NFS/ttao/scannet/posed_images/scene0017_00/00188.jpg",
      "transform_matrix": [
        [
          0.660006,
          -0.457255,
          0.596079,
          1.90896
        ],
        [
          -0.751113,
          -0.385923,
          0.535624,
          2.830672
        ],
        [
          -0.014876,
          -0.801237,
          -0.598162,
          1.452624
        ],
        [
          0.0,
          0.0,
          0.0,
          1.0
        ]
      ]
    },
    {
      "file_path": "/media/NFS/ttao/scannet/posed_images/scene0017_00/00193.jpg",
      "transform_matrix": [
        [
          0.602414,
          -0.49061,
          0.629602,
          1.880105
        ],
        [
          -0.797876,
          -0.348233,
          0.492065,
          2.865099
        ],
        [
          -0.022164,
          -0.798771,
          -0.601226,
          1.448745
        ],
        [
          0.0,
          0.0,
          0.0,
          1.0
        ]
      ]
    },
    {
      "file_path": "/media/NFS/ttao/scannet/posed_images/scene0017_00/00199.jpg",
      "transform_matrix": [
        [
          0.528175,
          -0.510457,
          0.678576,
          1.870129
        ],
        [
          -0.849057,
          -0.328368,
          0.413856,
          2.924334
        ],
        [
          0.011567,
          -0.794738,
          -0.606843,
          1.452506
        ],
        [
          0.0,
          0.0,
          0.0,
          1.0
        ]
      ]
    },
    {
      "file_path": "/media/NFS/ttao/scannet/posed_images/scene0017_00/00200.jpg",
      "transform_matrix": [
        [
          0.513864,
          -0.515583,
          0.685651,
          1.865195
        ],
        [
          -0.857831,
          -0.316631,
          0.404811,
          2.927019
        ],
        [
          0.008385,
          -0.79619,
          -0.604988,
          1.452438
        ],
        [
          0.0,
          0.0,
          0.0,
          1.0
        ]
      ]
    },
    {
      "file_path": "/media/NFS/ttao/scannet/posed_images/scene0017_00/00208.jpg",
      "transform_matrix": [
        [
          0.431657,
          -0.521429,
          0.73606,
          1.904901
        ],
        [
          -0.901395,
          -0.28014,
          0.330164,
          3.028642
        ],
        [
          0.034043,
          -0.805998,
          -0.590938,
          1.471052
        ],
        [
          0.0,
          0.0,
          0.0,
          1.0
        ]
      ]
    },
    {
      "file_path": "/media/NFS/ttao/scannet/posed_images/scene0017_00/00211.jpg",
      "transform_matrix": [
        [
          0.40123,
          -0.52683,
          0.749309,
          1.920094
        ],
        [
          -0.915385,
          -0.26004,
          0.307328,
          3.061166
        ],
        [
          0.032941,
          -0.809215,
          -0.586588,
          1.462898
        ],
        [
          0.0,
          0.0,
          0.0,
          1.0
        ]
      ]
    },
    {
      "file_path": "/media/NFS/ttao/scannet/posed_images/scene0017_00/00213.jpg",
      "transform_matrix": [
        [
          0.381087,
          -0.532763,
          0.755603,
          1.939439
        ],
        [
          -0.924079,
          -0.245275,
          0.293118,
          3.089317
        ],
        [
          0.029168,
          -0.80994,
          -0.585786,
          1.46171
        ],
        [
          0.0,
          0.0,
          0.0,
          1.0
        ]
      ]
    },
    {
      "file_path": "/media/NFS/ttao/scannet/posed_images/scene0017_00/00221.jpg",
      "transform_matrix": [
        [
          0.317961,
          -0.547286,
          0.774195,
          2.018018
        ],
        [
          -0.948103,
          -0.184403,
          0.259028,
          3.212674
        ],
        [
          0.001002,
          -0.816378,
          -0.577517,
          1.464439
        ],
        [
          0.0,
          0.0,
          0.0,
          1.0
        ]
      ]
    },
    {
      "file_path": "/media/NFS/ttao/scannet/posed_images/scene0017_00/00222.jpg",
      "transform_matrix": [
        [
          0.312173,
          -0.548847,
          0.775445,
          2.02652
        ],
        [
          -0.950019,
          -0.183408,
          0.252639,
          3.231367
        ],
        [
          0.003563,
          -0.815554,
          -0.578669,
          1.464323
        ],
        [
          0.0,
          0.0,
          0.0,
          1.0
        ]
      ]
    },
    {
      "file_path": "/media/NFS/ttao/scannet/posed_images/scene0017_00/00226.jpg",
      "transform_matrix": [
        [
          0.282508,
          -0.548473,
          0.786998,
          2.063404
        ],
        [
          -0.959214,
          -0.169971,
          0.225872,
          3.299769
        ],
        [
          0.009882,
          -0.81871,
          -0.574122,
          1.460247
        ],
        [
          0.0,
          0.0,
          0.0,
          1.0
        ]
      ]
    },
    {
      "file_path": "/media/NFS/ttao/scannet/posed_images/scene0017_00/00231.jpg",
      "transform_matrix": [
        [
          0.221462,
          -0.563134,
          0.796137,
          2.108207
        ],
        [
          -0.975031,
          -0.141634,
          0.171043,
          3.397978
        ],
        [
          0.01644,
          -0.814137,
          -0.58044,
          1.44642
        ],
        [
          0.0,
          0.0,
          0.0,
          1.0
        ]
      ]
    },
    {
      "file_path": "/media/NFS/ttao/scannet/posed_images/scene0017_00/00236.jpg",
      "transform_matrix": [
        [
          0.14553,
          -0.568845,
          0.809467,
          2.16089
        ],
        [
          -0.989231,
          -0.096551,
          0.109999,
          3.499306
        ],
        [
          0.015582,
          -0.816758,
          -0.57677,
          1.449368
        ],
        [
          0.0,
          0.0,
          0.0,
          1.0
        ]
      ]
    },
    {
      "file_path": "/media/NFS/ttao/scannet/posed_images/scene0017_00/00242.jpg",
      "transform_matrix": [
        [
          0.050049,
          -0.5539,
          0.831078,
          2.218642
        ],
        [
          -0.998747,
          -0.027872,
          0.04157,
          3.628666
        ],
        [
          0.000138,
          -0.832117,
          -0.554601,
          1.450967
        ],
        [
          0.0,
          0.0,
          0.0,
          1.0
        ]
      ]
    },
    {
      "file_path": "/media/NFS/ttao/scannet/posed_images/scene0017_00/00244.jpg",
      "transform_matrix": [
        [
          0.028168,
          -0.55691,
          0.830095,
          2.238219
        ],
        [
          -0.999603,
          -0.01649,
          0.022857,
          3.663871
        ],
        [
          0.000959,
          -0.830409,
          -0.557153,
          1.449372
        ],
        [
          0.0,
          0.0,
          0.0,
          1.0
        ]
      ]
    },
    {
      "file_path": "/media/NFS/ttao/scannet/posed_images/scene0017_00/00249.jpg",
      "transform_matrix": [
        [
          -0.036288,
          -0.561332,
          0.826795,
          2.290009
        ],
        [
          -0.99903,
          -0.000289,
          -0.044044,
          3.736078
        ],
        [
          0.024963,
          -0.827591,
          -0.560776,
          1.450701
        ],
        [
          0.0,
          0.0,
          0.0,
          1.0
        ]
      ]
    },
    {
      "file_path": "/media/NFS/ttao/scannet/posed_images/scene0017_00/00252.jpg",
      "transform_matrix": [
        [
          -0.071935,
          -0.560041,
          0.825336,
          2.325858
        ],
        [
          -0.996844,
          0.012498,
          -0.078403,
          3.78795
        ],
        [
          0.033593,
          -0.828371,
          -0.559172,
          1.451381
        ],
        [
          0.0,
          0.0,
          0.0,
          1.0
        ]
      ]
    },
    {
      "file_path": "/media/NFS/ttao/scannet/posed_images/scene0017_00/00258.jpg",
      "transform_matrix": [
        [
          -0.138743,
          -0.55043,
          0.823272,
          2.419761
        ],
        [
          -0.989394,
          0.040943,
          -0.139366,
          3.866566
        ],
        [
          0.043004,
          -0.833877,
          -0.550273,
          1.446693
        ],
        [
          0.0,
          0.0,
          0.0,
          1.0
        ]
      ]
    },
    {
      "file_path": "/media/NFS/ttao/scannet/posed_images/scene0017_00/00261.jpg",
      "transform_matrix": [
        [
          -0.170081,
          -0.547197,
          0.819542,
          2.474357
        ],
        [
          -0.984868,
          0.066296,
          -0.160126,
          3.912652
        ],
        [
          0.033288,
          -0.834374,
          -0.550192,
          1.444989
        ],
        [
          0.0,
          0.0,
          0.0,
          1.0
        ]
      ]
    },
    {
      "file_path": "/media/NFS/ttao/scannet/posed_images/scene0017_00/00267.jpg",
      "transform_matrix": [
        [
          -0.225879,
          -0.531372,
          0.81647,
          2.604219
        ],
        [
          -0.974133,
          0.117461,
          -0.193051,
          3.992063
        ],
        [
          0.006679,
          -0.838956,
          -0.544159,
          1.457193
        ],
        [
          0.0,
          0.0,
          0.0,
          1.0
        ]
      ]
    },
    {
      "file_path": "/media/NFS/ttao/scannet/posed_images/scene0017_00/00269.jpg",
      "transform_matrix": [
        [
          -0.240738,
          -0.531718,
          0.811986,
          2.637761
        ],
        [
          -0.970534,
          0.122888,
          -0.207272,
          4.012662
        ],
        [
          0.010427,
          -0.837958,
          -0.545634,
          1.461523
        ],
        [
          0.0,
          0.0,
          0.0,
          1.0
        ]
      ]
    },
    {
      "file_path": "/media/NFS/ttao/scannet/posed_images/scene0017_00/00276.jpg",
      "transform_matrix": [
        [
          -0.335616,
          -0.50537,
          0.794961,
          2.750204
        ],
        [
          -0.941767,
          0.161292,
          -0.295059,
          4.066531
        ],
        [
          0.020893,
          -0.847695,
          -0.530073,
          1.469769
        ],
        [
          0.0,
          0.0,
          0.0,
          1.0
        ]
      ]
    },
    {
      "file_path": "/media/NFS/ttao/scannet/posed_images/scene0017_00/00279.jpg",
      "transform_matrix": [
        [
          -0.390957,
          -0.49478,
          0.77611,
          2.801194
        ],
        [
          -0.919975,
          0.184158,
          -0.346024,
          4.086601
        ],
        [
          0.028279,
          -0.849281,
          -0.527183,
          1.469649
        ],
        [
          0.0,
          0.0,
          0.0,
          1.0
        ]
      ]
    },
    {
      "file_path": "/media/NFS/ttao/scannet/posed_images/scene0017_00/00285.jpg",
      "transform_matrix": [
        [
          -0.502474,
          -0.434587,
          0.747432,
          2.906365
        ],
        [
          -0.86458,
          0.247855,
          -0.437116,
          4.123483
        ],
        [
          0.00471,
          -0.865853,
          -0.500276,
          1.480546
        ],
        [
          0.0,
          0.0,
          0.0,
          1.0
        ]
      ]
    },
    {
      "file_path": "/media/NFS/ttao/scannet/posed_images/scene0017_00/00287.jpg",
      "transform_matrix": [
        [
          -0.532842,
          -0.416558,
          0.736586,
          2.93641
        ],
        [
          -0.846214,
          0.26391,
          -0.462898,
          4.1377
        ],
        [
          -0.001569,
          -0.86996,
          -0.493119,
          1.480709
        ],
        [
          0.0,
          0.0,
          0.0,
          1.0
        ]
      ]
    },
    {
      "file_path": "/media/NFS/ttao/scannet/posed_images/scene0017_00/00290.jpg",
      "transform_matrix": [
        [
          -0.579545,
          -0.396155,
          0.712172,
          2.990993
        ],
        [
          -0.81492,
          0.287919,
          -0.503,
          4.157517
        ],
        [
          -0.005781,
          -0.871874,
          -0.489697,
          1.485673
        ],
        [
          0.0,
          0.0,
          0.0,
          1.0
        ]
      ]
    },
    {
      "file_path": "/media/NFS/ttao/scannet/posed_images/scene0017_00/00294.jpg",
      "transform_matrix": [
        [
          -0.633207,
          -0.391145,
          0.667873,
          3.04976
        ],
        [
          -0.773828,
          0.302703,
          -0.556383,
          4.170183
        ],
        [
          0.01546,
          -0.869124,
          -0.494353,
          1.486814
        ],
        [
          0.0,
          0.0,
          0.0,
          1.0
        ]
      ]
    },
    {
      "file_path": "/media/NFS/ttao/scannet/posed_images/scene0017_00/00301.jpg",
      "transform_matrix": [
        [
          -0.711094,
          -0.370087,
          0.597813,
          3.162235
        ],
        [
          -0.702424,
          0.336752,
          -0.627056,
          4.162374
        ],
        [
          0.030751,
          -0.865814,
          -0.49942,
          1.491151
        ],
        [
          0.0,
          0.0,
          0.0,
          1.0
        ]
      ]
    },
    {
      "file_path": "/media/NFS/ttao/scannet/posed_images/scene0017_00/00305.jpg",
      "transform_matrix": [
        [
          -0.739898,
          -0.345938,
          0.576956,
          3.233572
        ],
        [
          -0.67242,
          0.354744,
          -0.649621,
          4.155491
        ],
        [
          0.020057,
          -0.86861,
          -0.49509,
          1.49119
        ],
        [
          0.0,
          0.0,
          0.0,
          1.0
        ]
      ]
    },
    {
      "file_path": "/media/NFS/ttao/scannet/posed_images/scene0017_00/00310.jpg",
      "transform_matrix": [
        [
          -0.758144,
          -0.328548,
          0.563271,
          3.312649
        ],
        [
          -0.652033,
          0.370834,
          -0.661313,
          4.131675
        ],
        [
          0.008394,
          -0.868642,
          -0.495369,
          1.492235
        ],
        [
          0.0,
          0.0,
          0.0,
          1.0
        ]
      ]
    },
    {
      "file_path": "/media/NFS/ttao/scannet/posed_images/scene0017_00/00315.jpg",
      "transform_matrix": [
        [
          -0.776808,
          -0.311054,
          0.547554,
          3.39264
        ],
        [
          -0.629734,
          0.380925,
          -0.677001,
          4.11372
        ],
        [
          0.002007,
          -0.870713,
          -0.491787,
          1.503775
        ],
        [
          0.0,
          0.0,
          0.0,
          1.0
        ]
      ]
    },
    {
      "file_path": "/media/NFS/ttao/scannet/posed_images/scene0017_00/00317.jpg",
      "transform_matrix": [
        [
          -0.788289,
          -0.305974,
          0.533836,
          3.417665
        ],
        [
          -0.615227,
          0.378108,
          -0.691759,
          4.109831
        ],
        [
          0.009812,
          -0.873736,
          -0.486301,
          1.501256
        ],
        [
          0.0,
          0.0,
          0.0,
          1.0
        ]
      ]
    },
    {
      "file_path": "/media/NFS/ttao/scannet/posed_images/scene0017_00/00321.jpg",
      "transform_matrix": [
        [
          -0.812443,
          -0.297036,
          0.501704,
          3.466233
        ],
        [
          -0.582652,
          0.382179,
          -0.717256,
          4.08606
        ],
        [
          0.02131,
          -0.875048,
          -0.483567,
          1.503935
        ],
        [
          0.0,
          0.0,
          0.0,
          1.0
        ]
      ]
    },
    {
      "file_path": "/media/NFS/ttao/scannet/posed_images/scene0017_00/00325.jpg",
      "transform_matrix": [
        [
          -0.856018,
          -0.279282,
          0.435011,
          3.526184
        ],
        [
          -0.515233,
          0.392486,
          -0.761899,
          4.074667
        ],
        [
          0.042049,
          -0.876331,
          -0.47987,
          1.497139
        ],
        [
          0.0,
          0.0,
          0.0,
          1.0
        ]
      ]
    },
    {
      "file_path": "/media/NFS/ttao/scannet/posed_images/scene0017_00/00332.jpg",
      "transform_matrix": [
        [
          -0.905712,
          -0.23748,
          0.351126,
          3.60831
        ],
        [
          -0.421744,
          0.421509,
          -0.802785,
          4.053912
        ],
        [
          0.042643,
          -0.875176,
