{
  "frames": [
    {
      "file_path": "/media/NFS/ttao/scannet/posed_images/scene0630_03/00001.jpg",
      "transform_matrix": [
        [
          0.433372,
          -0.35049,
          0.830268,
          3.577834
        ],
        [
          -0.900867,
          -0.142885,
          0.409905,
          1.506239
        ],
        [
          -0.025035,
          -0.925603,
          -0.377668,
          1.45645
        ],
        [
          0.0,
          0.0,
          0.0,
          1.0
        ]
      ]
    },
    {
      "file_path": "/media/NFS/ttao/scannet/posed_images/scene0630_03/00003.jpg",
      "transform_matrix": [
        [
          0.434057,
          -0.348777,
          0.830632,
          3.578057
        ],
        [
          -0.900487,
          -0.140564,
          0.411539,
          1.503163
        ],
        [
          -0.026779,
          -0.926605,
          -0.375082,
          1.459525
        ],
        [
          0.0,
          0.0,
          0.0,
          1.0
        ]
      ]
    },
    {
      "file_path": "/media/NFS/ttao/scannet/posed_images/scene0630_03/00006.jpg",
      "transform_matrix": [
        [
          0.4353,
          -0.337436,
          0.834656,
          3.577239
        ],
        [
          -0.899974,
          -0.138719,
          0.413283,
          1.500843
        ],
        [
          -0.023674,
          -0.931071,
          -0.364068,
          1.468502
        ],
        [
          0.0,
          0.0,
          0.0,
          1.0
        ]
      ]
    },
    {
      "file_path": "/media/NFS/ttao/scannet/posed_images/scene0630_03/00011.jpg",
      "transform_matrix": [
        [
          0.44691,
          -0.293608,
          0.845024,
          3.564979
        ],
        [
          -0.894417,
          -0.12866,
          0.428329,
          1.491892
        ],
        [
          -0.01704,
          -0.947228,
          -0.320108,
          1.475191
        ],
        [
          0.0,
          0.0,
          0.0,
          1.0
        ]
      ]
    },
    {
      "file_path": "/media/NFS/ttao/scannet/posed_images/scene0630_03/00013.jpg",
      "transform_matrix": [
        [
          0.447751,
          -0.295407,
          0.843951,
          3.563417
        ],
        [
          -0.894066,
          -0.134365,
          0.427308,
          1.49317
        ],
        [
          -0.012832,
          -0.945876,
          -0.324276,
          1.468481
        ],
        [
          0.0,
          0.0,
          0.0,
          1.0
        ]
      ]
    },
    {
      "file_path": "/media/NFS/ttao/scannet/posed_images/scene0630_03/00017.jpg",
      "transform_matrix": [
        [
          0.455674,
          -0.333076,
          0.825483,
          3.56901
        ],
        [
          -0.890138,
          -0.16636,
          0.424239,
          1.494252
        ],
        [
          -0.003976,
          -0.928108,
          -0.37229,
          1.439523
        ],
        [
          0.0,
          0.0,
          0.0,
          1.0
        ]
      ]
    },
    {
      "file_path": "/media/NFS/ttao/scannet/posed_images/scene0630_03/00023.jpg",
      "transform_matrix": [
        [
          0.4491,
          -0.407472,
          0.795158,
          3.577131
        ],
        [
          -0.893338,
          -0.220756,
          0.391427,
          1.50144
        ],
        [
          0.01604,
          -0.886134,
          -0.463152,
          1.368608
        ],
        [
          0.0,
          0.0,
          0.0,
          1.0
        ]
      ]
    },
    {
      "file_path": "/media/NFS/ttao/scannet/posed_images/scene0630_03/00025.jpg",
      "transform_matrix": [
        [
          0.453097,
          -0.422251,
          0.785116,
          3.576953
        ],
        [
          -0.891222,
          -0.234961,
          0.387965,
          1.50211
        ],
        [
          0.020653,
          -0.875498,
          -0.48278,
          1.346033
        ],
        [
          0.0,
          0.0,
          0.0,
          1.0
        ]
      ]
    },
    {
      "file_path": "/media/NFS/ttao/scannet/posed_images/scene0630_03/00029.jpg",
      "transform_matrix": [
        [
          0.467329,
          -0.453253,
          0.759056,
          3.572883
        ],
        [
          -0.883614,
          -0.267438,
          0.384321,
          1.505585
        ],
        [
          0.028806,
          -0.850317,
          -0.525482,
          1.303062
        ],
        [
          0.0,
          0.0,
          0.0,
          1.0
        ]
      ]
    },
    {
      "file_path": "/media/NFS/ttao/scannet/posed_images/scene0630_03/00032.jpg",
      "transform_matrix": [
        [
          0.478005,
          -0.481235,
          0.734795,
          3.569749
        ],
        [
          -0.87797,
          -0.286599,
          0.383444,
          1.506493
        ],
        [
          0.026065,
          -0.828417,
          -0.559506,
          1.275618
        ],
        [
          0.0,
          0.0,
          0.0,
          1.0
        ]
      ]
    },
    {
      "file_path": "/media/NFS/ttao/scannet/posed_images/scene0630_03/00034.jpg",
      "transform_matrix": [
        [
          0.487434,
          -0.491908,
          0.721411,
          3.565457
        ],
        [
          -0.87264,
          -0.30295,
          0.383043,
          1.50888
        ],
        [
          0.03013,
          -0.81624,
          -0.576926,
          1.258458
        ],
        [
          0.0,
          0.0,
          0.0,
          1.0
        ]
      ]
    },
    {
      "file_path": "/media/NFS/ttao/scannet/posed_images/scene0630_03/00039.jpg",
      "transform_matrix": [
        [
          0.518236,
          -0.50989,
          0.686618,
          3.556676
        ],
        [
          -0.854673,
          -0.337933,
          0.394125,
          1.512411
        ],
        [
          0.03107,
          -0.791084,
          -0.610918,
          1.226479
        ],
        [
          0.0,
          0.0,
          0.0,
          1.0
        ]
      ]
    },
    {
      "file_path": "/media/NFS/ttao/scannet/posed_images/scene0630_03/00040.jpg",
      "transform_matrix": [
        [
          0.524077,
          -0.516743,
          0.676993,
          3.551405
        ],
        [
          -0.85127,
          -0.342227,
          0.39777,
          1.514298
        ],
        [
          0.026141,
          -0.784766,
          -0.619241,
          1.215568
        ],
        [
          0.0,
          0.0,
          0.0,
          1.0
        ]
      ]
    },
    {
      "file_path": "/media/NFS/ttao/scannet/posed_images/scene0630_03/00045.jpg",
      "transform_matrix": [
        [
          0.548537,
          -0.528016,
          0.648311,
          3.540699
        ],
        [
          -0.8358,
          -0.367936,
          0.407506,
          1.525931
        ],
        [
          0.023367,
          -0.76539,
          -0.643142,
          1.201008
        ],
        [
          0.0,
          0.0,
          0.0,
          1.0
        ]
      ]
    },
    {
      "file_path": "/media/NFS/ttao/scannet/posed_images/scene0630_03/00050.jpg",
      "transform_matrix": [
        [
          0.602966,
          -0.495777,
          0.62501,
          3.527854
        ],
        [
          -0.7977,
          -0.384833,
          0.464304,
          1.538659
        ],
        [
          0.010334,
          -0.77853,
          -0.627522,
          1.219954
        ],
        [
          0.0,
          0.0,
          0.0,
          1.0
        ]
      ]
    },
    {
      "file_path": "/media/NFS/ttao/scannet/posed_images/scene0630_03/00051.jpg",
      "transform_matrix": [
        [
          0.615611,
          -0.48377,
          0.622085,
          3.523221
        ],
        [
          -0.787988,
          -0.387837,
          0.478182,
          1.545053
        ],
        [
          0.009937,
          -0.784569,
          -0.619962,
          1.227065
        ],
        [
          0.0,
          0.0,
          0.0,
          1.0
        ]
      ]
    },
    {
      "file_path": "/media/NFS/ttao/scannet/posed_images/scene0630_03/00057.jpg",
      "transform_matrix": [
        [
          0.710895,
          -0.386384,
          0.587653,
          3.483065
        ],
        [
          -0.703296,
          -0.392534,
          0.592698,
          1.58436
        ],
        [
          0.001665,
          -0.83464,
          -0.550793,
          1.270297
        ],
        [
          0.0,
          0.0,
          0.0,
          1.0
        ]
      ]
    },
    {
      "file_path": "/media/NFS/ttao/scannet/posed_images/scene0630_03/00058.jpg",
      "transform_matrix": [
        [
          0.722034,
          -0.372701,
          0.582891,
          3.47737
        ],
        [
          -0.691853,
          -0.392148,
          0.606267,
          1.588827
        ],
        [
          0.002623,
          -0.84102,
          -0.540998,
          1.275578
        ],
        [
          0.0,
          0.0,
          0.0,
          1.0
        ]
      ]
    },
    {
      "file_path": "/media/NFS/ttao/scannet/posed_images/scene0630_03/00064.jpg",
      "transform_matrix": [
        [
          0.774486,
          -0.302022,
          0.555837,
          3.450626
        ],
        [
          -0.63259,
          -0.371444,
          0.679602,
          1.599167
        ],
        [
          0.001207,
          -0.877959,
          -0.478734,
          1.30388
        ],
        [
          0.0,
          0.0,
          0.0,
          1.0
        ]
      ]
    },
    {
      "file_path": "/media/NFS/ttao/scannet/posed_images/scene0630_03/00066.jpg",
      "transform_matrix": [
        [
          0.784623,
          -0.282449,
          0.551896,
          3.443302
        ],
        [
          -0.619971,
          -0.360166,
          0.697078,
          1.605006
        ],
        [
          0.001885,
          -0.889102,
          -0.457705,
          1.317083
        ],
        [
          0.0,
          0.0,
          0.0,
          1.0
        ]
      ]
    },
    {
      "file_path": "/media/NFS/ttao/scannet/posed_images/scene0630_03/00069.jpg",
      "transform_matrix": [
        [
          0.798913,
          -0.2515,
          0.546339,
          3.432166
        ],
        [
          -0.601442,
          -0.337706,
          0.724031,
          1.612264
        ],
        [
          0.002408,
          -0.907029,
          -0.421061,
          1.338418
        ],
        [
          0.0,
          0.0,
          0.0,
          1.0
        ]
      ]
    },
    {
      "file_path": "/media/NFS/ttao/scannet/posed_images/scene0630_03/00073.jpg",
      "transform_matrix": [
        [
          0.813525,
          -0.221776,
          0.537581,
          3.416838
        ],
        [
          -0.581528,
          -0.307678,
          0.7531,
          1.619443
        ],
        [
          -0.001618,
          -0.925284,
          -0.379273,
          1.362593
        ],
        [
          0.0,
          0.0,
          0.0,
          1.0
        ]
      ]
    },
    {
      "file_path": "/media/NFS/ttao/scannet/posed_images/scene0630_03/00075.jpg",
      "transform_matrix": [
        [
          0.819436,
          -0.20631,
          0.534753,
          3.412096
        ],
        [
          -0.573171,
          -0.294946,
          0.764514,
          1.622863
        ],
        [
          -4e-06,
          -0.932975,
          -0.35994,
          1.375969
        ],
        [
          0.0,
          0.0,
          0.0,
          1.0
        ]
      ]
    },
    {
      "file_path": "/media/NFS/ttao/scannet/posed_images/scene0630_03/00081.jpg",
      "transform_matrix": [
        [
          0.844745,
          -0.153295,
          0.512744,
          3.401938
        ],
        [
          -0.535129,
          -0.253768,
          0.805754,
          1.621721
        ],
        [
          0.0066,
          -0.955041,
          -0.296402,
          1.409403
        ],
        [
          0.0,
          0.0,
          0.0,
          1.0
        ]
      ]
    },
    {
      "file_path": "/media/NFS/ttao/scannet/posed_images/scene0630_03/00085.jpg",
      "transform_matrix": [
        [
          0.856834,
          -0.136519,
          0.49719,
          3.386545
        ],
        [
          -0.515477,
          -0.247191,
          0.820475,
          1.631225
        ],
        [
          0.01089,
          -0.959301,
          -0.282174,
          1.419416
        ],
        [
          0.0,
          0.0,
          0.0,
          1.0
        ]
      ]
    },
    {
      "file_path": "/media/NFS/ttao/scannet/posed_images/scene0630_03/00086.jpg",
      "transform_matrix": [
        [
          0.860139,
          -0.135827,
          0.491642,
          3.384347
        ],
        [
          -0.509953,
          -0.248705,
          0.823464,
          1.633357
        ],
        [
          0.010425,
          -0.959008,
          -0.283186,
          1.418425
        ],
        [
          0.0,
          0.0,
          0.0,
          1.0
        ]
      ]
    },
    {
      "file_path": "/media/NFS/ttao/scannet/posed_images/scene0630_03/00089.jpg",
      "transform_matrix": [
        [
          0.869694,
          -0.134367,
          0.47495,
          3.374148
        ],
        [
          -0.493392,
          -0.264011,
          0.828772,
          1.639569
        ],
        [
          0.014032,
          -0.955115,
          -0.295904,
          1.412454
        ],
        [
          0.0,
          0.0,
          0.0,
          1.0
        ]
      ]
    },
    {
      "file_path": "/media/NFS/ttao/scannet/posed_images/scene0630_03/00093.jpg",
      "transform_matrix": [
        [
          0.884964,
          -0.127638,
          0.447825,
          3.369817
        ],
        [
          -0.465,
          -0.293388,
          0.835284,
          1.640047
        ],
        [
          0.024773,
          -0.947435,
          -0.318989,
          1.378143
        ],
        [
          0.0,
          0.0,
          0.0,
          1.0
        ]
      ]
    },
    {
      "file_path": "/media/NFS/ttao/scannet/posed_images/scene0630_03/00096.jpg",
      "transform_matrix": [
        [
          0.895871,
          -0.131332,
          0.42446,
          3.358499
        ],
        [
          -0.443107,
          -0.334435,
          0.831751,
          1.648325
        ],
        [
          0.032719,
          -0.933223,
          -0.357805,
          1.357534
        ],
        [
          0.0,
          0.0,
          0.0,
          1.0
        ]
      ]
    },
    {
      "file_path": "/media/NFS/ttao/scannet/posed_images/scene0630_03/00100.jpg",
      "transform_matrix": [
        [
          0.911958,
          -0.1467,
          0.383159,
          3.348434
        ],
        [
          -0.408881,
          -0.402076,
          0.819238,
          1.65871
        ],
        [
          0.033877,
          -0.903778,
          -0.426659,
          1.331668
        ],
        [
          0.0,
          0.0,
          0.0,
          1.0
        ]
      ]
    },
    {
      "file_path": "/media/NFS/ttao/scannet/posed_images/scene0630_03/00102.jpg",
      "transform_matrix": [
        [
          0.918873,
          -0.155407,
          0.362658,
          3.340956
        ],
        [
          -0.393329,
          -0.433167,
          0.810961,
          1.663942
        ],
        [
          0.031062,
          -0.887815,
          -0.459152,
          1.315274
        ],
        [
          0.0,
          0.0,
          0.0,
          1.0
        ]
      ]
    },
    {
      "file_path": "/media/NFS/ttao/scannet/posed_images/scene0630_03/00106.jpg",
      "transform_matrix": [
        [
          0.933067,
          -0.166258,
          0.318972,
          3.330584
        ],
        [
          -0.358566,
          -0.500308,
          0.788113,
          1.669136
        ],
        [
          0.028554,
          -0.849735,
          -0.526436,
          1.2804
        ],
        [
          0.0,
          0.0,
          0.0,
          1.0
        ]
      ]
    },
    {
      "file_path": "/media/NFS/ttao/scannet/posed_images/scene0630_03/00109.jpg",
      "transform_matrix": [
        [
          0.944701,
          -0.167586,
          0.281876,
          3.325823
        ],
        [
          -0.32687,
          -0.550307,
          0.768321,
          1.671043
        ],
        [
          0.026358,
          -0.817971,
          -0.574655,
          1.256983
        ],
        [
          0.0,
          0.0,
          0.0,
          1.0
        ]
      ]
    },
    {
      "file_path": "/media/NFS/ttao/scannet/posed_images/scene0630_03/00116.jpg",
      "transform_matrix": [
        [
          0.975057,
          -0.122029,
          0.185399,
          3.323042
        ],
        [
          -0.220531,
          -0.627078,
          0.747087,
          1.660118
        ],
        [
          0.025093,
          -0.769339,
          -0.638348,
          1.216131
        ],
        [
          0.0,
          0.0,
          0.0,
          1.0
        ]
      ]
    },
    {
      "file_path": "/media/NFS/ttao/scannet/posed_images/scene0630_03/00117.jpg",
      "transform_matrix": [
        [
          0.978561,
          -0.108913,
          0.174802,
          3.326055
        ],
        [
          -0.20374,
          -0.63608,
          0.744239,
          1.657612
        ],
        [
          0.03013,
          -0.763898,
          -0.644633,
          1.212716
        ],
        [
          0.0,
          0.0,
          0.0,
          1.0
        ]
      ]
    },
    {
      "file_path": "/media/NFS/ttao/scannet/posed_images/scene0630_03/00120.jpg",
      "transform_matrix": [
        [
          0.984436,
          -0.090973,
          0.150366,
          3.329468
        ],
        [
          -0.172841,
          -0.656043,
          0.734666,
          1.652062
        ],
        [
          0.031812,
          -0.749221,
          -0.661556,
          1.20279
        ],
        [
          0.0,
          0.0,
          0.0,
          1.0
        ]
      ]
    },
    {
      "file_path": "/media/NFS/ttao/scannet/posed_images/scene0630_03/00123.jpg",
      "transform_matrix": [
        [
          0.989671,
          -0.070621,
          0.124755,
          3.336832
        ],
        [
          -0.139419,
          -0.676717,
          0.722922,
          1.645183
        ],
        [
          0.03337,
          -0.732848,
          -0.679573,
          1.19152
        ],
        [
          0.0,
          0.0,
          0.0,
          1.0
        ]
      ]
    },
    {
      "file_path": "/media/NFS/ttao/scannet/posed_images/scene0630_03/00127.jpg",
      "transform_matrix": [
        [
          0.994363,
          -0.043295,
          0.096788,
          3.346351
        ],
        [
          -0.099021,
          -0.705577,
          0.701681,
          1.63284
        ],
        [
          0.037912,
          -0.70731,
          -0.705886,
          1.170192
        ],
        [
          0.0,
          0.0,
          0.0,
          1.0
        ]
      ]
    },
    {
      "file_path": "/media/NFS/ttao/scannet/posed_images/scene0630_03/00132.jpg",
      "transform_matrix": [
        [
          0.99837,
          -0.014035,
          0.055325,
          3.354582
        ],
        [
          -0.048041,
          -0.730021,
          0.681734,
          1.621897
        ],
        [
          0.03082,
          -0.68328,
          -0.729505,
          1.165816
        ],
        [
          0.0,
          0.0,
          0.0,
          1.0
        ]
      ]
    },
    {
      "file_path": "/media/NFS/ttao/scannet/posed_images/scene0630_03/00133.jpg",
      "transform_matrix": [
        [
          0.998845,
          -0.008826,
          0.04724,
          3.35473
        ],
        [
          -0.038729,
          -0.729828,
          0.682533,
          1.619328
        ],
        [
          0.028453,
          -0.683574,
          -0.729326,
          1.168399
        ],
        [
          0.0,
          0.0,
          0.0,
          1.0
        ]
      ]
    },
    {
      "file_path": "/media/NFS/ttao/scannet/posed_images/scene0630_03/00139.jpg",
      "transform_matrix": [
        [
          0.999874,
          0.015869,
          -0.000762,
          3.341365
        ],
        [
          0.011249,
          -0.673298,
          0.739285,
          1.611517
        ],
        [
          0.011218,
          -0.739201,
          -0.673392,
          1.222126
        ],
        [
          0.0,
          0.0,
          0.0,
          1.0
        ]
      ]
    },
    {
      "file_path": "/media/NFS/ttao/scannet/posed_images/scene0630_03/00143.jpg",
      "transform_matrix": [
        [
          0.99874,
          0.031625,
          -0.038975,
          3.33217
        ],
        [
          0.050192,
          -0.629559,
          0.775329,
          1.607699
        ],
        [
          -1.8e-05,
          -0.776308,
          -0.630353,
          1.254019
        ],
        [
          0.0,
          0.0,
          0.0,
          1.0
        ]
      ]
    },
    {
      "file_path": "/media/NFS/ttao/scannet/posed_images/scene0630_03/00147.jpg",
      "transform_matrix": [
        [
          0.996273,
          0.04856,
          -0.071291,
          3.306402
        ],
        [
          0.086175,
          -0.596644,
          0.797866,
          1.602372
        ],
        [
          -0.003791,
          -0.801036,
          -0.598604,
          1.278342
        ],
        [
          0.0,
          0.0,
          0.0,
          1.0
        ]
      ]
    },
    {
      "file_path": "/media/NFS/ttao/scannet/posed_images/scene0630_03/00150.jpg",
      "transform_matrix": [
        [
          0.994048,
          0.061583,
          -0.089862,
          3.288661
        ],
        [
          0.108901,
          -0.583396,
          0.804854,
          1.600489
        ],
        [
          -0.00286,
          -0.80985,
          -0.58663,
          1.295601
        ],
        [
          0.0,
          0.0,
          0.0,
          1.0
        ]
      ]
    },
    {
      "file_path": "/media/NFS/ttao/scannet/posed_images/scene0630_03/00153.jpg",
      "transform_matrix": [
        [
          0.992031,
          0.066917,
          -0.10676,
          3.263823
        ],
        [
          0.125871,
          -0.564415,
          0.815839,
          1.602511
        ],
        [
          -0.005664,
          -0.822775,
          -0.568339,
          1.315132
        ],
        [
          0.0,
          0.0,
          0.0,
          1.0
        ]
      ]
    },
    {
      "file_path": "/media/NFS/ttao/scannet/posed_images/scene0630_03/00154.jpg",
      "transform_matrix": [
        [
          0.991115,
          0.066468,
          -0.115211,
          3.254536
        ],
        [
          0.132654,
          -0.557239,
          0.819688,
          1.602366
        ],
        [
          -0.009717,
          -0.827688,
          -0.561105,
          1.322911
        ],
        [
          0.0,
          0.0,
          0.0,
          1.0
        ]
      ]
    },
    {
      "file_path": "/media/NFS/ttao/scannet/posed_images/scene0630_03/00160.jpg",
      "transform_matrix": [
        [
          0.984132,
          0.073427,
          -0.161531,
          3.21577
        ],
        [
          0.1769,
          -0.476781,
          0.861038,
          1.590052
        ],
        [
          -0.013791,
          -0.87595,
          -0.482204,
          1.3671
        ],
        [
          0.0,
          0.0,
          0.0,
          1.0
        ]
      ]
    },
    {
      "file_path": "/media/NFS/ttao/scannet/posed_images/scene0630_03/00163.jpg",
      "transform_matrix": [
        [
          0.981575,
          0.070136,
          -0.177737,
          3.200334
        ],
        [
          0.190165,
          -0.44919,
          0.872964,
          1.584115
        ],
        [
          -0.018611,
          -0.890679,
          -0.454251,
          1.388246
        ],
        [
          0.0,
          0.0,
          0.0,
          1.0
        ]
      ]
    },
    {
      "file_path": "/media/NFS/ttao/scannet/posed_images/scene0630_03/00167.jpg",
      "transform_matrix": [
        [
          0.978626,
          0.065398,
          -0.19497,
          3.181188
        ],
        [
          0.204235,
          -0.419916,
          0.884284,
          1.571759
        ],
        [
          -0.024041,
          -0.905204,
          -0.424297,
          1.404531
        ],
        [
          0.0,
          0.0,
          0.0,
          1.0
        ]
      ]
    },
    {
      "file_path": "/media/NFS/ttao/scannet/posed_images/scene0630_03/00170.jpg",
      "transform_matrix": [
        [
          0.977334,
          0.067994,
          -0.200489,
          3.171281
        ],
        [
          0.210762,
          -0.401782,
          0.891151,
          1.55979
        ],
        [
          -0.01996,
          -0.913207,
          -0.407006,
          1.408466
        ],
        [
          0.0,
          0.0,
          0.0,
          1.0
        ]
      ]
    },
    {
      "file_path": "/media/NFS/ttao/scannet/posed_images/scene0630_03/00173.jpg",
      "transform_matrix": [
        [
          0.975216,
          0.075709,
          -0.2079,
          3.157903
        ],
        [
          0.220842,
          -0.390595,
          0.89368,
          1.551011
        ],
        [
          -0.013545,
          -0.917444,
          -0.397634,
          1.409045
        ],
        [
          0.0,
          0.0,
          0.0,
          1.0
        ]
      ]
    },
    {
      "file_path": "/media/NFS/ttao/scannet/posed_images/scene0630_03/00175.jpg",
      "transform_matrix": [
        [
          0.973221,
          0.081494,
          -0.214941,
          3.149424
        ],
        [
          0.229617,
          -0.388634,
          0.892323,
          1.545187
        ],
        [
          -0.010814,
          -0.917781,
          -0.396939,
          1.407151
        ],
        [
          0.0,
          0.0,
          0.0,
          1.0
        ]
      ]
    },
    {
      "file_path": "/media/NFS/ttao/scannet/posed_images/scene0630_03/00179.jpg",
      "transform_matrix": [
        [
          0.969251,
          0.09231,
          -0.228103,
          3.134964
        ],
        [
          0.245972,
          -0.390168,
          0.88728,
          1.533854
        ],
        [
          -0.007094,
          -0.916105,
          -0.400877,
          1.3963
        ],
        [
          0.0,
          0.0,
          0.0,
          1.0
        ]
      ]
    },
    {
      "file_path": "/media/NFS/ttao/scannet/posed_images/scene0630_03/00182.jpg",
      "transform_matrix": [
        [
          0.966473,
          0.10494,
          -0.234344,
          3.11964
        ],
        [
          0.256766,
          -0.397954,
          0.880741,
          1.528135
        ],
        [
          -0.000833,
          -0.911384,
          -0.411557,
          1.383023
        ],
        [
          0.0,
          0.0,
          0.0,
          1.0
        ]
      ]
    },
    {
      "file_path": "/media/NFS/ttao/scannet/posed_images/scene0630_03/00185.jpg",
      "transform_matrix": [
        [
          0.961301,
          0.124565,
          -0.245732,
          3.107706
        ],
        [
          0.275377,
          -0.407804,
          0.870553,
          1.523522
        ],
        [
          0.00823,
          -0.904533,
          -0.426325,
          1.362666
        ],
        [
          0.0,
          0.0,
          0.0,
          1.0
        ]
      ]
    },
    {
      "file_path": "/media/NFS/ttao/scannet/posed_images/scene0630_03/00189.jpg",
      "transform_matrix": [
        [
          0.953385,
          0.152585,
          -0.260338,
          3.091988
        ],
        [
          0.3014,
          -0.439501,
          0.846166,
          1.515748
        ],
        [
          0.014694,
          -0.885187,
          -0.465002,
          1.328624
        ],
        [
          0.0,
          0.0,
          0.0,
          1.0
        ]
      ]
    },
    {
      "file_path": "/media/NFS/ttao/scannet/posed_images/scene0630_03/00193.jpg",
      "transform_matrix": [
        [
          0.941915,
          0.19021,
          -0.276796,
          3.071001
        ],
        [
          0.335336,
          -0.486995,
          0.806465,
          1.508629
        ],
        [
          0.018599,
          -0.852441,
          -0.522493,
          1.301937
        ],
        [
          0.0,
          0.0,
          0.0,
          1.0
        ]
      ]
    },
    {
      "file_path": "/media/NFS/ttao/scannet/posed_images/scene0630_03/00198.jpg",
      "transform_matrix": [
        [
          0.925944,
          0.24289,
          -0.289191,
          3.052809
        ],
        [
          0.376377,
          -0.530431,
          0.759594,
          1.494753
        ],
        [
          0.031102,
          -0.812186,
          -0.582568,
          1.259676
        ],
        [
          0.0,
          0.0,
          0.0,
          1.0
        ]
      ]
    },
    {
      "file_path": "/media/NFS/ttao/scannet/posed_images/scene0630_03/00200.jpg",
      "transform_matrix": [
        [
          0.926151,
          0.255137,
          -0.277759,
          3.045725
        ],
        [
          0.374904,
          -0.542466,
          0.751783,
          1.48416
        ],
        [
          0.041133,
          -0.800397,
          -0.598057,
          1.241829
        ],
        [
          0.0,
          0.0,
          0.0,
          1.0
        ]
      ]
    },
    {
      "file_path": "/media/NFS/ttao/scannet/posed_images/scene0630_03/00202.jpg",
      "transform_matrix": [
        [
          0.925838,
          0.267977,
          -0.266481,
          3.038452
        ],
        [
          0.374832,
          -0.561167,
          0.737965,
          1.478509
        ],
        [
          0.048217,
          -0.783122,
          -0.619996,
          1.22377
        ],
        [
          0.0,
          0.0,
          0.0,
          1.0
        ]
      ]
    },
    {
      "file_path": "/media/NFS/ttao/scannet/posed_images/scene0630_03/00208.jpg",
      "transform_matrix": [
        [
          0.917164,
          0.308527,
          -0.252234,
          3.02926
        ],
        [
          0.393281,
          -0.598548,
          0.697904,
          1.466489
        ],
        [
          0.064348,
          -0.739291,
          -0.670304,
          1.187887
        ],
        [
          0.0,
          0.0,
          0.0,
          1.0
        ]
      ]
    },
    {
      "file_path": "/media/NFS/ttao/scannet/posed_images/scene0630_03/00210.jpg",
      "transform_matrix": [
        [
          0.915305,
          0.312306,
          -0.254328,
          3.02712
        ],
        [
          0.397984,
          -0.604335,
          0.690209,
          1.456807
        ],
        [
          0.061857,
          -0.732969,
          -0.677443,
          1.177549
        ],
        [
          0.0,
          0.0,
          0.0,
          1.0
        ]
      ]
    },
    {
      "file_path": "/media/NFS/ttao/scannet/posed_images/scene0630_03/00215.jpg",
      "transform_matrix": [
        [
          0.911507,
          0.3209,
          -0.257252,
          3.023317
        ],
        [
          0.40816,
          -0.628822,
          0.661807,
          1.445274
        ],
        [
          0.050609,
          -0.708242,
          -0.704154,
          1.154847
        ],
        [
          0.0,
          0.0,
          0.0,
          1.0
        ]
      ]
    },
    {
      "file_path": "/media/NFS/ttao/scannet/posed_images/scene0630_03/00217.jpg",
      "transform_matrix": [
        [
          0.909858,
          0.323971,
          -0.259234,
          3.02225
        ],
        [
          0.412009,
          -0.63154,
          0.656815,
          1.441724
        ],
        [
          0.049072,
          -0.704415,
          -0.70809,
          1.146179
        ],
        [
          0.0,
          0.0,
          0.0,
          1.0
        ]
      ]
    },
    {
      "file_path": "/media/NFS/ttao/scannet/posed_images/scene0630_03/00222.jpg",
      "transform_matrix": [
        [
          0.906919,
          0.33712,
          -0.252683,
          3.018744
        ],
        [
          0.418679,
          -0.654305,
          0.629756,
          1.437692
        ],
        [
          0.046971,
          -0.676931,
          -0.734546,
          1.123611
        ],
        [
          0.0,
          0.0,
          0.0,
          1.0
        ]
      ]
    },
    {
      "file_path": "/media/NFS/ttao/scannet/posed_images/scene0630_03/00224.jpg",
      "transform_matrix": [
        [
          0.903538,
          0.338299,
          -0.263008,
          3.01739
        ],
        [
          0.42693,
          -0.658069,
          0.620223,
          1.437837
        ],
        [
          0.036743,
          -0.672681,
          -0.73902,
          1.120405
        ],
        [
          0.0,
          0.0,
          0.0,
          1.0
        ]
      ]
    },
    {
      "file_path": "/media/NFS/ttao/scannet/posed_images/scene0630_03/00226.jpg",
      "transform_matrix": [
        [
          0.898913,
          0.337267,
          -0.279653,
          3.011884
        ],
        [
          0.437262,
          -0.650535,
          0.620972,
          1.438343
        ],
        [
          0.027509,
          -0.680482,
          -0.732249,
          1.124631
        ],
        [
          0.0,
          0.0,
          0.0,
          1.0
        ]
      ]
    },
    {
      "file_path": "/media/NFS/ttao/scannet/posed_images/scene0630_03/00230.jpg",
      "transform_matrix": [
        [
          0.886851,
          0.330867,
          -0.322524,
          2.994548
        ],
        [
          0.4618,
          -0.611491,
          0.642511,
          1.451099
        ],
        [
          0.015365,
          -0.718753,
          -0.695096,
          1.156503
        ],
        [
          0.0,
          0.0,
          0.0,
          1.0
        ]
      ]
    },
    {
      "file_path": "/media/NFS/ttao/scannet/posed_images/scene0630_03/00236.jpg",
      "transform_matrix": [
        [
          0.872221,
          0.296811,
          -0.38876,
          2.969199
        ],
        [
          0.489068,
          -0.51854,
          0.701376,
          1.460378
        ],
        [
          0.006589,
          -0.801885,
          -0.597442,
          1.223564
        ],
        [
          0.0,
          0.0,
          0.0,
          1.0
        ]
      ]
    },
    {
      "file_path": "/media/NFS/ttao/scannet/posed_images/scene0630_03/00240.jpg",
      "transform_matrix": [
        [
          0.858707,
          0.291085,
          -0.421772,
          2.956151
        ],
        [
          0.512408,
          -0.475233,
          0.715256,
          1.464753
        ],
        [
          0.00776,
          -0.830315,
          -0.55724,
          1.278763
        ],
        [
          0.0,
          0.0,
          0.0,
          1.0
        ]
      ]
    },
    {
      "file_path": "/media/NFS/ttao/scannet/posed_images/scene0630_03/00243.jpg",
      "transform_matrix": [
        [
          0.844597,
          0.276828,
          -0.458281,
          2.946863
        ],
        [
          0.535376,
          -0.428279,
          0.727976,
          1.456735
        ],
        [
          0.005252,
          -0.8602,
          -0.50993,
          1.312918
        ],
        [
          0.0,
          0.0,
          0.0,
          1.0
        ]
      ]
    },
    {
      "file_path": "/media/NFS/ttao/scannet/posed_images/scene0630_03/00246.jpg",
      "transform_matrix": [
        [
          0.833295,
          0.267232,
          -0.483948,
          2.940732
        ],
        [
          0.55281,
          -0.395817,
          0.7333,
          1.448454
        ],
        [
          0.004406,
          -0.878587,
          -0.477562,
          1.332684
        ],
        [
          0.0,
          0.0,
          0.0,
          1.0
        ]
      ]
    },
    {
      "file_path": "/media/NFS/ttao/scannet/posed_images/scene0630_03/00247.jpg",
      "transform_matrix": [
        [
          0.828835,
          0.2648,
          -0.492863,
          2.939658
        ],
        [
          0.559483,
          -0.386996,
          0.732948,
          1.445941
        ],
        [
          0.003348,
          -0.883241,
          -0.468907,
          1.337352
        ],
        [
          0.0,
          0.0,
          0.0,
          1.0
        ]
      ]
    },
    {
      "file_path": "/media/NFS/ttao/scannet/posed_images/scene0630_03/00251.jpg",
      "transform_matrix": [
        [
          0.813385,
          0.255405,
          -0.52266,
          2.928407
        ],
        [
          0.581704,
          -0.349295,
          0.734584,
          1.436543
        ],
        [
          0.005054,
          -0.901533,
          -0.432681,
          1.37278
        ],
        [
          0.0,
          0.0,
          0.0,
          1.0
        ]
      ]
    },
    {
      "file_path": "/media/NFS/ttao/scannet/posed_images/scene0630_03/00254.jpg",
      "transform_matrix": [
        [
          0.802339,
          0.236883,
          -0.547848,
          2.924875
        ],
        [
          0.596865,
          -0.315669,
          0.737635,
          1.432258
        ],
        [
          0.001795,
          -0.918825,
          -0.394661,
          1.394991
        ],
        [
          0.0,
          0.0,
          0.0,
          1.0
        ]
      ]
    },
    {
      "file_path": "/media/NFS/ttao/scannet/posed_images/scene0630_03/00259.jpg",
      "transform_matrix": [
        [
          0.76368,
          0.211354,
          -0.610018,
          2.926116
        ],
        [
          0.645472,
          -0.26838,
          0.715079,
          1.419485
        ],
        [
          -0.012582,
          -0.939841,
          -0.34138,
          1.421601
        ],
        [
          0.0,
          0.0,
          0.0,
          1.0
        ]
      ]
    },
    {
      "file_path": "/media/NFS/ttao/scannet/posed_images/scene0630_03/00263.jpg",
      "transform_matrix": [
        [
          0.739535,
          0.217119,
          -0.63714,
          2.92981
        ],
        [
          0.673111,
          -0.234122,
          0.701504,
          1.412265
        ],
        [
          0.003141,
          -0.947653,
          -0.319287,
          1.439345
        ],
        [
          0.0,
          0.0,
          0.0,
          1.0
        ]
      ]
    },
    {
      "file_path": "/media/NFS/ttao/scannet/posed_images/scene0630_03/00267.jpg",
      "transform_matrix": [
        [
          0.720806,
          0.198522,
          -0.664099,
          2.940084
        ],
        [
          0.693115,
          -0.213945,
          0.688345,
          1.412249
        ],
        [
          -0.005429,
          -0.95646,
          -0.291811,
          1.452955
        ],
        [
          0.0,
          0.0,
          0.0,
          1.0
