{
  "frames": [
    {
      "file_path": "/media/NFS/ttao/scannet/posed_images/scene0679_00/00003.jpg",
      "transform_matrix": [
        [
          -0.389776,
          0.27214,
          -0.879781,
          5.449968
        ],
        [
          0.919702,
          0.066124,
          -0.387009,
          3.594934
        ],
        [
          -0.047146,
          -0.959983,
          -0.276062,
          1.55296
        ],
        [
          0.0,
          0.0,
          0.0,
          1.0
        ]
      ]
    },
    {
      "file_path": "/media/NFS/ttao/scannet/posed_images/scene0679_00/00009.jpg",
      "transform_matrix": [
        [
          -0.404336,
          0.27253,
          -0.873064,
          5.446763
        ],
        [
          0.913677,
          0.077236,
          -0.399035,
          3.593289
        ],
        [
          -0.041317,
          -0.959042,
          -0.280233,
          1.55165
        ],
        [
          0.0,
          0.0,
          0.0,
          1.0
        ]
      ]
    },
    {
      "file_path": "/media/NFS/ttao/scannet/posed_images/scene0679_00/00018.jpg",
      "transform_matrix": [
        [
          -0.453729,
          0.301997,
          -0.838408,
          5.414081
        ],
        [
          0.89069,
          0.123802,
          -0.437429,
          3.560524
        ],
        [
          -0.028305,
          -0.945236,
          -0.325158,
          1.546904
        ],
        [
          0.0,
          0.0,
          0.0,
          1.0
        ]
      ]
    },
    {
      "file_path": "/media/NFS/ttao/scannet/posed_images/scene0679_00/00029.jpg",
      "transform_matrix": [
        [
          -0.519302,
          0.337551,
          -0.785102,
          5.327347
        ],
        [
          0.854498,
          0.19151,
          -0.482864,
          3.511788
        ],
        [
          -0.012636,
          -0.92162,
          -0.387888,
          1.514837
        ],
        [
          0.0,
          0.0,
          0.0,
          1.0
        ]
      ]
    },
    {
      "file_path": "/media/NFS/ttao/scannet/posed_images/scene0679_00/00038.jpg",
      "transform_matrix": [
        [
          -0.599227,
          0.332815,
          -0.728122,
          5.248299
        ],
        [
          0.799743,
          0.207294,
          -0.563418,
          3.481328
        ],
        [
          -0.036579,
          -0.919926,
          -0.390383,
          1.511245
        ],
        [
          0.0,
          0.0,
          0.0,
          1.0
        ]
      ]
    },
    {
      "file_path": "/media/NFS/ttao/scannet/posed_images/scene0679_00/00053.jpg",
      "transform_matrix": [
        [
          -0.803152,
          0.282955,
          -0.524294,
          5.106018
        ],
        [
          0.590204,
          0.257819,
          -0.764976,
          3.459819
        ],
        [
          -0.081281,
          -0.923832,
          -0.374069,
          1.489987
        ],
        [
          0.0,
          0.0,
          0.0,
          1.0
        ]
      ]
    },
    {
      "file_path": "/media/NFS/ttao/scannet/posed_images/scene0679_00/00056.jpg",
      "transform_matrix": [
        [
          -0.84096,
          0.266724,
          -0.470791,
          5.06529
        ],
        [
          0.534938,
          0.278911,
          -0.797528,
          3.46689
        ],
        [
          -0.081412,
          -0.922533,
          -0.377234,
          1.475238
        ],
        [
          0.0,
          0.0,
          0.0,
          1.0
        ]
      ]
    },
    {
      "file_path": "/media/NFS/ttao/scannet/posed_images/scene0679_00/00068.jpg",
      "transform_matrix": [
        [
          -0.954862,
          0.178578,
          -0.237379,
          4.943634
        ],
        [
          0.289962,
          0.386799,
          -0.87539,
          3.472503
        ],
        [
          -0.064507,
          -0.904708,
          -0.421121,
          1.451127
        ],
        [
          0.0,
          0.0,
          0.0,
          1.0
        ]
      ]
    },
    {
      "file_path": "/media/NFS/ttao/scannet/posed_images/scene0679_00/00079.jpg",
      "transform_matrix": [
        [
          -0.985674,
          0.126518,
          -0.11153,
          4.886097
        ],
        [
          0.159222,
          0.479927,
          -0.862739,
          3.430116
        ],
        [
          -0.055626,
          -0.868138,
          -0.493196,
          1.412083
        ],
        [
          0.0,
          0.0,
          0.0,
          1.0
        ]
      ]
    },
    {
      "file_path": "/media/NFS/ttao/scannet/posed_images/scene0679_00/00085.jpg",
      "transform_matrix": [
        [
          -0.991,
          0.103312,
          -0.085127,
          4.851236
        ],
        [
          0.126665,
          0.517923,
          -0.845998,
          3.399924
        ],
        [
          -0.043312,
          -0.849166,
          -0.526347,
          1.403814
        ],
        [
          0.0,
          0.0,
          0.0,
          1.0
        ]
      ]
    },
    {
      "file_path": "/media/NFS/ttao/scannet/posed_images/scene0679_00/00100.jpg",
      "transform_matrix": [
        [
          -0.991973,
          -0.04907,
          0.11654,
          4.79201
        ],
        [
          -0.121044,
          0.635065,
          -0.762916,
          3.380092
        ],
        [
          -0.036574,
          -0.770899,
          -0.635907,
          1.359752
        ],
        [
          0.0,
          0.0,
          0.0,
          1.0
        ]
      ]
    },
    {
      "file_path": "/media/NFS/ttao/scannet/posed_images/scene0679_00/00112.jpg",
      "transform_matrix": [
        [
          -0.941189,
          -0.208799,
          0.265645,
          4.759458
        ],
        [
          -0.336366,
          0.653408,
          -0.678172,
          3.426186
        ],
        [
          -0.031973,
          -0.727641,
          -0.685212,
          1.318713
        ],
        [
          0.0,
          0.0,
          0.0,
          1.0
        ]
      ]
    },
    {
      "file_path": "/media/NFS/ttao/scannet/posed_images/scene0679_00/00121.jpg",
      "transform_matrix": [
        [
          -0.929547,
          -0.239451,
          0.280367,
          4.740416
        ],
        [
          -0.366583,
          0.681655,
          -0.633217,
          3.444516
        ],
        [
          -0.039489,
          -0.691383,
          -0.721409,
          1.299735
        ],
        [
          0.0,
          0.0,
          0.0,
          1.0
        ]
      ]
    },
    {
      "file_path": "/media/NFS/ttao/scannet/posed_images/scene0679_00/00132.jpg",
      "transform_matrix": [
        [
          -0.948525,
          -0.174798,
          0.264095,
          4.716178
        ],
        [
          -0.31441,
          0.619883,
          -0.718952,
          3.441265
        ],
        [
          -0.038036,
          -0.764978,
          -0.642932,
          1.339749
        ],
        [
          0.0,
          0.0,
          0.0,
          1.0
        ]
      ]
    },
    {
      "file_path": "/media/NFS/ttao/scannet/posed_images/scene0679_00/00141.jpg",
      "transform_matrix": [
        [
          -0.966459,
          -0.104318,
          0.23468,
          4.702031
        ],
        [
          -0.253277,
          0.538431,
          -0.803706,
          3.42755
        ],
        [
          -0.042518,
          -0.836188,
          -0.546793,
          1.390797
        ],
        [
          0.0,
          0.0,
          0.0,
          1.0
        ]
      ]
    },
    {
      "file_path": "/media/NFS/ttao/scannet/posed_images/scene0679_00/00153.jpg",
      "transform_matrix": [
        [
          -0.989705,
          -0.000968,
          0.143119,
          4.724736
        ],
        [
          -0.127394,
          0.461707,
          -0.877837,
          3.411032
        ],
        [
          -0.065229,
          -0.887032,
          -0.457077,
          1.426022
        ],
        [
          0.0,
          0.0,
          0.0,
          1.0
        ]
      ]
    },
    {
      "file_path": "/media/NFS/ttao/scannet/posed_images/scene0679_00/00162.jpg",
      "transform_matrix": [
        [
          -0.993878,
          0.057678,
          0.094232,
          4.767734
        ],
        [
          -0.061425,
          0.420468,
          -0.905226,
          3.389816
        ],
        [
          -0.091834,
          -0.905472,
          -0.414351,
          1.462649
        ],
        [
          0.0,
          0.0,
          0.0,
          1.0
        ]
      ]
    },
    {
      "file_path": "/media/NFS/ttao/scannet/posed_images/scene0679_00/00171.jpg",
      "transform_matrix": [
        [
          -0.995169,
          0.080728,
          0.055863,
          4.806436
        ],
        [
          -0.022684,
          0.364546,
          -0.930909,
          3.365173
        ],
        [
          -0.095515,
          -0.92768,
          -0.360954,
          1.495124
        ],
        [
          0.0,
          0.0,
          0.0,
          1.0
        ]
      ]
    },
    {
      "file_path": "/media/NFS/ttao/scannet/posed_images/scene0679_00/00180.jpg",
      "transform_matrix": [
        [
          -0.994597,
          0.090469,
          0.050914,
          4.799903
        ],
        [
          -0.01649,
          0.346538,
          -0.937891,
          3.338178
        ],
        [
          -0.102494,
          -0.933663,
          -0.343174,
          1.492351
        ],
        [
          0.0,
          0.0,
          0.0,
          1.0
        ]
      ]
    },
    {
      "file_path": "/media/NFS/ttao/scannet/posed_images/scene0679_00/00191.jpg",
      "transform_matrix": [
        [
          -0.997771,
          0.042723,
          0.051272,
          4.747671
        ],
        [
          -0.035024,
          0.318764,
          -0.947187,
          3.276052
        ],
        [
          -0.056811,
          -0.946871,
          -0.316557,
          1.483681
        ],
        [
          0.0,
          0.0,
          0.0,
          1.0
        ]
      ]
    },
    {
      "file_path": "/media/NFS/ttao/scannet/posed_images/scene0679_00/00200.jpg",
      "transform_matrix": [
        [
          -0.997246,
          0.021126,
          0.071097,
          4.759914
        ],
        [
          -0.059702,
          0.340128,
          -0.938482,
          3.25459
        ],
        [
          -0.044008,
          -0.940142,
          -0.33793,
          1.471363
        ],
        [
          0.0,
          0.0,
          0.0,
          1.0
        ]
      ]
    },
    {
      "file_path": "/media/NFS/ttao/scannet/posed_images/scene0679_00/00206.jpg",
      "transform_matrix": [
        [
          -0.998612,
          0.047458,
          0.022826,
          4.813091
        ],
        [
          -0.005544,
          0.33629,
          -0.941742,
          3.251515
        ],
        [
          -0.052369,
          -0.940562,
          -0.33556,
          1.476972
        ],
        [
          0.0,
          0.0,
          0.0,
          1.0
        ]
      ]
    },
    {
      "file_path": "/media/NFS/ttao/scannet/posed_images/scene0679_00/00218.jpg",
      "transform_matrix": [
        [
          -0.980828,
          0.128686,
          -0.146341,
          4.928988
        ],
        [
          0.180449,
          0.316211,
          -0.931369,
          3.269521
        ],
        [
          -0.07358,
          -0.93992,
          -0.33337,
          1.499613
        ],
        [
          0.0,
          0.0,
          0.0,
          1.0
        ]
      ]
    },
    {
      "file_path": "/media/NFS/ttao/scannet/posed_images/scene0679_00/00224.jpg",
      "transform_matrix": [
        [
          -0.972754,
          0.114901,
          -0.201363,
          4.979899
        ],
        [
          0.2272,
          0.299567,
          -0.926629,
          3.280642
        ],
        [
          -0.046149,
          -0.947132,
          -0.31751,
          1.510877
        ],
        [
          0.0,
          0.0,
          0.0,
          1.0
        ]
      ]
    },
    {
      "file_path": "/media/NFS/ttao/scannet/posed_images/scene0679_00/00232.jpg",
      "transform_matrix": [
        [
          -0.971255,
          0.109381,
          -0.211421,
          4.997546
        ],
        [
          0.233086,
          0.256754,
          -0.937949,
          3.303001
        ],
        [
          -0.04831,
          -0.960268,
          -0.274868,
          1.526069
        ],
        [
          0.0,
          0.0,
          0.0,
          1.0
        ]
      ]
    },
    {
      "file_path": "/media/NFS/ttao/scannet/posed_images/scene0679_00/00244.jpg",
      "transform_matrix": [
        [
          -0.954227,
          0.136985,
          -0.265869,
          5.011628
        ],
        [
          0.293118,
          0.25165,
          -0.922363,
          3.318695
        ],
        [
          -0.059444,
          -0.958075,
          -0.280284,
          1.531846
        ],
        [
          0.0,
          0.0,
          0.0,
          1.0
        ]
      ]
    },
    {
      "file_path": "/media/NFS/ttao/scannet/posed_images/scene0679_00/00256.jpg",
      "transform_matrix": [
        [
          -0.912931,
          0.191826,
          -0.360222,
          5.037827
        ],
        [
          0.403828,
          0.297011,
          -0.865279,
          3.267418
        ],
        [
          -0.058993,
          -0.935408,
          -0.348616,
          1.499739
        ],
        [
          0.0,
          0.0,
          0.0,
          1.0
        ]
      ]
    },
    {
      "file_path": "/media/NFS/ttao/scannet/posed_images/scene0679_00/00271.jpg",
      "transform_matrix": [
        [
          -0.872081,
          0.277645,
          -0.402972,
          5.057044
        ],
        [
          0.483734,
          0.364584,
          -0.795663,
          3.208418
        ],
        [
          -0.073995,
          -0.888815,
          -0.452254,
          1.453648
        ],
        [
          0.0,
          0.0,
          0.0,
          1.0
        ]
      ]
    },
    {
      "file_path": "/media/NFS/ttao/scannet/posed_images/scene0679_00/00280.jpg",
      "transform_matrix": [
        [
          -0.87594,
          0.287196,
          -0.387618,
          5.047901
        ],
        [
          0.479252,
          0.426112,
          -0.767298,
          3.179857
        ],
        [
          -0.055197,
          -0.857874,
          -0.510888,
          1.423085
        ],
        [
          0.0,
          0.0,
          0.0,
          1.0
        ]
      ]
    },
    {
      "file_path": "/media/NFS/ttao/scannet/posed_images/scene0679_00/00283.jpg",
      "transform_matrix": [
        [
          -0.882709,
          0.288387,
          -0.371023,
          5.03896
        ],
        [
          0.466539,
          0.443278,
          -0.765406,
          3.162342
        ],
        [
          -0.056267,
          -0.848727,
          -0.525829,
          1.411505
        ],
        [
          0.0,
          0.0,
          0.0,
          1.0
        ]
      ]
    },
    {
      "file_path": "/media/NFS/ttao/scannet/posed_images/scene0679_00/00300.jpg",
      "transform_matrix": [
        [
          -0.981703,
          0.160853,
          -0.10191,
          4.926548
        ],
        [
          0.175458,
          0.556184,
          -0.812326,
          3.048175
        ],
        [
          -0.073984,
          -0.815344,
          -0.57423,
          1.371093
        ],
        [
          0.0,
          0.0,
          0.0,
          1.0
        ]
      ]
    },
    {
      "file_path": "/media/NFS/ttao/scannet/posed_images/scene0679_00/00306.jpg",
      "transform_matrix": [
        [
          -0.988389,
          0.132541,
          -0.074304,
          4.900963
        ],
        [
          0.137459,
          0.571543,
          -0.808977,
          2.978636
        ],
        [
          -0.064755,
          -0.809797,
          -0.583125,
          1.35422
        ],
        [
          0.0,
          0.0,
          0.0,
          1.0
        ]
      ]
    },
    {
      "file_path": "/media/NFS/ttao/scannet/posed_images/scene0679_00/00315.jpg",
      "transform_matrix": [
        [
          -0.992045,
          0.098171,
          -0.078801,
          4.873906
        ],
        [
          0.121978,
          0.594862,
          -0.794519,
          2.833581
        ],
        [
          -0.031123,
          -0.797811,
          -0.602104,
          1.336528
        ],
        [
          0.0,
          0.0,
          0.0,
          1.0
        ]
      ]
    },
    {
      "file_path": "/media/NFS/ttao/scannet/posed_images/scene0679_00/00324.jpg",
      "transform_matrix": [
        [
          -0.993141,
          0.100283,
          -0.06012,
          4.864518
        ],
        [
          0.108609,
          0.60078,
          -0.792002,
          2.700588
        ],
        [
          -0.043305,
          -0.793099,
          -0.607551,
          1.346489
        ],
        [
          0.0,
          0.0,
          0.0,
          1.0
        ]
      ]
    },
    {
      "file_path": "/media/NFS/ttao/scannet/posed_images/scene0679_00/00336.jpg",
      "transform_matrix": [
        [
          -0.997274,
          0.013943,
          0.072466,
          4.843216
        ],
        [
          -0.04971,
          0.598836,
          -0.799328,
          2.51916
        ],
        [
          -0.054541,
          -0.800751,
          -0.59651,
          1.352581
        ],
        [
          0.0,
          0.0,
          0.0,
          1.0
        ]
      ]
    },
    {
      "file_path": "/media/NFS/ttao/scannet/posed_images/scene0679_00/00341.jpg",
      "transform_matrix": [
        [
          -0.991295,
          -0.009715,
          0.131305,
          4.833641
        ],
        [
          -0.109753,
          0.611858,
          -0.783316,
          2.450593
        ],
        [
          -0.07273,
          -0.790908,
          -0.607598,
          1.357545
        ],
        [
          0.0,
          0.0,
          0.0,
          1.0
        ]
      ]
    },
    {
      "file_path": "/media/NFS/ttao/scannet/posed_images/scene0679_00/00356.jpg",
      "transform_matrix": [
        [
          -0.99199,
          0.012927,
          0.125651,
          4.918965
        ],
        [
          -0.093257,
          0.595989,
          -0.797559,
          2.228627
        ],
        [
          -0.085196,
          -0.802889,
          -0.59001,
          1.38214
        ],
        [
          0.0,
          0.0,
          0.0,
          1.0
        ]
      ]
    },
    {
      "file_path": "/media/NFS/ttao/scannet/posed_images/scene0679_00/00362.jpg",
      "transform_matrix": [
        [
          -0.988946,
          0.061669,
          0.134842,
          4.960756
        ],
        [
          -0.0731,
          0.588431,
          -0.805237,
          2.151099
        ],
        [
          -0.129003,
          -0.806193,
          -0.577418,
          1.407341
        ],
        [
          0.0,
          0.0,
          0.0,
          1.0
        ]
      ]
    },
    {
      "file_path": "/media/NFS/ttao/scannet/posed_images/scene0679_00/00371.jpg",
      "transform_matrix": [
        [
          -0.9913,
          0.061879,
          0.116171,
          4.994818
        ],
        [
          -0.058127,
          0.586068,
          -0.808174,
          2.064582
        ],
        [
          -0.118093,
          -0.807896,
          -0.577372,
          1.434829
        ],
        [
          0.0,
          0.0,
          0.0,
          1.0
        ]
      ]
    },
    {
      "file_path": "/media/NFS/ttao/scannet/posed_images/scene0679_00/00380.jpg",
      "transform_matrix": [
        [
          -0.994515,
          0.054172,
          0.089471,
          5.011045
        ],
        [
          -0.044734,
          0.55293,
          -0.832026,
          1.988168
        ],
        [
          -0.094544,
          -0.831465,
          -0.547474,
          1.451865
        ],
        [
          0.0,
          0.0,
          0.0,
          1.0
        ]
      ]
    },
    {
      "file_path": "/media/NFS/ttao/scannet/posed_images/scene0679_00/00391.jpg",
      "transform_matrix": [
        [
          -0.99275,
          0.012828,
          0.119509,
          5.022972
        ],
        [
          -0.094603,
          0.529946,
          -0.842739,
          1.86096
        ],
        [
          -0.074144,
          -0.847935,
          -0.52489,
          1.450253
        ],
        [
          0.0,
          0.0,
          0.0,
          1.0
        ]
      ]
    },
    {
      "file_path": "/media/NFS/ttao/scannet/posed_images/scene0679_00/00400.jpg",
      "transform_matrix": [
        [
          -0.986283,
          -0.028112,
          0.162649,
          5.039758
        ],
        [
          -0.149338,
          0.571702,
          -0.806756,
          1.790261
        ],
        [
          -0.070308,
          -0.81998,
          -0.568058,
          1.433388
        ],
        [
          0.0,
          0.0,
          0.0,
          1.0
        ]
      ]
    },
    {
      "file_path": "/media/NFS/ttao/scannet/posed_images/scene0679_00/00409.jpg",
      "transform_matrix": [
        [
          -0.984736,
          -0.038083,
          0.169835,
          5.074186
        ],
        [
          -0.157538,
          0.60988,
          -0.776678,
          1.727154
        ],
        [
          -0.074001,
          -0.791578,
          -0.606571,
          1.418446
        ],
        [
          0.0,
          0.0,
          0.0,
          1.0
        ]
      ]
    },
    {
      "file_path": "/media/NFS/ttao/scannet/posed_images/scene0679_00/00424.jpg",
      "transform_matrix": [
        [
          -0.990044,
          -0.041763,
          0.13442,
          5.160077
        ],
        [
          -0.127491,
          0.670799,
          -0.730599,
          1.548557
        ],
        [
          -0.059656,
          -0.740463,
          -0.669445,
          1.414937
        ],
        [
          0.0,
          0.0,
          0.0,
          1.0
        ]
      ]
    },
    {
      "file_path": "/media/NFS/ttao/scannet/posed_images/scene0679_00/00436.jpg",
      "transform_matrix": [
        [
          -0.992079,
          -0.025507,
          0.122994,
          5.191371
        ],
        [
          -0.102271,
          0.732525,
          -0.673015,
          1.424866
        ],
        [
          -0.07293,
          -0.680263,
          -0.729331,
          1.399644
        ],
        [
          0.0,
          0.0,
          0.0,
          1.0
        ]
      ]
    },
    {
      "file_path": "/media/NFS/ttao/scannet/posed_images/scene0679_00/00439.jpg",
      "transform_matrix": [
        [
          -0.99158,
          -0.026768,
          0.126698,
          5.191222
        ],
        [
          -0.104491,
          0.743305,
          -0.660742,
          1.395309
        ],
        [
          -0.076488,
          -0.668417,
          -0.739843,
          1.395398
        ],
        [
          0.0,
          0.0,
          0.0,
          1.0
        ]
      ]
    },
    {
      "file_path": "/media/NFS/ttao/scannet/posed_images/scene0679_00/00456.jpg",
      "transform_matrix": [
        [
          -0.989939,
          -0.039597,
          0.135843,
          5.160438
        ],
        [
          -0.11908,
          0.751692,
          -0.648676,
          1.317942
        ],
        [
          -0.076426,
          -0.658325,
          -0.748844,
          1.370784
        ],
        [
          0.0,
          0.0,
          0.0,
          1.0
        ]
      ]
    },
    {
      "file_path": "/media/NFS/ttao/scannet/posed_images/scene0679_00/00462.jpg",
      "transform_matrix": [
        [
          -0.992225,
          -0.013365,
          0.123741,
          5.166304
        ],
        [
          -0.095412,
          0.720087,
          -0.687294,
          1.359161
        ],
        [
          -0.079918,
          -0.693756,
          -0.715763,
          1.369506
        ],
        [
          0.0,
          0.0,
          0.0,
          1.0
        ]
      ]
    },
    {
      "file_path": "/media/NFS/ttao/scannet/posed_images/scene0679_00/00468.jpg",
      "transform_matrix": [
        [
          -0.991438,
          0.000702,
          0.130575,
          5.175646
        ],
        [
          -0.094414,
          0.68693,
          -0.720565,
          1.422268
        ],
        [
          -0.090202,
          -0.726723,
          -0.680982,
          1.353334
        ],
        [
          0.0,
          0.0,
          0.0,
          1.0
        ]
      ]
    },
    {
      "file_path": "/media/NFS/ttao/scannet/posed_images/scene0679_00/00483.jpg",
      "transform_matrix": [
        [
          -0.98709,
          0.00027,
          0.160163,
          5.170693
        ],
        [
          -0.12699,
          0.608056,
          -0.783672,
          1.58363
        ],
        [
          -0.0976,
          -0.793894,
          -0.600172,
          1.265312
        ],
        [
          0.0,
          0.0,
          0.0,
          1.0
        ]
      ]
    },
    {
      "file_path": "/media/NFS/ttao/scannet/posed_images/scene0679_00/00491.jpg",
      "transform_matrix": [
        [
          -0.984143,
          -0.026695,
          0.175356,
          5.158348
        ],
        [
          -0.159782,
          0.562697,
          -0.811075,
          1.675942
        ],
        [
          -0.07702,
          -0.826232,
          -0.558039,
          1.204887
        ],
        [
          0.0,
          0.0,
          0.0,
          1.0
        ]
      ]
    },
    {
      "file_path": "/media/NFS/ttao/scannet/posed_images/scene0679_00/00506.jpg",
      "transform_matrix": [
        [
          -0.990883,
          0.018874,
          0.133393,
          5.14274
        ],
        [
          -0.105363,
          0.508466,
          -0.854612,
          1.799132
        ],
        [
          -0.083956,
          -0.860875,
          -0.501842,
          1.114354
        ],
        [
          0.0,
          0.0,
          0.0,
          1.0
        ]
      ]
    },
    {
      "file_path": "/media/NFS/ttao/scannet/posed_images/scene0679_00/00515.jpg",
      "transform_matrix": [
        [
          -0.987083,
          0.035561,
          0.156215,
          5.119279
        ],
        [
          -0.123627,
          0.451123,
          -0.883858,
          1.910855
        ],
        [
          -0.101903,
          -0.891753,
          -0.440899,
          1.028888
        ],
        [
          0.0,
          0.0,
          0.0,
          1.0
        ]
      ]
    },
    {
      "file_path": "/media/NFS/ttao/scannet/posed_images/scene0679_00/00521.jpg",
      "transform_matrix": [
        [
          -0.986294,
          0.022517,
          0.163453,
          5.111744
        ],
        [
          -0.139024,
          0.420114,
          -0.896759,
          1.978935
        ],
        [
          -0.088862,
          -0.907192,
          -0.411225,
          0.979754
        ],
        [
          0.0,
          0.0,
          0.0,
          1.0
        ]
      ]
    },
    {
      "file_path": "/media/NFS/ttao/scannet/posed_images/scene0679_00/00530.jpg",
      "transform_matrix": [
        [
          -0.982857,
          0.040333,
          0.179903,
          5.117486
        ],
        [
          -0.151304,
          0.381124,
          -0.912059,
          2.059014
        ],
        [
          -0.105352,
          -0.923644,
          -0.368488,
          0.888598
        ],
        [
          0.0,
          0.0,
          0.0,
          1.0
        ]
      ]
    },
    {
      "file_path": "/media/NFS/ttao/scannet/posed_images/scene0679_00/00539.jpg",
      "transform_matrix": [
        [
          -0.983998,
          0.041637,
          0.173246,
          5.104855
        ],
        [
          -0.144959,
          0.378319,
          -0.914255,
          2.096265
        ],
        [
          -0.103609,
          -0.924738,
          -0.36623,
          0.87852
        ],
        [
          0.0,
          0.0,
          0.0,
          1.0
        ]
      ]
    },
    {
      "file_path": "/media/NFS/ttao/scannet/posed_images/scene0679_00/00553.jpg",
      "transform_matrix": [
        [
          -0.981344,
          0.079848,
          0.174893,
          5.040322
        ],
        [
          -0.129179,
          0.3999,
          -0.90741,
          2.179633
        ],
        [
          -0.142394,
          -0.913074,
          -0.382125,
          1.092398
        ],
        [
          0.0,
          0.0,
          0.0,
          1.0
        ]
      ]
    },
    {
      "file_path": "/media/NFS/ttao/scannet/posed_images/scene0679_00/00556.jpg",
      "transform_matrix": [
        [
          -0.983835,
          0.065749,
          0.166571,
          5.020673
        ],
        [
          -0.123892,
          0.421724,
          -0.89822,
          2.188344
        ],
        [
          -0.129304,
          -0.904337,
          -0.406761,
          1.129724
        ],
        [
          0.0,
          0.0,
          0.0,
          1.0
        ]
      ]
    },
    {
      "file_path": "/media/NFS/ttao/scannet/posed_images/scene0679_00/00574.jpg",
      "transform_matrix": [
        [
          -0.9876,
          0.118518,
          -0.102955,
          4.876512
        ],
        [
          0.142315,
          0.399016,
          -0.905833,
          2.16499
        ],
        [
          -0.066277,
          -0.909253,
          -0.410935,
          1.305985
        ],
        [
          0.0,
          0.0,
          0.0,
          1.0
        ]
      ]
    },
    {
      "file_path": "/media/NFS/ttao/scannet/posed_images/scene0679_00/00577.jpg",
      "transform_matrix": [
        [
          -0.979915,
          0.136555,
          -0.145327,
          4.863112
        ],
        [
          0.18794,
          0.388727,
          -0.901981,
          2.166328
        ],
        [
          -0.066677,
          -0.911177,
          -0.406583,
          1.321104
        ],
        [
          0.0,
          0.0,
          0.0,
          1.0
        ]
      ]
    },
    {
      "file_path": "/media/NFS/ttao/scannet/posed_images/scene0679_00/00586.jpg",
      "transform_matrix": [
        [
          -0.951109,
          0.189869,
          -0.243601,
          4.816839
        ],
        [
          0.29799,
          0.356756,
          -0.885397,
          2.191402
        ],
        [
          -0.081204,
          -0.914699,
          -0.395893,
          1.365768
        ],
        [
          0.0,
          0.0,
          0.0,
          1.0
        ]
      ]
    },
    {
      "file_path": "/media/NFS/ttao/scannet/posed_images/scene0679_00/00600.jpg",
      "transform_matrix": [
        [
          -0.9366,
          0.211428,
          -0.279426,
          4.750483
        ],
        [
          0.343643,
          0.398387,
          -0.85041,
          2.305192
        ],
        [
          -0.068481,
          -0.892517,
          -0.445785,
          1.36118
        ],
        [
          0.0,
          0.0,
          0.0,
          1.0
        ]
      ]
    },
    {
      "file_path": "/media/NFS/ttao/scannet/posed_images/scene0679_00/00612.jpg",
      "transform_matrix": [
        [
          -0.911781,
          0.241451,
          -0.332201,
          4.70785
        ],
        [
          0.40737,
          0.429283,
          -0.806081,
          2.410505
        ],
        [
          -0.052021,
          -0.870298,
          -0.489771,
          1.353165
        ],
        [
          0.0,
          0.0,
          0.0,
          1.0
        ]
      ]
    },
    {
      "file_path": "/media/NFS/ttao/scannet/posed_images/scene0679_00/00615.jpg",
      "transform_matrix": [
        [
          -0.906057,
          0.25287,
          -0.33929,
          4.700707
        ],
        [
          0.419062,
          0.424936,
          -0.802382,
          2.42491
        ],
        [
          -0.058722,
          -0.869187,
          -0.490984,
          1.351226
        ],
        [
          0.0,
          0.0,
          0.0,
          1.0
        ]
      ]
    },
    {
      "file_path": "/media/NFS/ttao/scannet/posed_images/scene0679_00/00633.jpg",
      "transform_matrix": [
        [
          -0.903493,
          0.279073,
          -0.325299,
          4.735958
        ],
        [
          0.42797,
          0.546147,
          -0.720115,
          2.52027
        ],
        [
          -0.023304,
          -0.789837,
          -0.612874,
          1.276821
        ],
        [
          0.0,
          0.0,
          0.0,
          1.0
        ]
      ]
    },
    {
      "file_path": "/media/NFS/ttao/scannet/posed_images/scene0679_00/00636.jpg",
      "transform_matrix": [
        [
          -0.899162,
          0.300509,
          -0.318122,
          4.73192
        ],
        [
          0.436156,
          0.556066,
          -0.707501,
          2.550759
        ],
        [
          -0.035714,
          -0.774909,
          -0.631063,
          1.275602
        ],
        [
          0.0,
          0.0,
          0.0,
          1.0
        ]
      ]
    },
    {
      "file_path": "/media/NFS/ttao/scannet/posed_images/scene0679_00/00645.jpg",
      "transform_matrix": [
        [
          -0.90986,
          0.272384,
          -0.312987,
          4.706442
        ],
        [
          0.414692,
          0.572274,
          -0.707483,
          2.710892
        ],
        [
          -0.013593,
          -0.773504,
          -0.633645,
          1.260817
        ],
        [
          0.0,
          0.0,
          0.0,
          1.0
        ]
      ]
    },
    {
      "file_path": "/media/NFS/ttao/scannet/posed_images/scene0679_00/00659.jpg",
      "transform_matrix": [
        [
          -0.900129,
          0.284293,
          -0.330069,
          4.670942
        ],
        [
          0.435413,
          0.610713,
          -0.661397,
          2.899693
        ],
        [
          0.013547,
          -0.739059,
          -0.673505,
          1.258043
        ],
        [
          0.0,
          0.0,
          0.0,
          1.0
        ]
      ]
    },
    {
      "file_path": "/media/NFS/ttao/scannet/posed_images/scene0679_00/00668.jpg",
      "transform_matrix": [
        [
          -0.845862,
          0.344123,
          -0.40755,
          4.662854
        ],
        [
          0.533318,
          0.559193,
          -0.634725,
          2.918543
        ],
        [
          0.009476,
          -0.754243,
          -0.656527,
          1.273018
        ],
        [
          0.0,
          0.0,
          0.0,
          1.0
        ]
      ]
    },
    {
      "file_path": "/media/NFS/ttao/scannet/posed_images/scene0679_00/00680.jpg",
      "transform_matrix": [
        [
          -0.837325,
          0.356039,
          -0.414877,
          4.678465
        ],
        [
          0.546196,
          0.512065,
          -0.662917,
          2.902912
        ],
        [
          -0.02358,
          -0.781681,
          -0.623232,
          1.295138
        ],
        [
          0.0,
          0.0,
          0.0,
          1.0
        ]
      ]
    },
    {
      "file_path": "/media/NFS/ttao/scannet/posed_images/scene0679_00/00686.jpg",
      "transform_matrix": [
        [
          -0.75588,
          0.429475,
          -0.494163,
          4.67442
        ],
        [
          0.654347,
          0.470397,
          -0.592079,
          2.880631
        ],
        [
          -0.021831,
          -0.770894,
          -0.636589,
          1.295222
        ],
        [
          0.0,
          0.0,
          0.0,
          1.0
        ]
      ]
    },
    {
      "file_path": "/media/NFS/ttao/scannet/posed_images/scene0679_00/00700.jpg",
      "transform_matrix": [
        [
          -0.479421,
          0.582484,
          -0.656405,
          4.699755
        ],
        [
          0.875439,
          0.265159,
          -0.4041,
          2.74852
        ],
        [
          -0.06133,
          -0.768377,
          -0.637052,
          1.330942
        ],
        [
          0.0,
          0.0,
          0.0,
          1.0
        ]
      ]
    },
    {
      "file_path": "/media/NFS/ttao/scannet/posed_images/scene0679_00/00706.jpg",
      "transform_matrix": [
        [
          -0.458772,
          0.563023,
          -0.687411,
          4.68888
        ],
        [
          0.888066,
          0.264908,
          -0.375716,
          2.715195
        ],
        [
          -0.029436,
          -0.782834,
          -0.621534,
          1.340262
        ],
        [
          0.0,
          0.0,
          0.0,
          1.0
        ]
      ]
    },
    {
      "file_path": "/media/NFS/ttao/scannet/posed_images/scene0679_00/00718.jpg",
      "transform_matrix": [
        [
          -0.593098,
          0.516483,
          -0.617641,
          4.536988
        ],
        [
          0.804745,
          0.356546,
          -0.474617,
          2.703415
        ],
        [
          -0.024914,
          -0.778537,
          -0.627104,
          1.32492
        ],
        [
          0.0,
          0.0,
          0.0,
          1.0
        ]
      ]
    },
    {
      "file_path": "/media/NFS/ttao/scannet/posed_images/scene0679_00/00730.jpg",
      "transform_matrix": [
        [
          -0.68392,
          0.469983,
          -0.558005,
          4.314636
        ],
        [
          0.729498,
          0.430813,
          -0.531256,
          2.723861
        ],
        [
          -0.009286,
          -0.7704,
          -0.637493,
          1.329208
        ],
        [
          0.0,
          0.0,
          0.0,
          1.0
        ]
      ]
    },
    {
      "file_path": "/media/NFS/ttao/scannet/posed_images/scene0679_00/00742.jpg",
      "transform_matrix": [
        [
          -0.73209,
          0.407724,
          -0.545715,
          4.075922
        ],
        [
          0.681135,
          0.449814,
          -0.577688,
          2.679203
        ],
        [
          0.009933,
          -0.794625,
          -0.607019,
          1.329468
        ],
        [
          0.0,
          0.0,
          0.0,
          1.0
        ]
      ]
    },
    {
      "file_path": "/media/NFS/ttao/scannet/posed_images/scene0679_00/00748.jpg",
      "transform_matrix": [
        [
          -0.73054,
          0.407456,
          -0.547987,
          3.950668
        ],
        [
          0.682864,
          0.432808,
          -0.588535,
          2.644712
        ],
        [
          -0.002629,
          -0.80415,
          -0.594421,
          1.340197
        ],
        [
          0.0,
          0.0,
          0.0,
          1.0
        ]
      ]
    },
    {
      "file_path": "/media/NFS/ttao/scannet/posed_images/scene0679_00/00759.jpg",
      "transform_matrix": [
        [
          -0.794422,
          0.358157,
          -0.490527,
          3.739169
        ],
        [
          0.607225,
          0.451002,
          -0.654121,
          2.607982
        ],
        [
          -0.01305,
