{
  "frames": [
    {
      "file_path": "/media/NFS/ttao/scannet/posed_images/scene0476_01/00001.jpg",
      "transform_matrix": [
        [
          -0.869847,
          0.229208,
          -0.436841,
          3.78392
        ],
        [
          0.491793,
          0.472549,
          -0.731325,
          2.438606
        ],
        [
          0.038803,
          -0.850976,
          -0.523769,
          1.491133
        ],
        [
          0.0,
          0.0,
          0.0,
          1.0
        ]
      ]
    },
    {
      "file_path": "/media/NFS/ttao/scannet/posed_images/scene0476_01/00003.jpg",
      "transform_matrix": [
        [
          -0.84329,
          0.246716,
          -0.477486,
          3.806822
        ],
        [
          0.535653,
          0.458577,
          -0.709072,
          2.421672
        ],
        [
          0.044025,
          -0.85372,
          -0.518868,
          1.494845
        ],
        [
          0.0,
          0.0,
          0.0,
          1.0
        ]
      ]
    },
    {
      "file_path": "/media/NFS/ttao/scannet/posed_images/scene0476_01/00008.jpg",
      "transform_matrix": [
        [
          -0.801295,
          0.265939,
          -0.535914,
          3.849426
        ],
        [
          0.596226,
          0.428947,
          -0.678615,
          2.394298
        ],
        [
          0.049409,
          -0.863297,
          -0.502273,
          1.503925
        ],
        [
          0.0,
          0.0,
          0.0,
          1.0
        ]
      ]
    },
    {
      "file_path": "/media/NFS/ttao/scannet/posed_images/scene0476_01/00013.jpg",
      "transform_matrix": [
        [
          -0.769672,
          0.285995,
          -0.570799,
          3.901869
        ],
        [
          0.636046,
          0.420834,
          -0.646795,
          2.359264
        ],
        [
          0.055232,
          -0.860875,
          -0.50581,
          1.502526
        ],
        [
          0.0,
          0.0,
          0.0,
          1.0
        ]
      ]
    },
    {
      "file_path": "/media/NFS/ttao/scannet/posed_images/scene0476_01/00015.jpg",
      "transform_matrix": [
        [
          -0.763288,
          0.290146,
          -0.57724,
          3.91401
        ],
        [
          0.64352,
          0.420561,
          -0.639539,
          2.349969
        ],
        [
          0.057205,
          -0.859618,
          -0.507724,
          1.502837
        ],
        [
          0.0,
          0.0,
          0.0,
          1.0
        ]
      ]
    },
    {
      "file_path": "/media/NFS/ttao/scannet/posed_images/scene0476_01/00017.jpg",
      "transform_matrix": [
        [
          -0.760885,
          0.292894,
          -0.579022,
          3.92734
        ],
        [
          0.646644,
          0.416385,
          -0.639121,
          2.343515
        ],
        [
          0.053901,
          -0.860719,
          -0.506219,
          1.505737
        ],
        [
          0.0,
          0.0,
          0.0,
          1.0
        ]
      ]
    },
    {
      "file_path": "/media/NFS/ttao/scannet/posed_images/scene0476_01/00024.jpg",
      "transform_matrix": [
        [
          -0.792788,
          0.270095,
          -0.546384,
          3.964331
        ],
        [
          0.609415,
          0.36602,
          -0.703309,
          2.332552
        ],
        [
          0.010027,
          -0.89055,
          -0.454776,
          1.537897
        ],
        [
          0.0,
          0.0,
          0.0,
          1.0
        ]
      ]
    },
    {
      "file_path": "/media/NFS/ttao/scannet/posed_images/scene0476_01/00025.jpg",
      "transform_matrix": [
        [
          -0.798579,
          0.261358,
          -0.542184,
          3.969483
        ],
        [
          0.601851,
          0.356982,
          -0.714381,
          2.332964
        ],
        [
          0.00684,
          -0.896803,
          -0.442377,
          1.542059
        ],
        [
          0.0,
          0.0,
          0.0,
          1.0
        ]
      ]
    },
    {
      "file_path": "/media/NFS/ttao/scannet/posed_images/scene0476_01/00031.jpg",
      "transform_matrix": [
        [
          -0.826983,
          0.204873,
          -0.52357,
          3.976634
        ],
        [
          0.562139,
          0.317686,
          -0.763593,
          2.33324
        ],
        [
          0.009892,
          -0.925799,
          -0.377888,
          1.573352
        ],
        [
          0.0,
          0.0,
          0.0,
          1.0
        ]
      ]
    },
    {
      "file_path": "/media/NFS/ttao/scannet/posed_images/scene0476_01/00035.jpg",
      "transform_matrix": [
        [
          -0.834784,
          0.173256,
          -0.522607,
          3.979803
        ],
        [
          0.55024,
          0.295792,
          -0.78086,
          2.331947
        ],
        [
          0.019294,
          -0.939409,
          -0.342255,
          1.59507
        ],
        [
          0.0,
          0.0,
          0.0,
          1.0
        ]
      ]
    },
    {
      "file_path": "/media/NFS/ttao/scannet/posed_images/scene0476_01/00038.jpg",
      "transform_matrix": [
        [
          -0.839514,
          0.150217,
          -0.52216,
          3.983037
        ],
        [
          0.542877,
          0.27149,
          -0.794719,
          2.332243
        ],
        [
          0.022381,
          -0.950646,
          -0.309469,
          1.609589
        ],
        [
          0.0,
          0.0,
          0.0,
          1.0
        ]
      ]
    },
    {
      "file_path": "/media/NFS/ttao/scannet/posed_images/scene0476_01/00039.jpg",
      "transform_matrix": [
        [
          -0.840445,
          0.144333,
          -0.522322,
          3.985422
        ],
        [
          0.541436,
          0.263432,
          -0.798405,
          2.331994
        ],
        [
          0.02236,
          -0.953819,
          -0.299547,
          1.615836
        ],
        [
          0.0,
          0.0,
          0.0,
          1.0
        ]
      ]
    },
    {
      "file_path": "/media/NFS/ttao/scannet/posed_images/scene0476_01/00045.jpg",
      "transform_matrix": [
        [
          -0.85244,
          0.103082,
          -0.512562,
          3.977834
        ],
        [
          0.521839,
          0.227927,
          -0.82203,
          2.337853
        ],
        [
          0.03209,
          -0.968206,
          -0.248086,
          1.637552
        ],
        [
          0.0,
          0.0,
          0.0,
          1.0
        ]
      ]
    },
    {
      "file_path": "/media/NFS/ttao/scannet/posed_images/scene0476_01/00049.jpg",
      "transform_matrix": [
        [
          -0.857615,
          0.085181,
          -0.507189,
          3.981459
        ],
        [
          0.513048,
          0.210256,
          -0.83221,
          2.336811
        ],
        [
          0.035751,
          -0.973928,
          -0.224021,
          1.644883
        ],
        [
          0.0,
          0.0,
          0.0,
          1.0
        ]
      ]
    },
    {
      "file_path": "/media/NFS/ttao/scannet/posed_images/scene0476_01/00050.jpg",
      "transform_matrix": [
        [
          -0.859664,
          0.076619,
          -0.505082,
          3.980557
        ],
        [
          0.509289,
          0.206029,
          -0.83557,
          2.338997
        ],
        [
          0.040041,
          -0.975542,
          -0.216137,
          1.636495
        ],
        [
          0.0,
          0.0,
          0.0,
          1.0
        ]
      ]
    },
    {
      "file_path": "/media/NFS/ttao/scannet/posed_images/scene0476_01/00054.jpg",
      "transform_matrix": [
        [
          -0.866701,
          0.068826,
          -0.494057,
          3.986334
        ],
        [
          0.497202,
          0.199087,
          -0.844485,
          2.337402
        ],
        [
          0.040238,
          -0.977562,
          -0.206769,
          1.646322
        ],
        [
          0.0,
          0.0,
          0.0,
          1.0
        ]
      ]
    },
    {
      "file_path": "/media/NFS/ttao/scannet/posed_images/scene0476_01/00058.jpg",
      "transform_matrix": [
        [
          -0.873698,
          0.061798,
          -0.482529,
          3.989976
        ],
        [
          0.48477,
          0.193446,
          -0.852981,
          2.334658
        ],
        [
          0.040631,
          -0.979163,
          -0.198971,
          1.644513
        ],
        [
          0.0,
          0.0,
          0.0,
          1.0
        ]
      ]
    },
    {
      "file_path": "/media/NFS/ttao/scannet/posed_images/scene0476_01/00061.jpg",
      "transform_matrix": [
        [
          -0.88091,
          0.0595,
          -0.46953,
          3.995866
        ],
        [
          0.471881,
          0.186759,
          -0.861655,
          2.333517
        ],
        [
          0.03642,
          -0.980602,
          -0.192594,
          1.650582
        ],
        [
          0.0,
          0.0,
          0.0,
          1.0
        ]
      ]
    },
    {
      "file_path": "/media/NFS/ttao/scannet/posed_images/scene0476_01/00064.jpg",
      "transform_matrix": [
        [
          -0.887842,
          0.056685,
          -0.456644,
          4.003589
        ],
        [
          0.459007,
          0.178967,
          -0.87022,
          2.331095
        ],
        [
          0.032396,
          -0.982221,
          -0.184913,
          1.648112
        ],
        [
          0.0,
          0.0,
          0.0,
          1.0
        ]
      ]
    },
    {
      "file_path": "/media/NFS/ttao/scannet/posed_images/scene0476_01/00070.jpg",
      "transform_matrix": [
        [
          -0.905335,
          0.048587,
          -0.42191,
          4.01816
        ],
        [
          0.423692,
          0.171691,
          -0.889386,
          2.32691
        ],
        [
          0.029226,
          -0.983952,
          -0.176024,
          1.646949
        ],
        [
          0.0,
          0.0,
          0.0,
          1.0
        ]
      ]
    },
    {
      "file_path": "/media/NFS/ttao/scannet/posed_images/scene0476_01/00072.jpg",
      "transform_matrix": [
        [
          -0.909461,
          0.047031,
          -0.413121,
          4.02578
        ],
        [
          0.414828,
          0.170181,
          -0.893843,
          2.321392
        ],
        [
          0.028267,
          -0.98429,
          -0.174283,
          1.654191
        ],
        [
          0.0,
          0.0,
          0.0,
          1.0
        ]
      ]
    },
    {
      "file_path": "/media/NFS/ttao/scannet/posed_images/scene0476_01/00079.jpg",
      "transform_matrix": [
        [
          -0.928321,
          0.038087,
          -0.369823,
          4.03831
        ],
        [
          0.371192,
          0.150849,
          -0.916221,
          2.318388
        ],
        [
          0.020891,
          -0.987823,
          -0.154174,
          1.661278
        ],
        [
          0.0,
          0.0,
          0.0,
          1.0
        ]
      ]
    },
    {
      "file_path": "/media/NFS/ttao/scannet/posed_images/scene0476_01/00081.jpg",
      "transform_matrix": [
        [
          -0.935444,
          0.037644,
          -0.351465,
          4.042156
        ],
        [
          0.353144,
          0.142536,
          -0.924647,
          2.324157
        ],
        [
          0.015289,
          -0.989074,
          -0.146628,
          1.648086
        ],
        [
          0.0,
          0.0,
          0.0,
          1.0
        ]
      ]
    },
    {
      "file_path": "/media/NFS/ttao/scannet/posed_images/scene0476_01/00083.jpg",
      "transform_matrix": [
        [
          -0.941028,
          0.034896,
          -0.336525,
          4.045218
        ],
        [
          0.337881,
          0.148108,
          -0.929462,
          2.323616
        ],
        [
          0.017408,
          -0.988355,
          -0.151164,
          1.644698
        ],
        [
          0.0,
          0.0,
          0.0,
          1.0
        ]
      ]
    },
    {
      "file_path": "/media/NFS/ttao/scannet/posed_images/scene0476_01/00090.jpg",
      "transform_matrix": [
        [
          -0.955592,
          0.042778,
          -0.291572,
          4.062733
        ],
        [
          0.294225,
          0.194254,
          -0.935787,
          2.320511
        ],
        [
          0.016608,
          -0.980018,
          -0.198214,
          1.634806
        ],
        [
          0.0,
          0.0,
          0.0,
          1.0
        ]
      ]
    },
    {
      "file_path": "/media/NFS/ttao/scannet/posed_images/scene0476_01/00091.jpg",
      "transform_matrix": [
        [
          -0.956574,
          0.042139,
          -0.288429,
          4.064298
        ],
        [
          0.290836,
          0.204241,
          -0.934719,
          2.320151
        ],
        [
          0.019521,
          -0.978013,
          -0.207627,
          1.632325
        ],
        [
          0.0,
          0.0,
          0.0,
          1.0
        ]
      ]
    },
    {
      "file_path": "/media/NFS/ttao/scannet/posed_images/scene0476_01/00094.jpg",
      "transform_matrix": [
        [
          -0.957586,
          0.045682,
          -0.284504,
          4.070585
        ],
        [
          0.287037,
          0.237873,
          -0.927915,
          2.316175
        ],
        [
          0.025287,
          -0.970222,
          -0.240896,
          1.626679
        ],
        [
          0.0,
          0.0,
          0.0,
          1.0
        ]
      ]
    },
    {
      "file_path": "/media/NFS/ttao/scannet/posed_images/scene0476_01/00100.jpg",
      "transform_matrix": [
        [
          -0.959161,
          0.071974,
          -0.273549,
          4.076484
        ],
        [
          0.282393,
          0.299148,
          -0.911463,
          2.319256
        ],
        [
          0.01623,
          -0.951488,
          -0.307256,
          1.586328
        ],
        [
          0.0,
          0.0,
          0.0,
          1.0
        ]
      ]
    },
    {
      "file_path": "/media/NFS/ttao/scannet/posed_images/scene0476_01/00104.jpg",
      "transform_matrix": [
        [
          -0.956305,
          0.101489,
          -0.27419,
          4.075617
        ],
        [
          0.29235,
          0.342987,
          -0.892688,
          2.319454
        ],
        [
          0.003446,
          -0.933841,
          -0.357671,
          1.582249
        ],
        [
          0.0,
          0.0,
          0.0,
          1.0
        ]
      ]
    },
    {
      "file_path": "/media/NFS/ttao/scannet/posed_images/scene0476_01/00105.jpg",
      "transform_matrix": [
        [
          -0.95487,
          0.107987,
          -0.2767,
          4.073816
        ],
        [
          0.297022,
          0.351122,
          -0.88797,
          2.322577
        ],
        [
          0.001266,
          -0.930082,
          -0.367351,
          1.574406
        ],
        [
          0.0,
          0.0,
          0.0,
          1.0
        ]
      ]
    },
    {
      "file_path": "/media/NFS/ttao/scannet/posed_images/scene0476_01/00111.jpg",
      "transform_matrix": [
        [
          -0.934409,
          0.147458,
          -0.324248,
          4.066134
        ],
        [
          0.356034,
          0.4147,
          -0.837415,
          2.335438
        ],
        [
          0.010982,
          -0.897931,
          -0.439999,
          1.53646
        ],
        [
          0.0,
          0.0,
          0.0,
          1.0
        ]
      ]
    },
    {
      "file_path": "/media/NFS/ttao/scannet/posed_images/scene0476_01/00115.jpg",
      "transform_matrix": [
        [
          -0.916409,
          0.182594,
          -0.356166,
          4.057044
        ],
        [
          0.400069,
          0.444133,
          -0.80168,
          2.348254
        ],
        [
          0.011803,
          -0.877158,
          -0.480058,
          1.517321
        ],
        [
          0.0,
          0.0,
          0.0,
          1.0
        ]
      ]
    },
    {
      "file_path": "/media/NFS/ttao/scannet/posed_images/scene0476_01/00118.jpg",
      "transform_matrix": [
        [
          -0.904067,
          0.210307,
          -0.372067,
          4.041016
        ],
        [
          0.427308,
          0.461881,
          -0.777222,
          2.365725
        ],
        [
          0.008396,
          -0.861648,
          -0.507437,
          1.503402
        ],
        [
          0.0,
          0.0,
          0.0,
          1.0
        ]
      ]
    },
    {
      "file_path": "/media/NFS/ttao/scannet/posed_images/scene0476_01/00122.jpg",
      "transform_matrix": [
        [
          -0.88233,
          0.239415,
          -0.405185,
          4.044044
        ],
        [
          0.470256,
          0.482908,
          -0.738688,
          2.389885
        ],
        [
          0.018814,
          -0.842307,
          -0.53867,
          1.478063
        ],
        [
          0.0,
          0.0,
          0.0,
          1.0
        ]
      ]
    },
    {
      "file_path": "/media/NFS/ttao/scannet/posed_images/scene0476_01/00123.jpg",
      "transform_matrix": [
        [
          -0.877862,
          0.246749,
          -0.410455,
          4.03949
        ],
        [
          0.478568,
          0.484547,
          -0.732248,
          2.397604
        ],
        [
          0.018203,
          -0.839243,
          -0.543451,
          1.473594
        ],
        [
          0.0,
          0.0,
          0.0,
          1.0
        ]
      ]
    },
    {
      "file_path": "/media/NFS/ttao/scannet/posed_images/scene0476_01/00127.jpg",
      "transform_matrix": [
        [
          -0.861596,
          0.283033,
          -0.421361,
          4.022863
        ],
        [
          0.507484,
          0.497737,
          -0.703362,
          2.430457
        ],
        [
          0.010652,
          -0.819848,
          -0.572483,
          1.453306
        ],
        [
          0.0,
          0.0,
          0.0,
          1.0
        ]
      ]
    },
    {
      "file_path": "/media/NFS/ttao/scannet/posed_images/scene0476_01/00130.jpg",
      "transform_matrix": [
        [
          -0.85034,
          0.309976,
          -0.42525,
          4.009472
        ],
        [
          0.526194,
          0.510884,
          -0.679792,
          2.46429
        ],
        [
          0.006534,
          -0.801818,
          -0.597533,
          1.434651
        ],
        [
          0.0,
          0.0,
          0.0,
          1.0
        ]
      ]
    },
    {
      "file_path": "/media/NFS/ttao/scannet/posed_images/scene0476_01/00136.jpg",
      "transform_matrix": [
        [
          -0.817138,
          0.356017,
          -0.453362,
          3.981788
        ],
        [
          0.576259,
          0.524319,
          -0.62691,
          2.513058
        ],
        [
          0.014516,
          -0.773526,
          -0.633599,
          1.417929
        ],
        [
          0.0,
          0.0,
          0.0,
          1.0
        ]
      ]
    },
    {
      "file_path": "/media/NFS/ttao/scannet/posed_images/scene0476_01/00138.jpg",
      "transform_matrix": [
        [
          -0.803139,
          0.374209,
          -0.46361,
          3.972315
        ],
        [
          0.595597,
          0.524165,
          -0.6087,
          2.524805
        ],
        [
          0.015227,
          -0.764996,
          -0.643855,
          1.415564
        ],
        [
          0.0,
          0.0,
          0.0,
          1.0
        ]
      ]
    },
    {
      "file_path": "/media/NFS/ttao/scannet/posed_images/scene0476_01/00141.jpg",
      "transform_matrix": [
        [
          -0.78019,
          0.398659,
          -0.482053,
          3.959521
        ],
        [
          0.625418,
          0.512488,
          -0.588394,
          2.546556
        ],
        [
          0.012478,
          -0.760544,
          -0.649167,
          1.411528
        ],
        [
          0.0,
          0.0,
          0.0,
          1.0
        ]
      ]
    },
    {
      "file_path": "/media/NFS/ttao/scannet/posed_images/scene0476_01/00146.jpg",
      "transform_matrix": [
        [
          -0.747024,
          0.420552,
          -0.514871,
          3.934161
        ],
        [
          0.664485,
          0.496082,
          -0.558894,
          2.575758
        ],
        [
          0.020374,
          -0.759631,
          -0.650035,
          1.407117
        ],
        [
          0.0,
          0.0,
          0.0,
          1.0
        ]
      ]
    },
    {
      "file_path": "/media/NFS/ttao/scannet/posed_images/scene0476_01/00149.jpg",
      "transform_matrix": [
        [
          -0.726027,
          0.431271,
          -0.535622,
          3.917113
        ],
        [
          0.687228,
          0.482848,
          -0.542748,
          2.588542
        ],
        [
          0.024552,
          -0.762144,
          -0.646942,
          1.409215
        ],
        [
          0.0,
          0.0,
          0.0,
          1.0
        ]
      ]
    },
    {
      "file_path": "/media/NFS/ttao/scannet/posed_images/scene0476_01/00155.jpg",
      "transform_matrix": [
        [
          -0.665187,
          0.457376,
          -0.590197,
          3.879636
        ],
        [
          0.746468,
          0.426025,
          -0.511163,
          2.596426
        ],
        [
          0.017645,
          -0.780583,
          -0.624803,
          1.426068
        ],
        [
          0.0,
          0.0,
          0.0,
          1.0
        ]
      ]
    },
    {
      "file_path": "/media/NFS/ttao/scannet/posed_images/scene0476_01/00156.jpg",
      "transform_matrix": [
        [
          -0.655264,
          0.459743,
          -0.599388,
          3.873718
        ],
        [
          0.755213,
          0.416359,
          -0.506259,
          2.597891
        ],
        [
          0.016812,
          -0.784399,
          -0.620029,
          1.427168
        ],
        [
          0.0,
          0.0,
          0.0,
          1.0
        ]
      ]
    },
    {
      "file_path": "/media/NFS/ttao/scannet/posed_images/scene0476_01/00159.jpg",
      "transform_matrix": [
        [
          -0.623214,
          0.466861,
          -0.627411,
          3.854853
        ],
        [
          0.781732,
          0.394792,
          -0.482735,
          2.59049
        ],
        [
          0.022326,
          -0.791315,
          -0.611001,
          1.434244
        ],
        [
          0.0,
          0.0,
          0.0,
          1.0
        ]
      ]
    },
    {
      "file_path": "/media/NFS/ttao/scannet/posed_images/scene0476_01/00166.jpg",
      "transform_matrix": [
        [
          -0.5491,
          0.473541,
          -0.688657,
          3.822308
        ],
        [
          0.835425,
          0.334216,
          -0.436309,
          2.536653
        ],
        [
          0.02355,
          -0.814898,
          -0.579126,
          1.459128
        ],
        [
          0.0,
          0.0,
          0.0,
          1.0
        ]
      ]
    },
    {
      "file_path": "/media/NFS/ttao/scannet/posed_images/scene0476_01/00169.jpg",
      "transform_matrix": [
        [
          -0.515764,
          0.47155,
          -0.715281,
          3.812268
        ],
        [
          0.85649,
          0.303552,
          -0.417469,
          2.497841
        ],
        [
          0.020268,
          -0.827948,
          -0.560439,
          1.475009
        ],
        [
          0.0,
          0.0,
          0.0,
          1.0
        ]
      ]
    },
    {
      "file_path": "/media/NFS/ttao/scannet/posed_images/scene0476_01/00173.jpg",
      "transform_matrix": [
        [
          -0.47864,
          0.461259,
          -0.74709,
          3.809046
        ],
        [
          0.87799,
          0.257328,
          -0.403628,
          2.443265
        ],
        [
          0.00607,
          -0.849131,
          -0.528148,
          1.496987
        ],
        [
          0.0,
          0.0,
          0.0,
          1.0
        ]
      ]
    },
    {
      "file_path": "/media/NFS/ttao/scannet/posed_images/scene0476_01/00177.jpg",
      "transform_matrix": [
        [
          -0.440517,
          0.457625,
          -0.77235,
          3.817042
        ],
        [
          0.897594,
          0.20877,
          -0.388252,
          2.376319
        ],
        [
          -0.01643,
          -0.864288,
          -0.502729,
          1.514844
        ],
        [
          0.0,
          0.0,
          0.0,
          1.0
        ]
      ]
    },
    {
      "file_path": "/media/NFS/ttao/scannet/posed_images/scene0476_01/00179.jpg",
      "transform_matrix": [
        [
          -0.421795,
          0.458388,
          -0.782285,
          3.822391
        ],
        [
          0.906427,
          0.192351,
          -0.37602,
          2.337801
        ],
        [
          -0.02189,
          -0.867687,
          -0.496628,
          1.520458
        ],
        [
          0.0,
          0.0,
          0.0,
          1.0
        ]
      ]
    },
    {
      "file_path": "/media/NFS/ttao/scannet/posed_images/scene0476_01/00183.jpg",
      "transform_matrix": [
        [
          -0.400744,
          0.46884,
          -0.787143,
          3.828499
        ],
        [
          0.915919,
          0.184099,
          -0.356652,
          2.282416
        ],
        [
          -0.022301,
          -0.863885,
          -0.503196,
          1.526999
        ],
        [
          0.0,
          0.0,
          0.0,
          1.0
        ]
      ]
    },
    {
      "file_path": "/media/NFS/ttao/scannet/posed_images/scene0476_01/00187.jpg",
      "transform_matrix": [
        [
          -0.384627,
          0.470474,
          -0.794176,
          3.835531
        ],
        [
          0.922732,
          0.172623,
          -0.344625,
          2.207754
        ],
        [
          -0.025044,
          -0.865365,
          -0.500517,
          1.532777
        ],
        [
          0.0,
          0.0,
          0.0,
          1.0
        ]
      ]
    },
    {
      "file_path": "/media/NFS/ttao/scannet/posed_images/scene0476_01/00190.jpg",
      "transform_matrix": [
        [
          -0.380961,
          0.477666,
          -0.791646,
          3.848045
        ],
        [
          0.924179,
          0.171185,
          -0.341449,
          2.130261
        ],
        [
          -0.027581,
          -0.861703,
          -0.506664,
          1.533422
        ],
        [
          0.0,
          0.0,
          0.0,
          1.0
        ]
      ]
    },
    {
      "file_path": "/media/NFS/ttao/scannet/posed_images/scene0476_01/00194.jpg",
      "transform_matrix": [
        [
          -0.398664,
          0.483521,
          -0.779278,
          3.841096
        ],
        [
          0.916975,
          0.196285,
          -0.347317,
          2.075619
        ],
        [
          -0.014975,
          -0.853041,
          -0.521629,
          1.530655
        ],
        [
          0.0,
          0.0,
          0.0,
          1.0
        ]
      ]
    },
    {
      "file_path": "/media/NFS/ttao/scannet/posed_images/scene0476_01/00199.jpg",
      "transform_matrix": [
        [
          -0.396826,
          0.48898,
          -0.776806,
          3.824075
        ],
        [
          0.91789,
          0.208881,
          -0.337412,
          1.98952
        ],
        [
          -0.002728,
          -0.846916,
          -0.53172,
          1.518561
        ],
        [
          0.0,
          0.0,
          0.0,
          1.0
        ]
      ]
    },
    {
      "file_path": "/media/NFS/ttao/scannet/posed_images/scene0476_01/00200.jpg",
      "transform_matrix": [
        [
          -0.391485,
          0.490101,
          -0.778807,
          3.814307
        ],
        [
          0.920184,
          0.209018,
          -0.331018,
          1.969743
        ],
        [
          0.000552,
          -0.846234,
          -0.532811,
          1.516003
        ],
        [
          0.0,
          0.0,
          0.0,
          1.0
        ]
      ]
    },
    {
      "file_path": "/media/NFS/ttao/scannet/posed_images/scene0476_01/00205.jpg",
      "transform_matrix": [
        [
          -0.348026,
          0.496334,
          -0.795318,
          3.776626
        ],
        [
          0.937482,
          0.18203,
          -0.296636,
          1.879976
        ],
        [
          -0.002459,
          -0.848833,
          -0.528655,
          1.512692
        ],
        [
          0.0,
          0.0,
          0.0,
          1.0
        ]
      ]
    },
    {
      "file_path": "/media/NFS/ttao/scannet/posed_images/scene0476_01/00209.jpg",
      "transform_matrix": [
        [
          -0.304531,
          0.501735,
          -0.809644,
          3.752716
        ],
        [
          0.952502,
          0.159516,
          -0.259412,
          1.818246
        ],
        [
          -0.001004,
          -0.850186,
          -0.526481,
          1.511821
        ],
        [
          0.0,
          0.0,
          0.0,
          1.0
        ]
      ]
    },
    {
      "file_path": "/media/NFS/ttao/scannet/posed_images/scene0476_01/00212.jpg",
      "transform_matrix": [
        [
          -0.273772,
          0.506911,
          -0.817367,
          3.731986
        ],
        [
          0.961794,
          0.145365,
          -0.231995,
          1.783335
        ],
        [
          0.001215,
          -0.849653,
          -0.527341,
          1.511905
        ],
        [
          0.0,
          0.0,
          0.0,
          1.0
        ]
      ]
    },
    {
      "file_path": "/media/NFS/ttao/scannet/posed_images/scene0476_01/00215.jpg",
      "transform_matrix": [
        [
          -0.234318,
          0.51548,
          -0.824242,
          3.720151
        ],
        [
          0.97216,
          0.124754,
          -0.198347,
          1.743807
        ],
        [
          0.000584,
          -0.847772,
          -0.530361,
          1.505687
        ],
        [
          0.0,
          0.0,
          0.0,
          1.0
        ]
      ]
    },
    {
      "file_path": "/media/NFS/ttao/scannet/posed_images/scene0476_01/00218.jpg",
      "transform_matrix": [
        [
          -0.186837,
          0.520911,
          -0.832913,
          3.710538
        ],
        [
          0.982391,
          0.09892,
          -0.158502,
          1.712366
        ],
        [
          -0.000174,
          -0.84786,
          -0.530221,
          1.497802
        ],
        [
          0.0,
          0.0,
          0.0,
          1.0
        ]
      ]
    },
    {
      "file_path": "/media/NFS/ttao/scannet/posed_images/scene0476_01/00222.jpg",
      "transform_matrix": [
        [
          -0.106886,
          0.532906,
          -0.839396,
          3.713225
        ],
        [
          0.994096,
          0.07312,
          -0.080163,
          1.65917
        ],
        [
          0.018657,
          -0.843009,
          -0.537575,
          1.470584
        ],
        [
          0.0,
          0.0,
          0.0,
          1.0
        ]
      ]
    },
    {
      "file_path": "/media/NFS/ttao/scannet/posed_images/scene0476_01/00225.jpg",
      "transform_matrix": [
        [
          -0.038842,
          0.54899,
          -0.834926,
          3.71386
        ],
        [
          0.999048,
          0.037951,
          -0.021523,
          1.612998
        ],
        [
          0.01987,
          -0.834967,
          -0.549941,
          1.451403
        ],
        [
          0.0,
          0.0,
          0.0,
          1.0
        ]
      ]
    },
    {
      "file_path": "/media/NFS/ttao/scannet/posed_images/scene0476_01/00232.jpg",
      "transform_matrix": [
        [
          0.117131,
          0.525594,
          -0.842634,
          3.727952
        ],
        [
          0.993116,
          -0.061783,
          0.099511,
          1.507689
        ],
        [
          0.000242,
          -0.848489,
          -0.529212,
          1.421341
        ],
        [
          0.0,
          0.0,
          0.0,
          1.0
        ]
      ]
    },
    {
      "file_path": "/media/NFS/ttao/scannet/posed_images/scene0476_01/00235.jpg",
      "transform_matrix": [
        [
          0.172212,
          0.497064,
          -0.850453,
          3.735096
        ],
        [
          0.98501,
          -0.095581,
          0.143595,
          1.464638
        ],
        [
          -0.009912,
          -0.862433,
          -0.506074,
          1.420208
        ],
        [
          0.0,
          0.0,
          0.0,
          1.0
        ]
      ]
    },
    {
      "file_path": "/media/NFS/ttao/scannet/posed_images/scene0476_01/00237.jpg",
      "transform_matrix": [
        [
          0.2093,
          0.475733,
          -0.854325,
          3.753375
        ],
        [
          0.97783,
          -0.107666,
          0.179603,
          1.434827
        ],
        [
          -0.006539,
          -0.872976,
          -0.48772,
          1.410272
        ],
        [
          0.0,
          0.0,
          0.0,
          1.0
        ]
      ]
    },
    {
      "file_path": "/media/NFS/ttao/scannet/posed_images/scene0476_01/00239.jpg",
      "transform_matrix": [
        [
          0.251381,
          0.471253,
          -0.845416,
          3.764141
        ],
        [
          0.967882,
          -0.125439,
          0.217874,
          1.408758
        ],
        [
          -0.003375,
          -0.873033,
          -0.48765,
          1.40346
        ],
        [
          0.0,
          0.0,
          0.0,
          1.0
        ]
      ]
    },
    {
      "file_path": "/media/NFS/ttao/scannet/posed_images/scene0476_01/00245.jpg",
      "transform_matrix": [
        [
          0.32941,
          0.408152,
          -0.851412,
          3.779478
        ],
        [
          0.943605,
          -0.17395,
          0.281692,
          1.3627
        ],
        [
          -0.03313,
          -0.896189,
          -0.442435,
          1.392316
        ],
        [
          0.0,
          0.0,
          0.0,
          1.0
        ]
      ]
    },
    {
      "file_path": "/media/NFS/ttao/scannet/posed_images/scene0476_01/00247.jpg",
      "transform_matrix": [
        [
          0.360552,
          0.3898,
          -0.847383,
          3.773907
        ],
        [
          0.932018,
          -0.186284,
          0.310871,
          1.349334
        ],
        [
          -0.036676,
          -0.901862,
          -0.430466,
          1.387756
        ],
        [
          0.0,
          0.0,
          0.0,
          1.0
        ]
      ]
    },
    {
      "file_path": "/media/NFS/ttao/scannet/posed_images/scene0476_01/00250.jpg",
      "transform_matrix": [
        [
          0.402913,
          0.341755,
          -0.849038,
          3.778141
        ],
        [
          0.915014,
          -0.170922,
          0.365423,
          1.31967
        ],
        [
          -0.020234,
          -0.924116,
          -0.381577,
          1.367753
        ],
        [
          0.0,
          0.0,
          0.0,
          1.0
        ]
      ]
    },
    {
      "file_path": "/media/NFS/ttao/scannet/posed_images/scene0476_01/00256.jpg",
      "transform_matrix": [
        [
          0.44677,
          0.356945,
          -0.820358,
          3.791329
        ],
        [
          0.893754,
          -0.137079,
          0.427098,
          1.278814
        ],
        [
          0.039997,
          -0.924013,
          -0.380264,
          1.31079
        ],
        [
          0.0,
          0.0,
          0.0,
          1.0
        ]
      ]
    },
    {
      "file_path": "/media/NFS/ttao/scannet/posed_images/scene0476_01/00258.jpg",
      "transform_matrix": [
        [
          0.455762,
          0.354041,
          -0.816662,
          3.793515
        ],
        [
          0.888734,
          -0.130161,
          0.439556,
          1.267065
        ],
        [
          0.049323,
          -0.926128,
          -0.37397,
          1.294458
        ],
        [
          0.0,
          0.0,
          0.0,
          1.0
        ]
      ]
    },
    {
      "file_path": "/media/NFS/ttao/scannet/posed_images/scene0476_01/00261.jpg",
      "transform_matrix": [
        [
          0.472481,
          0.352236,
          -0.807894,
          3.793045
        ],
        [
          0.879001,
          -0.121572,
          0.461062,
          1.246125
        ],
        [
          0.064185,
          -0.927982,
          -0.367056,
          1.269879
        ],
        [
          0.0,
          0.0,
          0.0,
          1.0
        ]
      ]
    },
    {
      "file_path": "/media/NFS/ttao/scannet/posed_images/scene0476_01/00266.jpg",
      "transform_matrix": [
        [
          0.48762,
          0.338878,
          -0.804605,
          3.789838
        ],
        [
          0.870804,
          -0.12263,
          0.476091,
          1.223581
        ],
        [
          0.062668,
          -0.932804,
          -0.354893,
          1.242315
        ],
        [
          0.0,
          0.0,
          0.0,
          1.0
        ]
      ]
    },
    {
      "file_path": "/media/NFS/ttao/scannet/posed_images/scene0476_01/00271.jpg",
      "transform_matrix": [
        [
          0.537255,
          0.344596,
          -0.769812,
          3.790918
        ],
        [
          0.840849,
          -0.147627,
          0.520749,
          1.209868
        ],
        [
          0.065803,
          -0.927071,
          -0.369066,
          1.208151
        ],
        [
          0.0,
          0.0,
          0.0,
          1.0
        ]
      ]
    },
    {
      "file_path": "/media/NFS/ttao/scannet/posed_images/scene0476_01/00275.jpg",
      "transform_matrix": [
        [
          0.597347,
          0.322753,
          -0.734171,
          3.795994
        ],
        [
          0.797828,
          -0.146094,
          0.584916,
          1.203431
        ],
        [
          0.081525,
          -0.93514,
          -0.34477,
          1.172927
        ],
        [
          0.0,
          0.0,
          0.0,
          1.0
        ]
      ]
    },
    {
      "file_path": "/media/NFS/ttao/scannet/posed_images/scene0476_01/00277.jpg",
      "transform_matrix": [
        [
          0.625399,
          0.313681,
          -0.714478,
          3.796851
        ],
        [
          0.776135,
          -0.155537,
          0.611083,
          1.199509
        ],
        [
          0.080557,
          -0.936703,
          -0.340732,
          1.154027
        ],
        [
          0.0,
          0.0,
          0.0,
          1.0
        ]
      ]
    },
    {
      "file_path": "/media/NFS/ttao/scannet/posed_images/scene0476_01/00282.jpg",
      "transform_matrix": [
        [
          0.657053,
          0.308752,
          -0.687716,
          3.807342
        ],
        [
          0.748977,
          -0.163863,
          0.642015,
          1.187596
        ],
        [
          0.085532,
          -0.936921,
          -0.338915,
          1.09824
        ],
        [
