{
  "frames": [
    {
      "file_path": "/media/NFS/ttao/scannet/posed_images/scene0479_02/00001.jpg",
      "transform_matrix": [
        [
          0.902004,
          0.133088,
          -0.410702,
          1.671815
        ],
        [
          0.421424,
          -0.478012,
          0.770653,
          0.745648
        ],
        [
          -0.093755,
          -0.868212,
          -0.487255,
          1.495613
        ],
        [
          0.0,
          0.0,
          0.0,
          1.0
        ]
      ]
    },
    {
      "file_path": "/media/NFS/ttao/scannet/posed_images/scene0479_02/00003.jpg",
      "transform_matrix": [
        [
          0.904786,
          0.13217,
          -0.404837,
          1.676011
        ],
        [
          0.415976,
          -0.477968,
          0.773635,
          0.747892
        ],
        [
          -0.091248,
          -0.868377,
          -0.487438,
          1.496761
        ],
        [
          0.0,
          0.0,
          0.0,
          1.0
        ]
      ]
    },
    {
      "file_path": "/media/NFS/ttao/scannet/posed_images/scene0479_02/00004.jpg",
      "transform_matrix": [
        [
          0.905618,
          0.132238,
          -0.402951,
          1.678264
        ],
        [
          0.41445,
          -0.477451,
          0.774772,
          0.749079
        ],
        [
          -0.089935,
          -0.86865,
          -0.487194,
          1.49756
        ],
        [
          0.0,
          0.0,
          0.0,
          1.0
        ]
      ]
    },
    {
      "file_path": "/media/NFS/ttao/scannet/posed_images/scene0479_02/00006.jpg",
      "transform_matrix": [
        [
          0.908302,
          0.132132,
          -0.3969,
          1.682043
        ],
        [
          0.40949,
          -0.474732,
          0.779069,
          0.751247
        ],
        [
          -0.085481,
          -0.870156,
          -0.485306,
          1.499524
        ],
        [
          0.0,
          0.0,
          0.0,
          1.0
        ]
      ]
    },
    {
      "file_path": "/media/NFS/ttao/scannet/posed_images/scene0479_02/00008.jpg",
      "transform_matrix": [
        [
          0.913604,
          0.131998,
          -0.384582,
          1.691821
        ],
        [
          0.399353,
          -0.469132,
          0.787675,
          0.7515
        ],
        [
          -0.076448,
          -0.873208,
          -0.481315,
          1.497412
        ],
        [
          0.0,
          0.0,
          0.0,
          1.0
        ]
      ]
    },
    {
      "file_path": "/media/NFS/ttao/scannet/posed_images/scene0479_02/00010.jpg",
      "transform_matrix": [
        [
          0.919706,
          0.129937,
          -0.370482,
          1.695029
        ],
        [
          0.386412,
          -0.466562,
          0.795617,
          0.751155
        ],
        [
          -0.069473,
          -0.874892,
          -0.479309,
          1.496867
        ],
        [
          0.0,
          0.0,
          0.0,
          1.0
        ]
      ]
    },
    {
      "file_path": "/media/NFS/ttao/scannet/posed_images/scene0479_02/00012.jpg",
      "transform_matrix": [
        [
          0.925383,
          0.125809,
          -0.357546,
          1.703209
        ],
        [
          0.373353,
          -0.465267,
          0.80258,
          0.75649
        ],
        [
          -0.065383,
          -0.876184,
          -0.477521,
          1.505917
        ],
        [
          0.0,
          0.0,
          0.0,
          1.0
        ]
      ]
    },
    {
      "file_path": "/media/NFS/ttao/scannet/posed_images/scene0479_02/00015.jpg",
      "transform_matrix": [
        [
          0.93299,
          0.120322,
          -0.339195,
          1.713677
        ],
        [
          0.355364,
          -0.4572,
          0.815282,
          0.761192
        ],
        [
          -0.056984,
          -0.881187,
          -0.469321,
          1.512751
        ],
        [
          0.0,
          0.0,
          0.0,
          1.0
        ]
      ]
    },
    {
      "file_path": "/media/NFS/ttao/scannet/posed_images/scene0479_02/00017.jpg",
      "transform_matrix": [
        [
          0.937502,
          0.119542,
          -0.326804,
          1.71971
        ],
        [
          0.344678,
          -0.448105,
          0.824863,
          0.762004
        ],
        [
          -0.047836,
          -0.885952,
          -0.461302,
          1.513638
        ],
        [
          0.0,
          0.0,
          0.0,
          1.0
        ]
      ]
    },
    {
      "file_path": "/media/NFS/ttao/scannet/posed_images/scene0479_02/00018.jpg",
      "transform_matrix": [
        [
          0.939695,
          0.12062,
          -0.320039,
          1.722337
        ],
        [
          0.339458,
          -0.443147,
          0.829692,
          0.762408
        ],
        [
          -0.041747,
          -0.888297,
          -0.457368,
          1.515094
        ],
        [
          0.0,
          0.0,
          0.0,
          1.0
        ]
      ]
    },
    {
      "file_path": "/media/NFS/ttao/scannet/posed_images/scene0479_02/00021.jpg",
      "transform_matrix": [
        [
          0.946061,
          0.12112,
          -0.300498,
          1.725191
        ],
        [
          0.323038,
          -0.423668,
          0.846258,
          0.758595
        ],
        [
          -0.024813,
          -0.897683,
          -0.439942,
          1.516639
        ],
        [
          0.0,
          0.0,
          0.0,
          1.0
        ]
      ]
    },
    {
      "file_path": "/media/NFS/ttao/scannet/posed_images/scene0479_02/00023.jpg",
      "transform_matrix": [
        [
          0.947974,
          0.1209,
          -0.294496,
          1.732184
        ],
        [
          0.31781,
          -0.41314,
          0.853412,
          0.759425
        ],
        [
          -0.018491,
          -0.902606,
          -0.430069,
          1.520461
        ],
        [
          0.0,
          0.0,
          0.0,
          1.0
        ]
      ]
    },
    {
      "file_path": "/media/NFS/ttao/scannet/posed_images/scene0479_02/00025.jpg",
      "transform_matrix": [
        [
          0.949574,
          0.118034,
          -0.290479,
          1.734563
        ],
        [
          0.313145,
          -0.403747,
          0.85961,
          0.759889
        ],
        [
          -0.015817,
          -0.907224,
          -0.420349,
          1.52627
        ],
        [
          0.0,
          0.0,
          0.0,
          1.0
        ]
      ]
    },
    {
      "file_path": "/media/NFS/ttao/scannet/posed_images/scene0479_02/00027.jpg",
      "transform_matrix": [
        [
          0.951409,
          0.115217,
          -0.285562,
          1.735746
        ],
        [
          0.30765,
          -0.395208,
          0.865542,
          0.76006
        ],
        [
          -0.013131,
          -0.911337,
          -0.41145,
          1.530893
        ],
        [
          0.0,
          0.0,
          0.0,
          1.0
        ]
      ]
    },
    {
      "file_path": "/media/NFS/ttao/scannet/posed_images/scene0479_02/00029.jpg",
      "transform_matrix": [
        [
          0.952123,
          0.113432,
          -0.283893,
          1.735105
        ],
        [
          0.30553,
          -0.385487,
          0.870661,
          0.75973
        ],
        [
          -0.010677,
          -0.915714,
          -0.401688,
          1.536023
        ],
        [
          0.0,
          0.0,
          0.0,
          1.0
        ]
      ]
    },
    {
      "file_path": "/media/NFS/ttao/scannet/posed_images/scene0479_02/00031.jpg",
      "transform_matrix": [
        [
          0.949907,
          0.112339,
          -0.291647,
          1.741709
        ],
        [
          0.312341,
          -0.374064,
          0.873224,
          0.765135
        ],
        [
          -0.010997,
          -0.920574,
          -0.390414,
          1.545581
        ],
        [
          0.0,
          0.0,
          0.0,
          1.0
        ]
      ]
    },
    {
      "file_path": "/media/NFS/ttao/scannet/posed_images/scene0479_02/00032.jpg",
      "transform_matrix": [
        [
          0.949281,
          0.109622,
          -0.294703,
          1.740414
        ],
        [
          0.314208,
          -0.366002,
          0.875966,
          0.765569
        ],
        [
          -0.011837,
          -0.924135,
          -0.381882,
          1.549793
        ],
        [
          0.0,
          0.0,
          0.0,
          1.0
        ]
      ]
    },
    {
      "file_path": "/media/NFS/ttao/scannet/posed_images/scene0479_02/00036.jpg",
      "transform_matrix": [
        [
          0.947034,
          0.097002,
          -0.306133,
          1.73209
        ],
        [
          0.320771,
          -0.331065,
          0.887413,
          0.77167
        ],
        [
          -0.015269,
          -0.938609,
          -0.344645,
          1.563802
        ],
        [
          0.0,
          0.0,
          0.0,
          1.0
        ]
      ]
    },
    {
      "file_path": "/media/NFS/ttao/scannet/posed_images/scene0479_02/00038.jpg",
      "transform_matrix": [
        [
          0.946864,
          0.090272,
          -0.308705,
          1.722913
        ],
        [
          0.32123,
          -0.313468,
          0.893616,
          0.77744
        ],
        [
          -0.0161,
          -0.945298,
          -0.32581,
          1.570563
        ],
        [
          0.0,
          0.0,
          0.0,
          1.0
        ]
      ]
    },
    {
      "file_path": "/media/NFS/ttao/scannet/posed_images/scene0479_02/00039.jpg",
      "transform_matrix": [
        [
          0.946851,
          0.086009,
          -0.30996,
          1.720764
        ],
        [
          0.321197,
          -0.305142,
          0.896505,
          0.782634
        ],
        [
          -0.017474,
          -0.948415,
          -0.31655,
          1.575637
        ],
        [
          0.0,
          0.0,
          0.0,
          1.0
        ]
      ]
    },
    {
      "file_path": "/media/NFS/ttao/scannet/posed_images/scene0479_02/00042.jpg",
      "transform_matrix": [
        [
          0.943457,
          0.075163,
          -0.32286,
          1.713284
        ],
        [
          0.330713,
          -0.280229,
          0.901166,
          0.795756
        ],
        [
          -0.022741,
          -0.956986,
          -0.289241,
          1.588245
        ],
        [
          0.0,
          0.0,
          0.0,
          1.0
        ]
      ]
    },
    {
      "file_path": "/media/NFS/ttao/scannet/posed_images/scene0479_02/00044.jpg",
      "transform_matrix": [
        [
          0.942397,
          0.06482,
          -0.328155,
          1.696376
        ],
        [
          0.333372,
          -0.262351,
          0.905558,
          0.804949
        ],
        [
          -0.027393,
          -0.962793,
          -0.268848,
          1.59925
        ],
        [
          0.0,
          0.0,
          0.0,
          1.0
        ]
      ]
    },
    {
      "file_path": "/media/NFS/ttao/scannet/posed_images/scene0479_02/00046.jpg",
      "transform_matrix": [
        [
          0.941431,
          0.052883,
          -0.333032,
          1.68317
        ],
        [
          0.335611,
          -0.242843,
          0.910161,
          0.814473
        ],
        [
          -0.032743,
          -0.968623,
          -0.246368,
          1.607455
        ],
        [
          0.0,
          0.0,
          0.0,
          1.0
        ]
      ]
    },
    {
      "file_path": "/media/NFS/ttao/scannet/posed_images/scene0479_02/00047.jpg",
      "transform_matrix": [
        [
          0.939759,
          0.046808,
          -0.338618,
          1.678449
        ],
        [
          0.339809,
          -0.235691,
          0.910483,
          0.818379
        ],
        [
          -0.037191,
          -0.9707,
          -0.237398,
          1.610889
        ],
        [
          0.0,
          0.0,
          0.0,
          1.0
        ]
      ]
    },
    {
      "file_path": "/media/NFS/ttao/scannet/posed_images/scene0479_02/00050.jpg",
      "transform_matrix": [
        [
          0.931616,
          0.034913,
          -0.361764,
          1.666458
        ],
        [
          0.360687,
          -0.211207,
          0.908459,
          0.833227
        ],
        [
          -0.04469,
          -0.976817,
          -0.209357,
          1.618627
        ],
        [
          0.0,
          0.0,
          0.0,
          1.0
        ]
      ]
    },
    {
      "file_path": "/media/NFS/ttao/scannet/posed_images/scene0479_02/00052.jpg",
      "transform_matrix": [
        [
          0.927384,
          0.028568,
          -0.373018,
          1.64834
        ],
        [
          0.370644,
          -0.205577,
          0.905738,
          0.839703
        ],
        [
          -0.050809,
          -0.978224,
          -0.201237,
          1.626046
        ],
        [
          0.0,
          0.0,
          0.0,
          1.0
        ]
      ]
    },
    {
      "file_path": "/media/NFS/ttao/scannet/posed_images/scene0479_02/00054.jpg",
      "transform_matrix": [
        [
          0.923723,
          0.027749,
          -0.382054,
          1.633235
        ],
        [
          0.379493,
          -0.202103,
          0.902851,
          0.847958
        ],
        [
          -0.052161,
          -0.978971,
          -0.197218,
          1.630808
        ],
        [
          0.0,
          0.0,
          0.0,
          1.0
        ]
      ]
    },
    {
      "file_path": "/media/NFS/ttao/scannet/posed_images/scene0479_02/00055.jpg",
      "transform_matrix": [
        [
          0.923174,
          0.028145,
          -0.38335,
          1.624895
        ],
        [
          0.381064,
          -0.197768,
          0.903149,
          0.852005
        ],
        [
          -0.050395,
          -0.979845,
          -0.193299,
          1.632541
        ],
        [
          0.0,
          0.0,
          0.0,
          1.0
        ]
      ]
    },
    {
      "file_path": "/media/NFS/ttao/scannet/posed_images/scene0479_02/00058.jpg",
      "transform_matrix": [
        [
          0.918327,
          0.02087,
          -0.395272,
          1.61146
        ],
        [
          0.39244,
          -0.178283,
          0.902333,
          0.86603
        ],
        [
          -0.051638,
          -0.983758,
          -0.171912,
          1.641578
        ],
        [
          0.0,
          0.0,
          0.0,
          1.0
        ]
      ]
    },
    {
      "file_path": "/media/NFS/ttao/scannet/posed_images/scene0479_02/00060.jpg",
      "transform_matrix": [
        [
          0.913031,
          0.01156,
          -0.407726,
          1.616978
        ],
        [
          0.403923,
          -0.164697,
          0.899845,
          0.881084
        ],
        [
          -0.056749,
          -0.986276,
          -0.155043,
          1.635534
        ],
        [
          0.0,
          0.0,
          0.0,
          1.0
        ]
      ]
    },
    {
      "file_path": "/media/NFS/ttao/scannet/posed_images/scene0479_02/00061.jpg",
      "transform_matrix": [
        [
          0.915157,
          0.012012,
          -0.402919,
          1.597809
        ],
        [
          0.398992,
          -0.169306,
          0.901189,
          0.883453
        ],
        [
          -0.057392,
          -0.98549,
          -0.159734,
          1.649867
        ],
        [
          0.0,
          0.0,
          0.0,
          1.0
        ]
      ]
    },
    {
      "file_path": "/media/NFS/ttao/scannet/posed_images/scene0479_02/00064.jpg",
      "transform_matrix": [
        [
          0.907596,
          0.005987,
          -0.419803,
          1.591862
        ],
        [
          0.415434,
          -0.157375,
          0.895906,
          0.899818
        ],
        [
          -0.060703,
          -0.987521,
          -0.14532,
          1.658717
        ],
        [
          0.0,
          0.0,
          0.0,
          1.0
        ]
      ]
    },
    {
      "file_path": "/media/NFS/ttao/scannet/posed_images/scene0479_02/00066.jpg",
      "transform_matrix": [
        [
          0.901957,
          0.004314,
          -0.431805,
          1.589113
        ],
        [
          0.427674,
          -0.147269,
          0.891856,
          0.911603
        ],
        [
          -0.059744,
          -0.989087,
          -0.134676,
          1.667436
        ],
        [
          0.0,
          0.0,
          0.0,
          1.0
        ]
      ]
    },
    {
      "file_path": "/media/NFS/ttao/scannet/posed_images/scene0479_02/00068.jpg",
      "transform_matrix": [
        [
          0.89761,
          0.002129,
          -0.440786,
          1.590894
        ],
        [
          0.43714,
          -0.132746,
          0.889544,
          0.926213
        ],
        [
          -0.056619,
          -0.991148,
          -0.120084,
          1.665735
        ],
        [
          0.0,
          0.0,
          0.0,
          1.0
        ]
      ]
    },
    {
      "file_path": "/media/NFS/ttao/scannet/posed_images/scene0479_02/00069.jpg",
      "transform_matrix": [
        [
          0.895679,
          0.001761,
          -0.444697,
          1.592504
        ],
        [
          0.441141,
          -0.129794,
          0.888002,
          0.934274
        ],
        [
          -0.056155,
          -0.991539,
          -0.117031,
          1.66654
        ],
        [
          0.0,
          0.0,
          0.0,
          1.0
        ]
      ]
    },
    {
      "file_path": "/media/NFS/ttao/scannet/posed_images/scene0479_02/00073.jpg",
      "transform_matrix": [
        [
          0.885227,
          0.006648,
          -0.465112,
          1.611138
        ],
        [
          0.463007,
          -0.108671,
          0.879668,
          0.970238
        ],
        [
          -0.044696,
          -0.994056,
          -0.099276,
          1.656703
        ],
        [
          0.0,
          0.0,
          0.0,
          1.0
        ]
      ]
    },
    {
      "file_path": "/media/NFS/ttao/scannet/posed_images/scene0479_02/00074.jpg",
      "transform_matrix": [
        [
          0.882064,
          0.011792,
          -0.470982,
          1.613618
        ],
        [
          0.46937,
          -0.108319,
          0.876333,
          0.979346
        ],
        [
          -0.040683,
          -0.994046,
          -0.101079,
          1.653611
        ],
        [
          0.0,
          0.0,
          0.0,
          1.0
        ]
      ]
    },
    {
      "file_path": "/media/NFS/ttao/scannet/posed_images/scene0479_02/00076.jpg",
      "transform_matrix": [
        [
          0.875174,
          0.022335,
          -0.483292,
          1.619998
        ],
        [
          0.482547,
          -0.112376,
          0.868631,
          0.997995
        ],
        [
          -0.03491,
          -0.993415,
          -0.109127,
          1.653189
        ],
        [
          0.0,
          0.0,
          0.0,
          1.0
        ]
      ]
    },
    {
      "file_path": "/media/NFS/ttao/scannet/posed_images/scene0479_02/00079.jpg",
      "transform_matrix": [
        [
          0.868133,
          0.042818,
          -0.494482,
          1.62209
        ],
        [
          0.495451,
          -0.134107,
          0.858221,
          1.030006
        ],
        [
          -0.029566,
          -0.990041,
          -0.137636,
          1.644691
        ],
        [
          0.0,
          0.0,
          0.0,
          1.0
        ]
      ]
    },
    {
      "file_path": "/media/NFS/ttao/scannet/posed_images/scene0479_02/00080.jpg",
      "transform_matrix": [
        [
          0.862013,
          0.047978,
          -0.50461,
          1.631195
        ],
        [
          0.505889,
          -0.143815,
          0.850525,
          1.046245
        ],
        [
          -0.031764,
          -0.988441,
          -0.148242,
          1.649767
        ],
        [
          0.0,
          0.0,
          0.0,
          1.0
        ]
      ]
    },
    {
      "file_path": "/media/NFS/ttao/scannet/posed_images/scene0479_02/00082.jpg",
      "transform_matrix": [
        [
          0.854047,
          0.046847,
          -0.518082,
          1.630018
        ],
        [
          0.519047,
          -0.14289,
          0.842717,
          1.064479
        ],
        [
          -0.03455,
          -0.988629,
          -0.146351,
          1.650676
        ],
        [
          0.0,
          0.0,
          0.0,
          1.0
        ]
      ]
    },
    {
      "file_path": "/media/NFS/ttao/scannet/posed_images/scene0479_02/00084.jpg",
      "transform_matrix": [
        [
          0.849315,
          0.051547,
          -0.525364,
          1.626213
        ],
        [
          0.52668,
          -0.150018,
          0.836722,
          1.085813
        ],
        [
          -0.035684,
          -0.987338,
          -0.154562,
          1.646351
        ],
        [
          0.0,
          0.0,
          0.0,
          1.0
        ]
      ]
    },
    {
      "file_path": "/media/NFS/ttao/scannet/posed_images/scene0479_02/00086.jpg",
      "transform_matrix": [
        [
          0.847121,
          0.049148,
          -0.529123,
          1.622794
        ],
        [
          0.529927,
          -0.152252,
          0.834265,
          1.108852
        ],
        [
          -0.039558,
          -0.987119,
          -0.155021,
          1.660609
        ],
        [
          0.0,
          0.0,
          0.0,
          1.0
        ]
      ]
    },
    {
      "file_path": "/media/NFS/ttao/scannet/posed_images/scene0479_02/00089.jpg",
      "transform_matrix": [
        [
          0.835449,
          0.034615,
          -0.548477,
          1.616246
        ],
        [
          0.54734,
          -0.142194,
          0.824743,
          1.135763
        ],
        [
          -0.049441,
          -0.989233,
          -0.137742,
          1.662386
        ],
        [
          0.0,
          0.0,
          0.0,
          1.0
        ]
      ]
    },
    {
      "file_path": "/media/NFS/ttao/scannet/posed_images/scene0479_02/00090.jpg",
      "transform_matrix": [
        [
          0.827405,
          0.030388,
          -0.560782,
          1.622601
        ],
        [
          0.559307,
          -0.134843,
          0.81792,
          1.151726
        ],
        [
          -0.050762,
          -0.990401,
          -0.128566,
          1.660586
        ],
        [
          0.0,
          0.0,
          0.0,
          1.0
        ]
      ]
    },
    {
      "file_path": "/media/NFS/ttao/scannet/posed_images/scene0479_02/00092.jpg",
      "transform_matrix": [
        [
          0.820508,
          0.014892,
          -0.571441,
          1.611048
        ],
        [
          0.567725,
          -0.137944,
          0.811578,
          1.170919
        ],
        [
          -0.066741,
          -0.990328,
          -0.121639,
          1.68481
        ],
        [
          0.0,
          0.0,
          0.0,
          1.0
        ]
      ]
    },
    {
      "file_path": "/media/NFS/ttao/scannet/posed_images/scene0479_02/00094.jpg",
      "transform_matrix": [
        [
          0.808668,
          -0.006304,
          -0.588231,
          1.600211
        ],
        [
          0.582902,
          -0.126135,
          0.802693,
          1.185155
        ],
        [
          -0.079257,
          -0.991993,
          -0.098326,
          1.691992
        ],
        [
          0.0,
          0.0,
          0.0,
          1.0
        ]
      ]
    },
    {
      "file_path": "/media/NFS/ttao/scannet/posed_images/scene0479_02/00096.jpg",
      "transform_matrix": [
        [
          0.792362,
          -0.01553,
          -0.609853,
          1.592441
        ],
        [
          0.603781,
          -0.123,
          0.787604,
          1.199545
        ],
        [
          -0.087243,
          -0.992285,
          -0.088084,
          1.697473
        ],
        [
          0.0,
          0.0,
          0.0,
          1.0
        ]
      ]
    },
    {
      "file_path": "/media/NFS/ttao/scannet/posed_images/scene0479_02/00099.jpg",
      "transform_matrix": [
        [
          0.768872,
          -0.036954,
          -0.638334,
          1.579741
        ],
        [
          0.631841,
          -0.109167,
          0.767372,
          1.214783
        ],
        [
          -0.098043,
          -0.993336,
          -0.060587,
          1.708713
        ],
        [
          0.0,
          0.0,
          0.0,
          1.0
        ]
      ]
    },
    {
      "file_path": "/media/NFS/ttao/scannet/posed_images/scene0479_02/00100.jpg",
      "transform_matrix": [
        [
          0.751002,
          -0.04534,
          -0.658742,
          1.591635
        ],
        [
          0.652369,
          -0.103218,
          0.75084,
          1.231403
        ],
        [
          -0.102037,
          -0.993625,
          -0.047938,
          1.69151
        ],
        [
          0.0,
          0.0,
          0.0,
          1.0
        ]
      ]
    },
    {
      "file_path": "/media/NFS/ttao/scannet/posed_images/scene0479_02/00102.jpg",
      "transform_matrix": [
        [
          0.725911,
          -0.056541,
          -0.68546,
          1.583907
        ],
        [
          0.678162,
          -0.107323,
          0.727034,
          1.242193
        ],
        [
          -0.114673,
          -0.992615,
          -0.039563,
          1.692635
        ],
        [
          0.0,
          0.0,
          0.0,
          1.0
        ]
      ]
    },
    {
      "file_path": "/media/NFS/ttao/scannet/posed_images/scene0479_02/00104.jpg",
      "transform_matrix": [
        [
          0.702903,
          -0.059997,
          -0.708751,
          1.574375
        ],
        [
          0.701003,
          -0.110395,
          0.704563,
          1.25177
        ],
        [
          -0.120514,
          -0.992075,
          -0.035539,
          1.696472
        ],
        [
          0.0,
          0.0,
          0.0,
          1.0
        ]
      ]
    },
    {
      "file_path": "/media/NFS/ttao/scannet/posed_images/scene0479_02/00106.jpg",
      "transform_matrix": [
        [
          0.681186,
          -0.055985,
          -0.729966,
          1.56381
        ],
        [
          0.722663,
          -0.108246,
          0.682672,
          1.261024
        ],
        [
          -0.117236,
          -0.992546,
          -0.033278,
          1.699081
        ],
        [
          0.0,
          0.0,
          0.0,
          1.0
        ]
      ]
    },
    {
      "file_path": "/media/NFS/ttao/scannet/posed_images/scene0479_02/00110.jpg",
      "transform_matrix": [
        [
          0.61501,
          -0.031015,
          -0.787909,
          1.558472
        ],
        [
          0.782125,
          -0.103008,
          0.614549,
          1.289204
        ],
        [
          -0.100221,
          -0.994197,
          -0.039093,
          1.691272
        ],
        [
          0.0,
          0.0,
          0.0,
          1.0
        ]
      ]
    },
    {
      "file_path": "/media/NFS/ttao/scannet/posed_images/scene0479_02/00111.jpg",
      "transform_matrix": [
        [
          0.597454,
          -0.0262,
          -0.801476,
          1.557091
        ],
        [
          0.796072,
          -0.100935,
          0.596725,
          1.296232
        ],
        [
          -0.096531,
          -0.994548,
          -0.039447,
          1.687958
        ],
        [
          0.0,
          0.0,
          0.0,
          1.0
        ]
      ]
    },
    {
      "file_path": "/media/NFS/ttao/scannet/posed_images/scene0479_02/00113.jpg",
      "transform_matrix": [
        [
          0.570231,
          -0.008336,
          -0.821442,
          1.550847
        ],
        [
          0.817437,
          -0.093385,
          0.568398,
          1.307384
        ],
        [
          -0.081448,
          -0.995595,
          -0.046437,
          1.686917
        ],
        [
          0.0,
          0.0,
          0.0,
          1.0
        ]
      ]
    },
    {
      "file_path": "/media/NFS/ttao/scannet/posed_images/scene0479_02/00116.jpg",
      "transform_matrix": [
        [
          0.533581,
          0.015245,
          -0.845612,
          1.545872
        ],
        [
          0.843106,
          -0.088584,
          0.530402,
          1.33192
        ],
        [
          -0.066821,
          -0.995952,
          -0.06012,
          1.684637
        ],
        [
          0.0,
          0.0,
          0.0,
          1.0
        ]
      ]
    },
    {
      "file_path": "/media/NFS/ttao/scannet/posed_images/scene0479_02/00117.jpg",
      "transform_matrix": [
        [
          0.518654,
          0.021132,
          -0.854723,
          1.545524
        ],
        [
          0.85268,
          -0.086137,
          0.515284,
          1.339941
        ],
        [
          -0.062734,
          -0.996059,
          -0.062695,
          1.685804
        ],
        [
          0.0,
          0.0,
          0.0,
          1.0
        ]
      ]
    },
    {
      "file_path": "/media/NFS/ttao/scannet/posed_images/scene0479_02/00120.jpg",
      "transform_matrix": [
        [
          0.460946,
          0.051306,
          -0.885944,
          1.547196
        ],
        [
          0.886497,
          -0.072336,
          0.457045,
          1.370419
        ],
        [
          -0.040636,
          -0.99606,
          -0.078826,
          1.669717
        ],
        [
          0.0,
          0.0,
          0.0,
          1.0
        ]
      ]
    },
    {
      "file_path": "/media/NFS/ttao/scannet/posed_images/scene0479_02/00121.jpg",
      "transform_matrix": [
        [
          0.441315,
          0.062033,
          -0.895206,
          1.547703
        ],
        [
          0.896788,
          -0.065882,
          0.437529,
          1.380949
        ],
        [
          -0.031836,
          -0.995897,
          -0.084705,
          1.666784
        ],
        [
          0.0,
          0.0,
          0.0,
          1.0
        ]
      ]
    },
    {
      "file_path": "/media/NFS/ttao/scannet/posed_images/scene0479_02/00124.jpg",
      "transform_matrix": [
        [
          0.389174,
          0.094548,
          -0.916299,
          1.544507
        ],
        [
          0.921123,
          -0.049398,
          0.386125,
          1.403288
        ],
        [
          -0.008756,
          -0.994294,
          -0.106314,
          1.664547
        ],
        [
          0.0,
          0.0,
          0.0,
          1.0
        ]
      ]
    },
    {
      "file_path": "/media/NFS/ttao/scannet/posed_images/scene0479_02/00126.jpg",
      "transform_matrix": [
        [
          0.353773,
          0.113414,
          -0.92843,
          1.541803
        ],
        [
          0.93533,
          -0.041468,
          0.351336,
          1.415075
        ],
        [
          0.001346,
          -0.992682,
          -0.12075,
          1.661539
        ],
        [
          0.0,
          0.0,
          0.0,
          1.0
        ]
      ]
    },
    {
      "file_path": "/media/NFS/ttao/scannet/posed_images/scene0479_02/00128.jpg",
      "transform_matrix": [
        [
          0.312261,
          0.121071,
          -0.94225,
          1.540344
        ],
        [
          0.949871,
          -0.023691,
          0.311742,
          1.421165
        ],
        [
          0.01542,
          -0.992361,
          -0.1224,
          1.658078
        ],
        [
          0.0,
          0.0,
          0.0,
          1.0
        ]
      ]
    },
    {
      "file_path": "/media/NFS/ttao/scannet/posed_images/scene0479_02/00130.jpg",
      "transform_matrix": [
        [
          0.270034,
          0.136141,
          -0.953178,
          1.539239
        ],
        [
          0.962769,
          -0.025294,
          0.269138,
          1.439225
        ],
        [
          0.012531,
          -0.990367,
          -0.137902,
          1.665179
        ],
        [
          0.0,
          0.0,
          0.0,
          1.0
        ]
      ]
    },
    {
      "file_path": "/media/NFS/ttao/scannet/posed_images/scene0479_02/00132.jpg",
      "transform_matrix": [
        [
          0.232648,
          0.142247,
          -0.962102,
          1.53633
        ],
        [
          0.97243,
          -0.017779,
          0.232517,
          1.431909
        ],
        [
          0.01597,
          -0.989671,
          -0.142462,
          1.660089
        ],
        [
          0.0,
          0.0,
          0.0,
          1.0
        ]
      ]
    },
    {
      "file_path": "/media/NFS/ttao/scannet/posed_images/scene0479_02/00133.jpg",
      "transform_matrix": [
        [
          0.212664,
          0.145833,
          -0.966181,
          1.535518
        ],
        [
          0.977011,
          -0.016582,
          0.212544,
          1.432797
        ],
        [
          0.014974,
          -0.98917,
          -0.146007,
          1.657473
        ],
        [
          0.0,
          0.0,
          0.0,
          1.0
        ]
      ]
    },
    {
      "file_path": "/media/NFS/ttao/scannet/posed_images/scene0479_02/00135.jpg",
      "transform_matrix": [
        [
          0.18018,
          0.163973,
          -0.96987,
          1.53137
        ],
        [
          0.983538,
          -0.01627,
          0.179969,
          1.431208
        ],
        [
          0.013731,
          -0.986331,
          -0.164206,
          1.652181
        ],
        [
          0.0,
          0.0,
          0.0,
          1.0
        ]
      ]
    },
    {
      "file_path": "/media/NFS/ttao/scannet/posed_images/scene0479_02/00138.jpg",
      "transform_matrix": [
        [
          0.142289,
          0.18071,
          -0.973189,
          1.526206
        ],
        [
          0.989777,
          -0.016268,
          0.141693,
          1.426277
        ],
        [
          0.009773,
          -0.983402,
          -0.181178,
          1.645491
        ],
        [
          0.0,
          0.0,
          0.0,
          1.0
        ]
      ]
    },
    {
      "file_path": "/media/NFS/ttao/scannet/posed_images/scene0479_02/00139.jpg",
      "transform_matrix": [
        [
          0.13304,
          0.186272,
          -0.973449,
          1.52396
        ],
        [
          0.99108,
          -0.017306,
          0.132138,
          1.424174
        ],
        [
          0.007767,
          -0.982346,
          -0.186913,
          1.644278
        ],
        [
          0.0,
          0.0,
          0.0,
          1.0
        ]
      ]
    },
    {
      "file_path": "/media/NFS/ttao/scannet/posed_images/scene0479_02/00142.jpg",
      "transform_matrix": [
        [
          0.092646,
          0.202248,
          -0.974942,
          1.520628
        ],
        [
          0.995697,
          -0.020896,
          0.090283,
          1.439075
        ],
        [
          -0.002112,
          -0.979111,
          -0.203314,
          1.645026
        ],
        [
          0.0,
          0.0,
          0.0,
          1.0
        ]
      ]
    },
    {
      "file_path": "/media/NFS/ttao/scannet/posed_images/scene0479_02/00145.jpg",
      "transform_matrix": [
        [
          0.06547,
          0.211761,
          -0.975126,
          1.517306
        ],
        [
          0.997725,
          -0.029624,
          0.060554,
          1.435737
        ],
        [
          -0.016064,
          -0.976872,
          -0.213219,
          1.639135
        ],
        [
          0.0,
          0.0,
          0.0,
          1.0
        ]
      ]
    },
    {
      "file_path": "/media/NFS/ttao/scannet/posed_images/scene0479_02/00147.jpg",
      "transform_matrix": [
        [
          0.049131,
          0.22825,
          -0.972362,
          1.515592
        ],
        [
          0.99859,
          -0.030809,
          0.043224,
          1.43589
        ],
        [
          -0.020091,
          -0.973115,
          -0.229442,
          1.637187
        ],
        [
          0.0,
          0.0,
          0.0,
          1.0
        ]
      ]
    },
    {
      "file_path": "/media/NFS/ttao/scannet/posed_images/scene0479_02/00149.jpg",
      "transform_matrix": [
        [
          0.024753,
          0.236201,
          -0.971389,
          1.514446
        ],
        [
          0.999338,
          -0.031761,
          0.017742,
          1.434075
        ],
        [
          -0.026662,
          -0.971185,
          -0.23683,
          1.634473
        ],
        [
          0.0,
          0.0,
          0.0,
          1.0
        ]
      ]
    },
    {
      "file_path": "/media/NFS/ttao/scannet/posed_images/scene0479_02/00151.jpg",
      "transform_matrix": [
        [
          -0.009518,
          0.247256,
          -0.968904,
          1.513458
        ],
        [
          0.999496,
          -0.026997,
          -0.016708,
          1.441693
        ],
        [
          -0.030289,
          -0.968574,
          -0.246874,
          1.633616
        ],
        [
          0.0,
          0.0,
          0.0,
          1.0
        ]
      ]
    },
    {
      "file_path": "/media/NFS/ttao/scannet/posed_images/scene0479_02/00153.jpg",
      "transform_matrix": [
        [
          -0.042537,
          0.257588,
          -0.965318,
          1.511605
        ],
        [
          0.998572,
          -0.020282,
          -0.049414,
          1.442825
        ],
        [
          -0.032307,
          -0.966042,
          -0.256358,
          1.633321
        ],
        [
          0.0,
          0.0,
          0.0,
          1.0
        ]
      ]
    },
    {
      "file_path": "/media/NFS/ttao/scannet/posed_images/scene0479_02/00154.jpg",
      "transform_matrix": [
        [
          -0.060974,
          0.260156,
          -0.963639,
          1.511159
        ],
        [
          0.997714,
          -0.012308,
          -0.066453,
          1.444435
        ],
        [
          -0.029149,
          -0.965488,
          -0.258811,
          1.631421
        ],
        [
          0.0,
          0.0,
          0.0,
          1.0
        ]
      ]
    },
    {
      "file_path": "/media/NFS/ttao/scannet/posed_images/scene0479_02/00156.jpg",
      "transform_matrix": [
        [
          -0.094065,
          0.266125,
          -0.959338,
          1.509708
        ],
        [
          0.995312,
          0.003365,
          -0.096659,
          1.447208
        ],
        [
          -0.022496,
          -0.963932,
          -0.265194,
          1.628324
        ],
        [
          0.0,
          0.0,
          0.0,
          1.0
        ]
      ]
    },
    {
      "file_path": "/media/NFS/ttao/scannet/posed_images/scene0479_02/00158.jpg",
      "transform_matrix": [
        [
          -0.130673,
          0.269392,
          -0.954124,
          1.508115
        ],
        [
          0.991297,
          0.020037,
          -0.130107,
          1.455086
        ],
        [
          -0.015932,
          -0.962822,
          -0.269666,
          1.624818
        ],
