{
  "frames": [
    {
      "file_path": "/media/NFS/ttao/scannet/posed_images/scene0284_00/00000.jpg",
      "transform_matrix": [
        [
          -0.897237,
          -0.09782,
          0.430577,
          4.582013
        ],
        [
          -0.304395,
          0.843429,
          -0.442687,
          1.011952
        ],
        [
          -0.319857,
          -0.528261,
          -0.786532,
          1.217199
        ],
        [
          0.0,
          0.0,
          0.0,
          1.0
        ]
      ]
    },
    {
      "file_path": "/media/NFS/ttao/scannet/posed_images/scene0284_00/00005.jpg",
      "transform_matrix": [
        [
          -0.960788,
          0.111023,
          0.254086,
          4.593007
        ],
        [
          -0.029798,
          0.869695,
          -0.49269,
          0.991873
        ],
        [
          -0.275677,
          -0.480942,
          -0.832284,
          1.219874
        ],
        [
          0.0,
          0.0,
          0.0,
          1.0
        ]
      ]
    },
    {
      "file_path": "/media/NFS/ttao/scannet/posed_images/scene0284_00/00013.jpg",
      "transform_matrix": [
        [
          -0.930561,
          0.355755,
          0.086577,
          4.52248
        ],
        [
          0.193934,
          0.679481,
          -0.707598,
          1.066144
        ],
        [
          -0.310559,
          -0.641672,
          -0.701292,
          1.309943
        ],
        [
          0.0,
          0.0,
          0.0,
          1.0
        ]
      ]
    },
    {
      "file_path": "/media/NFS/ttao/scannet/posed_images/scene0284_00/00018.jpg",
      "transform_matrix": [
        [
          -0.952604,
          0.283654,
          0.109935,
          4.495882
        ],
        [
          0.083515,
          0.591334,
          -0.80209,
          1.144748
        ],
        [
          -0.292525,
          -0.754893,
          -0.586997,
          1.365467
        ],
        [
          0.0,
          0.0,
          0.0,
          1.0
        ]
      ]
    },
    {
      "file_path": "/media/NFS/ttao/scannet/posed_images/scene0284_00/00022.jpg",
      "transform_matrix": [
        [
          -Infinity,
          -Infinity,
          -Infinity,
          -Infinity
        ],
        [
          -Infinity,
          -Infinity,
          -Infinity,
          -Infinity
        ],
        [
          -Infinity,
          -Infinity,
          -Infinity,
          -Infinity
        ],
        [
          -Infinity,
          -Infinity,
          -Infinity,
          -Infinity
        ]
      ]
    },
    {
      "file_path": "/media/NFS/ttao/scannet/posed_images/scene0284_00/00030.jpg",
      "transform_matrix": [
        [
          -0.457925,
          -0.386419,
          0.800615,
          4.233301
        ],
        [
          -0.886985,
          0.259054,
          -0.382293,
          0.859913
        ],
        [
          -0.059677,
          -0.885195,
          -0.461376,
          1.505991
        ],
        [
          0.0,
          0.0,
          0.0,
          1.0
        ]
      ]
    },
    {
      "file_path": "/media/NFS/ttao/scannet/posed_images/scene0284_00/00035.jpg",
      "transform_matrix": [
        [
          -0.433683,
          -0.33147,
          0.837882,
          4.21428
        ],
        [
          -0.899036,
          0.22155,
          -0.37769,
          0.864362
        ],
        [
          -0.06044,
          -0.917084,
          -0.394086,
          1.529588
        ],
        [
          0.0,
          0.0,
          0.0,
          1.0
        ]
      ]
    },
    {
      "file_path": "/media/NFS/ttao/scannet/posed_images/scene0284_00/00042.jpg",
      "transform_matrix": [
        [
          -0.425603,
          -0.230986,
          0.874933,
          4.190233
        ],
        [
          -0.899858,
          0.210059,
          -0.382271,
          0.847715
        ],
        [
          -0.095488,
          -0.950011,
          -0.297256,
          1.581455
        ],
        [
          0.0,
          0.0,
          0.0,
          1.0
        ]
      ]
    },
    {
      "file_path": "/media/NFS/ttao/scannet/posed_images/scene0284_00/00047.jpg",
      "transform_matrix": [
        [
          -0.429559,
          -0.150007,
          0.890493,
          4.179139
        ],
        [
          -0.896242,
          0.191576,
          -0.400061,
          0.842348
        ],
        [
          -0.110585,
          -0.969947,
          -0.216736,
          1.554067
        ],
        [
          0.0,
          0.0,
          0.0,
          1.0
        ]
      ]
    },
    {
      "file_path": "/media/NFS/ttao/scannet/posed_images/scene0284_00/00052.jpg",
      "transform_matrix": [
        [
          -0.424858,
          -0.059239,
          0.90332,
          4.162502
        ],
        [
          -0.902925,
          0.09935,
          -0.418157,
          0.840546
        ],
        [
          -0.064973,
          -0.993288,
          -0.095698,
          1.610669
        ],
        [
          0.0,
          0.0,
          0.0,
          1.0
        ]
      ]
    },
    {
      "file_path": "/media/NFS/ttao/scannet/posed_images/scene0284_00/00058.jpg",
      "transform_matrix": [
        [
          -0.437985,
          0.012229,
          0.898899,
          4.146874
        ],
        [
          -0.898252,
          0.034343,
          -0.438137,
          0.855983
        ],
        [
          -0.036229,
          -0.999335,
          -0.004057,
          1.667811
        ],
        [
          0.0,
          0.0,
          0.0,
          1.0
        ]
      ]
    },
    {
      "file_path": "/media/NFS/ttao/scannet/posed_images/scene0284_00/00060.jpg",
      "transform_matrix": [
        [
          -0.437513,
          -0.018398,
          0.899024,
          4.146369
        ],
        [
          -0.899176,
          -3.5e-05,
          -0.437588,
          0.858294
        ],
        [
          0.008082,
          -0.999831,
          -0.016528,
          1.712926
        ],
        [
          0.0,
          0.0,
          0.0,
          1.0
        ]
      ]
    },
    {
      "file_path": "/media/NFS/ttao/scannet/posed_images/scene0284_00/00070.jpg",
      "transform_matrix": [
        [
          -0.420563,
          0.03262,
          0.906677,
          4.123446
        ],
        [
          -0.906436,
          -0.057769,
          -0.418373,
          0.867913
        ],
        [
          0.03873,
          -0.997797,
          0.053864,
          1.799421
        ],
        [
          0.0,
          0.0,
          0.0,
          1.0
        ]
      ]
    },
    {
      "file_path": "/media/NFS/ttao/scannet/posed_images/scene0284_00/00073.jpg",
      "transform_matrix": [
        [
          -0.448273,
          0.063492,
          0.891639,
          4.119439
        ],
        [
          -0.892309,
          -0.091214,
          -0.442115,
          0.873546
        ],
        [
          0.053259,
          -0.993805,
          0.097544,
          1.825255
        ],
        [
          0.0,
          0.0,
          0.0,
          1.0
        ]
      ]
    },
    {
      "file_path": "/media/NFS/ttao/scannet/posed_images/scene0284_00/00077.jpg",
      "transform_matrix": [
        [
          -0.479377,
          0.121984,
          0.86909,
          4.110844
        ],
        [
          -0.87454,
          -0.149143,
          -0.46145,
          0.885188
        ],
        [
          0.073329,
          -0.981263,
          0.178175,
          1.850495
        ],
        [
          0.0,
          0.0,
          0.0,
          1.0
        ]
      ]
    },
    {
      "file_path": "/media/NFS/ttao/scannet/posed_images/scene0284_00/00083.jpg",
      "transform_matrix": [
        [
          -0.486525,
          0.161976,
          0.85852,
          4.088898
        ],
        [
          -0.867851,
          -0.202794,
          -0.453552,
          0.899369
        ],
        [
          0.100638,
          -0.965732,
          0.239235,
          1.903942
        ],
        [
          0.0,
          0.0,
          0.0,
          1.0
        ]
      ]
    },
    {
      "file_path": "/media/NFS/ttao/scannet/posed_images/scene0284_00/00088.jpg",
      "transform_matrix": [
        [
          -0.506284,
          0.214542,
          0.835254,
          4.077077
        ],
        [
          -0.856639,
          -0.236568,
          -0.458482,
          0.909599
        ],
        [
          0.099231,
          -0.947633,
          0.303555,
          1.921847
        ],
        [
          0.0,
          0.0,
          0.0,
          1.0
        ]
      ]
    },
    {
      "file_path": "/media/NFS/ttao/scannet/posed_images/scene0284_00/00097.jpg",
      "transform_matrix": [
        [
          -0.554626,
          0.256091,
          0.791712,
          4.064035
        ],
        [
          -0.827768,
          -0.266765,
          -0.493595,
          0.922369
        ],
        [
          0.084795,
          -0.929114,
          0.359939,
          1.958469
        ],
        [
          0.0,
          0.0,
          0.0,
          1.0
        ]
      ]
    },
    {
      "file_path": "/media/NFS/ttao/scannet/posed_images/scene0284_00/00100.jpg",
      "transform_matrix": [
        [
          -0.557815,
          0.271005,
          0.784473,
          4.058089
        ],
        [
          -0.826497,
          -0.267696,
          -0.495219,
          0.919772
        ],
        [
          0.075794,
          -0.924605,
          0.37331,
          1.958664
        ],
        [
          0.0,
          0.0,
          0.0,
          1.0
        ]
      ]
    },
    {
      "file_path": "/media/NFS/ttao/scannet/posed_images/scene0284_00/00105.jpg",
      "transform_matrix": [
        [
          -0.568621,
          0.278131,
          0.774154,
          4.051488
        ],
        [
          -0.819575,
          -0.272188,
          -0.504194,
          0.91317
        ],
        [
          0.070483,
          -0.921172,
          0.382721,
          1.967668
        ],
        [
          0.0,
          0.0,
          0.0,
          1.0
        ]
      ]
    },
    {
      "file_path": "/media/NFS/ttao/scannet/posed_images/scene0284_00/00110.jpg",
      "transform_matrix": [
        [
          -0.597301,
          0.282217,
          0.750723,
          4.042924
        ],
        [
          -0.798925,
          -0.291493,
          -0.526072,
          0.90634
        ],
        [
          0.070364,
          -0.913994,
          0.399579,
          1.975098
        ],
        [
          0.0,
          0.0,
          0.0,
          1.0
        ]
      ]
    },
    {
      "file_path": "/media/NFS/ttao/scannet/posed_images/scene0284_00/00120.jpg",
      "transform_matrix": [
        [
          -0.652689,
          0.289886,
          0.699974,
          4.029338
        ],
        [
          -0.754575,
          -0.331565,
          -0.566287,
          0.894481
        ],
        [
          0.067927,
          -0.897792,
          0.435149,
          1.986429
        ],
        [
          0.0,
          0.0,
          0.0,
          1.0
        ]
      ]
    },
    {
      "file_path": "/media/NFS/ttao/scannet/posed_images/scene0284_00/00122.jpg",
      "transform_matrix": [
        [
          -0.661014,
          0.293108,
          0.690759,
          4.026502
        ],
        [
          -0.747416,
          -0.338831,
          -0.571456,
          0.891826
        ],
        [
          0.066552,
          -0.894025,
          0.443046,
          1.988622
        ],
        [
          0.0,
          0.0,
          0.0,
          1.0
        ]
      ]
    },
    {
      "file_path": "/media/NFS/ttao/scannet/posed_images/scene0284_00/00130.jpg",
      "transform_matrix": [
        [
          -0.676243,
          0.307307,
          0.669521,
          4.019154
        ],
        [
          -0.735136,
          -0.340298,
          -0.586321,
          0.883685
        ],
        [
          0.047656,
          -0.888685,
          0.456036,
          1.994525
        ],
        [
          0.0,
          0.0,
          0.0,
          1.0
        ]
      ]
    },
    {
      "file_path": "/media/NFS/ttao/scannet/posed_images/scene0284_00/00132.jpg",
      "transform_matrix": [
        [
          -0.672921,
          0.310953,
          0.671182,
          4.019125
        ],
        [
          -0.738306,
          -0.338304,
          -0.583485,
          0.883424
        ],
        [
          0.045627,
          -0.888177,
          0.457231,
          1.993963
        ],
        [
          0.0,
          0.0,
          0.0,
          1.0
        ]
      ]
    },
    {
      "file_path": "/media/NFS/ttao/scannet/posed_images/scene0284_00/00138.jpg",
      "transform_matrix": [
        [
          -0.633988,
          0.3454,
          0.691924,
          4.013991
        ],
        [
          -0.772544,
          -0.323539,
          -0.546351,
          0.89809
        ],
        [
          0.035155,
          -0.880921,
          0.471956,
          2.00121
        ],
        [
          0.0,
          0.0,
          0.0,
          1.0
        ]
      ]
    },
    {
      "file_path": "/media/NFS/ttao/scannet/posed_images/scene0284_00/00145.jpg",
      "transform_matrix": [
        [
          -0.547173,
          0.41878,
          0.724724,
          4.012578
        ],
        [
          -0.836769,
          -0.29488,
          -0.461372,
          0.925364
        ],
        [
          0.020494,
          -0.858877,
          0.511773,
          2.010199
        ],
        [
          0.0,
          0.0,
          0.0,
          1.0
        ]
      ]
    },
    {
      "file_path": "/media/NFS/ttao/scannet/posed_images/scene0284_00/00152.jpg",
      "transform_matrix": [
        [
          -0.450018,
          0.492689,
          0.744809,
          4.011001
        ],
        [
          -0.892639,
          -0.272524,
          -0.359063,
          0.956582
        ],
        [
          0.026072,
          -0.826431,
          0.562435,
          2.01058
        ],
        [
          0.0,
          0.0,
          0.0,
          1.0
        ]
      ]
    },
    {
      "file_path": "/media/NFS/ttao/scannet/posed_images/scene0284_00/00157.jpg",
      "transform_matrix": [
        [
          -0.345023,
          0.564103,
          0.750165,
          4.021924
        ],
        [
          -0.938252,
          -0.228867,
          -0.259429,
          0.98258
        ],
        [
          0.025343,
          -0.793352,
          0.608235,
          2.017888
        ],
        [
          0.0,
          0.0,
          0.0,
          1.0
        ]
      ]
    },
    {
      "file_path": "/media/NFS/ttao/scannet/posed_images/scene0284_00/00163.jpg",
      "transform_matrix": [
        [
          -0.203288,
          0.61732,
          0.759993,
          4.041994
        ],
        [
          -0.978419,
          -0.157417,
          -0.133849,
          1.001677
        ],
        [
          0.037008,
          -0.770802,
          0.635999,
          2.024703
        ],
        [
          0.0,
          0.0,
          0.0,
          1.0
        ]
      ]
    },
    {
      "file_path": "/media/NFS/ttao/scannet/posed_images/scene0284_00/00165.jpg",
      "transform_matrix": [
        [
          -0.155337,
          0.624991,
          0.765021,
          4.052107
        ],
        [
          -0.986937,
          -0.131678,
          -0.092822,
          1.010035
        ],
        [
          0.042724,
          -0.769446,
          0.637281,
          2.025939
        ],
        [
          0.0,
          0.0,
          0.0,
          1.0
        ]
      ]
    },
    {
      "file_path": "/media/NFS/ttao/scannet/posed_images/scene0284_00/00171.jpg",
      "transform_matrix": [
        [
          -0.029979,
          0.641102,
          0.76687,
          4.079157
        ],
        [
          -0.998028,
          -0.061531,
          0.012424,
          1.038097
        ],
        [
          0.055151,
          -0.764985,
          0.641683,
          2.026664
        ],
        [
          0.0,
          0.0,
          0.0,
          1.0
        ]
      ]
    },
    {
      "file_path": "/media/NFS/ttao/scannet/posed_images/scene0284_00/00180.jpg",
      "transform_matrix": [
        [
          0.315197,
          0.618988,
          0.719378,
          4.083893
        ],
        [
          -0.943076,
          0.119537,
          0.310354,
          1.0168
        ],
        [
          0.106113,
          -0.77625,
          0.62143,
          1.99356
        ],
        [
          0.0,
          0.0,
          0.0,
          1.0
        ]
      ]
    },
    {
      "file_path": "/media/NFS/ttao/scannet/posed_images/scene0284_00/00185.jpg",
      "transform_matrix": [
        [
          0.498841,
          0.568898,
          0.653845,
          4.062932
        ],
        [
          -0.854899,
          0.198945,
          0.479134,
          1.010574
        ],
        [
          0.142499,
          -0.797983,
          0.585592,
          1.979361
        ],
        [
          0.0,
          0.0,
          0.0,
          1.0
        ]
      ]
    },
    {
      "file_path": "/media/NFS/ttao/scannet/posed_images/scene0284_00/00191.jpg",
      "transform_matrix": [
        [
          0.674657,
          0.489216,
          0.552725,
          4.07981
        ],
        [
          -0.716923,
          0.256091,
          0.648412,
          1.018019
        ],
        [
          0.175665,
          -0.833718,
          0.523504,
          1.931877
        ],
        [
          0.0,
          0.0,
          0.0,
          1.0
        ]
      ]
    },
    {
      "file_path": "/media/NFS/ttao/scannet/posed_images/scene0284_00/00196.jpg",
      "transform_matrix": [
        [
          0.777888,
          0.396472,
          0.487545,
          4.079195
        ],
        [
          -0.606478,
          0.27051,
          0.747669,
          1.029266
        ],
        [
          0.164544,
          -0.877288,
          0.450878,
          1.910318
        ],
        [
          0.0,
          0.0,
          0.0,
          1.0
        ]
      ]
    },
    {
      "file_path": "/media/NFS/ttao/scannet/posed_images/scene0284_00/00200.jpg",
      "transform_matrix": [
        [
          0.835135,
          0.316306,
          0.45,
          4.098653
        ],
        [
          -0.533119,
          0.264077,
          0.803771,
          1.052418
        ],
        [
          0.135403,
          -0.911161,
          0.389169,
          1.86992
        ],
        [
          0.0,
          0.0,
          0.0,
          1.0
        ]
      ]
    },
    {
      "file_path": "/media/NFS/ttao/scannet/posed_images/scene0284_00/00205.jpg",
      "transform_matrix": [
        [
          0.874562,
          0.205589,
          0.439175,
          4.115107
        ],
        [
          -0.476485,
          0.196213,
          0.857008,
          1.085969
        ],
        [
          0.09002,
          -0.958767,
          0.26956,
          1.831359
        ],
        [
          0.0,
          0.0,
          0.0,
          1.0
        ]
      ]
    },
    {
      "file_path": "/media/NFS/ttao/scannet/posed_images/scene0284_00/00211.jpg",
      "transform_matrix": [
        [
          0.906066,
          0.093728,
          0.412624,
          4.135426
        ],
        [
          -0.42132,
          0.109613,
          0.900264,
          1.126633
        ],
        [
          0.039151,
          -0.989545,
          0.138806,
          1.751911
        ],
        [
          0.0,
          0.0,
          0.0,
          1.0
        ]
      ]
    },
    {
      "file_path": "/media/NFS/ttao/scannet/posed_images/scene0284_00/00220.jpg",
      "transform_matrix": [
        [
          0.908129,
          0.033941,
          0.417312,
          4.148797
        ],
        [
          -0.417185,
          -0.011087,
          0.908754,
          1.165149
        ],
        [
          0.035471,
          -0.999362,
          0.004091,
          1.690913
        ],
        [
          0.0,
          0.0,
          0.0,
          1.0
        ]
      ]
    },
    {
      "file_path": "/media/NFS/ttao/scannet/posed_images/scene0284_00/00221.jpg",
      "transform_matrix": [
        [
          0.907761,
          0.029522,
          0.418446,
          4.149796
        ],
        [
          -0.418003,
          -0.020156,
          0.908222,
          1.167113
        ],
        [
          0.035247,
          -0.999361,
          -0.005956,
          1.682766
        ],
        [
          0.0,
          0.0,
          0.0,
          1.0
        ]
      ]
    },
    {
      "file_path": "/media/NFS/ttao/scannet/posed_images/scene0284_00/00228.jpg",
      "transform_matrix": [
        [
          0.907353,
          -0.017508,
          0.420004,
          4.152961
        ],
        [
          -0.419482,
          -0.102568,
          0.90195,
          1.185788
        ],
        [
          0.027287,
          -0.994572,
          -0.10041,
          1.609355
        ],
        [
          0.0,
          0.0,
          0.0,
          1.0
        ]
      ]
    },
    {
      "file_path": "/media/NFS/ttao/scannet/posed_images/scene0284_00/00233.jpg",
      "transform_matrix": [
        [
          0.909962,
          -0.08097,
          0.40671,
          4.159107
        ],
        [
          -0.413939,
          -0.236429,
          0.879065,
          1.208739
        ],
        [
          0.024981,
          -0.968269,
          -0.248658,
          1.547282
        ],
        [
          0.0,
          0.0,
          0.0,
          1.0
        ]
      ]
    },
    {
      "file_path": "/media/NFS/ttao/scannet/posed_images/scene0284_00/00241.jpg",
      "transform_matrix": [
        [
          0.902413,
          -0.188785,
          0.387312,
          4.160226
        ],
        [
          -0.430385,
          -0.437628,
          0.789462,
          1.253986
        ],
        [
          0.02046,
          -0.879115,
          -0.476171,
          1.436296
        ],
        [
          0.0,
          0.0,
          0.0,
          1.0
        ]
      ]
    },
    {
      "file_path": "/media/NFS/ttao/scannet/posed_images/scene0284_00/00243.jpg",
      "transform_matrix": [
        [
          0.904191,
          -0.205163,
          0.374629,
          4.16188
        ],
        [
          -0.426786,
          -0.469054,
          0.773202,
          1.257571
        ],
        [
          0.017089,
          -0.859009,
          -0.511676,
          1.412798
        ],
        [
          0.0,
          0.0,
          0.0,
          1.0
        ]
      ]
    },
    {
      "file_path": "/media/NFS/ttao/scannet/posed_images/scene0284_00/00248.jpg",
      "transform_matrix": [
        [
          0.902642,
          -0.267882,
          0.336861,
          4.165768
        ],
        [
          -0.430289,
          -0.544654,
          0.719863,
          1.267085
        ],
        [
          -0.009366,
          -0.794727,
          -0.606895,
          1.355124
        ],
        [
          0.0,
          0.0,
          0.0,
          1.0
        ]
      ]
    },
    {
      "file_path": "/media/NFS/ttao/scannet/posed_images/scene0284_00/00258.jpg",
      "transform_matrix": [
        [
          0.868047,
          -0.368545,
          0.332668,
          4.187261
        ],
        [
          -0.495532,
          -0.601717,
          0.626406,
          1.26778
        ],
        [
          -0.030687,
          -0.708598,
          -0.704945,
          1.281262
        ],
        [
          0.0,
          0.0,
          0.0,
          1.0
        ]
      ]
    },
    {
      "file_path": "/media/NFS/ttao/scannet/posed_images/scene0284_00/00261.jpg",
      "transform_matrix": [
        [
          0.828243,
          -0.429884,
          0.359461,
          4.208995
        ],
        [
          -0.558019,
          -0.574043,
          0.599241,
          1.262207
        ],
        [
          -0.051258,
          -0.696904,
          -0.71533,
          1.265557
        ],
        [
          0.0,
          0.0,
          0.0,
          1.0
        ]
      ]
    },
    {
      "file_path": "/media/NFS/ttao/scannet/posed_images/scene0284_00/00265.jpg",
      "transform_matrix": [
        [
          0.741386,
          -0.533321,
          0.407328,
          4.24813
        ],
        [
          -0.66692,
          -0.518078,
          0.535549,
          1.248968
        ],
        [
          -0.074592,
          -0.668704,
          -0.739778,
          1.241217
        ],
        [
          0.0,
          0.0,
          0.0,
          1.0
        ]
      ]
    },
    {
      "file_path": "/media/NFS/ttao/scannet/posed_images/scene0284_00/00271.jpg",
      "transform_matrix": [
        [
          0.514653,
          -0.71452,
          0.473914,
          4.315366
        ],
        [
          -0.853327,
          -0.373049,
          0.364236,
          1.216866
        ],
        [
          -0.083461,
          -0.591858,
          -0.80171,
          1.200033
        ],
        [
          0.0,
          0.0,
          0.0,
          1.0
        ]
      ]
    },
    {
      "file_path": "/media/NFS/ttao/scannet/posed_images/scene0284_00/00276.jpg",
      "transform_matrix": [
        [
          0.239497,
          -0.835403,
          0.494715,
          4.381874
        ],
        [
          -0.969262,
          -0.176162,
          0.171753,
          1.176195
        ],
        [
          -0.056333,
          -0.520642,
          -0.851915,
          1.169856
        ],
        [
          0.0,
          0.0,
          0.0,
          1.0
        ]
      ]
    },
    {
      "file_path": "/media/NFS/ttao/scannet/posed_images/scene0284_00/00286.jpg",
      "transform_matrix": [
        [
          -0.125702,
          -0.838511,
          0.530187,
          4.419373
        ],
        [
          -0.990367,
          0.137348,
          -0.017585,
          1.064473
        ],
        [
          -0.058075,
          -0.527291,
          -0.847698,
          1.19312
        ],
        [
          0.0,
          0.0,
          0.0,
          1.0
        ]
      ]
    },
    {
      "file_path": "/media/NFS/ttao/scannet/posed_images/scene0284_00/00291.jpg",
      "transform_matrix": [
        [
          -0.219767,
          -0.810372,
          0.543138,
          4.400852
        ],
        [
          -0.97432,
          0.210298,
          -0.080464,
          1.008662
        ],
        [
          -0.049016,
          -0.546874,
          -0.835779,
          1.208979
        ],
        [
          0.0,
          0.0,
          0.0,
          1.0
        ]
      ]
    },
    {
      "file_path": "/media/NFS/ttao/scannet/posed_images/scene0284_00/00293.jpg",
      "transform_matrix": [
        [
          -0.251919,
          -0.795467,
          0.551152,
          4.389241
        ],
        [
          -0.96612,
          0.23975,
          -0.095564,
          0.985755
        ],
        [
          -0.056121,
          -0.556554,
          -0.828914,
          1.215685
        ],
        [
          0.0,
          0.0,
          0.0,
          1.0
        ]
      ]
    },
    {
      "file_path": "/media/NFS/ttao/scannet/posed_images/scene0284_00/00300.jpg",
      "transform_matrix": [
        [
          -0.328456,
          -0.739249,
          0.587901,
          4.352282
        ],
        [
          -0.942644,
          0.295769,
          -0.154737,
          0.927133
        ],
        [
          -0.059493,
          -0.605006,
          -0.793995,
          1.242876
        ],
        [
          0.0,
          0.0,
          0.0,
          1.0
        ]
      ]
    },
    {
      "file_path": "/media/NFS/ttao/scannet/posed_images/scene0284_00/00306.jpg",
      "transform_matrix": [
        [
          -0.378694,
          -0.686174,
          0.621093,
          4.318364
        ],
        [
          -0.92324,
          0.327164,
          -0.201473,
          0.884066
        ],
        [
          -0.064954,
          -0.649715,
          -0.757398,
          1.266587
        ],
        [
          0.0,
          0.0,
          0.0,
          1.0
        ]
      ]
    },
    {
      "file_path": "/media/NFS/ttao/scannet/posed_images/scene0284_00/00310.jpg",
      "transform_matrix": [
        [
          -0.389146,
          -0.65245,
          0.650288,
          4.297448
        ],
        [
          -0.919999,
          0.310946,
          -0.238568,
          0.872665
        ],
        [
          -0.046551,
          -0.691102,
          -0.721257,
          1.285398
        ],
        [
          0.0,
          0.0,
          0.0,
          1.0
        ]
      ]
    },
    {
      "file_path": "/media/NFS/ttao/scannet/posed_images/scene0284_00/00320.jpg",
      "transform_matrix": [
        [
          -0.364284,
          -0.525144,
          0.769104,
          4.263349
        ],
        [
          -0.92955,
          0.255467,
          -0.265846,
          0.837143
        ],
        [
          -0.056873,
          -0.811764,
          -0.58121,
          1.374324
        ],
        [
          0.0,
          0.0,
          0.0,
          1.0
        ]
      ]
    },
    {
      "file_path": "/media/NFS/ttao/scannet/posed_images/scene0284_00/00325.jpg",
      "transform_matrix": [
        [
          -0.352086,
          -0.460153,
          0.815043,
          4.25236
        ],
        [
          -0.933823,
          0.231625,
          -0.272627,
          0.834279
        ],
        [
          -0.063335,
          -0.857093,
          -0.511253,
          1.419359
        ],
        [
          0.0,
          0.0,
          0.0,
          1.0
        ]
      ]
    },
    {
      "file_path": "/media/NFS/ttao/scannet/posed_images/scene0284_00/00330.jpg",
      "transform_matrix": [
        [
          -0.330058,
          -0.395483,
          0.85712,
          4.239525
        ],
        [
          -0.940549,
          0.214909,
          -0.263024,
          0.826726
        ],
        [
          -0.080182,
          -0.892977,
          -0.442904,
          1.466051
        ],
        [
          0.0,
          0.0,
          0.0,
          1.0
        ]
      ]
    },
    {
      "file_path": "/media/NFS/ttao/scannet/posed_images/scene0284_00/00331.jpg",
      "transform_matrix": [
        [
          -0.328601,
          -0.382086,
          0.863731,
          4.237087
        ],
        [
          -0.940987,
          0.2109,
          -0.264698,
          0.826764
        ],
        [
          -0.081024,
          -0.89974,
          -0.42884,
          1.474669
        ],
        [
          0.0,
          0.0,
          0.0,
          1.0
        ]
      ]
    },
    {
      "file_path": "/media/NFS/ttao/scannet/posed_images/scene0284_00/00340.jpg",
      "transform_matrix": [
        [
          -0.350392,
          -0.240209,
          0.905276,
          4.218305
        ],
        [
          -0.928601,
          0.215175,
          -0.302325,
          0.804301
        ],
        [
          -0.122171,
          -0.946572,
          -0.298454,
          1.537677
        ],
        [
          0.0,
          0.0,
          0.0,
          1.0
        ]
      ]
    },
    {
      "file_path": "/media/NFS/ttao/scannet/posed_images/scene0284_00/00343.jpg",
      "transform_matrix": [
        [
          -Infinity,
          -Infinity,
          -Infinity,
          -Infinity
        ],
        [
          -Infinity,
          -Infinity,
          -Infinity,
          -Infinity
        ],
        [
          -Infinity,
          -Infinity,
          -Infinity,
          -Infinity
        ],
        [
          -Infinity,
          -Infinity,
          -Infinity,
          -Infinity
        ]
      ]
    },
    {
      "file_path": "/media/NFS/ttao/scannet/posed_images/scene0284_00/00348.jpg",
      "transform_matrix": [
        [
          -Infinity,
          -Infinity,
          -Infinity,
          -Infinity
        ],
        [
          -Infinity,
          -Infinity,
          -Infinity,
          -Infinity
        ],
        [
          -Infinity,
          -Infinity,
          -Infinity,
          -Infinity
        ],
        [
          -Infinity,
          -Infinity,
          -Infinity,
          -Infinity
        ]
      ]
    },
    {
      "file_path": "/media/NFS/ttao/scannet/posed_images/scene0284_00/00356.jpg",
      "transform_matrix": [
        [
          -0.604513,
          -0.000561,
          0.796595,
          4.227078
        ],
        [
          -0.794902,
          0.065586,
          -0.603183,
          0.785976
        ],
        [
          -0.051907,
          -0.997847,
          -0.040094,
          1.630625
        ],
        [
          0.0,
          0.0,
          0.0,
          1.0
        ]
      ]
    },
    {
      "file_path": "/media/NFS/ttao/scannet/posed_images/scene0284_00/00360.jpg",
      "transform_matrix": [
        [
          -0.656429,
          -0.017952,
          0.754174,
          4.226483
        ],
        [
          -0.754092,
          -0.012378,
          -0.656653,
          0.767678
        ],
        [
          0.021123,
          -0.999762,
          -0.005412,
          1.712288
        ],
        [
          0.0,
          0.0,
          0.0,
          1.0
        ]
      ]
    },
    {
      "file_path": "/media/NFS/ttao/scannet/posed_images/scene0284_00/00365.jpg",
      "transform_matrix": [
        [
          -0.763463,
          -0.008643,
          0.645793,
          4.233338
        ],
        [
          -0.642576,
          -0.090405,
          -0.76087,
          0.753429
        ],
        [
          0.064959,
          -0.995868,
          0.063467,
          1.70197
        ],
        [
          0.0,
          0.0,
          0.0,
          1.0
        ]
      ]
    },
    {
      "file_path": "/media/NFS/ttao/scannet/posed_images/scene0284_00/00375.jpg",
      "transform_matrix": [
        [
          -0.905327,
          -0.031045,
          0.423578,
          4.208901
        ],
        [
          -0.400956,
          -0.266417,
          -0.876502,
          0.723831
        ],
        [
          0.140059,
          -0.963358,
          0.228747,
          1.825892
        ],
        [
          0.0,
          0.0,
          0.0,
          1.0
        ]
      ]
    },
    {
      "file_path": "/media/NFS/ttao/scannet/posed_images/scene0284_00/00380.jpg",
      "transform_matrix": [
        [
          -0.934907,
          -0.053044,
          0.350905,
          4.189955
        ],
        [
          -0.31399,
          -0.337199,
          -0.887529,
          0.728111
        ],
        [
          0.165403,
          -0.939938,
          0.298595,
          1.870725
        ],
        [
          0.0,
          0.0,
          0.0,
          1.0
        ]
      ]
    },
    {
      "file_path": "/media/NFS/ttao/scannet/posed_images/scene0284_00/00381.jpg",
      "transform_matrix": [
        [
          -0.939866,
          -0.055284,
          0.337038,
          4.187742
        ],
        [
          -0.297401,
          -0.352755,
          -0.887196,
          0.729469
        ],
        [
          0.16794,
          -0.934081,
          0.315101,
          1.874874
        ],
        [
          0.0,
          0.0,
          0.0,
          1.0
        ]
      ]
    },
    {
      "file_path": "/media/NFS/ttao/scannet/posed_images/scene0284_00/00391.jpg",
      "transform_matrix": [
        [
          -0.968158,
          -0.088277,
          0.234258,
          4.171836
        ],
        [
          -0.16751,
          -0.466959,
          -0.868268,
          0.751759
        ],
        [
          0.186037,
          -0.879862,
          0.437303,
          1.920867
        ],
        [
          0.0,
          0.0,
          0.0,
          1.0
        ]
      ]
    },
    {
      "file_path": "/media/NFS/ttao/scannet/posed_images/scene0284_00/00396.jpg",
      "transform_matrix": [
        [
          -0.969306,
          -0.078212,
          0.233084,
          4.166918
        ],
        [
          -0.163066,
          -0.504993,
          -0.84758,
          0.773556
        ],
        [
          0.183997,
          -0.859572,
          0.476739,
          1.936654
        ],
        [
          0.0,
          0.0,
          0.0,
          1.0
        ]
      ]
    },
    {
      "file_path": "/media/NFS/ttao/scannet/posed_images/scene0284_00/00400.jpg",
      "transform_matrix": [
        [
          -0.969613,
          -0.079558,
          0.231345,
          4.16145
        ],
        [
          -0.153018,
          -0.540607,
          -0.827242,
          0.788874
        ],
        [
          0.19088,
          -0.837505,
          0.512006,
          1.931166
        ],
        [
          0.0,
          0.0,
          0.0,
          1.0
        ]
      ]
    },
    {
      "file_path": "/media/NFS/ttao/scannet/posed_images/scene0284_00/00408.jpg",
      "transform_matrix": [
        [
          -0.978924,
          -0.081709,
          0.187165,
          4.153806
        ],
        [
          -0.105599,
          -0.581927,
          -0.806356,
          0.803639
        ],
        [
          0.174803,
          -0.809126,
          0.561034,
          1.942546
        ],
        [
          0.0,
          0.0,
          0.0,
          1.0
        ]
      ]
    },
    {
      "file_path": "/media/NFS/ttao/scannet/posed_images/scene0284_00/00413.jpg",
      "transform_matrix": [
        [
          -0.983347,
          -0.1021,
          0.150347,
          4.140708
        ],
        [
          -0.070714,
          -0.547128,
          -0.834057,
          0.780578
        ],
        [
          0.167416,
          -0.830799,
          0.530797,
          1.929043
        ],
        [
          0.0,
          0.0,
          0.0,
          1.0
        ]
      ]
    },
    {
      "file_path": "/media/NFS/ttao/scannet/posed_images/scene0284_00/00415.jpg",
      "transform_matrix": [
        [
          -0.983872,
          -0.119376,
          0.133209,
          4.132189
        ],
        [
          -0.054073,
          -0.511376,
          -0.857654,
          0.769335
        ],
        [
          0.170503,
          -0.851026,
          0.496673,
          1.92335
        ],
        [
          0.0,
          0.0,
          0.0,
          1.0
        ]
      ]
    },
    {
      "file_path": "/media/NFS/ttao/scannet/posed_images/scene0284_00/00425.jpg",
      "transform_matrix": [
        [
          -Infinity,
          -Infinity,
          -Infinity,
          -Infinity
        ],
        [
          -Infinity,
          -Infinity,
          -Infinity,
          -Infinity
        ],
        [
          -Infinity,
          -Infinity,
          -Infinity,
          -Infinity
        ],
        [
          -Infinity,
          -Infinity,
          -Infinity,
          -Infinity
        ]
      ]
    },
    {
      "file_path": "/media/NFS/ttao/scannet/posed_images/scene0284_00/00426.jpg",
      "transform_matrix": [
        [
          -Infinity,
          -Infinity,
          -Infinity,
          -Infinity
        ],
        [
          -Infinity,
