{
  "frames": [
    {
      "file_path": "/media/NFS/ttao/scannet/posed_images/scene0680_00/00001.jpg",
      "transform_matrix": [
        [
          -0.95582,
          0.195831,
          -0.219223,
          3.596332
        ],
        [
          0.289588,
          0.499264,
          -0.816624,
          3.844058
        ],
        [
          -0.05047,
          -0.84403,
          -0.533916,
          1.361793
        ],
        [
          0.0,
          0.0,
          0.0,
          1.0
        ]
      ]
    },
    {
      "file_path": "/media/NFS/ttao/scannet/posed_images/scene0680_00/00005.jpg",
      "transform_matrix": [
        [
          -0.953876,
          0.198006,
          -0.225642,
          3.598287
        ],
        [
          0.296046,
          0.495816,
          -0.816409,
          3.843081
        ],
        [
          -0.049777,
          -0.845553,
          -0.531566,
          1.367117
        ],
        [
          0.0,
          0.0,
          0.0,
          1.0
        ]
      ]
    },
    {
      "file_path": "/media/NFS/ttao/scannet/posed_images/scene0680_00/00009.jpg",
      "transform_matrix": [
        [
          -0.954337,
          0.198788,
          -0.22299,
          3.596828
        ],
        [
          0.29398,
          0.492335,
          -0.819257,
          3.847685
        ],
        [
          -0.053072,
          -0.847402,
          -0.528293,
          1.371065
        ],
        [
          0.0,
          0.0,
          0.0,
          1.0
        ]
      ]
    },
    {
      "file_path": "/media/NFS/ttao/scannet/posed_images/scene0680_00/00010.jpg",
      "transform_matrix": [
        [
          -0.956085,
          0.195995,
          -0.217915,
          3.592336
        ],
        [
          0.28822,
          0.493775,
          -0.820437,
          3.849557
        ],
        [
          -0.0532,
          -0.847215,
          -0.52858,
          1.373207
        ],
        [
          0.0,
          0.0,
          0.0,
          1.0
        ]
      ]
    },
    {
      "file_path": "/media/NFS/ttao/scannet/posed_images/scene0680_00/00016.jpg",
      "transform_matrix": [
        [
          -0.959347,
          0.180101,
          -0.217296,
          3.595662
        ],
        [
          0.277658,
          0.464238,
          -0.841064,
          3.853824
        ],
        [
          -0.0506,
          -0.867206,
          -0.495372,
          1.386346
        ],
        [
          0.0,
          0.0,
          0.0,
          1.0
        ]
      ]
    },
    {
      "file_path": "/media/NFS/ttao/scannet/posed_images/scene0680_00/00019.jpg",
      "transform_matrix": [
        [
          -0.961469,
          0.182753,
          -0.205376,
          3.598538
        ],
        [
          0.26789,
          0.455024,
          -0.849228,
          3.857203
        ],
        [
          -0.061748,
          -0.871524,
          -0.486449,
          1.388513
        ],
        [
          0.0,
          0.0,
          0.0,
          1.0
        ]
      ]
    },
    {
      "file_path": "/media/NFS/ttao/scannet/posed_images/scene0680_00/00020.jpg",
      "transform_matrix": [
        [
          -0.962948,
          0.17874,
          -0.20195,
          3.600457
        ],
        [
          0.262883,
          0.454947,
          -0.850833,
          3.859086
        ],
        [
          -0.060201,
          -0.872397,
          -0.485077,
          1.38857
        ],
        [
          0.0,
          0.0,
          0.0,
          1.0
        ]
      ]
    },
    {
      "file_path": "/media/NFS/ttao/scannet/posed_images/scene0680_00/00026.jpg",
      "transform_matrix": [
        [
          -0.969704,
          0.163193,
          -0.181777,
          3.604877
        ],
        [
          0.238372,
          0.469391,
          -0.850207,
          3.85646
        ],
        [
          -0.053423,
          -0.867779,
          -0.49407,
          1.393301
        ],
        [
          0.0,
          0.0,
          0.0,
          1.0
        ]
      ]
    },
    {
      "file_path": "/media/NFS/ttao/scannet/posed_images/scene0680_00/00028.jpg",
      "transform_matrix": [
        [
          -0.971243,
          0.157906,
          -0.178193,
          3.607264
        ],
        [
          0.23216,
          0.462092,
          -0.855905,
          3.858115
        ],
        [
          -0.052811,
          -0.872661,
          -0.485463,
          1.395232
        ],
        [
          0.0,
          0.0,
          0.0,
          1.0
        ]
      ]
    },
    {
      "file_path": "/media/NFS/ttao/scannet/posed_images/scene0680_00/00031.jpg",
      "transform_matrix": [
        [
          -0.972839,
          0.151496,
          -0.175025,
          3.617834
        ],
        [
          0.225288,
          0.445878,
          -0.866278,
          3.860733
        ],
        [
          -0.053198,
          -0.88218,
          -0.467898,
          1.399133
        ],
        [
          0.0,
          0.0,
          0.0,
          1.0
        ]
      ]
    },
    {
      "file_path": "/media/NFS/ttao/scannet/posed_images/scene0680_00/00036.jpg",
      "transform_matrix": [
        [
          -0.976693,
          0.155603,
          -0.147847,
          3.624839
        ],
        [
          0.201624,
          0.428869,
          -0.880579,
          3.864917
        ],
        [
          -0.073614,
          -0.889865,
          -0.450246,
          1.39996
        ],
        [
          0.0,
          0.0,
          0.0,
          1.0
        ]
      ]
    },
    {
      "file_path": "/media/NFS/ttao/scannet/posed_images/scene0680_00/00040.jpg",
      "transform_matrix": [
        [
          -0.979164,
          0.151427,
          -0.13531,
          3.637264
        ],
        [
          0.187667,
          0.420159,
          -0.887833,
          3.86719
        ],
        [
          -0.07759,
          -0.894727,
          -0.439821,
          1.397209
        ],
        [
          0.0,
          0.0,
          0.0,
          1.0
        ]
      ]
    },
    {
      "file_path": "/media/NFS/ttao/scannet/posed_images/scene0680_00/00045.jpg",
      "transform_matrix": [
        [
          -0.986338,
          0.125441,
          -0.10678,
          3.65206
        ],
        [
          0.15189,
          0.441582,
          -0.884271,
          3.86058
        ],
        [
          -0.063772,
          -0.888409,
          -0.454603,
          1.397949
        ],
        [
          0.0,
          0.0,
          0.0,
          1.0
        ]
      ]
    },
    {
      "file_path": "/media/NFS/ttao/scannet/posed_images/scene0680_00/00046.jpg",
      "transform_matrix": [
        [
          -0.987297,
          0.124267,
          -0.099006,
          3.655536
        ],
        [
          0.144359,
          0.441296,
          -0.885674,
          3.859049
        ],
        [
          -0.066369,
          -0.888715,
          -0.45363,
          1.399414
        ],
        [
          0.0,
          0.0,
          0.0,
          1.0
        ]
      ]
    },
    {
      "file_path": "/media/NFS/ttao/scannet/posed_images/scene0680_00/00051.jpg",
      "transform_matrix": [
        [
          -0.992674,
          0.112062,
          -0.045178,
          3.671063
        ],
        [
          0.089539,
          0.431212,
          -0.897797,
          3.853829
        ],
        [
          -0.081128,
          -0.895264,
          -0.438087,
          1.401168
        ],
        [
          0.0,
          0.0,
          0.0,
          1.0
        ]
      ]
    },
    {
      "file_path": "/media/NFS/ttao/scannet/posed_images/scene0680_00/00055.jpg",
      "transform_matrix": [
        [
          -0.994854,
          0.099417,
          -0.019526,
          3.683499
        ],
        [
          0.060204,
          0.425066,
          -0.903158,
          3.851786
        ],
        [
          -0.08149,
          -0.899686,
          -0.428864,
          1.404635
        ],
        [
          0.0,
          0.0,
          0.0,
          1.0
        ]
      ]
    },
    {
      "file_path": "/media/NFS/ttao/scannet/posed_images/scene0680_00/00058.jpg",
      "transform_matrix": [
        [
          -0.996062,
          0.088347,
          -0.007485,
          3.694378
        ],
        [
          0.044274,
          0.422461,
          -0.905299,
          3.850207
        ],
        [
          -0.076818,
          -0.902065,
          -0.424708,
          1.407043
        ],
        [
          0.0,
          0.0,
          0.0,
          1.0
        ]
      ]
    },
    {
      "file_path": "/media/NFS/ttao/scannet/posed_images/scene0680_00/00061.jpg",
      "transform_matrix": [
        [
          -0.997345,
          0.070277,
          0.019062,
          3.689491
        ],
        [
          0.012032,
          0.417237,
          -0.908718,
          3.843752
        ],
        [
          -0.071815,
          -0.906077,
          -0.416975,
          1.410243
        ],
        [
          0.0,
          0.0,
          0.0,
          1.0
        ]
      ]
    },
    {
      "file_path": "/media/NFS/ttao/scannet/posed_images/scene0680_00/00063.jpg",
      "transform_matrix": [
        [
          -0.997366,
          0.066613,
          0.028705,
          3.697402
        ],
        [
          0.001351,
          0.412737,
          -0.910849,
          3.841585
        ],
        [
          -0.072522,
          -0.908411,
          -0.41174,
          1.415119
        ],
        [
          0.0,
          0.0,
          0.0,
          1.0
        ]
      ]
    },
    {
      "file_path": "/media/NFS/ttao/scannet/posed_images/scene0680_00/00069.jpg",
      "transform_matrix": [
        [
          -0.99527,
          0.066226,
          0.071078,
          3.707933
        ],
        [
          -0.041544,
          0.371233,
          -0.92761,
          3.837666
        ],
        [
          -0.087819,
          -0.926175,
          -0.366726,
          1.428502
        ],
        [
          0.0,
          0.0,
          0.0,
          1.0
        ]
      ]
    },
    {
      "file_path": "/media/NFS/ttao/scannet/posed_images/scene0680_00/00070.jpg",
      "transform_matrix": [
        [
          -0.994224,
          0.053389,
          0.093101,
          3.681883
        ],
        [
          -0.067202,
          0.366673,
          -0.927919,
          3.836807
        ],
        [
          -0.083678,
          -0.928817,
          -0.360968,
          1.430713
        ],
        [
          0.0,
          0.0,
          0.0,
          1.0
        ]
      ]
    },
    {
      "file_path": "/media/NFS/ttao/scannet/posed_images/scene0680_00/00077.jpg",
      "transform_matrix": [
        [
          -0.987348,
          0.022777,
          0.156922,
          3.681587
        ],
        [
          -0.140652,
          0.331137,
          -0.933041,
          3.828175
        ],
        [
          -0.073214,
          -0.943308,
          -0.323744,
          1.446649
        ],
        [
          0.0,
          0.0,
          0.0,
          1.0
        ]
      ]
    },
    {
      "file_path": "/media/NFS/ttao/scannet/posed_images/scene0680_00/00078.jpg",
      "transform_matrix": [
        [
          -0.986266,
          0.01985,
          0.163968,
          3.678796
        ],
        [
          -0.148354,
          0.329893,
          -0.932289,
          3.827739
        ],
        [
          -0.072598,
          -0.94381,
          -0.322417,
          1.450598
        ],
        [
          0.0,
          0.0,
          0.0,
          1.0
        ]
      ]
    },
    {
      "file_path": "/media/NFS/ttao/scannet/posed_images/scene0680_00/00082.jpg",
      "transform_matrix": [
        [
          -0.971418,
          0.022001,
          0.236353,
          3.644144
        ],
        [
          -0.219541,
          0.295371,
          -0.929816,
          3.814126
        ],
        [
          -0.090269,
          -0.955129,
          -0.282099,
          1.45524
        ],
        [
          0.0,
          0.0,
          0.0,
          1.0
        ]
      ]
    },
    {
      "file_path": "/media/NFS/ttao/scannet/posed_images/scene0680_00/00087.jpg",
      "transform_matrix": [
        [
          -0.956583,
          0.010242,
          0.291282,
          3.616298
        ],
        [
          -0.277477,
          0.27385,
          -0.920876,
          3.794773
        ],
        [
          -0.089199,
          -0.961718,
          -0.259119,
          1.462316
        ],
        [
          0.0,
          0.0,
          0.0,
          1.0
        ]
      ]
    },
    {
      "file_path": "/media/NFS/ttao/scannet/posed_images/scene0680_00/00088.jpg",
      "transform_matrix": [
        [
          -0.953506,
          0.006624,
          0.3013,
          3.610425
        ],
        [
          -0.288287,
          0.271358,
          -0.918289,
          3.791757
        ],
        [
          -0.087842,
          -0.962456,
          -0.256832,
          1.46242
        ],
        [
          0.0,
          0.0,
          0.0,
          1.0
        ]
      ]
    },
    {
      "file_path": "/media/NFS/ttao/scannet/posed_images/scene0680_00/00094.jpg",
      "transform_matrix": [
        [
          -0.935114,
          -0.008588,
          0.354243,
          3.587189
        ],
        [
          -0.344682,
          0.253935,
          -0.903721,
          3.768227
        ],
        [
          -0.082193,
          -0.967183,
          -0.240418,
          1.466282
        ],
        [
          0.0,
          0.0,
          0.0,
          1.0
        ]
      ]
    },
    {
      "file_path": "/media/NFS/ttao/scannet/posed_images/scene0680_00/00095.jpg",
      "transform_matrix": [
        [
          -0.931431,
          -0.01111,
          0.363749,
          3.581387
        ],
        [
          -0.354564,
          0.252877,
          -0.900188,
          3.765478
        ],
        [
          -0.081983,
          -0.967435,
          -0.239477,
          1.46764
        ],
        [
          0.0,
          0.0,
          0.0,
          1.0
        ]
      ]
    },
    {
      "file_path": "/media/NFS/ttao/scannet/posed_images/scene0680_00/00099.jpg",
      "transform_matrix": [
        [
          -0.918288,
          -0.01222,
          0.395725,
          3.566501
        ],
        [
          -0.38657,
          0.243538,
          -0.889524,
          3.751344
        ],
        [
          -0.085504,
          -0.969815,
          -0.228362,
          1.469806
        ],
        [
          0.0,
          0.0,
          0.0,
          1.0
        ]
      ]
    },
    {
      "file_path": "/media/NFS/ttao/scannet/posed_images/scene0680_00/00103.jpg",
      "transform_matrix": [
        [
          -0.907147,
          -0.013328,
          0.420603,
          3.560902
        ],
        [
          -0.411864,
          0.233161,
          -0.880911,
          3.736613
        ],
        [
          -0.086328,
          -0.972347,
          -0.217001,
          1.472308
        ],
        [
          0.0,
          0.0,
          0.0,
          1.0
        ]
      ]
    },
    {
      "file_path": "/media/NFS/ttao/scannet/posed_images/scene0680_00/00109.jpg",
      "transform_matrix": [
        [
          -0.892812,
          -0.024062,
          0.449787,
          3.545581
        ],
        [
          -0.444024,
          0.214834,
          -0.869879,
          3.723226
        ],
        [
          -0.075698,
          -0.976354,
          -0.20249,
          1.479472
        ],
        [
          0.0,
          0.0,
          0.0,
          1.0
        ]
      ]
    },
    {
      "file_path": "/media/NFS/ttao/scannet/posed_images/scene0680_00/00111.jpg",
      "transform_matrix": [
        [
          -0.890016,
          -0.028344,
          0.455047,
          3.546579
        ],
        [
          -0.45023,
          0.211942,
          -0.867394,
          3.715469
        ],
        [
          -0.071858,
          -0.976871,
          -0.201393,
          1.478829
        ],
        [
          0.0,
          0.0,
          0.0,
          1.0
        ]
      ]
    },
    {
      "file_path": "/media/NFS/ttao/scannet/posed_images/scene0680_00/00113.jpg",
      "transform_matrix": [
        [
          -0.884709,
          -0.036151,
          0.464739,
          3.536674
        ],
        [
          -0.461309,
          0.211104,
          -0.861759,
          3.710805
        ],
        [
          -0.066955,
          -0.976795,
          -0.203442,
          1.478534
        ],
        [
          0.0,
          0.0,
          0.0,
          1.0
        ]
      ]
    },
    {
      "file_path": "/media/NFS/ttao/scannet/posed_images/scene0680_00/00116.jpg",
      "transform_matrix": [
        [
          -0.872999,
          -0.044118,
          0.485723,
          3.530718
        ],
        [
          -0.483158,
          0.214173,
          -0.848934,
          3.701008
        ],
        [
          -0.066575,
          -0.975799,
          -0.208289,
          1.479565
        ],
        [
          0.0,
          0.0,
          0.0,
          1.0
        ]
      ]
    },
    {
      "file_path": "/media/NFS/ttao/scannet/posed_images/scene0680_00/00120.jpg",
      "transform_matrix": [
        [
          -0.860449,
          -0.056105,
          0.506438,
          3.54335
        ],
        [
          -0.505726,
          0.215354,
          -0.835382,
          3.695688
        ],
        [
          -0.062194,
          -0.974923,
          -0.213675,
          1.470859
        ],
        [
          0.0,
          0.0,
          0.0,
          1.0
        ]
      ]
    },
    {
      "file_path": "/media/NFS/ttao/scannet/posed_images/scene0680_00/00126.jpg",
      "transform_matrix": [
        [
          -0.82263,
          -0.099218,
          0.559853,
          3.547506
        ],
        [
          -0.566607,
          0.22496,
          -0.792685,
          3.683334
        ],
        [
          -0.047296,
          -0.969303,
          -0.241277,
          1.455051
        ],
        [
          0.0,
          0.0,
          0.0,
          1.0
        ]
      ]
    },
    {
      "file_path": "/media/NFS/ttao/scannet/posed_images/scene0680_00/00130.jpg",
      "transform_matrix": [
        [
          -0.783148,
          -0.131897,
          0.607686,
          3.567436
        ],
        [
          -0.620615,
          0.226967,
          -0.750548,
          3.675459
        ],
        [
          -0.038929,
          -0.96493,
          -0.259606,
          1.448989
        ],
        [
          0.0,
          0.0,
          0.0,
          1.0
        ]
      ]
    },
    {
      "file_path": "/media/NFS/ttao/scannet/posed_images/scene0680_00/00133.jpg",
      "transform_matrix": [
        [
          -0.740894,
          -0.147468,
          0.655232,
          3.560934
        ],
        [
          -0.670225,
          0.22523,
          -0.707156,
          3.664725
        ],
        [
          -0.043295,
          -0.963081,
          -0.265708,
          1.445581
        ],
        [
          0.0,
          0.0,
          0.0,
          1.0
        ]
      ]
    },
    {
      "file_path": "/media/NFS/ttao/scannet/posed_images/scene0680_00/00135.jpg",
      "transform_matrix": [
        [
          -0.716777,
          -0.15516,
          0.679821,
          3.560136
        ],
        [
          -0.695585,
          0.227472,
          -0.681482,
          3.66093
        ],
        [
          -0.048901,
          -0.961344,
          -0.270973,
          1.441265
        ],
        [
          0.0,
          0.0,
          0.0,
          1.0
        ]
      ]
    },
    {
      "file_path": "/media/NFS/ttao/scannet/posed_images/scene0680_00/00141.jpg",
      "transform_matrix": [
        [
          -0.685609,
          -0.188286,
          0.703199,
          3.590608
        ],
        [
          -0.726023,
          0.247466,
          -0.641601,
          3.648273
        ],
        [
          -0.053214,
          -0.950426,
          -0.306365,
          1.439512
        ],
        [
          0.0,
          0.0,
          0.0,
          1.0
        ]
      ]
    },
    {
      "file_path": "/media/NFS/ttao/scannet/posed_images/scene0680_00/00142.jpg",
      "transform_matrix": [
        [
          -0.677834,
          -0.192853,
          0.709471,
          3.592836
        ],
        [
          -0.733383,
          0.245437,
          -0.633964,
          3.646364
        ],
        [
          -0.051868,
          -0.950036,
          -0.3078,
          1.436995
        ],
        [
          0.0,
          0.0,
          0.0,
          1.0
        ]
      ]
    },
    {
      "file_path": "/media/NFS/ttao/scannet/posed_images/scene0680_00/00147.jpg",
      "transform_matrix": [
        [
          -0.638129,
          -0.254729,
          0.726571,
          3.617113
        ],
        [
          -0.768314,
          0.271782,
          -0.579506,
          3.635082
        ],
        [
          -0.049852,
          -0.928034,
          -0.369144,
          1.42022
        ],
        [
          0.0,
          0.0,
          0.0,
          1.0
        ]
      ]
    },
    {
      "file_path": "/media/NFS/ttao/scannet/posed_images/scene0680_00/00151.jpg",
      "transform_matrix": [
        [
          -0.620718,
          -0.2826,
          0.731331,
          3.643013
        ],
        [
          -0.782019,
          0.289986,
          -0.551684,
          3.636357
        ],
        [
          -0.05617,
          -0.914355,
          -0.400998,
          1.413883
        ],
        [
          0.0,
          0.0,
          0.0,
          1.0
        ]
      ]
    },
    {
      "file_path": "/media/NFS/ttao/scannet/posed_images/scene0680_00/00153.jpg",
      "transform_matrix": [
        [
          -0.61502,
          -0.294109,
          0.731608,
          3.649021
        ],
        [
          -0.786358,
          0.297291,
          -0.541534,
          3.632837
        ],
        [
          -0.058231,
          -0.90836,
          -0.414115,
          1.408813
        ],
        [
          0.0,
          0.0,
          0.0,
          1.0
        ]
      ]
    },
    {
      "file_path": "/media/NFS/ttao/scannet/posed_images/scene0680_00/00158.jpg",
      "transform_matrix": [
        [
          -0.605588,
          -0.324601,
          0.726566,
          3.667291
        ],
        [
          -0.793374,
          0.317204,
          -0.519557,
          3.632536
        ],
        [
          -0.061821,
          -0.891075,
          -0.449625,
          1.400557
        ],
        [
          0.0,
          0.0,
          0.0,
          1.0
        ]
      ]
    },
    {
      "file_path": "/media/NFS/ttao/scannet/posed_images/scene0680_00/00159.jpg",
      "transform_matrix": [
        [
          -0.600806,
          -0.327004,
          0.729453,
          3.669966
        ],
        [
          -0.797077,
          0.314504,
          -0.515516,
          3.633926
        ],
        [
          -0.06084,
          -0.891154,
          -0.449603,
          1.398769
        ],
        [
          0.0,
          0.0,
          0.0,
          1.0
        ]
      ]
    },
    {
      "file_path": "/media/NFS/ttao/scannet/posed_images/scene0680_00/00165.jpg",
      "transform_matrix": [
        [
          -0.553917,
          -0.351725,
          0.75463,
          3.652994
        ],
        [
          -0.830174,
          0.302079,
          -0.468572,
          3.628803
        ],
        [
          -0.06315,
          -0.886024,
          -0.459319,
          1.393421
        ],
        [
          0.0,
          0.0,
          0.0,
          1.0
        ]
      ]
    },
    {
      "file_path": "/media/NFS/ttao/scannet/posed_images/scene0680_00/00166.jpg",
      "transform_matrix": [
        [
          -0.552196,
          -0.356255,
          0.753765,
          3.649745
        ],
        [
          -0.831498,
          0.301207,
          -0.466781,
          3.624056
        ],
        [
          -0.060746,
          -0.884509,
          -0.462551,
          1.395905
        ],
        [
          0.0,
          0.0,
          0.0,
          1.0
        ]
      ]
    },
    {
      "file_path": "/media/NFS/ttao/scannet/posed_images/scene0680_00/00170.jpg",
      "transform_matrix": [
        [
          -0.556472,
          -0.337464,
          0.759248,
          3.630861
        ],
        [
          -0.828898,
          0.28834,
          -0.479362,
          3.620564
        ],
        [
          -0.057154,
          -0.896091,
          -0.440176,
          1.393906
        ],
        [
          0.0,
          0.0,
          0.0,
          1.0
        ]
      ]
    },
    {
      "file_path": "/media/NFS/ttao/scannet/posed_images/scene0680_00/00174.jpg",
      "transform_matrix": [
        [
          -0.510412,
          -0.361512,
          0.780249,
          3.607691
        ],
        [
          -0.858106,
          0.273182,
          -0.434771,
          3.613041
        ],
        [
          -0.055975,
          -0.891449,
          -0.449651,
          1.394788
        ],
        [
          0.0,
          0.0,
          0.0,
          1.0
        ]
      ]
    },
    {
      "file_path": "/media/NFS/ttao/scannet/posed_images/scene0680_00/00179.jpg",
      "transform_matrix": [
        [
          -0.433531,
          -0.373586,
          0.820052,
          3.570561
        ],
        [
          -0.900587,
          0.211451,
          -0.379777,
          3.611691
        ],
        [
          -0.031521,
          -0.903173,
          -0.428117,
          1.389002
        ],
        [
          0.0,
          0.0,
          0.0,
          1.0
        ]
      ]
    },
    {
      "file_path": "/media/NFS/ttao/scannet/posed_images/scene0680_00/00182.jpg",
      "transform_matrix": [
        [
          -0.398108,
          -0.397259,
          0.826859,
          3.560684
        ],
        [
          -0.917187,
          0.188774,
          -0.350903,
          3.620257
        ],
        [
          -0.01669,
          -0.898081,
          -0.439513,
          1.388535
        ],
        [
          0.0,
          0.0,
          0.0,
          1.0
        ]
      ]
    },
    {
      "file_path": "/media/NFS/ttao/scannet/posed_images/scene0680_00/00185.jpg",
      "transform_matrix": [
        [
          -0.339001,
          -0.39629,
          0.853248,
          3.541962
        ],
        [
          -0.940507,
          0.164858,
          -0.297101,
          3.625346
        ],
        [
          -0.022927,
          -0.903203,
          -0.4286,
          1.383213
        ],
        [
          0.0,
          0.0,
          0.0,
          1.0
        ]
      ]
    },
    {
      "file_path": "/media/NFS/ttao/scannet/posed_images/scene0680_00/00189.jpg",
      "transform_matrix": [
        [
          -0.25067,
          -0.432187,
          0.866244,
          3.527823
        ],
        [
          -0.967584,
          0.140289,
          -0.210002,
          3.62838
        ],
        [
          -0.030764,
          -0.890805,
          -0.453343,
          1.379444
        ],
        [
          0.0,
          0.0,
          0.0,
          1.0
        ]
      ]
    },
    {
      "file_path": "/media/NFS/ttao/scannet/posed_images/scene0680_00/00192.jpg",
      "transform_matrix": [
        [
          -0.204866,
          -0.447687,
          0.870406,
          3.526788
        ],
        [
          -0.977684,
          0.135866,
          -0.160234,
          3.64214
        ],
        [
          -0.046523,
          -0.883808,
          -0.465531,
          1.380722
        ],
        [
          0.0,
          0.0,
          0.0,
          1.0
        ]
      ]
    },
    {
      "file_path": "/media/NFS/ttao/scannet/posed_images/scene0680_00/00197.jpg",
      "transform_matrix": [
        [
          -0.131802,
          -0.448685,
          0.883917,
          3.52403
        ],
        [
          -0.989437,
          0.113846,
          -0.089747,
          3.651438
        ],
        [
          -0.060362,
          -0.886409,
          -0.458951,
          1.379534
        ],
        [
          0.0,
          0.0,
          0.0,
          1.0
        ]
      ]
    },
    {
      "file_path": "/media/NFS/ttao/scannet/posed_images/scene0680_00/00198.jpg",
      "transform_matrix": [
        [
          -0.120391,
          -0.453317,
          0.883182,
          3.525669
        ],
        [
          -0.990839,
          0.109702,
          -0.078758,
          3.654769
        ],
        [
          -0.061184,
          -0.884573,
          -0.462371,
          1.380259
        ],
        [
          0.0,
          0.0,
          0.0,
          1.0
        ]
      ]
    },
    {
      "file_path": "/media/NFS/ttao/scannet/posed_images/scene0680_00/00204.jpg",
      "transform_matrix": [
        [
          -0.047974,
          -0.465381,
          0.883809,
          3.547191
        ],
        [
          -0.997843,
          0.06202,
          -0.021506,
          3.696949
        ],
        [
          -0.044805,
          -0.882935,
          -0.467353,
          1.375509
        ],
        [
          0.0,
          0.0,
          0.0,
          1.0
        ]
      ]
    },
    {
      "file_path": "/media/NFS/ttao/scannet/posed_images/scene0680_00/00206.jpg",
      "transform_matrix": [
        [
          -0.026364,
          -0.472684,
          0.880838,
          3.558666
        ],
        [
          -0.998496,
          0.054823,
          -0.000466,
          3.706903
        ],
        [
          -0.04807,
          -0.879525,
          -0.473418,
          1.378459
        ],
        [
          0.0,
          0.0,
          0.0,
          1.0
        ]
      ]
    },
    {
      "file_path": "/media/NFS/ttao/scannet/posed_images/scene0680_00/00209.jpg",
      "transform_matrix": [
        [
          0.013502,
          -0.477083,
          0.878754,
          3.574656
        ],
        [
          -0.999059,
          0.029798,
          0.031528,
          3.72474
        ],
        [
          -0.041227,
          -0.878353,
          -0.476232,
          1.376008
        ],
        [
          0.0,
          0.0,
          0.0,
          1.0
        ]
      ]
    },
    {
      "file_path": "/media/NFS/ttao/scannet/posed_images/scene0680_00/00212.jpg",
      "transform_matrix": [
        [
          0.042695,
          -0.479474,
          0.876517,
          3.590144
        ],
        [
          -0.998768,
          0.001731,
          0.049597,
          3.755584
        ],
        [
          -0.025298,
          -0.877554,
          -0.47881,
          1.367674
        ],
        [
          0.0,
          0.0,
          0.0,
          1.0
        ]
      ]
    },
    {
      "file_path": "/media/NFS/ttao/scannet/posed_images/scene0680_00/00216.jpg",
      "transform_matrix": [
        [
          0.092502,
          -0.486862,
          0.868567,
          3.62048
        ],
        [
          -0.995695,
          -0.040156,
          0.083533,
          3.778462
        ],
        [
          -0.005791,
          -0.872555,
          -0.488482,
          1.370932
        ],
        [
          0.0,
          0.0,
          0.0,
          1.0
        ]
      ]
    },
    {
      "file_path": "/media/NFS/ttao/scannet/posed_images/scene0680_00/00219.jpg",
      "transform_matrix": [
        [
          0.120878,
          -0.479368,
          0.86925,
          3.643051
        ],
        [
          -0.992666,
          -0.059919,
          0.104996,
          3.795942
        ],
        [
          0.001753,
          -0.875566,
          -0.483095,
          1.373439
        ],
        [
          0.0,
          0.0,
          0.0,
          1.0
        ]
      ]
    },
    {
      "file_path": "/media/NFS/ttao/scannet/posed_images/scene0680_00/00225.jpg",
      "transform_matrix": [
        [
          0.146,
          -0.449965,
          0.881031,
          3.675406
        ],
        [
          -0.989283,
          -0.067757,
          0.129334,
          3.835034
        ],
        [
          0.0015,
          -0.890472,
          -0.455035,
          1.369595
        ],
        [
          0.0,
          0.0,
          0.0,
          1.0
        ]
      ]
    },
    {
      "file_path": "/media/NFS/ttao/scannet/posed_images/scene0680_00/00227.jpg",
      "transform_matrix": [
        [
          0.148536,
          -0.453914,
          0.878578,
          3.688217
        ],
        [
          -0.988893,
          -0.072813,
          0.129568,
          3.845777
        ],
        [
          0.005159,
          -0.888065,
          -0.459688,
          1.366689
        ],
        [
          0.0,
          0.0,
          0.0,
          1.0
        ]
      ]
    },
    {
      "file_path": "/media/NFS/ttao/scannet/posed_images/scene0680_00/00231.jpg",
      "transform_matrix": [
        [
          0.154453,
          -0.468499,
          0.869858,
          3.711208
        ],
        [
          -0.987981,
          -0.078759,
          0.133008,
          3.861557
        ],
        [
          0.006195,
          -0.879947,
          -0.475032,
          1.359592
        ],
        [
          0.0,
          0.0,
          0.0,
          1.0
        ]
      ]
    },
    {
      "file_path": "/media/NFS/ttao/scannet/posed_images/scene0680_00/00236.jpg",
      "transform_matrix": [
        [
          0.188748,
          -0.492076,
          0.849844,
          3.737901
        ],
        [
          -0.981861,
          -0.110415,
          0.154136,
          3.876761
        ],
        [
          0.017989,
          -0.863522,
          -0.503991,
          1.353215
        ],
        [
          0.0,
          0.0,
          0.0,
          1.0
        ]
      ]
    },
    {
      "file_path": "/media/NFS/ttao/scannet/posed_images/scene0680_00/00237.jpg",
      "transform_matrix": [
        [
          0.197625,
          -0.495361,
          0.845909,
          3.742998
        ],
        [
          -0.980131,
          -0.114774,
          0.161771,
          3.879509
        ],
        [
          0.016953,
          -0.861072,
          -0.508201,
          1.351512
        ],
        [
          0.0,
          0.0,
          0.0,
          1.0
        ]
      ]
    },
    {
      "file_path": "/media/NFS/ttao/scannet/posed_images/scene0680_00/00242.jpg",
      "transform_matrix": [
        [
          0.281647,
          -0.511525,
          0.811799,
          3.770381
        ],
        [
          -0.959124,
          -0.174328,
          0.222914,
          3.881571
        ],
        [
          0.027493,
          -0.841399,
          -0.539715,
          1.342327
        ],
        [
          0.0,
          0.0,
          0.0,
          1.0
        ]
      ]
    },
    {
      "file_path": "/media/NFS/ttao/scannet/posed_images/scene0680_00/00246.jpg",
      "transform_matrix": [
        [
          0.354263,
          -0.503908,
          0.787765,
          3.795035
        ],
        [
          -0.934685,
          -0.217237,
          0.281374,
          3.880525
        ],
        [
          0.029345,
          -0.835993,
          -0.547955,
          1.344386
        ],
        [
          0.0,
          0.0,
          0.0,
          1.0
        ]
      ]
    },
    {
      "file_path": "/media/NFS/ttao/scannet/posed_images/scene0680_00/00249.jpg",
      "transform_matrix": [
        [
          0.39843,
          -0.486378,
          0.777618,
          3.811144
        ],
        [
          -0.916638,
          -0.240805,
          0.319043,
          3.869854
        ],
        [
          0.032079,
          -0.839911,
          -0.541776,
          1.341128
        ],
        [
          0.0,
          0.0,
          0.0,
          1.0
        ]
      ]
    },
    {
      "file_path": "/media/NFS/ttao/scannet/posed_images/scene0680_00/00253.jpg",
      "transform_matrix": [
        [
          0.448359,
          -0.48971,
          0.747769,
          3.845039
        ],
        [
          -0.893468,
          -0.270096,
          0.358835,
          3.846709
        ],
        [
          0.026244,
          -0.828995,
          -0.55864,
          1.345096
        ],
        [
          0.0,
          0.0,
          0.0,
          1.0
        ]
      ]
    },
    {
      "file_path": "/media/NFS/ttao/scannet/posed_images/scene0680_00/00258.jpg",
      "transform_matrix": [
        [
          0.508614,
          -0.453854,
          0.731662,
          3.874993
        ],
        [
          -0.86064,
          -0.292415,
          0.416885,
          3.820112
        ],
        [
          0.024744,
          -0.84173,
          -0.539331,
          1.344999
        ],
        [
          0.0,
          0.0,
          0.0,
          1.0
        ]
      ]
    },
    {
      "file_path": "/media/NFS/ttao/scannet/posed_images/scene0680_00/00259.jpg",
      "transform_matrix": [
        [
          0.522316,
          -0.450416,
          0.724094,
          3.879523
        ],
        [
          -0.852324,
          -0.302646,
          0.426555,
          3.81929
        ],
        [
          0.027017,
          -0.839959,
          -0.541977,
          1.343864
        ],
        [
          0.0,
          0.0,
          0.0,
          1.0
        ]
      ]
    },
    {
      "file_path": "/media/NFS/ttao/scannet/posed_images/scene0680_00/00264.jpg",
      "transform_matrix": [
        [
          0.595383,
          -0.451695,
          0.664447,
          3.914089
        ],
        [
          -0.80341,
          -0.3273,
          0.497401,
          3.807895
        ],
        [
          -0.0072,
          -0.829967,
          -0.557766,
          1.346957
        ],
        [
          0.0,
          0.0,
          0.0,
          1.0
        ]
      ]
    },
    {
      "file_path": "/media/NFS/ttao/scannet/posed_images/scene0680_00/00268.jpg",
      "transform_matrix": [
        [
          0.629783,
          -0.457463,
          0.627775,
          3.936326
        ],
        [
          -0.776035,
          -0.335371,
          0.534131,
          3.803768
        ],
        [
          -0.033808,
          -0.823562,
          -0.566218,
          1.342836
        ],
        [
          0.0,
          0.0,
          0.0,
          1.0
        ]
      ]
    },
    {
      "file_path": "/media/NFS/ttao/scannet/posed_images/scene0680_00/00272.jpg",
      "transform_matrix": [
        [
          0.64937,
          -0.449906,
          0.613109,
          3.954196
        ],
        [
          -0.759386,
          -0.340545,
          0.554403,
          3.806419
        ],
        [
          -0.040638,
          -0.825599,
          -0.562792,
          1.335656
        ],
        [
          0.0,
          0.0,
          0.0,
          1.0
        ]
      ]
    },
    {
      "file_path": "/media/NFS/ttao/scannet/posed_images/scene0680_00/00273.jpg",
      "transform_matrix": [
        [
          0.651201,
          -0.448501,
          0.612196,
          3.959701
        ],
        [
          -0.757899,
          -0.342811,
          0.55504,
          3.809332
        ],
        [
