{
  "frames": [
    {
      "file_path": "/media/NFS/ttao/scannet/posed_images/scene0418_00/00000.jpg",
      "transform_matrix": [
        [
          -0.015903,
          0.277165,
          -0.960691,
          3.416031
        ],
        [
          0.999398,
          -0.02523,
          -0.023823,
          1.466428
        ],
        [
          -0.030841,
          -0.960491,
          -0.276596,
          1.34693
        ],
        [
          0.0,
          0.0,
          0.0,
          1.0
        ]
      ]
    },
    {
      "file_path": "/media/NFS/ttao/scannet/posed_images/scene0418_00/00017.jpg",
      "transform_matrix": [
        [
          0.018898,
          0.290329,
          -0.95674,
          3.546789
        ],
        [
          0.998595,
          -0.052853,
          0.003687,
          1.451979
        ],
        [
          -0.049496,
          -0.955466,
          -0.29092,
          1.374403
        ],
        [
          0.0,
          0.0,
          0.0,
          1.0
        ]
      ]
    },
    {
      "file_path": "/media/NFS/ttao/scannet/posed_images/scene0418_00/00024.jpg",
      "transform_matrix": [
        [
          0.052812,
          0.283552,
          -0.957502,
          3.572607
        ],
        [
          0.996838,
          -0.071969,
          0.033668,
          1.407586
        ],
        [
          -0.059364,
          -0.956253,
          -0.286456,
          1.364208
        ],
        [
          0.0,
          0.0,
          0.0,
          1.0
        ]
      ]
    },
    {
      "file_path": "/media/NFS/ttao/scannet/posed_images/scene0418_00/00038.jpg",
      "transform_matrix": [
        [
          0.094549,
          0.299012,
          -0.949554,
          3.592256
        ],
        [
          0.993783,
          -0.084671,
          0.07229,
          1.361095
        ],
        [
          -0.058784,
          -0.950486,
          -0.305159,
          1.357917
        ],
        [
          0.0,
          0.0,
          0.0,
          1.0
        ]
      ]
    },
    {
      "file_path": "/media/NFS/ttao/scannet/posed_images/scene0418_00/00052.jpg",
      "transform_matrix": [
        [
          0.079829,
          0.330671,
          -0.940364,
          3.588218
        ],
        [
          0.995583,
          -0.073211,
          0.058773,
          1.374111
        ],
        [
          -0.04941,
          -0.940902,
          -0.335055,
          1.343597
        ],
        [
          0.0,
          0.0,
          0.0,
          1.0
        ]
      ]
    },
    {
      "file_path": "/media/NFS/ttao/scannet/posed_images/scene0418_00/00059.jpg",
      "transform_matrix": [
        [
          0.07591,
          0.333617,
          -0.939648,
          3.580571
        ],
        [
          0.995855,
          -0.072723,
          0.054631,
          1.39231
        ],
        [
          -0.050108,
          -0.9399,
          -0.337754,
          1.336173
        ],
        [
          0.0,
          0.0,
          0.0,
          1.0
        ]
      ]
    },
    {
      "file_path": "/media/NFS/ttao/scannet/posed_images/scene0418_00/00076.jpg",
      "transform_matrix": [
        [
          0.045444,
          0.341114,
          -0.938923,
          3.529177
        ],
        [
          0.998386,
          -0.047553,
          0.031046,
          1.452363
        ],
        [
          -0.034058,
          -0.938819,
          -0.342724,
          1.323607
        ],
        [
          0.0,
          0.0,
          0.0,
          1.0
        ]
      ]
    },
    {
      "file_path": "/media/NFS/ttao/scannet/posed_images/scene0418_00/00080.jpg",
      "transform_matrix": [
        [
          0.058121,
          0.34689,
          -0.936103,
          3.501024
        ],
        [
          0.997606,
          -0.05539,
          0.041414,
          1.452302
        ],
        [
          -0.037485,
          -0.936269,
          -0.349279,
          1.328213
        ],
        [
          0.0,
          0.0,
          0.0,
          1.0
        ]
      ]
    },
    {
      "file_path": "/media/NFS/ttao/scannet/posed_images/scene0418_00/00097.jpg",
      "transform_matrix": [
        [
          0.243163,
          0.306367,
          -0.920332,
          3.364992
        ],
        [
          0.969057,
          -0.118227,
          0.216681,
          1.403574
        ],
        [
          -0.042424,
          -0.944543,
          -0.325636,
          1.336411
        ],
        [
          0.0,
          0.0,
          0.0,
          1.0
        ]
      ]
    },
    {
      "file_path": "/media/NFS/ttao/scannet/posed_images/scene0418_00/00108.jpg",
      "transform_matrix": [
        [
          0.346574,
          0.307784,
          -0.88609,
          3.306442
        ],
        [
          0.936771,
          -0.162342,
          0.310007,
          1.419024
        ],
        [
          -0.048434,
          -0.937504,
          -0.344587,
          1.338612
        ],
        [
          0.0,
          0.0,
          0.0,
          1.0
        ]
      ]
    },
    {
      "file_path": "/media/NFS/ttao/scannet/posed_images/scene0418_00/00118.jpg",
      "transform_matrix": [
        [
          0.373536,
          0.293797,
          -0.87986,
          3.28603
        ],
        [
          0.926694,
          -0.160464,
          0.339838,
          1.513423
        ],
        [
          -0.041343,
          -0.942303,
          -0.332199,
          1.340814
        ],
        [
          0.0,
          0.0,
          0.0,
          1.0
        ]
      ]
    },
    {
      "file_path": "/media/NFS/ttao/scannet/posed_images/scene0418_00/00132.jpg",
      "transform_matrix": [
        [
          0.456977,
          0.257865,
          -0.85128,
          3.290799
        ],
        [
          0.888621,
          -0.174365,
          0.424205,
          1.668336
        ],
        [
          -0.039046,
          -0.950317,
          -0.308825,
          1.331117
        ],
        [
          0.0,
          0.0,
          0.0,
          1.0
        ]
      ]
    },
    {
      "file_path": "/media/NFS/ttao/scannet/posed_images/scene0418_00/00139.jpg",
      "transform_matrix": [
        [
          0.50818,
          0.243839,
          -0.826011,
          3.267002
        ],
        [
          0.859362,
          -0.207037,
          0.467581,
          1.721147
        ],
        [
          -0.057,
          -0.947459,
          -0.314759,
          1.329177
        ],
        [
          0.0,
          0.0,
          0.0,
          1.0
        ]
      ]
    },
    {
      "file_path": "/media/NFS/ttao/scannet/posed_images/scene0418_00/00153.jpg",
      "transform_matrix": [
        [
          0.602881,
          0.200513,
          -0.772223,
          3.186508
        ],
        [
          0.795593,
          -0.223545,
          0.56308,
          1.816493
        ],
        [
          -0.059722,
          -0.953846,
          -0.294298,
          1.338751
        ],
        [
          0.0,
          0.0,
          0.0,
          1.0
        ]
      ]
    },
    {
      "file_path": "/media/NFS/ttao/scannet/posed_images/scene0418_00/00160.jpg",
      "transform_matrix": [
        [
          0.644506,
          0.2042,
          -0.736827,
          3.14174
        ],
        [
          0.761999,
          -0.250949,
          0.596977,
          1.833119
        ],
        [
          -0.063003,
          -0.946217,
          -0.317338,
          1.338282
        ],
        [
          0.0,
          0.0,
          0.0,
          1.0
        ]
      ]
    },
    {
      "file_path": "/media/NFS/ttao/scannet/posed_images/scene0418_00/00177.jpg",
      "transform_matrix": [
        [
          0.7432,
          0.190192,
          -0.641468,
          3.070133
        ],
        [
          0.664888,
          -0.316966,
          0.676355,
          1.918237
        ],
        [
          -0.074686,
          -0.929172,
          -0.362026,
          1.318651
        ],
        [
          0.0,
          0.0,
          0.0,
          1.0
        ]
      ]
    },
    {
      "file_path": "/media/NFS/ttao/scannet/posed_images/scene0418_00/00184.jpg",
      "transform_matrix": [
        [
          0.755361,
          0.184913,
          -0.628678,
          3.045305
        ],
        [
          0.650992,
          -0.321677,
          0.687556,
          1.985412
        ],
        [
          -0.075093,
          -0.928618,
          -0.363359,
          1.315594
        ],
        [
          0.0,
          0.0,
          0.0,
          1.0
        ]
      ]
    },
    {
      "file_path": "/media/NFS/ttao/scannet/posed_images/scene0418_00/00194.jpg",
      "transform_matrix": [
        [
          0.764327,
          0.18569,
          -0.617514,
          3.019495
        ],
        [
          0.642403,
          -0.302259,
          0.704243,
          2.111129
        ],
        [
          -0.055878,
          -0.934965,
          -0.350313,
          1.323649
        ],
        [
          0.0,
          0.0,
          0.0,
          1.0
        ]
      ]
    },
    {
      "file_path": "/media/NFS/ttao/scannet/posed_images/scene0418_00/00205.jpg",
      "transform_matrix": [
        [
          0.790618,
          0.188633,
          -0.582529,
          3.005216
        ],
        [
          0.611018,
          -0.30481,
          0.73058,
          2.181483
        ],
        [
          -0.039749,
          -0.933546,
          -0.356246,
          1.326266
        ],
        [
          0.0,
          0.0,
          0.0,
          1.0
        ]
      ]
    },
    {
      "file_path": "/media/NFS/ttao/scannet/posed_images/scene0418_00/00226.jpg",
      "transform_matrix": [
        [
          0.916022,
          0.103499,
          -0.387544,
          2.908141
        ],
        [
          0.39727,
          -0.367735,
          0.840801,
          2.177802
        ],
        [
          -0.055491,
          -0.924153,
          -0.377971,
          1.332182
        ],
        [
          0.0,
          0.0,
          0.0,
          1.0
        ]
      ]
    },
    {
      "file_path": "/media/NFS/ttao/scannet/posed_images/scene0418_00/00236.jpg",
      "transform_matrix": [
        [
          0.93857,
          0.101845,
          -0.329716,
          2.875435
        ],
        [
          0.343202,
          -0.375239,
          0.861051,
          2.171113
        ],
        [
          -0.036028,
          -0.921316,
          -0.387142,
          1.326865
        ],
        [
          0.0,
          0.0,
          0.0,
          1.0
        ]
      ]
    },
    {
      "file_path": "/media/NFS/ttao/scannet/posed_images/scene0418_00/00240.jpg",
      "transform_matrix": [
        [
          0.94237,
          0.100141,
          -0.319235,
          2.869806
        ],
        [
          0.332826,
          -0.377975,
          0.863922,
          2.177128
        ],
        [
          -0.034149,
          -0.920384,
          -0.389522,
          1.327234
        ],
        [
          0.0,
          0.0,
          0.0,
          1.0
        ]
      ]
    },
    {
      "file_path": "/media/NFS/ttao/scannet/posed_images/scene0418_00/00253.jpg",
      "transform_matrix": [
        [
          0.956276,
          0.066934,
          -0.284703,
          2.898285
        ],
        [
          0.287297,
          -0.39719,
          0.871608,
          2.221632
        ],
        [
          -0.054741,
          -0.915292,
          -0.399054,
          1.329298
        ],
        [
          0.0,
          0.0,
          0.0,
          1.0
        ]
      ]
    },
    {
      "file_path": "/media/NFS/ttao/scannet/posed_images/scene0418_00/00271.jpg",
      "transform_matrix": [
        [
          0.973239,
          0.057155,
          -0.222574,
          2.917944
        ],
        [
          0.226169,
          -0.409641,
          0.883766,
          2.265662
        ],
        [
          -0.040663,
          -0.910455,
          -0.411606,
          1.319959
        ],
        [
          0.0,
          0.0,
          0.0,
          1.0
        ]
      ]
    },
    {
      "file_path": "/media/NFS/ttao/scannet/posed_images/scene0418_00/00274.jpg",
      "transform_matrix": [
        [
          0.977872,
          0.0475,
          -0.203741,
          2.909637
        ],
        [
          0.204699,
          -0.418283,
          0.884951,
          2.268355
        ],
        [
          -0.043186,
          -0.907074,
          -0.41875,
          1.325048
        ],
        [
          0.0,
          0.0,
          0.0,
          1.0
        ]
      ]
    },
    {
      "file_path": "/media/NFS/ttao/scannet/posed_images/scene0418_00/00295.jpg",
      "transform_matrix": [
        [
          0.995641,
          -0.003362,
          -0.093208,
          2.875302
        ],
        [
          0.083161,
          -0.420465,
          0.903489,
          2.284759
        ],
        [
          -0.042229,
          -0.907302,
          -0.418353,
          1.334768
        ],
        [
          0.0,
          0.0,
          0.0,
          1.0
        ]
      ]
    },
    {
      "file_path": "/media/NFS/ttao/scannet/posed_images/scene0418_00/00302.jpg",
      "transform_matrix": [
        [
          0.99774,
          -0.01295,
          -0.065939,
          2.875838
        ],
        [
          0.05455,
          -0.416948,
          0.907292,
          2.288223
        ],
        [
          -0.039242,
          -0.908838,
          -0.415299,
          1.332248
        ],
        [
          0.0,
          0.0,
          0.0,
          1.0
        ]
      ]
    },
    {
      "file_path": "/media/NFS/ttao/scannet/posed_images/scene0418_00/00309.jpg",
      "transform_matrix": [
        [
          0.998943,
          -0.030434,
          -0.034437,
          2.871891
        ],
        [
          0.01865,
          -0.416398,
          0.908991,
          2.285745
        ],
        [
          -0.042003,
          -0.908673,
          -0.415391,
          1.333384
        ],
        [
          0.0,
          0.0,
          0.0,
          1.0
        ]
      ]
    },
    {
      "file_path": "/media/NFS/ttao/scannet/posed_images/scene0418_00/00326.jpg",
      "transform_matrix": [
        [
          0.995367,
          -0.072252,
          0.063435,
          2.8483
        ],
        [
          -0.087125,
          -0.398765,
          0.912905,
          2.283628
        ],
        [
          -0.040664,
          -0.914202,
          -0.403213,
          1.319991
        ],
        [
          0.0,
          0.0,
          0.0,
          1.0
        ]
      ]
    },
    {
      "file_path": "/media/NFS/ttao/scannet/posed_images/scene0418_00/00340.jpg",
      "transform_matrix": [
        [
          0.983362,
          -0.118808,
          0.137419,
          2.836079
        ],
        [
          -0.17441,
          -0.405933,
          0.897106,
          2.317017
        ],
        [
          -0.0508,
          -0.906148,
          -0.4199,
          1.304712
        ],
        [
          0.0,
          0.0,
          0.0,
          1.0
        ]
      ]
    },
    {
      "file_path": "/media/NFS/ttao/scannet/posed_images/scene0418_00/00347.jpg",
      "transform_matrix": [
        [
          0.977961,
          -0.134441,
          0.159742,
          2.821205
        ],
        [
          -0.202345,
          -0.421721,
          0.88386,
          2.365935
        ],
        [
          -0.051461,
          -0.896703,
          -0.43963,
          1.298263
        ],
        [
          0.0,
          0.0,
          0.0,
          1.0
        ]
      ]
    },
    {
      "file_path": "/media/NFS/ttao/scannet/posed_images/scene0418_00/00358.jpg",
      "transform_matrix": [
        [
          0.956501,
          -0.197945,
          0.214297,
          2.843757
        ],
        [
          -0.281545,
          -0.433961,
          0.85581,
          2.479581
        ],
        [
          -0.076407,
          -0.878917,
          -0.470814,
          1.304187
        ],
        [
          0.0,
          0.0,
          0.0,
          1.0
        ]
      ]
    },
    {
      "file_path": "/media/NFS/ttao/scannet/posed_images/scene0418_00/00372.jpg",
      "transform_matrix": [
        [
          0.896555,
          -0.258274,
          0.359838,
          2.866566
        ],
        [
          -0.439745,
          -0.421734,
          0.792947,
          2.608397
        ],
        [
          -0.053041,
          -0.869157,
          -0.491683,
          1.29775
        ],
        [
          0.0,
          0.0,
          0.0,
          1.0
        ]
      ]
    },
    {
      "file_path": "/media/NFS/ttao/scannet/posed_images/scene0418_00/00389.jpg",
      "transform_matrix": [
        [
          0.785135,
          -0.350361,
          0.510695,
          2.804523
        ],
        [
          -0.615908,
          -0.35523,
          0.703184,
          2.770212
        ],
        [
          -0.064955,
          -0.866636,
          -0.494694,
          1.298983
        ],
        [
          0.0,
          0.0,
          0.0,
          1.0
        ]
      ]
    },
    {
      "file_path": "/media/NFS/ttao/scannet/posed_images/scene0418_00/00399.jpg",
      "transform_matrix": [
        [
          0.741491,
          -0.354431,
          0.56971,
          2.880614
        ],
        [
          -0.665332,
          -0.278626,
          0.692604,
          2.842645
        ],
        [
          -0.086744,
          -0.892606,
          -0.442414,
          1.29675
        ],
        [
          0.0,
          0.0,
          0.0,
          1.0
        ]
      ]
    },
    {
      "file_path": "/media/NFS/ttao/scannet/posed_images/scene0418_00/00406.jpg",
      "transform_matrix": [
        [
          0.725803,
          -0.335622,
          0.600473,
          2.915552
        ],
        [
          -0.684687,
          -0.268149,
          0.677717,
          2.893227
        ],
        [
          -0.06644,
          -0.903025,
          -0.424419,
          1.279689
        ],
        [
          0.0,
          0.0,
          0.0,
          1.0
        ]
      ]
    },
    {
      "file_path": "/media/NFS/ttao/scannet/posed_images/scene0418_00/00420.jpg",
      "transform_matrix": [
        [
          0.616889,
          -0.340391,
          0.709635,
          2.914538
        ],
        [
          -0.785626,
          -0.212092,
          0.581213,
          3.035499
        ],
        [
          -0.047332,
          -0.916052,
          -0.398257,
          1.275926
        ],
        [
          0.0,
          0.0,
          0.0,
          1.0
        ]
      ]
    },
    {
      "file_path": "/media/NFS/ttao/scannet/posed_images/scene0418_00/00434.jpg",
      "transform_matrix": [
        [
          0.480729,
          -0.40938,
          0.77544,
          2.88889
        ],
        [
          -0.872143,
          -0.131541,
          0.471235,
          3.172316
        ],
        [
          -0.090912,
          -0.902832,
          -0.420274,
          1.279555
        ],
        [
          0.0,
          0.0,
          0.0,
          1.0
        ]
      ]
    },
    {
      "file_path": "/media/NFS/ttao/scannet/posed_images/scene0418_00/00441.jpg",
      "transform_matrix": [
        [
          0.429015,
          -0.41314,
          0.803282,
          2.91964
        ],
        [
          -0.898571,
          -0.104345,
          0.426241,
          3.201605
        ],
        [
          -0.092279,
          -0.90467,
          -0.416001,
          1.280999
        ],
        [
          0.0,
          0.0,
          0.0,
          1.0
        ]
      ]
    },
    {
      "file_path": "/media/NFS/ttao/scannet/posed_images/scene0418_00/00448.jpg",
      "transform_matrix": [
        [
          0.37298,
          -0.423076,
          0.825768,
          2.962844
        ],
        [
          -0.921909,
          -0.068521,
          0.381299,
          3.231771
        ],
        [
          -0.104736,
          -0.9035,
          -0.415594,
          1.281553
        ],
        [
          0.0,
          0.0,
          0.0,
          1.0
        ]
      ]
    },
    {
      "file_path": "/media/NFS/ttao/scannet/posed_images/scene0418_00/00469.jpg",
      "transform_matrix": [
        [
          0.132124,
          -0.451987,
          0.882185,
          3.028101
        ],
        [
          -0.986451,
          0.027362,
          0.161758,
          3.303524
        ],
        [
          -0.097251,
          -0.891605,
          -0.442248,
          1.269706
        ],
        [
          0.0,
          0.0,
          0.0,
          1.0
        ]
      ]
    },
    {
      "file_path": "/media/NFS/ttao/scannet/posed_images/scene0418_00/00476.jpg",
      "transform_matrix": [
        [
          0.104492,
          -0.467905,
          0.877579,
          3.004071
        ],
        [
          -0.989283,
          0.041583,
          0.139964,
          3.282992
        ],
        [
          -0.101982,
          -0.8828,
          -0.458546,
          1.26116
        ],
        [
          0.0,
          0.0,
          0.0,
          1.0
        ]
      ]
    },
    {
      "file_path": "/media/NFS/ttao/scannet/posed_images/scene0418_00/00483.jpg",
      "transform_matrix": [
        [
          0.064137,
          -0.458182,
          0.886541,
          2.936962
        ],
        [
          -0.993114,
          0.057961,
          0.101803,
          3.321696
        ],
        [
          -0.098029,
          -0.886966,
          -0.45131,
          1.269638
        ],
        [
          0.0,
          0.0,
          0.0,
          1.0
        ]
      ]
    },
    {
      "file_path": "/media/NFS/ttao/scannet/posed_images/scene0418_00/00500.jpg",
      "transform_matrix": [
        [
          -0.019134,
          -0.464244,
          0.885501,
          2.810459
        ],
        [
          -0.993593,
          0.1075,
          0.034889,
          3.381766
        ],
        [
          -0.111388,
          -0.87916,
          -0.463326,
          1.27644
        ],
        [
          0.0,
          0.0,
          0.0,
          1.0
        ]
      ]
    },
    {
      "file_path": "/media/NFS/ttao/scannet/posed_images/scene0418_00/00514.jpg",
      "transform_matrix": [
        [
          -0.118972,
          -0.432075,
          0.893956,
          2.817696
        ],
        [
          -0.988003,
          0.140803,
          -0.063435,
          3.446449
        ],
        [
          -0.098463,
          -0.890778,
          -0.443644,
          1.285991
        ],
        [
          0.0,
          0.0,
          0.0,
          1.0
        ]
      ]
    },
    {
      "file_path": "/media/NFS/ttao/scannet/posed_images/scene0418_00/00521.jpg",
      "transform_matrix": [
        [
          -0.15485,
          -0.411472,
          0.898171,
          2.856128
        ],
        [
          -0.981521,
          0.167524,
          -0.092473,
          3.48718
        ],
        [
          -0.112415,
          -0.895894,
          -0.42981,
          1.300035
        ],
        [
          0.0,
          0.0,
          0.0,
          1.0
        ]
      ]
    },
    {
      "file_path": "/media/NFS/ttao/scannet/posed_images/scene0418_00/00538.jpg",
      "transform_matrix": [
        [
          -0.264028,
          -0.388565,
          0.882783,
          2.956016
        ],
        [
          -0.959157,
          0.202118,
          -0.197906,
          3.558924
        ],
        [
          -0.101527,
          -0.89898,
          -0.42606,
          1.312732
        ],
        [
          0.0,
          0.0,
          0.0,
          1.0
        ]
      ]
    },
    {
      "file_path": "/media/NFS/ttao/scannet/posed_images/scene0418_00/00542.jpg",
      "transform_matrix": [
        [
          -0.268289,
          -0.379309,
          0.88552,
          2.984305
        ],
        [
          -0.958397,
          0.198081,
          -0.205521,
          3.553573
        ],
        [
          -0.097449,
          -0.903819,
          -0.416672,
          1.307007
        ],
        [
          0.0,
          0.0,
          0.0,
          1.0
        ]
      ]
    },
    {
      "file_path": "/media/NFS/ttao/scannet/posed_images/scene0418_00/00559.jpg",
      "transform_matrix": [
        [
          -0.346211,
          -0.376902,
          0.859117,
          3.157644
        ],
        [
          -0.934268,
          0.221803,
          -0.279189,
          3.476992
        ],
        [
          -0.085328,
          -0.899304,
          -0.428918,
          1.305474
        ],
        [
          0.0,
          0.0,
          0.0,
          1.0
        ]
      ]
    },
    {
      "file_path": "/media/NFS/ttao/scannet/posed_images/scene0418_00/00573.jpg",
      "transform_matrix": [
        [
          -0.515365,
          -0.351335,
          0.781641,
          3.260552
        ],
        [
          -0.85401,
          0.286313,
          -0.434388,
          3.428943
        ],
        [
          -0.071179,
          -0.891397,
          -0.447599,
          1.288025
        ],
        [
          0.0,
          0.0,
          0.0,
          1.0
        ]
      ]
    },
    {
      "file_path": "/media/NFS/ttao/scannet/posed_images/scene0418_00/00583.jpg",
      "transform_matrix": [
        [
          -0.636207,
          -0.307647,
          0.707527,
          3.352707
        ],
        [
          -0.768626,
          0.332071,
          -0.546756,
          3.444844
        ],
        [
          -0.066741,
          -0.891674,
          -0.447731,
          1.295853
        ],
        [
          0.0,
          0.0,
          0.0,
          1.0
        ]
      ]
    },
    {
      "file_path": "/media/NFS/ttao/scannet/posed_images/scene0418_00/00587.jpg",
      "transform_matrix": [
        [
          -0.661257,
          -0.295265,
          0.689607,
          3.385831
        ],
        [
          -0.747137,
          0.341659,
          -0.570136,
          3.459073
        ],
        [
          -0.067269,
          -0.892237,
          -0.446528,
          1.295974
        ],
        [
          0.0,
          0.0,
          0.0,
          1.0
        ]
      ]
    },
    {
      "file_path": "/media/NFS/ttao/scannet/posed_images/scene0418_00/00601.jpg",
      "transform_matrix": [
        [
          -0.712235,
          -0.2959,
          0.636525,
          3.462577
        ],
        [
          -0.700126,
          0.364635,
          -0.613893,
          3.457466
        ],
        [
          -0.050448,
          -0.882884,
          -0.466873,
          1.289012
        ],
        [
          0.0,
          0.0,
          0.0,
          1.0
        ]
      ]
    },
    {
      "file_path": "/media/NFS/ttao/scannet/posed_images/scene0418_00/00615.jpg",
      "transform_matrix": [
        [
          -0.709421,
          -0.290457,
          0.64215,
          3.50736
        ],
        [
          -0.703119,
          0.354296,
          -0.616521,
          3.347922
        ],
        [
          -0.048439,
          -0.888881,
          -0.455571,
          1.286339
        ],
        [
          0.0,
          0.0,
          0.0,
          1.0
        ]
      ]
    },
    {
      "file_path": "/media/NFS/ttao/scannet/posed_images/scene0418_00/00621.jpg",
      "transform_matrix": [
        [
          -0.709498,
          -0.306223,
          0.634696,
          3.513211
        ],
        [
          -0.703977,
          0.34897,
          -0.618576,
          3.2903
        ],
        [
          -0.032068,
          -0.88569,
          -0.463168,
          1.281486
        ],
        [
          0.0,
          0.0,
          0.0,
          1.0
        ]
      ]
    },
    {
      "file_path": "/media/NFS/ttao/scannet/posed_images/scene0418_00/00642.jpg",
      "transform_matrix": [
        [
          -0.836162,
          -0.23601,
          0.495108,
          3.640954
        ],
        [
          -0.547122,
          0.422441,
          -0.722634,
          3.168797
        ],
        [
          -0.038606,
          -0.875125,
          -0.482356,
          1.278377
        ],
        [
          0.0,
          0.0,
          0.0,
          1.0
        ]
      ]
    },
    {
      "file_path": "/media/NFS/ttao/scannet/posed_images/scene0418_00/00649.jpg",
      "transform_matrix": [
        [
          -0.882934,
          -0.186422,
          0.430899,
          3.687056
        ],
        [
          -0.4673,
          0.437628,
          -0.768188,
          3.153522
        ],
        [
          -0.045366,
          -0.879618,
          -0.473512,
          1.278946
        ],
        [
          0.0,
          0.0,
          0.0,
          1.0
        ]
      ]
    },
    {
      "file_path": "/media/NFS/ttao/scannet/posed_images/scene0418_00/00667.jpg",
      "transform_matrix": [
        [
          -0.924257,
          -0.155816,
          0.348527,
          3.734784
        ],
        [
          -0.380848,
          0.439789,
          -0.813351,
          3.225705
        ],
        [
          -0.026545,
          -0.884481,
          -0.465821,
          1.28738
        ],
        [
          0.0,
          0.0,
          0.0,
          1.0
        ]
      ]
    },
    {
      "file_path": "/media/NFS/ttao/scannet/posed_images/scene0418_00/00674.jpg",
      "transform_matrix": [
        [
          -0.922607,
          -0.154935,
          0.353257,
          3.7166
        ],
        [
          -0.38476,
          0.434891,
          -0.814143,
          3.289563
        ],
        [
          -0.027489,
          -0.887054,
          -0.460847,
          1.284184
        ],
        [
          0.0,
          0.0,
          0.0,
          1.0
        ]
      ]
    },
    {
      "file_path": "/media/NFS/ttao/scannet/posed_images/scene0418_00/00681.jpg",
      "transform_matrix": [
        [
          -0.923825,
          -0.146602,
          0.353633,
          3.699863
        ],
        [
          -0.381132,
          0.438793,
          -0.813757,
          3.370306
        ],
        [
          -0.035874,
          -0.886549,
          -0.461242,
          1.287246
        ],
        [
          0.0,
          0.0,
          0.0,
          1.0
        ]
      ]
    },
    {
      "file_path": "/media/NFS/ttao/scannet/posed_images/scene0418_00/00691.jpg",
      "transform_matrix": [
        [
          -0.930025,
          -0.127813,
          0.344553,
          3.71035
        ],
        [
          -0.363828,
          0.452349,
          -0.814254,
          3.472524
        ],
        [
          -0.051786,
          -0.882635,
          -0.467198,
          1.300145
        ],
        [
          0.0,
          0.0,
          0.0,
          1.0
        ]
      ]
    },
    {
      "file_path": "/media/NFS/ttao/scannet/posed_images/scene0418_00/00705.jpg",
      "transform_matrix": [
        [
          -0.954487,
          -0.102244,
          0.280181,
          3.791747
        ],
        [
          -0.295639,
          0.448453,
          -0.843498,
          3.565052
        ],
        [
          -0.039406,
          -0.887939,
          -0.45827,
          1.301845
        ],
        [
          0.0,
          0.0,
          0.0,
          1.0
        ]
      ]
    },
    {
      "file_path": "/media/NFS/ttao/scannet/posed_images/scene0418_00/00719.jpg",
      "transform_matrix": [
        [
          -0.979414,
          -0.06096,
          0.192436,
          3.872282
        ],
        [
          -0.198125,
          0.472858,
          -0.858575,
          3.642826
        ],
        [
          -0.038656,
          -0.879027,
          -0.475202,
          1.303082
        ],
        [
          0.0,
          0.0,
          0.0,
          1.0
        ]
      ]
    },
    {
      "file_path": "/media/NFS/ttao/scannet/posed_images/scene0418_00/00726.jpg",
      "transform_matrix": [
        [
          -0.983552,
          -0.058165,
          0.171006,
          3.870947
        ],
        [
          -0.178284,
          0.464612,
          -0.867381,
          3.676358
        ],
        [
          -0.029001,
          -0.883602,
          -0.46734,
          1.29969
        ],
        [
          0.0,
          0.0,
          0.0,
          1.0
        ]
      ]
    },
    {
      "file_path": "/media/NFS/ttao/scannet/posed_images/scene0418_00/00746.jpg",
      "transform_matrix": [
        [
          -0.991445,
          -0.030626,
          0.126881,
          3.788115
        ],
        [
          -0.126035,
          0.477391,
          -0.869605,
          3.705867
        ],
        [
          -0.03394,
          -0.878157,
          -0.477167,
          1.293569
        ],
        [
          0.0,
          0.0,
          0.0,
          1.0
        ]
      ]
    },
    {
      "file_path": "/media/NFS/ttao/scannet/posed_images/scene0418_00/00753.jpg",
      "transform_matrix": [
        [
          -0.99505,
          -0.023035,
          0.09667,
          3.775381
        ],
        [
          -0.095692,
          0.484523,
          -0.869529,
          3.67859
        ],
        [
          -0.02681,
          -0.874475,
          -0.484329,
          1.294189
        ],
        [
          0.0,
          0.0,
          0.0,
          1.0
        ]
      ]
    },
    {
      "file_path": "/media/NFS/ttao/scannet/posed_images/scene0418_00/00764.jpg",
      "transform_matrix": [
        [
          -0.999423,
          -0.006088,
          0.033406,
          3.804272
        ],
        [
          -0.032383,
          0.466907,
          -0.883713,
          3.603957
        ],
        [
          -0.010217,
          -0.884286,
          -0.466835,
          1.302257
        ],
        [
          0.0,
          0.0,
          0.0,
          1.0
        ]
      ]
    },
    {
      "file_path": "/media/NFS/ttao/scannet/posed_images/scene0418_00/00774.jpg",
      "transform_matrix": [
        [
          -0.998937,
          0.030931,
          -0.034189,
          3.810941
        ],
        [
          0.044504,
          0.453246,
          -0.890274,
          3.549672
        ],
        [
          -0.012041,
          -0.890849,
          -0.454141,
          1.316364
        ],
        [
          0.0,
          0.0,
          0.0,
          1.0
        ]
      ]
    },
    {
      "file_path": "/media/NFS/ttao/scannet/posed_images/scene0418_00/00792.jpg",
      "transform_matrix": [
        [
          -0.995402,
          0.065909,
          -0.06951,
          3.738426
        ],
        [
          0.090928,
          0.421891,
          -0.902075,
          3.376296
        ],
        [
          -0.030129,
          -0.904248,
          -0.425944,
          1.331344
        ],
        [
          0.0,
          0.0,
          0.0,
          1.0
        ]
      ]
    },
    {
      "file_path": "/media/NFS/ttao/scannet/posed_images/scene0418_00/00799.jpg",
      "transform_matrix": [
        [
          -0.996372,
          0.0477,
          -0.070474,
          3.723573
        ],
        [
          0.083769,
          0.4039,
          -0.91096,
          3.292598
        ],
        [
          -0.014989,
          -0.913559,
          -0.406431,
          1.332395
        ],
        [
          0.0,
          0.0,
          0.0,
          1.0
        ]
      ]
    },
    {
      "file_path": "/media/NFS/ttao/scannet/posed_images/scene0418_00/00816.jpg",
      "transform_matrix": [
        [
          -0.984473,
          0.056222,
          -0.166291,
          3.74265
        ],
        [
          0.175263,
          0.36783,
          -0.913227,
          3.100415
        ],
        [
          0.009823,
          -0.928192,
          -0.371973,
          1.35691
        ],
        [
          0.0,
          0.0,
          0.0,
          1.0
        ]
      ]
    },
    {
      "file_path": "/media/NFS/ttao/scannet/posed_images/scene0418_00/00826.jpg",
      "transform_matrix": [
        [
          -0.969908,
          0.080421,
          -0.229806,
          3.791659
        ],
        [
          0.243461,
          0.31169,
          -0.918464,
          2.968245
        ],
        [
          -0.002236,
          -0.946775,
          -0.32189,
          1.373269
        ],
        [
          0.0,
          0.0,
          0.0,
          1.0
        ]
      ]
    },
    {
      "file_path": "/media/NFS/ttao/scannet/posed_images/scene0418_00/00837.jpg",
      "transform_matrix": [
        [
          -0.962714,
          0.069222,
          -0.261516,
          3.792184
        ],
        [
          0.269945,
          0.30893,
          -0.911971,
          2.844933
        ],
        [
          0.017662,
          -0.948563,
          -0.316097,
          1.352875
        ],
        [
          0.0,
          0.0,
          0.0,
          1.0
        ]
      ]
    },
    {
      "file_path": "/media/NFS/ttao/scannet/posed_images/scene0418_00/00844.jpg",
      "transform_matrix": [
        [
          -0.954993,
          0.104074,
          -0.277773,
          3.754504
        ],
        [
          0.296485,
          0.305682,
          -0.904796,
          2.74213
        ],
        [
          -0.009255,
          -0.946429,
          -0.32278,
          1.34975
        ],
        [
          0.0,
          0.0,
          0.0,
          1.0
        ]
      ]
    },
    {
      "file_path": "/media/NFS/ttao/scannet/posed_images/scene0418_00/00854.jpg",
      "transform_matrix": [
        [
          -0.933808,
          0.133528,
          -0.331924,
          3.754091
        ],
        [
          0.357771,
          0.353213,
          -0.864431,
          2.565431
        ],
        [
          0.001814,
          -0.925965,
          -0.377606,
          1.32035
        ],
        [
          0.0,
          0.0,
          0.0,
          1.0
        ]
      ]
    },
    {
      "file_path": "/media/NFS/ttao/scannet/posed_images/scene0418_00/00875.jpg",
      "transform_matrix": [
        [
          -0.784891,
          0.248403,
          -0.567664,
          3.750488
        ],
        [
          0.619502,
          0.295678,
          -0.727181,
          2.231366
        ],
        [
          -0.012788,
          -0.922426,
          -0.385961,
          1.287705
        ],
        [
          0.0,
          0.0,
          0.0,
          1.0
        ]
      ]
    },
    {
      "file_path": "/media/NFS/ttao/scannet/posed_images/scene0418_00/00882.jpg",
      "transform_matrix": [
        [
          -0.753073,
          0.269712,
          -0.600113,
          3.706538
        ],
        [
          0.65791,
          0.300587,
          -0.690508,
          2.162556
        ],
        [
          -0.005852,
          -0.914824,
          -0.403811,
          1.289139
        ],
        [
          0.0,
          0.0,
          0.0,
          1.0
        ]
      ]
    },
    {
      "file_path": "/media/NFS/ttao/scannet/posed_images/scene0418_00/00892.jpg",
      "transform_matrix": [
        [
          -0.695351,
          0.296045,
          -0.654862,
          3.621324
        ],
        [
          0.71799,
          0.246545,
          -0.650927,
          2.082887
        ],
        [
          -0.031251,
          -0.922807,
