{
  "frames": [
    {
      "file_path": "/media/NFS/ttao/scannet/posed_images/scene0167_00/00000.jpg",
      "transform_matrix": [
        [
          -0.752388,
          0.33007,
          -0.570058,
          3.814293
        ],
        [
          0.655329,
          0.287372,
          -0.698542,
          2.583141
        ],
        [
          -0.066749,
          -0.89915,
          -0.43252,
          1.394159
        ],
        [
          0.0,
          0.0,
          0.0,
          1.0
        ]
      ]
    },
    {
      "file_path": "/media/NFS/ttao/scannet/posed_images/scene0167_00/00010.jpg",
      "transform_matrix": [
        [
          -0.758056,
          0.375914,
          -0.532954,
          3.72538
        ],
        [
          0.645267,
          0.313552,
          -0.696646,
          2.497157
        ],
        [
          -0.09477,
          -0.871994,
          -0.480255,
          1.38424
        ],
        [
          0.0,
          0.0,
          0.0,
          1.0
        ]
      ]
    },
    {
      "file_path": "/media/NFS/ttao/scannet/posed_images/scene0167_00/00012.jpg",
      "transform_matrix": [
        [
          -0.76294,
          0.375542,
          -0.526205,
          3.711702
        ],
        [
          0.639019,
          0.314868,
          -0.701793,
          2.495761
        ],
        [
          -0.097868,
          -0.87168,
          -0.480203,
          1.383052
        ],
        [
          0.0,
          0.0,
          0.0,
          1.0
        ]
      ]
    },
    {
      "file_path": "/media/NFS/ttao/scannet/posed_images/scene0167_00/00023.jpg",
      "transform_matrix": [
        [
          -0.801006,
          0.35718,
          -0.48043,
          3.667398
        ],
        [
          0.592481,
          0.358005,
          -0.721664,
          2.529361
        ],
        [
          -0.085767,
          -0.862702,
          -0.498386,
          1.3723
        ],
        [
          0.0,
          0.0,
          0.0,
          1.0
        ]
      ]
    },
    {
      "file_path": "/media/NFS/ttao/scannet/posed_images/scene0167_00/00027.jpg",
      "transform_matrix": [
        [
          -0.804917,
          0.36127,
          -0.470737,
          3.654682
        ],
        [
          0.586095,
          0.360038,
          -0.725855,
          2.544131
        ],
        [
          -0.092746,
          -0.860149,
          -0.501539,
          1.372572
        ],
        [
          0.0,
          0.0,
          0.0,
          1.0
        ]
      ]
    },
    {
      "file_path": "/media/NFS/ttao/scannet/posed_images/scene0167_00/00033.jpg",
      "transform_matrix": [
        [
          -0.792097,
          0.359654,
          -0.493185,
          3.660692
        ],
        [
          0.603449,
          0.339856,
          -0.721351,
          2.545328
        ],
        [
          -0.091825,
          -0.868992,
          -0.486231,
          1.387746
        ],
        [
          0.0,
          0.0,
          0.0,
          1.0
        ]
      ]
    },
    {
      "file_path": "/media/NFS/ttao/scannet/posed_images/scene0167_00/00041.jpg",
      "transform_matrix": [
        [
          -0.744685,
          0.376156,
          -0.551317,
          3.666315
        ],
        [
          0.660913,
          0.300587,
          -0.687634,
          2.556898
        ],
        [
          -0.092939,
          -0.876444,
          -0.47245,
          1.390529
        ],
        [
          0.0,
          0.0,
          0.0,
          1.0
        ]
      ]
    },
    {
      "file_path": "/media/NFS/ttao/scannet/posed_images/scene0167_00/00049.jpg",
      "transform_matrix": [
        [
          -0.636149,
          0.436247,
          -0.636398,
          3.687172
        ],
        [
          0.764784,
          0.247395,
          -0.594896,
          2.558343
        ],
        [
          -0.10208,
          -0.86515,
          -0.491015,
          1.371699
        ],
        [
          0.0,
          0.0,
          0.0,
          1.0
        ]
      ]
    },
    {
      "file_path": "/media/NFS/ttao/scannet/posed_images/scene0167_00/00058.jpg",
      "transform_matrix": [
        [
          -0.505894,
          0.486601,
          -0.712243,
          3.718372
        ],
        [
          0.857634,
          0.195305,
          -0.475731,
          2.562645
        ],
        [
          -0.092387,
          -0.851514,
          -0.516129,
          1.373142
        ],
        [
          0.0,
          0.0,
          0.0,
          1.0
        ]
      ]
    },
    {
      "file_path": "/media/NFS/ttao/scannet/posed_images/scene0167_00/00064.jpg",
      "transform_matrix": [
        [
          -0.452199,
          0.467643,
          -0.759491,
          3.77601
        ],
        [
          0.8879,
          0.155293,
          -0.433034,
          2.610245
        ],
        [
          -0.084562,
          -0.870169,
          -0.485443,
          1.386728
        ],
        [
          0.0,
          0.0,
          0.0,
          1.0
        ]
      ]
    },
    {
      "file_path": "/media/NFS/ttao/scannet/posed_images/scene0167_00/00070.jpg",
      "transform_matrix": [
        [
          -0.40226,
          0.4688,
          -0.786392,
          3.812755
        ],
        [
          0.912402,
          0.134387,
          -0.386604,
          2.717641
        ],
        [
          -0.075559,
          -0.873022,
          -0.481793,
          1.37955
        ],
        [
          0.0,
          0.0,
          0.0,
          1.0
        ]
      ]
    },
    {
      "file_path": "/media/NFS/ttao/scannet/posed_images/scene0167_00/00078.jpg",
      "transform_matrix": [
        [
          -0.267918,
          0.495554,
          -0.826224,
          3.915615
        ],
        [
          0.959547,
          0.060217,
          -0.275034,
          2.819933
        ],
        [
          -0.086541,
          -0.866487,
          -0.491641,
          1.376291
        ],
        [
          0.0,
          0.0,
          0.0,
          1.0
        ]
      ]
    },
    {
      "file_path": "/media/NFS/ttao/scannet/posed_images/scene0167_00/00080.jpg",
      "transform_matrix": [
        [
          -0.264504,
          0.493482,
          -0.828561,
          3.917825
        ],
        [
          0.96085,
          0.061359,
          -0.270191,
          2.886834
        ],
        [
          -0.082494,
          -0.867589,
          -0.490392,
          1.384085
        ],
        [
          0.0,
          0.0,
          0.0,
          1.0
        ]
      ]
    },
    {
      "file_path": "/media/NFS/ttao/scannet/posed_images/scene0167_00/00092.jpg",
      "transform_matrix": [
        [
          -0.067241,
          0.435406,
          -0.897719,
          4.00455
        ],
        [
          0.994454,
          -0.04368,
          -0.095672,
          2.87847
        ],
        [
          -0.080869,
          -0.899174,
          -0.430054,
          1.415066
        ],
        [
          0.0,
          0.0,
          0.0,
          1.0
        ]
      ]
    },
    {
      "file_path": "/media/NFS/ttao/scannet/posed_images/scene0167_00/00097.jpg",
      "transform_matrix": [
        [
          -0.025435,
          0.420834,
          -0.906781,
          4.011794
        ],
        [
          0.996766,
          -0.058488,
          -0.055103,
          2.87971
        ],
        [
          -0.076225,
          -0.90525,
          -0.417986,
          1.420324
        ],
        [
          0.0,
          0.0,
          0.0,
          1.0
        ]
      ]
    },
    {
      "file_path": "/media/NFS/ttao/scannet/posed_images/scene0167_00/00105.jpg",
      "transform_matrix": [
        [
          0.079163,
          0.4058,
          -0.910527,
          3.995804
        ],
        [
          0.995751,
          -0.07529,
          0.053018,
          2.829461
        ],
        [
          -0.047039,
          -0.910855,
          -0.410036,
          1.426398
        ],
        [
          0.0,
          0.0,
          0.0,
          1.0
        ]
      ]
    },
    {
      "file_path": "/media/NFS/ttao/scannet/posed_images/scene0167_00/00109.jpg",
      "transform_matrix": [
        [
          0.116138,
          0.416569,
          -0.901655,
          3.97345
        ],
        [
          0.991869,
          -0.096202,
          0.083312,
          2.80264
        ],
        [
          -0.052036,
          -0.904,
          -0.424355,
          1.425191
        ],
        [
          0.0,
          0.0,
          0.0,
          1.0
        ]
      ]
    },
    {
      "file_path": "/media/NFS/ttao/scannet/posed_images/scene0167_00/00115.jpg",
      "transform_matrix": [
        [
          0.190078,
          0.391497,
          -0.900333,
          3.947227
        ],
        [
          0.981286,
          -0.104532,
          0.161714,
          2.763107
        ],
        [
          -0.030803,
          -0.914223,
          -0.40404,
          1.43725
        ],
        [
          0.0,
          0.0,
          0.0,
          1.0
        ]
      ]
    },
    {
      "file_path": "/media/NFS/ttao/scannet/posed_images/scene0167_00/00121.jpg",
      "transform_matrix": [
        [
          0.253434,
          0.407904,
          -0.877146,
          3.919393
        ],
        [
          0.967192,
          -0.123398,
          0.222066,
          2.708233
        ],
        [
          -0.017657,
          -0.904648,
          -0.425795,
          1.39221
        ],
        [
          0.0,
          0.0,
          0.0,
          1.0
        ]
      ]
    },
    {
      "file_path": "/media/NFS/ttao/scannet/posed_images/scene0167_00/00129.jpg",
      "transform_matrix": [
        [
          0.35669,
          0.445463,
          -0.821179,
          3.885729
        ],
        [
          0.934029,
          -0.187942,
          0.303756,
          2.681458
        ],
        [
          -0.019022,
          -0.875352,
          -0.483113,
          1.354107
        ],
        [
          0.0,
          0.0,
          0.0,
          1.0
        ]
      ]
    },
    {
      "file_path": "/media/NFS/ttao/scannet/posed_images/scene0167_00/00138.jpg",
      "transform_matrix": [
        [
          0.430812,
          0.394493,
          -0.81165,
          3.870249
        ],
        [
          0.902419,
          -0.194686,
          0.384366,
          2.719677
        ],
        [
          -0.006387,
          -0.898038,
          -0.439871,
          1.405793
        ],
        [
          0.0,
          0.0,
          0.0,
          1.0
        ]
      ]
    },
    {
      "file_path": "/media/NFS/ttao/scannet/posed_images/scene0167_00/00148.jpg",
      "transform_matrix": [
        [
          0.493137,
          0.250159,
          -0.833208,
          3.879987
        ],
        [
          0.869948,
          -0.14434,
          0.471546,
          2.741012
        ],
        [
          -0.002304,
          -0.957385,
          -0.288805,
          1.467997
        ],
        [
          0.0,
          0.0,
          0.0,
          1.0
        ]
      ]
    },
    {
      "file_path": "/media/NFS/ttao/scannet/posed_images/scene0167_00/00154.jpg",
      "transform_matrix": [
        [
          0.513418,
          0.2061,
          -0.833022,
          3.898
        ],
        [
          0.858123,
          -0.117423,
          0.499837,
          2.760394
        ],
        [
          0.0052,
          -0.97146,
          -0.237146,
          1.486775
        ],
        [
          0.0,
          0.0,
          0.0,
          1.0
        ]
      ]
    },
    {
      "file_path": "/media/NFS/ttao/scannet/posed_images/scene0167_00/00158.jpg",
      "transform_matrix": [
        [
          0.532221,
          0.194584,
          -0.82394,
          3.898455
        ],
        [
          0.846582,
          -0.11509,
          0.519667,
          2.766831
        ],
        [
          0.006292,
          -0.974111,
          -0.225984,
          1.494316
        ],
        [
          0.0,
          0.0,
          0.0,
          1.0
        ]
      ]
    },
    {
      "file_path": "/media/NFS/ttao/scannet/posed_images/scene0167_00/00168.jpg",
      "transform_matrix": [
        [
          0.626278,
          0.127011,
          -0.769184,
          3.888146
        ],
        [
          0.779598,
          -0.100195,
          0.618213,
          2.755713
        ],
        [
          0.001451,
          -0.986828,
          -0.161767,
          1.506151
        ],
        [
          0.0,
          0.0,
          0.0,
          1.0
        ]
      ]
    },
    {
      "file_path": "/media/NFS/ttao/scannet/posed_images/scene0167_00/00175.jpg",
      "transform_matrix": [
        [
          0.682756,
          0.100441,
          -0.72371,
          3.846057
        ],
        [
          0.730537,
          -0.111001,
          0.673791,
          2.708511
        ],
        [
          -0.012656,
          -0.988732,
          -0.149162,
          1.520262
        ],
        [
          0.0,
          0.0,
          0.0,
          1.0
        ]
      ]
    },
    {
      "file_path": "/media/NFS/ttao/scannet/posed_images/scene0167_00/00177.jpg",
      "transform_matrix": [
        [
          0.687529,
          0.101414,
          -0.719041,
          3.839524
        ],
        [
          0.725989,
          -0.117289,
          0.67763,
          2.696594
        ],
        [
          -0.015614,
          -0.987906,
          -0.154265,
          1.510715
        ],
        [
          0.0,
          0.0,
          0.0,
          1.0
        ]
      ]
    },
    {
      "file_path": "/media/NFS/ttao/scannet/posed_images/scene0167_00/00189.jpg",
      "transform_matrix": [
        [
          0.746195,
          0.144705,
          -0.64981,
          3.788623
        ],
        [
          0.665295,
          -0.197247,
          0.720053,
          2.647176
        ],
        [
          -0.023978,
          -0.969616,
          -0.243456,
          1.460424
        ],
        [
          0.0,
          0.0,
          0.0,
          1.0
        ]
      ]
    },
    {
      "file_path": "/media/NFS/ttao/scannet/posed_images/scene0167_00/00191.jpg",
      "transform_matrix": [
        [
          0.748006,
          0.172263,
          -0.640947,
          3.784571
        ],
        [
          0.663398,
          -0.222786,
          0.714331,
          2.651366
        ],
        [
          -0.019742,
          -0.959527,
          -0.280924,
          1.448855
        ],
        [
          0.0,
          0.0,
          0.0,
          1.0
        ]
      ]
    },
    {
      "file_path": "/media/NFS/ttao/scannet/posed_images/scene0167_00/00199.jpg",
      "transform_matrix": [
        [
          0.759075,
          0.207404,
          -0.61708,
          3.780496
        ],
        [
          0.650511,
          -0.27847,
          0.706604,
          2.647411
        ],
        [
          -0.025286,
          -0.937784,
          -0.346298,
          1.391413
        ],
        [
          0.0,
          0.0,
          0.0,
          1.0
        ]
      ]
    },
    {
      "file_path": "/media/NFS/ttao/scannet/posed_images/scene0167_00/00203.jpg",
      "transform_matrix": [
        [
          0.770615,
          0.216776,
          -0.5993,
          3.7803
        ],
        [
          0.636422,
          -0.311144,
          0.705802,
          2.651455
        ],
        [
          -0.033468,
          -0.92531,
          -0.377733,
          1.376144
        ],
        [
          0.0,
          0.0,
          0.0,
          1.0
        ]
      ]
    },
    {
      "file_path": "/media/NFS/ttao/scannet/posed_images/scene0167_00/00214.jpg",
      "transform_matrix": [
        [
          0.823347,
          0.113933,
          -0.555985,
          3.799032
        ],
        [
          0.56691,
          -0.211216,
          0.796242,
          2.655419
        ],
        [
          -0.026715,
          -0.970777,
          -0.238493,
          1.414589
        ],
        [
          0.0,
          0.0,
          0.0,
          1.0
        ]
      ]
    },
    {
      "file_path": "/media/NFS/ttao/scannet/posed_images/scene0167_00/00218.jpg",
      "transform_matrix": [
        [
          0.851578,
          0.094417,
          -0.515656,
          3.798701
        ],
        [
          0.523642,
          -0.199695,
          0.828203,
          2.654521
        ],
        [
          -0.024777,
          -0.975299,
          -0.219497,
          1.430534
        ],
        [
          0.0,
          0.0,
          0.0,
          1.0
        ]
      ]
    },
    {
      "file_path": "/media/NFS/ttao/scannet/posed_images/scene0167_00/00228.jpg",
      "transform_matrix": [
        [
          0.899656,
          0.046914,
          -0.434072,
          3.860481
        ],
        [
          0.436044,
          -0.146704,
          0.887887,
          2.665484
        ],
        [
          -0.022026,
          -0.988067,
          -0.15244,
          1.443333
        ],
        [
          0.0,
          0.0,
          0.0,
          1.0
        ]
      ]
    },
    {
      "file_path": "/media/NFS/ttao/scannet/posed_images/scene0167_00/00232.jpg",
      "transform_matrix": [
        [
          0.906919,
          0.026831,
          -0.420448,
          3.914732
        ],
        [
          0.418809,
          -0.165865,
          0.892798,
          2.679801
        ],
        [
          -0.045783,
          -0.985783,
          -0.161664,
          1.430829
        ],
        [
          0.0,
          0.0,
          0.0,
          1.0
        ]
      ]
    },
    {
      "file_path": "/media/NFS/ttao/scannet/posed_images/scene0167_00/00238.jpg",
      "transform_matrix": [
        [
          0.92217,
          0.036408,
          -0.385066,
          3.938793
        ],
        [
          0.384182,
          -0.20148,
          0.901004,
          2.675587
        ],
        [
          -0.04478,
          -0.978816,
          -0.199787,
          1.407979
        ],
        [
          0.0,
          0.0,
          0.0,
          1.0
        ]
      ]
    },
    {
      "file_path": "/media/NFS/ttao/scannet/posed_images/scene0167_00/00251.jpg",
      "transform_matrix": [
        [
          0.939393,
          0.093422,
          -0.329869,
          4.062691
        ],
        [
          0.341683,
          -0.334195,
          0.878389,
          2.700761
        ],
        [
          -0.02818,
          -0.937863,
          -0.345861,
          1.35957
        ],
        [
          0.0,
          0.0,
          0.0,
          1.0
        ]
      ]
    },
    {
      "file_path": "/media/NFS/ttao/scannet/posed_images/scene0167_00/00255.jpg",
      "transform_matrix": [
        [
          0.945035,
          0.095682,
          -0.312655,
          4.094161
        ],
        [
          0.325904,
          -0.352754,
          0.877127,
          2.696649
        ],
        [
          -0.026365,
          -0.930811,
          -0.364548,
          1.350417
        ],
        [
          0.0,
          0.0,
          0.0,
          1.0
        ]
      ]
    },
    {
      "file_path": "/media/NFS/ttao/scannet/posed_images/scene0167_00/00263.jpg",
      "transform_matrix": [
        [
          0.957394,
          0.060779,
          -0.282318,
          4.171908
        ],
        [
          0.28572,
          -0.341422,
          0.89543,
          2.695816
        ],
        [
          -0.041966,
          -0.937943,
          -0.344241,
          1.361949
        ],
        [
          0.0,
          0.0,
          0.0,
          1.0
        ]
      ]
    },
    {
      "file_path": "/media/NFS/ttao/scannet/posed_images/scene0167_00/00265.jpg",
      "transform_matrix": [
        [
          0.961646,
          0.052068,
          -0.269306,
          4.182752
        ],
        [
          0.270747,
          -0.337546,
          0.901531,
          2.691109
        ],
        [
          -0.043962,
          -0.939868,
          -0.338697,
          1.355801
        ],
        [
          0.0,
          0.0,
          0.0,
          1.0
        ]
      ]
    },
    {
      "file_path": "/media/NFS/ttao/scannet/posed_images/scene0167_00/00275.jpg",
      "transform_matrix": [
        [
          0.975203,
          0.027781,
          -0.219563,
          4.21676
        ],
        [
          0.217026,
          -0.314392,
          0.924152,
          2.698411
        ],
        [
          -0.043355,
          -0.948887,
          -0.312625,
          1.373641
        ],
        [
          0.0,
          0.0,
          0.0,
          1.0
        ]
      ]
    },
    {
      "file_path": "/media/NFS/ttao/scannet/posed_images/scene0167_00/00283.jpg",
      "transform_matrix": [
        [
          0.98379,
          -0.005896,
          -0.179225,
          4.209514
        ],
        [
          0.170787,
          -0.273872,
          0.946481,
          2.71384
        ],
        [
          -0.054665,
          -0.961748,
          -0.268426,
          1.410177
        ],
        [
          0.0,
          0.0,
          0.0,
          1.0
        ]
      ]
    },
    {
      "file_path": "/media/NFS/ttao/scannet/posed_images/scene0167_00/00292.jpg",
      "transform_matrix": [
        [
          0.990213,
          -0.020981,
          -0.137979,
          4.190486
        ],
        [
          0.128423,
          -0.250118,
          0.959661,
          2.730078
        ],
        [
          -0.054645,
          -0.967988,
          -0.244976,
          1.435437
        ],
        [
          0.0,
          0.0,
          0.0,
          1.0
        ]
      ]
    },
    {
      "file_path": "/media/NFS/ttao/scannet/posed_images/scene0167_00/00298.jpg",
      "transform_matrix": [
        [
          0.992458,
          -0.029314,
          -0.11903,
          4.180782
        ],
        [
          0.110022,
          -0.2152,
          0.970352,
          2.732525
        ],
        [
          -0.05406,
          -0.97613,
          -0.210352,
          1.450999
        ],
        [
          0.0,
          0.0,
          0.0,
          1.0
        ]
      ]
    },
    {
      "file_path": "/media/NFS/ttao/scannet/posed_images/scene0167_00/00302.jpg",
      "transform_matrix": [
        [
          0.993593,
          -0.038164,
          -0.106381,
          4.17677
        ],
        [
          0.097177,
          -0.192108,
          0.97655,
          2.735322
        ],
        [
          -0.057705,
          -0.980632,
          -0.187169,
          1.464309
        ],
        [
          0.0,
          0.0,
          0.0,
          1.0
        ]
      ]
    },
    {
      "file_path": "/media/NFS/ttao/scannet/posed_images/scene0167_00/00310.jpg",
      "transform_matrix": [
        [
          0.995495,
          -0.037486,
          -0.087086,
          4.182611
        ],
        [
          0.080025,
          -0.160353,
          0.98381,
          2.735877
        ],
        [
          -0.050844,
          -0.986348,
          -0.156631,
          1.469502
        ],
        [
          0.0,
          0.0,
          0.0,
          1.0
        ]
      ]
    },
    {
      "file_path": "/media/NFS/ttao/scannet/posed_images/scene0167_00/00314.jpg",
      "transform_matrix": [
        [
          0.995721,
          -0.04218,
          -0.082219,
          4.185205
        ],
        [
          0.074233,
          -0.164765,
          0.983535,
          2.7342
        ],
        [
          -0.055033,
          -0.985431,
          -0.160928,
          1.457685
        ],
        [
          0.0,
          0.0,
          0.0,
          1.0
        ]
      ]
    },
    {
      "file_path": "/media/NFS/ttao/scannet/posed_images/scene0167_00/00320.jpg",
      "transform_matrix": [
        [
          0.996394,
          -0.046572,
          -0.070913,
          4.180021
        ],
        [
          0.060698,
          -0.192639,
          0.97939,
          2.742572
        ],
        [
          -0.059272,
          -0.980164,
          -0.189118,
          1.467676
        ],
        [
          0.0,
          0.0,
          0.0,
          1.0
        ]
      ]
    },
    {
      "file_path": "/media/NFS/ttao/scannet/posed_images/scene0167_00/00329.jpg",
      "transform_matrix": [
        [
          0.998103,
          -0.041605,
          -0.045371,
          4.16558
        ],
        [
          0.037393,
          -0.175729,
          0.983728,
          2.738978
        ],
        [
          -0.048901,
          -0.983559,
          -0.17384,
          1.463276
        ],
        [
          0.0,
          0.0,
          0.0,
          1.0
        ]
      ]
    },
    {
      "file_path": "/media/NFS/ttao/scannet/posed_images/scene0167_00/00339.jpg",
      "transform_matrix": [
        [
          0.998795,
          -0.048518,
          0.007416,
          4.151591
        ],
        [
          -0.016943,
          -0.199003,
          0.979852,
          2.746523
        ],
        [
          -0.046065,
          -0.978797,
          -0.199585,
          1.434525
        ],
        [
          0.0,
          0.0,
          0.0,
          1.0
        ]
      ]
    },
    {
      "file_path": "/media/NFS/ttao/scannet/posed_images/scene0167_00/00341.jpg",
      "transform_matrix": [
        [
          0.998377,
          -0.05401,
          0.018039,
          4.142809
        ],
        [
          -0.029003,
          -0.209696,
          0.977336,
          2.754501
        ],
        [
          -0.049004,
          -0.976274,
          -0.210923,
          1.430708
        ],
        [
          0.0,
          0.0,
          0.0,
          1.0
        ]
      ]
    },
    {
      "file_path": "/media/NFS/ttao/scannet/posed_images/scene0167_00/00353.jpg",
      "transform_matrix": [
        [
          0.987398,
          -0.11425,
          0.109503,
          4.11236
        ],
        [
          -0.138791,
          -0.292736,
          0.946067,
          2.788155
        ],
        [
          -0.076033,
          -0.949343,
          -0.304905,
          1.380885
        ],
        [
          0.0,
          0.0,
          0.0,
          1.0
        ]
      ]
    },
    {
      "file_path": "/media/NFS/ttao/scannet/posed_images/scene0167_00/00355.jpg",
      "transform_matrix": [
        [
          0.984051,
          -0.122353,
          0.129124,
          4.102154
        ],
        [
          -0.159974,
          -0.291249,
          0.943176,
          2.795121
        ],
        [
          -0.077793,
          -0.948791,
          -0.306178,
          1.378434
        ],
        [
          0.0,
          0.0,
          0.0,
          1.0
        ]
      ]
    },
    {
      "file_path": "/media/NFS/ttao/scannet/posed_images/scene0167_00/00362.jpg",
      "transform_matrix": [
        [
          0.977528,
          -0.129824,
          0.166085,
          4.105058
        ],
        [
          -0.198857,
          -0.306421,
          0.930893,
          2.831041
        ],
        [
          -0.06996,
          -0.943002,
          -0.325352,
          1.357407
        ],
        [
          0.0,
          0.0,
          0.0,
          1.0
        ]
      ]
    },
    {
      "file_path": "/media/NFS/ttao/scannet/posed_images/scene0167_00/00374.jpg",
      "transform_matrix": [
        [
          0.964742,
          -0.130408,
          0.22862,
          4.198926
        ],
        [
          -0.255721,
          -0.258846,
          0.931453,
          2.91426
        ],
        [
          -0.062292,
          -0.957075,
          -0.283068,
          1.37242
        ],
        [
          0.0,
          0.0,
          0.0,
          1.0
        ]
      ]
    },
    {
      "file_path": "/media/NFS/ttao/scannet/posed_images/scene0167_00/00376.jpg",
      "transform_matrix": [
        [
          0.964531,
          -0.121088,
          0.234557,
          4.205783
        ],
        [
          -0.259138,
          -0.265138,
          0.928735,
          2.928602
        ],
        [
          -0.050269,
          -0.956577,
          -0.287112,
          1.375687
        ],
        [
          0.0,
          0.0,
          0.0,
          1.0
        ]
      ]
    },
    {
      "file_path": "/media/NFS/ttao/scannet/posed_images/scene0167_00/00386.jpg",
      "transform_matrix": [
        [
          0.946426,
          -0.137578,
          0.292145,
          4.268726
        ],
        [
          -0.32,
          -0.278203,
          0.90565,
          3.007681
        ],
        [
          -0.043322,
          -0.950619,
          -0.307324,
          1.38734
        ],
        [
          0.0,
          0.0,
          0.0,
          1.0
        ]
      ]
    },
    {
      "file_path": "/media/NFS/ttao/scannet/posed_images/scene0167_00/00388.jpg",
      "transform_matrix": [
        [
          0.942267,
          -0.14523,
          0.301728,
          4.277878
        ],
        [
          -0.331428,
          -0.27578,
          0.902275,
          3.028529
        ],
        [
          -0.047827,
          -0.950186,
          -0.307992,
          1.386668
        ],
        [
          0.0,
          0.0,
          0.0,
          1.0
        ]
      ]
    },
    {
      "file_path": "/media/NFS/ttao/scannet/posed_images/scene0167_00/00398.jpg",
      "transform_matrix": [
        [
          0.917102,
          -0.147187,
          0.370486,
          4.267028
        ],
        [
          -0.397747,
          -0.275205,
          0.875248,
          3.169898
        ],
        [
          -0.026866,
          -0.950052,
          -0.310934,
          1.388247
        ],
        [
          0.0,
          0.0,
          0.0,
          1.0
        ]
      ]
    },
    {
      "file_path": "/media/NFS/ttao/scannet/posed_images/scene0167_00/00407.jpg",
      "transform_matrix": [
        [
          0.867667,
          -0.187208,
          0.46055,
          4.277391
        ],
        [
          -0.494267,
          -0.225313,
          0.839603,
          3.323433
        ],
        [
          -0.053413,
          -0.956132,
          -0.288027,
          1.412634
        ],
        [
          0.0,
          0.0,
          0.0,
          1.0
        ]
      ]
    },
    {
      "file_path": "/media/NFS/ttao/scannet/posed_images/scene0167_00/00411.jpg",
      "transform_matrix": [
        [
          0.856247,
          -0.214945,
          0.469724,
          4.297748
        ],
        [
          -0.512405,
          -0.238223,
          0.82504,
          3.373214
        ],
        [
          -0.065439,
          -0.947127,
          -0.314117,
          1.406034
        ],
        [
          0.0,
          0.0,
          0.0,
          1.0
        ]
      ]
    },
    {
      "file_path": "/media/NFS/ttao/scannet/posed_images/scene0167_00/00417.jpg",
      "transform_matrix": [
        [
          0.842278,
          -0.232087,
          0.486522,
          4.326256
        ],
        [
          -0.533861,
          -0.234306,
          0.812461,
          3.440734
        ],
        [
          -0.074567,
          -0.944053,
          -0.321253,
          1.403463
        ],
        [
          0.0,
          0.0,
          0.0,
          1.0
        ]
      ]
    },
    {
      "file_path": "/media/NFS/ttao/scannet/posed_images/scene0167_00/00425.jpg",
      "transform_matrix": [
        [
          0.829706,
          -0.26614,
          0.490669,
          4.39697
        ],
        [
          -0.549627,
          -0.236055,
          0.801366,
          3.53928
        ],
        [
          -0.097451,
          -0.934584,
          -0.342134,
          1.397096
        ],
        [
          0.0,
          0.0,
          0.0,
          1.0
        ]
      ]
    },
    {
      "file_path": "/media/NFS/ttao/scannet/posed_images/scene0167_00/00433.jpg",
      "transform_matrix": [
        [
          0.836465,
          -0.260999,
          0.481877,
          4.474174
        ],
        [
          -0.539573,
          -0.238437,
          0.807471,
          3.623356
        ],
        [
          -0.095852,
          -0.935429,
          -0.340273,
          1.390054
        ],
        [
          0.0,
          0.0,
          0.0,
          1.0
        ]
      ]
    },
    {
      "file_path": "/media/NFS/ttao/scannet/posed_images/scene0167_00/00442.jpg",
      "transform_matrix": [
        [
          0.795568,
          -0.275138,
          0.539787,
          4.540808
        ],
        [
          -0.59971,
          -0.230953,
          0.766165,
          3.714927
        ],
        [
          -0.086135,
          -0.933252,
          -0.348742,
          1.379997
        ],
        [
          0.0,
          0.0,
          0.0,
          1.0
        ]
      ]
    },
    {
      "file_path": "/media/NFS/ttao/scannet/posed_images/scene0167_00/00448.jpg",
      "transform_matrix": [
        [
          0.707538,
          -0.317145,
          0.631513,
          4.515296
        ],
        [
          -0.700461,
          -0.196486,
          0.68611,
          3.764034
        ],
        [
          -0.093513,
          -0.927799,
          -0.36117,
          1.385945
        ],
        [
          0.0,
          0.0,
          0.0,
          1.0
        ]
      ]
    },
    {
      "file_path": "/media/NFS/ttao/scannet/posed_images/scene0167_00/00456.jpg",
      "transform_matrix": [
        [
          0.610601,
          -0.312491,
          0.727678,
          4.507383
        ],
        [
          -0.785871,
          -0.125569,
          0.605508,
          3.830697
        ],
        [
          -0.097842,
          -0.941585,
          -0.32225,
          1.391344
        ],
        [
          0.0,
          0.0,
          0.0,
          1.0
        ]
      ]
    },
    {
      "file_path": "/media/NFS/ttao/scannet/posed_images/scene0167_00/00462.jpg",
      "transform_matrix": [
        [
          0.560032,
          -0.357333,
          0.747447,
          4.514325
        ],
        [
          -0.823817,
          -0.144693,
          0.548078,
          3.876656
        ],
        [
          -0.087696,
          -0.922701,
          -0.37541,
          1.382689
        ],
        [
          0.0,
          0.0,
          0.0,
          1.0
        ]
      ]
    },
    {
      "file_path": "/media/NFS/ttao/scannet/posed_images/scene0167_00/00466.jpg",
      "transform_matrix": [
        [
          0.529473,
          -0.378284,
          0.759315,
          4.50232
        ],
        [
          -0.844122,
          -0.145931,
          0.515908,
          3.898571
        ],
        [
          -0.084352,
          -0.914115,
          -0.396584,
          1.378618
        ],
        [
          0.0,
          0.0,
          0.0,
          1.0
        ]
      ]
    },
    {
      "file_path": "/media/NFS/ttao/scannet/posed_images/scene0167_00/00470.jpg",
      "transform_matrix": [
        [
          0.51146,
          -0.377155,
          0.772116,
          4.510645
        ],
        [
          -0.855807,
          -0.142546,
          0.497268,
          3.9083
        ],
        [
          -0.077485,
          -0.915115,
          -0.395678,
          1.384617
        ],
        [
          0.0,
          0.0,
          0.0,
          1.0
        ]
      ]
    },
    {
      "file_path": "/media/NFS/ttao/scannet/posed_images/scene0167_00/00481.jpg",
      "transform_matrix": [
        [
          0.447186,
          -0.405504,
          0.797239,
          4.498398
        ],
        [
          -0.891773,
          -0.133335,
          0.432392,
          3.924437
        ],
        [
          -0.069036,
          -0.904316,
          -0.421243,
          1.374935
        ],
        [
          0.0,
          0.0,
          0.0,
          1.0
        ]
      ]
    },
    {
      "file_path": "/media/NFS/ttao/scannet/posed_images/scene0167_00/00485.jpg",
      "transform_matrix": [
        [
          0.415923,
          -0.410253,
          0.811603,
          4.480381
        ],
        [
          -0.907247,
          -0.125826,
          0.401334,
          3.925681
        ],
        [
          -0.062527,
          -0.90325,
          -0.424535,
          1.370163
        ],
        [
          0.0,
          0.0,
          0.0,
          1.0
        ]
      ]
    },
    {
      "file_path": "/media/NFS/ttao/scannet/posed_images/scene0167_00/00497.jpg",
      "transform_matrix": [
        [
          0.31931,
          -0.437356,
          0.84069,
          4.475469
        ],
        [
          -0.946666,
          -0.106789,
          0.304005,
          3.929301
        ],
        [
          -0.043182,
          -0.892925,
          -0.448129,
          1.35886
        ],
        [
          0.0,
          0.0,
          0.0,
          1.0
        ]
      ]
    },
    {
      "file_path": "/media/NFS/ttao/scannet/posed_images/scene0167_00/00499.jpg",
      "transform_matrix": [
        [
          0.309365,
          -0.440273,
          0.842883,
          4.474462
        ],
        [
          -0.949664,
          -0.097079,
          0.297849,
          3.920156
        ],
        [
          -0.049309,
          -0.892601,
          -0.448144,
          1.359446
        ],
        [
          0.0,
          0.0,
          0.0,
          1.0
        ]
      ]
    },
    {
      "file_path": "/media/NFS/ttao/scannet/posed_images/scene0167_00/00509.jpg",
      "transform_matrix": [
        [
          0.258978,
          -0.424537,
          0.867582,
          4.481747
        ],
        [
          -0.964482,
          -0.065304,
          0.255947,
          3.872319
        ],
        [
          -0.052002,
          -0.903053,
          -0.426371,
          1.370337
        ],
        [
          0.0,
          0.0,
          0.0,
          1.0
        ]
      ]
    },
    {
      "file_path": "/media/NFS/ttao/scannet/posed_images/scene0167_00/00518.jpg",
      "transform_matrix": [
        [
          0.187113,
          -0.428487,
          0.883961,
          4.475634
        ],
        [
          -0.980646,
          -0.028672,
          0.19368,
          3.791529
        ],
        [
          -0.057645,
          -0.903093,
          -0.425559,
          1.386144
        ],
        [
          0.0,
          0.0,
          0.0,
          1.0
        ]
      ]
    },
    {
      "file_path": "/media/NFS/ttao/scannet/posed_images/scene0167_00/00524.jpg",
      "transform_matrix": [
        [
          0.191708,
          -0.423727,
          0.88527,
          4.489006
        ],
        [
          -0.9799,
          -0.031938,
          0.196913,
          3.720567
        ],
        [
          -0.055164,
          -0.905227,
          -0.421334,
          1.378319
        ],
        [
          0.0,
          0.0,
          0.0,
          1.0
        ]
      ]
    },
    {
      "file_path": "/media/NFS/ttao/scannet/posed_images/scene0167_00/00526.jpg",
      "transform_matrix": [
        [
          0.182203,
          -0.421789,
          0.888198,
          4.485421
        ],
        [
          -0.981465,
          -0.023442,
          0.190203,
          3.715303
        ],
        [
          -0.059404,
          -0.906391,
          -0.418242,
