{
  "frames": [
    {
      "file_path": "/media/NFS/ttao/scannet/posed_images/scene0489_02/00000.jpg",
      "transform_matrix": [
        [
          0.999944,
          0.01057,
          -0.000624,
          4.186398
        ],
        [
          0.005293,
          -0.44796,
          0.894038,
          4.497695
        ],
        [
          0.00917,
          -0.893991,
          -0.447991,
          1.374425
        ],
        [
          0.0,
          0.0,
          0.0,
          1.0
        ]
      ]
    },
    {
      "file_path": "/media/NFS/ttao/scannet/posed_images/scene0489_02/00006.jpg",
      "transform_matrix": [
        [
          0.98648,
          0.112358,
          -0.119303,
          4.251425
        ],
        [
          0.156624,
          -0.432117,
          0.888113,
          4.42456
        ],
        [
          0.048234,
          -0.894791,
          -0.443872,
          1.400633
        ],
        [
          0.0,
          0.0,
          0.0,
          1.0
        ]
      ]
    },
    {
      "file_path": "/media/NFS/ttao/scannet/posed_images/scene0489_02/00009.jpg",
      "transform_matrix": [
        [
          0.979814,
          0.133971,
          -0.14838,
          4.277375
        ],
        [
          0.190882,
          -0.406407,
          0.893531,
          4.406471
        ],
        [
          0.059405,
          -0.903817,
          -0.423775,
          1.408579
        ],
        [
          0.0,
          0.0,
          0.0,
          1.0
        ]
      ]
    },
    {
      "file_path": "/media/NFS/ttao/scannet/posed_images/scene0489_02/00017.jpg",
      "transform_matrix": [
        [
          0.964501,
          0.130665,
          -0.229486,
          4.334247
        ],
        [
          0.261141,
          -0.342687,
          0.902425,
          4.386169
        ],
        [
          0.039273,
          -0.930318,
          -0.364644,
          1.450128
        ],
        [
          0.0,
          0.0,
          0.0,
          1.0
        ]
      ]
    },
    {
      "file_path": "/media/NFS/ttao/scannet/posed_images/scene0489_02/00020.jpg",
      "transform_matrix": [
        [
          0.963358,
          0.121501,
          -0.239122,
          4.345877
        ],
        [
          0.266115,
          -0.321503,
          0.908746,
          4.378358
        ],
        [
          0.033535,
          -0.939081,
          -0.342056,
          1.455724
        ],
        [
          0.0,
          0.0,
          0.0,
          1.0
        ]
      ]
    },
    {
      "file_path": "/media/NFS/ttao/scannet/posed_images/scene0489_02/00024.jpg",
      "transform_matrix": [
        [
          0.958038,
          0.101047,
          -0.26824,
          4.357025
        ],
        [
          0.286471,
          -0.30526,
          0.908158,
          4.368885
        ],
        [
          0.009883,
          -0.946893,
          -0.321398,
          1.465721
        ],
        [
          0.0,
          0.0,
          0.0,
          1.0
        ]
      ]
    },
    {
      "file_path": "/media/NFS/ttao/scannet/posed_images/scene0489_02/00029.jpg",
      "transform_matrix": [
        [
          0.940242,
          0.100299,
          -0.3254,
          4.363421
        ],
        [
          0.340491,
          -0.286065,
          0.895674,
          4.35049
        ],
        [
          -0.00325,
          -0.952946,
          -0.303121,
          1.457396
        ],
        [
          0.0,
          0.0,
          0.0,
          1.0
        ]
      ]
    },
    {
      "file_path": "/media/NFS/ttao/scannet/posed_images/scene0489_02/00033.jpg",
      "transform_matrix": [
        [
          0.910068,
          0.13226,
          -0.392789,
          4.346542
        ],
        [
          0.414451,
          -0.295829,
          0.860648,
          4.32983
        ],
        [
          -0.002369,
          -0.94604,
          -0.32404,
          1.440661
        ],
        [
          0.0,
          0.0,
          0.0,
          1.0
        ]
      ]
    },
    {
      "file_path": "/media/NFS/ttao/scannet/posed_images/scene0489_02/00040.jpg",
      "transform_matrix": [
        [
          0.882102,
          0.165437,
          -0.441052,
          4.336981
        ],
        [
          0.470566,
          -0.352282,
          0.80899,
          4.311957
        ],
        [
          -0.021537,
          -0.921156,
          -0.388598,
          1.409627
        ],
        [
          0.0,
          0.0,
          0.0,
          1.0
        ]
      ]
    },
    {
      "file_path": "/media/NFS/ttao/scannet/posed_images/scene0489_02/00042.jpg",
      "transform_matrix": [
        [
          0.884765,
          0.173399,
          -0.432578,
          4.336029
        ],
        [
          0.465462,
          -0.374879,
          0.801755,
          4.309646
        ],
        [
          -0.023141,
          -0.910713,
          -0.41239,
          1.39678
        ],
        [
          0.0,
          0.0,
          0.0,
          1.0
        ]
      ]
    },
    {
      "file_path": "/media/NFS/ttao/scannet/posed_images/scene0489_02/00047.jpg",
      "transform_matrix": [
        [
          0.902482,
          0.167032,
          -0.397021,
          4.341539
        ],
        [
          0.42992,
          -0.405718,
          0.806574,
          4.311412
        ],
        [
          -0.026355,
          -0.898606,
          -0.437964,
          1.38347
        ],
        [
          0.0,
          0.0,
          0.0,
          1.0
        ]
      ]
    },
    {
      "file_path": "/media/NFS/ttao/scannet/posed_images/scene0489_02/00052.jpg",
      "transform_matrix": [
        [
          0.920859,
          0.168489,
          -0.35161,
          4.347096
        ],
        [
          0.389495,
          -0.438383,
          0.810008,
          4.314524
        ],
        [
          -0.017662,
          -0.882854,
          -0.469315,
          1.370371
        ],
        [
          0.0,
          0.0,
          0.0,
          1.0
        ]
      ]
    },
    {
      "file_path": "/media/NFS/ttao/scannet/posed_images/scene0489_02/00060.jpg",
      "transform_matrix": [
        [
          0.96772,
          0.135468,
          -0.212524,
          4.346437
        ],
        [
          0.251871,
          -0.490117,
          0.834473,
          4.324717
        ],
        [
          0.008883,
          -0.861065,
          -0.508417,
          1.358904
        ],
        [
          0.0,
          0.0,
          0.0,
          1.0
        ]
      ]
    },
    {
      "file_path": "/media/NFS/ttao/scannet/posed_images/scene0489_02/00065.jpg",
      "transform_matrix": [
        [
          0.987226,
          0.109162,
          -0.116054,
          4.291859
        ],
        [
          0.155622,
          -0.504524,
          0.849256,
          4.322303
        ],
        [
          0.034154,
          -0.856469,
          -0.515068,
          1.351317
        ],
        [
          0.0,
          0.0,
          0.0,
          1.0
        ]
      ]
    },
    {
      "file_path": "/media/NFS/ttao/scannet/posed_images/scene0489_02/00066.jpg",
      "transform_matrix": [
        [
          0.991491,
          0.096736,
          -0.08711,
          4.281084
        ],
        [
          0.124466,
          -0.508445,
          0.852052,
          4.321543
        ],
        [
          0.038133,
          -0.855644,
          -0.516159,
          1.347294
        ],
        [
          0.0,
          0.0,
          0.0,
          1.0
        ]
      ]
    },
    {
      "file_path": "/media/NFS/ttao/scannet/posed_images/scene0489_02/00072.jpg",
      "transform_matrix": [
        [
          0.997408,
          0.067992,
          0.023532,
          4.229181
        ],
        [
          0.01543,
          -0.521592,
          0.853056,
          4.31381
        ],
        [
          0.070275,
          -0.850482,
          -0.521289,
          1.338073
        ],
        [
          0.0,
          0.0,
          0.0,
          1.0
        ]
      ]
    },
    {
      "file_path": "/media/NFS/ttao/scannet/posed_images/scene0489_02/00076.jpg",
      "transform_matrix": [
        [
          0.991999,
          0.025785,
          0.123587,
          4.189255
        ],
        [
          -0.093355,
          -0.509194,
          0.855574,
          4.30211
        ],
        [
          0.084991,
          -0.860266,
          -0.502713,
          1.326189
        ],
        [
          0.0,
          0.0,
          0.0,
          1.0
        ]
      ]
    },
    {
      "file_path": "/media/NFS/ttao/scannet/posed_images/scene0489_02/00083.jpg",
      "transform_matrix": [
        [
          0.953627,
          -0.087321,
          0.288045,
          4.093414
        ],
        [
          -0.284957,
          -0.57009,
          0.770582,
          4.288566
        ],
        [
          0.096924,
          -0.816928,
          -0.568537,
          1.299698
        ],
        [
          0.0,
          0.0,
          0.0,
          1.0
        ]
      ]
    },
    {
      "file_path": "/media/NFS/ttao/scannet/posed_images/scene0489_02/00089.jpg",
      "transform_matrix": [
        [
          0.916584,
          -0.125473,
          0.379644,
          4.046352
        ],
        [
          -0.377244,
          -0.58605,
          0.7171,
          4.277829
        ],
        [
          0.132514,
          -0.800501,
          -0.584498,
          1.307553
        ],
        [
          0.0,
          0.0,
          0.0,
          1.0
        ]
      ]
    },
    {
      "file_path": "/media/NFS/ttao/scannet/posed_images/scene0489_02/00092.jpg",
      "transform_matrix": [
        [
          0.905329,
          -0.136318,
          0.402239,
          4.02775
        ],
        [
          -0.402564,
          -0.577266,
          0.710427,
          4.259013
        ],
        [
          0.135355,
          -0.805098,
          -0.577492,
          1.308115
        ],
        [
          0.0,
          0.0,
          0.0,
          1.0
        ]
      ]
    },
    {
      "file_path": "/media/NFS/ttao/scannet/posed_images/scene0489_02/00095.jpg",
      "transform_matrix": [
        [
          0.898255,
          -0.153325,
          0.411861,
          4.014715
        ],
        [
          -0.421396,
          -0.566531,
          0.708144,
          4.243725
        ],
        [
          0.124756,
          -0.809651,
          -0.573499,
          1.311384
        ],
        [
          0.0,
          0.0,
          0.0,
          1.0
        ]
      ]
    },
    {
      "file_path": "/media/NFS/ttao/scannet/posed_images/scene0489_02/00099.jpg",
      "transform_matrix": [
        [
          0.886745,
          -0.182003,
          0.42492,
          3.994017
        ],
        [
          -0.449846,
          -0.551346,
          0.702606,
          4.216767
        ],
        [
          0.106402,
          -0.814182,
          -0.570777,
          1.308336
        ],
        [
          0.0,
          0.0,
          0.0,
          1.0
        ]
      ]
    },
    {
      "file_path": "/media/NFS/ttao/scannet/posed_images/scene0489_02/00106.jpg",
      "transform_matrix": [
        [
          0.888085,
          -0.181926,
          0.422146,
          3.937279
        ],
        [
          -0.44952,
          -0.535711,
          0.714805,
          4.138934
        ],
        [
          0.096106,
          -0.824571,
          -0.557536,
          1.307732
        ],
        [
          0.0,
          0.0,
          0.0,
          1.0
        ]
      ]
    },
    {
      "file_path": "/media/NFS/ttao/scannet/posed_images/scene0489_02/00112.jpg",
      "transform_matrix": [
        [
          0.905862,
          -0.162783,
          0.391044,
          3.880874
        ],
        [
          -0.414636,
          -0.529434,
          0.74012,
          4.060372
        ],
        [
          0.086553,
          -0.832587,
          -0.54709,
          1.310167
        ],
        [
          0.0,
          0.0,
          0.0,
          1.0
        ]
      ]
    },
    {
      "file_path": "/media/NFS/ttao/scannet/posed_images/scene0489_02/00118.jpg",
      "transform_matrix": [
        [
          0.918918,
          -0.166738,
          0.357474,
          3.845517
        ],
        [
          -0.390827,
          -0.507377,
          0.767999,
          4.005219
        ],
        [
          0.05332,
          -0.845439,
          -0.531403,
          1.315964
        ],
        [
          0.0,
          0.0,
          0.0,
          1.0
        ]
      ]
    },
    {
      "file_path": "/media/NFS/ttao/scannet/posed_images/scene0489_02/00121.jpg",
      "transform_matrix": [
        [
          0.918384,
          -0.176983,
          0.353904,
          3.841389
        ],
        [
          -0.393973,
          -0.492223,
          0.77621,
          3.980052
        ],
        [
          0.036824,
          -0.852287,
          -0.521776,
          1.318513
        ],
        [
          0.0,
          0.0,
          0.0,
          1.0
        ]
      ]
    },
    {
      "file_path": "/media/NFS/ttao/scannet/posed_images/scene0489_02/00124.jpg",
      "transform_matrix": [
        [
          0.91166,
          -0.187527,
          0.365663,
          3.839026
        ],
        [
          -0.409711,
          -0.483663,
          0.773438,
          3.964862
        ],
        [
          0.031817,
          -0.854929,
          -0.517768,
          1.320582
        ],
        [
          0.0,
          0.0,
          0.0,
          1.0
        ]
      ]
    },
    {
      "file_path": "/media/NFS/ttao/scannet/posed_images/scene0489_02/00131.jpg",
      "transform_matrix": [
        [
          0.890493,
          -0.207375,
          0.404992,
          3.836676
        ],
        [
          -0.453388,
          -0.479237,
          0.751513,
          3.937171
        ],
        [
          0.038241,
          -0.852835,
          -0.520778,
          1.31509
        ],
        [
          0.0,
          0.0,
          0.0,
          1.0
        ]
      ]
    },
    {
      "file_path": "/media/NFS/ttao/scannet/posed_images/scene0489_02/00137.jpg",
      "transform_matrix": [
        [
          0.891369,
          -0.226985,
          0.392351,
          3.86514
        ],
        [
          -0.452838,
          -0.48409,
          0.748728,
          3.902819
        ],
        [
          0.019983,
          -0.845065,
          -0.53429,
          1.326415
        ],
        [
          0.0,
          0.0,
          0.0,
          1.0
        ]
      ]
    },
    {
      "file_path": "/media/NFS/ttao/scannet/posed_images/scene0489_02/00141.jpg",
      "transform_matrix": [
        [
          0.899754,
          -0.22725,
          0.37256,
          3.902088
        ],
        [
          -0.43631,
          -0.485639,
          0.757488,
          3.866275
        ],
        [
          0.008791,
          -0.844104,
          -0.536107,
          1.324285
        ],
        [
          0.0,
          0.0,
          0.0,
          1.0
        ]
      ]
    },
    {
      "file_path": "/media/NFS/ttao/scannet/posed_images/scene0489_02/00145.jpg",
      "transform_matrix": [
        [
          0.919971,
          -0.190257,
          0.342719,
          3.946692
        ],
        [
          -0.391134,
          -0.503199,
          0.770587,
          3.820429
        ],
        [
          0.025847,
          -0.842967,
          -0.537345,
          1.321069
        ],
        [
          0.0,
          0.0,
          0.0,
          1.0
        ]
      ]
    },
    {
      "file_path": "/media/NFS/ttao/scannet/posed_images/scene0489_02/00148.jpg",
      "transform_matrix": [
        [
          0.937025,
          -0.160144,
          0.310383,
          3.984153
        ],
        [
          -0.347344,
          -0.520296,
          0.780157,
          3.781003
        ],
        [
          0.036554,
          -0.838836,
          -0.543156,
          1.320653
        ],
        [
          0.0,
          0.0,
          0.0,
          1.0
        ]
      ]
    },
    {
      "file_path": "/media/NFS/ttao/scannet/posed_images/scene0489_02/00154.jpg",
      "transform_matrix": [
        [
          0.959544,
          -0.155994,
          0.234397,
          4.040352
        ],
        [
          -0.281559,
          -0.528989,
          0.80056,
          3.720719
        ],
        [
          -0.000889,
          -0.834168,
          -0.551509,
          1.335346
        ],
        [
          0.0,
          0.0,
          0.0,
          1.0
        ]
      ]
    },
    {
      "file_path": "/media/NFS/ttao/scannet/posed_images/scene0489_02/00157.jpg",
      "transform_matrix": [
        [
          0.965007,
          -0.160393,
          0.207452,
          4.052787
        ],
        [
          -0.261313,
          -0.522267,
          0.811759,
          3.694245
        ],
        [
          -0.021856,
          -0.837563,
          -0.545904,
          1.337868
        ],
        [
          0.0,
          0.0,
          0.0,
          1.0
        ]
      ]
    },
    {
      "file_path": "/media/NFS/ttao/scannet/posed_images/scene0489_02/00162.jpg",
      "transform_matrix": [
        [
          0.971801,
          -0.162501,
          0.170871,
          4.059027
        ],
        [
          -0.231394,
          -0.517691,
          0.823683,
          3.66229
        ],
        [
          -0.045391,
          -0.839994,
          -0.540694,
          1.332077
        ],
        [
          0.0,
          0.0,
          0.0,
          1.0
        ]
      ]
    },
    {
      "file_path": "/media/NFS/ttao/scannet/posed_images/scene0489_02/00170.jpg",
      "transform_matrix": [
        [
          0.988203,
          -0.108577,
          0.108005,
          4.010036
        ],
        [
          -0.150505,
          -0.558077,
          0.816026,
          3.634652
        ],
        [
          -0.028326,
          -0.822655,
          -0.567835,
          1.322723
        ],
        [
          0.0,
          0.0,
          0.0,
          1.0
        ]
      ]
    },
    {
      "file_path": "/media/NFS/ttao/scannet/posed_images/scene0489_02/00175.jpg",
      "transform_matrix": [
        [
          0.995579,
          -0.059508,
          0.072672,
          3.956528
        ],
        [
          -0.093643,
          -0.568624,
          0.81725,
          3.618178
        ],
        [
          -0.00731,
          -0.820442,
          -0.571683,
          1.317173
        ],
        [
          0.0,
          0.0,
          0.0,
          1.0
        ]
      ]
    },
    {
      "file_path": "/media/NFS/ttao/scannet/posed_images/scene0489_02/00180.jpg",
      "transform_matrix": [
        [
          0.998991,
          -0.024379,
          0.037711,
          3.869785
        ],
        [
          -0.044891,
          -0.563199,
          0.825101,
          3.60239
        ],
        [
          0.001124,
          -0.825962,
          -0.563725,
          1.309634
        ],
        [
          0.0,
          0.0,
          0.0,
          1.0
        ]
      ]
    },
    {
      "file_path": "/media/NFS/ttao/scannet/posed_images/scene0489_02/00184.jpg",
      "transform_matrix": [
        [
          0.999862,
          0.008446,
          -0.014274,
          3.841489
        ],
        [
          0.016556,
          -0.560054,
          0.82829,
          3.59084
        ],
        [
          -0.000999,
          -0.828413,
          -0.560117,
          1.311985
        ],
        [
          0.0,
          0.0,
          0.0,
          1.0
        ]
      ]
    },
    {
      "file_path": "/media/NFS/ttao/scannet/posed_images/scene0489_02/00186.jpg",
      "transform_matrix": [
        [
          0.999279,
          0.024046,
          -0.029367,
          3.829545
        ],
        [
          0.037769,
          -0.553349,
          0.832093,
          3.58847
        ],
        [
          0.003759,
          -0.832602,
          -0.553859,
          1.316391
        ],
        [
          0.0,
          0.0,
          0.0,
          1.0
        ]
      ]
    },
    {
      "file_path": "/media/NFS/ttao/scannet/posed_images/scene0489_02/00193.jpg",
      "transform_matrix": [
        [
          0.99946,
          0.022649,
          -0.023815,
          3.779117
        ],
        [
          0.031957,
          -0.50058,
          0.865101,
          3.610606
        ],
        [
          0.007672,
          -0.865394,
          -0.501033,
          1.373519
        ],
        [
          0.0,
          0.0,
          0.0,
          1.0
        ]
      ]
    },
    {
      "file_path": "/media/NFS/ttao/scannet/posed_images/scene0489_02/00196.jpg",
      "transform_matrix": [
        [
          0.999842,
          0.017532,
          -0.002787,
          3.769648
        ],
        [
          0.01052,
          -0.458685,
          0.888537,
          3.618883
        ],
        [
          0.014299,
          -0.888426,
          -0.458797,
          1.391759
        ],
        [
          0.0,
          0.0,
          0.0,
          1.0
        ]
      ]
    },
    {
      "file_path": "/media/NFS/ttao/scannet/posed_images/scene0489_02/00204.jpg",
      "transform_matrix": [
        [
          0.999195,
          0.001117,
          0.04011,
          3.758805
        ],
        [
          -0.036762,
          -0.375136,
          0.92624,
          3.645356
        ],
        [
          0.016082,
          -0.926969,
          -0.374793,
          1.419745
        ],
        [
          0.0,
          0.0,
          0.0,
          1.0
        ]
      ]
    },
    {
      "file_path": "/media/NFS/ttao/scannet/posed_images/scene0489_02/00206.jpg",
      "transform_matrix": [
        [
          0.999147,
          0.002474,
          0.041233,
          3.757558
        ],
        [
          -0.037432,
          -0.367903,
          0.929111,
          3.654374
        ],
        [
          0.017468,
          -0.929861,
          -0.367496,
          1.419892
        ],
        [
          0.0,
          0.0,
          0.0,
          1.0
        ]
      ]
    },
    {
      "file_path": "/media/NFS/ttao/scannet/posed_images/scene0489_02/00211.jpg",
      "transform_matrix": [
        [
          0.995429,
          -0.006265,
          0.095302,
          3.766913
        ],
        [
          -0.091501,
          -0.348532,
          0.93282,
          3.693884
        ],
        [
          0.027372,
          -0.937276,
          -0.347512,
          1.421725
        ],
        [
          0.0,
          0.0,
          0.0,
          1.0
        ]
      ]
    },
    {
      "file_path": "/media/NFS/ttao/scannet/posed_images/scene0489_02/00214.jpg",
      "transform_matrix": [
        [
          0.986284,
          -0.013786,
          0.164482,
          3.776776
        ],
        [
          -0.158559,
          -0.356011,
          0.920931,
          3.733685
        ],
        [
          0.045861,
          -0.93438,
          -0.353314,
          1.412119
        ],
        [
          0.0,
          0.0,
          0.0,
          1.0
        ]
      ]
    },
    {
      "file_path": "/media/NFS/ttao/scannet/posed_images/scene0489_02/00221.jpg",
      "transform_matrix": [
        [
          0.952878,
          -0.063726,
          0.296585,
          3.845168
        ],
        [
          -0.298503,
          -0.371114,
          0.879301,
          3.832888
        ],
        [
          0.054033,
          -0.926398,
          -0.372649,
          1.39211
        ],
        [
          0.0,
          0.0,
          0.0,
          1.0
        ]
      ]
    },
    {
      "file_path": "/media/NFS/ttao/scannet/posed_images/scene0489_02/00226.jpg",
      "transform_matrix": [
        [
          0.914827,
          -0.108535,
          0.388989,
          3.877532
        ],
        [
          -0.400652,
          -0.36484,
          0.840458,
          3.910617
        ],
        [
          0.050699,
          -0.924723,
          -0.37725,
          1.397616
        ],
        [
          0.0,
          0.0,
          0.0,
          1.0
        ]
      ]
    },
    {
      "file_path": "/media/NFS/ttao/scannet/posed_images/scene0489_02/00232.jpg",
      "transform_matrix": [
        [
          0.855378,
          -0.15323,
          0.494823,
          3.895931
        ],
        [
          -0.514516,
          -0.362005,
          0.77732,
          3.985929
        ],
        [
          0.06002,
          -0.919496,
          -0.38849,
          1.399125
        ],
        [
          0.0,
          0.0,
          0.0,
          1.0
        ]
      ]
    },
    {
      "file_path": "/media/NFS/ttao/scannet/posed_images/scene0489_02/00236.jpg",
      "transform_matrix": [
        [
          0.806153,
          -0.178687,
          0.564082,
          3.894681
        ],
        [
          -0.588298,
          -0.344225,
          0.73172,
          4.039762
        ],
        [
          0.063422,
          -0.921727,
          -0.382619,
          1.400156
        ],
        [
          0.0,
          0.0,
          0.0,
          1.0
        ]
      ]
    },
    {
      "file_path": "/media/NFS/ttao/scannet/posed_images/scene0489_02/00239.jpg",
      "transform_matrix": [
        [
          0.761797,
          -0.19984,
          0.616222,
          3.892315
        ],
        [
          -0.644195,
          -0.334118,
          0.688024,
          4.07828
        ],
        [
          0.068396,
          -0.921102,
          -0.383266,
          1.396991
        ],
        [
          0.0,
          0.0,
          0.0,
          1.0
        ]
      ]
    },
    {
      "file_path": "/media/NFS/ttao/scannet/posed_images/scene0489_02/00247.jpg",
      "transform_matrix": [
        [
          0.623613,
          -0.259059,
          0.73756,
          3.865114
        ],
        [
          -0.777676,
          -0.301588,
          0.551602,
          4.160319
        ],
        [
          0.079542,
          -0.917569,
          -0.389538,
          1.36577
        ],
        [
          0.0,
          0.0,
          0.0,
          1.0
        ]
      ]
    },
    {
      "file_path": "/media/NFS/ttao/scannet/posed_images/scene0489_02/00249.jpg",
      "transform_matrix": [
        [
          0.598011,
          -0.27705,
          0.752081,
          3.855347
        ],
        [
          -0.798318,
          -0.289277,
          0.528212,
          4.183979
        ],
        [
          0.071218,
          -0.916276,
          -0.394165,
          1.360985
        ],
        [
          0.0,
          0.0,
          0.0,
          1.0
        ]
      ]
    },
    {
      "file_path": "/media/NFS/ttao/scannet/posed_images/scene0489_02/00256.jpg",
      "transform_matrix": [
        [
          0.511537,
          -0.365021,
          0.777875,
          3.859574
        ],
        [
          -0.857461,
          -0.275428,
          0.434627,
          4.260191
        ],
        [
          0.055601,
          -0.889325,
          -0.453883,
          1.345292
        ],
        [
          0.0,
          0.0,
          0.0,
          1.0
        ]
      ]
    },
    {
      "file_path": "/media/NFS/ttao/scannet/posed_images/scene0489_02/00260.jpg",
      "transform_matrix": [
        [
          0.458866,
          -0.399022,
          0.793867,
          3.877929
        ],
        [
          -0.886678,
          -0.262926,
          0.380357,
          4.295692
        ],
        [
          0.056958,
          -0.878437,
          -0.474452,
          1.330087
        ],
        [
          0.0,
          0.0,
          0.0,
          1.0
        ]
      ]
    },
    {
      "file_path": "/media/NFS/ttao/scannet/posed_images/scene0489_02/00265.jpg",
      "transform_matrix": [
        [
          0.412558,
          -0.425843,
          0.805266,
          3.907464
        ],
        [
          -0.909133,
          -0.248005,
          0.334621,
          4.327485
        ],
        [
          0.057214,
          -0.870145,
          -0.489464,
          1.312521
        ],
        [
          0.0,
          0.0,
          0.0,
          1.0
        ]
      ]
    },
    {
      "file_path": "/media/NFS/ttao/scannet/posed_images/scene0489_02/00269.jpg",
      "transform_matrix": [
        [
          0.383313,
          -0.439197,
          0.812513,
          3.935703
        ],
        [
          -0.923067,
          -0.212554,
          0.320575,
          4.346125
        ],
        [
          0.031907,
          -0.872884,
          -0.486883,
          1.301548
        ],
        [
          0.0,
          0.0,
          0.0,
          1.0
        ]
      ]
    },
    {
      "file_path": "/media/NFS/ttao/scannet/posed_images/scene0489_02/00272.jpg",
      "transform_matrix": [
        [
          0.357613,
          -0.457306,
          0.814239,
          3.971649
        ],
        [
          -0.933624,
          -0.195073,
          0.300487,
          4.353092
        ],
        [
          0.021421,
          -0.867651,
          -0.496712,
          1.303777
        ],
        [
          0.0,
          0.0,
          0.0,
          1.0
        ]
      ]
    },
    {
      "file_path": "/media/NFS/ttao/scannet/posed_images/scene0489_02/00279.jpg",
      "transform_matrix": [
        [
          0.278833,
          -0.431694,
          0.857842,
          4.044137
        ],
        [
          -0.960007,
          -0.148824,
          0.237147,
          4.381335
        ],
        [
          0.025292,
          -0.889658,
          -0.455926,
          1.318758
        ],
        [
          0.0,
          0.0,
          0.0,
          1.0
        ]
      ]
    },
    {
      "file_path": "/media/NFS/ttao/scannet/posed_images/scene0489_02/00285.jpg",
      "transform_matrix": [
        [
          0.20282,
          -0.412339,
          0.888167,
          4.104805
        ],
        [
          -0.978204,
          -0.126547,
          0.164631,
          4.418258
        ],
        [
          0.044511,
          -0.902199,
          -0.429018,
          1.330743
        ],
        [
          0.0,
          0.0,
          0.0,
          1.0
        ]
      ]
    },
    {
      "file_path": "/media/NFS/ttao/scannet/posed_images/scene0489_02/00290.jpg",
      "transform_matrix": [
        [
          0.111955,
          -0.395535,
          0.911602,
          4.155285
        ],
        [
          -0.991491,
          -0.105777,
          0.075871,
          4.464642
        ],
        [
          0.066417,
          -0.91234,
          -0.404012,
          1.330534
        ],
        [
          0.0,
          0.0,
          0.0,
          1.0
        ]
      ]
    },
    {
      "file_path": "/media/NFS/ttao/scannet/posed_images/scene0489_02/00295.jpg",
      "transform_matrix": [
        [
          0.036483,
          -0.371068,
          0.927889,
          4.208833
        ],
        [
          -0.997545,
          -0.069069,
          0.011601,
          4.532763
        ],
        [
          0.059783,
          -0.926034,
          -0.372676,
          1.338717
        ],
        [
          0.0,
          0.0,
          0.0,
          1.0
        ]
      ]
    },
    {
      "file_path": "/media/NFS/ttao/scannet/posed_images/scene0489_02/00299.jpg",
      "transform_matrix": [
        [
          -0.02151,
          -0.347857,
          0.937301,
          4.261851
        ],
        [
          -0.999235,
          -0.023163,
          -0.031528,
          4.603899
        ],
        [
          0.032678,
          -0.937262,
          -0.347092,
          1.354105
        ],
        [
          0.0,
          0.0,
          0.0,
          1.0
        ]
      ]
    },
    {
      "file_path": "/media/NFS/ttao/scannet/posed_images/scene0489_02/00305.jpg",
      "transform_matrix": [
        [
          -0.109409,
          -0.3167,
          0.942195,
          4.343268
        ],
        [
          -0.993913,
          0.047181,
          -0.099556,
          4.709046
        ],
        [
          -0.012924,
          -0.947352,
          -0.319934,
          1.364892
        ],
        [
          0.0,
          0.0,
          0.0,
          1.0
        ]
      ]
    },
    {
      "file_path": "/media/NFS/ttao/scannet/posed_images/scene0489_02/00309.jpg",
      "transform_matrix": [
        [
          -0.153808,
          -0.29577,
          0.942795,
          4.39168
        ],
        [
          -0.988061,
          0.037516,
          -0.149424,
          4.764451
        ],
        [
          0.008825,
          -0.954522,
          -0.298009,
          1.359016
        ],
        [
          0.0,
          0.0,
          0.0,
          1.0
        ]
      ]
    },
    {
      "file_path": "/media/NFS/ttao/scannet/posed_images/scene0489_02/00313.jpg",
      "transform_matrix": [
        [
          -0.198421,
          -0.288352,
          0.93674,
          4.433325
        ],
        [
          -0.978913,
          0.01095,
          -0.203983,
          4.825282
        ],
        [
          0.048562,
          -0.957462,
          -0.284445,
          1.338205
        ],
        [
          0.0,
          0.0,
          0.0,
          1.0
        ]
      ]
    },
    {
      "file_path": "/media/NFS/ttao/scannet/posed_images/scene0489_02/00318.jpg",
      "transform_matrix": [
        [
          -0.233128,
          -0.285266,
          0.929664,
          4.478012
        ],
        [
          -0.969321,
          -0.008411,
          -0.245653,
          4.88164
        ],
        [
          0.077896,
          -0.958412,
          -0.274554,
          1.317101
        ],
        [
          0.0,
          0.0,
          0.0,
          1.0
        ]
      ]
    },
    {
      "file_path": "/media/NFS/ttao/scannet/posed_images/scene0489_02/00321.jpg",
      "transform_matrix": [
        [
          -0.257423,
          -0.275981,
          0.92605,
          4.500108
        ],
        [
          -0.962466,
          -0.012046,
          -0.271135,
          4.91996
        ],
        [
          0.085983,
          -0.961088,
          -0.262522,
          1.302286
        ],
        [
          0.0,
          0.0,
          0.0,
          1.0
        ]
      ]
    },
    {
      "file_path": "/media/NFS/ttao/scannet/posed_images/scene0489_02/00328.jpg",
      "transform_matrix": [
        [
          -0.248319,
          -0.293758,
          0.923062,
          4.518341
        ],
        [
          -0.961052,
          -0.04463,
          -0.272742,
          4.982041
        ],
        [
          0.121316,
          -0.954838,
          -0.271234,
          1.263522
        ],
        [
          0.0,
          0.0,
          0.0,
          1.0
        ]
      ]
    },
    {
      "file_path": "/media/NFS/ttao/scannet/posed_images/scene0489_02/00329.jpg",
      "transform_matrix": [
        [
          -0.237113,
          -0.295725,
          0.925378,
          4.516929
        ],
        [
          -0.963641,
          -0.049183,
          -0.262635,
          4.989155
        ],
        [
          0.12318,
          -0.954006,
          -0.273311,
          1.259058
        ],
        [
          0.0,
          0.0,
          0.0,
          1.0
        ]
      ]
    },
    {
      "file_path": "/media/NFS/ttao/scannet/posed_images/scene0489_02/00338.jpg",
      "transform_matrix": [
        [
          -0.105455,
          -0.346735,
          0.932016,
          4.467634
        ],
        [
          -0.985945,
          -0.085675,
          -0.14343,
          5.00077
        ],
        [
          0.129582,
          -0.934042,
          -0.332827,
          1.2171
        ],
        [
          0.0,
          0.0,
          0.0,
          1.0
        ]
      ]
    },
    {
      "file_path": "/media/NFS/ttao/scannet/posed_images/scene0489_02/00342.jpg",
      "transform_matrix": [
        [
          -0.057369,
          -0.378762,
          0.923714,
          4.445389
        ],
        [
          -0.989482,
          -0.101495,
          -0.103071,
          4.977999
        ],
        [
          0.132792,
          -0.919912,
          -0.368955,
          1.216152
        ],
        [
          0.0,
          0.0,
          0.0,
          1.0
        ]
      ]
    },
    {
      "file_path": "/media/NFS/ttao/scannet/posed_images/scene0489_02/00347.jpg",
      "transform_matrix": [
        [
          -0.031801,
          -0.392299,
          0.919288,
          4.417284
        ],
        [
          -0.99121,
          -0.105794,
          -0.079436,
          4.913803
        ],
        [
          0.128417,
          -0.913734,
          -0.385486,
          1.234982
        ],
        [
          0.0,
          0.0,
          0.0,
          1.0
        ]
      ]
    },
    {
      "file_path": "/media/NFS/ttao/scannet/posed_images/scene0489_02/00351.jpg",
      "transform_matrix": [
        [
          -0.002009,
          -0.404919,
          0.914351,
          4.389493
        ],
        [
          -0.991652,
          -0.117083,
          -0.054029,
          4.847405
        ],
        [
          0.128932,
          -0.906826,
          -0.401303,
          1.258801
        ],
        [
          0.0,
          0.0,
          0.0,
          1.0
        ]
      ]
    },
    {
      "file_path": "/media/NFS/ttao/scannet/posed_images/scene0489_02/00354.jpg",
      "transform_matrix": [
        [
          0.035793,
          -0.400017,
          0.915809,
          4.359551
        ],
        [
          -0.992201,
          -0.123711,
          -0.015257,
          4.793187
        ],
        [
          0.119399,
          -0.90812,
          -0.401325,
          1.280181
        ],
        [
          0.0,
          0.0,
          0.0,
          1.0
        ]
      ]
    },
    {
      "file_path": "/media/NFS/ttao/scannet/posed_images/scene0489_02/00362.jpg",
      "transform_matrix": [
        [
          0.103451,
          -0.349832,
          0.931083,
          4.251761
        ],
        [
          -0.991579,
          -0.109595,
          0.068995,
          4.598952
        ],
        [
          0.077905,
          -0.93038,
          -0.358224,
          1.317002
        ],
        [
          0.0,
          0.0,
          0.0,
          1.0
        ]
      ]
    },
    {
      "file_path": "/media/NFS/ttao/scannet/posed_images/scene0489_02/00364.jpg",
      "transform_matrix": [
        [
          0.128833,
          -0.346585,
          0.929129,
          4.219787
        ],
        [
          -0.989579,
          -0.105691,
          0.09779,
          4.550797
        ],
        [
          0.064308,
          -0.932045,
          -0.356589,
          1.316828
        ],
        [
          0.0,
          0.0,
          0.0,
          1.0
        ]
      ]
    },
    {
      "file_path": "/media/NFS/ttao/scannet/posed_images/scene0489_02/00368.jpg",
      "transform_matrix": [
        [
          0.175528,
          -0.361429,
          0.915729,
          4.162899
        ],
        [
          -0.983481,
          -0.106151,
          0.146618,
          4.461234
        ],
        [
          0.044214,
          -0.926337,
          -0.374091,
          1.32212
