{
  "frames": [
    {
      "file_path": "/media/NFS/ttao/scannet/posed_images/scene0092_00/00002.jpg",
      "transform_matrix": [
        [
          0.864639,
          -0.19262,
          0.464001,
          3.015996
        ],
        [
          -0.501175,
          -0.266422,
          0.823312,
          2.015925
        ],
        [
          -0.034966,
          -0.944414,
          -0.326895,
          1.430969
        ],
        [
          0.0,
          0.0,
          0.0,
          1.0
        ]
      ]
    },
    {
      "file_path": "/media/NFS/ttao/scannet/posed_images/scene0092_00/00009.jpg",
      "transform_matrix": [
        [
          0.859994,
          -0.189108,
          0.473971,
          3.018664
        ],
        [
          -0.509792,
          -0.276775,
          0.81456,
          2.017763
        ],
        [
          -0.022856,
          -0.942143,
          -0.33443,
          1.427395
        ],
        [
          0.0,
          0.0,
          0.0,
          1.0
        ]
      ]
    },
    {
      "file_path": "/media/NFS/ttao/scannet/posed_images/scene0092_00/00018.jpg",
      "transform_matrix": [
        [
          0.880553,
          -0.239594,
          0.408927,
          3.026226
        ],
        [
          -0.473005,
          -0.389865,
          0.790109,
          2.030385
        ],
        [
          -0.029879,
          -0.889157,
          -0.456626,
          1.34614
        ],
        [
          0.0,
          0.0,
          0.0,
          1.0
        ]
      ]
    },
    {
      "file_path": "/media/NFS/ttao/scannet/posed_images/scene0092_00/00025.jpg",
      "transform_matrix": [
        [
          0.887033,
          -0.276428,
          0.36981,
          3.015043
        ],
        [
          -0.459226,
          -0.445324,
          0.768634,
          2.040508
        ],
        [
          -0.047787,
          -0.85163,
          -0.52196,
          1.299664
        ],
        [
          0.0,
          0.0,
          0.0,
          1.0
        ]
      ]
    },
    {
      "file_path": "/media/NFS/ttao/scannet/posed_images/scene0092_00/00029.jpg",
      "transform_matrix": [
        [
          0.897133,
          -0.275145,
          0.345612,
          3.014653
        ],
        [
          -0.438848,
          -0.465378,
          0.768658,
          2.043622
        ],
        [
          -0.050652,
          -0.84126,
          -0.538253,
          1.2959
        ],
        [
          0.0,
          0.0,
          0.0,
          1.0
        ]
      ]
    },
    {
      "file_path": "/media/NFS/ttao/scannet/posed_images/scene0092_00/00038.jpg",
      "transform_matrix": [
        [
          0.97253,
          -0.15242,
          0.175935,
          3.016484
        ],
        [
          -0.223012,
          -0.393472,
          0.891878,
          2.025573
        ],
        [
          -0.066714,
          -0.906613,
          -0.416655,
          1.380092
        ],
        [
          0.0,
          0.0,
          0.0,
          1.0
        ]
      ]
    },
    {
      "file_path": "/media/NFS/ttao/scannet/posed_images/scene0092_00/00049.jpg",
      "transform_matrix": [
        [
          0.999732,
          -0.008008,
          -0.021724,
          3.097421
        ],
        [
          0.019389,
          -0.223235,
          0.974572,
          1.945742
        ],
        [
          -0.012654,
          -0.974732,
          -0.22302,
          1.428511
        ],
        [
          0.0,
          0.0,
          0.0,
          1.0
        ]
      ]
    },
    {
      "file_path": "/media/NFS/ttao/scannet/posed_images/scene0092_00/00051.jpg",
      "transform_matrix": [
        [
          0.99947,
          -0.00556,
          -0.03209,
          3.084995
        ],
        [
          0.030154,
          -0.214271,
          0.976309,
          1.929225
        ],
        [
          -0.012304,
          -0.976759,
          -0.213989,
          1.426061
        ],
        [
          0.0,
          0.0,
          0.0,
          1.0
        ]
      ]
    },
    {
      "file_path": "/media/NFS/ttao/scannet/posed_images/scene0092_00/00060.jpg",
      "transform_matrix": [
        [
          0.995446,
          0.022385,
          -0.092666,
          3.070243
        ],
        [
          0.095079,
          -0.162542,
          0.98211,
          1.900033
        ],
        [
          0.006922,
          -0.986448,
          -0.163931,
          1.456852
        ],
        [
          0.0,
          0.0,
          0.0,
          1.0
        ]
      ]
    },
    {
      "file_path": "/media/NFS/ttao/scannet/posed_images/scene0092_00/00067.jpg",
      "transform_matrix": [
        [
          0.988314,
          0.05583,
          -0.141839,
          3.015658
        ],
        [
          0.151335,
          -0.247972,
          0.956874,
          1.894786
        ],
        [
          0.01825,
          -0.967157,
          -0.253523,
          1.407207
        ],
        [
          0.0,
          0.0,
          0.0,
          1.0
        ]
      ]
    },
    {
      "file_path": "/media/NFS/ttao/scannet/posed_images/scene0092_00/00076.jpg",
      "transform_matrix": [
        [
          0.964389,
          0.07003,
          -0.255046,
          2.939929
        ],
        [
          0.26204,
          -0.383832,
          0.885442,
          1.909262
        ],
        [
          -0.035888,
          -0.920744,
          -0.388514,
          1.362777
        ],
        [
          0.0,
          0.0,
          0.0,
          1.0
        ]
      ]
    },
    {
      "file_path": "/media/NFS/ttao/scannet/posed_images/scene0092_00/00085.jpg",
      "transform_matrix": [
        [
          0.950713,
          0.087355,
          -0.297513,
          2.892489
        ],
        [
          0.304148,
          -0.449391,
          0.839965,
          1.920519
        ],
        [
          -0.060324,
          -0.889054,
          -0.453811,
          1.309142
        ],
        [
          0.0,
          0.0,
          0.0,
          1.0
        ]
      ]
    },
    {
      "file_path": "/media/NFS/ttao/scannet/posed_images/scene0092_00/00089.jpg",
      "transform_matrix": [
        [
          0.938991,
          0.111271,
          -0.325446,
          2.891674
        ],
        [
          0.339594,
          -0.449917,
          0.825985,
          1.946406
        ],
        [
          -0.054516,
          -0.886112,
          -0.460255,
          1.309693
        ],
        [
          0.0,
          0.0,
          0.0,
          1.0
        ]
      ]
    },
    {
      "file_path": "/media/NFS/ttao/scannet/posed_images/scene0092_00/00096.jpg",
      "transform_matrix": [
        [
          0.903281,
          0.119475,
          -0.412078,
          2.90594
        ],
        [
          0.42563,
          -0.370524,
          0.825561,
          2.016574
        ],
        [
          -0.054051,
          -0.921107,
          -0.385539,
          1.341704
        ],
        [
          0.0,
          0.0,
          0.0,
          1.0
        ]
      ]
    },
    {
      "file_path": "/media/NFS/ttao/scannet/posed_images/scene0092_00/00103.jpg",
      "transform_matrix": [
        [
          0.855693,
          0.154276,
          -0.493952,
          2.891743
        ],
        [
          0.516434,
          -0.315362,
          0.796142,
          2.060907
        ],
        [
          -0.032948,
          -0.936347,
          -0.349527,
          1.366603
        ],
        [
          0.0,
          0.0,
          0.0,
          1.0
        ]
      ]
    },
    {
      "file_path": "/media/NFS/ttao/scannet/posed_images/scene0092_00/00116.jpg",
      "transform_matrix": [
        [
          0.774431,
          0.252354,
          -0.58015,
          2.797424
        ],
        [
          0.631692,
          -0.359091,
          0.687036,
          2.109692
        ],
        [
          -0.03495,
          -0.898538,
          -0.437501,
          1.276801
        ],
        [
          0.0,
          0.0,
          0.0,
          1.0
        ]
      ]
    },
    {
      "file_path": "/media/NFS/ttao/scannet/posed_images/scene0092_00/00118.jpg",
      "transform_matrix": [
        [
          0.774862,
          0.267783,
          -0.572608,
          2.782353
        ],
        [
          0.631587,
          -0.365478,
          0.683757,
          2.12066
        ],
        [
          -0.026178,
          -0.89147,
          -0.452324,
          1.263472
        ],
        [
          0.0,
          0.0,
          0.0,
          1.0
        ]
      ]
    },
    {
      "file_path": "/media/NFS/ttao/scannet/posed_images/scene0092_00/00130.jpg",
      "transform_matrix": [
        [
          0.743162,
          0.341979,
          -0.575119,
          2.66129
        ],
        [
          0.667849,
          -0.431899,
          0.60617,
          2.189814
        ],
        [
          -0.041096,
          -0.834574,
          -0.549361,
          1.245648
        ],
        [
          0.0,
          0.0,
          0.0,
          1.0
        ]
      ]
    },
    {
      "file_path": "/media/NFS/ttao/scannet/posed_images/scene0092_00/00134.jpg",
      "transform_matrix": [
        [
          0.72607,
          0.349604,
          -0.592114,
          2.639576
        ],
        [
          0.68639,
          -0.419982,
          0.593704,
          2.21368
        ],
        [
          -0.041116,
          -0.837492,
          -0.544901,
          1.251586
        ],
        [
          0.0,
          0.0,
          0.0,
          1.0
        ]
      ]
    },
    {
      "file_path": "/media/NFS/ttao/scannet/posed_images/scene0092_00/00145.jpg",
      "transform_matrix": [
        [
          0.691681,
          0.314089,
          -0.650327,
          2.565998
        ],
        [
          0.721832,
          -0.329539,
          0.608575,
          2.264879
        ],
        [
          -0.023162,
          -0.890366,
          -0.454655,
          1.326864
        ],
        [
          0.0,
          0.0,
          0.0,
          1.0
        ]
      ]
    },
    {
      "file_path": "/media/NFS/ttao/scannet/posed_images/scene0092_00/00148.jpg",
      "transform_matrix": [
        [
          0.692539,
          0.300431,
          -0.655844,
          2.530225
        ],
        [
          0.72089,
          -0.321745,
          0.613839,
          2.262804
        ],
        [
          -0.026598,
          -0.897898,
          -0.439398,
          1.340224
        ],
        [
          0.0,
          0.0,
          0.0,
          1.0
        ]
      ]
    },
    {
      "file_path": "/media/NFS/ttao/scannet/posed_images/scene0092_00/00159.jpg",
      "transform_matrix": [
        [
          0.816865,
          0.163342,
          -0.553219,
          2.350761
        ],
        [
          0.575261,
          -0.301358,
          0.760433,
          2.185389
        ],
        [
          -0.042506,
          -0.939416,
          -0.340133,
          1.382926
        ],
        [
          0.0,
          0.0,
          0.0,
          1.0
        ]
      ]
    },
    {
      "file_path": "/media/NFS/ttao/scannet/posed_images/scene0092_00/00165.jpg",
      "transform_matrix": [
        [
          0.828997,
          0.191163,
          -0.525566,
          2.256068
        ],
        [
          0.55915,
          -0.301268,
          0.772391,
          2.137249
        ],
        [
          -0.010684,
          -0.934181,
          -0.356639,
          1.342947
        ],
        [
          0.0,
          0.0,
          0.0,
          1.0
        ]
      ]
    },
    {
      "file_path": "/media/NFS/ttao/scannet/posed_images/scene0092_00/00172.jpg",
      "transform_matrix": [
        [
          0.816451,
          0.292596,
          -0.497791,
          2.160499
        ],
        [
          0.574781,
          -0.329586,
          0.748999,
          2.104481
        ],
        [
          0.05509,
          -0.897642,
          -0.437269,
          1.247632
        ],
        [
          0.0,
          0.0,
          0.0,
          1.0
        ]
      ]
    },
    {
      "file_path": "/media/NFS/ttao/scannet/posed_images/scene0092_00/00179.jpg",
      "transform_matrix": [
        [
          0.840153,
          0.334084,
          -0.427236,
          2.094262
        ],
        [
          0.533809,
          -0.370134,
          0.760296,
          2.111034
        ],
        [
          0.095868,
          -0.866827,
          -0.489306,
          1.167346
        ],
        [
          0.0,
          0.0,
          0.0,
          1.0
        ]
      ]
    },
    {
      "file_path": "/media/NFS/ttao/scannet/posed_images/scene0092_00/00188.jpg",
      "transform_matrix": [
        [
          0.820948,
          0.403129,
          -0.40439,
          2.056473
        ],
        [
          0.55336,
          -0.386994,
          0.737583,
          2.128165
        ],
        [
          0.140845,
          -0.829291,
          -0.540777,
          1.138693
        ],
        [
          0.0,
          0.0,
          0.0,
          1.0
        ]
      ]
    },
    {
      "file_path": "/media/NFS/ttao/scannet/posed_images/scene0092_00/00197.jpg",
      "transform_matrix": [
        [
          0.807284,
          0.30314,
          -0.506358,
          2.097627
        ],
        [
          0.588257,
          -0.344417,
          0.731663,
          2.136826
        ],
        [
          0.047398,
          -0.888528,
          -0.456367,
          1.268838
        ],
        [
          0.0,
          0.0,
          0.0,
          1.0
        ]
      ]
    },
    {
      "file_path": "/media/NFS/ttao/scannet/posed_images/scene0092_00/00199.jpg",
      "transform_matrix": [
        [
          0.806304,
          0.282399,
          -0.519736,
          2.113339
        ],
        [
          0.591028,
          -0.349461,
          0.727024,
          2.14807
        ],
        [
          0.023684,
          -0.89338,
          -0.448677,
          1.294112
        ],
        [
          0.0,
          0.0,
          0.0,
          1.0
        ]
      ]
    },
    {
      "file_path": "/media/NFS/ttao/scannet/posed_images/scene0092_00/00212.jpg",
      "transform_matrix": [
        [
          0.838936,
          0.133888,
          -0.527504,
          2.211903
        ],
        [
          0.540201,
          -0.322587,
          0.777252,
          2.198239
        ],
        [
          -0.066101,
          -0.937023,
          -0.342956,
          1.41393
        ],
        [
          0.0,
          0.0,
          0.0,
          1.0
        ]
      ]
    },
    {
      "file_path": "/media/NFS/ttao/scannet/posed_images/scene0092_00/00217.jpg",
      "transform_matrix": [
        [
          0.83881,
          0.104835,
          -0.534236,
          2.228327
        ],
        [
          0.539781,
          -0.288036,
          0.790994,
          2.193186
        ],
        [
          -0.070955,
          -0.951864,
          -0.298195,
          1.451637
        ],
        [
          0.0,
          0.0,
          0.0,
          1.0
        ]
      ]
    },
    {
      "file_path": "/media/NFS/ttao/scannet/posed_images/scene0092_00/00224.jpg",
      "transform_matrix": [
        [
          0.831228,
          0.066061,
          -0.551992,
          2.251706
        ],
        [
          0.549331,
          -0.250143,
          0.797285,
          2.190332
        ],
        [
          -0.085407,
          -0.965953,
          -0.244215,
          1.475101
        ],
        [
          0.0,
          0.0,
          0.0,
          1.0
        ]
      ]
    },
    {
      "file_path": "/media/NFS/ttao/scannet/posed_images/scene0092_00/00232.jpg",
      "transform_matrix": [
        [
          0.835402,
          0.073158,
          -0.54475,
          2.251131
        ],
        [
          0.54517,
          -0.236445,
          0.804291,
          2.23665
        ],
        [
          -0.069963,
          -0.968887,
          -0.237409,
          1.476302
        ],
        [
          0.0,
          0.0,
          0.0,
          1.0
        ]
      ]
    },
    {
      "file_path": "/media/NFS/ttao/scannet/posed_images/scene0092_00/00241.jpg",
      "transform_matrix": [
        [
          0.689943,
          0.090488,
          -0.718186,
          2.253059
        ],
        [
          0.717914,
          -0.212484,
          0.66291,
          2.333791
        ],
        [
          -0.092618,
          -0.972966,
          -0.211565,
          1.48794
        ],
        [
          0.0,
          0.0,
          0.0,
          1.0
        ]
      ]
    },
    {
      "file_path": "/media/NFS/ttao/scannet/posed_images/scene0092_00/00250.jpg",
      "transform_matrix": [
        [
          0.638316,
          0.160163,
          -0.752928,
          2.255817
        ],
        [
          0.764353,
          -0.247756,
          0.595299,
          2.408906
        ],
        [
          -0.091197,
          -0.955492,
          -0.280568,
          1.477362
        ],
        [
          0.0,
          0.0,
          0.0,
          1.0
        ]
      ]
    },
    {
      "file_path": "/media/NFS/ttao/scannet/posed_images/scene0092_00/00253.jpg",
      "transform_matrix": [
        [
          0.63857,
          0.160096,
          -0.752727,
          2.253506
        ],
        [
          0.763003,
          -0.259161,
          0.592167,
          2.422898
        ],
        [
          -0.100274,
          -0.952473,
          -0.287646,
          1.478182
        ],
        [
          0.0,
          0.0,
          0.0,
          1.0
        ]
      ]
    },
    {
      "file_path": "/media/NFS/ttao/scannet/posed_images/scene0092_00/00261.jpg",
      "transform_matrix": [
        [
          0.641795,
          0.157709,
          -0.750485,
          2.184385
        ],
        [
          0.76288,
          -0.231078,
          0.603836,
          2.43427
        ],
        [
          -0.07819,
          -0.960068,
          -0.268617,
          1.468908
        ],
        [
          0.0,
          0.0,
          0.0,
          1.0
        ]
      ]
    },
    {
      "file_path": "/media/NFS/ttao/scannet/posed_images/scene0092_00/00273.jpg",
      "transform_matrix": [
        [
          0.782762,
          0.051781,
          -0.620164,
          1.885512
        ],
        [
          0.617174,
          -0.192501,
          0.762915,
          2.464917
        ],
        [
          -0.079877,
          -0.97993,
          -0.182641,
          1.496932
        ],
        [
          0.0,
          0.0,
          0.0,
          1.0
        ]
      ]
    },
    {
      "file_path": "/media/NFS/ttao/scannet/posed_images/scene0092_00/00277.jpg",
      "transform_matrix": [
        [
          0.809513,
          0.067134,
          -0.583251,
          1.806939
        ],
        [
          0.581192,
          -0.232234,
          0.779925,
          2.476716
        ],
        [
          -0.083091,
          -0.97034,
          -0.227014,
          1.49659
        ],
        [
          0.0,
          0.0,
          0.0,
          1.0
        ]
      ]
    },
    {
      "file_path": "/media/NFS/ttao/scannet/posed_images/scene0092_00/00284.jpg",
      "transform_matrix": [
        [
          0.849415,
          0.137579,
          -0.509476,
          1.677544
        ],
        [
          0.527722,
          -0.218605,
          0.820805,
          2.465431
        ],
        [
          0.001552,
          -0.966066,
          -0.25829,
          1.475442
        ],
        [
          0.0,
          0.0,
          0.0,
          1.0
        ]
      ]
    },
    {
      "file_path": "/media/NFS/ttao/scannet/posed_images/scene0092_00/00291.jpg",
      "transform_matrix": [
        [
          0.875503,
          0.102133,
          -0.472296,
          1.562497
        ],
        [
          0.483092,
          -0.2069,
          0.850773,
          2.488647
        ],
        [
          -0.010826,
          -0.973017,
          -0.230481,
          1.480971
        ],
        [
          0.0,
          0.0,
          0.0,
          1.0
        ]
      ]
    },
    {
      "file_path": "/media/NFS/ttao/scannet/posed_images/scene0092_00/00297.jpg",
      "transform_matrix": [
        [
          0.881109,
          0.112439,
          -0.459352,
          1.499132
        ],
        [
          0.472913,
          -0.210035,
          0.85571,
          2.50791
        ],
        [
          -0.000265,
          -0.971207,
          -0.238238,
          1.487068
        ],
        [
          0.0,
          0.0,
          0.0,
          1.0
        ]
      ]
    },
    {
      "file_path": "/media/NFS/ttao/scannet/posed_images/scene0092_00/00308.jpg",
      "transform_matrix": [
        [
          0.93994,
          0.071181,
          -0.333834,
          1.387411
        ],
        [
          0.341324,
          -0.187043,
          0.921148,
          2.527435
        ],
        [
          0.003127,
          -0.979769,
          -0.200105,
          1.503919
        ],
        [
          0.0,
          0.0,
          0.0,
          1.0
        ]
      ]
    },
    {
      "file_path": "/media/NFS/ttao/scannet/posed_images/scene0092_00/00311.jpg",
      "transform_matrix": [
        [
          0.957761,
          0.068281,
          -0.27934,
          1.339714
        ],
        [
          0.287397,
          -0.19425,
          0.937907,
          2.520324
        ],
        [
          0.00978,
          -0.978573,
          -0.205669,
          1.498358
        ],
        [
          0.0,
          0.0,
          0.0,
          1.0
        ]
      ]
    },
    {
      "file_path": "/media/NFS/ttao/scannet/posed_images/scene0092_00/00322.jpg",
      "transform_matrix": [
        [
          0.954624,
          0.175828,
          -0.240369,
          1.214275
        ],
        [
          0.278556,
          -0.241645,
          0.929524,
          2.466858
        ],
        [
          0.105352,
          -0.954302,
          -0.279658,
          1.45861
        ],
        [
          0.0,
          0.0,
          0.0,
          1.0
        ]
      ]
    },
    {
      "file_path": "/media/NFS/ttao/scannet/posed_images/scene0092_00/00329.jpg",
      "transform_matrix": [
        [
          0.956231,
          0.206253,
          -0.207563,
          1.186996
        ],
        [
          0.259683,
          -0.271239,
          0.926819,
          2.449112
        ],
        [
          0.13486,
          -0.940154,
          -0.312928,
          1.434528
        ],
        [
          0.0,
          0.0,
          0.0,
          1.0
        ]
      ]
    },
    {
      "file_path": "/media/NFS/ttao/scannet/posed_images/scene0092_00/00337.jpg",
      "transform_matrix": [
        [
          0.956244,
          0.214295,
          -0.199184,
          1.209666
        ],
        [
          0.259915,
          -0.309679,
          0.914627,
          2.454798
        ],
        [
          0.134317,
          -0.926378,
          -0.351827,
          1.425808
        ],
        [
          0.0,
          0.0,
          0.0,
          1.0
        ]
      ]
    },
    {
      "file_path": "/media/NFS/ttao/scannet/posed_images/scene0092_00/00342.jpg",
      "transform_matrix": [
        [
          0.954713,
          0.184502,
          -0.233416,
          1.263016
        ],
        [
          0.28429,
          -0.33427,
          0.898578,
          2.475391
        ],
        [
          0.087765,
          -0.924242,
          -0.371584,
          1.434734
        ],
        [
          0.0,
          0.0,
          0.0,
          1.0
        ]
      ]
    },
    {
      "file_path": "/media/NFS/ttao/scannet/posed_images/scene0092_00/00353.jpg",
      "transform_matrix": [
        [
          0.860608,
          0.218329,
          -0.460094,
          1.508137
        ],
        [
          0.508771,
          -0.328671,
          0.795693,
          2.533494
        ],
        [
          0.022503,
          -0.918862,
          -0.393936,
          1.412361
        ],
        [
          0.0,
          0.0,
          0.0,
          1.0
        ]
      ]
    },
    {
      "file_path": "/media/NFS/ttao/scannet/posed_images/scene0092_00/00358.jpg",
      "transform_matrix": [
        [
          0.827941,
          0.236421,
          -0.508545,
          1.584769
        ],
        [
          0.560814,
          -0.348223,
          0.751151,
          2.556836
        ],
        [
          0.000501,
          -0.907108,
          -0.420897,
          1.418007
        ],
        [
          0.0,
          0.0,
          0.0,
          1.0
        ]
      ]
    },
    {
      "file_path": "/media/NFS/ttao/scannet/posed_images/scene0092_00/00364.jpg",
      "transform_matrix": [
        [
          0.753722,
          0.263232,
          -0.602173,
          1.613892
        ],
        [
          0.657115,
          -0.316027,
          0.684344,
          2.572514
        ],
        [
          -0.010162,
          -0.911502,
          -0.41117,
          1.421984
        ],
        [
          0.0,
          0.0,
          0.0,
          1.0
        ]
      ]
    },
    {
      "file_path": "/media/NFS/ttao/scannet/posed_images/scene0092_00/00371.jpg",
      "transform_matrix": [
        [
          0.69472,
          0.317065,
          -0.645627,
          1.629914
        ],
        [
          0.717138,
          -0.2361,
          0.655721,
          2.620891
        ],
        [
          0.055473,
          -0.918546,
          -0.391403,
          1.407643
        ],
        [
          0.0,
          0.0,
          0.0,
          1.0
        ]
      ]
    },
    {
      "file_path": "/media/NFS/ttao/scannet/posed_images/scene0092_00/00380.jpg",
      "transform_matrix": [
        [
          0.683463,
          0.33483,
          -0.648666,
          1.68496
        ],
        [
          0.729785,
          -0.292614,
          0.617892,
          2.697181
        ],
        [
          0.017079,
          -0.895693,
          -0.444345,
          1.403029
        ],
        [
          0.0,
          0.0,
          0.0,
          1.0
        ]
      ]
    },
    {
      "file_path": "/media/NFS/ttao/scannet/posed_images/scene0092_00/00387.jpg",
      "transform_matrix": [
        [
          0.567119,
          0.336593,
          -0.751718,
          1.820871
        ],
        [
          0.823631,
          -0.228819,
          0.518916,
          2.728424
        ],
        [
          0.002656,
          -0.913426,
          -0.406996,
          1.405522
        ],
        [
          0.0,
          0.0,
          0.0,
          1.0
        ]
      ]
    },
    {
      "file_path": "/media/NFS/ttao/scannet/posed_images/scene0092_00/00396.jpg",
      "transform_matrix": [
        [
          0.381341,
          0.365537,
          -0.849095,
          2.033336
        ],
        [
          0.924375,
          -0.140328,
          0.354739,
          2.741288
        ],
        [
          0.010518,
          -0.920158,
          -0.391405,
          1.414586
        ],
        [
          0.0,
          0.0,
          0.0,
          1.0
        ]
      ]
    },
    {
      "file_path": "/media/NFS/ttao/scannet/posed_images/scene0092_00/00407.jpg",
      "transform_matrix": [
        [
          0.407219,
          0.385912,
          -0.827796,
          2.254809
        ],
        [
          0.913213,
          -0.157496,
          0.375815,
          2.732741
        ],
        [
          0.014657,
          -0.908992,
          -0.416555,
          1.383857
        ],
        [
          0.0,
          0.0,
          0.0,
          1.0
        ]
      ]
    },
    {
      "file_path": "/media/NFS/ttao/scannet/posed_images/scene0092_00/00413.jpg",
      "transform_matrix": [
        [
          0.363986,
          0.402141,
          -0.840117,
          2.351346
        ],
        [
          0.931362,
          -0.148495,
          0.332438,
          2.698178
        ],
        [
          0.008933,
          -0.903456,
          -0.428589,
          1.385791
        ],
        [
          0.0,
          0.0,
          0.0,
          1.0
        ]
      ]
    },
    {
      "file_path": "/media/NFS/ttao/scannet/posed_images/scene0092_00/00416.jpg",
      "transform_matrix": [
        [
          0.332757,
          0.381369,
          -0.862456,
          2.405528
        ],
        [
          0.942983,
          -0.141861,
          0.301097,
          2.684704
        ],
        [
          -0.00752,
          -0.913473,
          -0.40683,
          1.389657
        ],
        [
          0.0,
          0.0,
          0.0,
          1.0
        ]
      ]
    },
    {
      "file_path": "/media/NFS/ttao/scannet/posed_images/scene0092_00/00422.jpg",
      "transform_matrix": [
        [
          0.218607,
          0.377341,
          -0.899902,
          2.514694
        ],
        [
          0.975799,
          -0.079718,
          0.203618,
          2.674253
        ],
        [
          0.005095,
          -0.922637,
          -0.385636,
          1.377929
        ],
        [
          0.0,
          0.0,
          0.0,
          1.0
        ]
      ]
    },
    {
      "file_path": "/media/NFS/ttao/scannet/posed_images/scene0092_00/00436.jpg",
      "transform_matrix": [
        [
          -0.049005,
          0.397927,
          -0.916107,
          2.682451
        ],
        [
          0.998774,
          0.025988,
          -0.042139,
          2.692445
        ],
        [
          0.007039,
          -0.917049,
          -0.398712,
          1.396951
        ],
        [
          0.0,
          0.0,
          0.0,
          1.0
        ]
      ]
    },
    {
      "file_path": "/media/NFS/ttao/scannet/posed_images/scene0092_00/00438.jpg",
      "transform_matrix": [
        [
          -0.072992,
          0.385624,
          -0.919764,
          2.682881
        ],
        [
          0.997195,
          0.043521,
          -0.060891,
          2.692714
        ],
        [
          0.016548,
          -0.921629,
          -0.387719,
          1.401299
        ],
        [
          0.0,
          0.0,
          0.0,
          1.0
        ]
      ]
    },
    {
      "file_path": "/media/NFS/ttao/scannet/posed_images/scene0092_00/00451.jpg",
      "transform_matrix": [
        [
          -0.203573,
          0.26953,
          -0.941229,
          2.613008
        ],
        [
          0.975591,
          0.136694,
          -0.171861,
          2.737517
        ],
        [
          0.082339,
          -0.953241,
          -0.290779,
          1.428117
        ],
        [
          0.0,
          0.0,
          0.0,
          1.0
        ]
      ]
    },
    {
      "file_path": "/media/NFS/ttao/scannet/posed_images/scene0092_00/00458.jpg",
      "transform_matrix": [
        [
          -0.312005,
          0.200357,
          -0.928714,
          2.541239
        ],
        [
          0.946134,
          0.154532,
          -0.284518,
          2.778685
        ],
        [
          0.086511,
          -0.967459,
          -0.237779,
          1.466692
        ],
        [
          0.0,
          0.0,
          0.0,
          1.0
        ]
      ]
    },
    {
      "file_path": "/media/NFS/ttao/scannet/posed_images/scene0092_00/00465.jpg",
      "transform_matrix": [
        [
          -0.466218,
          0.126449,
          -0.875586,
          2.456795
        ],
        [
          0.878054,
          0.186955,
          -0.440533,
          2.861274
        ],
        [
          0.10799,
          -0.974196,
          -0.198191,
          1.492694
        ],
        [
          0.0,
          0.0,
          0.0,
          1.0
        ]
      ]
    },
    {
      "file_path": "/media/NFS/ttao/scannet/posed_images/scene0092_00/00469.jpg",
      "transform_matrix": [
        [
          -0.494359,
          0.130341,
          -0.85943,
          2.405747
        ],
        [
          0.862866,
          0.193255,
          -0.467027,
          2.905623
        ],
        [
          0.105217,
          -0.972452,
          -0.208005,
          1.506081
        ],
        [
          0.0,
          0.0,
          0.0,
          1.0
        ]
      ]
    },
    {
      "file_path": "/media/NFS/ttao/scannet/posed_images/scene0092_00/00476.jpg",
      "transform_matrix": [
        [
          -0.492874,
          0.246771,
          -0.834374,
          2.338959
        ],
        [
          0.86791,
          0.207437,
          -0.451334,
          2.9679
        ],
        [
          0.061704,
          -0.946612,
          -0.316415,
          1.444934
        ],
        [
          0.0,
          0.0,
          0.0,
          1.0
        ]
      ]
    },
    {
      "file_path": "/media/NFS/ttao/scannet/posed_images/scene0092_00/00487.jpg",
      "transform_matrix": [
        [
          -0.554242,
          0.371155,
          -0.745023,
          2.281985
        ],
        [
          0.830677,
          0.303453,
          -0.466789,
          3.008806
        ],
        [
          0.052829,
          -0.877588,
          -0.476497,
          1.375215
        ],
        [
          0.0,
          0.0,
          0.0,
          1.0
        ]
      ]
    },
    {
      "file_path": "/media/NFS/ttao/scannet/posed_images/scene0092_00/00494.jpg",
      "transform_matrix": [
        [
          -0.561829,
          0.393261,
          -0.7278,
          2.280479
        ],
        [
          0.825604,
          0.322079,
          -0.463297,
          3.02174
        ],
        [
          0.052213,
          -0.861169,
          -0.505631,
          1.343305
        ],
        [
          0.0,
          0.0,
          0.0,
          1.0
        ]
      ]
    },
    {
      "file_path": "/media/NFS/ttao/scannet/posed_images/scene0092_00/00503.jpg",
      "transform_matrix": [
        [
          -0.519949,
          0.528695,
          -0.670921,
          2.260746
        ],
        [
          0.850896,
          0.389559,
          -0.352449,
          3.021778
        ],
        [
          0.075025,
          -0.754139,
          -0.652415,
          1.268045
        ],
        [
          0.0,
          0.0,
          0.0,
          1.0
        ]
      ]
    },
    {
      "file_path": "/media/NFS/ttao/scannet/posed_images/scene0092_00/00505.jpg",
      "transform_matrix": [
        [
          -0.513703,
          0.536931,
          -0.669189,
          2.256172
        ],
        [
          0.853064,
          0.402922,
          -0.331566,
          3.01436
        ],
        [
          0.091603,
          -0.741188,
          -0.665019,
          1.272121
        ],
        [
          0.0,
          0.0,
          0.0,
          1.0
        ]
      ]
    },
    {
      "file_path": "/media/NFS/ttao/scannet/posed_images/scene0092_00/00516.jpg",
      "transform_matrix": [
        [
          -0.499821,
          0.381361,
          -0.777652,
          2.243613
        ],
        [
          0.843564,
          0.417948,
          -0.337222,
          2.967296
        ],
        [
          0.196415,
          -0.82455,
          -0.530602,
          1.420979
        ],
        [
          0.0,
          0.0,
          0.0,
          1.0
        ]
      ]
    },
    {
      "file_path": "/media/NFS/ttao/scannet/posed_images/scene0092_00/00525.jpg",
      "transform_matrix": [
        [
          -0.499818,
          0.301078,
          -0.812117,
          2.259396
        ],
        [
          0.844679,
          0.376825,
          -0.380157,
          2.954571
        ],
        [
          0.191569,
          -0.875988,
          -0.442659,
          1.45171
        ],
        [
          0.0,
          0.0,
          0.0,
          1.0
        ]
      ]
    },
    {
      "file_path": "/media/NFS/ttao/scannet/posed_images/scene0092_00/00527.jpg",
      "transform_matrix": [
        [
          -0.505918,
          0.288382,
          -0.812947,
          2.263207
        ],
        [
          0.84238,
          0.367953,
          -0.393708,
          2.949684
        ],
        [
          0.185588,
          -0.883995,
          -0.429081,
          1.45792
        ],
        [
          0.0,
          0.0,
          0.0,
          1.0
        ]
      ]
    },
    {
      "file_path": "/media/NFS/ttao/scannet/posed_images/scene0092_00/00539.jpg",
      "transform_matrix": [
        [
          -0.545803,
          0.210407,
          -0.811066,
          2.286548
        ],
        [
          0.825049,
          0.303916,
          -0.47637,
          2.927869
        ],
        [
          0.146264,
          -0.929174,
          -0.339475,
          1.496519
        ],
        [
          0.0,
          0.0,
          0.0,
          1.0
        ]
      ]
    },
    {
      "file_path": "/media/NFS/ttao/scannet/posed_images/scene0092_00/00545.jpg",
      "transform_matrix": [
        [
          -0.552681,
          0.178838,
          -0.813978,
          2.296852
        ],
        [
          0.824269,
          0.261432,
          -0.502229,
          2.918547
        ],
        [
          0.122982,
          -0.94851,
          -0.291899,
          1.518221
        ],
        [
          0.0,
          0.0,
          0.0,
          1.0
        ]
      ]
    },
    {
      "file_path": "/media/NFS/ttao/scannet/posed_images/scene0092_00/00552.jpg",
      "transform_matrix": [
        [
          -0.559109,
          0.130677,
          -0.818731,
          2.305324
        ],
        [
          0.824628,
          0.19001,
          -0.532809,
          2.890194
        ],
        [
          0.085941,
          -0.973047,
          -0.213996,
          1.555547
        ],
        [
          0.0,
          0.0,
          0.0,
          1.0
        ]
      ]
    },
    {
      "file_path": "/media/NFS/ttao/scannet/posed_images/scene0092_00/00559.jpg",
      "transform_matrix": [
        [
          -0.562872,
          0.076825,
          -0.822966,
          2.332023
        ],
        [
          0.824064,
          0.129237,
          -0.551558,
          2.844511
        ],
        [
          0.063984,
          -0.988633,
          -0.136053,
          1.571326
        ],
        [
          0.0,
          0.0,
          0.0,
          1.0
        ]
      ]
    },
    {
      "file_path": "/media/NFS/ttao/scannet/posed_images/scene0092_00/00565.jpg",
      "transform_matrix": [
        [
          -0.560357,
          0.061425,
          -0.82597,
          2.367871
        ],
        [
          0.826399,
          0.108114,
          -0.552608,
          2.762355
        ],
        [
          0.055355,
          -0.992239,
          -0.111344,
          1.576122
        ],
        [
          0.0,
          0.0,
          0.0,
          1.0
        ]
      ]
    },
    {
      "file_path": "/media/NFS/ttao/scannet/posed_images/scene0092_00/00574.jpg",
      "transform_matrix": [
        [
          -0.623519,
          0.098943,
          -0.775522,
          2.409904
        ],
        [
          0.781098,
          0.121105,
          -0.612551,
          2.64593
        ],
        [
          0.033312,
          -0.987696,
          -0.152796,
          1.506421
        ],
        [
