{
  "frames": [
    {
      "file_path": "/media/NFS/ttao/scannet/posed_images/scene0495_00/00001.jpg",
      "transform_matrix": [
        [
          -0.474866,
          0.234443,
          -0.848257,
          3.596298
        ],
        [
          0.877851,
          0.057962,
          -0.475414,
          4.010348
        ],
        [
          -0.062291,
          -0.970401,
          -0.23333,
          1.426708
        ],
        [
          0.0,
          0.0,
          0.0,
          1.0
        ]
      ]
    },
    {
      "file_path": "/media/NFS/ttao/scannet/posed_images/scene0495_00/00003.jpg",
      "transform_matrix": [
        [
          -0.474942,
          0.233901,
          -0.848363,
          3.5982
        ],
        [
          0.877783,
          0.057274,
          -0.475622,
          4.008515
        ],
        [
          -0.062659,
          -0.970572,
          -0.232516,
          1.425717
        ],
        [
          0.0,
          0.0,
          0.0,
          1.0
        ]
      ]
    },
    {
      "file_path": "/media/NFS/ttao/scannet/posed_images/scene0495_00/00009.jpg",
      "transform_matrix": [
        [
          -0.468527,
          0.242356,
          -0.849557,
          3.596447
        ],
        [
          0.881491,
          0.064243,
          -0.467811,
          3.998512
        ],
        [
          -0.058799,
          -0.968058,
          -0.243735,
          1.429395
        ],
        [
          0.0,
          0.0,
          0.0,
          1.0
        ]
      ]
    },
    {
      "file_path": "/media/NFS/ttao/scannet/posed_images/scene0495_00/00013.jpg",
      "transform_matrix": [
        [
          -0.457924,
          0.239932,
          -0.856001,
          3.607628
        ],
        [
          0.887113,
          0.060767,
          -0.457535,
          3.973676
        ],
        [
          -0.057761,
          -0.968886,
          -0.240673,
          1.425311
        ],
        [
          0.0,
          0.0,
          0.0,
          1.0
        ]
      ]
    },
    {
      "file_path": "/media/NFS/ttao/scannet/posed_images/scene0495_00/00014.jpg",
      "transform_matrix": [
        [
          -0.454362,
          0.242083,
          -0.857293,
          3.605641
        ],
        [
          0.889003,
          0.061829,
          -0.453709,
          3.96877
        ],
        [
          -0.056829,
          -0.968284,
          -0.243305,
          1.426261
        ],
        [
          0.0,
          0.0,
          0.0,
          1.0
        ]
      ]
    },
    {
      "file_path": "/media/NFS/ttao/scannet/posed_images/scene0495_00/00017.jpg",
      "transform_matrix": [
        [
          -0.438334,
          0.247157,
          -0.864163,
          3.615548
        ],
        [
          0.897193,
          0.062637,
          -0.437173,
          3.962598
        ],
        [
          -0.053921,
          -0.966949,
          -0.249203,
          1.419901
        ],
        [
          0.0,
          0.0,
          0.0,
          1.0
        ]
      ]
    },
    {
      "file_path": "/media/NFS/ttao/scannet/posed_images/scene0495_00/00022.jpg",
      "transform_matrix": [
        [
          -0.401998,
          0.267986,
          -0.875546,
          3.623356
        ],
        [
          0.913971,
          0.059728,
          -0.401358,
          3.954193
        ],
        [
          -0.055263,
          -0.96157,
          -0.268942,
          1.415287
        ],
        [
          0.0,
          0.0,
          0.0,
          1.0
        ]
      ]
    },
    {
      "file_path": "/media/NFS/ttao/scannet/posed_images/scene0495_00/00026.jpg",
      "transform_matrix": [
        [
          -0.377125,
          0.288933,
          -0.87994,
          3.623088
        ],
        [
          0.924379,
          0.058492,
          -0.376965,
          3.952405
        ],
        [
          -0.057448,
          -0.955561,
          -0.289142,
          1.413547
        ],
        [
          0.0,
          0.0,
          0.0,
          1.0
        ]
      ]
    },
    {
      "file_path": "/media/NFS/ttao/scannet/posed_images/scene0495_00/00029.jpg",
      "transform_matrix": [
        [
          -0.359091,
          0.29617,
          -0.885064,
          3.621867
        ],
        [
          0.931246,
          0.050781,
          -0.360835,
          3.958767
        ],
        [
          -0.061924,
          -0.953785,
          -0.294042,
          1.41416
        ],
        [
          0.0,
          0.0,
          0.0,
          1.0
        ]
      ]
    },
    {
      "file_path": "/media/NFS/ttao/scannet/posed_images/scene0495_00/00031.jpg",
      "transform_matrix": [
        [
          -0.343021,
          0.296774,
          -0.891214,
          3.618528
        ],
        [
          0.937138,
          0.043373,
          -0.346253,
          3.953079
        ],
        [
          -0.064104,
          -0.953962,
          -0.292996,
          1.412557
        ],
        [
          0.0,
          0.0,
          0.0,
          1.0
        ]
      ]
    },
    {
      "file_path": "/media/NFS/ttao/scannet/posed_images/scene0495_00/00036.jpg",
      "transform_matrix": [
        [
          -0.28287,
          0.294192,
          -0.912927,
          3.630276
        ],
        [
          0.957174,
          0.025386,
          -0.288399,
          3.927412
        ],
        [
          -0.061669,
          -0.955409,
          -0.288774,
          1.410395
        ],
        [
          0.0,
          0.0,
          0.0,
          1.0
        ]
      ]
    },
    {
      "file_path": "/media/NFS/ttao/scannet/posed_images/scene0495_00/00039.jpg",
      "transform_matrix": [
        [
          -0.243676,
          0.301047,
          -0.921951,
          3.62828
        ],
        [
          0.967924,
          0.015504,
          -0.250765,
          3.914116
        ],
        [
          -0.061197,
          -0.953483,
          -0.295168,
          1.414529
        ],
        [
          0.0,
          0.0,
          0.0,
          1.0
        ]
      ]
    },
    {
      "file_path": "/media/NFS/ttao/scannet/posed_images/scene0495_00/00045.jpg",
      "transform_matrix": [
        [
          -0.133637,
          0.298577,
          -0.944983,
          3.631261
        ],
        [
          0.989818,
          -0.006943,
          -0.142171,
          3.872271
        ],
        [
          -0.04901,
          -0.95436,
          -0.294609,
          1.42135
        ],
        [
          0.0,
          0.0,
          0.0,
          1.0
        ]
      ]
    },
    {
      "file_path": "/media/NFS/ttao/scannet/posed_images/scene0495_00/00047.jpg",
      "transform_matrix": [
        [
          -0.10151,
          0.301404,
          -0.948078,
          3.622397
        ],
        [
          0.993619,
          -0.016378,
          -0.111593,
          3.869947
        ],
        [
          -0.049162,
          -0.953356,
          -0.297818,
          1.422265
        ],
        [
          0.0,
          0.0,
          0.0,
          1.0
        ]
      ]
    },
    {
      "file_path": "/media/NFS/ttao/scannet/posed_images/scene0495_00/00049.jpg",
      "transform_matrix": [
        [
          -0.064209,
          0.304849,
          -0.950234,
          3.627038
        ],
        [
          0.996605,
          -0.029584,
          -0.076833,
          3.85744
        ],
        [
          -0.051534,
          -0.951941,
          -0.301915,
          1.414629
        ],
        [
          0.0,
          0.0,
          0.0,
          1.0
        ]
      ]
    },
    {
      "file_path": "/media/NFS/ttao/scannet/posed_images/scene0495_00/00052.jpg",
      "transform_matrix": [
        [
          -0.022327,
          0.317638,
          -0.947949,
          3.616967
        ],
        [
          0.998431,
          -0.041618,
          -0.037462,
          3.878162
        ],
        [
          -0.051351,
          -0.947298,
          -0.31621,
          1.416767
        ],
        [
          0.0,
          0.0,
          0.0,
          1.0
        ]
      ]
    },
    {
      "file_path": "/media/NFS/ttao/scannet/posed_images/scene0495_00/00059.jpg",
      "transform_matrix": [
        [
          0.079623,
          0.343768,
          -0.935673,
          3.61781
        ],
        [
          0.995702,
          -0.071972,
          0.058289,
          3.815055
        ],
        [
          -0.047304,
          -0.936293,
          -0.348021,
          1.408064
        ],
        [
          0.0,
          0.0,
          0.0,
          1.0
        ]
      ]
    },
    {
      "file_path": "/media/NFS/ttao/scannet/posed_images/scene0495_00/00061.jpg",
      "transform_matrix": [
        [
          0.086539,
          0.345747,
          -0.934329,
          3.614245
        ],
        [
          0.995133,
          -0.074362,
          0.064653,
          3.855459
        ],
        [
          -0.047125,
          -0.935377,
          -0.350499,
          1.403026
        ],
        [
          0.0,
          0.0,
          0.0,
          1.0
        ]
      ]
    },
    {
      "file_path": "/media/NFS/ttao/scannet/posed_images/scene0495_00/00063.jpg",
      "transform_matrix": [
        [
          0.111776,
          0.344868,
          -0.931972,
          3.61889
        ],
        [
          0.992643,
          -0.082675,
          0.088459,
          3.830225
        ],
        [
          -0.046544,
          -0.935003,
          -0.351572,
          1.398237
        ],
        [
          0.0,
          0.0,
          0.0,
          1.0
        ]
      ]
    },
    {
      "file_path": "/media/NFS/ttao/scannet/posed_images/scene0495_00/00068.jpg",
      "transform_matrix": [
        [
          0.169035,
          0.343209,
          -0.923923,
          3.632574
        ],
        [
          0.985056,
          -0.09026,
          0.146691,
          3.821645
        ],
        [
          -0.033048,
          -0.934912,
          -0.353337,
          1.401518
        ],
        [
          0.0,
          0.0,
          0.0,
          1.0
        ]
      ]
    },
    {
      "file_path": "/media/NFS/ttao/scannet/posed_images/scene0495_00/00073.jpg",
      "transform_matrix": [
        [
          0.224367,
          0.339636,
          -0.913404,
          3.636926
        ],
        [
          0.974359,
          -0.094403,
          0.204238,
          3.854127
        ],
        [
          -0.016861,
          -0.935808,
          -0.352108,
          1.406221
        ],
        [
          0.0,
          0.0,
          0.0,
          1.0
        ]
      ]
    },
    {
      "file_path": "/media/NFS/ttao/scannet/posed_images/scene0495_00/00074.jpg",
      "transform_matrix": [
        [
          0.238013,
          0.336762,
          -0.911011,
          3.649207
        ],
        [
          0.971086,
          -0.100334,
          0.21662,
          3.852638
        ],
        [
          -0.018456,
          -0.936229,
          -0.350906,
          1.406376
        ],
        [
          0.0,
          0.0,
          0.0,
          1.0
        ]
      ]
    },
    {
      "file_path": "/media/NFS/ttao/scannet/posed_images/scene0495_00/00080.jpg",
      "transform_matrix": [
        [
          0.300245,
          0.312379,
          -0.901262,
          3.690724
        ],
        [
          0.953549,
          -0.1225,
          0.275205,
          3.88675
        ],
        [
          -0.024437,
          -0.942026,
          -0.334649,
          1.416709
        ],
        [
          0.0,
          0.0,
          0.0,
          1.0
        ]
      ]
    },
    {
      "file_path": "/media/NFS/ttao/scannet/posed_images/scene0495_00/00081.jpg",
      "transform_matrix": [
        [
          0.310386,
          0.307549,
          -0.899485,
          3.702472
        ],
        [
          0.950335,
          -0.123173,
          0.285818,
          3.886625
        ],
        [
          -0.022889,
          -0.943526,
          -0.330506,
          1.411788
        ],
        [
          0.0,
          0.0,
          0.0,
          1.0
        ]
      ]
    },
    {
      "file_path": "/media/NFS/ttao/scannet/posed_images/scene0495_00/00086.jpg",
      "transform_matrix": [
        [
          0.362585,
          0.290963,
          -0.885366,
          3.739202
        ],
        [
          0.931517,
          -0.142112,
          0.334782,
          3.880923
        ],
        [
          -0.028412,
          -0.946121,
          -0.322565,
          1.416129
        ],
        [
          0.0,
          0.0,
          0.0,
          1.0
        ]
      ]
    },
    {
      "file_path": "/media/NFS/ttao/scannet/posed_images/scene0495_00/00091.jpg",
      "transform_matrix": [
        [
          0.40341,
          0.279033,
          -0.871437,
          3.770442
        ],
        [
          0.914002,
          -0.16778,
          0.369392,
          3.937841
        ],
        [
          -0.043137,
          -0.945511,
          -0.32272,
          1.427284
        ],
        [
          0.0,
          0.0,
          0.0,
          1.0
        ]
      ]
    },
    {
      "file_path": "/media/NFS/ttao/scannet/posed_images/scene0495_00/00092.jpg",
      "transform_matrix": [
        [
          0.413869,
          0.277617,
          -0.866972,
          3.77823
        ],
        [
          0.909037,
          -0.176892,
          0.377306,
          3.935834
        ],
        [
          -0.048614,
          -0.944266,
          -0.325575,
          1.426987
        ],
        [
          0.0,
          0.0,
          0.0,
          1.0
        ]
      ]
    },
    {
      "file_path": "/media/NFS/ttao/scannet/posed_images/scene0495_00/00096.jpg",
      "transform_matrix": [
        [
          0.451124,
          0.277625,
          -0.848181,
          3.790295
        ],
        [
          0.890722,
          -0.199353,
          0.408499,
          3.93393
        ],
        [
          -0.055678,
          -0.939778,
          -0.33722,
          1.419402
        ],
        [
          0.0,
          0.0,
          0.0,
          1.0
        ]
      ]
    },
    {
      "file_path": "/media/NFS/ttao/scannet/posed_images/scene0495_00/00100.jpg",
      "transform_matrix": [
        [
          0.469161,
          0.288439,
          -0.83468,
          3.816383
        ],
        [
          0.881071,
          -0.217106,
          0.420212,
          3.981151
        ],
        [
          -0.060008,
          -0.93256,
          -0.355993,
          1.416834
        ],
        [
          0.0,
          0.0,
          0.0,
          1.0
        ]
      ]
    },
    {
      "file_path": "/media/NFS/ttao/scannet/posed_images/scene0495_00/00102.jpg",
      "transform_matrix": [
        [
          0.4921,
          0.281857,
          -0.823647,
          3.827497
        ],
        [
          0.868286,
          -0.226929,
          0.441114,
          3.987926
        ],
        [
          -0.062578,
          -0.932234,
          -0.356404,
          1.415446
        ],
        [
          0.0,
          0.0,
          0.0,
          1.0
        ]
      ]
    },
    {
      "file_path": "/media/NFS/ttao/scannet/posed_images/scene0495_00/00107.jpg",
      "transform_matrix": [
        [
          0.558763,
          0.259647,
          -0.787634,
          3.816435
        ],
        [
          0.827511,
          -0.237375,
          0.508801,
          3.980092
        ],
        [
          -0.054856,
          -0.936075,
          -0.347497,
          1.420925
        ],
        [
          0.0,
          0.0,
          0.0,
          1.0
        ]
      ]
    },
    {
      "file_path": "/media/NFS/ttao/scannet/posed_images/scene0495_00/00112.jpg",
      "transform_matrix": [
        [
          0.604427,
          0.259368,
          -0.753257,
          3.812553
        ],
        [
          0.795775,
          -0.241127,
          0.555518,
          3.984241
        ],
        [
          -0.037547,
          -0.935193,
          -0.352142,
          1.420953
        ],
        [
          0.0,
          0.0,
          0.0,
          1.0
        ]
      ]
    },
    {
      "file_path": "/media/NFS/ttao/scannet/posed_images/scene0495_00/00113.jpg",
      "transform_matrix": [
        [
          0.615086,
          0.256452,
          -0.745588,
          3.810042
        ],
        [
          0.787582,
          -0.244458,
          0.565646,
          3.97955
        ],
        [
          -0.037204,
          -0.935132,
          -0.35234,
          1.418786
        ],
        [
          0.0,
          0.0,
          0.0,
          1.0
        ]
      ]
    },
    {
      "file_path": "/media/NFS/ttao/scannet/posed_images/scene0495_00/00118.jpg",
      "transform_matrix": [
        [
          0.659293,
          0.225279,
          -0.717344,
          3.795524
        ],
        [
          0.749789,
          -0.268199,
          0.604885,
          3.968475
        ],
        [
          -0.056123,
          -0.936653,
          -0.345733,
          1.420174
        ],
        [
          0.0,
          0.0,
          0.0,
          1.0
        ]
      ]
    },
    {
      "file_path": "/media/NFS/ttao/scannet/posed_images/scene0495_00/00122.jpg",
      "transform_matrix": [
        [
          0.693004,
          0.227415,
          -0.684125,
          3.804195
        ],
        [
          0.718988,
          -0.287684,
          0.632688,
          3.975821
        ],
        [
          -0.052929,
          -0.930333,
          -0.362875,
          1.412382
        ],
        [
          0.0,
          0.0,
          0.0,
          1.0
        ]
      ]
    },
    {
      "file_path": "/media/NFS/ttao/scannet/posed_images/scene0495_00/00124.jpg",
      "transform_matrix": [
        [
          0.715442,
          0.22517,
          -0.661394,
          3.799474
        ],
        [
          0.696832,
          -0.298639,
          0.652105,
          3.972741
        ],
        [
          -0.050684,
          -0.927423,
          -0.370564,
          1.40609
        ],
        [
          0.0,
          0.0,
          0.0,
          1.0
        ]
      ]
    },
    {
      "file_path": "/media/NFS/ttao/scannet/posed_images/scene0495_00/00127.jpg",
      "transform_matrix": [
        [
          0.739908,
          0.219165,
          -0.636005,
          3.795149
        ],
        [
          0.670269,
          -0.320615,
          0.669287,
          3.965088
        ],
        [
          -0.057228,
          -0.921506,
          -0.384125,
          1.399149
        ],
        [
          0.0,
          0.0,
          0.0,
          1.0
        ]
      ]
    },
    {
      "file_path": "/media/NFS/ttao/scannet/posed_images/scene0495_00/00131.jpg",
      "transform_matrix": [
        [
          0.763166,
          0.2202,
          -0.607528,
          3.792009
        ],
        [
          0.644115,
          -0.334729,
          0.687803,
          3.961595
        ],
        [
          -0.051903,
          -0.916225,
          -0.397287,
          1.377191
        ],
        [
          0.0,
          0.0,
          0.0,
          1.0
        ]
      ]
    },
    {
      "file_path": "/media/NFS/ttao/scannet/posed_images/scene0495_00/00136.jpg",
      "transform_matrix": [
        [
          0.790958,
          0.221447,
          -0.570391,
          3.773966
        ],
        [
          0.610007,
          -0.358077,
          0.706875,
          3.946663
        ],
        [
          -0.047709,
          -0.907051,
          -0.418309,
          1.359575
        ],
        [
          0.0,
          0.0,
          0.0,
          1.0
        ]
      ]
    },
    {
      "file_path": "/media/NFS/ttao/scannet/posed_images/scene0495_00/00138.jpg",
      "transform_matrix": [
        [
          0.801042,
          0.212249,
          -0.559716,
          3.765234
        ],
        [
          0.596881,
          -0.354166,
          0.71993,
          3.9393
        ],
        [
          -0.045428,
          -0.910778,
          -0.410389,
          1.359692
        ],
        [
          0.0,
          0.0,
          0.0,
          1.0
        ]
      ]
    },
    {
      "file_path": "/media/NFS/ttao/scannet/posed_images/scene0495_00/00144.jpg",
      "transform_matrix": [
        [
          0.815859,
          0.152639,
          -0.557741,
          3.76998
        ],
        [
          0.576138,
          -0.29693,
          0.76151,
          3.921007
        ],
        [
          -0.049374,
          -0.942621,
          -0.330194,
          1.382833
        ],
        [
          0.0,
          0.0,
          0.0,
          1.0
        ]
      ]
    },
    {
      "file_path": "/media/NFS/ttao/scannet/posed_images/scene0495_00/00147.jpg",
      "transform_matrix": [
        [
          0.817248,
          0.129648,
          -0.561513,
          3.775338
        ],
        [
          0.574634,
          -0.25704,
          0.776998,
          3.904659
        ],
        [
          -0.043595,
          -0.957665,
          -0.284565,
          1.401255
        ],
        [
          0.0,
          0.0,
          0.0,
          1.0
        ]
      ]
    },
    {
      "file_path": "/media/NFS/ttao/scannet/posed_images/scene0495_00/00152.jpg",
      "transform_matrix": [
        [
          0.816951,
          0.091814,
          -0.569352,
          3.793386
        ],
        [
          0.575429,
          -0.195464,
          0.794151,
          3.88115
        ],
        [
          -0.038374,
          -0.976404,
          -0.212516,
          1.441878
        ],
        [
          0.0,
          0.0,
          0.0,
          1.0
        ]
      ]
    },
    {
      "file_path": "/media/NFS/ttao/scannet/posed_images/scene0495_00/00153.jpg",
      "transform_matrix": [
        [
          0.817953,
          0.084793,
          -0.569002,
          3.791779
        ],
        [
          0.574005,
          -0.186232,
          0.797393,
          3.876494
        ],
        [
          -0.038353,
          -0.97884,
          -0.201,
          1.454486
        ],
        [
          0.0,
          0.0,
          0.0,
          1.0
        ]
      ]
    },
    {
      "file_path": "/media/NFS/ttao/scannet/posed_images/scene0495_00/00156.jpg",
      "transform_matrix": [
        [
          0.822606,
          0.056041,
          -0.565844,
          3.804876
        ],
        [
          0.567315,
          -0.148072,
          0.810079,
          3.858416
        ],
        [
          -0.038389,
          -0.987388,
          -0.153598,
          1.478757
        ],
        [
          0.0,
          0.0,
          0.0,
          1.0
        ]
      ]
    },
    {
      "file_path": "/media/NFS/ttao/scannet/posed_images/scene0495_00/00161.jpg",
      "transform_matrix": [
        [
          0.841987,
          0.022348,
          -0.539035,
          3.86984
        ],
        [
          0.538674,
          -0.09003,
          0.83769,
          3.84029
        ],
        [
          -0.029808,
          -0.995688,
          -0.087842,
          1.500872
        ],
        [
          0.0,
          0.0,
          0.0,
          1.0
        ]
      ]
    },
    {
      "file_path": "/media/NFS/ttao/scannet/posed_images/scene0495_00/00164.jpg",
      "transform_matrix": [
        [
          0.86851,
          0.012415,
          -0.495517,
          3.886716
        ],
        [
          0.495108,
          -0.069384,
          0.866056,
          3.806913
        ],
        [
          -0.023629,
          -0.997513,
          -0.066407,
          1.502531
        ],
        [
          0.0,
          0.0,
          0.0,
          1.0
        ]
      ]
    },
    {
      "file_path": "/media/NFS/ttao/scannet/posed_images/scene0495_00/00166.jpg",
      "transform_matrix": [
        [
          0.88232,
          0.011989,
          -0.470497,
          3.900551
        ],
        [
          0.469903,
          -0.078699,
          0.879202,
          3.794845
        ],
        [
          -0.026487,
          -0.996826,
          -0.075071,
          1.503308
        ],
        [
          0.0,
          0.0,
          0.0,
          1.0
        ]
      ]
    },
    {
      "file_path": "/media/NFS/ttao/scannet/posed_images/scene0495_00/00172.jpg",
      "transform_matrix": [
        [
          0.925449,
          0.03379,
          -0.377363,
          3.927069
        ],
        [
          0.378628,
          -0.118247,
          0.917964,
          3.749476
        ],
        [
          -0.013604,
          -0.992409,
          -0.122225,
          1.495355
        ],
        [
          0.0,
          0.0,
          0.0,
          1.0
        ]
      ]
    },
    {
      "file_path": "/media/NFS/ttao/scannet/posed_images/scene0495_00/00175.jpg",
      "transform_matrix": [
        [
          0.943624,
          0.025874,
          -0.330007,
          3.929563
        ],
        [
          0.330482,
          -0.13041,
          0.934759,
          3.72334
        ],
        [
          -0.018851,
          -0.991123,
          -0.131609,
          1.498706
        ],
        [
          0.0,
          0.0,
          0.0,
          1.0
        ]
      ]
    },
    {
      "file_path": "/media/NFS/ttao/scannet/posed_images/scene0495_00/00177.jpg",
      "transform_matrix": [
        [
          0.949887,
          0.01829,
          -0.312058,
          3.942392
        ],
        [
          0.311507,
          -0.13854,
          0.94009,
          3.71149
        ],
        [
          -0.026038,
          -0.990188,
          -0.137295,
          1.492213
        ],
        [
          0.0,
          0.0,
          0.0,
          1.0
        ]
      ]
    },
    {
      "file_path": "/media/NFS/ttao/scannet/posed_images/scene0495_00/00184.jpg",
      "transform_matrix": [
        [
          0.974225,
          -0.020756,
          -0.224621,
          3.952903
        ],
        [
          0.215516,
          -0.208424,
          0.953998,
          3.680056
        ],
        [
          -0.066617,
          -0.977818,
          -0.198579,
          1.472427
        ],
        [
          0.0,
          0.0,
          0.0,
          1.0
        ]
      ]
    },
    {
      "file_path": "/media/NFS/ttao/scannet/posed_images/scene0495_00/00187.jpg",
      "transform_matrix": [
        [
          0.982508,
          -0.025594,
          -0.184456,
          3.951501
        ],
        [
          0.172938,
          -0.242005,
          0.954739,
          3.680078
        ],
        [
          -0.069074,
          -0.969937,
          -0.233346,
          1.45904
        ],
        [
          0.0,
          0.0,
          0.0,
          1.0
        ]
      ]
    },
    {
      "file_path": "/media/NFS/ttao/scannet/posed_images/scene0495_00/00190.jpg",
      "transform_matrix": [
        [
          0.988981,
          -0.02617,
          -0.145714,
          3.939119
        ],
        [
          0.13362,
          -0.265979,
          0.954673,
          3.672414
        ],
        [
          -0.06374,
          -0.963624,
          -0.259551,
          1.44554
        ],
        [
          0.0,
          0.0,
          0.0,
          1.0
        ]
      ]
    },
    {
      "file_path": "/media/NFS/ttao/scannet/posed_images/scene0495_00/00191.jpg",
      "transform_matrix": [
        [
          0.990723,
          -0.021946,
          -0.13411,
          3.935591
        ],
        [
          0.123122,
          -0.272724,
          0.954182,
          3.669266
        ],
        [
          -0.057516,
          -0.961842,
          -0.267492,
          1.438195
        ],
        [
          0.0,
          0.0,
          0.0,
          1.0
        ]
      ]
    },
    {
      "file_path": "/media/NFS/ttao/scannet/posed_images/scene0495_00/00197.jpg",
      "transform_matrix": [
        [
          0.997536,
          -0.030979,
          -0.062944,
          3.899295
        ],
        [
          0.049721,
          -0.320782,
          0.945847,
          3.671057
        ],
        [
          -0.049492,
          -0.946646,
          -0.318451,
          1.411471
        ],
        [
          0.0,
          0.0,
          0.0,
          1.0
        ]
      ]
    },
    {
      "file_path": "/media/NFS/ttao/scannet/posed_images/scene0495_00/00200.jpg",
      "transform_matrix": [
        [
          0.997798,
          -0.04005,
          -0.052869,
          3.887839
        ],
        [
          0.035453,
          -0.351622,
          0.93547,
          3.67555
        ],
        [
          -0.056056,
          -0.935285,
          -0.349428,
          1.401944
        ],
        [
          0.0,
          0.0,
          0.0,
          1.0
        ]
      ]
    },
    {
      "file_path": "/media/NFS/ttao/scannet/posed_images/scene0495_00/00204.jpg",
      "transform_matrix": [
        [
          0.998261,
          -0.050595,
          -0.030249,
          3.857686
        ],
        [
          0.008185,
          -0.389207,
          0.921114,
          3.675108
        ],
        [
          -0.058376,
          -0.91976,
          -0.388117,
          1.374489
        ],
        [
          0.0,
          0.0,
          0.0,
          1.0
        ]
      ]
    },
    {
      "file_path": "/media/NFS/ttao/scannet/posed_images/scene0495_00/00206.jpg",
      "transform_matrix": [
        [
          0.998065,
          -0.057721,
          -0.023138,
          3.845026
        ],
        [
          -0.002356,
          -0.406907,
          0.913466,
          3.676893
        ],
        [
          -0.062141,
          -0.911644,
          -0.406256,
          1.366005
        ],
        [
          0.0,
          0.0,
          0.0,
          1.0
        ]
      ]
    },
    {
      "file_path": "/media/NFS/ttao/scannet/posed_images/scene0495_00/00211.jpg",
      "transform_matrix": [
        [
          0.998239,
          -0.058792,
          0.00793,
          3.815408
        ],
        [
          -0.032974,
          -0.438737,
          0.89801,
          3.68075
        ],
        [
          -0.049316,
          -0.89669,
          -0.439903,
          1.343886
        ],
        [
          0.0,
          0.0,
          0.0,
          1.0
        ]
      ]
    },
    {
      "file_path": "/media/NFS/ttao/scannet/posed_images/scene0495_00/00216.jpg",
      "transform_matrix": [
        [
          0.99731,
          -0.058906,
          0.043611,
          3.794695
        ],
        [
          -0.065667,
          -0.453874,
          0.888643,
          3.68802
        ],
        [
          -0.032552,
          -0.889117,
          -0.456521,
          1.337686
        ],
        [
          0.0,
          0.0,
          0.0,
          1.0
        ]
      ]
    },
    {
      "file_path": "/media/NFS/ttao/scannet/posed_images/scene0495_00/00217.jpg",
      "transform_matrix": [
        [
          0.996611,
          -0.061966,
          0.054105,
          3.788696
        ],
        [
          -0.076493,
          -0.456065,
          0.886653,
          3.691488
        ],
        [
          -0.030267,
          -0.887787,
          -0.459259,
          1.342624
        ],
        [
          0.0,
          0.0,
          0.0,
          1.0
        ]
      ]
    },
    {
      "file_path": "/media/NFS/ttao/scannet/posed_images/scene0495_00/00220.jpg",
      "transform_matrix": [
        [
          0.993749,
          -0.075259,
          0.082451,
          3.77074
        ],
        [
          -0.107507,
          -0.446238,
          0.888433,
          3.695032
        ],
        [
          -0.03007,
          -0.891744,
          -0.451539,
          1.344363
        ],
        [
          0.0,
          0.0,
          0.0,
          1.0
        ]
      ]
    },
    {
      "file_path": "/media/NFS/ttao/scannet/posed_images/scene0495_00/00226.jpg",
      "transform_matrix": [
        [
          0.984688,
          -0.113681,
          0.13216,
          3.745348
        ],
        [
          -0.170099,
          -0.460599,
          0.871157,
          3.709459
        ],
        [
          -0.038161,
          -0.880298,
          -0.472884,
          1.336214
        ],
        [
          0.0,
          0.0,
          0.0,
          1.0
        ]
      ]
    },
    {
      "file_path": "/media/NFS/ttao/scannet/posed_images/scene0495_00/00227.jpg",
      "transform_matrix": [
        [
          0.982819,
          -0.118348,
          0.141635,
          3.738777
        ],
        [
          -0.180753,
          -0.461855,
          0.868342,
          3.713265
        ],
        [
          -0.037351,
          -0.879025,
          -0.475311,
          1.335053
        ],
        [
          0.0,
          0.0,
          0.0,
          1.0
        ]
      ]
    },
    {
      "file_path": "/media/NFS/ttao/scannet/posed_images/scene0495_00/00230.jpg",
      "transform_matrix": [
        [
          0.978849,
          -0.119493,
          0.166061,
          3.73152
        ],
        [
          -0.203054,
          -0.46836,
          0.859888,
          3.724107
        ],
        [
          -0.024974,
          -0.87542,
          -0.482717,
          1.328559
        ],
        [
          0.0,
          0.0,
          0.0,
          1.0
        ]
      ]
    },
    {
      "file_path": "/media/NFS/ttao/scannet/posed_images/scene0495_00/00237.jpg",
      "transform_matrix": [
        [
          0.971841,
          -0.129928,
          0.19658,
          3.732011
        ],
        [
          -0.234331,
          -0.445145,
          0.864254,
          3.764868
        ],
        [
          -0.024784,
          -0.885982,
          -0.463056,
          1.328746
        ],
        [
          0.0,
          0.0,
          0.0,
          1.0
        ]
      ]
    },
    {
      "file_path": "/media/NFS/ttao/scannet/posed_images/scene0495_00/00238.jpg",
      "transform_matrix": [
        [
          0.970184,
          -0.137007,
          0.19993,
          3.734157
        ],
        [
          -0.240481,
          -0.441363,
          0.864504,
          3.771953
        ],
        [
          -0.030201,
          -0.886808,
          -0.461151,
          1.326256
        ],
        [
          0.0,
          0.0,
          0.0,
          1.0
        ]
      ]
    },
    {
      "file_path": "/media/NFS/ttao/scannet/posed_images/scene0495_00/00241.jpg",
      "transform_matrix": [
        [
          0.96138,
          -0.171447,
          0.215303,
          3.739202
        ],
        [
          -0.269682,
          -0.43059,
          0.861315,
          3.798888
        ],
        [
          -0.054962,
          -0.886114,
          -0.460196,
          1.333678
        ],
        [
          0.0,
          0.0,
          0.0,
          1.0
        ]
      ]
    },
    {
      "file_path": "/media/NFS/ttao/scannet/posed_images/scene0495_00/00246.jpg",
      "transform_matrix": [
        [
          0.944902,
          -0.201214,
          0.258211,
          3.749357
        ],
        [
          -0.318656,
          -0.384751,
          0.86627,
          3.842879
        ],
        [
          -0.074959,
          -0.900821,
          -0.427671,
          1.339755
        ],
        [
          0.0,
          0.0,
          0.0,
          1.0
        ]
      ]
    },
    {
      "file_path": "/media/NFS/ttao/scannet/posed_images/scene0495_00/00249.jpg",
      "transform_matrix": [
        [
          0.937585,
          -0.21422,
          0.273943,
          3.753547
        ],
        [
          -0.339238,
          -0.390114,
          0.855995,
          3.873301
        ],
        [
          -0.076502,
          -0.8955,
          -0.438437,
          1.341379
        ],
        [
          0.0,
          0.0,
          0.0,
          1.0
        ]
      ]
    },
    {
      "file_path": "/media/NFS/ttao/scannet/posed_images/scene0495_00/00254.jpg",
      "transform_matrix": [
        [
          0.929049,
          -0.216392,
          0.300069,
          3.761955
        ],
        [
          -0.363494,
          -0.383001,
          0.849224,
          3.906186
        ],
        [
          -0.068838,
          -0.898045,
          -0.434484,
          1.334169
        ],
        [
          0.0,
          0.0,
          0.0,
          1.0
        ]
      ]
    },
    {
      "file_path": "/media/NFS/ttao/scannet/posed_images/scene0495_00/00258.jpg",
      "transform_matrix": [
        [
          0.914019,
          -0.214852,
          0.344105,
          3.755824
        ],
        [
          -0.403537,
          -0.394639,
          0.82548,
          3.929971
        ],
        [
          -0.041559,
          -0.893364,
          -0.447408,
          1.327063
        ],
        [
          0.0,
          0.0,
          0.0,
          1.0
        ]
      ]
    },
    {
      "file_path": "/media/NFS/ttao/scannet/posed_images/scene0495_00/00259.jpg",
      "transform_matrix": [
        [
          0.90863,
          -0.217677,
          0.356381,
          3.75699
        ],
        [
          -0.415844,
          -0.393442,
          0.819925,
          3.935818
        ],
        [
          -0.038264,
          -0.893208,
          -0.448013,
          1.327327
        ],
        [
          0.0,
          0.0,
          0.0,
          1.0
        ]
      ]
    },
    {
      "file_path": "/media/NFS/ttao/scannet/posed_images/scene0495_00/00264.jpg",
      "transform_matrix": [
        [
          0.868059,
          -0.237406,
          0.436018,
          3.750835
        ],
        [
          -0.495364,
          -0.35585,
          0.792455,
          3.961816
        ],
        [
          -0.032977,
          -0.903886,
          -0.426501,
          1.33481
        ],
        [
          0.0,
          0.0,
          0.0,
          1.0
        ]
      ]
    },
    {
      "file_path": "/media/NFS/ttao/scannet/posed_images/scene0495_00/00269.jpg",
      "transform_matrix": [
        [
          0.822551,
          -0.271742,
          0.499566,
          3.727325
        ],
        [
          -0.56671,
          -0.318419,
          0.759901,
          3.985129
        ],
        [
          -0.047425,
          -0.908166,
          -0.415915,
          1.343068
        ],
        [
          0.0,
          0.0,
          0.0,
          1.0
        ]
      ]
    },
    {
      "file_path": "/media/NFS/ttao/scannet/posed_images/scene0495_00/00270.jpg",
      "transform_matrix": [
        [
          0.817226,
          -0.275556,
          0.506172,
          3.728329
        ],
        [
          -0.574625,
          -0.32235,
          0.752261,
          3.995564
        ],
        [
          -0.044125,
          -0.905627,
          -0.421774,
          1.350781
        ],
        [
          0.0,
          0.0,
          0.0,
          1.0
        ]
      ]
    },
    {
      "file_path": "/media/NFS/ttao/scannet/posed_images/scene0495_00/00273.jpg",
      "transform_matrix": [
        [
          0.801518,
          -0.283657,
          0.52641,
          3.707575
        ],
        [
          -0.596724,
          -0.322594,
          0.734747,
          4.010982
        ],
        [
          -0.038599,
          -0.903035,
