{
  "frames": [
    {
      "file_path": "/media/NFS/ttao/scannet/posed_images/scene0339_00/00000.jpg",
      "transform_matrix": [
        [
          -0.605263,
          0.452503,
          -0.654904,
          3.173013
        ],
        [
          0.796004,
          0.350141,
          -0.49374,
          4.129469
        ],
        [
          0.00589,
          -0.820148,
          -0.572121,
          1.506687
        ],
        [
          0.0,
          0.0,
          0.0,
          1.0
        ]
      ]
    },
    {
      "file_path": "/media/NFS/ttao/scannet/posed_images/scene0339_00/00004.jpg",
      "transform_matrix": [
        [
          -0.605031,
          0.452079,
          -0.65541,
          3.170938
        ],
        [
          0.796112,
          0.355865,
          -0.489455,
          4.132363
        ],
        [
          0.011965,
          -0.817915,
          -0.575215,
          1.5034
        ],
        [
          0.0,
          0.0,
          0.0,
          1.0
        ]
      ]
    },
    {
      "file_path": "/media/NFS/ttao/scannet/posed_images/scene0339_00/00009.jpg",
      "transform_matrix": [
        [
          -0.607924,
          0.445264,
          -0.657395,
          3.170818
        ],
        [
          0.793802,
          0.359119,
          -0.490829,
          4.135353
        ],
        [
          0.017534,
          -0.820228,
          -0.571768,
          1.505137
        ],
        [
          0.0,
          0.0,
          0.0,
          1.0
        ]
      ]
    },
    {
      "file_path": "/media/NFS/ttao/scannet/posed_images/scene0339_00/00016.jpg",
      "transform_matrix": [
        [
          -0.609176,
          0.424677,
          -0.669742,
          3.177304
        ],
        [
          0.792775,
          0.34775,
          -0.500578,
          4.153537
        ],
        [
          0.020319,
          -0.835894,
          -0.548514,
          1.493066
        ],
        [
          0.0,
          0.0,
          0.0,
          1.0
        ]
      ]
    },
    {
      "file_path": "/media/NFS/ttao/scannet/posed_images/scene0339_00/00018.jpg",
      "transform_matrix": [
        [
          -0.609937,
          0.423213,
          -0.669977,
          3.180118
        ],
        [
          0.792196,
          0.347044,
          -0.501982,
          4.151008
        ],
        [
          0.020066,
          -0.83693,
          -0.546943,
          1.496604
        ],
        [
          0.0,
          0.0,
          0.0,
          1.0
        ]
      ]
    },
    {
      "file_path": "/media/NFS/ttao/scannet/posed_images/scene0339_00/00024.jpg",
      "transform_matrix": [
        [
          -0.625683,
          0.395555,
          -0.672353,
          3.188567
        ],
        [
          0.780016,
          0.328093,
          -0.532851,
          4.158277
        ],
        [
          0.009822,
          -0.857841,
          -0.513821,
          1.510679
        ],
        [
          0.0,
          0.0,
          0.0,
          1.0
        ]
      ]
    },
    {
      "file_path": "/media/NFS/ttao/scannet/posed_images/scene0339_00/00027.jpg",
      "transform_matrix": [
        [
          -0.63611,
          0.388829,
          -0.666466,
          3.195891
        ],
        [
          0.77155,
          0.330251,
          -0.543733,
          4.158663
        ],
        [
          0.008682,
          -0.860085,
          -0.510077,
          1.515234
        ],
        [
          0.0,
          0.0,
          0.0,
          1.0
        ]
      ]
    },
    {
      "file_path": "/media/NFS/ttao/scannet/posed_images/scene0339_00/00036.jpg",
      "transform_matrix": [
        [
          -0.694697,
          0.351592,
          -0.627518,
          3.232682
        ],
        [
          0.719303,
          0.339195,
          -0.60626,
          4.141372
        ],
        [
          -0.000305,
          -0.872542,
          -0.488539,
          1.542911
        ],
        [
          0.0,
          0.0,
          0.0,
          1.0
        ]
      ]
    },
    {
      "file_path": "/media/NFS/ttao/scannet/posed_images/scene0339_00/00040.jpg",
      "transform_matrix": [
        [
          -0.70947,
          0.336149,
          -0.619401,
          3.239153
        ],
        [
          0.704708,
          0.346274,
          -0.619259,
          4.143051
        ],
        [
          0.006319,
          -0.875842,
          -0.482557,
          1.541422
        ],
        [
          0.0,
          0.0,
          0.0,
          1.0
        ]
      ]
    },
    {
      "file_path": "/media/NFS/ttao/scannet/posed_images/scene0339_00/00041.jpg",
      "transform_matrix": [
        [
          -0.710273,
          0.333191,
          -0.620077,
          3.240789
        ],
        [
          0.703864,
          0.347903,
          -0.619306,
          4.146961
        ],
        [
          0.009379,
          -0.876326,
          -0.481627,
          1.535571
        ],
        [
          0.0,
          0.0,
          0.0,
          1.0
        ]
      ]
    },
    {
      "file_path": "/media/NFS/ttao/scannet/posed_images/scene0339_00/00050.jpg",
      "transform_matrix": [
        [
          -0.67154,
          0.345276,
          -0.655606,
          3.218066
        ],
        [
          0.739731,
          0.363522,
          -0.56626,
          4.159116
        ],
        [
          0.042811,
          -0.865238,
          -0.499531,
          1.526666
        ],
        [
          0.0,
          0.0,
          0.0,
          1.0
        ]
      ]
    },
    {
      "file_path": "/media/NFS/ttao/scannet/posed_images/scene0339_00/00054.jpg",
      "transform_matrix": [
        [
          -0.652348,
          0.354175,
          -0.670077,
          3.216797
        ],
        [
          0.756131,
          0.364839,
          -0.543285,
          4.167117
        ],
        [
          0.052052,
          -0.861076,
          -0.505805,
          1.51529
        ],
        [
          0.0,
          0.0,
          0.0,
          1.0
        ]
      ]
    },
    {
      "file_path": "/media/NFS/ttao/scannet/posed_images/scene0339_00/00057.jpg",
      "transform_matrix": [
        [
          -0.634843,
          0.371575,
          -0.677427,
          3.207464
        ],
        [
          0.771019,
          0.361458,
          -0.524289,
          4.173626
        ],
        [
          0.050049,
          -0.855149,
          -0.51596,
          1.511143
        ],
        [
          0.0,
          0.0,
          0.0,
          1.0
        ]
      ]
    },
    {
      "file_path": "/media/NFS/ttao/scannet/posed_images/scene0339_00/00062.jpg",
      "transform_matrix": [
        [
          -0.599989,
          0.405852,
          -0.689419,
          3.193881
        ],
        [
          0.799249,
          0.341635,
          -0.494456,
          4.210316
        ],
        [
          0.034853,
          -0.847685,
          -0.529353,
          1.480616
        ],
        [
          0.0,
          0.0,
          0.0,
          1.0
        ]
      ]
    },
    {
      "file_path": "/media/NFS/ttao/scannet/posed_images/scene0339_00/00067.jpg",
      "transform_matrix": [
        [
          -0.539285,
          0.438927,
          -0.71869,
          3.172946
        ],
        [
          0.841575,
          0.311684,
          -0.44114,
          4.214555
        ],
        [
          0.030376,
          -0.842731,
          -0.537477,
          1.481607
        ],
        [
          0.0,
          0.0,
          0.0,
          1.0
        ]
      ]
    },
    {
      "file_path": "/media/NFS/ttao/scannet/posed_images/scene0339_00/00072.jpg",
      "transform_matrix": [
        [
          -0.476249,
          0.479224,
          -0.737246,
          3.16793
        ],
        [
          0.878985,
          0.282275,
          -0.384326,
          4.207713
        ],
        [
          0.023928,
          -0.831063,
          -0.555664,
          1.474978
        ],
        [
          0.0,
          0.0,
          0.0,
          1.0
        ]
      ]
    },
    {
      "file_path": "/media/NFS/ttao/scannet/posed_images/scene0339_00/00075.jpg",
      "transform_matrix": [
        [
          -0.449997,
          0.498246,
          -0.741117,
          3.168814
        ],
        [
          0.89286,
          0.267224,
          -0.362481,
          4.202095
        ],
        [
          0.01744,
          -0.824829,
          -0.565114,
          1.471749
        ],
        [
          0.0,
          0.0,
          0.0,
          1.0
        ]
      ]
    },
    {
      "file_path": "/media/NFS/ttao/scannet/posed_images/scene0339_00/00081.jpg",
      "transform_matrix": [
        [
          -0.386847,
          0.527014,
          -0.756707,
          3.170659
        ],
        [
          0.921941,
          0.238245,
          -0.305391,
          4.179673
        ],
        [
          0.019336,
          -0.815779,
          -0.57804,
          1.473681
        ],
        [
          0.0,
          0.0,
          0.0,
          1.0
        ]
      ]
    },
    {
      "file_path": "/media/NFS/ttao/scannet/posed_images/scene0339_00/00088.jpg",
      "transform_matrix": [
        [
          -0.300214,
          0.5417,
          -0.785132,
          3.175256
        ],
        [
          0.953822,
          0.178899,
          -0.241286,
          4.163795
        ],
        [
          0.009755,
          -0.821314,
          -0.570394,
          1.475405
        ],
        [
          0.0,
          0.0,
          0.0,
          1.0
        ]
      ]
    },
    {
      "file_path": "/media/NFS/ttao/scannet/posed_images/scene0339_00/00092.jpg",
      "transform_matrix": [
        [
          -0.251905,
          0.534852,
          -0.806522,
          3.176682
        ],
        [
          0.967751,
          0.140529,
          -0.20907,
          4.167879
        ],
        [
          0.001519,
          -0.833178,
          -0.553003,
          1.480106
        ],
        [
          0.0,
          0.0,
          0.0,
          1.0
        ]
      ]
    },
    {
      "file_path": "/media/NFS/ttao/scannet/posed_images/scene0339_00/00094.jpg",
      "transform_matrix": [
        [
          -0.230567,
          0.526944,
          -0.818028,
          3.179771
        ],
        [
          0.973055,
          0.12367,
          -0.194599,
          4.166632
        ],
        [
          -0.001377,
          -0.840854,
          -0.54126,
          1.479157
        ],
        [
          0.0,
          0.0,
          0.0,
          1.0
        ]
      ]
    },
    {
      "file_path": "/media/NFS/ttao/scannet/posed_images/scene0339_00/00102.jpg",
      "transform_matrix": [
        [
          -0.116116,
          0.519427,
          -0.846589,
          3.154037
        ],
        [
          0.993225,
          0.056708,
          -0.101435,
          4.177918
        ],
        [
          -0.00468,
          -0.852631,
          -0.522492,
          1.49416
        ],
        [
          0.0,
          0.0,
          0.0,
          1.0
        ]
      ]
    },
    {
      "file_path": "/media/NFS/ttao/scannet/posed_images/scene0339_00/00106.jpg",
      "transform_matrix": [
        [
          -0.08057,
          0.486741,
          -0.869823,
          3.149171
        ],
        [
          0.996492,
          0.019527,
          -0.081376,
          4.190775
        ],
        [
          -0.022624,
          -0.873328,
          -0.486607,
          1.504947
        ],
        [
          0.0,
          0.0,
          0.0,
          1.0
        ]
      ]
    },
    {
      "file_path": "/media/NFS/ttao/scannet/posed_images/scene0339_00/00111.jpg",
      "transform_matrix": [
        [
          -0.04605,
          0.456903,
          -0.888324,
          3.129074
        ],
        [
          0.998882,
          0.011511,
          -0.045861,
          4.196741
        ],
        [
          -0.010728,
          -0.889442,
          -0.456922,
          1.534403
        ],
        [
          0.0,
          0.0,
          0.0,
          1.0
        ]
      ]
    },
    {
      "file_path": "/media/NFS/ttao/scannet/posed_images/scene0339_00/00116.jpg",
      "transform_matrix": [
        [
          -0.012844,
          0.41248,
          -0.910877,
          3.133224
        ],
        [
          0.999807,
          -0.008226,
          -0.017823,
          4.209047
        ],
        [
          -0.014845,
          -0.91093,
          -0.412294,
          1.540954
        ],
        [
          0.0,
          0.0,
          0.0,
          1.0
        ]
      ]
    },
    {
      "file_path": "/media/NFS/ttao/scannet/posed_images/scene0339_00/00121.jpg",
      "transform_matrix": [
        [
          0.008903,
          0.398346,
          -0.917192,
          3.118329
        ],
        [
          0.999876,
          -0.015486,
          0.00298,
          4.218938
        ],
        [
          -0.013017,
          -0.917105,
          -0.398434,
          1.58317
        ],
        [
          0.0,
          0.0,
          0.0,
          1.0
        ]
      ]
    },
    {
      "file_path": "/media/NFS/ttao/scannet/posed_images/scene0339_00/00125.jpg",
      "transform_matrix": [
        [
          0.009987,
          0.37513,
          -0.926919,
          3.108328
        ],
        [
          0.999804,
          -0.019617,
          0.002833,
          4.236308
        ],
        [
          -0.017121,
          -0.926765,
          -0.375252,
          1.614212
        ],
        [
          0.0,
          0.0,
          0.0,
          1.0
        ]
      ]
    },
    {
      "file_path": "/media/NFS/ttao/scannet/posed_images/scene0339_00/00129.jpg",
      "transform_matrix": [
        [
          0.00156,
          0.335408,
          -0.942072,
          3.110616
        ],
        [
          0.99992,
          -0.012347,
          -0.00274,
          4.236761
        ],
        [
          -0.012551,
          -0.941992,
          -0.3354,
          1.625043
        ],
        [
          0.0,
          0.0,
          0.0,
          1.0
        ]
      ]
    },
    {
      "file_path": "/media/NFS/ttao/scannet/posed_images/scene0339_00/00132.jpg",
      "transform_matrix": [
        [
          0.003223,
          0.315866,
          -0.948799,
          3.110188
        ],
        [
          0.999912,
          -0.01326,
          -0.001018,
          4.236403
        ],
        [
          -0.012902,
          -0.948711,
          -0.315881,
          1.628762
        ],
        [
          0.0,
          0.0,
          0.0,
          1.0
        ]
      ]
    },
    {
      "file_path": "/media/NFS/ttao/scannet/posed_images/scene0339_00/00139.jpg",
      "transform_matrix": [
        [
          0.030544,
          0.258934,
          -0.965412,
          3.099978
        ],
        [
          0.999172,
          -0.03388,
          0.022525,
          4.23912
        ],
        [
          -0.026876,
          -0.965301,
          -0.259755,
          1.662016
        ],
        [
          0.0,
          0.0,
          0.0,
          1.0
        ]
      ]
    },
    {
      "file_path": "/media/NFS/ttao/scannet/posed_images/scene0339_00/00145.jpg",
      "transform_matrix": [
        [
          0.057925,
          0.243959,
          -0.968054,
          3.099265
        ],
        [
          0.998236,
          -0.026781,
          0.052982,
          4.239899
        ],
        [
          -0.013,
          -0.969416,
          -0.24508,
          1.654904
        ],
        [
          0.0,
          0.0,
          0.0,
          1.0
        ]
      ]
    },
    {
      "file_path": "/media/NFS/ttao/scannet/posed_images/scene0339_00/00146.jpg",
      "transform_matrix": [
        [
          0.062063,
          0.240571,
          -0.968646,
          3.10146
        ],
        [
          0.998017,
          -0.025137,
          0.057702,
          4.233929
        ],
        [
          -0.010467,
          -0.970306,
          -0.241654,
          1.653355
        ],
        [
          0.0,
          0.0,
          0.0,
          1.0
        ]
      ]
    },
    {
      "file_path": "/media/NFS/ttao/scannet/posed_images/scene0339_00/00153.jpg",
      "transform_matrix": [
        [
          0.077145,
          0.221322,
          -0.972145,
          3.103938
        ],
        [
          0.996777,
          -0.038658,
          0.070299,
          4.231675
        ],
        [
          -0.022023,
          -0.974434,
          -0.223591,
          1.670795
        ],
        [
          0.0,
          0.0,
          0.0,
          1.0
        ]
      ]
    },
    {
      "file_path": "/media/NFS/ttao/scannet/posed_images/scene0339_00/00155.jpg",
      "transform_matrix": [
        [
          0.080033,
          0.214249,
          -0.973495,
          3.109934
        ],
        [
          0.99658,
          -0.037357,
          0.073709,
          4.236174
        ],
        [
          -0.020575,
          -0.976065,
          -0.216506,
          1.650757
        ],
        [
          0.0,
          0.0,
          0.0,
          1.0
        ]
      ]
    },
    {
      "file_path": "/media/NFS/ttao/scannet/posed_images/scene0339_00/00163.jpg",
      "transform_matrix": [
        [
          0.118641,
          0.284526,
          -0.951299,
          3.119872
        ],
        [
          0.992933,
          -0.031202,
          0.114501,
          4.311811
        ],
        [
          0.002896,
          -0.95816,
          -0.286217,
          1.582206
        ],
        [
          0.0,
          0.0,
          0.0,
          1.0
        ]
      ]
    },
    {
      "file_path": "/media/NFS/ttao/scannet/posed_images/scene0339_00/00168.jpg",
      "transform_matrix": [
        [
          0.147618,
          0.29979,
          -0.942515,
          3.121363
        ],
        [
          0.989022,
          -0.051156,
          0.13863,
          4.314236
        ],
        [
          -0.006656,
          -0.952632,
          -0.304051,
          1.569241
        ],
        [
          0.0,
          0.0,
          0.0,
          1.0
        ]
      ]
    },
    {
      "file_path": "/media/NFS/ttao/scannet/posed_images/scene0339_00/00172.jpg",
      "transform_matrix": [
        [
          0.159934,
          0.323789,
          -0.932514,
          3.114444
        ],
        [
          0.987128,
          -0.052667,
          0.151014,
          4.329545
        ],
        [
          -0.000216,
          -0.944662,
          -0.328044,
          1.562691
        ],
        [
          0.0,
          0.0,
          0.0,
          1.0
        ]
      ]
    },
    {
      "file_path": "/media/NFS/ttao/scannet/posed_images/scene0339_00/00175.jpg",
      "transform_matrix": [
        [
          0.169948,
          0.349883,
          -0.921249,
          3.107869
        ],
        [
          0.985453,
          -0.06043,
          0.158841,
          4.345702
        ],
        [
          -9.6e-05,
          -0.934842,
          -0.355063,
          1.566307
        ],
        [
          0.0,
          0.0,
          0.0,
          1.0
        ]
      ]
    },
    {
      "file_path": "/media/NFS/ttao/scannet/posed_images/scene0339_00/00182.jpg",
      "transform_matrix": [
        [
          0.210533,
          0.405864,
          -0.889354,
          3.099711
        ],
        [
          0.977359,
          -0.067761,
          0.200443,
          4.374169
        ],
        [
          0.021089,
          -0.911418,
          -0.410941,
          1.553419
        ],
        [
          0.0,
          0.0,
          0.0,
          1.0
        ]
      ]
    },
    {
      "file_path": "/media/NFS/ttao/scannet/posed_images/scene0339_00/00183.jpg",
      "transform_matrix": [
        [
          0.214633,
          0.407243,
          -0.887742,
          3.104399
        ],
        [
          0.976546,
          -0.0736,
          0.20234,
          4.384728
        ],
        [
          0.017064,
          -0.910349,
          -0.413489,
          1.546677
        ],
        [
          0.0,
          0.0,
          0.0,
          1.0
        ]
      ]
    },
    {
      "file_path": "/media/NFS/ttao/scannet/posed_images/scene0339_00/00192.jpg",
      "transform_matrix": [
        [
          0.287709,
          0.435835,
          -0.852802,
          3.105536
        ],
        [
          0.957717,
          -0.132022,
          0.255633,
          4.420203
        ],
        [
          -0.001175,
          -0.890291,
          -0.45539,
          1.52976
        ],
        [
          0.0,
          0.0,
          0.0,
          1.0
        ]
      ]
    },
    {
      "file_path": "/media/NFS/ttao/scannet/posed_images/scene0339_00/00193.jpg",
      "transform_matrix": [
        [
          0.293945,
          0.439435,
          -0.848819,
          3.108042
        ],
        [
          0.955822,
          -0.134672,
          0.26128,
          4.417119
        ],
        [
          0.000503,
          -0.888122,
          -0.459608,
          1.523983
        ],
        [
          0.0,
          0.0,
          0.0,
          1.0
        ]
      ]
    },
    {
      "file_path": "/media/NFS/ttao/scannet/posed_images/scene0339_00/00200.jpg",
      "transform_matrix": [
        [
          0.331653,
          0.479038,
          -0.81273,
          3.101026
        ],
        [
          0.943305,
          -0.15606,
          0.292953,
          4.435103
        ],
        [
          0.013501,
          -0.86381,
          -0.503636,
          1.505555
        ],
        [
          0.0,
          0.0,
          0.0,
          1.0
        ]
      ]
    },
    {
      "file_path": "/media/NFS/ttao/scannet/posed_images/scene0339_00/00206.jpg",
      "transform_matrix": [
        [
          0.343537,
          0.508841,
          -0.789344,
          3.106264
        ],
        [
          0.938783,
          -0.162919,
          0.303552,
          4.448355
        ],
        [
          0.025861,
          -0.845303,
          -0.53366,
          1.48505
        ],
        [
          0.0,
          0.0,
          0.0,
          1.0
        ]
      ]
    },
    {
      "file_path": "/media/NFS/ttao/scannet/posed_images/scene0339_00/00207.jpg",
      "transform_matrix": [
        [
          0.3449,
          0.514144,
          -0.785303,
          3.107888
        ],
        [
          0.938314,
          -0.166808,
          0.30289,
          4.454068
        ],
        [
          0.024734,
          -0.841327,
          -0.539961,
          1.480747
        ],
        [
          0.0,
          0.0,
          0.0,
          1.0
        ]
      ]
    },
    {
      "file_path": "/media/NFS/ttao/scannet/posed_images/scene0339_00/00212.jpg",
      "transform_matrix": [
        [
          0.358194,
          0.541177,
          -0.760806,
          3.109755
        ],
        [
          0.933234,
          -0.183269,
          0.309011,
          4.453702
        ],
        [
          0.027798,
          -0.820695,
          -0.57069,
          1.468134
        ],
        [
          0.0,
          0.0,
          0.0,
          1.0
        ]
      ]
    },
    {
      "file_path": "/media/NFS/ttao/scannet/posed_images/scene0339_00/00217.jpg",
      "transform_matrix": [
        [
          0.362168,
          0.552009,
          -0.75108,
          3.116904
        ],
        [
          0.931719,
          -0.190975,
          0.308913,
          4.464487
        ],
        [
          0.027085,
          -0.811674,
          -0.583483,
          1.462557
        ],
        [
          0.0,
          0.0,
          0.0,
          1.0
        ]
      ]
    },
    {
      "file_path": "/media/NFS/ttao/scannet/posed_images/scene0339_00/00222.jpg",
      "transform_matrix": [
        [
          0.397767,
          0.557806,
          -0.728447,
          3.117991
        ],
        [
          0.916528,
          -0.205282,
          0.343274,
          4.482996
        ],
        [
          0.041943,
          -0.804184,
          -0.592899,
          1.460522
        ],
        [
          0.0,
          0.0,
          0.0,
          1.0
        ]
      ]
    },
    {
      "file_path": "/media/NFS/ttao/scannet/posed_images/scene0339_00/00230.jpg",
      "transform_matrix": [
        [
          0.466604,
          0.535816,
          -0.703692,
          3.124613
        ],
        [
          0.883828,
          -0.252235,
          0.393987,
          4.500004
        ],
        [
          0.033609,
          -0.805778,
          -0.591263,
          1.460443
        ],
        [
          0.0,
          0.0,
          0.0,
          1.0
        ]
      ]
    },
    {
      "file_path": "/media/NFS/ttao/scannet/posed_images/scene0339_00/00233.jpg",
      "transform_matrix": [
        [
          0.484355,
          0.518263,
          -0.704843,
          3.133158
        ],
        [
          0.874235,
          -0.255991,
          0.412531,
          4.513458
        ],
        [
          0.033366,
          -0.81601,
          -0.577074,
          1.462754
        ],
        [
          0.0,
          0.0,
          0.0,
          1.0
        ]
      ]
    },
    {
      "file_path": "/media/NFS/ttao/scannet/posed_images/scene0339_00/00239.jpg",
      "transform_matrix": [
        [
          0.525581,
          0.498461,
          -0.689421,
          3.14584
        ],
        [
          0.849953,
          -0.272738,
          0.450769,
          4.535187
        ],
        [
          0.036659,
          -0.822892,
          -0.567015,
          1.459256
        ],
        [
          0.0,
          0.0,
          0.0,
          1.0
        ]
      ]
    },
    {
      "file_path": "/media/NFS/ttao/scannet/posed_images/scene0339_00/00244.jpg",
      "transform_matrix": [
        [
          0.562143,
          0.492733,
          -0.664236,
          3.139256
        ],
        [
          0.826129,
          -0.296863,
          0.478939,
          4.539894
        ],
        [
          0.038802,
          -0.817977,
          -0.573941,
          1.457025
        ],
        [
          0.0,
          0.0,
          0.0,
          1.0
        ]
      ]
    },
    {
      "file_path": "/media/NFS/ttao/scannet/posed_images/scene0339_00/00248.jpg",
      "transform_matrix": [
        [
          0.574953,
          0.486816,
          -0.657601,
          3.143114
        ],
        [
          0.817466,
          -0.308075,
          0.486661,
          4.554223
        ],
        [
          0.034324,
          -0.817374,
          -0.575084,
          1.453809
        ],
        [
          0.0,
          0.0,
          0.0,
          1.0
        ]
      ]
    },
    {
      "file_path": "/media/NFS/ttao/scannet/posed_images/scene0339_00/00250.jpg",
      "transform_matrix": [
        [
          0.581697,
          0.487424,
          -0.651189,
          3.14415
        ],
        [
          0.812634,
          -0.313391,
          0.491337,
          4.553688
        ],
        [
          0.035413,
          -0.814987,
          -0.578396,
          1.450614
        ],
        [
          0.0,
          0.0,
          0.0,
          1.0
        ]
      ]
    },
    {
      "file_path": "/media/NFS/ttao/scannet/posed_images/scene0339_00/00254.jpg",
      "transform_matrix": [
        [
          0.58525,
          0.502243,
          -0.636581,
          3.150908
        ],
        [
          0.809934,
          -0.324732,
          0.488421,
          4.552161
        ],
        [
          0.038588,
          -0.801437,
          -0.596833,
          1.432252
        ],
        [
          0.0,
          0.0,
          0.0,
          1.0
        ]
      ]
    },
    {
      "file_path": "/media/NFS/ttao/scannet/posed_images/scene0339_00/00260.jpg",
      "transform_matrix": [
        [
          0.567132,
          0.550474,
          -0.61265,
          3.161621
        ],
        [
          0.822374,
          -0.337448,
          0.458073,
          4.54838
        ],
        [
          0.04542,
          -0.763615,
          -0.644073,
          1.411811
        ],
        [
          0.0,
          0.0,
          0.0,
          1.0
        ]
      ]
    },
    {
      "file_path": "/media/NFS/ttao/scannet/posed_images/scene0339_00/00264.jpg",
      "transform_matrix": [
        [
          0.54946,
          0.575409,
          -0.605804,
          3.162723
        ],
        [
          0.834513,
          -0.342364,
          0.431712,
          4.5291
        ],
        [
          0.041005,
          -0.74276,
          -0.668301,
          1.39814
        ],
        [
          0.0,
          0.0,
          0.0,
          1.0
        ]
      ]
    },
    {
      "file_path": "/media/NFS/ttao/scannet/posed_images/scene0339_00/00273.jpg",
      "transform_matrix": [
        [
          0.502396,
          0.624366,
          -0.598135,
          3.16758
        ],
        [
          0.864108,
          -0.338349,
          0.37261,
          4.493546
        ],
        [
          0.030267,
          -0.704051,
          -0.709504,
          1.375927
        ],
        [
          0.0,
          0.0,
          0.0,
          1.0
        ]
      ]
    },
    {
      "file_path": "/media/NFS/ttao/scannet/posed_images/scene0339_00/00275.jpg",
      "transform_matrix": [
        [
          0.485645,
          0.639289,
          -0.596204,
          3.169741
        ],
        [
          0.873779,
          -0.334988,
          0.352552,
          4.481309
        ],
        [
          0.025661,
          -0.692165,
          -0.721283,
          1.368747
        ],
        [
          0.0,
          0.0,
          0.0,
          1.0
        ]
      ]
    },
    {
      "file_path": "/media/NFS/ttao/scannet/posed_images/scene0339_00/00278.jpg",
      "transform_matrix": [
        [
          0.439408,
          0.680124,
          -0.586815,
          3.164679
        ],
        [
          0.897986,
          -0.315654,
          0.306568,
          4.464799
        ],
        [
          0.023274,
          -0.66166,
          -0.749443,
          1.364463
        ],
        [
          0.0,
          0.0,
          0.0,
          1.0
        ]
      ]
    },
    {
      "file_path": "/media/NFS/ttao/scannet/posed_images/scene0339_00/00283.jpg",
      "transform_matrix": [
        [
          0.35464,
          0.727122,
          -0.587814,
          3.175665
        ],
        [
          0.934701,
          -0.259708,
          0.242666,
          4.447788
        ],
        [
          0.023787,
          -0.635489,
          -0.771744,
          1.35657
        ],
        [
          0.0,
          0.0,
          0.0,
          1.0
        ]
      ]
    },
    {
      "file_path": "/media/NFS/ttao/scannet/posed_images/scene0339_00/00288.jpg",
      "transform_matrix": [
        [
          0.298078,
          0.747769,
          -0.593288,
          3.173352
        ],
        [
          0.953999,
          -0.21242,
          0.211575,
          4.42551
        ],
        [
          0.032183,
          -0.629062,
          -0.776689,
          1.358727
        ],
        [
          0.0,
          0.0,
          0.0,
          1.0
        ]
      ]
    },
    {
      "file_path": "/media/NFS/ttao/scannet/posed_images/scene0339_00/00295.jpg",
      "transform_matrix": [
        [
          0.234164,
          0.75122,
          -0.61712,
          3.180612
        ],
        [
          0.971574,
          -0.158093,
          0.176213,
          4.390247
        ],
        [
          0.034813,
          -0.64084,
          -0.766885,
          1.3635
        ],
        [
          0.0,
          0.0,
          0.0,
          1.0
        ]
      ]
    },
    {
      "file_path": "/media/NFS/ttao/scannet/posed_images/scene0339_00/00300.jpg",
      "transform_matrix": [
        [
          0.19105,
          0.752708,
          -0.630025,
          3.186663
        ],
        [
          0.981097,
          -0.126294,
          0.146623,
          4.377733
        ],
        [
          0.030796,
          -0.646128,
          -0.762608,
          1.36473
        ],
        [
          0.0,
          0.0,
          0.0,
          1.0
        ]
      ]
    },
    {
      "file_path": "/media/NFS/ttao/scannet/posed_images/scene0339_00/00304.jpg",
      "transform_matrix": [
        [
          0.169755,
          0.750653,
          -0.638517,
          3.187877
        ],
        [
          0.985055,
          -0.110071,
          0.132483,
          4.373977
        ],
        [
          0.029167,
          -0.651463,
          -0.758119,
          1.367097
        ],
        [
          0.0,
          0.0,
          0.0,
          1.0
        ]
      ]
    },
    {
      "file_path": "/media/NFS/ttao/scannet/posed_images/scene0339_00/00307.jpg",
      "transform_matrix": [
        [
          0.166547,
          0.747065,
          -0.64355,
          3.185421
        ],
        [
          0.985659,
          -0.108144,
          0.129544,
          4.374119
        ],
        [
          0.027182,
          -0.655895,
          -0.754362,
          1.36938
        ],
        [
          0.0,
          0.0,
          0.0,
          1.0
        ]
      ]
    },
    {
      "file_path": "/media/NFS/ttao/scannet/posed_images/scene0339_00/00312.jpg",
      "transform_matrix": [
        [
          0.169682,
          0.738856,
          -0.652151,
          3.182679
        ],
        [
          0.985072,
          -0.107697,
          0.13429,
          4.376559
        ],
        [
          0.028986,
          -0.665202,
          -0.7461,
          1.368958
        ],
        [
          0.0,
          0.0,
          0.0,
          1.0
        ]
      ]
    },
    {
      "file_path": "/media/NFS/ttao/scannet/posed_images/scene0339_00/00320.jpg",
      "transform_matrix": [
        [
          0.1953,
          0.728296,
          -0.656843,
          3.162099
        ],
        [
          0.979345,
          -0.109072,
          0.170253,
          4.39
        ],
        [
          0.052351,
          -0.676527,
          -0.734555,
          1.365296
        ],
        [
          0.0,
          0.0,
          0.0,
          1.0
        ]
      ]
    },
    {
      "file_path": "/media/NFS/ttao/scannet/posed_images/scene0339_00/00322.jpg",
      "transform_matrix": [
        [
          0.199572,
          0.721933,
          -0.662559,
          3.154945
        ],
        [
          0.978211,
          -0.107299,
          0.177736,
          4.398867
        ],
        [
          0.057222,
          -0.683594,
          -0.727616,
          1.365783
        ],
        [
          0.0,
          0.0,
          0.0,
          1.0
        ]
      ]
    },
    {
      "file_path": "/media/NFS/ttao/scannet/posed_images/scene0339_00/00327.jpg",
      "transform_matrix": [
        [
          0.235122,
          0.701115,
          -0.673168,
          3.118168
        ],
        [
          0.969142,
          -0.116361,
          0.217308,
          4.399311
        ],
        [
          0.074028,
          -0.70349,
          -0.706839,
          1.369929
        ],
        [
          0.0,
          0.0,
          0.0,
          1.0
        ]
      ]
    },
    {
      "file_path": "/media/NFS/ttao/scannet/posed_images/scene0339_00/00334.jpg",
      "transform_matrix": [
        [
          0.346609,
          0.641739,
          -0.68413,
          3.060072
        ],
        [
          0.936493,
          -0.195288,
          0.291279,
          4.395553
        ],
        [
          0.053323,
          -0.741642,
          -0.668673,
          1.375387
        ],
        [
          0.0,
          0.0,
          0.0,
          1.0
        ]
      ]
    },
    {
      "file_path": "/media/NFS/ttao/scannet/posed_images/scene0339_00/00338.jpg",
      "transform_matrix": [
        [
          0.41293,
          0.610204,
          -0.676122,
          3.02814
        ],
        [
          0.910098,
          -0.24809,
          0.331924,
          4.381954
        ],
        [
          0.034803,
          -0.752398,
          -0.657789,
          1.376517
        ],
        [
          0.0,
          0.0,
          0.0,
          1.0
        ]
      ]
    },
    {
      "file_path": "/media/NFS/ttao/scannet/posed_images/scene0339_00/00344.jpg",
      "transform_matrix": [
        [
          0.515287,
          0.555494,
          -0.652615,
          2.989662
        ],
        [
          0.856984,
          -0.327202,
          0.398143,
          4.371129
        ],
        [
          0.00763,
          -0.764438,
          -0.644652,
          1.39158
        ],
        [
          0.0,
          0.0,
          0.0,
          1.0
        ]
      ]
    },
    {
      "file_path": "/media/NFS/ttao/scannet/posed_images/scene0339_00/00348.jpg",
      "transform_matrix": [
        [
          0.575971,
          0.519788,
          -0.630934,
          2.977571
        ],
        [
          0.817327,
          -0.351751,
          0.456341,
          4.372926
        ],
        [
          0.015269,
          -0.778519,
          -0.627435,
          1.393993
        ],
        [
          0.0,
          0.0,
          0.0,
          1.0
        ]
      ]
    },
    {
      "file_path": "/media/NFS/ttao/scannet/posed_images/scene0339_00/00352.jpg",
      "transform_matrix": [
        [
          0.623082,
          0.487163,
          -0.611916,
          2.969877
        ],
        [
          0.781837,
          -0.365576,
          0.505059,
          4.370786
        ],
        [
          0.022344,
          -0.793112,
          -0.608666,
          1.400411
        ],
        [
          0.0,
          0.0,
          0.0,
          1.0
        ]
      ]
    },
    {
      "file_path": "/media/NFS/ttao/scannet/posed_images/scene0339_00/00358.jpg",
      "transform_matrix": [
        [
          0.672454,
          0.457679,
          -0.581667,
          2.969899
        ],
        [
          0.739388,
          -0.380001,
          0.555793,
          4.406942
        ],
        [
          0.033341,
          -0.803822,
          -0.593935,
          1.411243
        ],
        [
          0.0,
          0.0,
          0.0,
          1.0
        ]
      ]
    },
    {
      "file_path": "/media/NFS/ttao/scannet/posed_images/scene0339_00/00362.jpg",
      "transform_matrix": [
        [
          0.709671,
          0.429158,
          -0.55874,
          2.978167
        ],
        [
          0.703248,
          -0.383601,
          0.598576,
          4.433972
        ],
        [
          0.04255,
          -0.817724,
          -0.574035,
          1.407376
        ],
        [
          0.0,
          0.0,
          0.0,
          1.0
        ]
      ]
    },
    {
      "file_path": "/media/NFS/ttao/scannet/posed_images/scene0339_00/00366.jpg",
      "transform_matrix": [
        [
          0.739242,
          0.408285,
          -0.53556,
          2.988564
        ],
        [
          0.67266,
          -0.409384,
          0.616388,
          4.476014
        ],
        [
          0.032412,
          -0.815909,
          -0.577271,
          1.413049
        ],
        [
          0.0,
          0.0,
          0.0,
