{
  "frames": [
    {
      "file_path": "/media/NFS/ttao/scannet/posed_images/scene0177_00/00000.jpg",
      "transform_matrix": [
        [
          -0.481759,
          -0.460793,
          0.745371,
          3.08436
        ],
        [
          -0.875469,
          0.290199,
          -0.386444,
          2.075189
        ],
        [
          -0.038235,
          -0.838722,
          -0.543216,
          1.468295
        ],
        [
          0.0,
          0.0,
          0.0,
          1.0
        ]
      ]
    },
    {
      "file_path": "/media/NFS/ttao/scannet/posed_images/scene0177_00/00010.jpg",
      "transform_matrix": [
        [
          -0.465477,
          -0.461915,
          0.754961,
          3.064402
        ],
        [
          -0.884455,
          0.274311,
          -0.377483,
          2.086962
        ],
        [
          -0.032729,
          -0.843438,
          -0.536228,
          1.460634
        ],
        [
          0.0,
          0.0,
          0.0,
          1.0
        ]
      ]
    },
    {
      "file_path": "/media/NFS/ttao/scannet/posed_images/scene0177_00/00017.jpg",
      "transform_matrix": [
        [
          -0.452959,
          -0.460631,
          0.763314,
          3.046752
        ],
        [
          -0.890929,
          0.265351,
          -0.368558,
          2.087574
        ],
        [
          -0.032777,
          -0.847,
          -0.530582,
          1.461766
        ],
        [
          0.0,
          0.0,
          0.0,
          1.0
        ]
      ]
    },
    {
      "file_path": "/media/NFS/ttao/scannet/posed_images/scene0177_00/00022.jpg",
      "transform_matrix": [
        [
          -0.442599,
          -0.458101,
          0.770877,
          3.031474
        ],
        [
          -0.896171,
          0.256055,
          -0.362373,
          2.086941
        ],
        [
          -0.031383,
          -0.851223,
          -0.523866,
          1.464216
        ],
        [
          0.0,
          0.0,
          0.0,
          1.0
        ]
      ]
    },
    {
      "file_path": "/media/NFS/ttao/scannet/posed_images/scene0177_00/00036.jpg",
      "transform_matrix": [
        [
          -0.390174,
          -0.46776,
          0.793073,
          2.964451
        ],
        [
          -0.920441,
          0.220134,
          -0.323,
          2.094648
        ],
        [
          -0.023496,
          -0.856003,
          -0.516436,
          1.474757
        ],
        [
          0.0,
          0.0,
          0.0,
          1.0
        ]
      ]
    },
    {
      "file_path": "/media/NFS/ttao/scannet/posed_images/scene0177_00/00038.jpg",
      "transform_matrix": [
        [
          -0.389736,
          -0.460859,
          0.797317,
          2.954289
        ],
        [
          -0.920692,
          0.214539,
          -0.326036,
          2.102232
        ],
        [
          -0.020799,
          -0.861151,
          -0.507923,
          1.478577
        ],
        [
          0.0,
          0.0,
          0.0,
          1.0
        ]
      ]
    },
    {
      "file_path": "/media/NFS/ttao/scannet/posed_images/scene0177_00/00050.jpg",
      "transform_matrix": [
        [
          -0.399109,
          -0.405297,
          0.822464,
          2.898474
        ],
        [
          -0.916193,
          0.211576,
          -0.340331,
          2.179531
        ],
        [
          -0.036079,
          -0.889365,
          -0.455772,
          1.486527
        ],
        [
          0.0,
          0.0,
          0.0,
          1.0
        ]
      ]
    },
    {
      "file_path": "/media/NFS/ttao/scannet/posed_images/scene0177_00/00057.jpg",
      "transform_matrix": [
        [
          -0.407075,
          -0.393293,
          0.824385,
          2.866802
        ],
        [
          -0.912678,
          0.2109,
          -0.350058,
          2.214764
        ],
        [
          -0.036188,
          -0.894898,
          -0.444802,
          1.494631
        ],
        [
          0.0,
          0.0,
          0.0,
          1.0
        ]
      ]
    },
    {
      "file_path": "/media/NFS/ttao/scannet/posed_images/scene0177_00/00062.jpg",
      "transform_matrix": [
        [
          -0.424337,
          -0.386919,
          0.818677,
          2.837739
        ],
        [
          -0.905491,
          0.186263,
          -0.381304,
          2.241449
        ],
        [
          -0.004956,
          -0.903105,
          -0.42939,
          1.497441
        ],
        [
          0.0,
          0.0,
          0.0,
          1.0
        ]
      ]
    },
    {
      "file_path": "/media/NFS/ttao/scannet/posed_images/scene0177_00/00069.jpg",
      "transform_matrix": [
        [
          -0.476298,
          -0.362203,
          0.801217,
          2.801212
        ],
        [
          -0.878565,
          0.159198,
          -0.450311,
          2.242076
        ],
        [
          0.035552,
          -0.918403,
          -0.394045,
          1.519406
        ],
        [
          0.0,
          0.0,
          0.0,
          1.0
        ]
      ]
    },
    {
      "file_path": "/media/NFS/ttao/scannet/posed_images/scene0177_00/00084.jpg",
      "transform_matrix": [
        [
          -0.571046,
          -0.293673,
          0.766591,
          2.730649
        ],
        [
          -0.81783,
          0.122598,
          -0.562249,
          2.234775
        ],
        [
          0.071135,
          -0.948012,
          -0.310184,
          1.541541
        ],
        [
          0.0,
          0.0,
          0.0,
          1.0
        ]
      ]
    },
    {
      "file_path": "/media/NFS/ttao/scannet/posed_images/scene0177_00/00086.jpg",
      "transform_matrix": [
        [
          -0.580633,
          -0.291743,
          0.7601,
          2.72786
        ],
        [
          -0.810919,
          0.123935,
          -0.571883,
          2.236345
        ],
        [
          0.07264,
          -0.948433,
          -0.308541,
          1.545555
        ],
        [
          0.0,
          0.0,
          0.0,
          1.0
        ]
      ]
    },
    {
      "file_path": "/media/NFS/ttao/scannet/posed_images/scene0177_00/00100.jpg",
      "transform_matrix": [
        [
          -0.638546,
          -0.256561,
          0.725559,
          2.707333
        ],
        [
          -0.765385,
          0.113368,
          -0.633508,
          2.226995
        ],
        [
          0.080278,
          -0.959856,
          -0.268758,
          1.55675
        ],
        [
          0.0,
          0.0,
          0.0,
          1.0
        ]
      ]
    },
    {
      "file_path": "/media/NFS/ttao/scannet/posed_images/scene0177_00/00103.jpg",
      "transform_matrix": [
        [
          -0.653632,
          -0.253532,
          0.713083,
          2.704114
        ],
        [
          -0.752098,
          0.112593,
          -0.649362,
          2.221476
        ],
        [
          0.084346,
          -0.960752,
          -0.264275,
          1.56135
        ],
        [
          0.0,
          0.0,
          0.0,
          1.0
        ]
      ]
    },
    {
      "file_path": "/media/NFS/ttao/scannet/posed_images/scene0177_00/00110.jpg",
      "transform_matrix": [
        [
          -0.688694,
          -0.229969,
          0.687616,
          2.690762
        ],
        [
          -0.719881,
          0.103813,
          -0.68629,
          2.203534
        ],
        [
          0.086442,
          -0.967645,
          -0.237045,
          1.55917
        ],
        [
          0.0,
          0.0,
          0.0,
          1.0
        ]
      ]
    },
    {
      "file_path": "/media/NFS/ttao/scannet/posed_images/scene0177_00/00124.jpg",
      "transform_matrix": [
        [
          -0.750397,
          -0.190072,
          0.63307,
          2.663926
        ],
        [
          -0.655024,
          0.085463,
          -0.750759,
          2.154811
        ],
        [
          0.088594,
          -0.978043,
          -0.188633,
          1.595946
        ],
        [
          0.0,
          0.0,
          0.0,
          1.0
        ]
      ]
    },
    {
      "file_path": "/media/NFS/ttao/scannet/posed_images/scene0177_00/00131.jpg",
      "transform_matrix": [
        [
          -0.790225,
          -0.161013,
          0.591287,
          2.649789
        ],
        [
          -0.607392,
          0.07768,
          -0.790595,
          2.135149
        ],
        [
          0.081365,
          -0.983891,
          -0.159183,
          1.620783
        ],
        [
          0.0,
          0.0,
          0.0,
          1.0
        ]
      ]
    },
    {
      "file_path": "/media/NFS/ttao/scannet/posed_images/scene0177_00/00136.jpg",
      "transform_matrix": [
        [
          -0.81206,
          -0.142922,
          0.565802,
          2.636734
        ],
        [
          -0.578428,
          0.068666,
          -0.812838,
          2.127927
        ],
        [
          0.077321,
          -0.987349,
          -0.138431,
          1.631539
        ],
        [
          0.0,
          0.0,
          0.0,
          1.0
        ]
      ]
    },
    {
      "file_path": "/media/NFS/ttao/scannet/posed_images/scene0177_00/00148.jpg",
      "transform_matrix": [
        [
          -0.855314,
          -0.103259,
          0.507716,
          2.613194
        ],
        [
          -0.513765,
          0.042387,
          -0.856883,
          2.11795
        ],
        [
          0.06696,
          -0.993751,
          -0.089305,
          1.651424
        ],
        [
          0.0,
          0.0,
          0.0,
          1.0
        ]
      ]
    },
    {
      "file_path": "/media/NFS/ttao/scannet/posed_images/scene0177_00/00153.jpg",
      "transform_matrix": [
        [
          -0.872243,
          -0.0928,
          0.480188,
          2.598256
        ],
        [
          -0.484235,
          0.026106,
          -0.874548,
          2.113909
        ],
        [
          0.068622,
          -0.995342,
          -0.067708,
          1.646057
        ],
        [
          0.0,
          0.0,
          0.0,
          1.0
        ]
      ]
    },
    {
      "file_path": "/media/NFS/ttao/scannet/posed_images/scene0177_00/00162.jpg",
      "transform_matrix": [
        [
          -0.909499,
          -0.085791,
          0.406757,
          2.582014
        ],
        [
          -0.409693,
          0.019168,
          -0.912022,
          2.099159
        ],
        [
          0.070446,
          -0.996129,
          -0.052582,
          1.644706
        ],
        [
          0.0,
          0.0,
          0.0,
          1.0
        ]
      ]
    },
    {
      "file_path": "/media/NFS/ttao/scannet/posed_images/scene0177_00/00165.jpg",
      "transform_matrix": [
        [
          -0.918406,
          -0.084401,
          0.386532,
          2.578054
        ],
        [
          -0.389937,
          0.027823,
          -0.920421,
          2.092028
        ],
        [
          0.06693,
          -0.996043,
          -0.058464,
          1.645629
        ],
        [
          0.0,
          0.0,
          0.0,
          1.0
        ]
      ]
    },
    {
      "file_path": "/media/NFS/ttao/scannet/posed_images/scene0177_00/00179.jpg",
      "transform_matrix": [
        [
          -0.946284,
          -0.095882,
          0.308793,
          2.557731
        ],
        [
          -0.319204,
          0.124811,
          -0.939431,
          2.065118
        ],
        [
          0.051534,
          -0.987537,
          -0.148713,
          1.604764
        ],
        [
          0.0,
          0.0,
          0.0,
          1.0
        ]
      ]
    },
    {
      "file_path": "/media/NFS/ttao/scannet/posed_images/scene0177_00/00184.jpg",
      "transform_matrix": [
        [
          -0.949413,
          -0.101104,
          0.297311,
          2.551331
        ],
        [
          -0.310337,
          0.15729,
          -0.937523,
          2.058071
        ],
        [
          0.048024,
          -0.982363,
          -0.180709,
          1.564988
        ],
        [
          0.0,
          0.0,
          0.0,
          1.0
        ]
      ]
    },
    {
      "file_path": "/media/NFS/ttao/scannet/posed_images/scene0177_00/00189.jpg",
      "transform_matrix": [
        [
          -0.946682,
          -0.110009,
          0.302806,
          2.553512
        ],
        [
          -0.319744,
          0.205693,
          -0.924907,
          2.04639
        ],
        [
          0.039463,
          -0.972414,
          -0.229901,
          1.542499
        ],
        [
          0.0,
          0.0,
          0.0,
          1.0
        ]
      ]
    },
    {
      "file_path": "/media/NFS/ttao/scannet/posed_images/scene0177_00/00201.jpg",
      "transform_matrix": [
        [
          -0.947379,
          -0.161686,
          0.276279,
          2.557079
        ],
        [
          -0.315854,
          0.331826,
          -0.888891,
          2.022707
        ],
        [
          0.052044,
          -0.929381,
          -0.365434,
          1.503497
        ],
        [
          0.0,
          0.0,
          0.0,
          1.0
        ]
      ]
    },
    {
      "file_path": "/media/NFS/ttao/scannet/posed_images/scene0177_00/00205.jpg",
      "transform_matrix": [
        [
          -0.945688,
          -0.17015,
          0.276989,
          2.55684
        ],
        [
          -0.320937,
          0.353158,
          -0.878794,
          2.02192
        ],
        [
          0.051706,
          -0.919961,
          -0.388585,
          1.490043
        ],
        [
          0.0,
          0.0,
          0.0,
          1.0
        ]
      ]
    },
    {
      "file_path": "/media/NFS/ttao/scannet/posed_images/scene0177_00/00220.jpg",
      "transform_matrix": [
        [
          -0.91925,
          -0.221604,
          0.325377,
          2.569273
        ],
        [
          -0.390043,
          0.400701,
          -0.829038,
          2.035122
        ],
        [
          0.05334,
          -0.889005,
          -0.45478,
          1.46518
        ],
        [
          0.0,
          0.0,
          0.0,
          1.0
        ]
      ]
    },
    {
      "file_path": "/media/NFS/ttao/scannet/posed_images/scene0177_00/00227.jpg",
      "transform_matrix": [
        [
          -0.89434,
          -0.246438,
          0.373396,
          2.590649
        ],
        [
          -0.444266,
          0.390768,
          -0.806181,
          2.056329
        ],
        [
          0.052763,
          -0.886887,
          -0.458963,
          1.461765
        ],
        [
          0.0,
          0.0,
          0.0,
          1.0
        ]
      ]
    },
    {
      "file_path": "/media/NFS/ttao/scannet/posed_images/scene0177_00/00229.jpg",
      "transform_matrix": [
        [
          -0.887162,
          -0.252872,
          0.386004,
          2.593378
        ],
        [
          -0.458189,
          0.383326,
          -0.80195,
          2.061638
        ],
        [
          0.054826,
          -0.888323,
          -0.455935,
          1.459707
        ],
        [
          0.0,
          0.0,
          0.0,
          1.0
        ]
      ]
    },
    {
      "file_path": "/media/NFS/ttao/scannet/posed_images/scene0177_00/00241.jpg",
      "transform_matrix": [
        [
          -0.844334,
          -0.280271,
          0.456671,
          2.625672
        ],
        [
          -0.53249,
          0.344081,
          -0.773345,
          2.090133
        ],
        [
          0.059614,
          -0.896134,
          -0.439761,
          1.473018
        ],
        [
          0.0,
          0.0,
          0.0,
          1.0
        ]
      ]
    },
    {
      "file_path": "/media/NFS/ttao/scannet/posed_images/scene0177_00/00246.jpg",
      "transform_matrix": [
        [
          -0.827616,
          -0.292282,
          0.479191,
          2.638794
        ],
        [
          -0.557405,
          0.327627,
          -0.762864,
          2.101438
        ],
        [
          0.065975,
          -0.898461,
          -0.434068,
          1.478841
        ],
        [
          0.0,
          0.0,
          0.0,
          1.0
        ]
      ]
    },
    {
      "file_path": "/media/NFS/ttao/scannet/posed_images/scene0177_00/00256.jpg",
      "transform_matrix": [
        [
          -0.783063,
          -0.304201,
          0.542471,
          2.673948
        ],
        [
          -0.617694,
          0.278606,
          -0.735414,
          2.139472
        ],
        [
          0.072578,
          -0.910956,
          -0.406069,
          1.483641
        ],
        [
          0.0,
          0.0,
          0.0,
          1.0
        ]
      ]
    },
    {
      "file_path": "/media/NFS/ttao/scannet/posed_images/scene0177_00/00265.jpg",
      "transform_matrix": [
        [
          -0.729516,
          -0.317186,
          0.60597,
          2.719491
        ],
        [
          -0.679729,
          0.237786,
          -0.693849,
          2.177282
        ],
        [
          0.075988,
          -0.918069,
          -0.389069,
          1.481402
        ],
        [
          0.0,
          0.0,
          0.0,
          1.0
        ]
      ]
    },
    {
      "file_path": "/media/NFS/ttao/scannet/posed_images/scene0177_00/00272.jpg",
      "transform_matrix": [
        [
          -0.694373,
          -0.319141,
          0.644977,
          2.752129
        ],
        [
          -0.715913,
          0.21556,
          -0.66408,
          2.192592
        ],
        [
          0.072904,
          -0.922867,
          -0.378156,
          1.488948
        ],
        [
          0.0,
          0.0,
          0.0,
          1.0
        ]
      ]
    },
    {
      "file_path": "/media/NFS/ttao/scannet/posed_images/scene0177_00/00282.jpg",
      "transform_matrix": [
        [
          -0.639638,
          -0.320454,
          0.698694,
          2.797607
        ],
        [
          -0.764275,
          0.168002,
          -0.622622,
          2.201919
        ],
        [
          0.082139,
          -0.932247,
          -0.352376,
          1.506583
        ],
        [
          0.0,
          0.0,
          0.0,
          1.0
        ]
      ]
    },
    {
      "file_path": "/media/NFS/ttao/scannet/posed_images/scene0177_00/00284.jpg",
      "transform_matrix": [
        [
          -0.625168,
          -0.319924,
          0.711909,
          2.80516
        ],
        [
          -0.776306,
          0.160558,
          -0.609566,
          2.196867
        ],
        [
          0.080712,
          -0.93374,
          -0.348734,
          1.510019
        ],
        [
          0.0,
          0.0,
          0.0,
          1.0
        ]
      ]
    },
    {
      "file_path": "/media/NFS/ttao/scannet/posed_images/scene0177_00/00296.jpg",
      "transform_matrix": [
        [
          -0.536006,
          -0.331473,
          0.776417,
          2.855122
        ],
        [
          -0.840308,
          0.121112,
          -0.528408,
          2.140873
        ],
        [
          0.081119,
          -0.935659,
          -0.343456,
          1.518308
        ],
        [
          0.0,
          0.0,
          0.0,
          1.0
        ]
      ]
    },
    {
      "file_path": "/media/NFS/ttao/scannet/posed_images/scene0177_00/00301.jpg",
      "transform_matrix": [
        [
          -0.493059,
          -0.341341,
          0.800237,
          2.883617
        ],
        [
          -0.866364,
          0.10868,
          -0.487444,
          2.103246
        ],
        [
          0.079415,
          -0.933635,
          -0.349311,
          1.53197
        ],
        [
          0.0,
          0.0,
          0.0,
          1.0
        ]
      ]
    },
    {
      "file_path": "/media/NFS/ttao/scannet/posed_images/scene0177_00/00315.jpg",
      "transform_matrix": [
        [
          -0.365964,
          -0.3647,
          0.856192,
          2.948561
        ],
        [
          -0.928905,
          0.087171,
          -0.359913,
          2.031265
        ],
        [
          0.056625,
          -0.927036,
          -0.370673,
          1.522207
        ],
        [
          0.0,
          0.0,
          0.0,
          1.0
        ]
      ]
    },
    {
      "file_path": "/media/NFS/ttao/scannet/posed_images/scene0177_00/00323.jpg",
      "transform_matrix": [
        [
          -0.317519,
          -0.389116,
          0.864737,
          3.016746
        ],
        [
          -0.946964,
          0.082609,
          -0.310539,
          1.995886
        ],
        [
          0.049401,
          -0.917477,
          -0.394709,
          1.520793
        ],
        [
          0.0,
          0.0,
          0.0,
          1.0
        ]
      ]
    },
    {
      "file_path": "/media/NFS/ttao/scannet/posed_images/scene0177_00/00327.jpg",
      "transform_matrix": [
        [
          -0.293494,
          -0.391088,
          0.872302,
          3.059055
        ],
        [
          -0.95498,
          0.078634,
          -0.286057,
          1.979438
        ],
        [
          0.043281,
          -0.916988,
          -0.39656,
          1.519348
        ],
        [
          0.0,
          0.0,
          0.0,
          1.0
        ]
      ]
    },
    {
      "file_path": "/media/NFS/ttao/scannet/posed_images/scene0177_00/00339.jpg",
      "transform_matrix": [
        [
          -0.205419,
          -0.374971,
          0.903991,
          3.197029
        ],
        [
          -0.978505,
          0.061518,
          -0.196834,
          1.93748
        ],
        [
          0.018196,
          -0.924993,
          -0.379548,
          1.528194
        ],
        [
          0.0,
          0.0,
          0.0,
          1.0
        ]
      ]
    },
    {
      "file_path": "/media/NFS/ttao/scannet/posed_images/scene0177_00/00344.jpg",
      "transform_matrix": [
        [
          -0.186329,
          -0.381606,
          0.90535,
          3.257643
        ],
        [
          -0.982481,
          0.068914,
          -0.173156,
          1.930956
        ],
        [
          0.003686,
          -0.921753,
          -0.387761,
          1.541396
        ],
        [
          0.0,
          0.0,
          0.0,
          1.0
        ]
      ]
    },
    {
      "file_path": "/media/NFS/ttao/scannet/posed_images/scene0177_00/00354.jpg",
      "transform_matrix": [
        [
          -0.098732,
          -0.377233,
          0.920841,
          3.340809
        ],
        [
          -0.994602,
          0.067099,
          -0.079153,
          1.85821
        ],
        [
          -0.031928,
          -0.923684,
          -0.381822,
          1.541166
        ],
        [
          0.0,
          0.0,
          0.0,
          1.0
        ]
      ]
    },
    {
      "file_path": "/media/NFS/ttao/scannet/posed_images/scene0177_00/00356.jpg",
      "transform_matrix": [
        [
          -0.08076,
          -0.37782,
          0.92235,
          3.35081
        ],
        [
          -0.996272,
          0.058754,
          -0.063165,
          1.845691
        ],
        [
          -0.030327,
          -0.924013,
          -0.381156,
          1.539791
        ],
        [
          0.0,
          0.0,
          0.0,
          1.0
        ]
      ]
    },
    {
      "file_path": "/media/NFS/ttao/scannet/posed_images/scene0177_00/00370.jpg",
      "transform_matrix": [
        [
          0.154198,
          -0.384283,
          0.910247,
          3.434068
        ],
        [
          -0.987961,
          -0.048317,
          0.146965,
          1.662773
        ],
        [
          -0.012495,
          -0.92195,
          -0.387107,
          1.5423
        ],
        [
          0.0,
          0.0,
          0.0,
          1.0
        ]
      ]
    },
    {
      "file_path": "/media/NFS/ttao/scannet/posed_images/scene0177_00/00375.jpg",
      "transform_matrix": [
        [
          0.220877,
          -0.366403,
          0.903859,
          3.451826
        ],
        [
          -0.97515,
          -0.066616,
          0.211294,
          1.622444
        ],
        [
          -0.017207,
          -0.928068,
          -0.372012,
          1.540252
        ],
        [
          0.0,
          0.0,
          0.0,
          1.0
        ]
      ]
    },
    {
      "file_path": "/media/NFS/ttao/scannet/posed_images/scene0177_00/00380.jpg",
      "transform_matrix": [
        [
          0.26829,
          -0.378857,
          0.885713,
          3.486531
        ],
        [
          -0.963064,
          -0.083553,
          0.255981,
          1.579195
        ],
        [
          -0.022976,
          -0.921676,
          -0.38728,
          1.53863
        ],
        [
          0.0,
          0.0,
          0.0,
          1.0
        ]
      ]
    },
    {
      "file_path": "/media/NFS/ttao/scannet/posed_images/scene0177_00/00389.jpg",
      "transform_matrix": [
        [
          0.320116,
          -0.388272,
          0.864159,
          3.562211
        ],
        [
          -0.947027,
          -0.106311,
          0.303048,
          1.548344
        ],
        [
          -0.025796,
          -0.915392,
          -0.401736,
          1.535264
        ],
        [
          0.0,
          0.0,
          0.0,
          1.0
        ]
      ]
    },
    {
      "file_path": "/media/NFS/ttao/scannet/posed_images/scene0177_00/00401.jpg",
      "transform_matrix": [
        [
          0.40139,
          -0.34099,
          0.850066,
          3.703786
        ],
        [
          -0.915907,
          -0.148895,
          0.372752,
          1.515934
        ],
        [
          -0.000534,
          -0.9282,
          -0.37208,
          1.551989
        ],
        [
          0.0,
          0.0,
          0.0,
          1.0
        ]
      ]
    },
    {
      "file_path": "/media/NFS/ttao/scannet/posed_images/scene0177_00/00411.jpg",
      "transform_matrix": [
        [
          0.483481,
          -0.329038,
          0.81116,
          3.807219
        ],
        [
          -0.874266,
          -0.135316,
          0.466206,
          1.486701
        ],
        [
          -0.043636,
          -0.934572,
          -0.35309,
          1.577718
        ],
        [
          0.0,
          0.0,
          0.0,
          1.0
        ]
      ]
    },
    {
      "file_path": "/media/NFS/ttao/scannet/posed_images/scene0177_00/00416.jpg",
      "transform_matrix": [
        [
          0.520421,
          -0.325423,
          0.78947,
          3.856031
        ],
        [
          -0.85241,
          -0.143204,
          0.502882,
          1.479275
        ],
        [
          -0.050594,
          -0.934662,
          -0.35192,
          1.589295
        ],
        [
          0.0,
          0.0,
          0.0,
          1.0
        ]
      ]
    },
    {
      "file_path": "/media/NFS/ttao/scannet/posed_images/scene0177_00/00420.jpg",
      "transform_matrix": [
        [
          0.557101,
          -0.315753,
          0.768075,
          3.898103
        ],
        [
          -0.828746,
          -0.152264,
          0.538512,
          1.467218
        ],
        [
          -0.053087,
          -0.936545,
          -0.346506,
          1.588397
        ],
        [
          0.0,
          0.0,
          0.0,
          1.0
        ]
      ]
    },
    {
      "file_path": "/media/NFS/ttao/scannet/posed_images/scene0177_00/00435.jpg",
      "transform_matrix": [
        [
          0.650848,
          -0.291337,
          0.701085,
          4.082911
        ],
        [
          -0.758379,
          -0.206325,
          0.618297,
          1.396062
        ],
        [
          -0.035482,
          -0.934106,
          -0.355229,
          1.580472
        ],
        [
          0.0,
          0.0,
          0.0,
          1.0
        ]
      ]
    },
    {
      "file_path": "/media/NFS/ttao/scannet/posed_images/scene0177_00/00437.jpg",
      "transform_matrix": [
        [
          0.655525,
          -0.288988,
          0.697691,
          4.105155
        ],
        [
          -0.754355,
          -0.207596,
          0.622777,
          1.384895
        ],
        [
          -0.035137,
          -0.934553,
          -0.354084,
          1.57636
        ],
        [
          0.0,
          0.0,
          0.0,
          1.0
        ]
      ]
    },
    {
      "file_path": "/media/NFS/ttao/scannet/posed_images/scene0177_00/00447.jpg",
      "transform_matrix": [
        [
          0.671494,
          -0.310202,
          0.672956,
          4.228459
        ],
        [
          -0.738281,
          -0.202201,
          0.643472,
          1.357381
        ],
        [
          -0.063534,
          -0.928918,
          -0.364794,
          1.584853
        ],
        [
          0.0,
          0.0,
          0.0,
          1.0
        ]
      ]
    },
    {
      "file_path": "/media/NFS/ttao/scannet/posed_images/scene0177_00/00452.jpg",
      "transform_matrix": [
        [
          0.672917,
          -0.311357,
          0.670999,
          4.298438
        ],
        [
          -0.735989,
          -0.190838,
          0.649539,
          1.345034
        ],
        [
          -0.074187,
          -0.930934,
          -0.357573,
          1.569639
        ],
        [
          0.0,
          0.0,
          0.0,
          1.0
        ]
      ]
    },
    {
      "file_path": "/media/NFS/ttao/scannet/posed_images/scene0177_00/00463.jpg",
      "transform_matrix": [
        [
          0.700935,
          -0.295458,
          0.64915,
          4.455503
        ],
        [
          -0.712617,
          -0.252518,
          0.654532,
          1.357176
        ],
        [
          -0.029465,
          -0.921379,
          -0.387546,
          1.5526
        ],
        [
          0.0,
          0.0,
          0.0,
          1.0
        ]
      ]
    },
    {
      "file_path": "/media/NFS/ttao/scannet/posed_images/scene0177_00/00473.jpg",
      "transform_matrix": [
        [
          0.753675,
          -0.28324,
          0.593085,
          4.562994
        ],
        [
          -0.655354,
          -0.255399,
          0.710832,
          1.360714
        ],
        [
          -0.049863,
          -0.924417,
          -0.37811,
          1.543325
        ],
        [
          0.0,
          0.0,
          0.0,
          1.0
        ]
      ]
    },
    {
      "file_path": "/media/NFS/ttao/scannet/posed_images/scene0177_00/00475.jpg",
      "transform_matrix": [
        [
          0.762556,
          -0.28378,
          0.581358,
          4.581045
        ],
        [
          -0.644552,
          -0.256431,
          0.720275,
          1.361099
        ],
        [
          -0.055322,
          -0.923965,
          -0.378454,
          1.539991
        ],
        [
          0.0,
          0.0,
          0.0,
          1.0
        ]
      ]
    },
    {
      "file_path": "/media/NFS/ttao/scannet/posed_images/scene0177_00/00490.jpg",
      "transform_matrix": [
        [
          0.861077,
          -0.223541,
          0.456702,
          4.734951
        ],
        [
          -0.506474,
          -0.297451,
          0.809325,
          1.34667
        ],
        [
          -0.045071,
          -0.928198,
          -0.369346,
          1.54669
        ],
        [
          0.0,
          0.0,
          0.0,
          1.0
        ]
      ]
    },
    {
      "file_path": "/media/NFS/ttao/scannet/posed_images/scene0177_00/00495.jpg",
      "transform_matrix": [
        [
          0.896835,
          -0.199383,
          0.394884,
          4.771915
        ],
        [
          -0.440476,
          -0.320094,
          0.838761,
          1.341829
        ],
        [
          -0.040834,
          -0.926167,
          -0.374895,
          1.555401
        ],
        [
          0.0,
          0.0,
          0.0,
          1.0
        ]
      ]
    },
    {
      "file_path": "/media/NFS/ttao/scannet/posed_images/scene0177_00/00499.jpg",
      "transform_matrix": [
        [
          0.920963,
          -0.175467,
          0.347906,
          4.788896
        ],
        [
          -0.38765,
          -0.322244,
          0.863647,
          1.338356
        ],
        [
          -0.039431,
          -0.930253,
          -0.364795,
          1.567712
        ],
        [
          0.0,
          0.0,
          0.0,
          1.0
        ]
      ]
    },
    {
      "file_path": "/media/NFS/ttao/scannet/posed_images/scene0177_00/00511.jpg",
      "transform_matrix": [
        [
          0.976883,
          -0.121289,
          0.176035,
          4.817558
        ],
        [
          -0.20628,
          -0.318708,
          0.925134,
          1.340424
        ],
        [
          -0.056104,
          -0.940061,
          -0.33636,
          1.598934
        ],
        [
          0.0,
          0.0,
          0.0,
          1.0
        ]
      ]
    },
    {
      "file_path": "/media/NFS/ttao/scannet/posed_images/scene0177_00/00521.jpg",
      "transform_matrix": [
        [
          0.995914,
          -0.062457,
          0.065222,
          4.814018
        ],
        [
          -0.081634,
          -0.313889,
          0.945944,
          1.356441
        ],
        [
          -0.038608,
          -0.947403,
          -0.317705,
          1.600333
        ],
        [
          0.0,
          0.0,
          0.0,
          1.0
        ]
      ]
    },
    {
      "file_path": "/media/NFS/ttao/scannet/posed_images/scene0177_00/00526.jpg",
      "transform_matrix": [
        [
          0.998602,
          -0.039921,
          0.034654,
          4.818422
        ],
        [
          -0.04565,
          -0.320636,
          0.946101,
          1.372872
        ],
        [
          -0.026658,
          -0.946361,
          -0.32201,
          1.600019
        ],
        [
          0.0,
          0.0,
          0.0,
          1.0
        ]
      ]
    },
    {
      "file_path": "/media/NFS/ttao/scannet/posed_images/scene0177_00/00533.jpg",
      "transform_matrix": [
        [
          0.99992,
          -0.008094,
          -0.009785,
          4.825327
        ],
        [
          0.006762,
          -0.312783,
          0.949801,
          1.404376
        ],
        [
          -0.010748,
          -0.94979,
          -0.312703,
          1.60141
        ],
        [
          0.0,
          0.0,
          0.0,
          1.0
        ]
      ]
    },
    {
      "file_path": "/media/NFS/ttao/scannet/posed_images/scene0177_00/00542.jpg",
      "transform_matrix": [
        [
          0.992976,
          0.03932,
          -0.111592,
          4.82301
        ],
        [
          0.11819,
          -0.285911,
          0.950939,
          1.4507
        ],
        [
          0.005486,
          -0.957449,
          -0.28855,
          1.609721
        ],
        [
          0.0,
          0.0,
          0.0,
          1.0
        ]
      ]
    },
    {
      "file_path": "/media/NFS/ttao/scannet/posed_images/scene0177_00/00554.jpg",
      "transform_matrix": [
        [
          0.959321,
          0.07736,
          -0.271512,
          4.832056
        ],
        [
          0.282219,
          -0.237229,
          0.929556,
          1.491425
        ],
        [
          0.0075,
          -0.968368,
          -0.249412,
          1.617012
        ],
        [
          0.0,
          0.0,
          0.0,
          1.0
        ]
      ]
    },
    {
      "file_path": "/media/NFS/ttao/scannet/posed_images/scene0177_00/00561.jpg",
      "transform_matrix": [
        [
          0.932497,
          0.080121,
          -0.352179,
          4.847032
        ],
        [
          0.361113,
          -0.225307,
          0.904894,
          1.495219
        ],
        [
          -0.006847,
          -0.970988,
          -0.239031,
          1.621396
        ],
        [
          0.0,
          0.0,
          0.0,
          1.0
        ]
      ]
    },
    {
      "file_path": "/media/NFS/ttao/scannet/posed_images/scene0177_00/00564.jpg",
      "transform_matrix": [
        [
          0.922002,
          0.084222,
          -0.377914,
          4.854712
        ],
        [
          0.387077,
          -0.2236,
          0.894525,
          1.494939
        ],
        [
          -0.009163,
          -0.971035,
          -0.23876,
          1.621598
        ],
        [
          0.0,
          0.0,
          0.0,
          1.0
        ]
      ]
    },
    {
      "file_path": "/media/NFS/ttao/scannet/posed_images/scene0177_00/00576.jpg",
      "transform_matrix": [
        [
          0.859234,
          0.137619,
          -0.492726,
          4.922677
        ],
        [
          0.511558,
          -0.221609,
          0.830179,
          1.478472
        ],
        [
          0.005056,
          -0.965376,
          -0.260814,
          1.617024
        ],
        [
          0.0,
          0.0,
          0.0,
          1.0
        ]
      ]
    },
    {
      "file_path": "/media/NFS/ttao/scannet/posed_images/scene0177_00/00585.jpg",
      "transform_matrix": [
        [
          0.810134,
          0.168739,
          -0.561436,
          4.963625
        ],
        [
          0.586166,
          -0.217461,
          0.780461,
          1.454765
        ],
        [
          0.009604,
          -0.961373,
          -0.275082,
          1.617088
        ],
        [
          0.0,
          0.0,
          0.0,
          1.0
        ]
      ]
    },
    {
      "file_path": "/media/NFS/ttao/scannet/posed_images/scene0177_00/00588.jpg",
      "transform_matrix": [
        [
          0.792674,
          0.17318,
          -0.584531,
          4.973557
        ],
        [
          0.609575,
          -0.210585,
          0.764246,
          1.445012
        ],
        [
          0.009259,
          -0.962114,
          -0.272492,
          1.616812
        ],
        [
          0.0,
          0.0,
          0.0,
          1.0
        ]
      ]
    },
    {
      "file_path": "/media/NFS/ttao/scannet/posed_images/scene0177_00/00600.jpg",
      "transform_matrix": [
        [
          0.725397,
          0.18055,
          -0.66423,
          4.988096
        ],
        [
          0.688296,
          -0.180466,
          0.702624,
          1.405862
        ],
        [
          0.006988,
          -0.966868,
          -0.255182,
          1.62077
        ],
        [
          0.0,
          0.0,
          0.0,
          1.0
        ]
      ]
    },
    {
      "file_path": "/media/NFS/ttao/scannet/posed_images/scene0177_00/00604.jpg",
      "transform_matrix": [
        [
          0.703801,
          0.177343,
          -0.687905,
          4.991854
        ],
        [
          0.710392,
          -0.172107,
          0.682438,
          1.3958
        ],
        [
          0.002632,
          -0.968983,
          -0.247113,
          1.620681
        ],
        [
          0.0,
          0.0,
          0.0,
          1.0
        ]
      ]
    },
    {
      "file_path": "/media/NFS/ttao/scannet/posed_images/scene0177_00/00614.jpg",
      "transform_matrix": [
        [
          0.629868,
          0.177691,
          -0.756104,
          4.963183
        ],
        [
          0.77666,
          -0.154214,
          0.610751,
          1.368399
        ],
        [
          -0.008077,
