{
  "frames": [
    {
      "file_path": "/media/NFS/ttao/scannet/posed_images/scene0239_02/00000.jpg",
      "transform_matrix": [
        [
          0.993449,
          0.054167,
          -0.100628,
          5.812631
        ],
        [
          0.110491,
          -0.230384,
          0.966807,
          1.532102
        ],
        [
          0.029186,
          -0.971591,
          -0.23486,
          1.498473
        ],
        [
          0.0,
          0.0,
          0.0,
          1.0
        ]
      ]
    },
    {
      "file_path": "/media/NFS/ttao/scannet/posed_images/scene0239_02/00001.jpg",
      "transform_matrix": [
        [
          0.993049,
          0.06148,
          -0.100376,
          5.82025
        ],
        [
          0.112035,
          -0.232156,
          0.966205,
          1.56508
        ],
        [
          0.0361,
          -0.970734,
          -0.237431,
          1.482451
        ],
        [
          0.0,
          0.0,
          0.0,
          1.0
        ]
      ]
    },
    {
      "file_path": "/media/NFS/ttao/scannet/posed_images/scene0239_02/00002.jpg",
      "transform_matrix": [
        [
          0.99264,
          0.06442,
          -0.102546,
          5.826282
        ],
        [
          0.115142,
          -0.23968,
          0.964,
          1.581105
        ],
        [
          0.037523,
          -0.968712,
          -0.245333,
          1.485727
        ],
        [
          0.0,
          0.0,
          0.0,
          1.0
        ]
      ]
    },
    {
      "file_path": "/media/NFS/ttao/scannet/posed_images/scene0239_02/00004.jpg",
      "transform_matrix": [
        [
          0.99188,
          0.073632,
          -0.103697,
          5.825156
        ],
        [
          0.118928,
          -0.248079,
          0.961412,
          1.611097
        ],
        [
          0.045065,
          -0.965937,
          -0.254822,
          1.482878
        ],
        [
          0.0,
          0.0,
          0.0,
          1.0
        ]
      ]
    },
    {
      "file_path": "/media/NFS/ttao/scannet/posed_images/scene0239_02/00005.jpg",
      "transform_matrix": [
        [
          0.991238,
          0.078293,
          -0.106391,
          5.828333
        ],
        [
          0.122928,
          -0.251961,
          0.959898,
          1.625812
        ],
        [
          0.048347,
          -0.964565,
          -0.259378,
          1.479141
        ],
        [
          0.0,
          0.0,
          0.0,
          1.0
        ]
      ]
    },
    {
      "file_path": "/media/NFS/ttao/scannet/posed_images/scene0239_02/00007.jpg",
      "transform_matrix": [
        [
          0.989722,
          0.105433,
          -0.096618,
          5.831512
        ],
        [
          0.120205,
          -0.247316,
          0.96145,
          1.674682
        ],
        [
          0.077473,
          -0.963181,
          -0.257448,
          1.471426
        ],
        [
          0.0,
          0.0,
          0.0,
          1.0
        ]
      ]
    },
    {
      "file_path": "/media/NFS/ttao/scannet/posed_images/scene0239_02/00008.jpg",
      "transform_matrix": [
        [
          0.989681,
          0.109974,
          -0.091856,
          5.827454
        ],
        [
          0.117084,
          -0.251109,
          0.960851,
          1.6904
        ],
        [
          0.082602,
          -0.961691,
          -0.261394,
          1.466792
        ],
        [
          0.0,
          0.0,
          0.0,
          1.0
        ]
      ]
    },
    {
      "file_path": "/media/NFS/ttao/scannet/posed_images/scene0239_02/00009.jpg",
      "transform_matrix": [
        [
          0.989623,
          0.111865,
          -0.090181,
          5.82281
        ],
        [
          0.116897,
          -0.26183,
          0.958008,
          1.703838
        ],
        [
          0.083555,
          -0.958609,
          -0.27219,
          1.468109
        ],
        [
          0.0,
          0.0,
          0.0,
          1.0
        ]
      ]
    },
    {
      "file_path": "/media/NFS/ttao/scannet/posed_images/scene0239_02/00011.jpg",
      "transform_matrix": [
        [
          0.986903,
          0.121112,
          -0.106555,
          5.82148
        ],
        [
          0.135027,
          -0.258809,
          0.956444,
          1.754551
        ],
        [
          0.08826,
          -0.958306,
          -0.271773,
          1.48535
        ],
        [
          0.0,
          0.0,
          0.0,
          1.0
        ]
      ]
    },
    {
      "file_path": "/media/NFS/ttao/scannet/posed_images/scene0239_02/00012.jpg",
      "transform_matrix": [
        [
          0.986054,
          0.121245,
          -0.114005,
          5.822134
        ],
        [
          0.142032,
          -0.256026,
          0.956179,
          1.769921
        ],
        [
          0.086744,
          -0.959036,
          -0.269677,
          1.482333
        ],
        [
          0.0,
          0.0,
          0.0,
          1.0
        ]
      ]
    },
    {
      "file_path": "/media/NFS/ttao/scannet/posed_images/scene0239_02/00014.jpg",
      "transform_matrix": [
        [
          0.98287,
          0.12731,
          -0.13326,
          5.822968
        ],
        [
          0.16353,
          -0.268978,
          0.949162,
          1.810109
        ],
        [
          0.084994,
          -0.954695,
          -0.285189,
          1.482252
        ],
        [
          0.0,
          0.0,
          0.0,
          1.0
        ]
      ]
    },
    {
      "file_path": "/media/NFS/ttao/scannet/posed_images/scene0239_02/00015.jpg",
      "transform_matrix": [
        [
          0.981628,
          0.129576,
          -0.140063,
          5.817879
        ],
        [
          0.171467,
          -0.277027,
          0.945439,
          1.8228
        ],
        [
          0.083705,
          -0.952085,
          -0.294155,
          1.485992
        ],
        [
          0.0,
          0.0,
          0.0,
          1.0
        ]
      ]
    },
    {
      "file_path": "/media/NFS/ttao/scannet/posed_images/scene0239_02/00017.jpg",
      "transform_matrix": [
        [
          0.975695,
          0.13954,
          -0.16896,
          5.811572
        ],
        [
          0.202296,
          -0.277187,
          0.939278,
          1.862503
        ],
        [
          0.084233,
          -0.950629,
          -0.298679,
          1.496151
        ],
        [
          0.0,
          0.0,
          0.0,
          1.0
        ]
      ]
    },
    {
      "file_path": "/media/NFS/ttao/scannet/posed_images/scene0239_02/00018.jpg",
      "transform_matrix": [
        [
          0.97369,
          0.139681,
          -0.180049,
          5.809156
        ],
        [
          0.212858,
          -0.275385,
          0.937473,
          1.873449
        ],
        [
          0.081365,
          -0.951132,
          -0.297872,
          1.496625
        ],
        [
          0.0,
          0.0,
          0.0,
          1.0
        ]
      ]
    },
    {
      "file_path": "/media/NFS/ttao/scannet/posed_images/scene0239_02/00019.jpg",
      "transform_matrix": [
        [
          0.971356,
          0.140013,
          -0.192002,
          5.807198
        ],
        [
          0.224496,
          -0.275782,
          0.934637,
          1.886826
        ],
        [
          0.077911,
          -0.950968,
          -0.299315,
          1.500261
        ],
        [
          0.0,
          0.0,
          0.0,
          1.0
        ]
      ]
    },
    {
      "file_path": "/media/NFS/ttao/scannet/posed_images/scene0239_02/00021.jpg",
      "transform_matrix": [
        [
          0.965571,
          0.14008,
          -0.219203,
          5.814007
        ],
        [
          0.250414,
          -0.272253,
          0.92907,
          1.906172
        ],
        [
          0.070466,
          -0.951975,
          -0.297957,
          1.505038
        ],
        [
          0.0,
          0.0,
          0.0,
          1.0
        ]
      ]
    },
    {
      "file_path": "/media/NFS/ttao/scannet/posed_images/scene0239_02/00023.jpg",
      "transform_matrix": [
        [
          0.956637,
          0.139959,
          -0.255455,
          5.812362
        ],
        [
          0.284073,
          -0.254358,
          0.924448,
          1.939984
        ],
        [
          0.064408,
          -0.956929,
          -0.283087,
          1.511726
        ],
        [
          0.0,
          0.0,
          0.0,
          1.0
        ]
      ]
    },
    {
      "file_path": "/media/NFS/ttao/scannet/posed_images/scene0239_02/00024.jpg",
      "transform_matrix": [
        [
          0.953161,
          0.139489,
          -0.268379,
          5.817772
        ],
        [
          0.296091,
          -0.249126,
          0.922099,
          1.953832
        ],
        [
          0.061762,
          -0.958373,
          -0.278758,
          1.510269
        ],
        [
          0.0,
          0.0,
          0.0,
          1.0
        ]
      ]
    },
    {
      "file_path": "/media/NFS/ttao/scannet/posed_images/scene0239_02/00025.jpg",
      "transform_matrix": [
        [
          0.95084,
          0.141194,
          -0.275622,
          5.810976
        ],
        [
          0.303439,
          -0.246973,
          0.920287,
          1.961165
        ],
        [
          0.061868,
          -0.958681,
          -0.277676,
          1.510172
        ],
        [
          0.0,
          0.0,
          0.0,
          1.0
        ]
      ]
    },
    {
      "file_path": "/media/NFS/ttao/scannet/posed_images/scene0239_02/00027.jpg",
      "transform_matrix": [
        [
          0.944086,
          0.145115,
          -0.296046,
          5.815557
        ],
        [
          0.323915,
          -0.240776,
          0.914935,
          1.992724
        ],
        [
          0.06149,
          -0.959671,
          -0.274318,
          1.513826
        ],
        [
          0.0,
          0.0,
          0.0,
          1.0
        ]
      ]
    },
    {
      "file_path": "/media/NFS/ttao/scannet/posed_images/scene0239_02/00028.jpg",
      "transform_matrix": [
        [
          0.940641,
          0.148344,
          -0.305267,
          5.82164
        ],
        [
          0.333538,
          -0.237551,
          0.912317,
          2.007988
        ],
        [
          0.062821,
          -0.959981,
          -0.272928,
          1.512816
        ],
        [
          0.0,
          0.0,
          0.0,
          1.0
        ]
      ]
    },
    {
      "file_path": "/media/NFS/ttao/scannet/posed_images/scene0239_02/00029.jpg",
      "transform_matrix": [
        [
          0.935277,
          0.156755,
          -0.31731,
          5.820594
        ],
        [
          0.347367,
          -0.234873,
          0.907839,
          2.03781
        ],
        [
          0.067781,
          -0.959303,
          -0.274123,
          1.518614
        ],
        [
          0.0,
          0.0,
          0.0,
          1.0
        ]
      ]
    },
    {
      "file_path": "/media/NFS/ttao/scannet/posed_images/scene0239_02/00031.jpg",
      "transform_matrix": [
        [
          0.921877,
          0.165526,
          -0.350349,
          5.856667
        ],
        [
          0.380454,
          -0.215221,
          0.899408,
          2.077615
        ],
        [
          0.073473,
          -0.962435,
          -0.261382,
          1.526478
        ],
        [
          0.0,
          0.0,
          0.0,
          1.0
        ]
      ]
    },
    {
      "file_path": "/media/NFS/ttao/scannet/posed_images/scene0239_02/00032.jpg",
      "transform_matrix": [
        [
          0.918728,
          0.168847,
          -0.356974,
          5.85073
        ],
        [
          0.386923,
          -0.204209,
          0.899216,
          2.086664
        ],
        [
          0.078933,
          -0.964256,
          -0.252943,
          1.520935
        ],
        [
          0.0,
          0.0,
          0.0,
          1.0
        ]
      ]
    },
    {
      "file_path": "/media/NFS/ttao/scannet/posed_images/scene0239_02/00034.jpg",
      "transform_matrix": [
        [
          0.909824,
          0.190174,
          -0.368856,
          5.852273
        ],
        [
          0.404043,
          -0.203082,
          0.891912,
          2.114051
        ],
        [
          0.09471,
          -0.960516,
          -0.261608,
          1.522663
        ],
        [
          0.0,
          0.0,
          0.0,
          1.0
        ]
      ]
    },
    {
      "file_path": "/media/NFS/ttao/scannet/posed_images/scene0239_02/00036.jpg",
      "transform_matrix": [
        [
          0.894369,
          0.196382,
          -0.401918,
          5.854374
        ],
        [
          0.435072,
          -0.172985,
          0.883622,
          2.159693
        ],
        [
          0.104002,
          -0.965148,
          -0.240153,
          1.547556
        ],
        [
          0.0,
          0.0,
          0.0,
          1.0
        ]
      ]
    },
    {
      "file_path": "/media/NFS/ttao/scannet/posed_images/scene0239_02/00037.jpg",
      "transform_matrix": [
        [
          0.889801,
          0.193114,
          -0.413474,
          5.853778
        ],
        [
          0.444386,
          -0.160573,
          0.881327,
          2.170585
        ],
        [
          0.103804,
          -0.967948,
          -0.228695,
          1.544687
        ],
        [
          0.0,
          0.0,
          0.0,
          1.0
        ]
      ]
    },
    {
      "file_path": "/media/NFS/ttao/scannet/posed_images/scene0239_02/00038.jpg",
      "transform_matrix": [
        [
          0.885378,
          0.19247,
          -0.423158,
          5.855501
        ],
        [
          0.453244,
          -0.15507,
          0.877795,
          2.18319
        ],
        [
          0.10333,
          -0.968973,
          -0.224531,
          1.53724
        ],
        [
          0.0,
          0.0,
          0.0,
          1.0
        ]
      ]
    },
    {
      "file_path": "/media/NFS/ttao/scannet/posed_images/scene0239_02/00040.jpg",
      "transform_matrix": [
        [
          0.872267,
          0.208394,
          -0.442405,
          5.872288
        ],
        [
          0.477249,
          -0.165384,
          0.863065,
          2.225201
        ],
        [
          0.106691,
          -0.963961,
          -0.243715,
          1.543157
        ],
        [
          0.0,
          0.0,
          0.0,
          1.0
        ]
      ]
    },
    {
      "file_path": "/media/NFS/ttao/scannet/posed_images/scene0239_02/00041.jpg",
      "transform_matrix": [
        [
          0.867804,
          0.211683,
          -0.449564,
          5.864009
        ],
        [
          0.485535,
          -0.168771,
          0.857771,
          2.254057
        ],
        [
          0.105702,
          -0.962656,
          -0.24924,
          1.550765
        ],
        [
          0.0,
          0.0,
          0.0,
          1.0
        ]
      ]
    },
    {
      "file_path": "/media/NFS/ttao/scannet/posed_images/scene0239_02/00043.jpg",
      "transform_matrix": [
        [
          0.863718,
          0.208863,
          -0.458659,
          5.855116
        ],
        [
          0.493691,
          -0.16773,
          0.853309,
          2.275766
        ],
        [
          0.101293,
          -0.963454,
          -0.247985,
          1.547189
        ],
        [
          0.0,
          0.0,
          0.0,
          1.0
        ]
      ]
    },
    {
      "file_path": "/media/NFS/ttao/scannet/posed_images/scene0239_02/00044.jpg",
      "transform_matrix": [
        [
          0.861802,
          0.210192,
          -0.461646,
          5.851047
        ],
        [
          0.496871,
          -0.166681,
          0.851667,
          2.289128
        ],
        [
          0.102066,
          -0.963347,
          -0.248084,
          1.547147
        ],
        [
          0.0,
          0.0,
          0.0,
          1.0
        ]
      ]
    },
    {
      "file_path": "/media/NFS/ttao/scannet/posed_images/scene0239_02/00045.jpg",
      "transform_matrix": [
        [
          0.859882,
          0.211882,
          -0.464445,
          5.845851
        ],
        [
          0.499864,
          -0.164783,
          0.850284,
          2.3033
        ],
        [
          0.103627,
          -0.963303,
          -0.247606,
          1.545786
        ],
        [
          0.0,
          0.0,
          0.0,
          1.0
        ]
      ]
    },
    {
      "file_path": "/media/NFS/ttao/scannet/posed_images/scene0239_02/00047.jpg",
      "transform_matrix": [
        [
          0.857098,
          0.213576,
          -0.468796,
          5.825212
        ],
        [
          0.504996,
          -0.168508,
          0.846513,
          2.324511
        ],
        [
          0.101798,
          -0.962284,
          -0.252283,
          1.543604
        ],
        [
          0.0,
          0.0,
          0.0,
          1.0
        ]
      ]
    },
    {
      "file_path": "/media/NFS/ttao/scannet/posed_images/scene0239_02/00048.jpg",
      "transform_matrix": [
        [
          0.854201,
          0.215861,
          -0.473017,
          5.818697
        ],
        [
          0.509583,
          -0.166858,
          0.844087,
          2.337847
        ],
        [
          0.103279,
          -0.962061,
          -0.252529,
          1.546165
        ],
        [
          0.0,
          0.0,
          0.0,
          1.0
        ]
      ]
    },
    {
      "file_path": "/media/NFS/ttao/scannet/posed_images/scene0239_02/00050.jpg",
      "transform_matrix": [
        [
          0.851521,
          0.212681,
          -0.479248,
          5.793784
        ],
        [
          0.513221,
          -0.15102,
          0.844865,
          2.378092
        ],
        [
          0.10731,
          -0.965381,
          -0.237749,
          1.550105
        ],
        [
          0.0,
          0.0,
          0.0,
          1.0
        ]
      ]
    },
    {
      "file_path": "/media/NFS/ttao/scannet/posed_images/scene0239_02/00051.jpg",
      "transform_matrix": [
        [
          0.853143,
          0.208426,
          -0.478232,
          5.774018
        ],
        [
          0.509986,
          -0.140224,
          0.848676,
          2.386348
        ],
        [
          0.109827,
          -0.967934,
          -0.225925,
          1.549714
        ],
        [
          0.0,
          0.0,
          0.0,
          1.0
        ]
      ]
    },
    {
      "file_path": "/media/NFS/ttao/scannet/posed_images/scene0239_02/00053.jpg",
      "transform_matrix": [
        [
          0.852784,
          0.197313,
          -0.483557,
          5.758239
        ],
        [
          0.511185,
          -0.12565,
          0.850236,
          2.413011
        ],
        [
          0.107004,
          -0.972255,
          -0.208016,
          1.550971
        ],
        [
          0.0,
          0.0,
          0.0,
          1.0
        ]
      ]
    },
    {
      "file_path": "/media/NFS/ttao/scannet/posed_images/scene0239_02/00054.jpg",
      "transform_matrix": [
        [
          0.852004,
          0.189698,
          -0.48796,
          5.75408
        ],
        [
          0.513754,
          -0.123618,
          0.848985,
          2.425319
        ],
        [
          0.10073,
          -0.974029,
          -0.202781,
          1.552762
        ],
        [
          0.0,
          0.0,
          0.0,
          1.0
        ]
      ]
    },
    {
      "file_path": "/media/NFS/ttao/scannet/posed_images/scene0239_02/00056.jpg",
      "transform_matrix": [
        [
          0.849519,
          0.187554,
          -0.493093,
          5.711995
        ],
        [
          0.518619,
          -0.125564,
          0.845735,
          2.451773
        ],
        [
          0.096706,
          -0.974196,
          -0.203938,
          1.555778
        ],
        [
          0.0,
          0.0,
          0.0,
          1.0
        ]
      ]
    },
    {
      "file_path": "/media/NFS/ttao/scannet/posed_images/scene0239_02/00057.jpg",
      "transform_matrix": [
        [
          0.847393,
          0.189508,
          -0.495997,
          5.699905
        ],
        [
          0.521802,
          -0.124413,
          0.843945,
          2.461701
        ],
        [
          0.098226,
          -0.973965,
          -0.204312,
          1.560973
        ],
        [
          0.0,
          0.0,
          0.0,
          1.0
        ]
      ]
    },
    {
      "file_path": "/media/NFS/ttao/scannet/posed_images/scene0239_02/00058.jpg",
      "transform_matrix": [
        [
          0.844898,
          0.188787,
          -0.500507,
          5.686225
        ],
        [
          0.525756,
          -0.120543,
          0.842051,
          2.471489
        ],
        [
          0.098636,
          -0.974592,
          -0.201102,
          1.565667
        ],
        [
          0.0,
          0.0,
          0.0,
          1.0
        ]
      ]
    },
    {
      "file_path": "/media/NFS/ttao/scannet/posed_images/scene0239_02/00060.jpg",
      "transform_matrix": [
        [
          0.837702,
          0.185274,
          -0.513741,
          5.660513
        ],
        [
          0.536991,
          -0.108073,
          0.836637,
          2.486664
        ],
        [
          0.099486,
          -0.976726,
          -0.190023,
          1.555054
        ],
        [
          0.0,
          0.0,
          0.0,
          1.0
        ]
      ]
    },
    {
      "file_path": "/media/NFS/ttao/scannet/posed_images/scene0239_02/00061.jpg",
      "transform_matrix": [
        [
          0.834009,
          0.185823,
          -0.519518,
          5.64953
        ],
        [
          0.542823,
          -0.107643,
          0.83292,
          2.497192
        ],
        [
          0.098853,
          -0.976669,
          -0.190645,
          1.547076
        ],
        [
          0.0,
          0.0,
          0.0,
          1.0
        ]
      ]
    },
    {
      "file_path": "/media/NFS/ttao/scannet/posed_images/scene0239_02/00063.jpg",
      "transform_matrix": [
        [
          0.815096,
          0.202946,
          -0.542616,
          5.619247
        ],
        [
          0.572733,
          -0.141389,
          0.807456,
          2.526335
        ],
        [
          0.08715,
          -0.968928,
          -0.231479,
          1.543065
        ],
        [
          0.0,
          0.0,
          0.0,
          1.0
        ]
      ]
    },
    {
      "file_path": "/media/NFS/ttao/scannet/posed_images/scene0239_02/00064.jpg",
      "transform_matrix": [
        [
          0.806516,
          0.21056,
          -0.552447,
          5.606955
        ],
        [
          0.584701,
          -0.145772,
          0.798044,
          2.534503
        ],
        [
          0.087505,
          -0.966651,
          -0.240682,
          1.546011
        ],
        [
          0.0,
          0.0,
          0.0,
          1.0
        ]
      ]
    },
    {
      "file_path": "/media/NFS/ttao/scannet/posed_images/scene0239_02/00065.jpg",
      "transform_matrix": [
        [
          0.796877,
          0.216423,
          -0.564047,
          5.596847
        ],
        [
          0.597472,
          -0.143955,
          0.788863,
          2.545472
        ],
        [
          0.089531,
          -0.965628,
          -0.244021,
          1.548456
        ],
        [
          0.0,
          0.0,
          0.0,
          1.0
        ]
      ]
    },
    {
      "file_path": "/media/NFS/ttao/scannet/posed_images/scene0239_02/00067.jpg",
      "transform_matrix": [
        [
          0.77717,
          0.227293,
          -0.586809,
          5.572462
        ],
        [
          0.621812,
          -0.134031,
          0.771612,
          2.562349
        ],
        [
          0.096732,
          -0.964559,
          -0.245499,
          1.549304
        ],
        [
          0.0,
          0.0,
          0.0,
          1.0
        ]
      ]
    },
    {
      "file_path": "/media/NFS/ttao/scannet/posed_images/scene0239_02/00068.jpg",
      "transform_matrix": [
        [
          0.767951,
          0.228478,
          -0.598372,
          5.563821
        ],
        [
          0.632951,
          -0.127618,
          0.763601,
          2.569887
        ],
        [
          0.098103,
          -0.965148,
          -0.24262,
          1.546274
        ],
        [
          0.0,
          0.0,
          0.0,
          1.0
        ]
      ]
    },
    {
      "file_path": "/media/NFS/ttao/scannet/posed_images/scene0239_02/00070.jpg",
      "transform_matrix": [
        [
          0.742416,
          0.236242,
          -0.626904,
          5.504967
        ],
        [
          0.663278,
          -0.127562,
          0.737422,
          2.583459
        ],
        [
          0.094241,
          -0.963285,
          -0.251398,
          1.54615
        ],
        [
          0.0,
          0.0,
          0.0,
          1.0
        ]
      ]
    },
    {
      "file_path": "/media/NFS/ttao/scannet/posed_images/scene0239_02/00071.jpg",
      "transform_matrix": [
        [
          0.728234,
          0.238393,
          -0.64253,
          5.499937
        ],
        [
          0.679545,
          -0.129636,
          0.722089,
          2.596687
        ],
        [
          0.088846,
          -0.962478,
          -0.256404,
          1.554323
        ],
        [
          0.0,
          0.0,
          0.0,
          1.0
        ]
      ]
    },
    {
      "file_path": "/media/NFS/ttao/scannet/posed_images/scene0239_02/00073.jpg",
      "transform_matrix": [
        [
          0.70532,
          0.233702,
          -0.669259,
          5.482896
        ],
        [
          0.703448,
          -0.11399,
          0.701546,
          2.606483
        ],
        [
          0.087663,
          -0.965603,
          -0.244797,
          1.5476
        ],
        [
          0.0,
          0.0,
          0.0,
          1.0
        ]
      ]
    },
    {
      "file_path": "/media/NFS/ttao/scannet/posed_images/scene0239_02/00074.jpg",
      "transform_matrix": [
        [
          0.692125,
          0.234263,
          -0.682704,
          5.476474
        ],
        [
          0.716607,
          -0.110008,
          0.688747,
          2.612574
        ],
        [
          0.086245,
          -0.965929,
          -0.244014,
          1.544935
        ],
        [
          0.0,
          0.0,
          0.0,
          1.0
        ]
      ]
    },
    {
      "file_path": "/media/NFS/ttao/scannet/posed_images/scene0239_02/00075.jpg",
      "transform_matrix": [
        [
          0.677548,
          0.239717,
          -0.695317,
          5.466313
        ],
        [
          0.730227,
          -0.106478,
          0.674856,
          2.616671
        ],
        [
          0.087738,
          -0.964986,
          -0.247192,
          1.543245
        ],
        [
          0.0,
          0.0,
          0.0,
          1.0
        ]
      ]
    },
    {
      "file_path": "/media/NFS/ttao/scannet/posed_images/scene0239_02/00077.jpg",
      "transform_matrix": [
        [
          0.625998,
          0.267681,
          -0.732444,
          5.435573
        ],
        [
          0.773785,
          -0.096541,
          0.626048,
          2.629596
        ],
        [
          0.09687,
          -0.958659,
          -0.267562,
          1.535843
        ],
        [
          0.0,
          0.0,
          0.0,
          1.0
        ]
      ]
    },
    {
      "file_path": "/media/NFS/ttao/scannet/posed_images/scene0239_02/00078.jpg",
      "transform_matrix": [
        [
          0.604153,
          0.277398,
          -0.747028,
          5.429998
        ],
        [
          0.79096,
          -0.094798,
          0.60448,
          2.632338
        ],
        [
          0.096864,
          -0.956067,
          -0.276683,
          1.536467
        ],
        [
          0.0,
          0.0,
          0.0,
          1.0
        ]
      ]
    },
    {
      "file_path": "/media/NFS/ttao/scannet/posed_images/scene0239_02/00079.jpg",
      "transform_matrix": [
        [
          0.577942,
          0.286689,
          -0.764064,
          5.420547
        ],
        [
          0.809978,
          -0.087247,
          0.579935,
          2.640338
        ],
        [
          0.099598,
          -0.954043,
          -0.282635,
          1.53739
        ],
        [
          0.0,
          0.0,
          0.0,
          1.0
        ]
      ]
    },
    {
      "file_path": "/media/NFS/ttao/scannet/posed_images/scene0239_02/00081.jpg",
      "transform_matrix": [
        [
          0.50517,
          0.309739,
          -0.805522,
          5.372039
        ],
        [
          0.855778,
          -0.059121,
          0.513954,
          2.636355
        ],
        [
          0.111568,
          -0.948982,
          -0.294934,
          1.51624
        ],
        [
          0.0,
          0.0,
          0.0,
          1.0
        ]
      ]
    },
    {
      "file_path": "/media/NFS/ttao/scannet/posed_images/scene0239_02/00082.jpg",
      "transform_matrix": [
        [
          0.477641,
          0.325702,
          -0.815952,
          5.361292
        ],
        [
          0.870652,
          -0.051186,
          0.48923,
          2.64009
        ],
        [
          0.117578,
          -0.944086,
          -0.308021,
          1.515013
        ],
        [
          0.0,
          0.0,
          0.0,
          1.0
        ]
      ]
    },
    {
      "file_path": "/media/NFS/ttao/scannet/posed_images/scene0239_02/00084.jpg",
      "transform_matrix": [
        [
          0.430506,
          0.346909,
          -0.833258,
          5.34349
        ],
        [
          0.894094,
          -0.037553,
          0.446302,
          2.648162
        ],
        [
          0.123535,
          -0.937147,
          -0.326336,
          1.508536
        ],
        [
          0.0,
          0.0,
          0.0,
          1.0
        ]
      ]
    },
    {
      "file_path": "/media/NFS/ttao/scannet/posed_images/scene0239_02/00086.jpg",
      "transform_matrix": [
        [
          0.376083,
          0.365609,
          -0.851406,
          5.30041
        ],
        [
          0.919823,
          -0.036498,
          0.390631,
          2.649406
        ],
        [
          0.111744,
          -0.930053,
          -0.350022,
          1.515416
        ],
        [
          0.0,
          0.0,
          0.0,
          1.0
        ]
      ]
    },
    {
      "file_path": "/media/NFS/ttao/scannet/posed_images/scene0239_02/00087.jpg",
      "transform_matrix": [
        [
          0.358773,
          0.361239,
          -0.860691,
          5.291302
        ],
        [
          0.927418,
          -0.033513,
          0.372522,
          2.651891
        ],
        [
          0.105725,
          -0.931871,
          -0.347043,
          1.512464
        ],
        [
          0.0,
          0.0,
          0.0,
          1.0
        ]
      ]
    },
    {
      "file_path": "/media/NFS/ttao/scannet/posed_images/scene0239_02/00088.jpg",
      "transform_matrix": [
        [
          0.342995,
          0.359224,
          -0.867936,
          5.283974
        ],
        [
          0.933675,
          -0.02908,
          0.356938,
          2.647384
        ],
        [
          0.102981,
          -0.932798,
          -0.345373,
          1.504828
        ],
        [
          0.0,
          0.0,
          0.0,
          1.0
        ]
      ]
    },
    {
      "file_path": "/media/NFS/ttao/scannet/posed_images/scene0239_02/00090.jpg",
      "transform_matrix": [
        [
          0.308371,
          0.363938,
          -0.878895,
          5.266891
        ],
        [
          0.94603,
          -0.020523,
          0.323427,
          2.648379
        ],
        [
          0.09967,
          -0.931197,
          -0.350625,
          1.492497
        ],
        [
          0.0,
          0.0,
          0.0,
          1.0
        ]
      ]
    },
    {
      "file_path": "/media/NFS/ttao/scannet/posed_images/scene0239_02/00091.jpg",
      "transform_matrix": [
        [
          0.283008,
          0.37901,
          -0.881055,
          5.230713
        ],
        [
          0.95392,
          -0.015729,
          0.299647,
          2.642147
        ],
        [
          0.099711,
          -0.925259,
          -0.365997,
          1.497141
        ],
        [
          0.0,
          0.0,
          0.0,
          1.0
        ]
      ]
    },
    {
      "file_path": "/media/NFS/ttao/scannet/posed_images/scene0239_02/00092.jpg",
      "transform_matrix": [
        [
          0.271956,
          0.380886,
          -0.883723,
          5.216452
        ],
        [
          0.957079,
          -0.011436,
          0.289602,
          2.639345
        ],
        [
          0.100199,
          -0.924551,
          -0.367648,
          1.499461
        ],
        [
          0.0,
          0.0,
          0.0,
          1.0
        ]
      ]
    },
    {
      "file_path": "/media/NFS/ttao/scannet/posed_images/scene0239_02/00094.jpg",
      "transform_matrix": [
        [
          0.258513,
          0.377696,
          -0.88911,
          5.187419
        ],
        [
          0.960972,
          -0.006694,
          0.276563,
          2.624371
        ],
        [
          0.098505,
          -0.925905,
          -0.364686,
          1.499053
        ],
        [
          0.0,
          0.0,
          0.0,
          1.0
        ]
      ]
    },
    {
      "file_path": "/media/NFS/ttao/scannet/posed_images/scene0239_02/00096.jpg",
      "transform_matrix": [
        [
          0.238356,
          0.370271,
          -0.897823,
          5.161102
        ],
        [
          0.967314,
          -0.008136,
          0.253449,
          2.621863
        ],
        [
          0.08654,
          -0.928888,
          -0.360108,
          1.496578
        ],
        [
          0.0,
          0.0,
          0.0,
          1.0
        ]
      ]
    },
    {
      "file_path": "/media/NFS/ttao/scannet/posed_images/scene0239_02/00097.jpg",
      "transform_matrix": [
        [
          0.229312,
          0.370934,
          -0.899902,
          5.130291
        ],
        [
          0.970707,
          -0.019022,
          0.239513,
          2.607109
        ],
        [
          0.071725,
          -0.928464,
          -0.36443,
          1.494834
        ],
        [
          0.0,
          0.0,
          0.0,
          1.0
        ]
      ]
    },
    {
      "file_path": "/media/NFS/ttao/scannet/posed_images/scene0239_02/00098.jpg",
      "transform_matrix": [
        [
          0.223761,
          0.373617,
          -0.90019,
          5.112812
        ],
        [
          0.972699,
          -0.027289,
          0.230459,
          2.604407
        ],
        [
          0.061538,
          -0.927181,
          -0.369523,
          1.49634
        ],
        [
          0.0,
          0.0,
          0.0,
          1.0
        ]
      ]
    },
    {
      "file_path": "/media/NFS/ttao/scannet/posed_images/scene0239_02/00100.jpg",
      "transform_matrix": [
        [
          0.206206,
          0.377125,
          -0.902915,
          5.090148
        ],
        [
          0.977572,
          -0.039025,
          0.206956,
          2.610445
        ],
        [
          0.042812,
          -0.92534,
          -0.376714,
          1.497219
        ],
        [
          0.0,
          0.0,
          0.0,
          1.0
        ]
      ]
    },
    {
      "file_path": "/media/NFS/ttao/scannet/posed_images/scene0239_02/00101.jpg",
      "transform_matrix": [
        [
          0.198371,
          0.379375,
          -0.903728,
          5.074826
        ],
        [
          0.979587,
          -0.04614,
          0.195653,
          2.61689
        ],
        [
          0.032527,
          -0.924092,
          -0.380784,
          1.504777
        ],
        [
          0.0,
          0.0,
          0.0,
          1.0
        ]
      ]
    },
    {
      "file_path": "/media/NFS/ttao/scannet/posed_images/scene0239_02/00103.jpg",
      "transform_matrix": [
        [
          0.18309,
          0.363274,
          -0.913515,
          5.043623
        ],
        [
          0.98283,
          -0.04599,
          0.178693,
          2.587871
        ],
        [
          0.022902,
          -0.930547,
          -0.365457,
          1.501307
        ],
        [
          0.0,
          0.0,
          0.0,
          1.0
        ]
      ]
    },
    {
      "file_path": "/media/NFS/ttao/scannet/posed_images/scene0239_02/00104.jpg",
      "transform_matrix": [
        [
          0.174246,
          0.365872,
          -0.914208,
          5.034155
        ],
        [
          0.984418,
          -0.042405,
          0.170656,
          2.582383
        ],
        [
          0.023671,
          -0.929699,
          -0.36756,
          1.494936
        ],
        [
          0.0,
          0.0,
          0.0,
          1.0
        ]
      ]
    },
    {
      "file_path": "/media/NFS/ttao/scannet/posed_images/scene0239_02/00105.jpg",
      "transform_matrix": [
        [
          0.167067,
          0.373196,
          -0.912587,
          5.026602
        ],
        [
          0.985672,
          -0.041406,
          0.163514,
          2.574695
        ],
        [
          0.023236,
          -0.926828,
          -0.374766,
          1.49338
        ],
        [
          0.0,
          0.0,
          0.0,
          1.0
        ]
      ]
    },
    {
      "file_path": "/media/NFS/ttao/scannet/posed_images/scene0239_02/00107.jpg",
      "transform_matrix": [
        [
          0.149273,
          0.38933,
          -0.908922,
          5.005242
        ],
        [
          0.988557,
          -0.038556,
          0.145836,
          2.559692
        ],
        [
          0.021734,
          -0.920291,
          -0.390631,
          1.493443
        ],
        [
          0.0,
          0.0,
          0.0,
          1.0
        ]
      ]
    },
    {
      "file_path": "/media/NFS/ttao/scannet/posed_images/scene0239_02/00108.jpg",
      "transform_matrix": [
        [
          0.123944,
          0.39587,
          -0.909904,
          4.985456
        ],
        [
          0.992079,
          -0.030575,
          0.121835,
          2.556898
        ],
        [
          0.020411,
          -0.917797,
          -0.396524,
          1.50459
        ],
        [
          0.0,
          0.0,
          0.0,
          1.0
        ]
      ]
    },
    {
      "file_path": "/media/NFS/ttao/scannet/posed_images/scene0239_02/00109.jpg",
      "transform_matrix": [
        [
          0.112656,
          0.392992,
          -0.912615,
          4.983148
        ],
        [
          0.993371,
          -0.023429,
          0.112536,
          2.552588
        ],
        [
          0.022844,
          -0.919243,
          -0.393026,
          1.499892
        ],
        [
          0.0,
          0.0,
          0.0,
          1.0
        ]
