{
  "frames": [
    {
      "file_path": "/media/NFS/ttao/scannet/posed_images/scene0400_00/00000.jpg",
      "transform_matrix": [
        [
          0.577433,
          0.401301,
          -0.711006,
          2.377075
        ],
        [
          0.81607,
          -0.257527,
          0.517407,
          2.114465
        ],
        [
          0.024533,
          -0.878998,
          -0.476194,
          1.356722
        ],
        [
          0.0,
          0.0,
          0.0,
          1.0
        ]
      ]
    },
    {
      "file_path": "/media/NFS/ttao/scannet/posed_images/scene0400_00/00004.jpg",
      "transform_matrix": [
        [
          0.57251,
          0.39913,
          -0.716189,
          2.367844
        ],
        [
          0.819227,
          -0.243146,
          0.519373,
          2.127746
        ],
        [
          0.033158,
          -0.884068,
          -0.466181,
          1.382345
        ],
        [
          0.0,
          0.0,
          0.0,
          1.0
        ]
      ]
    },
    {
      "file_path": "/media/NFS/ttao/scannet/posed_images/scene0400_00/00010.jpg",
      "transform_matrix": [
        [
          0.559381,
          0.375231,
          -0.739118,
          2.367048
        ],
        [
          0.828266,
          -0.217848,
          0.516254,
          2.138019
        ],
        [
          0.032699,
          -0.900968,
          -0.432651,
          1.395407
        ],
        [
          0.0,
          0.0,
          0.0,
          1.0
        ]
      ]
    },
    {
      "file_path": "/media/NFS/ttao/scannet/posed_images/scene0400_00/00011.jpg",
      "transform_matrix": [
        [
          0.552542,
          0.373105,
          -0.745312,
          2.367348
        ],
        [
          0.832962,
          -0.215524,
          0.509631,
          2.146984
        ],
        [
          0.029514,
          -0.902409,
          -0.429869,
          1.406472
        ],
        [
          0.0,
          0.0,
          0.0,
          1.0
        ]
      ]
    },
    {
      "file_path": "/media/NFS/ttao/scannet/posed_images/scene0400_00/00016.jpg",
      "transform_matrix": [
        [
          0.545822,
          0.337021,
          -0.767135,
          2.362643
        ],
        [
          0.837761,
          -0.202707,
          0.507018,
          2.158024
        ],
        [
          0.015372,
          -0.919417,
          -0.392984,
          1.445765
        ],
        [
          0.0,
          0.0,
          0.0,
          1.0
        ]
      ]
    },
    {
      "file_path": "/media/NFS/ttao/scannet/posed_images/scene0400_00/00020.jpg",
      "transform_matrix": [
        [
          0.535924,
          0.292295,
          -0.792054,
          2.370772
        ],
        [
          0.844266,
          -0.184523,
          0.503156,
          2.158935
        ],
        [
          0.000918,
          -0.938358,
          -0.345665,
          1.446325
        ],
        [
          0.0,
          0.0,
          0.0,
          1.0
        ]
      ]
    },
    {
      "file_path": "/media/NFS/ttao/scannet/posed_images/scene0400_00/00024.jpg",
      "transform_matrix": [
        [
          0.521833,
          0.271122,
          -0.808816,
          2.369033
        ],
        [
          0.852925,
          -0.181925,
          0.489309,
          2.172338
        ],
        [
          -0.014482,
          -0.945197,
          -0.326181,
          1.479864
        ],
        [
          0.0,
          0.0,
          0.0,
          1.0
        ]
      ]
    },
    {
      "file_path": "/media/NFS/ttao/scannet/posed_images/scene0400_00/00032.jpg",
      "transform_matrix": [
        [
          0.535856,
          0.233264,
          -0.811448,
          2.370967
        ],
        [
          0.84428,
          -0.156155,
          0.512648,
          2.208025
        ],
        [
          -0.007129,
          -0.959794,
          -0.280616,
          1.50386
        ],
        [
          0.0,
          0.0,
          0.0,
          1.0
        ]
      ]
    },
    {
      "file_path": "/media/NFS/ttao/scannet/posed_images/scene0400_00/00035.jpg",
      "transform_matrix": [
        [
          0.540404,
          0.224104,
          -0.811012,
          2.371185
        ],
        [
          0.841403,
          -0.146447,
          0.520187,
          2.233415
        ],
        [
          -0.002194,
          -0.963499,
          -0.267702,
          1.516058
        ],
        [
          0.0,
          0.0,
          0.0,
          1.0
        ]
      ]
    },
    {
      "file_path": "/media/NFS/ttao/scannet/posed_images/scene0400_00/00037.jpg",
      "transform_matrix": [
        [
          0.541323,
          0.215003,
          -0.812861,
          2.372217
        ],
        [
          0.840795,
          -0.145115,
          0.521542,
          2.248295
        ],
        [
          -0.005825,
          -0.965772,
          -0.259327,
          1.516302
        ],
        [
          0.0,
          0.0,
          0.0,
          1.0
        ]
      ]
    },
    {
      "file_path": "/media/NFS/ttao/scannet/posed_images/scene0400_00/00044.jpg",
      "transform_matrix": [
        [
          0.54571,
          0.217883,
          -0.809153,
          2.349598
        ],
        [
          0.837837,
          -0.15938,
          0.522138,
          2.294007
        ],
        [
          -0.015198,
          -0.962874,
          -0.269525,
          1.519085
        ],
        [
          0.0,
          0.0,
          0.0,
          1.0
        ]
      ]
    },
    {
      "file_path": "/media/NFS/ttao/scannet/posed_images/scene0400_00/00048.jpg",
      "transform_matrix": [
        [
          0.541578,
          0.195886,
          -0.817509,
          2.321939
        ],
        [
          0.840449,
          -0.147436,
          0.521448,
          2.314215
        ],
        [
          -0.018386,
          -0.96948,
          -0.24448,
          1.541505
        ],
        [
          0.0,
          0.0,
          0.0,
          1.0
        ]
      ]
    },
    {
      "file_path": "/media/NFS/ttao/scannet/posed_images/scene0400_00/00053.jpg",
      "transform_matrix": [
        [
          0.538749,
          0.12885,
          -0.832554,
          2.28307
        ],
        [
          0.842281,
          -0.103085,
          0.52909,
          2.317055
        ],
        [
          -0.017651,
          -0.986292,
          -0.164065,
          1.549994
        ],
        [
          0.0,
          0.0,
          0.0,
          1.0
        ]
      ]
    },
    {
      "file_path": "/media/NFS/ttao/scannet/posed_images/scene0400_00/00057.jpg",
      "transform_matrix": [
        [
          0.547784,
          0.096231,
          -0.831067,
          2.245289
        ],
        [
          0.836366,
          -0.087457,
          0.54115,
          2.334811
        ],
        [
          -0.020607,
          -0.991509,
          -0.128392,
          1.571615
        ],
        [
          0.0,
          0.0,
          0.0,
          1.0
        ]
      ]
    },
    {
      "file_path": "/media/NFS/ttao/scannet/posed_images/scene0400_00/00061.jpg",
      "transform_matrix": [
        [
          -Infinity,
          -Infinity,
          -Infinity,
          -Infinity
        ],
        [
          -Infinity,
          -Infinity,
          -Infinity,
          -Infinity
        ],
        [
          -Infinity,
          -Infinity,
          -Infinity,
          -Infinity
        ],
        [
          -Infinity,
          -Infinity,
          -Infinity,
          -Infinity
        ]
      ]
    },
    {
      "file_path": "/media/NFS/ttao/scannet/posed_images/scene0400_00/00066.jpg",
      "transform_matrix": [
        [
          -Infinity,
          -Infinity,
          -Infinity,
          -Infinity
        ],
        [
          -Infinity,
          -Infinity,
          -Infinity,
          -Infinity
        ],
        [
          -Infinity,
          -Infinity,
          -Infinity,
          -Infinity
        ],
        [
          -Infinity,
          -Infinity,
          -Infinity,
          -Infinity
        ]
      ]
    },
    {
      "file_path": "/media/NFS/ttao/scannet/posed_images/scene0400_00/00069.jpg",
      "transform_matrix": [
        [
          -Infinity,
          -Infinity,
          -Infinity,
          -Infinity
        ],
        [
          -Infinity,
          -Infinity,
          -Infinity,
          -Infinity
        ],
        [
          -Infinity,
          -Infinity,
          -Infinity,
          -Infinity
        ],
        [
          -Infinity,
          -Infinity,
          -Infinity,
          -Infinity
        ]
      ]
    },
    {
      "file_path": "/media/NFS/ttao/scannet/posed_images/scene0400_00/00071.jpg",
      "transform_matrix": [
        [
          -Infinity,
          -Infinity,
          -Infinity,
          -Infinity
        ],
        [
          -Infinity,
          -Infinity,
          -Infinity,
          -Infinity
        ],
        [
          -Infinity,
          -Infinity,
          -Infinity,
          -Infinity
        ],
        [
          -Infinity,
          -Infinity,
          -Infinity,
          -Infinity
        ]
      ]
    },
    {
      "file_path": "/media/NFS/ttao/scannet/posed_images/scene0400_00/00078.jpg",
      "transform_matrix": [
        [
          -Infinity,
          -Infinity,
          -Infinity,
          -Infinity
        ],
        [
          -Infinity,
          -Infinity,
          -Infinity,
          -Infinity
        ],
        [
          -Infinity,
          -Infinity,
          -Infinity,
          -Infinity
        ],
        [
          -Infinity,
          -Infinity,
          -Infinity,
          -Infinity
        ]
      ]
    },
    {
      "file_path": "/media/NFS/ttao/scannet/posed_images/scene0400_00/00079.jpg",
      "transform_matrix": [
        [
          -Infinity,
          -Infinity,
          -Infinity,
          -Infinity
        ],
        [
          -Infinity,
          -Infinity,
          -Infinity,
          -Infinity
        ],
        [
          -Infinity,
          -Infinity,
          -Infinity,
          -Infinity
        ],
        [
          -Infinity,
          -Infinity,
          -Infinity,
          -Infinity
        ]
      ]
    },
    {
      "file_path": "/media/NFS/ttao/scannet/posed_images/scene0400_00/00083.jpg",
      "transform_matrix": [
        [
          -Infinity,
          -Infinity,
          -Infinity,
          -Infinity
        ],
        [
          -Infinity,
          -Infinity,
          -Infinity,
          -Infinity
        ],
        [
          -Infinity,
          -Infinity,
          -Infinity,
          -Infinity
        ],
        [
          -Infinity,
          -Infinity,
          -Infinity,
          -Infinity
        ]
      ]
    },
    {
      "file_path": "/media/NFS/ttao/scannet/posed_images/scene0400_00/00087.jpg",
      "transform_matrix": [
        [
          -Infinity,
          -Infinity,
          -Infinity,
          -Infinity
        ],
        [
          -Infinity,
          -Infinity,
          -Infinity,
          -Infinity
        ],
        [
          -Infinity,
          -Infinity,
          -Infinity,
          -Infinity
        ],
        [
          -Infinity,
          -Infinity,
          -Infinity,
          -Infinity
        ]
      ]
    },
    {
      "file_path": "/media/NFS/ttao/scannet/posed_images/scene0400_00/00095.jpg",
      "transform_matrix": [
        [
          0.55377,
          0.190689,
          -0.810541,
          2.290285
        ],
        [
          0.832669,
          -0.12598,
          0.53925,
          2.312543
        ],
        [
          0.000717,
          -0.973533,
          -0.228545,
          1.547664
        ],
        [
          0.0,
          0.0,
          0.0,
          1.0
        ]
      ]
    },
    {
      "file_path": "/media/NFS/ttao/scannet/posed_images/scene0400_00/00096.jpg",
      "transform_matrix": [
        [
          0.549575,
          0.201521,
          -0.810775,
          2.301884
        ],
        [
          0.835429,
          -0.126711,
          0.534791,
          2.307712
        ],
        [
          0.005037,
          -0.971254,
          -0.237994,
          1.533343
        ],
        [
          0.0,
          0.0,
          0.0,
          1.0
        ]
      ]
    },
    {
      "file_path": "/media/NFS/ttao/scannet/posed_images/scene0400_00/00100.jpg",
      "transform_matrix": [
        [
          0.556595,
          0.228639,
          -0.798703,
          2.349204
        ],
        [
          0.830444,
          -0.180636,
          0.527005,
          2.312033
        ],
        [
          -0.023781,
          -0.956606,
          -0.290412,
          1.439374
        ],
        [
          0.0,
          0.0,
          0.0,
          1.0
        ]
      ]
    },
    {
      "file_path": "/media/NFS/ttao/scannet/posed_images/scene0400_00/00107.jpg",
      "transform_matrix": [
        [
          0.569454,
          0.297238,
          -0.766402,
          2.377349
        ],
        [
          0.821879,
          -0.223353,
          0.52405,
          2.29568
        ],
        [
          -0.01541,
          -0.928312,
          -0.371483,
          1.374211
        ],
        [
          0.0,
          0.0,
          0.0,
          1.0
        ]
      ]
    },
    {
      "file_path": "/media/NFS/ttao/scannet/posed_images/scene0400_00/00111.jpg",
      "transform_matrix": [
        [
          0.582992,
          0.312298,
          -0.75006,
          2.395283
        ],
        [
          0.812459,
          -0.230502,
          0.535519,
          2.282826
        ],
        [
          -0.005649,
          -0.921596,
          -0.388109,
          1.315838
        ],
        [
          0.0,
          0.0,
          0.0,
          1.0
        ]
      ]
    },
    {
      "file_path": "/media/NFS/ttao/scannet/posed_images/scene0400_00/00116.jpg",
      "transform_matrix": [
        [
          0.581888,
          0.344547,
          -0.736678,
          2.395178
        ],
        [
          0.812834,
          -0.216746,
          0.540669,
          2.256958
        ],
        [
          0.026614,
          -0.913405,
          -0.406181,
          1.280921
        ],
        [
          0.0,
          0.0,
          0.0,
          1.0
        ]
      ]
    },
    {
      "file_path": "/media/NFS/ttao/scannet/posed_images/scene0400_00/00120.jpg",
      "transform_matrix": [
        [
          0.567945,
          0.374117,
          -0.733127,
          2.395127
        ],
        [
          0.822886,
          -0.239465,
          0.515281,
          2.227403
        ],
        [
          0.017217,
          -0.895931,
          -0.443859,
          1.267205
        ],
        [
          0.0,
          0.0,
          0.0,
          1.0
        ]
      ]
    },
    {
      "file_path": "/media/NFS/ttao/scannet/posed_images/scene0400_00/00124.jpg",
      "transform_matrix": [
        [
          0.559738,
          0.399191,
          -0.726182,
          2.40017
        ],
        [
          0.828669,
          -0.271222,
          0.489639,
          2.193738
        ],
        [
          -0.001497,
          -0.875834,
          -0.482611,
          1.260746
        ],
        [
          0.0,
          0.0,
          0.0,
          1.0
        ]
      ]
    },
    {
      "file_path": "/media/NFS/ttao/scannet/posed_images/scene0400_00/00129.jpg",
      "transform_matrix": [
        [
          0.560551,
          0.426152,
          -0.710055,
          2.415185
        ],
        [
          0.827635,
          -0.317631,
          0.462743,
          2.163774
        ],
        [
          -0.028336,
          -0.847057,
          -0.530746,
          1.251993
        ],
        [
          0.0,
          0.0,
          0.0,
          1.0
        ]
      ]
    },
    {
      "file_path": "/media/NFS/ttao/scannet/posed_images/scene0400_00/00132.jpg",
      "transform_matrix": [
        [
          0.559521,
          0.436737,
          -0.704413,
          2.424632
        ],
        [
          0.827765,
          -0.337251,
          0.448405,
          2.17128
        ],
        [
          -0.041729,
          -0.83398,
          -0.550215,
          1.26188
        ],
        [
          0.0,
          0.0,
          0.0,
          1.0
        ]
      ]
    },
    {
      "file_path": "/media/NFS/ttao/scannet/posed_images/scene0400_00/00134.jpg",
      "transform_matrix": [
        [
          0.555266,
          0.432828,
          -0.710168,
          2.438626
        ],
        [
          0.830341,
          -0.336819,
          0.443945,
          2.182863
        ],
        [
          -0.047046,
          -0.83619,
          -0.546419,
          1.257887
        ],
        [
          0.0,
          0.0,
          0.0,
          1.0
        ]
      ]
    },
    {
      "file_path": "/media/NFS/ttao/scannet/posed_images/scene0400_00/00137.jpg",
      "transform_matrix": [
        [
          0.543523,
          0.437857,
          -0.716145,
          2.458739
        ],
        [
          0.837759,
          -0.336196,
          0.430269,
          2.211606
        ],
        [
          -0.052369,
          -0.833818,
          -0.549549,
          1.251795
        ],
        [
          0.0,
          0.0,
          0.0,
          1.0
        ]
      ]
    },
    {
      "file_path": "/media/NFS/ttao/scannet/posed_images/scene0400_00/00142.jpg",
      "transform_matrix": [
        [
          0.507511,
          0.471309,
          -0.721319,
          2.501646
        ],
        [
          0.861042,
          -0.30874,
          0.404088,
          2.304816
        ],
        [
          -0.03225,
          -0.826165,
          -0.562505,
          1.250944
        ],
        [
          0.0,
          0.0,
          0.0,
          1.0
        ]
      ]
    },
    {
      "file_path": "/media/NFS/ttao/scannet/posed_images/scene0400_00/00149.jpg",
      "transform_matrix": [
        [
          0.488937,
          0.499166,
          -0.715384,
          2.535465
        ],
        [
          0.871836,
          -0.306912,
          0.381716,
          2.410985
        ],
        [
          -0.02902,
          -0.810332,
          -0.585251,
          1.26393
        ],
        [
          0.0,
          0.0,
          0.0,
          1.0
        ]
      ]
    },
    {
      "file_path": "/media/NFS/ttao/scannet/posed_images/scene0400_00/00154.jpg",
      "transform_matrix": [
        [
          0.497326,
          0.488732,
          -0.716804,
          2.529188
        ],
        [
          0.866922,
          -0.311738,
          0.388929,
          2.469278
        ],
        [
          -0.033373,
          -0.814838,
          -0.578727,
          1.294924
        ],
        [
          0.0,
          0.0,
          0.0,
          1.0
        ]
      ]
    },
    {
      "file_path": "/media/NFS/ttao/scannet/posed_images/scene0400_00/00156.jpg",
      "transform_matrix": [
        [
          0.508131,
          0.472336,
          -0.720209,
          2.538925
        ],
        [
          0.860606,
          -0.311516,
          0.402884,
          2.491902
        ],
        [
          -0.03406,
          -0.824534,
          -0.564786,
          1.288843
        ],
        [
          0.0,
          0.0,
          0.0,
          1.0
        ]
      ]
    },
    {
      "file_path": "/media/NFS/ttao/scannet/posed_images/scene0400_00/00161.jpg",
      "transform_matrix": [
        [
          0.54934,
          0.447113,
          -0.705915,
          2.540078
        ],
        [
          0.835375,
          -0.313419,
          0.451572,
          2.525627
        ],
        [
          -0.019343,
          -0.83777,
          -0.545681,
          1.297963
        ],
        [
          0.0,
          0.0,
          0.0,
          1.0
        ]
      ]
    },
    {
      "file_path": "/media/NFS/ttao/scannet/posed_images/scene0400_00/00163.jpg",
      "transform_matrix": [
        [
          0.563232,
          0.444506,
          -0.696551,
          2.54957
        ],
        [
          0.826299,
          -0.303249,
          0.474626,
          2.53856
        ],
        [
          -0.000254,
          -0.842884,
          -0.538095,
          1.290538
        ],
        [
          0.0,
          0.0,
          0.0,
          1.0
        ]
      ]
    },
    {
      "file_path": "/media/NFS/ttao/scannet/posed_images/scene0400_00/00168.jpg",
      "transform_matrix": [
        [
          0.576362,
          0.45429,
          -0.679284,
          2.538337
        ],
        [
          0.816539,
          -0.286877,
          0.500964,
          2.540948
        ],
        [
          0.032712,
          -0.843399,
          -0.536291,
          1.295341
        ],
        [
          0.0,
          0.0,
          0.0,
          1.0
        ]
      ]
    },
    {
      "file_path": "/media/NFS/ttao/scannet/posed_images/scene0400_00/00174.jpg",
      "transform_matrix": [
        [
          0.595404,
          0.44568,
          -0.668479,
          2.539906
        ],
        [
          0.803264,
          -0.313438,
          0.506482,
          2.54256
        ],
        [
          0.016202,
          -0.838526,
          -0.54462,
          1.285056
        ],
        [
          0.0,
          0.0,
          0.0,
          1.0
        ]
      ]
    },
    {
      "file_path": "/media/NFS/ttao/scannet/posed_images/scene0400_00/00175.jpg",
      "transform_matrix": [
        [
          0.610143,
          0.43879,
          -0.659688,
          2.536311
        ],
        [
          0.792136,
          -0.321383,
          0.518877,
          2.538815
        ],
        [
          0.015665,
          -0.839152,
          -0.543671,
          1.28514
        ],
        [
          0.0,
          0.0,
          0.0,
          1.0
        ]
      ]
    },
    {
      "file_path": "/media/NFS/ttao/scannet/posed_images/scene0400_00/00183.jpg",
      "transform_matrix": [
        [
          0.678435,
          0.411322,
          -0.608719,
          2.487679
        ],
        [
          0.733525,
          -0.333203,
          0.592383,
          2.467503
        ],
        [
          0.040833,
          -0.848404,
          -0.527772,
          1.315767
        ],
        [
          0.0,
          0.0,
          0.0,
          1.0
        ]
      ]
    },
    {
      "file_path": "/media/NFS/ttao/scannet/posed_images/scene0400_00/00184.jpg",
      "transform_matrix": [
        [
          0.692089,
          0.402455,
          -0.599202,
          2.475441
        ],
        [
          0.72032,
          -0.331727,
          0.609177,
          2.447645
        ],
        [
          0.046396,
          -0.853222,
          -0.519481,
          1.316407
        ],
        [
          0.0,
          0.0,
          0.0,
          1.0
        ]
      ]
    },
    {
      "file_path": "/media/NFS/ttao/scannet/posed_images/scene0400_00/00192.jpg",
      "transform_matrix": [
        [
          0.801008,
          0.315652,
          -0.508674,
          2.388525
        ],
        [
          0.598004,
          -0.382342,
          0.704419,
          2.296335
        ],
        [
          0.027864,
          -0.868435,
          -0.49502,
          1.304814
        ],
        [
          0.0,
          0.0,
          0.0,
          1.0
        ]
      ]
    },
    {
      "file_path": "/media/NFS/ttao/scannet/posed_images/scene0400_00/00194.jpg",
      "transform_matrix": [
        [
          0.818083,
          0.308432,
          -0.485396,
          2.361496
        ],
        [
          0.573689,
          -0.378598,
          0.726322,
          2.260603
        ],
        [
          0.040251,
          -0.872659,
          -0.486669,
          1.309058
        ],
        [
          0.0,
          0.0,
          0.0,
          1.0
        ]
      ]
    },
    {
      "file_path": "/media/NFS/ttao/scannet/posed_images/scene0400_00/00197.jpg",
      "transform_matrix": [
        [
          0.847065,
          0.298634,
          -0.439658,
          2.334208
        ],
        [
          0.529793,
          -0.40839,
          0.743328,
          2.222597
        ],
        [
          0.042431,
          -0.862575,
          -0.504146,
          1.302351
        ],
        [
          0.0,
          0.0,
          0.0,
          1.0
        ]
      ]
    },
    {
      "file_path": "/media/NFS/ttao/scannet/posed_images/scene0400_00/00200.jpg",
      "transform_matrix": [
        [
          0.879619,
          0.259718,
          -0.398519,
          2.307561
        ],
        [
          0.475334,
          -0.448004,
          0.757199,
          2.199504
        ],
        [
          0.01812,
          -0.855476,
          -0.517526,
          1.31016
        ],
        [
          0.0,
          0.0,
          0.0,
          1.0
        ]
      ]
    },
    {
      "file_path": "/media/NFS/ttao/scannet/posed_images/scene0400_00/00208.jpg",
      "transform_matrix": [
        [
          0.933802,
          0.202696,
          -0.294834,
          2.230857
        ],
        [
          0.357116,
          -0.477523,
          0.80277,
          2.166197
        ],
        [
          0.021928,
          -0.854919,
          -0.518298,
          1.295066
        ],
        [
          0.0,
          0.0,
          0.0,
          1.0
        ]
      ]
    },
    {
      "file_path": "/media/NFS/ttao/scannet/posed_images/scene0400_00/00209.jpg",
      "transform_matrix": [
        [
          0.938583,
          0.19197,
          -0.286723,
          2.21612
        ],
        [
          0.344649,
          -0.481266,
          0.805978,
          2.164348
        ],
        [
          0.016733,
          -0.855296,
          -0.51787,
          1.296439
        ],
        [
          0.0,
          0.0,
          0.0,
          1.0
        ]
      ]
    },
    {
      "file_path": "/media/NFS/ttao/scannet/posed_images/scene0400_00/00213.jpg",
      "transform_matrix": [
        [
          0.960318,
          0.132105,
          -0.245637,
          2.159131
        ],
        [
          0.278525,
          -0.50033,
          0.819813,
          2.153454
        ],
        [
          -0.014598,
          -0.855698,
          -0.51727,
          1.297576
        ],
        [
          0.0,
          0.0,
          0.0,
          1.0
        ]
      ]
    },
    {
      "file_path": "/media/NFS/ttao/scannet/posed_images/scene0400_00/00219.jpg",
      "transform_matrix": [
        [
          0.98293,
          0.008674,
          -0.183774,
          2.090675
        ],
        [
          0.162014,
          -0.514117,
          0.84228,
          2.150172
        ],
        [
          -0.087176,
          -0.857676,
          -0.506747,
          1.324686
        ],
        [
          0.0,
          0.0,
          0.0,
          1.0
        ]
      ]
    },
    {
      "file_path": "/media/NFS/ttao/scannet/posed_images/scene0400_00/00222.jpg",
      "transform_matrix": [
        [
          0.986035,
          0.008201,
          -0.166333,
          2.044749
        ],
        [
          0.147885,
          -0.502384,
          0.851904,
          2.140361
        ],
        [
          -0.076576,
          -0.864606,
          -0.496582,
          1.334193
        ],
        [
          0.0,
          0.0,
          0.0,
          1.0
        ]
      ]
    },
    {
      "file_path": "/media/NFS/ttao/scannet/posed_images/scene0400_00/00230.jpg",
      "transform_matrix": [
        [
          0.996324,
          -0.027846,
          -0.081018,
          1.93784
        ],
        [
          0.059651,
          -0.453297,
          0.889361,
          2.129983
        ],
        [
          -0.06149,
          -0.890924,
          -0.44997,
          1.361666
        ],
        [
          0.0,
          0.0,
          0.0,
          1.0
        ]
      ]
    },
    {
      "file_path": "/media/NFS/ttao/scannet/posed_images/scene0400_00/00231.jpg",
      "transform_matrix": [
        [
          0.996712,
          -0.027944,
          -0.076053,
          1.930389
        ],
        [
          0.055282,
          -0.451693,
          0.890459,
          2.127496
        ],
        [
          -0.059236,
          -0.891736,
          -0.448663,
          1.364578
        ],
        [
          0.0,
          0.0,
          0.0,
          1.0
        ]
      ]
    },
    {
      "file_path": "/media/NFS/ttao/scannet/posed_images/scene0400_00/00237.jpg",
      "transform_matrix": [
        [
          0.997021,
          -0.07623,
          0.011739,
          1.863916
        ],
        [
          -0.044494,
          -0.444139,
          0.894853,
          2.120431
        ],
        [
          -0.063001,
          -0.892709,
          -0.446208,
          1.385297
        ],
        [
          0.0,
          0.0,
          0.0,
          1.0
        ]
      ]
    },
    {
      "file_path": "/media/NFS/ttao/scannet/posed_images/scene0400_00/00238.jpg",
      "transform_matrix": [
        [
          0.995791,
          -0.087773,
          0.026376,
          1.856003
        ],
        [
          -0.062715,
          -0.442722,
          0.894463,
          2.117881
        ],
        [
          -0.066833,
          -0.892353,
          -0.446363,
          1.383254
        ],
        [
          0.0,
          0.0,
          0.0,
          1.0
        ]
      ]
    },
    {
      "file_path": "/media/NFS/ttao/scannet/posed_images/scene0400_00/00243.jpg",
      "transform_matrix": [
        [
          0.983292,
          -0.13583,
          0.121188,
          1.821496
        ],
        [
          -0.170854,
          -0.458929,
          0.871891,
          2.115763
        ],
        [
          -0.062812,
          -0.878029,
          -0.474468,
          1.374859
        ],
        [
          0.0,
          0.0,
          0.0,
          1.0
        ]
      ]
    },
    {
      "file_path": "/media/NFS/ttao/scannet/posed_images/scene0400_00/00248.jpg",
      "transform_matrix": [
        [
          0.964015,
          -0.167471,
          0.206467,
          1.817636
        ],
        [
          -0.262379,
          -0.474313,
          0.840348,
          2.110517
        ],
        [
          -0.042804,
          -0.864281,
          -0.501185,
          1.348643
        ],
        [
          0.0,
          0.0,
          0.0,
          1.0
        ]
      ]
    },
    {
      "file_path": "/media/NFS/ttao/scannet/posed_images/scene0400_00/00253.jpg",
      "transform_matrix": [
        [
          0.945531,
          -0.196265,
          0.259712,
          1.812943
        ],
        [
          -0.324011,
          -0.490407,
          0.809023,
          2.112582
        ],
        [
          -0.031419,
          -0.849106,
          -0.527287,
          1.321527
        ],
        [
          0.0,
          0.0,
          0.0,
          1.0
        ]
      ]
    },
    {
      "file_path": "/media/NFS/ttao/scannet/posed_images/scene0400_00/00256.jpg",
      "transform_matrix": [
        [
          0.93408,
          -0.212535,
          0.28692,
          1.826635
        ],
        [
          -0.355708,
          -0.483913,
          0.799563,
          2.113141
        ],
        [
          -0.031091,
          -0.848915,
          -0.527614,
          1.320358
        ],
        [
          0.0,
          0.0,
          0.0,
          1.0
        ]
      ]
    },
    {
      "file_path": "/media/NFS/ttao/scannet/posed_images/scene0400_00/00262.jpg",
      "transform_matrix": [
        [
          0.922439,
          -0.232309,
          0.308448,
          1.852396
        ],
        [
          -0.38263,
          -0.442383,
          0.811105,
          2.113303
        ],
        [
          -0.051975,
          -0.866216,
          -0.49696,
          1.340656
        ],
        [
          0.0,
          0.0,
          0.0,
          1.0
        ]
      ]
    },
    {
      "file_path": "/media/NFS/ttao/scannet/posed_images/scene0400_00/00266.jpg",
      "transform_matrix": [
        [
          0.926068,
          -0.222993,
          0.304422,
          1.887808
        ],
        [
          -0.373302,
          -0.423407,
          0.825453,
          2.107189
        ],
        [
          -0.055176,
          -0.878067,
          -0.475347,
          1.351271
        ],
        [
          0.0,
          0.0,
          0.0,
          1.0
        ]
      ]
    },
    {
      "file_path": "/media/NFS/ttao/scannet/posed_images/scene0400_00/00270.jpg",
      "transform_matrix": [
        [
          0.929012,
          -0.210944,
          0.304037,
          1.939654
        ],
        [
          -0.366742,
          -0.415248,
          0.832508,
          2.10283
        ],
        [
          -0.049362,
          -0.884914,
          -0.463132,
          1.354516
        ],
        [
          0.0,
          0.0,
          0.0,
          1.0
        ]
      ]
    },
    {
      "file_path": "/media/NFS/ttao/scannet/posed_images/scene0400_00/00275.jpg",
      "transform_matrix": [
        [
          0.930072,
          -0.200112,
          0.308093,
          2.003525
        ],
        [
          -0.363902,
          -0.386742,
          0.847352,
          2.105615
        ],
        [
          -0.050413,
          -0.900214,
          -0.432519,
          1.367756
        ],
        [
          0.0,
          0.0,
          0.0,
          1.0
        ]
      ]
    },
    {
      "file_path": "/media/NFS/ttao/scannet/posed_images/scene0400_00/00280.jpg",
      "transform_matrix": [
        [
          0.926196,
          -0.190592,
          0.325324,
          2.08074
        ],
        [
          -0.374975,
          -0.37539,
          0.84763,
          2.10873
        ],
        [
          -0.039428,
          -0.90706,
          -0.419152,
          1.372921
        ],
        [
          0.0,
          0.0,
          0.0,
          1.0
        ]
      ]
    },
    {
      "file_path": "/media/NFS/ttao/scannet/posed_images/scene0400_00/00282.jpg",
      "transform_matrix": [
        [
          0.921956,
          -0.199006,
          0.332257,
          2.10144
        ],
        [
          -0.384378,
          -0.365064,
          0.847928,
          2.110844
        ],
        [
          -0.047447,
          -0.909464,
          -0.413066,
          1.368276
        ],
        [
          0.0,
          0.0,
          0.0,
          1.0
        ]
      ]
    },
    {
      "file_path": "/media/NFS/ttao/scannet/posed_images/scene0400_00/00286.jpg",
      "transform_matrix": [
        [
          0.916496,
          -0.213615,
          0.338236,
          2.140362
        ],
        [
          -0.395884,
          -0.362685,
          0.843644,
          2.122109
        ],
        [
          -0.057542,
          -0.907099,
          -0.416966,
          1.360058
        ],
        [
          0.0,
          0.0,
          0.0,
          1.0
        ]
      ]
    },
    {
      "file_path": "/media/NFS/ttao/scannet/posed_images/scene0400_00/00289.jpg",
      "transform_matrix": [
        [
          0.910241,
          -0.220498,
          0.350489,
          2.176925
        ],
        [
          -0.41062,
          -0.37147,
          0.832707,
          2.144146
        ],
        [
          -0.053414,
          -0.901882,
          -0.428668,
          1.352133
        ],
        [
          0.0,
          0.0,
          0.0,
          1.0
        ]
      ]
    },
    {
      "file_path": "/media/NFS/ttao/scannet/posed_images/scene0400_00/00296.jpg",
      "transform_matrix": [
        [
          0.912612,
          -0.21445,
          0.348067,
          2.241939
        ],
        [
          -0.405316,
          -0.363267,
          0.838902,
          2.199487
        ],
        [
          -0.053461,
          -0.906669,
          -0.418442,
          1.345752
        ],
        [
          0.0,
          0.0,
          0.0,
          1.0
        ]
      ]
    },
    {
      "file_path": "/media/NFS/ttao/scannet/posed_images/scene0400_00/00300.jpg",
      "transform_matrix": [
        [
          0.908625,
          -0.211139,
          0.360307,
          2.300465
        ],
        [
          -0.415401,
          -0.368272,
          0.831756,
          2.237592
        ],
        [
          -0.042925,
          -0.905426,
          -0.422329,
          1.337762
        ],
        [
          0.0,
          0.0,
          0.0,
          1.0
        ]
      ]
    },
    {
      "file_path": "/media/NFS/ttao/scannet/posed_images/scene0400_00/00305.jpg",
      "transform_matrix": [
        [
          0.905942,
          -0.220672,
          0.361349,
          2.361587
        ],
        [
          -0.420864,
          -0.376026,
          0.825517,
          2.28494
        ],
        [
          -0.046292,
          -0.899949,
          -0.433531,
          1.342312
        ],
        [
          0.0,
          0.0,
          0.0,
          1.0
        ]
      ]
    },
    {
      "file_path": "/media/NFS/ttao/scannet/posed_images/scene0400_00/00309.jpg",
      "transform_matrix": [
        [
          0.900831,
          -0.244815,
          0.358565,
          2.409207
        ],
        [
          -0.428845,
          -0.372773,
          0.822881,
          2.310727
        ],
        [
          -0.067791,
          -0.895045,
          -0.440793,
          1.345148
        ],
        [
          0.0,
          0.0,
          0.0,
          1.0
        ]
      ]
    },
    {
      "file_path": "/media/NFS/ttao/scannet/posed_images/scene0400_00/00310.jpg",
      "transform_matrix": [
        [
          0.900637,
          -0.250978,
          0.354772,
          2.42461
        ],
        [
          -0.427943,
          -0.370166,
          0.824525,
          2.314344
        ],
        [
          -0.075613,
          -0.89442,
          -0.44079,
          1.347051
        ],
        [
          0.0,
          0.0,
          0.0,
          1.0
        ]
      ]
    },
    {
      "file_path": "/media/NFS/ttao/scannet/posed_images/scene0400_00/00315.jpg",
      "transform_matrix": [
        [
          0.89821,
          -0.274601,
          0.34324,
          2.495057
        ],
        [
          -0.428069,
          -0.369005,
          0.824981,
          2.327543
        ],
        [
          -0.099884,
          -0.887936,
          -0.448992,
          1.336523
        ],
        [
          0.0,
          0.0,
          0.0,
          1.0
        ]
      ]
    },
    {
      "file_path": "/media/NFS/ttao/scannet/posed_images/scene0400_00/00322.jpg",
      "transform_matrix": [
        [
          0.917237,
          -0.25573,
          0.305414,
          2.599877
        ],
        [
          -0.387179,
          -0.39212,
          0.834467,
          2.324073
        ],
        [
          -0.09364,
          -0.883654,
          -0.45868,
          1.327448
        ],
        [
          0.0,
          0.0,
          0.0,
          1.0
        ]
      ]
    },
    {
      "file_path": "/media/NFS/ttao/scannet/posed_images/scene0400_00/00323.jpg",
      "transform_matrix": [
        [
          0.922097,
