{
  "frames": [
    {
      "file_path": "/media/NFS/ttao/scannet/posed_images/scene0110_00/00000.jpg",
      "transform_matrix": [
        [
          0.984594,
          -0.069457,
          0.160469,
          3.941113
        ],
        [
          -0.174127,
          -0.305795,
          0.936039,
          2.817773
        ],
        [
          -0.015944,
          -0.949561,
          -0.313178,
          1.559826
        ],
        [
          0.0,
          0.0,
          0.0,
          1.0
        ]
      ]
    },
    {
      "file_path": "/media/NFS/ttao/scannet/posed_images/scene0110_00/00003.jpg",
      "transform_matrix": [
        [
          0.984585,
          -0.072332,
          0.159251,
          3.956161
        ],
        [
          -0.17407,
          -0.316233,
          0.932575,
          2.818039
        ],
        [
          -0.017095,
          -0.94592,
          -0.323949,
          1.553922
        ],
        [
          0.0,
          0.0,
          0.0,
          1.0
        ]
      ]
    },
    {
      "file_path": "/media/NFS/ttao/scannet/posed_images/scene0110_00/00009.jpg",
      "transform_matrix": [
        [
          0.986412,
          -0.069361,
          0.14893,
          3.970874
        ],
        [
          -0.163547,
          -0.328462,
          0.93025,
          2.81883
        ],
        [
          -0.015605,
          -0.941967,
          -0.335343,
          1.551708
        ],
        [
          0.0,
          0.0,
          0.0,
          1.0
        ]
      ]
    },
    {
      "file_path": "/media/NFS/ttao/scannet/posed_images/scene0110_00/00010.jpg",
      "transform_matrix": [
        [
          0.985859,
          -0.06614,
          0.153971,
          3.963212
        ],
        [
          -0.167215,
          -0.328002,
          0.92976,
          2.817673
        ],
        [
          -0.010992,
          -0.942359,
          -0.334424,
          1.548909
        ],
        [
          0.0,
          0.0,
          0.0,
          1.0
        ]
      ]
    },
    {
      "file_path": "/media/NFS/ttao/scannet/posed_images/scene0110_00/00015.jpg",
      "transform_matrix": [
        [
          0.984811,
          -0.075137,
          0.156528,
          3.961069
        ],
        [
          -0.172721,
          -0.331915,
          0.927362,
          2.819373
        ],
        [
          -0.017725,
          -0.940312,
          -0.339852,
          1.544834
        ],
        [
          0.0,
          0.0,
          0.0,
          1.0
        ]
      ]
    },
    {
      "file_path": "/media/NFS/ttao/scannet/posed_images/scene0110_00/00021.jpg",
      "transform_matrix": [
        [
          0.985695,
          -0.093571,
          0.140176,
          3.957928
        ],
        [
          -0.16351,
          -0.329304,
          0.929959,
          2.833815
        ],
        [
          -0.040856,
          -0.939576,
          -0.339893,
          1.551619
        ],
        [
          0.0,
          0.0,
          0.0,
          1.0
        ]
      ]
    },
    {
      "file_path": "/media/NFS/ttao/scannet/posed_images/scene0110_00/00024.jpg",
      "transform_matrix": [
        [
          0.984646,
          -0.08861,
          0.150403,
          3.943555
        ],
        [
          -0.171245,
          -0.323081,
          0.930749,
          2.853158
        ],
        [
          -0.033881,
          -0.942214,
          -0.333295,
          1.547655
        ],
        [
          0.0,
          0.0,
          0.0,
          1.0
        ]
      ]
    },
    {
      "file_path": "/media/NFS/ttao/scannet/posed_images/scene0110_00/00027.jpg",
      "transform_matrix": [
        [
          0.982932,
          -0.086443,
          0.162394,
          3.928561
        ],
        [
          -0.181755,
          -0.319788,
          0.929893,
          2.873324
        ],
        [
          -0.028451,
          -0.943538,
          -0.330042,
          1.545969
        ],
        [
          0.0,
          0.0,
          0.0,
          1.0
        ]
      ]
    },
    {
      "file_path": "/media/NFS/ttao/scannet/posed_images/scene0110_00/00032.jpg",
      "transform_matrix": [
        [
          0.978556,
          -0.078202,
          0.190561,
          3.895069
        ],
        [
          -0.205403,
          -0.301121,
          0.931201,
          2.909607
        ],
        [
          -0.01544,
          -0.950374,
          -0.310727,
          1.534357
        ],
        [
          0.0,
          0.0,
          0.0,
          1.0
        ]
      ]
    },
    {
      "file_path": "/media/NFS/ttao/scannet/posed_images/scene0110_00/00033.jpg",
      "transform_matrix": [
        [
          0.977921,
          -0.082015,
          0.192208,
          3.887558
        ],
        [
          -0.208114,
          -0.298837,
          0.931335,
          2.916139
        ],
        [
          -0.018945,
          -0.950773,
          -0.309308,
          1.531955
        ],
        [
          0.0,
          0.0,
          0.0,
          1.0
        ]
      ]
    },
    {
      "file_path": "/media/NFS/ttao/scannet/posed_images/scene0110_00/00040.jpg",
      "transform_matrix": [
        [
          0.972775,
          -0.102245,
          0.207976,
          3.855045
        ],
        [
          -0.230517,
          -0.334452,
          0.913785,
          2.973398
        ],
        [
          -0.023872,
          -0.93685,
          -0.348916,
          1.527401
        ],
        [
          0.0,
          0.0,
          0.0,
          1.0
        ]
      ]
    },
    {
      "file_path": "/media/NFS/ttao/scannet/posed_images/scene0110_00/00043.jpg",
      "transform_matrix": [
        [
          0.967799,
          -0.114332,
          0.22426,
          3.845548
        ],
        [
          -0.249848,
          -0.327774,
          0.91112,
          2.989136
        ],
        [
          -0.030664,
          -0.937813,
          -0.345785,
          1.522309
        ],
        [
          0.0,
          0.0,
          0.0,
          1.0
        ]
      ]
    },
    {
      "file_path": "/media/NFS/ttao/scannet/posed_images/scene0110_00/00047.jpg",
      "transform_matrix": [
        [
          0.960739,
          -0.156853,
          0.228861,
          3.847588
        ],
        [
          -0.269161,
          -0.326745,
          0.905975,
          3.011673
        ],
        [
          -0.067326,
          -0.932006,
          -0.356135,
          1.527584
        ],
        [
          0.0,
          0.0,
          0.0,
          1.0
        ]
      ]
    },
    {
      "file_path": "/media/NFS/ttao/scannet/posed_images/scene0110_00/00052.jpg",
      "transform_matrix": [
        [
          0.956634,
          -0.1644,
          0.240467,
          3.856292
        ],
        [
          -0.282263,
          -0.319219,
          0.904669,
          3.049605
        ],
        [
          -0.071967,
          -0.933312,
          -0.35178,
          1.526781
        ],
        [
          0.0,
          0.0,
          0.0,
          1.0
        ]
      ]
    },
    {
      "file_path": "/media/NFS/ttao/scannet/posed_images/scene0110_00/00055.jpg",
      "transform_matrix": [
        [
          0.953782,
          -0.167273,
          0.249639,
          3.866247
        ],
        [
          -0.291938,
          -0.318899,
          0.901707,
          3.076178
        ],
        [
          -0.071221,
          -0.932911,
          -0.352994,
          1.52286
        ],
        [
          0.0,
          0.0,
          0.0,
          1.0
        ]
      ]
    },
    {
      "file_path": "/media/NFS/ttao/scannet/posed_images/scene0110_00/00057.jpg",
      "transform_matrix": [
        [
          0.952617,
          -0.17407,
          0.24944,
          3.876496
        ],
        [
          -0.294318,
          -0.320448,
          0.900383,
          3.096839
        ],
        [
          -0.076797,
          -0.931135,
          -0.356497,
          1.521451
        ],
        [
          0.0,
          0.0,
          0.0,
          1.0
        ]
      ]
    },
    {
      "file_path": "/media/NFS/ttao/scannet/posed_images/scene0110_00/00061.jpg",
      "transform_matrix": [
        [
          0.950551,
          -0.175959,
          0.255911,
          3.896102
        ],
        [
          -0.300336,
          -0.311042,
          0.901694,
          3.144447
        ],
        [
          -0.079062,
          -0.933966,
          -0.348508,
          1.523239
        ],
        [
          0.0,
          0.0,
          0.0,
          1.0
        ]
      ]
    },
    {
      "file_path": "/media/NFS/ttao/scannet/posed_images/scene0110_00/00065.jpg",
      "transform_matrix": [
        [
          0.953957,
          -0.166476,
          0.249504,
          3.912847
        ],
        [
          -0.291081,
          -0.313106,
          0.904011,
          3.187583
        ],
        [
          -0.072375,
          -0.935014,
          -0.347148,
          1.516777
        ],
        [
          0.0,
          0.0,
          0.0,
          1.0
        ]
      ]
    },
    {
      "file_path": "/media/NFS/ttao/scannet/posed_images/scene0110_00/00069.jpg",
      "transform_matrix": [
        [
          0.954061,
          -0.155802,
          0.255918,
          3.93083
        ],
        [
          -0.293593,
          -0.315785,
          0.902265,
          3.240469
        ],
        [
          -0.05976,
          -0.935952,
          -0.347021,
          1.517195
        ],
        [
          0.0,
          0.0,
          0.0,
          1.0
        ]
      ]
    },
    {
      "file_path": "/media/NFS/ttao/scannet/posed_images/scene0110_00/00075.jpg",
      "transform_matrix": [
        [
          0.951649,
          -0.157569,
          0.263697,
          3.948481
        ],
        [
          -0.301861,
          -0.320512,
          0.89786,
          3.285183
        ],
        [
          -0.056957,
          -0.934047,
          -0.352579,
          1.514356
        ],
        [
          0.0,
          0.0,
          0.0,
          1.0
        ]
      ]
    },
    {
      "file_path": "/media/NFS/ttao/scannet/posed_images/scene0110_00/00076.jpg",
      "transform_matrix": [
        [
          0.950859,
          -0.158265,
          0.266119,
          3.948895
        ],
        [
          -0.304446,
          -0.321372,
          0.896679,
          3.291918
        ],
        [
          -0.05639,
          -0.933634,
          -0.353763,
          1.513755
        ],
        [
          0.0,
          0.0,
          0.0,
          1.0
        ]
      ]
    },
    {
      "file_path": "/media/NFS/ttao/scannet/posed_images/scene0110_00/00082.jpg",
      "transform_matrix": [
        [
          0.932946,
          -0.184371,
          0.309224,
          3.952042
        ],
        [
          -0.355176,
          -0.330975,
          0.874246,
          3.316142
        ],
        [
          -0.05884,
          -0.925453,
          -0.374266,
          1.517659
        ],
        [
          0.0,
          0.0,
          0.0,
          1.0
        ]
      ]
    },
    {
      "file_path": "/media/NFS/ttao/scannet/posed_images/scene0110_00/00085.jpg",
      "transform_matrix": [
        [
          0.922482,
          -0.202586,
          0.328612,
          3.942623
        ],
        [
          -0.380739,
          -0.33687,
          0.861137,
          3.323453
        ],
        [
          -0.063755,
          -0.919499,
          -0.387889,
          1.518445
        ],
        [
          0.0,
          0.0,
          0.0,
          1.0
        ]
      ]
    },
    {
      "file_path": "/media/NFS/ttao/scannet/posed_images/scene0110_00/00090.jpg",
      "transform_matrix": [
        [
          0.900594,
          -0.22936,
          0.36922,
          3.914194
        ],
        [
          -0.428415,
          -0.324917,
          0.843143,
          3.32894
        ],
        [
          -0.073417,
          -0.917509,
          -0.39088,
          1.51809
        ],
        [
          0.0,
          0.0,
          0.0,
          1.0
        ]
      ]
    },
    {
      "file_path": "/media/NFS/ttao/scannet/posed_images/scene0110_00/00094.jpg",
      "transform_matrix": [
        [
          0.884628,
          -0.251413,
          0.392715,
          3.893137
        ],
        [
          -0.458652,
          -0.317261,
          0.83005,
          3.324376
        ],
        [
          -0.084092,
          -0.914405,
          -0.395969,
          1.516639
        ],
        [
          0.0,
          0.0,
          0.0,
          1.0
        ]
      ]
    },
    {
      "file_path": "/media/NFS/ttao/scannet/posed_images/scene0110_00/00098.jpg",
      "transform_matrix": [
        [
          0.867923,
          -0.264942,
          0.420138,
          3.863143
        ],
        [
          -0.489153,
          -0.309037,
          0.815613,
          3.31934
        ],
        [
          -0.086252,
          -0.913401,
          -0.397818,
          1.510486
        ],
        [
          0.0,
          0.0,
          0.0,
          1.0
        ]
      ]
    },
    {
      "file_path": "/media/NFS/ttao/scannet/posed_images/scene0110_00/00100.jpg",
      "transform_matrix": [
        [
          0.859639,
          -0.268204,
          0.434841,
          3.856756
        ],
        [
          -0.503746,
          -0.303006,
          0.808967,
          3.305108
        ],
        [
          -0.085208,
          -0.914469,
          -0.395582,
          1.507874
        ],
        [
          0.0,
          0.0,
          0.0,
          1.0
        ]
      ]
    },
    {
      "file_path": "/media/NFS/ttao/scannet/posed_images/scene0110_00/00104.jpg",
      "transform_matrix": [
        [
          0.84074,
          -0.280332,
          0.463217,
          3.827919
        ],
        [
          -0.534806,
          -0.296461,
          0.791261,
          3.305802
        ],
        [
          -0.08449,
          -0.912976,
          -0.39917,
          1.506023
        ],
        [
          0.0,
          0.0,
          0.0,
          1.0
        ]
      ]
    },
    {
      "file_path": "/media/NFS/ttao/scannet/posed_images/scene0110_00/00107.jpg",
      "transform_matrix": [
        [
          0.825089,
          -0.289289,
          0.485325,
          3.816417
        ],
        [
          -0.558816,
          -0.291055,
          0.776538,
          3.296979
        ],
        [
          -0.083388,
          -0.91192,
          -0.401806,
          1.500659
        ],
        [
          0.0,
          0.0,
          0.0,
          1.0
        ]
      ]
    },
    {
      "file_path": "/media/NFS/ttao/scannet/posed_images/scene0110_00/00112.jpg",
      "transform_matrix": [
        [
          0.794573,
          -0.312006,
          0.52087,
          3.822899
        ],
        [
          -0.600232,
          -0.274339,
          0.751306,
          3.267855
        ],
        [
          -0.091517,
          -0.90961,
          -0.405259,
          1.491425
        ],
        [
          0.0,
          0.0,
          0.0,
          1.0
        ]
      ]
    },
    {
      "file_path": "/media/NFS/ttao/scannet/posed_images/scene0110_00/00114.jpg",
      "transform_matrix": [
        [
          0.77955,
          -0.316212,
          0.540658,
          3.822083
        ],
        [
          -0.62025,
          -0.269661,
          0.736595,
          3.270656
        ],
        [
          -0.087126,
          -0.909556,
          -0.406346,
          1.490751
        ],
        [
          0.0,
          0.0,
          0.0,
          1.0
        ]
      ]
    },
    {
      "file_path": "/media/NFS/ttao/scannet/posed_images/scene0110_00/00121.jpg",
      "transform_matrix": [
        [
          0.720487,
          -0.343545,
          0.602392,
          3.856916
        ],
        [
          -0.687287,
          -0.238021,
          0.686281,
          3.249807
        ],
        [
          -0.092387,
          -0.908473,
          -0.407606,
          1.492867
        ],
        [
          0.0,
          0.0,
          0.0,
          1.0
        ]
      ]
    },
    {
      "file_path": "/media/NFS/ttao/scannet/posed_images/scene0110_00/00122.jpg",
      "transform_matrix": [
        [
          0.712647,
          -0.345692,
          0.610435,
          3.863711
        ],
        [
          -0.695708,
          -0.236464,
          0.678288,
          3.247098
        ],
        [
          -0.090133,
          -0.908065,
          -0.409016,
          1.492718
        ],
        [
          0.0,
          0.0,
          0.0,
          1.0
        ]
      ]
    },
    {
      "file_path": "/media/NFS/ttao/scannet/posed_images/scene0110_00/00129.jpg",
      "transform_matrix": [
        [
          0.654864,
          -0.368973,
          0.659554,
          3.92651
        ],
        [
          -0.751147,
          -0.221628,
          0.62182,
          3.21972
        ],
        [
          -0.083259,
          -0.90263,
          -0.422289,
          1.48469
        ],
        [
          0.0,
          0.0,
          0.0,
          1.0
        ]
      ]
    },
    {
      "file_path": "/media/NFS/ttao/scannet/posed_images/scene0110_00/00132.jpg",
      "transform_matrix": [
        [
          0.634829,
          -0.376844,
          0.674522,
          3.955885
        ],
        [
          -0.767729,
          -0.20925,
          0.605646,
          3.210432
        ],
        [
          -0.08709,
          -0.902332,
          -0.422152,
          1.480786
        ],
        [
          0.0,
          0.0,
          0.0,
          1.0
        ]
      ]
    },
    {
      "file_path": "/media/NFS/ttao/scannet/posed_images/scene0110_00/00134.jpg",
      "transform_matrix": [
        [
          0.627306,
          -0.384608,
          0.677173,
          3.976
        ],
        [
          -0.773088,
          -0.202667,
          0.60105,
          3.205591
        ],
        [
          -0.093928,
          -0.900557,
          -0.424471,
          1.479838
        ],
        [
          0.0,
          0.0,
          0.0,
          1.0
        ]
      ]
    },
    {
      "file_path": "/media/NFS/ttao/scannet/posed_images/scene0110_00/00137.jpg",
      "transform_matrix": [
        [
          0.614689,
          -0.391734,
          0.684618,
          4.006579
        ],
        [
          -0.782646,
          -0.194964,
          0.591147,
          3.203672
        ],
        [
          -0.098096,
          -0.899185,
          -0.426431,
          1.478674
        ],
        [
          0.0,
          0.0,
          0.0,
          1.0
        ]
      ]
    },
    {
      "file_path": "/media/NFS/ttao/scannet/posed_images/scene0110_00/00142.jpg",
      "transform_matrix": [
        [
          0.591573,
          -0.413869,
          0.69192,
          4.072231
        ],
        [
          -0.799293,
          -0.188545,
          0.570597,
          3.198044
        ],
        [
          -0.105695,
          -0.890597,
          -0.442341,
          1.479905
        ],
        [
          0.0,
          0.0,
          0.0,
          1.0
        ]
      ]
    },
    {
      "file_path": "/media/NFS/ttao/scannet/posed_images/scene0110_00/00148.jpg",
      "transform_matrix": [
        [
          0.56069,
          -0.416923,
          0.715403,
          4.151083
        ],
        [
          -0.823769,
          -0.193374,
          0.532927,
          3.1867
        ],
        [
          -0.083849,
          -0.888134,
          -0.451871,
          1.466939
        ],
        [
          0.0,
          0.0,
          0.0,
          1.0
        ]
      ]
    },
    {
      "file_path": "/media/NFS/ttao/scannet/posed_images/scene0110_00/00149.jpg",
      "transform_matrix": [
        [
          0.555332,
          -0.416884,
          0.719593,
          4.165752
        ],
        [
          -0.828011,
          -0.196541,
          0.525138,
          3.186007
        ],
        [
          -0.077492,
          -0.887457,
          -0.45433,
          1.468127
        ],
        [
          0.0,
          0.0,
          0.0,
          1.0
        ]
      ]
    },
    {
      "file_path": "/media/NFS/ttao/scannet/posed_images/scene0110_00/00156.jpg",
      "transform_matrix": [
        [
          0.540187,
          -0.435795,
          0.719917,
          4.244261
        ],
        [
          -0.839103,
          -0.213799,
          0.500196,
          3.187011
        ],
        [
          -0.064066,
          -0.874284,
          -0.481169,
          1.464585
        ],
        [
          0.0,
          0.0,
          0.0,
          1.0
        ]
      ]
    },
    {
      "file_path": "/media/NFS/ttao/scannet/posed_images/scene0110_00/00159.jpg",
      "transform_matrix": [
        [
          0.523315,
          -0.440033,
          0.729734,
          4.272556
        ],
        [
          -0.850037,
          -0.209452,
          0.483287,
          3.193396
        ],
        [
          -0.059818,
          -0.873213,
          -0.483654,
          1.461976
        ],
        [
          0.0,
          0.0,
          0.0,
          1.0
        ]
      ]
    },
    {
      "file_path": "/media/NFS/ttao/scannet/posed_images/scene0110_00/00161.jpg",
      "transform_matrix": [
        [
          0.508419,
          -0.452116,
          0.732872,
          4.289078
        ],
        [
          -0.858598,
          -0.2012,
          0.471517,
          3.202756
        ],
        [
          -0.065727,
          -0.868971,
          -0.49048,
          1.465415
        ],
        [
          0.0,
          0.0,
          0.0,
          1.0
        ]
      ]
    },
    {
      "file_path": "/media/NFS/ttao/scannet/posed_images/scene0110_00/00167.jpg",
      "transform_matrix": [
        [
          0.431785,
          -0.468151,
          0.770971,
          4.331905
        ],
        [
          -0.899228,
          -0.156756,
          0.40843,
          3.243421
        ],
        [
          -0.070353,
          -0.869633,
          -0.48866,
          1.469954
        ],
        [
          0.0,
          0.0,
          0.0,
          1.0
        ]
      ]
    },
    {
      "file_path": "/media/NFS/ttao/scannet/posed_images/scene0110_00/00169.jpg",
      "transform_matrix": [
        [
          0.398628,
          -0.479325,
          0.781884,
          4.341489
        ],
        [
          -0.913731,
          -0.134434,
          0.383435,
          3.261107
        ],
        [
          -0.078678,
          -0.86728,
          -0.491564,
          1.470672
        ],
        [
          0.0,
          0.0,
          0.0,
          1.0
        ]
      ]
    },
    {
      "file_path": "/media/NFS/ttao/scannet/posed_images/scene0110_00/00176.jpg",
      "transform_matrix": [
        [
          0.252628,
          -0.488737,
          0.835054,
          4.373416
        ],
        [
          -0.963497,
          -0.048026,
          0.263377,
          3.350438
        ],
        [
          -0.088617,
          -0.871108,
          -0.483029,
          1.47852
        ],
        [
          0.0,
          0.0,
          0.0,
          1.0
        ]
      ]
    },
    {
      "file_path": "/media/NFS/ttao/scannet/posed_images/scene0110_00/00177.jpg",
      "transform_matrix": [
        [
          0.236156,
          -0.494244,
          0.836632,
          4.376708
        ],
        [
          -0.967228,
          -0.036913,
          0.251212,
          3.358756
        ],
        [
          -0.093277,
          -0.868539,
          -0.486764,
          1.477769
        ],
        [
          0.0,
          0.0,
          0.0,
          1.0
        ]
      ]
    },
    {
      "file_path": "/media/NFS/ttao/scannet/posed_images/scene0110_00/00181.jpg",
      "transform_matrix": [
        [
          0.194126,
          -0.48518,
          0.852593,
          4.388492
        ],
        [
          -0.975929,
          -0.00746,
          0.217963,
          3.385085
        ],
        [
          -0.09939,
          -0.874382,
          -0.47495,
          1.479607
        ],
        [
          0.0,
          0.0,
          0.0,
          1.0
        ]
      ]
    },
    {
      "file_path": "/media/NFS/ttao/scannet/posed_images/scene0110_00/00184.jpg",
      "transform_matrix": [
        [
          0.177072,
          -0.47143,
          0.863944,
          4.396865
        ],
        [
          -0.978844,
          0.007076,
          0.204483,
          3.400297
        ],
        [
          -0.102513,
          -0.881875,
          -0.460204,
          1.485373
        ],
        [
          0.0,
          0.0,
          0.0,
          1.0
        ]
      ]
    },
    {
      "file_path": "/media/NFS/ttao/scannet/posed_images/scene0110_00/00188.jpg",
      "transform_matrix": [
        [
          0.16188,
          -0.442354,
          0.88211,
          4.410214
        ],
        [
          -0.983085,
          0.005312,
          0.183074,
          3.416915
        ],
        [
          -0.085669,
          -0.896825,
          -0.434012,
          1.491223
        ],
        [
          0.0,
          0.0,
          0.0,
          1.0
        ]
      ]
    },
    {
      "file_path": "/media/NFS/ttao/scannet/posed_images/scene0110_00/00192.jpg",
      "transform_matrix": [
        [
          0.13846,
          -0.408991,
          0.901973,
          4.427454
        ],
        [
          -0.988296,
          0.001827,
          0.15254,
          3.434095
        ],
        [
          -0.064035,
          -0.912537,
          -0.403951,
          1.495101
        ],
        [
          0.0,
          0.0,
          0.0,
          1.0
        ]
      ]
    },
    {
      "file_path": "/media/NFS/ttao/scannet/posed_images/scene0110_00/00199.jpg",
      "transform_matrix": [
        [
          0.106532,
          -0.38761,
          0.915647,
          4.472586
        ],
        [
          -0.991456,
          0.028304,
          0.127334,
          3.44564
        ],
        [
          -0.075272,
          -0.921389,
          -0.381283,
          1.497517
        ],
        [
          0.0,
          0.0,
          0.0,
          1.0
        ]
      ]
    },
    {
      "file_path": "/media/NFS/ttao/scannet/posed_images/scene0110_00/00200.jpg",
      "transform_matrix": [
        [
          0.096357,
          -0.387333,
          0.916891,
          4.479447
        ],
        [
          -0.992203,
          0.035775,
          0.119384,
          3.446791
        ],
        [
          -0.079043,
          -0.921246,
          -0.380866,
          1.495984
        ],
        [
          0.0,
          0.0,
          0.0,
          1.0
        ]
      ]
    },
    {
      "file_path": "/media/NFS/ttao/scannet/posed_images/scene0110_00/00206.jpg",
      "transform_matrix": [
        [
          0.033399,
          -0.393761,
          0.918606,
          4.537398
        ],
        [
          -0.995463,
          0.06883,
          0.065697,
          3.440921
        ],
        [
          -0.089096,
          -0.916632,
          -0.389676,
          1.504625
        ],
        [
          0.0,
          0.0,
          0.0,
          1.0
        ]
      ]
    },
    {
      "file_path": "/media/NFS/ttao/scannet/posed_images/scene0110_00/00208.jpg",
      "transform_matrix": [
        [
          -0.001524,
          -0.388076,
          0.921626,
          4.553452
        ],
        [
          -0.995701,
          0.085941,
          0.034541,
          3.43588
        ],
        [
          -0.09261,
          -0.917612,
          -0.386539,
          1.506967
        ],
        [
          0.0,
          0.0,
          0.0,
          1.0
        ]
      ]
    },
    {
      "file_path": "/media/NFS/ttao/scannet/posed_images/scene0110_00/00214.jpg",
      "transform_matrix": [
        [
          -0.103984,
          -0.399205,
          0.910946,
          4.581264
        ],
        [
          -0.990762,
          0.121741,
          -0.059745,
          3.428786
        ],
        [
          -0.087049,
          -0.908743,
          -0.408177,
          1.51626
        ],
        [
          0.0,
          0.0,
          0.0,
          1.0
        ]
      ]
    },
    {
      "file_path": "/media/NFS/ttao/scannet/posed_images/scene0110_00/00217.jpg",
      "transform_matrix": [
        [
          -0.136191,
          -0.392194,
          0.909745,
          4.57438
        ],
        [
          -0.987632,
          0.125759,
          -0.093636,
          3.441319
        ],
        [
          -0.077686,
          -0.911246,
          -0.404471,
          1.517395
        ],
        [
          0.0,
          0.0,
          0.0,
          1.0
        ]
      ]
    },
    {
      "file_path": "/media/NFS/ttao/scannet/posed_images/scene0110_00/00218.jpg",
      "transform_matrix": [
        [
          -0.144939,
          -0.389185,
          0.909686,
          4.56993
        ],
        [
          -0.986651,
          0.125837,
          -0.103366,
          3.448422
        ],
        [
          -0.074243,
          -0.912524,
          -0.402228,
          1.517825
        ],
        [
          0.0,
          0.0,
          0.0,
          1.0
        ]
      ]
    },
    {
      "file_path": "/media/NFS/ttao/scannet/posed_images/scene0110_00/00223.jpg",
      "transform_matrix": [
        [
          -0.18621,
          -0.385781,
          0.903603,
          4.527606
        ],
        [
          -0.978824,
          0.152432,
          -0.136632,
          3.483189
        ],
        [
          -0.085028,
          -0.909911,
          -0.405996,
          1.5063
        ],
        [
          0.0,
          0.0,
          0.0,
          1.0
        ]
      ]
    },
    {
      "file_path": "/media/NFS/ttao/scannet/posed_images/scene0110_00/00226.jpg",
      "transform_matrix": [
        [
          -0.231558,
          -0.38264,
          0.894409,
          4.496739
        ],
        [
          -0.96738,
          0.187672,
          -0.170162,
          3.5135
        ],
        [
          -0.102745,
          -0.904636,
          -0.413615,
          1.494402
        ],
        [
          0.0,
          0.0,
          0.0,
          1.0
        ]
      ]
    },
    {
      "file_path": "/media/NFS/ttao/scannet/posed_images/scene0110_00/00233.jpg",
      "transform_matrix": [
        [
          -0.329424,
          -0.419793,
          0.845727,
          4.428521
        ],
        [
          -0.939254,
          0.237099,
          -0.248166,
          3.596078
        ],
        [
          -0.096343,
          -0.876104,
          -0.472398,
          1.468694
        ],
        [
          0.0,
          0.0,
          0.0,
          1.0
        ]
      ]
    },
    {
      "file_path": "/media/NFS/ttao/scannet/posed_images/scene0110_00/00237.jpg",
      "transform_matrix": [
        [
          -0.362781,
          -0.432968,
          0.825184,
          4.390276
        ],
        [
          -0.929007,
          0.237444,
          -0.283841,
          3.624962
        ],
        [
          -0.073041,
          -0.869574,
          -0.48837,
          1.463735
        ],
        [
          0.0,
          0.0,
          0.0,
          1.0
        ]
      ]
    },
    {
      "file_path": "/media/NFS/ttao/scannet/posed_images/scene0110_00/00240.jpg",
      "transform_matrix": [
        [
          -0.373107,
          -0.426653,
          0.823868,
          4.355001
        ],
        [
          -0.92512,
          0.238382,
          -0.295511,
          3.644853
        ],
        [
          -0.070315,
          -0.872434,
          -0.483647,
          1.452062
        ],
        [
          0.0,
          0.0,
          0.0,
          1.0
        ]
      ]
    },
    {
      "file_path": "/media/NFS/ttao/scannet/posed_images/scene0110_00/00244.jpg",
      "transform_matrix": [
        [
          -0.374882,
          -0.413564,
          0.829716,
          4.30677
        ],
        [
          -0.925132,
          0.224765,
          -0.305961,
          3.661834
        ],
        [
          -0.059957,
          -0.882296,
          -0.466862,
          1.454512
        ],
        [
          0.0,
          0.0,
          0.0,
          1.0
        ]
      ]
    },
    {
      "file_path": "/media/NFS/ttao/scannet/posed_images/scene0110_00/00246.jpg",
      "transform_matrix": [
        [
          -0.372171,
          -0.411014,
          0.8322,
          4.280663
        ],
        [
          -0.926334,
          0.220763,
          -0.305237,
          3.669526
        ],
        [
          -0.058262,
          -0.884495,
          -0.462897,
          1.451636
        ],
        [
          0.0,
          0.0,
          0.0,
          1.0
        ]
      ]
    },
    {
      "file_path": "/media/NFS/ttao/scannet/posed_images/scene0110_00/00252.jpg",
      "transform_matrix": [
        [
          -0.382043,
          -0.424744,
          0.820753,
          4.182826
        ],
        [
          -0.922818,
          0.222903,
          -0.314199,
          3.689496
        ],
        [
          -0.049494,
          -0.877443,
          -0.47712,
          1.431634
        ],
        [
          0.0,
          0.0,
          0.0,
          1.0
        ]
      ]
    },
    {
      "file_path": "/media/NFS/ttao/scannet/posed_images/scene0110_00/00256.jpg",
      "transform_matrix": [
        [
          -0.416873,
          -0.43521,
          0.798003,
          4.13973
        ],
        [
          -0.907433,
          0.250198,
          -0.337588,
          3.686839
        ],
        [
          -0.052737,
          -0.864866,
          -0.499225,
          1.431383
        ],
        [
          0.0,
          0.0,
          0.0,
          1.0
        ]
      ]
    },
    {
      "file_path": "/media/NFS/ttao/scannet/posed_images/scene0110_00/00260.jpg",
      "transform_matrix": [
        [
          -0.457274,
          -0.432959,
          0.776818,
          4.084537
        ],
        [
          -0.885872,
          0.298656,
          -0.355013,
          3.682094
        ],
        [
          -0.078296,
          -0.850501,
          -0.520114,
          1.420534
        ],
        [
          0.0,
          0.0,
          0.0,
          1.0
        ]
      ]
    },
    {
      "file_path": "/media/NFS/ttao/scannet/posed_images/scene0110_00/00262.jpg",
      "transform_matrix": [
        [
          -0.465971,
          -0.443549,
          0.765594,
          4.073019
        ],
        [
          -0.881449,
          0.307939,
          -0.358079,
          3.682222
        ],
        [
          -0.076931,
          -0.841687,
          -0.534457,
          1.423866
        ],
        [
          0.0,
          0.0,
          0.0,
          1.0
        ]
      ]
    },
    {
      "file_path": "/media/NFS/ttao/scannet/posed_images/scene0110_00/00267.jpg",
      "transform_matrix": [
        [
          -0.502249,
          -0.428819,
          0.750906,
          4.04458
        ],
        [
          -0.86248,
          0.310929,
          -0.399314,
          3.683567
        ],
        [
          -0.062245,
          -0.848197,
          -0.526011,
          1.425342
        ],
        [
          0.0,
          0.0,
          0.0,
          1.0
        ]
      ]
    },
    {
      "file_path": "/media/NFS/ttao/scannet/posed_images/scene0110_00/00269.jpg",
      "transform_matrix": [
        [
          -0.515303,
          -0.421651,
          0.746105,
          4.037694
        ],
        [
          -0.854554,
          0.318647,
          -0.410124,
          3.682097
        ],
        [
          -0.064815,
          -0.848925,
          -0.524523,
          1.428557
        ],
        [
          0.0,
          0.0,
          0.0,
          1.0
        ]
      ]
    },
    {
      "file_path": "/media/NFS/ttao/scannet/posed_images/scene0110_00/00274.jpg",
      "transform_matrix": [
        [
          -0.544879,
          -0.406429,
          0.733431,
          4.028027
        ],
        [
          -0.836347,
          0.326264,
          -0.440539,
          3.672301
        ],
        [
          -0.060244,
          -0.853445,
          -0.517691,
          1.428874
        ],
        [
          0.0,
          0.0,
          0.0,
          1.0
        ]
      ]
    },
    {
      "file_path": "/media/NFS/ttao/scannet/posed_images/scene0110_00/00277.jpg",
      "transform_matrix": [
        [
          -0.566037,
          -0.404219,
          0.718477,
          4.029529
        ],
        [
          -0.821917,
          0.344029,
          -0.453978,
          3.660636
        ],
        [
          -0.06367,
          -0.847497,
          -0.526968,
          1.423159
        ],
        [
          0.0,
          0.0,
          0.0,
          1.0
        ]
      ]
    },
    {
      "file_path": "/media/NFS/ttao/scannet/posed_images/scene0110_00/00281.jpg",
      "transform_matrix": [
        [
          -0.60571,
          -0.394029,
          0.691272,
          4.048185
        ],
        [
          -0.793657,
          0.361181,
          -0.489547,
          3.650995
        ],
        [
          -0.056779,
          -0.845157,
          -0.531495,
          1.421038
        ],
        [
          0.0,
          0.0,
          0.0,
          1.0
        ]
      ]
    },
    {
      "file_path": "/media/NFS/ttao/scannet/posed_images/scene0110_00/00284.jpg",
      "transform_matrix": [
        [
          -0.624862,
          -0.39615,
          0.672764,
          4.06392
        ],
        [
          -0.778582,
          0.380127,
          -0.499313,
          3.643874
        ],
        [
          -0.057933,
          -0.835805,
          -0.545962,
          1.415189
        ],
        [
          0.0,
          0.0,
          0.0,
          1.0
        ]
      ]
    },
    {
      "file_path": "/media/NFS/ttao/scannet/posed_images/scene0110_00/00291.jpg",
      "transform_matrix": [
        [
          -0.678519,
          -0.382744,
          0.626992,
          4.125757
        ],
        [
          -0.733708,
          0.39474,
          -0.553039,
          3.610416
        ],
        [
          -0.035826,
          -0.835277,
          -0.548661,
          1.431927
        ],
        [
          0.0,
          0.0,
          0.0,
          1.0
        ]
      ]
    },
    {
      "file_path": "/media/NFS/ttao/scannet/posed_images/scene0110_00/00292.jpg",
      "transform_matrix": [
        [
          -0.683978,
          -0.377829,
          0.624035,
          4.13247
        ],
        [
          -0.728485,
          0.398927,
          -0.556926,
          3.607927
        ],
        [
          -0.038522,
          -0.835526,
          -0.5481,
          1.430715
        ],
        [
          0.0,
          0.0,
          0.0,
          1.0
        ]
      ]
    },
    {
      "file_path": "/media/NFS/ttao/scannet/posed_images/scene0110_00/00296.jpg",
      "transform_matrix": [
        [
          -0.711345,
          -0.360702,
          0.603227,
          4.175989
        ],
        [
          -0.701794,
          0.411382,
          -0.581592,
          3.589839
        ],
        [
