{
  "frames": [
    {
      "file_path": "/media/NFS/ttao/scannet/posed_images/scene0555_00/00002.jpg",
      "transform_matrix": [
        [
          -0.763696,
          -0.066699,
          0.642122,
          5.40456
        ],
        [
          -0.645558,
          0.086536,
          -0.758793,
          4.500782
        ],
        [
          -0.004956,
          -0.994013,
          -0.109145,
          2.055918
        ],
        [
          0.0,
          0.0,
          0.0,
          1.0
        ]
      ]
    },
    {
      "file_path": "/media/NFS/ttao/scannet/posed_images/scene0555_00/00009.jpg",
      "transform_matrix": [
        [
          -0.768411,
          -0.061785,
          0.636967,
          5.402774
        ],
        [
          -0.639954,
          0.077078,
          -0.764538,
          4.50112
        ],
        [
          -0.001859,
          -0.995109,
          -0.098767,
          2.054803
        ],
        [
          0.0,
          0.0,
          0.0,
          1.0
        ]
      ]
    },
    {
      "file_path": "/media/NFS/ttao/scannet/posed_images/scene0555_00/00014.jpg",
      "transform_matrix": [
        [
          -0.782231,
          -0.062132,
          0.619882,
          5.434681
        ],
        [
          -0.622969,
          0.085841,
          -0.777523,
          4.527901
        ],
        [
          -0.004902,
          -0.99437,
          -0.105854,
          2.078836
        ],
        [
          0.0,
          0.0,
          0.0,
          1.0
        ]
      ]
    },
    {
      "file_path": "/media/NFS/ttao/scannet/posed_images/scene0555_00/00022.jpg",
      "transform_matrix": [
        [
          -0.790751,
          -0.058875,
          0.6093,
          5.439657
        ],
        [
          -0.612111,
          0.085283,
          -0.786159,
          4.539386
        ],
        [
          -0.005678,
          -0.994616,
          -0.103476,
          2.074624
        ],
        [
          0.0,
          0.0,
          0.0,
          1.0
        ]
      ]
    },
    {
      "file_path": "/media/NFS/ttao/scannet/posed_images/scene0555_00/00024.jpg",
      "transform_matrix": [
        [
          -0.791591,
          -0.058227,
          0.60827,
          5.438587
        ],
        [
          -0.611023,
          0.084929,
          -0.787044,
          4.539974
        ],
        [
          -0.005832,
          -0.994684,
          -0.102807,
          2.070336
        ],
        [
          0.0,
          0.0,
          0.0,
          1.0
        ]
      ]
    },
    {
      "file_path": "/media/NFS/ttao/scannet/posed_images/scene0555_00/00031.jpg",
      "transform_matrix": [
        [
          -0.793954,
          -0.071299,
          0.603783,
          5.439108
        ],
        [
          -0.607938,
          0.104489,
          -0.787079,
          4.539677
        ],
        [
          -0.006971,
          -0.991967,
          -0.126305,
          2.052439
        ],
        [
          0.0,
          0.0,
          0.0,
          1.0
        ]
      ]
    },
    {
      "file_path": "/media/NFS/ttao/scannet/posed_images/scene0555_00/00038.jpg",
      "transform_matrix": [
        [
          -0.796783,
          -0.087695,
          0.597868,
          5.439137
        ],
        [
          -0.604252,
          0.122108,
          -0.787381,
          4.533822
        ],
        [
          -0.003955,
          -0.988635,
          -0.150283,
          2.046236
        ],
        [
          0.0,
          0.0,
          0.0,
          1.0
        ]
      ]
    },
    {
      "file_path": "/media/NFS/ttao/scannet/posed_images/scene0555_00/00045.jpg",
      "transform_matrix": [
        [
          -0.792156,
          -0.104333,
          0.601335,
          5.434498
        ],
        [
          -0.610241,
          0.151105,
          -0.777671,
          4.52546
        ],
        [
          -0.009728,
          -0.982996,
          -0.183367,
          2.0349
        ],
        [
          0.0,
          0.0,
          0.0,
          1.0
        ]
      ]
    },
    {
      "file_path": "/media/NFS/ttao/scannet/posed_images/scene0555_00/00047.jpg",
      "transform_matrix": [
        [
          -0.790168,
          -0.102942,
          0.604184,
          5.429607
        ],
        [
          -0.61287,
          0.140856,
          -0.777528,
          4.520986
        ],
        [
          -0.005062,
          -0.984664,
          -0.17439,
          2.028702
        ],
        [
          0.0,
          0.0,
          0.0,
          1.0
        ]
      ]
    },
    {
      "file_path": "/media/NFS/ttao/scannet/posed_images/scene0555_00/00058.jpg",
      "transform_matrix": [
        [
          -0.784717,
          -0.137144,
          0.604492,
          5.403409
        ],
        [
          -0.619769,
          0.189773,
          -0.761494,
          4.503531
        ],
        [
          -0.010282,
          -0.972203,
          -0.233916,
          2.007626
        ],
        [
          0.0,
          0.0,
          0.0,
          1.0
        ]
      ]
    },
    {
      "file_path": "/media/NFS/ttao/scannet/posed_images/scene0555_00/00060.jpg",
      "transform_matrix": [
        [
          -0.784038,
          -0.134275,
          0.606015,
          5.399486
        ],
        [
          -0.620521,
          0.193826,
          -0.759859,
          4.499359
        ],
        [
          -0.015431,
          -0.971803,
          -0.235288,
          2.012754
        ],
        [
          0.0,
          0.0,
          0.0,
          1.0
        ]
      ]
    },
    {
      "file_path": "/media/NFS/ttao/scannet/posed_images/scene0555_00/00067.jpg",
      "transform_matrix": [
        [
          -0.760065,
          -0.147102,
          0.632979,
          5.367902
        ],
        [
          -0.649841,
          0.167742,
          -0.74133,
          4.47296
        ],
        [
          0.002874,
          -0.974794,
          -0.223088,
          2.006661
        ],
        [
          0.0,
          0.0,
          0.0,
          1.0
        ]
      ]
    },
    {
      "file_path": "/media/NFS/ttao/scannet/posed_images/scene0555_00/00071.jpg",
      "transform_matrix": [
        [
          -0.75699,
          -0.148332,
          0.636368,
          5.35044
        ],
        [
          -0.653396,
          0.181401,
          -0.734961,
          4.45038
        ],
        [
          -0.00642,
          -0.972158,
          -0.234238,
          2.003063
        ],
        [
          0.0,
          0.0,
          0.0,
          1.0
        ]
      ]
    },
    {
      "file_path": "/media/NFS/ttao/scannet/posed_images/scene0555_00/00082.jpg",
      "transform_matrix": [
        [
          -0.763142,
          -0.185398,
          0.619065,
          5.33753
        ],
        [
          -0.646143,
          0.23472,
          -0.726228,
          4.368752
        ],
        [
          -0.010665,
          -0.954219,
          -0.298918,
          2.000204
        ],
        [
          0.0,
          0.0,
          0.0,
          1.0
        ]
      ]
    },
    {
      "file_path": "/media/NFS/ttao/scannet/posed_images/scene0555_00/00083.jpg",
      "transform_matrix": [
        [
          -0.76416,
          -0.185506,
          0.617775,
          5.340794
        ],
        [
          -0.644923,
          0.236874,
          -0.726612,
          4.360352
        ],
        [
          -0.011544,
          -0.953665,
          -0.300647,
          2.005418
        ],
        [
          0.0,
          0.0,
          0.0,
          1.0
        ]
      ]
    },
    {
      "file_path": "/media/NFS/ttao/scannet/posed_images/scene0555_00/00094.jpg",
      "transform_matrix": [
        [
          -0.793127,
          -0.156165,
          0.588696,
          5.378907
        ],
        [
          -0.608447,
          0.246396,
          -0.754375,
          4.224397
        ],
        [
          -0.027245,
          -0.956505,
          -0.290441,
          2.002228
        ],
        [
          0.0,
          0.0,
          0.0,
          1.0
        ]
      ]
    },
    {
      "file_path": "/media/NFS/ttao/scannet/posed_images/scene0555_00/00100.jpg",
      "transform_matrix": [
        [
          -0.795438,
          -0.127119,
          0.592553,
          5.396775
        ],
        [
          -0.603977,
          0.246791,
          -0.75783,
          4.141918
        ],
        [
          -0.049902,
          -0.960695,
          -0.273084,
          2.018979
        ],
        [
          0.0,
          0.0,
          0.0,
          1.0
        ]
      ]
    },
    {
      "file_path": "/media/NFS/ttao/scannet/posed_images/scene0555_00/00103.jpg",
      "transform_matrix": [
        [
          -0.800024,
          -0.127182,
          0.586333,
          5.397638
        ],
        [
          -0.598252,
          0.242968,
          -0.763584,
          4.107034
        ],
        [
          -0.045345,
          -0.961661,
          -0.270467,
          2.017564
        ],
        [
          0.0,
          0.0,
          0.0,
          1.0
        ]
      ]
    },
    {
      "file_path": "/media/NFS/ttao/scannet/posed_images/scene0555_00/00107.jpg",
      "transform_matrix": [
        [
          -0.811163,
          -0.143916,
          0.566835,
          5.397637
        ],
        [
          -0.583719,
          0.258671,
          -0.76965,
          4.062995
        ],
        [
          -0.035859,
          -0.955185,
          -0.293831,
          2.022272
        ],
        [
          0.0,
          0.0,
          0.0,
          1.0
        ]
      ]
    },
    {
      "file_path": "/media/NFS/ttao/scannet/posed_images/scene0555_00/00116.jpg",
      "transform_matrix": [
        [
          -0.887877,
          -0.135347,
          0.439723,
          5.41257
        ],
        [
          -0.459424,
          0.311902,
          -0.831653,
          3.994223
        ],
        [
          -0.024588,
          -0.940424,
          -0.339112,
          2.051831
        ],
        [
          0.0,
          0.0,
          0.0,
          1.0
        ]
      ]
    },
    {
      "file_path": "/media/NFS/ttao/scannet/posed_images/scene0555_00/00123.jpg",
      "transform_matrix": [
        [
          -0.941535,
          -0.095582,
          0.323071,
          5.377147
        ],
        [
          -0.336264,
          0.326102,
          -0.883507,
          3.94547
        ],
        [
          -0.020907,
          -0.94049,
          -0.339177,
          2.069396
        ],
        [
          0.0,
          0.0,
          0.0,
          1.0
        ]
      ]
    },
    {
      "file_path": "/media/NFS/ttao/scannet/posed_images/scene0555_00/00127.jpg",
      "transform_matrix": [
        [
          -0.96248,
          -0.088088,
          0.256658,
          5.357583
        ],
        [
          -0.271174,
          0.346646,
          -0.897943,
          3.916896
        ],
        [
          -0.009871,
          -0.933851,
          -0.357527,
          2.072221
        ],
        [
          0.0,
          0.0,
          0.0,
          1.0
        ]
      ]
    },
    {
      "file_path": "/media/NFS/ttao/scannet/posed_images/scene0555_00/00132.jpg",
      "transform_matrix": [
        [
          -0.980386,
          -0.094128,
          0.173155,
          5.315603
        ],
        [
          -0.196137,
          0.379922,
          -0.903985,
          3.879975
        ],
        [
          0.019305,
          -0.920217,
          -0.390932,
          2.063905
        ],
        [
          0.0,
          0.0,
          0.0,
          1.0
        ]
      ]
    },
    {
      "file_path": "/media/NFS/ttao/scannet/posed_images/scene0555_00/00138.jpg",
      "transform_matrix": [
        [
          -0.991265,
          -0.075742,
          0.107968,
          5.304065
        ],
        [
          -0.129747,
          0.413207,
          -0.901347,
          3.867315
        ],
        [
          0.023656,
          -0.907482,
          -0.419425,
          2.063945
        ],
        [
          0.0,
          0.0,
          0.0,
          1.0
        ]
      ]
    },
    {
      "file_path": "/media/NFS/ttao/scannet/posed_images/scene0555_00/00149.jpg",
      "transform_matrix": [
        [
          -0.998984,
          0.005,
          0.04478,
          5.291849
        ],
        [
          -0.039418,
          0.384503,
          -0.922282,
          3.862731
        ],
        [
          -0.021829,
          -0.92311,
          -0.383915,
          2.058592
        ],
        [
          0.0,
          0.0,
          0.0,
          1.0
        ]
      ]
    },
    {
      "file_path": "/media/NFS/ttao/scannet/posed_images/scene0555_00/00150.jpg",
      "transform_matrix": [
        [
          -0.998955,
          0.009595,
          0.044687,
          5.291214
        ],
        [
          -0.037595,
          0.383513,
          -0.92277,
          3.859559
        ],
        [
          -0.025992,
          -0.923486,
          -0.382751,
          2.060753
        ],
        [
          0.0,
          0.0,
          0.0,
          1.0
        ]
      ]
    },
    {
      "file_path": "/media/NFS/ttao/scannet/posed_images/scene0555_00/00159.jpg",
      "transform_matrix": [
        [
          -0.999919,
          -0.001424,
          0.012632,
          5.278254
        ],
        [
          -0.012197,
          0.387457,
          -0.921807,
          3.844179
        ],
        [
          -0.003582,
          -0.921886,
          -0.387443,
          2.066821
        ],
        [
          0.0,
          0.0,
          0.0,
          1.0
        ]
      ]
    },
    {
      "file_path": "/media/NFS/ttao/scannet/posed_images/scene0555_00/00167.jpg",
      "transform_matrix": [
        [
          -0.999976,
          0.004443,
          0.005251,
          5.279989
        ],
        [
          -0.00322,
          0.372204,
          -0.928145,
          3.819791
        ],
        [
          -0.006078,
          -0.92814,
          -0.372181,
          2.076025
        ],
        [
          0.0,
          0.0,
          0.0,
          1.0
        ]
      ]
    },
    {
      "file_path": "/media/NFS/ttao/scannet/posed_images/scene0555_00/00169.jpg",
      "transform_matrix": [
        [
          -0.999862,
          0.001319,
          0.016522,
          5.280964
        ],
        [
          -0.014814,
          0.376007,
          -0.926498,
          3.810892
        ],
        [
          -0.007434,
          -0.926616,
          -0.375936,
          2.069947
        ],
        [
          0.0,
          0.0,
          0.0,
          1.0
        ]
      ]
    },
    {
      "file_path": "/media/NFS/ttao/scannet/posed_images/scene0555_00/00176.jpg",
      "transform_matrix": [
        [
          -0.996669,
          -0.005447,
          0.081366,
          5.269119
        ],
        [
          -0.076584,
          0.405338,
          -0.910953,
          3.764475
        ],
        [
          -0.028019,
          -0.914151,
          -0.404405,
          2.065687
        ],
        [
          0.0,
          0.0,
          0.0,
          1.0
        ]
      ]
    },
    {
      "file_path": "/media/NFS/ttao/scannet/posed_images/scene0555_00/00181.jpg",
      "transform_matrix": [
        [
          -0.991676,
          -0.017466,
          0.12757,
          5.266278
        ],
        [
          -0.124277,
          0.389019,
          -0.912808,
          3.710583
        ],
        [
          -0.033684,
          -0.921064,
          -0.387952,
          2.072723
        ],
        [
          0.0,
          0.0,
          0.0,
          1.0
        ]
      ]
    },
    {
      "file_path": "/media/NFS/ttao/scannet/posed_images/scene0555_00/00190.jpg",
      "transform_matrix": [
        [
          -0.989914,
          0.018331,
          0.14048,
          5.29841
        ],
        [
          -0.126457,
          0.332715,
          -0.93451,
          3.575664
        ],
        [
          -0.063871,
          -0.942849,
          -0.327041,
          2.075578
        ],
        [
          0.0,
          0.0,
          0.0,
          1.0
        ]
      ]
    },
    {
      "file_path": "/media/NFS/ttao/scannet/posed_images/scene0555_00/00196.jpg",
      "transform_matrix": [
        [
          -0.98431,
          0.041769,
          0.171435,
          5.326087
        ],
        [
          -0.147424,
          0.339195,
          -0.929093,
          3.477024
        ],
        [
          -0.096957,
          -0.939788,
          -0.327715,
          2.074895
        ],
        [
          0.0,
          0.0,
          0.0,
          1.0
        ]
      ]
    },
    {
      "file_path": "/media/NFS/ttao/scannet/posed_images/scene0555_00/00201.jpg",
      "transform_matrix": [
        [
          -0.985803,
          0.022697,
          0.166366,
          5.345983
        ],
        [
          -0.145616,
          0.377746,
          -0.914387,
          3.408454
        ],
        [
          -0.083598,
          -0.925631,
          -0.369079,
          2.071592
        ],
        [
          0.0,
          0.0,
          0.0,
          1.0
        ]
      ]
    },
    {
      "file_path": "/media/NFS/ttao/scannet/posed_images/scene0555_00/00205.jpg",
      "transform_matrix": [
        [
          -0.98727,
          -0.005486,
          0.158958,
          5.357566
        ],
        [
          -0.149026,
          0.38113,
          -0.912431,
          3.35223
        ],
        [
          -0.055578,
          -0.924505,
          -0.377096,
          2.078394
        ],
        [
          0.0,
          0.0,
          0.0,
          1.0
        ]
      ]
    },
    {
      "file_path": "/media/NFS/ttao/scannet/posed_images/scene0555_00/00210.jpg",
      "transform_matrix": [
        [
          -0.987428,
          -0.037882,
          0.153462,
          5.364721
        ],
        [
          -0.15552,
          0.406462,
          -0.900334,
          3.274987
        ],
        [
          -0.028271,
          -0.912882,
          -0.407243,
          2.073349
        ],
        [
          0.0,
          0.0,
          0.0,
          1.0
        ]
      ]
    },
    {
      "file_path": "/media/NFS/ttao/scannet/posed_images/scene0555_00/00219.jpg",
      "transform_matrix": [
        [
          -0.970911,
          -0.058192,
          0.232263,
          5.343579
        ],
        [
          -0.236651,
          0.380884,
          -0.893825,
          3.117423
        ],
        [
          -0.036451,
          -0.92279,
          -0.383576,
          2.103602
        ],
        [
          0.0,
          0.0,
          0.0,
          1.0
        ]
      ]
    },
    {
      "file_path": "/media/NFS/ttao/scannet/posed_images/scene0555_00/00226.jpg",
      "transform_matrix": [
        [
          -0.965556,
          -0.099776,
          0.240305,
          5.3335
        ],
        [
          -0.260118,
          0.392799,
          -0.88207,
          3.017617
        ],
        [
          -0.006382,
          -0.914196,
          -0.405223,
          2.114614
        ],
        [
          0.0,
          0.0,
          0.0,
          1.0
        ]
      ]
    },
    {
      "file_path": "/media/NFS/ttao/scannet/posed_images/scene0555_00/00228.jpg",
      "transform_matrix": [
        [
          -0.964708,
          -0.107464,
          0.240395,
          5.33535
        ],
        [
          -0.263318,
          0.398013,
          -0.878777,
          2.988155
        ],
        [
          -0.001243,
          -0.911064,
          -0.412264,
          2.119697
        ],
        [
          0.0,
          0.0,
          0.0,
          1.0
        ]
      ]
    },
    {
      "file_path": "/media/NFS/ttao/scannet/posed_images/scene0555_00/00236.jpg",
      "transform_matrix": [
        [
          -0.940733,
          -0.09651,
          0.325125,
          5.354267
        ],
        [
          -0.337634,
          0.356936,
          -0.870976,
          2.856266
        ],
        [
          -0.031991,
          -0.92913,
          -0.368366,
          2.119784
        ],
        [
          0.0,
          0.0,
          0.0,
          1.0
        ]
      ]
    },
    {
      "file_path": "/media/NFS/ttao/scannet/posed_images/scene0555_00/00241.jpg",
      "transform_matrix": [
        [
          -0.944308,
          -0.106827,
          0.311239,
          5.374221
        ],
        [
          -0.328172,
          0.375266,
          -0.866879,
          2.778246
        ],
        [
          -0.024191,
          -0.920741,
          -0.389424,
          2.119424
        ],
        [
          0.0,
          0.0,
          0.0,
          1.0
        ]
      ]
    },
    {
      "file_path": "/media/NFS/ttao/scannet/posed_images/scene0555_00/00246.jpg",
      "transform_matrix": [
        [
          -0.95014,
          -0.081226,
          0.301059,
          5.387223
        ],
        [
          -0.309433,
          0.364939,
          -0.878106,
          2.709015
        ],
        [
          -0.038543,
          -0.927481,
          -0.371877,
          2.126754
        ],
        [
          0.0,
          0.0,
          0.0,
          1.0
        ]
      ]
    },
    {
      "file_path": "/media/NFS/ttao/scannet/posed_images/scene0555_00/00254.jpg",
      "transform_matrix": [
        [
          -0.939154,
          -0.116712,
          0.323059,
          5.3802
        ],
        [
          -0.342086,
          0.402898,
          -0.848912,
          2.598387
        ],
        [
          -0.031081,
          -0.907773,
          -0.418309,
          2.113034
        ],
        [
          0.0,
          0.0,
          0.0,
          1.0
        ]
      ]
    },
    {
      "file_path": "/media/NFS/ttao/scannet/posed_images/scene0555_00/00259.jpg",
      "transform_matrix": [
        [
          -0.9025,
          -0.164116,
          0.398194,
          5.368905
        ],
        [
          -0.430519,
          0.369673,
          -0.823404,
          2.532431
        ],
        [
          -0.012068,
          -0.914553,
          -0.404286,
          2.130906
        ],
        [
          0.0,
          0.0,
          0.0,
          1.0
        ]
      ]
    },
    {
      "file_path": "/media/NFS/ttao/scannet/posed_images/scene0555_00/00268.jpg",
      "transform_matrix": [
        [
          -0.750414,
          -0.204429,
          0.62856,
          5.308019
        ],
        [
          -0.660851,
          0.249983,
          -0.707661,
          2.431184
        ],
        [
          -0.012463,
          -0.946423,
          -0.322688,
          2.142606
        ],
        [
          0.0,
          0.0,
          0.0,
          1.0
        ]
      ]
    },
    {
      "file_path": "/media/NFS/ttao/scannet/posed_images/scene0555_00/00274.jpg",
      "transform_matrix": [
        [
          -0.649129,
          -0.278167,
          0.707994,
          5.302752
        ],
        [
          -0.759965,
          0.277474,
          -0.587761,
          2.345202
        ],
        [
          -0.032954,
          -0.919582,
          -0.391513,
          2.143019
        ],
        [
          0.0,
          0.0,
          0.0,
          1.0
        ]
      ]
    },
    {
      "file_path": "/media/NFS/ttao/scannet/posed_images/scene0555_00/00277.jpg",
      "transform_matrix": [
        [
          -0.623209,
          -0.304798,
          0.720214,
          5.310411
        ],
        [
          -0.781891,
          0.261753,
          -0.565802,
          2.305208
        ],
        [
          -0.016063,
          -0.915742,
          -0.401446,
          2.1458
        ],
        [
          0.0,
          0.0,
          0.0,
          1.0
        ]
      ]
    },
    {
      "file_path": "/media/NFS/ttao/scannet/posed_images/scene0555_00/00286.jpg",
      "transform_matrix": [
        [
          -0.564886,
          -0.305258,
          0.76663,
          5.319507
        ],
        [
          -0.825167,
          0.211242,
          -0.523905,
          2.201569
        ],
        [
          -0.002018,
          -0.928544,
          -0.371217,
          2.148866
        ],
        [
          0.0,
          0.0,
          0.0,
          1.0
        ]
      ]
    },
    {
      "file_path": "/media/NFS/ttao/scannet/posed_images/scene0555_00/00290.jpg",
      "transform_matrix": [
        [
          -0.490685,
          -0.342797,
          0.801073,
          5.322631
        ],
        [
          -0.870873,
          0.222922,
          -0.438047,
          2.168608
        ],
        [
          -0.028416,
          -0.912577,
          -0.407917,
          2.149318
        ],
        [
          0.0,
          0.0,
          0.0,
          1.0
        ]
      ]
    },
    {
      "file_path": "/media/NFS/ttao/scannet/posed_images/scene0555_00/00297.jpg",
      "transform_matrix": [
        [
          -0.360513,
          -0.354166,
          0.8629,
          5.31526
        ],
        [
          -0.932504,
          0.158281,
          -0.324628,
          2.130437
        ],
        [
          -0.021608,
          -0.92169,
          -0.387324,
          2.155401
        ],
        [
          0.0,
          0.0,
          0.0,
          1.0
        ]
      ]
    },
    {
      "file_path": "/media/NFS/ttao/scannet/posed_images/scene0555_00/00301.jpg",
      "transform_matrix": [
        [
          -0.308214,
          -0.387776,
          0.868697,
          5.309085
        ],
        [
          -0.950983,
          0.14979,
          -0.270545,
          2.10625
        ],
        [
          -0.025212,
          -0.909501,
          -0.414936,
          2.166331
        ],
        [
          0.0,
          0.0,
          0.0,
          1.0
        ]
      ]
    },
    {
      "file_path": "/media/NFS/ttao/scannet/posed_images/scene0555_00/00306.jpg",
      "transform_matrix": [
        [
          -0.306886,
          -0.388701,
          0.868753,
          5.304168
        ],
        [
          -0.951738,
          0.121451,
          -0.28186,
          2.091318
        ],
        [
          0.004048,
          -0.913324,
          -0.407213,
          2.173577
        ],
        [
          0.0,
          0.0,
          0.0,
          1.0
        ]
      ]
    },
    {
      "file_path": "/media/NFS/ttao/scannet/posed_images/scene0555_00/00313.jpg",
      "transform_matrix": [
        [
          -0.363273,
          -0.359674,
          0.859457,
          5.32054
        ],
        [
          -0.931665,
          0.134628,
          -0.337453,
          2.079599
        ],
        [
          0.005667,
          -0.923315,
          -0.384003,
          2.190475
        ],
        [
          0.0,
          0.0,
          0.0,
          1.0
        ]
      ]
    },
    {
      "file_path": "/media/NFS/ttao/scannet/posed_images/scene0555_00/00323.jpg",
      "transform_matrix": [
        [
          -0.445153,
          -0.266339,
          0.854928,
          5.369374
        ],
        [
          -0.895328,
          0.148418,
          -0.419952,
          2.097801
        ],
        [
          -0.015037,
          -0.952384,
          -0.304529,
          2.208352
        ],
        [
          0.0,
          0.0,
          0.0,
          1.0
        ]
      ]
    },
    {
      "file_path": "/media/NFS/ttao/scannet/posed_images/scene0555_00/00326.jpg",
      "transform_matrix": [
        [
          -0.452491,
          -0.262289,
          0.852324,
          5.383365
        ],
        [
          -0.891715,
          0.143563,
          -0.429224,
          2.104352
        ],
        [
          -0.009781,
          -0.954251,
          -0.298848,
          2.211787
        ],
        [
          0.0,
          0.0,
          0.0,
          1.0
        ]
      ]
    },
    {
      "file_path": "/media/NFS/ttao/scannet/posed_images/scene0555_00/00335.jpg",
      "transform_matrix": [
        [
          -0.494863,
          -0.219956,
          0.840672,
          5.416883
        ],
        [
          -0.868773,
          0.104598,
          -0.484037,
          2.118689
        ],
        [
          0.018534,
          -0.969886,
          -0.242854,
          2.240694
        ],
        [
          0.0,
          0.0,
          0.0,
          1.0
        ]
      ]
    },
    {
      "file_path": "/media/NFS/ttao/scannet/posed_images/scene0555_00/00339.jpg",
      "transform_matrix": [
        [
          -0.504223,
          -0.199404,
          0.840236,
          5.427514
        ],
        [
          -0.863122,
          0.084899,
          -0.497808,
          2.125507
        ],
        [
          0.027929,
          -0.976233,
          -0.214918,
          2.247671
        ],
        [
          0.0,
          0.0,
          0.0,
          1.0
        ]
      ]
    },
    {
      "file_path": "/media/NFS/ttao/scannet/posed_images/scene0555_00/00348.jpg",
      "transform_matrix": [
        [
          -0.575717,
          -0.195319,
          0.793978,
          5.455038
        ],
        [
          -0.81726,
          0.107497,
          -0.566155,
          2.134753
        ],
        [
          0.025231,
          -0.974831,
          -0.221514,
          2.244035
        ],
        [
          0.0,
          0.0,
          0.0,
          1.0
        ]
      ]
    },
    {
      "file_path": "/media/NFS/ttao/scannet/posed_images/scene0555_00/00352.jpg",
      "transform_matrix": [
        [
          -0.619992,
          -0.196318,
          0.759651,
          5.469539
        ],
        [
          -0.784075,
          0.11933,
          -0.609087,
          2.132072
        ],
        [
          0.028925,
          -0.973252,
          -0.227912,
          2.248957
        ],
        [
          0.0,
          0.0,
          0.0,
          1.0
        ]
      ]
    },
    {
      "file_path": "/media/NFS/ttao/scannet/posed_images/scene0555_00/00359.jpg",
      "transform_matrix": [
        [
          -0.705951,
          -0.175351,
          0.68621,
          5.490395
        ],
        [
          -0.706805,
          0.112349,
          -0.69843,
          2.138844
        ],
        [
          0.045375,
          -0.978075,
          -0.203252,
          2.256991
        ],
        [
          0.0,
          0.0,
          0.0,
          1.0
        ]
      ]
    },
    {
      "file_path": "/media/NFS/ttao/scannet/posed_images/scene0555_00/00364.jpg",
      "transform_matrix": [
        [
          -0.766491,
          -0.171942,
          0.618811,
          5.509796
        ],
        [
          -0.639556,
          0.116093,
          -0.759928,
          2.14673
        ],
        [
          0.058823,
          -0.978243,
          -0.198951,
          2.259814
        ],
        [
          0.0,
          0.0,
          0.0,
          1.0
        ]
      ]
    },
    {
      "file_path": "/media/NFS/ttao/scannet/posed_images/scene0555_00/00371.jpg",
      "transform_matrix": [
        [
          -0.850397,
          -0.171521,
          0.497399,
          5.531132
        ],
        [
          -0.522225,
          0.160019,
          -0.837661,
          2.141145
        ],
        [
          0.064083,
          -0.972098,
          -0.225652,
          2.252502
        ],
        [
          0.0,
          0.0,
          0.0,
          1.0
        ]
      ]
    },
    {
      "file_path": "/media/NFS/ttao/scannet/posed_images/scene0555_00/00373.jpg",
      "transform_matrix": [
        [
          -0.870839,
          -0.163379,
          0.463624,
          5.537583
        ],
        [
          -0.48771,
          0.169211,
          -0.85645,
          2.144217
        ],
        [
          0.061476,
          -0.971944,
          -0.227037,
          2.24831
        ],
        [
          0.0,
          0.0,
          0.0,
          1.0
        ]
      ]
    },
    {
      "file_path": "/media/NFS/ttao/scannet/posed_images/scene0555_00/00382.jpg",
      "transform_matrix": [
        [
          -0.945978,
          -0.087307,
          0.312254,
          5.549168
        ],
        [
          -0.323506,
          0.189808,
          -0.926994,
          2.15877
        ],
        [
          0.021664,
          -0.977932,
          -0.207799,
          2.243995
        ],
        [
          0.0,
          0.0,
          0.0,
          1.0
        ]
      ]
    },
    {
      "file_path": "/media/NFS/ttao/scannet/posed_images/scene0555_00/00390.jpg",
      "transform_matrix": [
        [
          -0.969333,
          -0.060449,
          0.238199,
          5.553994
        ],
        [
          -0.245709,
          0.220732,
          -0.943877,
          2.188442
        ],
        [
          0.004478,
          -0.973459,
          -0.228816,
          2.240394
        ],
        [
          0.0,
          0.0,
          0.0,
          1.0
        ]
      ]
    },
    {
      "file_path": "/media/NFS/ttao/scannet/posed_images/scene0555_00/00393.jpg",
      "transform_matrix": [
        [
          -0.972949,
          -0.061413,
          0.222707,
          5.556485
        ],
        [
          -0.230821,
          0.218446,
          -0.948158,
          2.205173
        ],
        [
          0.009579,
          -0.973915,
          -0.226712,
          2.244287
        ],
        [
          0.0,
          0.0,
          0.0,
          1.0
        ]
      ]
    },
    {
      "file_path": "/media/NFS/ttao/scannet/posed_images/scene0555_00/00397.jpg",
      "transform_matrix": [
        [
          -0.978015,
          -0.050591,
          0.202306,
          5.557465
        ],
        [
          -0.208501,
          0.219694,
          -0.953028,
          2.233052
        ],
        [
          0.003769,
          -0.974256,
          -0.225413,
          2.244766
        ],
        [
          0.0,
          0.0,
          0.0,
          1.0
        ]
      ]
    },
    {
      "file_path": "/media/NFS/ttao/scannet/posed_images/scene0555_00/00408.jpg",
      "transform_matrix": [
        [
          -0.999941,
          0.008441,
          0.006846,
          5.580153
        ],
        [
          -0.004234,
          0.277612,
          -0.960684,
          2.31639
        ],
        [
          -0.01001,
          -0.960656,
          -0.27756,
          2.23617
        ],
        [
          0.0,
          0.0,
          0.0,
          1.0
        ]
      ]
    },
    {
      "file_path": "/media/NFS/ttao/scannet/posed_images/scene0555_00/00410.jpg",
      "transform_matrix": [
        [
          -0.999564,
          0.02548,
          -0.01493,
          5.543241
        ],
        [
          0.02132,
          0.272777,
          -0.961841,
          2.329657
        ],
        [
          -0.020435,
          -0.96174,
          -0.273201,
          2.213329
        ],
        [
          0.0,
          0.0,
          0.0,
          1.0
        ]
      ]
    },
    {
      "file_path": "/media/NFS/ttao/scannet/posed_images/scene0555_00/00419.jpg",
      "transform_matrix": [
        [
          -0.983011,
          0.096236,
          -0.156294,
          5.559132
        ],
        [
          0.177933,
          0.290681,
          -0.94013,
          2.365656
        ],
        [
          -0.045043,
          -0.951968,
          -0.302866,
          2.194759
        ],
        [
          0.0,
          0.0,
          0.0,
          1.0
        ]
      ]
    },
    {
      "file_path": "/media/NFS/ttao/scannet/posed_images/scene0555_00/00426.jpg",
      "transform_matrix": [
        [
          -0.959617,
          0.123548,
          -0.252729,
          5.521368
        ],
        [
          0.278601,
          0.292976,
          -0.914629,
          2.347167
        ],
        [
          -0.038957,
          -0.948104,
          -0.315565,
          2.188944
        ],
        [
          0.0,
          0.0,
          0.0,
          1.0
        ]
      ]
    },
    {
      "file_path": "/media/NFS/ttao/scannet/posed_images/scene0555_00/00429.jpg",
      "transform_matrix": [
        [
          -0.946376,
          0.135314,
          -0.293365,
          5.516785
        ],
        [
          0.320693,
          0.283584,
          -0.903734,
          2.326678
        ],
        [
          -0.039094,
          -0.949353,
          -0.311771,
          2.190558
        ],
        [
          0.0,
          0.0,
          0.0,
          1.0
        ]
      ]
    },
    {
      "file_path": "/media/NFS/ttao/scannet/posed_images/scene0555_00/00433.jpg",
      "transform_matrix": [
        [
          -0.9404,
          0.134208,
          -0.312469,
          5.466242
        ],
        [
          0.338474,
          0.280446,
          -0.898212,
          2.302093
        ],
        [
          -0.032916,
          -0.950441,
          -0.309157,
          2.191748
        ],
        [
          0.0,
          0.0,
          0.0,
          1.0
        ]
      ]
    },
    {
      "file_path": "/media/NFS/ttao/scannet/posed_images/scene0555_00/00442.jpg",
      "transform_matrix": [
        [
          -0.891626,
          0.17435,
          -0.417857,
          5.443678
        ],
        [
          0.452044,
          0.290459,
          -0.84338,
          2.196879
        ],
        [
          -0.025673,
          -0.94087,
          -0.337795,
          2.180215
        ],
        [
          0.0,
          0.0,
          0.0,
          1.0
        ]
      ]
    },
    {
      "file_path": "/media/NFS/ttao/scannet/posed_images/scene0555_00/00449.jpg",
      "transform_matrix": [
        [
          -0.835438,
          0.205555,
          -0.509696,
          5.449083
        ],
        [
          0.549312,
          0.283125,
          -0.786191,
          2.095459
        ],
        [
          -0.017297,
          -0.936796,
          -0.349448,
          2.175621
        ],
        [
          0.0,
          0.0,
          0.0,
          1.0
        ]
      ]
    },
    {
      "file_path": "/media/NFS/ttao/scannet/posed_images/scene0555_00/00457.jpg",
      "transform_matrix": [
        [
          -0.790221,
          0.227848,
          -0.56889,
          5.39562
        ],
        [
          0.61241,
          0.259619,
          -0.746693,
          2.010103
        ],
        [
          -0.022438,
          -0.938447,
          -0.344694,
          2.176007
        ],
        [
          0.0,
          0.0,
          0.0,
          1.0
        ]
      ]
    },
    {
      "file_path": "/media/NFS/ttao/scannet/posed_images/scene0555_00/00458.jpg",
      "transform_matrix": [
        [
          -0.781948,
          0.231552,
          -0.578741,
          5.390794
        ],
        [
          0.622962,
          0.257813,
          -0.738546,
          1.996994
        ],
        [
          -0.021805,
          -0.938038,
          -0.345844,
          2.174183
        ],
        [
          0.0,
          0.0,
          0.0,
          1.0
        ]
      ]
    },
    {
      "file_path": "/media/NFS/ttao/scannet/posed_images/scene0555_00/00466.jpg",
      "transform_matrix": [
        [
          -0.744471,
          0.265105,
          -0.612766,
          5.318626
        ],
        [
          0.665581,
          0.222407,
          -0.712416,
