{
  "frames": [
    {
      "file_path": "/media/NFS/ttao/scannet/posed_images/scene0160_03/00000.jpg",
      "transform_matrix": [
        [
          -0.768377,
          0.245848,
          -0.590894,
          2.999928
        ],
        [
          0.639476,
          0.3322,
          -0.693335,
          3.253517
        ],
        [
          0.02584,
          -0.910605,
          -0.412469,
          1.341604
        ],
        [
          0.0,
          0.0,
          0.0,
          1.0
        ]
      ]
    },
    {
      "file_path": "/media/NFS/ttao/scannet/posed_images/scene0160_03/00001.jpg",
      "transform_matrix": [
        [
          -0.763172,
          0.249415,
          -0.596122,
          2.998614
        ],
        [
          0.645725,
          0.32956,
          -0.688788,
          3.254941
        ],
        [
          0.024664,
          -0.910594,
          -0.412565,
          1.340303
        ],
        [
          0.0,
          0.0,
          0.0,
          1.0
        ]
      ]
    },
    {
      "file_path": "/media/NFS/ttao/scannet/posed_images/scene0160_03/00003.jpg",
      "transform_matrix": [
        [
          -0.745866,
          0.260311,
          -0.613125,
          2.993329
        ],
        [
          0.665611,
          0.326403,
          -0.671136,
          3.254025
        ],
        [
          0.025421,
          -0.90868,
          -0.416719,
          1.340923
        ],
        [
          0.0,
          0.0,
          0.0,
          1.0
        ]
      ]
    },
    {
      "file_path": "/media/NFS/ttao/scannet/posed_images/scene0160_03/00005.jpg",
      "transform_matrix": [
        [
          -0.733396,
          0.263665,
          -0.626587,
          2.994308
        ],
        [
          0.679219,
          0.322371,
          -0.659347,
          3.256202
        ],
        [
          0.028146,
          -0.909152,
          -0.415512,
          1.335337
        ],
        [
          0.0,
          0.0,
          0.0,
          1.0
        ]
      ]
    },
    {
      "file_path": "/media/NFS/ttao/scannet/posed_images/scene0160_03/00007.jpg",
      "transform_matrix": [
        [
          -0.721882,
          0.270126,
          -0.637118,
          2.993314
        ],
        [
          0.691306,
          0.32321,
          -0.646244,
          3.252946
        ],
        [
          0.031356,
          -0.906955,
          -0.420059,
          1.337394
        ],
        [
          0.0,
          0.0,
          0.0,
          1.0
        ]
      ]
    },
    {
      "file_path": "/media/NFS/ttao/scannet/posed_images/scene0160_03/00009.jpg",
      "transform_matrix": [
        [
          -0.712333,
          0.273469,
          -0.646372,
          2.991349
        ],
        [
          0.701069,
          0.320455,
          -0.637033,
          3.255944
        ],
        [
          0.032925,
          -0.906931,
          -0.419991,
          1.336192
        ],
        [
          0.0,
          0.0,
          0.0,
          1.0
        ]
      ]
    },
    {
      "file_path": "/media/NFS/ttao/scannet/posed_images/scene0160_03/00011.jpg",
      "transform_matrix": [
        [
          -0.700524,
          0.280382,
          -0.656241,
          2.987591
        ],
        [
          0.712895,
          0.316641,
          -0.625715,
          3.257591
        ],
        [
          0.032354,
          -0.906159,
          -0.421697,
          1.338536
        ],
        [
          0.0,
          0.0,
          0.0,
          1.0
        ]
      ]
    },
    {
      "file_path": "/media/NFS/ttao/scannet/posed_images/scene0160_03/00013.jpg",
      "transform_matrix": [
        [
          -0.689164,
          0.284785,
          -0.666297,
          2.987804
        ],
        [
          0.723895,
          0.311309,
          -0.615681,
          3.259482
        ],
        [
          0.032087,
          -0.906633,
          -0.420697,
          1.33569
        ],
        [
          0.0,
          0.0,
          0.0,
          1.0
        ]
      ]
    },
    {
      "file_path": "/media/NFS/ttao/scannet/posed_images/scene0160_03/00014.jpg",
      "transform_matrix": [
        [
          -0.682739,
          0.288854,
          -0.671142,
          2.986506
        ],
        [
          0.729938,
          0.310547,
          -0.608894,
          3.258796
        ],
        [
          0.03254,
          -0.905607,
          -0.422868,
          1.335657
        ],
        [
          0.0,
          0.0,
          0.0,
          1.0
        ]
      ]
    },
    {
      "file_path": "/media/NFS/ttao/scannet/posed_images/scene0160_03/00017.jpg",
      "transform_matrix": [
        [
          -0.663686,
          0.30022,
          -0.68512,
          2.986315
        ],
        [
          0.747239,
          0.307714,
          -0.589021,
          3.258733
        ],
        [
          0.033985,
          -0.902873,
          -0.428561,
          1.332603
        ],
        [
          0.0,
          0.0,
          0.0,
          1.0
        ]
      ]
    },
    {
      "file_path": "/media/NFS/ttao/scannet/posed_images/scene0160_03/00018.jpg",
      "transform_matrix": [
        [
          -0.659391,
          0.30469,
          -0.68729,
          2.983421
        ],
        [
          0.751013,
          0.308763,
          -0.583647,
          3.259584
        ],
        [
          0.034378,
          -0.901016,
          -0.432422,
          1.333184
        ],
        [
          0.0,
          0.0,
          0.0,
          1.0
        ]
      ]
    },
    {
      "file_path": "/media/NFS/ttao/scannet/posed_images/scene0160_03/00020.jpg",
      "transform_matrix": [
        [
          -0.651465,
          0.307525,
          -0.693558,
          2.982558
        ],
        [
          0.757755,
          0.308834,
          -0.574829,
          3.267014
        ],
        [
          0.03742,
          -0.900028,
          -0.434223,
          1.324092
        ],
        [
          0.0,
          0.0,
          0.0,
          1.0
        ]
      ]
    },
    {
      "file_path": "/media/NFS/ttao/scannet/posed_images/scene0160_03/00022.jpg",
      "transform_matrix": [
        [
          -0.650554,
          0.313895,
          -0.691556,
          2.980098
        ],
        [
          0.758411,
          0.316354,
          -0.569854,
          3.268844
        ],
        [
          0.039902,
          -0.895204,
          -0.443867,
          1.321434
        ],
        [
          0.0,
          0.0,
          0.0,
          1.0
        ]
      ]
    },
    {
      "file_path": "/media/NFS/ttao/scannet/posed_images/scene0160_03/00023.jpg",
      "transform_matrix": [
        [
          -0.652744,
          0.316102,
          -0.688481,
          2.977337
        ],
        [
          0.756507,
          0.32031,
          -0.570175,
          3.270166
        ],
        [
          0.040294,
          -0.893018,
          -0.448213,
          1.321486
        ],
        [
          0.0,
          0.0,
          0.0,
          1.0
        ]
      ]
    },
    {
      "file_path": "/media/NFS/ttao/scannet/posed_images/scene0160_03/00025.jpg",
      "transform_matrix": [
        [
          -0.659309,
          0.317592,
          -0.681504,
          2.975513
        ],
        [
          0.750663,
          0.329422,
          -0.572701,
          3.27419
        ],
        [
          0.042617,
          -0.889166,
          -0.455595,
          1.31511
        ],
        [
          0.0,
          0.0,
          0.0,
          1.0
        ]
      ]
    },
    {
      "file_path": "/media/NFS/ttao/scannet/posed_images/scene0160_03/00027.jpg",
      "transform_matrix": [
        [
          -0.66892,
          0.322062,
          -0.669943,
          2.976742
        ],
        [
          0.741906,
          0.345129,
          -0.574859,
          3.276927
        ],
        [
          0.046077,
          -0.881568,
          -0.469803,
          1.303547
        ],
        [
          0.0,
          0.0,
          0.0,
          1.0
        ]
      ]
    },
    {
      "file_path": "/media/NFS/ttao/scannet/posed_images/scene0160_03/00029.jpg",
      "transform_matrix": [
        [
          -0.678981,
          0.329794,
          -0.655912,
          2.977685
        ],
        [
          0.732407,
          0.365905,
          -0.574189,
          3.274298
        ],
        [
          0.050637,
          -0.870258,
          -0.489986,
          1.296242
        ],
        [
          0.0,
          0.0,
          0.0,
          1.0
        ]
      ]
    },
    {
      "file_path": "/media/NFS/ttao/scannet/posed_images/scene0160_03/00030.jpg",
      "transform_matrix": [
        [
          -0.684846,
          0.332445,
          -0.648433,
          2.982862
        ],
        [
          0.72677,
          0.376141,
          -0.574738,
          3.273434
        ],
        [
          0.052834,
          -0.864869,
          -0.49921,
          1.287814
        ],
        [
          0.0,
          0.0,
          0.0,
          1.0
        ]
      ]
    },
    {
      "file_path": "/media/NFS/ttao/scannet/posed_images/scene0160_03/00033.jpg",
      "transform_matrix": [
        [
          -0.710559,
          0.341444,
          -0.615242,
          2.991379
        ],
        [
          0.700419,
          0.426762,
          -0.57209,
          3.26699
        ],
        [
          0.067226,
          -0.837431,
          -0.542393,
          1.27602
        ],
        [
          0.0,
          0.0,
          0.0,
          1.0
        ]
      ]
    },
    {
      "file_path": "/media/NFS/ttao/scannet/posed_images/scene0160_03/00035.jpg",
      "transform_matrix": [
        [
          -0.731954,
          0.334022,
          -0.593863,
          3.001207
        ],
        [
          0.677488,
          0.449512,
          -0.582193,
          3.273378
        ],
        [
          0.072483,
          -0.828474,
          -0.555317,
          1.267982
        ],
        [
          0.0,
          0.0,
          0.0,
          1.0
        ]
      ]
    },
    {
      "file_path": "/media/NFS/ttao/scannet/posed_images/scene0160_03/00037.jpg",
      "transform_matrix": [
        [
          -0.745232,
          0.332926,
          -0.577745,
          3.015007
        ],
        [
          0.662434,
          0.468692,
          -0.584388,
          3.278054
        ],
        [
          0.076227,
          -0.818222,
          -0.569826,
          1.264721
        ],
        [
          0.0,
          0.0,
          0.0,
          1.0
        ]
      ]
    },
    {
      "file_path": "/media/NFS/ttao/scannet/posed_images/scene0160_03/00039.jpg",
      "transform_matrix": [
        [
          -0.756322,
          0.328712,
          -0.56562,
          3.025589
        ],
        [
          0.649878,
          0.476725,
          -0.591938,
          3.287054
        ],
        [
          0.075068,
          -0.81528,
          -0.57418,
          1.265504
        ],
        [
          0.0,
          0.0,
          0.0,
          1.0
        ]
      ]
    },
    {
      "file_path": "/media/NFS/ttao/scannet/posed_images/scene0160_03/00040.jpg",
      "transform_matrix": [
        [
          -0.761473,
          0.327048,
          -0.559642,
          3.03372
        ],
        [
          0.644072,
          0.479005,
          -0.596427,
          3.295288
        ],
        [
          0.073011,
          -0.814613,
          -0.575392,
          1.2645
        ],
        [
          0.0,
          0.0,
          0.0,
          1.0
        ]
      ]
    },
    {
      "file_path": "/media/NFS/ttao/scannet/posed_images/scene0160_03/00042.jpg",
      "transform_matrix": [
        [
          -0.771979,
          0.320512,
          -0.548927,
          3.048048
        ],
        [
          0.631458,
          0.485684,
          -0.60446,
          3.306756
        ],
        [
          0.072868,
          -0.813255,
          -0.577328,
          1.264914
        ],
        [
          0.0,
          0.0,
          0.0,
          1.0
        ]
      ]
    },
    {
      "file_path": "/media/NFS/ttao/scannet/posed_images/scene0160_03/00044.jpg",
      "transform_matrix": [
        [
          -0.782451,
          0.307533,
          -0.541474,
          3.068104
        ],
        [
          0.618048,
          0.489756,
          -0.614944,
          3.322648
        ],
        [
          0.076074,
          -0.81582,
          -0.57328,
          1.264334
        ],
        [
          0.0,
          0.0,
          0.0,
          1.0
        ]
      ]
    },
    {
      "file_path": "/media/NFS/ttao/scannet/posed_images/scene0160_03/00046.jpg",
      "transform_matrix": [
        [
          -0.793971,
          0.291556,
          -0.533484,
          3.09108
        ],
        [
          0.602717,
          0.492426,
          -0.627892,
          3.336524
        ],
        [
          0.079636,
          -0.820068,
          -0.566698,
          1.268457
        ],
        [
          0.0,
          0.0,
          0.0,
          1.0
        ]
      ]
    },
    {
      "file_path": "/media/NFS/ttao/scannet/posed_images/scene0160_03/00047.jpg",
      "transform_matrix": [
        [
          -0.800657,
          0.282122,
          -0.528541,
          3.103656
        ],
        [
          0.593642,
          0.492632,
          -0.63632,
          3.344624
        ],
        [
          0.080856,
          -0.823238,
          -0.561909,
          1.272633
        ],
        [
          0.0,
          0.0,
          0.0,
          1.0
        ]
      ]
    },
    {
      "file_path": "/media/NFS/ttao/scannet/posed_images/scene0160_03/00050.jpg",
      "transform_matrix": [
        [
          -0.823627,
          0.24377,
          -0.51207,
          3.152108
        ],
        [
          0.560952,
          0.483098,
          -0.672271,
          3.372016
        ],
        [
          0.083501,
          -0.840947,
          -0.534636,
          1.283858
        ],
        [
          0.0,
          0.0,
          0.0,
          1.0
        ]
      ]
    },
    {
      "file_path": "/media/NFS/ttao/scannet/posed_images/scene0160_03/00051.jpg",
      "transform_matrix": [
        [
          -0.832876,
          0.226518,
          -0.504983,
          3.164892
        ],
        [
          0.546782,
          0.478067,
          -0.687372,
          3.384741
        ],
        [
          0.085714,
          -0.848611,
          -0.522027,
          1.28634
        ],
        [
          0.0,
          0.0,
          0.0,
          1.0
        ]
      ]
    },
    {
      "file_path": "/media/NFS/ttao/scannet/posed_images/scene0160_03/00053.jpg",
      "transform_matrix": [
        [
          -0.846529,
          0.197042,
          -0.494534,
          3.188157
        ],
        [
          0.524866,
          0.464089,
          -0.713538,
          3.414327
        ],
        [
          0.088911,
          -0.863594,
          -0.496285,
          1.288086
        ],
        [
          0.0,
          0.0,
          0.0,
          1.0
        ]
      ]
    },
    {
      "file_path": "/media/NFS/ttao/scannet/posed_images/scene0160_03/00055.jpg",
      "transform_matrix": [
        [
          -0.856384,
          0.181097,
          -0.483539,
          3.202332
        ],
        [
          0.508352,
          0.459798,
          -0.728124,
          3.438784
        ],
        [
          0.090469,
          -0.869362,
          -0.485824,
          1.292078
        ],
        [
          0.0,
          0.0,
          0.0,
          1.0
        ]
      ]
    },
    {
      "file_path": "/media/NFS/ttao/scannet/posed_images/scene0160_03/00057.jpg",
      "transform_matrix": [
        [
          -0.86444,
          0.163417,
          -0.475435,
          3.213577
        ],
        [
          0.493416,
          0.457036,
          -0.74004,
          3.460051
        ],
        [
          0.096356,
          -0.874307,
          -0.475713,
          1.300077
        ],
        [
          0.0,
          0.0,
          0.0,
          1.0
        ]
      ]
    },
    {
      "file_path": "/media/NFS/ttao/scannet/posed_images/scene0160_03/00058.jpg",
      "transform_matrix": [
        [
          -0.868102,
          0.153718,
          -0.471985,
          3.215982
        ],
        [
          0.486238,
          0.454616,
          -0.746255,
          3.46967
        ],
        [
          0.099859,
          -0.877323,
          -0.469397,
          1.305398
        ],
        [
          0.0,
          0.0,
          0.0,
          1.0
        ]
      ]
    },
    {
      "file_path": "/media/NFS/ttao/scannet/posed_images/scene0160_03/00060.jpg",
      "transform_matrix": [
        [
          -0.871832,
          0.138996,
          -0.46967,
          3.235976
        ],
        [
          0.479032,
          0.441973,
          -0.758411,
          3.482744
        ],
        [
          0.102166,
          -0.886194,
          -0.45191,
          1.315117
        ],
        [
          0.0,
          0.0,
          0.0,
          1.0
        ]
      ]
    },
    {
      "file_path": "/media/NFS/ttao/scannet/posed_images/scene0160_03/00062.jpg",
      "transform_matrix": [
        [
          -0.878991,
          0.128307,
          -0.459253,
          3.242995
        ],
        [
          0.466342,
          0.432286,
          -0.771786,
          3.499735
        ],
        [
          0.099503,
          -0.892562,
          -0.43981,
          1.321829
        ],
        [
          0.0,
          0.0,
          0.0,
          1.0
        ]
      ]
    },
    {
      "file_path": "/media/NFS/ttao/scannet/posed_images/scene0160_03/00064.jpg",
      "transform_matrix": [
        [
          -0.888675,
          0.120362,
          -0.442459,
          3.250137
        ],
        [
          0.449338,
          0.420912,
          -0.78799,
          3.513651
        ],
        [
          0.091393,
          -0.899081,
          -0.428137,
          1.326843
        ],
        [
          0.0,
          0.0,
          0.0,
          1.0
        ]
      ]
    },
    {
      "file_path": "/media/NFS/ttao/scannet/posed_images/scene0160_03/00066.jpg",
      "transform_matrix": [
        [
          -0.903678,
          0.107566,
          -0.414483,
          3.254587
        ],
        [
          0.419855,
          0.412885,
          -0.808238,
          3.529889
        ],
        [
          0.084195,
          -0.904409,
          -0.418277,
          1.331463
        ],
        [
          0.0,
          0.0,
          0.0,
          1.0
        ]
      ]
    },
    {
      "file_path": "/media/NFS/ttao/scannet/posed_images/scene0160_03/00068.jpg",
      "transform_matrix": [
        [
          -0.918216,
          0.095133,
          -0.384486,
          3.255145
        ],
        [
          0.388147,
          0.409439,
          -0.825652,
          3.544053
        ],
        [
          0.078877,
          -0.907364,
          -0.412879,
          1.334772
        ],
        [
          0.0,
          0.0,
          0.0,
          1.0
        ]
      ]
    },
    {
      "file_path": "/media/NFS/ttao/scannet/posed_images/scene0160_03/00070.jpg",
      "transform_matrix": [
        [
          -0.927411,
          0.087296,
          -0.363715,
          3.270977
        ],
        [
          0.366701,
          0.403933,
          -0.838074,
          3.554993
        ],
        [
          0.073756,
          -0.910614,
          -0.406623,
          1.333994
        ],
        [
          0.0,
          0.0,
          0.0,
          1.0
        ]
      ]
    },
    {
      "file_path": "/media/NFS/ttao/scannet/posed_images/scene0160_03/00071.jpg",
      "transform_matrix": [
        [
          -0.932612,
          0.084191,
          -0.350922,
          3.269072
        ],
        [
          0.35383,
          0.4046,
          -0.84327,
          3.565949
        ],
        [
          0.070988,
          -0.91061,
          -0.407124,
          1.335457
        ],
        [
          0.0,
          0.0,
          0.0,
          1.0
        ]
      ]
    },
    {
      "file_path": "/media/NFS/ttao/scannet/posed_images/scene0160_03/00072.jpg",
      "transform_matrix": [
        [
          -0.9379,
          0.080306,
          -0.337484,
          3.267057
        ],
        [
          0.340092,
          0.404737,
          -0.848838,
          3.575608
        ],
        [
          0.068425,
          -0.9109,
          -0.406914,
          1.336402
        ],
        [
          0.0,
          0.0,
          0.0,
          1.0
        ]
      ]
    },
    {
      "file_path": "/media/NFS/ttao/scannet/posed_images/scene0160_03/00075.jpg",
      "transform_matrix": [
        [
          -0.955445,
          0.061773,
          -0.288634,
          3.255125
        ],
        [
          0.288189,
          0.406639,
          -0.866944,
          3.610662
        ],
        [
          0.063816,
          -0.911498,
          -0.406323,
          1.329213
        ],
        [
          0.0,
          0.0,
          0.0,
          1.0
        ]
      ]
    },
    {
      "file_path": "/media/NFS/ttao/scannet/posed_images/scene0160_03/00076.jpg",
      "transform_matrix": [
        [
          -0.961503,
          0.052248,
          -0.269782,
          3.252944
        ],
        [
          0.267009,
          0.409678,
          -0.872279,
          3.624133
        ],
        [
          0.064949,
          -0.910733,
          -0.407857,
          1.32648
        ],
        [
          0.0,
          0.0,
          0.0,
          1.0
        ]
      ]
    },
    {
      "file_path": "/media/NFS/ttao/scannet/posed_images/scene0160_03/00078.jpg",
      "transform_matrix": [
        [
          -0.973211,
          0.033127,
          -0.227514,
          3.240057
        ],
        [
          0.219981,
          0.421874,
          -0.879563,
          3.652805
        ],
        [
          0.066845,
          -0.906049,
          -0.417859,
          1.315646
        ],
        [
          0.0,
          0.0,
          0.0,
          1.0
        ]
      ]
    },
    {
      "file_path": "/media/NFS/ttao/scannet/posed_images/scene0160_03/00080.jpg",
      "transform_matrix": [
        [
          -0.97949,
          0.018788,
          -0.200615,
          3.230238
        ],
        [
          0.188747,
          0.434043,
          -0.880898,
          3.674058
        ],
        [
          0.070525,
          -0.900696,
          -0.428687,
          1.309781
        ],
        [
          0.0,
          0.0,
          0.0,
          1.0
        ]
      ]
    },
    {
      "file_path": "/media/NFS/ttao/scannet/posed_images/scene0160_03/00082.jpg",
      "transform_matrix": [
        [
          -0.983552,
          0.010818,
          -0.180299,
          3.220436
        ],
        [
          0.165709,
          0.451221,
          -0.876892,
          3.697327
        ],
        [
          0.071869,
          -0.892347,
          -0.445592,
          1.302329
        ],
        [
          0.0,
          0.0,
          0.0,
          1.0
        ]
      ]
    },
    {
      "file_path": "/media/NFS/ttao/scannet/posed_images/scene0160_03/00084.jpg",
      "transform_matrix": [
        [
          -0.986482,
          0.005894,
          -0.163766,
          3.216162
        ],
        [
          0.14715,
          0.47166,
          -0.869416,
          3.718127
        ],
        [
          0.072118,
          -0.881761,
          -0.466151,
          1.295806
        ],
        [
          0.0,
          0.0,
          0.0,
          1.0
        ]
      ]
    },
    {
      "file_path": "/media/NFS/ttao/scannet/posed_images/scene0160_03/00085.jpg",
      "transform_matrix": [
        [
          -0.987657,
          0.003776,
          -0.156587,
          3.218363
        ],
        [
          0.138973,
          0.482272,
          -0.864928,
          3.730006
        ],
        [
          0.072252,
          -0.876013,
          -0.476844,
          1.293313
        ],
        [
          0.0,
          0.0,
          0.0,
          1.0
        ]
      ]
    },
    {
      "file_path": "/media/NFS/ttao/scannet/posed_images/scene0160_03/00088.jpg",
      "transform_matrix": [
        [
          -0.993024,
          -0.007647,
          -0.117665,
          3.215538
        ],
        [
          0.09763,
          0.50625,
          -0.856843,
          3.755849
        ],
        [
          0.06612,
          -0.862353,
          -0.501972,
          1.295268
        ],
        [
          0.0,
          0.0,
          0.0,
          1.0
        ]
      ]
    },
    {
      "file_path": "/media/NFS/ttao/scannet/posed_images/scene0160_03/00090.jpg",
      "transform_matrix": [
        [
          -0.994733,
          -0.011853,
          -0.10181,
          3.217577
        ],
        [
          0.081715,
          0.5079,
          -0.857532,
          3.783389
        ],
        [
          0.061873,
          -0.861335,
          -0.504256,
          1.292697
        ],
        [
          0.0,
          0.0,
          0.0,
          1.0
        ]
      ]
    },
    {
      "file_path": "/media/NFS/ttao/scannet/posed_images/scene0160_03/00091.jpg",
      "transform_matrix": [
        [
          -0.995214,
          -0.013509,
          -0.096783,
          3.221891
        ],
        [
          0.0765,
          0.508548,
          -0.857629,
          3.795624
        ],
        [
          0.060804,
          -0.860928,
          -0.50508,
          1.290595
        ],
        [
          0.0,
          0.0,
          0.0,
          1.0
        ]
      ]
    },
    {
      "file_path": "/media/NFS/ttao/scannet/posed_images/scene0160_03/00093.jpg",
      "transform_matrix": [
        [
          -0.996312,
          -0.015264,
          -0.084435,
          3.226554
        ],
        [
          0.064809,
          0.511048,
          -0.857105,
          3.818332
        ],
        [
          0.056233,
          -0.859416,
          -0.508175,
          1.290541
        ],
        [
          0.0,
          0.0,
          0.0,
          1.0
        ]
      ]
    },
    {
      "file_path": "/media/NFS/ttao/scannet/posed_images/scene0160_03/00095.jpg",
      "transform_matrix": [
        [
          -0.997368,
          -0.020004,
          -0.069688,
          3.23172
        ],
        [
          0.049725,
          0.510762,
          -0.858283,
          3.840872
        ],
        [
          0.052763,
          -0.859489,
          -0.508424,
          1.291117
        ],
        [
          0.0,
          0.0,
          0.0,
          1.0
        ]
      ]
    },
    {
      "file_path": "/media/NFS/ttao/scannet/posed_images/scene0160_03/00096.jpg",
      "transform_matrix": [
        [
          -0.997864,
          -0.024472,
          -0.060577,
          3.233066
        ],
        [
          0.039658,
          0.509959,
          -0.859284,
          3.852889
        ],
        [
          0.051921,
          -0.859851,
          -0.507899,
          1.290413
        ],
        [
          0.0,
          0.0,
          0.0,
          1.0
        ]
      ]
    },
    {
      "file_path": "/media/NFS/ttao/scannet/posed_images/scene0160_03/00098.jpg",
      "transform_matrix": [
        [
          -0.998419,
          -0.036284,
          -0.042924,
          3.235989
        ],
        [
          0.018442,
          0.50993,
          -0.860018,
          3.878135
        ],
        [
          0.053093,
          -0.85945,
          -0.508455,
          1.290061
        ],
        [
          0.0,
          0.0,
          0.0,
          1.0
        ]
      ]
    },
    {
      "file_path": "/media/NFS/ttao/scannet/posed_images/scene0160_03/00100.jpg",
      "transform_matrix": [
        [
          -0.998771,
          -0.040939,
          -0.027931,
          3.24729
        ],
        [
          0.003189,
          0.509346,
          -0.860556,
          3.901111
        ],
        [
          0.049457,
          -0.859587,
          -0.50859,
          1.292827
        ],
        [
          0.0,
          0.0,
          0.0,
          1.0
        ]
      ]
    },
    {
      "file_path": "/media/NFS/ttao/scannet/posed_images/scene0160_03/00102.jpg",
      "transform_matrix": [
        [
          -0.998829,
          -0.044544,
          -0.018881,
          3.257363
        ],
        [
          -0.006143,
          0.503868,
          -0.863759,
          3.931043
        ],
        [
          0.047989,
          -0.862631,
          -0.503552,
          1.292074
        ],
        [
          0.0,
          0.0,
          0.0,
          1.0
        ]
      ]
    },
    {
      "file_path": "/media/NFS/ttao/scannet/posed_images/scene0160_03/00103.jpg",
      "transform_matrix": [
        [
          -0.998849,
          -0.045719,
          -0.014512,
          3.259189
        ],
        [
          -0.010389,
          0.501556,
          -0.865063,
          3.9483
        ],
        [
          0.046828,
          -0.863917,
          -0.501454,
          1.289758
        ],
        [
          0.0,
          0.0,
          0.0,
          1.0
        ]
      ]
    },
    {
      "file_path": "/media/NFS/ttao/scannet/posed_images/scene0160_03/00105.jpg",
      "transform_matrix": [
        [
          -0.998886,
          -0.046761,
          -0.006366,
          3.265776
        ],
        [
          -0.018009,
          0.502389,
          -0.864454,
          3.98386
        ],
        [
          0.043621,
          -0.863376,
          -0.502672,
          1.284487
        ],
        [
          0.0,
          0.0,
          0.0,
          1.0
        ]
      ]
    },
    {
      "file_path": "/media/NFS/ttao/scannet/posed_images/scene0160_03/00108.jpg",
      "transform_matrix": [
        [
          -0.998385,
          -0.054959,
          0.014352,
          3.274865
        ],
        [
          -0.040342,
          0.508207,
          -0.860289,
          4.032629
        ],
        [
          0.039987,
          -0.859479,
          -0.509604,
          1.285288
        ],
        [
          0.0,
          0.0,
          0.0,
          1.0
        ]
      ]
    },
    {
      "file_path": "/media/NFS/ttao/scannet/posed_images/scene0160_03/00109.jpg",
      "transform_matrix": [
        [
          -0.997842,
          -0.06064,
          0.025159,
          3.277668
        ],
        [
          -0.052542,
          0.507855,
          -0.859838,
          4.049164
        ],
        [
          0.039363,
          -0.859305,
          -0.509946,
          1.285194
        ],
        [
          0.0,
          0.0,
          0.0,
          1.0
        ]
      ]
    },
    {
      "file_path": "/media/NFS/ttao/scannet/posed_images/scene0160_03/00112.jpg",
      "transform_matrix": [
        [
          -0.995587,
          -0.07275,
          0.059273,
          3.301697
        ],
        [
          -0.088316,
          0.512919,
          -0.853882,
          4.090936
        ],
        [
          0.031717,
          -0.855349,
          -0.517081,
          1.2973
        ],
        [
          0.0,
          0.0,
          0.0,
          1.0
        ]
      ]
    },
    {
      "file_path": "/media/NFS/ttao/scannet/posed_images/scene0160_03/00113.jpg",
      "transform_matrix": [
        [
          -0.99409,
          -0.07982,
          0.073578,
          3.303354
        ],
        [
          -0.104188,
          0.511109,
          -0.853178,
          4.105251
        ],
        [
          0.030494,
          -0.855802,
          -0.516405,
          1.30056
        ],
        [
          0.0,
          0.0,
          0.0,
          1.0
        ]
      ]
    },
    {
      "file_path": "/media/NFS/ttao/scannet/posed_images/scene0160_03/00115.jpg",
      "transform_matrix": [
        [
          -0.990733,
          -0.094805,
          0.097262,
          3.310934
        ],
        [
          -0.132086,
          0.505695,
          -0.852541,
          4.126319
        ],
        [
          0.03164,
          -0.857488,
          -0.513531,
          1.307656
        ],
        [
          0.0,
          0.0,
          0.0,
          1.0
        ]
      ]
    },
    {
      "file_path": "/media/NFS/ttao/scannet/posed_images/scene0160_03/00116.jpg",
      "transform_matrix": [
        [
          -0.988247,
          -0.103538,
          0.112462,
          3.309588
        ],
        [
          -0.149491,
          0.500853,
          -0.852525,
          4.137745
        ],
        [
          0.031942,
          -0.859317,
          -0.510445,
          1.310121
        ],
        [
          0.0,
          0.0,
          0.0,
          1.0
        ]
      ]
    },
    {
      "file_path": "/media/NFS/ttao/scannet/posed_images/scene0160_03/00119.jpg",
      "transform_matrix": [
        [
          -0.979681,
          -0.128628,
          0.153881,
          3.321265
        ],
        [
          -0.197514,
          0.485542,
          -0.851609,
          4.167346
        ],
        [
          0.034826,
          -0.864699,
          -0.501082,
          1.317368
        ],
        [
          0.0,
          0.0,
          0.0,
          1.0
        ]
      ]
    },
    {
      "file_path": "/media/NFS/ttao/scannet/posed_images/scene0160_03/00121.jpg",
      "transform_matrix": [
        [
          -0.972298,
          -0.143722,
          0.18434,
          3.31807
        ],
        [
          -0.231154,
          0.474098,
          -0.849587,
          4.185654
        ],
        [
          0.034709,
          -0.868663,
          -0.494187,
          1.322889
        ],
        [
          0.0,
          0.0,
          0.0,
          1.0
        ]
      ]
    },
    {
      "file_path": "/media/NFS/ttao/scannet/posed_images/scene0160_03/00122.jpg",
      "transform_matrix": [
        [
          -0.969085,
          -0.150111,
          0.19581,
          3.313229
        ],
        [
          -0.24413,
          0.468536,
          -0.849043,
          4.19195
        ],
        [
          0.035706,
          -0.870598,
          -0.490698,
          1.324827
        ],
        [
          0.0,
          0.0,
          0.0,
          1.0
        ]
      ]
    },
    {
      "file_path": "/media/NFS/ttao/scannet/posed_images/scene0160_03/00123.jpg",
      "transform_matrix": [
        [
          -0.966905,
          -0.152806,
          0.204314,
          3.313534
        ],
        [
          -0.252758,
          0.464634,
          -0.848663,
          4.200286
        ],
        [
          0.034749,
          -0.872219,
          -0.48788,
          1.327458
        ],
        [
          0.0,
          0.0,
          0.0,
          1.0
        ]
      ]
    },
    {
      "file_path": "/media/NFS/ttao/scannet/posed_images/scene0160_03/00125.jpg",
      "transform_matrix": [
        [
          -0.961398,
          -0.156206,
          0.226526,
          3.304814
        ],
        [
          -0.273573,
          0.454271,
          -0.847818,
          4.214388
        ],
        [
          0.02953,
          -0.877062,
          -0.479468,
          1.332907
        ],
        [
          0.0,
          0.0,
          0.0,
          1.0
        ]
      ]
    },
    {
      "file_path": "/media/NFS/ttao/scannet/posed_images/scene0160_03/00127.jpg",
      "transform_matrix": [
        [
          -0.957538,
          -0.155277,
          0.242922,
          3.292434
        ],
        [
          -0.28734,
          0.444975,
          -0.848194,
          4.226208
        ],
        [
          0.023611,
          -0.881979,
          -0.470697,
          1.338826
        ],
        [
          0.0,
          0.0,
          0.0,
          1.0
        ]
      ]
    },
    {
      "file_path": "/media/NFS/ttao/scannet/posed_images/scene0160_03/00130.jpg",
      "transform_matrix": [
        [
          -0.956258,
          -0.146175,
          0.253384,
          3.277325
        ],
        [
          -0.292084,
          0.429616,
          -0.854469,
          4.253767
        ],
        [
          0.016044,
          -0.891102,
          -0.453519,
          1.344099
        ],
        [
          0.0,
          0.0,
          0.0,
          1.0
        ]
      ]
    },
    {
      "file_path": "/media/NFS/ttao/scannet/posed_images/scene0160_03/00132.jpg",
      "transform_matrix": [
        [
          -0.953513,
          -0.147724,
          0.262661,
          3.265408
        ],
        [
          -0.30088,
          0.417942,
          -0.857202,
          4.26839
        ],
        [
          0.016853,
          -0.896383,
          -0.44296,
          1.349942
        ],
        [
          0.0,
          0.0,
          0.0,
          1.0
        ]
      ]
    },
    {
      "file_path": "/media/NFS/ttao/scannet/posed_images/scene0160_03/00133.jpg",
      "transform_matrix": [
        [
          -0.951291,
          -0.149187,
          0.269795,
          3.260988
        ],
        [
          -0.307829,
          0.411548,
          -0.857828,
          4.277777
        ],
        [
          0.016943,
          -0.899095,
          -0.437426,
          1.347969
        ],
        [
          0.0,
          0.0,
          0.0,
          1.0
        ]
      ]
    },
    {
      "file_path": "/media/NFS/ttao/scannet/posed_images/scene0160_03/00134.jpg",
      "transform_matrix": [
        [
          -0.947491,
          -0.154364,
          0.280059,
          3.255043
        ],
        [
          -0.319277,
          0.407373,
          -0.855634,
          4.286788
        ],
        [
          0.017991,
          -0.900122,
          -0.435267,
          1.343031
        ],
        [
          0.0,
          0.0,
          0.0,
          1.0
        ]
      ]
    },
    {
      "file_path": "/media/NFS/ttao/scannet/posed_images/scene0160_03/00136.jpg",
      "transform_matrix": [
        [
          -0.939063,
          -0.171245,
          0.298052,
          3.248105
        ],
        [
          -0.343109,
          0.414299,
          -0.84299,
          4.302891
        ],
        [
          0.020875,
          -0.893886,
          -0.447809,
          1.334474
        ],
        [
          0.0,
          0.0,
          0.0,
          1.0
        ]
      ]
    },
    {
      "file_path": "/media/NFS/ttao/scannet/posed_images/scene0160_03/00138.jpg",
      "transform_matrix": [
        [
          -0.92966,
          -0.189751,
          0.315795,
          3.241384
        ],
        [
          -0.367714,
          0.424952,
          -0.827165,
          4.31065
        ],
        [
          0.022758,
          -0.885105,
          -0.464835,
          1.331597
        ],
        [
          0.0,
          0.0,
          0.0,
          1.0
        ]
      ]
    },
    {
      "file_path": "/media/NFS/ttao/scannet/posed_images/scene0160_03/00141.jpg",
      "transform_matrix": [
        [
          -0.908179,
          -0.221951,
          0.354892,
          3.251002
        ],
        [
          -0.417474,
          0.418635,
          -0.806512,
          4.336548
        ],
        [
          0.030436,
          -0.880615,
          -0.472854,
