{
  "frames": [
    {
      "file_path": "/media/NFS/ttao/scannet/posed_images/scene0158_00/00000.jpg",
      "transform_matrix": [
        [
          0.815869,
          0.244354,
          -0.524069,
          2.358014
        ],
        [
          0.578211,
          -0.336271,
          0.743367,
          1.230078
        ],
        [
          0.005416,
          -0.909513,
          -0.415641,
          1.369842
        ],
        [
          0.0,
          0.0,
          0.0,
          1.0
        ]
      ]
    },
    {
      "file_path": "/media/NFS/ttao/scannet/posed_images/scene0158_00/00010.jpg",
      "transform_matrix": [
        [
          0.826499,
          0.235439,
          -0.511339,
          2.353698
        ],
        [
          0.562847,
          -0.329243,
          0.758157,
          1.226096
        ],
        [
          0.010145,
          -0.914422,
          -0.404635,
          1.377636
        ],
        [
          0.0,
          0.0,
          0.0,
          1.0
        ]
      ]
    },
    {
      "file_path": "/media/NFS/ttao/scannet/posed_images/scene0158_00/00012.jpg",
      "transform_matrix": [
        [
          0.824692,
          0.241092,
          -0.511622,
          2.355591
        ],
        [
          0.565358,
          -0.325936,
          0.757718,
          1.224364
        ],
        [
          0.015923,
          -0.914133,
          -0.4051,
          1.380226
        ],
        [
          0.0,
          0.0,
          0.0,
          1.0
        ]
      ]
    },
    {
      "file_path": "/media/NFS/ttao/scannet/posed_images/scene0158_00/00021.jpg",
      "transform_matrix": [
        [
          0.810745,
          0.2293,
          -0.538623,
          2.39849
        ],
        [
          0.584748,
          -0.273799,
          0.763612,
          1.201566
        ],
        [
          0.027622,
          -0.934053,
          -0.356064,
          1.383531
        ],
        [
          0.0,
          0.0,
          0.0,
          1.0
        ]
      ]
    },
    {
      "file_path": "/media/NFS/ttao/scannet/posed_images/scene0158_00/00027.jpg",
      "transform_matrix": [
        [
          0.794416,
          0.251476,
          -0.552868,
          2.410482
        ],
        [
          0.606332,
          -0.275055,
          0.746128,
          1.190788
        ],
        [
          0.035564,
          -0.927957,
          -0.370986,
          1.382958
        ],
        [
          0.0,
          0.0,
          0.0,
          1.0
        ]
      ]
    },
    {
      "file_path": "/media/NFS/ttao/scannet/posed_images/scene0158_00/00031.jpg",
      "transform_matrix": [
        [
          0.79173,
          0.254684,
          -0.555248,
          2.407919
        ],
        [
          0.609321,
          -0.264531,
          0.747496,
          1.184224
        ],
        [
          0.043495,
          -0.930139,
          -0.364622,
          1.38876
        ],
        [
          0.0,
          0.0,
          0.0,
          1.0
        ]
      ]
    },
    {
      "file_path": "/media/NFS/ttao/scannet/posed_images/scene0158_00/00038.jpg",
      "transform_matrix": [
        [
          0.798126,
          0.24337,
          -0.551149,
          2.410652
        ],
        [
          0.600332,
          -0.243875,
          0.761661,
          1.175709
        ],
        [
          0.050953,
          -0.938774,
          -0.340746,
          1.401729
        ],
        [
          0.0,
          0.0,
          0.0,
          1.0
        ]
      ]
    },
    {
      "file_path": "/media/NFS/ttao/scannet/posed_images/scene0158_00/00048.jpg",
      "transform_matrix": [
        [
          0.79862,
          0.150785,
          -0.58264,
          2.358405
        ],
        [
          0.600637,
          -0.138627,
          0.787412,
          1.141265
        ],
        [
          0.03796,
          -0.978798,
          -0.201278,
          1.463699
        ],
        [
          0.0,
          0.0,
          0.0,
          1.0
        ]
      ]
    },
    {
      "file_path": "/media/NFS/ttao/scannet/posed_images/scene0158_00/00050.jpg",
      "transform_matrix": [
        [
          0.797985,
          0.126315,
          -0.589292,
          2.336285
        ],
        [
          0.602279,
          -0.131575,
          0.787367,
          1.131439
        ],
        [
          0.02192,
          -0.983226,
          -0.181072,
          1.471623
        ],
        [
          0.0,
          0.0,
          0.0,
          1.0
        ]
      ]
    },
    {
      "file_path": "/media/NFS/ttao/scannet/posed_images/scene0158_00/00060.jpg",
      "transform_matrix": [
        [
          0.780366,
          0.096551,
          -0.617824,
          2.22089
        ],
        [
          0.625248,
          -0.105161,
          0.773308,
          1.098163
        ],
        [
          0.009692,
          -0.989757,
          -0.142432,
          1.510841
        ],
        [
          0.0,
          0.0,
          0.0,
          1.0
        ]
      ]
    },
    {
      "file_path": "/media/NFS/ttao/scannet/posed_images/scene0158_00/00067.jpg",
      "transform_matrix": [
        [
          0.788397,
          0.09188,
          -0.608267,
          2.190559
        ],
        [
          0.614552,
          -0.073428,
          0.785451,
          1.092138
        ],
        [
          0.027503,
          -0.993059,
          -0.114355,
          1.538379
        ],
        [
          0.0,
          0.0,
          0.0,
          1.0
        ]
      ]
    },
    {
      "file_path": "/media/NFS/ttao/scannet/posed_images/scene0158_00/00071.jpg",
      "transform_matrix": [
        [
          0.798452,
          0.113851,
          -0.591196,
          2.177389
        ],
        [
          0.60127,
          -0.100552,
          0.792693,
          1.095196
        ],
        [
          0.030803,
          -0.988396,
          -0.148742,
          1.530757
        ],
        [
          0.0,
          0.0,
          0.0,
          1.0
        ]
      ]
    },
    {
      "file_path": "/media/NFS/ttao/scannet/posed_images/scene0158_00/00079.jpg",
      "transform_matrix": [
        [
          0.802661,
          0.107867,
          -0.586601,
          2.184704
        ],
        [
          0.595174,
          -0.080925,
          0.799512,
          1.086528
        ],
        [
          0.03877,
          -0.990866,
          -0.129155,
          1.539852
        ],
        [
          0.0,
          0.0,
          0.0,
          1.0
        ]
      ]
    },
    {
      "file_path": "/media/NFS/ttao/scannet/posed_images/scene0158_00/00086.jpg",
      "transform_matrix": [
        [
          0.795687,
          0.159928,
          -0.584213,
          2.239693
        ],
        [
          0.604991,
          -0.162949,
          0.77938,
          1.072914
        ],
        [
          0.029448,
          -0.973586,
          -0.226411,
          1.491047
        ],
        [
          0.0,
          0.0,
          0.0,
          1.0
        ]
      ]
    },
    {
      "file_path": "/media/NFS/ttao/scannet/posed_images/scene0158_00/00090.jpg",
      "transform_matrix": [
        [
          0.795391,
          0.172039,
          -0.581167,
          2.26968
        ],
        [
          0.605926,
          -0.202963,
          0.769194,
          1.053095
        ],
        [
          0.014376,
          -0.963954,
          -0.265678,
          1.443654
        ],
        [
          0.0,
          0.0,
          0.0,
          1.0
        ]
      ]
    },
    {
      "file_path": "/media/NFS/ttao/scannet/posed_images/scene0158_00/00100.jpg",
      "transform_matrix": [
        [
          0.802727,
          0.246119,
          -0.54319,
          2.330124
        ],
        [
          0.596323,
          -0.323055,
          0.734871,
          1.014507
        ],
        [
          0.005385,
          -0.913817,
          -0.406091,
          1.369694
        ],
        [
          0.0,
          0.0,
          0.0,
          1.0
        ]
      ]
    },
    {
      "file_path": "/media/NFS/ttao/scannet/posed_images/scene0158_00/00104.jpg",
      "transform_matrix": [
        [
          0.813962,
          0.259271,
          -0.519851,
          2.338742
        ],
        [
          0.580596,
          -0.392889,
          0.713125,
          1.004113
        ],
        [
          -0.019351,
          -0.882279,
          -0.470328,
          1.341825
        ],
        [
          0.0,
          0.0,
          0.0,
          1.0
        ]
      ]
    },
    {
      "file_path": "/media/NFS/ttao/scannet/posed_images/scene0158_00/00108.jpg",
      "transform_matrix": [
        [
          0.81229,
          0.263476,
          -0.520351,
          2.344437
        ],
        [
          0.582438,
          -0.413598,
          0.699788,
          0.994468
        ],
        [
          -0.030838,
          -0.871503,
          -0.48942,
          1.329108
        ],
        [
          0.0,
          0.0,
          0.0,
          1.0
        ]
      ]
    },
    {
      "file_path": "/media/NFS/ttao/scannet/posed_images/scene0158_00/00115.jpg",
      "transform_matrix": [
        [
          0.805024,
          0.285713,
          -0.519909,
          2.35101
        ],
        [
          0.592477,
          -0.431724,
          0.680136,
          0.974928
        ],
        [
          -0.030133,
          -0.855559,
          -0.516827,
          1.320426
        ],
        [
          0.0,
          0.0,
          0.0,
          1.0
        ]
      ]
    },
    {
      "file_path": "/media/NFS/ttao/scannet/posed_images/scene0158_00/00125.jpg",
      "transform_matrix": [
        [
          0.883979,
          0.258496,
          -0.389565,
          2.336977
        ],
        [
          0.467088,
          -0.452203,
          0.75983,
          0.980434
        ],
        [
          0.020251,
          -0.853635,
          -0.520478,
          1.308695
        ],
        [
          0.0,
          0.0,
          0.0,
          1.0
        ]
      ]
    },
    {
      "file_path": "/media/NFS/ttao/scannet/posed_images/scene0158_00/00129.jpg",
      "transform_matrix": [
        [
          0.908576,
          0.23687,
          -0.344067,
          2.329621
        ],
        [
          0.417299,
          -0.477756,
          0.773053,
          0.981504
        ],
        [
          0.018733,
          -0.845956,
          -0.532923,
          1.310358
        ],
        [
          0.0,
          0.0,
          0.0,
          1.0
        ]
      ]
    },
    {
      "file_path": "/media/NFS/ttao/scannet/posed_images/scene0158_00/00135.jpg",
      "transform_matrix": [
        [
          0.945547,
          0.17478,
          -0.274579,
          2.320864
        ],
        [
          0.325477,
          -0.501074,
          0.801866,
          0.963628
        ],
        [
          0.002566,
          -0.847571,
          -0.530676,
          1.312788
        ],
        [
          0.0,
          0.0,
          0.0,
          1.0
        ]
      ]
    },
    {
      "file_path": "/media/NFS/ttao/scannet/posed_images/scene0158_00/00142.jpg",
      "transform_matrix": [
        [
          0.973628,
          0.112146,
          -0.198674,
          2.325722
        ],
        [
          0.228052,
          -0.50269,
          0.833844,
          0.949878
        ],
        [
          -0.006359,
          -0.857162,
          -0.515008,
          1.316546
        ],
        [
          0.0,
          0.0,
          0.0,
          1.0
        ]
      ]
    },
    {
      "file_path": "/media/NFS/ttao/scannet/posed_images/scene0158_00/00150.jpg",
      "transform_matrix": [
        [
          0.986455,
          0.086862,
          -0.139148,
          2.336538
        ],
        [
          0.163701,
          -0.575386,
          0.801332,
          0.937227
        ],
        [
          -0.010458,
          -0.813256,
          -0.581811,
          1.320222
        ],
        [
          0.0,
          0.0,
          0.0,
          1.0
        ]
      ]
    },
    {
      "file_path": "/media/NFS/ttao/scannet/posed_images/scene0158_00/00154.jpg",
      "transform_matrix": [
        [
          0.988531,
          0.08225,
          -0.126654,
          2.338293
        ],
        [
          0.150831,
          -0.579354,
          0.800998,
          0.925814
        ],
        [
          -0.007495,
          -0.810915,
          -0.585116,
          1.311319
        ],
        [
          0.0,
          0.0,
          0.0,
          1.0
        ]
      ]
    },
    {
      "file_path": "/media/NFS/ttao/scannet/posed_images/scene0158_00/00161.jpg",
      "transform_matrix": [
        [
          0.992093,
          0.076165,
          -0.099756,
          2.337085
        ],
        [
          0.125508,
          -0.599285,
          0.790636,
          0.919431
        ],
        [
          0.000437,
          -0.796904,
          -0.604105,
          1.302129
        ],
        [
          0.0,
          0.0,
          0.0,
          1.0
        ]
      ]
    },
    {
      "file_path": "/media/NFS/ttao/scannet/posed_images/scene0158_00/00169.jpg",
      "transform_matrix": [
        [
          0.993831,
          0.060078,
          -0.093226,
          2.341229
        ],
        [
          0.11088,
          -0.557052,
          0.823042,
          0.928007
        ],
        [
          -0.002485,
          -0.828301,
          -0.560277,
          1.30816
        ],
        [
          0.0,
          0.0,
          0.0,
          1.0
        ]
      ]
    },
    {
      "file_path": "/media/NFS/ttao/scannet/posed_images/scene0158_00/00173.jpg",
      "transform_matrix": [
        [
          0.994494,
          0.054318,
          -0.089617,
          2.341416
        ],
        [
          0.104764,
          -0.535912,
          0.837749,
          0.940331
        ],
        [
          -0.002522,
          -0.842525,
          -0.538652,
          1.324028
        ],
        [
          0.0,
          0.0,
          0.0,
          1.0
        ]
      ]
    },
    {
      "file_path": "/media/NFS/ttao/scannet/posed_images/scene0158_00/00183.jpg",
      "transform_matrix": [
        [
          0.993881,
          0.041132,
          -0.102515,
          2.341229
        ],
        [
          0.109899,
          -0.461533,
          0.880289,
          0.954354
        ],
        [
          -0.011106,
          -0.886169,
          -0.463229,
          1.355458
        ],
        [
          0.0,
          0.0,
          0.0,
          1.0
        ]
      ]
    },
    {
      "file_path": "/media/NFS/ttao/scannet/posed_images/scene0158_00/00186.jpg",
      "transform_matrix": [
        [
          0.993648,
          0.04145,
          -0.104624,
          2.341519
        ],
        [
          0.112171,
          -0.439612,
          0.891156,
          0.957202
        ],
        [
          -0.009056,
          -0.897231,
          -0.441469,
          1.364396
        ],
        [
          0.0,
          0.0,
          0.0,
          1.0
        ]
      ]
    },
    {
      "file_path": "/media/NFS/ttao/scannet/posed_images/scene0158_00/00196.jpg",
      "transform_matrix": [
        [
          0.994455,
          0.016855,
          -0.103804,
          2.349651
        ],
        [
          0.103434,
          -0.335035,
          0.936511,
          0.964816
        ],
        [
          -0.018993,
          -0.942055,
          -0.33492,
          1.414579
        ],
        [
          0.0,
          0.0,
          0.0,
          1.0
        ]
      ]
    },
    {
      "file_path": "/media/NFS/ttao/scannet/posed_images/scene0158_00/00200.jpg",
      "transform_matrix": [
        [
          0.994061,
          0.018605,
          -0.107221,
          2.3583
        ],
        [
          0.108168,
          -0.27684,
          0.954808,
          0.963475
        ],
        [
          -0.011918,
          -0.960736,
          -0.277209,
          1.437925
        ],
        [
          0.0,
          0.0,
          0.0,
          1.0
        ]
      ]
    },
    {
      "file_path": "/media/NFS/ttao/scannet/posed_images/scene0158_00/00206.jpg",
      "transform_matrix": [
        [
          0.993071,
          0.030147,
          -0.113583,
          2.358294
        ],
        [
          0.117487,
          -0.233342,
          0.965271,
          0.961519
        ],
        [
          0.002597,
          -0.971927,
          -0.235268,
          1.459411
        ],
        [
          0.0,
          0.0,
          0.0,
          1.0
        ]
      ]
    },
    {
      "file_path": "/media/NFS/ttao/scannet/posed_images/scene0158_00/00215.jpg",
      "transform_matrix": [
        [
          0.990465,
          0.017941,
          -0.136591,
          2.352803
        ],
        [
          0.137589,
          -0.178746,
          0.974227,
          0.949288
        ],
        [
          -0.006936,
          -0.983732,
          -0.179511,
          1.483016
        ],
        [
          0.0,
          0.0,
          0.0,
          1.0
        ]
      ]
    },
    {
      "file_path": "/media/NFS/ttao/scannet/posed_images/scene0158_00/00217.jpg",
      "transform_matrix": [
        [
          0.990042,
          0.018632,
          -0.139533,
          2.351612
        ],
        [
          0.140703,
          -0.161922,
          0.976721,
          0.948075
        ],
        [
          -0.004396,
          -0.986627,
          -0.162931,
          1.489409
        ],
        [
          0.0,
          0.0,
          0.0,
          1.0
        ]
      ]
    },
    {
      "file_path": "/media/NFS/ttao/scannet/posed_images/scene0158_00/00223.jpg",
      "transform_matrix": [
        [
          0.989465,
          0.022796,
          -0.142969,
          2.344919
        ],
        [
          0.144463,
          -0.090704,
          0.985344,
          0.9437
        ],
        [
          0.009493,
          -0.995617,
          -0.093042,
          1.515665
        ],
        [
          0.0,
          0.0,
          0.0,
          1.0
        ]
      ]
    },
    {
      "file_path": "/media/NFS/ttao/scannet/posed_images/scene0158_00/00231.jpg",
      "transform_matrix": [
        [
          0.989342,
          0.010226,
          -0.145254,
          2.339296
        ],
        [
          0.145324,
          -0.006537,
          0.989362,
          0.937133
        ],
        [
          0.009168,
          -0.999926,
          -0.007954,
          1.555215
        ],
        [
          0.0,
          0.0,
          0.0,
          1.0
        ]
      ]
    },
    {
      "file_path": "/media/NFS/ttao/scannet/posed_images/scene0158_00/00240.jpg",
      "transform_matrix": [
        [
          0.992759,
          0.015673,
          -0.119101,
          2.349445
        ],
        [
          0.118038,
          0.05687,
          0.991379,
          0.93279
        ],
        [
          0.022311,
          -0.998258,
          0.054608,
          1.582452
        ],
        [
          0.0,
          0.0,
          0.0,
          1.0
        ]
      ]
    },
    {
      "file_path": "/media/NFS/ttao/scannet/posed_images/scene0158_00/00242.jpg",
      "transform_matrix": [
        [
          0.992806,
          0.016115,
          -0.118648,
          2.35133
        ],
        [
          0.117373,
          0.065,
          0.990958,
          0.931156
        ],
        [
          0.023681,
          -0.997755,
          0.062641,
          1.585953
        ],
        [
          0.0,
          0.0,
          0.0,
          1.0
        ]
      ]
    },
    {
      "file_path": "/media/NFS/ttao/scannet/posed_images/scene0158_00/00248.jpg",
      "transform_matrix": [
        [
          0.995771,
          0.007254,
          -0.091588,
          2.364006
        ],
        [
          0.090472,
          0.09615,
          0.991247,
          0.931787
        ],
        [
          0.015996,
          -0.99534,
          0.095087,
          1.594693
        ],
        [
          0.0,
          0.0,
          0.0,
          1.0
        ]
      ]
    },
    {
      "file_path": "/media/NFS/ttao/scannet/posed_images/scene0158_00/00259.jpg",
      "transform_matrix": [
        [
          0.99711,
          -0.034363,
          0.067753,
          2.429294
        ],
        [
          -0.06683,
          0.027334,
          0.99739,
          0.968567
        ],
        [
          -0.036126,
          -0.999035,
          0.024959,
          1.580329
        ],
        [
          0.0,
          0.0,
          0.0,
          1.0
        ]
      ]
    },
    {
      "file_path": "/media/NFS/ttao/scannet/posed_images/scene0158_00/00265.jpg",
      "transform_matrix": [
        [
          0.994027,
          -0.057577,
          0.092705,
          2.468532
        ],
        [
          -0.09301,
          -0.002644,
          0.995662,
          0.982272
        ],
        [
          -0.057082,
          -0.998338,
          -0.007984,
          1.579664
        ],
        [
          0.0,
          0.0,
          0.0,
          1.0
        ]
      ]
    },
    {
      "file_path": "/media/NFS/ttao/scannet/posed_images/scene0158_00/00273.jpg",
      "transform_matrix": [
        [
          0.992411,
          -0.076761,
          0.096064,
          2.488246
        ],
        [
          -0.100516,
          -0.056399,
          0.993336,
          0.9989
        ],
        [
          -0.070831,
          -0.995453,
          -0.063686,
          1.555855
        ],
        [
          0.0,
          0.0,
          0.0,
          1.0
        ]
      ]
    },
    {
      "file_path": "/media/NFS/ttao/scannet/posed_images/scene0158_00/00275.jpg",
      "transform_matrix": [
        [
          0.992164,
          -0.0804,
          0.095638,
          2.490511
        ],
        [
          -0.101834,
          -0.076868,
          0.991827,
          1.003213
        ],
        [
          -0.072392,
          -0.993794,
          -0.084453,
          1.5459
        ],
        [
          0.0,
          0.0,
          0.0,
          1.0
        ]
      ]
    },
    {
      "file_path": "/media/NFS/ttao/scannet/posed_images/scene0158_00/00281.jpg",
      "transform_matrix": [
        [
          0.990796,
          -0.083671,
          0.106407,
          2.495033
        ],
        [
          -0.118998,
          -0.163707,
          0.979306,
          1.016554
        ],
        [
          -0.06452,
          -0.982954,
          -0.172157,
          1.49462
        ],
        [
          0.0,
          0.0,
          0.0,
          1.0
        ]
      ]
    },
    {
      "file_path": "/media/NFS/ttao/scannet/posed_images/scene0158_00/00286.jpg",
      "transform_matrix": [
        [
          0.990228,
          -0.092748,
          0.10415,
          2.502981
        ],
        [
          -0.122363,
          -0.219532,
          0.967901,
          1.013813
        ],
        [
          -0.066906,
          -0.971186,
          -0.228736,
          1.454659
        ],
        [
          0.0,
          0.0,
          0.0,
          1.0
        ]
      ]
    },
    {
      "file_path": "/media/NFS/ttao/scannet/posed_images/scene0158_00/00298.jpg",
      "transform_matrix": [
        [
          0.976107,
          -0.13007,
          0.174057,
          2.517134
        ],
        [
          -0.21046,
          -0.36672,
          0.906213,
          1.013582
        ],
        [
          -0.054041,
          -0.921194,
          -0.385333,
          1.371372
        ],
        [
          0.0,
          0.0,
          0.0,
          1.0
        ]
      ]
    },
    {
      "file_path": "/media/NFS/ttao/scannet/posed_images/scene0158_00/00300.jpg",
      "transform_matrix": [
        [
          0.975299,
          -0.141403,
          0.169697,
          2.530837
        ],
        [
          -0.211979,
          -0.383176,
          0.899022,
          1.013986
        ],
        [
          -0.062101,
          -0.912787,
          -0.403686,
          1.369106
        ],
        [
          0.0,
          0.0,
          0.0,
          1.0
        ]
      ]
    },
    {
      "file_path": "/media/NFS/ttao/scannet/posed_images/scene0158_00/00306.jpg",
      "transform_matrix": [
        [
          0.974558,
          -0.152464,
          0.164293,
          2.537974
        ],
        [
          -0.21556,
          -0.436725,
          0.873387,
          1.008926
        ],
        [
          -0.061409,
          -0.886581,
          -0.458479,
          1.340074
        ],
        [
          0.0,
          0.0,
          0.0,
          1.0
        ]
      ]
    },
    {
      "file_path": "/media/NFS/ttao/scannet/posed_images/scene0158_00/00317.jpg",
      "transform_matrix": [
        [
          0.98041,
          -0.154859,
          0.121714,
          2.534244
        ],
        [
          -0.186925,
          -0.536753,
          0.822773,
          0.990895
        ],
        [
          -0.062083,
          -0.829406,
          -0.555185,
          1.292388
        ],
        [
          0.0,
          0.0,
          0.0,
          1.0
        ]
      ]
    },
    {
      "file_path": "/media/NFS/ttao/scannet/posed_images/scene0158_00/00321.jpg",
      "transform_matrix": [
        [
          0.989208,
          -0.126552,
          0.073839,
          2.511108
        ],
        [
          -0.132962,
          -0.563642,
          0.815248,
          0.985937
        ],
        [
          -0.061552,
          -0.816267,
          -0.574386,
          1.290299
        ],
        [
          0.0,
          0.0,
          0.0,
          1.0
        ]
      ]
    },
    {
      "file_path": "/media/NFS/ttao/scannet/posed_images/scene0158_00/00325.jpg",
      "transform_matrix": [
        [
          0.994268,
          -0.105137,
          0.019431,
          2.481927
        ],
        [
          -0.075176,
          -0.558215,
          0.826283,
          0.975965
        ],
        [
          -0.076026,
          -0.823008,
          -0.562919,
          1.294025
        ],
        [
          0.0,
          0.0,
          0.0,
          1.0
        ]
      ]
    },
    {
      "file_path": "/media/NFS/ttao/scannet/posed_images/scene0158_00/00333.jpg",
      "transform_matrix": [
        [
          0.999079,
          -0.012463,
          -0.041056,
          2.404019
        ],
        [
          0.027649,
          -0.544709,
          0.838169,
          0.972279
        ],
        [
          -0.03281,
          -0.838532,
          -0.543863,
          1.300948
        ],
        [
          0.0,
          0.0,
          0.0,
          1.0
        ]
      ]
    },
    {
      "file_path": "/media/NFS/ttao/scannet/posed_images/scene0158_00/00340.jpg",
      "transform_matrix": [
        [
          0.992759,
          0.072765,
          -0.095581,
          2.345685
        ],
        [
          0.11936,
          -0.507719,
          0.853214,
          0.968892
        ],
        [
          0.013556,
          -0.858444,
          -0.512728,
          1.313593
        ],
        [
          0.0,
          0.0,
          0.0,
          1.0
        ]
      ]
    },
    {
      "file_path": "/media/NFS/ttao/scannet/posed_images/scene0158_00/00346.jpg",
      "transform_matrix": [
        [
          0.975763,
          0.136829,
          -0.170775,
          2.298865
        ],
        [
          0.216427,
          -0.488109,
          0.845523,
          0.960429
        ],
        [
          0.032335,
          -0.86199,
          -0.505892,
          1.317448
        ],
        [
          0.0,
          0.0,
          0.0,
          1.0
        ]
      ]
    },
    {
      "file_path": "/media/NFS/ttao/scannet/posed_images/scene0158_00/00354.jpg",
      "transform_matrix": [
        [
          0.930192,
          0.207211,
          -0.302994,
          2.249618
        ],
        [
          0.364708,
          -0.428183,
          0.826829,
          0.933089
        ],
        [
          0.041591,
          -0.879615,
          -0.473864,
          1.321069
        ],
        [
          0.0,
          0.0,
          0.0,
          1.0
        ]
      ]
    },
    {
      "file_path": "/media/NFS/ttao/scannet/posed_images/scene0158_00/00361.jpg",
      "transform_matrix": [
        [
          0.913847,
          0.219529,
          -0.341601,
          2.2229
        ],
        [
          0.405853,
          -0.466956,
          0.785644,
          0.915033
        ],
        [
          0.012959,
          -0.856598,
          -0.515822,
          1.308023
        ],
        [
          0.0,
          0.0,
          0.0,
          1.0
        ]
      ]
    },
    {
      "file_path": "/media/NFS/ttao/scannet/posed_images/scene0158_00/00365.jpg",
      "transform_matrix": [
        [
          0.916082,
          0.188561,
          -0.353891,
          2.223835
        ],
        [
          0.400268,
          -0.482964,
          0.778801,
          0.905317
        ],
        [
          -0.024065,
          -0.855096,
          -0.51791,
          1.300911
        ],
        [
          0.0,
          0.0,
          0.0,
          1.0
        ]
      ]
    },
    {
      "file_path": "/media/NFS/ttao/scannet/posed_images/scene0158_00/00371.jpg",
      "transform_matrix": [
        [
          0.931585,
          0.155804,
          -0.328444,
          2.223353
        ],
        [
          0.36053,
          -0.51172,
          0.779847,
          0.89347
        ],
        [
          -0.046568,
          -0.844907,
          -0.532883,
          1.29002
        ],
        [
          0.0,
          0.0,
          0.0,
          1.0
        ]
      ]
    },
    {
      "file_path": "/media/NFS/ttao/scannet/posed_images/scene0158_00/00381.jpg",
      "transform_matrix": [
        [
          0.937621,
          0.15304,
          -0.312164,
          2.213307
        ],
        [
          0.34144,
          -0.574448,
          0.743928,
          0.872715
        ],
        [
          -0.065471,
          -0.804107,
          -0.590868,
          1.275001
        ],
        [
          0.0,
          0.0,
          0.0,
          1.0
        ]
      ]
    },
    {
      "file_path": "/media/NFS/ttao/scannet/posed_images/scene0158_00/00382.jpg",
      "transform_matrix": [
        [
          0.933037,
          0.162186,
          -0.32115,
          2.209144
        ],
        [
          0.354196,
          -0.570735,
          0.740815,
          0.869105
        ],
        [
          -0.063142,
          -0.804958,
          -0.589962,
          1.273399
        ],
        [
          0.0,
          0.0,
          0.0,
          1.0
        ]
      ]
    },
    {
      "file_path": "/media/NFS/ttao/scannet/posed_images/scene0158_00/00392.jpg",
      "transform_matrix": [
        [
          0.84785,
          0.248547,
          -0.468375,
          2.162145
        ],
        [
          0.527497,
          -0.485059,
          0.697471,
          0.848772
        ],
        [
          -0.053836,
          -0.838416,
          -0.542365,
          1.300923
        ],
        [
          0.0,
          0.0,
          0.0,
          1.0
        ]
      ]
    },
    {
      "file_path": "/media/NFS/ttao/scannet/posed_images/scene0158_00/00400.jpg",
      "transform_matrix": [
        [
          0.797343,
          0.295012,
          -0.526509,
          2.138776
        ],
        [
          0.603236,
          -0.416623,
          0.680097,
          0.868187
        ],
        [
          -0.018719,
          -0.85988,
          -0.510153,
          1.327584
        ],
        [
          0.0,
          0.0,
          0.0,
          1.0
        ]
      ]
    },
    {
      "file_path": "/media/NFS/ttao/scannet/posed_images/scene0158_00/00404.jpg",
      "transform_matrix": [
        [
          0.784546,
          0.284246,
          -0.551082,
          2.135425
        ],
        [
          0.62007,
          -0.359447,
          0.69736,
          0.876057
        ],
        [
          0.000137,
          -0.88882,
          -0.458255,
          1.343085
        ],
        [
          0.0,
          0.0,
          0.0,
          1.0
        ]
      ]
    },
    {
      "file_path": "/media/NFS/ttao/scannet/posed_images/scene0158_00/00409.jpg",
      "transform_matrix": [
        [
          0.754171,
          0.277756,
          -0.595045,
          2.123535
        ],
        [
          0.65642,
          -0.293437,
          0.694988,
          0.887409
        ],
        [
          0.018429,
          -0.914738,
          -0.403626,
          1.39301
        ],
        [
          0.0,
          0.0,
          0.0,
          1.0
        ]
      ]
    },
    {
      "file_path": "/media/NFS/ttao/scannet/posed_images/scene0158_00/00419.jpg",
      "transform_matrix": [
        [
          0.667018,
          0.246493,
          -0.703085,
          2.121451
        ],
        [
          0.744722,
          -0.192943,
          0.638875,
          0.92324
        ],
        [
          0.021823,
          -0.949744,
          -0.312265,
          1.464346
        ],
        [
          0.0,
          0.0,
          0.0,
          1.0
        ]
      ]
    },
    {
      "file_path": "/media/NFS/ttao/scannet/posed_images/scene0158_00/00427.jpg",
      "transform_matrix": [
        [
          0.574277,
          0.179269,
          -0.798792,
          2.182133
        ],
        [
          0.818545,
          -0.142126,
          0.556582,
          1.004312
        ],
        [
          -0.013751,
          -0.97348,
          -0.228359,
          1.490001
        ],
        [
          0.0,
          0.0,
          0.0,
          1.0
        ]
      ]
    },
    {
      "file_path": "/media/NFS/ttao/scannet/posed_images/scene0158_00/00432.jpg",
      "transform_matrix": [
        [
          0.525648,
          0.186391,
          -0.830032,
          2.239207
        ],
        [
          0.850633,
          -0.102678,
          0.515636,
          1.079246
        ],
        [
          0.010884,
          -0.977095,
          -0.212523,
          1.500855
        ],
        [
          0.0,
          0.0,
          0.0,
          1.0
        ]
      ]
    },
    {
      "file_path": "/media/NFS/ttao/scannet/posed_images/scene0158_00/00434.jpg",
      "transform_matrix": [
        [
          0.506933,
          0.187311,
          -0.841388,
          2.257468
        ],
        [
          0.861786,
          -0.089137,
          0.499379,
          1.105222
        ],
        [
          0.018541,
          -0.978248,
          -0.206608,
          1.512345
        ],
        [
          0.0,
          0.0,
          0.0,
          1.0
        ]
      ]
    },
    {
      "file_path": "/media/NFS/ttao/scannet/posed_images/scene0158_00/00442.jpg",
      "transform_matrix": [
        [
          0.424305,
          0.142152,
          -0.894292,
          2.317518
        ],
        [
          0.905298,
          -0.044753,
          0.422413,
          1.177798
        ],
        [
          0.020025,
          -0.988833,
          -0.147679,
          1.554159
        ],
        [
          0.0,
          0.0,
          0.0,
          1.0
        ]
      ]
    },
    {
      "file_path": "/media/NFS/ttao/scannet/posed_images/scene0158_00/00452.jpg",
      "transform_matrix": [
        [
          0.374154,
          0.071782,
          -0.924584,
          2.33261
        ],
        [
          0.92713,
          -0.006429,
          0.374685,
          1.182028
        ],
        [
          0.020952,
          -0.997399,
          -0.068956,
          1.580098
        ],
        [
          0.0,
          0.0,
          0.0,
          1.0
        ]
      ]
    },
    {
      "file_path": "/media/NFS/ttao/scannet/posed_images/scene0158_00/00454.jpg",
      "transform_matrix": [
        [
          0.386077,
          0.047424,
          -0.921247,
          2.327376
        ],
        [
          0.922194,
          0.004445,
          0.386702,
          1.17228
        ],
        [
          0.022434,
          -0.998865,
          -0.042018,
          1.585141
        ],
        [
          0.0,
          0.0,
          0.0,
          1.0
        ]
      ]
    },
    {
      "file_path": "/media/NFS/ttao/scannet/posed_images/scene0158_00/00461.jpg",
      "transform_matrix": [
        [
          0.432627,
          0.025443,
          -0.901214,
          2.304639
        ],
        [
          0.900672,
          0.032484,
          0.433283,
          1.139395
        ],
        [
          0.0403,
          -0.999148,
          -0.008862,
          1.600018
        ],
        [
          0.0,
          0.0,
          0.0,
          1.0
        ]
      ]
    },
    {
      "file_path": "/media/NFS/ttao/scannet/posed_images/scene0158_00/00467.jpg",
      "transform_matrix": [
        [
          0.479236,
          -0.024608,
          -0.877341,
          2.266356
        ],
        [
          0.877302,
          0.042996,
          0.478008,
          1.097693
        ],
        [
          0.02596,
          -0.998772,
          0.042194,
          1.620819
        ],
        [
          0.0,
          0.0,
          0.0,
          1.0
        ]
      ]
    },
    {
      "file_path": "/media/NFS/ttao/scannet/posed_images/scene0158_00/00477.jpg",
      "transform_matrix": [
        [
          0.461145,
          -0.083328,
          -0.883403,
          2.20898
        ],
        [
          0.887322,
          0.040668,
          0.459354,
          1.023561
        ],
        [
          -0.002351,
          -0.995692,
          0.092693,
          1.642633
        ],
        [
          0.0,
          0.0,
          0.0,
          1.0
        ]
      ]
    },
    {
      "file_path": "/media/NFS/ttao/scannet/posed_images/scene0158_00/00479.jpg",
      "transform_matrix": [
        [
          0.452601,
          -0.087931,
          -0.887367,
          2.202684
        ],
        [
          0.891708,
          0.041289,
          0.450723,
          1.011704
        ],
        [
          -0.002994,
          -0.99527,
          0.097097,
          1.642648
        ],
        [
          0.0,
          0.0,
          0.0,
          1.0
        ]
      ]
    },
    {
      "file_path": "/media/NFS/ttao/scannet/posed_images/scene0158_00/00486.jpg",
      "transform_matrix": [
        [
          0.387737,
          -0.054376,
          -0.920165,
          2.169987
        ],
        [
          0.921689,
          0.036132,
          0.386244,
          0.972781
        ],
        [
          0.012246,
          -0.997866,
          0.064127,
          1.609825
        ],
        [
          0.0,
          0.0,
          0.0,
          1.0
        ]
      ]
    },
    {
      "file_path": "/media/NFS/ttao/scannet/posed_images/scene0158_00/00494.jpg",
      "transform_matrix": [
        [
          0.343893,
          0.028531,
          -0.938575,
          2.143201
        ],
        [
          0.938987,
          -0.003713,
          0.343931,
          0.953831
        ],
        [
          0.006328,
          -0.999586,
          -0.028068,
          1.526697
        ],
        [
          0.0,
          0.0,
