{
  "frames": [
    {
      "file_path": "/media/NFS/ttao/scannet/posed_images/scene0212_02/00000.jpg",
      "transform_matrix": [
        [
          0.609675,
          0.335551,
          -0.718123,
          6.400537
        ],
        [
          0.791278,
          -0.310954,
          0.526486,
          3.732366
        ],
        [
          -0.04664,
          -0.889221,
          -0.455095,
          1.473937
        ],
        [
          0.0,
          0.0,
          0.0,
          1.0
        ]
      ]
    },
    {
      "file_path": "/media/NFS/ttao/scannet/posed_images/scene0212_02/00008.jpg",
      "transform_matrix": [
        [
          0.612417,
          0.30381,
          -0.729825,
          6.45295
        ],
        [
          0.789227,
          -0.288054,
          0.542352,
          3.68638
        ],
        [
          -0.045457,
          -0.908144,
          -0.416184,
          1.484897
        ],
        [
          0.0,
          0.0,
          0.0,
          1.0
        ]
      ]
    },
    {
      "file_path": "/media/NFS/ttao/scannet/posed_images/scene0212_02/00013.jpg",
      "transform_matrix": [
        [
          0.644339,
          0.289347,
          -0.707888,
          6.468398
        ],
        [
          0.764251,
          -0.276743,
          0.582524,
          3.628747
        ],
        [
          -0.027352,
          -0.916347,
          -0.39945,
          1.506156
        ],
        [
          0.0,
          0.0,
          0.0,
          1.0
        ]
      ]
    },
    {
      "file_path": "/media/NFS/ttao/scannet/posed_images/scene0212_02/00020.jpg",
      "transform_matrix": [
        [
          0.665031,
          0.300187,
          -0.683829,
          6.524354
        ],
        [
          0.746815,
          -0.265928,
          0.609549,
          3.529976
        ],
        [
          0.001129,
          -0.916063,
          -0.401034,
          1.505481
        ],
        [
          0.0,
          0.0,
          0.0,
          1.0
        ]
      ]
    },
    {
      "file_path": "/media/NFS/ttao/scannet/posed_images/scene0212_02/00025.jpg",
      "transform_matrix": [
        [
          0.708565,
          0.301716,
          -0.637889,
          6.56275
        ],
        [
          0.705452,
          -0.281699,
          0.650372,
          3.478546
        ],
        [
          0.016535,
          -0.910831,
          -0.412448,
          1.500998
        ],
        [
          0.0,
          0.0,
          0.0,
          1.0
        ]
      ]
    },
    {
      "file_path": "/media/NFS/ttao/scannet/posed_images/scene0212_02/00030.jpg",
      "transform_matrix": [
        [
          0.77585,
          0.299112,
          -0.555507,
          6.620233
        ],
        [
          0.629494,
          -0.307901,
          0.713396,
          3.462122
        ],
        [
          0.042345,
          -0.903177,
          -0.427174,
          1.484306
        ],
        [
          0.0,
          0.0,
          0.0,
          1.0
        ]
      ]
    },
    {
      "file_path": "/media/NFS/ttao/scannet/posed_images/scene0212_02/00032.jpg",
      "transform_matrix": [
        [
          0.801642,
          0.288435,
          -0.523617,
          6.635261
        ],
        [
          0.595792,
          -0.313676,
          0.739351,
          3.46223
        ],
        [
          0.049009,
          -0.904661,
          -0.423304,
          1.484627
        ],
        [
          0.0,
          0.0,
          0.0,
          1.0
        ]
      ]
    },
    {
      "file_path": "/media/NFS/ttao/scannet/posed_images/scene0212_02/00039.jpg",
      "transform_matrix": [
        [
          0.875538,
          0.237927,
          -0.420505,
          6.705846
        ],
        [
          0.480302,
          -0.334261,
          0.810913,
          3.480631
        ],
        [
          0.052379,
          -0.911954,
          -0.406935,
          1.474922
        ],
        [
          0.0,
          0.0,
          0.0,
          1.0
        ]
      ]
    },
    {
      "file_path": "/media/NFS/ttao/scannet/posed_images/scene0212_02/00045.jpg",
      "transform_matrix": [
        [
          0.930035,
          0.20791,
          -0.302997,
          6.741919
        ],
        [
          0.361196,
          -0.365504,
          0.857872,
          3.457286
        ],
        [
          0.067613,
          -0.907293,
          -0.415028,
          1.451375
        ],
        [
          0.0,
          0.0,
          0.0,
          1.0
        ]
      ]
    },
    {
      "file_path": "/media/NFS/ttao/scannet/posed_images/scene0212_02/00051.jpg",
      "transform_matrix": [
        [
          0.952797,
          0.213293,
          -0.216063,
          6.809288
        ],
        [
          0.287662,
          -0.406617,
          0.867129,
          3.441001
        ],
        [
          0.097097,
          -0.888352,
          -0.44878,
          1.425235
        ],
        [
          0.0,
          0.0,
          0.0,
          1.0
        ]
      ]
    },
    {
      "file_path": "/media/NFS/ttao/scannet/posed_images/scene0212_02/00056.jpg",
      "transform_matrix": [
        [
          0.965125,
          0.192779,
          -0.177117,
          6.862418
        ],
        [
          0.246572,
          -0.442076,
          0.862422,
          3.431288
        ],
        [
          0.087958,
          -0.876017,
          -0.474192,
          1.416473
        ],
        [
          0.0,
          0.0,
          0.0,
          1.0
        ]
      ]
    },
    {
      "file_path": "/media/NFS/ttao/scannet/posed_images/scene0212_02/00064.jpg",
      "transform_matrix": [
        [
          0.980225,
          0.164056,
          -0.110653,
          6.938587
        ],
        [
          0.16946,
          -0.40716,
          0.897499,
          3.409779
        ],
        [
          0.102187,
          -0.898503,
          -0.426909,
          1.444197
        ],
        [
          0.0,
          0.0,
          0.0,
          1.0
        ]
      ]
    },
    {
      "file_path": "/media/NFS/ttao/scannet/posed_images/scene0212_02/00071.jpg",
      "transform_matrix": [
        [
          0.989811,
          0.116047,
          -0.08251,
          6.962535
        ],
        [
          0.114794,
          -0.307514,
          0.944594,
          3.395635
        ],
        [
          0.084244,
          -0.944441,
          -0.317702,
          1.511876
        ],
        [
          0.0,
          0.0,
          0.0,
          1.0
        ]
      ]
    },
    {
      "file_path": "/media/NFS/ttao/scannet/posed_images/scene0212_02/00076.jpg",
      "transform_matrix": [
        [
          0.993027,
          0.086225,
          -0.080389,
          6.973629
        ],
        [
          0.095981,
          -0.195423,
          0.976011,
          3.375344
        ],
        [
          0.068447,
          -0.976921,
          -0.202336,
          1.558873
        ],
        [
          0.0,
          0.0,
          0.0,
          1.0
        ]
      ]
    },
    {
      "file_path": "/media/NFS/ttao/scannet/posed_images/scene0212_02/00081.jpg",
      "transform_matrix": [
        [
          0.99474,
          0.069605,
          -0.075145,
          6.982661
        ],
        [
          0.082589,
          -0.111109,
          0.990371,
          3.35421
        ],
        [
          0.060585,
          -0.991368,
          -0.116274,
          1.565456
        ],
        [
          0.0,
          0.0,
          0.0,
          1.0
        ]
      ]
    },
    {
      "file_path": "/media/NFS/ttao/scannet/posed_images/scene0212_02/00083.jpg",
      "transform_matrix": [
        [
          0.994906,
          0.064619,
          -0.077371,
          6.986981
        ],
        [
          0.082894,
          -0.087677,
          0.992694,
          3.347849
        ],
        [
          0.057363,
          -0.994051,
          -0.092587,
          1.572915
        ],
        [
          0.0,
          0.0,
          0.0,
          1.0
        ]
      ]
    },
    {
      "file_path": "/media/NFS/ttao/scannet/posed_images/scene0212_02/00093.jpg",
      "transform_matrix": [
        [
          0.989708,
          0.060083,
          -0.129874,
          7.001799
        ],
        [
          0.127908,
          0.035508,
          0.99115,
          3.31129
        ],
        [
          0.064163,
          -0.997562,
          0.027457,
          1.590064
        ],
        [
          0.0,
          0.0,
          0.0,
          1.0
        ]
      ]
    },
    {
      "file_path": "/media/NFS/ttao/scannet/posed_images/scene0212_02/00094.jpg",
      "transform_matrix": [
        [
          0.988649,
          0.059606,
          -0.137913,
          7.001685
        ],
        [
          0.135644,
          0.040595,
          0.989926,
          3.309172
        ],
        [
          0.064604,
          -0.997396,
          0.032049,
          1.592512
        ],
        [
          0.0,
          0.0,
          0.0,
          1.0
        ]
      ]
    },
    {
      "file_path": "/media/NFS/ttao/scannet/posed_images/scene0212_02/00101.jpg",
      "transform_matrix": [
        [
          0.976257,
          0.048797,
          -0.211048,
          7.004766
        ],
        [
          0.206699,
          0.08158,
          0.974998,
          3.303313
        ],
        [
          0.064795,
          -0.995472,
          0.069557,
          1.58972
        ],
        [
          0.0,
          0.0,
          0.0,
          1.0
        ]
      ]
    },
    {
      "file_path": "/media/NFS/ttao/scannet/posed_images/scene0212_02/00108.jpg",
      "transform_matrix": [
        [
          0.945485,
          0.062991,
          -0.319517,
          6.994337
        ],
        [
          0.315356,
          0.067838,
          0.946546,
          3.30529
        ],
        [
          0.081299,
          -0.995706,
          0.044275,
          1.587624
        ],
        [
          0.0,
          0.0,
          0.0,
          1.0
        ]
      ]
    },
    {
      "file_path": "/media/NFS/ttao/scannet/posed_images/scene0212_02/00115.jpg",
      "transform_matrix": [
        [
          0.895283,
          0.081516,
          -0.437976,
          6.998812
        ],
        [
          0.436166,
          0.039784,
          0.898987,
          3.317088
        ],
        [
          0.090706,
          -0.995878,
          6.4e-05,
          1.589529
        ],
        [
          0.0,
          0.0,
          0.0,
          1.0
        ]
      ]
    },
    {
      "file_path": "/media/NFS/ttao/scannet/posed_images/scene0212_02/00121.jpg",
      "transform_matrix": [
        [
          0.854276,
          0.089113,
          -0.512125,
          6.986556
        ],
        [
          0.512446,
          0.020986,
          0.858463,
          3.325094
        ],
        [
          0.087247,
          -0.995801,
          -0.027738,
          1.575062
        ],
        [
          0.0,
          0.0,
          0.0,
          1.0
        ]
      ]
    },
    {
      "file_path": "/media/NFS/ttao/scannet/posed_images/scene0212_02/00123.jpg",
      "transform_matrix": [
        [
          0.839129,
          0.096324,
          -0.535335,
          6.988558
        ],
        [
          0.535211,
          0.029321,
          0.84421,
          3.326453
        ],
        [
          0.097014,
          -0.994918,
          -0.026949,
          1.566
        ],
        [
          0.0,
          0.0,
          0.0,
          1.0
        ]
      ]
    },
    {
      "file_path": "/media/NFS/ttao/scannet/posed_images/scene0212_02/00131.jpg",
      "transform_matrix": [
        [
          0.760351,
          0.134991,
          -0.635329,
          6.996562
        ],
        [
          0.645919,
          -0.054407,
          0.761465,
          3.350681
        ],
        [
          0.068224,
          -0.989352,
          -0.128562,
          1.523876
        ],
        [
          0.0,
          0.0,
          0.0,
          1.0
        ]
      ]
    },
    {
      "file_path": "/media/NFS/ttao/scannet/posed_images/scene0212_02/00133.jpg",
      "transform_matrix": [
        [
          0.739371,
          0.164697,
          -0.652845,
          6.995367
        ],
        [
          0.668936,
          -0.069478,
          0.740066,
          3.35865
        ],
        [
          0.076528,
          -0.983894,
          -0.161542,
          1.522535
        ],
        [
          0.0,
          0.0,
          0.0,
          1.0
        ]
      ]
    },
    {
      "file_path": "/media/NFS/ttao/scannet/posed_images/scene0212_02/00140.jpg",
      "transform_matrix": [
        [
          0.684202,
          0.250334,
          -0.684982,
          6.966424
        ],
        [
          0.722783,
          -0.107548,
          0.682655,
          3.351587
        ],
        [
          0.097223,
          -0.962168,
          -0.254522,
          1.491375
        ],
        [
          0.0,
          0.0,
          0.0,
          1.0
        ]
      ]
    },
    {
      "file_path": "/media/NFS/ttao/scannet/posed_images/scene0212_02/00145.jpg",
      "transform_matrix": [
        [
          0.613497,
          0.305015,
          -0.728414,
          6.964475
        ],
        [
          0.7808,
          -0.096218,
          0.617328,
          3.36511
        ],
        [
          0.118208,
          -0.947475,
          -0.297185,
          1.48411
        ],
        [
          0.0,
          0.0,
          0.0,
          1.0
        ]
      ]
    },
    {
      "file_path": "/media/NFS/ttao/scannet/posed_images/scene0212_02/00155.jpg",
      "transform_matrix": [
        [
          0.480809,
          0.33213,
          -0.811488,
          6.945109
        ],
        [
          0.874795,
          -0.118759,
          0.469713,
          3.408998
        ],
        [
          0.059635,
          -0.935728,
          -0.347646,
          1.47541
        ],
        [
          0.0,
          0.0,
          0.0,
          1.0
        ]
      ]
    },
    {
      "file_path": "/media/NFS/ttao/scannet/posed_images/scene0212_02/00158.jpg",
      "transform_matrix": [
        [
          0.445369,
          0.35335,
          -0.822673,
          6.938895
        ],
        [
          0.894075,
          -0.126539,
          0.429673,
          3.430403
        ],
        [
          0.047724,
          -0.926893,
          -0.372278,
          1.464016
        ],
        [
          0.0,
          0.0,
          0.0,
          1.0
        ]
      ]
    },
    {
      "file_path": "/media/NFS/ttao/scannet/posed_images/scene0212_02/00165.jpg",
      "transform_matrix": [
        [
          0.342901,
          0.375738,
          -0.860953,
          6.908396
        ],
        [
          0.939371,
          -0.136356,
          0.314625,
          3.485219
        ],
        [
          0.000821,
          -0.91664,
          -0.399714,
          1.453638
        ],
        [
          0.0,
          0.0,
          0.0,
          1.0
        ]
      ]
    },
    {
      "file_path": "/media/NFS/ttao/scannet/posed_images/scene0212_02/00168.jpg",
      "transform_matrix": [
        [
          0.299099,
          0.376128,
          -0.876965,
          6.889646
        ],
        [
          0.954195,
          -0.110978,
          0.277841,
          3.505134
        ],
        [
          0.00718,
          -0.919898,
          -0.392093,
          1.449071
        ],
        [
          0.0,
          0.0,
          0.0,
          1.0
        ]
      ]
    },
    {
      "file_path": "/media/NFS/ttao/scannet/posed_images/scene0212_02/00174.jpg",
      "transform_matrix": [
        [
          0.22309,
          0.398654,
          -0.889553,
          6.821388
        ],
        [
          0.974419,
          -0.065753,
          0.214906,
          3.558006
        ],
        [
          0.027182,
          -0.914741,
          -0.403125,
          1.440065
        ],
        [
          0.0,
          0.0,
          0.0,
          1.0
        ]
      ]
    },
    {
      "file_path": "/media/NFS/ttao/scannet/posed_images/scene0212_02/00182.jpg",
      "transform_matrix": [
        [
          0.120811,
          0.390626,
          -0.912587,
          6.770314
        ],
        [
          0.991268,
          0.001463,
          0.131853,
          3.667409
        ],
        [
          0.052841,
          -0.920548,
          -0.387039,
          1.454511
        ],
        [
          0.0,
          0.0,
          0.0,
          1.0
        ]
      ]
    },
    {
      "file_path": "/media/NFS/ttao/scannet/posed_images/scene0212_02/00184.jpg",
      "transform_matrix": [
        [
          0.108601,
          0.380484,
          -0.918389,
          6.766026
        ],
        [
          0.992304,
          0.013788,
          0.123054,
          3.68394
        ],
        [
          0.059483,
          -0.924685,
          -0.376059,
          1.446613
        ],
        [
          0.0,
          0.0,
          0.0,
          1.0
        ]
      ]
    },
    {
      "file_path": "/media/NFS/ttao/scannet/posed_images/scene0212_02/00192.jpg",
      "transform_matrix": [
        [
          0.040269,
          0.355846,
          -0.933676,
          6.778949
        ],
        [
          0.998636,
          0.016749,
          0.049454,
          3.760925
        ],
        [
          0.033237,
          -0.934395,
          -0.354687,
          1.458914
        ],
        [
          0.0,
          0.0,
          0.0,
          1.0
        ]
      ]
    },
    {
      "file_path": "/media/NFS/ttao/scannet/posed_images/scene0212_02/00195.jpg",
      "transform_matrix": [
        [
          0.000404,
          0.34591,
          -0.938267,
          6.793634
        ],
        [
          0.99967,
          0.023948,
          0.00926,
          3.778923
        ],
        [
          0.025672,
          -0.937962,
          -0.345787,
          1.469438
        ],
        [
          0.0,
          0.0,
          0.0,
          1.0
        ]
      ]
    },
    {
      "file_path": "/media/NFS/ttao/scannet/posed_images/scene0212_02/00201.jpg",
      "transform_matrix": [
        [
          -0.125103,
          0.302599,
          -0.944872,
          6.849209
        ],
        [
          0.992116,
          0.030967,
          -0.121441,
          3.869256
        ],
        [
          -0.007488,
          -0.952615,
          -0.304088,
          1.489966
        ],
        [
          0.0,
          0.0,
          0.0,
          1.0
        ]
      ]
    },
    {
      "file_path": "/media/NFS/ttao/scannet/posed_images/scene0212_02/00209.jpg",
      "transform_matrix": [
        [
          -0.260073,
          0.301684,
          -0.917251,
          6.911754
        ],
        [
          0.965581,
          0.077347,
          -0.248337,
          3.953945
        ],
        [
          -0.003973,
          -0.950266,
          -0.311416,
          1.468883
        ],
        [
          0.0,
          0.0,
          0.0,
          1.0
        ]
      ]
    },
    {
      "file_path": "/media/NFS/ttao/scannet/posed_images/scene0212_02/00214.jpg",
      "transform_matrix": [
        [
          -0.309061,
          0.297364,
          -0.903358,
          6.935585
        ],
        [
          0.950943,
          0.082931,
          -0.298042,
          3.98197
        ],
        [
          -0.01371,
          -0.951156,
          -0.308407,
          1.488891
        ],
        [
          0.0,
          0.0,
          0.0,
          1.0
        ]
      ]
    },
    {
      "file_path": "/media/NFS/ttao/scannet/posed_images/scene0212_02/00217.jpg",
      "transform_matrix": [
        [
          -0.331972,
          0.28798,
          -0.898255,
          6.957333
        ],
        [
          0.94322,
          0.089773,
          -0.319808,
          3.98647
        ],
        [
          -0.011459,
          -0.953419,
          -0.301431,
          1.489253
        ],
        [
          0.0,
          0.0,
          0.0,
          1.0
        ]
      ]
    },
    {
      "file_path": "/media/NFS/ttao/scannet/posed_images/scene0212_02/00227.jpg",
      "transform_matrix": [
        [
          -0.414322,
          0.285248,
          -0.864275,
          6.975861
        ],
        [
          0.909718,
          0.101204,
          -0.402705,
          4.039741
        ],
        [
          -0.027403,
          -0.953096,
          -0.301426,
          1.478687
        ],
        [
          0.0,
          0.0,
          0.0,
          1.0
        ]
      ]
    },
    {
      "file_path": "/media/NFS/ttao/scannet/posed_images/scene0212_02/00233.jpg",
      "transform_matrix": [
        [
          -0.457074,
          0.286743,
          -0.84194,
          6.986094
        ],
        [
          0.888719,
          0.10943,
          -0.445201,
          4.055714
        ],
        [
          -0.035524,
          -0.951737,
          -0.304851,
          1.486277
        ],
        [
          0.0,
          0.0,
          0.0,
          1.0
        ]
      ]
    },
    {
      "file_path": "/media/NFS/ttao/scannet/posed_images/scene0212_02/00239.jpg",
      "transform_matrix": [
        [
          -0.486789,
          0.281903,
          -0.826781,
          6.992898
        ],
        [
          0.872869,
          0.120458,
          -0.472853,
          4.059582
        ],
        [
          -0.033707,
          -0.951851,
          -0.304702,
          1.481477
        ],
        [
          0.0,
          0.0,
          0.0,
          1.0
        ]
      ]
    },
    {
      "file_path": "/media/NFS/ttao/scannet/posed_images/scene0212_02/00241.jpg",
      "transform_matrix": [
        [
          -0.499533,
          0.288145,
          -0.81697,
          6.987493
        ],
        [
          0.865384,
          0.122731,
          -0.485848,
          4.069342
        ],
        [
          -0.039727,
          -0.949689,
          -0.310665,
          1.481795
        ],
        [
          0.0,
          0.0,
          0.0,
          1.0
        ]
      ]
    },
    {
      "file_path": "/media/NFS/ttao/scannet/posed_images/scene0212_02/00249.jpg",
      "transform_matrix": [
        [
          -0.541645,
          0.297856,
          -0.786068,
          6.993689
        ],
        [
          0.839691,
          0.148059,
          -0.522492,
          4.054699
        ],
        [
          -0.039243,
          -0.943059,
          -0.330303,
          1.465664
        ],
        [
          0.0,
          0.0,
          0.0,
          1.0
        ]
      ]
    },
    {
      "file_path": "/media/NFS/ttao/scannet/posed_images/scene0212_02/00251.jpg",
      "transform_matrix": [
        [
          -0.561115,
          0.299727,
          -0.771566,
          6.973191
        ],
        [
          0.826824,
          0.159159,
          -0.539473,
          4.075337
        ],
        [
          -0.038893,
          -0.940655,
          -0.337127,
          1.474447
        ],
        [
          0.0,
          0.0,
          0.0,
          1.0
        ]
      ]
    },
    {
      "file_path": "/media/NFS/ttao/scannet/posed_images/scene0212_02/00258.jpg",
      "transform_matrix": [
        [
          -0.605389,
          0.303309,
          -0.735872,
          6.982473
        ],
        [
          0.795095,
          0.188105,
          -0.576577,
          4.060926
        ],
        [
          -0.03646,
          -0.934141,
          -0.355036,
          1.449463
        ],
        [
          0.0,
          0.0,
          0.0,
          1.0
        ]
      ]
    },
    {
      "file_path": "/media/NFS/ttao/scannet/posed_images/scene0212_02/00266.jpg",
      "transform_matrix": [
        [
          -0.643604,
          0.325466,
          -0.692709,
          6.986527
        ],
        [
          0.765027,
          0.246944,
          -0.594771,
          4.045444
        ],
        [
          -0.022517,
          -0.912738,
          -0.407924,
          1.437524
        ],
        [
          0.0,
          0.0,
          0.0,
          1.0
        ]
      ]
    },
    {
      "file_path": "/media/NFS/ttao/scannet/posed_images/scene0212_02/00270.jpg",
      "transform_matrix": [
        [
          -0.648201,
          0.342717,
          -0.679986,
          6.980285
        ],
        [
          0.761197,
          0.267718,
          -0.590684,
          4.043153
        ],
        [
          -0.020393,
          -0.900485,
          -0.434409,
          1.430356
        ],
        [
          0.0,
          0.0,
          0.0,
          1.0
        ]
      ]
    },
    {
      "file_path": "/media/NFS/ttao/scannet/posed_images/scene0212_02/00275.jpg",
      "transform_matrix": [
        [
          -0.639732,
          0.371797,
          -0.672689,
          6.980858
        ],
        [
          0.768397,
          0.289338,
          -0.570833,
          4.037077
        ],
        [
          -0.0176,
          -0.882072,
          -0.470786,
          1.413454
        ],
        [
          0.0,
          0.0,
          0.0,
          1.0
        ]
      ]
    },
    {
      "file_path": "/media/NFS/ttao/scannet/posed_images/scene0212_02/00280.jpg",
      "transform_matrix": [
        [
          -0.613707,
          0.405482,
          -0.677457,
          6.981066
        ],
        [
          0.789354,
          0.296783,
          -0.537439,
          4.024303
        ],
        [
          -0.016865,
          -0.864583,
          -0.502207,
          1.412386
        ],
        [
          0.0,
          0.0,
          0.0,
          1.0
        ]
      ]
    },
    {
      "file_path": "/media/NFS/ttao/scannet/posed_images/scene0212_02/00285.jpg",
      "transform_matrix": [
        [
          -0.574575,
          0.427147,
          -0.698146,
          6.980414
        ],
        [
          0.818399,
          0.290132,
          -0.496031,
          4.019443
        ],
        [
          -0.009324,
          -0.85637,
          -0.516279,
          1.412812
        ],
        [
          0.0,
          0.0,
          0.0,
          1.0
        ]
      ]
    },
    {
      "file_path": "/media/NFS/ttao/scannet/posed_images/scene0212_02/00292.jpg",
      "transform_matrix": [
        [
          -0.518405,
          0.435645,
          -0.735846,
          6.979484
        ],
        [
          0.854799,
          0.239871,
          -0.460197,
          4.020451
        ],
        [
          -0.023974,
          -0.867569,
          -0.496739,
          1.424669
        ],
        [
          0.0,
          0.0,
          0.0,
          1.0
        ]
      ]
    },
    {
      "file_path": "/media/NFS/ttao/scannet/posed_images/scene0212_02/00300.jpg",
      "transform_matrix": [
        [
          -0.463198,
          0.387476,
          -0.797063,
          6.971501
        ],
        [
          0.885734,
          0.171578,
          -0.431319,
          4.021476
        ],
        [
          -0.030368,
          -0.905773,
          -0.422675,
          1.461024
        ],
        [
          0.0,
          0.0,
          0.0,
          1.0
        ]
      ]
    },
    {
      "file_path": "/media/NFS/ttao/scannet/posed_images/scene0212_02/00303.jpg",
      "transform_matrix": [
        [
          -0.475898,
          0.374797,
          -0.795643,
          6.973566
        ],
        [
          0.878572,
          0.161035,
          -0.449643,
          4.030233
        ],
        [
          -0.040399,
          -0.913014,
          -0.405923,
          1.459849
        ],
        [
          0.0,
          0.0,
          0.0,
          1.0
        ]
      ]
    },
    {
      "file_path": "/media/NFS/ttao/scannet/posed_images/scene0212_02/00308.jpg",
      "transform_matrix": [
        [
          -0.465353,
          0.336655,
          -0.818602,
          6.96242
        ],
        [
          0.884648,
          0.146537,
          -0.442634,
          4.0315
        ],
        [
          -0.02906,
          -0.930156,
          -0.366013,
          1.492793
        ],
        [
          0.0,
          0.0,
          0.0,
          1.0
        ]
      ]
    },
    {
      "file_path": "/media/NFS/ttao/scannet/posed_images/scene0212_02/00313.jpg",
      "transform_matrix": [
        [
          -0.432894,
          0.277794,
          -0.857574,
          6.962598
        ],
        [
          0.901069,
          0.105874,
          -0.420555,
          4.025606
        ],
        [
          -0.026033,
          -0.954789,
          -0.296143,
          1.5284
        ],
        [
          0.0,
          0.0,
          0.0,
          1.0
        ]
      ]
    },
    {
      "file_path": "/media/NFS/ttao/scannet/posed_images/scene0212_02/00320.jpg",
      "transform_matrix": [
        [
          -0.370926,
          0.185895,
          -0.909866,
          6.986725
        ],
        [
          0.928594,
          0.06232,
          -0.365828,
          4.023077
        ],
        [
          -0.011303,
          -0.980591,
          -0.195737,
          1.545813
        ],
        [
          0.0,
          0.0,
          0.0,
          1.0
        ]
      ]
    },
    {
      "file_path": "/media/NFS/ttao/scannet/posed_images/scene0212_02/00329.jpg",
      "transform_matrix": [
        [
          -0.289407,
          0.104334,
          -0.951503,
          7.020377
        ],
        [
          0.957171,
          0.040079,
          -0.286737,
          4.003941
        ],
        [
          0.008219,
          -0.993735,
          -0.111465,
          1.579095
        ],
        [
          0.0,
          0.0,
          0.0,
          1.0
        ]
      ]
    },
    {
      "file_path": "/media/NFS/ttao/scannet/posed_images/scene0212_02/00330.jpg",
      "transform_matrix": [
        [
          -0.278476,
          0.103896,
          -0.954807,
          7.025188
        ],
        [
          0.960338,
          0.044849,
          -0.275209,
          3.998654
        ],
        [
          0.014229,
          -0.993577,
          -0.112265,
          1.597913
        ],
        [
          0.0,
          0.0,
          0.0,
          1.0
        ]
      ]
    },
    {
      "file_path": "/media/NFS/ttao/scannet/posed_images/scene0212_02/00340.jpg",
      "transform_matrix": [
        [
          -0.175081,
          0.058654,
          -0.982805,
          7.054199
        ],
        [
          0.98412,
          0.040067,
          -0.172924,
          3.970282
        ],
        [
          0.029235,
          -0.997474,
          -0.064737,
          1.602476
        ],
        [
          0.0,
          0.0,
          0.0,
          1.0
        ]
      ]
    },
    {
      "file_path": "/media/NFS/ttao/scannet/posed_images/scene0212_02/00345.jpg",
      "transform_matrix": [
        [
          -0.149361,
          0.070004,
          -0.986301,
          7.051937
        ],
        [
          0.988368,
          0.039453,
          -0.146874,
          3.964328
        ],
        [
          0.028631,
          -0.996766,
          -0.075083,
          1.594407
        ],
        [
          0.0,
          0.0,
          0.0,
          1.0
        ]
      ]
    },
    {
      "file_path": "/media/NFS/ttao/scannet/posed_images/scene0212_02/00347.jpg",
      "transform_matrix": [
        [
          -0.138092,
          0.077351,
          -0.987394,
          7.051637
        ],
        [
          0.990079,
          0.036907,
          -0.135576,
          3.962193
        ],
        [
          0.025955,
          -0.996321,
          -0.08168,
          1.59498
        ],
        [
          0.0,
          0.0,
          0.0,
          1.0
        ]
      ]
    },
    {
      "file_path": "/media/NFS/ttao/scannet/posed_images/scene0212_02/00357.jpg",
      "transform_matrix": [
        [
          -0.065624,
          0.142512,
          -0.987615,
          7.033823
        ],
        [
          0.997758,
          0.022389,
          -0.063068,
          3.96125
        ],
        [
          0.013124,
          -0.98954,
          -0.143662,
          1.584512
        ],
        [
          0.0,
          0.0,
          0.0,
          1.0
        ]
      ]
    },
    {
      "file_path": "/media/NFS/ttao/scannet/posed_images/scene0212_02/00362.jpg",
      "transform_matrix": [
        [
          -0.009903,
          0.180147,
          -0.98359,
          7.022042
        ],
        [
          0.999899,
          0.011823,
          -0.007902,
          3.943382
        ],
        [
          0.010206,
          -0.983569,
          -0.180246,
          1.566334
        ],
        [
          0.0,
          0.0,
          0.0,
          1.0
        ]
      ]
    },
    {
      "file_path": "/media/NFS/ttao/scannet/posed_images/scene0212_02/00367.jpg",
      "transform_matrix": [
        [
          0.040106,
          0.213711,
          -0.976073,
          7.020288
        ],
        [
          0.999194,
          -0.006958,
          0.039533,
          3.96021
        ],
        [
          0.001658,
          -0.976872,
          -0.213818,
          1.55884
        ],
        [
          0.0,
          0.0,
          0.0,
          1.0
        ]
      ]
    },
    {
      "file_path": "/media/NFS/ttao/scannet/posed_images/scene0212_02/00374.jpg",
      "transform_matrix": [
        [
          0.12844,
          0.251098,
          -0.959402,
          7.01825
        ],
        [
          0.991715,
          -0.034431,
          0.123754,
          3.965662
        ],
        [
          -0.001959,
          -0.967349,
          -0.25344,
          1.535205
        ],
        [
          0.0,
          0.0,
          0.0,
          1.0
        ]
      ]
    },
    {
      "file_path": "/media/NFS/ttao/scannet/posed_images/scene0212_02/00379.jpg",
      "transform_matrix": [
        [
          0.186574,
          0.288629,
          -0.939086,
          7.025427
        ],
        [
          0.982439,
          -0.056504,
          0.17782,
          3.979602
        ],
        [
          -0.001738,
          -0.955772,
          -0.294103,
          1.528
        ],
        [
          0.0,
          0.0,
          0.0,
          1.0
        ]
      ]
    },
    {
      "file_path": "/media/NFS/ttao/scannet/posed_images/scene0212_02/00384.jpg",
      "transform_matrix": [
        [
          0.23409,
          0.291272,
          -0.927557,
          7.042751
        ],
        [
          0.972128,
          -0.082877,
          0.219313,
          4.006437
        ],
        [
          -0.012993,
          -0.953044,
          -0.302554,
          1.514722
        ],
        [
          0.0,
          0.0,
          0.0,
          1.0
        ]
      ]
    },
    {
      "file_path": "/media/NFS/ttao/scannet/posed_images/scene0212_02/00386.jpg",
      "transform_matrix": [
        [
          0.264868,
          0.289966,
          -0.919655,
          7.047056
        ],
        [
          0.964164,
          -0.094747,
          0.247814,
          4.012396
        ],
        [
          -0.015278,
          -0.952336,
          -0.30467,
          1.510568
        ],
        [
          0.0,
          0.0,
          0.0,
          1.0
        ]
      ]
    },
    {
      "file_path": "/media/NFS/ttao/scannet/posed_images/scene0212_02/00396.jpg",
      "transform_matrix": [
        [
          0.460913,
          0.348364,
          -0.816212,
          7.0456
        ],
        [
          0.887392,
          -0.190952,
          0.41961,
          4.016232
        ],
        [
          -0.00968,
          -0.917704,
          -0.397148,
          1.486619
        ],
        [
          0.0,
          0.0,
          0.0,
          1.0
        ]
      ]
    },
    {
      "file_path": "/media/NFS/ttao/scannet/posed_images/scene0212_02/00401.jpg",
      "transform_matrix": [
        [
          0.57055,
          0.350754,
          -0.742593,
          7.041342
        ],
        [
          0.821263,
          -0.244303,
          0.5156,
          4.01487
        ],
        [
          -0.000569,
          -0.90404,
          -0.427448,
          1.491993
        ],
        [
          0.0,
          0.0,
          0.0,
          1.0
        ]
      ]
    },
    {
      "file_path": "/media/NFS/ttao/scannet/posed_images/scene0212_02/00406.jpg",
      "transform_matrix": [
        [
          0.653985,
          0.335069,
          -0.678257,
          7.047071
        ],
        [
          0.756508,
          -0.290124,
          0.586109,
          4.016414
        ],
        [
          -0.000392,
          -0.896413,
          -0.443219,
          1.493345
        ],
        [
          0.0,
          0.0,
          0.0,
          1.0
        ]
      ]
    },
    {
      "file_path": "/media/NFS/ttao/scannet/posed_images/scene0212_02/00409.jpg",
      "transform_matrix": [
        [
          0.701879,
          0.315323,
          -0.6387,
          7.052609
        ],
        [
          0.712294,
          -0.308403,
          0.630496,
          4.008749
        ],
        [
          0.001833,
          -0.897474,
          -0.441064,
          1.487737
        ],
        [
          0.0,
          0.0,
          0.0,
          1.0
        ]
      ]
    },
    {
      "file_path": "/media/NFS/ttao/scannet/posed_images/scene0212_02/00418.jpg",
      "transform_matrix": [
        [
          0.789851,
          0.286375,
          -0.542332,
          7.07472
        ],
        [
          0.613262,
          -0.359162,
          0.7035,
          3.984555
        ],
        [
          0.00668,
          -0.888252,
          -0.459308,
          1.471946
        ],
        [
          0.0,
          0.0,
          0.0,
          1.0
        ]
      ]
    },
    {
      "file_path": "/media/NFS/ttao/scannet/posed_images/scene0212_02/00425.jpg",
      "transform_matrix": [
        [
          0.829758,
          0.264737,
          -0.491341,
          7.090592
        ],
        [
          0.558105,
          -0.400862,
          0.726518,
          3.962936
        ],
        [
          -0.004624,
          -0.877054,
          -0.48037,
          1.466044
        ],
        [
          0.0,
          0.0,
          0.0,
          1.0
        ]
      ]
    },
    {
      "file_path": "/media/NFS/ttao/scannet/posed_images/scene0212_02/00426.jpg",
      "transform_matrix": [
        [
          0.830787,
          0.261607,
          -0.491278,
          7.090819
        ],
        [
          0.556535,
          -0.402838,
          0.726629,
          3.960802
        ],
        [
          -0.007814,
          -0.877088,
          -0.480266,
          1.46714
        ],
        [
          0.0,
          0.0,
          0.0,
          1.0
        ]
      ]
    },
    {
      "file_path": "/media/NFS/ttao/scannet/posed_images/scene0212_02/00431.jpg",
      "transform_matrix": [
        [
          0.829832,
          0.245598,
          -0.501059,
          7.099438
        ],
        [
          0.55729,
          -0.410456,
          0.721771,
          3.937779
        ],
        [
          -0.028397,
          -0.878184,
          -0.477479,
          1.447225
        ],
        [
          0.0,
