{
  "frames": [
    {
      "file_path": "/media/NFS/ttao/scannet/posed_images/scene0303_02/00001.jpg",
      "transform_matrix": [
        [
          -0.556715,
          0.191213,
          -0.808398,
          1.478274
        ],
        [
          0.826878,
          0.220842,
          -0.517206,
          2.517446
        ],
        [
          0.079632,
          -0.956382,
          -0.281055,
          1.463484
        ],
        [
          0.0,
          0.0,
          0.0,
          1.0
        ]
      ]
    },
    {
      "file_path": "/media/NFS/ttao/scannet/posed_images/scene0303_02/00004.jpg",
      "transform_matrix": [
        [
          -0.587857,
          0.20899,
          -0.781503,
          1.447476
        ],
        [
          0.806498,
          0.226798,
          -0.546008,
          2.518901
        ],
        [
          0.063133,
          -0.951255,
          -0.301874,
          1.471987
        ],
        [
          0.0,
          0.0,
          0.0,
          1.0
        ]
      ]
    },
    {
      "file_path": "/media/NFS/ttao/scannet/posed_images/scene0303_02/00007.jpg",
      "transform_matrix": [
        [
          -0.626876,
          0.177758,
          -0.75857,
          1.423699
        ],
        [
          0.775592,
          0.234908,
          -0.585897,
          2.531221
        ],
        [
          0.074046,
          -0.955626,
          -0.285126,
          1.480315
        ],
        [
          0.0,
          0.0,
          0.0,
          1.0
        ]
      ]
    },
    {
      "file_path": "/media/NFS/ttao/scannet/posed_images/scene0303_02/00009.jpg",
      "transform_matrix": [
        [
          -0.664143,
          0.170425,
          -0.727922,
          1.411414
        ],
        [
          0.742693,
          0.261844,
          -0.616316,
          2.543238
        ],
        [
          0.085566,
          -0.949944,
          -0.300475,
          1.48071
        ],
        [
          0.0,
          0.0,
          0.0,
          1.0
        ]
      ]
    },
    {
      "file_path": "/media/NFS/ttao/scannet/posed_images/scene0303_02/00015.jpg",
      "transform_matrix": [
        [
          -0.754413,
          0.135856,
          -0.642187,
          1.392139
        ],
        [
          0.651649,
          0.272515,
          -0.707877,
          2.566804
        ],
        [
          0.078836,
          -0.952512,
          -0.294119,
          1.493725
        ],
        [
          0.0,
          0.0,
          0.0,
          1.0
        ]
      ]
    },
    {
      "file_path": "/media/NFS/ttao/scannet/posed_images/scene0303_02/00017.jpg",
      "transform_matrix": [
        [
          -0.784419,
          0.121357,
          -0.608244,
          1.391788
        ],
        [
          0.614384,
          0.286387,
          -0.735197,
          2.571743
        ],
        [
          0.084972,
          -0.950397,
          -0.299207,
          1.499931
        ],
        [
          0.0,
          0.0,
          0.0,
          1.0
        ]
      ]
    },
    {
      "file_path": "/media/NFS/ttao/scannet/posed_images/scene0303_02/00020.jpg",
      "transform_matrix": [
        [
          -0.80602,
          0.11347,
          -0.58091,
          1.382666
        ],
        [
          0.586334,
          0.287214,
          -0.757444,
          2.587322
        ],
        [
          0.080898,
          -0.951122,
          -0.298031,
          1.495758
        ],
        [
          0.0,
          0.0,
          0.0,
          1.0
        ]
      ]
    },
    {
      "file_path": "/media/NFS/ttao/scannet/posed_images/scene0303_02/00023.jpg",
      "transform_matrix": [
        [
          -0.812094,
          0.093981,
          -0.57591,
          1.387211
        ],
        [
          0.575122,
          0.295822,
          -0.762709,
          2.584938
        ],
        [
          0.098686,
          -0.950609,
          -0.294286,
          1.499964
        ],
        [
          0.0,
          0.0,
          0.0,
          1.0
        ]
      ]
    },
    {
      "file_path": "/media/NFS/ttao/scannet/posed_images/scene0303_02/00027.jpg",
      "transform_matrix": [
        [
          -0.812872,
          0.085032,
          -0.576203,
          1.400704
        ],
        [
          0.57249,
          0.298747,
          -0.763548,
          2.571042
        ],
        [
          0.107213,
          -0.950537,
          -0.291522,
          1.509791
        ],
        [
          0.0,
          0.0,
          0.0,
          1.0
        ]
      ]
    },
    {
      "file_path": "/media/NFS/ttao/scannet/posed_images/scene0303_02/00029.jpg",
      "transform_matrix": [
        [
          -0.813253,
          0.080762,
          -0.576279,
          1.407106
        ],
        [
          0.570141,
          0.308756,
          -0.761321,
          2.562041
        ],
        [
          0.116444,
          -0.947707,
          -0.297142,
          1.512406
        ],
        [
          0.0,
          0.0,
          0.0,
          1.0
        ]
      ]
    },
    {
      "file_path": "/media/NFS/ttao/scannet/posed_images/scene0303_02/00033.jpg",
      "transform_matrix": [
        [
          -0.822528,
          0.063342,
          -0.565186,
          1.421999
        ],
        [
          0.551356,
          0.332532,
          -0.765133,
          2.537951
        ],
        [
          0.139477,
          -0.940962,
          -0.308441,
          1.515263
        ],
        [
          0.0,
          0.0,
          0.0,
          1.0
        ]
      ]
    },
    {
      "file_path": "/media/NFS/ttao/scannet/posed_images/scene0303_02/00038.jpg",
      "transform_matrix": [
        [
          -0.828718,
          0.040422,
          -0.558205,
          1.452821
        ],
        [
          0.537781,
          0.3337,
          -0.774233,
          2.494636
        ],
        [
          0.154977,
          -0.941812,
          -0.298282,
          1.523234
        ],
        [
          0.0,
          0.0,
          0.0,
          1.0
        ]
      ]
    },
    {
      "file_path": "/media/NFS/ttao/scannet/posed_images/scene0303_02/00039.jpg",
      "transform_matrix": [
        [
          -0.828169,
          0.037982,
          -0.55919,
          1.458093
        ],
        [
          0.53813,
          0.332808,
          -0.774374,
          2.487525
        ],
        [
          0.15669,
          -0.94223,
          -0.29606,
          1.525049
        ],
        [
          0.0,
          0.0,
          0.0,
          1.0
        ]
      ]
    },
    {
      "file_path": "/media/NFS/ttao/scannet/posed_images/scene0303_02/00043.jpg",
      "transform_matrix": [
        [
          -0.846338,
          0.033683,
          -0.53158,
          1.475046
        ],
        [
          0.512187,
          0.325401,
          -0.794845,
          2.464433
        ],
        [
          0.146204,
          -0.944976,
          -0.292651,
          1.532995
        ],
        [
          0.0,
          0.0,
          0.0,
          1.0
        ]
      ]
    },
    {
      "file_path": "/media/NFS/ttao/scannet/posed_images/scene0303_02/00045.jpg",
      "transform_matrix": [
        [
          -0.860837,
          0.022135,
          -0.508399,
          1.484238
        ],
        [
          0.485121,
          0.337405,
          -0.806732,
          2.451189
        ],
        [
          0.153679,
          -0.941099,
          -0.301189,
          1.532832
        ],
        [
          0.0,
          0.0,
          0.0,
          1.0
        ]
      ]
    },
    {
      "file_path": "/media/NFS/ttao/scannet/posed_images/scene0303_02/00049.jpg",
      "transform_matrix": [
        [
          -0.885486,
          0.001761,
          -0.464663,
          1.499562
        ],
        [
          0.431745,
          0.372816,
          -0.821343,
          2.429373
        ],
        [
          0.171788,
          -0.927904,
          -0.330883,
          1.524027
        ],
        [
          0.0,
          0.0,
          0.0,
          1.0
        ]
      ]
    },
    {
      "file_path": "/media/NFS/ttao/scannet/posed_images/scene0303_02/00053.jpg",
      "transform_matrix": [
        [
          -0.900526,
          -0.010554,
          -0.434674,
          1.509949
        ],
        [
          0.394765,
          0.399179,
          -0.827537,
          2.409072
        ],
        [
          0.182246,
          -0.916813,
          -0.355304,
          1.513046
        ],
        [
          0.0,
          0.0,
          0.0,
          1.0
        ]
      ]
    },
    {
      "file_path": "/media/NFS/ttao/scannet/posed_images/scene0303_02/00055.jpg",
      "transform_matrix": [
        [
          -0.910088,
          -0.01574,
          -0.414115,
          1.511874
        ],
        [
          0.37249,
          0.406903,
          -0.834075,
          2.401265
        ],
        [
          0.181633,
          -0.913336,
          -0.364454,
          1.511387
        ],
        [
          0.0,
          0.0,
          0.0,
          1.0
        ]
      ]
    },
    {
      "file_path": "/media/NFS/ttao/scannet/posed_images/scene0303_02/00059.jpg",
      "transform_matrix": [
        [
          -0.940064,
          -0.034413,
          -0.339257,
          1.506871
        ],
        [
          0.298353,
          0.398754,
          -0.867168,
          2.392717
        ],
        [
          0.165122,
          -0.916412,
          -0.364587,
          1.514854
        ],
        [
          0.0,
          0.0,
          0.0,
          1.0
        ]
      ]
    },
    {
      "file_path": "/media/NFS/ttao/scannet/posed_images/scene0303_02/00064.jpg",
      "transform_matrix": [
        [
          -0.965914,
          -0.046472,
          -0.254657,
          1.496266
        ],
        [
          0.213847,
          0.411114,
          -0.886146,
          2.384957
        ],
        [
          0.145874,
          -0.910399,
          -0.387163,
          1.50848
        ],
        [
          0.0,
          0.0,
          0.0,
          1.0
        ]
      ]
    },
    {
      "file_path": "/media/NFS/ttao/scannet/posed_images/scene0303_02/00067.jpg",
      "transform_matrix": [
        [
          -0.974982,
          -0.069794,
          -0.211044,
          1.478477
        ],
        [
          0.165471,
          0.406069,
          -0.898736,
          2.38553
        ],
        [
          0.148425,
          -0.911173,
          -0.384361,
          1.509522
        ],
        [
          0.0,
          0.0,
          0.0,
          1.0
        ]
      ]
    },
    {
      "file_path": "/media/NFS/ttao/scannet/posed_images/scene0303_02/00070.jpg",
      "transform_matrix": [
        [
          -0.977021,
          -0.092882,
          -0.191843,
          1.460914
        ],
        [
          0.136093,
          0.420859,
          -0.896859,
          2.379851
        ],
        [
          0.164041,
          -0.902358,
          -0.398547,
          1.512865
        ],
        [
          0.0,
          0.0,
          0.0,
          1.0
        ]
      ]
    },
    {
      "file_path": "/media/NFS/ttao/scannet/posed_images/scene0303_02/00073.jpg",
      "transform_matrix": [
        [
          -0.982175,
          -0.106263,
          -0.155047,
          1.445148
        ],
        [
          0.097548,
          0.416939,
          -0.903685,
          2.376029
        ],
        [
          0.160673,
          -0.902702,
          -0.399141,
          1.51584
        ],
        [
          0.0,
          0.0,
          0.0,
          1.0
        ]
      ]
    },
    {
      "file_path": "/media/NFS/ttao/scannet/posed_images/scene0303_02/00077.jpg",
      "transform_matrix": [
        [
          -0.987069,
          -0.12345,
          -0.102248,
          1.429162
        ],
        [
          0.041252,
          0.420751,
          -0.906237,
          2.371736
        ],
        [
          0.154896,
          -0.898737,
          -0.410218,
          1.510885
        ],
        [
          0.0,
          0.0,
          0.0,
          1.0
        ]
      ]
    },
    {
      "file_path": "/media/NFS/ttao/scannet/posed_images/scene0303_02/00078.jpg",
      "transform_matrix": [
        [
          -0.988046,
          -0.125956,
          -0.088881,
          1.42343
        ],
        [
          0.0276,
          0.422709,
          -0.905845,
          2.370533
        ],
        [
          0.151667,
          -0.89747,
          -0.41418,
          1.509211
        ],
        [
          0.0,
          0.0,
          0.0,
          1.0
        ]
      ]
    },
    {
      "file_path": "/media/NFS/ttao/scannet/posed_images/scene0303_02/00083.jpg",
      "transform_matrix": [
        [
          -0.992071,
          -0.122219,
          -0.02928,
          1.404375
        ],
        [
          -0.028343,
          0.444556,
          -0.895303,
          2.346283
        ],
        [
          0.122439,
          -0.887374,
          -0.444495,
          1.495652
        ],
        [
          0.0,
          0.0,
          0.0,
          1.0
        ]
      ]
    },
    {
      "file_path": "/media/NFS/ttao/scannet/posed_images/scene0303_02/00087.jpg",
      "transform_matrix": [
        [
          -0.989132,
          -0.132388,
          0.063959,
          1.387977
        ],
        [
          -0.112988,
          0.406079,
          -0.906826,
          2.327462
        ],
        [
          0.094081,
          -0.904198,
          -0.416624,
          1.474939
        ],
        [
          0.0,
          0.0,
          0.0,
          1.0
        ]
      ]
    },
    {
      "file_path": "/media/NFS/ttao/scannet/posed_images/scene0303_02/00088.jpg",
      "transform_matrix": [
        [
          -0.987063,
          -0.13996,
          0.078217,
          1.389538
        ],
        [
          -0.129897,
          0.412102,
          -0.901831,
          2.319943
        ],
        [
          0.093987,
          -0.900324,
          -0.424951,
          1.475385
        ],
        [
          0.0,
          0.0,
          0.0,
          1.0
        ]
      ]
    },
    {
      "file_path": "/media/NFS/ttao/scannet/posed_images/scene0303_02/00092.jpg",
      "transform_matrix": [
        [
          -0.975526,
          -0.189988,
          0.110696,
          1.402776
        ],
        [
          -0.180889,
          0.407187,
          -0.895253,
          2.293509
        ],
        [
          0.125014,
          -0.893366,
          -0.431588,
          1.479789
        ],
        [
          0.0,
          0.0,
          0.0,
          1.0
        ]
      ]
    },
    {
      "file_path": "/media/NFS/ttao/scannet/posed_images/scene0303_02/00097.jpg",
      "transform_matrix": [
        [
          -0.971592,
          -0.229441,
          0.058023,
          1.410172
        ],
        [
          -0.151075,
          0.412569,
          -0.898311,
          2.262573
        ],
        [
          0.182171,
          -0.881557,
          -0.435512,
          1.483981
        ],
        [
          0.0,
          0.0,
          0.0,
          1.0
        ]
      ]
    },
    {
      "file_path": "/media/NFS/ttao/scannet/posed_images/scene0303_02/00100.jpg",
      "transform_matrix": [
        [
          -0.971682,
          -0.234907,
          0.02555,
          1.412194
        ],
        [
          -0.124569,
          0.417363,
          -0.900161,
          2.251616
        ],
        [
          0.200791,
          -0.877853,
          -0.434807,
          1.483906
        ],
        [
          0.0,
          0.0,
          0.0,
          1.0
        ]
      ]
    },
    {
      "file_path": "/media/NFS/ttao/scannet/posed_images/scene0303_02/00103.jpg",
      "transform_matrix": [
        [
          -0.975649,
          -0.218696,
          0.016805,
          1.405006
        ],
        [
          -0.111363,
          0.427888,
          -0.896945,
          2.242717
        ],
        [
          0.188967,
          -0.876975,
          -0.441823,
          1.479747
        ],
        [
          0.0,
          0.0,
          0.0,
          1.0
        ]
      ]
    },
    {
      "file_path": "/media/NFS/ttao/scannet/posed_images/scene0303_02/00106.jpg",
      "transform_matrix": [
        [
          -0.972905,
          -0.218413,
          0.075847,
          1.391467
        ],
        [
          -0.163208,
          0.416401,
          -0.894412,
          2.243211
        ],
        [
          0.163769,
          -0.882557,
          -0.440765,
          1.471121
        ],
        [
          0.0,
          0.0,
          0.0,
          1.0
        ]
      ]
    },
    {
      "file_path": "/media/NFS/ttao/scannet/posed_images/scene0303_02/00110.jpg",
      "transform_matrix": [
        [
          -0.959482,
          -0.226051,
          0.168212,
          1.375035
        ],
        [
          -0.248388,
          0.396699,
          -0.883704,
          2.239513
        ],
        [
          0.133033,
          -0.88968,
          -0.436774,
          1.483971
        ],
        [
          0.0,
          0.0,
          0.0,
          1.0
        ]
      ]
    },
    {
      "file_path": "/media/NFS/ttao/scannet/posed_images/scene0303_02/00111.jpg",
      "transform_matrix": [
        [
          -0.959027,
          -0.222211,
          0.175752,
          1.371636
        ],
        [
          -0.254281,
          0.401562,
          -0.879824,
          2.240134
        ],
        [
          0.124931,
          -0.888465,
          -0.441613,
          1.487984
        ],
        [
          0.0,
          0.0,
          0.0,
          1.0
        ]
      ]
    },
    {
      "file_path": "/media/NFS/ttao/scannet/posed_images/scene0303_02/00114.jpg",
      "transform_matrix": [
        [
          -0.952828,
          -0.226237,
          0.202328,
          1.343099
        ],
        [
          -0.280668,
          0.403055,
          -0.871075,
          2.243089
        ],
        [
          0.11552,
          -0.886772,
          -0.447539,
          1.483891
        ],
        [
          0.0,
          0.0,
          0.0,
          1.0
        ]
      ]
    },
    {
      "file_path": "/media/NFS/ttao/scannet/posed_images/scene0303_02/00120.jpg",
      "transform_matrix": [
        [
          -0.937083,
          -0.239663,
          0.253846,
          1.287534
        ],
        [
          -0.337761,
          0.438517,
          -0.832839,
          2.244953
        ],
        [
          0.088285,
          -0.866178,
          -0.491876,
          1.488928
        ],
        [
          0.0,
          0.0,
          0.0,
          1.0
        ]
      ]
    },
    {
      "file_path": "/media/NFS/ttao/scannet/posed_images/scene0303_02/00121.jpg",
      "transform_matrix": [
        [
          -0.93539,
          -0.241296,
          0.258499,
          1.279381
        ],
        [
          -0.34255,
          0.436836,
          -0.831766,
          2.243762
        ],
        [
          0.08778,
          -0.866574,
          -0.491268,
          1.492839
        ],
        [
          0.0,
          0.0,
          0.0,
          1.0
        ]
      ]
    },
    {
      "file_path": "/media/NFS/ttao/scannet/posed_images/scene0303_02/00127.jpg",
      "transform_matrix": [
        [
          -0.924521,
          -0.203752,
          0.322096,
          1.223808
        ],
        [
          -0.381005,
          0.472356,
          -0.794805,
          2.228807
        ],
        [
          0.009799,
          -0.857534,
          -0.514334,
          1.497699
        ],
        [
          0.0,
          0.0,
          0.0,
          1.0
        ]
      ]
    },
    {
      "file_path": "/media/NFS/ttao/scannet/posed_images/scene0303_02/00128.jpg",
      "transform_matrix": [
        [
          -0.922938,
          -0.198338,
          0.329919,
          1.215649
        ],
        [
          -0.384948,
          0.474847,
          -0.791414,
          2.225294
        ],
        [
          0.000306,
          -0.857428,
          -0.514604,
          1.499281
        ],
        [
          0.0,
          0.0,
          0.0,
          1.0
        ]
      ]
    },
    {
      "file_path": "/media/NFS/ttao/scannet/posed_images/scene0303_02/00131.jpg",
      "transform_matrix": [
        [
          -0.92314,
          -0.183687,
          0.337745,
          1.197119
        ],
        [
          -0.383802,
          0.491812,
          -0.781547,
          2.226007
        ],
        [
          -0.022547,
          -0.851105,
          -0.524511,
          1.489606
        ],
        [
          0.0,
          0.0,
          0.0,
          1.0
        ]
      ]
    },
    {
      "file_path": "/media/NFS/ttao/scannet/posed_images/scene0303_02/00136.jpg",
      "transform_matrix": [
        [
          -0.908286,
          -0.166699,
          0.383703,
          1.175775
        ],
        [
          -0.413647,
          0.494994,
          -0.764119,
          2.227141
        ],
        [
          -0.062553,
          -0.852756,
          -0.51855,
          1.489891
        ],
        [
          0.0,
          0.0,
          0.0,
          1.0
        ]
      ]
    },
    {
      "file_path": "/media/NFS/ttao/scannet/posed_images/scene0303_02/00139.jpg",
      "transform_matrix": [
        [
          -0.895485,
          -0.186814,
          0.40399,
          1.16941
        ],
        [
          -0.440987,
          0.495384,
          -0.748416,
          2.230508
        ],
        [
          -0.060315,
          -0.848349,
          -0.525991,
          1.484465
        ],
        [
          0.0,
          0.0,
          0.0,
          1.0
        ]
      ]
    },
    {
      "file_path": "/media/NFS/ttao/scannet/posed_images/scene0303_02/00143.jpg",
      "transform_matrix": [
        [
          -0.865347,
          -0.214878,
          0.452771,
          1.161898
        ],
        [
          -0.497256,
          0.480841,
          -0.722169,
          2.236302
        ],
        [
          -0.062533,
          -0.85007,
          -0.522944,
          1.482786
        ],
        [
          0.0,
          0.0,
          0.0,
          1.0
        ]
      ]
    },
    {
      "file_path": "/media/NFS/ttao/scannet/posed_images/scene0303_02/00144.jpg",
      "transform_matrix": [
        [
          -0.861036,
          -0.219339,
          0.45881,
          1.158947
        ],
        [
          -0.504652,
          0.479925,
          -0.717634,
          2.235854
        ],
        [
          -0.06279,
          -0.849448,
          -0.523923,
          1.481673
        ],
        [
          0.0,
          0.0,
          0.0,
          1.0
        ]
      ]
    },
    {
      "file_path": "/media/NFS/ttao/scannet/posed_images/scene0303_02/00147.jpg",
      "transform_matrix": [
        [
          -0.847871,
          -0.232143,
          0.476681,
          1.154861
        ],
        [
          -0.526124,
          0.479691,
          -0.702205,
          2.238315
        ],
        [
          -0.065648,
          -0.846172,
          -0.528851,
          1.47746
        ],
        [
          0.0,
          0.0,
          0.0,
          1.0
        ]
      ]
    },
    {
      "file_path": "/media/NFS/ttao/scannet/posed_images/scene0303_02/00152.jpg",
      "transform_matrix": [
        [
          -0.821496,
          -0.256285,
          0.509375,
          1.146796
        ],
        [
          -0.566003,
          0.474866,
          -0.673901,
          2.237526
        ],
        [
          -0.069174,
          -0.841915,
          -0.535159,
          1.467965
        ],
        [
          0.0,
          0.0,
          0.0,
          1.0
        ]
      ]
    },
    {
      "file_path": "/media/NFS/ttao/scannet/posed_images/scene0303_02/00155.jpg",
      "transform_matrix": [
        [
          -0.807873,
          -0.270177,
          0.52378,
          1.145813
        ],
        [
          -0.585757,
          0.466169,
          -0.663006,
          2.238687
        ],
        [
          -0.065041,
          -0.842432,
          -0.534863,
          1.47182
        ],
        [
          0.0,
          0.0,
          0.0,
          1.0
        ]
      ]
    },
    {
      "file_path": "/media/NFS/ttao/scannet/posed_images/scene0303_02/00159.jpg",
      "transform_matrix": [
        [
          -0.804384,
          -0.284003,
          0.521832,
          1.144279
        ],
        [
          -0.591232,
          0.469004,
          -0.65611,
          2.243013
        ],
        [
          -0.058404,
          -0.836288,
          -0.545171,
          1.468264
        ],
        [
          0.0,
          0.0,
          0.0,
          1.0
        ]
      ]
    },
    {
      "file_path": "/media/NFS/ttao/scannet/posed_images/scene0303_02/00162.jpg",
      "transform_matrix": [
        [
          -0.799107,
          -0.283797,
          0.529989,
          1.139931
        ],
        [
          -0.59804,
          0.465367,
          -0.65252,
          2.245899
        ],
        [
          -0.061456,
          -0.838387,
          -0.5416,
          1.466997
        ],
        [
          0.0,
          0.0,
          0.0,
          1.0
        ]
      ]
    },
    {
      "file_path": "/media/NFS/ttao/scannet/posed_images/scene0303_02/00166.jpg",
      "transform_matrix": [
        [
          -0.791606,
          -0.285255,
          0.54036,
          1.138436
        ],
        [
          -0.607582,
          0.461315,
          -0.646555,
          2.248297
        ],
        [
          -0.064843,
          -0.84013,
          -0.538495,
          1.468675
        ],
        [
          0.0,
          0.0,
          0.0,
          1.0
        ]
      ]
    },
    {
      "file_path": "/media/NFS/ttao/scannet/posed_images/scene0303_02/00167.jpg",
      "transform_matrix": [
        [
          -0.78985,
          -0.286388,
          0.542327,
          1.138486
        ],
        [
          -0.609817,
          0.460845,
          -0.644783,
          2.249007
        ],
        [
          -0.06527,
          -0.840002,
          -0.538643,
          1.468448
        ],
        [
          0.0,
          0.0,
          0.0,
          1.0
        ]
      ]
    },
    {
      "file_path": "/media/NFS/ttao/scannet/posed_images/scene0303_02/00173.jpg",
      "transform_matrix": [
        [
          -0.773527,
          -0.298515,
          0.559057,
          1.136572
        ],
        [
          -0.629442,
          0.464708,
          -0.622776,
          2.246928
        ],
        [
          -0.07389,
          -0.833628,
          -0.547362,
          1.463952
        ],
        [
          0.0,
          0.0,
          0.0,
          1.0
        ]
      ]
    },
    {
      "file_path": "/media/NFS/ttao/scannet/posed_images/scene0303_02/00176.jpg",
      "transform_matrix": [
        [
          -0.767237,
          -0.304535,
          0.564452,
          1.137812
        ],
        [
          -0.63728,
          0.461144,
          -0.617431,
          2.246724
        ],
        [
          -0.072264,
          -0.83343,
          -0.547881,
          1.464817
        ],
        [
          0.0,
          0.0,
          0.0,
          1.0
        ]
      ]
    },
    {
      "file_path": "/media/NFS/ttao/scannet/posed_images/scene0303_02/00177.jpg",
      "transform_matrix": [
        [
          -0.765737,
          -0.306435,
          0.56546,
          1.138312
        ],
        [
          -0.639177,
          0.460217,
          -0.61616,
          2.247093
        ],
        [
          -0.071421,
          -0.833245,
          -0.548271,
          1.464953
        ],
        [
          0.0,
          0.0,
          0.0,
          1.0
        ]
      ]
    },
    {
      "file_path": "/media/NFS/ttao/scannet/posed_images/scene0303_02/00181.jpg",
      "transform_matrix": [
        [
          -0.76199,
          -0.305491,
          0.571005,
          1.137818
        ],
        [
          -0.643226,
          0.459212,
          -0.612686,
          2.247775
        ],
        [
          -0.075042,
          -0.834146,
          -0.546415,
          1.460367
        ],
        [
          0.0,
          0.0,
          0.0,
          1.0
        ]
      ]
    },
    {
      "file_path": "/media/NFS/ttao/scannet/posed_images/scene0303_02/00184.jpg",
      "transform_matrix": [
        [
          -0.760554,
          -0.305337,
          0.572998,
          1.137825
        ],
        [
          -0.644527,
          0.461578,
          -0.609533,
          2.246799
        ],
        [
          -0.07837,
          -0.832896,
          -0.547853,
          1.458397
        ],
        [
          0.0,
          0.0,
          0.0,
          1.0
        ]
      ]
    },
    {
      "file_path": "/media/NFS/ttao/scannet/posed_images/scene0303_02/00189.jpg",
      "transform_matrix": [
        [
          -0.752226,
          -0.3078,
          0.582594,
          1.1396
        ],
        [
          -0.653815,
          0.458369,
          -0.602017,
          2.242809
        ],
        [
          -0.081742,
          -0.833761,
          -0.546041,
          1.461392
        ],
        [
          0.0,
          0.0,
          0.0,
          1.0
        ]
      ]
    },
    {
      "file_path": "/media/NFS/ttao/scannet/posed_images/scene0303_02/00192.jpg",
      "transform_matrix": [
        [
          -0.748389,
          -0.313484,
          0.584502,
          1.142094
        ],
        [
          -0.658416,
          0.457452,
          -0.597683,
          2.243827
        ],
        [
          -0.080017,
          -0.832145,
          -0.548755,
          1.457637
        ],
        [
          0.0,
          0.0,
          0.0,
          1.0
        ]
      ]
    },
    {
      "file_path": "/media/NFS/ttao/scannet/posed_images/scene0303_02/00194.jpg",
      "transform_matrix": [
        [
          -0.743997,
          -0.318995,
          0.587121,
          1.144324
        ],
        [
          -0.663622,
          0.455259,
          -0.593586,
          2.243895
        ],
        [
          -0.077941,
          -0.831253,
          -0.550404,
          1.456545
        ],
        [
          0.0,
          0.0,
          0.0,
          1.0
        ]
      ]
    },
    {
      "file_path": "/media/NFS/ttao/scannet/posed_images/scene0303_02/00198.jpg",
      "transform_matrix": [
        [
          -0.728022,
          -0.335251,
          0.597989,
          1.150417
        ],
        [
          -0.681508,
          0.448549,
          -0.578231,
          2.246561
        ],
        [
          -0.074375,
          -0.828499,
          -0.555029,
          1.453419
        ],
        [
          0.0,
          0.0,
          0.0,
          1.0
        ]
      ]
    },
    {
      "file_path": "/media/NFS/ttao/scannet/posed_images/scene0303_02/00200.jpg",
      "transform_matrix": [
        [
          -0.716841,
          -0.346618,
          0.604975,
          1.153956
        ],
        [
          -0.693489,
          0.44429,
          -0.567168,
          2.245665
        ],
        [
          -0.072194,
          -0.826113,
          -0.558861,
          1.454165
        ],
        [
          0.0,
          0.0,
          0.0,
          1.0
        ]
      ]
    },
    {
      "file_path": "/media/NFS/ttao/scannet/posed_images/scene0303_02/00203.jpg",
      "transform_matrix": [
        [
          -0.700008,
          -0.366029,
          0.613198,
          1.160935
        ],
        [
          -0.711191,
          0.435194,
          -0.552099,
          2.251927
        ],
        [
          -0.064776,
          -0.822575,
          -0.564956,
          1.449109
        ],
        [
          0.0,
          0.0,
          0.0,
          1.0
        ]
      ]
    },
    {
      "file_path": "/media/NFS/ttao/scannet/posed_images/scene0303_02/00209.jpg",
      "transform_matrix": [
        [
          -0.658354,
          -0.412167,
          0.629833,
          1.178364
        ],
        [
          -0.750581,
          0.422357,
          -0.508176,
          2.257612
        ],
        [
          -0.056561,
          -0.8073,
          -0.587425,
          1.443679
        ],
        [
          0.0,
          0.0,
          0.0,
          1.0
        ]
      ]
    },
    {
      "file_path": "/media/NFS/ttao/scannet/posed_images/scene0303_02/00212.jpg",
      "transform_matrix": [
        [
          -0.637225,
          -0.430123,
          0.639484,
          1.18797
        ],
        [
          -0.768536,
          0.416475,
          -0.485696,
          2.265092
        ],
        [
          -0.05742,
          -0.800964,
          -0.595953,
          1.434148
        ],
        [
          0.0,
          0.0,
          0.0,
          1.0
        ]
      ]
    },
    {
      "file_path": "/media/NFS/ttao/scannet/posed_images/scene0303_02/00214.jpg",
      "transform_matrix": [
        [
          -0.624881,
          -0.439741,
          0.645098,
          1.196959
        ],
        [
          -0.778709,
          0.410332,
          -0.474595,
          2.269496
        ],
        [
          -0.056005,
          -0.798909,
          -0.598839,
          1.432176
        ],
        [
          0.0,
          0.0,
          0.0,
          1.0
        ]
      ]
    },
    {
      "file_path": "/media/NFS/ttao/scannet/posed_images/scene0303_02/00218.jpg",
      "transform_matrix": [
        [
          -0.60965,
          -0.456154,
          0.648267,
          1.211765
        ],
        [
          -0.791276,
          0.398703,
          -0.463593,
          2.273794
        ],
        [
          -0.046996,
          -0.795588,
          -0.604013,
          1.429823
        ],
        [
          0.0,
          0.0,
          0.0,
          1.0
        ]
      ]
    },
    {
      "file_path": "/media/NFS/ttao/scannet/posed_images/scene0303_02/00221.jpg",
      "transform_matrix": [
        [
          -0.607826,
          -0.462048,
          0.6458,
          1.222261
        ],
        [
          -0.793167,
          0.39205,
          -0.466029,
          2.279459
        ],
        [
          -0.037858,
          -0.795493,
          -0.604779,
          1.42871
        ],
        [
          0.0,
          0.0,
          0.0,
          1.0
        ]
      ]
    },
    {
      "file_path": "/media/NFS/ttao/scannet/posed_images/scene0303_02/00225.jpg",
      "transform_matrix": [
        [
          -0.604272,
          -0.468451,
          0.644522,
          1.234686
        ],
        [
          -0.796144,
          0.387266,
          -0.464952,
          2.280866
        ],
        [
          -0.031794,
          -0.79409,
          -0.606968,
          1.424806
        ],
        [
          0.0,
          0.0,
          0.0,
          1.0
        ]
      ]
    },
    {
      "file_path": "/media/NFS/ttao/scannet/posed_images/scene0303_02/00226.jpg",
      "transform_matrix": [
        [
          -0.602887,
          -0.472985,
          0.642504,
          1.239
        ],
        [
          -0.797306,
          0.386265,
          -0.463792,
          2.280261
        ],
        [
          -0.02881,
          -0.791887,
          -0.609988,
          1.424854
        ],
        [
          0.0,
          0.0,
          0.0,
          1.0
        ]
      ]
    },
    {
      "file_path": "/media/NFS/ttao/scannet/posed_images/scene0303_02/00229.jpg",
      "transform_matrix": [
        [
          -0.597903,
          -0.48713,
          0.636566,
          1.252307
        ],
        [
          -0.801334,
          0.382459,
          -0.459988,
          2.28258
        ],
        [
          -0.019387,
          -0.785131,
          -0.619027,
          1.418384
        ],
        [
          0.0,
          0.0,
          0.0,
          1.0
        ]
      ]
    },
    {
      "file_path": "/media/NFS/ttao/scannet/posed_images/scene0303_02/00233.jpg",
      "transform_matrix": [
        [
          -0.562187,
          -0.500586,
          0.658301,
          1.273056
        ],
        [
          -0.826819,
          0.357344,
          -0.434368,
          2.280645
        ],
        [
          -0.017801,
          -0.788492,
          -0.614788,
          1.410172
        ],
        [
          0.0,
          0.0,
          0.0,
          1.0
        ]
      ]
    },
    {
      "file_path": "/media/NFS/ttao/scannet/posed_images/scene0303_02/00236.jpg",
      "transform_matrix": [
        [
          -0.529412,
          -0.52129,
          0.669314,
          1.293082
        ],
        [
          -0.848202,
          0.340709,
          -0.40555,
          2.279711
        ],
        [
          -0.016632,
          -0.782416,
          -0.622534,
          1.402817
        ],
        [
          0.0,
          0.0,
          0.0,
          1.0
        ]
      ]
    },
    {
      "file_path": "/media/NFS/ttao/scannet/posed_images/scene0303_02/00240.jpg",
      "transform_matrix": [
        [
          -0.490127,
          -0.546391,
          0.679142,
          1.329719
        ],
        [
          -0.871649,
          0.309229,
          -0.380272,
          2.283608
        ],
        [
          -0.002233,
          -0.778354,
          -0.627822,
          1.395239
        ],
        [
          0.0,
          0.0,
          0.0,
          1.0
        ]
      ]
    },
    {
      "file_path": "/media/NFS/ttao/scannet/posed_images/scene0303_02/00244.jpg",
      "transform_matrix": [
        [
          -0.462048,
          -0.559276,
          0.688275,
          1.365185
        ],
        [
          -0.886851,
          0.289057,
          -0.360474,
          2.282624
        ],
        [
          0.002653,
          -0.776953,
          -0.629553,
          1.389075
        ],
        [
          0.0,
          0.0,
          0.0,
          1.0
        ]
      ]
    },
    {
      "file_path": "/media/NFS/ttao/scannet/posed_images/scene0303_02/00246.jpg",
      "transform_matrix": [
        [
          -0.457725,
          -0.56771,
          0.684247,
          1.384932
        ],
        [
          -0.889043,
          0.28398,
          -0.359108,
          2.286032
        ],
        [
          0.009557,
          -0.772697,
          -0.634703,
          1.386303
        ],
        [
          0.0,
          0.0,
          0.0,
          1.0
        ]
      ]
    },
    {
      "file_path": "/media/NFS/ttao/scannet/posed_images/scene0303_02/00249.jpg",
      "transform_matrix": [
        [
          -0.443156,
          -0.573777,
          0.688761,
          1.414386
        ],
        [
          -0.896362,
          0.273206,
          -0.349133,
          2.289897
        ],
        [
          0.012151,
          -0.7721,
          -0.635385,
          1.381979
        ],
        [
          0.0,
          0.0,
          0.0,
          1.0
        ]
      ]
    },
    {
      "file_path": "/media/NFS/ttao/scannet/posed_images/scene0303_02/00253.jpg",
      "transform_matrix": [
        [
          -0.407083,
          -0.574715,
          0.70992,
          1.456129
        ],
        [
          -0.913391,
          0.255226,
          -0.317139,
          2.302961
        ],
