{
  "frames": [
    {
      "file_path": "/media/NFS/ttao/scannet/posed_images/scene0630_04/00001.jpg",
      "transform_matrix": [
        [
          0.617282,
          -0.301581,
          0.726644,
          3.389628
        ],
        [
          -0.786619,
          -0.252903,
          0.563267,
          1.441083
        ],
        [
          0.0139,
          -0.919287,
          -0.393342,
          1.412167
        ],
        [
          0.0,
          0.0,
          0.0,
          1.0
        ]
      ]
    },
    {
      "file_path": "/media/NFS/ttao/scannet/posed_images/scene0630_04/00003.jpg",
      "transform_matrix": [
        [
          0.608725,
          -0.303792,
          0.732915,
          3.395497
        ],
        [
          -0.793277,
          -0.248058,
          0.556038,
          1.436779
        ],
        [
          0.012886,
          -0.919879,
          -0.39199,
          1.41578
        ],
        [
          0.0,
          0.0,
          0.0,
          1.0
        ]
      ]
    },
    {
      "file_path": "/media/NFS/ttao/scannet/posed_images/scene0630_04/00006.jpg",
      "transform_matrix": [
        [
          0.596005,
          -0.307164,
          0.741909,
          3.399995
        ],
        [
          -0.802876,
          -0.242917,
          0.54441,
          1.433418
        ],
        [
          0.013,
          -0.920131,
          -0.391394,
          1.418858
        ],
        [
          0.0,
          0.0,
          0.0,
          1.0
        ]
      ]
    },
    {
      "file_path": "/media/NFS/ttao/scannet/posed_images/scene0630_04/00007.jpg",
      "transform_matrix": [
        [
          0.59398,
          -0.308777,
          0.742862,
          3.402848
        ],
        [
          -0.80438,
          -0.242475,
          0.542382,
          1.431991
        ],
        [
          0.012651,
          -0.919708,
          -0.392399,
          1.420534
        ],
        [
          0.0,
          0.0,
          0.0,
          1.0
        ]
      ]
    },
    {
      "file_path": "/media/NFS/ttao/scannet/posed_images/scene0630_04/00009.jpg",
      "transform_matrix": [
        [
          0.589633,
          -0.308052,
          0.746617,
          3.407284
        ],
        [
          -0.807603,
          -0.236889,
          0.540057,
          1.428375
        ],
        [
          0.0105,
          -0.921405,
          -0.388461,
          1.425155
        ],
        [
          0.0,
          0.0,
          0.0,
          1.0
        ]
      ]
    },
    {
      "file_path": "/media/NFS/ttao/scannet/posed_images/scene0630_04/00012.jpg",
      "transform_matrix": [
        [
          0.580737,
          -0.298693,
          0.757315,
          3.407035
        ],
        [
          -0.814066,
          -0.22034,
          0.537351,
          1.427394
        ],
        [
          0.006363,
          -0.928565,
          -0.371116,
          1.434882
        ],
        [
          0.0,
          0.0,
          0.0,
          1.0
        ]
      ]
    },
    {
      "file_path": "/media/NFS/ttao/scannet/posed_images/scene0630_04/00014.jpg",
      "transform_matrix": [
        [
          0.575937,
          -0.289452,
          0.764535,
          3.410645
        ],
        [
          -0.817486,
          -0.208143,
          0.537023,
          1.424893
        ],
        [
          0.00369,
          -0.934288,
          -0.356501,
          1.444308
        ],
        [
          0.0,
          0.0,
          0.0,
          1.0
        ]
      ]
    },
    {
      "file_path": "/media/NFS/ttao/scannet/posed_images/scene0630_04/00017.jpg",
      "transform_matrix": [
        [
          0.567067,
          -0.269569,
          0.77831,
          3.415754
        ],
        [
          -0.823664,
          -0.181404,
          0.537281,
          1.419373
        ],
        [
          -0.003646,
          -0.94574,
          -0.324903,
          1.461223
        ],
        [
          0.0,
          0.0,
          0.0,
          1.0
        ]
      ]
    },
    {
      "file_path": "/media/NFS/ttao/scannet/posed_images/scene0630_04/00019.jpg",
      "transform_matrix": [
        [
          0.56182,
          -0.251033,
          0.788251,
          3.417964
        ],
        [
          -0.8272,
          -0.159015,
          0.538939,
          1.413589
        ],
        [
          -0.009948,
          -0.954828,
          -0.296992,
          1.472525
        ],
        [
          0.0,
          0.0,
          0.0,
          1.0
        ]
      ]
    },
    {
      "file_path": "/media/NFS/ttao/scannet/posed_images/scene0630_04/00023.jpg",
      "transform_matrix": [
        [
          0.552649,
          -0.215339,
          0.805113,
          3.419779
        ],
        [
          -0.833328,
          -0.128938,
          0.53753,
          1.402195
        ],
        [
          -0.011941,
          -0.96799,
          -0.250706,
          1.484974
        ],
        [
          0.0,
          0.0,
          0.0,
          1.0
        ]
      ]
    },
    {
      "file_path": "/media/NFS/ttao/scannet/posed_images/scene0630_04/00024.jpg",
      "transform_matrix": [
        [
          0.551681,
          -0.21283,
          0.806444,
          3.418018
        ],
        [
          -0.834008,
          -0.130469,
          0.536105,
          1.401274
        ],
        [
          -0.008883,
          -0.96834,
          -0.249479,
          1.481712
        ],
        [
          0.0,
          0.0,
          0.0,
          1.0
        ]
      ]
    },
    {
      "file_path": "/media/NFS/ttao/scannet/posed_images/scene0630_04/00026.jpg",
      "transform_matrix": [
        [
          0.55259,
          -0.2146,
          0.805352,
          3.416001
        ],
        [
          -0.833443,
          -0.137418,
          0.535247,
          1.398845
        ],
        [
          -0.004194,
          -0.966987,
          -0.254792,
          1.468356
        ],
        [
          0.0,
          0.0,
          0.0,
          1.0
        ]
      ]
    },
    {
      "file_path": "/media/NFS/ttao/scannet/posed_images/scene0630_04/00029.jpg",
      "transform_matrix": [
        [
          0.558819,
          -0.239777,
          0.793869,
          3.415189
        ],
        [
          -0.829273,
          -0.155443,
          0.536791,
          1.39698
        ],
        [
          -0.005309,
          -0.958303,
          -0.285705,
          1.434577
        ],
        [
          0.0,
          0.0,
          0.0,
          1.0
        ]
      ]
    },
    {
      "file_path": "/media/NFS/ttao/scannet/posed_images/scene0630_04/00033.jpg",
      "transform_matrix": [
        [
          0.571578,
          -0.29467,
          0.765812,
          3.42156
        ],
        [
          -0.820474,
          -0.217815,
          0.528564,
          1.407435
        ],
        [
          0.011054,
          -0.930444,
          -0.366267,
          1.405727
        ],
        [
          0.0,
          0.0,
          0.0,
          1.0
        ]
      ]
    },
    {
      "file_path": "/media/NFS/ttao/scannet/posed_images/scene0630_04/00035.jpg",
      "transform_matrix": [
        [
          0.575241,
          -0.316624,
          0.75422,
          3.421482
        ],
        [
          -0.817916,
          -0.234526,
          0.525367,
          1.408447
        ],
        [
          0.010541,
          -0.919101,
          -0.393881,
          1.383332
        ],
        [
          0.0,
          0.0,
          0.0,
          1.0
        ]
      ]
    },
    {
      "file_path": "/media/NFS/ttao/scannet/posed_images/scene0630_04/00038.jpg",
      "transform_matrix": [
        [
          0.581572,
          -0.348988,
          0.734834,
          3.421922
        ],
        [
          -0.81349,
          -0.252812,
          0.523756,
          1.407191
        ],
        [
          0.00299,
          -0.902382,
          -0.430926,
          1.351514
        ],
        [
          0.0,
          0.0,
          0.0,
          1.0
        ]
      ]
    },
    {
      "file_path": "/media/NFS/ttao/scannet/posed_images/scene0630_04/00039.jpg",
      "transform_matrix": [
        [
          0.581972,
          -0.358869,
          0.729741,
          3.419619
        ],
        [
          -0.813208,
          -0.25814,
          0.52159,
          1.40846
        ],
        [
          0.001193,
          -0.896982,
          -0.442065,
          1.339921
        ],
        [
          0.0,
          0.0,
          0.0,
          1.0
        ]
      ]
    },
    {
      "file_path": "/media/NFS/ttao/scannet/posed_images/scene0630_04/00041.jpg",
      "transform_matrix": [
        [
          0.590035,
          -0.401513,
          0.700462,
          3.460874
        ],
        [
          -0.807238,
          -0.309523,
          0.502556,
          1.434215
        ],
        [
          0.015026,
          -0.861965,
          -0.506745,
          1.372275
        ],
        [
          0.0,
          0.0,
          0.0,
          1.0
        ]
      ]
    },
    {
      "file_path": "/media/NFS/ttao/scannet/posed_images/scene0630_04/00043.jpg",
      "transform_matrix": [
        [
          0.595908,
          -0.419942,
          0.684502,
          3.455409
        ],
        [
          -0.802903,
          -0.328014,
          0.497749,
          1.435901
        ],
        [
          0.015501,
          -0.846201,
          -0.532638,
          1.348295
        ],
        [
          0.0,
          0.0,
          0.0,
          1.0
        ]
      ]
    },
    {
      "file_path": "/media/NFS/ttao/scannet/posed_images/scene0630_04/00046.jpg",
      "transform_matrix": [
        [
          0.613854,
          -0.445285,
          0.651847,
          3.446887
        ],
        [
          -0.789188,
          -0.366127,
          0.493085,
          1.437547
        ],
        [
          0.019095,
          -0.817112,
          -0.576162,
          1.313352
        ],
        [
          0.0,
          0.0,
          0.0,
          1.0
        ]
      ]
    },
    {
      "file_path": "/media/NFS/ttao/scannet/posed_images/scene0630_04/00048.jpg",
      "transform_matrix": [
        [
          0.631169,
          -0.451427,
          0.630745,
          3.438236
        ],
        [
          -0.775324,
          -0.390567,
          0.496315,
          1.440052
        ],
        [
          0.022298,
          -0.802291,
          -0.596516,
          1.294088
        ],
        [
          0.0,
          0.0,
          0.0,
          1.0
        ]
      ]
    },
    {
      "file_path": "/media/NFS/ttao/scannet/posed_images/scene0630_04/00052.jpg",
      "transform_matrix": [
        [
          0.678286,
          -0.451397,
          0.579801,
          3.409137
        ],
        [
          -0.734763,
          -0.424438,
          0.529128,
          1.425758
        ],
        [
          0.007243,
          -0.784916,
          -0.61956,
          1.250259
        ],
        [
          0.0,
          0.0,
          0.0,
          1.0
        ]
      ]
    },
    {
      "file_path": "/media/NFS/ttao/scannet/posed_images/scene0630_04/00055.jpg",
      "transform_matrix": [
        [
          0.712027,
          -0.441918,
          0.545642,
          3.389864
        ],
        [
          -0.702138,
          -0.453061,
          0.549307,
          1.434825
        ],
        [
          0.004461,
          -0.774238,
          -0.632879,
          1.239867
        ],
        [
          0.0,
          0.0,
          0.0,
          1.0
        ]
      ]
    },
    {
      "file_path": "/media/NFS/ttao/scannet/posed_images/scene0630_04/00056.jpg",
      "transform_matrix": [
        [
          0.721416,
          -0.436706,
          0.537445,
          3.383739
        ],
        [
          -0.692494,
          -0.458759,
          0.556769,
          1.439845
        ],
        [
          0.003414,
          -0.773839,
          -0.633372,
          1.239593
        ],
        [
          0.0,
          0.0,
          0.0,
          1.0
        ]
      ]
    },
    {
      "file_path": "/media/NFS/ttao/scannet/posed_images/scene0630_04/00058.jpg",
      "transform_matrix": [
        [
          0.740389,
          -0.418374,
          0.526106,
          3.373306
        ],
        [
          -0.672171,
          -0.464644,
          0.576449,
          1.449964
        ],
        [
          0.003281,
          -0.780429,
          -0.625236,
          1.244494
        ],
        [
          0.0,
          0.0,
          0.0,
          1.0
        ]
      ]
    },
    {
      "file_path": "/media/NFS/ttao/scannet/posed_images/scene0630_04/00061.jpg",
      "transform_matrix": [
        [
          0.762441,
          -0.379608,
          0.524005,
          3.353727
        ],
        [
          -0.64703,
          -0.454707,
          0.61204,
          1.468166
        ],
        [
          0.005933,
          -0.805692,
          -0.592305,
          1.253634
        ],
        [
          0.0,
          0.0,
          0.0,
          1.0
        ]
      ]
    },
    {
      "file_path": "/media/NFS/ttao/scannet/posed_images/scene0630_04/00064.jpg",
      "transform_matrix": [
        [
          0.785573,
          -0.330246,
          0.523271,
          3.343336
        ],
        [
          -0.618728,
          -0.429047,
          0.658099,
          1.477627
        ],
        [
          0.007173,
          -0.840747,
          -0.54138,
          1.276871
        ],
        [
          0.0,
          0.0,
          0.0,
          1.0
        ]
      ]
    },
    {
      "file_path": "/media/NFS/ttao/scannet/posed_images/scene0630_04/00067.jpg",
      "transform_matrix": [
        [
          0.806688,
          -0.292956,
          0.513256,
          3.334162
        ],
        [
          -0.590978,
          -0.399377,
          0.700887,
          1.484823
        ],
        [
          -0.000346,
          -0.86872,
          -0.495303,
          1.301959
        ],
        [
          0.0,
          0.0,
          0.0,
          1.0
        ]
      ]
    },
    {
      "file_path": "/media/NFS/ttao/scannet/posed_images/scene0630_04/00068.jpg",
      "transform_matrix": [
        [
          0.81419,
          -0.284793,
          0.505952,
          3.331725
        ],
        [
          -0.580572,
          -0.390994,
          0.714185,
          1.486821
        ],
        [
          -0.005571,
          -0.875224,
          -0.483686,
          1.308245
        ],
        [
          0.0,
          0.0,
          0.0,
          1.0
        ]
      ]
    },
    {
      "file_path": "/media/NFS/ttao/scannet/posed_images/scene0630_04/00072.jpg",
      "transform_matrix": [
        [
          0.840549,
          -0.253348,
          0.478844,
          3.317397
        ],
        [
          -0.541104,
          -0.349968,
          0.764676,
          1.485762
        ],
        [
          -0.026149,
          -0.901852,
          -0.431253,
          1.329638
        ],
        [
          0.0,
          0.0,
          0.0,
          1.0
        ]
      ]
    },
    {
      "file_path": "/media/NFS/ttao/scannet/posed_images/scene0630_04/00073.jpg",
      "transform_matrix": [
        [
          0.846526,
          -0.247893,
          0.471108,
          3.314827
        ],
        [
          -0.531507,
          -0.343847,
          0.774125,
          1.488087
        ],
        [
          -0.029911,
          -0.905714,
          -0.422832,
          1.337073
        ],
        [
          0.0,
          0.0,
          0.0,
          1.0
        ]
      ]
    },
    {
      "file_path": "/media/NFS/ttao/scannet/posed_images/scene0630_04/00076.jpg",
      "transform_matrix": [
        [
          0.863955,
          -0.223688,
          0.45116,
          3.30721
        ],
        [
          -0.502544,
          -0.325845,
          0.800796,
          1.493785
        ],
        [
          -0.03212,
          -0.91858,
          -0.393928,
          1.35812
        ],
        [
          0.0,
          0.0,
          0.0,
          1.0
        ]
      ]
    },
    {
      "file_path": "/media/NFS/ttao/scannet/posed_images/scene0630_04/00079.jpg",
      "transform_matrix": [
        [
          0.884688,
          -0.194434,
          0.423701,
          3.30435
        ],
        [
          -0.465095,
          -0.306051,
          0.830674,
          1.494689
        ],
        [
          -0.031837,
          -0.931949,
          -0.36119,
          1.377058
        ],
        [
          0.0,
          0.0,
          0.0,
          1.0
        ]
      ]
    },
    {
      "file_path": "/media/NFS/ttao/scannet/posed_images/scene0630_04/00082.jpg",
      "transform_matrix": [
        [
          0.906588,
          -0.17752,
          0.382863,
          3.30842
        ],
        [
          -0.420123,
          -0.293808,
          0.858588,
          1.484285
        ],
        [
          -0.039928,
          -0.939236,
          -0.340943,
          1.394536
        ],
        [
          0.0,
          0.0,
          0.0,
          1.0
        ]
      ]
    },
    {
      "file_path": "/media/NFS/ttao/scannet/posed_images/scene0630_04/00083.jpg",
      "transform_matrix": [
        [
          0.912402,
          -0.173986,
          0.370474,
          3.307209
        ],
        [
          -0.407031,
          -0.290647,
          0.865939,
          1.4845
        ],
        [
          -0.042984,
          -0.940879,
          -0.336004,
          1.398908
        ],
        [
          0.0,
          0.0,
          0.0,
          1.0
        ]
      ]
    },
    {
      "file_path": "/media/NFS/ttao/scannet/posed_images/scene0630_04/00086.jpg",
      "transform_matrix": [
        [
          0.928763,
          -0.16055,
          0.334099,
          3.305005
        ],
        [
          -0.367919,
          -0.289621,
          0.883603,
          1.485956
        ],
        [
          -0.045101,
          -0.94358,
          -0.328059,
          1.415909
        ],
        [
          0.0,
          0.0,
          0.0,
          1.0
        ]
      ]
    },
    {
      "file_path": "/media/NFS/ttao/scannet/posed_images/scene0630_04/00089.jpg",
      "transform_matrix": [
        [
          0.942759,
          -0.145627,
          0.299997,
          3.298563
        ],
        [
          -0.330593,
          -0.290122,
          0.898074,
          1.487514
        ],
        [
          -0.043748,
          -0.945845,
          -0.321658,
          1.425244
        ],
        [
          0.0,
          0.0,
          0.0,
          1.0
        ]
      ]
    },
    {
      "file_path": "/media/NFS/ttao/scannet/posed_images/scene0630_04/00090.jpg",
      "transform_matrix": [
        [
          0.947743,
          -0.138693,
          0.287309,
          3.289922
        ],
        [
          -0.315669,
          -0.277226,
          0.907468,
          1.479844
        ],
        [
          -0.04621,
          -0.950742,
          -0.30652,
          1.410518
        ],
        [
          0.0,
          0.0,
          0.0,
          1.0
        ]
      ]
    },
    {
      "file_path": "/media/NFS/ttao/scannet/posed_images/scene0630_04/00092.jpg",
      "transform_matrix": [
        [
          0.958658,
          -0.129712,
          0.253277,
          3.286608
        ],
        [
          -0.280696,
          -0.284878,
          0.916545,
          1.47817
        ],
        [
          -0.046734,
          -0.949747,
          -0.309511,
          1.406876
        ],
        [
          0.0,
          0.0,
          0.0,
          1.0
        ]
      ]
    },
    {
      "file_path": "/media/NFS/ttao/scannet/posed_images/scene0630_04/00095.jpg",
      "transform_matrix": [
        [
          0.97559,
          -0.110595,
          0.189716,
          3.280336
        ],
        [
          -0.215219,
          -0.309853,
          0.926105,
          1.476561
        ],
        [
          -0.043638,
          -0.94433,
          -0.326092,
          1.404099
        ],
        [
          0.0,
          0.0,
          0.0,
          1.0
        ]
      ]
    },
    {
      "file_path": "/media/NFS/ttao/scannet/posed_images/scene0630_04/00097.jpg",
      "transform_matrix": [
        [
          0.985045,
          -0.09385,
          0.144491,
          3.2708
        ],
        [
          -0.167565,
          -0.326684,
          0.930161,
          1.475121
        ],
        [
          -0.040092,
          -0.940463,
          -0.337524,
          1.398997
        ],
        [
          0.0,
          0.0,
          0.0,
          1.0
        ]
      ]
    },
    {
      "file_path": "/media/NFS/ttao/scannet/posed_images/scene0630_04/00100.jpg",
      "transform_matrix": [
        [
          0.994504,
          -0.074587,
          0.073471,
          3.247528
        ],
        [
          -0.094798,
          -0.343682,
          0.934289,
          1.467243
        ],
        [
          -0.044435,
          -0.936119,
          -0.348864,
          1.386009
        ],
        [
          0.0,
          0.0,
          0.0,
          1.0
        ]
      ]
    },
    {
      "file_path": "/media/NFS/ttao/scannet/posed_images/scene0630_04/00104.jpg",
      "transform_matrix": [
        [
          0.998947,
          -0.0393,
          -0.023662,
          3.22952
        ],
        [
          0.007195,
          -0.375186,
          0.926921,
          1.457684
        ],
        [
          -0.045305,
          -0.926116,
          -0.374508,
          1.361353
        ],
        [
          0.0,
          0.0,
          0.0,
          1.0
        ]
      ]
    },
    {
      "file_path": "/media/NFS/ttao/scannet/posed_images/scene0630_04/00106.jpg",
      "transform_matrix": [
        [
          0.997891,
          -0.019625,
          -0.061876,
          3.223042
        ],
        [
          0.048984,
          -0.397825,
          0.916153,
          1.453458
        ],
        [
          -0.042595,
          -0.917251,
          -0.396025,
          1.347857
        ],
        [
          0.0,
          0.0,
          0.0,
          1.0
        ]
      ]
    },
    {
      "file_path": "/media/NFS/ttao/scannet/posed_images/scene0630_04/00107.jpg",
      "transform_matrix": [
        [
          0.997099,
          -0.009216,
          -0.075554,
          3.219889
        ],
        [
          0.065302,
          -0.406366,
          0.911374,
          1.451255
        ],
        [
          -0.039102,
          -0.913664,
          -0.404585,
          1.341954
        ],
        [
          0.0,
          0.0,
          0.0,
          1.0
        ]
      ]
    },
    {
      "file_path": "/media/NFS/ttao/scannet/posed_images/scene0630_04/00110.jpg",
      "transform_matrix": [
        [
          0.995082,
          0.009786,
          -0.098564,
          3.199808
        ],
        [
          0.092919,
          -0.436853,
          0.894721,
          1.441469
        ],
        [
          -0.034303,
          -0.89948,
          -0.435614,
          1.326753
        ],
        [
          0.0,
          0.0,
          0.0,
          1.0
        ]
      ]
    },
    {
      "file_path": "/media/NFS/ttao/scannet/posed_images/scene0630_04/00113.jpg",
      "transform_matrix": [
        [
          0.993807,
          0.022594,
          -0.108797,
          3.192437
        ],
        [
          0.106872,
          -0.462445,
          0.880184,
          1.434489
        ],
        [
          -0.030425,
          -0.88636,
          -0.461996,
          1.306924
        ],
        [
          0.0,
          0.0,
          0.0,
          1.0
        ]
      ]
    },
    {
      "file_path": "/media/NFS/ttao/scannet/posed_images/scene0630_04/00116.jpg",
      "transform_matrix": [
        [
          0.993797,
          0.036474,
          -0.105055,
          3.188659
        ],
        [
          0.109619,
          -0.480311,
          0.870221,
          1.42991
        ],
        [
          -0.018718,
          -0.87634,
          -0.48133,
          1.28872
        ],
        [
          0.0,
          0.0,
          0.0,
          1.0
        ]
      ]
    },
    {
      "file_path": "/media/NFS/ttao/scannet/posed_images/scene0630_04/00117.jpg",
      "transform_matrix": [
        [
          0.994401,
          0.038962,
          -0.098225,
          3.187625
        ],
        [
          0.104815,
          -0.481731,
          0.870028,
          1.428047
        ],
        [
          -0.01342,
          -0.875453,
          -0.483118,
          1.28319
        ],
        [
          0.0,
          0.0,
          0.0,
          1.0
        ]
      ]
    },
    {
      "file_path": "/media/NFS/ttao/scannet/posed_images/scene0630_04/00119.jpg",
      "transform_matrix": [
        [
          0.996051,
          0.04126,
          -0.078605,
          3.183488
        ],
        [
          0.088729,
          -0.491406,
          0.866399,
          1.424695
        ],
        [
          -0.002879,
          -0.869953,
          -0.493127,
          1.271759
        ],
        [
          0.0,
          0.0,
          0.0,
          1.0
        ]
      ]
    },
    {
      "file_path": "/media/NFS/ttao/scannet/posed_images/scene0630_04/00122.jpg",
      "transform_matrix": [
        [
          0.998848,
          0.02976,
          -0.037641,
          3.178786
        ],
        [
          0.047642,
          -0.521545,
          0.851892,
          1.424245
        ],
        [
          0.005721,
          -0.852705,
          -0.522362,
          1.259017
        ],
        [
          0.0,
          0.0,
          0.0,
          1.0
        ]
      ]
    },
    {
      "file_path": "/media/NFS/ttao/scannet/posed_images/scene0630_04/00126.jpg",
      "transform_matrix": [
        [
          0.999846,
          0.009773,
          0.014573,
          3.176263
        ],
        [
          -0.006677,
          -0.556149,
          0.831056,
          1.421431
        ],
        [
          0.016226,
          -0.831025,
          -0.555998,
          1.237613
        ],
        [
          0.0,
          0.0,
          0.0,
          1.0
        ]
      ]
    },
    {
      "file_path": "/media/NFS/ttao/scannet/posed_images/scene0630_04/00128.jpg",
      "transform_matrix": [
        [
          0.999389,
          5.2e-05,
          0.034944,
          3.172243
        ],
        [
          -0.028676,
          -0.570256,
          0.820966,
          1.419888
        ],
        [
          0.01997,
          -0.821467,
          -0.569906,
          1.228861
        ],
        [
          0.0,
          0.0,
          0.0,
          1.0
        ]
      ]
    },
    {
      "file_path": "/media/NFS/ttao/scannet/posed_images/scene0630_04/00130.jpg",
      "transform_matrix": [
        [
          0.998554,
          -0.015986,
          0.051328,
          3.169523
        ],
        [
          -0.051239,
          -0.571912,
          0.818713,
          1.418959
        ],
        [
          0.016267,
          -0.820159,
          -0.571904,
          1.222252
        ],
        [
          0.0,
          0.0,
          0.0,
          1.0
        ]
      ]
    },
    {
      "file_path": "/media/NFS/ttao/scannet/posed_images/scene0630_04/00133.jpg",
      "transform_matrix": [
        [
          0.997225,
          -0.039988,
          0.062798,
          3.168298
        ],
        [
          -0.074344,
          -0.579832,
          0.811337,
          1.419603
        ],
        [
          0.003969,
          -0.813754,
          -0.581196,
          1.220868
        ],
        [
          0.0,
          0.0,
          0.0,
          1.0
        ]
      ]
    },
    {
      "file_path": "/media/NFS/ttao/scannet/posed_images/scene0630_04/00134.jpg",
      "transform_matrix": [
        [
          0.997072,
          -0.043956,
          0.062573,
          3.164462
        ],
        [
          -0.076467,
          -0.578276,
          0.81225,
          1.419974
        ],
        [
          0.000481,
          -0.814656,
          -0.579944,
          1.223138
        ],
        [
          0.0,
          0.0,
          0.0,
          1.0
        ]
      ]
    },
    {
      "file_path": "/media/NFS/ttao/scannet/posed_images/scene0630_04/00136.jpg",
      "transform_matrix": [
        [
          0.998006,
          -0.041692,
          0.047379,
          3.158437
        ],
        [
          -0.062745,
          -0.574736,
          0.81593,
          1.420134
        ],
        [
          -0.006787,
          -0.817276,
          -0.576206,
          1.230087
        ],
        [
          0.0,
          0.0,
          0.0,
          1.0
        ]
      ]
    },
    {
      "file_path": "/media/NFS/ttao/scannet/posed_images/scene0630_04/00139.jpg",
      "transform_matrix": [
        [
          0.99988,
          -0.013328,
          -0.007865,
          3.143277
        ],
        [
          -0.000873,
          -0.555979,
          0.831195,
          1.42168
        ],
        [
          -0.015451,
          -0.831089,
          -0.555924,
          1.247638
        ],
        [
          0.0,
          0.0,
          0.0,
          1.0
        ]
      ]
    },
    {
      "file_path": "/media/NFS/ttao/scannet/posed_images/scene0630_04/00143.jpg",
      "transform_matrix": [
        [
          0.991084,
          0.051648,
          -0.122822,
          3.114503
        ],
        [
          0.131817,
          -0.514416,
          0.847349,
          1.420652
        ],
        [
          -0.019417,
          -0.855984,
          -0.516638,
          1.26701
        ],
        [
          0.0,
          0.0,
          0.0,
          1.0
        ]
      ]
    },
    {
      "file_path": "/media/NFS/ttao/scannet/posed_images/scene0630_04/00144.jpg",
      "transform_matrix": [
        [
          0.986194,
          0.067488,
          -0.151216,
          3.107345
        ],
        [
          0.164398,
          -0.508528,
          0.845206,
          1.421248
        ],
        [
          -0.019856,
          -0.858397,
          -0.512602,
          1.271802
        ],
        [
          0.0,
          0.0,
          0.0,
          1.0
        ]
      ]
    },
    {
      "file_path": "/media/NFS/ttao/scannet/posed_images/scene0630_04/00148.jpg",
      "transform_matrix": [
        [
          0.955319,
          0.109442,
          -0.274568,
          3.082246
        ],
        [
          0.293445,
          -0.462509,
          0.836645,
          1.422232
        ],
        [
          -0.035426,
          -0.879834,
          -0.473959,
          1.300968
        ],
        [
          0.0,
          0.0,
          0.0,
          1.0
        ]
      ]
    },
    {
      "file_path": "/media/NFS/ttao/scannet/posed_images/scene0630_04/00150.jpg",
      "transform_matrix": [
        [
          0.942678,
          0.115678,
          -0.313013,
          3.054092
        ],
        [
          0.330945,
          -0.444433,
          0.832439,
          1.420262
        ],
        [
          -0.042819,
          -0.888312,
          -0.45724,
          1.321434
        ],
        [
          0.0,
          0.0,
          0.0,
          1.0
        ]
      ]
    },
    {
      "file_path": "/media/NFS/ttao/scannet/posed_images/scene0630_04/00152.jpg",
      "transform_matrix": [
        [
          0.925966,
          0.12772,
          -0.355352,
          3.045162
        ],
        [
          0.37498,
          -0.42183,
          0.825499,
          1.420217
        ],
        [
          -0.044465,
          -0.897634,
          -0.438493,
          1.331752
        ],
        [
          0.0,
          0.0,
          0.0,
          1.0
        ]
      ]
    },
    {
      "file_path": "/media/NFS/ttao/scannet/posed_images/scene0630_04/00155.jpg",
      "transform_matrix": [
        [
          0.902457,
          0.143833,
          -0.406059,
          3.034336
        ],
        [
          0.428736,
          -0.391621,
          0.814137,
          1.418444
        ],
        [
          -0.041922,
          -0.908815,
          -0.415087,
          1.349751
        ],
        [
          0.0,
          0.0,
          0.0,
          1.0
        ]
      ]
    },
    {
      "file_path": "/media/NFS/ttao/scannet/posed_images/scene0630_04/00156.jpg",
      "transform_matrix": [
        [
          0.894243,
          0.146989,
          -0.422756,
          3.032487
        ],
        [
          0.445484,
          -0.383618,
          0.808938,
          1.419575
        ],
        [
          -0.043272,
          -0.911719,
          -0.408529,
          1.35753
        ],
        [
          0.0,
          0.0,
          0.0,
          1.0
        ]
      ]
    },
    {
      "file_path": "/media/NFS/ttao/scannet/posed_images/scene0630_04/00160.jpg",
      "transform_matrix": [
        [
          0.87406,
          0.13881,
          -0.465564,
          3.010302
        ],
        [
          0.483023,
          -0.350926,
          0.802209,
          1.40384
        ],
        [
          -0.052024,
          -0.926058,
          -0.37378,
          1.379278
        ],
        [
          0.0,
          0.0,
          0.0,
          1.0
        ]
      ]
    },
    {
      "file_path": "/media/NFS/ttao/scannet/posed_images/scene0630_04/00161.jpg",
      "transform_matrix": [
        [
          0.868055,
          0.141696,
          -0.475817,
          3.007942
        ],
        [
          0.493723,
          -0.347019,
          0.797381,
          1.401206
        ],
        [
          -0.052132,
          -0.927092,
          -0.37119,
          1.384139
        ],
        [
          0.0,
          0.0,
          0.0,
          1.0
        ]
      ]
    },
    {
      "file_path": "/media/NFS/ttao/scannet/posed_images/scene0630_04/00164.jpg",
      "transform_matrix": [
        [
          0.84919,
          0.149333,
          -0.506533,
          3.001936
        ],
        [
          0.525701,
          -0.330129,
          0.783998,
          1.394784
        ],
        [
          -0.050145,
          -0.932049,
          -0.358847,
          1.394635
        ],
        [
          0.0,
          0.0,
          0.0,
          1.0
        ]
      ]
    },
    {
      "file_path": "/media/NFS/ttao/scannet/posed_images/scene0630_04/00166.jpg",
      "transform_matrix": [
        [
          0.836933,
          0.155997,
          -0.524603,
          2.997402
        ],
        [
          0.54543,
          -0.317001,
          0.775897,
          1.389759
        ],
        [
          -0.045262,
          -0.935508,
          -0.350394,
          1.401768
        ],
        [
          0.0,
          0.0,
          0.0,
          1.0
        ]
      ]
    },
    {
      "file_path": "/media/NFS/ttao/scannet/posed_images/scene0630_04/00168.jpg",
      "transform_matrix": [
        [
          0.824101,
          0.161609,
          -0.5429,
          2.994332
        ],
        [
          0.564982,
          -0.303317,
          0.767329,
          1.387255
        ],
        [
          -0.040664,
          -0.939085,
          -0.34127,
          1.411354
        ],
        [
          0.0,
          0.0,
          0.0,
          1.0
        ]
      ]
    },
    {
      "file_path": "/media/NFS/ttao/scannet/posed_images/scene0630_04/00171.jpg",
      "transform_matrix": [
        [
          0.809341,
          0.157325,
          -0.565877,
          2.990291
        ],
        [
          0.585804,
          -0.28583,
          0.758376,
          1.385433
        ],
        [
          -0.042433,
          -0.945278,
          -0.323496,
          1.430307
        ],
        [
          0.0,
          0.0,
          0.0,
          1.0
        ]
      ]
    },
    {
      "file_path": "/media/NFS/ttao/scannet/posed_images/scene0630_04/00173.jpg",
      "transform_matrix": [
        [
          0.801507,
          0.154733,
          -0.577619,
          2.986104
        ],
        [
          0.596486,
          -0.275235,
          0.753956,
          1.385651
        ],
        [
          -0.042319,
          -0.948843,
          -0.312899,
          1.448199
        ],
        [
          0.0,
          0.0,
          0.0,
          1.0
        ]
      ]
    },
    {
      "file_path": "/media/NFS/ttao/scannet/posed_images/scene0630_04/00175.jpg",
      "transform_matrix": [
        [
          0.791192,
          0.147552,
          -0.593501,
          2.983095
        ],
        [
          0.609937,
          -0.261215,
          0.74816,
          1.385003
        ],
        [
          -0.044639,
          -0.953937,
          -0.296669,
          1.471429
        ],
        [
          0.0,
          0.0,
          0.0,
          1.0
        ]
      ]
    },
    {
      "file_path": "/media/NFS/ttao/scannet/posed_images/scene0630_04/00179.jpg",
      "transform_matrix": [
        [
          0.769698,
          0.129378,
          -0.625161,
          2.979378
        ],
        [
          0.636719,
          -0.226758,
          0.737001,
          1.383537
        ],
        [
          -0.046409,
          -0.96532,
          -0.256913,
          1.511707
        ],
        [
          0.0,
          0.0,
          0.0,
          1.0
        ]
      ]
    },
    {
      "file_path": "/media/NFS/ttao/scannet/posed_images/scene0630_04/00182.jpg",
      "transform_matrix": [
        [
          0.757197,
          0.129184,
          -0.640285,
          2.975185
        ],
        [
          0.652345,
          -0.199304,
          0.731248,
          1.379125
        ],
        [
          -0.033146,
          -0.971385,
          -0.235185,
          1.535001
        ],
        [
          0.0,
          0.0,
          0.0,
          1.0
        ]
      ]
    },
    {
      "file_path": "/media/NFS/ttao/scannet/posed_images/scene0630_04/00183.jpg",
      "transform_matrix": [
        [
          0.753222,
          0.129029,
          -0.644987,
          2.973406
        ],
        [
          0.65708,
          -0.192395,
          0.728855,
          1.376735
        ],
        [
          -0.030049,
          -0.972798,
          -0.229699,
          1.543006
        ],
        [
          0.0,
          0.0,
          0.0,
          1.0
        ]
      ]
    },
    {
      "file_path": "/media/NFS/ttao/scannet/posed_images/scene0630_04/00186.jpg",
      "transform_matrix": [
        [
          0.740007,
          0.116806,
          -0.662378,
          2.971517
        ],
        [
          0.671864,
          -0.174407,
          0.719848,
          1.372957
        ],
        [
          -0.03144,
          -0.977721,
          -0.207541,
          1.561508
        ],
        [
          0.0,
          0.0,
          0.0,
          1.0
        ]
      ]
    },
    {
      "file_path": "/media/NFS/ttao/scannet/posed_images/scene0630_04/00188.jpg",
      "transform_matrix": [
        [
          0.728113,
          0.108626,
          -0.676795,
          2.970096
        ],
        [
          0.684545,
          -0.166149,
          0.709784,
          1.369991
        ],
        [
          -0.035348,
          -0.980099,
          -0.195335,
