{
  "frames": [
    {
      "file_path": "/media/NFS/ttao/scannet/posed_images/scene0326_00/00000.jpg",
      "transform_matrix": [
        [
          0.963371,
          -0.166463,
          0.210253,
          2.047072
        ],
        [
          -0.262027,
          -0.417425,
          0.870114,
          4.126687
        ],
        [
          -0.057077,
          -0.893335,
          -0.445753,
          1.358173
        ],
        [
          0.0,
          0.0,
          0.0,
          1.0
        ]
      ]
    },
    {
      "file_path": "/media/NFS/ttao/scannet/posed_images/scene0326_00/00002.jpg",
      "transform_matrix": [
        [
          0.962767,
          -0.165755,
          0.213555,
          2.045143
        ],
        [
          -0.264689,
          -0.417401,
          0.86932,
          4.126988
        ],
        [
          -0.054956,
          -0.893477,
          -0.445733,
          1.359269
        ],
        [
          0.0,
          0.0,
          0.0,
          1.0
        ]
      ]
    },
    {
      "file_path": "/media/NFS/ttao/scannet/posed_images/scene0326_00/00004.jpg",
      "transform_matrix": [
        [
          0.961906,
          -0.164399,
          0.218427,
          2.044337
        ],
        [
          -0.268304,
          -0.414426,
          0.869635,
          4.126444
        ],
        [
          -0.052445,
          -0.895112,
          -0.442747,
          1.3606
        ],
        [
          0.0,
          0.0,
          0.0,
          1.0
        ]
      ]
    },
    {
      "file_path": "/media/NFS/ttao/scannet/posed_images/scene0326_00/00006.jpg",
      "transform_matrix": [
        [
          0.960471,
          -0.164331,
          0.224702,
          2.043535
        ],
        [
          -0.274,
          -0.41542,
          0.867382,
          4.12735
        ],
        [
          -0.049191,
          -0.894663,
          -0.444025,
          1.362954
        ],
        [
          0.0,
          0.0,
          0.0,
          1.0
        ]
      ]
    },
    {
      "file_path": "/media/NFS/ttao/scannet/posed_images/scene0326_00/00008.jpg",
      "transform_matrix": [
        [
          0.960395,
          -0.160382,
          0.227857,
          2.04331
        ],
        [
          -0.274822,
          -0.410263,
          0.869573,
          4.126757
        ],
        [
          -0.045983,
          -0.897754,
          -0.438091,
          1.364831
        ],
        [
          0.0,
          0.0,
          0.0,
          1.0
        ]
      ]
    },
    {
      "file_path": "/media/NFS/ttao/scannet/posed_images/scene0326_00/00012.jpg",
      "transform_matrix": [
        [
          0.962299,
          -0.142992,
          0.231374,
          2.040622
        ],
        [
          -0.26933,
          -0.382204,
          0.883958,
          4.126422
        ],
        [
          -0.037967,
          -0.912948,
          -0.406307,
          1.385684
        ],
        [
          0.0,
          0.0,
          0.0,
          1.0
        ]
      ]
    },
    {
      "file_path": "/media/NFS/ttao/scannet/posed_images/scene0326_00/00013.jpg",
      "transform_matrix": [
        [
          0.962721,
          -0.137488,
          0.232949,
          2.03989
        ],
        [
          -0.26847,
          -0.380453,
          0.884974,
          4.127274
        ],
        [
          -0.033047,
          -0.914523,
          -0.403182,
          1.389956
        ],
        [
          0.0,
          0.0,
          0.0,
          1.0
        ]
      ]
    },
    {
      "file_path": "/media/NFS/ttao/scannet/posed_images/scene0326_00/00015.jpg",
      "transform_matrix": [
        [
          0.964372,
          -0.128133,
          0.231451,
          2.041222
        ],
        [
          -0.262801,
          -0.36351,
          0.893754,
          4.126187
        ],
        [
          -0.030384,
          -0.922737,
          -0.384232,
          1.403422
        ],
        [
          0.0,
          0.0,
          0.0,
          1.0
        ]
      ]
    },
    {
      "file_path": "/media/NFS/ttao/scannet/posed_images/scene0326_00/00019.jpg",
      "transform_matrix": [
        [
          0.96879,
          -0.108498,
          0.222877,
          2.036881
        ],
        [
          -0.245766,
          -0.303156,
          0.920704,
          4.122407
        ],
        [
          -0.032328,
          -0.946744,
          -0.32036,
          1.442382
        ],
        [
          0.0,
          0.0,
          0.0,
          1.0
        ]
      ]
    },
    {
      "file_path": "/media/NFS/ttao/scannet/posed_images/scene0326_00/00020.jpg",
      "transform_matrix": [
        [
          0.969614,
          -0.097782,
          0.22425,
          2.034727
        ],
        [
          -0.243318,
          -0.290243,
          0.925503,
          4.119221
        ],
        [
          -0.02541,
          -0.951944,
          -0.305215,
          1.443467
        ],
        [
          0.0,
          0.0,
          0.0,
          1.0
        ]
      ]
    },
    {
      "file_path": "/media/NFS/ttao/scannet/posed_images/scene0326_00/00022.jpg",
      "transform_matrix": [
        [
          0.972749,
          -0.082573,
          0.21666,
          2.033895
        ],
        [
          -0.231273,
          -0.278992,
          0.932028,
          4.119283
        ],
        [
          -0.016514,
          -0.956737,
          -0.290486,
          1.466486
        ],
        [
          0.0,
          0.0,
          0.0,
          1.0
        ]
      ]
    },
    {
      "file_path": "/media/NFS/ttao/scannet/posed_images/scene0326_00/00024.jpg",
      "transform_matrix": [
        [
          0.9787,
          -0.06627,
          0.194309,
          2.029978
        ],
        [
          -0.204983,
          -0.262921,
          0.942791,
          4.11855
        ],
        [
          -0.011391,
          -0.962539,
          -0.270905,
          1.485128
        ],
        [
          0.0,
          0.0,
          0.0,
          1.0
        ]
      ]
    },
    {
      "file_path": "/media/NFS/ttao/scannet/posed_images/scene0326_00/00027.jpg",
      "transform_matrix": [
        [
          0.98672,
          -0.036056,
          0.158379,
          2.021195
        ],
        [
          -0.162337,
          -0.252168,
          0.95397,
          4.123097
        ],
        [
          0.005542,
          -0.967012,
          -0.254672,
          1.512169
        ],
        [
          0.0,
          0.0,
          0.0,
          1.0
        ]
      ]
    },
    {
      "file_path": "/media/NFS/ttao/scannet/posed_images/scene0326_00/00030.jpg",
      "transform_matrix": [
        [
          0.989958,
          -0.017722,
          0.140245,
          2.018168
        ],
        [
          -0.140791,
          -0.212577,
          0.966948,
          4.121337
        ],
        [
          0.012677,
          -0.976984,
          -0.212937,
          1.518908
        ],
        [
          0.0,
          0.0,
          0.0,
          1.0
        ]
      ]
    },
    {
      "file_path": "/media/NFS/ttao/scannet/posed_images/scene0326_00/00031.jpg",
      "transform_matrix": [
        [
          0.989459,
          -0.014206,
          0.144118,
          2.01379
        ],
        [
          -0.14401,
          -0.201352,
          0.968875,
          4.123804
        ],
        [
          0.015255,
          -0.979416,
          -0.201275,
          1.529215
        ],
        [
          0.0,
          0.0,
          0.0,
          1.0
        ]
      ]
    },
    {
      "file_path": "/media/NFS/ttao/scannet/posed_images/scene0326_00/00034.jpg",
      "transform_matrix": [
        [
          0.98718,
          -0.010084,
          0.159292,
          2.008322
        ],
        [
          -0.158498,
          -0.179544,
          0.970898,
          4.130055
        ],
        [
          0.01881,
          -0.983698,
          -0.178841,
          1.551665
        ],
        [
          0.0,
          0.0,
          0.0,
          1.0
        ]
      ]
    },
    {
      "file_path": "/media/NFS/ttao/scannet/posed_images/scene0326_00/00036.jpg",
      "transform_matrix": [
        [
          0.986305,
          -0.014848,
          0.164262,
          2.005351
        ],
        [
          -0.164422,
          -0.166705,
          0.972201,
          4.134296
        ],
        [
          0.012948,
          -0.985895,
          -0.166863,
          1.56345
        ],
        [
          0.0,
          0.0,
          0.0,
          1.0
        ]
      ]
    },
    {
      "file_path": "/media/NFS/ttao/scannet/posed_images/scene0326_00/00039.jpg",
      "transform_matrix": [
        [
          0.985645,
          -0.015101,
          0.168157,
          2.001437
        ],
        [
          -0.168402,
          -0.159176,
          0.972782,
          4.139148
        ],
        [
          0.012076,
          -0.987135,
          -0.159434,
          1.573873
        ],
        [
          0.0,
          0.0,
          0.0,
          1.0
        ]
      ]
    },
    {
      "file_path": "/media/NFS/ttao/scannet/posed_images/scene0326_00/00040.jpg",
      "transform_matrix": [
        [
          0.98559,
          -0.012346,
          0.168704,
          1.999853
        ],
        [
          -0.16852,
          -0.157966,
          0.972958,
          4.1384
        ],
        [
          0.014637,
          -0.987367,
          -0.15777,
          1.562694
        ],
        [
          0.0,
          0.0,
          0.0,
          1.0
        ]
      ]
    },
    {
      "file_path": "/media/NFS/ttao/scannet/posed_images/scene0326_00/00042.jpg",
      "transform_matrix": [
        [
          0.985046,
          -0.007499,
          0.172132,
          1.996204
        ],
        [
          -0.170725,
          -0.177065,
          0.969279,
          4.141246
        ],
        [
          0.02321,
          -0.984171,
          -0.175697,
          1.557908
        ],
        [
          0.0,
          0.0,
          0.0,
          1.0
        ]
      ]
    },
    {
      "file_path": "/media/NFS/ttao/scannet/posed_images/scene0326_00/00045.jpg",
      "transform_matrix": [
        [
          0.981355,
          -0.004333,
          0.192159,
          1.98862
        ],
        [
          -0.18848,
          -0.21763,
          0.95766,
          4.146427
        ],
        [
          0.03767,
          -0.976022,
          -0.214389,
          1.53648
        ],
        [
          0.0,
          0.0,
          0.0,
          1.0
        ]
      ]
    },
    {
      "file_path": "/media/NFS/ttao/scannet/posed_images/scene0326_00/00046.jpg",
      "transform_matrix": [
        [
          0.980926,
          -0.009093,
          0.194169,
          1.98782
        ],
        [
          -0.190961,
          -0.231657,
          0.953871,
          4.147998
        ],
        [
          0.036307,
          -0.972755,
          -0.228974,
          1.528539
        ],
        [
          0.0,
          0.0,
          0.0,
          1.0
        ]
      ]
    },
    {
      "file_path": "/media/NFS/ttao/scannet/posed_images/scene0326_00/00050.jpg",
      "transform_matrix": [
        [
          0.983095,
          -0.040151,
          0.17864,
          1.973626
        ],
        [
          -0.182659,
          -0.282459,
          0.941729,
          4.160266
        ],
        [
          0.012647,
          -0.958439,
          -0.285018,
          1.511219
        ],
        [
          0.0,
          0.0,
          0.0,
          1.0
        ]
      ]
    },
    {
      "file_path": "/media/NFS/ttao/scannet/posed_images/scene0326_00/00052.jpg",
      "transform_matrix": [
        [
          0.985175,
          -0.034212,
          0.168108,
          1.96599
        ],
        [
          -0.170356,
          -0.310702,
          0.935117,
          4.161041
        ],
        [
          0.020239,
          -0.949892,
          -0.311923,
          1.492706
        ],
        [
          0.0,
          0.0,
          0.0,
          1.0
        ]
      ]
    },
    {
      "file_path": "/media/NFS/ttao/scannet/posed_images/scene0326_00/00054.jpg",
      "transform_matrix": [
        [
          0.98574,
          -0.035726,
          0.164443,
          1.962987
        ],
        [
          -0.166554,
          -0.346665,
          0.923084,
          4.162591
        ],
        [
          0.024029,
          -0.937308,
          -0.347671,
          1.472472
        ],
        [
          0.0,
          0.0,
          0.0,
          1.0
        ]
      ]
    },
    {
      "file_path": "/media/NFS/ttao/scannet/posed_images/scene0326_00/00057.jpg",
      "transform_matrix": [
        [
          0.983224,
          -0.060656,
          0.172024,
          1.955766
        ],
        [
          -0.182243,
          -0.366292,
          0.912479,
          4.169569
        ],
        [
          0.007663,
          -0.928521,
          -0.371201,
          1.455383
        ],
        [
          0.0,
          0.0,
          0.0,
          1.0
        ]
      ]
    },
    {
      "file_path": "/media/NFS/ttao/scannet/posed_images/scene0326_00/00058.jpg",
      "transform_matrix": [
        [
          0.982527,
          -0.069461,
          0.172674,
          1.955625
        ],
        [
          -0.186121,
          -0.367018,
          0.911404,
          4.169724
        ],
        [
          6.7e-05,
          -0.927617,
          -0.373534,
          1.44536
        ],
        [
          0.0,
          0.0,
          0.0,
          1.0
        ]
      ]
    },
    {
      "file_path": "/media/NFS/ttao/scannet/posed_images/scene0326_00/00060.jpg",
      "transform_matrix": [
        [
          0.982296,
          -0.083453,
          0.16772,
          1.954302
        ],
        [
          -0.187155,
          -0.397933,
          0.898122,
          4.174811
        ],
        [
          -0.00821,
          -0.913611,
          -0.406507,
          1.427709
        ],
        [
          0.0,
          0.0,
          0.0,
          1.0
        ]
      ]
    },
    {
      "file_path": "/media/NFS/ttao/scannet/posed_images/scene0326_00/00063.jpg",
      "transform_matrix": [
        [
          0.98505,
          -0.090557,
          0.14655,
          1.954312
        ],
        [
          -0.171752,
          -0.450191,
          0.876259,
          4.179395
        ],
        [
          -0.013375,
          -0.888328,
          -0.459014,
          1.385135
        ],
        [
          0.0,
          0.0,
          0.0,
          1.0
        ]
      ]
    },
    {
      "file_path": "/media/NFS/ttao/scannet/posed_images/scene0326_00/00064.jpg",
      "transform_matrix": [
        [
          0.985338,
          -0.092056,
          0.143652,
          1.953571
        ],
        [
          -0.170079,
          -0.463174,
          0.869795,
          4.181587
        ],
        [
          -0.013534,
          -0.881473,
          -0.47204,
          1.373859
        ],
        [
          0.0,
          0.0,
          0.0,
          1.0
        ]
      ]
    },
    {
      "file_path": "/media/NFS/ttao/scannet/posed_images/scene0326_00/00068.jpg",
      "transform_matrix": [
        [
          0.988389,
          -0.117514,
          0.096323,
          1.958572
        ],
        [
          -0.144314,
          -0.527613,
          0.837137,
          4.191298
        ],
        [
          -0.047554,
          -0.841317,
          -0.538445,
          1.335262
        ],
        [
          0.0,
          0.0,
          0.0,
          1.0
        ]
      ]
    },
    {
      "file_path": "/media/NFS/ttao/scannet/posed_images/scene0326_00/00070.jpg",
      "transform_matrix": [
        [
          0.989847,
          -0.126782,
          0.064256,
          1.967647
        ],
        [
          -0.124492,
          -0.555182,
          0.82236,
          4.20531
        ],
        [
          -0.068587,
          -0.822009,
          -0.565328,
          1.327007
        ],
        [
          0.0,
          0.0,
          0.0,
          1.0
        ]
      ]
    },
    {
      "file_path": "/media/NFS/ttao/scannet/posed_images/scene0326_00/00072.jpg",
      "transform_matrix": [
        [
          0.991782,
          -0.116048,
          0.053861,
          1.973617
        ],
        [
          -0.111323,
          -0.575308,
          0.810326,
          4.210528
        ],
        [
          -0.063051,
          -0.809663,
          -0.583499,
          1.315765
        ],
        [
          0.0,
          0.0,
          0.0,
          1.0
        ]
      ]
    },
    {
      "file_path": "/media/NFS/ttao/scannet/posed_images/scene0326_00/00075.jpg",
      "transform_matrix": [
        [
          0.993588,
          -0.095125,
          0.061117,
          1.987734
        ],
        [
          -0.105823,
          -0.592016,
          0.798949,
          4.22189
        ],
        [
          -0.039818,
          -0.800293,
          -0.598286,
          1.304995
        ],
        [
          0.0,
          0.0,
          0.0,
          1.0
        ]
      ]
    },
    {
      "file_path": "/media/NFS/ttao/scannet/posed_images/scene0326_00/00076.jpg",
      "transform_matrix": [
        [
          0.994398,
          -0.086495,
          0.060761,
          1.993291
        ],
        [
          -0.100357,
          -0.592026,
          0.799646,
          4.224763
        ],
        [
          -0.033193,
          -0.801264,
          -0.597389,
          1.302136
        ],
        [
          0.0,
          0.0,
          0.0,
          1.0
        ]
      ]
    },
    {
      "file_path": "/media/NFS/ttao/scannet/posed_images/scene0326_00/00078.jpg",
      "transform_matrix": [
        [
          0.995823,
          -0.074963,
          0.052133,
          2.006259
        ],
        [
          -0.086925,
          -0.603521,
          0.792595,
          4.231615
        ],
        [
          -0.027952,
          -0.793816,
          -0.607516,
          1.29742
        ],
        [
          0.0,
          0.0,
          0.0,
          1.0
        ]
      ]
    },
    {
      "file_path": "/media/NFS/ttao/scannet/posed_images/scene0326_00/00081.jpg",
      "transform_matrix": [
        [
          0.998256,
          -0.055034,
          0.021392,
          2.030356
        ],
        [
          -0.05091,
          -0.618725,
          0.783957,
          4.245066
        ],
        [
          -0.029908,
          -0.783678,
          -0.620447,
          1.29175
        ],
        [
          0.0,
          0.0,
          0.0,
          1.0
        ]
      ]
    },
    {
      "file_path": "/media/NFS/ttao/scannet/posed_images/scene0326_00/00082.jpg",
      "transform_matrix": [
        [
          0.998699,
          -0.049938,
          0.010329,
          2.037683
        ],
        [
          -0.039085,
          -0.619479,
          0.78404,
          4.247984
        ],
        [
          -0.032755,
          -0.783424,
          -0.620624,
          1.288534
        ],
        [
          0.0,
          0.0,
          0.0,
          1.0
        ]
      ]
    },
    {
      "file_path": "/media/NFS/ttao/scannet/posed_images/scene0326_00/00084.jpg",
      "transform_matrix": [
        [
          0.999393,
          -0.033141,
          -0.010709,
          2.049199
        ],
        [
          -0.012291,
          -0.623314,
          0.781875,
          4.255646
        ],
        [
          -0.032587,
          -0.781269,
          -0.623343,
          1.284477
        ],
        [
          0.0,
          0.0,
          0.0,
          1.0
        ]
      ]
    },
    {
      "file_path": "/media/NFS/ttao/scannet/posed_images/scene0326_00/00087.jpg",
      "transform_matrix": [
        [
          0.999238,
          0.015027,
          -0.036035,
          2.059332
        ],
        [
          0.037041,
          -0.656601,
          0.753328,
          4.265785
        ],
        [
          -0.012341,
          -0.754088,
          -0.656657,
          1.271986
        ],
        [
          0.0,
          0.0,
          0.0,
          1.0
        ]
      ]
    },
    {
      "file_path": "/media/NFS/ttao/scannet/posed_images/scene0326_00/00089.jpg",
      "transform_matrix": [
        [
          0.996648,
          0.051126,
          -0.063875,
          2.061056
        ],
        [
          0.081661,
          -0.669651,
          0.738173,
          4.2742
        ],
        [
          -0.005035,
          -0.740914,
          -0.671581,
          1.268329
        ],
        [
          0.0,
          0.0,
          0.0,
          1.0
        ]
      ]
    },
    {
      "file_path": "/media/NFS/ttao/scannet/posed_images/scene0326_00/00092.jpg",
      "transform_matrix": [
        [
          0.986612,
          0.102761,
          -0.126637,
          2.065725
        ],
        [
          0.162872,
          -0.660512,
          0.732937,
          4.2892
        ],
        [
          -0.008328,
          -0.74375,
          -0.668406,
          1.272628
        ],
        [
          0.0,
          0.0,
          0.0,
          1.0
        ]
      ]
    },
    {
      "file_path": "/media/NFS/ttao/scannet/posed_images/scene0326_00/00093.jpg",
      "transform_matrix": [
        [
          0.98196,
          0.115224,
          -0.149927,
          2.063485
        ],
        [
          0.188583,
          -0.654729,
          0.731961,
          4.292443
        ],
        [
          -0.013822,
          -0.74703,
          -0.664647,
          1.274436
        ],
        [
          0.0,
          0.0,
          0.0,
          1.0
        ]
      ]
    },
    {
      "file_path": "/media/NFS/ttao/scannet/posed_images/scene0326_00/00097.jpg",
      "transform_matrix": [
        [
          0.959129,
          0.165176,
          -0.229758,
          2.050875
        ],
        [
          0.281606,
          -0.636774,
          0.717787,
          4.307052
        ],
        [
          -0.027743,
          -0.753151,
          -0.657262,
          1.275144
        ],
        [
          0.0,
          0.0,
          0.0,
          1.0
        ]
      ]
    },
    {
      "file_path": "/media/NFS/ttao/scannet/posed_images/scene0326_00/00099.jpg",
      "transform_matrix": [
        [
          0.94574,
          0.187962,
          -0.26504,
          2.039317
        ],
        [
          0.323309,
          -0.625617,
          0.709983,
          4.318543
        ],
        [
          -0.032364,
          -0.757148,
          -0.652441,
          1.278713
        ],
        [
          0.0,
          0.0,
          0.0,
          1.0
        ]
      ]
    },
    {
      "file_path": "/media/NFS/ttao/scannet/posed_images/scene0326_00/00100.jpg",
      "transform_matrix": [
        [
          0.935503,
          0.202217,
          -0.289729,
          2.045413
        ],
        [
          0.351524,
          -0.61527,
          0.705602,
          4.329134
        ],
        [
          -0.035577,
          -0.761939,
          -0.646671,
          1.281392
        ],
        [
          0.0,
          0.0,
          0.0,
          1.0
        ]
      ]
    },
    {
      "file_path": "/media/NFS/ttao/scannet/posed_images/scene0326_00/00104.jpg",
      "transform_matrix": [
        [
          0.905278,
          0.249936,
          -0.343518,
          2.017027
        ],
        [
          0.423717,
          -0.589477,
          0.687736,
          4.347565
        ],
        [
          -0.030606,
          -0.768147,
          -0.639542,
          1.281014
        ],
        [
          0.0,
          0.0,
          0.0,
          1.0
        ]
      ]
    },
    {
      "file_path": "/media/NFS/ttao/scannet/posed_images/scene0326_00/00106.jpg",
      "transform_matrix": [
        [
          0.892287,
          0.26569,
          -0.36501,
          1.997957
        ],
        [
          0.450588,
          -0.57457,
          0.683257,
          4.356834
        ],
        [
          -0.028189,
          -0.774131,
          -0.632398,
          1.28179
        ],
        [
          0.0,
          0.0,
          0.0,
          1.0
        ]
      ]
    },
    {
      "file_path": "/media/NFS/ttao/scannet/posed_images/scene0326_00/00107.jpg",
      "transform_matrix": [
        [
          0.883425,
          0.277836,
          -0.377316,
          1.987086
        ],
        [
          0.467908,
          -0.565952,
          0.678793,
          4.363289
        ],
        [
          -0.024949,
          -0.776212,
          -0.629978,
          1.286177
        ],
        [
          0.0,
          0.0,
          0.0,
          1.0
        ]
      ]
    },
    {
      "file_path": "/media/NFS/ttao/scannet/posed_images/scene0326_00/00110.jpg",
      "transform_matrix": [
        [
          0.851629,
          0.303251,
          -0.427514,
          1.958204
        ],
        [
          0.523884,
          -0.518275,
          0.675971,
          4.375609
        ],
        [
          -0.01658,
          -0.799644,
          -0.600246,
          1.291508
        ],
        [
          0.0,
          0.0,
          0.0,
          1.0
        ]
      ]
    },
    {
      "file_path": "/media/NFS/ttao/scannet/posed_images/scene0326_00/00111.jpg",
      "transform_matrix": [
        [
          0.841077,
          0.315035,
          -0.439707,
          1.948584
        ],
        [
          0.540847,
          -0.502787,
          0.674308,
          4.380019
        ],
        [
          -0.008648,
          -0.804959,
          -0.593268,
          1.294038
        ],
        [
          0.0,
          0.0,
          0.0,
          1.0
        ]
      ]
    },
    {
      "file_path": "/media/NFS/ttao/scannet/posed_images/scene0326_00/00115.jpg",
      "transform_matrix": [
        [
          0.814314,
          0.323584,
          -0.481857,
          1.919234
        ],
        [
          0.580323,
          -0.438353,
          0.686347,
          4.392271
        ],
        [
          0.010867,
          -0.838534,
          -0.54474,
          1.301341
        ],
        [
          0.0,
          0.0,
          0.0,
          1.0
        ]
      ]
    },
    {
      "file_path": "/media/NFS/ttao/scannet/posed_images/scene0326_00/00117.jpg",
      "transform_matrix": [
        [
          0.790453,
          0.339048,
          -0.510128,
          1.911127
        ],
        [
          0.612322,
          -0.416064,
          0.672274,
          4.39815
        ],
        [
          0.015687,
          -0.843764,
          -0.536486,
          1.30558
        ],
        [
          0.0,
          0.0,
          0.0,
          1.0
        ]
      ]
    },
    {
      "file_path": "/media/NFS/ttao/scannet/posed_images/scene0326_00/00118.jpg",
      "transform_matrix": [
        [
          0.778258,
          0.347831,
          -0.522807,
          1.905628
        ],
        [
          0.627707,
          -0.408037,
          0.66294,
          4.402097
        ],
        [
          0.017267,
          -0.844109,
          -0.535894,
          1.311279
        ],
        [
          0.0,
          0.0,
          0.0,
          1.0
        ]
      ]
    },
    {
      "file_path": "/media/NFS/ttao/scannet/posed_images/scene0326_00/00121.jpg",
      "transform_matrix": [
        [
          0.755862,
          0.359988,
          -0.546883,
          1.903068
        ],
        [
          0.653977,
          -0.375025,
          0.657017,
          4.403584
        ],
        [
          0.031424,
          -0.854263,
          -0.518891,
          1.309672
        ],
        [
          0.0,
          0.0,
          0.0,
          1.0
        ]
      ]
    },
    {
      "file_path": "/media/NFS/ttao/scannet/posed_images/scene0326_00/00123.jpg",
      "transform_matrix": [
        [
          0.737759,
          0.375246,
          -0.561162,
          1.8994
        ],
        [
          0.674009,
          -0.362995,
          0.643386,
          4.409427
        ],
        [
          0.03773,
          -0.852892,
          -0.520722,
          1.316955
        ],
        [
          0.0,
          0.0,
          0.0,
          1.0
        ]
      ]
    },
    {
      "file_path": "/media/NFS/ttao/scannet/posed_images/scene0326_00/00125.jpg",
      "transform_matrix": [
        [
          0.710574,
          0.383974,
          -0.589617,
          1.90048
        ],
        [
          0.702702,
          -0.344406,
          0.622571,
          4.409457
        ],
        [
          0.035983,
          -0.856708,
          -0.514545,
          1.315801
        ],
        [
          0.0,
          0.0,
          0.0,
          1.0
        ]
      ]
    },
    {
      "file_path": "/media/NFS/ttao/scannet/posed_images/scene0326_00/00128.jpg",
      "transform_matrix": [
        [
          0.658782,
          0.412312,
          -0.629289,
          1.905746
        ],
        [
          0.751449,
          -0.320068,
          0.576958,
          4.416757
        ],
        [
          0.036471,
          -0.852969,
          -0.520687,
          1.319256
        ],
        [
          0.0,
          0.0,
          0.0,
          1.0
        ]
      ]
    },
    {
      "file_path": "/media/NFS/ttao/scannet/posed_images/scene0326_00/00129.jpg",
      "transform_matrix": [
        [
          0.643402,
          0.419081,
          -0.640629,
          1.909369
        ],
        [
          0.764688,
          -0.312617,
          0.563492,
          4.419869
        ],
        [
          0.035877,
          -0.852433,
          -0.521605,
          1.318813
        ],
        [
          0.0,
          0.0,
          0.0,
          1.0
        ]
      ]
    },
    {
      "file_path": "/media/NFS/ttao/scannet/posed_images/scene0326_00/00132.jpg",
      "transform_matrix": [
        [
          0.594894,
          0.440377,
          -0.672436,
          1.915576
        ],
        [
          0.803293,
          -0.295856,
          0.516905,
          4.4313
        ],
        [
          0.028689,
          -0.847666,
          -0.529755,
          1.329571
        ],
        [
          0.0,
          0.0,
          0.0,
          1.0
        ]
      ]
    },
    {
      "file_path": "/media/NFS/ttao/scannet/posed_images/scene0326_00/00135.jpg",
      "transform_matrix": [
        [
          0.537513,
          0.441419,
          -0.718491,
          1.933614
        ],
        [
          0.842999,
          -0.260275,
          0.470754,
          4.438994
        ],
        [
          0.020794,
          -0.858724,
          -0.512017,
          1.324122
        ],
        [
          0.0,
          0.0,
          0.0,
          1.0
        ]
      ]
    },
    {
      "file_path": "/media/NFS/ttao/scannet/posed_images/scene0326_00/00136.jpg",
      "transform_matrix": [
        [
          0.522335,
          0.448975,
          -0.724974,
          1.936561
        ],
        [
          0.85247,
          -0.253523,
          0.457188,
          4.443377
        ],
        [
          0.021468,
          -0.856824,
          -0.515162,
          1.325219
        ],
        [
          0.0,
          0.0,
          0.0,
          1.0
        ]
      ]
    },
    {
      "file_path": "/media/NFS/ttao/scannet/posed_images/scene0326_00/00138.jpg",
      "transform_matrix": [
        [
          0.486585,
          0.461614,
          -0.74172,
          1.941896
        ],
        [
          0.873389,
          -0.236955,
          0.425493,
          4.451503
        ],
        [
          0.020659,
          -0.854848,
          -0.518467,
          1.329815
        ],
        [
          0.0,
          0.0,
          0.0,
          1.0
        ]
      ]
    },
    {
      "file_path": "/media/NFS/ttao/scannet/posed_images/scene0326_00/00141.jpg",
      "transform_matrix": [
        [
          0.433505,
          0.467329,
          -0.770504,
          1.955455
        ],
        [
          0.901076,
          -0.213774,
          0.377309,
          4.450036
        ],
        [
          0.011614,
          -0.857848,
          -0.513772,
          1.323618
        ],
        [
          0.0,
          0.0,
          0.0,
          1.0
        ]
      ]
    },
    {
      "file_path": "/media/NFS/ttao/scannet/posed_images/scene0326_00/00144.jpg",
      "transform_matrix": [
        [
          0.364401,
          0.486644,
          -0.793971,
          1.962581
        ],
        [
          0.931231,
          -0.186217,
          0.313261,
          4.455815
        ],
        [
          0.004596,
          -0.853523,
          -0.521035,
          1.323179
        ],
        [
          0.0,
          0.0,
          0.0,
          1.0
        ]
      ]
    },
    {
      "file_path": "/media/NFS/ttao/scannet/posed_images/scene0326_00/00146.jpg",
      "transform_matrix": [
        [
          0.315776,
          0.49921,
          -0.806892,
          1.967129
        ],
        [
          0.948834,
          -0.165693,
          0.268813,
          4.457533
        ],
        [
          0.000498,
          -0.850491,
          -0.525989,
          1.321392
        ],
        [
          0.0,
          0.0,
          0.0,
          1.0
        ]
      ]
    },
    {
      "file_path": "/media/NFS/ttao/scannet/posed_images/scene0326_00/00148.jpg",
      "transform_matrix": [
        [
          0.262173,
          0.512788,
          -0.817505,
          1.971533
        ],
        [
          0.965019,
          -0.140907,
          0.221095,
          4.456103
        ],
        [
          -0.001817,
          -0.846873,
          -0.531792,
          1.318149
        ],
        [
          0.0,
          0.0,
          0.0,
          1.0
        ]
      ]
    },
    {
      "file_path": "/media/NFS/ttao/scannet/posed_images/scene0326_00/00151.jpg",
      "transform_matrix": [
        [
          0.190368,
          0.539853,
          -0.81995,
          1.974153
        ],
        [
          0.98169,
          -0.11043,
          0.155213,
          4.45884
        ],
        [
          -0.006755,
          -0.834484,
          -0.550991,
          1.317027
        ],
        [
          0.0,
          0.0,
          0.0,
          1.0
        ]
      ]
    },
    {
      "file_path": "/media/NFS/ttao/scannet/posed_images/scene0326_00/00153.jpg",
      "transform_matrix": [
        [
          0.149804,
          0.553186,
          -0.819478,
          1.972388
        ],
        [
          0.988603,
          -0.096358,
          0.115675,
          4.456907
        ],
        [
          -0.014973,
          -0.827466,
          -0.561316,
          1.319687
        ],
        [
          0.0,
          0.0,
          0.0,
          1.0
        ]
      ]
    },
    {
      "file_path": "/media/NFS/ttao/scannet/posed_images/scene0326_00/00155.jpg",
      "transform_matrix": [
        [
          0.112082,
          0.554725,
          -0.82445,
          1.97483
        ],
        [
          0.9935,
          -0.079161,
          0.081801,
          4.452065
        ],
        [
          -0.019887,
          -0.828259,
          -0.559992,
          1.320572
        ],
        [
          0.0,
          0.0,
          0.0,
          1.0
        ]
      ]
    },
    {
      "file_path": "/media/NFS/ttao/scannet/posed_images/scene0326_00/00157.jpg",
      "transform_matrix": [
        [
          0.075759,
          0.561167,
          -0.824228,
          1.978896
        ],
        [
          0.996954,
          -0.057998,
          0.052148,
          4.445609
        ],
        [
          -0.01854,
          -0.825668,
          -0.563851,
          1.320697
        ],
        [
          0.0,
          0.0,
          0.0,
          1.0
        ]
      ]
    },
    {
      "file_path": "/media/NFS/ttao/scannet/posed_images/scene0326_00/00159.jpg",
      "transform_matrix": [
        [
          0.045879,
          0.564491,
          -0.824163,
          1.984754
        ],
        [
          0.998849,
          -0.037469,
          0.02994,
          4.43689
        ],
        [
          -0.013979,
          -0.824588,
          -0.56556,
          1.319354
        ],
        [
          0.0,
          0.0,
          0.0,
          1.0
        ]
      ]
    },
    {
      "file_path": "/media/NFS/ttao/scannet/posed_images/scene0326_00/00162.jpg",
      "transform_matrix": [
        [
          0.016135,
          0.565282,
          -0.82474,
          1.996812
        ],
        [
          0.999833,
          -0.001986,
          0.018199,
          4.418702
        ],
        [
          0.00865,
          -0.824895,
          -0.565219,
          1.312695
        ],
        [
          0.0,
          0.0,
          0.0,
          1.0
        ]
      ]
    },
    {
      "file_path": "/media/NFS/ttao/scannet/posed_images/scene0326_00/00163.jpg",
      "transform_matrix": [
        [
          0.007023,
          0.566601,
          -0.823963,
          1.999146
        ],
        [
          0.999843,
          0.009451,
          0.015021,
          4.411972
        ],
        [
          0.016298,
          -0.823938,
          -0.566445,
          1.31278
        ],
        [
          0.0,
          0.0,
          0.0,
          1.0
        ]
      ]
    },
    {
      "file_path": "/media/NFS/ttao/scannet/posed_images/scene0326_00/00165.jpg",
      "transform_matrix": [
        [
          -0.011233,
          0.568037,
          -0.822926,
          2.002411
        ],
        [
          0.999504,
          0.030599,
          0.007478,
          4.396767
        ],
        [
          0.029428,
          -0.822434,
          -0.568099,
          1.314495
        ],
        [
          0.0,
          0.0,
          0.0,
          1.0
        ]
      ]
    },
    {
      "file_path": "/media/NFS/ttao/scannet/posed_images/scene0326_00/00167.jpg",
      "transform_matrix": [
        [
          -0.028007,
          0.56393,
          -0.825348,
          2.008326
        ],
        [
          0.999094,
          0.042273,
          -0.005019,
          4.375706
        ],
        [
          0.032059,
          -0.82474,
          -0.564603,
          1.313937
        ],
        [
          0.0,
          0.0,
          0.0,
          1.0
        ]
      ]
    },
    {
      "file_path": "/media/NFS/ttao/scannet/posed_images/scene0326_00/00169.jpg",
      "transform_matrix": [
        [
          -0.054017,
          0.559502,
          -0.827067,
          2.013693
        ],
        [
          0.998234,
          0.050757,
          -0.03086,
          4.358898
        ],
        [
          0.024713,
          -0.827274,
          -0.561255,
          1.313573
        ],
        [
          0.0,
          0.0,
          0.0,
          1.0
        ]
      ]
    },
    {
      "file_path": "/media/NFS/ttao/scannet/posed_images/scene0326_00/00173.jpg",
      "transform_matrix": [
        [
          -0.130845,
          0.538818,
          -0.832199,
          2.03175
        ],
        [
          0.991298,
          0.083321,
          -0.101913,
          4.314179
        ],
        [
          0.014427,
          -0.838292,
          -0.545031,
          1.306829
        ],
