{
  "frames": [
    {
      "file_path": "/media/NFS/ttao/scannet/posed_images/scene0242_00/00001.jpg",
      "transform_matrix": [
        [
          0.5199,
          0.194793,
          -0.831721,
          2.650201
        ],
        [
          0.854072,
          -0.137084,
          0.501766,
          1.030801
        ],
        [
          -0.016275,
          -0.971218,
          -0.237638,
          1.393767
        ],
        [
          0.0,
          0.0,
          0.0,
          1.0
        ]
      ]
    },
    {
      "file_path": "/media/NFS/ttao/scannet/posed_images/scene0242_00/00004.jpg",
      "transform_matrix": [
        [
          0.520516,
          0.195281,
          -0.831221,
          2.64957
        ],
        [
          0.853693,
          -0.137774,
          0.502221,
          1.031422
        ],
        [
          -0.016447,
          -0.971022,
          -0.238424,
          1.393941
        ],
        [
          0.0,
          0.0,
          0.0,
          1.0
        ]
      ]
    },
    {
      "file_path": "/media/NFS/ttao/scannet/posed_images/scene0242_00/00011.jpg",
      "transform_matrix": [
        [
          0.524131,
          0.179427,
          -0.832522,
          2.651741
        ],
        [
          0.851461,
          -0.130316,
          0.507969,
          1.026044
        ],
        [
          -0.017347,
          -0.975102,
          -0.221078,
          1.382305
        ],
        [
          0.0,
          0.0,
          0.0,
          1.0
        ]
      ]
    },
    {
      "file_path": "/media/NFS/ttao/scannet/posed_images/scene0242_00/00015.jpg",
      "transform_matrix": [
        [
          0.527243,
          0.179062,
          -0.830634,
          2.649223
        ],
        [
          0.849556,
          -0.129984,
          0.511233,
          1.026071
        ],
        [
          -0.016427,
          -0.975213,
          -0.220656,
          1.381423
        ],
        [
          0.0,
          0.0,
          0.0,
          1.0
        ]
      ]
    },
    {
      "file_path": "/media/NFS/ttao/scannet/posed_images/scene0242_00/00018.jpg",
      "transform_matrix": [
        [
          0.530147,
          0.182583,
          -0.828015,
          2.649664
        ],
        [
          0.847744,
          -0.133246,
          0.513397,
          1.02402
        ],
        [
          -0.016592,
          -0.97412,
          -0.225423,
          1.374907
        ],
        [
          0.0,
          0.0,
          0.0,
          1.0
        ]
      ]
    },
    {
      "file_path": "/media/NFS/ttao/scannet/posed_images/scene0242_00/00022.jpg",
      "transform_matrix": [
        [
          0.535035,
          0.190208,
          -0.82314,
          2.648164
        ],
        [
          0.844718,
          -0.136337,
          0.517556,
          1.028375
        ],
        [
          -0.013781,
          -0.972231,
          -0.233617,
          1.36512
        ],
        [
          0.0,
          0.0,
          0.0,
          1.0
        ]
      ]
    },
    {
      "file_path": "/media/NFS/ttao/scannet/posed_images/scene0242_00/00026.jpg",
      "transform_matrix": [
        [
          0.548379,
          0.202807,
          -0.811265,
          2.639467
        ],
        [
          0.836201,
          -0.141177,
          0.529942,
          1.031069
        ],
        [
          -0.007056,
          -0.968988,
          -0.247006,
          1.375889
        ],
        [
          0.0,
          0.0,
          0.0,
          1.0
        ]
      ]
    },
    {
      "file_path": "/media/NFS/ttao/scannet/posed_images/scene0242_00/00033.jpg",
      "transform_matrix": [
        [
          0.567863,
          0.194806,
          -0.799739,
          2.641083
        ],
        [
          0.823123,
          -0.135279,
          0.551515,
          1.044565
        ],
        [
          -0.00075,
          -0.971468,
          -0.237169,
          1.369477
        ],
        [
          0.0,
          0.0,
          0.0,
          1.0
        ]
      ]
    },
    {
      "file_path": "/media/NFS/ttao/scannet/posed_images/scene0242_00/00037.jpg",
      "transform_matrix": [
        [
          0.579677,
          0.189631,
          -0.792473,
          2.64037
        ],
        [
          0.814841,
          -0.138377,
          0.562927,
          1.04794
        ],
        [
          -0.002911,
          -0.972056,
          -0.234733,
          1.380089
        ],
        [
          0.0,
          0.0,
          0.0,
          1.0
        ]
      ]
    },
    {
      "file_path": "/media/NFS/ttao/scannet/posed_images/scene0242_00/00044.jpg",
      "transform_matrix": [
        [
          0.590403,
          0.157687,
          -0.791555,
          2.64543
        ],
        [
          0.806975,
          -0.133226,
          0.575364,
          1.060511
        ],
        [
          -0.014728,
          -0.978461,
          -0.205907,
          1.408562
        ],
        [
          0.0,
          0.0,
          0.0,
          1.0
        ]
      ]
    },
    {
      "file_path": "/media/NFS/ttao/scannet/posed_images/scene0242_00/00046.jpg",
      "transform_matrix": [
        [
          0.591973,
          0.153879,
          -0.791132,
          2.64805
        ],
        [
          0.805809,
          -0.131885,
          0.577303,
          1.060503
        ],
        [
          -0.015504,
          -0.979249,
          -0.202069,
          1.408873
        ],
        [
          0.0,
          0.0,
          0.0,
          1.0
        ]
      ]
    },
    {
      "file_path": "/media/NFS/ttao/scannet/posed_images/scene0242_00/00049.jpg",
      "transform_matrix": [
        [
          0.598372,
          0.165095,
          -0.784025,
          2.643602
        ],
        [
          0.801116,
          -0.138962,
          0.582154,
          1.055457
        ],
        [
          -0.012839,
          -0.976439,
          -0.215411,
          1.407037
        ],
        [
          0.0,
          0.0,
          0.0,
          1.0
        ]
      ]
    },
    {
      "file_path": "/media/NFS/ttao/scannet/posed_images/scene0242_00/00053.jpg",
      "transform_matrix": [
        [
          0.614727,
          0.188818,
          -0.765806,
          2.639436
        ],
        [
          0.788696,
          -0.157453,
          0.594279,
          1.054812
        ],
        [
          -0.008368,
          -0.969307,
          -0.245711,
          1.386189
        ],
        [
          0.0,
          0.0,
          0.0,
          1.0
        ]
      ]
    },
    {
      "file_path": "/media/NFS/ttao/scannet/posed_images/scene0242_00/00059.jpg",
      "transform_matrix": [
        [
          0.669305,
          0.196336,
          -0.716577,
          2.613736
        ],
        [
          0.742682,
          -0.204482,
          0.637661,
          1.035868
        ],
        [
          -0.021331,
          -0.958978,
          -0.282676,
          1.390136
        ],
        [
          0.0,
          0.0,
          0.0,
          1.0
        ]
      ]
    },
    {
      "file_path": "/media/NFS/ttao/scannet/posed_images/scene0242_00/00065.jpg",
      "transform_matrix": [
        [
          0.708667,
          0.210243,
          -0.67349,
          2.609451
        ],
        [
          0.70416,
          -0.270512,
          0.656493,
          1.041826
        ],
        [
          -0.044164,
          -0.939479,
          -0.339747,
          1.361979
        ],
        [
          0.0,
          0.0,
          0.0,
          1.0
        ]
      ]
    },
    {
      "file_path": "/media/NFS/ttao/scannet/posed_images/scene0242_00/00071.jpg",
      "transform_matrix": [
        [
          0.734661,
          0.209752,
          -0.645195,
          2.641813
        ],
        [
          0.676793,
          -0.292707,
          0.675481,
          1.030362
        ],
        [
          -0.047169,
          -0.932913,
          -0.356999,
          1.347623
        ],
        [
          0.0,
          0.0,
          0.0,
          1.0
        ]
      ]
    },
    {
      "file_path": "/media/NFS/ttao/scannet/posed_images/scene0242_00/00074.jpg",
      "transform_matrix": [
        [
          0.746309,
          0.212599,
          -0.630733,
          2.654283
        ],
        [
          0.663528,
          -0.312332,
          0.679837,
          1.014079
        ],
        [
          -0.052466,
          -0.925878,
          -0.374162,
          1.336277
        ],
        [
          0.0,
          0.0,
          0.0,
          1.0
        ]
      ]
    },
    {
      "file_path": "/media/NFS/ttao/scannet/posed_images/scene0242_00/00079.jpg",
      "transform_matrix": [
        [
          0.768164,
          0.227548,
          -0.598453,
          2.680767
        ],
        [
          0.637674,
          -0.355734,
          0.683247,
          0.992344
        ],
        [
          -0.057419,
          -0.906463,
          -0.418363,
          1.338137
        ],
        [
          0.0,
          0.0,
          0.0,
          1.0
        ]
      ]
    },
    {
      "file_path": "/media/NFS/ttao/scannet/posed_images/scene0242_00/00085.jpg",
      "transform_matrix": [
        [
          0.796657,
          0.212254,
          -0.565938,
          2.724848
        ],
        [
          0.600066,
          -0.390062,
          0.698407,
          0.965278
        ],
        [
          -0.072511,
          -0.895991,
          -0.438113,
          1.318765
        ],
        [
          0.0,
          0.0,
          0.0,
          1.0
        ]
      ]
    },
    {
      "file_path": "/media/NFS/ttao/scannet/posed_images/scene0242_00/00087.jpg",
      "transform_matrix": [
        [
          0.801304,
          0.209661,
          -0.560316,
          2.739872
        ],
        [
          0.593245,
          -0.399452,
          0.698927,
          0.957577
        ],
        [
          -0.077282,
          -0.892458,
          -0.444462,
          1.316124
        ],
        [
          0.0,
          0.0,
          0.0,
          1.0
        ]
      ]
    },
    {
      "file_path": "/media/NFS/ttao/scannet/posed_images/scene0242_00/00090.jpg",
      "transform_matrix": [
        [
          0.805767,
          0.204961,
          -0.555635,
          2.760893
        ],
        [
          0.585254,
          -0.419181,
          0.694093,
          0.953156
        ],
        [
          -0.09065,
          -0.884465,
          -0.457717,
          1.31966
        ],
        [
          0.0,
          0.0,
          0.0,
          1.0
        ]
      ]
    },
    {
      "file_path": "/media/NFS/ttao/scannet/posed_images/scene0242_00/00094.jpg",
      "transform_matrix": [
        [
          0.818082,
          0.198914,
          -0.539606,
          2.765707
        ],
        [
          0.567925,
          -0.42719,
          0.703541,
          0.934249
        ],
        [
          -0.090569,
          -0.88201,
          -0.462445,
          1.31273
        ],
        [
          0.0,
          0.0,
          0.0,
          1.0
        ]
      ]
    },
    {
      "file_path": "/media/NFS/ttao/scannet/posed_images/scene0242_00/00100.jpg",
      "transform_matrix": [
        [
          0.842536,
          0.18296,
          -0.506615,
          2.756949
        ],
        [
          0.531347,
          -0.43656,
          0.726006,
          0.916567
        ],
        [
          -0.088338,
          -0.880875,
          -0.465033,
          1.322342
        ],
        [
          0.0,
          0.0,
          0.0,
          1.0
        ]
      ]
    },
    {
      "file_path": "/media/NFS/ttao/scannet/posed_images/scene0242_00/00105.jpg",
      "transform_matrix": [
        [
          0.858493,
          0.18735,
          -0.477378,
          2.750615
        ],
        [
          0.506889,
          -0.451236,
          0.734473,
          0.909946
        ],
        [
          -0.077806,
          -0.872517,
          -0.482349,
          1.322498
        ],
        [
          0.0,
          0.0,
          0.0,
          1.0
        ]
      ]
    },
    {
      "file_path": "/media/NFS/ttao/scannet/posed_images/scene0242_00/00108.jpg",
      "transform_matrix": [
        [
          0.866236,
          0.18712,
          -0.463271,
          2.752053
        ],
        [
          0.494489,
          -0.453801,
          0.741313,
          0.908279
        ],
        [
          -0.071519,
          -0.871235,
          -0.485628,
          1.320675
        ],
        [
          0.0,
          0.0,
          0.0,
          1.0
        ]
      ]
    },
    {
      "file_path": "/media/NFS/ttao/scannet/posed_images/scene0242_00/00115.jpg",
      "transform_matrix": [
        [
          0.862747,
          0.179327,
          -0.472768,
          2.765894
        ],
        [
          0.497543,
          -0.467691,
          0.730559,
          0.912187
        ],
        [
          -0.090101,
          -0.86551,
          -0.492722,
          1.308942
        ],
        [
          0.0,
          0.0,
          0.0,
          1.0
        ]
      ]
    },
    {
      "file_path": "/media/NFS/ttao/scannet/posed_images/scene0242_00/00120.jpg",
      "transform_matrix": [
        [
          0.863409,
          0.18664,
          -0.468711,
          2.762716
        ],
        [
          0.496742,
          -0.476851,
          0.725163,
          0.907527
        ],
        [
          -0.088161,
          -0.85894,
          -0.50443,
          1.288765
        ],
        [
          0.0,
          0.0,
          0.0,
          1.0
        ]
      ]
    },
    {
      "file_path": "/media/NFS/ttao/scannet/posed_images/scene0242_00/00123.jpg",
      "transform_matrix": [
        [
          0.867931,
          0.184841,
          -0.46101,
          2.755254
        ],
        [
          0.489114,
          -0.479523,
          0.728578,
          0.910067
        ],
        [
          -0.086394,
          -0.857841,
          -0.506601,
          1.287579
        ],
        [
          0.0,
          0.0,
          0.0,
          1.0
        ]
      ]
    },
    {
      "file_path": "/media/NFS/ttao/scannet/posed_images/scene0242_00/00127.jpg",
      "transform_matrix": [
        [
          0.874651,
          0.175595,
          -0.451831,
          2.753875
        ],
        [
          0.477032,
          -0.477473,
          0.737875,
          0.91221
        ],
        [
          -0.08617,
          -0.860922,
          -0.501387,
          1.289826
        ],
        [
          0.0,
          0.0,
          0.0,
          1.0
        ]
      ]
    },
    {
      "file_path": "/media/NFS/ttao/scannet/posed_images/scene0242_00/00134.jpg",
      "transform_matrix": [
        [
          0.894706,
          0.149823,
          -0.420779,
          2.760145
        ],
        [
          0.439403,
          -0.464325,
          0.768978,
          0.916803
        ],
        [
          -0.080167,
          -0.8729,
          -0.481267,
          1.292503
        ],
        [
          0.0,
          0.0,
          0.0,
          1.0
        ]
      ]
    },
    {
      "file_path": "/media/NFS/ttao/scannet/posed_images/scene0242_00/00135.jpg",
      "transform_matrix": [
        [
          0.897735,
          0.147513,
          -0.415106,
          2.759955
        ],
        [
          0.433249,
          -0.466317,
          0.771261,
          0.918198
        ],
        [
          -0.0798,
          -0.872232,
          -0.482539,
          1.293442
        ],
        [
          0.0,
          0.0,
          0.0,
          1.0
        ]
      ]
    },
    {
      "file_path": "/media/NFS/ttao/scannet/posed_images/scene0242_00/00142.jpg",
      "transform_matrix": [
        [
          0.917578,
          0.112913,
          -0.381185,
          2.775777
        ],
        [
          0.38801,
          -0.463216,
          0.796793,
          0.932041
        ],
        [
          -0.086602,
          -0.879023,
          -0.468848,
          1.308332
        ],
        [
          0.0,
          0.0,
          0.0,
          1.0
        ]
      ]
    },
    {
      "file_path": "/media/NFS/ttao/scannet/posed_images/scene0242_00/00145.jpg",
      "transform_matrix": [
        [
          0.928006,
          0.098141,
          -0.359407,
          2.772313
        ],
        [
          0.362999,
          -0.455379,
          0.812934,
          0.931628
        ],
        [
          -0.083884,
          -0.884872,
          -0.45822,
          1.315797
        ],
        [
          0.0,
          0.0,
          0.0,
          1.0
        ]
      ]
    },
    {
      "file_path": "/media/NFS/ttao/scannet/posed_images/scene0242_00/00153.jpg",
      "transform_matrix": [
        [
          0.938544,
          0.060093,
          -0.339888,
          2.790198
        ],
        [
          0.332798,
          -0.418717,
          0.844939,
          0.937167
        ],
        [
          -0.091542,
          -0.906126,
          -0.412983,
          1.346559
        ],
        [
          0.0,
          0.0,
          0.0,
          1.0
        ]
      ]
    },
    {
      "file_path": "/media/NFS/ttao/scannet/posed_images/scene0242_00/00157.jpg",
      "transform_matrix": [
        [
          0.938637,
          0.058823,
          -0.339855,
          2.790884
        ],
        [
          0.334836,
          -0.391786,
          0.856965,
          0.934167
        ],
        [
          -0.082741,
          -0.918174,
          -0.387441,
          1.358692
        ],
        [
          0.0,
          0.0,
          0.0,
          1.0
        ]
      ]
    },
    {
      "file_path": "/media/NFS/ttao/scannet/posed_images/scene0242_00/00160.jpg",
      "transform_matrix": [
        [
          0.936574,
          0.058052,
          -0.345628,
          2.796483
        ],
        [
          0.341927,
          -0.367759,
          0.864777,
          0.930346
        ],
        [
          -0.076906,
          -0.928107,
          -0.364283,
          1.369065
        ],
        [
          0.0,
          0.0,
          0.0,
          1.0
        ]
      ]
    },
    {
      "file_path": "/media/NFS/ttao/scannet/posed_images/scene0242_00/00162.jpg",
      "transform_matrix": [
        [
          0.935088,
          0.055173,
          -0.350094,
          2.801418
        ],
        [
          0.34659,
          -0.34878,
          0.870763,
          0.926402
        ],
        [
          -0.074064,
          -0.935579,
          -0.345263,
          1.368934
        ],
        [
          0.0,
          0.0,
          0.0,
          1.0
        ]
      ]
    },
    {
      "file_path": "/media/NFS/ttao/scannet/posed_images/scene0242_00/00169.jpg",
      "transform_matrix": [
        [
          0.943713,
          0.042435,
          -0.328032,
          2.801632
        ],
        [
          0.324688,
          -0.308084,
          0.894238,
          0.913919
        ],
        [
          -0.063115,
          -0.950412,
          -0.304521,
          1.382698
        ],
        [
          0.0,
          0.0,
          0.0,
          1.0
        ]
      ]
    },
    {
      "file_path": "/media/NFS/ttao/scannet/posed_images/scene0242_00/00173.jpg",
      "transform_matrix": [
        [
          0.949175,
          0.039945,
          -0.312203,
          2.808239
        ],
        [
          0.309032,
          -0.306452,
          0.900326,
          0.912203
        ],
        [
          -0.059711,
          -0.951048,
          -0.303221,
          1.384773
        ],
        [
          0.0,
          0.0,
          0.0,
          1.0
        ]
      ]
    },
    {
      "file_path": "/media/NFS/ttao/scannet/posed_images/scene0242_00/00179.jpg",
      "transform_matrix": [
        [
          0.957415,
          0.033902,
          -0.286718,
          2.812093
        ],
        [
          0.282597,
          -0.313406,
          0.906596,
          0.907355
        ],
        [
          -0.059123,
          -0.949014,
          -0.30964,
          1.383434
        ],
        [
          0.0,
          0.0,
          0.0,
          1.0
        ]
      ]
    },
    {
      "file_path": "/media/NFS/ttao/scannet/posed_images/scene0242_00/00184.jpg",
      "transform_matrix": [
        [
          0.960553,
          0.032926,
          -0.27614,
          2.822265
        ],
        [
          0.271973,
          -0.318444,
          0.908088,
          0.914189
        ],
        [
          -0.058035,
          -0.94737,
          -0.314838,
          1.391814
        ],
        [
          0.0,
          0.0,
          0.0,
          1.0
        ]
      ]
    },
    {
      "file_path": "/media/NFS/ttao/scannet/posed_images/scene0242_00/00188.jpg",
      "transform_matrix": [
        [
          0.961312,
          0.040389,
          -0.272486,
          2.817846
        ],
        [
          0.271916,
          -0.297359,
          0.915226,
          0.9129
        ],
        [
          -0.044061,
          -0.953911,
          -0.296837,
          1.401492
        ],
        [
          0.0,
          0.0,
          0.0,
          1.0
        ]
      ]
    },
    {
      "file_path": "/media/NFS/ttao/scannet/posed_images/scene0242_00/00191.jpg",
      "transform_matrix": [
        [
          0.962041,
          0.047046,
          -0.26882,
          2.815994
        ],
        [
          0.270604,
          -0.292098,
          0.917307,
          0.912302
        ],
        [
          -0.035366,
          -0.955231,
          -0.293741,
          1.403463
        ],
        [
          0.0,
          0.0,
          0.0,
          1.0
        ]
      ]
    },
    {
      "file_path": "/media/NFS/ttao/scannet/posed_images/scene0242_00/00195.jpg",
      "transform_matrix": [
        [
          0.964747,
          0.051193,
          -0.258152,
          2.809541
        ],
        [
          0.261492,
          -0.297345,
          0.918264,
          0.916201
        ],
        [
          -0.029751,
          -0.953397,
          -0.300249,
          1.404639
        ],
        [
          0.0,
          0.0,
          0.0,
          1.0
        ]
      ]
    },
    {
      "file_path": "/media/NFS/ttao/scannet/posed_images/scene0242_00/00202.jpg",
      "transform_matrix": [
        [
          0.974003,
          0.055841,
          -0.219546,
          2.792426
        ],
        [
          0.224298,
          -0.373601,
          0.900063,
          0.939632
        ],
        [
          -0.031762,
          -0.925907,
          -0.376413,
          1.379808
        ],
        [
          0.0,
          0.0,
          0.0,
          1.0
        ]
      ]
    },
    {
      "file_path": "/media/NFS/ttao/scannet/posed_images/scene0242_00/00203.jpg",
      "transform_matrix": [
        [
          0.975405,
          0.060568,
          -0.211934,
          2.78841
        ],
        [
          0.218683,
          -0.386349,
          0.896054,
          0.943273
        ],
        [
          -0.027608,
          -0.920362,
          -0.390092,
          1.373344
        ],
        [
          0.0,
          0.0,
          0.0,
          1.0
        ]
      ]
    },
    {
      "file_path": "/media/NFS/ttao/scannet/posed_images/scene0242_00/00210.jpg",
      "transform_matrix": [
        [
          0.98644,
          0.067638,
          -0.149537,
          2.758065
        ],
        [
          0.163931,
          -0.450082,
          0.877811,
          0.982184
        ],
        [
          -0.00793,
          -0.890422,
          -0.455067,
          1.340363
        ],
        [
          0.0,
          0.0,
          0.0,
          1.0
        ]
      ]
    },
    {
      "file_path": "/media/NFS/ttao/scannet/posed_images/scene0242_00/00213.jpg",
      "transform_matrix": [
        [
          0.989789,
          0.061085,
          -0.128787,
          2.736513
        ],
        [
          0.142447,
          -0.456419,
          0.878289,
          1.001466
        ],
        [
          -0.00513,
          -0.887666,
          -0.46046,
          1.338196
        ],
        [
          0.0,
          0.0,
          0.0,
          1.0
        ]
      ]
    },
    {
      "file_path": "/media/NFS/ttao/scannet/posed_images/scene0242_00/00221.jpg",
      "transform_matrix": [
        [
          0.994878,
          0.013295,
          -0.100201,
          2.671969
        ],
        [
          0.095679,
          -0.443552,
          0.891127,
          1.056589
        ],
        [
          -0.032597,
          -0.89615,
          -0.442553,
          1.346374
        ],
        [
          0.0,
          0.0,
          0.0,
          1.0
        ]
      ]
    },
    {
      "file_path": "/media/NFS/ttao/scannet/posed_images/scene0242_00/00222.jpg",
      "transform_matrix": [
        [
          0.995405,
          0.010335,
          -0.095195,
          2.662479
        ],
        [
          0.089882,
          -0.443648,
          0.891683,
          1.063257
        ],
        [
          -0.033017,
          -0.896142,
          -0.442538,
          1.34444
        ],
        [
          0.0,
          0.0,
          0.0,
          1.0
        ]
      ]
    },
    {
      "file_path": "/media/NFS/ttao/scannet/posed_images/scene0242_00/00229.jpg",
      "transform_matrix": [
        [
          0.999493,
          0.000589,
          -0.031818,
          2.613296
        ],
        [
          0.028348,
          -0.470818,
          0.881775,
          1.122297
        ],
        [
          -0.01446,
          -0.88223,
          -0.470596,
          1.333654
        ],
        [
          0.0,
          0.0,
          0.0,
          1.0
        ]
      ]
    },
    {
      "file_path": "/media/NFS/ttao/scannet/posed_images/scene0242_00/00235.jpg",
      "transform_matrix": [
        [
          0.999644,
          -0.016782,
          0.020712,
          2.588452
        ],
        [
          -0.026162,
          -0.468482,
          0.883085,
          1.185124
        ],
        [
          -0.005116,
          -0.883313,
          -0.468755,
          1.324792
        ],
        [
          0.0,
          0.0,
          0.0,
          1.0
        ]
      ]
    },
    {
      "file_path": "/media/NFS/ttao/scannet/posed_images/scene0242_00/00236.jpg",
      "transform_matrix": [
        [
          0.999454,
          -0.021891,
          0.024749,
          2.585422
        ],
        [
          -0.032118,
          -0.46792,
          0.883187,
          1.197348
        ],
        [
          -0.007753,
          -0.8835,
          -0.468367,
          1.325195
        ],
        [
          0.0,
          0.0,
          0.0,
          1.0
        ]
      ]
    },
    {
      "file_path": "/media/NFS/ttao/scannet/posed_images/scene0242_00/00240.jpg",
      "transform_matrix": [
        [
          0.998818,
          -0.030894,
          0.037534,
          2.578866
        ],
        [
          -0.047364,
          -0.444498,
          0.894527,
          1.245683
        ],
        [
          -0.010952,
          -0.895247,
          -0.445435,
          1.317925
        ],
        [
          0.0,
          0.0,
          0.0,
          1.0
        ]
      ]
    },
    {
      "file_path": "/media/NFS/ttao/scannet/posed_images/scene0242_00/00244.jpg",
      "transform_matrix": [
        [
          0.998417,
          -0.034945,
          0.044068,
          2.566478
        ],
        [
          -0.054593,
          -0.413852,
          0.908706,
          1.301068
        ],
        [
          -0.013517,
          -0.909673,
          -0.415104,
          1.326121
        ],
        [
          0.0,
          0.0,
          0.0,
          1.0
        ]
      ]
    },
    {
      "file_path": "/media/NFS/ttao/scannet/posed_images/scene0242_00/00251.jpg",
      "transform_matrix": [
        [
          0.997327,
          -0.056596,
          0.046204,
          2.55627
        ],
        [
          -0.063567,
          -0.360419,
          0.930622,
          1.374615
        ],
        [
          -0.036016,
          -0.931072,
          -0.363054,
          1.314585
        ],
        [
          0.0,
          0.0,
          0.0,
          1.0
        ]
      ]
    },
    {
      "file_path": "/media/NFS/ttao/scannet/posed_images/scene0242_00/00256.jpg",
      "transform_matrix": [
        [
          0.993115,
          -0.057717,
          0.101937,
          2.550693
        ],
        [
          -0.116633,
          -0.406139,
          0.906338,
          1.431026
        ],
        [
          -0.010911,
          -0.911987,
          -0.410074,
          1.310416
        ],
        [
          0.0,
          0.0,
          0.0,
          1.0
        ]
      ]
    },
    {
      "file_path": "/media/NFS/ttao/scannet/posed_images/scene0242_00/00261.jpg",
      "transform_matrix": [
        [
          0.977955,
          -0.106849,
          0.179408,
          2.540867
        ],
        [
          -0.207812,
          -0.413871,
          0.886299,
          1.489808
        ],
        [
          -0.020449,
          -0.904043,
          -0.426952,
          1.303664
        ],
        [
          0.0,
          0.0,
          0.0,
          1.0
        ]
      ]
    },
    {
      "file_path": "/media/NFS/ttao/scannet/posed_images/scene0242_00/00266.jpg",
      "transform_matrix": [
        [
          0.944859,
          -0.169418,
          0.280248,
          2.510486
        ],
        [
          -0.325362,
          -0.388566,
          0.862065,
          1.560123
        ],
        [
          -0.037155,
          -0.905712,
          -0.422262,
          1.296155
        ],
        [
          0.0,
          0.0,
          0.0,
          1.0
        ]
      ]
    },
    {
      "file_path": "/media/NFS/ttao/scannet/posed_images/scene0242_00/00267.jpg",
      "transform_matrix": [
        [
          0.936347,
          -0.177487,
          0.302906,
          2.50046
        ],
        [
          -0.349332,
          -0.385158,
          0.854178,
          1.575632
        ],
        [
          -0.034938,
          -0.905622,
          -0.422644,
          1.293494
        ],
        [
          0.0,
          0.0,
          0.0,
          1.0
        ]
      ]
    },
    {
      "file_path": "/media/NFS/ttao/scannet/posed_images/scene0242_00/00271.jpg",
      "transform_matrix": [
        [
          0.885766,
          -0.220473,
          0.408425,
          2.452256
        ],
        [
          -0.463205,
          -0.364324,
          0.807904,
          1.644421
        ],
        [
          -0.029322,
          -0.904798,
          -0.42483,
          1.285836
        ],
        [
          0.0,
          0.0,
          0.0,
          1.0
        ]
      ]
    },
    {
      "file_path": "/media/NFS/ttao/scannet/posed_images/scene0242_00/00280.jpg",
      "transform_matrix": [
        [
          0.771267,
          -0.338379,
          0.539118,
          2.349529
        ],
        [
          -0.635373,
          -0.358611,
          0.683886,
          1.748486
        ],
        [
          -0.038079,
          -0.869999,
          -0.491581,
          1.309049
        ],
        [
          0.0,
          0.0,
          0.0,
          1.0
        ]
      ]
    },
    {
      "file_path": "/media/NFS/ttao/scannet/posed_images/scene0242_00/00281.jpg",
      "transform_matrix": [
        [
          0.763654,
          -0.337279,
          0.550523,
          2.338031
        ],
        [
          -0.644775,
          -0.354658,
          0.677114,
          1.754621
        ],
        [
          -0.033129,
          -0.872044,
          -0.488305,
          1.310735
        ],
        [
          0.0,
          0.0,
          0.0,
          1.0
        ]
      ]
    },
    {
      "file_path": "/media/NFS/ttao/scannet/posed_images/scene0242_00/00289.jpg",
      "transform_matrix": [
        [
          0.748087,
          -0.298789,
          0.59253,
          2.263645
        ],
        [
          -0.662474,
          -0.28423,
          0.693067,
          1.783588
        ],
        [
          -0.038666,
          -0.911009,
          -0.410569,
          1.328491
        ],
        [
          0.0,
          0.0,
          0.0,
          1.0
        ]
      ]
    },
    {
      "file_path": "/media/NFS/ttao/scannet/posed_images/scene0242_00/00291.jpg",
      "transform_matrix": [
        [
          0.750637,
          -0.310218,
          0.58336,
          2.269151
        ],
        [
          -0.65771,
          -0.266732,
          0.704466,
          1.769952
        ],
        [
          -0.062937,
          -0.91248,
          -0.404252,
          1.334594
        ],
        [
          0.0,
          0.0,
          0.0,
          1.0
        ]
      ]
    },
    {
      "file_path": "/media/NFS/ttao/scannet/posed_images/scene0242_00/00297.jpg",
      "transform_matrix": [
        [
          0.732145,
          -0.272881,
          0.624099,
          2.20846
        ],
        [
          -0.678744,
          -0.215342,
          0.702093,
          1.770383
        ],
        [
          -0.057193,
          -0.937637,
          -0.342878,
          1.35233
        ],
        [
          0.0,
          0.0,
          0.0,
          1.0
        ]
      ]
    },
    {
      "file_path": "/media/NFS/ttao/scannet/posed_images/scene0242_00/00300.jpg",
      "transform_matrix": [
        [
          0.726346,
          -0.270136,
          0.632019,
          2.17808
        ],
        [
          -0.686098,
          -0.22993,
          0.690219,
          1.757507
        ],
        [
          -0.041133,
          -0.934964,
          -0.352349,
          1.364284
        ],
        [
          0.0,
          0.0,
          0.0,
          1.0
        ]
      ]
    },
    {
      "file_path": "/media/NFS/ttao/scannet/posed_images/scene0242_00/00306.jpg",
      "transform_matrix": [
        [
          0.710842,
          -0.263148,
          0.652271,
          2.091222
        ],
        [
          -0.701935,
          -0.206566,
          0.681629,
          1.742364
        ],
        [
          -0.044632,
          -0.942382,
          -0.331548,
          1.369919
        ],
        [
          0.0,
          0.0,
          0.0,
          1.0
        ]
      ]
    },
    {
      "file_path": "/media/NFS/ttao/scannet/posed_images/scene0242_00/00308.jpg",
      "transform_matrix": [
        [
          0.702522,
          -0.262701,
          0.661401,
          2.063006
        ],
        [
          -0.710538,
          -0.206696,
          0.672617,
          1.738705
        ],
        [
          -0.039988,
          -0.942478,
          -0.331867,
          1.373248
        ],
        [
          0.0,
          0.0,
          0.0,
          1.0
        ]
      ]
    },
    {
      "file_path": "/media/NFS/ttao/scannet/posed_images/scene0242_00/00312.jpg",
      "transform_matrix": [
        [
          0.658898,
          -0.280528,
          0.697966,
          2.006944
        ],
        [
          -0.752013,
          -0.223264,
          0.620186,
          1.742458
        ],
        [
          -0.018149,
          -0.933519,
          -0.358069,
          1.374622
        ],
        [
          0.0,
          0.0,
          0.0,
          1.0
        ]
      ]
    },
    {
      "file_path": "/media/NFS/ttao/scannet/posed_images/scene0242_00/00321.jpg",
      "transform_matrix": [
        [
          0.58002,
          -0.241339,
          0.778031,
          1.886298
        ],
        [
          -0.813803,
          -0.129388,
          0.566554,
          1.748037
        ],
        [
          -0.036063,
          -0.961777,
          -0.27145,
          1.407843
        ],
        [
          0.0,
          0.0,
          0.0,
          1.0
        ]
      ]
    },
    {
      "file_path": "/media/NFS/ttao/scannet/posed_images/scene0242_00/00325.jpg",
      "transform_matrix": [
        [
          0.544679,
          -0.22711,
          0.807308,
          1.831991
        ],
        [
          -0.836596,
          -0.079891,
          0.541964,
          1.76711
        ],
        [
          -0.058589,
          -0.970587,
          -0.233514,
          1.410789
        ],
        [
          0.0,
          0.0,
          0.0,
          1.0
        ]
      ]
    },
    {
      "file_path": "/media/NFS/ttao/scannet/posed_images/scene0242_00/00326.jpg",
      "transform_matrix": [
        [
          0.538497,
          -0.230486,
          0.810492,
          1.821156
        ],
        [
          -0.840256,
          -0.074769,
          0.53701,
          1.772378
        ],
        [
          -0.063174,
          -0.970199,
          -0.23393,
          1.412351
        ],
        [
          0.0,
          0.0,
          0.0,
          1.0
        ]
      ]
    },
    {
      "file_path": "/media/NFS/ttao/scannet/posed_images/scene0242_00/00331.jpg",
      "transform_matrix": [
        [
          0.504678,
          -0.251002,
          0.826013,
          1.775023
        ],
        [
          -0.860836,
          -0.073958,
          0.50348,
          1.794247
        ],
        [
          -0.065285,
          -0.965157,
          -0.253396,
          1.415398
        ],
        [
          0.0,
          0.0,
          0.0,
          1.0
        ]
      ]
    },
    {
      "file_path": "/media/NFS/ttao/scannet/posed_images/scene0242_00/00338.jpg",
      "transform_matrix": [
        [
          0.490005,
          -0.216237,
          0.844474,
          1.725538
        ],
        [
          -0.869398,
          -0.05057,
          0.491518,
          1.792602
        ],
        [
          -0.063579,
          -0.97503,
          -0.212776,
          1.422549
        ],
        [
          0.0,
          0.0,
          0.0,
          1.0
        ]
      ]
    },
    {
      "file_path": "/media/NFS/ttao/scannet/posed_images/scene0242_00/00340.jpg",
      "transform_matrix": [
        [
          0.490736,
          -0.213815,
          0.844666,
          1.722
        ],
        [
          -0.869362,
          -0.055403,
          0.49106,
          1.782083
        ],
        [
          -0.0582,
          -0.975302,
          -0.213071,
          1.425321
        ],
        [
          0.0,
          0.0,
          0.0,
          1.0
        ]
      ]
    },
    {
      "file_path": "/media/NFS/ttao/scannet/posed_images/scene0242_00/00345.jpg",
      "transform_matrix": [
        [
          0.453141,
          -0.203213,
          0.867967,
          1.71705
        ],
        [
          -0.890925,
          -0.070186,
          0.448694,
          1.773231
        ],
        [
          -0.030261,
          -0.976616,
          -0.212852,
          1.424769
        ],
        [
          0.0,
          0.0,
          0.0,
          1.0
        ]
      ]
    },
    {
      "file_path": "/media/NFS/ttao/scannet/posed_images/scene0242_00/00352.jpg",
      "transform_matrix": [
        [
          0.416066,
          -0.209247,
          0.884932,
          1.724763
        ],
        [
          -0.90899,
          -0.068925,
          0.41108,
          1.748225
        ],
        [
          -0.025023,
          -0.975431,
