{
  "frames": [
    {
      "file_path": "/media/NFS/ttao/scannet/posed_images/scene0629_01/00000.jpg",
      "transform_matrix": [
        [
          0.253018,
          -0.216439,
          0.94294,
          3.515329
        ],
        [
          -0.966087,
          -0.004582,
          0.258177,
          3.060749
        ],
        [
          -0.051559,
          -0.976285,
          -0.210258,
          1.924111
        ],
        [
          0.0,
          0.0,
          0.0,
          1.0
        ]
      ]
    },
    {
      "file_path": "/media/NFS/ttao/scannet/posed_images/scene0629_01/00013.jpg",
      "transform_matrix": [
        [
          0.263886,
          -0.27575,
          0.924297,
          3.596941
        ],
        [
          -0.963642,
          -0.033711,
          0.265062,
          3.115712
        ],
        [
          -0.041932,
          -0.960638,
          -0.274621,
          1.870969
        ],
        [
          0.0,
          0.0,
          0.0,
          1.0
        ]
      ]
    },
    {
      "file_path": "/media/NFS/ttao/scannet/posed_images/scene0629_01/00021.jpg",
      "transform_matrix": [
        [
          0.2494,
          -0.382861,
          0.889504,
          3.651737
        ],
        [
          -0.965313,
          -0.025004,
          0.259894,
          3.134567
        ],
        [
          -0.077262,
          -0.923467,
          -0.375817,
          1.820856
        ],
        [
          0.0,
          0.0,
          0.0,
          1.0
        ]
      ]
    },
    {
      "file_path": "/media/NFS/ttao/scannet/posed_images/scene0629_01/00029.jpg",
      "transform_matrix": [
        [
          0.184326,
          -0.45823,
          0.869511,
          3.664003
        ],
        [
          -0.981712,
          -0.042993,
          0.185453,
          3.177631
        ],
        [
          -0.047597,
          -0.887793,
          -0.457775,
          1.81227
        ],
        [
          0.0,
          0.0,
          0.0,
          1.0
        ]
      ]
    },
    {
      "file_path": "/media/NFS/ttao/scannet/posed_images/scene0629_01/00040.jpg",
      "transform_matrix": [
        [
          0.062628,
          -0.430166,
          0.900575,
          3.620596
        ],
        [
          -0.996738,
          0.019063,
          0.078421,
          3.24609
        ],
        [
          -0.050902,
          -0.902549,
          -0.427569,
          1.859848
        ],
        [
          0.0,
          0.0,
          0.0,
          1.0
        ]
      ]
    },
    {
      "file_path": "/media/NFS/ttao/scannet/posed_images/scene0629_01/00043.jpg",
      "transform_matrix": [
        [
          0.055802,
          -0.423232,
          0.904301,
          3.605694
        ],
        [
          -0.997084,
          0.023607,
          0.072576,
          3.261897
        ],
        [
          -0.052065,
          -0.905714,
          -0.42068,
          1.871961
        ],
        [
          0.0,
          0.0,
          0.0,
          1.0
        ]
      ]
    },
    {
      "file_path": "/media/NFS/ttao/scannet/posed_images/scene0629_01/00059.jpg",
      "transform_matrix": [
        [
          0.199067,
          -0.296321,
          0.934112,
          3.562926
        ],
        [
          -0.975999,
          0.025949,
          0.216225,
          3.243823
        ],
        [
          -0.088311,
          -0.954736,
          -0.284044,
          1.915376
        ],
        [
          0.0,
          0.0,
          0.0,
          1.0
        ]
      ]
    },
    {
      "file_path": "/media/NFS/ttao/scannet/posed_images/scene0629_01/00064.jpg",
      "transform_matrix": [
        [
          0.252749,
          -0.272548,
          0.928351,
          3.55982
        ],
        [
          -0.964673,
          0.00272,
          0.263437,
          3.245558
        ],
        [
          -0.074324,
          -0.962138,
          -0.262232,
          1.91367
        ],
        [
          0.0,
          0.0,
          0.0,
          1.0
        ]
      ]
    },
    {
      "file_path": "/media/NFS/ttao/scannet/posed_images/scene0629_01/00075.jpg",
      "transform_matrix": [
        [
          0.22071,
          -0.27767,
          0.934979,
          3.562176
        ],
        [
          -0.97351,
          -0.00402,
          0.228611,
          3.20568
        ],
        [
          -0.05972,
          -0.960668,
          -0.271202,
          1.912727
        ],
        [
          0.0,
          0.0,
          0.0,
          1.0
        ]
      ]
    },
    {
      "file_path": "/media/NFS/ttao/scannet/posed_images/scene0629_01/00080.jpg",
      "transform_matrix": [
        [
          0.231592,
          -0.249587,
          0.940251,
          3.541456
        ],
        [
          -0.9712,
          -0.003686,
          0.238237,
          3.204139
        ],
        [
          -0.055995,
          -0.968345,
          -0.243252,
          1.929649
        ],
        [
          0.0,
          0.0,
          0.0,
          1.0
        ]
      ]
    },
    {
      "file_path": "/media/NFS/ttao/scannet/posed_images/scene0629_01/00088.jpg",
      "transform_matrix": [
        [
          0.23628,
          -0.192583,
          0.95241,
          3.51695
        ],
        [
          -0.969984,
          0.01123,
          0.24291,
          3.196146
        ],
        [
          -0.057476,
          -0.981216,
          -0.184148,
          1.957492
        ],
        [
          0.0,
          0.0,
          0.0,
          1.0
        ]
      ]
    },
    {
      "file_path": "/media/NFS/ttao/scannet/posed_images/scene0629_01/00096.jpg",
      "transform_matrix": [
        [
          0.242301,
          -0.203274,
          0.948668,
          3.499411
        ],
        [
          -0.967686,
          0.019729,
          0.251386,
          3.200166
        ],
        [
          -0.069816,
          -0.978923,
          -0.191925,
          1.928951
        ],
        [
          0.0,
          0.0,
          0.0,
          1.0
        ]
      ]
    },
    {
      "file_path": "/media/NFS/ttao/scannet/posed_images/scene0629_01/00104.jpg",
      "transform_matrix": [
        [
          0.239778,
          -0.256291,
          0.936387,
          3.491481
        ],
        [
          -0.969517,
          -0.013115,
          0.244672,
          3.221163
        ],
        [
          -0.050427,
          -0.966511,
          -0.251623,
          1.924253
        ],
        [
          0.0,
          0.0,
          0.0,
          1.0
        ]
      ]
    },
    {
      "file_path": "/media/NFS/ttao/scannet/posed_images/scene0629_01/00115.jpg",
      "transform_matrix": [
        [
          0.095848,
          -0.346752,
          0.933047,
          3.485504
        ],
        [
          -0.994939,
          -0.004985,
          0.100353,
          3.294446
        ],
        [
          -0.030146,
          -0.937943,
          -0.345475,
          1.879855
        ],
        [
          0.0,
          0.0,
          0.0,
          1.0
        ]
      ]
    },
    {
      "file_path": "/media/NFS/ttao/scannet/posed_images/scene0629_01/00125.jpg",
      "transform_matrix": [
        [
          0.007863,
          -0.387751,
          0.921731,
          3.480237
        ],
        [
          -0.9981,
          0.05329,
          0.030932,
          3.266402
        ],
        [
          -0.061113,
          -0.920222,
          -0.386595,
          1.895815
        ],
        [
          0.0,
          0.0,
          0.0,
          1.0
        ]
      ]
    },
    {
      "file_path": "/media/NFS/ttao/scannet/posed_images/scene0629_01/00136.jpg",
      "transform_matrix": [
        [
          -0.078392,
          -0.361759,
          0.92897,
          3.433102
        ],
        [
          -0.994574,
          0.092304,
          -0.047983,
          3.240661
        ],
        [
          -0.068389,
          -0.927691,
          -0.367032,
          1.923064
        ],
        [
          0.0,
          0.0,
          0.0,
          1.0
        ]
      ]
    },
    {
      "file_path": "/media/NFS/ttao/scannet/posed_images/scene0629_01/00144.jpg",
      "transform_matrix": [
        [
          -0.119117,
          -0.333841,
          0.935073,
          3.392033
        ],
        [
          -0.988663,
          0.126586,
          -0.08075,
          3.218555
        ],
        [
          -0.09141,
          -0.934091,
          -0.345134,
          1.905609
        ],
        [
          0.0,
          0.0,
          0.0,
          1.0
        ]
      ]
    },
    {
      "file_path": "/media/NFS/ttao/scannet/posed_images/scene0629_01/00149.jpg",
      "transform_matrix": [
        [
          -0.154651,
          -0.330288,
          0.931125,
          3.379014
        ],
        [
          -0.984204,
          0.133712,
          -0.116036,
          3.227322
        ],
        [
          -0.086177,
          -0.934361,
          -0.345749,
          1.917593
        ],
        [
          0.0,
          0.0,
          0.0,
          1.0
        ]
      ]
    },
    {
      "file_path": "/media/NFS/ttao/scannet/posed_images/scene0629_01/00163.jpg",
      "transform_matrix": [
        [
          -0.290318,
          -0.303576,
          0.9075,
          3.360107
        ],
        [
          -0.95678,
          0.108878,
          -0.269662,
          3.324979
        ],
        [
          -0.016944,
          -0.946566,
          -0.322065,
          1.951354
        ],
        [
          0.0,
          0.0,
          0.0,
          1.0
        ]
      ]
    },
    {
      "file_path": "/media/NFS/ttao/scannet/posed_images/scene0629_01/00168.jpg",
      "transform_matrix": [
        [
          -0.340667,
          -0.296395,
          0.892242,
          3.359637
        ],
        [
          -0.940102,
          0.119904,
          -0.319109,
          3.372973
        ],
        [
          -0.012402,
          -0.947509,
          -0.319489,
          1.953203
        ],
        [
          0.0,
          0.0,
          0.0,
          1.0
        ]
      ]
    },
    {
      "file_path": "/media/NFS/ttao/scannet/posed_images/scene0629_01/00179.jpg",
      "transform_matrix": [
        [
          -0.455618,
          -0.252825,
          0.853517,
          3.343179
        ],
        [
          -0.890146,
          0.13714,
          -0.434548,
          3.406165
        ],
        [
          -0.007187,
          -0.957743,
          -0.287535,
          1.955688
        ],
        [
          0.0,
          0.0,
          0.0,
          1.0
        ]
      ]
    },
    {
      "file_path": "/media/NFS/ttao/scannet/posed_images/scene0629_01/00192.jpg",
      "transform_matrix": [
        [
          -0.538973,
          -0.205629,
          0.816839,
          3.27652
        ],
        [
          -0.84232,
          0.134111,
          -0.522025,
          3.264982
        ],
        [
          -0.002204,
          -0.969397,
          -0.245487,
          1.963732
        ],
        [
          0.0,
          0.0,
          0.0,
          1.0
        ]
      ]
    },
    {
      "file_path": "/media/NFS/ttao/scannet/posed_images/scene0629_01/00200.jpg",
      "transform_matrix": [
        [
          -0.56033,
          -0.181018,
          0.808247,
          3.219145
        ],
        [
          -0.828234,
          0.131544,
          -0.544725,
          3.142074
        ],
        [
          -0.007714,
          -0.974643,
          -0.223633,
          1.966042
        ],
        [
          0.0,
          0.0,
          0.0,
          1.0
        ]
      ]
    },
    {
      "file_path": "/media/NFS/ttao/scannet/posed_images/scene0629_01/00206.jpg",
      "transform_matrix": [
        [
          -0.59174,
          -0.169679,
          0.788069,
          3.223876
        ],
        [
          -0.806024,
          0.140271,
          -0.575021,
          3.115965
        ],
        [
          -0.012975,
          -0.975466,
          -0.219769,
          1.965809
        ],
        [
          0.0,
          0.0,
          0.0,
          1.0
        ]
      ]
    },
    {
      "file_path": "/media/NFS/ttao/scannet/posed_images/scene0629_01/00211.jpg",
      "transform_matrix": [
        [
          -0.579356,
          -0.160759,
          0.799064,
          3.18273
        ],
        [
          -0.814682,
          0.144614,
          -0.561586,
          3.043713
        ],
        [
          -0.025275,
          -0.976342,
          -0.214751,
          1.956972
        ],
        [
          0.0,
          0.0,
          0.0,
          1.0
        ]
      ]
    },
    {
      "file_path": "/media/NFS/ttao/scannet/posed_images/scene0629_01/00222.jpg",
      "transform_matrix": [
        [
          -0.596181,
          -0.151636,
          0.7884,
          3.141445
        ],
        [
          -0.800377,
          0.189268,
          -0.568836,
          2.96643
        ],
        [
          -0.062963,
          -0.970146,
          -0.234204,
          1.91962
        ],
        [
          0.0,
          0.0,
          0.0,
          1.0
        ]
      ]
    },
    {
      "file_path": "/media/NFS/ttao/scannet/posed_images/scene0629_01/00232.jpg",
      "transform_matrix": [
        [
          -0.660923,
          -0.176772,
          0.729337,
          3.150127
        ],
        [
          -0.747566,
          0.240257,
          -0.61921,
          2.953071
        ],
        [
          -0.06577,
          -0.954478,
          -0.290941,
          1.877209
        ],
        [
          0.0,
          0.0,
          0.0,
          1.0
        ]
      ]
    },
    {
      "file_path": "/media/NFS/ttao/scannet/posed_images/scene0629_01/00243.jpg",
      "transform_matrix": [
        [
          -0.679069,
          -0.213271,
          0.702411,
          3.151434
        ],
        [
          -0.732566,
          0.258199,
          -0.629826,
          2.880792
        ],
        [
          -0.047038,
          -0.942258,
          -0.331569,
          1.861764
        ],
        [
          0.0,
          0.0,
          0.0,
          1.0
        ]
      ]
    },
    {
      "file_path": "/media/NFS/ttao/scannet/posed_images/scene0629_01/00248.jpg",
      "transform_matrix": [
        [
          -0.685784,
          -0.217317,
          0.694604,
          3.17206
        ],
        [
          -0.726933,
          0.251249,
          -0.639095,
          2.862165
        ],
        [
          -0.035632,
          -0.943211,
          -0.330277,
          1.87541
        ],
        [
          0.0,
          0.0,
          0.0,
          1.0
        ]
      ]
    },
    {
      "file_path": "/media/NFS/ttao/scannet/posed_images/scene0629_01/00256.jpg",
      "transform_matrix": [
        [
          -0.715025,
          -0.181753,
          0.675059,
          3.192651
        ],
        [
          -0.698955,
          0.205458,
          -0.685017,
          2.840133
        ],
        [
          -0.014192,
          -0.961641,
          -0.273945,
          1.894677
        ],
        [
          0.0,
          0.0,
          0.0,
          1.0
        ]
      ]
    },
    {
      "file_path": "/media/NFS/ttao/scannet/posed_images/scene0629_01/00270.jpg",
      "transform_matrix": [
        [
          -0.77173,
          -0.131115,
          0.622287,
          3.236689
        ],
        [
          -0.635707,
          0.131983,
          -0.760564,
          2.855801
        ],
        [
          0.01759,
          -0.982542,
          -0.185206,
          1.966458
        ],
        [
          0.0,
          0.0,
          0.0,
          1.0
        ]
      ]
    },
    {
      "file_path": "/media/NFS/ttao/scannet/posed_images/scene0629_01/00278.jpg",
      "transform_matrix": [
        [
          -0.823676,
          -0.107102,
          0.556854,
          3.358193
        ],
        [
          -0.566719,
          0.121384,
          -0.814921,
          2.901048
        ],
        [
          0.019686,
          -0.98681,
          -0.160678,
          1.979802
        ],
        [
          0.0,
          0.0,
          0.0,
          1.0
        ]
      ]
    },
    {
      "file_path": "/media/NFS/ttao/scannet/posed_images/scene0629_01/00283.jpg",
      "transform_matrix": [
        [
          -0.823756,
          -0.127354,
          0.552456,
          3.404018
        ],
        [
          -0.565817,
          0.123244,
          -0.815268,
          2.898226
        ],
        [
          0.03574,
          -0.984171,
          -0.173582,
          1.966542
        ],
        [
          0.0,
          0.0,
          0.0,
          1.0
        ]
      ]
    },
    {
      "file_path": "/media/NFS/ttao/scannet/posed_images/scene0629_01/00299.jpg",
      "transform_matrix": [
        [
          -0.859531,
          -0.046326,
          0.508979,
          3.569513
        ],
        [
          -0.510927,
          0.102487,
          -0.853493,
          2.811198
        ],
        [
          -0.012625,
          -0.993655,
          -0.11176,
          1.954756
        ],
        [
          0.0,
          0.0,
          0.0,
          1.0
        ]
      ]
    },
    {
      "file_path": "/media/NFS/ttao/scannet/posed_images/scene0629_01/00302.jpg",
      "transform_matrix": [
        [
          -0.864209,
          -0.033615,
          0.502008,
          3.584757
        ],
        [
          -0.502598,
          0.103646,
          -0.858285,
          2.795551
        ],
        [
          -0.023179,
          -0.994046,
          -0.106466,
          1.962893
        ],
        [
          0.0,
          0.0,
          0.0,
          1.0
        ]
      ]
    },
    {
      "file_path": "/media/NFS/ttao/scannet/posed_images/scene0629_01/00310.jpg",
      "transform_matrix": [
        [
          -0.896651,
          -0.051474,
          0.439735,
          3.692064
        ],
        [
          -0.442737,
          0.105923,
          -0.890373,
          2.784767
        ],
        [
          -0.000747,
          -0.993041,
          -0.117766,
          1.964571
        ],
        [
          0.0,
          0.0,
          0.0,
          1.0
        ]
      ]
    },
    {
      "file_path": "/media/NFS/ttao/scannet/posed_images/scene0629_01/00318.jpg",
      "transform_matrix": [
        [
          -0.924368,
          -0.058438,
          0.377,
          3.801082
        ],
        [
          -0.381477,
          0.1529,
          -0.911645,
          2.784314
        ],
        [
          -0.004368,
          -0.986512,
          -0.163629,
          1.951119
        ],
        [
          0.0,
          0.0,
          0.0,
          1.0
        ]
      ]
    },
    {
      "file_path": "/media/NFS/ttao/scannet/posed_images/scene0629_01/00331.jpg",
      "transform_matrix": [
        [
          -0.923524,
          -0.08451,
          0.374114,
          3.904493
        ],
        [
          -0.383439,
          0.225898,
          -0.895514,
          2.788403
        ],
        [
          -0.008831,
          -0.970478,
          -0.241027,
          1.917834
        ],
        [
          0.0,
          0.0,
          0.0,
          1.0
        ]
      ]
    },
    {
      "file_path": "/media/NFS/ttao/scannet/posed_images/scene0629_01/00339.jpg",
      "transform_matrix": [
        [
          -0.921722,
          -0.116347,
          0.369989,
          3.886652
        ],
        [
          -0.387733,
          0.252897,
          -0.886401,
          2.768307
        ],
        [
          0.009561,
          -0.960472,
          -0.278212,
          1.90185
        ],
        [
          0.0,
          0.0,
          0.0,
          1.0
        ]
      ]
    },
    {
      "file_path": "/media/NFS/ttao/scannet/posed_images/scene0629_01/00344.jpg",
      "transform_matrix": [
        [
          -0.903846,
          -0.135299,
          0.405903,
          3.838647
        ],
        [
          -0.427637,
          0.255133,
          -0.867199,
          2.740775
        ],
        [
          0.013771,
          -0.957393,
          -0.28846,
          1.899653
        ],
        [
          0.0,
          0.0,
          0.0,
          1.0
        ]
      ]
    },
    {
      "file_path": "/media/NFS/ttao/scannet/posed_images/scene0629_01/00358.jpg",
      "transform_matrix": [
        [
          -0.857,
          -0.153761,
          0.491842,
          3.703235
        ],
        [
          -0.515207,
          0.236019,
          -0.823927,
          2.653068
        ],
        [
          0.010604,
          -0.959506,
          -0.281487,
          1.900195
        ],
        [
          0.0,
          0.0,
          0.0,
          1.0
        ]
      ]
    },
    {
      "file_path": "/media/NFS/ttao/scannet/posed_images/scene0629_01/00363.jpg",
      "transform_matrix": [
        [
          -0.845293,
          -0.135174,
          0.516921,
          3.68233
        ],
        [
          -0.534254,
          0.200764,
          -0.821137,
          2.61243
        ],
        [
          0.007217,
          -0.970269,
          -0.241922,
          1.948313
        ],
        [
          0.0,
          0.0,
          0.0,
          1.0
        ]
      ]
    },
    {
      "file_path": "/media/NFS/ttao/scannet/posed_images/scene0629_01/00374.jpg",
      "transform_matrix": [
        [
          -0.83617,
          -0.097158,
          0.539797,
          3.644415
        ],
        [
          -0.547641,
          0.093797,
          -0.831439,
          2.565243
        ],
        [
          0.030149,
          -0.990839,
          -0.131638,
          1.982906
        ],
        [
          0.0,
          0.0,
          0.0,
          1.0
        ]
      ]
    },
    {
      "file_path": "/media/NFS/ttao/scannet/posed_images/scene0629_01/00382.jpg",
      "transform_matrix": [
        [
          -0.841205,
          -0.06584,
          0.536693,
          3.60042
        ],
        [
          -0.540452,
          0.071342,
          -0.838345,
          2.547248
        ],
        [
          0.016908,
          -0.995276,
          -0.095597,
          1.99467
        ],
        [
          0.0,
          0.0,
          0.0,
          1.0
        ]
      ]
    },
    {
      "file_path": "/media/NFS/ttao/scannet/posed_images/scene0629_01/00390.jpg",
      "transform_matrix": [
        [
          -0.819366,
          -0.041786,
          0.571747,
          3.500876
        ],
        [
          -0.573036,
          0.031092,
          -0.81894,
          2.558866
        ],
        [
          0.016443,
          -0.998643,
          -0.04942,
          2.006018
        ],
        [
          0.0,
          0.0,
          0.0,
          1.0
        ]
      ]
    },
    {
      "file_path": "/media/NFS/ttao/scannet/posed_images/scene0629_01/00400.jpg",
      "transform_matrix": [
        [
          -0.856348,
          -0.027631,
          0.515659,
          3.414059
        ],
        [
          -0.516003,
          0.006717,
          -0.85656,
          2.592323
        ],
        [
          0.020204,
          -0.999596,
          -0.02001,
          2.029992
        ],
        [
          0.0,
          0.0,
          0.0,
          1.0
        ]
      ]
    },
    {
      "file_path": "/media/NFS/ttao/scannet/posed_images/scene0629_01/00414.jpg",
      "transform_matrix": [
        [
          -0.937066,
          -0.00573,
          0.349106,
          3.414314
        ],
        [
          -0.349103,
          -0.001581,
          -0.937083,
          2.617463
        ],
        [
          0.005921,
          -0.999982,
          -0.000518,
          2.049898
        ],
        [
          0.0,
          0.0,
          0.0,
          1.0
        ]
      ]
    },
    {
      "file_path": "/media/NFS/ttao/scannet/posed_images/scene0629_01/00416.jpg",
      "transform_matrix": [
        [
          -0.945382,
          -0.001759,
          0.325959,
          3.43231
        ],
        [
          -0.325909,
          -0.013241,
          -0.945308,
          2.62514
        ],
        [
          0.005979,
          -0.999911,
          0.011944,
          2.050861
        ],
        [
          0.0,
          0.0,
          0.0,
          1.0
        ]
      ]
    },
    {
      "file_path": "/media/NFS/ttao/scannet/posed_images/scene0629_01/00432.jpg",
      "transform_matrix": [
        [
          -0.988719,
          0.005996,
          0.149663,
          3.448003
        ],
        [
          -0.149724,
          -0.011486,
          -0.988661,
          2.657499
        ],
        [
          -0.004209,
          -0.999916,
          0.012254,
          2.068014
        ],
        [
          0.0,
          0.0,
          0.0,
          1.0
        ]
      ]
    },
    {
      "file_path": "/media/NFS/ttao/scannet/posed_images/scene0629_01/00435.jpg",
      "transform_matrix": [
        [
          -0.993476,
          0.000249,
          0.114041,
          3.462757
        ],
        [
          -0.11404,
          -0.007373,
          -0.993449,
          2.659434
        ],
        [
          0.000594,
          -0.999973,
          0.007353,
          2.069493
        ],
        [
          0.0,
          0.0,
          0.0,
          1.0
        ]
      ]
    },
    {
      "file_path": "/media/NFS/ttao/scannet/posed_images/scene0629_01/00443.jpg",
      "transform_matrix": [
        [
          -0.99852,
          0.006161,
          0.054047,
          3.457633
        ],
        [
          -0.053763,
          0.03944,
          -0.997775,
          2.647757
        ],
        [
          -0.008279,
          -0.999203,
          -0.039051,
          2.051678
        ],
        [
          0.0,
          0.0,
          0.0,
          1.0
        ]
      ]
    },
    {
      "file_path": "/media/NFS/ttao/scannet/posed_images/scene0629_01/00459.jpg",
      "transform_matrix": [
        [
          -0.999442,
          0.030899,
          -0.012718,
          3.449645
        ],
        [
          0.016147,
          0.113396,
          -0.993419,
          2.616465
        ],
        [
          -0.029253,
          -0.993069,
          -0.113831,
          2.002902
        ],
        [
          0.0,
          0.0,
          0.0,
          1.0
        ]
      ]
    },
    {
      "file_path": "/media/NFS/ttao/scannet/posed_images/scene0629_01/00467.jpg",
      "transform_matrix": [
        [
          -0.997671,
          0.014928,
          -0.066553,
          3.470751
        ],
        [
          0.068196,
          0.235287,
          -0.969531,
          2.597697
        ],
        [
          0.001185,
          -0.971811,
          -0.235757,
          1.958987
        ],
        [
          0.0,
          0.0,
          0.0,
          1.0
        ]
      ]
    },
    {
      "file_path": "/media/NFS/ttao/scannet/posed_images/scene0629_01/00470.jpg",
      "transform_matrix": [
        [
          -0.997215,
          0.004681,
          -0.07444,
          3.503174
        ],
        [
          0.073092,
          0.260197,
          -0.962785,
          2.586683
        ],
        [
          0.014862,
          -0.965544,
          -0.259815,
          1.950331
        ],
        [
          0.0,
          0.0,
          0.0,
          1.0
        ]
      ]
    },
    {
      "file_path": "/media/NFS/ttao/scannet/posed_images/scene0629_01/00478.jpg",
      "transform_matrix": [
        [
          -0.999186,
          -0.019169,
          -0.035513,
          3.503754
        ],
        [
          0.028619,
          0.283858,
          -0.958439,
          2.588106
        ],
        [
          0.028453,
          -0.958675,
          -0.283078,
          1.933533
        ],
        [
          0.0,
          0.0,
          0.0,
          1.0
        ]
      ]
    },
    {
      "file_path": "/media/NFS/ttao/scannet/posed_images/scene0629_01/00494.jpg",
      "transform_matrix": [
        [
          -0.987388,
          -0.074472,
          0.139708,
          3.497804
        ],
        [
          -0.155996,
          0.307099,
          -0.938805,
          2.623201
        ],
        [
          0.027011,
          -0.948759,
          -0.314843,
          1.901793
        ],
        [
          0.0,
          0.0,
          0.0,
          1.0
        ]
      ]
    },
    {
      "file_path": "/media/NFS/ttao/scannet/posed_images/scene0629_01/00499.jpg",
      "transform_matrix": [
        [
          -0.981046,
          -0.100294,
          0.165803,
          3.503728
        ],
        [
          -0.188254,
          0.290463,
          -0.938186,
          2.637598
        ],
        [
          0.045935,
          -0.951616,
          -0.303838,
          1.919707
        ],
        [
          0.0,
          0.0,
          0.0,
          1.0
        ]
      ]
    },
    {
      "file_path": "/media/NFS/ttao/scannet/posed_images/scene0629_01/00507.jpg",
      "transform_matrix": [
        [
          -0.987153,
          -0.090428,
          0.131728,
          3.521745
        ],
        [
          -0.150508,
          0.249514,
          -0.956604,
          2.667099
        ],
        [
          0.053636,
          -0.96414,
          -0.259919,
          1.935493
        ],
        [
          0.0,
          0.0,
          0.0,
          1.0
        ]
      ]
    },
    {
      "file_path": "/media/NFS/ttao/scannet/posed_images/scene0629_01/00520.jpg",
      "transform_matrix": [
        [
          -0.998344,
          -0.036884,
          0.044151,
          3.561412
        ],
        [
          -0.050102,
          0.180236,
          -0.982347,
          2.694153
        ],
        [
          0.028275,
          -0.982932,
          -0.181785,
          1.969545
        ],
        [
          0.0,
          0.0,
          0.0,
          1.0
        ]
      ]
    },
    {
      "file_path": "/media/NFS/ttao/scannet/posed_images/scene0629_01/00526.jpg",
      "transform_matrix": [
        [
          -0.999433,
          -0.014666,
          0.030319,
          3.572977
        ],
        [
          -0.032439,
          0.177065,
          -0.983665,
          2.689222
        ],
        [
          0.009058,
          -0.98409,
          -0.17744,
          1.978005
        ],
        [
          0.0,
          0.0,
          0.0,
          1.0
        ]
      ]
    },
    {
      "file_path": "/media/NFS/ttao/scannet/posed_images/scene0629_01/00534.jpg",
      "transform_matrix": [
        [
          -0.999556,
          0.005956,
          0.0292,
          3.586193
        ],
        [
          -0.027886,
          0.158594,
          -0.98695,
          2.660477
        ],
        [
          -0.01051,
          -0.987326,
          -0.158357,
          1.988619
        ],
        [
          0.0,
          0.0,
          0.0,
          1.0
        ]
      ]
    },
    {
      "file_path": "/media/NFS/ttao/scannet/posed_images/scene0629_01/00547.jpg",
      "transform_matrix": [
        [
          -0.996106,
          0.001176,
          -0.08816,
          3.671665
        ],
        [
          0.087874,
          0.094912,
          -0.9916,
          2.462518
        ],
        [
          0.007202,
          -0.995485,
          -0.094646,
          1.969843
        ],
        [
          0.0,
          0.0,
          0.0,
          1.0
        ]
      ]
    },
    {
      "file_path": "/media/NFS/ttao/scannet/posed_images/scene0629_01/00552.jpg",
      "transform_matrix": [
        [
          -0.992867,
          0.004717,
          -0.119129,
          3.685459
        ],
        [
          0.119101,
          0.08427,
          -0.989299,
          2.370465
        ],
        [
          0.005373,
          -0.996432,
          -0.084231,
          1.978767
        ],
        [
          0.0,
          0.0,
          0.0,
          1.0
        ]
      ]
    },
    {
      "file_path": "/media/NFS/ttao/scannet/posed_images/scene0629_01/00560.jpg",
      "transform_matrix": [
        [
          -0.991169,
          0.005179,
          -0.132502,
          3.734791
        ],
        [
          0.132512,
          0.075804,
          -0.988279,
          2.257426
        ],
        [
          0.004926,
          -0.997109,
          -0.07582,
          1.995567
        ],
        [
          0.0,
          0.0,
          0.0,
          1.0
        ]
      ]
    },
    {
      "file_path": "/media/NFS/ttao/scannet/posed_images/scene0629_01/00574.jpg",
      "transform_matrix": [
        [
          -0.953388,
          0.044801,
          -0.298402,
          3.873027
        ],
        [
          0.301452,
          0.097726,
          -0.94846,
          2.088413
        ],
        [
          -0.013331,
          -0.994204,
          -0.106676,
          1.993079
        ],
        [
          0.0,
          0.0,
          0.0,
          1.0
        ]
      ]
    },
    {
      "file_path": "/media/NFS/ttao/scannet/posed_images/scene0629_01/00579.jpg",
      "transform_matrix": [
        [
          -0.95179,
          0.033168,
          -0.304952,
          3.903136
        ],
        [
          0.306732,
          0.092016,
          -0.947338,
          2.038779
        ],
        [
          -0.003361,
          -0.995205,
          -0.097753,
          1.995579
        ],
        [
          0.0,
          0.0,
          0.0,
          1.0
        ]
      ]
    },
    {
      "file_path": "/media/NFS/ttao/scannet/posed_images/scene0629_01/00587.jpg",
      "transform_matrix": [
        [
          -0.936505,
          0.041172,
          -0.348229,
          3.908328
        ],
        [
          0.3505,
          0.080508,
          -0.933096,
          1.950225
        ],
        [
          -0.010382,
          -0.995903,
          -0.089827,
          1.970455
        ],
        [
          0.0,
          0.0,
          0.0,
          1.0
        ]
      ]
    },
    {
      "file_path": "/media/NFS/ttao/scannet/posed_images/scene0629_01/00595.jpg",
      "transform_matrix": [
        [
          -0.924177,
          0.057749,
          -0.377575,
          3.883266
        ],
        [
          0.380674,
          0.058046,
          -0.922886,
          1.847789
        ],
        [
          -0.031379,
          -0.996642,
          -0.075628,
          1.976156
        ],
        [
          0.0,
          0.0,
          0.0,
          1.0
        ]
      ]
    },
    {
      "file_path": "/media/NFS/ttao/scannet/posed_images/scene0629_01/00603.jpg",
      "transform_matrix": [
        [
          -0.899088,
          0.082152,
          -0.429991,
          3.875262
        ],
        [
          0.437258,
          0.121115,
          -0.891143,
          1.745872
        ],
        [
          -0.021131,
          -0.989233,
          -0.144815,
          1.970004
        ],
        [
          0.0,
          0.0,
          0.0,
          1.0
        ]
      ]
    },
    {
      "file_path": "/media/NFS/ttao/scannet/posed_images/scene0629_01/00619.jpg",
      "transform_matrix": [
        [
          -0.791083,
          0.182558,
          -0.583832,
          3.920047
        ],
        [
          0.611098,
          0.193198,
          -0.767616,
          1.563216
        ],
        [
          -0.027339,
          -0.964027,
          -0.264396,
          1.90602
        ],
        [
          0.0,
          0.0,
          0.0,
          1.0
        ]
      ]
    },
    {
      "file_path": "/media/NFS/ttao/scannet/posed_images/scene0629_01/00627.jpg",
      "transform_matrix": [
        [
          -0.725173,
          0.214658,
          -0.654252,
          3.955197
        ],
        [
          0.688181,
          0.194179,
          -0.699071,
          1.512787
        ],
        [
          -0.023019,
          -0.957192,
          -0.288538,
          1.901917
        ],
        [
          0.0,
          0.0,
          0.0,
          1.0
        ]
      ]
    },
    {
      "file_path": "/media/NFS/ttao/scannet/posed_images/scene0629_01/00635.jpg",
      "transform_matrix": [
        [
          -0.697859,
          0.230898,
          -0.677997,
          3.966743
        ],
        [
          0.716143,
          0.209714,
          -0.665702,
          1.535723
        ],
        [
          -0.011524,
          -0.950109,
          -0.311706,
          1.893845
        ],
        [
          0.0,
          0.0,
          0.0,
          1.0
        ]
      ]
    },
    {
      "file_path": "/media/NFS/ttao/scannet/posed_images/scene0629_01/00646.jpg",
      "transform_matrix": [
        [
          -0.716766,
          0.214975,
          -0.663349,
          3.992769
        ],
        [
          0.697308,
          0.224942,
          -0.680561,
          1.661677
        ],
        [
          0.002911,
          -0.950361,
          -0.311134,
          1.892069
        ],
        [
          0.0,
          0.0,
          0.0,
          1.0
        ]
      ]
    },
    {
      "file_path": "/media/NFS/ttao/scannet/posed_images/scene0629_01/00649.jpg",
      "transform_matrix": [
        [
          -0.722403,
          0.212531,
          -0.658,
          3.998022
        ],
        [
          0.69141,
          0.234742,
          -0.683263,
          1.698445
        ],
        [
          0.009246,
          -0.948539,
          -0.316525,
          1.892042
        ],
        [
          0.0,
          0.0,
          0.0,
          1.0
        ]
      ]
    },
    {
      "file_path": "/media/NFS/ttao/scannet/posed_images/scene0629_01/00659.jpg",
      "transform_matrix": [
        [
          -0.695325,
          0.236064,
          -0.67882,
          4.025093
        ],
        [
          0.718336,
          0.198433,
          -0.666796,
          1.794533
        ],
        [
          -0.022707,
          -0.951261,
          -0.307549,
          1.903773
        ],
        [
          0.0,
          0.0,
          0.0,
          1.0
        ]
      ]
    },
    {
      "file_path": "/media/NFS/ttao/scannet/posed_images/scene0629_01/00670.jpg",
      "transform_matrix": [
        [
          -0.706398,
          0.194768,
          -0.68049,
          4.085218
        ],
        [
          0.707685,
          0.175969,
          -0.684263,
          1.839972
        ],
        [
          -0.013528,
          -0.964935,
          -0.262139,
          1.920652
        ],
        [
          0.0,
          0.0,
          0.0,
          1.0
        ]
      ]
    },
    {
      "file_path": "/media/NFS/ttao/scannet/posed_images/scene0629_01/00675.jpg",
      "transform_matrix": [
        [
          -0.692134,
          0.209716,
          -0.690629,
          4.110231
        ],
        [
          0.721612,
          0.18111,
          -0.668188,
          1.855571
        ],
        [
          -0.01505,
          -0.960842,
          -0.276687,
          1.913146
        ],
        [
          0.0,
          0.0,
          0.0,
          1.0
        ]
      ]
    },
    {
      "file_path": "/media/NFS/ttao/scannet/posed_images/scene0629_01/00686.jpg",
      "transform_matrix": [
        [
          -0.64254,
          0.265451,
          -0.718803,
          4.168866
        ],
        [
          0.766243,
          0.218001,
          -0.60444,
          1.883013
        ],
        [
          -0.003749,
