{
  "frames": [
    {
      "file_path": "/media/NFS/ttao/scannet/posed_images/scene0696_01/00002.jpg",
      "transform_matrix": [
        [
          -0.133935,
          0.448955,
          -0.88346,
          3.976259
        ],
        [
          0.990938,
          0.069821,
          -0.114747,
          3.324574
        ],
        [
          0.010168,
          -0.890823,
          -0.454238,
          1.581949
        ],
        [
          0.0,
          0.0,
          0.0,
          1.0
        ]
      ]
    },
    {
      "file_path": "/media/NFS/ttao/scannet/posed_images/scene0696_01/00006.jpg",
      "transform_matrix": [
        [
          -0.141131,
          0.456962,
          -0.878219,
          3.974748
        ],
        [
          0.989967,
          0.07134,
          -0.121969,
          3.320837
        ],
        [
          0.006917,
          -0.886621,
          -0.462446,
          1.581442
        ],
        [
          0.0,
          0.0,
          0.0,
          1.0
        ]
      ]
    },
    {
      "file_path": "/media/NFS/ttao/scannet/posed_images/scene0696_01/00011.jpg",
      "transform_matrix": [
        [
          -0.160471,
          0.458444,
          -0.874116,
          3.970606
        ],
        [
          0.986968,
          0.085274,
          -0.136465,
          3.305824
        ],
        [
          0.011977,
          -0.884623,
          -0.466153,
          1.580378
        ],
        [
          0.0,
          0.0,
          0.0,
          1.0
        ]
      ]
    },
    {
      "file_path": "/media/NFS/ttao/scannet/posed_images/scene0696_01/00017.jpg",
      "transform_matrix": [
        [
          -0.184058,
          0.484757,
          -0.855063,
          3.968705
        ],
        [
          0.982822,
          0.10274,
          -0.153313,
          3.290718
        ],
        [
          0.013529,
          -0.868594,
          -0.49534,
          1.573357
        ],
        [
          0.0,
          0.0,
          0.0,
          1.0
        ]
      ]
    },
    {
      "file_path": "/media/NFS/ttao/scannet/posed_images/scene0696_01/00029.jpg",
      "transform_matrix": [
        [
          -0.253886,
          0.522458,
          -0.81399,
          3.973269
        ],
        [
          0.96723,
          0.13453,
          -0.215333,
          3.246895
        ],
        [
          -0.002996,
          -0.841985,
          -0.539493,
          1.549996
        ],
        [
          0.0,
          0.0,
          0.0,
          1.0
        ]
      ]
    },
    {
      "file_path": "/media/NFS/ttao/scannet/posed_images/scene0696_01/00031.jpg",
      "transform_matrix": [
        [
          -0.25168,
          0.524835,
          -0.813145,
          3.973908
        ],
        [
          0.967808,
          0.138171,
          -0.21037,
          3.238191
        ],
        [
          0.001943,
          -0.839915,
          -0.542715,
          1.549441
        ],
        [
          0.0,
          0.0,
          0.0,
          1.0
        ]
      ]
    },
    {
      "file_path": "/media/NFS/ttao/scannet/posed_images/scene0696_01/00040.jpg",
      "transform_matrix": [
        [
          -0.250506,
          0.487327,
          -0.836516,
          3.949731
        ],
        [
          0.967883,
          0.145001,
          -0.205373,
          3.175647
        ],
        [
          0.021212,
          -0.861097,
          -0.507999,
          1.567839
        ],
        [
          0.0,
          0.0,
          0.0,
          1.0
        ]
      ]
    },
    {
      "file_path": "/media/NFS/ttao/scannet/posed_images/scene0696_01/00044.jpg",
      "transform_matrix": [
        [
          -0.245143,
          0.453744,
          -0.85675,
          3.932169
        ],
        [
          0.969476,
          0.118933,
          -0.214409,
          3.140312
        ],
        [
          0.004609,
          -0.88316,
          -0.469049,
          1.588697
        ],
        [
          0.0,
          0.0,
          0.0,
          1.0
        ]
      ]
    },
    {
      "file_path": "/media/NFS/ttao/scannet/posed_images/scene0696_01/00052.jpg",
      "transform_matrix": [
        [
          -0.240137,
          0.380768,
          -0.892945,
          3.888669
        ],
        [
          0.970693,
          0.08523,
          -0.224702,
          3.0617
        ],
        [
          -0.009454,
          -0.920734,
          -0.390076,
          1.623774
        ],
        [
          0.0,
          0.0,
          0.0,
          1.0
        ]
      ]
    },
    {
      "file_path": "/media/NFS/ttao/scannet/posed_images/scene0696_01/00059.jpg",
      "transform_matrix": [
        [
          -0.281644,
          0.312846,
          -0.907086,
          3.854247
        ],
        [
          0.959484,
          0.08371,
          -0.269042,
          2.987836
        ],
        [
          -0.008236,
          -0.946108,
          -0.323747,
          1.656768
        ],
        [
          0.0,
          0.0,
          0.0,
          1.0
        ]
      ]
    },
    {
      "file_path": "/media/NFS/ttao/scannet/posed_images/scene0696_01/00063.jpg",
      "transform_matrix": [
        [
          -0.293616,
          0.268961,
          -0.917306,
          3.834175
        ],
        [
          0.955922,
          0.084254,
          -0.281273,
          2.95243
        ],
        [
          0.001635,
          -0.959459,
          -0.281844,
          1.675074
        ],
        [
          0.0,
          0.0,
          0.0,
          1.0
        ]
      ]
    },
    {
      "file_path": "/media/NFS/ttao/scannet/posed_images/scene0696_01/00073.jpg",
      "transform_matrix": [
        [
          -0.261011,
          0.185994,
          -0.947248,
          3.769356
        ],
        [
          0.965335,
          0.048749,
          -0.256423,
          2.899977
        ],
        [
          -0.001515,
          -0.981341,
          -0.192271,
          1.704754
        ],
        [
          0.0,
          0.0,
          0.0,
          1.0
        ]
      ]
    },
    {
      "file_path": "/media/NFS/ttao/scannet/posed_images/scene0696_01/00075.jpg",
      "transform_matrix": [
        [
          -0.25839,
          0.182194,
          -0.948704,
          3.754977
        ],
        [
          0.966021,
          0.054995,
          -0.252545,
          2.894685
        ],
        [
          0.006162,
          -0.981724,
          -0.190213,
          1.712354
        ],
        [
          0.0,
          0.0,
          0.0,
          1.0
        ]
      ]
    },
    {
      "file_path": "/media/NFS/ttao/scannet/posed_images/scene0696_01/00082.jpg",
      "transform_matrix": [
        [
          -0.230784,
          0.164495,
          -0.959,
          3.685916
        ],
        [
          0.972536,
          0.069602,
          -0.222102,
          2.893748
        ],
        [
          0.030214,
          -0.983919,
          -0.17604,
          1.732914
        ],
        [
          0.0,
          0.0,
          0.0,
          1.0
        ]
      ]
    },
    {
      "file_path": "/media/NFS/ttao/scannet/posed_images/scene0696_01/00088.jpg",
      "transform_matrix": [
        [
          -0.226822,
          0.1353,
          -0.964492,
          3.603736
        ],
        [
          0.973747,
          0.051014,
          -0.221842,
          2.910535
        ],
        [
          0.019187,
          -0.989491,
          -0.143319,
          1.753593
        ],
        [
          0.0,
          0.0,
          0.0,
          1.0
        ]
      ]
    },
    {
      "file_path": "/media/NFS/ttao/scannet/posed_images/scene0696_01/00100.jpg",
      "transform_matrix": [
        [
          -0.186366,
          0.086084,
          -0.978702,
          3.427967
        ],
        [
          0.982239,
          0.038398,
          -0.183662,
          2.940228
        ],
        [
          0.02177,
          -0.995548,
          -0.091711,
          1.798306
        ],
        [
          0.0,
          0.0,
          0.0,
          1.0
        ]
      ]
    },
    {
      "file_path": "/media/NFS/ttao/scannet/posed_images/scene0696_01/00101.jpg",
      "transform_matrix": [
        [
          -0.184559,
          0.086367,
          -0.979019,
          3.421117
        ],
        [
          0.982553,
          0.03948,
          -0.181742,
          2.944323
        ],
        [
          0.022955,
          -0.995481,
          -0.092146,
          1.792704
        ],
        [
          0.0,
          0.0,
          0.0,
          1.0
        ]
      ]
    },
    {
      "file_path": "/media/NFS/ttao/scannet/posed_images/scene0696_01/00109.jpg",
      "transform_matrix": [
        [
          -0.1415,
          0.131422,
          -0.981176,
          3.343029
        ],
        [
          0.989775,
          0.036766,
          -0.137815,
          2.941157
        ],
        [
          0.017962,
          -0.990645,
          -0.135281,
          1.760956
        ],
        [
          0.0,
          0.0,
          0.0,
          1.0
        ]
      ]
    },
    {
      "file_path": "/media/NFS/ttao/scannet/posed_images/scene0696_01/00119.jpg",
      "transform_matrix": [
        [
          -0.025573,
          0.192449,
          -0.980974,
          3.235043
        ],
        [
          0.99948,
          0.024218,
          -0.021304,
          2.90221
        ],
        [
          0.019657,
          -0.981008,
          -0.192968,
          1.729739
        ],
        [
          0.0,
          0.0,
          0.0,
          1.0
        ]
      ]
    },
    {
      "file_path": "/media/NFS/ttao/scannet/posed_images/scene0696_01/00122.jpg",
      "transform_matrix": [
        [
          0.031429,
          0.189893,
          -0.981302,
          3.207084
        ],
        [
          0.999367,
          0.010412,
          0.034022,
          2.882648
        ],
        [
          0.016678,
          -0.98175,
          -0.189445,
          1.72072
        ],
        [
          0.0,
          0.0,
          0.0,
          1.0
        ]
      ]
    },
    {
      "file_path": "/media/NFS/ttao/scannet/posed_images/scene0696_01/00126.jpg",
      "transform_matrix": [
        [
          0.068705,
          0.187084,
          -0.979938,
          3.167996
        ],
        [
          0.997404,
          0.008354,
          0.071525,
          2.880085
        ],
        [
          0.021568,
          -0.982308,
          -0.186025,
          1.717347
        ],
        [
          0.0,
          0.0,
          0.0,
          1.0
        ]
      ]
    },
    {
      "file_path": "/media/NFS/ttao/scannet/posed_images/scene0696_01/00134.jpg",
      "transform_matrix": [
        [
          0.171905,
          0.168306,
          -0.970629,
          3.091125
        ],
        [
          0.984792,
          -0.004173,
          0.173689,
          2.859771
        ],
        [
          0.025182,
          -0.985726,
          -0.166464,
          1.712848
        ],
        [
          0.0,
          0.0,
          0.0,
          1.0
        ]
      ]
    },
    {
      "file_path": "/media/NFS/ttao/scannet/posed_images/scene0696_01/00140.jpg",
      "transform_matrix": [
        [
          0.264182,
          0.190431,
          -0.945486,
          3.012402
        ],
        [
          0.964055,
          -0.023292,
          0.264679,
          2.833636
        ],
        [
          0.028381,
          -0.981424,
          -0.189739,
          1.73528
        ],
        [
          0.0,
          0.0,
          0.0,
          1.0
        ]
      ]
    },
    {
      "file_path": "/media/NFS/ttao/scannet/posed_images/scene0696_01/00149.jpg",
      "transform_matrix": [
        [
          0.383242,
          0.159561,
          -0.909761,
          2.890901
        ],
        [
          0.923623,
          -0.073458,
          0.376198,
          2.894052
        ],
        [
          -0.006803,
          -0.984451,
          -0.175527,
          1.676415
        ],
        [
          0.0,
          0.0,
          0.0,
          1.0
        ]
      ]
    },
    {
      "file_path": "/media/NFS/ttao/scannet/posed_images/scene0696_01/00157.jpg",
      "transform_matrix": [
        [
          0.486945,
          0.170718,
          -0.856586,
          2.743338
        ],
        [
          0.872586,
          -0.138239,
          0.46849,
          2.930026
        ],
        [
          -0.038434,
          -0.975574,
          -0.216281,
          1.668964
        ],
        [
          0.0,
          0.0,
          0.0,
          1.0
        ]
      ]
    },
    {
      "file_path": "/media/NFS/ttao/scannet/posed_images/scene0696_01/00159.jpg",
      "transform_matrix": [
        [
          0.501575,
          0.167105,
          -0.848822,
          2.712864
        ],
        [
          0.863907,
          -0.148552,
          0.481244,
          2.931895
        ],
        [
          -0.045676,
          -0.974684,
          -0.218874,
          1.669432
        ],
        [
          0.0,
          0.0,
          0.0,
          1.0
        ]
      ]
    },
    {
      "file_path": "/media/NFS/ttao/scannet/posed_images/scene0696_01/00165.jpg",
      "transform_matrix": [
        [
          0.53661,
          0.188959,
          -0.822401,
          2.632609
        ],
        [
          0.843395,
          -0.151388,
          0.515525,
          2.93416
        ],
        [
          -0.027089,
          -0.970245,
          -0.240604,
          1.669048
        ],
        [
          0.0,
          0.0,
          0.0,
          1.0
        ]
      ]
    },
    {
      "file_path": "/media/NFS/ttao/scannet/posed_images/scene0696_01/00174.jpg",
      "transform_matrix": [
        [
          0.633833,
          0.198156,
          -0.747656,
          2.514524
        ],
        [
          0.773461,
          -0.166996,
          0.61145,
          2.961518
        ],
        [
          -0.003694,
          -0.96584,
          -0.259114,
          1.654895
        ],
        [
          0.0,
          0.0,
          0.0,
          1.0
        ]
      ]
    },
    {
      "file_path": "/media/NFS/ttao/scannet/posed_images/scene0696_01/00180.jpg",
      "transform_matrix": [
        [
          0.712234,
          0.166288,
          -0.681961,
          2.407158
        ],
        [
          0.701503,
          -0.202978,
          0.683149,
          2.966956
        ],
        [
          -0.024824,
          -0.96496,
          -0.26122,
          1.657704
        ],
        [
          0.0,
          0.0,
          0.0,
          1.0
        ]
      ]
    },
    {
      "file_path": "/media/NFS/ttao/scannet/posed_images/scene0696_01/00188.jpg",
      "transform_matrix": [
        [
          0.80506,
          0.142956,
          -0.57571,
          2.281211
        ],
        [
          0.592152,
          -0.251147,
          0.76569,
          2.979181
        ],
        [
          -0.035128,
          -0.957334,
          -0.28684,
          1.644159
        ],
        [
          0.0,
          0.0,
          0.0,
          1.0
        ]
      ]
    },
    {
      "file_path": "/media/NFS/ttao/scannet/posed_images/scene0696_01/00191.jpg",
      "transform_matrix": [
        [
          0.823802,
          0.14057,
          -0.549172,
          2.230685
        ],
        [
          0.565589,
          -0.269086,
          0.779552,
          2.986588
        ],
        [
          -0.038192,
          -0.952803,
          -0.301178,
          1.639174
        ],
        [
          0.0,
          0.0,
          0.0,
          1.0
        ]
      ]
    },
    {
      "file_path": "/media/NFS/ttao/scannet/posed_images/scene0696_01/00197.jpg",
      "transform_matrix": [
        [
          0.861735,
          0.146175,
          -0.485846,
          2.135495
        ],
        [
          0.507011,
          -0.283544,
          0.813967,
          3.011956
        ],
        [
          -0.018777,
          -0.947753,
          -0.318452,
          1.630426
        ],
        [
          0.0,
          0.0,
          0.0,
          1.0
        ]
      ]
    },
    {
      "file_path": "/media/NFS/ttao/scannet/posed_images/scene0696_01/00203.jpg",
      "transform_matrix": [
        [
          0.895548,
          0.130375,
          -0.425438,
          2.024375
        ],
        [
          0.444379,
          -0.311154,
          0.840066,
          3.057256
        ],
        [
          -0.022853,
          -0.941375,
          -0.336589,
          1.624937
        ],
        [
          0.0,
          0.0,
          0.0,
          1.0
        ]
      ]
    },
    {
      "file_path": "/media/NFS/ttao/scannet/posed_images/scene0696_01/00211.jpg",
      "transform_matrix": [
        [
          0.941188,
          0.111788,
          -0.318855,
          1.875462
        ],
        [
          0.337349,
          -0.363914,
          0.868195,
          3.108521
        ],
        [
          -0.018982,
          -0.9247,
          -0.380223,
          1.632752
        ],
        [
          0.0,
          0.0,
          0.0,
          1.0
        ]
      ]
    },
    {
      "file_path": "/media/NFS/ttao/scannet/posed_images/scene0696_01/00216.jpg",
      "transform_matrix": [
        [
          0.942037,
          0.099474,
          -0.320423,
          1.797629
        ],
        [
          0.333711,
          -0.376553,
          0.864202,
          3.128629
        ],
        [
          -0.034691,
          -0.921039,
          -0.387923,
          1.621172
        ],
        [
          0.0,
          0.0,
          0.0,
          1.0
        ]
      ]
    },
    {
      "file_path": "/media/NFS/ttao/scannet/posed_images/scene0696_01/00222.jpg",
      "transform_matrix": [
        [
          0.951025,
          0.106582,
          -0.290157,
          1.707939
        ],
        [
          0.308255,
          -0.396904,
          0.86455,
          3.177087
        ],
        [
          -0.023019,
          -0.911651,
          -0.41032,
          1.612971
        ],
        [
          0.0,
          0.0,
          0.0,
          1.0
        ]
      ]
    },
    {
      "file_path": "/media/NFS/ttao/scannet/posed_images/scene0696_01/00234.jpg",
      "transform_matrix": [
        [
          0.99413,
          -0.066578,
          -0.08528,
          1.444105
        ],
        [
          0.051875,
          -0.398396,
          0.915745,
          3.337263
        ],
        [
          -0.094944,
          -0.914794,
          -0.392604,
          1.600916
        ],
        [
          0.0,
          0.0,
          0.0,
          1.0
        ]
      ]
    },
    {
      "file_path": "/media/NFS/ttao/scannet/posed_images/scene0696_01/00235.jpg",
      "transform_matrix": [
        [
          0.995687,
          -0.064144,
          -0.067032,
          1.434135
        ],
        [
          0.035141,
          -0.407921,
          0.912341,
          3.354216
        ],
        [
          -0.085865,
          -0.910762,
          -0.403907,
          1.599494
        ],
        [
          0.0,
          0.0,
          0.0,
          1.0
        ]
      ]
    },
    {
      "file_path": "/media/NFS/ttao/scannet/posed_images/scene0696_01/00245.jpg",
      "transform_matrix": [
        [
          0.995342,
          -0.06492,
          0.07127,
          1.384604
        ],
        [
          -0.093024,
          -0.452688,
          0.886804,
          3.530233
        ],
        [
          -0.025308,
          -0.889303,
          -0.456618,
          1.62144
        ],
        [
          0.0,
          0.0,
          0.0,
          1.0
        ]
      ]
    },
    {
      "file_path": "/media/NFS/ttao/scannet/posed_images/scene0696_01/00247.jpg",
      "transform_matrix": [
        [
          0.99486,
          -0.063276,
          0.079053,
          1.37329
        ],
        [
          -0.099096,
          -0.447922,
          0.888564,
          3.574152
        ],
        [
          -0.020815,
          -0.891831,
          -0.45189,
          1.632482
        ],
        [
          0.0,
          0.0,
          0.0,
          1.0
        ]
      ]
    },
    {
      "file_path": "/media/NFS/ttao/scannet/posed_images/scene0696_01/00256.jpg",
      "transform_matrix": [
        [
          0.998991,
          -0.037906,
          0.02407,
          1.326914
        ],
        [
          -0.037311,
          -0.402502,
          0.914658,
          3.734748
        ],
        [
          -0.024983,
          -0.914634,
          -0.40351,
          1.649579
        ],
        [
          0.0,
          0.0,
          0.0,
          1.0
        ]
      ]
    },
    {
      "file_path": "/media/NFS/ttao/scannet/posed_images/scene0696_01/00262.jpg",
      "transform_matrix": [
        [
          0.999829,
          -0.007041,
          0.017087,
          1.311018
        ],
        [
          -0.01848,
          -0.38035,
          0.924658,
          3.842186
        ],
        [
          -1.1e-05,
          -0.924816,
          -0.380416,
          1.648714
        ],
        [
          0.0,
          0.0,
          0.0,
          1.0
        ]
      ]
    },
    {
      "file_path": "/media/NFS/ttao/scannet/posed_images/scene0696_01/00268.jpg",
      "transform_matrix": [
        [
          0.997605,
          -0.012377,
          0.068051,
          1.293298
        ],
        [
          -0.067678,
          -0.377777,
          0.92342,
          3.959969
        ],
        [
          0.014279,
          -0.925814,
          -0.37771,
          1.648547
        ],
        [
          0.0,
          0.0,
          0.0,
          1.0
        ]
      ]
    },
    {
      "file_path": "/media/NFS/ttao/scannet/posed_images/scene0696_01/00274.jpg",
      "transform_matrix": [
        [
          0.988165,
          -0.011488,
          0.152962,
          1.258052
        ],
        [
          -0.147937,
          -0.334956,
          0.930548,
          4.077995
        ],
        [
          0.040545,
          -0.942164,
          -0.332691,
          1.654033
        ],
        [
          0.0,
          0.0,
          0.0,
          1.0
        ]
      ]
    },
    {
      "file_path": "/media/NFS/ttao/scannet/posed_images/scene0696_01/00283.jpg",
      "transform_matrix": [
        [
          0.985837,
          -0.037615,
          0.163433,
          1.210531
        ],
        [
          -0.16758,
          -0.258792,
          0.951285,
          4.241323
        ],
        [
          0.006513,
          -0.965201,
          -0.26143,
          1.700633
        ],
        [
          0.0,
          0.0,
          0.0,
          1.0
        ]
      ]
    },
    {
      "file_path": "/media/NFS/ttao/scannet/posed_images/scene0696_01/00285.jpg",
      "transform_matrix": [
        [
          0.98453,
          -0.034181,
          0.17185,
          1.206572
        ],
        [
          -0.174849,
          -0.255146,
          0.950962,
          4.263953
        ],
        [
          0.011342,
          -0.966298,
          -0.257176,
          1.693201
        ],
        [
          0.0,
          0.0,
          0.0,
          1.0
        ]
      ]
    },
    {
      "file_path": "/media/NFS/ttao/scannet/posed_images/scene0696_01/00293.jpg",
      "transform_matrix": [
        [
          0.974031,
          -0.027769,
          0.224704,
          1.229151
        ],
        [
          -0.224331,
          -0.252664,
          0.941189,
          4.361006
        ],
        [
          0.030638,
          -0.967156,
          -0.252332,
          1.687894
        ],
        [
          0.0,
          0.0,
          0.0,
          1.0
        ]
      ]
    },
    {
      "file_path": "/media/NFS/ttao/scannet/posed_images/scene0696_01/00300.jpg",
      "transform_matrix": [
        [
          0.958562,
          -0.047021,
          0.280977,
          1.23808
        ],
        [
          -0.282479,
          -0.284772,
          0.91603,
          4.469941
        ],
        [
          0.036942,
          -0.957442,
          -0.286254,
          1.67017
        ],
        [
          0.0,
          0.0,
          0.0,
          1.0
        ]
      ]
    },
    {
      "file_path": "/media/NFS/ttao/scannet/posed_images/scene0696_01/00308.jpg",
      "transform_matrix": [
        [
          0.926046,
          -0.069445,
          0.370966,
          1.291813
        ],
        [
          -0.37346,
          -0.310448,
          0.874156,
          4.591032
        ],
        [
          0.05446,
          -0.94805,
          -0.313424,
          1.649857
        ],
        [
          0.0,
          0.0,
          0.0,
          1.0
        ]
      ]
    },
    {
      "file_path": "/media/NFS/ttao/scannet/posed_images/scene0696_01/00316.jpg",
      "transform_matrix": [
        [
          0.896402,
          -0.122119,
          0.426088,
          1.315159
        ],
        [
          -0.442289,
          -0.309466,
          0.841791,
          4.703143
        ],
        [
          0.029061,
          -0.943037,
          -0.331418,
          1.641768
        ],
        [
          0.0,
          0.0,
          0.0,
          1.0
        ]
      ]
    },
    {
      "file_path": "/media/NFS/ttao/scannet/posed_images/scene0696_01/00320.jpg",
      "transform_matrix": [
        [
          0.896104,
          -0.144422,
          0.41969,
          1.311715
        ],
        [
          -0.443604,
          -0.322487,
          0.836192,
          4.764143
        ],
        [
          0.01458,
          -0.935492,
          -0.353049,
          1.632967
        ],
        [
          0.0,
          0.0,
          0.0,
          1.0
        ]
      ]
    },
    {
      "file_path": "/media/NFS/ttao/scannet/posed_images/scene0696_01/00329.jpg",
      "transform_matrix": [
        [
          0.824543,
          -0.174928,
          0.538079,
          1.337958
        ],
        [
          -0.565642,
          -0.277279,
          0.776637,
          4.894009
        ],
        [
          0.013343,
          -0.944731,
          -0.327576,
          1.628652
        ],
        [
          0.0,
          0.0,
          0.0,
          1.0
        ]
      ]
    },
    {
      "file_path": "/media/NFS/ttao/scannet/posed_images/scene0696_01/00331.jpg",
      "transform_matrix": [
        [
          0.800849,
          -0.182357,
          0.570427,
          1.326192
        ],
        [
          -0.598744,
          -0.263016,
          0.756523,
          4.924906
        ],
        [
          0.012074,
          -0.947401,
          -0.319822,
          1.617929
        ],
        [
          0.0,
          0.0,
          0.0,
          1.0
        ]
      ]
    },
    {
      "file_path": "/media/NFS/ttao/scannet/posed_images/scene0696_01/00337.jpg",
      "transform_matrix": [
        [
          0.725151,
          -0.220809,
          0.652226,
          1.338662
        ],
        [
          -0.688551,
          -0.222476,
          0.690219,
          5.015059
        ],
        [
          -0.007302,
          -0.949604,
          -0.313367,
          1.623978
        ],
        [
          0.0,
          0.0,
          0.0,
          1.0
        ]
      ]
    },
    {
      "file_path": "/media/NFS/ttao/scannet/posed_images/scene0696_01/00346.jpg",
      "transform_matrix": [
        [
          0.613619,
          -0.254688,
          0.747399,
          1.366808
        ],
        [
          -0.789593,
          -0.193273,
          0.582399,
          5.095955
        ],
        [
          -0.003878,
          -0.947512,
          -0.319696,
          1.61243
        ],
        [
          0.0,
          0.0,
          0.0,
          1.0
        ]
      ]
    },
    {
      "file_path": "/media/NFS/ttao/scannet/posed_images/scene0696_01/00354.jpg",
      "transform_matrix": [
        [
          0.492759,
          -0.259961,
          0.830427,
          1.429123
        ],
        [
          -0.869545,
          -0.183163,
          0.458633,
          5.146331
        ],
        [
          0.032877,
          -0.948089,
          -0.316303,
          1.594787
        ],
        [
          0.0,
          0.0,
          0.0,
          1.0
        ]
      ]
    },
    {
      "file_path": "/media/NFS/ttao/scannet/posed_images/scene0696_01/00360.jpg",
      "transform_matrix": [
        [
          0.397766,
          -0.273228,
          0.875859,
          1.489775
        ],
        [
          -0.915884,
          -0.174666,
          0.361455,
          5.209982
        ],
        [
          0.054223,
          -0.945959,
          -0.319721,
          1.598997
        ],
        [
          0.0,
          0.0,
          0.0,
          1.0
        ]
      ]
    },
    {
      "file_path": "/media/NFS/ttao/scannet/posed_images/scene0696_01/00362.jpg",
      "transform_matrix": [
        [
          0.381541,
          -0.275207,
          0.882433,
          1.509643
        ],
        [
          -0.923073,
          -0.163646,
          0.348075,
          5.22592
        ],
        [
          0.048614,
          -0.947355,
          -0.316474,
          1.593807
        ],
        [
          0.0,
          0.0,
          0.0,
          1.0
        ]
      ]
    },
    {
      "file_path": "/media/NFS/ttao/scannet/posed_images/scene0696_01/00371.jpg",
      "transform_matrix": [
        [
          0.30319,
          -0.288424,
          0.908233,
          1.615915
        ],
        [
          -0.952796,
          -0.107737,
          0.283852,
          5.335904
        ],
        [
          0.015981,
          -0.951423,
          -0.307474,
          1.616036
        ],
        [
          0.0,
          0.0,
          0.0,
          1.0
        ]
      ]
    },
    {
      "file_path": "/media/NFS/ttao/scannet/posed_images/scene0696_01/00375.jpg",
      "transform_matrix": [
        [
          0.288371,
          -0.295283,
          0.910851,
          1.642025
        ],
        [
          -0.957512,
          -0.092418,
          0.273183,
          5.393373
        ],
        [
          0.003513,
          -0.95093,
          -0.309388,
          1.620451
        ],
        [
          0.0,
          0.0,
          0.0,
          1.0
        ]
      ]
    },
    {
      "file_path": "/media/NFS/ttao/scannet/posed_images/scene0696_01/00381.jpg",
      "transform_matrix": [
        [
          0.253496,
          -0.29807,
          0.920269,
          1.69483
        ],
        [
          -0.967325,
          -0.082812,
          0.239636,
          5.462953
        ],
        [
          0.004781,
          -0.950945,
          -0.309323,
          1.625134
        ],
        [
          0.0,
          0.0,
          0.0,
          1.0
        ]
      ]
    },
    {
      "file_path": "/media/NFS/ttao/scannet/posed_images/scene0696_01/00390.jpg",
      "transform_matrix": [
        [
          0.152815,
          -0.306318,
          0.939584,
          1.756714
        ],
        [
          -0.988217,
          -0.039028,
          0.148001,
          5.581757
        ],
        [
          -0.008666,
          -0.951129,
          -0.308672,
          1.603163
        ],
        [
          0.0,
          0.0,
          0.0,
          1.0
        ]
      ]
    },
    {
      "file_path": "/media/NFS/ttao/scannet/posed_images/scene0696_01/00394.jpg",
      "transform_matrix": [
        [
          0.095491,
          -0.322811,
          0.941634,
          1.786415
        ],
        [
          -0.99491,
          -0.000354,
          0.100772,
          5.630927
        ],
        [
          -0.032197,
          -0.946464,
          -0.321201,
          1.597176
        ],
        [
          0.0,
          0.0,
          0.0,
          1.0
        ]
      ]
    },
    {
      "file_path": "/media/NFS/ttao/scannet/posed_images/scene0696_01/00400.jpg",
      "transform_matrix": [
        [
          -0.022232,
          -0.343827,
          0.93877,
          1.823743
        ],
        [
          -0.998745,
          0.049796,
          -0.005415,
          5.72683
        ],
        [
          -0.044885,
          -0.937712,
          -0.344502,
          1.592978
        ],
        [
          0.0,
          0.0,
          0.0,
          1.0
        ]
      ]
    },
    {
      "file_path": "/media/NFS/ttao/scannet/posed_images/scene0696_01/00408.jpg",
      "transform_matrix": [
        [
          -0.142598,
          -0.358813,
          0.922453,
          1.896836
        ],
        [
          -0.989591,
          0.06993,
          -0.125775,
          5.798913
        ],
        [
          -0.019378,
          -0.930786,
          -0.36505,
          1.587907
        ],
        [
          0.0,
          0.0,
          0.0,
          1.0
        ]
      ]
    },
    {
      "file_path": "/media/NFS/ttao/scannet/posed_images/scene0696_01/00417.jpg",
      "transform_matrix": [
        [
          -0.253625,
          -0.321123,
          0.912444,
          2.032855
        ],
        [
          -0.967303,
          0.084112,
          -0.239271,
          5.890308
        ],
        [
          8.8e-05,
          -0.943295,
          -0.331956,
          1.588258
        ],
        [
          0.0,
          0.0,
          0.0,
          1.0
        ]
      ]
    },
    {
      "file_path": "/media/NFS/ttao/scannet/posed_images/scene0696_01/00421.jpg",
      "transform_matrix": [
        [
          -0.276729,
          -0.321989,
          0.905397,
          2.107203
        ],
        [
          -0.960947,
          0.094064,
          -0.260255,
          5.91827
        ],
        [
          -0.001366,
          -0.942059,
          -0.335445,
          1.586294
        ],
        [
          0.0,
          0.0,
          0.0,
          1.0
        ]
      ]
    },
    {
      "file_path": "/media/NFS/ttao/scannet/posed_images/scene0696_01/00429.jpg",
      "transform_matrix": [
        [
          -0.34679,
          -0.30609,
          0.886592,
          2.243204
        ],
        [
          -0.93794,
          0.115493,
          -0.327001,
          5.95692
        ],
        [
          -0.002304,
          -0.944971,
          -0.327146,
          1.601696
        ],
        [
          0.0,
          0.0,
          0.0,
          1.0
        ]
      ]
    },
    {
      "file_path": "/media/NFS/ttao/scannet/posed_images/scene0696_01/00436.jpg",
      "transform_matrix": [
        [
          -0.447109,
          -0.272036,
          0.852109,
          2.343196
        ],
        [
          -0.89413,
          0.162542,
          -0.417266,
          5.973403
        ],
        [
          -0.024992,
          -0.94846,
          -0.315909,
          1.609544
        ],
        [
          0.0,
          0.0,
          0.0,
          1.0
        ]
      ]
    },
    {
      "file_path": "/media/NFS/ttao/scannet/posed_images/scene0696_01/00438.jpg",
      "transform_matrix": [
        [
          -0.475416,
          -0.265687,
          0.838683,
          2.367517
        ],
        [
          -0.87931,
          0.174027,
          -0.443316,
          5.972609
        ],
        [
          -0.02817,
          -0.948222,
          -0.316357,
          1.612251
        ],
        [
          0.0,
          0.0,
          0.0,
          1.0
        ]
      ]
    },
    {
      "file_path": "/media/NFS/ttao/scannet/posed_images/scene0696_01/00448.jpg",
      "transform_matrix": [
        [
          -0.619786,
          -0.230277,
          0.750225,
          2.513976
        ],
        [
          -0.784761,
          0.186678,
          -0.591017,
          6.005327
        ],
        [
          -0.003953,
          -0.955052,
          -0.296413,
          1.602477
        ],
        [
          0.0,
          0.0,
          0.0,
          1.0
        ]
      ]
    },
    {
      "file_path": "/media/NFS/ttao/scannet/posed_images/scene0696_01/00456.jpg",
      "transform_matrix": [
        [
          -0.678995,
          -0.199741,
          0.706448,
          2.61563
        ],
        [
          -0.733746,
          0.216285,
          -0.644079,
          6.035234
        ],
        [
          -0.024146,
          -0.95568,
          -0.293416,
          1.602037
        ],
        [
          0.0,
          0.0,
          0.0,
          1.0
        ]
      ]
    },
    {
      "file_path": "/media/NFS/ttao/scannet/posed_images/scene0696_01/00459.jpg",
      "transform_matrix": [
        [
          -0.691088,
          -0.198048,
          0.695107,
          2.648993
        ],
        [
          -0.722152,
          0.228989,
          -0.652733,
          6.042784
        ],
        [
          -0.029899,
          -0.953069,
          -0.301273,
          1.598419
        ],
        [
          0.0,
          0.0,
          0.0,
          1.0
        ]
      ]
    },
    {
      "file_path": "/media/NFS/ttao/scannet/posed_images/scene0696_01/00469.jpg",
      "transform_matrix": [
        [
          -0.744034,
          -0.194602,
          0.639173,
          2.749756
        ],
        [
          -0.668137,
          0.2199,
          -0.7108,
          6.033382
        ],
        [
          -0.002231,
          -0.955915,
          -0.293634,
          1.599216
        ],
        [
          0.0,
          0.0,
          0.0,
          1.0
        ]
      ]
    },
    {
      "file_path": "/media/NFS/ttao/scannet/posed_images/scene0696_01/00473.jpg",
      "transform_matrix": [
        [
          -0.744231,
          -0.205716,
          0.635453,
          2.806769
        ],
        [
          -0.667838,
          0.214126,
          -0.712841,
          6.028846
        ],
        [
          0.010576,
          -0.954899,
          -0.296745,
          1.600534
        ],
        [
          0.0,
          0.0,
          0.0,
          1.0
        ]
      ]
    },
    {
      "file_path": "/media/NFS/ttao/scannet/posed_images/scene0696_01/00477.jpg",
      "transform_matrix": [
        [
          -0.754596,
          -0.198431,
          0.625468,
          2.868557
        ],
        [
          -0.656005,
          0.205456,
          -0.726255,
          6.013435
        ],
        [
          0.015605,
          -0.958339,
          -0.285208,
          1.59919
        ],
        [
          0.0,
          0.0,
          0.0,
          1.0
        ]
      ]
    },
    {
      "file_path": "/media/NFS/ttao/scannet/posed_images/scene0696_01/00486.jpg",
      "transform_matrix": [
        [
          -0.7935,
          -0.182867,
          0.580445,
          3.036597
        ],
        [
          -0.60857,
          0.237751,
          -0.757045,
          5.950484
        ],
        [
          0.000437,
          -0.953957,
          -0.299943,
          1.583877
        ],
        [
          0.0,
          0.0,
          0.0,
          1.0
        ]
      ]
    },
    {
      "file_path": "/media/NFS/ttao/scannet/posed_images/scene0696_01/00492.jpg",
      "transform_matrix": [
        [
          -0.818597,
          -0.175857,
          0.546784,
          3.132325
        ],
        [
          -0.574329,
          0.261713,
          -0.775663,
          5.914963
        ],
        [
          -0.006695,
          -0.94899,
          -0.315237,
