{
  "frames": [
    {
      "file_path": "/media/NFS/ttao/scannet/posed_images/scene0630_00/00000.jpg",
      "transform_matrix": [
        [
          0.916901,
          0.327458,
          -0.228174,
          3.689709
        ],
        [
          0.39594,
          -0.674342,
          0.623294,
          2.251446
        ],
        [
          0.050235,
          -0.661842,
          -0.747958,
          1.028967
        ],
        [
          0.0,
          0.0,
          0.0,
          1.0
        ]
      ]
    },
    {
      "file_path": "/media/NFS/ttao/scannet/posed_images/scene0630_00/00001.jpg",
      "transform_matrix": [
        [
          0.917532,
          0.325461,
          -0.228495,
          3.69109
        ],
        [
          0.394471,
          -0.672263,
          0.626462,
          2.252086
        ],
        [
          0.05028,
          -0.664934,
          -0.745208,
          1.029719
        ],
        [
          0.0,
          0.0,
          0.0,
          1.0
        ]
      ]
    },
    {
      "file_path": "/media/NFS/ttao/scannet/posed_images/scene0630_00/00003.jpg",
      "transform_matrix": [
        [
          0.917797,
          0.323624,
          -0.230036,
          3.692372
        ],
        [
          0.393987,
          -0.670459,
          0.628696,
          2.252485
        ],
        [
          0.049231,
          -0.667647,
          -0.742849,
          1.030635
        ],
        [
          0.0,
          0.0,
          0.0,
          1.0
        ]
      ]
    },
    {
      "file_path": "/media/NFS/ttao/scannet/posed_images/scene0630_00/00006.jpg",
      "transform_matrix": [
        [
          0.920594,
          0.323859,
          -0.218223,
          3.692479
        ],
        [
          0.386566,
          -0.676397,
          0.62694,
          2.25381
        ],
        [
          0.055435,
          -0.661515,
          -0.747881,
          1.028528
        ],
        [
          0.0,
          0.0,
          0.0,
          1.0
        ]
      ]
    },
    {
      "file_path": "/media/NFS/ttao/scannet/posed_images/scene0630_00/00008.jpg",
      "transform_matrix": [
        [
          0.920355,
          0.324577,
          -0.218165,
          3.693178
        ],
        [
          0.387003,
          -0.675495,
          0.627643,
          2.254319
        ],
        [
          0.056348,
          -0.662085,
          -0.747308,
          1.028542
        ],
        [
          0.0,
          0.0,
          0.0,
          1.0
        ]
      ]
    },
    {
      "file_path": "/media/NFS/ttao/scannet/posed_images/scene0630_00/00009.jpg",
      "transform_matrix": [
        [
          0.920264,
          0.324915,
          -0.218048,
          3.693204
        ],
        [
          0.387168,
          -0.675312,
          0.627738,
          2.254021
        ],
        [
          0.056711,
          -0.662105,
          -0.747262,
          1.028299
        ],
        [
          0.0,
          0.0,
          0.0,
          1.0
        ]
      ]
    },
    {
      "file_path": "/media/NFS/ttao/scannet/posed_images/scene0630_00/00011.jpg",
      "transform_matrix": [
        [
          0.917819,
          0.329968,
          -0.220746,
          3.695517
        ],
        [
          0.392514,
          -0.670896,
          0.629152,
          2.253776
        ],
        [
          0.059502,
          -0.664094,
          -0.745278,
          1.027439
        ],
        [
          0.0,
          0.0,
          0.0,
          1.0
        ]
      ]
    },
    {
      "file_path": "/media/NFS/ttao/scannet/posed_images/scene0630_00/00012.jpg",
      "transform_matrix": [
        [
          0.91725,
          0.33129,
          -0.221132,
          3.69578
        ],
        [
          0.393709,
          -0.669936,
          0.629428,
          2.253815
        ],
        [
          0.060379,
          -0.664405,
          -0.74493,
          1.027562
        ],
        [
          0.0,
          0.0,
          0.0,
          1.0
        ]
      ]
    },
    {
      "file_path": "/media/NFS/ttao/scannet/posed_images/scene0630_00/00014.jpg",
      "transform_matrix": [
        [
          0.916955,
          0.332244,
          -0.220926,
          3.695612
        ],
        [
          0.394264,
          -0.669521,
          0.629521,
          2.253488
        ],
        [
          0.06124,
          -0.664346,
          -0.744913,
          1.027898
        ],
        [
          0.0,
          0.0,
          0.0,
          1.0
        ]
      ]
    },
    {
      "file_path": "/media/NFS/ttao/scannet/posed_images/scene0630_00/00017.jpg",
      "transform_matrix": [
        [
          0.91711,
          0.332778,
          -0.219475,
          3.694691
        ],
        [
          0.394102,
          -0.674091,
          0.624728,
          2.253602
        ],
        [
          0.05995,
          -0.65944,
          -0.749364,
          1.027464
        ],
        [
          0.0,
          0.0,
          0.0,
          1.0
        ]
      ]
    },
    {
      "file_path": "/media/NFS/ttao/scannet/posed_images/scene0630_00/00018.jpg",
      "transform_matrix": [
        [
          0.916529,
          0.333992,
          -0.220054,
          3.694411
        ],
        [
          0.395461,
          -0.674354,
          0.623584,
          2.253614
        ],
        [
          0.059878,
          -0.658556,
          -0.750146,
          1.027432
        ],
        [
          0.0,
          0.0,
          0.0,
          1.0
        ]
      ]
    },
    {
      "file_path": "/media/NFS/ttao/scannet/posed_images/scene0630_00/00020.jpg",
      "transform_matrix": [
        [
          0.915956,
          0.336576,
          -0.2185,
          3.692843
        ],
        [
          0.396551,
          -0.675866,
          0.62125,
          2.253289
        ],
        [
          0.061421,
          -0.655684,
          -0.752533,
          1.026618
        ],
        [
          0.0,
          0.0,
          0.0,
          1.0
        ]
      ]
    },
    {
      "file_path": "/media/NFS/ttao/scannet/posed_images/scene0630_00/00022.jpg",
      "transform_matrix": [
        [
          0.910286,
          0.344072,
          -0.230206,
          3.69067
        ],
        [
          0.410113,
          -0.673651,
          0.614819,
          2.251792
        ],
        [
          0.056464,
          -0.654071,
          -0.754323,
          1.028895
        ],
        [
          0.0,
          0.0,
          0.0,
          1.0
        ]
      ]
    },
    {
      "file_path": "/media/NFS/ttao/scannet/posed_images/scene0630_00/00024.jpg",
      "transform_matrix": [
        [
          0.902136,
          0.35217,
          -0.249252,
          3.686569
        ],
        [
          0.428433,
          -0.662993,
          0.61391,
          2.248422
        ],
        [
          0.050948,
          -0.660618,
          -0.748992,
          1.034036
        ],
        [
          0.0,
          0.0,
          0.0,
          1.0
        ]
      ]
    },
    {
      "file_path": "/media/NFS/ttao/scannet/posed_images/scene0630_00/00025.jpg",
      "transform_matrix": [
        [
          0.89675,
          0.355657,
          -0.263338,
          3.683487
        ],
        [
          0.440024,
          -0.653276,
          0.616125,
          2.24578
        ],
        [
          0.047097,
          -0.668385,
          -0.742323,
          1.037881
        ],
        [
          0.0,
          0.0,
          0.0,
          1.0
        ]
      ]
    },
    {
      "file_path": "/media/NFS/ttao/scannet/posed_images/scene0630_00/00027.jpg",
      "transform_matrix": [
        [
          0.88708,
          0.356586,
          -0.293148,
          3.674372
        ],
        [
          0.460214,
          -0.633707,
          0.621787,
          2.23853
        ],
        [
          0.035951,
          -0.686485,
          -0.726255,
          1.049243
        ],
        [
          0.0,
          0.0,
          0.0,
          1.0
        ]
      ]
    },
    {
      "file_path": "/media/NFS/ttao/scannet/posed_images/scene0630_00/00029.jpg",
      "transform_matrix": [
        [
          0.863565,
          0.372681,
          -0.339654,
          3.668854
        ],
        [
          0.503336,
          -0.596839,
          0.624849,
          2.231828
        ],
        [
          0.03015,
          -0.710558,
          -0.702993,
          1.061987
        ],
        [
          0.0,
          0.0,
          0.0,
          1.0
        ]
      ]
    },
    {
      "file_path": "/media/NFS/ttao/scannet/posed_images/scene0630_00/00031.jpg",
      "transform_matrix": [
        [
          0.831527,
          0.388532,
          -0.396994,
          3.668822
        ],
        [
          0.554951,
          -0.549779,
          0.624317,
          2.223881
        ],
        [
          0.024308,
          -0.73945,
          -0.672773,
          1.07502
        ],
        [
          0.0,
          0.0,
          0.0,
          1.0
        ]
      ]
    },
    {
      "file_path": "/media/NFS/ttao/scannet/posed_images/scene0630_00/00033.jpg",
      "transform_matrix": [
        [
          0.803927,
          0.397191,
          -0.442652,
          3.663226
        ],
        [
          0.59402,
          -0.499966,
          0.630217,
          2.209482
        ],
        [
          0.029005,
          -0.769593,
          -0.637876,
          1.087569
        ],
        [
          0.0,
          0.0,
          0.0,
          1.0
        ]
      ]
    },
    {
      "file_path": "/media/NFS/ttao/scannet/posed_images/scene0630_00/00036.jpg",
      "transform_matrix": [
        [
          0.766214,
          0.400926,
          -0.502169,
          3.656035
        ],
        [
          0.64154,
          -0.432729,
          0.633381,
          2.188243
        ],
        [
          0.036636,
          -0.807468,
          -0.588773,
          1.10766
        ],
        [
          0.0,
          0.0,
          0.0,
          1.0
        ]
      ]
    },
    {
      "file_path": "/media/NFS/ttao/scannet/posed_images/scene0630_00/00037.jpg",
      "transform_matrix": [
        [
          0.754586,
          0.402154,
          -0.518529,
          3.655572
        ],
        [
          0.655053,
          -0.414908,
          0.631472,
          2.184024
        ],
        [
          0.038807,
          -0.816164,
          -0.576516,
          1.114005
        ],
        [
          0.0,
          0.0,
          0.0,
          1.0
        ]
      ]
    },
    {
      "file_path": "/media/NFS/ttao/scannet/posed_images/scene0630_00/00039.jpg",
      "transform_matrix": [
        [
          0.735414,
          0.400298,
          -0.546743,
          3.653915
        ],
        [
          0.676071,
          -0.378964,
          0.631913,
          2.17397
        ],
        [
          0.045758,
          -0.834355,
          -0.549325,
          1.127682
        ],
        [
          0.0,
          0.0,
          0.0,
          1.0
        ]
      ]
    },
    {
      "file_path": "/media/NFS/ttao/scannet/posed_images/scene0630_00/00040.jpg",
      "transform_matrix": [
        [
          0.696125,
          0.360209,
          -0.621015,
          3.693234
        ],
        [
          0.717899,
          -0.342557,
          0.606033,
          2.189383
        ],
        [
          0.005565,
          -0.867701,
          -0.497056,
          1.126788
        ],
        [
          0.0,
          0.0,
          0.0,
          1.0
        ]
      ]
    },
    {
      "file_path": "/media/NFS/ttao/scannet/posed_images/scene0630_00/00043.jpg",
      "transform_matrix": [
        [
          0.672468,
          0.339193,
          -0.657825,
          3.693776
        ],
        [
          0.739835,
          -0.28316,
          0.610298,
          2.17246
        ],
        [
          0.020739,
          -0.897089,
          -0.441363,
          1.144853
        ],
        [
          0.0,
          0.0,
          0.0,
          1.0
        ]
      ]
    },
    {
      "file_path": "/media/NFS/ttao/scannet/posed_images/scene0630_00/00044.jpg",
      "transform_matrix": [
        [
          0.664362,
          0.333041,
          -0.669109,
          3.694798
        ],
        [
          0.746946,
          -0.264278,
          0.610106,
          2.16503
        ],
        [
          0.02636,
          -0.905119,
          -0.42434,
          1.148132
        ],
        [
          0.0,
          0.0,
          0.0,
          1.0
        ]
      ]
    },
    {
      "file_path": "/media/NFS/ttao/scannet/posed_images/scene0630_00/00047.jpg",
      "transform_matrix": [
        [
          0.641222,
          0.321331,
          -0.696836,
          3.692776
        ],
        [
          0.766453,
          -0.224174,
          0.60191,
          2.151093
        ],
        [
          0.0372,
          -0.92005,
          -0.39003,
          1.159097
        ],
        [
          0.0,
          0.0,
          0.0,
          1.0
        ]
      ]
    },
    {
      "file_path": "/media/NFS/ttao/scannet/posed_images/scene0630_00/00048.jpg",
      "transform_matrix": [
        [
          0.632488,
          0.318131,
          -0.706223,
          3.693447
        ],
        [
          0.773654,
          -0.215147,
          0.595962,
          2.146108
        ],
        [
          0.037652,
          -0.923312,
          -0.382202,
          1.162309
        ],
        [
          0.0,
          0.0,
          0.0,
          1.0
        ]
      ]
    },
    {
      "file_path": "/media/NFS/ttao/scannet/posed_images/scene0630_00/00050.jpg",
      "transform_matrix": [
        [
          0.624427,
          0.31305,
          -0.715605,
          3.69066
        ],
        [
          0.779825,
          -0.197889,
          0.593896,
          2.128065
        ],
        [
          0.044309,
          -0.928892,
          -0.367691,
          1.166151
        ],
        [
          0.0,
          0.0,
          0.0,
          1.0
        ]
      ]
    },
    {
      "file_path": "/media/NFS/ttao/scannet/posed_images/scene0630_00/00052.jpg",
      "transform_matrix": [
        [
          0.607373,
          0.307377,
          -0.732542,
          3.691564
        ],
        [
          0.792921,
          -0.178007,
          0.582743,
          2.117286
        ],
        [
          0.048725,
          -0.93479,
          -0.351842,
          1.171881
        ],
        [
          0.0,
          0.0,
          0.0,
          1.0
        ]
      ]
    },
    {
      "file_path": "/media/NFS/ttao/scannet/posed_images/scene0630_00/00054.jpg",
      "transform_matrix": [
        [
          0.586545,
          0.304899,
          -0.750334,
          3.69248
        ],
        [
          0.808252,
          -0.161,
          0.566398,
          2.105687
        ],
        [
          0.05189,
          -0.938678,
          -0.340869,
          1.176929
        ],
        [
          0.0,
          0.0,
          0.0,
          1.0
        ]
      ]
    },
    {
      "file_path": "/media/NFS/ttao/scannet/posed_images/scene0630_00/00056.jpg",
      "transform_matrix": [
        [
          0.557742,
          0.304548,
          -0.772123,
          3.693658
        ],
        [
          0.828194,
          -0.142626,
          0.541988,
          2.093484
        ],
        [
          0.054937,
          -0.941758,
          -0.331774,
          1.181903
        ],
        [
          0.0,
          0.0,
          0.0,
          1.0
        ]
      ]
    },
    {
      "file_path": "/media/NFS/ttao/scannet/posed_images/scene0630_00/00058.jpg",
      "transform_matrix": [
        [
          0.511855,
          0.298899,
          -0.805396,
          3.695159
        ],
        [
          0.857089,
          -0.114022,
          0.502391,
          2.07107
        ],
        [
          0.058332,
          -0.947448,
          -0.314546,
          1.189708
        ],
        [
          0.0,
          0.0,
          0.0,
          1.0
        ]
      ]
    },
    {
      "file_path": "/media/NFS/ttao/scannet/posed_images/scene0630_00/00059.jpg",
      "transform_matrix": [
        [
          0.494527,
          0.298949,
          -0.816132,
          3.69547
        ],
        [
          0.867062,
          -0.104451,
          0.487127,
          2.064277
        ],
        [
          0.060381,
          -0.948535,
          -0.310862,
          1.191841
        ],
        [
          0.0,
          0.0,
          0.0,
          1.0
        ]
      ]
    },
    {
      "file_path": "/media/NFS/ttao/scannet/posed_images/scene0630_00/00061.jpg",
      "transform_matrix": [
        [
          0.46759,
          0.297254,
          -0.832466,
          3.698074
        ],
        [
          0.881766,
          -0.090768,
          0.462871,
          2.042712
        ],
        [
          0.062029,
          -0.950475,
          -0.30455,
          1.19383
        ],
        [
          0.0,
          0.0,
          0.0,
          1.0
        ]
      ]
    },
    {
      "file_path": "/media/NFS/ttao/scannet/posed_images/scene0630_00/00063.jpg",
      "transform_matrix": [
        [
          0.426393,
          0.298551,
          -0.853848,
          3.699836
        ],
        [
          0.902152,
          -0.071845,
          0.425394,
          2.02659
        ],
        [
          0.065657,
          -0.951686,
          -0.299973,
          1.193527
        ],
        [
          0.0,
          0.0,
          0.0,
          1.0
        ]
      ]
    },
    {
      "file_path": "/media/NFS/ttao/scannet/posed_images/scene0630_00/00064.jpg",
      "transform_matrix": [
        [
          0.403813,
          0.30141,
          -0.863763,
          3.70052
        ],
        [
          0.912312,
          -0.062512,
          0.404696,
          2.018603
        ],
        [
          0.067984,
          -0.951443,
          -0.300223,
          1.193606
        ],
        [
          0.0,
          0.0,
          0.0,
          1.0
        ]
      ]
    },
    {
      "file_path": "/media/NFS/ttao/scannet/posed_images/scene0630_00/00067.jpg",
      "transform_matrix": [
        [
          0.339028,
          0.309918,
          -0.888263,
          3.702174
        ],
        [
          0.937412,
          -0.031509,
          0.346793,
          1.993211
        ],
        [
          0.07949,
          -0.950241,
          -0.301203,
          1.191161
        ],
        [
          0.0,
          0.0,
          0.0,
          1.0
        ]
      ]
    },
    {
      "file_path": "/media/NFS/ttao/scannet/posed_images/scene0630_00/00069.jpg",
      "transform_matrix": [
        [
          0.297242,
          0.314451,
          -0.901536,
          3.703529
        ],
        [
          0.951108,
          -0.014537,
          0.308516,
          1.976887
        ],
        [
          0.083908,
          -0.949163,
          -0.303398,
          1.190259
        ],
        [
          0.0,
          0.0,
          0.0,
          1.0
        ]
      ]
    },
    {
      "file_path": "/media/NFS/ttao/scannet/posed_images/scene0630_00/00071.jpg",
      "transform_matrix": [
        [
          0.259612,
          0.315257,
          -0.912806,
          3.707593
        ],
        [
          0.962259,
          -0.004579,
          0.272096,
          1.96172
        ],
        [
          0.0816,
          -0.948995,
          -0.304548,
          1.189075
        ],
        [
          0.0,
          0.0,
          0.0,
          1.0
        ]
      ]
    },
    {
      "file_path": "/media/NFS/ttao/scannet/posed_images/scene0630_00/00073.jpg",
      "transform_matrix": [
        [
          0.220808,
          0.314634,
          -0.923174,
          3.709853
        ],
        [
          0.972274,
          0.003702,
          0.233813,
          1.94621
        ],
        [
          0.076983,
          -0.949206,
          -0.305093,
          1.187778
        ],
        [
          0.0,
          0.0,
          0.0,
          1.0
        ]
      ]
    },
    {
      "file_path": "/media/NFS/ttao/scannet/posed_images/scene0630_00/00074.jpg",
      "transform_matrix": [
        [
          0.201222,
          0.314274,
          -0.927762,
          3.710746
        ],
        [
          0.976585,
          0.009217,
          0.214934,
          1.938485
        ],
        [
          0.076099,
          -0.949288,
          -0.30506,
          1.186962
        ],
        [
          0.0,
          0.0,
          0.0,
          1.0
        ]
      ]
    },
    {
      "file_path": "/media/NFS/ttao/scannet/posed_images/scene0630_00/00076.jpg",
      "transform_matrix": [
        [
          0.164956,
          0.314107,
          -0.934947,
          3.713662
        ],
        [
          0.983566,
          0.018155,
          0.179633,
          1.92381
        ],
        [
          0.073398,
          -0.949214,
          -0.30595,
          1.18436
        ],
        [
          0.0,
          0.0,
          0.0,
          1.0
        ]
      ]
    },
    {
      "file_path": "/media/NFS/ttao/scannet/posed_images/scene0630_00/00077.jpg",
      "transform_matrix": [
        [
          0.149685,
          0.315225,
          -0.937138,
          3.710199
        ],
        [
          0.986069,
          0.021948,
          0.164883,
          1.913706
        ],
        [
          0.072543,
          -0.948763,
          -0.307549,
          1.184112
        ],
        [
          0.0,
          0.0,
          0.0,
          1.0
        ]
      ]
    },
    {
      "file_path": "/media/NFS/ttao/scannet/posed_images/scene0630_00/00080.jpg",
      "transform_matrix": [
        [
          0.101392,
          0.320713,
          -0.941734,
          3.708424
        ],
        [
          0.991913,
          0.040053,
          0.120435,
          1.885537
        ],
        [
          0.076344,
          -0.946329,
          -0.314059,
          1.181145
        ],
        [
          0.0,
          0.0,
          0.0,
          1.0
        ]
      ]
    },
    {
      "file_path": "/media/NFS/ttao/scannet/posed_images/scene0630_00/00082.jpg",
      "transform_matrix": [
        [
          0.06753,
          0.322415,
          -0.944187,
          3.711789
        ],
        [
          0.994616,
          0.052803,
          0.089167,
          1.870795
        ],
        [
          0.078604,
          -0.945125,
          -0.317113,
          1.176964
        ],
        [
          0.0,
          0.0,
          0.0,
          1.0
        ]
      ]
    },
    {
      "file_path": "/media/NFS/ttao/scannet/posed_images/scene0630_00/00083.jpg",
      "transform_matrix": [
        [
          0.05202,
          0.324392,
          -0.944491,
          3.709491
        ],
        [
          0.995521,
          0.057917,
          0.074722,
          1.861925
        ],
        [
          0.078941,
          -0.944148,
          -0.319926,
          1.176886
        ],
        [
          0.0,
          0.0,
          0.0,
          1.0
        ]
      ]
    },
    {
      "file_path": "/media/NFS/ttao/scannet/posed_images/scene0630_00/00086.jpg",
      "transform_matrix": [
        [
          -0.002188,
          0.328339,
          -0.944557,
          3.711961
        ],
        [
          0.996415,
          0.080595,
          0.025708,
          1.840514
        ],
        [
          0.084568,
          -0.941115,
          -0.327338,
          1.169885
        ],
        [
          0.0,
          0.0,
          0.0,
          1.0
        ]
      ]
    },
    {
      "file_path": "/media/NFS/ttao/scannet/posed_images/scene0630_00/00088.jpg",
      "transform_matrix": [
        [
          -0.040244,
          0.33195,
          -0.942438,
          3.711866
        ],
        [
          0.995036,
          0.099228,
          -0.00754,
          1.826003
        ],
        [
          0.091014,
          -0.938064,
          -0.334295,
          1.164967
        ],
        [
          0.0,
          0.0,
          0.0,
          1.0
        ]
      ]
    },
    {
      "file_path": "/media/NFS/ttao/scannet/posed_images/scene0630_00/00089.jpg",
      "transform_matrix": [
        [
          -0.061056,
          0.334086,
          -0.940563,
          3.713126
        ],
        [
          0.993658,
          0.109487,
          -0.025613,
          1.81885
        ],
        [
          0.094423,
          -0.936162,
          -0.338652,
          1.162675
        ],
        [
          0.0,
          0.0,
          0.0,
          1.0
        ]
      ]
    },
    {
      "file_path": "/media/NFS/ttao/scannet/posed_images/scene0630_00/00091.jpg",
      "transform_matrix": [
        [
          -0.093796,
          0.348088,
          -0.932758,
          3.70546
        ],
        [
          0.990434,
          0.127862,
          -0.05188,
          1.779799
        ],
        [
          0.101205,
          -0.928701,
          -0.356752,
          1.17177
        ],
        [
          0.0,
          0.0,
          0.0,
          1.0
        ]
      ]
    },
    {
      "file_path": "/media/NFS/ttao/scannet/posed_images/scene0630_00/00092.jpg",
      "transform_matrix": [
        [
          -0.115879,
          0.349656,
          -0.929684,
          3.706582
        ],
        [
          0.987921,
          0.137521,
          -0.071416,
          1.771927
        ],
        [
          0.10288,
          -0.92673,
          -0.361368,
          1.171108
        ],
        [
          0.0,
          0.0,
          0.0,
          1.0
        ]
      ]
    },
    {
      "file_path": "/media/NFS/ttao/scannet/posed_images/scene0630_00/00094.jpg",
      "transform_matrix": [
        [
          -0.161203,
          0.347395,
          -0.923759,
          3.707609
        ],
        [
          0.981045,
          0.158395,
          -0.111633,
          1.758336
        ],
        [
          0.107538,
          -0.924244,
          -0.366344,
          1.16431
        ],
        [
          0.0,
          0.0,
          0.0,
          1.0
        ]
      ]
    },
    {
      "file_path": "/media/NFS/ttao/scannet/posed_images/scene0630_00/00097.jpg",
      "transform_matrix": [
        [
          -0.227655,
          0.349709,
          -0.908778,
          3.709798
        ],
        [
          0.967935,
          0.183044,
          -0.172037,
          1.741117
        ],
        [
          0.106183,
          -0.918803,
          -0.380167,
          1.158528
        ],
        [
          0.0,
          0.0,
          0.0,
          1.0
        ]
      ]
    },
    {
      "file_path": "/media/NFS/ttao/scannet/posed_images/scene0630_00/00098.jpg",
      "transform_matrix": [
        [
          -0.24892,
          0.348869,
          -0.903509,
          3.711565
        ],
        [
          0.962818,
          0.190248,
          -0.1918,
          1.733544
        ],
        [
          0.104978,
          -0.917658,
          -0.383254,
          1.155044
        ],
        [
          0.0,
          0.0,
          0.0,
          1.0
        ]
      ]
    },
    {
      "file_path": "/media/NFS/ttao/scannet/posed_images/scene0630_00/00100.jpg",
      "transform_matrix": [
        [
          -0.286091,
          0.360827,
          -0.887669,
          3.710008
        ],
        [
          0.953094,
          0.202691,
          -0.224785,
          1.717662
        ],
        [
          0.098814,
          -0.910341,
          -0.40189,
          1.171495
        ],
        [
          0.0,
          0.0,
          0.0,
          1.0
        ]
      ]
    },
    {
      "file_path": "/media/NFS/ttao/scannet/posed_images/scene0630_00/00102.jpg",
      "transform_matrix": [
        [
          -0.320018,
          0.354621,
          -0.87854,
          3.719139
        ],
        [
          0.941999,
          0.218077,
          -0.255107,
          1.70057
        ],
        [
          0.101123,
          -0.909223,
          -0.403841,
          1.157565
        ],
        [
          0.0,
          0.0,
          0.0,
          1.0
        ]
      ]
    },
    {
      "file_path": "/media/NFS/ttao/scannet/posed_images/scene0630_00/00103.jpg",
      "transform_matrix": [
        [
          -0.340241,
          0.355677,
          -0.870476,
          3.717384
        ],
        [
          0.935052,
          0.22599,
          -0.273142,
          1.699953
        ],
        [
          0.099568,
          -0.906875,
          -0.409468,
          1.156988
        ],
        [
          0.0,
          0.0,
          0.0,
          1.0
        ]
      ]
    },
    {
      "file_path": "/media/NFS/ttao/scannet/posed_images/scene0630_00/00105.jpg",
      "transform_matrix": [
        [
          -0.378322,
          0.354586,
          -0.855068,
          3.718049
        ],
        [
          0.920585,
          0.240846,
          -0.307435,
          1.698859
        ],
        [
          0.096928,
          -0.903472,
          -0.417544,
          1.148148
        ],
        [
          0.0,
          0.0,
          0.0,
          1.0
        ]
      ]
    },
    {
      "file_path": "/media/NFS/ttao/scannet/posed_images/scene0630_00/00107.jpg",
      "transform_matrix": [
        [
          -0.412575,
          0.35622,
          -0.838385,
          3.72046
        ],
        [
          0.905997,
          0.256059,
          -0.337051,
          1.693422
        ],
        [
          0.094612,
          -0.898633,
          -0.428378,
          1.14016
        ],
        [
          0.0,
          0.0,
          0.0,
          1.0
        ]
      ]
    },
    {
      "file_path": "/media/NFS/ttao/scannet/posed_images/scene0630_00/00109.jpg",
      "transform_matrix": [
        [
          -0.448249,
          0.361385,
          -0.817603,
          3.72047
        ],
        [
          0.889591,
          0.270128,
          -0.368318,
          1.69013
        ],
        [
          0.087752,
          -0.89243,
          -0.442569,
          1.134324
        ],
        [
          0.0,
          0.0,
          0.0,
          1.0
        ]
      ]
    },
    {
      "file_path": "/media/NFS/ttao/scannet/posed_images/scene0630_00/00112.jpg",
      "transform_matrix": [
        [
          -0.491934,
          0.374509,
          -0.785967,
          3.732617
        ],
        [
          0.867579,
          0.286406,
          -0.406544,
          1.668145
        ],
        [
          0.072851,
          -0.881881,
          -0.465809,
          1.125535
        ],
        [
          0.0,
          0.0,
          0.0,
          1.0
        ]
      ]
    },
    {
      "file_path": "/media/NFS/ttao/scannet/posed_images/scene0630_00/00113.jpg",
      "transform_matrix": [
        [
          -0.509833,
          0.376142,
          -0.773685,
          3.731081
        ],
        [
          0.857551,
          0.29371,
          -0.422305,
          1.667982
        ],
        [
          0.068392,
          -0.878779,
          -0.472304,
          1.122864
        ],
        [
          0.0,
          0.0,
          0.0,
          1.0
        ]
      ]
    },
    {
      "file_path": "/media/NFS/ttao/scannet/posed_images/scene0630_00/00115.jpg",
      "transform_matrix": [
        [
          -0.543554,
          0.381797,
          -0.747516,
          3.731441
        ],
        [
          0.837607,
          0.304479,
          -0.453549,
          1.664568
        ],
        [
          0.054439,
          -0.872653,
          -0.485297,
          1.117628
        ],
        [
          0.0,
          0.0,
          0.0,
          1.0
        ]
      ]
    },
    {
      "file_path": "/media/NFS/ttao/scannet/posed_images/scene0630_00/00116.jpg",
      "transform_matrix": [
        [
          -0.561725,
          0.383956,
          -0.732832,
          3.730718
        ],
        [
          0.826025,
          0.309894,
          -0.470795,
          1.662601
        ],
        [
          0.046336,
          -0.869795,
          -0.491232,
          1.116758
        ],
        [
          0.0,
          0.0,
          0.0,
          1.0
        ]
      ]
    },
    {
      "file_path": "/media/NFS/ttao/scannet/posed_images/scene0630_00/00119.jpg",
      "transform_matrix": [
        [
          -0.611912,
          0.383489,
          -0.691737,
          3.735426
        ],
        [
          0.790564,
          0.323032,
          -0.52025,
          1.658834
        ],
        [
          0.023943,
          -0.865209,
          -0.500839,
          1.109302
        ],
        [
          0.0,
          0.0,
          0.0,
          1.0
        ]
      ]
    },
    {
      "file_path": "/media/NFS/ttao/scannet/posed_images/scene0630_00/00121.jpg",
      "transform_matrix": [
        [
          -0.637807,
          0.38909,
          -0.664689,
          3.739732
        ],
        [
          0.770068,
          0.337927,
          -0.541111,
          1.653973
        ],
        [
          0.014076,
          -0.85698,
          -0.515158,
          1.110063
        ],
        [
          0.0,
          0.0,
          0.0,
          1.0
        ]
      ]
    },
    {
      "file_path": "/media/NFS/ttao/scannet/posed_images/scene0630_00/00123.jpg",
      "transform_matrix": [
        [
          -0.662269,
          0.389338,
          -0.640168,
          3.742687
        ],
        [
          0.749215,
          0.354088,
          -0.559731,
          1.651219
        ],
        [
          0.008752,
          -0.850316,
          -0.5262,
          1.105174
        ],
        [
          0.0,
          0.0,
          0.0,
          1.0
        ]
      ]
    },
    {
      "file_path": "/media/NFS/ttao/scannet/posed_images/scene0630_00/00124.jpg",
      "transform_matrix": [
        [
          -0.672047,
          0.389343,
          -0.629892,
          3.74457
        ],
        [
          0.740465,
          0.362561,
          -0.565917,
          1.649292
        ],
        [
          0.008039,
          -0.846736,
          -0.531953,
          1.103431
        ],
        [
          0.0,
          0.0,
          0.0,
          1.0
        ]
      ]
    },
    {
      "file_path": "/media/NFS/ttao/scannet/posed_images/scene0630_00/00126.jpg",
      "transform_matrix": [
        [
          -0.689293,
          0.388231,
          -0.61168,
          3.749468
        ],
        [
          0.724453,
          0.376996,
          -0.577098,
          1.646405
        ],
        [
          0.006554,
          -0.840923,
          -0.541115,
          1.097204
        ],
        [
          0.0,
          0.0,
          0.0,
          1.0
        ]
      ]
    },
    {
      "file_path": "/media/NFS/ttao/scannet/posed_images/scene0630_00/00128.jpg",
      "transform_matrix": [
        [
          -0.705698,
          0.388236,
          -0.592675,
          3.754841
        ],
        [
          0.708502,
          0.391388,
          -0.587231,
          1.642658
        ],
        [
          0.003982,
          -0.834319,
          -0.551267,
          1.092653
        ],
        [
          0.0,
          0.0,
          0.0,
          1.0
        ]
      ]
    },
    {
      "file_path": "/media/NFS/ttao/scannet/posed_images/scene0630_00/00130.jpg",
      "transform_matrix": [
        [
          -0.723636,
          0.385947,
          -0.572185,
          3.754774
        ],
        [
          0.690177,
          0.401677,
          -0.601922,
          1.643463
        ],
        [
          -0.002477,
          -0.830482,
          -0.55704,
          1.088784
        ],
        [
          0.0,
          0.0,
          0.0,
          1.0
        ]
      ]
    },
    {
      "file_path": "/media/NFS/ttao/scannet/posed_images/scene0630_00/00131.jpg",
      "transform_matrix": [
        [
          -0.732466,
          0.382582,
          -0.563138,
          3.757997
        ],
        [
          0.68079,
          0.406473,
          -0.609348,
          1.641331
        ],
        [
          -0.004225,
          -0.829705,
          -0.558186,
          1.087275
        ],
        [
          0.0,
          0.0,
          0.0,
          1.0
        ]
      ]
    },
    {
      "file_path": "/media/NFS/ttao/scannet/posed_images/scene0630_00/00134.jpg",
      "transform_matrix": [
        [
          -0.772925,
          0.360188,
          -0.522352,
          3.772063
        ],
        [
          0.634434,
          0.427074,
          -0.644283,
          1.627952
        ],
        [
          -0.00898,
          -0.82938,
          -0.558612,
          1.087972
        ],
        [
          0.0,
          0.0,
          0.0,
          1.0
        ]
      ]
    },
    {
      "file_path": "/media/NFS/ttao/scannet/posed_images/scene0630_00/00135.jpg",
      "transform_matrix": [
        [
          -0.784652,
          0.350373,
          -0.511429,
          3.777616
        ],
        [
          0.619848,
          0.429524,
          -0.656732,
          1.6244
        ],
        [
          -0.01043,
          -0.832315,
          -0.554206,
          1.088878
        ],
        [
          0.0,
          0.0,
          0.0,
          1.0
        ]
      ]
    },
    {
      "file_path": "/media/NFS/ttao/scannet/posed_images/scene0630_00/00137.jpg",
      "transform_matrix": [
        [
          -0.809629,
          0.329367,
          -0.485816,
          3.78905
        ],
        [
          0.586761,
          0.433676,
          -0.683839,
          1.618603
        ],
        [
          -0.014547,
          -0.838715,
          -0.544377,
          1.090733
        ],
        [
          0.0,
          0.0,
          0.0,
          1.0
        ]
      ]
    },
    {
      "file_path": "/media/NFS/ttao/scannet/posed_images/scene0630_00/00139.jpg",
      "transform_matrix": [
        [
          -0.834488,
          0.307644,
          -0.457148,
          3.802275
        ],
        [
          0.550761,
          0.439975,
          -0.709284,
          1.611873
        ],
        [
          -0.017073,
          -0.843669,
          -0.536593,
          1.095336
        ],
        [
          0.0,
          0.0,
          0.0,
          1.0
        ]
      ]
    },
    {
      "file_path": "/media/NFS/ttao/scannet/posed_images/scene0630_00/00141.jpg",
      "transform_matrix": [
        [
          -0.857691,
          0.282835,
          -0.429384,
          3.817985
        ],
        [
          0.513946,
          0.447243,
          -0.732006,
          1.606981
        ],
        [
          -0.014998,
          -0.848515,
          -0.528958,
          1.101367
        ],
        [
          0.0,
          0.0,
          0.0,
          1.0
        ]
      ]
    },
    {
      "file_path": "/media/NFS/ttao/scannet/posed_images/scene0630_00/00143.jpg",
      "transform_matrix": [
        [
          -0.878098,
          0.261539,
          -0.400676,
          3.831866
        ],
        [
          0.478096,
          0.446017,
          -0.756632,
          1.603638
        ],
        [
          -0.019181,
          -0.855959,
          -0.516688,
          1.105776
        ],
        [
          0.0,
          0.0,
          0.0,
