{
  "frames": [
    {
      "file_path": "/media/NFS/ttao/scannet/posed_images/scene0347_00/00000.jpg",
      "transform_matrix": [
        [
          -0.978057,
          -0.089997,
          0.187896,
          1.258677
        ],
        [
          -0.208125,
          0.38139,
          -0.900681,
          1.881726
        ],
        [
          0.009397,
          -0.920023,
          -0.391751,
          1.398373
        ],
        [
          0.0,
          0.0,
          0.0,
          1.0
        ]
      ]
    },
    {
      "file_path": "/media/NFS/ttao/scannet/posed_images/scene0347_00/00003.jpg",
      "transform_matrix": [
        [
          -0.97798,
          -0.094311,
          0.186175,
          1.263003
        ],
        [
          -0.208239,
          0.381691,
          -0.900527,
          1.879908
        ],
        [
          0.013868,
          -0.919466,
          -0.392925,
          1.396094
        ],
        [
          0.0,
          0.0,
          0.0,
          1.0
        ]
      ]
    },
    {
      "file_path": "/media/NFS/ttao/scannet/posed_images/scene0347_00/00006.jpg",
      "transform_matrix": [
        [
          -0.976469,
          -0.099139,
          0.191521,
          1.263339
        ],
        [
          -0.21508,
          0.382635,
          -0.898516,
          1.874999
        ],
        [
          0.015795,
          -0.918565,
          -0.394954,
          1.397125
        ],
        [
          0.0,
          0.0,
          0.0,
          1.0
        ]
      ]
    },
    {
      "file_path": "/media/NFS/ttao/scannet/posed_images/scene0347_00/00012.jpg",
      "transform_matrix": [
        [
          -0.975226,
          -0.099145,
          0.197751,
          1.260189
        ],
        [
          -0.220376,
          0.357726,
          -0.907451,
          1.866382
        ],
        [
          0.019229,
          -0.928549,
          -0.370712,
          1.401129
        ],
        [
          0.0,
          0.0,
          0.0,
          1.0
        ]
      ]
    },
    {
      "file_path": "/media/NFS/ttao/scannet/posed_images/scene0347_00/00016.jpg",
      "transform_matrix": [
        [
          -0.972208,
          -0.099386,
          0.211978,
          1.256578
        ],
        [
          -0.233505,
          0.346012,
          -0.908709,
          1.862693
        ],
        [
          0.016966,
          -0.932951,
          -0.359603,
          1.40641
        ],
        [
          0.0,
          0.0,
          0.0,
          1.0
        ]
      ]
    },
    {
      "file_path": "/media/NFS/ttao/scannet/posed_images/scene0347_00/00018.jpg",
      "transform_matrix": [
        [
          -0.970587,
          -0.097002,
          0.220344,
          1.254296
        ],
        [
          -0.240425,
          0.342914,
          -0.908079,
          1.861466
        ],
        [
          0.012526,
          -0.934345,
          -0.356149,
          1.406165
        ],
        [
          0.0,
          0.0,
          0.0,
          1.0
        ]
      ]
    },
    {
      "file_path": "/media/NFS/ttao/scannet/posed_images/scene0347_00/00024.jpg",
      "transform_matrix": [
        [
          -0.967937,
          -0.07986,
          0.23816,
          1.249275
        ],
        [
          -0.251149,
          0.325304,
          -0.911648,
          1.845409
        ],
        [
          -0.00467,
          -0.942231,
          -0.334931,
          1.421034
        ],
        [
          0.0,
          0.0,
          0.0,
          1.0
        ]
      ]
    },
    {
      "file_path": "/media/NFS/ttao/scannet/posed_images/scene0347_00/00026.jpg",
      "transform_matrix": [
        [
          -0.968884,
          -0.080168,
          0.234173,
          1.254228
        ],
        [
          -0.247505,
          0.322649,
          -0.913586,
          1.841609
        ],
        [
          -0.002316,
          -0.943118,
          -0.332451,
          1.422735
        ],
        [
          0.0,
          0.0,
          0.0,
          1.0
        ]
      ]
    },
    {
      "file_path": "/media/NFS/ttao/scannet/posed_images/scene0347_00/00028.jpg",
      "transform_matrix": [
        [
          -0.971112,
          -0.079481,
          0.224998,
          1.262201
        ],
        [
          -0.238613,
          0.314465,
          -0.918791,
          1.82828
        ],
        [
          0.002272,
          -0.945936,
          -0.324345,
          1.428252
        ],
        [
          0.0,
          0.0,
          0.0,
          1.0
        ]
      ]
    },
    {
      "file_path": "/media/NFS/ttao/scannet/posed_images/scene0347_00/00031.jpg",
      "transform_matrix": [
        [
          -0.971626,
          -0.079528,
          0.222753,
          1.269913
        ],
        [
          -0.236464,
          0.305326,
          -0.922422,
          1.814297
        ],
        [
          0.005346,
          -0.948921,
          -0.315468,
          1.433869
        ],
        [
          0.0,
          0.0,
          0.0,
          1.0
        ]
      ]
    },
    {
      "file_path": "/media/NFS/ttao/scannet/posed_images/scene0347_00/00037.jpg",
      "transform_matrix": [
        [
          -0.971689,
          -0.085192,
          0.220369,
          1.294368
        ],
        [
          -0.235417,
          0.270277,
          -0.933558,
          1.784605
        ],
        [
          0.019971,
          -0.959006,
          -0.282681,
          1.454494
        ],
        [
          0.0,
          0.0,
          0.0,
          1.0
        ]
      ]
    },
    {
      "file_path": "/media/NFS/ttao/scannet/posed_images/scene0347_00/00041.jpg",
      "transform_matrix": [
        [
          -0.968419,
          -0.08734,
          0.233529,
          1.313693
        ],
        [
          -0.248524,
          0.263023,
          -0.932231,
          1.76198
        ],
        [
          0.019998,
          -0.960828,
          -0.276423,
          1.475535
        ],
        [
          0.0,
          0.0,
          0.0,
          1.0
        ]
      ]
    },
    {
      "file_path": "/media/NFS/ttao/scannet/posed_images/scene0347_00/00045.jpg",
      "transform_matrix": [
        [
          -0.964668,
          -0.083089,
          0.250025,
          1.320881
        ],
        [
          -0.262921,
          0.24236,
          -0.933881,
          1.747937
        ],
        [
          0.016999,
          -0.966622,
          -0.255643,
          1.48354
        ],
        [
          0.0,
          0.0,
          0.0,
          1.0
        ]
      ]
    },
    {
      "file_path": "/media/NFS/ttao/scannet/posed_images/scene0347_00/00046.jpg",
      "transform_matrix": [
        [
          -0.96392,
          -0.082519,
          0.25308,
          1.319847
        ],
        [
          -0.265712,
          0.241123,
          -0.933411,
          1.745225
        ],
        [
          0.016,
          -0.96698,
          -0.254349,
          1.483523
        ],
        [
          0.0,
          0.0,
          0.0,
          1.0
        ]
      ]
    },
    {
      "file_path": "/media/NFS/ttao/scannet/posed_images/scene0347_00/00050.jpg",
      "transform_matrix": [
        [
          -0.962835,
          -0.08135,
          0.257549,
          1.309749
        ],
        [
          -0.269916,
          0.255486,
          -0.928371,
          1.732957
        ],
        [
          0.009722,
          -0.963384,
          -0.267948,
          1.470736
        ],
        [
          0.0,
          0.0,
          0.0,
          1.0
        ]
      ]
    },
    {
      "file_path": "/media/NFS/ttao/scannet/posed_images/scene0347_00/00053.jpg",
      "transform_matrix": [
        [
          -0.965561,
          -0.087321,
          0.245085,
          1.299636
        ],
        [
          -0.259962,
          0.285589,
          -0.92242,
          1.725112
        ],
        [
          0.010554,
          -0.954366,
          -0.298454,
          1.46119
        ],
        [
          0.0,
          0.0,
          0.0,
          1.0
        ]
      ]
    },
    {
      "file_path": "/media/NFS/ttao/scannet/posed_images/scene0347_00/00057.jpg",
      "transform_matrix": [
        [
          -0.966698,
          -0.085908,
          0.24107,
          1.284259
        ],
        [
          -0.255876,
          0.341979,
          -0.9042,
          1.726179
        ],
        [
          -0.004763,
          -0.935772,
          -0.352573,
          1.436238
        ],
        [
          0.0,
          0.0,
          0.0,
          1.0
        ]
      ]
    },
    {
      "file_path": "/media/NFS/ttao/scannet/posed_images/scene0347_00/00062.jpg",
      "transform_matrix": [
        [
          -0.962487,
          -0.103935,
          0.250633,
          1.259058
        ],
        [
          -0.271246,
          0.391484,
          -0.879298,
          1.743125
        ],
        [
          -0.006729,
          -0.914296,
          -0.40499,
          1.402549
        ],
        [
          0.0,
          0.0,
          0.0,
          1.0
        ]
      ]
    },
    {
      "file_path": "/media/NFS/ttao/scannet/posed_images/scene0347_00/00067.jpg",
      "transform_matrix": [
        [
          -0.960688,
          -0.114822,
          0.252774,
          1.237149
        ],
        [
          -0.277262,
          0.443648,
          -0.852234,
          1.756722
        ],
        [
          -0.014288,
          -0.888815,
          -0.458043,
          1.374459
        ],
        [
          0.0,
          0.0,
          0.0,
          1.0
        ]
      ]
    },
    {
      "file_path": "/media/NFS/ttao/scannet/posed_images/scene0347_00/00068.jpg",
      "transform_matrix": [
        [
          -0.960929,
          -0.113918,
          0.252266,
          1.233791
        ],
        [
          -0.276271,
          0.450817,
          -0.848787,
          1.760476
        ],
        [
          -0.017034,
          -0.885317,
          -0.464675,
          1.369377
        ],
        [
          0.0,
          0.0,
          0.0,
          1.0
        ]
      ]
    },
    {
      "file_path": "/media/NFS/ttao/scannet/posed_images/scene0347_00/00072.jpg",
      "transform_matrix": [
        [
          -0.96249,
          -0.113919,
          0.246242,
          1.223595
        ],
        [
          -0.270371,
          0.478428,
          -0.835468,
          1.770902
        ],
        [
          -0.022633,
          -0.870706,
          -0.491283,
          1.354324
        ],
        [
          0.0,
          0.0,
          0.0,
          1.0
        ]
      ]
    },
    {
      "file_path": "/media/NFS/ttao/scannet/posed_images/scene0347_00/00078.jpg",
      "transform_matrix": [
        [
          -0.958268,
          -0.116987,
          0.26084,
          1.234864
        ],
        [
          -0.28495,
          0.464152,
          -0.83867,
          1.764228
        ],
        [
          -0.022956,
          -0.877996,
          -0.478117,
          1.359402
        ],
        [
          0.0,
          0.0,
          0.0,
          1.0
        ]
      ]
    },
    {
      "file_path": "/media/NFS/ttao/scannet/posed_images/scene0347_00/00080.jpg",
      "transform_matrix": [
        [
          -0.956405,
          -0.124365,
          0.26424,
          1.245221
        ],
        [
          -0.29156,
          0.458656,
          -0.839421,
          1.757425
        ],
        [
          -0.016801,
          -0.879868,
          -0.47492,
          1.354917
        ],
        [
          0.0,
          0.0,
          0.0,
          1.0
        ]
      ]
    },
    {
      "file_path": "/media/NFS/ttao/scannet/posed_images/scene0347_00/00082.jpg",
      "transform_matrix": [
        [
          -0.956935,
          -0.127782,
          0.260668,
          1.256419
        ],
        [
          -0.290122,
          0.452725,
          -0.843131,
          1.742073
        ],
        [
          -0.010274,
          -0.882447,
          -0.4703,
          1.357656
        ],
        [
          0.0,
          0.0,
          0.0,
          1.0
        ]
      ]
    },
    {
      "file_path": "/media/NFS/ttao/scannet/posed_images/scene0347_00/00089.jpg",
      "transform_matrix": [
        [
          -0.964264,
          -0.129583,
          0.231091,
          1.309649
        ],
        [
          -0.264053,
          0.398613,
          -0.878284,
          1.657323
        ],
        [
          0.021695,
          -0.907918,
          -0.418585,
          1.371096
        ],
        [
          0.0,
          0.0,
          0.0,
          1.0
        ]
      ]
    },
    {
      "file_path": "/media/NFS/ttao/scannet/posed_images/scene0347_00/00092.jpg",
      "transform_matrix": [
        [
          -0.962073,
          -0.134153,
          0.237529,
          1.326172
        ],
        [
          -0.271832,
          0.398364,
          -0.876022,
          1.630051
        ],
        [
          0.022898,
          -0.907364,
          -0.419722,
          1.372166
        ],
        [
          0.0,
          0.0,
          0.0,
          1.0
        ]
      ]
    },
    {
      "file_path": "/media/NFS/ttao/scannet/posed_images/scene0347_00/00093.jpg",
      "transform_matrix": [
        [
          -0.962241,
          -0.131997,
          0.238052,
          1.330486
        ],
        [
          -0.271481,
          0.40191,
          -0.874509,
          1.620064
        ],
        [
          0.019757,
          -0.906115,
          -0.422569,
          1.372031
        ],
        [
          0.0,
          0.0,
          0.0,
          1.0
        ]
      ]
    },
    {
      "file_path": "/media/NFS/ttao/scannet/posed_images/scene0347_00/00097.jpg",
      "transform_matrix": [
        [
          -0.965227,
          -0.1181,
          0.233216,
          1.34374
        ],
        [
          -0.261177,
          0.397658,
          -0.879577,
          1.577516
        ],
        [
          0.011138,
          -0.909902,
          -0.414675,
          1.381143
        ],
        [
          0.0,
          0.0,
          0.0,
          1.0
        ]
      ]
    },
    {
      "file_path": "/media/NFS/ttao/scannet/posed_images/scene0347_00/00103.jpg",
      "transform_matrix": [
        [
          -0.963004,
          -0.093311,
          0.252816,
          1.359621
        ],
        [
          -0.268699,
          0.404166,
          -0.874329,
          1.493959
        ],
        [
          -0.020595,
          -0.909914,
          -0.414286,
          1.393714
        ],
        [
          0.0,
          0.0,
          0.0,
          1.0
        ]
      ]
    },
    {
      "file_path": "/media/NFS/ttao/scannet/posed_images/scene0347_00/00106.jpg",
      "transform_matrix": [
        [
          -0.960663,
          -0.101038,
          0.258687,
          1.360005
        ],
        [
          -0.276779,
          0.424886,
          -0.861896,
          1.456187
        ],
        [
          -0.022828,
          -0.899591,
          -0.436137,
          1.393572
        ],
        [
          0.0,
          0.0,
          0.0,
          1.0
        ]
      ]
    },
    {
      "file_path": "/media/NFS/ttao/scannet/posed_images/scene0347_00/00110.jpg",
      "transform_matrix": [
        [
          -0.961895,
          -0.110176,
          0.250238,
          1.360848
        ],
        [
          -0.272914,
          0.442503,
          -0.85423,
          1.408525
        ],
        [
          -0.016616,
          -0.889973,
          -0.45571,
          1.396342
        ],
        [
          0.0,
          0.0,
          0.0,
          1.0
        ]
      ]
    },
    {
      "file_path": "/media/NFS/ttao/scannet/posed_images/scene0347_00/00111.jpg",
      "transform_matrix": [
        [
          -0.962897,
          -0.108056,
          0.247293,
          1.36076
        ],
        [
          -0.269192,
          0.449506,
          -0.851752,
          1.397157
        ],
        [
          -0.019123,
          -0.886718,
          -0.461915,
          1.396008
        ],
        [
          0.0,
          0.0,
          0.0,
          1.0
        ]
      ]
    },
    {
      "file_path": "/media/NFS/ttao/scannet/posed_images/scene0347_00/00114.jpg",
      "transform_matrix": [
        [
          -0.96045,
          -0.097982,
          0.260646,
          1.365935
        ],
        [
          -0.276315,
          0.451189,
          -0.848574,
          1.35754
        ],
        [
          -0.034456,
          -0.887033,
          -0.460418,
          1.40522
        ],
        [
          0.0,
          0.0,
          0.0,
          1.0
        ]
      ]
    },
    {
      "file_path": "/media/NFS/ttao/scannet/posed_images/scene0347_00/00121.jpg",
      "transform_matrix": [
        [
          -0.95221,
          -0.080412,
          0.294669,
          1.403179
        ],
        [
          -0.298851,
          0.444627,
          -0.84439,
          1.299795
        ],
        [
          -0.063119,
          -0.892099,
          -0.44741,
          1.418294
        ],
        [
          0.0,
          0.0,
          0.0,
          1.0
        ]
      ]
    },
    {
      "file_path": "/media/NFS/ttao/scannet/posed_images/scene0347_00/00124.jpg",
      "transform_matrix": [
        [
          -0.960035,
          -0.09158,
          0.264473,
          1.432851
        ],
        [
          -0.276659,
          0.453471,
          -0.847245,
          1.274677
        ],
        [
          -0.042341,
          -0.886554,
          -0.460684,
          1.410659
        ],
        [
          0.0,
          0.0,
          0.0,
          1.0
        ]
      ]
    },
    {
      "file_path": "/media/NFS/ttao/scannet/posed_images/scene0347_00/00125.jpg",
      "transform_matrix": [
        [
          -0.963752,
          -0.092752,
          0.25016,
          1.444593
        ],
        [
          -0.264288,
          0.460303,
          -0.84751,
          1.26513
        ],
        [
          -0.036541,
          -0.882903,
          -0.468131,
          1.409737
        ],
        [
          0.0,
          0.0,
          0.0,
          1.0
        ]
      ]
    },
    {
      "file_path": "/media/NFS/ttao/scannet/posed_images/scene0347_00/00132.jpg",
      "transform_matrix": [
        [
          -0.977497,
          -0.062534,
          0.20147,
          1.524373
        ],
        [
          -0.208228,
          0.439001,
          -0.874025,
          1.217625
        ],
        [
          -0.033789,
          -0.896308,
          -0.442143,
          1.422337
        ],
        [
          0.0,
          0.0,
          0.0,
          1.0
        ]
      ]
    },
    {
      "file_path": "/media/NFS/ttao/scannet/posed_images/scene0347_00/00135.jpg",
      "transform_matrix": [
        [
          -0.980176,
          -0.073225,
          0.184102,
          1.55092
        ],
        [
          -0.19744,
          0.438454,
          -0.876799,
          1.208132
        ],
        [
          -0.016517,
          -0.895766,
          -0.44422,
          1.422881
        ],
        [
          0.0,
          0.0,
          0.0,
          1.0
        ]
      ]
    },
    {
      "file_path": "/media/NFS/ttao/scannet/posed_images/scene0347_00/00138.jpg",
      "transform_matrix": [
        [
          -0.981115,
          -0.080201,
          0.176013,
          1.571514
        ],
        [
          -0.193277,
          0.442068,
          -0.875911,
          1.199406
        ],
        [
          -0.007561,
          -0.893389,
          -0.449221,
          1.422954
        ],
        [
          0.0,
          0.0,
          0.0,
          1.0
        ]
      ]
    },
    {
      "file_path": "/media/NFS/ttao/scannet/posed_images/scene0347_00/00139.jpg",
      "transform_matrix": [
        [
          -0.981482,
          -0.080988,
          0.173595,
          1.57656
        ],
        [
          -0.191466,
          0.442715,
          -0.875982,
          1.196763
        ],
        [
          -0.005909,
          -0.892998,
          -0.450023,
          1.423063
        ],
        [
          0.0,
          0.0,
          0.0,
          1.0
        ]
      ]
    },
    {
      "file_path": "/media/NFS/ttao/scannet/posed_images/scene0347_00/00144.jpg",
      "transform_matrix": [
        [
          -0.983742,
          -0.082109,
          0.159721,
          1.588513
        ],
        [
          -0.179581,
          0.44049,
          -0.879614,
          1.185517
        ],
        [
          0.001869,
          -0.893995,
          -0.448073,
          1.423724
        ],
        [
          0.0,
          0.0,
          0.0,
          1.0
        ]
      ]
    },
    {
      "file_path": "/media/NFS/ttao/scannet/posed_images/scene0347_00/00148.jpg",
      "transform_matrix": [
        [
          -0.98769,
          -0.080924,
          0.133864,
          1.590498
        ],
        [
          -0.155895,
          0.438931,
          -0.884894,
          1.182613
        ],
        [
          0.012852,
          -0.894869,
          -0.446143,
          1.420211
        ],
        [
          0.0,
          0.0,
          0.0,
          1.0
        ]
      ]
    },
    {
      "file_path": "/media/NFS/ttao/scannet/posed_images/scene0347_00/00152.jpg",
      "transform_matrix": [
        [
          -0.990735,
          -0.079803,
          0.109889,
          1.595211
        ],
        [
          -0.133973,
          0.441694,
          -0.887107,
          1.18638
        ],
        [
          0.022257,
          -0.89361,
          -0.448293,
          1.416233
        ],
        [
          0.0,
          0.0,
          0.0,
          1.0
        ]
      ]
    },
    {
      "file_path": "/media/NFS/ttao/scannet/posed_images/scene0347_00/00154.jpg",
      "transform_matrix": [
        [
          -0.991222,
          -0.081174,
          0.104358,
          1.593555
        ],
        [
          -0.129642,
          0.441893,
          -0.88765,
          1.190452
        ],
        [
          0.025939,
          -0.893387,
          -0.448538,
          1.413849
        ],
        [
          0.0,
          0.0,
          0.0,
          1.0
        ]
      ]
    },
    {
      "file_path": "/media/NFS/ttao/scannet/posed_images/scene0347_00/00158.jpg",
      "transform_matrix": [
        [
          -0.993767,
          -0.073559,
          0.083763,
          1.586294
        ],
        [
          -0.107848,
          0.444216,
          -0.889405,
          1.199318
        ],
        [
          0.028215,
          -0.892895,
          -0.44938,
          1.411082
        ],
        [
          0.0,
          0.0,
          0.0,
          1.0
        ]
      ]
    },
    {
      "file_path": "/media/NFS/ttao/scannet/posed_images/scene0347_00/00163.jpg",
      "transform_matrix": [
        [
          -0.998565,
          -0.046281,
          0.026941,
          1.565131
        ],
        [
          -0.044836,
          0.447442,
          -0.893189,
          1.217872
        ],
        [
          0.029283,
          -0.893115,
          -0.448875,
          1.411171
        ],
        [
          0.0,
          0.0,
          0.0,
          1.0
        ]
      ]
    },
    {
      "file_path": "/media/NFS/ttao/scannet/posed_images/scene0347_00/00166.jpg",
      "transform_matrix": [
        [
          -0.999548,
          -0.017662,
          -0.024332,
          1.529022
        ],
        [
          0.013775,
          0.450326,
          -0.892758,
          1.241506
        ],
        [
          0.026725,
          -0.89269,
          -0.449879,
          1.413416
        ],
        [
          0.0,
          0.0,
          0.0,
          1.0
        ]
      ]
    },
    {
      "file_path": "/media/NFS/ttao/scannet/posed_images/scene0347_00/00168.jpg",
      "transform_matrix": [
        [
          -0.998836,
          0.00181,
          -0.048198,
          1.507684
        ],
        [
          0.04393,
          0.446663,
          -0.893623,
          1.258886
        ],
        [
          0.019911,
          -0.8947,
          -0.446223,
          1.416266
        ],
        [
          0.0,
          0.0,
          0.0,
          1.0
        ]
      ]
    },
    {
      "file_path": "/media/NFS/ttao/scannet/posed_images/scene0347_00/00172.jpg",
      "transform_matrix": [
        [
          -0.99387,
          0.045841,
          -0.100608,
          1.469143
        ],
        [
          0.11053,
          0.433139,
          -0.894525,
          1.304327
        ],
        [
          0.002572,
          -0.900161,
          -0.43555,
          1.423283
        ],
        [
          0.0,
          0.0,
          0.0,
          1.0
        ]
      ]
    },
    {
      "file_path": "/media/NFS/ttao/scannet/posed_images/scene0347_00/00176.jpg",
      "transform_matrix": [
        [
          -0.989045,
          0.067427,
          -0.131315,
          1.431991
        ],
        [
          0.147518,
          0.419209,
          -0.895825,
          1.356147
        ],
        [
          -0.005355,
          -0.905383,
          -0.424563,
          1.424401
        ],
        [
          0.0,
          0.0,
          0.0,
          1.0
        ]
      ]
    },
    {
      "file_path": "/media/NFS/ttao/scannet/posed_images/scene0347_00/00181.jpg",
      "transform_matrix": [
        [
          -0.984633,
          0.085511,
          -0.152266,
          1.403363
        ],
        [
          0.174325,
          0.429468,
          -0.886097,
          1.407541
        ],
        [
          -0.010378,
          -0.899025,
          -0.437775,
          1.430058
        ],
        [
          0.0,
          0.0,
          0.0,
          1.0
        ]
      ]
    },
    {
      "file_path": "/media/NFS/ttao/scannet/posed_images/scene0347_00/00185.jpg",
      "transform_matrix": [
        [
          -0.982799,
          0.101427,
          -0.154333,
          1.385778
        ],
        [
          0.183103,
          0.426258,
          -0.885877,
          1.444713
        ],
        [
          -0.024066,
          -0.898898,
          -0.437498,
          1.43024
        ],
        [
          0.0,
          0.0,
          0.0,
          1.0
        ]
      ]
    },
    {
      "file_path": "/media/NFS/ttao/scannet/posed_images/scene0347_00/00189.jpg",
      "transform_matrix": [
        [
          -0.973887,
          0.129019,
          -0.186809,
          1.369615
        ],
        [
          0.224505,
          0.424865,
          -0.876976,
          1.479881
        ],
        [
          -0.033778,
          -0.896016,
          -0.442736,
          1.425438
        ],
        [
          0.0,
          0.0,
          0.0,
          1.0
        ]
      ]
    },
    {
      "file_path": "/media/NFS/ttao/scannet/posed_images/scene0347_00/00190.jpg",
      "transform_matrix": [
        [
          -0.971602,
          0.133908,
          -0.195086,
          1.368911
        ],
        [
          0.234049,
          0.422618,
          -0.875566,
          1.487415
        ],
        [
          -0.034799,
          -0.896361,
          -0.441958,
          1.423084
        ],
        [
          0.0,
          0.0,
          0.0,
          1.0
        ]
      ]
    },
    {
      "file_path": "/media/NFS/ttao/scannet/posed_images/scene0347_00/00197.jpg",
      "transform_matrix": [
        [
          -0.960168,
          0.141749,
          -0.240802,
          1.385318
        ],
        [
          0.27882,
          0.429385,
          -0.859004,
          1.533907
        ],
        [
          -0.018366,
          -0.891928,
          -0.451804,
          1.407523
        ],
        [
          0.0,
          0.0,
          0.0,
          1.0
        ]
      ]
    },
    {
      "file_path": "/media/NFS/ttao/scannet/posed_images/scene0347_00/00200.jpg",
      "transform_matrix": [
        [
          -0.95601,
          0.139829,
          -0.257864,
          1.402756
        ],
        [
          0.293241,
          0.433269,
          -0.852225,
          1.555405
        ],
        [
          -0.007441,
          -0.890352,
          -0.455213,
          1.400643
        ],
        [
          0.0,
          0.0,
          0.0,
          1.0
        ]
      ]
    },
    {
      "file_path": "/media/NFS/ttao/scannet/posed_images/scene0347_00/00201.jpg",
      "transform_matrix": [
        [
          -0.954144,
          0.14097,
          -0.264079,
          1.408576
        ],
        [
          0.299311,
          0.435171,
          -0.84914,
          1.562015
        ],
        [
          -0.004784,
          -0.889244,
          -0.457409,
          1.399526
        ],
        [
          0.0,
          0.0,
          0.0,
          1.0
        ]
      ]
    },
    {
      "file_path": "/media/NFS/ttao/scannet/posed_images/scene0347_00/00206.jpg",
      "transform_matrix": [
        [
          -0.945764,
          0.14621,
          -0.290093,
          1.443016
        ],
        [
          0.324663,
          0.456174,
          -0.828552,
          1.601129
        ],
        [
          0.01119,
          -0.877797,
          -0.478902,
          1.386114
        ],
        [
          0.0,
          0.0,
          0.0,
          1.0
        ]
      ]
    },
    {
      "file_path": "/media/NFS/ttao/scannet/posed_images/scene0347_00/00211.jpg",
      "transform_matrix": [
        [
          -0.934906,
          0.142228,
          -0.325151,
          1.479371
        ],
        [
          0.352928,
          0.46896,
          -0.809641,
          1.649692
        ],
        [
          0.037329,
          -0.871692,
          -0.48863,
          1.374991
        ],
        [
          0.0,
          0.0,
          0.0,
          1.0
        ]
      ]
    },
    {
      "file_path": "/media/NFS/ttao/scannet/posed_images/scene0347_00/00212.jpg",
      "transform_matrix": [
        [
          -0.932884,
          0.144454,
          -0.329941,
          1.482136
        ],
        [
          0.358171,
          0.468614,
          -0.807536,
          1.656846
        ],
        [
          0.037963,
          -0.871512,
          -0.488902,
          1.375895
        ],
        [
          0.0,
          0.0,
          0.0,
          1.0
        ]
      ]
    },
    {
      "file_path": "/media/NFS/ttao/scannet/posed_images/scene0347_00/00216.jpg",
      "transform_matrix": [
        [
          -0.926006,
          0.142096,
          -0.349744,
          1.490111
        ],
        [
          0.375417,
          0.443996,
          -0.813591,
          1.686249
        ],
        [
          0.039677,
          -0.88469,
          -0.464489,
          1.38932
        ],
        [
          0.0,
          0.0,
          0.0,
          1.0
        ]
      ]
    },
    {
      "file_path": "/media/NFS/ttao/scannet/posed_images/scene0347_00/00221.jpg",
      "transform_matrix": [
        [
          -0.922819,
          0.127027,
          -0.36369,
          1.499439
        ],
        [
          0.384076,
          0.376568,
          -0.84302,
          1.735015
        ],
        [
          0.029868,
          -0.917639,
          -0.396291,
          1.414538
        ],
        [
          0.0,
          0.0,
          0.0,
          1.0
        ]
      ]
    },
    {
      "file_path": "/media/NFS/ttao/scannet/posed_images/scene0347_00/00225.jpg",
      "transform_matrix": [
        [
          -0.926973,
          0.110579,
          -0.358459,
          1.501469
        ],
        [
          0.374865,
          0.308775,
          -0.874148,
          1.790417
        ],
        [
          0.014021,
          -0.944686,
          -0.327678,
          1.454668
        ],
        [
          0.0,
          0.0,
          0.0,
          1.0
        ]
      ]
    },
    {
      "file_path": "/media/NFS/ttao/scannet/posed_images/scene0347_00/00228.jpg",
      "transform_matrix": [
        [
          -0.929477,
          0.09324,
          -0.356903,
          1.502243
        ],
        [
          0.368823,
          0.252048,
          -0.894674,
          1.832335
        ],
        [
          0.006538,
          -0.963213,
          -0.268661,
          1.476962
        ],
        [
          0.0,
          0.0,
          0.0,
          1.0
        ]
      ]
    },
    {
      "file_path": "/media/NFS/ttao/scannet/posed_images/scene0347_00/00230.jpg",
      "transform_matrix": [
        [
          -0.931076,
          0.086742,
          -0.354364,
          1.505312
        ],
        [
          0.36479,
          0.235065,
          -0.900929,
          1.852209
        ],
        [
          0.00515,
          -0.968102,
          -0.250506,
          1.497922
        ],
        [
          0.0,
          0.0,
          0.0,
          1.0
        ]
      ]
    },
    {
      "file_path": "/media/NFS/ttao/scannet/posed_images/scene0347_00/00233.jpg",
      "transform_matrix": [
        [
          -0.935042,
          0.076392,
          -0.346209,
          1.505647
        ],
        [
          0.354532,
          0.196338,
          -0.914198,
          1.888555
        ],
        [
          -0.001864,
          -0.977556,
          -0.210668,
          1.519699
        ],
        [
          0.0,
          0.0,
          0.0,
          1.0
        ]
      ]
    },
    {
      "file_path": "/media/NFS/ttao/scannet/posed_images/scene0347_00/00240.jpg",
      "transform_matrix": [
        [
          -0.942995,
          0.046661,
          -0.329521,
          1.521059
        ],
        [
          0.332802,
          0.126203,
          -0.934514,
          1.945017
        ],
        [
          -0.002018,
          -0.990907,
          -0.134538,
          1.543667
        ],
        [
          0.0,
          0.0,
          0.0,
          1.0
        ]
      ]
    },
    {
      "file_path": "/media/NFS/ttao/scannet/posed_images/scene0347_00/00242.jpg",
      "transform_matrix": [
        [
          -0.942324,
          0.047465,
          -0.331321,
          1.522382
        ],
        [
          0.33468,
          0.121757,
          -0.934433,
          1.952239
        ],
        [
          -0.004012,
          -0.991425,
          -0.13062,
          1.558192
        ],
        [
          0.0,
          0.0,
          0.0,
          1.0
        ]
      ]
    },
    {
      "file_path": "/media/NFS/ttao/scannet/posed_images/scene0347_00/00246.jpg",
      "transform_matrix": [
        [
          -0.938206,
          0.04215,
          -0.343502,
          1.523459
        ],
        [
          0.346063,
          0.105201,
          -0.932294,
          1.963433
        ],
        [
          -0.003159,
          -0.993557,
          -0.113286,
          1.568944
        ],
        [
          0.0,
          0.0,
          0.0,
          1.0
        ]
      ]
    },
    {
      "file_path": "/media/NFS/ttao/scannet/posed_images/scene0347_00/00251.jpg",
      "transform_matrix": [
        [
          -0.921359,
          0.026373,
          -0.387819,
          1.539988
        ],
        [
          0.388532,
          0.092974,
          -0.916733,
          1.967385
        ],
        [
          0.01188,
          -0.995319,
          -0.095909,
          1.544513
        ],
        [
          0.0,
          0.0,
          0.0,
          1.0
        ]
      ]
    },
    {
      "file_path": "/media/NFS/ttao/scannet/posed_images/scene0347_00/00254.jpg",
      "transform_matrix": [
        [
          -0.910935,
          0.042468,
          -0.410358,
          1.546512
        ],
        [
          0.412437,
          0.117034,
          -0.903438,
          1.963511
        ],
        [
          0.009658,
          -0.99222,
          -0.124126,
          1.542073
        ],
        [
          0.0,
          0.0,
          0.0,
          1.0
        ]
      ]
    },
    {
      "file_path": "/media/NFS/ttao/scannet/posed_images/scene0347_00/00256.jpg",
      "transform_matrix": [
        [
          -0.904297,
          0.047149,
          -0.424293,
          1.548293
        ],
        [
          0.426767,
          0.125132,
          -0.895663,
          1.960063
        ],
        [
          0.010863,
          -0.991019,
          -0.133278,
          1.539384
        ],
        [
          0.0,
          0.0,
          0.0,
          1.0
        ]
      ]
    },
    {
      "file_path": "/media/NFS/ttao/scannet/posed_images/scene0347_00/00259.jpg",
      "transform_matrix": [
        [
          -0.891364,
          0.049328,
          -0.450597,
          1.555801
        ],
        [
          0.453004,
          0.132168,
          -0.881657,
          1.957168
        ],
        [
          0.016064,
          -0.989999,
          -0.140155,
          1.537187
        ],
        [
          0.0,
          0.0,
          0.0,
          1.0
        ]
      ]
    },
    {
      "file_path": "/media/NFS/ttao/scannet/posed_images/scene0347_00/00262.jpg",
      "transform_matrix": [
        [
          -0.876949,
          0.058152,
          -0.477052,
          1.570871
        ],
        [
          0.480447,
          0.12971,
          -0.867379,
          1.956722
        ],
        [
          0.011439,
          -0.989846,
          -0.141687,
          1.533847
        ],
        [
          0.0,
          0.0,
          0.0,
          1.0
        ]
      ]
    },
    {
      "file_path": "/media/NFS/ttao/scannet/posed_images/scene0347_00/00267.jpg",
      "transform_matrix": [
        [
          -0.858874,
          0.078593,
          -0.50612,
          1.575947
        ],
        [
          0.512185,
          0.133425,
          -0.848448,
          1.968087
        ],
        [
          0.000847,
          -0.987938,
          -0.15485,
          1.531676
        ],
        [
          0.0,
          0.0,
          0.0,
          1.0
        ]
      ]
    },
    {
      "file_path": "/media/NFS/ttao/scannet/posed_images/scene0347_00/00269.jpg",
      "transform_matrix": [
        [
          -0.848736,
          0.0872,
          -0.521578,
          1.58022
        ],
        [
          0.528814,
          0.136689,
          -0.837658,
          1.970268
        ],
        [
          -0.00175,
          -0.986769,
          -0.162125,
          1.532503
        ],
        [
          0.0,
          0.0,
          0.0,
          1.0
        ]
      ]
    },
    {
      "file_path": "/media/NFS/ttao/scannet/posed_images/scene0347_00/00275.jpg",
      "transform_matrix": [
        [
          -0.799702,
          0.101422,
          -0.591769,
          1.593601
        ],
        [
          0.600393,
          0.131087,
          -0.788889,
          1.984946
        ],
        [
          -0.002437,
          -0.986169,
          -0.165723,
          1.534599
        ],
        [
          0.0,
          0.0,
          0.0,
          1.0
        ]
      ]
    },
    {
      "file_path": "/media/NFS/ttao/scannet/posed_images/scene0347_00/00279.jpg",
      "transform_matrix": [
        [
          -0.774848,
          0.103397,
          -0.623635,
          1.598788
        ],
        [
          0.632148,
          0.127506,
          -0.764285,
          1.998708
        ],
        [
