{
  "frames": [
    {
      "file_path": "/media/NFS/ttao/scannet/posed_images/scene0221_01/00000.jpg",
      "transform_matrix": [
        [
          -0.051249,
          -0.192659,
          0.979926,
          6.01775
        ],
        [
          -0.996548,
          0.074035,
          -0.037563,
          2.757354
        ],
        [
          -0.065312,
          -0.978469,
          -0.195788,
          1.600695
        ],
        [
          0.0,
          0.0,
          0.0,
          1.0
        ]
      ]
    },
    {
      "file_path": "/media/NFS/ttao/scannet/posed_images/scene0221_01/00002.jpg",
      "transform_matrix": [
        [
          -0.044507,
          -0.205162,
          0.977715,
          6.020115
        ],
        [
          -0.996651,
          0.076325,
          -0.029353,
          2.758618
        ],
        [
          -0.068602,
          -0.975748,
          -0.207872,
          1.597058
        ],
        [
          0.0,
          0.0,
          0.0,
          1.0
        ]
      ]
    },
    {
      "file_path": "/media/NFS/ttao/scannet/posed_images/scene0221_01/00005.jpg",
      "transform_matrix": [
        [
          -0.040084,
          -0.215826,
          0.975609,
          6.022436
        ],
        [
          -0.996612,
          0.078814,
          -0.023512,
          2.760729
        ],
        [
          -0.071817,
          -0.973246,
          -0.218254,
          1.593062
        ],
        [
          0.0,
          0.0,
          0.0,
          1.0
        ]
      ]
    },
    {
      "file_path": "/media/NFS/ttao/scannet/posed_images/scene0221_01/00007.jpg",
      "transform_matrix": [
        [
          -0.037301,
          -0.224756,
          0.973701,
          6.022491
        ],
        [
          -0.996657,
          0.079247,
          -0.019888,
          2.763863
        ],
        [
          -0.072693,
          -0.971187,
          -0.226961,
          1.589863
        ],
        [
          0.0,
          0.0,
          0.0,
          1.0
        ]
      ]
    },
    {
      "file_path": "/media/NFS/ttao/scannet/posed_images/scene0221_01/00011.jpg",
      "transform_matrix": [
        [
          -0.037971,
          -0.25763,
          0.965497,
          6.026667
        ],
        [
          -0.996638,
          0.079966,
          -0.017858,
          2.775895
        ],
        [
          -0.072606,
          -0.962929,
          -0.2598,
          1.597451
        ],
        [
          0.0,
          0.0,
          0.0,
          1.0
        ]
      ]
    },
    {
      "file_path": "/media/NFS/ttao/scannet/posed_images/scene0221_01/00014.jpg",
      "transform_matrix": [
        [
          -0.031288,
          -0.280499,
          0.959344,
          6.024606
        ],
        [
          -0.997001,
          0.076737,
          -0.010079,
          2.776228
        ],
        [
          -0.07079,
          -0.956782,
          -0.282058,
          1.587097
        ],
        [
          0.0,
          0.0,
          0.0,
          1.0
        ]
      ]
    },
    {
      "file_path": "/media/NFS/ttao/scannet/posed_images/scene0221_01/00017.jpg",
      "transform_matrix": [
        [
          -0.025713,
          -0.305159,
          0.951954,
          6.019932
        ],
        [
          -0.997369,
          0.072401,
          -0.003731,
          2.779091
        ],
        [
          -0.067784,
          -0.949545,
          -0.306217,
          1.574541
        ],
        [
          0.0,
          0.0,
          0.0,
          1.0
        ]
      ]
    },
    {
      "file_path": "/media/NFS/ttao/scannet/posed_images/scene0221_01/00018.jpg",
      "transform_matrix": [
        [
          -0.026043,
          -0.315233,
          0.948657,
          6.018518
        ],
        [
          -0.99736,
          0.072545,
          -0.003274,
          2.779295
        ],
        [
          -0.067788,
          -0.946238,
          -0.31629,
          1.573737
        ],
        [
          0.0,
          0.0,
          0.0,
          1.0
        ]
      ]
    },
    {
      "file_path": "/media/NFS/ttao/scannet/posed_images/scene0221_01/00020.jpg",
      "transform_matrix": [
        [
          -0.025512,
          -0.335788,
          0.941592,
          6.017365
        ],
        [
          -0.99736,
          0.072603,
          -0.001132,
          2.776402
        ],
        [
          -0.067982,
          -0.939135,
          -0.336754,
          1.561442
        ],
        [
          0.0,
          0.0,
          0.0,
          1.0
        ]
      ]
    },
    {
      "file_path": "/media/NFS/ttao/scannet/posed_images/scene0221_01/00023.jpg",
      "transform_matrix": [
        [
          -0.021642,
          -0.367254,
          0.929869,
          6.009198
        ],
        [
          -0.997739,
          0.067125,
          0.00329,
          2.775772
        ],
        [
          -0.063625,
          -0.927696,
          -0.367876,
          1.548271
        ],
        [
          0.0,
          0.0,
          0.0,
          1.0
        ]
      ]
    },
    {
      "file_path": "/media/NFS/ttao/scannet/posed_images/scene0221_01/00026.jpg",
      "transform_matrix": [
        [
          -0.016793,
          -0.42541,
          0.904845,
          5.994646
        ],
        [
          -0.997407,
          0.070468,
          0.014619,
          2.774242
        ],
        [
          -0.069982,
          -0.902253,
          -0.42549,
          1.528116
        ],
        [
          0.0,
          0.0,
          0.0,
          1.0
        ]
      ]
    },
    {
      "file_path": "/media/NFS/ttao/scannet/posed_images/scene0221_01/00028.jpg",
      "transform_matrix": [
        [
          -0.013914,
          -0.459476,
          0.888081,
          5.989952
        ],
        [
          -0.997067,
          0.073222,
          0.022262,
          2.765959
        ],
        [
          -0.075256,
          -0.885167,
          -0.459147,
          1.519197
        ],
        [
          0.0,
          0.0,
          0.0,
          1.0
        ]
      ]
    },
    {
      "file_path": "/media/NFS/ttao/scannet/posed_images/scene0221_01/00031.jpg",
      "transform_matrix": [
        [
          -0.029105,
          -0.500177,
          0.865433,
          5.980961
        ],
        [
          -0.996801,
          0.079004,
          0.012137,
          2.777371
        ],
        [
          -0.074444,
          -0.862311,
          -0.500877,
          1.483169
        ],
        [
          0.0,
          0.0,
          0.0,
          1.0
        ]
      ]
    },
    {
      "file_path": "/media/NFS/ttao/scannet/posed_images/scene0221_01/00033.jpg",
      "transform_matrix": [
        [
          -0.039232,
          -0.517342,
          0.854879,
          5.976945
        ],
        [
          -0.996241,
          0.086384,
          0.006557,
          2.772349
        ],
        [
          -0.07724,
          -0.851408,
          -0.518786,
          1.475654
        ],
        [
          0.0,
          0.0,
          0.0,
          1.0
        ]
      ]
    },
    {
      "file_path": "/media/NFS/ttao/scannet/posed_images/scene0221_01/00038.jpg",
      "transform_matrix": [
        [
          -0.084951,
          -0.54401,
          0.834767,
          5.96374
        ],
        [
          -0.992498,
          0.120131,
          -0.022715,
          2.765708
        ],
        [
          -0.087924,
          -0.830435,
          -0.550134,
          1.462726
        ],
        [
          0.0,
          0.0,
          0.0,
          1.0
        ]
      ]
    },
    {
      "file_path": "/media/NFS/ttao/scannet/posed_images/scene0221_01/00039.jpg",
      "transform_matrix": [
        [
          -0.094389,
          -0.545466,
          0.832801,
          5.962187
        ],
        [
          -0.991174,
          0.12971,
          -0.027381,
          2.759184
        ],
        [
          -0.093087,
          -0.828035,
          -0.552895,
          1.458933
        ],
        [
          0.0,
          0.0,
          0.0,
          1.0
        ]
      ]
    },
    {
      "file_path": "/media/NFS/ttao/scannet/posed_images/scene0221_01/00041.jpg",
      "transform_matrix": [
        [
          -0.112934,
          -0.54659,
          0.82975,
          5.953202
        ],
        [
          -0.988338,
          0.147647,
          -0.037258,
          2.750904
        ],
        [
          -0.102145,
          -0.824281,
          -0.55689,
          1.448902
        ],
        [
          0.0,
          0.0,
          0.0,
          1.0
        ]
      ]
    },
    {
      "file_path": "/media/NFS/ttao/scannet/posed_images/scene0221_01/00044.jpg",
      "transform_matrix": [
        [
          -0.139488,
          -0.559165,
          0.817237,
          5.9435
        ],
        [
          -0.984872,
          0.164035,
          -0.055865,
          2.750145
        ],
        [
          -0.102818,
          -0.812666,
          -0.573587,
          1.438622
        ],
        [
          0.0,
          0.0,
          0.0,
          1.0
        ]
      ]
    },
    {
      "file_path": "/media/NFS/ttao/scannet/posed_images/scene0221_01/00046.jpg",
      "transform_matrix": [
        [
          -0.159703,
          -0.566189,
          0.808656,
          5.934021
        ],
        [
          -0.982021,
          0.174644,
          -0.071662,
          2.751627
        ],
        [
          -0.100652,
          -0.805562,
          -0.583901,
          1.426723
        ],
        [
          0.0,
          0.0,
          0.0,
          1.0
        ]
      ]
    },
    {
      "file_path": "/media/NFS/ttao/scannet/posed_images/scene0221_01/00050.jpg",
      "transform_matrix": [
        [
          -0.189262,
          -0.592309,
          0.783167,
          5.931182
        ],
        [
          -0.976541,
          0.19696,
          -0.087032,
          2.72891
        ],
        [
          -0.102703,
          -0.781266,
          -0.615691,
          1.40899
        ],
        [
          0.0,
          0.0,
          0.0,
          1.0
        ]
      ]
    },
    {
      "file_path": "/media/NFS/ttao/scannet/posed_images/scene0221_01/00052.jpg",
      "transform_matrix": [
        [
          -0.213352,
          -0.598619,
          0.772098,
          5.925811
        ],
        [
          -0.971851,
          0.210878,
          -0.105052,
          2.727144
        ],
        [
          -0.099933,
          -0.772778,
          -0.62676,
          1.398402
        ],
        [
          0.0,
          0.0,
          0.0,
          1.0
        ]
      ]
    },
    {
      "file_path": "/media/NFS/ttao/scannet/posed_images/scene0221_01/00055.jpg",
      "transform_matrix": [
        [
          -0.277765,
          -0.593598,
          0.755306,
          5.927991
        ],
        [
          -0.956069,
          0.247503,
          -0.157082,
          2.72201
        ],
        [
          -0.093697,
          -0.765757,
          -0.636269,
          1.394299
        ],
        [
          0.0,
          0.0,
          0.0,
          1.0
        ]
      ]
    },
    {
      "file_path": "/media/NFS/ttao/scannet/posed_images/scene0221_01/00057.jpg",
      "transform_matrix": [
        [
          -0.327831,
          -0.585112,
          0.741734,
          5.924518
        ],
        [
          -0.940824,
          0.273573,
          -0.200019,
          2.710959
        ],
        [
          -0.085885,
          -0.763414,
          -0.640174,
          1.388607
        ],
        [
          0.0,
          0.0,
          0.0,
          1.0
        ]
      ]
    },
    {
      "file_path": "/media/NFS/ttao/scannet/posed_images/scene0221_01/00059.jpg",
      "transform_matrix": [
        [
          -0.387648,
          -0.570558,
          0.724011,
          5.920692
        ],
        [
          -0.918498,
          0.305569,
          -0.250976,
          2.698469
        ],
        [
          -0.078039,
          -0.762293,
          -0.64251,
          1.379307
        ],
        [
          0.0,
          0.0,
          0.0,
          1.0
        ]
      ]
    },
    {
      "file_path": "/media/NFS/ttao/scannet/posed_images/scene0221_01/00062.jpg",
      "transform_matrix": [
        [
          -0.458694,
          -0.555014,
          0.693944,
          5.890742
        ],
        [
          -0.886626,
          0.337813,
          -0.315874,
          2.648356
        ],
        [
          -0.059109,
          -0.760158,
          -0.647043,
          1.357158
        ],
        [
          0.0,
          0.0,
          0.0,
          1.0
        ]
      ]
    },
    {
      "file_path": "/media/NFS/ttao/scannet/posed_images/scene0221_01/00066.jpg",
      "transform_matrix": [
        [
          -0.582013,
          -0.516493,
          0.628089,
          5.8867
        ],
        [
          -0.811853,
          0.413159,
          -0.412546,
          2.592347
        ],
        [
          -0.046423,
          -0.750023,
          -0.65978,
          1.351755
        ],
        [
          0.0,
          0.0,
          0.0,
          1.0
        ]
      ]
    },
    {
      "file_path": "/media/NFS/ttao/scannet/posed_images/scene0221_01/00068.jpg",
      "transform_matrix": [
        [
          -0.634638,
          -0.497741,
          0.591174,
          5.883379
        ],
        [
          -0.771851,
          0.44633,
          -0.452809,
          2.559181
        ],
        [
          -0.038477,
          -0.743668,
          -0.667441,
          1.355327
        ],
        [
          0.0,
          0.0,
          0.0,
          1.0
        ]
      ]
    },
    {
      "file_path": "/media/NFS/ttao/scannet/posed_images/scene0221_01/00070.jpg",
      "transform_matrix": [
        [
          -0.701249,
          -0.458378,
          0.546021,
          5.896204
        ],
        [
          -0.712475,
          0.477552,
          -0.514125,
          2.54615
        ],
        [
          -0.02509,
          -0.749555,
          -0.661466,
          1.342613
        ],
        [
          0.0,
          0.0,
          0.0,
          1.0
        ]
      ]
    },
    {
      "file_path": "/media/NFS/ttao/scannet/posed_images/scene0221_01/00074.jpg",
      "transform_matrix": [
        [
          -0.797401,
          -0.384938,
          0.46473,
          5.903336
        ],
        [
          -0.603179,
          0.531479,
          -0.594731,
          2.498323
        ],
        [
          -0.018059,
          -0.754555,
          -0.655989,
          1.347356
        ],
        [
          0.0,
          0.0,
          0.0,
          1.0
        ]
      ]
    },
    {
      "file_path": "/media/NFS/ttao/scannet/posed_images/scene0221_01/00076.jpg",
      "transform_matrix": [
        [
          -0.836768,
          -0.342049,
          0.427577,
          5.907075
        ],
        [
          -0.54713,
          0.55317,
          -0.628213,
          2.475707
        ],
        [
          -0.021643,
          -0.759609,
          -0.65002,
          1.353395
        ],
        [
          0.0,
          0.0,
          0.0,
          1.0
        ]
      ]
    },
    {
      "file_path": "/media/NFS/ttao/scannet/posed_images/scene0221_01/00078.jpg",
      "transform_matrix": [
        [
          -0.870401,
          -0.296904,
          0.392747,
          5.910377
        ],
        [
          -0.491583,
          0.568411,
          -0.659739,
          2.456517
        ],
        [
          -0.027362,
          -0.767305,
          -0.640698,
          1.357262
        ],
        [
          0.0,
          0.0,
          0.0,
          1.0
        ]
      ]
    },
    {
      "file_path": "/media/NFS/ttao/scannet/posed_images/scene0221_01/00080.jpg",
      "transform_matrix": [
        [
          -0.888025,
          -0.252026,
          0.384569,
          5.889452
        ],
        [
          -0.45727,
          0.57161,
          -0.681298,
          2.425472
        ],
        [
          -0.048119,
          -0.780862,
          -0.622848,
          1.35989
        ],
        [
          0.0,
          0.0,
          0.0,
          1.0
        ]
      ]
    },
    {
      "file_path": "/media/NFS/ttao/scannet/posed_images/scene0221_01/00084.jpg",
      "transform_matrix": [
        [
          -0.93587,
          -0.156491,
          0.315684,
          5.893884
        ],
        [
          -0.34663,
          0.569619,
          -0.745239,
          2.392303
        ],
        [
          -0.063197,
          -0.806873,
          -0.587335,
          1.375139
        ],
        [
          0.0,
          0.0,
          0.0,
          1.0
        ]
      ]
    },
    {
      "file_path": "/media/NFS/ttao/scannet/posed_images/scene0221_01/00086.jpg",
      "transform_matrix": [
        [
          -0.951384,
          -0.118783,
          0.284179,
          5.895565
        ],
        [
          -0.300356,
          0.562129,
          -0.770582,
          2.376819
        ],
        [
          -0.068214,
          -0.818475,
          -0.570479,
          1.383748
        ],
        [
          0.0,
          0.0,
          0.0,
          1.0
        ]
      ]
    },
    {
      "file_path": "/media/NFS/ttao/scannet/posed_images/scene0221_01/00088.jpg",
      "transform_matrix": [
        [
          -0.963531,
          -0.089292,
          0.252257,
          5.89753
        ],
        [
          -0.258902,
          0.549384,
          -0.794447,
          2.364793
        ],
        [
          -0.067648,
          -0.830785,
          -0.552467,
          1.389407
        ],
        [
          0.0,
          0.0,
          0.0,
          1.0
        ]
      ]
    },
    {
      "file_path": "/media/NFS/ttao/scannet/posed_images/scene0221_01/00092.jpg",
      "transform_matrix": [
        [
          -0.976258,
          -0.047085,
          0.21143,
          5.881745
        ],
        [
          -0.203218,
          0.536972,
          -0.818757,
          2.337209
        ],
        [
          -0.074981,
          -0.842285,
          -0.533792,
          1.397052
        ],
        [
          0.0,
          0.0,
          0.0,
          1.0
        ]
      ]
    },
    {
      "file_path": "/media/NFS/ttao/scannet/posed_images/scene0221_01/00095.jpg",
      "transform_matrix": [
        [
          -0.982318,
          -0.022434,
          0.185868,
          5.881916
        ],
        [
          -0.169502,
          0.52812,
          -0.832081,
          2.313814
        ],
        [
          -0.079493,
          -0.848874,
          -0.522585,
          1.404524
        ],
        [
          0.0,
          0.0,
          0.0,
          1.0
        ]
      ]
    },
    {
      "file_path": "/media/NFS/ttao/scannet/posed_images/scene0221_01/00096.jpg",
      "transform_matrix": [
        [
          -0.983682,
          -0.018761,
          0.178933,
          5.880752
        ],
        [
          -0.162068,
          0.524249,
          -0.836001,
          2.303968
        ],
        [
          -0.078121,
          -0.851359,
          -0.518735,
          1.40654
        ],
        [
          0.0,
          0.0,
          0.0,
          1.0
        ]
      ]
    },
    {
      "file_path": "/media/NFS/ttao/scannet/posed_images/scene0221_01/00100.jpg",
      "transform_matrix": [
        [
          -0.985445,
          -0.003602,
          0.169954,
          5.871131
        ],
        [
          -0.147661,
          0.513484,
          -0.845299,
          2.264258
        ],
        [
          -0.084224,
          -0.858092,
          -0.506542,
          1.412845
        ],
        [
          0.0,
          0.0,
          0.0,
          1.0
        ]
      ]
    },
    {
      "file_path": "/media/NFS/ttao/scannet/posed_images/scene0221_01/00102.jpg",
      "transform_matrix": [
        [
          -0.984789,
          -8.8e-05,
          0.173752,
          5.861402
        ],
        [
          -0.150457,
          0.500595,
          -0.852507,
          2.241446
        ],
        [
          -0.086905,
          -0.865682,
          -0.492994,
          1.41756
        ],
        [
          0.0,
          0.0,
          0.0,
          1.0
        ]
      ]
    },
    {
      "file_path": "/media/NFS/ttao/scannet/posed_images/scene0221_01/00105.jpg",
      "transform_matrix": [
        [
          -0.984735,
          -0.006826,
          0.173928,
          5.849807
        ],
        [
          -0.15534,
          0.485276,
          -0.860452,
          2.208821
        ],
        [
          -0.07853,
          -0.874335,
          -0.478928,
          1.423029
        ],
        [
          0.0,
          0.0,
          0.0,
          1.0
        ]
      ]
    },
    {
      "file_path": "/media/NFS/ttao/scannet/posed_images/scene0221_01/00107.jpg",
      "transform_matrix": [
        [
          -0.985895,
          -0.008273,
          0.167161,
          5.84028
        ],
        [
          -0.151319,
          0.470814,
          -0.869159,
          2.182923
        ],
        [
          -0.071512,
          -0.882194,
          -0.465425,
          1.432867
        ],
        [
          0.0,
          0.0,
          0.0,
          1.0
        ]
      ]
    },
    {
      "file_path": "/media/NFS/ttao/scannet/posed_images/scene0221_01/00110.jpg",
      "transform_matrix": [
        [
          -0.987122,
          -0.002518,
          0.159946,
          5.819353
        ],
        [
          -0.145069,
          0.435442,
          -0.888451,
          2.155199
        ],
        [
          -0.06741,
          -0.900214,
          -0.4302,
          1.447087
        ],
        [
          0.0,
          0.0,
          0.0,
          1.0
        ]
      ]
    },
    {
      "file_path": "/media/NFS/ttao/scannet/posed_images/scene0221_01/00113.jpg",
      "transform_matrix": [
        [
          -0.987918,
          0.006112,
          0.154856,
          5.797594
        ],
        [
          -0.13954,
          0.399657,
          -0.905982,
          2.122818
        ],
        [
          -0.067427,
          -0.916644,
          -0.393976,
          1.470564
        ],
        [
          0.0,
          0.0,
          0.0,
          1.0
        ]
      ]
    },
    {
      "file_path": "/media/NFS/ttao/scannet/posed_images/scene0221_01/00116.jpg",
      "transform_matrix": [
        [
          -0.989183,
          0.024578,
          0.144613,
          5.779492
        ],
        [
          -0.125202,
          0.372217,
          -0.919663,
          2.100869
        ],
        [
          -0.076431,
          -0.92782,
          -0.365114,
          1.484759
        ],
        [
          0.0,
          0.0,
          0.0,
          1.0
        ]
      ]
    },
    {
      "file_path": "/media/NFS/ttao/scannet/posed_images/scene0221_01/00117.jpg",
      "transform_matrix": [
        [
          -0.990037,
          0.027016,
          0.138192,
          5.77444
        ],
        [
          -0.118784,
          0.366779,
          -0.922694,
          2.092854
        ],
        [
          -0.075614,
          -0.929916,
          -0.359916,
          1.490847
        ],
        [
          0.0,
          0.0,
          0.0,
          1.0
        ]
      ]
    },
    {
      "file_path": "/media/NFS/ttao/scannet/posed_images/scene0221_01/00119.jpg",
      "transform_matrix": [
        [
          -0.992787,
          0.038471,
          0.113547,
          5.765865
        ],
        [
          -0.09248,
          0.356959,
          -0.929531,
          2.081346
        ],
        [
          -0.076292,
          -0.933328,
          -0.350826,
          1.497792
        ],
        [
          0.0,
          0.0,
          0.0,
          1.0
        ]
      ]
    },
    {
      "file_path": "/media/NFS/ttao/scannet/posed_images/scene0221_01/00122.jpg",
      "transform_matrix": [
        [
          -0.995829,
          0.064142,
          0.064882,
          5.746061
        ],
        [
          -0.037629,
          0.3591,
          -0.93254,
          2.068238
        ],
        [
          -0.083114,
          -0.931093,
          -0.355188,
          1.487964
        ],
        [
          0.0,
          0.0,
          0.0,
          1.0
        ]
      ]
    },
    {
      "file_path": "/media/NFS/ttao/scannet/posed_images/scene0221_01/00124.jpg",
      "transform_matrix": [
        [
          -0.996516,
          0.078669,
          0.027697,
          5.738501
        ],
        [
          0.004673,
          0.384241,
          -0.923221,
          2.056153
        ],
        [
          -0.083271,
          -0.919875,
          -0.38327,
          1.48223
        ],
        [
          0.0,
          0.0,
          0.0,
          1.0
        ]
      ]
    },
    {
      "file_path": "/media/NFS/ttao/scannet/posed_images/scene0221_01/00129.jpg",
      "transform_matrix": [
        [
          -0.986268,
          0.118907,
          -0.114616,
          5.706477
        ],
        [
          0.151776,
          0.378956,
          -0.912884,
          2.021718
        ],
        [
          -0.065114,
          -0.917744,
          -0.391799,
          1.494672
        ],
        [
          0.0,
          0.0,
          0.0,
          1.0
        ]
      ]
    },
    {
      "file_path": "/media/NFS/ttao/scannet/posed_images/scene0221_01/00131.jpg",
      "transform_matrix": [
        [
          -0.979706,
          0.124234,
          -0.157297,
          5.652225
        ],
        [
          0.191865,
          0.354159,
          -0.915292,
          2.003734
        ],
        [
          -0.058003,
          -0.926897,
          -0.370807,
          1.49999
        ],
        [
          0.0,
          0.0,
          0.0,
          1.0
        ]
      ]
    },
    {
      "file_path": "/media/NFS/ttao/scannet/posed_images/scene0221_01/00132.jpg",
      "transform_matrix": [
        [
          -0.972186,
          0.12924,
          -0.195322,
          5.653742
        ],
        [
          0.228455,
          0.339572,
          -0.912414,
          1.992735
        ],
        [
          -0.051594,
          -0.931659,
          -0.359653,
          1.50873
        ],
        [
          0.0,
          0.0,
          0.0,
          1.0
        ]
      ]
    },
    {
      "file_path": "/media/NFS/ttao/scannet/posed_images/scene0221_01/00136.jpg",
      "transform_matrix": [
        [
          -0.937167,
          0.136107,
          -0.321236,
          5.663881
        ],
        [
          0.34692,
          0.266079,
          -0.89936,
          1.965689
        ],
        [
          -0.036936,
          -0.954294,
          -0.296579,
          1.522346
        ],
        [
          0.0,
          0.0,
          0.0,
          1.0
        ]
      ]
    },
    {
      "file_path": "/media/NFS/ttao/scannet/posed_images/scene0221_01/00138.jpg",
      "transform_matrix": [
        [
          -0.918582,
          0.135767,
          -0.371179,
          5.666524
        ],
        [
          0.393917,
          0.238001,
          -0.887798,
          1.95225
        ],
        [
          -0.032193,
          -0.961729,
          -0.272105,
          1.536765
        ],
        [
          0.0,
          0.0,
          0.0,
          1.0
        ]
      ]
    },
    {
      "file_path": "/media/NFS/ttao/scannet/posed_images/scene0221_01/00142.jpg",
      "transform_matrix": [
        [
          -0.892929,
          0.158554,
          -0.421353,
          5.593277
        ],
        [
          0.446017,
          0.184305,
          -0.875843,
          1.949883
        ],
        [
          -0.061211,
          -0.969996,
          -0.235289,
          1.58423
        ],
        [
          0.0,
          0.0,
          0.0,
          1.0
        ]
      ]
    },
    {
      "file_path": "/media/NFS/ttao/scannet/posed_images/scene0221_01/00144.jpg",
      "transform_matrix": [
        [
          -0.874464,
          0.160873,
          -0.457637,
          5.594183
        ],
        [
          0.48061,
          0.159404,
          -0.862325,
          1.943509
        ],
        [
          -0.065776,
          -0.974018,
          -0.21671,
          1.589724
        ],
        [
          0.0,
          0.0,
          0.0,
          1.0
        ]
      ]
    },
    {
      "file_path": "/media/NFS/ttao/scannet/posed_images/scene0221_01/00147.jpg",
      "transform_matrix": [
        [
          -0.842039,
          0.172921,
          -0.510948,
          5.594257
        ],
        [
          0.533289,
          0.124512,
          -0.836719,
          1.940384
        ],
        [
          -0.081067,
          -0.977034,
          -0.197061,
          1.595393
        ],
        [
          0.0,
          0.0,
          0.0,
          1.0
        ]
      ]
    },
    {
      "file_path": "/media/NFS/ttao/scannet/posed_images/scene0221_01/00149.jpg",
      "transform_matrix": [
        [
          -0.817683,
          0.17478,
          -0.548494,
          5.595189
        ],
        [
          0.569096,
          0.101856,
          -0.815938,
          1.935667
        ],
        [
          -0.086743,
          -0.979325,
          -0.182752,
          1.600669
        ],
        [
          0.0,
          0.0,
          0.0,
          1.0
        ]
      ]
    },
    {
      "file_path": "/media/NFS/ttao/scannet/posed_images/scene0221_01/00151.jpg",
      "transform_matrix": [
        [
          -0.808688,
          0.186184,
          -0.557995,
          5.574423
        ],
        [
          0.579974,
          0.093924,
          -0.809202,
          1.935852
        ],
        [
          -0.098251,
          -0.978015,
          -0.183937,
          1.629374
        ],
        [
          0.0,
          0.0,
          0.0,
          1.0
        ]
      ]
    },
    {
      "file_path": "/media/NFS/ttao/scannet/posed_images/scene0221_01/00154.jpg",
      "transform_matrix": [
        [
          -0.807619,
          0.187779,
          -0.559008,
          5.566123
        ],
        [
          0.577665,
          0.061345,
          -0.813966,
          1.943471
        ],
        [
          -0.118554,
          -0.980294,
          -0.158017,
          1.651886
        ],
        [
          0.0,
          0.0,
          0.0,
          1.0
        ]
      ]
    },
    {
      "file_path": "/media/NFS/ttao/scannet/posed_images/scene0221_01/00156.jpg",
      "transform_matrix": [
        [
          -0.810584,
          0.180646,
          -0.557063,
          5.558003
        ],
        [
          0.57223,
          0.042064,
          -0.819014,
          1.9531
        ],
        [
          -0.124519,
          -0.982648,
          -0.137468,
          1.65797
        ],
        [
          0.0,
          0.0,
          0.0,
          1.0
        ]
      ]
    },
    {
      "file_path": "/media/NFS/ttao/scannet/posed_images/scene0221_01/00159.jpg",
      "transform_matrix": [
        [
          -0.819142,
          0.171775,
          -0.547266,
          5.541306
        ],
        [
          0.55938,
          0.028172,
          -0.828432,
          1.9727
        ],
        [
          -0.126887,
          -0.984733,
          -0.119165,
          1.663987
        ],
        [
          0.0,
          0.0,
          0.0,
          1.0
        ]
      ]
    },
    {
      "file_path": "/media/NFS/ttao/scannet/posed_images/scene0221_01/00161.jpg",
      "transform_matrix": [
        [
          -0.831117,
          0.164734,
          -0.531137,
          5.536653
        ],
        [
          0.543019,
          0.034489,
          -0.839012,
          1.994414
        ],
        [
          -0.119895,
          -0.985735,
          -0.118118,
          1.647261
        ],
        [
          0.0,
          0.0,
          0.0,
          1.0
        ]
      ]
    },
    {
      "file_path": "/media/NFS/ttao/scannet/posed_images/scene0221_01/00165.jpg",
      "transform_matrix": [
        [
          -0.845703,
          0.191354,
          -0.498166,
          5.50814
        ],
        [
          0.517759,
          0.068081,
          -0.852813,
          2.04126
        ],
        [
          -0.129273,
          -0.979157,
          -0.156651,
          1.618288
        ],
        [
          0.0,
          0.0,
          0.0,
          1.0
        ]
      ]
    },
    {
      "file_path": "/media/NFS/ttao/scannet/posed_images/scene0221_01/00166.jpg",
      "transform_matrix": [
        [
          -0.848088,
          0.19881,
          -0.491142,
          5.497059
        ],
        [
          0.514205,
          0.085197,
          -0.853426,
          2.055706
        ],
        [
          -0.127826,
          -0.976328,
          -0.174483,
          1.609336
        ],
        [
          0.0,
          0.0,
          0.0,
          1.0
        ]
      ]
    },
    {
      "file_path": "/media/NFS/ttao/scannet/posed_images/scene0221_01/00169.jpg",
      "transform_matrix": [
        [
          -0.849257,
          0.203209,
          -0.487308,
          5.478856
        ],
        [
          0.518381,
          0.145722,
          -0.842643,
          2.098789
        ],
        [
          -0.100221,
          -0.968231,
          -0.229095,
          1.573064
        ],
        [
          0.0,
          0.0,
          0.0,
          1.0
        ]
      ]
    },
    {
      "file_path": "/media/NFS/ttao/scannet/posed_images/scene0221_01/00171.jpg",
      "transform_matrix": [
        [
          -0.84595,
          0.198387,
          -0.494987,
          5.468448
        ],
        [
          0.528402,
          0.186798,
          -0.82819,
          2.128572
        ],
        [
          -0.07184,
          -0.962159,
          -0.26285,
          1.528991
        ],
        [
          0.0,
          0.0,
          0.0,
          1.0
        ]
      ]
    },
    {
      "file_path": "/media/NFS/ttao/scannet/posed_images/scene0221_01/00175.jpg",
      "transform_matrix": [
        [
          -0.834831,
          0.209027,
          -0.50928,
          5.447663
        ],
        [
          0.549438,
          0.258738,
          -0.794464,
          2.177185
        ],
        [
          -0.034295,
          -0.943061,
          -0.330849,
          1.485814
        ],
        [
          0.0,
          0.0,
          0.0,
          1.0
        ]
      ]
    },
    {
      "file_path": "/media/NFS/ttao/scannet/posed_images/scene0221_01/00177.jpg",
      "transform_matrix": [
        [
          -0.831611,
          0.211184,
          -0.513638,
          5.435914
        ],
        [
          0.555088,
          0.28724,
          -0.780622,
          2.202519
        ],
        [
          -0.017317,
          -0.934289,
          -0.356097,
          1.461066
        ],
        [
          0.0,
          0.0,
          0.0,
          1.0
        ]
      ]
    },
    {
      "file_path": "/media/NFS/ttao/scannet/posed_images/scene0221_01/00179.jpg",
      "transform_matrix": [
        [
          -0.827404,
          0.224673,
          -0.514709,
          5.420164
        ],
        [
          0.561457,
          0.30963,
          -0.767396,
          2.22177
        ],
        [
          -0.013044,
          -0.923933,
          -0.382333,
          1.444357
        ],
        [
          0.0,
          0.0,
          0.0,
          1.0
        ]
      ]
    },
    {
      "file_path": "/media/NFS/ttao/scannet/posed_images/scene0221_01/00182.jpg",
      "transform_matrix": [
        [
          -0.813366,
          0.250877,
          -0.524878,
          5.407909
        ],
        [
          0.581659,
          0.334549,
          -0.741451,
          2.247707
        ],
        [
          -0.010416,
          -0.908371,
          -0.418036,
          1.417078
        ],
        [
          0.0,
          0.0,
          0.0,
          1.0
        ]
      ]
    },
    {
      "file_path": "/media/NFS/ttao/scannet/posed_images/scene0221_01/00186.jpg",
      "transform_matrix": [
        [
          -0.793507,
          0.278118,
          -0.541292,
          5.371083
        ],
        [
          0.608477,
          0.347806,
          -0.713293,
          2.264802
        ],
        [
          -0.010115,
          -0.895366,
          -0.445215,
          1.399524
        ],
        [
          0.0,
          0.0,
          0.0,
          1.0
        ]
      ]
    },
    {
      "file_path": "/media/NFS/ttao/scannet/posed_images/scene0221_01/00188.jpg",
      "transform_matrix": [
        [
          -0.785503,
          0.29007,
          -0.546666,
          5.349438
        ],
        [
          0.618682,
          0.34706,
          -0.704828,
          2.269432
        ],
        [
          -0.014723,
          -0.891857,
          -0.452078,
          1.394507
        ],
        [
          0.0,
          0.0,
          0.0,
          1.0
        ]
      ]
    },
    {
      "file_path": "/media/NFS/ttao/scannet/posed_images/scene0221_01/00189.jpg",
      "transform_matrix": [
        [
          -0.780994,
          0.294511,
          -0.550738,
          5.336791
        ],
        [
          0.62433,
          0.345352,
          -0.700674,
          2.272024
        ],
        [
          -0.016157,
          -0.891064,
          -0.45359,
          1.391266
        ],
        [
          0.0,
          0.0,
          0.0,
          1.0
        ]
      ]
    },
    {
      "file_path": "/media/NFS/ttao/scannet/posed_images/scene0221_01/00194.jpg",
      "transform_matrix": [
        [
          -0.75682,
          0.309473,
          -0.575716,
          5.285963
        ],
        [
          0.65355,
          0.345111,
          -0.673626,
          2.256197
        ],
        [
          -0.009783,
          -0.886073,
          -0.463442,
          1.385641
        ],
        [
          0.0,
          0.0,
          0.0,
          1.0
        ]
      ]
    },
    {
      "file_path": "/media/NFS/ttao/scannet/posed_images/scene0221_01/00195.jpg",
      "transform_matrix": [
        [
          -0.755256,
          0.308671,
          -0.578196,
          5.273676
        ],
        [
          0.655359,
          0.342589,
          -0.673156,
          2.252922
        ],
        [
          -0.0097,
          -0.88733,
          -0.461033,
          1.386531
        ],
        [
          0.0,
          0.0,
          0.0,
          1.0
        ]
      ]
    },
    {
      "file_path": "/media/NFS/ttao/scannet/posed_images/scene0221_01/00197.jpg",
      "transform_matrix": [
        [
          -0.756221,
          0.305594,
          -0.578569,
          5.237717
        ],
        [
          0.65425,
          0.340496,
          -0.675293,
          2.248423
        ],
        [
          -0.009365,
          -0.889199,
          -0.457424,
          1.3946
        ],
        [
          0.0,
          0.0,
          0.0,
          1.0
        ]
      ]
    },
    {
      "file_path": "/media/NFS/ttao/scannet/posed_images/scene0221_01/00200.jpg",
      "transform_matrix": [
        [
          -0.748375,
          0.287062,
          -0.597938,
          5.215435
        ],
        [
          0.663261,
          0.317863,
          -0.677532,
          2.230133
