{
  "frames": [
    {
      "file_path": "/media/NFS/ttao/scannet/posed_images/scene0448_01/00000.jpg",
      "transform_matrix": [
        [
          -0.220287,
          -0.640286,
          0.735872,
          0.750105
        ],
        [
          -0.974975,
          0.121352,
          -0.186274,
          2.662038
        ],
        [
          0.02997,
          -0.75849,
          -0.650995,
          1.321096
        ],
        [
          0.0,
          0.0,
          0.0,
          1.0
        ]
      ]
    },
    {
      "file_path": "/media/NFS/ttao/scannet/posed_images/scene0448_01/00008.jpg",
      "transform_matrix": [
        [
          -0.133983,
          -0.603975,
          0.785661,
          0.738172
        ],
        [
          -0.990877,
          0.069985,
          -0.115178,
          2.676227
        ],
        [
          0.01458,
          -0.793925,
          -0.607841,
          1.364877
        ],
        [
          0.0,
          0.0,
          0.0,
          1.0
        ]
      ]
    },
    {
      "file_path": "/media/NFS/ttao/scannet/posed_images/scene0448_01/00021.jpg",
      "transform_matrix": [
        [
          -0.075751,
          -0.515085,
          0.853785,
          0.714025
        ],
        [
          -0.997124,
          0.037025,
          -0.066132,
          2.650096
        ],
        [
          0.002452,
          -0.856339,
          -0.516408,
          1.403026
        ],
        [
          0.0,
          0.0,
          0.0,
          1.0
        ]
      ]
    },
    {
      "file_path": "/media/NFS/ttao/scannet/posed_images/scene0448_01/00026.jpg",
      "transform_matrix": [
        [
          -0.06779,
          -0.492952,
          0.867412,
          0.710329
        ],
        [
          -0.997696,
          0.036013,
          -0.057506,
          2.642
        ],
        [
          -0.00289,
          -0.869311,
          -0.494257,
          1.415629
        ],
        [
          0.0,
          0.0,
          0.0,
          1.0
        ]
      ]
    },
    {
      "file_path": "/media/NFS/ttao/scannet/posed_images/scene0448_01/00036.jpg",
      "transform_matrix": [
        [
          -0.05048,
          -0.447275,
          0.892971,
          0.705429
        ],
        [
          -0.998613,
          0.036021,
          -0.03841,
          2.620155
        ],
        [
          -0.014986,
          -0.893671,
          -0.448473,
          1.435063
        ],
        [
          0.0,
          0.0,
          0.0,
          1.0
        ]
      ]
    },
    {
      "file_path": "/media/NFS/ttao/scannet/posed_images/scene0448_01/00042.jpg",
      "transform_matrix": [
        [
          -0.035468,
          -0.422873,
          0.905495,
          0.70898
        ],
        [
          -0.999143,
          0.034351,
          -0.023094,
          2.601536
        ],
        [
          -0.021339,
          -0.905538,
          -0.423729,
          1.441815
        ],
        [
          0.0,
          0.0,
          0.0,
          1.0
        ]
      ]
    },
    {
      "file_path": "/media/NFS/ttao/scannet/posed_images/scene0448_01/00050.jpg",
      "transform_matrix": [
        [
          -0.007904,
          -0.378984,
          0.925369,
          0.716647
        ],
        [
          -0.999818,
          0.019087,
          -0.000722,
          2.579656
        ],
        [
          -0.017389,
          -0.925206,
          -0.379066,
          1.448175
        ],
        [
          0.0,
          0.0,
          0.0,
          1.0
        ]
      ]
    },
    {
      "file_path": "/media/NFS/ttao/scannet/posed_images/scene0448_01/00065.jpg",
      "transform_matrix": [
        [
          -0.069391,
          -0.295958,
          0.952677,
          0.774897
        ],
        [
          -0.997526,
          0.031414,
          -0.062898,
          2.599033
        ],
        [
          -0.011312,
          -0.954684,
          -0.297406,
          1.474448
        ],
        [
          0.0,
          0.0,
          0.0,
          1.0
        ]
      ]
    },
    {
      "file_path": "/media/NFS/ttao/scannet/posed_images/scene0448_01/00073.jpg",
      "transform_matrix": [
        [
          -0.106297,
          -0.254324,
          0.96126,
          0.809037
        ],
        [
          -0.994296,
          0.035752,
          -0.100491,
          2.63462
        ],
        [
          -0.00881,
          -0.966458,
          -0.256673,
          1.47829
        ],
        [
          0.0,
          0.0,
          0.0,
          1.0
        ]
      ]
    },
    {
      "file_path": "/media/NFS/ttao/scannet/posed_images/scene0448_01/00076.jpg",
      "transform_matrix": [
        [
          -0.117458,
          -0.248549,
          0.961471,
          0.817897
        ],
        [
          -0.993067,
          0.033973,
          -0.112535,
          2.645755
        ],
        [
          -0.004694,
          -0.968023,
          -0.250817,
          1.483914
        ],
        [
          0.0,
          0.0,
          0.0,
          1.0
        ]
      ]
    },
    {
      "file_path": "/media/NFS/ttao/scannet/posed_images/scene0448_01/00086.jpg",
      "transform_matrix": [
        [
          -0.169388,
          -0.216837,
          0.9614,
          0.843035
        ],
        [
          -0.984659,
          -0.004226,
          -0.174439,
          2.665936
        ],
        [
          0.041888,
          -0.976199,
          -0.212795,
          1.483651
        ],
        [
          0.0,
          0.0,
          0.0,
          1.0
        ]
      ]
    },
    {
      "file_path": "/media/NFS/ttao/scannet/posed_images/scene0448_01/00094.jpg",
      "transform_matrix": [
        [
          -0.192152,
          -0.180102,
          0.964697,
          0.858274
        ],
        [
          -0.980002,
          -0.016583,
          -0.198296,
          2.667027
        ],
        [
          0.051711,
          -0.983508,
          -0.173314,
          1.513218
        ],
        [
          0.0,
          0.0,
          0.0,
          1.0
        ]
      ]
    },
    {
      "file_path": "/media/NFS/ttao/scannet/posed_images/scene0448_01/00109.jpg",
      "transform_matrix": [
        [
          -0.241868,
          -0.12067,
          0.962777,
          0.859391
        ],
        [
          -0.969169,
          -0.018046,
          -0.245735,
          2.637586
        ],
        [
          0.047027,
          -0.992529,
          -0.112585,
          1.538388
        ],
        [
          0.0,
          0.0,
          0.0,
          1.0
        ]
      ]
    },
    {
      "file_path": "/media/NFS/ttao/scannet/posed_images/scene0448_01/00117.jpg",
      "transform_matrix": [
        [
          -0.256504,
          -0.085019,
          0.962797,
          0.855077
        ],
        [
          -0.966215,
          -0.003401,
          -0.257715,
          2.629411
        ],
        [
          0.025186,
          -0.996374,
          -0.081275,
          1.538963
        ],
        [
          0.0,
          0.0,
          0.0,
          1.0
        ]
      ]
    },
    {
      "file_path": "/media/NFS/ttao/scannet/posed_images/scene0448_01/00120.jpg",
      "transform_matrix": [
        [
          -0.252675,
          -0.083964,
          0.963901,
          0.85386
        ],
        [
          -0.967347,
          0.001419,
          -0.253454,
          2.626248
        ],
        [
          0.019913,
          -0.996468,
          -0.081581,
          1.535051
        ],
        [
          0.0,
          0.0,
          0.0,
          1.0
        ]
      ]
    },
    {
      "file_path": "/media/NFS/ttao/scannet/posed_images/scene0448_01/00130.jpg",
      "transform_matrix": [
        [
          -0.254663,
          -0.112618,
          0.96045,
          0.849522
        ],
        [
          -0.96703,
          0.029411,
          -0.252959,
          2.629189
        ],
        [
          0.00024,
          -0.993203,
          -0.116395,
          1.525439
        ],
        [
          0.0,
          0.0,
          0.0,
          1.0
        ]
      ]
    },
    {
      "file_path": "/media/NFS/ttao/scannet/posed_images/scene0448_01/00143.jpg",
      "transform_matrix": [
        [
          -0.297499,
          -0.20762,
          0.931873,
          0.845267
        ],
        [
          -0.954608,
          0.07981,
          -0.286975,
          2.646806
        ],
        [
          -0.014791,
          -0.974948,
          -0.22194,
          1.495673
        ],
        [
          0.0,
          0.0,
          0.0,
          1.0
        ]
      ]
    },
    {
      "file_path": "/media/NFS/ttao/scannet/posed_images/scene0448_01/00146.jpg",
      "transform_matrix": [
        [
          -0.297839,
          -0.22789,
          0.927016,
          0.842609
        ],
        [
          -0.954489,
          0.086967,
          -0.285287,
          2.649632
        ],
        [
          -0.015606,
          -0.969795,
          -0.24342,
          1.487177
        ],
        [
          0.0,
          0.0,
          0.0,
          1.0
        ]
      ]
    },
    {
      "file_path": "/media/NFS/ttao/scannet/posed_images/scene0448_01/00162.jpg",
      "transform_matrix": [
        [
          -0.219818,
          -0.389442,
          0.894436,
          0.822315
        ],
        [
          -0.975506,
          0.095522,
          -0.198151,
          2.634082
        ],
        [
          -0.00827,
          -0.916084,
          -0.400901,
          1.446717
        ],
        [
          0.0,
          0.0,
          0.0,
          1.0
        ]
      ]
    },
    {
      "file_path": "/media/NFS/ttao/scannet/posed_images/scene0448_01/00164.jpg",
      "transform_matrix": [
        [
          -0.212044,
          -0.417169,
          0.883746,
          0.819516
        ],
        [
          -0.977238,
          0.096617,
          -0.188869,
          2.632454
        ],
        [
          -0.006595,
          -0.903679,
          -0.428161,
          1.438264
        ],
        [
          0.0,
          0.0,
          0.0,
          1.0
        ]
      ]
    },
    {
      "file_path": "/media/NFS/ttao/scannet/posed_images/scene0448_01/00172.jpg",
      "transform_matrix": [
        [
          -0.181193,
          -0.501443,
          0.846005,
          0.815784
        ],
        [
          -0.9833,
          0.107301,
          -0.146999,
          2.631804
        ],
        [
          -0.017066,
          -0.858511,
          -0.51251,
          1.414688
        ],
        [
          0.0,
          0.0,
          0.0,
          1.0
        ]
      ]
    },
    {
      "file_path": "/media/NFS/ttao/scannet/posed_images/scene0448_01/00185.jpg",
      "transform_matrix": [
        [
          -0.200745,
          -0.628655,
          0.751329,
          0.822705
        ],
        [
          -0.979161,
          0.152827,
          -0.133745,
          2.619662
        ],
        [
          -0.030744,
          -0.76252,
          -0.646233,
          1.371267
        ],
        [
          0.0,
          0.0,
          0.0,
          1.0
        ]
      ]
    },
    {
      "file_path": "/media/NFS/ttao/scannet/posed_images/scene0448_01/00195.jpg",
      "transform_matrix": [
        [
          -0.242141,
          -0.658011,
          0.713014,
          0.836755
        ],
        [
          -0.969972,
          0.181473,
          -0.161931,
          2.602573
        ],
        [
          -0.02284,
          -0.730814,
          -0.682195,
          1.356404
        ],
        [
          0.0,
          0.0,
          0.0,
          1.0
        ]
      ]
    },
    {
      "file_path": "/media/NFS/ttao/scannet/posed_images/scene0448_01/00201.jpg",
      "transform_matrix": [
        [
          -0.251862,
          -0.644606,
          0.721837,
          0.837384
        ],
        [
          -0.967158,
          0.194038,
          -0.164182,
          2.596627
        ],
        [
          -0.034231,
          -0.739481,
          -0.672306,
          1.340649
        ],
        [
          0.0,
          0.0,
          0.0,
          1.0
        ]
      ]
    },
    {
      "file_path": "/media/NFS/ttao/scannet/posed_images/scene0448_01/00208.jpg",
      "transform_matrix": [
        [
          -0.247114,
          -0.652127,
          0.716705,
          0.833749
        ],
        [
          -0.96892,
          0.174992,
          -0.174851,
          2.588756
        ],
        [
          -0.011393,
          -0.737637,
          -0.675101,
          1.289503
        ],
        [
          0.0,
          0.0,
          0.0,
          1.0
        ]
      ]
    },
    {
      "file_path": "/media/NFS/ttao/scannet/posed_images/scene0448_01/00219.jpg",
      "transform_matrix": [
        [
          -0.128816,
          -0.657065,
          0.742746,
          0.814674
        ],
        [
          -0.991123,
          0.110146,
          -0.074453,
          2.56533
        ],
        [
          -0.03289,
          -0.745743,
          -0.665421,
          1.133684
        ],
        [
          0.0,
          0.0,
          0.0,
          1.0
        ]
      ]
    },
    {
      "file_path": "/media/NFS/ttao/scannet/posed_images/scene0448_01/00227.jpg",
      "transform_matrix": [
        [
          -0.081349,
          -0.674311,
          0.733953,
          0.782142
        ],
        [
          -0.99236,
          0.123334,
          0.003321,
          2.543233
        ],
        [
          -0.092761,
          -0.728076,
          -0.679192,
          0.960034
        ],
        [
          0.0,
          0.0,
          0.0,
          1.0
        ]
      ]
    },
    {
      "file_path": "/media/NFS/ttao/scannet/posed_images/scene0448_01/00232.jpg",
      "transform_matrix": [
        [
          -0.062915,
          -0.710363,
          0.701018,
          0.776833
        ],
        [
          -0.992146,
          0.120608,
          0.033173,
          2.549461
        ],
        [
          -0.108113,
          -0.693425,
          -0.712372,
          0.913873
        ],
        [
          0.0,
          0.0,
          0.0,
          1.0
        ]
      ]
    },
    {
      "file_path": "/media/NFS/ttao/scannet/posed_images/scene0448_01/00248.jpg",
      "transform_matrix": [
        [
          -0.17142,
          -0.661431,
          0.730153,
          0.781812
        ],
        [
          -0.983399,
          0.159649,
          -0.086252,
          2.510729
        ],
        [
          -0.059519,
          -0.732817,
          -0.677818,
          1.00974
        ],
        [
          0.0,
          0.0,
          0.0,
          1.0
        ]
      ]
    },
    {
      "file_path": "/media/NFS/ttao/scannet/posed_images/scene0448_01/00253.jpg",
      "transform_matrix": [
        [
          -0.200188,
          -0.667689,
          0.717019,
          0.79089
        ],
        [
          -0.979411,
          0.155844,
          -0.128324,
          2.517552
        ],
        [
          -0.026063,
          -0.727945,
          -0.68514,
          1.035999
        ],
        [
          0.0,
          0.0,
          0.0,
          1.0
        ]
      ]
    },
    {
      "file_path": "/media/NFS/ttao/scannet/posed_images/scene0448_01/00263.jpg",
      "transform_matrix": [
        [
          -0.282356,
          -0.655865,
          0.700083,
          0.810914
        ],
        [
          -0.959275,
          0.186827,
          -0.211865,
          2.530267
        ],
        [
          0.00816,
          -0.731393,
          -0.681907,
          1.099723
        ],
        [
          0.0,
          0.0,
          0.0,
          1.0
        ]
      ]
    },
    {
      "file_path": "/media/NFS/ttao/scannet/posed_images/scene0448_01/00274.jpg",
      "transform_matrix": [
        [
          -0.376027,
          -0.646261,
          0.664041,
          0.840685
        ],
        [
          -0.925844,
          0.232927,
          -0.297588,
          2.54826
        ],
        [
          0.037647,
          -0.726699,
          -0.685924,
          1.149397
        ],
        [
          0.0,
          0.0,
          0.0,
          1.0
        ]
      ]
    },
    {
      "file_path": "/media/NFS/ttao/scannet/posed_images/scene0448_01/00279.jpg",
      "transform_matrix": [
        [
          -0.420335,
          -0.646391,
          0.636786,
          0.859569
        ],
        [
          -0.906883,
          0.276295,
          -0.318159,
          2.554324
        ],
        [
          0.029714,
          -0.711224,
          -0.702338,
          1.167466
        ],
        [
          0.0,
          0.0,
          0.0,
          1.0
        ]
      ]
    },
    {
      "file_path": "/media/NFS/ttao/scannet/posed_images/scene0448_01/00289.jpg",
      "transform_matrix": [
        [
          -0.470979,
          -0.654756,
          0.591163,
          0.885152
        ],
        [
          -0.880392,
          0.306662,
          -0.361758,
          2.553343
        ],
        [
          0.055576,
          -0.690836,
          -0.720873,
          1.191396
        ],
        [
          0.0,
          0.0,
          0.0,
          1.0
        ]
      ]
    },
    {
      "file_path": "/media/NFS/ttao/scannet/posed_images/scene0448_01/00297.jpg",
      "transform_matrix": [
        [
          -0.485722,
          -0.658577,
          0.574761,
          0.908826
        ],
        [
          -0.872064,
          0.3201,
          -0.370189,
          2.526262
        ],
        [
          0.059817,
          -0.681037,
          -0.729801,
          1.213369
        ],
        [
          0.0,
          0.0,
          0.0,
          1.0
        ]
      ]
    },
    {
      "file_path": "/media/NFS/ttao/scannet/posed_images/scene0448_01/00308.jpg",
      "transform_matrix": [
        [
          -0.455847,
          -0.668341,
          0.587812,
          0.928812
        ],
        [
          -0.889901,
          0.329802,
          -0.315131,
          2.485341
        ],
        [
          0.016753,
          -0.666746,
          -0.745096,
          1.237145
        ],
        [
          0.0,
          0.0,
          0.0,
          1.0
        ]
      ]
    },
    {
      "file_path": "/media/NFS/ttao/scannet/posed_images/scene0448_01/00310.jpg",
      "transform_matrix": [
        [
          -0.453127,
          -0.668986,
          0.58918,
          0.930395
        ],
        [
          -0.891359,
          0.3308,
          -0.309919,
          2.480704
        ],
        [
          0.012431,
          -0.665604,
          -0.746202,
          1.23817
        ],
        [
          0.0,
          0.0,
          0.0,
          1.0
        ]
      ]
    },
    {
      "file_path": "/media/NFS/ttao/scannet/posed_images/scene0448_01/00323.jpg",
      "transform_matrix": [
        [
          -0.506331,
          -0.654867,
          0.56105,
          0.948098
        ],
        [
          -0.862024,
          0.366776,
          -0.349844,
          2.469589
        ],
        [
          0.023321,
          -0.660775,
          -0.750221,
          1.243604
        ],
        [
          0.0,
          0.0,
          0.0,
          1.0
        ]
      ]
    },
    {
      "file_path": "/media/NFS/ttao/scannet/posed_images/scene0448_01/00331.jpg",
      "transform_matrix": [
        [
          -0.511965,
          -0.623573,
          0.590803,
          0.958358
        ],
        [
          -0.858681,
          0.352569,
          -0.371971,
          2.478023
        ],
        [
          0.023652,
          -0.697747,
          -0.715954,
          1.266184
        ],
        [
          0.0,
          0.0,
          0.0,
          1.0
        ]
      ]
    },
    {
      "file_path": "/media/NFS/ttao/scannet/posed_images/scene0448_01/00341.jpg",
      "transform_matrix": [
        [
          -0.508258,
          -0.614662,
          0.603212,
          0.962203
        ],
        [
          -0.859857,
          0.323018,
          -0.395354,
          2.492878
        ],
        [
          0.04816,
          -0.719618,
          -0.692698,
          1.272237
        ],
        [
          0.0,
          0.0,
          0.0,
          1.0
        ]
      ]
    },
    {
      "file_path": "/media/NFS/ttao/scannet/posed_images/scene0448_01/00352.jpg",
      "transform_matrix": [
        [
          -0.545265,
          -0.648237,
          0.531483,
          0.981207
        ],
        [
          -0.83163,
          0.338712,
          -0.440075,
          2.492229
        ],
        [
          0.105253,
          -0.681955,
          -0.723781,
          1.268377
        ],
        [
          0.0,
          0.0,
          0.0,
          1.0
        ]
      ]
    },
    {
      "file_path": "/media/NFS/ttao/scannet/posed_images/scene0448_01/00357.jpg",
      "transform_matrix": [
        [
          -0.54624,
          -0.630512,
          0.551431,
          0.984132
        ],
        [
          -0.833759,
          0.346065,
          -0.430216,
          2.49016
        ],
        [
          0.080425,
          -0.694761,
          -0.71473,
          1.271071
        ],
        [
          0.0,
          0.0,
          0.0,
          1.0
        ]
      ]
    },
    {
      "file_path": "/media/NFS/ttao/scannet/posed_images/scene0448_01/00367.jpg",
      "transform_matrix": [
        [
          -0.521377,
          -0.655647,
          0.546162,
          0.984433
        ],
        [
          -0.851485,
          0.357701,
          -0.383438,
          2.483733
        ],
        [
          0.056038,
          -0.664964,
          -0.74477,
          1.267761
        ],
        [
          0.0,
          0.0,
          0.0,
          1.0
        ]
      ]
    },
    {
      "file_path": "/media/NFS/ttao/scannet/posed_images/scene0448_01/00378.jpg",
      "transform_matrix": [
        [
          -0.470465,
          -0.66786,
          0.576736,
          0.981379
        ],
        [
          -0.881274,
          0.322328,
          -0.345632,
          2.486457
        ],
        [
          0.044936,
          -0.67087,
          -0.740212,
          1.273479
        ],
        [
          0.0,
          0.0,
          0.0,
          1.0
        ]
      ]
    },
    {
      "file_path": "/media/NFS/ttao/scannet/posed_images/scene0448_01/00380.jpg",
      "transform_matrix": [
        [
          -0.463705,
          -0.66954,
          0.580253,
          0.977952
        ],
        [
          -0.884711,
          0.314738,
          -0.343841,
          2.487667
        ],
        [
          0.047588,
          -0.672797,
          -0.738295,
          1.271599
        ],
        [
          0.0,
          0.0,
          0.0,
          1.0
        ]
      ]
    },
    {
      "file_path": "/media/NFS/ttao/scannet/posed_images/scene0448_01/00394.jpg",
      "transform_matrix": [
        [
          -0.416548,
          -0.691003,
          0.590764,
          0.980411
        ],
        [
          -0.907213,
          0.273952,
          -0.319241,
          2.500761
        ],
        [
          0.058756,
          -0.668928,
          -0.741002,
          1.269491
        ],
        [
          0.0,
          0.0,
          0.0,
          1.0
        ]
      ]
    },
    {
      "file_path": "/media/NFS/ttao/scannet/posed_images/scene0448_01/00399.jpg",
      "transform_matrix": [
        [
          -0.399159,
          -0.695291,
          0.597697,
          0.983176
        ],
        [
          -0.914741,
          0.257462,
          -0.311389,
          2.509482
        ],
        [
          0.062622,
          -0.671031,
          -0.73878,
          1.268761
        ],
        [
          0.0,
          0.0,
          0.0,
          1.0
        ]
      ]
    },
    {
      "file_path": "/media/NFS/ttao/scannet/posed_images/scene0448_01/00409.jpg",
      "transform_matrix": [
        [
          -0.354724,
          -0.696472,
          0.623777,
          0.989687
        ],
        [
          -0.933317,
          0.224109,
          -0.280525,
          2.526827
        ],
        [
          0.055584,
          -0.681691,
          -0.729526,
          1.276733
        ],
        [
          0.0,
          0.0,
          0.0,
          1.0
        ]
      ]
    },
    {
      "file_path": "/media/NFS/ttao/scannet/posed_images/scene0448_01/00414.jpg",
      "transform_matrix": [
        [
          -0.348995,
          -0.688462,
          0.635785,
          0.98708
        ],
        [
          -0.936079,
          0.224056,
          -0.271213,
          2.534062
        ],
        [
          0.044269,
          -0.689796,
          -0.722649,
          1.2804
        ],
        [
          0.0,
          0.0,
          0.0,
          1.0
        ]
      ]
    },
    {
      "file_path": "/media/NFS/ttao/scannet/posed_images/scene0448_01/00427.jpg",
      "transform_matrix": [
        [
          -0.365951,
          -0.647464,
          0.668483,
          0.988095
        ],
        [
          -0.92734,
          0.193316,
          -0.320421,
          2.551197
        ],
        [
          0.078232,
          -0.73717,
          -0.671164,
          1.30457
        ],
        [
          0.0,
          0.0,
          0.0,
          1.0
        ]
      ]
    },
    {
      "file_path": "/media/NFS/ttao/scannet/posed_images/scene0448_01/00435.jpg",
      "transform_matrix": [
        [
          -0.370861,
          -0.621272,
          0.690278,
          0.985658
        ],
        [
          -0.923904,
          0.171469,
          -0.342052,
          2.558663
        ],
        [
          0.094146,
          -0.764604,
          -0.637587,
          1.319308
        ],
        [
          0.0,
          0.0,
          0.0,
          1.0
        ]
      ]
    },
    {
      "file_path": "/media/NFS/ttao/scannet/posed_images/scene0448_01/00440.jpg",
      "transform_matrix": [
        [
          -0.359463,
          -0.614133,
          0.702586,
          0.984423
        ],
        [
          -0.929073,
          0.16515,
          -0.330982,
          2.561751
        ],
        [
          0.087235,
          -0.771729,
          -0.62994,
          1.323388
        ],
        [
          0.0,
          0.0,
          0.0,
          1.0
        ]
      ]
    },
    {
      "file_path": "/media/NFS/ttao/scannet/posed_images/scene0448_01/00456.jpg",
      "transform_matrix": [
        [
          -0.329387,
          -0.558636,
          0.761203,
          0.99695
        ],
        [
          -0.94358,
          0.165659,
          -0.286731,
          2.569996
        ],
        [
          0.034079,
          -0.812701,
          -0.581684,
          1.359422
        ],
        [
          0.0,
          0.0,
          0.0,
          1.0
        ]
      ]
    },
    {
      "file_path": "/media/NFS/ttao/scannet/posed_images/scene0448_01/00459.jpg",
      "transform_matrix": [
        [
          -0.32904,
          -0.553333,
          0.765216,
          0.999336
        ],
        [
          -0.943667,
          0.162632,
          -0.288173,
          2.572838
        ],
        [
          0.035007,
          -0.816929,
          -0.575674,
          1.364135
        ],
        [
          0.0,
          0.0,
          0.0,
          1.0
        ]
      ]
    },
    {
      "file_path": "/media/NFS/ttao/scannet/posed_images/scene0448_01/00466.jpg",
      "transform_matrix": [
        [
          -0.324684,
          -0.524223,
          0.787255,
          0.998681
        ],
        [
          -0.945683,
          0.16565,
          -0.27972,
          2.573821
        ],
        [
          0.016226,
          -0.835314,
          -0.549533,
          1.380645
        ],
        [
          0.0,
          0.0,
          0.0,
          1.0
        ]
      ]
    },
    {
      "file_path": "/media/NFS/ttao/scannet/posed_images/scene0448_01/00482.jpg",
      "transform_matrix": [
        [
          -0.32023,
          -0.417501,
          0.85038,
          0.984641
        ],
        [
          -0.946959,
          0.166522,
          -0.274843,
          2.576465
        ],
        [
          -0.02686,
          -0.893288,
          -0.448682,
          1.428895
        ],
        [
          0.0,
          0.0,
          0.0,
          1.0
        ]
      ]
    },
    {
      "file_path": "/media/NFS/ttao/scannet/posed_images/scene0448_01/00485.jpg",
      "transform_matrix": [
        [
          -0.317663,
          -0.401648,
          0.858935,
          0.983718
        ],
        [
          -0.947742,
          0.162772,
          -0.274393,
          2.579193
        ],
        [
          -0.029601,
          -0.901213,
          -0.432365,
          1.435369
        ],
        [
          0.0,
          0.0,
          0.0,
          1.0
        ]
      ]
    },
    {
      "file_path": "/media/NFS/ttao/scannet/posed_images/scene0448_01/00500.jpg",
      "transform_matrix": [
        [
          -0.299831,
          -0.313426,
          0.901036,
          0.968921
        ],
        [
          -0.952762,
          0.146338,
          -0.26614,
          2.583402
        ],
        [
          -0.048441,
          -0.938269,
          -0.342497,
          1.451487
        ],
        [
          0.0,
          0.0,
          0.0,
          1.0
        ]
      ]
    },
    {
      "file_path": "/media/NFS/ttao/scannet/posed_images/scene0448_01/00503.jpg",
      "transform_matrix": [
        [
          -0.301832,
          -0.324603,
          0.896398,
          0.968431
        ],
        [
          -0.951761,
          0.157051,
          -0.263603,
          2.583623
        ],
        [
          -0.055214,
          -0.932721,
          -0.356348,
          1.445899
        ],
        [
          0.0,
          0.0,
          0.0,
          1.0
        ]
      ]
    },
    {
      "file_path": "/media/NFS/ttao/scannet/posed_images/scene0448_01/00511.jpg",
      "transform_matrix": [
        [
          -0.318194,
          -0.408539,
          0.855481,
          0.980035
        ],
        [
          -0.946703,
          0.184579,
          -0.263977,
          2.577511
        ],
        [
          -0.050059,
          -0.893883,
          -0.445497,
          1.416918
        ],
        [
          0.0,
          0.0,
          0.0,
          1.0
        ]
      ]
    },
    {
      "file_path": "/media/NFS/ttao/scannet/posed_images/scene0448_01/00524.jpg",
      "transform_matrix": [
        [
          -0.4143,
          -0.499956,
          0.760526,
          0.997541
        ],
        [
          -0.908931,
          0.270343,
          -0.317426,
          2.572651
        ],
        [
          -0.046904,
          -0.822775,
          -0.566429,
          1.367517
        ],
        [
          0.0,
          0.0,
          0.0,
          1.0
        ]
      ]
    },
    {
      "file_path": "/media/NFS/ttao/scannet/posed_images/scene0448_01/00534.jpg",
      "transform_matrix": [
        [
          -0.531386,
          -0.529243,
          0.661461,
          1.008071
        ],
        [
          -0.847071,
          0.341165,
          -0.407526,
          2.566006
        ],
        [
          -0.009987,
          -0.776858,
          -0.629597,
          1.353421
        ],
        [
          0.0,
          0.0,
          0.0,
          1.0
        ]
      ]
    },
    {
      "file_path": "/media/NFS/ttao/scannet/posed_images/scene0448_01/00542.jpg",
      "transform_matrix": [
        [
          -0.621272,
          -0.52981,
          0.577341,
          1.025524
        ],
        [
          -0.783426,
          0.404667,
          -0.471687,
          2.560723
        ],
        [
          0.016273,
          -0.74535,
          -0.666475,
          1.353334
        ],
        [
          0.0,
          0.0,
          0.0,
          1.0
        ]
      ]
    },
    {
      "file_path": "/media/NFS/ttao/scannet/posed_images/scene0448_01/00550.jpg",
      "transform_matrix": [
        [
          -0.696078,
          -0.506186,
          0.509168,
          1.019527
        ],
        [
          -0.716619,
          0.446403,
          -0.535894,
          2.551163
        ],
        [
          0.043968,
          -0.737903,
          -0.673473,
          1.348754
        ],
        [
          0.0,
          0.0,
          0.0,
          1.0
        ]
      ]
    },
    {
      "file_path": "/media/NFS/ttao/scannet/posed_images/scene0448_01/00560.jpg",
      "transform_matrix": [
        [
          -0.764112,
          -0.484904,
          0.425442,
          1.009158
        ],
        [
          -0.642004,
          0.507277,
          -0.574892,
          2.531056
        ],
        [
          0.06295,
          -0.712418,
          -0.698927,
          1.340405
        ],
        [
          0.0,
          0.0,
          0.0,
          1.0
        ]
      ]
    },
    {
      "file_path": "/media/NFS/ttao/scannet/posed_images/scene0448_01/00568.jpg",
      "transform_matrix": [
        [
          -0.796175,
          -0.459968,
          0.393109,
          0.997774
        ],
        [
          -0.602938,
          0.548679,
          -0.579152,
          2.509286
        ],
        [
          0.050701,
          -0.698127,
          -0.714177,
          1.340868
        ],
        [
          0.0,
          0.0,
          0.0,
          1.0
        ]
      ]
    },
    {
      "file_path": "/media/NFS/ttao/scannet/posed_images/scene0448_01/00571.jpg",
      "transform_matrix": [
        [
          -0.80987,
          -0.437977,
          0.39024,
          0.98798
        ],
        [
          -0.585956,
          0.572585,
          -0.573413,
          2.496874
        ],
        [
          0.027697,
          -0.693053,
          -0.720354,
          1.344409
        ],
        [
          0.0,
          0.0,
          0.0,
          1.0
        ]
      ]
    },
    {
      "file_path": "/media/NFS/ttao/scannet/posed_images/scene0448_01/00586.jpg",
      "transform_matrix": [
        [
          -0.872801,
          -0.314556,
          0.373193,
          0.946391
        ],
        [
          -0.485539,
          0.637451,
          -0.598255,
          2.451007
        ],
        [
          -0.049707,
          -0.703357,
          -0.709097,
          1.364385
        ],
        [
          0.0,
          0.0,
          0.0,
          1.0
        ]
      ]
    },
    {
      "file_path": "/media/NFS/ttao/scannet/posed_images/scene0448_01/00592.jpg",
      "transform_matrix": [
        [
          -0.899022,
          -0.277548,
          0.338714,
          0.932125
        ],
        [
          -0.43444,
          0.662395,
          -0.610324,
          2.436485
        ],
        [
          -0.054968,
          -0.695845,
          -0.716085,
          1.36196
        ],
        [
          0.0,
          0.0,
          0.0,
          1.0
        ]
      ]
    },
    {
      "file_path": "/media/NFS/ttao/scannet/posed_images/scene0448_01/00602.jpg",
      "transform_matrix": [
        [
          -0.927965,
          -0.239944,
          0.285146,
          0.910488
        ],
        [
          -0.369306,
          0.694623,
          -0.617343,
          2.420921
        ],
        [
          -0.049941,
          -0.678179,
          -0.733198,
          1.361158
        ],
        [
          0.0,
          0.0,
          0.0,
          1.0
        ]
      ]
    },
    {
      "file_path": "/media/NFS/ttao/scannet/posed_images/scene0448_01/00607.jpg",
      "transform_matrix": [
        [
          -0.936438,
          -0.227813,
          0.266805,
          0.905632
        ],
        [
          -0.346893,
          0.714899,
          -0.607112,
          2.417875
        ],
        [
          -0.052431,
          -0.661075,
          -0.748486,
          1.357668
        ],
        [
          0.0,
          0.0,
          0.0,
          1.0
        ]
      ]
    },
    {
      "file_path": "/media/NFS/ttao/scannet/posed_images/scene0448_01/00615.jpg",
      "transform_matrix": [
        [
          -0.949599,
          -0.214231,
          0.228837,
          0.904948
        ],
        [
          -0.310814,
          0.738248,
          -0.598652,
          2.413041
        ],
        [
          -0.040688,
          -0.639605,
          -0.767626,
          1.352145
        ],
        [
          0.0,
          0.0,
          0.0,
          1.0
        ]
      ]
    },
    {
      "file_path": "/media/NFS/ttao/scannet/posed_images/scene0448_01/00625.jpg",
      "transform_matrix": [
        [
          -0.976484,
          -0.140515,
          0.163507,
          0.948797
        ],
        [
          -0.212855,
          0.748805,
          -0.627682,
          2.399748
        ],
        [
          -0.034236,
          -0.647724,
          -0.761105,
          1.351236
        ],
        [
          0.0,
          0.0,
          0.0,
          1.0
        ]
      ]
    },
    {
      "file_path": "/media/NFS/ttao/scannet/posed_images/scene0448_01/00638.jpg",
      "transform_matrix": [
        [
          -0.997045,
          -0.035979,
          0.067865,
          1.038354
        ],
        [
          -0.072704,
          0.727113,
          -0.682657,
          2.398666
        ],
        [
          -0.024784,
          -0.685574,
          -0.727581,
          1.362244
        ],
        [
          0.0,
          0.0,
          0.0,
          1.0
        ]
      ]
    },
    {
      "file_path": "/media/NFS/ttao/scannet/posed_images/scene0448_01/00644.jpg",
      "transform_matrix": [
        [
          -0.999389,
          -0.00626,
          0.034385,
          1.058169
        ],
        [
          -0.02827,
          0.723261,
          -0.689996,
          2.398673
        ],
        [
          -0.02055,
          -0.690547,
          -0.722996,
          1.362431
        ],
        [
          0.0,
          0.0,
          0.0,
          1.0
        ]
      ]
    },
    {
      "file_path": "/media/NFS/ttao/scannet/posed_images/scene0448_01/00652.jpg",
      "transform_matrix": [
        [
          -0.998354,
          -0.009683,
          0.056525,
          1.064874
        ],
        [
          -0.045945,
          0.724919,
          -0.687301,
          2.391709
        ],
        [
          -0.03432,
          -0.688767,
          -0.72417,
          1.364745
        ],
        [
          0.0,
          0.0,
          0.0,
          1.0
        ]
      ]
    },
    {
      "file_path": "/media/NFS/ttao/scannet/posed_images/scene0448_01/00662.jpg",
      "transform_matrix": [
        [
          -0.996599,
          -0.02638,
          0.07806,
          1.085051
        ],
        [
          -0.074267,
          0.697924,
          -0.712311,
          2.381173
        ],
        [
          -0.035689,
          -0.715686,
          -0.69751,
          1.371882
        ],
        [
          0.0,
          0.0,
          0.0,
          1.0
        ]
      ]
    },
    {
      "file_path": "/media/NFS/ttao/scannet/posed_images/scene0448_01/00672.jpg",
      "transform_matrix": [
        [
          -0.998976,
          0.039788,
          0.021538,
          1.137694
        ],
        [
          0.010616,
          0.668893,
          -0.743284,
          2.367337
