{
  "frames": [
    {
      "file_path": "/media/NFS/ttao/scannet/posed_images/scene0101_05/00000.jpg",
      "transform_matrix": [
        [
          0.238502,
          -0.155672,
          0.958584,
          2.343704
        ],
        [
          -0.971136,
          -0.041742,
          0.234847,
          3.50105
        ],
        [
          0.003454,
          -0.986926,
          -0.161135,
          1.486006
        ],
        [
          0.0,
          0.0,
          0.0,
          1.0
        ]
      ]
    },
    {
      "file_path": "/media/NFS/ttao/scannet/posed_images/scene0101_05/00003.jpg",
      "transform_matrix": [
        [
          0.241099,
          -0.165652,
          0.956259,
          2.354662
        ],
        [
          -0.970492,
          -0.045305,
          0.236839,
          3.504975
        ],
        [
          0.004091,
          -0.985143,
          -0.171687,
          1.477554
        ],
        [
          0.0,
          0.0,
          0.0,
          1.0
        ]
      ]
    },
    {
      "file_path": "/media/NFS/ttao/scannet/posed_images/scene0101_05/00006.jpg",
      "transform_matrix": [
        [
          0.241635,
          -0.175652,
          0.954337,
          2.363954
        ],
        [
          -0.970335,
          -0.051776,
          0.236156,
          3.509711
        ],
        [
          0.007931,
          -0.98309,
          -0.182952,
          1.475267
        ],
        [
          0.0,
          0.0,
          0.0,
          1.0
        ]
      ]
    },
    {
      "file_path": "/media/NFS/ttao/scannet/posed_images/scene0101_05/00011.jpg",
      "transform_matrix": [
        [
          0.230284,
          -0.153485,
          0.960943,
          2.372107
        ],
        [
          -0.972994,
          -0.052428,
          0.224798,
          3.504597
        ],
        [
          0.015877,
          -0.986759,
          -0.161414,
          1.487238
        ],
        [
          0.0,
          0.0,
          0.0,
          1.0
        ]
      ]
    },
    {
      "file_path": "/media/NFS/ttao/scannet/posed_images/scene0101_05/00014.jpg",
      "transform_matrix": [
        [
          0.223598,
          -0.180473,
          0.957828,
          2.373896
        ],
        [
          -0.974596,
          -0.05444,
          0.217255,
          3.502203
        ],
        [
          0.012936,
          -0.982072,
          -0.188061,
          1.470044
        ],
        [
          0.0,
          0.0,
          0.0,
          1.0
        ]
      ]
    },
    {
      "file_path": "/media/NFS/ttao/scannet/posed_images/scene0101_05/00018.jpg",
      "transform_matrix": [
        [
          0.21926,
          -0.23023,
          0.948114,
          2.377527
        ],
        [
          -0.975548,
          -0.066859,
          0.209369,
          3.500346
        ],
        [
          0.015187,
          -0.970837,
          -0.23926,
          1.443598
        ],
        [
          0.0,
          0.0,
          0.0,
          1.0
        ]
      ]
    },
    {
      "file_path": "/media/NFS/ttao/scannet/posed_images/scene0101_05/00021.jpg",
      "transform_matrix": [
        [
          0.221681,
          -0.277599,
          0.934771,
          2.384898
        ],
        [
          -0.974635,
          -0.093279,
          0.203434,
          3.509408
        ],
        [
          0.030721,
          -0.956158,
          -0.291236,
          1.411329
        ],
        [
          0.0,
          0.0,
          0.0,
          1.0
        ]
      ]
    },
    {
      "file_path": "/media/NFS/ttao/scannet/posed_images/scene0101_05/00026.jpg",
      "transform_matrix": [
        [
          0.232277,
          -0.35423,
          0.905853,
          2.391642
        ],
        [
          -0.971692,
          -0.125821,
          0.199958,
          3.535037
        ],
        [
          0.043144,
          -0.926656,
          -0.373427,
          1.363937
        ],
        [
          0.0,
          0.0,
          0.0,
          1.0
        ]
      ]
    },
    {
      "file_path": "/media/NFS/ttao/scannet/posed_images/scene0101_05/00027.jpg",
      "transform_matrix": [
        [
          0.236234,
          -0.381733,
          0.893574,
          2.394165
        ],
        [
          -0.970629,
          -0.135798,
          0.198592,
          3.542463
        ],
        [
          0.045536,
          -0.914242,
          -0.402601,
          1.351277
        ],
        [
          0.0,
          0.0,
          0.0,
          1.0
        ]
      ]
    },
    {
      "file_path": "/media/NFS/ttao/scannet/posed_images/scene0101_05/00034.jpg",
      "transform_matrix": [
        [
          0.265981,
          -0.451796,
          0.851549,
          2.393594
        ],
        [
          -0.962232,
          -0.177582,
          0.206335,
          3.556201
        ],
        [
          0.057999,
          -0.874268,
          -0.481966,
          1.28456
        ],
        [
          0.0,
          0.0,
          0.0,
          1.0
        ]
      ]
    },
    {
      "file_path": "/media/NFS/ttao/scannet/posed_images/scene0101_05/00037.jpg",
      "transform_matrix": [
        [
          0.269434,
          -0.467608,
          0.841872,
          2.391472
        ],
        [
          -0.961177,
          -0.184627,
          0.205067,
          3.555625
        ],
        [
          0.059541,
          -0.86444,
          -0.499198,
          1.275323
        ],
        [
          0.0,
          0.0,
          0.0,
          1.0
        ]
      ]
    },
    {
      "file_path": "/media/NFS/ttao/scannet/posed_images/scene0101_05/00038.jpg",
      "transform_matrix": [
        [
          0.26953,
          -0.469691,
          0.840681,
          2.392677
        ],
        [
          -0.961295,
          -0.183039,
          0.205936,
          3.552181
        ],
        [
          0.057151,
          -0.863648,
          -0.500846,
          1.27492
        ],
        [
          0.0,
          0.0,
          0.0,
          1.0
        ]
      ]
    },
    {
      "file_path": "/media/NFS/ttao/scannet/posed_images/scene0101_05/00043.jpg",
      "transform_matrix": [
        [
          0.238393,
          -0.490549,
          0.838171,
          2.393911
        ],
        [
          -0.97043,
          -0.153981,
          0.185891,
          3.521102
        ],
        [
          0.037873,
          -0.857701,
          -0.512752,
          1.283248
        ],
        [
          0.0,
          0.0,
          0.0,
          1.0
        ]
      ]
    },
    {
      "file_path": "/media/NFS/ttao/scannet/posed_images/scene0101_05/00047.jpg",
      "transform_matrix": [
        [
          0.187945,
          -0.506503,
          0.841506,
          2.399074
        ],
        [
          -0.98197,
          -0.114617,
          0.150329,
          3.475584
        ],
        [
          0.020309,
          -0.854586,
          -0.518912,
          1.293049
        ],
        [
          0.0,
          0.0,
          0.0,
          1.0
        ]
      ]
    },
    {
      "file_path": "/media/NFS/ttao/scannet/posed_images/scene0101_05/00048.jpg",
      "transform_matrix": [
        [
          0.176909,
          -0.506915,
          0.843647,
          2.40041
        ],
        [
          -0.984063,
          -0.106773,
          0.142198,
          3.463427
        ],
        [
          0.017996,
          -0.855358,
          -0.517725,
          1.296387
        ],
        [
          0.0,
          0.0,
          0.0,
          1.0
        ]
      ]
    },
    {
      "file_path": "/media/NFS/ttao/scannet/posed_images/scene0101_05/00053.jpg",
      "transform_matrix": [
        [
          0.1152,
          -0.507524,
          0.853902,
          2.399126
        ],
        [
          -0.993313,
          -0.065488,
          0.095085,
          3.380157
        ],
        [
          0.007663,
          -0.859145,
          -0.511675,
          1.298121
        ],
        [
          0.0,
          0.0,
          0.0,
          1.0
        ]
      ]
    },
    {
      "file_path": "/media/NFS/ttao/scannet/posed_images/scene0101_05/00058.jpg",
      "transform_matrix": [
        [
          0.062821,
          -0.511404,
          0.857041,
          2.385557
        ],
        [
          -0.99802,
          -0.029633,
          0.055472,
          3.302635
        ],
        [
          -0.002972,
          -0.858829,
          -0.512253,
          1.313346
        ],
        [
          0.0,
          0.0,
          0.0,
          1.0
        ]
      ]
    },
    {
      "file_path": "/media/NFS/ttao/scannet/posed_images/scene0101_05/00059.jpg",
      "transform_matrix": [
        [
          0.062328,
          -0.512135,
          0.856641,
          2.383306
        ],
        [
          -0.998031,
          -0.025887,
          0.057139,
          3.28612
        ],
        [
          -0.007087,
          -0.858515,
          -0.51274,
          1.320028
        ],
        [
          0.0,
          0.0,
          0.0,
          1.0
        ]
      ]
    },
    {
      "file_path": "/media/NFS/ttao/scannet/posed_images/scene0101_05/00065.jpg",
      "transform_matrix": [
        [
          0.102266,
          -0.478032,
          0.872369,
          2.341121
        ],
        [
          -0.994054,
          -0.016147,
          0.107683,
          3.160829
        ],
        [
          -0.03739,
          -0.878194,
          -0.476841,
          1.334206
        ],
        [
          0.0,
          0.0,
          0.0,
          1.0
        ]
      ]
    },
    {
      "file_path": "/media/NFS/ttao/scannet/posed_images/scene0101_05/00066.jpg",
      "transform_matrix": [
        [
          0.11343,
          -0.477228,
          0.871428,
          2.336574
        ],
        [
          -0.992811,
          -0.020708,
          0.11789,
          3.144477
        ],
        [
          -0.038215,
          -0.878535,
          -0.476146,
          1.336013
        ],
        [
          0.0,
          0.0,
          0.0,
          1.0
        ]
      ]
    },
    {
      "file_path": "/media/NFS/ttao/scannet/posed_images/scene0101_05/00070.jpg",
      "transform_matrix": [
        [
          0.150333,
          -0.463976,
          0.872999,
          2.320426
        ],
        [
          -0.988072,
          -0.040694,
          0.148522,
          3.084421
        ],
        [
          -0.033385,
          -0.884913,
          -0.464559,
          1.349921
        ],
        [
          0.0,
          0.0,
          0.0,
          1.0
        ]
      ]
    },
    {
      "file_path": "/media/NFS/ttao/scannet/posed_images/scene0101_05/00074.jpg",
      "transform_matrix": [
        [
          0.248757,
          -0.424031,
          0.870814,
          2.319724
        ],
        [
          -0.966495,
          -0.049914,
          0.251785,
          3.021313
        ],
        [
          -0.063299,
          -0.904271,
          -0.422241,
          1.3831
        ],
        [
          0.0,
          0.0,
          0.0,
          1.0
        ]
      ]
    },
    {
      "file_path": "/media/NFS/ttao/scannet/posed_images/scene0101_05/00079.jpg",
      "transform_matrix": [
        [
          0.345284,
          -0.361735,
          0.865983,
          2.327803
        ],
        [
          -0.935999,
          -0.065432,
          0.345868,
          2.987531
        ],
        [
          -0.068449,
          -0.929982,
          -0.361176,
          1.397239
        ],
        [
          0.0,
          0.0,
          0.0,
          1.0
        ]
      ]
    },
    {
      "file_path": "/media/NFS/ttao/scannet/posed_images/scene0101_05/00082.jpg",
      "transform_matrix": [
        [
          0.366447,
          -0.318498,
          0.874229,
          2.339082
        ],
        [
          -0.928748,
          -0.068591,
          0.36431,
          2.983225
        ],
        [
          -0.056068,
          -0.945439,
          -0.320939,
          1.404297
        ],
        [
          0.0,
          0.0,
          0.0,
          1.0
        ]
      ]
    },
    {
      "file_path": "/media/NFS/ttao/scannet/posed_images/scene0101_05/00084.jpg",
      "transform_matrix": [
        [
          0.385156,
          -0.280721,
          0.879119,
          2.363863
        ],
        [
          -0.921475,
          -0.064974,
          0.382965,
          2.963753
        ],
        [
          -0.050386,
          -0.957587,
          -0.283703,
          1.420184
        ],
        [
          0.0,
          0.0,
          0.0,
          1.0
        ]
      ]
    },
    {
      "file_path": "/media/NFS/ttao/scannet/posed_images/scene0101_05/00089.jpg",
      "transform_matrix": [
        [
          0.428172,
          -0.249862,
          0.868468,
          2.41694
        ],
        [
          -0.901805,
          -0.055983,
          0.428502,
          2.915749
        ],
        [
          -0.058447,
          -0.966662,
          -0.249297,
          1.451887
        ],
        [
          0.0,
          0.0,
          0.0,
          1.0
        ]
      ]
    },
    {
      "file_path": "/media/NFS/ttao/scannet/posed_images/scene0101_05/00090.jpg",
      "transform_matrix": [
        [
          0.434381,
          -0.248631,
          0.865734,
          2.427385
        ],
        [
          -0.898388,
          -0.050337,
          0.436308,
          2.904132
        ],
        [
          -0.064901,
          -0.967289,
          -0.245233,
          1.461752
        ],
        [
          0.0,
          0.0,
          0.0,
          1.0
        ]
      ]
    },
    {
      "file_path": "/media/NFS/ttao/scannet/posed_images/scene0101_05/00094.jpg",
      "transform_matrix": [
        [
          0.477835,
          -0.202607,
          0.854766,
          2.454679
        ],
        [
          -0.875459,
          -0.029605,
          0.482385,
          2.850494
        ],
        [
          -0.072429,
          -0.978812,
          -0.191521,
          1.475643
        ],
        [
          0.0,
          0.0,
          0.0,
          1.0
        ]
      ]
    },
    {
      "file_path": "/media/NFS/ttao/scannet/posed_images/scene0101_05/00100.jpg",
      "transform_matrix": [
        [
          0.593904,
          -0.125897,
          0.794624,
          2.488965
        ],
        [
          -0.801914,
          -0.012954,
          0.5973,
          2.737289
        ],
        [
          -0.064905,
          -0.991959,
          -0.108652,
          1.485579
        ],
        [
          0.0,
          0.0,
          0.0,
          1.0
        ]
      ]
    },
    {
      "file_path": "/media/NFS/ttao/scannet/posed_images/scene0101_05/00101.jpg",
      "transform_matrix": [
        [
          0.607646,
          -0.112032,
          0.786267,
          2.489684
        ],
        [
          -0.791985,
          -0.011454,
          0.610433,
          2.723231
        ],
        [
          -0.059383,
          -0.993639,
          -0.095687,
          1.486817
        ],
        [
          0.0,
          0.0,
          0.0,
          1.0
        ]
      ]
    },
    {
      "file_path": "/media/NFS/ttao/scannet/posed_images/scene0101_05/00104.jpg",
      "transform_matrix": [
        [
          0.664539,
          -0.071459,
          0.743829,
          2.504386
        ],
        [
          -0.745649,
          0.001793,
          0.666337,
          2.660763
        ],
        [
          -0.048949,
          -0.997442,
          -0.052092,
          1.50359
        ],
        [
          0.0,
          0.0,
          0.0,
          1.0
        ]
      ]
    },
    {
      "file_path": "/media/NFS/ttao/scannet/posed_images/scene0101_05/00110.jpg",
      "transform_matrix": [
        [
          0.747566,
          -0.056311,
          0.661796,
          2.5133
        ],
        [
          -0.661378,
          0.028442,
          0.749514,
          2.584428
        ],
        [
          -0.061028,
          -0.998008,
          -0.015981,
          1.532508
        ],
        [
          0.0,
          0.0,
          0.0,
          1.0
        ]
      ]
    },
    {
      "file_path": "/media/NFS/ttao/scannet/posed_images/scene0101_05/00114.jpg",
      "transform_matrix": [
        [
          0.78583,
          -0.060091,
          0.615516,
          2.504898
        ],
        [
          -0.61501,
          0.028784,
          0.787994,
          2.555905
        ],
        [
          -0.065068,
          -0.997778,
          -0.014338,
          1.526818
        ],
        [
          0.0,
          0.0,
          0.0,
          1.0
        ]
      ]
    },
    {
      "file_path": "/media/NFS/ttao/scannet/posed_images/scene0101_05/00115.jpg",
      "transform_matrix": [
        [
          0.794408,
          -0.060486,
          0.604365,
          2.502975
        ],
        [
          -0.603933,
          0.027258,
          0.796569,
          2.550678
        ],
        [
          -0.064655,
          -0.997797,
          -0.014875,
          1.525829
        ],
        [
          0.0,
          0.0,
          0.0,
          1.0
        ]
      ]
    },
    {
      "file_path": "/media/NFS/ttao/scannet/posed_images/scene0101_05/00120.jpg",
      "transform_matrix": [
        [
          0.843549,
          -0.081521,
          0.530828,
          2.491341
        ],
        [
          -0.534546,
          -0.032077,
          0.84453,
          2.519557
        ],
        [
          -0.05182,
          -0.996155,
          -0.070635,
          1.504393
        ],
        [
          0.0,
          0.0,
          0.0,
          1.0
        ]
      ]
    },
    {
      "file_path": "/media/NFS/ttao/scannet/posed_images/scene0101_05/00122.jpg",
      "transform_matrix": [
        [
          0.864901,
          -0.082098,
          0.495183,
          2.488351
        ],
        [
          -0.500324,
          -0.061856,
          0.863626,
          2.503906
        ],
        [
          -0.040272,
          -0.994703,
          -0.094575,
          1.496135
        ],
        [
          0.0,
          0.0,
          0.0,
          1.0
        ]
      ]
    },
    {
      "file_path": "/media/NFS/ttao/scannet/posed_images/scene0101_05/00127.jpg",
      "transform_matrix": [
        [
          0.910925,
          -0.097203,
          0.400958,
          2.504973
        ],
        [
          -0.412105,
          -0.16812,
          0.895492,
          2.451386
        ],
        [
          -0.019636,
          -0.980962,
          -0.193203,
          1.458828
        ],
        [
          0.0,
          0.0,
          0.0,
          1.0
        ]
      ]
    },
    {
      "file_path": "/media/NFS/ttao/scannet/posed_images/scene0101_05/00131.jpg",
      "transform_matrix": [
        [
          0.911088,
          -0.106924,
          0.398103,
          2.45265
        ],
        [
          -0.412196,
          -0.227995,
          0.882107,
          2.432992
        ],
        [
          -0.003553,
          -0.967773,
          -0.251797,
          1.381818
        ],
        [
          0.0,
          0.0,
          0.0,
          1.0
        ]
      ]
    },
    {
      "file_path": "/media/NFS/ttao/scannet/posed_images/scene0101_05/00132.jpg",
      "transform_matrix": [
        [
          0.912194,
          -0.110039,
          0.394708,
          2.453384
        ],
        [
          -0.409748,
          -0.237629,
          0.880704,
          2.426863
        ],
        [
          -0.003118,
          -0.965103,
          -0.261851,
          1.370571
        ],
        [
          0.0,
          0.0,
          0.0,
          1.0
        ]
      ]
    },
    {
      "file_path": "/media/NFS/ttao/scannet/posed_images/scene0101_05/00139.jpg",
      "transform_matrix": [
        [
          0.917111,
          -0.1667,
          0.362102,
          2.476357
        ],
        [
          -0.396733,
          -0.29316,
          0.869862,
          2.404903
        ],
        [
          -0.038852,
          -0.941418,
          -0.334996,
          1.340322
        ],
        [
          0.0,
          0.0,
          0.0,
          1.0
        ]
      ]
    },
    {
      "file_path": "/media/NFS/ttao/scannet/posed_images/scene0101_05/00140.jpg",
      "transform_matrix": [
        [
          0.915262,
          -0.1729,
          0.363869,
          2.464571
        ],
        [
          -0.400709,
          -0.297554,
          0.866541,
          2.411238
        ],
        [
          -0.041555,
          -0.938918,
          -0.341622,
          1.339784
        ],
        [
          0.0,
          0.0,
          0.0,
          1.0
        ]
      ]
    },
    {
      "file_path": "/media/NFS/ttao/scannet/posed_images/scene0101_05/00144.jpg",
      "transform_matrix": [
        [
          0.929818,
          -0.170041,
          0.32638,
          2.49126
        ],
        [
          -0.3655,
          -0.323104,
          0.872934,
          2.397606
        ],
        [
          -0.04298,
          -0.930962,
          -0.362578,
          1.328989
        ],
        [
          0.0,
          0.0,
          0.0,
          1.0
        ]
      ]
    },
    {
      "file_path": "/media/NFS/ttao/scannet/posed_images/scene0101_05/00149.jpg",
      "transform_matrix": [
        [
          0.965317,
          -0.131935,
          0.225291,
          2.560021
        ],
        [
          -0.258229,
          -0.3553,
          0.898376,
          2.363882
        ],
        [
          -0.038482,
          -0.925394,
          -0.377047,
          1.308609
        ],
        [
          0.0,
          0.0,
          0.0,
          1.0
        ]
      ]
    },
    {
      "file_path": "/media/NFS/ttao/scannet/posed_images/scene0101_05/00151.jpg",
      "transform_matrix": [
        [
          0.971675,
          -0.116945,
          0.20536,
          2.548633
        ],
        [
          -0.234292,
          -0.363003,
          0.901852,
          2.35716
        ],
        [
          -0.030921,
          -0.92442,
          -0.38012,
          1.299018
        ],
        [
          0.0,
          0.0,
          0.0,
          1.0
        ]
      ]
    },
    {
      "file_path": "/media/NFS/ttao/scannet/posed_images/scene0101_05/00156.jpg",
      "transform_matrix": [
        [
          0.986316,
          -0.076132,
          0.146232,
          2.592337
        ],
        [
          -0.164478,
          -0.393766,
          0.904376,
          2.327804
        ],
        [
          -0.011271,
          -0.916052,
          -0.4009,
          1.284028
        ],
        [
          0.0,
          0.0,
          0.0,
          1.0
        ]
      ]
    },
    {
      "file_path": "/media/NFS/ttao/scannet/posed_images/scene0101_05/00160.jpg",
      "transform_matrix": [
        [
          0.993958,
          -0.048961,
          0.098232,
          2.582674
        ],
        [
          -0.10968,
          -0.409618,
          0.90564,
          2.320293
        ],
        [
          -0.004104,
          -0.910942,
          -0.412513,
          1.280729
        ],
        [
          0.0,
          0.0,
          0.0,
          1.0
        ]
      ]
    },
    {
      "file_path": "/media/NFS/ttao/scannet/posed_images/scene0101_05/00161.jpg",
      "transform_matrix": [
        [
          0.995413,
          -0.044797,
          0.084539,
          2.581357
        ],
        [
          -0.095484,
          -0.409402,
          0.907344,
          2.319021
        ],
        [
          -0.006035,
          -0.911254,
          -0.411801,
          1.278712
        ],
        [
          0.0,
          0.0,
          0.0,
          1.0
        ]
      ]
    },
    {
      "file_path": "/media/NFS/ttao/scannet/posed_images/scene0101_05/00164.jpg",
      "transform_matrix": [
        [
          0.999097,
          -0.031555,
          0.028442,
          2.580855
        ],
        [
          -0.038928,
          -0.411994,
          0.910355,
          2.32715
        ],
        [
          -0.017008,
          -0.91064,
          -0.41285,
          1.291726
        ],
        [
          0.0,
          0.0,
          0.0,
          1.0
        ]
      ]
    },
    {
      "file_path": "/media/NFS/ttao/scannet/posed_images/scene0101_05/00169.jpg",
      "transform_matrix": [
        [
          0.998282,
          0.008125,
          -0.058032,
          2.570484
        ],
        [
          0.056791,
          -0.378157,
          0.923998,
          2.34196
        ],
        [
          -0.014438,
          -0.925706,
          -0.377968,
          1.304192
        ],
        [
          0.0,
          0.0,
          0.0,
          1.0
        ]
      ]
    },
    {
      "file_path": "/media/NFS/ttao/scannet/posed_images/scene0101_05/00173.jpg",
      "transform_matrix": [
        [
          0.994629,
          0.020373,
          -0.10148,
          2.518335
        ],
        [
          0.102333,
          -0.340723,
          0.934578,
          2.369455
        ],
        [
          -0.015537,
          -0.939943,
          -0.340977,
          1.325398
        ],
        [
          0.0,
          0.0,
          0.0,
          1.0
        ]
      ]
    },
    {
      "file_path": "/media/NFS/ttao/scannet/posed_images/scene0101_05/00174.jpg",
      "transform_matrix": [
        [
          0.993478,
          0.024422,
          -0.111378,
          2.514227
        ],
        [
          0.113176,
          -0.33013,
          0.937126,
          2.375115
        ],
        [
          -0.013883,
          -0.943619,
          -0.330741,
          1.329895
        ],
        [
          0.0,
          0.0,
          0.0,
          1.0
        ]
      ]
    },
    {
      "file_path": "/media/NFS/ttao/scannet/posed_images/scene0101_05/00179.jpg",
      "transform_matrix": [
        [
          0.988109,
          0.048751,
          -0.145825,
          2.500613
        ],
        [
          0.153634,
          -0.274979,
          0.949096,
          2.411251
        ],
        [
          0.00617,
          -0.960213,
          -0.279199,
          1.357444
        ],
        [
          0.0,
          0.0,
          0.0,
          1.0
        ]
      ]
    },
    {
      "file_path": "/media/NFS/ttao/scannet/posed_images/scene0101_05/00184.jpg",
      "transform_matrix": [
        [
          0.985835,
          0.044797,
          -0.161626,
          2.483234
        ],
        [
          0.167589,
          -0.225135,
          0.959807,
          2.429652
        ],
        [
          0.006609,
          -0.973297,
          -0.229453,
          1.379343
        ],
        [
          0.0,
          0.0,
          0.0,
          1.0
        ]
      ]
    },
    {
      "file_path": "/media/NFS/ttao/scannet/posed_images/scene0101_05/00187.jpg",
      "transform_matrix": [
        [
          0.984235,
          0.03127,
          -0.174082,
          2.489038
        ],
        [
          0.176792,
          -0.202849,
          0.963118,
          2.448672
        ],
        [
          -0.005196,
          -0.978711,
          -0.205179,
          1.395351
        ],
        [
          0.0,
          0.0,
          0.0,
          1.0
        ]
      ]
    },
    {
      "file_path": "/media/NFS/ttao/scannet/posed_images/scene0101_05/00188.jpg",
      "transform_matrix": [
        [
          0.983772,
          0.026894,
          -0.177396,
          2.495528
        ],
        [
          0.179193,
          -0.197323,
          0.963822,
          2.454437
        ],
        [
          -0.009084,
          -0.97997,
          -0.19894,
          1.40296
        ],
        [
          0.0,
          0.0,
          0.0,
          1.0
        ]
      ]
    },
    {
      "file_path": "/media/NFS/ttao/scannet/posed_images/scene0101_05/00193.jpg",
      "transform_matrix": [
        [
          0.985543,
          -0.001944,
          -0.169414,
          2.52127
        ],
        [
          0.16746,
          -0.140711,
          0.975786,
          2.47634
        ],
        [
          -0.025735,
          -0.990049,
          -0.138351,
          1.432235
        ],
        [
          0.0,
          0.0,
          0.0,
          1.0
        ]
      ]
    },
    {
      "file_path": "/media/NFS/ttao/scannet/posed_images/scene0101_05/00198.jpg",
      "transform_matrix": [
        [
          0.986714,
          -0.027532,
          -0.160117,
          2.558906
        ],
        [
          0.157548,
          -0.078522,
          0.984385,
          2.500571
        ],
        [
          -0.039674,
          -0.996532,
          -0.073141,
          1.481357
        ],
        [
          0.0,
          0.0,
          0.0,
          1.0
        ]
      ]
    },
    {
      "file_path": "/media/NFS/ttao/scannet/posed_images/scene0101_05/00200.jpg",
      "transform_matrix": [
        [
          0.98518,
          -0.034032,
          -0.168115,
          2.569704
        ],
        [
          0.166078,
          -0.055769,
          0.984534,
          2.502395
        ],
        [
          -0.042881,
          -0.997864,
          -0.04929,
          1.511055
        ],
        [
          0.0,
          0.0,
          0.0,
          1.0
        ]
      ]
    },
    {
      "file_path": "/media/NFS/ttao/scannet/posed_images/scene0101_05/00205.jpg",
      "transform_matrix": [
        [
          0.974033,
          -0.045426,
          -0.221804,
          2.637821
        ],
        [
          0.223064,
          0.024812,
          0.974488,
          2.517741
        ],
        [
          -0.038763,
          -0.99866,
          0.0343,
          1.52855
        ],
        [
          0.0,
          0.0,
          0.0,
          1.0
        ]
      ]
    },
    {
      "file_path": "/media/NFS/ttao/scannet/posed_images/scene0101_05/00206.jpg",
      "transform_matrix": [
        [
          0.972199,
          -0.042268,
          -0.230312,
          2.639048
        ],
        [
          0.231712,
          0.03186,
          0.972263,
          2.517902
        ],
        [
          -0.033758,
          -0.998598,
          0.040768,
          1.528451
        ],
        [
          0.0,
          0.0,
          0.0,
          1.0
        ]
      ]
    },
    {
      "file_path": "/media/NFS/ttao/scannet/posed_images/scene0101_05/00210.jpg",
      "transform_matrix": [
        [
          0.952702,
          -0.029898,
          -0.302433,
          2.65847
        ],
        [
          0.303315,
          0.031447,
          0.952371,
          2.532193
        ],
        [
          -0.018963,
          -0.999058,
          0.039028,
          1.503009
        ],
        [
          0.0,
          0.0,
          0.0,
          1.0
        ]
      ]
    },
    {
      "file_path": "/media/NFS/ttao/scannet/posed_images/scene0101_05/00214.jpg",
      "transform_matrix": [
        [
          0.928912,
          -0.025419,
          -0.369426,
          2.675781
        ],
        [
          0.369676,
          0.005745,
          0.929143,
          2.544749
        ],
        [
          -0.021496,
          -0.99966,
          0.014733,
          1.507499
        ],
        [
          0.0,
          0.0,
          0.0,
          1.0
        ]
      ]
    },
    {
      "file_path": "/media/NFS/ttao/scannet/posed_images/scene0101_05/00218.jpg",
      "transform_matrix": [
        [
          0.894731,
          -0.029401,
          -0.445637,
          2.693094
        ],
        [
          0.445541,
          -0.010071,
          0.895205,
          2.560024
        ],
        [
          -0.030808,
          -0.999517,
          0.004089,
          1.496868
        ],
        [
          0.0,
          0.0,
          0.0,
          1.0
        ]
      ]
    },
    {
      "file_path": "/media/NFS/ttao/scannet/posed_images/scene0101_05/00223.jpg",
      "transform_matrix": [
        [
          0.86152,
          -0.025867,
          -0.507064,
          2.698089
        ],
        [
          0.50642,
          -0.02772,
          0.861841,
          2.573362
        ],
        [
          -0.036349,
          -0.999281,
          -0.010782,
          1.47827
        ],
        [
          0.0,
          0.0,
          0.0,
          1.0
        ]
      ]
    },
    {
      "file_path": "/media/NFS/ttao/scannet/posed_images/scene0101_05/00224.jpg",
      "transform_matrix": [
        [
          0.855911,
          -0.025116,
          -0.516512,
          2.698006
        ],
        [
          0.515781,
          -0.030425,
          0.85618,
          2.579399
        ],
        [
          -0.037219,
          -0.999222,
          -0.013086,
          1.475276
        ],
        [
          0.0,
          0.0,
          0.0,
          1.0
        ]
      ]
    },
    {
      "file_path": "/media/NFS/ttao/scannet/posed_images/scene0101_05/00229.jpg",
      "transform_matrix": [
        [
          0.831229,
          -0.000675,
          -0.55593,
          2.71348
        ],
        [
          0.555311,
          -0.046193,
          0.830359,
          2.603559
        ],
        [
          -0.02624,
          -0.998932,
          -0.038022,
          1.442395
        ],
        [
          0.0,
          0.0,
          0.0,
          1.0
        ]
      ]
    },
    {
      "file_path": "/media/NFS/ttao/scannet/posed_images/scene0101_05/00231.jpg",
      "transform_matrix": [
        [
          0.834256,
          0.02343,
          -0.550879,
          2.681405
        ],
        [
          0.550893,
          -0.077271,
          0.830991,
          2.588801
        ],
        [
          -0.023097,
          -0.996735,
          -0.077371,
          1.405904
        ],
        [
          0.0,
          0.0,
          0.0,
          1.0
        ]
      ]
    },
    {
      "file_path": "/media/NFS/ttao/scannet/posed_images/scene0101_05/00234.jpg",
      "transform_matrix": [
        [
          0.832538,
          0.054651,
          -0.551265,
          2.683932
        ],
        [
          0.553723,
          -0.111651,
          0.825182,
          2.597924
        ],
        [
          -0.016452,
          -0.992244,
          -0.123215,
          1.378132
        ],
        [
          0.0,
          0.0,
          0.0,
          1.0
        ]
      ]
    },
    {
      "file_path": "/media/NFS/ttao/scannet/posed_images/scene0101_05/00238.jpg",
      "transform_matrix": [
        [
          0.834207,
          0.091884,
          -0.543742,
          2.685893
        ],
        [
          0.551182,
          -0.169728,
          0.81694,
          2.602506
        ],
        [
          -0.017224,
          -0.981198,
          -0.192234,
          1.344708
        ],
        [
          0.0,
          0.0,
          0.0,
          1.0
        ]
      ]
    },
    {
      "file_path": "/media/NFS/ttao/scannet/posed_images/scene0101_05/00244.jpg",
      "transform_matrix": [
        [
          0.861658,
          0.108467,
          -0.495762,
          2.645852
        ],
        [
          0.506561,
          -0.242868,
          0.827291,
          2.554081
        ],
        [
          -0.030671,
          -0.963976,
          -0.264215,
          1.315235
        ],
        [
          0.0,
          0.0,
          0.0,
          1.0
        ]
      ]
    },
    {
      "file_path": "/media/NFS/ttao/scannet/posed_images/scene0101_05/00245.jpg",
      "transform_matrix": [
        [
          0.863298,
          0.111588,
          -0.492203,
          2.646475
        ],
        [
          0.503728,
          -0.250825,
          0.826647,
          2.548272
        ],
        [
          -0.031213,
          -0.961579,
          -0.272747,
          1.309808
        ],
        [
          0.0,
          0.0,
          0.0,
          1.0
        ]
      ]
    },
    {
      "file_path": "/media/NFS/ttao/scannet/posed_images/scene0101_05/00249.jpg",
      "transform_matrix": [
        [
          0.871142,
          0.142263,
          -0.469972,
          2.645218
        ],
        [
          0.490832,
          -0.27958,
          0.825178,
          2.512954
        ],
        [
          -0.014002,
          -0.949524,
          -0.313381,
          1.293502
        ],
        [
          0.0,
          0.0,
          0.0,
          1.0
        ]
      ]
    },
    {
      "file_path": "/media/NFS/ttao/scannet/posed_images/scene0101_05/00251.jpg",
      "transform_matrix": [
        [
          0.8729,
          0.153085,
          -0.463262,
          2.637801
        ],
        [
          0.487878,
          -0.282788,
          0.825836,
          2.488471
        ],
        [
          -0.004582,
          -0.946887,
          -0.321532,
          1.282855
        ],
        [
          0.0,
          0.0,
          0.0,
          1.0
        ]
      ]
    },
    {
      "file_path": "/media/NFS/ttao/scannet/posed_images/scene0101_05/00255.jpg",
      "transform_matrix": [
        [
          0.877718,
          0.172958,
          -0.446874,
          2.650815
        ],
        [
          0.479153,
          -0.307495,
          0.822106,
          2.440722
        ],
        [
          0.004778,
          -0.935699,
          -0.352767,
          1.263417
        ],
        [
          0.0,
          0.0,
          0.0,
          1.0
        ]
      ]
    },
    {
      "file_path": "/media/NFS/ttao/scannet/posed_images/scene0101_05/00260.jpg",
      "transform_matrix": [
        [
          0.895356,
          0.18681,
          -0.404276,
          2.666342
        ],
        [
          0.445149,
          -0.348134,
          0.825012,
          2.403155
        ],
        [
          0.013378,
          -0.918643,
          -0.394862,
          1.24346
        ],
        [
          0.0,
          0.0,
          0.0,
          1.0
        ]
      ]
    },
    {
      "file_path": "/media/NFS/ttao/scannet/posed_images/scene0101_05/00262.jpg",
      "transform_matrix": [
        [
          0.899008,
          0.188756,
          -0.395165,
          2.670345
        ],
        [
          0.437753,
          -0.361595,
          0.823178,
          2.390111
        ],
        [
          0.01249,
          -0.913028,
          -0.407706,
          1.232214
        ],
        [
          0.0,
          0.0,
          0.0,
          1.0
        ]
      ]
    },
    {
      "file_path": "/media/NFS/ttao/scannet/posed_images/scene0101_05/00267.jpg",
      "transform_matrix": [
        [
          0.901499,
          0.209575,
          -0.378651,
          2.690136
        ],
        [
          0.432559,
          -0.408368,
          0.803821,
          2.367505
        ],
        [
          0.013832,
          -0.888433,
          -0.458798,
          1.209652
        ],
        [
          0.0,
          0.0,
          0.0,
          1.0
        ]
      ]
    },
    {
      "file_path": "/media/NFS/ttao/scannet/posed_images/scene0101_05/00271.jpg",
      "transform_matrix": [
        [
          0.898123,
          0.209964,
          -0.386382,
          2.710941
        ],
        [
          0.439742,
          -0.425503,
          0.790933,
          2.360509
        ],
        [
          0.001661,
          -0.880263,
          -0.474484,
