{
  "frames": [
    {
      "file_path": "/media/NFS/ttao/scannet/posed_images/scene0071_00/00000.jpg",
      "transform_matrix": [
        [
          -0.032646,
          0.194727,
          -0.980314,
          3.506056
        ],
        [
          0.998594,
          -0.034636,
          -0.040135,
          2.493951
        ],
        [
          -0.04177,
          -0.980246,
          -0.193322,
          1.706783
        ],
        [
          0.0,
          0.0,
          0.0,
          1.0
        ]
      ]
    },
    {
      "file_path": "/media/NFS/ttao/scannet/posed_images/scene0071_00/00003.jpg",
      "transform_matrix": [
        [
          -0.045349,
          0.201463,
          -0.978446,
          3.49477
        ],
        [
          0.997609,
          -0.041995,
          -0.054884,
          2.503383
        ],
        [
          -0.052147,
          -0.978595,
          -0.199077,
          1.707673
        ],
        [
          0.0,
          0.0,
          0.0,
          1.0
        ]
      ]
    },
    {
      "file_path": "/media/NFS/ttao/scannet/posed_images/scene0071_00/00009.jpg",
      "transform_matrix": [
        [
          -0.064111,
          0.226282,
          -0.97195,
          3.459589
        ],
        [
          0.996323,
          -0.040955,
          -0.075254,
          2.490182
        ],
        [
          -0.056835,
          -0.9732,
          -0.222824,
          1.701209
        ],
        [
          0.0,
          0.0,
          0.0,
          1.0
        ]
      ]
    },
    {
      "file_path": "/media/NFS/ttao/scannet/posed_images/scene0071_00/00010.jpg",
      "transform_matrix": [
        [
          -0.064791,
          0.216575,
          -0.974114,
          3.447178
        ],
        [
          0.99645,
          -0.03854,
          -0.074845,
          2.487549
        ],
        [
          -0.053752,
          -0.975505,
          -0.213309,
          1.664489
        ],
        [
          0.0,
          0.0,
          0.0,
          1.0
        ]
      ]
    },
    {
      "file_path": "/media/NFS/ttao/scannet/posed_images/scene0071_00/00017.jpg",
      "transform_matrix": [
        [
          0.003532,
          0.295639,
          -0.955293,
          3.388178
        ],
        [
          0.998992,
          -0.043797,
          -0.00986,
          2.452881
        ],
        [
          -0.044754,
          -0.954295,
          -0.295496,
          1.66434
        ],
        [
          0.0,
          0.0,
          0.0,
          1.0
        ]
      ]
    },
    {
      "file_path": "/media/NFS/ttao/scannet/posed_images/scene0071_00/00018.jpg",
      "transform_matrix": [
        [
          0.006147,
          0.30193,
          -0.95331,
          3.381366
        ],
        [
          0.998837,
          -0.047448,
          -0.008587,
          2.44882
        ],
        [
          -0.047826,
          -0.952148,
          -0.301871,
          1.675492
        ],
        [
          0.0,
          0.0,
          0.0,
          1.0
        ]
      ]
    },
    {
      "file_path": "/media/NFS/ttao/scannet/posed_images/scene0071_00/00021.jpg",
      "transform_matrix": [
        [
          0.016805,
          0.288523,
          -0.957325,
          3.353426
        ],
        [
          0.998634,
          -0.052217,
          0.001793,
          2.427459
        ],
        [
          -0.049472,
          -0.956048,
          -0.289007,
          1.64402
        ],
        [
          0.0,
          0.0,
          0.0,
          1.0
        ]
      ]
    },
    {
      "file_path": "/media/NFS/ttao/scannet/posed_images/scene0071_00/00026.jpg",
      "transform_matrix": [
        [
          0.04131,
          0.320215,
          -0.946444,
          3.303497
        ],
        [
          0.997569,
          -0.06643,
          0.021066,
          2.410102
        ],
        [
          -0.056127,
          -0.945013,
          -0.322181,
          1.660899
        ],
        [
          0.0,
          0.0,
          0.0,
          1.0
        ]
      ]
    },
    {
      "file_path": "/media/NFS/ttao/scannet/posed_images/scene0071_00/00031.jpg",
      "transform_matrix": [
        [
          0.081782,
          0.331439,
          -0.939925,
          3.272986
        ],
        [
          0.995088,
          -0.079934,
          0.058395,
          2.398848
        ],
        [
          -0.055778,
          -0.940084,
          -0.336348,
          1.634509
        ],
        [
          0.0,
          0.0,
          0.0,
          1.0
        ]
      ]
    },
    {
      "file_path": "/media/NFS/ttao/scannet/posed_images/scene0071_00/00033.jpg",
      "transform_matrix": [
        [
          0.087296,
          0.324932,
          -0.9417,
          3.265019
        ],
        [
          0.994501,
          -0.083334,
          0.063436,
          2.397916
        ],
        [
          -0.057863,
          -0.942059,
          -0.33042,
          1.638924
        ],
        [
          0.0,
          0.0,
          0.0,
          1.0
        ]
      ]
    },
    {
      "file_path": "/media/NFS/ttao/scannet/posed_images/scene0071_00/00037.jpg",
      "transform_matrix": [
        [
          0.074872,
          0.311188,
          -0.947394,
          3.228291
        ],
        [
          0.994946,
          -0.087059,
          0.050034,
          2.403354
        ],
        [
          -0.066909,
          -0.946352,
          -0.316133,
          1.640384
        ],
        [
          0.0,
          0.0,
          0.0,
          1.0
        ]
      ]
    },
    {
      "file_path": "/media/NFS/ttao/scannet/posed_images/scene0071_00/00042.jpg",
      "transform_matrix": [
        [
          0.039836,
          0.290406,
          -0.956074,
          3.157396
        ],
        [
          0.996459,
          -0.082451,
          0.016475,
          2.427994
        ],
        [
          -0.074045,
          -0.953345,
          -0.292662,
          1.643602
        ],
        [
          0.0,
          0.0,
          0.0,
          1.0
        ]
      ]
    },
    {
      "file_path": "/media/NFS/ttao/scannet/posed_images/scene0071_00/00043.jpg",
      "transform_matrix": [
        [
          0.038029,
          0.291551,
          -0.955799,
          3.151538
        ],
        [
          0.996587,
          -0.081203,
          0.014882,
          2.434268
        ],
        [
          -0.073274,
          -0.953102,
          -0.293644,
          1.645724
        ],
        [
          0.0,
          0.0,
          0.0,
          1.0
        ]
      ]
    },
    {
      "file_path": "/media/NFS/ttao/scannet/posed_images/scene0071_00/00050.jpg",
      "transform_matrix": [
        [
          0.049416,
          0.263484,
          -0.963397,
          3.070452
        ],
        [
          0.997347,
          -0.064634,
          0.033481,
          2.49179
        ],
        [
          -0.053446,
          -0.962496,
          -0.265979,
          1.620705
        ],
        [
          0.0,
          0.0,
          0.0,
          1.0
        ]
      ]
    },
    {
      "file_path": "/media/NFS/ttao/scannet/posed_images/scene0071_00/00051.jpg",
      "transform_matrix": [
        [
          0.052003,
          0.264146,
          -0.96308,
          3.064126
        ],
        [
          0.997396,
          -0.062003,
          0.036851,
          2.499949
        ],
        [
          -0.04998,
          -0.962488,
          -0.266682,
          1.622772
        ],
        [
          0.0,
          0.0,
          0.0,
          1.0
        ]
      ]
    },
    {
      "file_path": "/media/NFS/ttao/scannet/posed_images/scene0071_00/00057.jpg",
      "transform_matrix": [
        [
          0.085019,
          0.292932,
          -0.952346,
          2.991088
        ],
        [
          0.995106,
          -0.073276,
          0.066297,
          2.561544
        ],
        [
          -0.050364,
          -0.953321,
          -0.297728,
          1.615062
        ],
        [
          0.0,
          0.0,
          0.0,
          1.0
        ]
      ]
    },
    {
      "file_path": "/media/NFS/ttao/scannet/posed_images/scene0071_00/00060.jpg",
      "transform_matrix": [
        [
          0.081086,
          0.296919,
          -0.951454,
          2.965283
        ],
        [
          0.994521,
          -0.08729,
          0.057516,
          2.582093
        ],
        [
          -0.065975,
          -0.950904,
          -0.302371,
          1.617946
        ],
        [
          0.0,
          0.0,
          0.0,
          1.0
        ]
      ]
    },
    {
      "file_path": "/media/NFS/ttao/scannet/posed_images/scene0071_00/00065.jpg",
      "transform_matrix": [
        [
          0.071403,
          0.288242,
          -0.954892,
          2.918257
        ],
        [
          0.995712,
          -0.077051,
          0.051197,
          2.631272
        ],
        [
          -0.058818,
          -0.954452,
          -0.292508,
          1.613777
        ],
        [
          0.0,
          0.0,
          0.0,
          1.0
        ]
      ]
    },
    {
      "file_path": "/media/NFS/ttao/scannet/posed_images/scene0071_00/00067.jpg",
      "transform_matrix": [
        [
          0.062887,
          0.279959,
          -0.95795,
          2.902054
        ],
        [
          0.996047,
          -0.077942,
          0.042609,
          2.655447
        ],
        [
          -0.062736,
          -0.956843,
          -0.283754,
          1.611202
        ],
        [
          0.0,
          0.0,
          0.0,
          1.0
        ]
      ]
    },
    {
      "file_path": "/media/NFS/ttao/scannet/posed_images/scene0071_00/00072.jpg",
      "transform_matrix": [
        [
          0.03795,
          0.26477,
          -0.963565,
          2.887494
        ],
        [
          0.996022,
          -0.087822,
          0.015096,
          2.710146
        ],
        [
          -0.080625,
          -0.960304,
          -0.267049,
          1.612231
        ],
        [
          0.0,
          0.0,
          0.0,
          1.0
        ]
      ]
    },
    {
      "file_path": "/media/NFS/ttao/scannet/posed_images/scene0071_00/00074.jpg",
      "transform_matrix": [
        [
          0.021133,
          0.256977,
          -0.966187,
          2.885149
        ],
        [
          0.996432,
          -0.084404,
          -0.000654,
          2.739518
        ],
        [
          -0.081718,
          -0.962725,
          -0.257843,
          1.614568
        ],
        [
          0.0,
          0.0,
          0.0,
          1.0
        ]
      ]
    },
    {
      "file_path": "/media/NFS/ttao/scannet/posed_images/scene0071_00/00080.jpg",
      "transform_matrix": [
        [
          -0.071804,
          0.258379,
          -0.963371,
          2.890736
        ],
        [
          0.994974,
          -0.049037,
          -0.087312,
          2.828354
        ],
        [
          -0.069801,
          -0.964798,
          -0.253559,
          1.616979
        ],
        [
          0.0,
          0.0,
          0.0,
          1.0
        ]
      ]
    },
    {
      "file_path": "/media/NFS/ttao/scannet/posed_images/scene0071_00/00084.jpg",
      "transform_matrix": [
        [
          -0.129808,
          0.262538,
          -0.95615,
          2.91577
        ],
        [
          0.990243,
          -0.014967,
          -0.138546,
          2.907052
        ],
        [
          -0.050684,
          -0.964805,
          -0.258034,
          1.620171
        ],
        [
          0.0,
          0.0,
          0.0,
          1.0
        ]
      ]
    },
    {
      "file_path": "/media/NFS/ttao/scannet/posed_images/scene0071_00/00085.jpg",
      "transform_matrix": [
        [
          -0.139184,
          0.265423,
          -0.954033,
          2.920006
        ],
        [
          0.989188,
          -0.007688,
          -0.146452,
          2.922633
        ],
        [
          -0.046206,
          -0.964101,
          -0.261483,
          1.623874
        ],
        [
          0.0,
          0.0,
          0.0,
          1.0
        ]
      ]
    },
    {
      "file_path": "/media/NFS/ttao/scannet/posed_images/scene0071_00/00091.jpg",
      "transform_matrix": [
        [
          -0.168959,
          0.288435,
          -0.942474,
          2.947751
        ],
        [
          0.984558,
          0.004943,
          -0.174991,
          3.024559
        ],
        [
          -0.045815,
          -0.957487,
          -0.284816,
          1.616956
        ],
        [
          0.0,
          0.0,
          0.0,
          1.0
        ]
      ]
    },
    {
      "file_path": "/media/NFS/ttao/scannet/posed_images/scene0071_00/00092.jpg",
      "transform_matrix": [
        [
          -0.172379,
          0.291276,
          -0.94098,
          2.949257
        ],
        [
          0.983944,
          0.006054,
          -0.178376,
          3.036543
        ],
        [
          -0.04626,
          -0.95662,
          -0.287643,
          1.614214
        ],
        [
          0.0,
          0.0,
          0.0,
          1.0
        ]
      ]
    },
    {
      "file_path": "/media/NFS/ttao/scannet/posed_images/scene0071_00/00098.jpg",
      "transform_matrix": [
        [
          -0.179651,
          0.302131,
          -0.936185,
          2.951949
        ],
        [
          0.982277,
          0.003381,
          -0.187405,
          3.103362
        ],
        [
          -0.053456,
          -0.95326,
          -0.297384,
          1.584505
        ],
        [
          0.0,
          0.0,
          0.0,
          1.0
        ]
      ]
    },
    {
      "file_path": "/media/NFS/ttao/scannet/posed_images/scene0071_00/00100.jpg",
      "transform_matrix": [
        [
          -0.194734,
          0.293244,
          -0.935995,
          2.946426
        ],
        [
          0.979377,
          0.005735,
          -0.201963,
          3.131878
        ],
        [
          -0.053856,
          -0.95602,
          -0.288313,
          1.582622
        ],
        [
          0.0,
          0.0,
          0.0,
          1.0
        ]
      ]
    },
    {
      "file_path": "/media/NFS/ttao/scannet/posed_images/scene0071_00/00104.jpg",
      "transform_matrix": [
        [
          -0.20894,
          0.283906,
          -0.93581,
          2.9347
        ],
        [
          0.976483,
          0.008564,
          -0.215423,
          3.172634
        ],
        [
          -0.053146,
          -0.958814,
          -0.279019,
          1.572133
        ],
        [
          0.0,
          0.0,
          0.0,
          1.0
        ]
      ]
    },
    {
      "file_path": "/media/NFS/ttao/scannet/posed_images/scene0071_00/00107.jpg",
      "transform_matrix": [
        [
          -0.228415,
          0.287425,
          -0.930169,
          2.931521
        ],
        [
          0.972509,
          0.022884,
          -0.231741,
          3.194654
        ],
        [
          -0.045322,
          -0.95753,
          -0.28475,
          1.567885
        ],
        [
          0.0,
          0.0,
          0.0,
          1.0
        ]
      ]
    },
    {
      "file_path": "/media/NFS/ttao/scannet/posed_images/scene0071_00/00110.jpg",
      "transform_matrix": [
        [
          -0.250662,
          0.279142,
          -0.926956,
          2.925487
        ],
        [
          0.966616,
          0.019618,
          -0.255479,
          3.228908
        ],
        [
          -0.05313,
          -0.960049,
          -0.274741,
          1.56436
        ],
        [
          0.0,
          0.0,
          0.0,
          1.0
        ]
      ]
    },
    {
      "file_path": "/media/NFS/ttao/scannet/posed_images/scene0071_00/00115.jpg",
      "transform_matrix": [
        [
          -0.286702,
          0.264498,
          -0.920783,
          2.927554
        ],
        [
          0.955745,
          0.012772,
          -0.293919,
          3.274862
        ],
        [
          -0.065981,
          -0.964301,
          -0.256455,
          1.574662
        ],
        [
          0.0,
          0.0,
          0.0,
          1.0
        ]
      ]
    },
    {
      "file_path": "/media/NFS/ttao/scannet/posed_images/scene0071_00/00120.jpg",
      "transform_matrix": [
        [
          -0.34533,
          0.225688,
          -0.91094,
          2.930946
        ],
        [
          0.93619,
          0.015046,
          -0.351174,
          3.340138
        ],
        [
          -0.06555,
          -0.974083,
          -0.216483,
          1.582609
        ],
        [
          0.0,
          0.0,
          0.0,
          1.0
        ]
      ]
    },
    {
      "file_path": "/media/NFS/ttao/scannet/posed_images/scene0071_00/00125.jpg",
      "transform_matrix": [
        [
          -0.383425,
          0.200391,
          -0.90157,
          2.940576
        ],
        [
          0.922055,
          0.027129,
          -0.386107,
          3.405198
        ],
        [
          -0.052914,
          -0.97934,
          -0.195174,
          1.601697
        ],
        [
          0.0,
          0.0,
          0.0,
          1.0
        ]
      ]
    },
    {
      "file_path": "/media/NFS/ttao/scannet/posed_images/scene0071_00/00126.jpg",
      "transform_matrix": [
        [
          -0.386359,
          0.194087,
          -0.901696,
          2.941493
        ],
        [
          0.920976,
          0.027873,
          -0.38862,
          3.416307
        ],
        [
          -0.050293,
          -0.980588,
          -0.189519,
          1.602919
        ],
        [
          0.0,
          0.0,
          0.0,
          1.0
        ]
      ]
    },
    {
      "file_path": "/media/NFS/ttao/scannet/posed_images/scene0071_00/00131.jpg",
      "transform_matrix": [
        [
          -0.391671,
          0.128061,
          -0.91115,
          2.956949
        ],
        [
          0.919669,
          0.023982,
          -0.391962,
          3.468324
        ],
        [
          -0.028344,
          -0.991476,
          -0.127167,
          1.604689
        ],
        [
          0.0,
          0.0,
          0.0,
          1.0
        ]
      ]
    },
    {
      "file_path": "/media/NFS/ttao/scannet/posed_images/scene0071_00/00136.jpg",
      "transform_matrix": [
        [
          -0.418597,
          0.081887,
          -0.904473,
          2.96644
        ],
        [
          0.907251,
          -0.007142,
          -0.42053,
          3.498559
        ],
        [
          -0.040896,
          -0.996616,
          -0.071303,
          1.626549
        ],
        [
          0.0,
          0.0,
          0.0,
          1.0
        ]
      ]
    },
    {
      "file_path": "/media/NFS/ttao/scannet/posed_images/scene0071_00/00137.jpg",
      "transform_matrix": [
        [
          -0.422612,
          0.079765,
          -0.902794,
          2.965163
        ],
        [
          0.905351,
          -0.008687,
          -0.424576,
          3.504721
        ],
        [
          -0.041709,
          -0.996776,
          -0.068544,
          1.627175
        ],
        [
          0.0,
          0.0,
          0.0,
          1.0
        ]
      ]
    },
    {
      "file_path": "/media/NFS/ttao/scannet/posed_images/scene0071_00/00143.jpg",
      "transform_matrix": [
        [
          -0.418253,
          0.071254,
          -0.905532,
          2.978931
        ],
        [
          0.907139,
          -0.018296,
          -0.420434,
          3.492998
        ],
        [
          -0.046525,
          -0.99729,
          -0.056985,
          1.62868
        ],
        [
          0.0,
          0.0,
          0.0,
          1.0
        ]
      ]
    },
    {
      "file_path": "/media/NFS/ttao/scannet/posed_images/scene0071_00/00144.jpg",
      "transform_matrix": [
        [
          -0.416542,
          0.069806,
          -0.906432,
          2.976262
        ],
        [
          0.907906,
          -0.019491,
          -0.418721,
          3.489788
        ],
        [
          -0.046896,
          -0.99737,
          -0.055258,
          1.629309
        ],
        [
          0.0,
          0.0,
          0.0,
          1.0
        ]
      ]
    },
    {
      "file_path": "/media/NFS/ttao/scannet/posed_images/scene0071_00/00149.jpg",
      "transform_matrix": [
        [
          -0.376833,
          0.058824,
          -0.924411,
          2.966885
        ],
        [
          0.924752,
          -0.03343,
          -0.379099,
          3.457443
        ],
        [
          -0.053203,
          -0.997708,
          -0.041801,
          1.65521
        ],
        [
          0.0,
          0.0,
          0.0,
          1.0
        ]
      ]
    },
    {
      "file_path": "/media/NFS/ttao/scannet/posed_images/scene0071_00/00152.jpg",
      "transform_matrix": [
        [
          -0.326941,
          0.049398,
          -0.943753,
          2.969444
        ],
        [
          0.94336,
          -0.042552,
          -0.329032,
          3.405807
        ],
        [
          -0.056412,
          -0.997872,
          -0.032688,
          1.646503
        ],
        [
          0.0,
          0.0,
          0.0,
          1.0
        ]
      ]
    },
    {
      "file_path": "/media/NFS/ttao/scannet/posed_images/scene0071_00/00156.jpg",
      "transform_matrix": [
        [
          -0.276019,
          0.02612,
          -0.960797,
          2.960641
        ],
        [
          0.958447,
          -0.067471,
          -0.277178,
          3.344395
        ],
        [
          -0.072065,
          -0.997379,
          -0.006411,
          1.652695
        ],
        [
          0.0,
          0.0,
          0.0,
          1.0
        ]
      ]
    },
    {
      "file_path": "/media/NFS/ttao/scannet/posed_images/scene0071_00/00162.jpg",
      "transform_matrix": [
        [
          -0.229963,
          -0.021235,
          -0.972967,
          2.947977
        ],
        [
          0.970363,
          -0.081284,
          -0.227573,
          3.273928
        ],
        [
          -0.074254,
          -0.996465,
          0.039298,
          1.672568
        ],
        [
          0.0,
          0.0,
          0.0,
          1.0
        ]
      ]
    },
    {
      "file_path": "/media/NFS/ttao/scannet/posed_images/scene0071_00/00164.jpg",
      "transform_matrix": [
        [
          -0.222862,
          -0.030575,
          -0.97437,
          2.944817
        ],
        [
          0.972317,
          -0.078975,
          -0.219915,
          3.254345
        ],
        [
          -0.070226,
          -0.996408,
          0.047329,
          1.671284
        ],
        [
          0.0,
          0.0,
          0.0,
          1.0
        ]
      ]
    },
    {
      "file_path": "/media/NFS/ttao/scannet/posed_images/scene0071_00/00166.jpg",
      "transform_matrix": [
        [
          -0.224945,
          -0.031946,
          -0.973848,
          2.938411
        ],
        [
          0.972148,
          -0.07484,
          -0.222097,
          3.231604
        ],
        [
          -0.065787,
          -0.996684,
          0.047891,
          1.666904
        ],
        [
          0.0,
          0.0,
          0.0,
          1.0
        ]
      ]
    },
    {
      "file_path": "/media/NFS/ttao/scannet/posed_images/scene0071_00/00172.jpg",
      "transform_matrix": [
        [
          -0.229335,
          -0.057513,
          -0.971647,
          2.924963
        ],
        [
          0.972017,
          -0.065704,
          -0.225533,
          3.181242
        ],
        [
          -0.05087,
          -0.99618,
          0.070972,
          1.671734
        ],
        [
          0.0,
          0.0,
          0.0,
          1.0
        ]
      ]
    },
    {
      "file_path": "/media/NFS/ttao/scannet/posed_images/scene0071_00/00175.jpg",
      "transform_matrix": [
        [
          -0.238387,
          -0.055171,
          -0.969602,
          2.91365
        ],
        [
          0.969975,
          -0.06305,
          -0.234891,
          3.159603
        ],
        [
          -0.048175,
          -0.996484,
          0.068545,
          1.681106
        ],
        [
          0.0,
          0.0,
          0.0,
          1.0
        ]
      ]
    },
    {
      "file_path": "/media/NFS/ttao/scannet/posed_images/scene0071_00/00180.jpg",
      "transform_matrix": [
        [
          -0.238962,
          -0.042755,
          -0.970087,
          2.885695
        ],
        [
          0.970154,
          -0.052905,
          -0.236647,
          3.129633
        ],
        [
          -0.041205,
          -0.997684,
          0.054122,
          1.678891
        ],
        [
          0.0,
          0.0,
          0.0,
          1.0
        ]
      ]
    },
    {
      "file_path": "/media/NFS/ttao/scannet/posed_images/scene0071_00/00184.jpg",
      "transform_matrix": [
        [
          -0.239248,
          -0.045833,
          -0.969876,
          2.862432
        ],
        [
          0.96997,
          -0.056349,
          -0.236609,
          3.110126
        ],
        [
          -0.043807,
          -0.997358,
          0.057938,
          1.680186
        ],
        [
          0.0,
          0.0,
          0.0,
          1.0
        ]
      ]
    },
    {
      "file_path": "/media/NFS/ttao/scannet/posed_images/scene0071_00/00187.jpg",
      "transform_matrix": [
        [
          -0.23093,
          -0.04018,
          -0.97214,
          2.837299
        ],
        [
          0.972299,
          -0.046636,
          -0.229041,
          3.087205
        ],
        [
          -0.036134,
          -0.998103,
          0.049837,
          1.672365
        ],
        [
          0.0,
          0.0,
          0.0,
          1.0
        ]
      ]
    },
    {
      "file_path": "/media/NFS/ttao/scannet/posed_images/scene0071_00/00192.jpg",
      "transform_matrix": [
        [
          -0.239189,
          0.000729,
          -0.970973,
          2.804436
        ],
        [
          0.970695,
          -0.023757,
          -0.239138,
          3.047837
        ],
        [
          -0.023241,
          -0.999717,
          0.004975,
          1.658098
        ],
        [
          0.0,
          0.0,
          0.0,
          1.0
        ]
      ]
    },
    {
      "file_path": "/media/NFS/ttao/scannet/posed_images/scene0071_00/00195.jpg",
      "transform_matrix": [
        [
          -0.232651,
          0.031373,
          -0.972054,
          2.78298
        ],
        [
          0.972523,
          -0.001201,
          -0.232802,
          3.01781
        ],
        [
          -0.008471,
          -0.999507,
          -0.030231,
          1.652446
        ],
        [
          0.0,
          0.0,
          0.0,
          1.0
        ]
      ]
    },
    {
      "file_path": "/media/NFS/ttao/scannet/posed_images/scene0071_00/00196.jpg",
      "transform_matrix": [
        [
          -0.230038,
          0.039554,
          -0.972377,
          2.778197
        ],
        [
          0.973159,
          0.002449,
          -0.230123,
          3.010109
        ],
        [
          -0.006721,
          -0.999214,
          -0.039056,
          1.649332
        ],
        [
          0.0,
          0.0,
          0.0,
          1.0
        ]
      ]
    },
    {
      "file_path": "/media/NFS/ttao/scannet/posed_images/scene0071_00/00201.jpg",
      "transform_matrix": [
        [
          -0.160947,
          0.068376,
          -0.984592,
          2.753785
        ],
        [
          0.986841,
          0.026824,
          -0.159452,
          2.954152
        ],
        [
          0.015508,
          -0.997299,
          -0.071793,
          1.650034
        ],
        [
          0.0,
          0.0,
          0.0,
          1.0
        ]
      ]
    },
    {
      "file_path": "/media/NFS/ttao/scannet/posed_images/scene0071_00/00204.jpg",
      "transform_matrix": [
        [
          -0.099997,
          0.083812,
          -0.991451,
          2.740675
        ],
        [
          0.994933,
          0.01887,
          -0.098753,
          2.908779
        ],
        [
          0.010432,
          -0.996303,
          -0.085274,
          1.641105
        ],
        [
          0.0,
          0.0,
          0.0,
          1.0
        ]
      ]
    },
    {
      "file_path": "/media/NFS/ttao/scannet/posed_images/scene0071_00/00209.jpg",
      "transform_matrix": [
        [
          -0.020306,
          0.102665,
          -0.994509,
          2.725125
        ],
        [
          0.999474,
          -0.023065,
          -0.022789,
          2.826891
        ],
        [
          -0.025278,
          -0.994448,
          -0.102143,
          1.634789
        ],
        [
          0.0,
          0.0,
          0.0,
          1.0
        ]
      ]
    },
    {
      "file_path": "/media/NFS/ttao/scannet/posed_images/scene0071_00/00211.jpg",
      "transform_matrix": [
        [
          0.003067,
          0.103342,
          -0.994641,
          2.729029
        ],
        [
          0.999451,
          -0.033129,
          -0.00036,
          2.794301
        ],
        [
          -0.032988,
          -0.994094,
          -0.103386,
          1.645265
        ],
        [
          0.0,
          0.0,
          0.0,
          1.0
        ]
      ]
    },
    {
      "file_path": "/media/NFS/ttao/scannet/posed_images/scene0071_00/00217.jpg",
      "transform_matrix": [
        [
          0.0673,
          0.123614,
          -0.990045,
          2.715562
        ],
        [
          0.996676,
          -0.053994,
          0.06101,
          2.709511
        ],
        [
          -0.045915,
          -0.99086,
          -0.126837,
          1.648382
        ],
        [
          0.0,
          0.0,
          0.0,
          1.0
        ]
      ]
    },
    {
      "file_path": "/media/NFS/ttao/scannet/posed_images/scene0071_00/00218.jpg",
      "transform_matrix": [
        [
          0.077529,
          0.123793,
          -0.989275,
          2.710143
        ],
        [
          0.995699,
          -0.060098,
          0.070512,
          2.691068
        ],
        [
          -0.050724,
          -0.990487,
          -0.12792,
          1.647329
        ],
        [
          0.0,
          0.0,
          0.0,
          1.0
        ]
      ]
    },
    {
      "file_path": "/media/NFS/ttao/scannet/posed_images/scene0071_00/00222.jpg",
      "transform_matrix": [
        [
          0.101984,
          0.125773,
          -0.986803,
          2.687375
        ],
        [
          0.993769,
          -0.057734,
          0.095345,
          2.659043
        ],
        [
          -0.04498,
          -0.990378,
          -0.130877,
          1.655623
        ],
        [
          0.0,
          0.0,
          0.0,
          1.0
        ]
      ]
    },
    {
      "file_path": "/media/NFS/ttao/scannet/posed_images/scene0071_00/00228.jpg",
      "transform_matrix": [
        [
          0.116471,
          0.120484,
          -0.985859,
          2.63925
        ],
        [
          0.992431,
          -0.053033,
          0.110766,
          2.614921
        ],
        [
          -0.038938,
          -0.991298,
          -0.125749,
          1.646212
        ],
        [
          0.0,
          0.0,
          0.0,
          1.0
        ]
      ]
    },
    {
      "file_path": "/media/NFS/ttao/scannet/posed_images/scene0071_00/00229.jpg",
      "transform_matrix": [
        [
          0.11944,
          0.120149,
          -0.985545,
          2.631199
        ],
        [
          0.992132,
          -0.051953,
          0.113905,
          2.610174
        ],
        [
          -0.037516,
          -0.991396,
          -0.125409,
          1.645235
        ],
        [
          0.0,
          0.0,
          0.0,
          1.0
        ]
      ]
    },
    {
      "file_path": "/media/NFS/ttao/scannet/posed_images/scene0071_00/00233.jpg",
      "transform_matrix": [
        [
          0.139443,
          0.122366,
          -0.98264,
          2.582041
        ],
        [
          0.989604,
          -0.052511,
          0.133892,
          2.595866
        ],
        [
          -0.035216,
          -0.991095,
          -0.128417,
          1.6468
        ],
        [
          0.0,
          0.0,
          0.0,
          1.0
        ]
      ]
    },
    {
      "file_path": "/media/NFS/ttao/scannet/posed_images/scene0071_00/00240.jpg",
      "transform_matrix": [
        [
          0.193234,
          0.106255,
          -0.975382,
          2.512679
        ],
        [
          0.980921,
          -0.042516,
          0.1897,
          2.586605
        ],
        [
          -0.021312,
          -0.993429,
          -0.112444,
          1.633706
        ],
        [
          0.0,
          0.0,
          0.0,
          1.0
        ]
      ]
    },
    {
      "file_path": "/media/NFS/ttao/scannet/posed_images/scene0071_00/00243.jpg",
      "transform_matrix": [
        [
          0.225935,
          0.114099,
          -0.967437,
          2.478866
        ],
        [
          0.97397,
          -0.045135,
          0.222138,
          2.582901
        ],
        [
          -0.01832,
          -0.992443,
          -0.121327,
          1.625259
        ],
        [
          0.0,
          0.0,
          0.0,
          1.0
        ]
      ]
    },
    {
      "file_path": "/media/NFS/ttao/scannet/posed_images/scene0071_00/00245.jpg",
      "transform_matrix": [
        [
          0.24292,
          0.111848,
          -0.963576,
          2.461257
        ],
        [
          0.969855,
          -0.047724,
          0.238964,
          2.582377
        ],
        [
          -0.019258,
          -0.992579,
          -0.120069,
          1.62455
        ],
        [
          0.0,
          0.0,
          0.0,
          1.0
        ]
      ]
    },
    {
      "file_path": "/media/NFS/ttao/scannet/posed_images/scene0071_00/00251.jpg",
      "transform_matrix": [
        [
          0.293246,
          0.120266,
          -0.948442,
          2.386669
        ],
        [
          0.955997,
          -0.046031,
          0.289745,
          2.582
        ],
        [
          -0.008812,
          -0.991674,
          -0.128472,
          1.629824
        ],
        [
          0.0,
          0.0,
          0.0,
          1.0
        ]
      ]
    },
    {
      "file_path": "/media/NFS/ttao/scannet/posed_images/scene0071_00/00252.jpg",
      "transform_matrix": [
        [
          0.302538,
          0.12026,
          -0.94552,
          2.376045
        ],
        [
          0.953105,
          -0.046419,
          0.299061,
          2.579138
        ],
        [
          -0.007925,
          -0.991657,
          -0.128664,
          1.628706
        ],
        [
          0.0,
          0.0,
          0.0,
          1.0
        ]
      ]
    },
    {
      "file_path": "/media/NFS/ttao/scannet/posed_images/scene0071_00/00255.jpg",
      "transform_matrix": [
        [
          0.343923,
          0.118246,
          -0.931523,
          2.33289
        ],
        [
          0.938965,
          -0.051607,
          0.34012,
          2.56887
        ],
        [
          -0.007856,
          -0.991642,
          -0.128777,
          1.630543
        ],
        [
          0.0,
          0.0,
          0.0,
          1.0
        ]
      ]
    },
    {
      "file_path": "/media/NFS/ttao/scannet/posed_images/scene0071_00/00260.jpg",
      "transform_matrix": [
        [
          0.401547,
          0.110579,
          -0.909138,
          2.281078
        ],
        [
          0.915797,
          -0.039016,
          0.399743,
          2.561951
        ],
        [
          0.008732,
          -0.993101,
          -0.116935,
          1.616867
        ],
        [
          0.0,
          0.0,
          0.0,
          1.0
        ]
      ]
    },
    {
      "file_path": "/media/NFS/ttao/scannet/posed_images/scene0071_00/00265.jpg",
      "transform_matrix": [
        [
          0.481593,
          0.12483,
          -0.867459,
          2.201285
        ],
        [
          0.876394,
          -0.067015,
          0.47691,
          2.517241
        ],
        [
          0.001399,
          -0.989912,
          -0.141674,
          1.627752
        ],
        [
          0.0,
          0.0,
          0.0,
          1.0
        ]
      ]
    },
    {
      "file_path": "/media/NFS/ttao/scannet/posed_images/scene0071_00/00268.jpg",
      "transform_matrix": [
        [
          0.502241,
          0.120424,
          -0.856301,
          2.172261
        ],
        [
          0.864704,
          -0.077255,
          0.496305,
          2.513204
        ],
        [
          -0.006387,
          -0.989712,
          -0.142932,
          1.631221
        ],
        [
          0.0,
          0.0,
          0.0,
          1.0
        ]
      ]
    },
    {
      "file_path": "/media/NFS/ttao/scannet/posed_images/scene0071_00/00272.jpg",
      "transform_matrix": [
        [
          0.533788,
          0.125695,
          -0.836224,
          2.1208
        ],
        [
          0.845371,
          -0.055425,
          0.531296,
          2.531171
        ],
        [
          0.020434,
          -0.990519,
          -0.135844,
          1.580985
        ],
        [
          0.0,
          0.0,
          0.0,
          1.0
        ]
      ]
    },
    {
      "file_path": "/media/NFS/ttao/scannet/posed_images/scene0071_00/00274.jpg",
      "transform_matrix": [
        [
          0.545084,
          0.128509,
          -0.828474,
          2.098453
        ],
        [
          0.8381,
          -0.057922,
          0.542433,
          2.532216
        ],
        [
          0.021721,
          -0.990015,
          -0.139275,
          1.583973
        ],
        [
          0.0,
          0.0,
          0.0,
          1.0
        ]
      ]
    },
    {
      "file_path": "/media/NFS/ttao/scannet/posed_images/scene0071_00/00280.jpg",
      "transform_matrix": [
        [
          0.572637,
          0.113121,
          -0.811967,
          2.011384
        ],
        [
          0.819519,
          -0.052676,
          0.570625,
          2.560256
        ],
        [
          0.021778,
          -0.992184,
          -0.122869,
          1.564583
        ],
        [
          0.0,
          0.0,
          0.0,
          1.0
        ]
      ]
    },
    {
      "file_path": "/media/NFS/ttao/scannet/posed_images/scene0071_00/00282.jpg",
      "transform_matrix": [
        [
          0.579603,
          0.121169,
          -0.80584,
          1.987259
        ],
        [
          0.814445,
          -0.053134,
          0.577802,
          2.567683
        ],
        [
          0.027194,
          -0.991209,
          -0.129482,
          1.56904
        ],
        [
          0.0,
          0.0,
          0.0,
          1.0
        ]
      ]
    },
    {
      "file_path": "/media/NFS/ttao/scannet/posed_images/scene0071_00/00287.jpg",
      "transform_matrix": [
        [
          0.597924,
          0.108671,
          -0.794152,
          1.924183
        ],
        [
          0.800769,
          -0.037186,
          0.597818,
          2.590892
        ],
        [
          0.035434,
          -0.993382,
