{
  "frames": [
    {
      "file_path": "/media/NFS/ttao/scannet/posed_images/scene0189_00/00000.jpg",
      "transform_matrix": [
        [
          -0.482968,
          -0.397392,
          0.78027,
          8.974016
        ],
        [
          -0.874514,
          0.173759,
          -0.452807,
          2.795387
        ],
        [
          0.044362,
          -0.901048,
          -0.431445,
          1.945192
        ],
        [
          0.0,
          0.0,
          0.0,
          1.0
        ]
      ]
    },
    {
      "file_path": "/media/NFS/ttao/scannet/posed_images/scene0189_00/00005.jpg",
      "transform_matrix": [
        [
          -0.510991,
          -0.391445,
          0.765283,
          9.006375
        ],
        [
          -0.858427,
          0.186174,
          -0.477956,
          2.780076
        ],
        [
          0.044617,
          -0.901171,
          -0.431161,
          1.932389
        ],
        [
          0.0,
          0.0,
          0.0,
          1.0
        ]
      ]
    },
    {
      "file_path": "/media/NFS/ttao/scannet/posed_images/scene0189_00/00011.jpg",
      "transform_matrix": [
        [
          -0.524158,
          -0.379255,
          0.762511,
          9.03248
        ],
        [
          -0.851412,
          0.213524,
          -0.479067,
          2.727545
        ],
        [
          0.018874,
          -0.900318,
          -0.434823,
          1.946305
        ],
        [
          0.0,
          0.0,
          0.0,
          1.0
        ]
      ]
    },
    {
      "file_path": "/media/NFS/ttao/scannet/posed_images/scene0189_00/00019.jpg",
      "transform_matrix": [
        [
          -0.458215,
          -0.381018,
          0.803034,
          8.971381
        ],
        [
          -0.888804,
          0.188118,
          -0.417899,
          2.578426
        ],
        [
          0.008162,
          -0.905227,
          -0.424849,
          1.941849
        ],
        [
          0.0,
          0.0,
          0.0,
          1.0
        ]
      ]
    },
    {
      "file_path": "/media/NFS/ttao/scannet/posed_images/scene0189_00/00020.jpg",
      "transform_matrix": [
        [
          -0.449075,
          -0.379521,
          0.808885,
          8.957865
        ],
        [
          -0.893461,
          0.182884,
          -0.410222,
          2.556493
        ],
        [
          0.007756,
          -0.906928,
          -0.421216,
          1.933949
        ],
        [
          0.0,
          0.0,
          0.0,
          1.0
        ]
      ]
    },
    {
      "file_path": "/media/NFS/ttao/scannet/posed_images/scene0189_00/00025.jpg",
      "transform_matrix": [
        [
          -0.44105,
          -0.413921,
          0.796332,
          8.920511
        ],
        [
          -0.897285,
          0.184763,
          -0.400926,
          2.447275
        ],
        [
          0.018819,
          -0.891366,
          -0.452895,
          1.93006
        ],
        [
          0.0,
          0.0,
          0.0,
          1.0
        ]
      ]
    },
    {
      "file_path": "/media/NFS/ttao/scannet/posed_images/scene0189_00/00034.jpg",
      "transform_matrix": [
        [
          -0.407012,
          -0.470594,
          0.782868,
          8.89991
        ],
        [
          -0.913288,
          0.22437,
          -0.339945,
          2.251539
        ],
        [
          -0.015676,
          -0.853346,
          -0.52111,
          1.918252
        ],
        [
          0.0,
          0.0,
          0.0,
          1.0
        ]
      ]
    },
    {
      "file_path": "/media/NFS/ttao/scannet/posed_images/scene0189_00/00036.jpg",
      "transform_matrix": [
        [
          -0.380727,
          -0.478546,
          0.791227,
          8.903606
        ],
        [
          -0.924605,
          0.208425,
          -0.318849,
          2.213204
        ],
        [
          -0.012328,
          -0.852967,
          -0.521819,
          1.91413
        ],
        [
          0.0,
          0.0,
          0.0,
          1.0
        ]
      ]
    },
    {
      "file_path": "/media/NFS/ttao/scannet/posed_images/scene0189_00/00042.jpg",
      "transform_matrix": [
        [
          -0.300702,
          -0.51449,
          0.803043,
          8.907676
        ],
        [
          -0.953649,
          0.152082,
          -0.259661,
          2.088074
        ],
        [
          0.011465,
          -0.843902,
          -0.536375,
          1.908173
        ],
        [
          0.0,
          0.0,
          0.0,
          1.0
        ]
      ]
    },
    {
      "file_path": "/media/NFS/ttao/scannet/posed_images/scene0189_00/00048.jpg",
      "transform_matrix": [
        [
          -0.24359,
          -0.503657,
          0.828851,
          8.89984
        ],
        [
          -0.969649,
          0.145034,
          -0.196838,
          1.948188
        ],
        [
          -0.021073,
          -0.851642,
          -0.5237,
          1.938485
        ],
        [
          0.0,
          0.0,
          0.0,
          1.0
        ]
      ]
    },
    {
      "file_path": "/media/NFS/ttao/scannet/posed_images/scene0189_00/00051.jpg",
      "transform_matrix": [
        [
          -0.20458,
          -0.511468,
          0.834594,
          8.898739
        ],
        [
          -0.97845,
          0.131211,
          -0.159433,
          1.899652
        ],
        [
          -0.027963,
          -0.849226,
          -0.527289,
          1.948421
        ],
        [
          0.0,
          0.0,
          0.0,
          1.0
        ]
      ]
    },
    {
      "file_path": "/media/NFS/ttao/scannet/posed_images/scene0189_00/00059.jpg",
      "transform_matrix": [
        [
          -0.097466,
          -0.540865,
          0.835443,
          8.869831
        ],
        [
          -0.993604,
          0.100974,
          -0.050547,
          1.765691
        ],
        [
          -0.057019,
          -0.835027,
          -0.547247,
          1.956441
        ],
        [
          0.0,
          0.0,
          0.0,
          1.0
        ]
      ]
    },
    {
      "file_path": "/media/NFS/ttao/scannet/posed_images/scene0189_00/00065.jpg",
      "transform_matrix": [
        [
          -0.076566,
          -0.543179,
          0.836118,
          8.857411
        ],
        [
          -0.994507,
          0.10163,
          -0.025046,
          1.693067
        ],
        [
          -0.07137,
          -0.833444,
          -0.547977,
          1.952236
        ],
        [
          0.0,
          0.0,
          0.0,
          1.0
        ]
      ]
    },
    {
      "file_path": "/media/NFS/ttao/scannet/posed_images/scene0189_00/00069.jpg",
      "transform_matrix": [
        [
          -0.063538,
          -0.545488,
          0.835706,
          8.852313
        ],
        [
          -0.995391,
          0.094918,
          -0.013724,
          1.702756
        ],
        [
          -0.071837,
          -0.832726,
          -0.549005,
          1.944425
        ],
        [
          0.0,
          0.0,
          0.0,
          1.0
        ]
      ]
    },
    {
      "file_path": "/media/NFS/ttao/scannet/posed_images/scene0189_00/00072.jpg",
      "transform_matrix": [
        [
          -0.068432,
          -0.558441,
          0.826717,
          8.853373
        ],
        [
          -0.99526,
          0.095606,
          -0.017802,
          1.730266
        ],
        [
          -0.069098,
          -0.824017,
          -0.562337,
          1.945259
        ],
        [
          0.0,
          0.0,
          0.0,
          1.0
        ]
      ]
    },
    {
      "file_path": "/media/NFS/ttao/scannet/posed_images/scene0189_00/00079.jpg",
      "transform_matrix": [
        [
          -0.069443,
          -0.564211,
          0.822705,
          8.844603
        ],
        [
          -0.993923,
          0.109743,
          -0.008634,
          1.869238
        ],
        [
          -0.085415,
          -0.818305,
          -0.568403,
          1.95331
        ],
        [
          0.0,
          0.0,
          0.0,
          1.0
        ]
      ]
    },
    {
      "file_path": "/media/NFS/ttao/scannet/posed_images/scene0189_00/00086.jpg",
      "transform_matrix": [
        [
          -0.116947,
          -0.549918,
          0.82699,
          8.852156
        ],
        [
          -0.991817,
          0.107603,
          -0.068703,
          2.06116
        ],
        [
          -0.051206,
          -0.828258,
          -0.558002,
          1.997061
        ],
        [
          0.0,
          0.0,
          0.0,
          1.0
        ]
      ]
    },
    {
      "file_path": "/media/NFS/ttao/scannet/posed_images/scene0189_00/00090.jpg",
      "transform_matrix": [
        [
          -0.129472,
          -0.550426,
          0.824783,
          8.841226
        ],
        [
          -0.991528,
          0.080658,
          -0.101819,
          2.155477
        ],
        [
          -0.010482,
          -0.830978,
          -0.556206,
          1.974674
        ],
        [
          0.0,
          0.0,
          0.0,
          1.0
        ]
      ]
    },
    {
      "file_path": "/media/NFS/ttao/scannet/posed_images/scene0189_00/00097.jpg",
      "transform_matrix": [
        [
          -0.165984,
          -0.484789,
          0.858737,
          8.900409
        ],
        [
          -0.985658,
          0.054655,
          -0.159661,
          2.359599
        ],
        [
          0.030467,
          -0.872922,
          -0.486908,
          1.984803
        ],
        [
          0.0,
          0.0,
          0.0,
          1.0
        ]
      ]
    },
    {
      "file_path": "/media/NFS/ttao/scannet/posed_images/scene0189_00/00101.jpg",
      "transform_matrix": [
        [
          -0.18797,
          -0.42601,
          0.884976,
          8.928467
        ],
        [
          -0.981877,
          0.059317,
          -0.179998,
          2.441868
        ],
        [
          0.024187,
          -0.902772,
          -0.42944,
          1.964379
        ],
        [
          0.0,
          0.0,
          0.0,
          1.0
        ]
      ]
    },
    {
      "file_path": "/media/NFS/ttao/scannet/posed_images/scene0189_00/00104.jpg",
      "transform_matrix": [
        [
          -0.208973,
          -0.408424,
          0.888549,
          8.963253
        ],
        [
          -0.97757,
          0.062898,
          -0.200998,
          2.497905
        ],
        [
          0.026204,
          -0.910623,
          -0.412407,
          1.970125
        ],
        [
          0.0,
          0.0,
          0.0,
          1.0
        ]
      ]
    },
    {
      "file_path": "/media/NFS/ttao/scannet/posed_images/scene0189_00/00111.jpg",
      "transform_matrix": [
        [
          -0.23356,
          -0.404549,
          0.884189,
          9.06628
        ],
        [
          -0.965653,
          -0.009982,
          -0.259646,
          2.702727
        ],
        [
          0.113865,
          -0.914462,
          -0.388323,
          1.957645
        ],
        [
          0.0,
          0.0,
          0.0,
          1.0
        ]
      ]
    },
    {
      "file_path": "/media/NFS/ttao/scannet/posed_images/scene0189_00/00114.jpg",
      "transform_matrix": [
        [
          -0.225162,
          -0.399203,
          0.888785,
          9.087861
        ],
        [
          -0.966743,
          -0.022022,
          -0.254802,
          2.769275
        ],
        [
          0.12129,
          -0.916598,
          -0.380968,
          1.944634
        ],
        [
          0.0,
          0.0,
          0.0,
          1.0
        ]
      ]
    },
    {
      "file_path": "/media/NFS/ttao/scannet/posed_images/scene0189_00/00118.jpg",
      "transform_matrix": [
        [
          -0.224575,
          -0.421799,
          0.878437,
          9.11987
        ],
        [
          -0.965924,
          -0.022681,
          -0.257831,
          2.878543
        ],
        [
          0.128677,
          -0.906406,
          -0.402332,
          1.920778
        ],
        [
          0.0,
          0.0,
          0.0,
          1.0
        ]
      ]
    },
    {
      "file_path": "/media/NFS/ttao/scannet/posed_images/scene0189_00/00128.jpg",
      "transform_matrix": [
        [
          -0.209356,
          -0.407742,
          0.888772,
          9.214693
        ],
        [
          -0.974975,
          0.017522,
          -0.221623,
          3.157233
        ],
        [
          0.074792,
          -0.912929,
          -0.401207,
          1.931769
        ],
        [
          0.0,
          0.0,
          0.0,
          1.0
        ]
      ]
    },
    {
      "file_path": "/media/NFS/ttao/scannet/posed_images/scene0189_00/00131.jpg",
      "transform_matrix": [
        [
          -0.213599,
          -0.399844,
          0.891347,
          9.226802
        ],
        [
          -0.974198,
          0.019091,
          -0.224889,
          3.224972
        ],
        [
          0.072903,
          -0.916384,
          -0.393605,
          1.917736
        ],
        [
          0.0,
          0.0,
          0.0,
          1.0
        ]
      ]
    },
    {
      "file_path": "/media/NFS/ttao/scannet/posed_images/scene0189_00/00134.jpg",
      "transform_matrix": [
        [
          -0.219786,
          -0.40428,
          0.887836,
          9.278719
        ],
        [
          -0.973822,
          0.036807,
          -0.224312,
          3.290447
        ],
        [
          0.058006,
          -0.913895,
          -0.401786,
          1.920384
        ],
        [
          0.0,
          0.0,
          0.0,
          1.0
        ]
      ]
    },
    {
      "file_path": "/media/NFS/ttao/scannet/posed_images/scene0189_00/00139.jpg",
      "transform_matrix": [
        [
          -0.221768,
          -0.391543,
          0.893036,
          9.347253
        ],
        [
          -0.974188,
          0.049383,
          -0.220269,
          3.355861
        ],
        [
          0.042144,
          -0.918834,
          -0.392388,
          1.914665
        ],
        [
          0.0,
          0.0,
          0.0,
          1.0
        ]
      ]
    },
    {
      "file_path": "/media/NFS/ttao/scannet/posed_images/scene0189_00/00146.jpg",
      "transform_matrix": [
        [
          -0.209809,
          -0.38989,
          0.896642,
          9.46485
        ],
        [
          -0.977738,
          0.08636,
          -0.191233,
          3.447458
        ],
        [
          -0.002874,
          -0.916803,
          -0.399329,
          1.898684
        ],
        [
          0.0,
          0.0,
          0.0,
          1.0
        ]
      ]
    },
    {
      "file_path": "/media/NFS/ttao/scannet/posed_images/scene0189_00/00153.jpg",
      "transform_matrix": [
        [
          -0.20002,
          -0.384111,
          0.901361,
          9.575241
        ],
        [
          -0.979756,
          0.086295,
          -0.180643,
          3.53134
        ],
        [
          -0.008396,
          -0.919246,
          -0.393595,
          1.88211
        ],
        [
          0.0,
          0.0,
          0.0,
          1.0
        ]
      ]
    },
    {
      "file_path": "/media/NFS/ttao/scannet/posed_images/scene0189_00/00157.jpg",
      "transform_matrix": [
        [
          -0.215918,
          -0.378289,
          0.900154,
          9.617064
        ],
        [
          -0.976395,
          0.078269,
          -0.201314,
          3.597725
        ],
        [
          0.005701,
          -0.922373,
          -0.386259,
          1.870566
        ],
        [
          0.0,
          0.0,
          0.0,
          1.0
        ]
      ]
    },
    {
      "file_path": "/media/NFS/ttao/scannet/posed_images/scene0189_00/00160.jpg",
      "transform_matrix": [
        [
          -0.228966,
          -0.376491,
          0.89768,
          9.653139
        ],
        [
          -0.973378,
          0.078614,
          -0.215304,
          3.626664
        ],
        [
          0.01049,
          -0.923079,
          -0.384468,
          1.856787
        ],
        [
          0.0,
          0.0,
          0.0,
          1.0
        ]
      ]
    },
    {
      "file_path": "/media/NFS/ttao/scannet/posed_images/scene0189_00/00165.jpg",
      "transform_matrix": [
        [
          -0.251571,
          -0.361068,
          0.897965,
          9.721285
        ],
        [
          -0.967721,
          0.079352,
          -0.239207,
          3.748869
        ],
        [
          0.015115,
          -0.929157,
          -0.369376,
          1.846626
        ],
        [
          0.0,
          0.0,
          0.0,
          1.0
        ]
      ]
    },
    {
      "file_path": "/media/NFS/ttao/scannet/posed_images/scene0189_00/00173.jpg",
      "transform_matrix": [
        [
          -0.233693,
          -0.370886,
          0.898794,
          9.833126
        ],
        [
          -0.971738,
          0.057365,
          -0.228987,
          3.878858
        ],
        [
          0.033369,
          -0.926905,
          -0.37381,
          1.849012
        ],
        [
          0.0,
          0.0,
          0.0,
          1.0
        ]
      ]
    },
    {
      "file_path": "/media/NFS/ttao/scannet/posed_images/scene0189_00/00178.jpg",
      "transform_matrix": [
        [
          -0.245298,
          -0.370101,
          0.896021,
          9.913056
        ],
        [
          -0.968454,
          0.0517,
          -0.243772,
          3.996348
        ],
        [
          0.043896,
          -0.927552,
          -0.371108,
          1.837452
        ],
        [
          0.0,
          0.0,
          0.0,
          1.0
        ]
      ]
    },
    {
      "file_path": "/media/NFS/ttao/scannet/posed_images/scene0189_00/00181.jpg",
      "transform_matrix": [
        [
          -0.232946,
          -0.362383,
          0.902449,
          9.943508
        ],
        [
          -0.971485,
          0.044548,
          -0.232878,
          4.04986
        ],
        [
          0.044188,
          -0.930964,
          -0.362427,
          1.814085
        ],
        [
          0.0,
          0.0,
          0.0,
          1.0
        ]
      ]
    },
    {
      "file_path": "/media/NFS/ttao/scannet/posed_images/scene0189_00/00185.jpg",
      "transform_matrix": [
        [
          -0.208213,
          -0.372363,
          0.904429,
          10.010395
        ],
        [
          -0.977494,
          0.047106,
          -0.20564,
          4.109057
        ],
        [
          0.033969,
          -0.926891,
          -0.373791,
          1.797346
        ],
        [
          0.0,
          0.0,
          0.0,
          1.0
        ]
      ]
    },
    {
      "file_path": "/media/NFS/ttao/scannet/posed_images/scene0189_00/00195.jpg",
      "transform_matrix": [
        [
          -0.138849,
          -0.391333,
          0.909714,
          10.157094
        ],
        [
          -0.989925,
          0.029127,
          -0.138562,
          4.291162
        ],
        [
          0.027726,
          -0.919788,
          -0.391435,
          1.762987
        ],
        [
          0.0,
          0.0,
          0.0,
          1.0
        ]
      ]
    },
    {
      "file_path": "/media/NFS/ttao/scannet/posed_images/scene0189_00/00199.jpg",
      "transform_matrix": [
        [
          -0.141788,
          -0.374522,
          0.916313,
          10.195988
        ],
        [
          -0.989035,
          0.014979,
          -0.146919,
          4.377932
        ],
        [
          0.041299,
          -0.927097,
          -0.372539,
          1.764563
        ],
        [
          0.0,
          0.0,
          0.0,
          1.0
        ]
      ]
    },
    {
      "file_path": "/media/NFS/ttao/scannet/posed_images/scene0189_00/00201.jpg",
      "transform_matrix": [
        [
          -0.165297,
          -0.370633,
          0.913952,
          10.210386
        ],
        [
          -0.985505,
          0.02619,
          -0.167617,
          4.410254
        ],
        [
          0.038187,
          -0.92841,
          -0.369589,
          1.760431
        ],
        [
          0.0,
          0.0,
          0.0,
          1.0
        ]
      ]
    },
    {
      "file_path": "/media/NFS/ttao/scannet/posed_images/scene0189_00/00207.jpg",
      "transform_matrix": [
        [
          -0.225775,
          -0.366241,
          0.902714,
          10.242053
        ],
        [
          -0.973387,
          0.047435,
          -0.224206,
          4.525711
        ],
        [
          0.039293,
          -0.92931,
          -0.367204,
          1.748857
        ],
        [
          0.0,
          0.0,
          0.0,
          1.0
        ]
      ]
    },
    {
      "file_path": "/media/NFS/ttao/scannet/posed_images/scene0189_00/00213.jpg",
      "transform_matrix": [
        [
          -0.203019,
          -0.384006,
          0.900734,
          10.283928
        ],
        [
          -0.976677,
          0.013753,
          -0.214273,
          4.721675
        ],
        [
          0.069894,
          -0.923228,
          -0.377842,
          1.732403
        ],
        [
          0.0,
          0.0,
          0.0,
          1.0
        ]
      ]
    },
    {
      "file_path": "/media/NFS/ttao/scannet/posed_images/scene0189_00/00218.jpg",
      "transform_matrix": [
        [
          -0.153808,
          -0.390615,
          0.907614,
          10.313097
        ],
        [
          -0.986165,
          0.003222,
          -0.165733,
          4.849199
        ],
        [
          0.061813,
          -0.920549,
          -0.385707,
          1.702786
        ],
        [
          0.0,
          0.0,
          0.0,
          1.0
        ]
      ]
    },
    {
      "file_path": "/media/NFS/ttao/scannet/posed_images/scene0189_00/00226.jpg",
      "transform_matrix": [
        [
          -0.103339,
          -0.4151,
          0.903888,
          10.356217
        ],
        [
          -0.992172,
          -0.02104,
          -0.123094,
          4.971849
        ],
        [
          0.070115,
          -0.909532,
          -0.409677,
          1.651184
        ],
        [
          0.0,
          0.0,
          0.0,
          1.0
        ]
      ]
    },
    {
      "file_path": "/media/NFS/ttao/scannet/posed_images/scene0189_00/00229.jpg",
      "transform_matrix": [
        [
          -0.100017,
          -0.417184,
          0.903302,
          10.371851
        ],
        [
          -0.992342,
          -0.024313,
          -0.121104,
          4.988147
        ],
        [
          0.072484,
          -0.908497,
          -0.411558,
          1.657232
        ],
        [
          0.0,
          0.0,
          0.0,
          1.0
        ]
      ]
    },
    {
      "file_path": "/media/NFS/ttao/scannet/posed_images/scene0189_00/00235.jpg",
      "transform_matrix": [
        [
          -0.056029,
          -0.408685,
          0.910954,
          10.369848
        ],
        [
          -0.996763,
          -0.029799,
          -0.074676,
          4.993532
        ],
        [
          0.057664,
          -0.912189,
          -0.405693,
          1.663163
        ],
        [
          0.0,
          0.0,
          0.0,
          1.0
        ]
      ]
    },
    {
      "file_path": "/media/NFS/ttao/scannet/posed_images/scene0189_00/00241.jpg",
      "transform_matrix": [
        [
          -0.036007,
          -0.389373,
          0.920376,
          10.353645
        ],
        [
          -0.998928,
          -0.012781,
          -0.044488,
          4.946892
        ],
        [
          0.029086,
          -0.920992,
          -0.388495,
          1.676875
        ],
        [
          0.0,
          0.0,
          0.0,
          1.0
        ]
      ]
    },
    {
      "file_path": "/media/NFS/ttao/scannet/posed_images/scene0189_00/00246.jpg",
      "transform_matrix": [
        [
          -0.043021,
          -0.39057,
          0.919568,
          10.359155
        ],
        [
          -0.999068,
          0.01347,
          -0.041019,
          4.883947
        ],
        [
          0.003634,
          -0.920475,
          -0.390785,
          1.70946
        ],
        [
          0.0,
          0.0,
          0.0,
          1.0
        ]
      ]
    },
    {
      "file_path": "/media/NFS/ttao/scannet/posed_images/scene0189_00/00249.jpg",
      "transform_matrix": [
        [
          -0.015906,
          -0.379651,
          0.924993,
          10.354883
        ],
        [
          -0.999856,
          0.000533,
          -0.016975,
          4.847919
        ],
        [
          0.005952,
          -0.92513,
          -0.379605,
          1.714629
        ],
        [
          0.0,
          0.0,
          0.0,
          1.0
        ]
      ]
    },
    {
      "file_path": "/media/NFS/ttao/scannet/posed_images/scene0189_00/00257.jpg",
      "transform_matrix": [
        [
          -0.078353,
          -0.370463,
          0.925536,
          10.374188
        ],
        [
          -0.996912,
          0.034085,
          -0.070752,
          4.892521
        ],
        [
          -0.005336,
          -0.928222,
          -0.37199,
          1.695299
        ],
        [
          0.0,
          0.0,
          0.0,
          1.0
        ]
      ]
    },
    {
      "file_path": "/media/NFS/ttao/scannet/posed_images/scene0189_00/00259.jpg",
      "transform_matrix": [
        [
          -0.101074,
          -0.368178,
          0.924245,
          10.391881
        ],
        [
          -0.99479,
          0.049834,
          -0.088937,
          4.933223
        ],
        [
          -0.013315,
          -0.928419,
          -0.371297,
          1.700245
        ],
        [
          0.0,
          0.0,
          0.0,
          1.0
        ]
      ]
    },
    {
      "file_path": "/media/NFS/ttao/scannet/posed_images/scene0189_00/00266.jpg",
      "transform_matrix": [
        [
          -0.122265,
          -0.37915,
          0.917222,
          10.449905
        ],
        [
          -0.992292,
          0.027908,
          -0.120736,
          5.080995
        ],
        [
          0.020179,
          -0.924914,
          -0.37964,
          1.68743
        ],
        [
          0.0,
          0.0,
          0.0,
          1.0
        ]
      ]
    },
    {
      "file_path": "/media/NFS/ttao/scannet/posed_images/scene0189_00/00271.jpg",
      "transform_matrix": [
        [
          -0.129843,
          -0.374293,
          0.918175,
          10.509281
        ],
        [
          -0.991375,
          0.032363,
          -0.127002,
          5.15747
        ],
        [
          0.017821,
          -0.926746,
          -0.375267,
          1.675181
        ],
        [
          0.0,
          0.0,
          0.0,
          1.0
        ]
      ]
    },
    {
      "file_path": "/media/NFS/ttao/scannet/posed_images/scene0189_00/00274.jpg",
      "transform_matrix": [
        [
          -0.130618,
          -0.385413,
          0.913453,
          10.562396
        ],
        [
          -0.991194,
          0.030548,
          -0.128845,
          5.200905
        ],
        [
          0.021754,
          -0.922238,
          -0.386009,
          1.660504
        ],
        [
          0.0,
          0.0,
          0.0,
          1.0
        ]
      ]
    },
    {
      "file_path": "/media/NFS/ttao/scannet/posed_images/scene0189_00/00279.jpg",
      "transform_matrix": [
        [
          -0.123586,
          -0.361163,
          0.924277,
          10.689277
        ],
        [
          -0.992331,
          0.04266,
          -0.116016,
          5.284822
        ],
        [
          0.002471,
          -0.931527,
          -0.363665,
          1.638564
        ],
        [
          0.0,
          0.0,
          0.0,
          1.0
        ]
      ]
    },
    {
      "file_path": "/media/NFS/ttao/scannet/posed_images/scene0189_00/00287.jpg",
      "transform_matrix": [
        [
          -0.157531,
          -0.372717,
          0.914476,
          10.806804
        ],
        [
          -0.986919,
          0.027266,
          -0.158897,
          5.344529
        ],
        [
          0.03429,
          -0.927545,
          -0.372136,
          1.644664
        ],
        [
          0.0,
          0.0,
          0.0,
          1.0
        ]
      ]
    },
    {
      "file_path": "/media/NFS/ttao/scannet/posed_images/scene0189_00/00290.jpg",
      "transform_matrix": [
        [
          -0.186965,
          -0.369173,
          0.91036,
          10.845425
        ],
        [
          -0.981749,
          0.037372,
          -0.186472,
          5.389998
        ],
        [
          0.034819,
          -0.928609,
          -0.369422,
          1.645796
        ],
        [
          0.0,
          0.0,
          0.0,
          1.0
        ]
      ]
    },
    {
      "file_path": "/media/NFS/ttao/scannet/posed_images/scene0189_00/00294.jpg",
      "transform_matrix": [
        [
          -0.240077,
          -0.373077,
          0.896201,
          10.856759
        ],
        [
          -0.969706,
          0.049283,
          -0.239252,
          5.420103
        ],
        [
          0.045092,
          -0.926491,
          -0.373607,
          1.642519
        ],
        [
          0.0,
          0.0,
          0.0,
          1.0
        ]
      ]
    },
    {
      "file_path": "/media/NFS/ttao/scannet/posed_images/scene0189_00/00304.jpg",
      "transform_matrix": [
        [
          -0.337134,
          -0.420173,
          0.842493,
          10.848083
        ],
        [
          -0.940758,
          0.115889,
          -0.318659,
          5.449853
        ],
        [
          0.036256,
          -0.900013,
          -0.434352,
          1.661148
        ],
        [
          0.0,
          0.0,
          0.0,
          1.0
        ]
      ]
    },
    {
      "file_path": "/media/NFS/ttao/scannet/posed_images/scene0189_00/00307.jpg",
      "transform_matrix": [
        [
          -0.347882,
          -0.430936,
          0.83263,
          10.824429
        ],
        [
          -0.93717,
          0.13493,
          -0.321725,
          5.438485
        ],
        [
          0.026297,
          -0.892238,
          -0.4508,
          1.661999
        ],
        [
          0.0,
          0.0,
          0.0,
          1.0
        ]
      ]
    },
    {
      "file_path": "/media/NFS/ttao/scannet/posed_images/scene0189_00/00315.jpg",
      "transform_matrix": [
        [
          -0.398751,
          -0.415382,
          0.817591,
          10.723161
        ],
        [
          -0.916963,
          0.19353,
          -0.348892,
          5.338908
        ],
        [
          -0.013305,
          -0.888822,
          -0.45806,
          1.689083
        ],
        [
          0.0,
          0.0,
          0.0,
          1.0
        ]
      ]
    },
    {
      "file_path": "/media/NFS/ttao/scannet/posed_images/scene0189_00/00319.jpg",
      "transform_matrix": [
        [
          -0.364268,
          -0.408225,
          0.837055,
          10.627584
        ],
        [
          -0.931246,
          0.168824,
          -0.322924,
          5.240634
        ],
        [
          -0.00949,
          -0.897135,
          -0.441655,
          1.697391
        ],
        [
          0.0,
          0.0,
          0.0,
          1.0
        ]
      ]
    },
    {
      "file_path": "/media/NFS/ttao/scannet/posed_images/scene0189_00/00321.jpg",
      "transform_matrix": [
        [
          -0.347588,
          -0.409277,
          0.843608,
          10.584235
        ],
        [
          -0.937647,
          0.152689,
          -0.312258,
          5.214465
        ],
        [
          -0.00101,
          -0.899544,
          -0.43683,
          1.700358
        ],
        [
          0.0,
          0.0,
          0.0,
          1.0
        ]
      ]
    },
    {
      "file_path": "/media/NFS/ttao/scannet/posed_images/scene0189_00/00326.jpg",
      "transform_matrix": [
        [
          -0.349386,
          -0.42036,
          0.837393,
          10.514025
        ],
        [
          -0.936906,
          0.167869,
          -0.306638,
          5.142562
        ],
        [
          -0.011674,
          -0.891694,
          -0.452489,
          1.690828
        ],
        [
          0.0,
          0.0,
          0.0,
          1.0
        ]
      ]
    },
    {
      "file_path": "/media/NFS/ttao/scannet/posed_images/scene0189_00/00333.jpg",
      "transform_matrix": [
        [
          -0.343247,
          -0.400281,
          0.84968,
          10.467829
        ],
        [
          -0.937547,
          0.200405,
          -0.284332,
          5.011867
        ],
        [
          -0.056467,
          -0.894211,
          -0.44407,
          1.716547
        ],
        [
          0.0,
          0.0,
          0.0,
          1.0
        ]
      ]
    },
    {
      "file_path": "/media/NFS/ttao/scannet/posed_images/scene0189_00/00337.jpg",
      "transform_matrix": [
        [
          -0.29175,
          -0.429467,
          0.854658,
          10.454169
        ],
        [
          -0.955871,
          0.163177,
          -0.244304,
          4.906698
        ],
        [
          -0.03454,
          -0.888218,
          -0.458122,
          1.706468
        ],
        [
          0.0,
          0.0,
          0.0,
          1.0
        ]
      ]
    },
    {
      "file_path": "/media/NFS/ttao/scannet/posed_images/scene0189_00/00341.jpg",
      "transform_matrix": [
        [
          -0.227547,
          -0.457191,
          0.859766,
          10.446904
        ],
        [
          -0.973645,
          0.120823,
          -0.193437,
          4.832304
        ],
        [
          -0.015442,
          -0.881123,
          -0.472635,
          1.704983
        ],
        [
          0.0,
          0.0,
          0.0,
          1.0
        ]
      ]
    },
    {
      "file_path": "/media/NFS/ttao/scannet/posed_images/scene0189_00/00351.jpg",
      "transform_matrix": [
        [
          -0.143499,
          -0.437815,
          0.887539,
          10.408902
        ],
        [
          -0.989438,
          0.082042,
          -0.119504,
          4.611325
        ],
        [
          -0.020495,
          -0.895314,
          -0.444964,
          1.760244
        ],
        [
          0.0,
          0.0,
          0.0,
          1.0
        ]
      ]
    },
    {
      "file_path": "/media/NFS/ttao/scannet/posed_images/scene0189_00/00352.jpg",
      "transform_matrix": [
        [
          -0.126459,
          -0.433141,
          0.892411,
          10.392133
        ],
        [
          -0.991713,
          0.075774,
          -0.103753,
          4.58991
        ],
        [
          -0.022682,
          -0.898135,
          -0.439134,
          1.751842
        ],
        [
          0.0,
          0.0,
          0.0,
          1.0
        ]
      ]
    },
    {
      "file_path": "/media/NFS/ttao/scannet/posed_images/scene0189_00/00357.jpg",
      "transform_matrix": [
        [
          -0.029413,
          -0.452003,
          0.891531,
          10.354991
        ],
        [
          -0.999427,
          0.028247,
          -0.018652,
          4.495787
        ],
        [
          -0.016753,
          -0.891569,
          -0.452575,
          1.745695
        ],
        [
          0.0,
          0.0,
          0.0,
          1.0
        ]
      ]
    },
    {
      "file_path": "/media/NFS/ttao/scannet/posed_images/scene0189_00/00365.jpg",
      "transform_matrix": [
        [
          0.137078,
          -0.425423,
          0.894553,
          10.28438
        ],
        [
          -0.990387,
          -0.041981,
          0.131799,
          4.335289
        ],
        [
          -0.018516,
          -0.904021,
          -0.427088,
          1.777567
        ],
        [
          0.0,
          0.0,
          0.0,
          1.0
        ]
      ]
    },
    {
      "file_path": "/media/NFS/ttao/scannet/posed_images/scene0189_00/00371.jpg",
      "transform_matrix": [
        [
          0.219146,
          -0.403675,
          0.888269,
          10.277821
        ],
        [
          -0.975464,
          -0.07095,
          0.208415,
          4.245775
        ],
        [
          -0.021109,
          -0.912147,
          -0.409319,
          1.786444
        ],
        [
          0.0,
          0.0,
          0.0,
          1.0
        ]
      ]
    },
    {
      "file_path": "/media/NFS/ttao/scannet/posed_images/scene0189_00/00377.jpg",
      "transform_matrix": [
        [
          0.296868,
          -0.359027,
          0.884855,
          10.28449
        ],
        [
          -0.954782,
          -0.127291,
          0.26868,
          4.161079
        ],
        [
          0.016171,
          -0.924606,
          -0.380581,
          1.772817
        ],
        [
          0.0,
          0.0,
          0.0,
          1.0
        ]
      ]
    },
    {
      "file_path": "/media/NFS/ttao/scannet/posed_images/scene0189_00/00379.jpg",
      "transform_matrix": [
        [
          0.319207,
          -0.352148,
          0.879828,
          10.290091
        ],
        [
          -0.947377,
          -0.142232,
          0.286786,
          4.130249
        ],
        [
          0.024149,
          -0.925074,
          -0.379019,
          1.778504
        ],
        [
          0.0,
          0.0,
          0.0,
          1.0
        ]
      ]
    },
    {
      "file_path": "/media/NFS/ttao/scannet/posed_images/scene0189_00/00386.jpg",
      "transform_matrix": [
        [
          0.365361,
          -0.366881,
          0.855517,
          10.288473
        ],
        [
          -0.929983,
          -0.18387,
          0.318312,
          4.039647
        ],
        [
          0.040521,
          -0.911916,
          -0.408373,
          1.76743
        ],
        [
          0.0,
          0.0,
          0.0,
          1.0
        ]
      ]
    },
    {
      "file_path": "/media/NFS/ttao/scannet/posed_images/scene0189_00/00393.jpg",
      "transform_matrix": [
        [
          0.4892,
          -0.334272,
          0.805571,
          10.275076
        ],
        [
          -0.871927,
          -0.209314,
          0.442641,
          3.92285
        ],
        [
          0.020656,
          -0.91894,
          -0.393857,
          1.810975
        ],
        [
          0.0,
          0.0,
          0.0,
          1.0
        ]
      ]
    },
    {
      "file_path": "/media/NFS/ttao/scannet/posed_images/scene0189_00/00396.jpg",
      "transform_matrix": [
        [
          0.538404,
          -0.305355,
          0.785416,
          10.256648
        ],
        [
          -0.842186,
          -0.227087,
          0.489033,
          3.884578
        ],
        [
          0.029029,
          -0.924765,
          -0.37943,
          1.803121
        ],
        [
          0.0,
          0.0,
          0.0,
          1.0
        ]
      ]
    },
    {
      "file_path": "/media/NFS/ttao/scannet/posed_images/scene0189_00/00400.jpg",
      "transform_matrix": [
        [
          0.595385,
          -0.257559,
          0.761039,
          10.22844
        ],
        [
          -0.802076,
          -0.245721,
