{
  "frames": [
    {
      "file_path": "/media/NFS/ttao/scannet/posed_images/scene0253_00/00002.jpg",
      "transform_matrix": [
        [
          -0.686534,
          0.193904,
          -0.700765,
          2.345069
        ],
        [
          0.726269,
          0.228878,
          -0.648189,
          4.464411
        ],
        [
          0.034703,
          -0.953948,
          -0.297959,
          1.714832
        ],
        [
          0.0,
          0.0,
          0.0,
          1.0
        ]
      ]
    },
    {
      "file_path": "/media/NFS/ttao/scannet/posed_images/scene0253_00/00005.jpg",
      "transform_matrix": [
        [
          -0.686197,
          0.198548,
          -0.699795,
          2.344062
        ],
        [
          0.726428,
          0.237177,
          -0.645019,
          4.464862
        ],
        [
          0.037907,
          -0.95096,
          -0.306981,
          1.709485
        ],
        [
          0.0,
          0.0,
          0.0,
          1.0
        ]
      ]
    },
    {
      "file_path": "/media/NFS/ttao/scannet/posed_images/scene0253_00/00012.jpg",
      "transform_matrix": [
        [
          -0.685628,
          0.242783,
          -0.686273,
          2.32443
        ],
        [
          0.727514,
          0.261234,
          -0.634413,
          4.469755
        ],
        [
          0.025253,
          -0.934245,
          -0.355738,
          1.71461
        ],
        [
          0.0,
          0.0,
          0.0,
          1.0
        ]
      ]
    },
    {
      "file_path": "/media/NFS/ttao/scannet/posed_images/scene0253_00/00019.jpg",
      "transform_matrix": [
        [
          -0.69057,
          0.265956,
          -0.672592,
          2.317705
        ],
        [
          0.722991,
          0.279449,
          -0.631817,
          4.465409
        ],
        [
          0.01992,
          -0.922591,
          -0.385264,
          1.706924
        ],
        [
          0.0,
          0.0,
          0.0,
          1.0
        ]
      ]
    },
    {
      "file_path": "/media/NFS/ttao/scannet/posed_images/scene0253_00/00020.jpg",
      "transform_matrix": [
        [
          -0.693994,
          0.263516,
          -0.670023,
          2.316177
        ],
        [
          0.719797,
          0.274974,
          -0.637402,
          4.470636
        ],
        [
          0.016274,
          -0.924634,
          -0.380509,
          1.698369
        ],
        [
          0.0,
          0.0,
          0.0,
          1.0
        ]
      ]
    },
    {
      "file_path": "/media/NFS/ttao/scannet/posed_images/scene0253_00/00025.jpg",
      "transform_matrix": [
        [
          -0.700278,
          0.283741,
          -0.655059,
          2.309453
        ],
        [
          0.713858,
          0.283897,
          -0.640164,
          4.47498
        ],
        [
          0.004328,
          -0.915911,
          -0.401358,
          1.687631
        ],
        [
          0.0,
          0.0,
          0.0,
          1.0
        ]
      ]
    },
    {
      "file_path": "/media/NFS/ttao/scannet/posed_images/scene0253_00/00033.jpg",
      "transform_matrix": [
        [
          -0.692668,
          0.251293,
          -0.676064,
          2.304027
        ],
        [
          0.721137,
          0.258406,
          -0.642798,
          4.474438
        ],
        [
          0.013168,
          -0.93278,
          -0.360206,
          1.703991
        ],
        [
          0.0,
          0.0,
          0.0,
          1.0
        ]
      ]
    },
    {
      "file_path": "/media/NFS/ttao/scannet/posed_images/scene0253_00/00039.jpg",
      "transform_matrix": [
        [
          -0.690904,
          0.211927,
          -0.691186,
          2.305509
        ],
        [
          0.721856,
          0.254728,
          -0.643458,
          4.470259
        ],
        [
          0.039698,
          -0.943504,
          -0.328973,
          1.715462
        ],
        [
          0.0,
          0.0,
          0.0,
          1.0
        ]
      ]
    },
    {
      "file_path": "/media/NFS/ttao/scannet/posed_images/scene0253_00/00041.jpg",
      "transform_matrix": [
        [
          -0.692746,
          0.211153,
          -0.689578,
          2.302819
        ],
        [
          0.720034,
          0.256436,
          -0.644819,
          4.467377
        ],
        [
          0.040677,
          -0.943215,
          -0.329683,
          1.725132
        ],
        [
          0.0,
          0.0,
          0.0,
          1.0
        ]
      ]
    },
    {
      "file_path": "/media/NFS/ttao/scannet/posed_images/scene0253_00/00045.jpg",
      "transform_matrix": [
        [
          -0.702912,
          0.185388,
          -0.686692,
          2.29988
        ],
        [
          0.71006,
          0.239347,
          -0.662215,
          4.466124
        ],
        [
          0.041591,
          -0.953071,
          -0.299877,
          1.737808
        ],
        [
          0.0,
          0.0,
          0.0,
          1.0
        ]
      ]
    },
    {
      "file_path": "/media/NFS/ttao/scannet/posed_images/scene0253_00/00053.jpg",
      "transform_matrix": [
        [
          -0.712604,
          0.131989,
          -0.689038,
          2.294415
        ],
        [
          0.700033,
          0.198667,
          -0.685919,
          4.44759
        ],
        [
          0.046355,
          -0.971139,
          -0.233967,
          1.79023
        ],
        [
          0.0,
          0.0,
          0.0,
          1.0
        ]
      ]
    },
    {
      "file_path": "/media/NFS/ttao/scannet/posed_images/scene0253_00/00056.jpg",
      "transform_matrix": [
        [
          -0.714958,
          0.117312,
          -0.689255,
          2.289666
        ],
        [
          0.697994,
          0.176853,
          -0.693922,
          4.445199
        ],
        [
          0.040491,
          -0.977221,
          -0.208325,
          1.806966
        ],
        [
          0.0,
          0.0,
          0.0,
          1.0
        ]
      ]
    },
    {
      "file_path": "/media/NFS/ttao/scannet/posed_images/scene0253_00/00066.jpg",
      "transform_matrix": [
        [
          -0.735971,
          0.015487,
          -0.676835,
          2.287372
        ],
        [
          0.675085,
          0.092187,
          -0.731958,
          4.436328
        ],
        [
          0.051059,
          -0.995621,
          -0.078303,
          1.855384
        ],
        [
          0.0,
          0.0,
          0.0,
          1.0
        ]
      ]
    },
    {
      "file_path": "/media/NFS/ttao/scannet/posed_images/scene0253_00/00070.jpg",
      "transform_matrix": [
        [
          -0.740256,
          -0.02015,
          -0.672023,
          2.28756
        ],
        [
          0.668634,
          0.082532,
          -0.738998,
          4.430551
        ],
        [
          0.070355,
          -0.996385,
          -0.047622,
          1.866861
        ],
        [
          0.0,
          0.0,
          0.0,
          1.0
        ]
      ]
    },
    {
      "file_path": "/media/NFS/ttao/scannet/posed_images/scene0253_00/00075.jpg",
      "transform_matrix": [
        [
          -0.733418,
          -0.039898,
          -0.678606,
          2.294353
        ],
        [
          0.675183,
          0.073111,
          -0.734018,
          4.403649
        ],
        [
          0.078899,
          -0.996525,
          -0.026683,
          1.87822
        ],
        [
          0.0,
          0.0,
          0.0,
          1.0
        ]
      ]
    },
    {
      "file_path": "/media/NFS/ttao/scannet/posed_images/scene0253_00/00080.jpg",
      "transform_matrix": [
        [
          -0.710845,
          -0.02948,
          -0.70273,
          2.305871
        ],
        [
          0.699337,
          0.076928,
          -0.71064,
          4.353994
        ],
        [
          0.07501,
          -0.996601,
          -0.034068,
          1.894519
        ],
        [
          0.0,
          0.0,
          0.0,
          1.0
        ]
      ]
    },
    {
      "file_path": "/media/NFS/ttao/scannet/posed_images/scene0253_00/00086.jpg",
      "transform_matrix": [
        [
          -0.684144,
          0.006975,
          -0.729313,
          2.32662
        ],
        [
          0.726232,
          0.098825,
          -0.680309,
          4.275651
        ],
        [
          0.067329,
          -0.99508,
          -0.072676,
          1.922815
        ],
        [
          0.0,
          0.0,
          0.0,
          1.0
        ]
      ]
    },
    {
      "file_path": "/media/NFS/ttao/scannet/posed_images/scene0253_00/00091.jpg",
      "transform_matrix": [
        [
          -0.682108,
          0.021183,
          -0.730945,
          2.34136
        ],
        [
          0.728731,
          0.102608,
          -0.677069,
          4.221111
        ],
        [
          0.060659,
          -0.994496,
          -0.085426,
          1.958061
        ],
        [
          0.0,
          0.0,
          0.0,
          1.0
        ]
      ]
    },
    {
      "file_path": "/media/NFS/ttao/scannet/posed_images/scene0253_00/00097.jpg",
      "transform_matrix": [
        [
          -0.696606,
          0.03702,
          -0.716498,
          2.348747
        ],
        [
          0.714137,
          0.131701,
          -0.687505,
          4.176991
        ],
        [
          0.068912,
          -0.990598,
          -0.118182,
          2.006139
        ],
        [
          0.0,
          0.0,
          0.0,
          1.0
        ]
      ]
    },
    {
      "file_path": "/media/NFS/ttao/scannet/posed_images/scene0253_00/00102.jpg",
      "transform_matrix": [
        [
          -0.713458,
          0.06004,
          -0.698121,
          2.349136
        ],
        [
          0.699361,
          0.122553,
          -0.704184,
          4.163116
        ],
        [
          0.043277,
          -0.990644,
          -0.129426,
          2.053977
        ],
        [
          0.0,
          0.0,
          0.0,
          1.0
        ]
      ]
    },
    {
      "file_path": "/media/NFS/ttao/scannet/posed_images/scene0253_00/00106.jpg",
      "transform_matrix": [
        [
          -0.712677,
          0.038198,
          -0.700452,
          2.342193
        ],
        [
          0.698295,
          0.133866,
          -0.703182,
          4.16927
        ],
        [
          0.066907,
          -0.990263,
          -0.122077,
          2.075366
        ],
        [
          0.0,
          0.0,
          0.0,
          1.0
        ]
      ]
    },
    {
      "file_path": "/media/NFS/ttao/scannet/posed_images/scene0253_00/00111.jpg",
      "transform_matrix": [
        [
          -0.69061,
          0.059172,
          -0.720802,
          2.324402
        ],
        [
          0.717989,
          0.175826,
          -0.673481,
          4.17365
        ],
        [
          0.086885,
          -0.982641,
          -0.163912,
          2.103666
        ],
        [
          0.0,
          0.0,
          0.0,
          1.0
        ]
      ]
    },
    {
      "file_path": "/media/NFS/ttao/scannet/posed_images/scene0253_00/00116.jpg",
      "transform_matrix": [
        [
          -0.685521,
          0.049215,
          -0.726387,
          2.31545
        ],
        [
          0.722772,
          0.16596,
          -0.670864,
          4.186428
        ],
        [
          0.087534,
          -0.984904,
          -0.14934,
          2.125841
        ],
        [
          0.0,
          0.0,
          0.0,
          1.0
        ]
      ]
    },
    {
      "file_path": "/media/NFS/ttao/scannet/posed_images/scene0253_00/00122.jpg",
      "transform_matrix": [
        [
          -0.689307,
          0.025017,
          -0.724037,
          2.315339
        ],
        [
          0.721018,
          0.121131,
          -0.682247,
          4.200163
        ],
        [
          0.070636,
          -0.992321,
          -0.101534,
          2.158285
        ],
        [
          0.0,
          0.0,
          0.0,
          1.0
        ]
      ]
    },
    {
      "file_path": "/media/NFS/ttao/scannet/posed_images/scene0253_00/00128.jpg",
      "transform_matrix": [
        [
          -0.670868,
          -0.01936,
          -0.741323,
          2.318324
        ],
        [
          0.733083,
          0.133545,
          -0.666899,
          4.198967
        ],
        [
          0.111911,
          -0.990853,
          -0.075399,
          2.156597
        ],
        [
          0.0,
          0.0,
          0.0,
          1.0
        ]
      ]
    },
    {
      "file_path": "/media/NFS/ttao/scannet/posed_images/scene0253_00/00131.jpg",
      "transform_matrix": [
        [
          -0.674785,
          -0.018765,
          -0.737776,
          2.318548
        ],
        [
          0.729263,
          0.136544,
          -0.670471,
          4.198595
        ],
        [
          0.11332,
          -0.990456,
          -0.078453,
          2.153895
        ],
        [
          0.0,
          0.0,
          0.0,
          1.0
        ]
      ]
    },
    {
      "file_path": "/media/NFS/ttao/scannet/posed_images/scene0253_00/00137.jpg",
      "transform_matrix": [
        [
          -0.687579,
          -0.00521,
          -0.726091,
          2.315292
        ],
        [
          0.718391,
          0.14054,
          -0.681295,
          4.194677
        ],
        [
          0.105594,
          -0.990061,
          -0.09289,
          2.147875
        ],
        [
          0.0,
          0.0,
          0.0,
          1.0
        ]
      ]
    },
    {
      "file_path": "/media/NFS/ttao/scannet/posed_images/scene0253_00/00139.jpg",
      "transform_matrix": [
        [
          -0.691229,
          -0.007175,
          -0.7226,
          2.314331
        ],
        [
          0.714779,
          0.140269,
          -0.685139,
          4.194977
        ],
        [
          0.106274,
          -0.990087,
          -0.091829,
          2.146296
        ],
        [
          0.0,
          0.0,
          0.0,
          1.0
        ]
      ]
    },
    {
      "file_path": "/media/NFS/ttao/scannet/posed_images/scene0253_00/00148.jpg",
      "transform_matrix": [
        [
          -0.678973,
          0.00514,
          -0.734145,
          2.311946
        ],
        [
          0.727117,
          0.142924,
          -0.671472,
          4.170629
        ],
        [
          0.101476,
          -0.98972,
          -0.100779,
          2.098045
        ],
        [
          0.0,
          0.0,
          0.0,
          1.0
        ]
      ]
    },
    {
      "file_path": "/media/NFS/ttao/scannet/posed_images/scene0253_00/00150.jpg",
      "transform_matrix": [
        [
          -0.678117,
          0.011423,
          -0.734865,
          2.310573
        ],
        [
          0.72904,
          0.137044,
          -0.670611,
          4.166346
        ],
        [
          0.093048,
          -0.990499,
          -0.10126,
          2.083102
        ],
        [
          0.0,
          0.0,
          0.0,
          1.0
        ]
      ]
    },
    {
      "file_path": "/media/NFS/ttao/scannet/posed_images/scene0253_00/00155.jpg",
      "transform_matrix": [
        [
          -0.703128,
          0.026591,
          -0.710566,
          2.313106
        ],
        [
          0.705699,
          0.148617,
          -0.69275,
          4.148055
        ],
        [
          0.087181,
          -0.988537,
          -0.123262,
          2.042097
        ],
        [
          0.0,
          0.0,
          0.0,
          1.0
        ]
      ]
    },
    {
      "file_path": "/media/NFS/ttao/scannet/posed_images/scene0253_00/00161.jpg",
      "transform_matrix": [
        [
          -0.739555,
          0.032427,
          -0.672315,
          2.3215
        ],
        [
          0.665646,
          0.183442,
          -0.723371,
          4.122803
        ],
        [
          0.099874,
          -0.982496,
          -0.15725,
          1.96779
        ],
        [
          0.0,
          0.0,
          0.0,
          1.0
        ]
      ]
    },
    {
      "file_path": "/media/NFS/ttao/scannet/posed_images/scene0253_00/00167.jpg",
      "transform_matrix": [
        [
          -0.69906,
          0.083564,
          -0.710163,
          2.329979
        ],
        [
          0.705912,
          0.239028,
          -0.666749,
          4.087268
        ],
        [
          0.114032,
          -0.96741,
          -0.226084,
          1.881941
        ],
        [
          0.0,
          0.0,
          0.0,
          1.0
        ]
      ]
    },
    {
      "file_path": "/media/NFS/ttao/scannet/posed_images/scene0253_00/00170.jpg",
      "transform_matrix": [
        [
          -0.706025,
          0.098107,
          -0.701358,
          2.341705
        ],
        [
          0.699398,
          0.252137,
          -0.668782,
          4.074383
        ],
        [
          0.111226,
          -0.962705,
          -0.246631,
          1.83589
        ],
        [
          0.0,
          0.0,
          0.0,
          1.0
        ]
      ]
    },
    {
      "file_path": "/media/NFS/ttao/scannet/posed_images/scene0253_00/00178.jpg",
      "transform_matrix": [
        [
          -0.730077,
          0.13746,
          -0.669397,
          2.353684
        ],
        [
          0.678262,
          0.265247,
          -0.685277,
          4.029706
        ],
        [
          0.083358,
          -0.954331,
          -0.286884,
          1.772148
        ],
        [
          0.0,
          0.0,
          0.0,
          1.0
        ]
      ]
    },
    {
      "file_path": "/media/NFS/ttao/scannet/posed_images/scene0253_00/00181.jpg",
      "transform_matrix": [
        [
          -0.722875,
          0.149545,
          -0.674602,
          2.352159
        ],
        [
          0.685868,
          0.273818,
          -0.674247,
          4.009093
        ],
        [
          0.083888,
          -0.950084,
          -0.300504,
          1.745791
        ],
        [
          0.0,
          0.0,
          0.0,
          1.0
        ]
      ]
    },
    {
      "file_path": "/media/NFS/ttao/scannet/posed_images/scene0253_00/00191.jpg",
      "transform_matrix": [
        [
          -0.748056,
          0.199075,
          -0.633073,
          2.324519
        ],
        [
          0.663249,
          0.256799,
          -0.702962,
          3.911212
        ],
        [
          0.022631,
          -0.94574,
          -0.324136,
          1.72168
        ],
        [
          0.0,
          0.0,
          0.0,
          1.0
        ]
      ]
    },
    {
      "file_path": "/media/NFS/ttao/scannet/posed_images/scene0253_00/00195.jpg",
      "transform_matrix": [
        [
          -0.747992,
          0.20755,
          -0.630421,
          2.309942
        ],
        [
          0.663059,
          0.275684,
          -0.695954,
          3.87468
        ],
        [
          0.029352,
          -0.938574,
          -0.343828,
          1.709501
        ],
        [
          0.0,
          0.0,
          0.0,
          1.0
        ]
      ]
    },
    {
      "file_path": "/media/NFS/ttao/scannet/posed_images/scene0253_00/00200.jpg",
      "transform_matrix": [
        [
          -0.737023,
          0.2356,
          -0.633474,
          2.293423
        ],
        [
          0.675692,
          0.278188,
          -0.68268,
          3.840465
        ],
        [
          0.015385,
          -0.931184,
          -0.364224,
          1.691834
        ],
        [
          0.0,
          0.0,
          0.0,
          1.0
        ]
      ]
    },
    {
      "file_path": "/media/NFS/ttao/scannet/posed_images/scene0253_00/00201.jpg",
      "transform_matrix": [
        [
          -0.732708,
          0.239998,
          -0.636821,
          2.291255
        ],
        [
          0.680366,
          0.27972,
          -0.677391,
          3.830357
        ],
        [
          0.015559,
          -0.929601,
          -0.368239,
          1.688583
        ],
        [
          0.0,
          0.0,
          0.0,
          1.0
        ]
      ]
    },
    {
      "file_path": "/media/NFS/ttao/scannet/posed_images/scene0253_00/00211.jpg",
      "transform_matrix": [
        [
          -0.653935,
          0.306898,
          -0.691508,
          2.289427
        ],
        [
          0.756511,
          0.274724,
          -0.59348,
          3.767522
        ],
        [
          0.007836,
          -0.91123,
          -0.411824,
          1.641121
        ],
        [
          0.0,
          0.0,
          0.0,
          1.0
        ]
      ]
    },
    {
      "file_path": "/media/NFS/ttao/scannet/posed_images/scene0253_00/00214.jpg",
      "transform_matrix": [
        [
          -0.62418,
          0.335581,
          -0.705538,
          2.301865
        ],
        [
          0.781097,
          0.248487,
          -0.572836,
          3.745834
        ],
        [
          -0.016916,
          -0.908647,
          -0.417222,
          1.639308
        ],
        [
          0.0,
          0.0,
          0.0,
          1.0
        ]
      ]
    },
    {
      "file_path": "/media/NFS/ttao/scannet/posed_images/scene0253_00/00222.jpg",
      "transform_matrix": [
        [
          -0.560078,
          0.368521,
          -0.74196,
          2.363387
        ],
        [
          0.828349,
          0.235814,
          -0.508164,
          3.654137
        ],
        [
          -0.012305,
          -0.899213,
          -0.437338,
          1.625783
        ],
        [
          0.0,
          0.0,
          0.0,
          1.0
        ]
      ]
    },
    {
      "file_path": "/media/NFS/ttao/scannet/posed_images/scene0253_00/00225.jpg",
      "transform_matrix": [
        [
          -0.535408,
          0.372141,
          -0.758188,
          2.388364
        ],
        [
          0.844544,
          0.226161,
          -0.485383,
          3.627469
        ],
        [
          -0.009158,
          -0.900201,
          -0.435377,
          1.620081
        ],
        [
          0.0,
          0.0,
          0.0,
          1.0
        ]
      ]
    },
    {
      "file_path": "/media/NFS/ttao/scannet/posed_images/scene0253_00/00228.jpg",
      "transform_matrix": [
        [
          -0.50454,
          0.383584,
          -0.7735,
          2.402587
        ],
        [
          0.863334,
          0.214063,
          -0.456981,
          3.605038
        ],
        [
          -0.009713,
          -0.898354,
          -0.439164,
          1.617947
        ],
        [
          0.0,
          0.0,
          0.0,
          1.0
        ]
      ]
    },
    {
      "file_path": "/media/NFS/ttao/scannet/posed_images/scene0253_00/00234.jpg",
      "transform_matrix": [
        [
          -0.427054,
          0.391015,
          -0.815311,
          2.42293
        ],
        [
          0.903704,
          0.215189,
          -0.370151,
          3.548577
        ],
        [
          0.030712,
          -0.894875,
          -0.445259,
          1.606717
        ],
        [
          0.0,
          0.0,
          0.0,
          1.0
        ]
      ]
    },
    {
      "file_path": "/media/NFS/ttao/scannet/posed_images/scene0253_00/00239.jpg",
      "transform_matrix": [
        [
          -0.398027,
          0.392724,
          -0.829061,
          2.425411
        ],
        [
          0.917016,
          0.195579,
          -0.347608,
          3.512239
        ],
        [
          0.025633,
          -0.89862,
          -0.437979,
          1.608438
        ],
        [
          0.0,
          0.0,
          0.0,
          1.0
        ]
      ]
    },
    {
      "file_path": "/media/NFS/ttao/scannet/posed_images/scene0253_00/00247.jpg",
      "transform_matrix": [
        [
          -0.348649,
          0.430585,
          -0.83249,
          2.403427
        ],
        [
          0.937214,
          0.168268,
          -0.305475,
          3.431193
        ],
        [
          0.008549,
          -0.886725,
          -0.462217,
          1.594783
        ],
        [
          0.0,
          0.0,
          0.0,
          1.0
        ]
      ]
    },
    {
      "file_path": "/media/NFS/ttao/scannet/posed_images/scene0253_00/00248.jpg",
      "transform_matrix": [
        [
          -0.34115,
          0.432705,
          -0.834495,
          2.399373
        ],
        [
          0.939975,
          0.164534,
          -0.298957,
          3.422019
        ],
        [
          0.007943,
          -0.886394,
          -0.462863,
          1.594931
        ],
        [
          0.0,
          0.0,
          0.0,
          1.0
        ]
      ]
    },
    {
      "file_path": "/media/NFS/ttao/scannet/posed_images/scene0253_00/00258.jpg",
      "transform_matrix": [
        [
          -0.30403,
          0.434686,
          -0.847711,
          2.379909
        ],
        [
          0.952662,
          0.138458,
          -0.270673,
          3.33879
        ],
        [
          -0.000286,
          -0.889875,
          -0.456205,
          1.597275
        ],
        [
          0.0,
          0.0,
          0.0,
          1.0
        ]
      ]
    },
    {
      "file_path": "/media/NFS/ttao/scannet/posed_images/scene0253_00/00259.jpg",
      "transform_matrix": [
        [
          -0.303845,
          0.433057,
          -0.848611,
          2.380395
        ],
        [
          0.952719,
          0.140106,
          -0.269623,
          3.332715
        ],
        [
          0.002133,
          -0.890411,
          -0.455152,
          1.596273
        ],
        [
          0.0,
          0.0,
          0.0,
          1.0
        ]
      ]
    },
    {
      "file_path": "/media/NFS/ttao/scannet/posed_images/scene0253_00/00264.jpg",
      "transform_matrix": [
        [
          -0.272698,
          0.422887,
          -0.864177,
          2.379695
        ],
        [
          0.962093,
          0.123158,
          -0.243328,
          3.298447
        ],
        [
          0.00353,
          -0.897774,
          -0.440442,
          1.593625
        ],
        [
          0.0,
          0.0,
          0.0,
          1.0
        ]
      ]
    },
    {
      "file_path": "/media/NFS/ttao/scannet/posed_images/scene0253_00/00273.jpg",
      "transform_matrix": [
        [
          -0.145835,
          0.427413,
          -0.892216,
          2.392376
        ],
        [
          0.988976,
          0.08637,
          -0.120275,
          3.25967
        ],
        [
          0.025654,
          -0.899921,
          -0.435297,
          1.598192
        ],
        [
          0.0,
          0.0,
          0.0,
          1.0
        ]
      ]
    },
    {
      "file_path": "/media/NFS/ttao/scannet/posed_images/scene0253_00/00278.jpg",
      "transform_matrix": [
        [
          -0.109156,
          0.442833,
          -0.889935,
          2.405308
        ],
        [
          0.993629,
          0.073859,
          -0.085122,
          3.242086
        ],
        [
          0.028035,
          -0.893557,
          -0.448074,
          1.592673
        ],
        [
          0.0,
          0.0,
          0.0,
          1.0
        ]
      ]
    },
    {
      "file_path": "/media/NFS/ttao/scannet/posed_images/scene0253_00/00280.jpg",
      "transform_matrix": [
        [
          -0.108005,
          0.448113,
          -0.887428,
          2.412886
        ],
        [
          0.993552,
          0.079623,
          -0.080714,
          3.231835
        ],
        [
          0.034491,
          -0.890424,
          -0.453824,
          1.584511
        ],
        [
          0.0,
          0.0,
          0.0,
          1.0
        ]
      ]
    },
    {
      "file_path": "/media/NFS/ttao/scannet/posed_images/scene0253_00/00289.jpg",
      "transform_matrix": [
        [
          -0.077478,
          0.474374,
          -0.876907,
          2.440804
        ],
        [
          0.994172,
          0.102895,
          -0.032176,
          3.20215
        ],
        [
          0.074966,
          -0.87429,
          -0.479581,
          1.55295
        ],
        [
          0.0,
          0.0,
          0.0,
          1.0
        ]
      ]
    },
    {
      "file_path": "/media/NFS/ttao/scannet/posed_images/scene0253_00/00294.jpg",
      "transform_matrix": [
        [
          -0.075068,
          0.486239,
          -0.870595,
          2.457269
        ],
        [
          0.994826,
          0.09645,
          -0.031912,
          3.195025
        ],
        [
          0.068452,
          -0.868486,
          -0.490964,
          1.535678
        ],
        [
          0.0,
          0.0,
          0.0,
          1.0
        ]
      ]
    },
    {
      "file_path": "/media/NFS/ttao/scannet/posed_images/scene0253_00/00300.jpg",
      "transform_matrix": [
        [
          -0.065842,
          0.497926,
          -0.864716,
          2.466341
        ],
        [
          0.994605,
          0.102365,
          -0.016788,
          3.180073
        ],
        [
          0.080157,
          -0.861157,
          -0.50198,
          1.521798
        ],
        [
          0.0,
          0.0,
          0.0,
          1.0
        ]
      ]
    },
    {
      "file_path": "/media/NFS/ttao/scannet/posed_images/scene0253_00/00303.jpg",
      "transform_matrix": [
        [
          -0.05995,
          0.501311,
          -0.863188,
          2.466391
        ],
        [
          0.994388,
          0.105509,
          -0.007786,
          3.170922
        ],
        [
          0.087171,
          -0.85881,
          -0.504823,
          1.520117
        ],
        [
          0.0,
          0.0,
          0.0,
          1.0
        ]
      ]
    },
    {
      "file_path": "/media/NFS/ttao/scannet/posed_images/scene0253_00/00306.jpg",
      "transform_matrix": [
        [
          -0.054394,
          0.503462,
          -0.862303,
          2.468125
        ],
        [
          0.994859,
          0.101208,
          -0.003665,
          3.165183
        ],
        [
          0.085426,
          -0.858069,
          -0.506379,
          1.513917
        ],
        [
          0.0,
          0.0,
          0.0,
          1.0
        ]
      ]
    },
    {
      "file_path": "/media/NFS/ttao/scannet/posed_images/scene0253_00/00311.jpg",
      "transform_matrix": [
        [
          -0.064413,
          0.51133,
          -0.856967,
          2.465502
        ],
        [
          0.994399,
          0.104993,
          -0.012096,
          3.157628
        ],
        [
          0.083791,
          -0.852947,
          -0.515229,
          1.510867
        ],
        [
          0.0,
          0.0,
          0.0,
          1.0
        ]
      ]
    },
    {
      "file_path": "/media/NFS/ttao/scannet/posed_images/scene0253_00/00320.jpg",
      "transform_matrix": [
        [
          -0.070077,
          0.453691,
          -0.8884,
          2.45857
        ],
        [
          0.996042,
          0.080635,
          -0.037389,
          3.148875
        ],
        [
          0.054673,
          -0.887504,
          -0.457546,
          1.546436
        ],
        [
          0.0,
          0.0,
          0.0,
          1.0
        ]
      ]
    },
    {
      "file_path": "/media/NFS/ttao/scannet/posed_images/scene0253_00/00325.jpg",
      "transform_matrix": [
        [
          -0.0391,
          0.418517,
          -0.907367,
          2.453532
        ],
        [
          0.999098,
          0.031406,
          -0.028567,
          3.141963
        ],
        [
          0.016541,
          -0.907665,
          -0.419368,
          1.574382
        ],
        [
          0.0,
          0.0,
          0.0,
          1.0
        ]
      ]
    },
    {
      "file_path": "/media/NFS/ttao/scannet/posed_images/scene0253_00/00326.jpg",
      "transform_matrix": [
        [
          -0.03991,
          0.411115,
          -0.910709,
          2.452621
        ],
        [
          0.999128,
          0.027604,
          -0.031323,
          3.140655
        ],
        [
          0.012262,
          -0.911165,
          -0.411859,
          1.580639
        ],
        [
          0.0,
          0.0,
          0.0,
          1.0
        ]
      ]
    },
    {
      "file_path": "/media/NFS/ttao/scannet/posed_images/scene0253_00/00336.jpg",
      "transform_matrix": [
        [
          -0.151367,
          0.340839,
          -0.927856,
          2.464764
        ],
        [
          0.988303,
          0.034558,
          -0.148533,
          3.147038
        ],
        [
          -0.018561,
          -0.939486,
          -0.342083,
          1.624435
        ],
        [
          0.0,
          0.0,
          0.0,
          1.0
        ]
      ]
    },
    {
      "file_path": "/media/NFS/ttao/scannet/posed_images/scene0253_00/00339.jpg",
      "transform_matrix": [
        [
          -0.198627,
          0.330002,
          -0.922846,
          2.469129
        ],
        [
          0.980069,
          0.063617,
          -0.188194,
          3.155468
        ],
        [
          -0.003396,
          -0.941834,
          -0.336061,
          1.623198
        ],
        [
          0.0,
          0.0,
          0.0,
          1.0
        ]
      ]
    },
    {
      "file_path": "/media/NFS/ttao/scannet/posed_images/scene0253_00/00344.jpg",
      "transform_matrix": [
        [
          -0.305977,
          0.335948,
          -0.890796,
          2.463896
        ],
        [
          0.951995,
          0.098984,
          -0.289668,
          3.161884
        ],
        [
          -0.009139,
          -0.936665,
          -0.350107,
          1.64671
        ],
        [
          0.0,
          0.0,
          0.0,
          1.0
        ]
      ]
    },
    {
      "file_path": "/media/NFS/ttao/scannet/posed_images/scene0253_00/00348.jpg",
      "transform_matrix": [
        [
          -0.384863,
          0.337627,
          -0.859004,
          2.458038
        ],
        [
          0.922936,
          0.149203,
          -0.354863,
          3.182468
        ],
        [
          0.008355,
          -0.929379,
          -0.369031,
          1.651222
        ],
        [
          0.0,
          0.0,
          0.0,
          1.0
        ]
      ]
    },
    {
      "file_path": "/media/NFS/ttao/scannet/posed_images/scene0253_00/00353.jpg",
      "transform_matrix": [
        [
          -0.479126,
          0.32495,
          -0.815381,
          2.45202
        ],
        [
          0.877447,
          0.153076,
          -0.454592,
          3.208759
        ],
        [
          -0.022904,
          -0.933261,
          -0.358469,
          1.656255
        ],
        [
          0.0,
          0.0,
          0.0,
          1.0
        ]
      ]
    },
    {
      "file_path": "/media/NFS/ttao/scannet/posed_images/scene0253_00/00358.jpg",
      "transform_matrix": [
        [
          -0.582939,
          0.329348,
          -0.742773,
          2.425854
        ],
        [
          0.812094,
          0.206689,
          -0.545696,
          3.260909
        ],
        [
          -0.026201,
          -0.921309,
          -0.387948,
          1.651379
        ],
        [
          0.0,
          0.0,
          0.0,
          1.0
        ]
      ]
    },
    {
      "file_path": "/media/NFS/ttao/scannet/posed_images/scene0253_00/00366.jpg",
      "transform_matrix": [
        [
          -0.72523,
          0.31867,
          -0.61032,
          2.390239
        ],
        [
          0.688506,
          0.336068,
          -0.642664,
          3.317571
        ],
        [
          0.000312,
          -0.886289,
          -0.463133,
          1.660262
        ],
        [
          0.0,
          0.0,
          0.0,
          1.0
        ]
      ]
    },
    {
      "file_path": "/media/NFS/ttao/scannet/posed_images/scene0253_00/00369.jpg",
      "transform_matrix": [
        [
          -0.758829,
          0.302522,
          -0.576765,
          2.387864
        ],
        [
          0.651264,
          0.344557,
          -0.676118,
          3.341515
        ],
        [
          -0.005812,
          -0.888685,
          -0.458482,
          1.657383
        ],
        [
          0.0,
          0.0,
          0.0,
          1.0
        ]
      ]
    },
    {
      "file_path": "/media/NFS/ttao/scannet/posed_images/scene0253_00/00376.jpg",
      "transform_matrix": [
        [
          -0.821829,
          0.281104,
          -0.495558,
          2.404925
        ],
        [
          0.568477,
          0.346839,
          -0.746014,
          3.387201
        ],
        [
          -0.037828,
          -0.894809,
          -0.444843,
          1.663643
        ],
        [
          0.0,
          0.0,
          0.0,
          1.0
        ]
      ]
    },
    {
      "file_path": "/media/NFS/ttao/scannet/posed_images/scene0253_00/00383.jpg",
      "transform_matrix": [
        [
          -0.874078,
          0.235074,
          -0.425121,
          2.450422
        ],
        [
          0.485434,
          0.389375,
          -0.782778,
          3.445373
        ],
        [
          -0.01848,
          -0.890577,
          -0.454457,
          1.635869
        ],
        [
          0.0,
          0.0,
          0.0,
          1.0
        ]
      ]
    },
    {
      "file_path": "/media/NFS/ttao/scannet/posed_images/scene0253_00/00386.jpg",
      "transform_matrix": [
        [
          -0.903552,
          0.210556,
          -0.373174,
          2.47837
        ],
        [
          0.427681,
          0.390107,
          -0.815418,
          3.468632
        ],
        [
          -0.026113,
          -0.896372,
          -0.442533,
          1.629031
        ],
        [
          0.0,
          0.0,
          0.0,
          1.0
        ]
      ]
    },
    {
      "file_path": "/media/NFS/ttao/scannet/posed_images/scene0253_00/00389.jpg",
      "transform_matrix": [
        [
          -0.931724,
          0.184094,
          -0.313049,
          2.502485
        ],
        [
          0.362107,
          0.405103,
          -0.839506,
          3.489407
        ],
        [
          -0.027731,
          -0.895545,
          -0.444106,
          1.628012
        ],
        [
          0.0,
          0.0,
          0.0,
          1.0
        ]
      ]
    },
    {
      "file_path": "/media/NFS/ttao/scannet/posed_images/scene0253_00/00398.jpg",
      "transform_matrix": [
        [
          -0.978209,
          0.110498,
          -0.175776,
          2.640475
        ],
        [
          0.206396,
          0.42563,
          -0.881044,
          3.529356
        ],
        [
          -0.022538,
          -0.898125,
          -0.439162,
          1.638301
        ],
        [
          0.0,
          0.0,
          0.0,
          1.0
        ]
      ]
    },
    {
      "file_path": "/media/NFS/ttao/scannet/posed_images/scene0253_00/00400.jpg",
      "transform_matrix": [
        [
          -0.97881,
          0.106592,
          -0.17484,
          2.717828
        ],
        [
          0.203723,
          0.420666,
          -0.884046,
          3.538087
        ],
        [
          -0.020683,
          -0.900932,
          -0.433467,
