{
  "frames": [
    {
      "file_path": "/media/NFS/ttao/scannet/posed_images/scene0439_00/00000.jpg",
      "transform_matrix": [
        [
          -0.616112,
          -0.284643,
          0.734428,
          4.33304
        ],
        [
          -0.787421,
          0.24549,
          -0.565423,
          3.23627
        ],
        [
          -0.019351,
          -0.926668,
          -0.375383,
          1.545844
        ],
        [
          0.0,
          0.0,
          0.0,
          1.0
        ]
      ]
    },
    {
      "file_path": "/media/NFS/ttao/scannet/posed_images/scene0439_00/00004.jpg",
      "transform_matrix": [
        [
          -0.622448,
          -0.290819,
          0.726624,
          4.332798
        ],
        [
          -0.782457,
          0.252415,
          -0.569251,
          3.248402
        ],
        [
          -0.017862,
          -0.922882,
          -0.384669,
          1.53712
        ],
        [
          0.0,
          0.0,
          0.0,
          1.0
        ]
      ]
    },
    {
      "file_path": "/media/NFS/ttao/scannet/posed_images/scene0439_00/00010.jpg",
      "transform_matrix": [
        [
          -0.637568,
          -0.323681,
          0.699097,
          4.340633
        ],
        [
          -0.770384,
          0.263311,
          -0.580669,
          3.246833
        ],
        [
          0.003872,
          -0.908789,
          -0.417237,
          1.544017
        ],
        [
          0.0,
          0.0,
          0.0,
          1.0
        ]
      ]
    },
    {
      "file_path": "/media/NFS/ttao/scannet/posed_images/scene0439_00/00013.jpg",
      "transform_matrix": [
        [
          -0.648091,
          -0.328891,
          0.686883,
          4.338063
        ],
        [
          -0.761536,
          0.272321,
          -0.588136,
          3.248078
        ],
        [
          0.006379,
          -0.904252,
          -0.426951,
          1.53451
        ],
        [
          0.0,
          0.0,
          0.0,
          1.0
        ]
      ]
    },
    {
      "file_path": "/media/NFS/ttao/scannet/posed_images/scene0439_00/00017.jpg",
      "transform_matrix": [
        [
          -0.660385,
          -0.330061,
          0.674501,
          4.340309
        ],
        [
          -0.750897,
          0.282213,
          -0.597085,
          3.252775
        ],
        [
          0.006721,
          -0.900786,
          -0.434211,
          1.520883
        ],
        [
          0.0,
          0.0,
          0.0,
          1.0
        ]
      ]
    },
    {
      "file_path": "/media/NFS/ttao/scannet/posed_images/scene0439_00/00020.jpg",
      "transform_matrix": [
        [
          -0.666929,
          -0.331959,
          0.66709,
          4.350472
        ],
        [
          -0.745121,
          0.296086,
          -0.597602,
          3.262426
        ],
        [
          0.000863,
          -0.895621,
          -0.444818,
          1.516409
        ],
        [
          0.0,
          0.0,
          0.0,
          1.0
        ]
      ]
    },
    {
      "file_path": "/media/NFS/ttao/scannet/posed_images/scene0439_00/00027.jpg",
      "transform_matrix": [
        [
          -0.66376,
          -0.362554,
          0.6542,
          4.326083
        ],
        [
          -0.747931,
          0.316227,
          -0.583609,
          3.285162
        ],
        [
          0.004714,
          -0.876673,
          -0.481064,
          1.484297
        ],
        [
          0.0,
          0.0,
          0.0,
          1.0
        ]
      ]
    },
    {
      "file_path": "/media/NFS/ttao/scannet/posed_images/scene0439_00/00031.jpg",
      "transform_matrix": [
        [
          -0.642663,
          -0.377726,
          0.666564,
          4.292462
        ],
        [
          -0.766105,
          0.307472,
          -0.564398,
          3.294329
        ],
        [
          0.008238,
          -0.873375,
          -0.486979,
          1.495155
        ],
        [
          0.0,
          0.0,
          0.0,
          1.0
        ]
      ]
    },
    {
      "file_path": "/media/NFS/ttao/scannet/posed_images/scene0439_00/00033.jpg",
      "transform_matrix": [
        [
          -0.625815,
          -0.377876,
          0.682323,
          4.254189
        ],
        [
          -0.779891,
          0.290608,
          -0.554362,
          3.303093
        ],
        [
          0.011191,
          -0.879066,
          -0.476569,
          1.495262
        ],
        [
          0.0,
          0.0,
          0.0,
          1.0
        ]
      ]
    },
    {
      "file_path": "/media/NFS/ttao/scannet/posed_images/scene0439_00/00037.jpg",
      "transform_matrix": [
        [
          -0.619131,
          -0.382882,
          0.685623,
          4.205163
        ],
        [
          -0.785042,
          0.279923,
          -0.552587,
          3.315725
        ],
        [
          0.019654,
          -0.880366,
          -0.473887,
          1.489945
        ],
        [
          0.0,
          0.0,
          0.0,
          1.0
        ]
      ]
    },
    {
      "file_path": "/media/NFS/ttao/scannet/posed_images/scene0439_00/00040.jpg",
      "transform_matrix": [
        [
          -0.627748,
          -0.363207,
          0.688486,
          4.164559
        ],
        [
          -0.778255,
          0.274806,
          -0.564625,
          3.318218
        ],
        [
          0.015876,
          -0.89026,
          -0.455176,
          1.485209
        ],
        [
          0.0,
          0.0,
          0.0,
          1.0
        ]
      ]
    },
    {
      "file_path": "/media/NFS/ttao/scannet/posed_images/scene0439_00/00047.jpg",
      "transform_matrix": [
        [
          -0.632139,
          -0.322031,
          0.704767,
          4.10785
        ],
        [
          -0.774578,
          0.238298,
          -0.585869,
          3.33059
        ],
        [
          0.020723,
          -0.916248,
          -0.400076,
          1.503541
        ],
        [
          0.0,
          0.0,
          0.0,
          1.0
        ]
      ]
    },
    {
      "file_path": "/media/NFS/ttao/scannet/posed_images/scene0439_00/00048.jpg",
      "transform_matrix": [
        [
          -0.631025,
          -0.314949,
          0.708953,
          4.103953
        ],
        [
          -0.775478,
          0.231335,
          -0.587468,
          3.330671
        ],
        [
          0.021017,
          -0.920484,
          -0.390214,
          1.511284
        ],
        [
          0.0,
          0.0,
          0.0,
          1.0
        ]
      ]
    },
    {
      "file_path": "/media/NFS/ttao/scannet/posed_images/scene0439_00/00053.jpg",
      "transform_matrix": [
        [
          -0.633982,
          -0.27946,
          0.721089,
          4.096873
        ],
        [
          -0.77309,
          0.204932,
          -0.60028,
          3.34741
        ],
        [
          0.01998,
          -0.938033,
          -0.345971,
          1.549177
        ],
        [
          0.0,
          0.0,
          0.0,
          1.0
        ]
      ]
    },
    {
      "file_path": "/media/NFS/ttao/scannet/posed_images/scene0439_00/00059.jpg",
      "transform_matrix": [
        [
          -0.624853,
          -0.250839,
          0.73935,
          4.084091
        ],
        [
          -0.780657,
          0.186719,
          -0.596415,
          3.356903
        ],
        [
          0.011553,
          -0.94985,
          -0.312491,
          1.565064
        ],
        [
          0.0,
          0.0,
          0.0,
          1.0
        ]
      ]
    },
    {
      "file_path": "/media/NFS/ttao/scannet/posed_images/scene0439_00/00060.jpg",
      "transform_matrix": [
        [
          -0.626691,
          -0.232592,
          0.743747,
          4.071837
        ],
        [
          -0.779266,
          0.184691,
          -0.598861,
          3.361241
        ],
        [
          0.001927,
          -0.954877,
          -0.296995,
          1.543705
        ],
        [
          0.0,
          0.0,
          0.0,
          1.0
        ]
      ]
    },
    {
      "file_path": "/media/NFS/ttao/scannet/posed_images/scene0439_00/00067.jpg",
      "transform_matrix": [
        [
          -0.618682,
          -0.185483,
          0.763432,
          4.053233
        ],
        [
          -0.785546,
          0.161228,
          -0.597431,
          3.366864
        ],
        [
          -0.012273,
          -0.96933,
          -0.245455,
          1.566913
        ],
        [
          0.0,
          0.0,
          0.0,
          1.0
        ]
      ]
    },
    {
      "file_path": "/media/NFS/ttao/scannet/posed_images/scene0439_00/00069.jpg",
      "transform_matrix": [
        [
          -0.619345,
          -0.176237,
          0.765083,
          4.051289
        ],
        [
          -0.785003,
          0.155742,
          -0.599595,
          3.369673
        ],
        [
          -0.013484,
          -0.971949,
          -0.234805,
          1.571412
        ],
        [
          0.0,
          0.0,
          0.0,
          1.0
        ]
      ]
    },
    {
      "file_path": "/media/NFS/ttao/scannet/posed_images/scene0439_00/00072.jpg",
      "transform_matrix": [
        [
          -0.619004,
          -0.169108,
          0.766966,
          4.049769
        ],
        [
          -0.785252,
          0.151426,
          -0.600374,
          3.376479
        ],
        [
          -0.01461,
          -0.973896,
          -0.226526,
          1.600603
        ],
        [
          0.0,
          0.0,
          0.0,
          1.0
        ]
      ]
    },
    {
      "file_path": "/media/NFS/ttao/scannet/posed_images/scene0439_00/00077.jpg",
      "transform_matrix": [
        [
          -0.617631,
          -0.14688,
          0.77263,
          4.042168
        ],
        [
          -0.786294,
          0.135996,
          -0.6027,
          3.377123
        ],
        [
          -0.01655,
          -0.979761,
          -0.199487,
          1.619204
        ],
        [
          0.0,
          0.0,
          0.0,
          1.0
        ]
      ]
    },
    {
      "file_path": "/media/NFS/ttao/scannet/posed_images/scene0439_00/00081.jpg",
      "transform_matrix": [
        [
          -0.616075,
          -0.12097,
          0.778343,
          4.027019
        ],
        [
          -0.787407,
          0.120965,
          -0.604449,
          3.377239
        ],
        [
          -0.021032,
          -0.985258,
          -0.169777,
          1.627595
        ],
        [
          0.0,
          0.0,
          0.0,
          1.0
        ]
      ]
    },
    {
      "file_path": "/media/NFS/ttao/scannet/posed_images/scene0439_00/00086.jpg",
      "transform_matrix": [
        [
          -0.624228,
          -0.091026,
          0.775921,
          4.022145
        ],
        [
          -0.78089,
          0.102524,
          -0.616198,
          3.380469
        ],
        [
          -0.02346,
          -0.990557,
          -0.135079,
          1.644366
        ],
        [
          0.0,
          0.0,
          0.0,
          1.0
        ]
      ]
    },
    {
      "file_path": "/media/NFS/ttao/scannet/posed_images/scene0439_00/00092.jpg",
      "transform_matrix": [
        [
          -0.636131,
          -0.057079,
          0.769467,
          4.003333
        ],
        [
          -0.771119,
          0.081554,
          -0.631446,
          3.368582
        ],
        [
          -0.026711,
          -0.995033,
          -0.095894,
          1.633269
        ],
        [
          0.0,
          0.0,
          0.0,
          1.0
        ]
      ]
    },
    {
      "file_path": "/media/NFS/ttao/scannet/posed_images/scene0439_00/00096.jpg",
      "transform_matrix": [
        [
          -0.653772,
          -0.059251,
          0.754368,
          4.00667
        ],
        [
          -0.756413,
          0.078206,
          -0.649402,
          3.364248
        ],
        [
          -0.020518,
          -0.995175,
          -0.095947,
          1.64128
        ],
        [
          0.0,
          0.0,
          0.0,
          1.0
        ]
      ]
    },
    {
      "file_path": "/media/NFS/ttao/scannet/posed_images/scene0439_00/00101.jpg",
      "transform_matrix": [
        [
          -0.673056,
          -0.056008,
          0.737468,
          4.007821
        ],
        [
          -0.739336,
          0.077159,
          -0.668901,
          3.355411
        ],
        [
          -0.019438,
          -0.995444,
          -0.093341,
          1.643894
        ],
        [
          0.0,
          0.0,
          0.0,
          1.0
        ]
      ]
    },
    {
      "file_path": "/media/NFS/ttao/scannet/posed_images/scene0439_00/00102.jpg",
      "transform_matrix": [
        [
          -0.675671,
          -0.05331,
          0.735274,
          4.00681
        ],
        [
          -0.736913,
          0.076829,
          -0.671607,
          3.354471
        ],
        [
          -0.020687,
          -0.995618,
          -0.091196,
          1.638882
        ],
        [
          0.0,
          0.0,
          0.0,
          1.0
        ]
      ]
    },
    {
      "file_path": "/media/NFS/ttao/scannet/posed_images/scene0439_00/00108.jpg",
      "transform_matrix": [
        [
          -0.698649,
          -0.056484,
          0.713232,
          3.995892
        ],
        [
          -0.715339,
          0.073868,
          -0.694863,
          3.337455
        ],
        [
          -0.013437,
          -0.995667,
          -0.092013,
          1.634775
        ],
        [
          0.0,
          0.0,
          0.0,
          1.0
        ]
      ]
    },
    {
      "file_path": "/media/NFS/ttao/scannet/posed_images/scene0439_00/00109.jpg",
      "transform_matrix": [
        [
          -0.703434,
          -0.055723,
          0.708573,
          3.994539
        ],
        [
          -0.710632,
          0.074114,
          -0.69965,
          3.331656
        ],
        [
          -0.013528,
          -0.995692,
          -0.091733,
          1.630924
        ],
        [
          0.0,
          0.0,
          0.0,
          1.0
        ]
      ]
    },
    {
      "file_path": "/media/NFS/ttao/scannet/posed_images/scene0439_00/00114.jpg",
      "transform_matrix": [
        [
          -0.725544,
          -0.063457,
          0.685244,
          3.992426
        ],
        [
          -0.688094,
          0.082277,
          -0.720942,
          3.330719
        ],
        [
          -0.010631,
          -0.994587,
          -0.103361,
          1.6214
        ],
        [
          0.0,
          0.0,
          0.0,
          1.0
        ]
      ]
    },
    {
      "file_path": "/media/NFS/ttao/scannet/posed_images/scene0439_00/00120.jpg",
      "transform_matrix": [
        [
          -0.748137,
          -0.078536,
          0.65888,
          3.991964
        ],
        [
          -0.663472,
          0.103198,
          -0.74105,
          3.311725
        ],
        [
          -0.009796,
          -0.991555,
          -0.129312,
          1.618454
        ],
        [
          0.0,
          0.0,
          0.0,
          1.0
        ]
      ]
    },
    {
      "file_path": "/media/NFS/ttao/scannet/posed_images/scene0439_00/00121.jpg",
      "transform_matrix": [
        [
          -0.750356,
          -0.075636,
          0.656692,
          3.987445
        ],
        [
          -0.660916,
          0.104619,
          -0.743132,
          3.306422
        ],
        [
          -0.012495,
          -0.991632,
          -0.12849,
          1.606848
        ],
        [
          0.0,
          0.0,
          0.0,
          1.0
        ]
      ]
    },
    {
      "file_path": "/media/NFS/ttao/scannet/posed_images/scene0439_00/00129.jpg",
      "transform_matrix": [
        [
          -0.771125,
          -0.101338,
          0.628568,
          3.980974
        ],
        [
          -0.636668,
          0.129778,
          -0.760139,
          3.286846
        ],
        [
          -0.004543,
          -0.986351,
          -0.164594,
          1.587867
        ],
        [
          0.0,
          0.0,
          0.0,
          1.0
        ]
      ]
    },
    {
      "file_path": "/media/NFS/ttao/scannet/posed_images/scene0439_00/00132.jpg",
      "transform_matrix": [
        [
          -0.774876,
          -0.103815,
          0.62353,
          3.983107
        ],
        [
          -0.632079,
          0.137638,
          -0.762583,
          3.285833
        ],
        [
          -0.006654,
          -0.985027,
          -0.172271,
          1.576676
        ],
        [
          0.0,
          0.0,
          0.0,
          1.0
        ]
      ]
    },
    {
      "file_path": "/media/NFS/ttao/scannet/posed_images/scene0439_00/00134.jpg",
      "transform_matrix": [
        [
          -0.774401,
          -0.104193,
          0.624056,
          3.978859
        ],
        [
          -0.63261,
          0.143689,
          -0.761025,
          3.284468
        ],
        [
          -0.010376,
          -0.984123,
          -0.177187,
          1.570913
        ],
        [
          0.0,
          0.0,
          0.0,
          1.0
        ]
      ]
    },
    {
      "file_path": "/media/NFS/ttao/scannet/posed_images/scene0439_00/00139.jpg",
      "transform_matrix": [
        [
          -0.763561,
          -0.110037,
          0.636291,
          3.979204
        ],
        [
          -0.645287,
          0.166749,
          -0.745519,
          3.285107
        ],
        [
          -0.024067,
          -0.97984,
          -0.198328,
          1.560194
        ],
        [
          0.0,
          0.0,
          0.0,
          1.0
        ]
      ]
    },
    {
      "file_path": "/media/NFS/ttao/scannet/posed_images/scene0439_00/00142.jpg",
      "transform_matrix": [
        [
          -0.766778,
          -0.113513,
          0.631796,
          3.963116
        ],
        [
          -0.641398,
          0.174854,
          -0.747017,
          3.278185
        ],
        [
          -0.025677,
          -0.978029,
          -0.206881,
          1.554249
        ],
        [
          0.0,
          0.0,
          0.0,
          1.0
        ]
      ]
    },
    {
      "file_path": "/media/NFS/ttao/scannet/posed_images/scene0439_00/00148.jpg",
      "transform_matrix": [
        [
          -0.788465,
          -0.124049,
          0.602441,
          3.962078
        ],
        [
          -0.614786,
          0.189201,
          -0.765664,
          3.272525
        ],
        [
          -0.019002,
          -0.974071,
          -0.225442,
          1.548206
        ],
        [
          0.0,
          0.0,
          0.0,
          1.0
        ]
      ]
    },
    {
      "file_path": "/media/NFS/ttao/scannet/posed_images/scene0439_00/00153.jpg",
      "transform_matrix": [
        [
          -0.794661,
          -0.12871,
          0.593251,
          3.955728
        ],
        [
          -0.606711,
          0.201198,
          -0.769039,
          3.262338
        ],
        [
          -0.020378,
          -0.971058,
          -0.237974,
          1.533439
        ],
        [
          0.0,
          0.0,
          0.0,
          1.0
        ]
      ]
    },
    {
      "file_path": "/media/NFS/ttao/scannet/posed_images/scene0439_00/00157.jpg",
      "transform_matrix": [
        [
          -0.804568,
          -0.125629,
          0.58042,
          3.943054
        ],
        [
          -0.593253,
          0.21423,
          -0.775987,
          3.253243
        ],
        [
          -0.026857,
          -0.968671,
          -0.246893,
          1.528644
        ],
        [
          0.0,
          0.0,
          0.0,
          1.0
        ]
      ]
    },
    {
      "file_path": "/media/NFS/ttao/scannet/posed_images/scene0439_00/00161.jpg",
      "transform_matrix": [
        [
          -0.829474,
          -0.115705,
          0.54643,
          3.946057
        ],
        [
          -0.557764,
          0.223318,
          -0.799393,
          3.253356
        ],
        [
          -0.029534,
          -0.967854,
          -0.249772,
          1.537186
        ],
        [
          0.0,
          0.0,
          0.0,
          1.0
        ]
      ]
    },
    {
      "file_path": "/media/NFS/ttao/scannet/posed_images/scene0439_00/00166.jpg",
      "transform_matrix": [
        [
          -0.846724,
          -0.111833,
          0.520146,
          3.937821
        ],
        [
          -0.531319,
          0.228324,
          -0.815824,
          3.246411
        ],
        [
          -0.027526,
          -0.967141,
          -0.252746,
          1.536365
        ],
        [
          0.0,
          0.0,
          0.0,
          1.0
        ]
      ]
    },
    {
      "file_path": "/media/NFS/ttao/scannet/posed_images/scene0439_00/00168.jpg",
      "transform_matrix": [
        [
          -0.854535,
          -0.103028,
          0.509072,
          3.919132
        ],
        [
          -0.518428,
          0.228921,
          -0.82391,
          3.234213
        ],
        [
          -0.031652,
          -0.967978,
          -0.249033,
          1.529192
        ],
        [
          0.0,
          0.0,
          0.0,
          1.0
        ]
      ]
    },
    {
      "file_path": "/media/NFS/ttao/scannet/posed_images/scene0439_00/00170.jpg",
      "transform_matrix": [
        [
          -0.865247,
          -0.102506,
          0.490754,
          3.93357
        ],
        [
          -0.50054,
          0.232107,
          -0.834018,
          3.233963
        ],
        [
          -0.028415,
          -0.967274,
          -0.252138,
          1.536532
        ],
        [
          0.0,
          0.0,
          0.0,
          1.0
        ]
      ]
    },
    {
      "file_path": "/media/NFS/ttao/scannet/posed_images/scene0439_00/00177.jpg",
      "transform_matrix": [
        [
          -0.886907,
          -0.102784,
          0.450369,
          3.885108
        ],
        [
          -0.461438,
          0.242941,
          -0.853261,
          3.195953
        ],
        [
          -0.021712,
          -0.96458,
          -0.262894,
          1.520099
        ],
        [
          0.0,
          0.0,
          0.0,
          1.0
        ]
      ]
    },
    {
      "file_path": "/media/NFS/ttao/scannet/posed_images/scene0439_00/00179.jpg",
      "transform_matrix": [
        [
          -0.892344,
          -0.098269,
          0.440528,
          3.880994
        ],
        [
          -0.45081,
          0.242009,
          -0.859187,
          3.187829
        ],
        [
          -0.02218,
          -0.965285,
          -0.260256,
          1.51885
        ],
        [
          0.0,
          0.0,
          0.0,
          1.0
        ]
      ]
    },
    {
      "file_path": "/media/NFS/ttao/scannet/posed_images/scene0439_00/00186.jpg",
      "transform_matrix": [
        [
          -0.913764,
          -0.093199,
          0.395411,
          3.881498
        ],
        [
          -0.406049,
          0.239801,
          -0.881827,
          3.173195
        ],
        [
          -0.012635,
          -0.966338,
          -0.256965,
          1.52713
        ],
        [
          0.0,
          0.0,
          0.0,
          1.0
        ]
      ]
    },
    {
      "file_path": "/media/NFS/ttao/scannet/posed_images/scene0439_00/00190.jpg",
      "transform_matrix": [
        [
          -0.924843,
          -0.092826,
          0.368847,
          3.89441
        ],
        [
          -0.380315,
          0.238459,
          -0.893587,
          3.165242
        ],
        [
          -0.005006,
          -0.966706,
          -0.25584,
          1.520773
        ],
        [
          0.0,
          0.0,
          0.0,
          1.0
        ]
      ]
    },
    {
      "file_path": "/media/NFS/ttao/scannet/posed_images/scene0439_00/00192.jpg",
      "transform_matrix": [
        [
          -0.926126,
          -0.093553,
          0.365428,
          3.891525
        ],
        [
          -0.377186,
          0.241174,
          -0.894184,
          3.156805
        ],
        [
          -0.004478,
          -0.965962,
          -0.258645,
          1.527385
        ],
        [
          0.0,
          0.0,
          0.0,
          1.0
        ]
      ]
    },
    {
      "file_path": "/media/NFS/ttao/scannet/posed_images/scene0439_00/00196.jpg",
      "transform_matrix": [
        [
          -0.931467,
          -0.083852,
          0.354032,
          3.889787
        ],
        [
          -0.363738,
          0.235993,
          -0.901111,
          3.144887
        ],
        [
          -0.007989,
          -0.96813,
          -0.25032,
          1.530268
        ],
        [
          0.0,
          0.0,
          0.0,
          1.0
        ]
      ]
    },
    {
      "file_path": "/media/NFS/ttao/scannet/posed_images/scene0439_00/00200.jpg",
      "transform_matrix": [
        [
          -0.939994,
          -0.07535,
          0.332768,
          3.911062
        ],
        [
          -0.341172,
          0.218117,
          -0.914345,
          3.138704
        ],
        [
          -0.003686,
          -0.973009,
          -0.230736,
          1.542922
        ],
        [
          0.0,
          0.0,
          0.0,
          1.0
        ]
      ]
    },
    {
      "file_path": "/media/NFS/ttao/scannet/posed_images/scene0439_00/00205.jpg",
      "transform_matrix": [
        [
          -0.949844,
          -0.063205,
          0.306269,
          3.919373
        ],
        [
          -0.312692,
          0.20559,
          -0.927338,
          3.127091
        ],
        [
          -0.004354,
          -0.976595,
          -0.215042,
          1.562847
        ],
        [
          0.0,
          0.0,
          0.0,
          1.0
        ]
      ]
    },
    {
      "file_path": "/media/NFS/ttao/scannet/posed_images/scene0439_00/00208.jpg",
      "transform_matrix": [
        [
          -0.954617,
          -0.052763,
          0.293124,
          3.926833
        ],
        [
          -0.297789,
          0.186299,
          -0.936277,
          3.12936
        ],
        [
          -0.005208,
          -0.981075,
          -0.193556,
          1.564972
        ],
        [
          0.0,
          0.0,
          0.0,
          1.0
        ]
      ]
    },
    {
      "file_path": "/media/NFS/ttao/scannet/posed_images/scene0439_00/00215.jpg",
      "transform_matrix": [
        [
          -0.961295,
          -0.025522,
          0.274337,
          3.949687
        ],
        [
          -0.275093,
          0.144417,
          -0.950509,
          3.132038
        ],
        [
          -0.01536,
          -0.989188,
          -0.145848,
          1.602535
        ],
        [
          0.0,
          0.0,
          0.0,
          1.0
        ]
      ]
    },
    {
      "file_path": "/media/NFS/ttao/scannet/posed_images/scene0439_00/00216.jpg",
      "transform_matrix": [
        [
          -0.961434,
          -0.026394,
          0.273767,
          3.950798
        ],
        [
          -0.274706,
          0.140903,
          -0.951148,
          3.135359
        ],
        [
          -0.01347,
          -0.989672,
          -0.142719,
          1.606681
        ],
        [
          0.0,
          0.0,
          0.0,
          1.0
        ]
      ]
    },
    {
      "file_path": "/media/NFS/ttao/scannet/posed_images/scene0439_00/00222.jpg",
      "transform_matrix": [
        [
          -0.966685,
          -0.020774,
          0.255123,
          3.954475
        ],
        [
          -0.255771,
          0.117406,
          -0.959582,
          3.1371
        ],
        [
          -0.010019,
          -0.992867,
          -0.118808,
          1.603181
        ],
        [
          0.0,
          0.0,
          0.0,
          1.0
        ]
      ]
    },
    {
      "file_path": "/media/NFS/ttao/scannet/posed_images/scene0439_00/00224.jpg",
      "transform_matrix": [
        [
          -0.968867,
          -0.02205,
          0.246596,
          3.950618
        ],
        [
          -0.247496,
          0.112138,
          -0.962378,
          3.134379
        ],
        [
          -0.006432,
          -0.993448,
          -0.114104,
          1.601836
        ],
        [
          0.0,
          0.0,
          0.0,
          1.0
        ]
      ]
    },
    {
      "file_path": "/media/NFS/ttao/scannet/posed_images/scene0439_00/00230.jpg",
      "transform_matrix": [
        [
          -0.976973,
          -0.016936,
          0.212687,
          3.955717
        ],
        [
          -0.21336,
          0.079041,
          -0.973771,
          3.139179
        ],
        [
          -0.00032,
          -0.996728,
          -0.080834,
          1.614046
        ],
        [
          0.0,
          0.0,
          0.0,
          1.0
        ]
      ]
    },
    {
      "file_path": "/media/NFS/ttao/scannet/posed_images/scene0439_00/00233.jpg",
      "transform_matrix": [
        [
          -0.978532,
          -0.012477,
          0.205716,
          3.932644
        ],
        [
          -0.206081,
          0.070595,
          -0.975985,
          3.133611
        ],
        [
          -0.002345,
          -0.997427,
          -0.071651,
          1.637032
        ],
        [
          0.0,
          0.0,
          0.0,
          1.0
        ]
      ]
    },
    {
      "file_path": "/media/NFS/ttao/scannet/posed_images/scene0439_00/00238.jpg",
      "transform_matrix": [
        [
          -0.981046,
          -0.011198,
          0.193449,
          3.926583
        ],
        [
          -0.193772,
          0.053843,
          -0.979568,
          3.133228
        ],
        [
          0.000553,
          -0.998487,
          -0.054992,
          1.662063
        ],
        [
          0.0,
          0.0,
          0.0,
          1.0
        ]
      ]
    },
    {
      "file_path": "/media/NFS/ttao/scannet/posed_images/scene0439_00/00243.jpg",
      "transform_matrix": [
        [
          -0.982058,
          -0.016231,
          0.187876,
          3.941459
        ],
        [
          -0.188287,
          0.029299,
          -0.981677,
          3.144423
        ],
        [
          0.010428,
          -0.999439,
          -0.031829,
          1.651821
        ],
        [
          0.0,
          0.0,
          0.0,
          1.0
        ]
      ]
    },
    {
      "file_path": "/media/NFS/ttao/scannet/posed_images/scene0439_00/00244.jpg",
      "transform_matrix": [
        [
          -0.982047,
          -0.016839,
          0.18788,
          3.941702
        ],
        [
          -0.188301,
          0.028373,
          -0.981701,
          3.144712
        ],
        [
          0.0112,
          -0.999456,
          -0.031035,
          1.651862
        ],
        [
          0.0,
          0.0,
          0.0,
          1.0
        ]
      ]
    },
    {
      "file_path": "/media/NFS/ttao/scannet/posed_images/scene0439_00/00249.jpg",
      "transform_matrix": [
        [
          -0.982376,
          -0.013111,
          0.186455,
          3.935541
        ],
        [
          -0.186743,
          0.026006,
          -0.982064,
          3.14737
        ],
        [
          0.008027,
          -0.999576,
          -0.027996,
          1.655647
        ],
        [
          0.0,
          0.0,
          0.0,
          1.0
        ]
      ]
    },
    {
      "file_path": "/media/NFS/ttao/scannet/posed_images/scene0439_00/00254.jpg",
      "transform_matrix": [
        [
          -0.983836,
          -0.033869,
          0.175841,
          3.923455
        ],
        [
          -0.17709,
          0.038307,
          -0.983449,
          3.146132
        ],
        [
          0.026572,
          -0.998692,
          -0.043686,
          1.619416
        ],
        [
          0.0,
          0.0,
          0.0,
          1.0
        ]
      ]
    },
    {
      "file_path": "/media/NFS/ttao/scannet/posed_images/scene0439_00/00260.jpg",
      "transform_matrix": [
        [
          -0.983086,
          -0.048292,
          0.176661,
          3.937992
        ],
        [
          -0.180955,
          0.107475,
          -0.977601,
          3.145818
        ],
        [
          0.028224,
          -0.993034,
          -0.114396,
          1.609704
        ],
        [
          0.0,
          0.0,
          0.0,
          1.0
        ]
      ]
    },
    {
      "file_path": "/media/NFS/ttao/scannet/posed_images/scene0439_00/00262.jpg",
      "transform_matrix": [
        [
          -0.98234,
          -0.048486,
          0.180711,
          3.926587
        ],
        [
          -0.185044,
          0.108903,
          -0.976677,
          3.145129
        ],
        [
          0.027675,
          -0.992869,
          -0.115952,
          1.573616
        ],
        [
          0.0,
          0.0,
          0.0,
          1.0
        ]
      ]
    },
    {
      "file_path": "/media/NFS/ttao/scannet/posed_images/scene0439_00/00267.jpg",
      "transform_matrix": [
        [
          -0.984124,
          -0.054504,
          0.168903,
          3.919231
        ],
        [
          -0.174962,
          0.138208,
          -0.974827,
          3.144096
        ],
        [
          0.029788,
          -0.988902,
          -0.14555,
          1.546412
        ],
        [
          0.0,
          0.0,
          0.0,
          1.0
        ]
      ]
    },
    {
      "file_path": "/media/NFS/ttao/scannet/posed_images/scene0439_00/00268.jpg",
      "transform_matrix": [
        [
          -0.984914,
          -0.055314,
          0.163964,
          3.921262
        ],
        [
          -0.170392,
          0.144801,
          -0.974679,
          3.143805
        ],
        [
          0.030171,
          -0.987913,
          -0.152042,
          1.539518
        ],
        [
          0.0,
          0.0,
          0.0,
          1.0
        ]
      ]
    },
    {
      "file_path": "/media/NFS/ttao/scannet/posed_images/scene0439_00/00276.jpg",
      "transform_matrix": [
        [
          -0.99113,
          -0.040492,
          0.126577,
          3.937663
        ],
        [
          -0.132658,
          0.244579,
          -0.960512,
          3.139677
        ],
        [
          0.007935,
          -0.968783,
          -0.247781,
          1.525546
        ],
        [
          0.0,
          0.0,
          0.0,
          1.0
        ]
      ]
    },
    {
      "file_path": "/media/NFS/ttao/scannet/posed_images/scene0439_00/00277.jpg",
      "transform_matrix": [
        [
          -0.991586,
          -0.032936,
          0.125186,
          3.935911
        ],
        [
          -0.129446,
          0.252073,
          -0.959011,
          3.136433
        ],
        [
          3e-05,
          -0.967148,
          -0.254215,
          1.514655
        ],
        [
          0.0,
          0.0,
          0.0,
          1.0
        ]
      ]
    },
    {
      "file_path": "/media/NFS/ttao/scannet/posed_images/scene0439_00/00281.jpg",
      "transform_matrix": [
        [
          -0.994801,
          -0.007593,
          0.101557,
          3.92453
        ],
        [
          -0.099628,
          0.279275,
          -0.955029,
          3.123194
        ],
        [
          -0.021111,
          -0.960181,
          -0.278579,
          1.516835
        ],
        [
          0.0,
          0.0,
          0.0,
          1.0
        ]
      ]
    },
    {
      "file_path": "/media/NFS/ttao/scannet/posed_images/scene0439_00/00288.jpg",
      "transform_matrix": [
        [
          -0.999344,
          -0.011089,
          0.034458,
          3.893757
        ],
        [
          -0.036196,
          0.294506,
          -0.954964,
          3.104334
        ],
        [
          0.000442,
          -0.955585,
          -0.294715,
          1.495745
        ],
        [
          0.0,
          0.0,
          0.0,
          1.0
        ]
      ]
    },
    {
      "file_path": "/media/NFS/ttao/scannet/posed_images/scene0439_00/00289.jpg",
      "transform_matrix": [
        [
          -0.999405,
          -0.012597,
          0.032102,
          3.889565
        ],
        [
          -0.034387,
          0.293925,
          -0.955209,
          3.104755
        ],
        [
          0.002597,
          -0.955746,
          -0.294183,
          1.495115
        ],
        [
          0.0,
          0.0,
          0.0,
          1.0
        ]
      ]
    },
    {
      "file_path": "/media/NFS/ttao/scannet/posed_images/scene0439_00/00297.jpg",
      "transform_matrix": [
        [
          -0.999437,
          0.002463,
          0.033448,
          3.86185
        ],
        [
          -0.031511,
          0.272494,
          -0.961641,
          3.108872
        ],
        [
          -0.011483,
          -0.962154,
          -0.272263,
          1.499463
        ],
        [
          0.0,
          0.0,
          0.0,
          1.0
        ]
      ]
    },
    {
      "file_path": "/media/NFS/ttao/scannet/posed_images/scene0439_00/00299.jpg",
      "transform_matrix": [
        [
          -0.999384,
          0.001435,
          0.035053,
          3.85392
        ],
        [
          -0.033369,
          0.269535,
          -0.962412,
          3.109476
        ],
        [
          -0.01083,
          -0.962989,
          -0.269322,
          1.500677
        ],
        [
          0.0,
          0.0,
          0.0,
          1.0
        ]
      ]
    },
    {
      "file_path": "/media/NFS/ttao/scannet/posed_images/scene0439_00/00302.jpg",
      "transform_matrix": [
        [
          -0.999306,
          -0.018943,
          0.032084,
          3.827397
        ],
        [
          -0.03599,
          0.267904,
          -0.962773,
          3.108169
        ],
        [
          0.009642,
          -0.963259,
          -0.2684,
          1.495705
        ],
        [
          0.0,
          0.0,
          0.0,
          1.0
        ]
      ]
    },
    {
      "file_path": "/media/NFS/ttao/scannet/posed_images/scene0439_00/00306.jpg",
      "transform_matrix": [
        [
          -0.999908,
          -0.013098,
          0.003448,
          3.805229
        ],
        [
          -0.00694,
          0.276866,
          -0.960883,
          3.103343
        ],
        [
          0.011631,
          -0.960819,
          -0.276932,
          1.498347
        ],
        [
          0.0,
          0.0,
          0.0,
          1.0
        ]
      ]
    },
    {
      "file_path": "/media/NFS/ttao/scannet/posed_images/scene0439_00/00311.jpg",
      "transform_matrix": [
        [
          -0.999763,
          -0.015763,
          -0.015029,
          3.7729
        ],
        [
          0.010343,
          0.263661,
          -0.96456,
          3.09957
        ],
        [
          0.019167,
          -0.964487,
          -0.263435,
          1.505417
        ],
        [
          0.0,
          0.0,
          0.0,
          1.0
        ]
      ]
    },
    {
      "file_path": "/media/NFS/ttao/scannet/posed_images/scene0439_00/00316.jpg",
      "transform_matrix": [
        [
          -0.998969,
          -0.018104,
          -0.041628,
          3.726357
        ],
        [
          0.035821,
          0.248922,
          -0.967861,
