{
  "frames": [
    {
      "file_path": "/media/NFS/ttao/scannet/posed_images/scene0599_02/00002.jpg",
      "transform_matrix": [
        [
          -0.89315,
          -0.077303,
          0.443066,
          3.670732
        ],
        [
          -0.44929,
          0.108365,
          -0.886789,
          4.51973
        ],
        [
          0.020539,
          -0.991101,
          -0.131518,
          1.409775
        ],
        [
          0.0,
          0.0,
          0.0,
          1.0
        ]
      ]
    },
    {
      "file_path": "/media/NFS/ttao/scannet/posed_images/scene0599_02/00010.jpg",
      "transform_matrix": [
        [
          -0.898494,
          -0.080164,
          0.431605,
          3.686335
        ],
        [
          -0.438852,
          0.139706,
          -0.887633,
          4.519645
        ],
        [
          0.010859,
          -0.986943,
          -0.160705,
          1.426587
        ],
        [
          0.0,
          0.0,
          0.0,
          1.0
        ]
      ]
    },
    {
      "file_path": "/media/NFS/ttao/scannet/posed_images/scene0599_02/00015.jpg",
      "transform_matrix": [
        [
          -0.883941,
          -0.075237,
          0.461507,
          3.654655
        ],
        [
          -0.467338,
          0.175132,
          -0.866559,
          4.513338
        ],
        [
          -0.015627,
          -0.981666,
          -0.189967,
          1.419652
        ],
        [
          0.0,
          0.0,
          0.0,
          1.0
        ]
      ]
    },
    {
      "file_path": "/media/NFS/ttao/scannet/posed_images/scene0599_02/00030.jpg",
      "transform_matrix": [
        [
          -0.930467,
          -0.111507,
          0.348994,
          3.652086
        ],
        [
          -0.365917,
          0.330469,
          -0.869997,
          4.562912
        ],
        [
          -0.018321,
          -0.937206,
          -0.348293,
          1.373148
        ],
        [
          0.0,
          0.0,
          0.0,
          1.0
        ]
      ]
    },
    {
      "file_path": "/media/NFS/ttao/scannet/posed_images/scene0599_02/00035.jpg",
      "transform_matrix": [
        [
          -0.938973,
          -0.12441,
          0.320704,
          3.660391
        ],
        [
          -0.343902,
          0.360624,
          -0.866996,
          4.602115
        ],
        [
          -0.007791,
          -0.924377,
          -0.381401,
          1.354823
        ],
        [
          0.0,
          0.0,
          0.0,
          1.0
        ]
      ]
    },
    {
      "file_path": "/media/NFS/ttao/scannet/posed_images/scene0599_02/00045.jpg",
      "transform_matrix": [
        [
          -0.96424,
          -0.096292,
          0.24692,
          3.641086
        ],
        [
          -0.264578,
          0.404212,
          -0.875563,
          4.637494
        ],
        [
          -0.015498,
          -0.909582,
          -0.415234,
          1.348815
        ],
        [
          0.0,
          0.0,
          0.0,
          1.0
        ]
      ]
    },
    {
      "file_path": "/media/NFS/ttao/scannet/posed_images/scene0599_02/00054.jpg",
      "transform_matrix": [
        [
          -0.971857,
          -0.074095,
          0.223617,
          3.579409
        ],
        [
          -0.234799,
          0.38159,
          -0.894013,
          4.631217
        ],
        [
          -0.019088,
          -0.921357,
          -0.388249,
          1.360624
        ],
        [
          0.0,
          0.0,
          0.0,
          1.0
        ]
      ]
    },
    {
      "file_path": "/media/NFS/ttao/scannet/posed_images/scene0599_02/00057.jpg",
      "transform_matrix": [
        [
          -0.970334,
          -0.082418,
          0.227288,
          3.543436
        ],
        [
          -0.241506,
          0.374315,
          -0.8953,
          4.626323
        ],
        [
          -0.011288,
          -0.923631,
          -0.383115,
          1.360819
        ],
        [
          0.0,
          0.0,
          0.0,
          1.0
        ]
      ]
    },
    {
      "file_path": "/media/NFS/ttao/scannet/posed_images/scene0599_02/00064.jpg",
      "transform_matrix": [
        [
          -0.976885,
          -0.082822,
          0.197067,
          3.498578
        ],
        [
          -0.213739,
          0.364396,
          -0.906384,
          4.611738
        ],
        [
          0.003258,
          -0.927554,
          -0.373675,
          1.370675
        ],
        [
          0.0,
          0.0,
          0.0,
          1.0
        ]
      ]
    },
    {
      "file_path": "/media/NFS/ttao/scannet/posed_images/scene0599_02/00074.jpg",
      "transform_matrix": [
        [
          -0.984218,
          -0.053465,
          0.168693,
          3.49187
        ],
        [
          -0.176866,
          0.328726,
          -0.927716,
          4.576699
        ],
        [
          -0.005853,
          -0.942911,
          -0.332994,
          1.383364
        ],
        [
          0.0,
          0.0,
          0.0,
          1.0
        ]
      ]
    },
    {
      "file_path": "/media/NFS/ttao/scannet/posed_images/scene0599_02/00087.jpg",
      "transform_matrix": [
        [
          -0.998945,
          0.040544,
          -0.021557,
          3.594033
        ],
        [
          0.0316,
          0.266371,
          -0.963352,
          4.480462
        ],
        [
          -0.033316,
          -0.963017,
          -0.267372,
          1.388438
        ],
        [
          0.0,
          0.0,
          0.0,
          1.0
        ]
      ]
    },
    {
      "file_path": "/media/NFS/ttao/scannet/posed_images/scene0599_02/00092.jpg",
      "transform_matrix": [
        [
          -0.995426,
          0.048443,
          -0.082338,
          3.64611
        ],
        [
          0.093147,
          0.300803,
          -0.949126,
          4.445558
        ],
        [
          -0.021211,
          -0.952455,
          -0.30394,
          1.389229
        ],
        [
          0.0,
          0.0,
          0.0,
          1.0
        ]
      ]
    },
    {
      "file_path": "/media/NFS/ttao/scannet/posed_images/scene0599_02/00097.jpg",
      "transform_matrix": [
        [
          -0.993627,
          0.034245,
          -0.107386,
          3.682056
        ],
        [
          0.11267,
          0.328162,
          -0.937878,
          4.433032
        ],
        [
          0.003123,
          -0.944,
          -0.329929,
          1.3804
        ],
        [
          0.0,
          0.0,
          0.0,
          1.0
        ]
      ]
    },
    {
      "file_path": "/media/NFS/ttao/scannet/posed_images/scene0599_02/00106.jpg",
      "transform_matrix": [
        [
          -0.989072,
          0.025836,
          -0.145152,
          3.703482
        ],
        [
          0.144393,
          0.368673,
          -0.918276,
          4.426047
        ],
        [
          0.029789,
          -0.9292,
          -0.368375,
          1.355126
        ],
        [
          0.0,
          0.0,
          0.0,
          1.0
        ]
      ]
    },
    {
      "file_path": "/media/NFS/ttao/scannet/posed_images/scene0599_02/00119.jpg",
      "transform_matrix": [
        [
          -0.970881,
          0.1053,
          -0.215181,
          3.659323
        ],
        [
          0.239511,
          0.44551,
          -0.862644,
          4.457759
        ],
        [
          0.005029,
          -0.889063,
          -0.457758,
          1.311947
        ],
        [
          0.0,
          0.0,
          0.0,
          1.0
        ]
      ]
    },
    {
      "file_path": "/media/NFS/ttao/scannet/posed_images/scene0599_02/00129.jpg",
      "transform_matrix": [
        [
          -0.956649,
          0.148689,
          -0.250427,
          3.631361
        ],
        [
          0.290682,
          0.540756,
          -0.789358,
          4.480418
        ],
        [
          0.018051,
          -0.827934,
          -0.560535,
          1.295941
        ],
        [
          0.0,
          0.0,
          0.0,
          1.0
        ]
      ]
    },
    {
      "file_path": "/media/NFS/ttao/scannet/posed_images/scene0599_02/00131.jpg",
      "transform_matrix": [
        [
          -0.956955,
          0.149773,
          -0.248606,
          3.627537
        ],
        [
          0.289696,
          0.54514,
          -0.786701,
          4.490142
        ],
        [
          0.017698,
          -0.824858,
          -0.565063,
          1.296288
        ],
        [
          0.0,
          0.0,
          0.0,
          1.0
        ]
      ]
    },
    {
      "file_path": "/media/NFS/ttao/scannet/posed_images/scene0599_02/00139.jpg",
      "transform_matrix": [
        [
          -0.941869,
          0.15659,
          -0.297257,
          3.620561
        ],
        [
          0.334532,
          0.519124,
          -0.78651,
          4.50372
        ],
        [
          0.031154,
          -0.840232,
          -0.541332,
          1.319501
        ],
        [
          0.0,
          0.0,
          0.0,
          1.0
        ]
      ]
    },
    {
      "file_path": "/media/NFS/ttao/scannet/posed_images/scene0599_02/00146.jpg",
      "transform_matrix": [
        [
          -0.893663,
          0.194076,
          -0.404599,
          3.621277
        ],
        [
          0.448194,
          0.430427,
          -0.783488,
          4.48008
        ],
        [
          0.022094,
          -0.881514,
          -0.471641,
          1.342756
        ],
        [
          0.0,
          0.0,
          0.0,
          1.0
        ]
      ]
    },
    {
      "file_path": "/media/NFS/ttao/scannet/posed_images/scene0599_02/00161.jpg",
      "transform_matrix": [
        [
          -0.751363,
          0.271323,
          -0.60153,
          3.662055
        ],
        [
          0.659574,
          0.336983,
          -0.671866,
          4.343462
        ],
        [
          0.020413,
          -0.901569,
          -0.432154,
          1.377201
        ],
        [
          0.0,
          0.0,
          0.0,
          1.0
        ]
      ]
    },
    {
      "file_path": "/media/NFS/ttao/scannet/posed_images/scene0599_02/00166.jpg",
      "transform_matrix": [
        [
          -0.724276,
          0.269126,
          -0.634819,
          3.654645
        ],
        [
          0.68791,
          0.344717,
          -0.63871,
          4.297912
        ],
        [
          0.046939,
          -0.899301,
          -0.434805,
          1.369223
        ],
        [
          0.0,
          0.0,
          0.0,
          1.0
        ]
      ]
    },
    {
      "file_path": "/media/NFS/ttao/scannet/posed_images/scene0599_02/00171.jpg",
      "transform_matrix": [
        [
          -0.707772,
          0.267005,
          -0.65404,
          3.633584
        ],
        [
          0.703062,
          0.35667,
          -0.615215,
          4.250257
        ],
        [
          0.069011,
          -0.895262,
          -0.440162,
          1.358812
        ],
        [
          0.0,
          0.0,
          0.0,
          1.0
        ]
      ]
    },
    {
      "file_path": "/media/NFS/ttao/scannet/posed_images/scene0599_02/00183.jpg",
      "transform_matrix": [
        [
          -0.702286,
          0.372888,
          -0.606423,
          3.533324
        ],
        [
          0.711694,
          0.387967,
          -0.585639,
          4.128237
        ],
        [
          0.016894,
          -0.842874,
          -0.537846,
          1.317626
        ],
        [
          0.0,
          0.0,
          0.0,
          1.0
        ]
      ]
    },
    {
      "file_path": "/media/NFS/ttao/scannet/posed_images/scene0599_02/00193.jpg",
      "transform_matrix": [
        [
          -0.676064,
          0.350477,
          -0.648154,
          3.530433
        ],
        [
          0.735926,
          0.365033,
          -0.570232,
          4.024853
        ],
        [
          0.036744,
          -0.862506,
          -0.504711,
          1.338521
        ],
        [
          0.0,
          0.0,
          0.0,
          1.0
        ]
      ]
    },
    {
      "file_path": "/media/NFS/ttao/scannet/posed_images/scene0599_02/00201.jpg",
      "transform_matrix": [
        [
          -0.608309,
          0.291797,
          -0.738116,
          3.600327
        ],
        [
          0.791675,
          0.28946,
          -0.538018,
          3.938468
        ],
        [
          0.056663,
          -0.911629,
          -0.40709,
          1.365386
        ],
        [
          0.0,
          0.0,
          0.0,
          1.0
        ]
      ]
    },
    {
      "file_path": "/media/NFS/ttao/scannet/posed_images/scene0599_02/00206.jpg",
      "transform_matrix": [
        [
          -0.547578,
          0.288289,
          -0.785524,
          3.670225
        ],
        [
          0.835216,
          0.245217,
          -0.492222,
          3.871057
        ],
        [
          0.050722,
          -0.925612,
          -0.375059,
          1.382565
        ],
        [
          0.0,
          0.0,
          0.0,
          1.0
        ]
      ]
    },
    {
      "file_path": "/media/NFS/ttao/scannet/posed_images/scene0599_02/00215.jpg",
      "transform_matrix": [
        [
          -0.492758,
          0.324804,
          -0.807274,
          3.73782
        ],
        [
          0.868583,
          0.239536,
          -0.433804,
          3.745841
        ],
        [
          0.05247,
          -0.914945,
          -0.400153,
          1.386249
        ],
        [
          0.0,
          0.0,
          0.0,
          1.0
        ]
      ]
    },
    {
      "file_path": "/media/NFS/ttao/scannet/posed_images/scene0599_02/00220.jpg",
      "transform_matrix": [
        [
          -0.461876,
          0.32078,
          -0.826905,
          3.747035
        ],
        [
          0.883891,
          0.243773,
          -0.39914,
          3.673367
        ],
        [
          0.073541,
          -0.915246,
          -0.396127,
          1.38377
        ],
        [
          0.0,
          0.0,
          0.0,
          1.0
        ]
      ]
    },
    {
      "file_path": "/media/NFS/ttao/scannet/posed_images/scene0599_02/00235.jpg",
      "transform_matrix": [
        [
          -0.3433,
          0.363512,
          -0.866028,
          3.735905
        ],
        [
          0.937376,
          0.190456,
          -0.291639,
          3.486592
        ],
        [
          0.058926,
          -0.911913,
          -0.406131,
          1.39701
        ],
        [
          0.0,
          0.0,
          0.0,
          1.0
        ]
      ]
    },
    {
      "file_path": "/media/NFS/ttao/scannet/posed_images/scene0599_02/00243.jpg",
      "transform_matrix": [
        [
          -0.376156,
          0.343017,
          -0.860724,
          3.797604
        ],
        [
          0.922015,
          0.230433,
          -0.311109,
          3.444737
        ],
        [
          0.091623,
          -0.910626,
          -0.402946,
          1.376052
        ],
        [
          0.0,
          0.0,
          0.0,
          1.0
        ]
      ]
    },
    {
      "file_path": "/media/NFS/ttao/scannet/posed_images/scene0599_02/00250.jpg",
      "transform_matrix": [
        [
          -0.355319,
          0.384746,
          -0.851891,
          3.839205
        ],
        [
          0.930989,
          0.227284,
          -0.28566,
          3.459862
        ],
        [
          0.083715,
          -0.894602,
          -0.438953,
          1.383055
        ],
        [
          0.0,
          0.0,
          0.0,
          1.0
        ]
      ]
    },
    {
      "file_path": "/media/NFS/ttao/scannet/posed_images/scene0599_02/00255.jpg",
      "transform_matrix": [
        [
          -0.346771,
          0.362178,
          -0.865204,
          3.867225
        ],
        [
          0.933763,
          0.220366,
          -0.282003,
          3.502046
        ],
        [
          0.088527,
          -0.905685,
          -0.414605,
          1.38974
        ],
        [
          0.0,
          0.0,
          0.0,
          1.0
        ]
      ]
    },
    {
      "file_path": "/media/NFS/ttao/scannet/posed_images/scene0599_02/00262.jpg",
      "transform_matrix": [
        [
          -0.328172,
          0.308184,
          -0.892931,
          3.886695
        ],
        [
          0.942568,
          0.169075,
          -0.288061,
          3.564312
        ],
        [
          0.062197,
          -0.936182,
          -0.34597,
          1.401494
        ],
        [
          0.0,
          0.0,
          0.0,
          1.0
        ]
      ]
    },
    {
      "file_path": "/media/NFS/ttao/scannet/posed_images/scene0599_02/00270.jpg",
      "transform_matrix": [
        [
          -0.39541,
          0.283627,
          -0.873617,
          3.899693
        ],
        [
          0.91769,
          0.16205,
          -0.362747,
          3.617851
        ],
        [
          0.038685,
          -0.945143,
          -0.324358,
          1.403848
        ],
        [
          0.0,
          0.0,
          0.0,
          1.0
        ]
      ]
    },
    {
      "file_path": "/media/NFS/ttao/scannet/posed_images/scene0599_02/00285.jpg",
      "transform_matrix": [
        [
          -0.184084,
          0.287017,
          -0.940072,
          3.903003
        ],
        [
          0.982909,
          0.055648,
          -0.175482,
          3.649325
        ],
        [
          0.001947,
          -0.956308,
          -0.292355,
          1.413495
        ],
        [
          0.0,
          0.0,
          0.0,
          1.0
        ]
      ]
    },
    {
      "file_path": "/media/NFS/ttao/scannet/posed_images/scene0599_02/00292.jpg",
      "transform_matrix": [
        [
          -0.113706,
          0.271045,
          -0.955827,
          3.892852
        ],
        [
          0.993301,
          0.011058,
          -0.115028,
          3.583984
        ],
        [
          -0.020608,
          -0.962503,
          -0.270486,
          1.410602
        ],
        [
          0.0,
          0.0,
          0.0,
          1.0
        ]
      ]
    },
    {
      "file_path": "/media/NFS/ttao/scannet/posed_images/scene0599_02/00300.jpg",
      "transform_matrix": [
        [
          -0.018274,
          0.271319,
          -0.962316,
          3.891589
        ],
        [
          0.998351,
          -0.047431,
          -0.032331,
          3.444724
        ],
        [
          -0.054416,
          -0.96132,
          -0.270005,
          1.407592
        ],
        [
          0.0,
          0.0,
          0.0,
          1.0
        ]
      ]
    },
    {
      "file_path": "/media/NFS/ttao/scannet/posed_images/scene0599_02/00310.jpg",
      "transform_matrix": [
        [
          0.11681,
          0.275288,
          -0.954239,
          3.846031
        ],
        [
          0.992918,
          -0.053323,
          0.106161,
          3.2715
        ],
        [
          -0.021658,
          -0.959882,
          -0.279567,
          1.419638
        ],
        [
          0.0,
          0.0,
          0.0,
          1.0
        ]
      ]
    },
    {
      "file_path": "/media/NFS/ttao/scannet/posed_images/scene0599_02/00317.jpg",
      "transform_matrix": [
        [
          0.153299,
          0.271218,
          -0.950232,
          3.770117
        ],
        [
          0.988164,
          -0.047527,
          0.145854,
          3.178332
        ],
        [
          -0.005604,
          -0.961344,
          -0.275293,
          1.414589
        ],
        [
          0.0,
          0.0,
          0.0,
          1.0
        ]
      ]
    },
    {
      "file_path": "/media/NFS/ttao/scannet/posed_images/scene0599_02/00327.jpg",
      "transform_matrix": [
        [
          0.242406,
          0.265509,
          -0.933137,
          3.627826
        ],
        [
          0.968733,
          -0.118655,
          0.217892,
          3.05816
        ],
        [
          -0.052869,
          -0.956779,
          -0.28597,
          1.411459
        ],
        [
          0.0,
          0.0,
          0.0,
          1.0
        ]
      ]
    },
    {
      "file_path": "/media/NFS/ttao/scannet/posed_images/scene0599_02/00329.jpg",
      "transform_matrix": [
        [
          0.25144,
          0.271689,
          -0.928958,
          3.601606
        ],
        [
          0.966935,
          -0.11275,
          0.228744,
          3.030267
        ],
        [
          -0.042593,
          -0.955758,
          -0.291055,
          1.412907
        ],
        [
          0.0,
          0.0,
          0.0,
          1.0
        ]
      ]
    },
    {
      "file_path": "/media/NFS/ttao/scannet/posed_images/scene0599_02/00339.jpg",
      "transform_matrix": [
        [
          0.325043,
          0.259138,
          -0.909502,
          3.496409
        ],
        [
          0.944762,
          -0.131781,
          0.300097,
          2.899502
        ],
        [
          -0.042089,
          -0.956808,
          -0.287658,
          1.406999
        ],
        [
          0.0,
          0.0,
          0.0,
          1.0
        ]
      ]
    },
    {
      "file_path": "/media/NFS/ttao/scannet/posed_images/scene0599_02/00347.jpg",
      "transform_matrix": [
        [
          0.415165,
          0.264657,
          -0.870399,
          3.412676
        ],
        [
          0.907555,
          -0.186851,
          0.376073,
          2.807151
        ],
        [
          -0.063104,
          -0.946067,
          -0.317764,
          1.415345
        ],
        [
          0.0,
          0.0,
          0.0,
          1.0
        ]
      ]
    },
    {
      "file_path": "/media/NFS/ttao/scannet/posed_images/scene0599_02/00354.jpg",
      "transform_matrix": [
        [
          0.492103,
          0.248631,
          -0.834276,
          3.34978
        ],
        [
          0.867771,
          -0.216433,
          0.447359,
          2.78028
        ],
        [
          -0.069337,
          -0.944108,
          -0.322262,
          1.408419
        ],
        [
          0.0,
          0.0,
          0.0,
          1.0
        ]
      ]
    },
    {
      "file_path": "/media/NFS/ttao/scannet/posed_images/scene0599_02/00366.jpg",
      "transform_matrix": [
        [
          0.5772,
          0.242893,
          -0.779643,
          3.229053
        ],
        [
          0.813915,
          -0.248517,
          0.525149,
          2.811915
        ],
        [
          -0.0662,
          -0.937679,
          -0.341139,
          1.395473
        ],
        [
          0.0,
          0.0,
          0.0,
          1.0
        ]
      ]
    },
    {
      "file_path": "/media/NFS/ttao/scannet/posed_images/scene0599_02/00369.jpg",
      "transform_matrix": [
        [
          0.592898,
          0.241067,
          -0.768348,
          3.198568
        ],
        [
          0.802638,
          -0.254105,
          0.539633,
          2.821555
        ],
        [
          -0.065153,
          -0.936652,
          -0.344147,
          1.396751
        ],
        [
          0.0,
          0.0,
          0.0,
          1.0
        ]
      ]
    },
    {
      "file_path": "/media/NFS/ttao/scannet/posed_images/scene0599_02/00379.jpg",
      "transform_matrix": [
        [
          0.686122,
          0.246016,
          -0.684626,
          3.123165
        ],
        [
          0.725262,
          -0.304846,
          0.617304,
          2.873606
        ],
        [
          -0.056839,
          -0.920079,
          -0.387587,
          1.380436
        ],
        [
          0.0,
          0.0,
          0.0,
          1.0
        ]
      ]
    },
    {
      "file_path": "/media/NFS/ttao/scannet/posed_images/scene0599_02/00389.jpg",
      "transform_matrix": [
        [
          0.790562,
          0.192668,
          -0.581284,
          3.064628
        ],
        [
          0.610761,
          -0.317095,
          0.72555,
          2.877531
        ],
        [
          -0.044532,
          -0.928617,
          -0.368357,
          1.375307
        ],
        [
          0.0,
          0.0,
          0.0,
          1.0
        ]
      ]
    },
    {
      "file_path": "/media/NFS/ttao/scannet/posed_images/scene0599_02/00401.jpg",
      "transform_matrix": [
        [
          0.879447,
          0.199871,
          -0.432002,
          2.949802
        ],
        [
          0.475841,
          -0.392464,
          0.787114,
          2.820036
        ],
        [
          -0.012224,
          -0.897788,
          -0.440257,
          1.362746
        ],
        [
          0.0,
          0.0,
          0.0,
          1.0
        ]
      ]
    },
    {
      "file_path": "/media/NFS/ttao/scannet/posed_images/scene0599_02/00404.jpg",
      "transform_matrix": [
        [
          0.902325,
          0.182995,
          -0.390285,
          2.940753
        ],
        [
          0.430929,
          -0.404914,
          0.80644,
          2.818225
        ],
        [
          -0.010457,
          -0.895856,
          -0.444222,
          1.362409
        ],
        [
          0.0,
          0.0,
          0.0,
          1.0
        ]
      ]
    },
    {
      "file_path": "/media/NFS/ttao/scannet/posed_images/scene0599_02/00411.jpg",
      "transform_matrix": [
        [
          0.94163,
          0.150211,
          -0.301282,
          2.955391
        ],
        [
          0.336464,
          -0.449818,
          0.827319,
          2.825287
        ],
        [
          -0.011249,
          -0.880398,
          -0.474102,
          1.353998
        ],
        [
          0.0,
          0.0,
          0.0,
          1.0
        ]
      ]
    },
    {
      "file_path": "/media/NFS/ttao/scannet/posed_images/scene0599_02/00421.jpg",
      "transform_matrix": [
        [
          0.965066,
          0.060144,
          -0.255012,
          3.043921
        ],
        [
          0.255173,
          -0.43662,
          0.862699,
          2.822364
        ],
        [
          -0.059457,
          -0.897633,
          -0.436714,
          1.370193
        ],
        [
          0.0,
          0.0,
          0.0,
          1.0
        ]
      ]
    },
    {
      "file_path": "/media/NFS/ttao/scannet/posed_images/scene0599_02/00433.jpg",
      "transform_matrix": [
        [
          0.989353,
          -0.022911,
          -0.14372,
          3.155526
        ],
        [
          0.117255,
          -0.459477,
          0.880416,
          2.8276
        ],
        [
          -0.086208,
          -0.887894,
          -0.451899,
          1.368106
        ],
        [
          0.0,
          0.0,
          0.0,
          1.0
        ]
      ]
    },
    {
      "file_path": "/media/NFS/ttao/scannet/posed_images/scene0599_02/00436.jpg",
      "transform_matrix": [
        [
          0.992953,
          -0.043101,
          -0.110391,
          3.16615
        ],
        [
          0.078972,
          -0.453877,
          0.887558,
          2.822196
        ],
        [
          -0.088359,
          -0.890021,
          -0.447275,
          1.368253
        ],
        [
          0.0,
          0.0,
          0.0,
          1.0
        ]
      ]
    },
    {
      "file_path": "/media/NFS/ttao/scannet/posed_images/scene0599_02/00451.jpg",
      "transform_matrix": [
        [
          0.993291,
          -0.097937,
          0.061486,
          3.153692
        ],
        [
          -0.097097,
          -0.41758,
          0.903437,
          2.776115
        ],
        [
          -0.062804,
          -0.903347,
          -0.424288,
          1.37279
        ],
        [
          0.0,
          0.0,
          0.0,
          1.0
        ]
      ]
    },
    {
      "file_path": "/media/NFS/ttao/scannet/posed_images/scene0599_02/00453.jpg",
      "transform_matrix": [
        [
          0.991807,
          -0.10097,
          0.078248,
          3.143066
        ],
        [
          -0.11317,
          -0.410433,
          0.904841,
          2.769634
        ],
        [
          -0.059247,
          -0.906284,
          -0.418497,
          1.372792
        ],
        [
          0.0,
          0.0,
          0.0,
          1.0
        ]
      ]
    },
    {
      "file_path": "/media/NFS/ttao/scannet/posed_images/scene0599_02/00465.jpg",
      "transform_matrix": [
        [
          0.965914,
          -0.145659,
          0.213995,
          3.031908
        ],
        [
          -0.255431,
          -0.402131,
          0.87923,
          2.743288
        ],
        [
          -0.042014,
          -0.903922,
          -0.42563,
          1.364479
        ],
        [
          0.0,
          0.0,
          0.0,
          1.0
        ]
      ]
    },
    {
      "file_path": "/media/NFS/ttao/scannet/posed_images/scene0599_02/00475.jpg",
      "transform_matrix": [
        [
          0.922869,
          -0.198981,
          0.329726,
          2.988369
        ],
        [
          -0.382824,
          -0.380775,
          0.841698,
          2.747573
        ],
        [
          -0.04193,
          -0.903004,
          -0.427581,
          1.367358
        ],
        [
          0.0,
          0.0,
          0.0,
          1.0
        ]
      ]
    },
    {
      "file_path": "/media/NFS/ttao/scannet/posed_images/scene0599_02/00478.jpg",
      "transform_matrix": [
        [
          0.914394,
          -0.206598,
          0.348139,
          2.987801
        ],
        [
          -0.402439,
          -0.370687,
          0.837038,
          2.758134
        ],
        [
          -0.04388,
          -0.905488,
          -0.422097,
          1.371259
        ],
        [
          0.0,
          0.0,
          0.0,
          1.0
        ]
      ]
    },
    {
      "file_path": "/media/NFS/ttao/scannet/posed_images/scene0599_02/00485.jpg",
      "transform_matrix": [
        [
          0.890678,
          -0.218671,
          0.398592,
          2.990893
        ],
        [
          -0.450356,
          -0.304357,
          0.839373,
          2.8025
        ],
        [
          -0.062232,
          -0.927119,
          -0.369564,
          1.371021
        ],
        [
          0.0,
          0.0,
          0.0,
          1.0
        ]
      ]
    },
    {
      "file_path": "/media/NFS/ttao/scannet/posed_images/scene0599_02/00500.jpg",
      "transform_matrix": [
        [
          0.785476,
          -0.285694,
          0.549005,
          3.068451
        ],
        [
          -0.611946,
          -0.22599,
          0.757925,
          2.925962
        ],
        [
          -0.092465,
          -0.931294,
          -0.352338,
          1.372479
        ],
        [
          0.0,
          0.0,
          0.0,
          1.0
        ]
      ]
    },
    {
      "file_path": "/media/NFS/ttao/scannet/posed_images/scene0599_02/00505.jpg",
      "transform_matrix": [
        [
          0.718561,
          -0.297609,
          0.628569,
          3.069001
        ],
        [
          -0.690025,
          -0.192277,
          0.697779,
          2.964345
        ],
        [
          -0.086806,
          -0.935125,
          -0.34352,
          1.37768
        ],
        [
          0.0,
          0.0,
          0.0,
          1.0
        ]
      ]
    },
    {
      "file_path": "/media/NFS/ttao/scannet/posed_images/scene0599_02/00515.jpg",
      "transform_matrix": [
        [
          0.597822,
          -0.313376,
          0.737838,
          3.049579
        ],
        [
          -0.800358,
          -0.181522,
          0.571381,
          3.02423
        ],
        [
          -0.045123,
          -0.932119,
          -0.35933,
          1.373021
        ],
        [
          0.0,
          0.0,
          0.0,
          1.0
        ]
      ]
    },
    {
      "file_path": "/media/NFS/ttao/scannet/posed_images/scene0599_02/00520.jpg",
      "transform_matrix": [
        [
          0.526071,
          -0.327694,
          0.784771,
          3.041083
        ],
        [
          -0.850246,
          -0.182902,
          0.493588,
          3.042141
        ],
        [
          -0.018209,
          -0.926911,
          -0.37484,
          1.367296
        ],
        [
          0.0,
          0.0,
          0.0,
          1.0
        ]
      ]
    },
    {
      "file_path": "/media/NFS/ttao/scannet/posed_images/scene0599_02/00532.jpg",
      "transform_matrix": [
        [
          0.380724,
          -0.316522,
          0.868829,
          3.036289
        ],
        [
          -0.924683,
          -0.133628,
          0.356518,
          3.071181
        ],
        [
          0.003254,
          -0.939126,
          -0.343558,
          1.373379
        ],
        [
          0.0,
          0.0,
          0.0,
          1.0
        ]
      ]
    },
    {
      "file_path": "/media/NFS/ttao/scannet/posed_images/scene0599_02/00535.jpg",
      "transform_matrix": [
        [
          0.356085,
          -0.314618,
          0.879897,
          3.037017
        ],
        [
          -0.934443,
          -0.124391,
          0.333682,
          3.077018
        ],
        [
          0.004469,
          -0.941033,
          -0.338287,
          1.375212
        ],
        [
          0.0,
          0.0,
          0.0,
          1.0
        ]
      ]
    },
    {
      "file_path": "/media/NFS/ttao/scannet/posed_images/scene0599_02/00542.jpg",
      "transform_matrix": [
        [
          0.278516,
          -0.308786,
          0.909439,
          3.049261
        ],
        [
          -0.96033,
          -0.103334,
          0.259015,
          3.071935
        ],
        [
          0.013996,
          -0.945502,
          -0.325317,
          1.375839
        ],
        [
          0.0,
          0.0,
          0.0,
          1.0
        ]
      ]
    },
    {
      "file_path": "/media/NFS/ttao/scannet/posed_images/scene0599_02/00557.jpg",
      "transform_matrix": [
        [
          0.031356,
          -0.264668,
          0.96383,
          3.127757
        ],
        [
          -0.999465,
          -0.017296,
          0.027766,
          3.077685
        ],
        [
          0.009322,
          -0.964185,
          -0.265068,
          1.388068
        ],
        [
          0.0,
          0.0,
          0.0,
          1.0
        ]
      ]
    },
    {
      "file_path": "/media/NFS/ttao/scannet/posed_images/scene0599_02/00565.jpg",
      "transform_matrix": [
        [
          -0.082036,
          -0.230737,
          0.969552,
          3.186926
        ],
        [
          -0.99588,
          -0.018746,
          -0.088725,
          3.023825
        ],
        [
          0.038647,
          -0.972836,
          -0.228249,
          1.382857
        ],
        [
          0.0,
          0.0,
          0.0,
          1.0
        ]
      ]
    },
    {
      "file_path": "/media/NFS/ttao/scannet/posed_images/scene0599_02/00567.jpg",
      "transform_matrix": [
        [
          -0.107875,
          -0.231133,
          0.966923,
          3.203905
        ],
        [
          -0.993205,
          -0.017672,
          -0.115031,
          3.01389
        ],
        [
          0.043675,
          -0.972762,
          -0.227656,
          1.381403
        ],
        [
          0.0,
          0.0,
          0.0,
          1.0
        ]
      ]
    },
    {
      "file_path": "/media/NFS/ttao/scannet/posed_images/scene0599_02/00582.jpg",
      "transform_matrix": [
        [
          -0.240134,
          -0.277362,
          0.930272,
          3.341518
        ],
        [
          -0.969709,
          0.024383,
          -0.243044,
          2.971492
        ],
        [
          0.044728,
          -0.960456,
          -0.274815,
          1.375717
        ],
        [
          0.0,
          0.0,
          0.0,
          1.0
        ]
      ]
    },
    {
      "file_path": "/media/NFS/ttao/scannet/posed_images/scene0599_02/00584.jpg",
      "transform_matrix": [
        [
          -0.250908,
          -0.285122,
          0.925068,
          3.364753
        ],
        [
          -0.967244,
          0.035807,
          -0.251311,
          2.977407
        ],
        [
          0.03853,
          -0.957822,
          -0.284767,
          1.380807
        ],
        [
          0.0,
          0.0,
          0.0,
          1.0
        ]
      ]
    },
    {
      "file_path": "/media/NFS/ttao/scannet/posed_images/scene0599_02/00597.jpg",
      "transform_matrix": [
        [
          -0.258281,
          -0.325629,
          0.909536,
          3.531929
        ],
        [
          -0.965682,
          0.060358,
          -0.252616,
          3.06986
        ],
        [
          0.027361,
          -0.943569,
          -0.330044,
          1.376654
        ],
        [
          0.0,
          0.0,
          0.0,
          1.0
        ]
      ]
    },
    {
      "file_path": "/media/NFS/ttao/scannet/posed_images/scene0599_02/00607.jpg",
      "transform_matrix": [
        [
          -0.173504,
          -0.388997,
          0.904753,
          3.671941
        ],
        [
          -0.984554,
          0.046652,
          -0.168749,
          3.116138
        ],
        [
          0.023435,
          -0.920057,
          -0.391083,
          1.338881
        ],
        [
          0.0,
          0.0,
          0.0,
          1.0
        ]
      ]
    },
    {
      "file_path": "/media/NFS/ttao/scannet/posed_images/scene0599_02/00614.jpg",
      "transform_matrix": [
        [
          -0.171489,
          -0.434002,
          0.88444,
          3.814285
        ],
        [
          -0.985023,
          0.059209,
          -0.161937,
          3.147321
        ],
        [
          0.017914,
          -0.898964,
          -0.437656,
          1.30337
        ],
        [
          0.0,
          0.0,
          0.0,
          1.0
        ]
      ]
    },
    {
      "file_path": "/media/NFS/ttao/scannet/posed_images/scene0599_02/00619.jpg",
      "transform_matrix": [
        [
          -0.234387,
          -0.432241,
          0.870764,
          3.92221
        ],
        [
          -0.971871,
          0.08299,
          -0.220407,
          3.153703
        ],
        [
          0.023004,
          -0.897931,
          -0.439534,
          1.300629
        ],
        [
          0.0,
          0.0,
          0.0,
          1.0
        ]
      ]
    },
    {
      "file_path": "/media/NFS/ttao/scannet/posed_images/scene0599_02/00629.jpg",
      "transform_matrix": [
        [
          -0.317323,
          -0.524167,
          0.790288,
          4.102623
        ],
        [
          -0.947249,
          0.135654,
          -0.290373,
          3.229617
        ],
        [
          0.044999,
          -0.840742,
          -0.539563,
          1.266341
        ],
        [
          0.0,
          0.0,
          0.0,
          1.0
        ]
      ]
    },
    {
      "file_path": "/media/NFS/ttao/scannet/posed_images/scene0599_02/00636.jpg",
      "transform_matrix": [
        [
          -0.481179,
          -0.514989,
          0.709403,
          4.221956
        ],
        [
          -0.876433,
          0.265809,
          -0.40151,
          3.359488
        ],
        [
          0.018208,
          -0.814943,
