{
  "frames": [
    {
      "file_path": "/media/NFS/ttao/scannet/posed_images/scene0558_02/00000.jpg",
      "transform_matrix": [
        [
          0.715809,
          0.427646,
          -0.552031,
          4.77606
        ],
        [
          0.693975,
          -0.347843,
          0.6304,
          4.821148
        ],
        [
          0.077568,
          -0.834341,
          -0.545764,
          1.459245
        ],
        [
          0.0,
          0.0,
          0.0,
          1.0
        ]
      ]
    },
    {
      "file_path": "/media/NFS/ttao/scannet/posed_images/scene0558_02/00007.jpg",
      "transform_matrix": [
        [
          0.709845,
          0.435023,
          -0.553964,
          4.754014
        ],
        [
          0.700769,
          -0.356879,
          0.617706,
          4.815097
        ],
        [
          0.071018,
          -0.826676,
          -0.558179,
          1.456859
        ],
        [
          0.0,
          0.0,
          0.0,
          1.0
        ]
      ]
    },
    {
      "file_path": "/media/NFS/ttao/scannet/posed_images/scene0558_02/00011.jpg",
      "transform_matrix": [
        [
          0.695804,
          0.433157,
          -0.572915,
          4.755575
        ],
        [
          0.715086,
          -0.343223,
          0.608975,
          4.820806
        ],
        [
          0.067144,
          -0.83341,
          -0.548561,
          1.44974
        ],
        [
          0.0,
          0.0,
          0.0,
          1.0
        ]
      ]
    },
    {
      "file_path": "/media/NFS/ttao/scannet/posed_images/scene0558_02/00021.jpg",
      "transform_matrix": [
        [
          0.669502,
          0.36824,
          -0.64511,
          4.744446
        ],
        [
          0.741577,
          -0.281323,
          0.609033,
          4.810234
        ],
        [
          0.042786,
          -0.886147,
          -0.461424,
          1.478277
        ],
        [
          0.0,
          0.0,
          0.0,
          1.0
        ]
      ]
    },
    {
      "file_path": "/media/NFS/ttao/scannet/posed_images/scene0558_02/00025.jpg",
      "transform_matrix": [
        [
          0.658266,
          0.362878,
          -0.65955,
          4.74114
        ],
        [
          0.751222,
          -0.260211,
          0.606594,
          4.807496
        ],
        [
          0.048497,
          -0.894768,
          -0.44389,
          1.489034
        ],
        [
          0.0,
          0.0,
          0.0,
          1.0
        ]
      ]
    },
    {
      "file_path": "/media/NFS/ttao/scannet/posed_images/scene0558_02/00032.jpg",
      "transform_matrix": [
        [
          0.647127,
          0.344907,
          -0.679901,
          4.738634
        ],
        [
          0.75981,
          -0.21858,
          0.612301,
          4.80405
        ],
        [
          0.062574,
          -0.912832,
          -0.403513,
          1.505493
        ],
        [
          0.0,
          0.0,
          0.0,
          1.0
        ]
      ]
    },
    {
      "file_path": "/media/NFS/ttao/scannet/posed_images/scene0558_02/00037.jpg",
      "transform_matrix": [
        [
          0.641354,
          0.339293,
          -0.688146,
          4.738146
        ],
        [
          0.763858,
          -0.198186,
          0.614202,
          4.801649
        ],
        [
          0.072014,
          -0.919567,
          -0.386279,
          1.505635
        ],
        [
          0.0,
          0.0,
          0.0,
          1.0
        ]
      ]
    },
    {
      "file_path": "/media/NFS/ttao/scannet/posed_images/scene0558_02/00040.jpg",
      "transform_matrix": [
        [
          0.636655,
          0.33869,
          -0.692791,
          4.738973
        ],
        [
          0.767132,
          -0.186582,
          0.613756,
          4.799729
        ],
        [
          0.07861,
          -0.922213,
          -0.378608,
          1.502743
        ],
        [
          0.0,
          0.0,
          0.0,
          1.0
        ]
      ]
    },
    {
      "file_path": "/media/NFS/ttao/scannet/posed_images/scene0558_02/00046.jpg",
      "transform_matrix": [
        [
          0.634162,
          0.356911,
          -0.685896,
          4.726139
        ],
        [
          0.768891,
          -0.197575,
          0.608088,
          4.799541
        ],
        [
          0.081518,
          -0.913005,
          -0.39972,
          1.500046
        ],
        [
          0.0,
          0.0,
          0.0,
          1.0
        ]
      ]
    },
    {
      "file_path": "/media/NFS/ttao/scannet/posed_images/scene0558_02/00056.jpg",
      "transform_matrix": [
        [
          0.637893,
          0.244542,
          -0.730268,
          4.722637
        ],
        [
          0.76371,
          -0.078731,
          0.640741,
          4.771085
        ],
        [
          0.099194,
          -0.966437,
          -0.236981,
          1.532325
        ],
        [
          0.0,
          0.0,
          0.0,
          1.0
        ]
      ]
    },
    {
      "file_path": "/media/NFS/ttao/scannet/posed_images/scene0558_02/00058.jpg",
      "transform_matrix": [
        [
          0.636643,
          0.244281,
          -0.731446,
          4.722045
        ],
        [
          0.764432,
          -0.074903,
          0.640338,
          4.768504
        ],
        [
          0.101635,
          -0.966807,
          -0.234422,
          1.533658
        ],
        [
          0.0,
          0.0,
          0.0,
          1.0
        ]
      ]
    },
    {
      "file_path": "/media/NFS/ttao/scannet/posed_images/scene0558_02/00063.jpg",
      "transform_matrix": [
        [
          0.637773,
          0.233583,
          -0.733951,
          4.71635
        ],
        [
          0.763541,
          -0.066485,
          0.642327,
          4.753957
        ],
        [
          0.10124,
          -0.970061,
          -0.220753,
          1.525202
        ],
        [
          0.0,
          0.0,
          0.0,
          1.0
        ]
      ]
    },
    {
      "file_path": "/media/NFS/ttao/scannet/posed_images/scene0558_02/00068.jpg",
      "transform_matrix": [
        [
          0.63017,
          0.309865,
          -0.711948,
          4.726861
        ],
        [
          0.771102,
          -0.142243,
          0.62062,
          4.771021
        ],
        [
          0.091039,
          -0.94008,
          -0.328574,
          1.476882
        ],
        [
          0.0,
          0.0,
          0.0,
          1.0
        ]
      ]
    },
    {
      "file_path": "/media/NFS/ttao/scannet/posed_images/scene0558_02/00079.jpg",
      "transform_matrix": [
        [
          0.561963,
          0.498245,
          -0.660265,
          4.711436
        ],
        [
          0.822119,
          -0.248423,
          0.512256,
          4.785746
        ],
        [
          0.091204,
          -0.830685,
          -0.549221,
          1.396848
        ],
        [
          0.0,
          0.0,
          0.0,
          1.0
        ]
      ]
    },
    {
      "file_path": "/media/NFS/ttao/scannet/posed_images/scene0558_02/00082.jpg",
      "transform_matrix": [
        [
          0.51402,
          0.539901,
          -0.666551,
          4.731593
        ],
        [
          0.853017,
          -0.239976,
          0.463437,
          4.819712
        ],
        [
          0.090254,
          -0.806795,
          -0.583897,
          1.383171
        ],
        [
          0.0,
          0.0,
          0.0,
          1.0
        ]
      ]
    },
    {
      "file_path": "/media/NFS/ttao/scannet/posed_images/scene0558_02/00086.jpg",
      "transform_matrix": [
        [
          0.458587,
          0.59925,
          -0.6562,
          4.752448
        ],
        [
          0.883035,
          -0.224409,
          0.412177,
          4.853044
        ],
        [
          0.09974,
          -0.768466,
          -0.632069,
          1.362372
        ],
        [
          0.0,
          0.0,
          0.0,
          1.0
        ]
      ]
    },
    {
      "file_path": "/media/NFS/ttao/scannet/posed_images/scene0558_02/00093.jpg",
      "transform_matrix": [
        [
          0.341031,
          0.719509,
          -0.604984,
          4.799412
        ],
        [
          0.935315,
          -0.195183,
          0.295108,
          4.910291
        ],
        [
          0.09425,
          -0.666491,
          -0.739531,
          1.316783
        ],
        [
          0.0,
          0.0,
          0.0,
          1.0
        ]
      ]
    },
    {
      "file_path": "/media/NFS/ttao/scannet/posed_images/scene0558_02/00100.jpg",
      "transform_matrix": [
        [
          0.246681,
          0.802391,
          -0.543432,
          4.847533
        ],
        [
          0.967148,
          -0.168296,
          0.190527,
          4.919018
        ],
        [
          0.061419,
          -0.572578,
          -0.817546,
          1.270547
        ],
        [
          0.0,
          0.0,
          0.0,
          1.0
        ]
      ]
    },
    {
      "file_path": "/media/NFS/ttao/scannet/posed_images/scene0558_02/00103.jpg",
      "transform_matrix": [
        [
          0.215422,
          0.819905,
          -0.530424,
          4.861729
        ],
        [
          0.975237,
          -0.152789,
          0.1599,
          4.90975
        ],
        [
          0.050059,
          -0.551735,
          -0.832516,
          1.260547
        ],
        [
          0.0,
          0.0,
          0.0,
          1.0
        ]
      ]
    },
    {
      "file_path": "/media/NFS/ttao/scannet/posed_images/scene0558_02/00112.jpg",
      "transform_matrix": [
        [
          0.078163,
          0.819219,
          -0.568129,
          4.894943
        ],
        [
          0.996697,
          -0.051624,
          0.062685,
          4.842326
        ],
        [
          0.022023,
          -0.571153,
          -0.820548,
          1.272003
        ],
        [
          0.0,
          0.0,
          0.0,
          1.0
        ]
      ]
    },
    {
      "file_path": "/media/NFS/ttao/scannet/posed_images/scene0558_02/00119.jpg",
      "transform_matrix": [
        [
          -0.0255,
          0.77495,
          -0.631507,
          4.913381
        ],
        [
          0.997192,
          0.064215,
          0.038534,
          4.69802
        ],
        [
          0.070414,
          -0.628752,
          -0.774412,
          1.301674
        ],
        [
          0.0,
          0.0,
          0.0,
          1.0
        ]
      ]
    },
    {
      "file_path": "/media/NFS/ttao/scannet/posed_images/scene0558_02/00126.jpg",
      "transform_matrix": [
        [
          -0.029027,
          0.754616,
          -0.655524,
          4.924099
        ],
        [
          0.995309,
          0.082373,
          0.050752,
          4.623575
        ],
        [
          0.092295,
          -0.650975,
          -0.753467,
          1.316865
        ],
        [
          0.0,
          0.0,
          0.0,
          1.0
        ]
      ]
    },
    {
      "file_path": "/media/NFS/ttao/scannet/posed_images/scene0558_02/00132.jpg",
      "transform_matrix": [
        [
          -0.002402,
          0.735908,
          -0.677077,
          4.926966
        ],
        [
          0.994805,
          0.070663,
          0.073274,
          4.575095
        ],
        [
          0.101767,
          -0.673384,
          -0.732255,
          1.339183
        ],
        [
          0.0,
          0.0,
          0.0,
          1.0
        ]
      ]
    },
    {
      "file_path": "/media/NFS/ttao/scannet/posed_images/scene0558_02/00137.jpg",
      "transform_matrix": [
        [
          0.045474,
          0.723007,
          -0.689343,
          4.927374
        ],
        [
          0.993425,
          0.03985,
          0.10733,
          4.528581
        ],
        [
          0.10507,
          -0.689691,
          -0.716441,
          1.353867
        ],
        [
          0.0,
          0.0,
          0.0,
          1.0
        ]
      ]
    },
    {
      "file_path": "/media/NFS/ttao/scannet/posed_images/scene0558_02/00139.jpg",
      "transform_matrix": [
        [
          0.057562,
          0.716256,
          -0.695459,
          4.923573
        ],
        [
          0.99266,
          0.033151,
          0.116304,
          4.513623
        ],
        [
          0.106359,
          -0.697049,
          -0.709091,
          1.362346
        ],
        [
          0.0,
          0.0,
          0.0,
          1.0
        ]
      ]
    },
    {
      "file_path": "/media/NFS/ttao/scannet/posed_images/scene0558_02/00149.jpg",
      "transform_matrix": [
        [
          0.122743,
          0.62658,
          -0.769631,
          4.91203
        ],
        [
          0.985891,
          0.011949,
          0.166961,
          4.467701
        ],
        [
          0.11381,
          -0.779266,
          -0.616273,
          1.434754
        ],
        [
          0.0,
          0.0,
          0.0,
          1.0
        ]
      ]
    },
    {
      "file_path": "/media/NFS/ttao/scannet/posed_images/scene0558_02/00154.jpg",
      "transform_matrix": [
        [
          0.16012,
          0.581633,
          -0.797536,
          4.905722
        ],
        [
          0.98082,
          -0.002772,
          0.194897,
          4.456133
        ],
        [
          0.111148,
          -0.813447,
          -0.570921,
          1.467388
        ],
        [
          0.0,
          0.0,
          0.0,
          1.0
        ]
      ]
    },
    {
      "file_path": "/media/NFS/ttao/scannet/posed_images/scene0558_02/00160.jpg",
      "transform_matrix": [
        [
          0.180848,
          0.542641,
          -0.820265,
          4.910732
        ],
        [
          0.97878,
          -0.017593,
          0.204158,
          4.444738
        ],
        [
          0.096354,
          -0.839781,
          -0.534308,
          1.485904
        ],
        [
          0.0,
          0.0,
          0.0,
          1.0
        ]
      ]
    },
    {
      "file_path": "/media/NFS/ttao/scannet/posed_images/scene0558_02/00165.jpg",
      "transform_matrix": [
        [
          0.200502,
          0.548454,
          -0.811787,
          4.900892
        ],
        [
          0.972254,
          -0.009472,
          0.233737,
          4.42901
        ],
        [
          0.120504,
          -0.836127,
          -0.535135,
          1.49569
        ],
        [
          0.0,
          0.0,
          0.0,
          1.0
        ]
      ]
    },
    {
      "file_path": "/media/NFS/ttao/scannet/posed_images/scene0558_02/00170.jpg",
      "transform_matrix": [
        [
          0.20037,
          0.508872,
          -0.837198,
          4.897698
        ],
        [
          0.974046,
          -0.011633,
          0.226052,
          4.411209
        ],
        [
          0.105292,
          -0.860764,
          -0.497995,
          1.522295
        ],
        [
          0.0,
          0.0,
          0.0,
          1.0
        ]
      ]
    },
    {
      "file_path": "/media/NFS/ttao/scannet/posed_images/scene0558_02/00179.jpg",
      "transform_matrix": [
        [
          0.162879,
          0.459693,
          -0.873014,
          4.901968
        ],
        [
          0.981617,
          0.013725,
          0.190369,
          4.390166
        ],
        [
          0.099493,
          -0.887972,
          -0.449007,
          1.537498
        ],
        [
          0.0,
          0.0,
          0.0,
          1.0
        ]
      ]
    },
    {
      "file_path": "/media/NFS/ttao/scannet/posed_images/scene0558_02/00181.jpg",
      "transform_matrix": [
        [
          0.154331,
          0.46226,
          -0.873212,
          4.895461
        ],
        [
          0.982386,
          0.022448,
          0.18551,
          4.380303
        ],
        [
          0.105355,
          -0.886461,
          -0.450653,
          1.526808
        ],
        [
          0.0,
          0.0,
          0.0,
          1.0
        ]
      ]
    },
    {
      "file_path": "/media/NFS/ttao/scannet/posed_images/scene0558_02/00189.jpg",
      "transform_matrix": [
        [
          0.108561,
          0.488719,
          -0.865661,
          4.857963
        ],
        [
          0.988247,
          0.041215,
          0.147203,
          4.380737
        ],
        [
          0.107619,
          -0.871467,
          -0.478501,
          1.523443
        ],
        [
          0.0,
          0.0,
          0.0,
          1.0
        ]
      ]
    },
    {
      "file_path": "/media/NFS/ttao/scannet/posed_images/scene0558_02/00196.jpg",
      "transform_matrix": [
        [
          0.11759,
          0.358962,
          -0.925915,
          4.841662
        ],
        [
          0.986187,
          0.067313,
          0.15134,
          4.389852
        ],
        [
          0.116652,
          -0.930922,
          -0.346088,
          1.553338
        ],
        [
          0.0,
          0.0,
          0.0,
          1.0
        ]
      ]
    },
    {
      "file_path": "/media/NFS/ttao/scannet/posed_images/scene0558_02/00200.jpg",
      "transform_matrix": [
        [
          0.141333,
          0.324258,
          -0.935351,
          4.832045
        ],
        [
          0.979169,
          0.093352,
          0.180317,
          4.374517
        ],
        [
          0.145786,
          -0.941351,
          -0.304309,
          1.544155
        ],
        [
          0.0,
          0.0,
          0.0,
          1.0
        ]
      ]
    },
    {
      "file_path": "/media/NFS/ttao/scannet/posed_images/scene0558_02/00207.jpg",
      "transform_matrix": [
        [
          0.215766,
          0.240909,
          -0.94626,
          4.833972
        ],
        [
          0.966114,
          0.087929,
          0.242678,
          4.340503
        ],
        [
          0.141667,
          -0.966556,
          -0.213773,
          1.550253
        ],
        [
          0.0,
          0.0,
          0.0,
          1.0
        ]
      ]
    },
    {
      "file_path": "/media/NFS/ttao/scannet/posed_images/scene0558_02/00210.jpg",
      "transform_matrix": [
        [
          0.251214,
          0.235829,
          -0.938763,
          4.832673
        ],
        [
          0.957363,
          0.08239,
          0.276889,
          4.317187
        ],
        [
          0.142644,
          -0.968296,
          -0.205076,
          1.551618
        ],
        [
          0.0,
          0.0,
          0.0,
          1.0
        ]
      ]
    },
    {
      "file_path": "/media/NFS/ttao/scannet/posed_images/scene0558_02/00217.jpg",
      "transform_matrix": [
        [
          0.309867,
          0.26385,
          -0.913436,
          4.849776
        ],
        [
          0.940418,
          0.056398,
          0.335311,
          4.259518
        ],
        [
          0.139988,
          -0.962914,
          -0.230653,
          1.523525
        ],
        [
          0.0,
          0.0,
          0.0,
          1.0
        ]
      ]
    },
    {
      "file_path": "/media/NFS/ttao/scannet/posed_images/scene0558_02/00221.jpg",
      "transform_matrix": [
        [
          0.31992,
          0.308425,
          -0.895837,
          4.850469
        ],
        [
          0.936135,
          0.042758,
          0.349032,
          4.221688
        ],
        [
          0.145955,
          -0.950287,
          -0.275049,
          1.498139
        ],
        [
          0.0,
          0.0,
          0.0,
          1.0
        ]
      ]
    },
    {
      "file_path": "/media/NFS/ttao/scannet/posed_images/scene0558_02/00228.jpg",
      "transform_matrix": [
        [
          0.28595,
          0.383154,
          -0.878308,
          4.859647
        ],
        [
          0.945424,
          0.036625,
          0.323779,
          4.171012
        ],
        [
          0.156226,
          -0.922958,
          -0.35177,
          1.471877
        ],
        [
          0.0,
          0.0,
          0.0,
          1.0
        ]
      ]
    },
    {
      "file_path": "/media/NFS/ttao/scannet/posed_images/scene0558_02/00237.jpg",
      "transform_matrix": [
        [
          0.216971,
          0.472584,
          -0.854159,
          4.872064
        ],
        [
          0.962358,
          0.043162,
          0.268335,
          4.145508
        ],
        [
          0.163678,
          -0.880228,
          -0.445431,
          1.425224
        ],
        [
          0.0,
          0.0,
          0.0,
          1.0
        ]
      ]
    },
    {
      "file_path": "/media/NFS/ttao/scannet/posed_images/scene0558_02/00239.jpg",
      "transform_matrix": [
        [
          0.211622,
          0.497737,
          -0.841114,
          4.86934
        ],
        [
          0.962189,
          0.044904,
          0.268656,
          4.146154
        ],
        [
          0.171489,
          -0.866164,
          -0.469415,
          1.410979
        ],
        [
          0.0,
          0.0,
          0.0,
          1.0
        ]
      ]
    },
    {
      "file_path": "/media/NFS/ttao/scannet/posed_images/scene0558_02/00246.jpg",
      "transform_matrix": [
        [
          0.202636,
          0.589572,
          -0.781885,
          4.855635
        ],
        [
          0.957711,
          0.047242,
          0.283827,
          4.144919
        ],
        [
          0.204274,
          -0.806333,
          -0.555067,
          1.357505
        ],
        [
          0.0,
          0.0,
          0.0,
          1.0
        ]
      ]
    },
    {
      "file_path": "/media/NFS/ttao/scannet/posed_images/scene0558_02/00251.jpg",
      "transform_matrix": [
        [
          0.182982,
          0.630511,
          -0.754303,
          4.848277
        ],
        [
          0.958045,
          0.057809,
          0.280728,
          4.152186
        ],
        [
          0.220607,
          -0.774025,
          -0.59348,
          1.332042
        ],
        [
          0.0,
          0.0,
          0.0,
          1.0
        ]
      ]
    },
    {
      "file_path": "/media/NFS/ttao/scannet/posed_images/scene0558_02/00256.jpg",
      "transform_matrix": [
        [
          0.162736,
          0.664254,
          -0.729577,
          4.843541
        ],
        [
          0.958061,
          0.070388,
          0.277786,
          4.154826
        ],
        [
          0.235874,
          -0.744185,
          -0.624941,
          1.306204
        ],
        [
          0.0,
          0.0,
          0.0,
          1.0
        ]
      ]
    },
    {
      "file_path": "/media/NFS/ttao/scannet/posed_images/scene0558_02/00261.jpg",
      "transform_matrix": [
        [
          0.121978,
          0.704954,
          -0.698685,
          4.849971
        ],
        [
          0.958699,
          0.098547,
          0.266803,
          4.155773
        ],
        [
          0.256937,
          -0.702373,
          -0.663819,
          1.268285
        ],
        [
          0.0,
          0.0,
          0.0,
          1.0
        ]
      ]
    },
    {
      "file_path": "/media/NFS/ttao/scannet/posed_images/scene0558_02/00268.jpg",
      "transform_matrix": [
        [
          0.031123,
          0.759072,
          -0.650262,
          4.843331
        ],
        [
          0.969395,
          0.135586,
          0.20467,
          4.155555
        ],
        [
          0.243526,
          -0.636731,
          -0.731621,
          1.233832
        ],
        [
          0.0,
          0.0,
          0.0,
          1.0
        ]
      ]
    },
    {
      "file_path": "/media/NFS/ttao/scannet/posed_images/scene0558_02/00277.jpg",
      "transform_matrix": [
        [
          -0.249439,
          0.718496,
          -0.649264,
          4.837512
        ],
        [
          0.955231,
          0.292708,
          -0.043068,
          4.089153
        ],
        [
          0.1591,
          -0.63094,
          -0.759343,
          1.242009
        ],
        [
          0.0,
          0.0,
          0.0,
          1.0
        ]
      ]
    },
    {
      "file_path": "/media/NFS/ttao/scannet/posed_images/scene0558_02/00279.jpg",
      "transform_matrix": [
        [
          -0.3303,
          0.693554,
          -0.640222,
          4.84988
        ],
        [
          0.93421,
          0.337041,
          -0.116854,
          4.095428
        ],
        [
          0.134737,
          -0.636699,
          -0.75925,
          1.244666
        ],
        [
          0.0,
          0.0,
          0.0,
          1.0
        ]
      ]
    },
    {
      "file_path": "/media/NFS/ttao/scannet/posed_images/scene0558_02/00289.jpg",
      "transform_matrix": [
        [
          -0.474289,
          0.590886,
          -0.652613,
          4.93993
        ],
        [
          0.874863,
          0.399119,
          -0.274441,
          3.981389
        ],
        [
          0.098307,
          -0.701112,
          -0.706242,
          1.295189
        ],
        [
          0.0,
          0.0,
          0.0,
          1.0
        ]
      ]
    },
    {
      "file_path": "/media/NFS/ttao/scannet/posed_images/scene0558_02/00295.jpg",
      "transform_matrix": [
        [
          -0.457902,
          0.523409,
          -0.718588,
          4.987339
        ],
        [
          0.884904,
          0.345877,
          -0.311951,
          3.922255
        ],
        [
          0.085266,
          -0.778725,
          -0.621545,
          1.321717
        ],
        [
          0.0,
          0.0,
          0.0,
          1.0
        ]
      ]
    },
    {
      "file_path": "/media/NFS/ttao/scannet/posed_images/scene0558_02/00300.jpg",
      "transform_matrix": [
        [
          -0.483339,
          0.466711,
          -0.740651,
          5.005029
        ],
        [
          0.872388,
          0.32729,
          -0.363071,
          3.926267
        ],
        [
          0.072958,
          -0.821622,
          -0.565345,
          1.317957
        ],
        [
          0.0,
          0.0,
          0.0,
          1.0
        ]
      ]
    },
    {
      "file_path": "/media/NFS/ttao/scannet/posed_images/scene0558_02/00307.jpg",
      "transform_matrix": [
        [
          -0.518534,
          0.432029,
          -0.737884,
          5.000046
        ],
        [
          0.853172,
          0.318685,
          -0.412961,
          3.942603
        ],
        [
          0.056742,
          -0.843677,
          -0.533844,
          1.335634
        ],
        [
          0.0,
          0.0,
          0.0,
          1.0
        ]
      ]
    },
    {
      "file_path": "/media/NFS/ttao/scannet/posed_images/scene0558_02/00309.jpg",
      "transform_matrix": [
        [
          -0.529688,
          0.425473,
          -0.73376,
          4.995314
        ],
        [
          0.846534,
          0.319263,
          -0.425972,
          3.943454
        ],
        [
          0.053023,
          -0.846785,
          -0.529287,
          1.343315
        ],
        [
          0.0,
          0.0,
          0.0,
          1.0
        ]
      ]
    },
    {
      "file_path": "/media/NFS/ttao/scannet/posed_images/scene0558_02/00316.jpg",
      "transform_matrix": [
        [
          -0.562719,
          0.386319,
          -0.730825,
          4.975852
        ],
        [
          0.82573,
          0.304355,
          -0.474909,
          3.946449
        ],
        [
          0.038964,
          -0.870704,
          -0.490262,
          1.357119
        ],
        [
          0.0,
          0.0,
          0.0,
          1.0
        ]
      ]
    },
    {
      "file_path": "/media/NFS/ttao/scannet/posed_images/scene0558_02/00324.jpg",
      "transform_matrix": [
        [
          -0.56701,
          0.349788,
          -0.745753,
          4.937238
        ],
        [
          0.822265,
          0.293976,
          -0.487297,
          3.909942
        ],
        [
          0.048783,
          -0.889509,
          -0.454306,
          1.366032
        ],
        [
          0.0,
          0.0,
          0.0,
          1.0
        ]
      ]
    },
    {
      "file_path": "/media/NFS/ttao/scannet/posed_images/scene0558_02/00326.jpg",
      "transform_matrix": [
        [
          -0.561953,
          0.344295,
          -0.75211,
          4.926616
        ],
        [
          0.825101,
          0.29757,
          -0.48027,
          3.893683
        ],
        [
          0.058451,
          -0.890457,
          -0.451299,
          1.368467
        ],
        [
          0.0,
          0.0,
          0.0,
          1.0
        ]
      ]
    },
    {
      "file_path": "/media/NFS/ttao/scannet/posed_images/scene0558_02/00332.jpg",
      "transform_matrix": [
        [
          -0.547374,
          0.307943,
          -0.778173,
          4.891933
        ],
        [
          0.832952,
          0.290546,
          -0.47093,
          3.847146
        ],
        [
          0.081075,
          -0.905955,
          -0.415539,
          1.391042
        ],
        [
          0.0,
          0.0,
          0.0,
          1.0
        ]
      ]
    },
    {
      "file_path": "/media/NFS/ttao/scannet/posed_images/scene0558_02/00342.jpg",
      "transform_matrix": [
        [
          -0.580942,
          0.264647,
          -0.76972,
          4.853152
        ],
        [
          0.811793,
          0.257103,
          -0.524299,
          3.804034
        ],
        [
          0.059143,
          -0.929441,
          -0.364201,
          1.400852
        ],
        [
          0.0,
          0.0,
          0.0,
          1.0
        ]
      ]
    },
    {
      "file_path": "/media/NFS/ttao/scannet/posed_images/scene0558_02/00344.jpg",
      "transform_matrix": [
        [
          -0.593483,
          0.267655,
          -0.759038,
          4.837311
        ],
        [
          0.803168,
          0.257825,
          -0.537073,
          3.796137
        ],
        [
          0.051949,
          -0.928379,
          -0.367987,
          1.407014
        ],
        [
          0.0,
          0.0,
          0.0,
          1.0
        ]
      ]
    },
    {
      "file_path": "/media/NFS/ttao/scannet/posed_images/scene0558_02/00351.jpg",
      "transform_matrix": [
        [
          -0.644592,
          0.183931,
          -0.742072,
          4.800777
        ],
        [
          0.762367,
          0.227547,
          -0.60582,
          3.782632
        ],
        [
          0.057427,
          -0.956238,
          -0.286898,
          1.420336
        ],
        [
          0.0,
          0.0,
          0.0,
          1.0
        ]
      ]
    },
    {
      "file_path": "/media/NFS/ttao/scannet/posed_images/scene0558_02/00360.jpg",
      "transform_matrix": [
        [
          -0.702776,
          0.086984,
          -0.706073,
          4.766963
        ],
        [
          0.705492,
          0.21297,
          -0.675962,
          3.778738
        ],
        [
          0.091575,
          -0.973179,
          -0.211037,
          1.433942
        ],
        [
          0.0,
          0.0,
          0.0,
          1.0
        ]
      ]
    },
    {
      "file_path": "/media/NFS/ttao/scannet/posed_images/scene0558_02/00361.jpg",
      "transform_matrix": [
        [
          -0.717128,
          0.083749,
          -0.691891,
          4.759029
        ],
        [
          0.690972,
          0.215097,
          -0.690139,
          3.785528
        ],
        [
          0.091025,
          -0.972995,
          -0.21212,
          1.434913
        ],
        [
          0.0,
          0.0,
          0.0,
          1.0
        ]
      ]
    },
    {
      "file_path": "/media/NFS/ttao/scannet/posed_images/scene0558_02/00372.jpg",
      "transform_matrix": [
        [
          -0.82248,
          0.12844,
          -0.554103,
          4.717647
        ],
        [
          0.565179,
          0.294217,
          -0.77072,
          3.799268
        ],
        [
          0.064035,
          -0.947069,
          -0.314579,
          1.409386
        ],
        [
          0.0,
          0.0,
          0.0,
          1.0
        ]
      ]
    },
    {
      "file_path": "/media/NFS/ttao/scannet/posed_images/scene0558_02/00375.jpg",
      "transform_matrix": [
        [
          -0.823129,
          0.134948,
          -0.551586,
          4.706882
        ],
        [
          0.563304,
          0.316769,
          -0.763116,
          3.789333
        ],
        [
          0.071744,
          -0.938854,
          -0.336759,
          1.395108
        ],
        [
          0.0,
          0.0,
          0.0,
          1.0
        ]
      ]
    },
    {
      "file_path": "/media/NFS/ttao/scannet/posed_images/scene0558_02/00379.jpg",
      "transform_matrix": [
        [
          -0.816673,
          0.158584,
          -0.554884,
          4.698282
        ],
        [
          0.571909,
          0.351083,
          -0.741391,
          3.75892
        ],
        [
          0.077238,
          -0.922817,
          -0.377416,
          1.378266
        ],
        [
          0.0,
          0.0,
          0.0,
          1.0
        ]
      ]
    },
    {
      "file_path": "/media/NFS/ttao/scannet/posed_images/scene0558_02/00386.jpg",
      "transform_matrix": [
        [
          -0.794178,
          0.225327,
          -0.564366,
          4.668326
        ],
        [
          0.603256,
          0.404266,
          -0.687497,
          3.691078
        ],
        [
          0.073242,
          -0.886452,
          -0.456989,
          1.341386
        ],
        [
          0.0,
          0.0,
          0.0,
          1.0
        ]
      ]
    },
    {
      "file_path": "/media/NFS/ttao/scannet/posed_images/scene0558_02/00391.jpg",
      "transform_matrix": [
        [
          -0.774704,
          0.273374,
          -0.570176,
          4.63484
        ],
        [
          0.627374,
          0.444928,
          -0.639094,
          3.659446
        ],
        [
          0.078975,
          -0.852822,
          -0.516195,
          1.308949
        ],
        [
          0.0,
          0.0,
          0.0,
          1.0
        ]
      ]
    },
    {
      "file_path": "/media/NFS/ttao/scannet/posed_images/scene0558_02/00398.jpg",
      "transform_matrix": [
        [
          -0.699452,
          0.376281,
          -0.607602,
          4.605686
        ],
        [
          0.710828,
          0.454425,
          -0.536862,
          3.589773
        ],
        [
          0.074099,
          -0.80741,
          -0.585319,
          1.283363
        ],
        [
          0.0,
          0.0,
          0.0,
          1.0
        ]
      ]
    },
    {
      "file_path": "/media/NFS/ttao/scannet/posed_images/scene0558_02/00402.jpg",
      "transform_matrix": [
        [
          -0.655625,
          0.407714,
          -0.635552,
          4.581931
        ],
        [
          0.752624,
          0.420787,
          -0.506454,
          3.567953
        ],
        [
          0.060944,
          -0.810375,
          -0.582734,
          1.299792
        ],
        [
          0.0,
          0.0,
          0.0,
          1.0
        ]
      ]
    },
    {
      "file_path": "/media/NFS/ttao/scannet/posed_images/scene0558_02/00412.jpg",
      "transform_matrix": [
        [
          -0.617113,
          0.32397,
          -0.717088,
          4.540891
        ],
        [
          0.784644,
          0.321938,
          -0.529803,
          3.533675
        ],
        [
          0.059217,
          -0.889606,
          -0.452873,
          1.402882
        ],
        [
          0.0,
          0.0,
          0.0,
          1.0
        ]
      ]
    },
    {
      "file_path": "/media/NFS/ttao/scannet/posed_images/scene0558_02/00416.jpg",
      "transform_matrix": [
        [
          -0.633861,
          0.280891,
          -0.720639,
          4.521369
        ],
        [
          0.771641,
          0.293292,
          -0.564402,
          3.537052
        ],
        [
          0.052822,
          -0.913827,
          -0.402654,
          1.44427
        ],
        [
          0.0,
          0.0,
          0.0,
          1.0
        ]
      ]
    },
    {
      "file_path": "/media/NFS/ttao/scannet/posed_images/scene0558_02/00424.jpg",
      "transform_matrix": [
        [
          -0.671088,
          0.213888,
          -0.709854,
          4.503874
        ],
        [
          0.738215,
          0.281138,
          -0.613189,
          3.516333
        ],
        [
          0.068413,
          -0.935528,
          -0.346563,
          1.516829
        ],
        [
          0.0,
          0.0,
          0.0,
          1.0
        ]
      ]
    },
    {
      "file_path": "/media/NFS/ttao/scannet/posed_images/scene0558_02/00426.jpg",
      "transform_matrix": [
        [
          -0.6786,
          0.193805,
          -0.708479,
          4.499199
        ],
        [
          0.73151,
          0.265387,
          -0.628062,
          3.524271
        ],
        [
          0.0663,
          -0.944463,
          -0.321862,
          1.534743
        ],
        [
          0.0,
          0.0,
          0.0,
          1.0
        ]
      ]
    },
    {
      "file_path": "/media/NFS/ttao/scannet/posed_images/scene0558_02/00435.jpg",
      "transform_matrix": [
        [
          -0.720903,
          0.098609,
          -0.685985,
          4.529282
        ],
        [
          0.690053,
          0.193869,
          -0.69731,
          3.508472
        ],
        [
          0.064229,
          -0.976059,
          -0.207806,
          1.593287
        ],
        [
          0.0,
          0.0,
          0.0,
          1.0
        ]
      ]
    },
    {
      "file_path": "/media/NFS/ttao/scannet/posed_images/scene0558_02/00440.jpg",
      "transform_matrix": [
        [
          -0.7489,
          0.08273,
          -0.657499,
          4.53439
        ],
        [
          0.659016,
          0.197218,
          -0.725812,
          3.516821
        ],
        [
          0.069624,
          -0.976863,
          -0.202217,
          1.594516
        ],
        [
          0.0,
          0.0,
          0.0,
          1.0
        ]
      ]
    },
    {
      "file_path": "/media/NFS/ttao/scannet/posed_images/scene0558_02/00446.jpg",
      "transform_matrix": [
        [
          -0.771841,
          0.057661,
          -0.633195,
          4.548653
        ],
        [
          0.632135,
          0.176588,
          -0.754468,
          3.525718
        ],
        [
          0.068311,
          -0.982594,
          -0.172748,
          1.595925
        ],
        [
          0.0,
          0.0,
          0.0,
          1.0
        ]
      ]
    },
    {
      "file_path": "/media/NFS/ttao/scannet/posed_images/scene0558_02/00449.jpg",
      "transform_matrix": [
        [
          -0.780794,
          0.06194,
          -0.62171,
          4.552411
        ],
        [
          0.620906,
          0.187679,
          -0.761086,
          3.530531
        ],
        [
          0.069541,
          -0.980276,
          -0.184997,
          1.577876
        ],
        [
          0.0,
          0.0,
          0.0,
          1.0
