{
  "frames": [
    {
      "file_path": "/media/NFS/ttao/scannet/posed_images/scene0615_01/00001.jpg",
      "transform_matrix": [
        [
          0.6364,
          0.358232,
          -0.683129,
          2.84506
        ],
        [
          0.769443,
          -0.357208,
          0.52949,
          2.139787
        ],
        [
          -0.054339,
          -0.862596,
          -0.502966,
          1.403934
        ],
        [
          0.0,
          0.0,
          0.0,
          1.0
        ]
      ]
    },
    {
      "file_path": "/media/NFS/ttao/scannet/posed_images/scene0615_01/00002.jpg",
      "transform_matrix": [
        [
          0.632273,
          0.366205,
          -0.682733,
          2.839613
        ],
        [
          0.773595,
          -0.346435,
          0.530598,
          2.136525
        ],
        [
          -0.042215,
          -0.863641,
          -0.502336,
          1.394532
        ],
        [
          0.0,
          0.0,
          0.0,
          1.0
        ]
      ]
    },
    {
      "file_path": "/media/NFS/ttao/scannet/posed_images/scene0615_01/00004.jpg",
      "transform_matrix": [
        [
          0.626218,
          0.386837,
          -0.676911,
          2.837629
        ],
        [
          0.779029,
          -0.34506,
          0.523495,
          2.140618
        ],
        [
          -0.031068,
          -0.855155,
          -0.51744,
          1.382973
        ],
        [
          0.0,
          0.0,
          0.0,
          1.0
        ]
      ]
    },
    {
      "file_path": "/media/NFS/ttao/scannet/posed_images/scene0615_01/00007.jpg",
      "transform_matrix": [
        [
          0.607412,
          0.440855,
          -0.660831,
          2.826948
        ],
        [
          0.793918,
          -0.365476,
          0.485923,
          2.148153
        ],
        [
          -0.027296,
          -0.819801,
          -0.571997,
          1.37124
        ],
        [
          0.0,
          0.0,
          0.0,
          1.0
        ]
      ]
    },
    {
      "file_path": "/media/NFS/ttao/scannet/posed_images/scene0615_01/00009.jpg",
      "transform_matrix": [
        [
          0.591253,
          0.46667,
          -0.657753,
          2.820706
        ],
        [
          0.806084,
          -0.367695,
          0.463711,
          2.158122
        ],
        [
          -0.025452,
          -0.804375,
          -0.593577,
          1.378075
        ],
        [
          0.0,
          0.0,
          0.0,
          1.0
        ]
      ]
    },
    {
      "file_path": "/media/NFS/ttao/scannet/posed_images/scene0615_01/00010.jpg",
      "transform_matrix": [
        [
          0.576798,
          0.47436,
          -0.665046,
          2.821756
        ],
        [
          0.816484,
          -0.360327,
          0.451129,
          2.164828
        ],
        [
          -0.025637,
          -0.80321,
          -0.595144,
          1.376908
        ],
        [
          0.0,
          0.0,
          0.0,
          1.0
        ]
      ]
    },
    {
      "file_path": "/media/NFS/ttao/scannet/posed_images/scene0615_01/00014.jpg",
      "transform_matrix": [
        [
          0.487169,
          0.548053,
          -0.67993,
          2.831915
        ],
        [
          0.872443,
          -0.340065,
          0.350998,
          2.186622
        ],
        [
          -0.038855,
          -0.764195,
          -0.643814,
          1.356092
        ],
        [
          0.0,
          0.0,
          0.0,
          1.0
        ]
      ]
    },
    {
      "file_path": "/media/NFS/ttao/scannet/posed_images/scene0615_01/00016.jpg",
      "transform_matrix": [
        [
          0.397412,
          0.584453,
          -0.707446,
          2.845453
        ],
        [
          0.915801,
          -0.301402,
          0.265455,
          2.2045
        ],
        [
          -0.05808,
          -0.753374,
          -0.655023,
          1.344147
        ],
        [
          0.0,
          0.0,
          0.0,
          1.0
        ]
      ]
    },
    {
      "file_path": "/media/NFS/ttao/scannet/posed_images/scene0615_01/00017.jpg",
      "transform_matrix": [
        [
          0.362769,
          0.598783,
          -0.714043,
          2.852068
        ],
        [
          0.929701,
          -0.284912,
          0.233412,
          2.215086
        ],
        [
          -0.063676,
          -0.748522,
          -0.660046,
          1.339215
        ],
        [
          0.0,
          0.0,
          0.0,
          1.0
        ]
      ]
    },
    {
      "file_path": "/media/NFS/ttao/scannet/posed_images/scene0615_01/00019.jpg",
      "transform_matrix": [
        [
          0.297168,
          0.631645,
          -0.716042,
          2.857038
        ],
        [
          0.95295,
          -0.24318,
          0.180971,
          2.226844
        ],
        [
          -0.059818,
          -0.736131,
          -0.674191,
          1.334432
        ],
        [
          0.0,
          0.0,
          0.0,
          1.0
        ]
      ]
    },
    {
      "file_path": "/media/NFS/ttao/scannet/posed_images/scene0615_01/00022.jpg",
      "transform_matrix": [
        [
          0.181116,
          0.669565,
          -0.720333,
          2.853446
        ],
        [
          0.982349,
          -0.158008,
          0.100123,
          2.236018
        ],
        [
          -0.04678,
          -0.725752,
          -0.686364,
          1.345684
        ],
        [
          0.0,
          0.0,
          0.0,
          1.0
        ]
      ]
    },
    {
      "file_path": "/media/NFS/ttao/scannet/posed_images/scene0615_01/00024.jpg",
      "transform_matrix": [
        [
          0.121091,
          0.674243,
          -0.728514,
          2.858156
        ],
        [
          0.991565,
          -0.116335,
          0.057147,
          2.244954
        ],
        [
          -0.046221,
          -0.729289,
          -0.682643,
          1.346782
        ],
        [
          0.0,
          0.0,
          0.0,
          1.0
        ]
      ]
    },
    {
      "file_path": "/media/NFS/ttao/scannet/posed_images/scene0615_01/00025.jpg",
      "transform_matrix": [
        [
          0.095066,
          0.676588,
          -0.730199,
          2.857783
        ],
        [
          0.994477,
          -0.097312,
          0.039306,
          2.246697
        ],
        [
          -0.044463,
          -0.729903,
          -0.682103,
          1.351274
        ],
        [
          0.0,
          0.0,
          0.0,
          1.0
        ]
      ]
    },
    {
      "file_path": "/media/NFS/ttao/scannet/posed_images/scene0615_01/00029.jpg",
      "transform_matrix": [
        [
          -0.021694,
          0.653089,
          -0.75697,
          2.868089
        ],
        [
          0.998738,
          -0.020152,
          -0.04601,
          2.250446
        ],
        [
          -0.045303,
          -0.757013,
          -0.651828,
          1.357843
        ],
        [
          0.0,
          0.0,
          0.0,
          1.0
        ]
      ]
    },
    {
      "file_path": "/media/NFS/ttao/scannet/posed_images/scene0615_01/00030.jpg",
      "transform_matrix": [
        [
          -0.037467,
          0.65027,
          -0.758778,
          2.869098
        ],
        [
          0.998471,
          -0.006529,
          -0.054898,
          2.244155
        ],
        [
          -0.040652,
          -0.759675,
          -0.649031,
          1.35883
        ],
        [
          0.0,
          0.0,
          0.0,
          1.0
        ]
      ]
    },
    {
      "file_path": "/media/NFS/ttao/scannet/posed_images/scene0615_01/00033.jpg",
      "transform_matrix": [
        [
          -0.132936,
          0.623917,
          -0.770101,
          2.869192
        ],
        [
          0.990032,
          0.047115,
          -0.132729,
          2.245173
        ],
        [
          -0.046529,
          -0.780069,
          -0.623961,
          1.369955
        ],
        [
          0.0,
          0.0,
          0.0,
          1.0
        ]
      ]
    },
    {
      "file_path": "/media/NFS/ttao/scannet/posed_images/scene0615_01/00035.jpg",
      "transform_matrix": [
        [
          -0.173238,
          0.601233,
          -0.780069,
          2.876204
        ],
        [
          0.983773,
          0.068096,
          -0.165992,
          2.241947
        ],
        [
          -0.046681,
          -0.796167,
          -0.603274,
          1.370199
        ],
        [
          0.0,
          0.0,
          0.0,
          1.0
        ]
      ]
    },
    {
      "file_path": "/media/NFS/ttao/scannet/posed_images/scene0615_01/00036.jpg",
      "transform_matrix": [
        [
          -0.199988,
          0.591764,
          -0.78091,
          2.878248
        ],
        [
          0.978949,
          0.087503,
          -0.184396,
          2.239103
        ],
        [
          -0.040787,
          -0.801348,
          -0.596807,
          1.370297
        ],
        [
          0.0,
          0.0,
          0.0,
          1.0
        ]
      ]
    },
    {
      "file_path": "/media/NFS/ttao/scannet/posed_images/scene0615_01/00038.jpg",
      "transform_matrix": [
        [
          -0.22392,
          0.580749,
          -0.782682,
          2.876392
        ],
        [
          0.973987,
          0.104685,
          -0.200975,
          2.237935
        ],
        [
          -0.034781,
          -0.807324,
          -0.589083,
          1.375072
        ],
        [
          0.0,
          0.0,
          0.0,
          1.0
        ]
      ]
    },
    {
      "file_path": "/media/NFS/ttao/scannet/posed_images/scene0615_01/00042.jpg",
      "transform_matrix": [
        [
          -0.253717,
          0.54113,
          -0.801752,
          2.866347
        ],
        [
          0.967062,
          0.124386,
          -0.222077,
          2.227772
        ],
        [
          -0.020446,
          -0.831689,
          -0.554865,
          1.401519
        ],
        [
          0.0,
          0.0,
          0.0,
          1.0
        ]
      ]
    },
    {
      "file_path": "/media/NFS/ttao/scannet/posed_images/scene0615_01/00044.jpg",
      "transform_matrix": [
        [
          -0.256672,
          0.515439,
          -0.817583,
          2.865588
        ],
        [
          0.966298,
          0.119612,
          -0.227951,
          2.224562
        ],
        [
          -0.019702,
          -0.848537,
          -0.528768,
          1.407082
        ],
        [
          0.0,
          0.0,
          0.0,
          1.0
        ]
      ]
    },
    {
      "file_path": "/media/NFS/ttao/scannet/posed_images/scene0615_01/00045.jpg",
      "transform_matrix": [
        [
          -0.256399,
          0.503336,
          -0.825174,
          2.863802
        ],
        [
          0.966362,
          0.115739,
          -0.229671,
          2.223273
        ],
        [
          -0.020097,
          -0.856305,
          -0.51608,
          1.412437
        ],
        [
          0.0,
          0.0,
          0.0,
          1.0
        ]
      ]
    },
    {
      "file_path": "/media/NFS/ttao/scannet/posed_images/scene0615_01/00047.jpg",
      "transform_matrix": [
        [
          -0.24403,
          0.461291,
          -0.85303,
          2.859577
        ],
        [
          0.969683,
          0.104428,
          -0.22093,
          2.218451
        ],
        [
          -0.012833,
          -0.881082,
          -0.47279,
          1.427713
        ],
        [
          0.0,
          0.0,
          0.0,
          1.0
        ]
      ]
    },
    {
      "file_path": "/media/NFS/ttao/scannet/posed_images/scene0615_01/00049.jpg",
      "transform_matrix": [
        [
          -0.229255,
          0.429009,
          -0.873724,
          2.855513
        ],
        [
          0.973346,
          0.095236,
          -0.208633,
          2.21617
        ],
        [
          -0.006296,
          -0.898266,
          -0.439407,
          1.437984
        ],
        [
          0.0,
          0.0,
          0.0,
          1.0
        ]
      ]
    },
    {
      "file_path": "/media/NFS/ttao/scannet/posed_images/scene0615_01/00052.jpg",
      "transform_matrix": [
        [
          -0.187304,
          0.368769,
          -0.910454,
          2.847697
        ],
        [
          0.982302,
          0.070227,
          -0.173641,
          2.208395
        ],
        [
          -9.5e-05,
          -0.926864,
          -0.375396,
          1.465189
        ],
        [
          0.0,
          0.0,
          0.0,
          1.0
        ]
      ]
    },
    {
      "file_path": "/media/NFS/ttao/scannet/posed_images/scene0615_01/00054.jpg",
      "transform_matrix": [
        [
          -0.159754,
          0.338354,
          -0.92736,
          2.849732
        ],
        [
          0.987141,
          0.060138,
          -0.148111,
          2.203437
        ],
        [
          0.005656,
          -0.939095,
          -0.34361,
          1.471259
        ],
        [
          0.0,
          0.0,
          0.0,
          1.0
        ]
      ]
    },
    {
      "file_path": "/media/NFS/ttao/scannet/posed_images/scene0615_01/00057.jpg",
      "transform_matrix": [
        [
          -0.10116,
          0.299934,
          -0.948581,
          2.847486
        ],
        [
          0.994797,
          0.042088,
          -0.092781,
          2.197031
        ],
        [
          0.012096,
          -0.953031,
          -0.302631,
          1.488606
        ],
        [
          0.0,
          0.0,
          0.0,
          1.0
        ]
      ]
    },
    {
      "file_path": "/media/NFS/ttao/scannet/posed_images/scene0615_01/00059.jpg",
      "transform_matrix": [
        [
          -0.068432,
          0.282162,
          -0.956923,
          2.847119
        ],
        [
          0.99757,
          0.031915,
          -0.061929,
          2.194251
        ],
        [
          0.013066,
          -0.958836,
          -0.28366,
          1.497019
        ],
        [
          0.0,
          0.0,
          0.0,
          1.0
        ]
      ]
    },
    {
      "file_path": "/media/NFS/ttao/scannet/posed_images/scene0615_01/00061.jpg",
      "transform_matrix": [
        [
          -0.01908,
          0.249178,
          -0.96827,
          2.852952
        ],
        [
          0.999782,
          0.012997,
          -0.016356,
          2.188245
        ],
        [
          0.008509,
          -0.96837,
          -0.249372,
          1.508073
        ],
        [
          0.0,
          0.0,
          0.0,
          1.0
        ]
      ]
    },
    {
      "file_path": "/media/NFS/ttao/scannet/posed_images/scene0615_01/00063.jpg",
      "transform_matrix": [
        [
          0.014911,
          0.228453,
          -0.973441,
          2.854542
        ],
        [
          0.999862,
          0.003713,
          0.016187,
          2.182551
        ],
        [
          0.007312,
          -0.973548,
          -0.228367,
          1.521713
        ],
        [
          0.0,
          0.0,
          0.0,
          1.0
        ]
      ]
    },
    {
      "file_path": "/media/NFS/ttao/scannet/posed_images/scene0615_01/00064.jpg",
      "transform_matrix": [
        [
          0.033627,
          0.218162,
          -0.975333,
          2.854819
        ],
        [
          0.999408,
          -0.000227,
          0.034407,
          2.17761
        ],
        [
          0.007285,
          -0.975913,
          -0.21804,
          1.526435
        ],
        [
          0.0,
          0.0,
          0.0,
          1.0
        ]
      ]
    },
    {
      "file_path": "/media/NFS/ttao/scannet/posed_images/scene0615_01/00067.jpg",
      "transform_matrix": [
        [
          0.110624,
          0.180838,
          -0.977272,
          2.856066
        ],
        [
          0.993826,
          -0.011728,
          0.110328,
          2.161853
        ],
        [
          0.00849,
          -0.983443,
          -0.181019,
          1.548675
        ],
        [
          0.0,
          0.0,
          0.0,
          1.0
        ]
      ]
    },
    {
      "file_path": "/media/NFS/ttao/scannet/posed_images/scene0615_01/00068.jpg",
      "transform_matrix": [
        [
          0.12735,
          0.174521,
          -0.976383,
          2.858482
        ],
        [
          0.991812,
          -0.012951,
          0.127047,
          2.163695
        ],
        [
          0.009528,
          -0.984568,
          -0.174742,
          1.5542
        ],
        [
          0.0,
          0.0,
          0.0,
          1.0
        ]
      ]
    },
    {
      "file_path": "/media/NFS/ttao/scannet/posed_images/scene0615_01/00070.jpg",
      "transform_matrix": [
        [
          0.135772,
          0.145442,
          -0.980006,
          2.879928
        ],
        [
          0.990583,
          -0.002323,
          0.136893,
          2.224938
        ],
        [
          0.017634,
          -0.989364,
          -0.144388,
          1.522128
        ],
        [
          0.0,
          0.0,
          0.0,
          1.0
        ]
      ]
    },
    {
      "file_path": "/media/NFS/ttao/scannet/posed_images/scene0615_01/00073.jpg",
      "transform_matrix": [
        [
          0.224092,
          0.132462,
          -0.965524,
          2.876595
        ],
        [
          0.974219,
          -0.00394,
          0.22557,
          2.195659
        ],
        [
          0.026075,
          -0.99118,
          -0.12993,
          1.526966
        ],
        [
          0.0,
          0.0,
          0.0,
          1.0
        ]
      ]
    },
    {
      "file_path": "/media/NFS/ttao/scannet/posed_images/scene0615_01/00076.jpg",
      "transform_matrix": [
        [
          0.313539,
          0.123648,
          -0.941491,
          2.870082
        ],
        [
          0.948967,
          -0.005317,
          0.315331,
          2.16342
        ],
        [
          0.033984,
          -0.992312,
          -0.119005,
          1.538284
        ],
        [
          0.0,
          0.0,
          0.0,
          1.0
        ]
      ]
    },
    {
      "file_path": "/media/NFS/ttao/scannet/posed_images/scene0615_01/00078.jpg",
      "transform_matrix": [
        [
          0.357674,
          0.119291,
          -0.926196,
          2.867662
        ],
        [
          0.933298,
          -0.01166,
          0.358914,
          2.152904
        ],
        [
          0.032016,
          -0.992791,
          -0.115505,
          1.531759
        ],
        [
          0.0,
          0.0,
          0.0,
          1.0
        ]
      ]
    },
    {
      "file_path": "/media/NFS/ttao/scannet/posed_images/scene0615_01/00079.jpg",
      "transform_matrix": [
        [
          0.3773,
          0.11705,
          -0.918665,
          2.86784
        ],
        [
          0.925651,
          -0.017073,
          0.377993,
          2.155284
        ],
        [
          0.028559,
          -0.992979,
          -0.114789,
          1.527653
        ],
        [
          0.0,
          0.0,
          0.0,
          1.0
        ]
      ]
    },
    {
      "file_path": "/media/NFS/ttao/scannet/posed_images/scene0615_01/00081.jpg",
      "transform_matrix": [
        [
          0.4183,
          0.12228,
          -0.900041,
          2.876621
        ],
        [
          0.908153,
          -0.037905,
          0.41692,
          2.219441
        ],
        [
          0.016865,
          -0.991772,
          -0.126905,
          1.540902
        ],
        [
          0.0,
          0.0,
          0.0,
          1.0
        ]
      ]
    },
    {
      "file_path": "/media/NFS/ttao/scannet/posed_images/scene0615_01/00083.jpg",
      "transform_matrix": [
        [
          0.462571,
          0.12278,
          -0.87804,
          2.872205
        ],
        [
          0.886483,
          -0.049225,
          0.460135,
          2.207889
        ],
        [
          0.013274,
          -0.991212,
          -0.131612,
          1.528534
        ],
        [
          0.0,
          0.0,
          0.0,
          1.0
        ]
      ]
    },
    {
      "file_path": "/media/NFS/ttao/scannet/posed_images/scene0615_01/00086.jpg",
      "transform_matrix": [
        [
          0.543684,
          0.127712,
          -0.829517,
          2.864614
        ],
        [
          0.839282,
          -0.078331,
          0.538024,
          2.191724
        ],
        [
          0.003735,
          -0.988713,
          -0.149774,
          1.513259
        ],
        [
          0.0,
          0.0,
          0.0,
          1.0
        ]
      ]
    },
    {
      "file_path": "/media/NFS/ttao/scannet/posed_images/scene0615_01/00088.jpg",
      "transform_matrix": [
        [
          0.584584,
          0.12949,
          -0.800933,
          2.85722
        ],
        [
          0.811333,
          -0.094035,
          0.576971,
          2.179673
        ],
        [
          -0.000603,
          -0.987112,
          -0.160031,
          1.500355
        ],
        [
          0.0,
          0.0,
          0.0,
          1.0
        ]
      ]
    },
    {
      "file_path": "/media/NFS/ttao/scannet/posed_images/scene0615_01/00091.jpg",
      "transform_matrix": [
        [
          0.650137,
          0.136557,
          -0.747445,
          2.864426
        ],
        [
          0.759606,
          -0.139989,
          0.635139,
          2.185253
        ],
        [
          -0.017901,
          -0.980691,
          -0.194741,
          1.493062
        ],
        [
          0.0,
          0.0,
          0.0,
          1.0
        ]
      ]
    },
    {
      "file_path": "/media/NFS/ttao/scannet/posed_images/scene0615_01/00093.jpg",
      "transform_matrix": [
        [
          0.680338,
          0.140124,
          -0.719379,
          2.86662
        ],
        [
          0.732521,
          -0.161503,
          0.661309,
          2.192838
        ],
        [
          -0.023516,
          -0.976874,
          -0.21252,
          1.488049
        ],
        [
          0.0,
          0.0,
          0.0,
          1.0
        ]
      ]
    },
    {
      "file_path": "/media/NFS/ttao/scannet/posed_images/scene0615_01/00095.jpg",
      "transform_matrix": [
        [
          0.711575,
          0.145203,
          -0.687443,
          2.861972
        ],
        [
          0.702224,
          -0.179421,
          0.688977,
          2.188999
        ],
        [
          -0.0233,
          -0.972998,
          -0.229636,
          1.481995
        ],
        [
          0.0,
          0.0,
          0.0,
          1.0
        ]
      ]
    },
    {
      "file_path": "/media/NFS/ttao/scannet/posed_images/scene0615_01/00097.jpg",
      "transform_matrix": [
        [
          0.75199,
          0.149685,
          -0.641954,
          2.847878
        ],
        [
          0.658628,
          -0.210258,
          0.722496,
          2.189216
        ],
        [
          -0.026829,
          -0.966119,
          -0.256698,
          1.489511
        ],
        [
          0.0,
          0.0,
          0.0,
          1.0
        ]
      ]
    },
    {
      "file_path": "/media/NFS/ttao/scannet/posed_images/scene0615_01/00100.jpg",
      "transform_matrix": [
        [
          0.783998,
          0.153,
          -0.601613,
          2.84626
        ],
        [
          0.62036,
          -0.228043,
          0.750433,
          2.191296
        ],
        [
          -0.022378,
          -0.961555,
          -0.2737,
          1.482894
        ],
        [
          0.0,
          0.0,
          0.0,
          1.0
        ]
      ]
    },
    {
      "file_path": "/media/NFS/ttao/scannet/posed_images/scene0615_01/00102.jpg",
      "transform_matrix": [
        [
          0.816419,
          0.152485,
          -0.556964,
          2.841258
        ],
        [
          0.576965,
          -0.255371,
          0.775821,
          2.192812
        ],
        [
          -0.023932,
          -0.954743,
          -0.296468,
          1.478466
        ],
        [
          0.0,
          0.0,
          0.0,
          1.0
        ]
      ]
    },
    {
      "file_path": "/media/NFS/ttao/scannet/posed_images/scene0615_01/00104.jpg",
      "transform_matrix": [
        [
          0.835125,
          0.146632,
          -0.530156,
          2.83844
        ],
        [
          0.549356,
          -0.271096,
          0.790389,
          2.193792
        ],
        [
          -0.027827,
          -0.951318,
          -0.306952,
          1.472713
        ],
        [
          0.0,
          0.0,
          0.0,
          1.0
        ]
      ]
    },
    {
      "file_path": "/media/NFS/ttao/scannet/posed_images/scene0615_01/00106.jpg",
      "transform_matrix": [
        [
          0.862221,
          0.140826,
          -0.486562,
          2.829955
        ],
        [
          0.505396,
          -0.303483,
          0.807758,
          2.196135
        ],
        [
          -0.033909,
          -0.942373,
          -0.332842,
          1.467298
        ],
        [
          0.0,
          0.0,
          0.0,
          1.0
        ]
      ]
    },
    {
      "file_path": "/media/NFS/ttao/scannet/posed_images/scene0615_01/00108.jpg",
      "transform_matrix": [
        [
          0.880458,
          0.136724,
          -0.453983,
          2.820827
        ],
        [
          0.47266,
          -0.328317,
          0.817802,
          2.192436
        ],
        [
          -0.037237,
          -0.93462,
          -0.353693,
          1.463093
        ],
        [
          0.0,
          0.0,
          0.0,
          1.0
        ]
      ]
    },
    {
      "file_path": "/media/NFS/ttao/scannet/posed_images/scene0615_01/00109.jpg",
      "transform_matrix": [
        [
          0.887576,
          0.135193,
          -0.440377,
          2.817916
        ],
        [
          0.458989,
          -0.340926,
          0.820426,
          2.195407
        ],
        [
          -0.03922,
          -0.930318,
          -0.36465,
          1.460378
        ],
        [
          0.0,
          0.0,
          0.0,
          1.0
        ]
      ]
    },
    {
      "file_path": "/media/NFS/ttao/scannet/posed_images/scene0615_01/00111.jpg",
      "transform_matrix": [
        [
          0.906386,
          0.132436,
          -0.401156,
          2.820462
        ],
        [
          0.420482,
          -0.374422,
          0.82644,
          2.202227
        ],
        [
          -0.040751,
          -0.917752,
          -0.395057,
          1.444167
        ],
        [
          0.0,
          0.0,
          0.0,
          1.0
        ]
      ]
    },
    {
      "file_path": "/media/NFS/ttao/scannet/posed_images/scene0615_01/00113.jpg",
      "transform_matrix": [
        [
          0.9201,
          0.124957,
          -0.371216,
          2.813321
        ],
        [
          0.389155,
          -0.399146,
          0.830206,
          2.204002
        ],
        [
          -0.04443,
          -0.908333,
          -0.415881,
          1.441571
        ],
        [
          0.0,
          0.0,
          0.0,
          1.0
        ]
      ]
    },
    {
      "file_path": "/media/NFS/ttao/scannet/posed_images/scene0615_01/00116.jpg",
      "transform_matrix": [
        [
          0.945512,
          0.104292,
          -0.308431,
          2.79956
        ],
        [
          0.321715,
          -0.444927,
          0.835787,
          2.205398
        ],
        [
          -0.050064,
          -0.889473,
          -0.454237,
          1.431588
        ],
        [
          0.0,
          0.0,
          0.0,
          1.0
        ]
      ]
    },
    {
      "file_path": "/media/NFS/ttao/scannet/posed_images/scene0615_01/00118.jpg",
      "transform_matrix": [
        [
          0.956588,
          0.090179,
          -0.277142,
          2.79183
        ],
        [
          0.286591,
          -0.46388,
          0.838261,
          2.208768
        ],
        [
          -0.052967,
          -0.881296,
          -0.469587,
          1.426278
        ],
        [
          0.0,
          0.0,
          0.0,
          1.0
        ]
      ]
    },
    {
      "file_path": "/media/NFS/ttao/scannet/posed_images/scene0615_01/00120.jpg",
      "transform_matrix": [
        [
          0.965508,
          0.076132,
          -0.248995,
          2.795574
        ],
        [
          0.254653,
          -0.475455,
          0.842077,
          2.203231
        ],
        [
          -0.054277,
          -0.87644,
          -0.478443,
          1.406334
        ],
        [
          0.0,
          0.0,
          0.0,
          1.0
        ]
      ]
    },
    {
      "file_path": "/media/NFS/ttao/scannet/posed_images/scene0615_01/00122.jpg",
      "transform_matrix": [
        [
          0.978513,
          0.052912,
          -0.19928,
          2.787661
        ],
        [
          0.198894,
          -0.496968,
          0.844668,
          2.201968
        ],
        [
          -0.054343,
          -0.866154,
          -0.496813,
          1.393797
        ],
        [
          0.0,
          0.0,
          0.0,
          1.0
        ]
      ]
    },
    {
      "file_path": "/media/NFS/ttao/scannet/posed_images/scene0615_01/00124.jpg",
      "transform_matrix": [
        [
          0.985873,
          0.03604,
          -0.16357,
          2.781453
        ],
        [
          0.158931,
          -0.509533,
          0.845646,
          2.20545
        ],
        [
          -0.052867,
          -0.859696,
          -0.508063,
          1.391417
        ],
        [
          0.0,
          0.0,
          0.0,
          1.0
        ]
      ]
    },
    {
      "file_path": "/media/NFS/ttao/scannet/posed_images/scene0615_01/00128.jpg",
      "transform_matrix": [
        [
          0.997429,
          -0.001623,
          -0.071643,
          2.772764
        ],
        [
          0.059746,
          -0.533197,
          0.843879,
          2.213965
        ],
        [
          -0.039569,
          -0.84599,
          -0.531729,
          1.390758
        ],
        [
          0.0,
          0.0,
          0.0,
          1.0
        ]
      ]
    },
    {
      "file_path": "/media/NFS/ttao/scannet/posed_images/scene0615_01/00130.jpg",
      "transform_matrix": [
        [
          0.999728,
          -0.013285,
          -0.01917,
          2.737819
        ],
        [
          0.008914,
          -0.541892,
          0.840401,
          2.219878
        ],
        [
          -0.021553,
          -0.840343,
          -0.541626,
          1.402019
        ],
        [
          0.0,
          0.0,
          0.0,
          1.0
        ]
      ]
    },
    {
      "file_path": "/media/NFS/ttao/scannet/posed_images/scene0615_01/00131.jpg",
      "transform_matrix": [
        [
          0.999448,
          -0.025222,
          0.021632,
          2.727758
        ],
        [
          -0.031864,
          -0.542903,
          0.83919,
          2.225736
        ],
        [
          -0.009421,
          -0.839416,
          -0.543407,
          1.407713
        ],
        [
          0.0,
          0.0,
          0.0,
          1.0
        ]
      ]
    },
    {
      "file_path": "/media/NFS/ttao/scannet/posed_images/scene0615_01/00133.jpg",
      "transform_matrix": [
        [
          0.997563,
          -0.034056,
          0.060891,
          2.7206
        ],
        [
          -0.069657,
          -0.53517,
          0.841868,
          2.229449
        ],
        [
          0.003916,
          -0.844058,
          -0.536238,
          1.40984
        ],
        [
          0.0,
          0.0,
          0.0,
          1.0
        ]
      ]
    },
    {
      "file_path": "/media/NFS/ttao/scannet/posed_images/scene0615_01/00135.jpg",
      "transform_matrix": [
        [
          0.99416,
          -0.045487,
          0.097866,
          2.712903
        ],
        [
          -0.107176,
          -0.522491,
          0.845882,
          2.233479
        ],
        [
          0.012657,
          -0.85143,
          -0.524315,
          1.41752
        ],
        [
          0.0,
          0.0,
          0.0,
          1.0
        ]
      ]
    },
    {
      "file_path": "/media/NFS/ttao/scannet/posed_images/scene0615_01/00137.jpg",
      "transform_matrix": [
        [
          0.985906,
          -0.056881,
          0.157334,
          2.696855
        ],
        [
          -0.164727,
          -0.494333,
          0.853522,
          2.236969
        ],
        [
          0.029227,
          -0.86741,
          -0.496736,
          1.421226
        ],
        [
          0.0,
          0.0,
          0.0,
          1.0
        ]
      ]
    },
    {
      "file_path": "/media/NFS/ttao/scannet/posed_images/scene0615_01/00139.jpg",
      "transform_matrix": [
        [
          0.977428,
          -0.063449,
          0.201515,
          2.677584
        ],
        [
          -0.207,
          -0.478359,
          0.853419,
          2.241542
        ],
        [
          0.042248,
          -0.875869,
          -0.480695,
          1.426119
        ],
        [
          0.0,
          0.0,
          0.0,
          1.0
        ]
      ]
    },
    {
      "file_path": "/media/NFS/ttao/scannet/posed_images/scene0615_01/00141.jpg",
      "transform_matrix": [
        [
          0.963124,
          -0.069083,
          0.260039,
          2.64683
        ],
        [
          -0.262062,
          -0.459825,
          0.84846,
          2.258724
        ],
        [
          0.060958,
          -0.885319,
          -0.460972,
          1.445081
        ],
        [
          0.0,
          0.0,
          0.0,
          1.0
        ]
      ]
    },
    {
      "file_path": "/media/NFS/ttao/scannet/posed_images/scene0615_01/00144.jpg",
      "transform_matrix": [
        [
          0.952052,
          -0.066602,
          0.298598,
          2.63153
        ],
        [
          -0.297819,
          -0.425083,
          0.854756,
          2.262181
        ],
        [
          0.07,
          -0.9027,
          -0.424537,
          1.459324
        ],
        [
          0.0,
          0.0,
          0.0,
          1.0
        ]
      ]
    },
    {
      "file_path": "/media/NFS/ttao/scannet/posed_images/scene0615_01/00146.jpg",
      "transform_matrix": [
        [
          0.942603,
          -0.057343,
          0.328955,
          2.628498
        ],
        [
          -0.324925,
          -0.38458,
          0.864015,
          2.261789
        ],
        [
          0.076964,
          -0.921309,
          -0.381139,
          1.469343
        ],
        [
          0.0,
          0.0,
          0.0,
          1.0
        ]
      ]
    },
    {
      "file_path": "/media/NFS/ttao/scannet/posed_images/scene0615_01/00148.jpg",
      "transform_matrix": [
        [
          0.931561,
          -0.051051,
          0.359983,
          2.620778
        ],
        [
          -0.353303,
          -0.360891,
          0.863096,
          2.264051
        ],
        [
          0.085853,
          -0.93121,
          -0.354229,
          1.477029
        ],
        [
          0.0,
          0.0,
          0.0,
          1.0
        ]
      ]
    },
    {
      "file_path": "/media/NFS/ttao/scannet/posed_images/scene0615_01/00150.jpg",
      "transform_matrix": [
        [
          0.918451,
          -0.031665,
          0.394266,
          2.605754
        ],
        [
          -0.381231,
          -0.336512,
          0.861059,
          2.262199
        ],
        [
          0.10541,
          -0.941147,
          -0.321141,
          1.476197
        ],
        [
          0.0,
          0.0,
          0.0,
          1.0
        ]
      ]
    },
    {
      "file_path": "/media/NFS/ttao/scannet/posed_images/scene0615_01/00152.jpg",
      "transform_matrix": [
        [
          0.897343,
          -0.019056,
          0.440924,
          2.599575
        ],
        [
          -0.424823,
          -0.308016,
          0.851265,
          2.264813
        ],
        [
          0.11959,
          -0.95119,
          -0.284491,
          1.480104
        ],
        [
          0.0,
          0.0,
          0.0,
          1.0
        ]
      ]
    },
    {
      "file_path": "/media/NFS/ttao/scannet/posed_images/scene0615_01/00155.jpg",
      "transform_matrix": [
        [
          0.875268,
          -0.010416,
          0.483526,
          2.599635
        ],
        [
          -0.466224,
          -0.284038,
          0.837829,
          2.264768
        ],
        [
          0.128613,
          -0.958757,
          -0.253466,
          1.47576
        ],
        [
          0.0,
          0.0,
          0.0,
          1.0
        ]
      ]
    },
    {
      "file_path": "/media/NFS/ttao/scannet/posed_images/scene0615_01/00157.jpg",
      "transform_matrix": [
        [
          0.850464,
          -0.009742,
          0.525944,
          2.603287
        ],
        [
          -0.508388,
          -0.272013,
          0.817037,
          2.265501
        ],
        [
          0.135105,
          -0.962244,
          -0.23629,
          1.479871
        ],
        [
          0.0,
          0.0,
          0.0,
          1.0
        ]
      ]
    },
    {
      "file_path": "/media/NFS/ttao/scannet/posed_images/scene0615_01/00159.jpg",
      "transform_matrix": [
        [
          0.828342,
          -0.007787,
          0.560168,
          2.607039
        ],
        [
          -0.541836,
          -0.265205,
          0.797546,
          2.264864
        ],
        [
          0.142349,
          -0.964161,
          -0.2239,
          1.471851
        ],
        [
          0.0,
          0.0,
          0.0,
          1.0
        ]
      ]
    },
    {
      "file_path": "/media/NFS/ttao/scannet/posed_images/scene0615_01/00161.jpg",
      "transform_matrix": [
        [
          0.797691,
          -0.010086,
          0.602982,
          2.629972
        ],
        [
          -0.582832,
          -0.269725,
          0.766522,
          2.264963
        ],
        [
          0.154908,
          -0.962885,
          -0.221035,
          1.485307
        ],
        [
          0.0,
          0.0,
          0.0,
          1.0
        ]
      ]
    },
    {
      "file_path": "/media/NFS/ttao/scannet/posed_images/scene0615_01/00163.jpg",
      "transform_matrix": [
        [
          0.769886,
          -0.013208,
          0.638045,
          2.63806
        ],
        [
          -0.616574,
          -0.273345,
          0.738321,
          2.268698
        ],
        [
          0.164655,
          -0.961825,
          -0.218589,
          1.48609
        ],
        [
          0.0,
          0.0,
          0.0,
          1.0
        ]
      ]
    },
    {
      "file_path": "/media/NFS/ttao/scannet/posed_images/scene0615_01/00165.jpg",
      "transform_matrix": [
        [
          0.742048,
          -0.014612,
          0.670187,
          2.645825
        ],
        [
          -0.646618,
          -0.279249,
          0.709863,
          2.269164
        ],
        [
          0.176777,
          -0.960107,
          -0.216665,
          1.484714
        ],
        [
          0.0,
