{
  "frames": [
    {
      "file_path": "/media/NFS/ttao/scannet/posed_images/scene0546_00/00000.jpg",
      "transform_matrix": [
        [
          -0.999144,
          0.013991,
          -0.038942,
          2.162363
        ],
        [
          0.039554,
          0.599335,
          -0.79952,
          4.177171
        ],
        [
          0.012153,
          -0.800376,
          -0.599375,
          1.420415
        ],
        [
          0.0,
          0.0,
          0.0,
          1.0
        ]
      ]
    },
    {
      "file_path": "/media/NFS/ttao/scannet/posed_images/scene0546_00/00001.jpg",
      "transform_matrix": [
        [
          -0.998932,
          0.016664,
          -0.043095,
          2.157109
        ],
        [
          0.044411,
          0.603644,
          -0.796016,
          4.174949
        ],
        [
          0.012749,
          -0.79708,
          -0.60374,
          1.419251
        ],
        [
          0.0,
          0.0,
          0.0,
          1.0
        ]
      ]
    },
    {
      "file_path": "/media/NFS/ttao/scannet/posed_images/scene0546_00/00002.jpg",
      "transform_matrix": [
        [
          -0.998824,
          0.017236,
          -0.045306,
          2.156399
        ],
        [
          0.046496,
          0.604908,
          -0.794937,
          4.172648
        ],
        [
          0.013705,
          -0.796109,
          -0.604999,
          1.420148
        ],
        [
          0.0,
          0.0,
          0.0,
          1.0
        ]
      ]
    },
    {
      "file_path": "/media/NFS/ttao/scannet/posed_images/scene0546_00/00004.jpg",
      "transform_matrix": [
        [
          -0.998733,
          0.018746,
          -0.04671,
          2.155137
        ],
        [
          0.048559,
          0.602954,
          -0.796297,
          4.171225
        ],
        [
          0.013237,
          -0.797556,
          -0.603101,
          1.421859
        ],
        [
          0.0,
          0.0,
          0.0,
          1.0
        ]
      ]
    },
    {
      "file_path": "/media/NFS/ttao/scannet/posed_images/scene0546_00/00005.jpg",
      "transform_matrix": [
        [
          -0.998742,
          0.019639,
          -0.046142,
          2.155291
        ],
        [
          0.048706,
          0.59894,
          -0.799311,
          4.172629
        ],
        [
          0.011939,
          -0.800553,
          -0.599143,
          1.420393
        ],
        [
          0.0,
          0.0,
          0.0,
          1.0
        ]
      ]
    },
    {
      "file_path": "/media/NFS/ttao/scannet/posed_images/scene0546_00/00007.jpg",
      "transform_matrix": [
        [
          -0.99889,
          0.019725,
          -0.042781,
          2.155967
        ],
        [
          0.046124,
          0.594226,
          -0.802974,
          4.170459
        ],
        [
          0.009583,
          -0.804056,
          -0.594477,
          1.42573
        ],
        [
          0.0,
          0.0,
          0.0,
          1.0
        ]
      ]
    },
    {
      "file_path": "/media/NFS/ttao/scannet/posed_images/scene0546_00/00008.jpg",
      "transform_matrix": [
        [
          -0.998976,
          0.019525,
          -0.040803,
          2.155192
        ],
        [
          0.044441,
          0.591801,
          -0.804858,
          4.167843
        ],
        [
          0.008432,
          -0.805848,
          -0.592063,
          1.429739
        ],
        [
          0.0,
          0.0,
          0.0,
          1.0
        ]
      ]
    },
    {
      "file_path": "/media/NFS/ttao/scannet/posed_images/scene0546_00/00009.jpg",
      "transform_matrix": [
        [
          -0.999031,
          0.01774,
          -0.04027,
          2.156425
        ],
        [
          0.043006,
          0.58747,
          -0.808102,
          4.166024
        ],
        [
          0.009321,
          -0.809052,
          -0.587664,
          1.432669
        ],
        [
          0.0,
          0.0,
          0.0,
          1.0
        ]
      ]
    },
    {
      "file_path": "/media/NFS/ttao/scannet/posed_images/scene0546_00/00011.jpg",
      "transform_matrix": [
        [
          -0.999189,
          0.013287,
          -0.038,
          2.159443
        ],
        [
          0.038692,
          0.577515,
          -0.815463,
          4.15832
        ],
        [
          0.011111,
          -0.816272,
          -0.577561,
          1.445179
        ],
        [
          0.0,
          0.0,
          0.0,
          1.0
        ]
      ]
    },
    {
      "file_path": "/media/NFS/ttao/scannet/posed_images/scene0546_00/00012.jpg",
      "transform_matrix": [
        [
          -0.999325,
          0.011632,
          -0.034836,
          2.160342
        ],
        [
          0.035315,
          0.564764,
          -0.824497,
          4.161373
        ],
        [
          0.010084,
          -0.825171,
          -0.564794,
          1.445529
        ],
        [
          0.0,
          0.0,
          0.0,
          1.0
        ]
      ]
    },
    {
      "file_path": "/media/NFS/ttao/scannet/posed_images/scene0546_00/00014.jpg",
      "transform_matrix": [
        [
          -0.999636,
          0.0064,
          -0.026201,
          2.161828
        ],
        [
          0.025501,
          0.540668,
          -0.840849,
          4.157351
        ],
        [
          0.008785,
          -0.841212,
          -0.540635,
          1.459854
        ],
        [
          0.0,
          0.0,
          0.0,
          1.0
        ]
      ]
    },
    {
      "file_path": "/media/NFS/ttao/scannet/posed_images/scene0546_00/00015.jpg",
      "transform_matrix": [
        [
          -0.999768,
          0.00497,
          -0.020935,
          2.160346
        ],
        [
          0.020401,
          0.528298,
          -0.848814,
          4.156932
        ],
        [
          0.006842,
          -0.849045,
          -0.528277,
          1.466054
        ],
        [
          0.0,
          0.0,
          0.0,
          1.0
        ]
      ]
    },
    {
      "file_path": "/media/NFS/ttao/scannet/posed_images/scene0546_00/00016.jpg",
      "transform_matrix": [
        [
          -0.99981,
          0.003306,
          -0.019219,
          2.161744
        ],
        [
          0.018151,
          0.518198,
          -0.855068,
          4.154899
        ],
        [
          0.007132,
          -0.855255,
          -0.518159,
          1.472009
        ],
        [
          0.0,
          0.0,
          0.0,
          1.0
        ]
      ]
    },
    {
      "file_path": "/media/NFS/ttao/scannet/posed_images/scene0546_00/00018.jpg",
      "transform_matrix": [
        [
          -0.999956,
          0.002207,
          -0.009111,
          2.161627
        ],
        [
          0.009054,
          0.47921,
          -0.877654,
          4.158213
        ],
        [
          0.002429,
          -0.877698,
          -0.479209,
          1.482174
        ],
        [
          0.0,
          0.0,
          0.0,
          1.0
        ]
      ]
    },
    {
      "file_path": "/media/NFS/ttao/scannet/posed_images/scene0546_00/00020.jpg",
      "transform_matrix": [
        [
          -0.999995,
          0.002863,
          0.00136,
          2.162607
        ],
        [
          6.4e-05,
          0.447248,
          -0.89441,
          4.15751
        ],
        [
          -0.003169,
          -0.894405,
          -0.447246,
          1.493868
        ],
        [
          0.0,
          0.0,
          0.0,
          1.0
        ]
      ]
    },
    {
      "file_path": "/media/NFS/ttao/scannet/posed_images/scene0546_00/00021.jpg",
      "transform_matrix": [
        [
          -0.999991,
          0.002059,
          0.003587,
          2.162821
        ],
        [
          -0.002319,
          0.439218,
          -0.898378,
          4.15502
        ],
        [
          -0.003425,
          -0.898378,
          -0.439209,
          1.502163
        ],
        [
          0.0,
          0.0,
          0.0,
          1.0
        ]
      ]
    },
    {
      "file_path": "/media/NFS/ttao/scannet/posed_images/scene0546_00/00022.jpg",
      "transform_matrix": [
        [
          -0.999983,
          0.0028,
          0.005094,
          2.163275
        ],
        [
          -0.003402,
          0.428703,
          -0.903439,
          4.156126
        ],
        [
          -0.004714,
          -0.903441,
          -0.428686,
          1.504255
        ],
        [
          0.0,
          0.0,
          0.0,
          1.0
        ]
      ]
    },
    {
      "file_path": "/media/NFS/ttao/scannet/posed_images/scene0546_00/00024.jpg",
      "transform_matrix": [
        [
          -0.999932,
          0.005196,
          0.010485,
          2.164434
        ],
        [
          -0.007519,
          0.401297,
          -0.915917,
          4.153055
        ],
        [
          -0.008966,
          -0.915933,
          -0.401231,
          1.517606
        ],
        [
          0.0,
          0.0,
          0.0,
          1.0
        ]
      ]
    },
    {
      "file_path": "/media/NFS/ttao/scannet/posed_images/scene0546_00/00025.jpg",
      "transform_matrix": [
        [
          -0.999904,
          0.005282,
          0.012844,
          2.165159
        ],
        [
          -0.009757,
          0.390955,
          -0.920358,
          4.152618
        ],
        [
          -0.009882,
          -0.920395,
          -0.390866,
          1.52223
        ],
        [
          0.0,
          0.0,
          0.0,
          1.0
        ]
      ]
    },
    {
      "file_path": "/media/NFS/ttao/scannet/posed_images/scene0546_00/00026.jpg",
      "transform_matrix": [
        [
          -0.999874,
          0.00431,
          0.015277,
          2.165496
        ],
        [
          -0.012471,
          0.382141,
          -0.92402,
          4.151052
        ],
        [
          -0.009821,
          -0.924094,
          -0.382039,
          1.527414
        ],
        [
          0.0,
          0.0,
          0.0,
          1.0
        ]
      ]
    },
    {
      "file_path": "/media/NFS/ttao/scannet/posed_images/scene0546_00/00028.jpg",
      "transform_matrix": [
        [
          -0.999804,
          0.002427,
          0.019675,
          2.165917
        ],
        [
          -0.017472,
          0.361062,
          -0.932378,
          4.152103
        ],
        [
          -0.009366,
          -0.932539,
          -0.360949,
          1.534663
        ],
        [
          0.0,
          0.0,
          0.0,
          1.0
        ]
      ]
    },
    {
      "file_path": "/media/NFS/ttao/scannet/posed_images/scene0546_00/00029.jpg",
      "transform_matrix": [
        [
          -0.999756,
          0.00123,
          0.022063,
          2.165196
        ],
        [
          -0.020231,
          0.350607,
          -0.936304,
          4.153063
        ],
        [
          -0.008887,
          -0.936522,
          -0.350497,
          1.536766
        ],
        [
          0.0,
          0.0,
          0.0,
          1.0
        ]
      ]
    },
    {
      "file_path": "/media/NFS/ttao/scannet/posed_images/scene0546_00/00031.jpg",
      "transform_matrix": [
        [
          -0.9997,
          0.0025,
          0.024386,
          2.165764
        ],
        [
          -0.022125,
          0.336352,
          -0.941476,
          4.149539
        ],
        [
          -0.010556,
          -0.941733,
          -0.336196,
          1.547236
        ],
        [
          0.0,
          0.0,
          0.0,
          1.0
        ]
      ]
    },
    {
      "file_path": "/media/NFS/ttao/scannet/posed_images/scene0546_00/00032.jpg",
      "transform_matrix": [
        [
          -0.999652,
          0.001236,
          0.02637,
          2.165139
        ],
        [
          -0.024542,
          0.324427,
          -0.945592,
          4.15325
        ],
        [
          -0.009724,
          -0.94591,
          -0.324284,
          1.545658
        ],
        [
          0.0,
          0.0,
          0.0,
          1.0
        ]
      ]
    },
    {
      "file_path": "/media/NFS/ttao/scannet/posed_images/scene0546_00/00034.jpg",
      "transform_matrix": [
        [
          -0.999621,
          -0.001643,
          0.027483,
          2.165397
        ],
        [
          -0.026659,
          0.307114,
          -0.951299,
          4.152947
        ],
        [
          -0.006877,
          -0.951672,
          -0.307041,
          1.549435
        ],
        [
          0.0,
          0.0,
          0.0,
          1.0
        ]
      ]
    },
    {
      "file_path": "/media/NFS/ttao/scannet/posed_images/scene0546_00/00035.jpg",
      "transform_matrix": [
        [
          -0.999583,
          -0.002814,
          0.028743,
          2.164243
        ],
        [
          -0.028268,
          0.299256,
          -0.953754,
          4.15387
        ],
        [
          -0.005917,
          -0.954169,
          -0.299211,
          1.549796
        ],
        [
          0.0,
          0.0,
          0.0,
          1.0
        ]
      ]
    },
    {
      "file_path": "/media/NFS/ttao/scannet/posed_images/scene0546_00/00036.jpg",
      "transform_matrix": [
        [
          -0.999577,
          -0.002611,
          0.028971,
          2.165416
        ],
        [
          -0.028462,
          0.293376,
          -0.955573,
          4.15148
        ],
        [
          -0.006004,
          -0.955994,
          -0.293326,
          1.552575
        ],
        [
          0.0,
          0.0,
          0.0,
          1.0
        ]
      ]
    },
    {
      "file_path": "/media/NFS/ttao/scannet/posed_images/scene0546_00/00037.jpg",
      "transform_matrix": [
        [
          -0.99954,
          -0.002777,
          0.030191,
          2.166188
        ],
        [
          -0.029714,
          0.287661,
          -0.957271,
          4.151179
        ],
        [
          -0.006026,
          -0.957728,
          -0.287612,
          1.556482
        ],
        [
          0.0,
          0.0,
          0.0,
          1.0
        ]
      ]
    },
    {
      "file_path": "/media/NFS/ttao/scannet/posed_images/scene0546_00/00039.jpg",
      "transform_matrix": [
        [
          -0.999394,
          -0.003737,
          0.0346,
          2.165482
        ],
        [
          -0.034301,
          0.273703,
          -0.961203,
          4.152899
        ],
        [
          -0.005878,
          -0.961807,
          -0.273665,
          1.558007
        ],
        [
          0.0,
          0.0,
          0.0,
          1.0
        ]
      ]
    },
    {
      "file_path": "/media/NFS/ttao/scannet/posed_images/scene0546_00/00041.jpg",
      "transform_matrix": [
        [
          -0.999381,
          -0.002965,
          0.035049,
          2.167911
        ],
        [
          -0.034554,
          0.269009,
          -0.962518,
          4.145155
        ],
        [
          -0.006575,
          -0.963133,
          -0.268945,
          1.572495
        ],
        [
          0.0,
          0.0,
          0.0,
          1.0
        ]
      ]
    },
    {
      "file_path": "/media/NFS/ttao/scannet/posed_images/scene0546_00/00042.jpg",
      "transform_matrix": [
        [
          -0.999378,
          -0.002442,
          0.03517,
          2.167849
        ],
        [
          -0.034591,
          0.260534,
          -0.964845,
          4.145232
        ],
        [
          -0.006807,
          -0.965462,
          -0.260456,
          1.568064
        ],
        [
          0.0,
          0.0,
          0.0,
          1.0
        ]
      ]
    },
    {
      "file_path": "/media/NFS/ttao/scannet/posed_images/scene0546_00/00043.jpg",
      "transform_matrix": [
        [
          -0.999372,
          -0.002687,
          0.035324,
          2.167312
        ],
        [
          -0.034833,
          0.256184,
          -0.966,
          4.14331
        ],
        [
          -0.006454,
          -0.966624,
          -0.256117,
          1.571013
        ],
        [
          0.0,
          0.0,
          0.0,
          1.0
        ]
      ]
    },
    {
      "file_path": "/media/NFS/ttao/scannet/posed_images/scene0546_00/00045.jpg",
      "transform_matrix": [
        [
          -0.999355,
          -0.003718,
          0.035723,
          2.165681
        ],
        [
          -0.035535,
          0.246742,
          -0.96843,
          4.138769
        ],
        [
          -0.005214,
          -0.969074,
          -0.246715,
          1.57755
        ],
        [
          0.0,
          0.0,
          0.0,
          1.0
        ]
      ]
    },
    {
      "file_path": "/media/NFS/ttao/scannet/posed_images/scene0546_00/00046.jpg",
      "transform_matrix": [
        [
          -0.999327,
          -0.003071,
          0.036552,
          2.165442
        ],
        [
          -0.036214,
          0.241006,
          -0.969848,
          4.136928
        ],
        [
          -0.00583,
          -0.970519,
          -0.240955,
          1.580997
        ],
        [
          0.0,
          0.0,
          0.0,
          1.0
        ]
      ]
    },
    {
      "file_path": "/media/NFS/ttao/scannet/posed_images/scene0546_00/00048.jpg",
      "transform_matrix": [
        [
          -0.999114,
          -0.003808,
          0.041917,
          2.162551
        ],
        [
          -0.041695,
          0.22564,
          -0.973318,
          4.13166
        ],
        [
          -0.005751,
          -0.974203,
          -0.225599,
          1.590595
        ],
        [
          0.0,
          0.0,
          0.0,
          1.0
        ]
      ]
    },
    {
      "file_path": "/media/NFS/ttao/scannet/posed_images/scene0546_00/00049.jpg",
      "transform_matrix": [
        [
          -0.999031,
          -0.004373,
          0.043804,
          2.16098
        ],
        [
          -0.043725,
          0.213904,
          -0.975876,
          4.130865
        ],
        [
          -0.005102,
          -0.976845,
          -0.213888,
          1.593162
        ],
        [
          0.0,
          0.0,
          0.0,
          1.0
        ]
      ]
    },
    {
      "file_path": "/media/NFS/ttao/scannet/posed_images/scene0546_00/00051.jpg",
      "transform_matrix": [
        [
          -0.999169,
          -0.005096,
          0.040429,
          2.159628
        ],
        [
          -0.040647,
          0.194711,
          -0.980018,
          4.127162
        ],
        [
          -0.002878,
          -0.980848,
          -0.194756,
          1.604403
        ],
        [
          0.0,
          0.0,
          0.0,
          1.0
        ]
      ]
    },
    {
      "file_path": "/media/NFS/ttao/scannet/posed_images/scene0546_00/00052.jpg",
      "transform_matrix": [
        [
          -0.999288,
          -0.005934,
          0.037261,
          2.157073
        ],
        [
          -0.037718,
          0.183288,
          -0.982335,
          4.11792
        ],
        [
          -0.001001,
          -0.983041,
          -0.183382,
          1.618564
        ],
        [
          0.0,
          0.0,
          0.0,
          1.0
        ]
      ]
    },
    {
      "file_path": "/media/NFS/ttao/scannet/posed_images/scene0546_00/00053.jpg",
      "transform_matrix": [
        [
          -0.999239,
          -0.00888,
          0.037988,
          2.153277
        ],
        [
          -0.038949,
          0.171931,
          -0.984339,
          4.116822
        ],
        [
          0.00221,
          -0.985069,
          -0.172146,
          1.622148
        ],
        [
          0.0,
          0.0,
          0.0,
          1.0
        ]
      ]
    },
    {
      "file_path": "/media/NFS/ttao/scannet/posed_images/scene0546_00/00054.jpg",
      "transform_matrix": [
        [
          -0.999331,
          -0.012115,
          0.034503,
          2.151763
        ],
        [
          -0.035999,
          0.160059,
          -0.986451,
          4.116472
        ],
        [
          0.006428,
          -0.987033,
          -0.160389,
          1.621313
        ],
        [
          0.0,
          0.0,
          0.0,
          1.0
        ]
      ]
    },
    {
      "file_path": "/media/NFS/ttao/scannet/posed_images/scene0546_00/00056.jpg",
      "transform_matrix": [
        [
          -0.999522,
          -0.016788,
          0.025955,
          2.146311
        ],
        [
          -0.028143,
          0.146896,
          -0.988751,
          4.113635
        ],
        [
          0.012786,
          -0.989009,
          -0.147298,
          1.623132
        ],
        [
          0.0,
          0.0,
          0.0,
          1.0
        ]
      ]
    },
    {
      "file_path": "/media/NFS/ttao/scannet/posed_images/scene0546_00/00057.jpg",
      "transform_matrix": [
        [
          -0.999601,
          -0.017879,
          0.021861,
          2.144221
        ],
        [
          -0.024189,
          0.142462,
          -0.989505,
          4.111097
        ],
        [
          0.014577,
          -0.989639,
          -0.142837,
          1.626562
        ],
        [
          0.0,
          0.0,
          0.0,
          1.0
        ]
      ]
    },
    {
      "file_path": "/media/NFS/ttao/scannet/posed_images/scene0546_00/00059.jpg",
      "transform_matrix": [
        [
          -0.999638,
          -0.021554,
          0.016078,
          2.139299
        ],
        [
          -0.018748,
          0.130008,
          -0.991336,
          4.107428
        ],
        [
          0.019276,
          -0.991279,
          -0.130366,
          1.62939
        ],
        [
          0.0,
          0.0,
          0.0,
          1.0
        ]
      ]
    },
    {
      "file_path": "/media/NFS/ttao/scannet/posed_images/scene0546_00/00060.jpg",
      "transform_matrix": [
        [
          -0.999749,
          -0.018663,
          0.01237,
          2.139453
        ],
        [
          -0.014727,
          0.131956,
          -0.991146,
          4.101121
        ],
        [
          0.016865,
          -0.99108,
          -0.132198,
          1.64146
        ],
        [
          0.0,
          0.0,
          0.0,
          1.0
        ]
      ]
    },
    {
      "file_path": "/media/NFS/ttao/scannet/posed_images/scene0546_00/00061.jpg",
      "transform_matrix": [
        [
          -0.999772,
          -0.016194,
          0.013935,
          2.134308
        ],
        [
          -0.015924,
          0.130025,
          -0.991383,
          4.10026
        ],
        [
          0.014242,
          -0.991379,
          -0.130253,
          1.640962
        ],
        [
          0.0,
          0.0,
          0.0,
          1.0
        ]
      ]
    },
    {
      "file_path": "/media/NFS/ttao/scannet/posed_images/scene0546_00/00063.jpg",
      "transform_matrix": [
        [
          -0.999755,
          -0.017473,
          0.013562,
          2.129039
        ],
        [
          -0.015734,
          0.130836,
          -0.991279,
          4.093985
        ],
        [
          0.015547,
          -0.99125,
          -0.131079,
          1.631168
        ],
        [
          0.0,
          0.0,
          0.0,
          1.0
        ]
      ]
    },
    {
      "file_path": "/media/NFS/ttao/scannet/posed_images/scene0546_00/00064.jpg",
      "transform_matrix": [
        [
          -0.999705,
          -0.020565,
          0.012893,
          2.124482
        ],
        [
          -0.015541,
          0.134261,
          -0.990824,
          4.091199
        ],
        [
          0.018645,
          -0.990733,
          -0.134541,
          1.628722
        ],
        [
          0.0,
          0.0,
          0.0,
          1.0
        ]
      ]
    },
    {
      "file_path": "/media/NFS/ttao/scannet/posed_images/scene0546_00/00066.jpg",
      "transform_matrix": [
        [
          -0.999592,
          -0.028549,
          -0.000336,
          2.118287
        ],
        [
          -0.003794,
          0.144514,
          -0.989496,
          4.083912
        ],
        [
          0.028297,
          -0.989091,
          -0.144563,
          1.618542
        ],
        [
          0.0,
          0.0,
          0.0,
          1.0
        ]
      ]
    },
    {
      "file_path": "/media/NFS/ttao/scannet/posed_images/scene0546_00/00067.jpg",
      "transform_matrix": [
        [
          -0.999458,
          -0.030763,
          -0.011735,
          2.116106
        ],
        [
          0.006983,
          0.150251,
          -0.988623,
          4.079575
        ],
        [
          0.032177,
          -0.988169,
          -0.149955,
          1.614337
        ],
        [
          0.0,
          0.0,
          0.0,
          1.0
        ]
      ]
    },
    {
      "file_path": "/media/NFS/ttao/scannet/posed_images/scene0546_00/00069.jpg",
      "transform_matrix": [
        [
          -0.998794,
          -0.030849,
          -0.038205,
          2.113359
        ],
        [
          0.032607,
          0.165093,
          -0.985739,
          4.065538
        ],
        [
          0.036716,
          -0.985795,
          -0.163888,
          1.6092
        ],
        [
          0.0,
          0.0,
          0.0,
          1.0
        ]
      ]
    },
    {
      "file_path": "/media/NFS/ttao/scannet/posed_images/scene0546_00/00070.jpg",
      "transform_matrix": [
        [
          -0.998147,
          -0.02661,
          -0.054727,
          2.116119
        ],
        [
          0.049336,
          0.17263,
          -0.98375,
          4.056369
        ],
        [
          0.035625,
          -0.984627,
          -0.170997,
          1.606543
        ],
        [
          0.0,
          0.0,
          0.0,
          1.0
        ]
      ]
    },
    {
      "file_path": "/media/NFS/ttao/scannet/posed_images/scene0546_00/00071.jpg",
      "transform_matrix": [
        [
          -0.997498,
          -0.025281,
          -0.066026,
          2.110627
        ],
        [
          0.060601,
          0.175279,
          -0.982652,
          4.051556
        ],
        [
          0.036416,
          -0.984194,
          -0.173308,
          1.598943
        ],
        [
          0.0,
          0.0,
          0.0,
          1.0
        ]
      ]
    },
    {
      "file_path": "/media/NFS/ttao/scannet/posed_images/scene0546_00/00073.jpg",
      "transform_matrix": [
        [
          -0.994744,
          -0.02975,
          -0.097975,
          2.111277
        ],
        [
          0.090835,
          0.185221,
          -0.97849,
          4.034127
        ],
        [
          0.047258,
          -0.982247,
          -0.181545,
          1.595908
        ],
        [
          0.0,
          0.0,
          0.0,
          1.0
        ]
      ]
    },
    {
      "file_path": "/media/NFS/ttao/scannet/posed_images/scene0546_00/00074.jpg",
      "transform_matrix": [
        [
          -0.992551,
          -0.032151,
          -0.117513,
          2.116702
        ],
        [
          0.10944,
          0.188553,
          -0.975946,
          4.025077
        ],
        [
          0.053535,
          -0.981537,
          -0.18363,
          1.59192
        ],
        [
          0.0,
          0.0,
          0.0,
          1.0
        ]
      ]
    },
    {
      "file_path": "/media/NFS/ttao/scannet/posed_images/scene0546_00/00076.jpg",
      "transform_matrix": [
        [
          -0.984814,
          -0.023244,
          -0.172049,
          2.124824
        ],
        [
          0.163947,
          0.201538,
          -0.965662,
          3.996835
        ],
        [
          0.057121,
          -0.979205,
          -0.194667,
          1.580758
        ],
        [
          0.0,
          0.0,
          0.0,
          1.0
        ]
      ]
    },
    {
      "file_path": "/media/NFS/ttao/scannet/posed_images/scene0546_00/00077.jpg",
      "transform_matrix": [
        [
          -0.981631,
          -0.019578,
          -0.189781,
          2.13714
        ],
        [
          0.181636,
          0.208496,
          -0.961009,
          3.987708
        ],
        [
          0.058384,
          -0.977827,
          -0.20111,
          1.576425
        ],
        [
          0.0,
          0.0,
          0.0,
          1.0
        ]
      ]
    },
    {
      "file_path": "/media/NFS/ttao/scannet/posed_images/scene0546_00/00079.jpg",
      "transform_matrix": [
        [
          -0.976285,
          -0.012294,
          -0.216138,
          2.145931
        ],
        [
          0.207416,
          0.232857,
          -0.950135,
          3.968417
        ],
        [
          0.062011,
          -0.972433,
          -0.224785,
          1.571914
        ],
        [
          0.0,
          0.0,
          0.0,
          1.0
        ]
      ]
    },
    {
      "file_path": "/media/NFS/ttao/scannet/posed_images/scene0546_00/00080.jpg",
      "transform_matrix": [
        [
          -0.975397,
          -0.000592,
          -0.220453,
          2.136273
        ],
        [
          0.213581,
          0.245227,
          -0.945646,
          3.960424
        ],
        [
          0.054621,
          -0.969465,
          -0.239068,
          1.574378
        ],
        [
          0.0,
          0.0,
          0.0,
          1.0
        ]
      ]
    },
    {
      "file_path": "/media/NFS/ttao/scannet/posed_images/scene0546_00/00081.jpg",
      "transform_matrix": [
        [
          -0.972364,
          0.004823,
          -0.23342,
          2.140365
        ],
        [
          0.227044,
          0.252498,
          -0.940583,
          3.953329
        ],
        [
          0.054402,
          -0.967585,
          -0.246615,
          1.571163
        ],
        [
          0.0,
          0.0,
          0.0,
          1.0
        ]
      ]
    },
    {
      "file_path": "/media/NFS/ttao/scannet/posed_images/scene0546_00/00082.jpg",
      "transform_matrix": [
        [
          -0.969926,
          0.006717,
          -0.243306,
          2.14074
        ],
        [
          0.236579,
          0.260985,
          -0.935904,
          3.946305
        ],
        [
          0.057213,
          -0.965319,
          -0.254726,
          1.567776
        ],
        [
          0.0,
          0.0,
          0.0,
          1.0
        ]
      ]
    },
    {
      "file_path": "/media/NFS/ttao/scannet/posed_images/scene0546_00/00084.jpg",
      "transform_matrix": [
        [
          -0.962897,
          0.014476,
          -0.26948,
          2.150018
        ],
        [
          0.26276,
          0.277982,
          -0.92395,
          3.930417
        ],
        [
          0.061536,
          -0.960477,
          -0.271472,
          1.560827
        ],
        [
          0.0,
          0.0,
          0.0,
          1.0
        ]
      ]
    },
    {
      "file_path": "/media/NFS/ttao/scannet/posed_images/scene0546_00/00085.jpg",
      "transform_matrix": [
        [
          -0.959439,
          0.020347,
          -0.281182,
          2.152188
        ],
        [
          0.275128,
          0.285157,
          -0.918145,
          3.924438
        ],
        [
          0.0615,
          -0.958265,
          -0.279189,
          1.556339
        ],
        [
          0.0,
          0.0,
          0.0,
          1.0
        ]
      ]
    },
    {
      "file_path": "/media/NFS/ttao/scannet/posed_images/scene0546_00/00087.jpg",
      "transform_matrix": [
        [
          -0.950871,
          0.032304,
          -0.307898,
          2.160939
        ],
        [
          0.302966,
          0.301688,
          -0.903989,
          3.910521
        ],
        [
          0.063686,
          -0.952859,
          -0.296654,
          1.549629
        ],
        [
          0.0,
          0.0,
          0.0,
          1.0
        ]
      ]
    },
    {
      "file_path": "/media/NFS/ttao/scannet/posed_images/scene0546_00/00088.jpg",
      "transform_matrix": [
        [
          -0.946613,
          0.037961,
          -0.320128,
          2.162361
        ],
        [
          0.315914,
          0.307002,
          -0.897746,
          3.905606
        ],
        [
          0.0642,
          -0.950951,
          -0.302605,
          1.546435
        ],
        [
          0.0,
          0.0,
          0.0,
          1.0
        ]
      ]
    },
    {
      "file_path": "/media/NFS/ttao/scannet/posed_images/scene0546_00/00090.jpg",
      "transform_matrix": [
        [
          -0.93788,
          0.056116,
          -0.342392,
          2.160514
        ],
        [
          0.342013,
          0.315582,
          -0.885119,
          3.894953
        ],
        [
          0.058383,
          -0.947238,
          -0.31517,
          1.540897
        ],
        [
          0.0,
          0.0,
          0.0,
          1.0
        ]
      ]
    },
    {
      "file_path": "/media/NFS/ttao/scannet/posed_images/scene0546_00/00091.jpg",
      "transform_matrix": [
        [
          -0.935177,
          0.063869,
          -0.348376,
          2.160048
        ],
        [
          0.349713,
          0.322272,
          -0.879683,
          3.890729
        ],
        [
          0.056088,
          -0.94449,
          -0.323717,
          1.539855
        ],
        [
          0.0,
          0.0,
          0.0,
          1.0
        ]
      ]
    },
    {
      "file_path": "/media/NFS/ttao/scannet/posed_images/scene0546_00/00092.jpg",
      "transform_matrix": [
        [
          -0.932603,
          0.069065,
          -0.354235,
          2.161998
        ],
        [
          0.356609,
          0.327341,
          -0.87503,
          3.886934
        ],
        [
          0.055521,
          -0.942379,
          -0.329908,
          1.53653
        ],
        [
          0.0,
          0.0,
          0.0,
          1.0
        ]
      ]
    },
    {
      "file_path": "/media/NFS/ttao/scannet/posed_images/scene0546_00/00094.jpg",
      "transform_matrix": [
        [
          -0.928076,
          0.07952,
          -0.363801,
          2.162217
        ],
        [
          0.368341,
          0.3397,
          -0.865407,
          3.881061
        ],
        [
          0.054766,
          -0.937166,
          -0.344558,
          1.525956
        ],
        [
          0.0,
          0.0,
          0.0,
          1.0
        ]
      ]
    },
    {
      "file_path": "/media/NFS/ttao/scannet/posed_images/scene0546_00/00095.jpg",
      "transform_matrix": [
        [
          -0.923513,
          0.083096,
          -0.374458,
          2.16923
        ],
        [
          0.378564,
          0.354629,
          -0.854943,
          3.869143
        ],
        [
          0.061751,
          -0.931307,
          -0.358962,
          1.532203
        ],
        [
          0.0,
          0.0,
          0.0,
          1.0
        ]
      ]
    },
    {
      "file_path": "/media/NFS/ttao/scannet/posed_images/scene0546_00/00097.jpg",
      "transform_matrix": [
        [
          -0.916706,
          0.097073,
          -0.387592,
          2.166939
        ],
        [
          0.395124,
          0.364441,
          -0.843244,
          3.866827
        ],
        [
          0.059398,
          -0.926153,
          -0.372441,
          1.514668
        ],
        [
          0.0,
          0.0,
          0.0,
          1.0
        ]
      ]
    },
    {
      "file_path": "/media/NFS/ttao/scannet/posed_images/scene0546_00/00098.jpg",
      "transform_matrix": [
        [
          -0.912866,
          0.104226,
          -0.394732,
          2.166052
        ],
        [
          0.403949,
          0.370729,
          -0.836293,
          3.864069
        ],
        [
          0.059176,
          -0.922874,
          -0.380528,
          1.504214
        ],
        [
          0.0,
          0.0,
          0.0,
          1.0
        ]
      ]
    },
    {
      "file_path": "/media/NFS/ttao/scannet/posed_images/scene0546_00/00099.jpg",
      "transform_matrix": [
        [
          -0.909491,
          0.113197,
          -0.400015,
          2.164458
        ],
        [
          0.412258,
          0.369548,
          -0.832753,
          3.869005
        ],
        [
          0.053559,
          -0.922291,
          -0.382768,
          1.485535
        ],
        [
          0.0,
          0.0,
          0.0,
          1.0
        ]
      ]
    },
    {
      "file_path": "/media/NFS/ttao/scannet/posed_images/scene0546_00/00101.jpg",
      "transform_matrix": [
        [
          -0.901242,
          0.132901,
          -0.412431,
          2.166911
        ],
        [
          0.42959,
          0.398584,
          -0.810299,
          3.84865
        ],
        [
          0.056699,
          -0.907452,
          -0.416314,
          1.493431
        ],
        [
          0.0,
          0.0,
          0.0,
          1.0
        ]
      ]
    },
    {
      "file_path": "/media/NFS/ttao/scannet/posed_images/scene0546_00/00102.jpg",
      "transform_matrix": [
        [
          -0.897847,
          0.146459,
          -0.415235,
          2.164653
        ],
        [
          0.437388,
          0.405081,
          -0.802871,
          3.84477
        ],
        [
          0.050616,
          -0.902474,
          -0.42776,
          1.487561
        ],
        [
          0.0,
          0.0,
          0.0,
          1.0
        ]
      ]
    },
    {
      "file_path": "/media/NFS/ttao/scannet/posed_images/scene0546_00/00104.jpg",
      "transform_matrix": [
        [
          -0.889893,
          0.176048,
          -0.42083,
          2.161214
        ],
        [
          0.454725,
          0.415707,
          -0.787663,
          3.83646
        ],
        [
          0.036275,
          -0.892297,
          -0.449988,
          1.474766
        ],
        [
          0.0,
          0.0,
          0.0,
          1.0
        ]
      ]
    },
    {
      "file_path": "/media/NFS/ttao/scannet/posed_images/scene0546_00/00105.jpg",
      "transform_matrix": [
        [
          -0.885614,
          0.192601,
          -0.422602,
          2.159883
        ],
        [
          0.463398,
          0.426846,
          -0.776572,
          3.828464
        ],
        [
          0.030817,
          -0.883576,
          -0.467272,
          1.473823
        ],
        [
          0.0,
          0.0,
          0.0,
          1.0
        ]
      ]
    },
    {
      "file_path": "/media/NFS/ttao/scannet/posed_images/scene0546_00/00106.jpg",
      "transform_matrix": [
        [
          -0.879833,
          0.208176,
          -0.427266,
          2.160011
        ],
        [
          0.4747,
          0.429398,
          -0.768295,
          3.823222
        ],
        [
          0.023527,
          -0.878795,
          -0.47662,
          1.467654
        ],
        [
          0.0,
          0.0,
          0.0,
          1.0
        ]
      ]
    },
    {
      "file_path": "/media/NFS/ttao/scannet/posed_images/scene0546_00/00108.jpg",
      "transform_matrix": [
        [
          -0.869038,
          0.229465,
          -0.438314,
          2.151976
        ],
        [
          0.494359,
          0.437807,
          -0.750956,
          3.813562
        ],
        [
          0.019579,
          -0.869293,
