{
  "frames": [
    {
      "file_path": "/media/NFS/ttao/scannet/posed_images/scene0428_01/00000.jpg",
      "transform_matrix": [
        [
          0.74569,
          -0.442497,
          0.498138,
          4.55254
        ],
        [
          -0.666072,
          -0.475838,
          0.574392,
          -0.017692
        ],
        [
          -0.017134,
          -0.760115,
          -0.649563,
          1.503897
        ],
        [
          0.0,
          0.0,
          0.0,
          1.0
        ]
      ]
    },
    {
      "file_path": "/media/NFS/ttao/scannet/posed_images/scene0428_01/00002.jpg",
      "transform_matrix": [
        [
          0.745355,
          -0.444683,
          0.496692,
          4.559561
        ],
        [
          -0.666448,
          -0.477835,
          0.572295,
          -0.021873
        ],
        [
          -0.017153,
          -0.757582,
          -0.652515,
          1.500796
        ],
        [
          0.0,
          0.0,
          0.0,
          1.0
        ]
      ]
    },
    {
      "file_path": "/media/NFS/ttao/scannet/posed_images/scene0428_01/00005.jpg",
      "transform_matrix": [
        [
          0.752958,
          -0.4511,
          0.479127,
          4.560233
        ],
        [
          -0.65734,
          -0.481338,
          0.579843,
          -0.024011
        ],
        [
          -0.030946,
          -0.751547,
          -0.658953,
          1.494635
        ],
        [
          0.0,
          0.0,
          0.0,
          1.0
        ]
      ]
    },
    {
      "file_path": "/media/NFS/ttao/scannet/posed_images/scene0428_01/00007.jpg",
      "transform_matrix": [
        [
          0.762458,
          -0.448679,
          0.466203,
          4.56317
        ],
        [
          -0.646378,
          -0.495658,
          0.580103,
          -0.02286
        ],
        [
          -0.029203,
          -0.743647,
          -0.667934,
          1.487155
        ],
        [
          0.0,
          0.0,
          0.0,
          1.0
        ]
      ]
    },
    {
      "file_path": "/media/NFS/ttao/scannet/posed_images/scene0428_01/00011.jpg",
      "transform_matrix": [
        [
          0.771039,
          -0.455726,
          0.444762,
          4.559711
        ],
        [
          -0.635863,
          -0.513357,
          0.576318,
          -0.016047
        ],
        [
          -0.034322,
          -0.727171,
          -0.685598,
          1.474683
        ],
        [
          0.0,
          0.0,
          0.0,
          1.0
        ]
      ]
    },
    {
      "file_path": "/media/NFS/ttao/scannet/posed_images/scene0428_01/00014.jpg",
      "transform_matrix": [
        [
          0.78449,
          -0.451469,
          0.425149,
          4.562824
        ],
        [
          -0.618094,
          -0.513555,
          0.595165,
          -0.0048
        ],
        [
          -0.050361,
          -0.729683,
          -0.681929,
          1.467114
        ],
        [
          0.0,
          0.0,
          0.0,
          1.0
        ]
      ]
    },
    {
      "file_path": "/media/NFS/ttao/scannet/posed_images/scene0428_01/00015.jpg",
      "transform_matrix": [
        [
          0.788149,
          -0.447303,
          0.422777,
          4.565708
        ],
        [
          -0.613511,
          -0.515991,
          0.597795,
          -0.001587
        ],
        [
          -0.049247,
          -0.73053,
          -0.681103,
          1.461723
        ],
        [
          0.0,
          0.0,
          0.0,
          1.0
        ]
      ]
    },
    {
      "file_path": "/media/NFS/ttao/scannet/posed_images/scene0428_01/00017.jpg",
      "transform_matrix": [
        [
          0.791904,
          -0.445043,
          0.41812,
          4.57336
        ],
        [
          -0.609013,
          -0.525569,
          0.594038,
          0.010537
        ],
        [
          -0.044621,
          -0.725061,
          -0.687237,
          1.45632
        ],
        [
          0.0,
          0.0,
          0.0,
          1.0
        ]
      ]
    },
    {
      "file_path": "/media/NFS/ttao/scannet/posed_images/scene0428_01/00021.jpg",
      "transform_matrix": [
        [
          0.795877,
          -0.438199,
          0.417804,
          4.596134
        ],
        [
          -0.604207,
          -0.530494,
          0.594568,
          0.054136
        ],
        [
          -0.038897,
          -0.725643,
          -0.686971,
          1.453574
        ],
        [
          0.0,
          0.0,
          0.0,
          1.0
        ]
      ]
    },
    {
      "file_path": "/media/NFS/ttao/scannet/posed_images/scene0428_01/00022.jpg",
      "transform_matrix": [
        [
          0.797216,
          -0.434983,
          0.418613,
          4.604281
        ],
        [
          -0.602643,
          -0.532525,
          0.594339,
          0.064416
        ],
        [
          -0.035606,
          -0.726091,
          -0.686677,
          1.44998
        ],
        [
          0.0,
          0.0,
          0.0,
          1.0
        ]
      ]
    },
    {
      "file_path": "/media/NFS/ttao/scannet/posed_images/scene0428_01/00025.jpg",
      "transform_matrix": [
        [
          0.799506,
          -0.42695,
          0.422496,
          4.632256
        ],
        [
          -0.600292,
          -0.54342,
          0.586808,
          0.10824
        ],
        [
          -0.020945,
          -0.722778,
          -0.690763,
          1.45023
        ],
        [
          0.0,
          0.0,
          0.0,
          1.0
        ]
      ]
    },
    {
      "file_path": "/media/NFS/ttao/scannet/posed_images/scene0428_01/00028.jpg",
      "transform_matrix": [
        [
          0.793096,
          -0.421482,
          0.439718,
          4.663772
        ],
        [
          -0.609054,
          -0.540224,
          0.580699,
          0.161607
        ],
        [
          -0.007208,
          -0.728362,
          -0.685154,
          1.458579
        ],
        [
          0.0,
          0.0,
          0.0,
          1.0
        ]
      ]
    },
    {
      "file_path": "/media/NFS/ttao/scannet/posed_images/scene0428_01/00032.jpg",
      "transform_matrix": [
        [
          0.786014,
          -0.396511,
          0.4743,
          4.695701
        ],
        [
          -0.618206,
          -0.506416,
          0.601136,
          0.222339
        ],
        [
          0.001837,
          -0.765716,
          -0.643176,
          1.472466
        ],
        [
          0.0,
          0.0,
          0.0,
          1.0
        ]
      ]
    },
    {
      "file_path": "/media/NFS/ttao/scannet/posed_images/scene0428_01/00033.jpg",
      "transform_matrix": [
        [
          0.784166,
          -0.390284,
          0.482454,
          4.707093
        ],
        [
          -0.620517,
          -0.501238,
          0.603092,
          0.237484
        ],
        [
          0.006447,
          -0.772295,
          -0.635231,
          1.479073
        ],
        [
          0.0,
          0.0,
          0.0,
          1.0
        ]
      ]
    },
    {
      "file_path": "/media/NFS/ttao/scannet/posed_images/scene0428_01/00037.jpg",
      "transform_matrix": [
        [
          0.777817,
          -0.34843,
          0.523065,
          4.748252
        ],
        [
          -0.628343,
          -0.449132,
          0.635189,
          0.297657
        ],
        [
          0.013607,
          -0.822725,
          -0.568276,
          1.514732
        ],
        [
          0.0,
          0.0,
          0.0,
          1.0
        ]
      ]
    },
    {
      "file_path": "/media/NFS/ttao/scannet/posed_images/scene0428_01/00038.jpg",
      "transform_matrix": [
        [
          0.773899,
          -0.33967,
          0.534514,
          4.755865
        ],
        [
          -0.633162,
          -0.433206,
          0.641435,
          0.310112
        ],
        [
          0.013678,
          -0.83484,
          -0.550323,
          1.523038
        ],
        [
          0.0,
          0.0,
          0.0,
          1.0
        ]
      ]
    },
    {
      "file_path": "/media/NFS/ttao/scannet/posed_images/scene0428_01/00040.jpg",
      "transform_matrix": [
        [
          0.771395,
          -0.321139,
          0.54938,
          4.771463
        ],
        [
          -0.63629,
          -0.40169,
          0.65862,
          0.323554
        ],
        [
          0.009172,
          -0.857621,
          -0.5142,
          1.555168
        ],
        [
          0.0,
          0.0,
          0.0,
          1.0
        ]
      ]
    },
    {
      "file_path": "/media/NFS/ttao/scannet/posed_images/scene0428_01/00044.jpg",
      "transform_matrix": [
        [
          0.773982,
          -0.258388,
          0.578089,
          4.800648
        ],
        [
          -0.633168,
          -0.325976,
          0.702024,
          0.361365
        ],
        [
          0.007049,
          -0.909382,
          -0.415903,
          1.60539
        ],
        [
          0.0,
          0.0,
          0.0,
          1.0
        ]
      ]
    },
    {
      "file_path": "/media/NFS/ttao/scannet/posed_images/scene0428_01/00045.jpg",
      "transform_matrix": [
        [
          0.773829,
          -0.241038,
          0.585738,
          4.80636
        ],
        [
          -0.633311,
          -0.309466,
          0.70933,
          0.367838
        ],
        [
          0.010291,
          -0.919854,
          -0.392125,
          1.613177
        ],
        [
          0.0,
          0.0,
          0.0,
          1.0
        ]
      ]
    },
    {
      "file_path": "/media/NFS/ttao/scannet/posed_images/scene0428_01/00049.jpg",
      "transform_matrix": [
        [
          0.770876,
          -0.178915,
          0.611342,
          4.824047
        ],
        [
          -0.636681,
          -0.246111,
          0.730799,
          0.389841
        ],
        [
          0.019707,
          -0.952585,
          -0.303633,
          1.648811
        ],
        [
          0.0,
          0.0,
          0.0,
          1.0
        ]
      ]
    },
    {
      "file_path": "/media/NFS/ttao/scannet/posed_images/scene0428_01/00052.jpg",
      "transform_matrix": [
        [
          0.752219,
          -0.135321,
          0.644867,
          4.779493
        ],
        [
          -0.658831,
          -0.169916,
          0.732851,
          0.40603
        ],
        [
          0.010402,
          -0.976123,
          -0.216968,
          1.612792
        ],
        [
          0.0,
          0.0,
          0.0,
          1.0
        ]
      ]
    },
    {
      "file_path": "/media/NFS/ttao/scannet/posed_images/scene0428_01/00053.jpg",
      "transform_matrix": [
        [
          0.751531,
          -0.123153,
          0.6481,
          4.779858
        ],
        [
          -0.65959,
          -0.157998,
          0.734832,
          0.411973
        ],
        [
          0.011902,
          -0.97973,
          -0.19997,
          1.621956
        ],
        [
          0.0,
          0.0,
          0.0,
          1.0
        ]
      ]
    },
    {
      "file_path": "/media/NFS/ttao/scannet/posed_images/scene0428_01/00057.jpg",
      "transform_matrix": [
        [
          0.758747,
          -0.07345,
          0.647231,
          4.78888
        ],
        [
          -0.651028,
          -0.118398,
          0.749763,
          0.417904
        ],
        [
          0.021561,
          -0.990246,
          -0.137652,
          1.651567
        ],
        [
          0.0,
          0.0,
          0.0,
          1.0
        ]
      ]
    },
    {
      "file_path": "/media/NFS/ttao/scannet/posed_images/scene0428_01/00058.jpg",
      "transform_matrix": [
        [
          0.76066,
          -0.062467,
          0.646138,
          4.793891
        ],
        [
          -0.648741,
          -0.108516,
          0.753233,
          0.420046
        ],
        [
          0.023064,
          -0.99213,
          -0.123069,
          1.65249
        ],
        [
          0.0,
          0.0,
          0.0,
          1.0
        ]
      ]
    },
    {
      "file_path": "/media/NFS/ttao/scannet/posed_images/scene0428_01/00062.jpg",
      "transform_matrix": [
        [
          0.758551,
          -0.043537,
          0.650158,
          4.767927
        ],
        [
          -0.651449,
          -0.07309,
          0.755164,
          0.442257
        ],
        [
          0.014643,
          -0.996374,
          -0.083805,
          1.677458
        ],
        [
          0.0,
          0.0,
          0.0,
          1.0
        ]
      ]
    },
    {
      "file_path": "/media/NFS/ttao/scannet/posed_images/scene0428_01/00065.jpg",
      "transform_matrix": [
        [
          0.761012,
          -0.022492,
          0.648347,
          4.763168
        ],
        [
          -0.648234,
          -0.06572,
          0.7586,
          0.444963
        ],
        [
          0.025547,
          -0.997585,
          -0.064594,
          1.694297
        ],
        [
          0.0,
          0.0,
          0.0,
          1.0
        ]
      ]
    },
    {
      "file_path": "/media/NFS/ttao/scannet/posed_images/scene0428_01/00066.jpg",
      "transform_matrix": [
        [
          0.761289,
          -0.018585,
          0.648147,
          4.760584
        ],
        [
          -0.647917,
          -0.060891,
          0.759273,
          0.446764
        ],
        [
          0.025355,
          -0.997971,
          -0.058397,
          1.700407
        ],
        [
          0.0,
          0.0,
          0.0,
          1.0
        ]
      ]
    },
    {
      "file_path": "/media/NFS/ttao/scannet/posed_images/scene0428_01/00070.jpg",
      "transform_matrix": [
        [
          0.774774,
          0.000143,
          0.632238,
          4.737377
        ],
        [
          -0.631643,
          -0.043231,
          0.774053,
          0.446028
        ],
        [
          0.027443,
          -0.999065,
          -0.033404,
          1.71187
        ],
        [
          0.0,
          0.0,
          0.0,
          1.0
        ]
      ]
    },
    {
      "file_path": "/media/NFS/ttao/scannet/posed_images/scene0428_01/00071.jpg",
      "transform_matrix": [
        [
          0.777723,
          0.008249,
          0.628553,
          4.724212
        ],
        [
          -0.627771,
          -0.041364,
          0.777298,
          0.447047
        ],
        [
          0.032412,
          -0.99911,
          -0.026991,
          1.715305
        ],
        [
          0.0,
          0.0,
          0.0,
          1.0
        ]
      ]
    },
    {
      "file_path": "/media/NFS/ttao/scannet/posed_images/scene0428_01/00075.jpg",
      "transform_matrix": [
        [
          0.808436,
          0.045775,
          0.586801,
          4.703395
        ],
        [
          -0.58641,
          -0.022958,
          0.809689,
          0.427713
        ],
        [
          0.050536,
          -0.998688,
          0.008283,
          1.736249
        ],
        [
          0.0,
          0.0,
          0.0,
          1.0
        ]
      ]
    },
    {
      "file_path": "/media/NFS/ttao/scannet/posed_images/scene0428_01/00076.jpg",
      "transform_matrix": [
        [
          0.817898,
          0.052511,
          0.572962,
          4.698049
        ],
        [
          -0.572705,
          -0.021319,
          0.819484,
          0.420098
        ],
        [
          0.055247,
          -0.998393,
          0.012636,
          1.743561
        ],
        [
          0.0,
          0.0,
          0.0,
          1.0
        ]
      ]
    },
    {
      "file_path": "/media/NFS/ttao/scannet/posed_images/scene0428_01/00080.jpg",
      "transform_matrix": [
        [
          0.842555,
          0.064202,
          0.53477,
          4.658669
        ],
        [
          -0.535735,
          -0.002568,
          0.844383,
          0.400328
        ],
        [
          0.055585,
          -0.997934,
          0.032232,
          1.765607
        ],
        [
          0.0,
          0.0,
          0.0,
          1.0
        ]
      ]
    },
    {
      "file_path": "/media/NFS/ttao/scannet/posed_images/scene0428_01/00081.jpg",
      "transform_matrix": [
        [
          0.853783,
          0.063358,
          0.516759,
          4.656061
        ],
        [
          -0.517961,
          0.003021,
          0.855399,
          0.389332
        ],
        [
          0.052635,
          -0.997986,
          0.035396,
          1.771922
        ],
        [
          0.0,
          0.0,
          0.0,
          1.0
        ]
      ]
    },
    {
      "file_path": "/media/NFS/ttao/scannet/posed_images/scene0428_01/00085.jpg",
      "transform_matrix": [
        [
          0.889705,
          0.053188,
          0.453426,
          4.635895
        ],
        [
          -0.453683,
          -0.00783,
          0.891129,
          0.357031
        ],
        [
          0.050948,
          -0.998554,
          0.017164,
          1.780421
        ],
        [
          0.0,
          0.0,
          0.0,
          1.0
        ]
      ]
    },
    {
      "file_path": "/media/NFS/ttao/scannet/posed_images/scene0428_01/00086.jpg",
      "transform_matrix": [
        [
          0.896822,
          0.050351,
          0.439516,
          4.627872
        ],
        [
          -0.439634,
          -0.009303,
          0.898129,
          0.346903
        ],
        [
          0.049311,
          -0.998688,
          0.013793,
          1.781303
        ],
        [
          0.0,
          0.0,
          0.0,
          1.0
        ]
      ]
    },
    {
      "file_path": "/media/NFS/ttao/scannet/posed_images/scene0428_01/00089.jpg",
      "transform_matrix": [
        [
          0.915083,
          0.030025,
          0.402146,
          4.608555
        ],
        [
          -0.40156,
          -0.02376,
          0.915524,
          0.324647
        ],
        [
          0.037044,
          -0.999267,
          -0.009686,
          1.779904
        ],
        [
          0.0,
          0.0,
          0.0,
          1.0
        ]
      ]
    },
    {
      "file_path": "/media/NFS/ttao/scannet/posed_images/scene0428_01/00093.jpg",
      "transform_matrix": [
        [
          0.935295,
          -0.004576,
          0.353839,
          4.591667
        ],
        [
          -0.353795,
          -0.032513,
          0.934758,
          0.291364
        ],
        [
          0.007227,
          -0.999461,
          -0.032028,
          1.754987
        ],
        [
          0.0,
          0.0,
          0.0,
          1.0
        ]
      ]
    },
    {
      "file_path": "/media/NFS/ttao/scannet/posed_images/scene0428_01/00096.jpg",
      "transform_matrix": [
        [
          0.939637,
          -0.037311,
          0.340131,
          4.569392
        ],
        [
          -0.341837,
          -0.058414,
          0.937942,
          0.275073
        ],
        [
          -0.015127,
          -0.997595,
          -0.067642,
          1.754688
        ],
        [
          0.0,
          0.0,
          0.0,
          1.0
        ]
      ]
    },
    {
      "file_path": "/media/NFS/ttao/scannet/posed_images/scene0428_01/00097.jpg",
      "transform_matrix": [
        [
          0.940891,
          -0.0463,
          0.335531,
          4.569343
        ],
        [
          -0.33799,
          -0.063797,
          0.938985,
          0.266505
        ],
        [
          -0.022069,
          -0.996888,
          -0.075674,
          1.741114
        ],
        [
          0.0,
          0.0,
          0.0,
          1.0
        ]
      ]
    },
    {
      "file_path": "/media/NFS/ttao/scannet/posed_images/scene0428_01/00100.jpg",
      "transform_matrix": [
        [
          0.938157,
          -0.070805,
          0.338891,
          4.53665
        ],
        [
          -0.344932,
          -0.107184,
          0.932488,
          0.258665
        ],
        [
          -0.029701,
          -0.991715,
          -0.124978,
          1.725177
        ],
        [
          0.0,
          0.0,
          0.0,
          1.0
        ]
      ]
    },
    {
      "file_path": "/media/NFS/ttao/scannet/posed_images/scene0428_01/00102.jpg",
      "transform_matrix": [
        [
          0.93674,
          -0.082361,
          0.340197,
          4.518079
        ],
        [
          -0.348953,
          -0.143726,
          0.926053,
          0.253909
        ],
        [
          -0.027376,
          -0.986184,
          -0.163375,
          1.707926
        ],
        [
          0.0,
          0.0,
          0.0,
          1.0
        ]
      ]
    },
    {
      "file_path": "/media/NFS/ttao/scannet/posed_images/scene0428_01/00105.jpg",
      "transform_matrix": [
        [
          0.936809,
          -0.088817,
          0.338378,
          4.488252
        ],
        [
          -0.349519,
          -0.196189,
          0.916159,
          0.257652
        ],
        [
          -0.014984,
          -0.976535,
          -0.214834,
          1.69177
        ],
        [
          0.0,
          0.0,
          0.0,
          1.0
        ]
      ]
    },
    {
      "file_path": "/media/NFS/ttao/scannet/posed_images/scene0428_01/00108.jpg",
      "transform_matrix": [
        [
          0.933954,
          -0.102602,
          0.342347,
          4.463031
        ],
        [
          -0.35722,
          -0.238256,
          0.903121,
          0.267215
        ],
        [
          -0.011096,
          -0.965767,
          -0.259172,
          1.671916
        ],
        [
          0.0,
          0.0,
          0.0,
          1.0
        ]
      ]
    },
    {
      "file_path": "/media/NFS/ttao/scannet/posed_images/scene0428_01/00109.jpg",
      "transform_matrix": [
        [
          0.933076,
          -0.104276,
          0.344232,
          4.44837
        ],
        [
          -0.359584,
          -0.248418,
          0.899438,
          0.272976
        ],
        [
          -0.008276,
          -0.963024,
          -0.269289,
          1.661914
        ],
        [
          0.0,
          0.0,
          0.0,
          1.0
        ]
      ]
    },
    {
      "file_path": "/media/NFS/ttao/scannet/posed_images/scene0428_01/00112.jpg",
      "transform_matrix": [
        [
          0.925437,
          -0.120588,
          0.359199,
          4.400743
        ],
        [
          -0.378901,
          -0.294242,
          0.877415,
          0.288082
        ],
        [
          -0.000114,
          -0.948093,
          -0.317993,
          1.592331
        ],
        [
          0.0,
          0.0,
          0.0,
          1.0
        ]
      ]
    },
    {
      "file_path": "/media/NFS/ttao/scannet/posed_images/scene0428_01/00114.jpg",
      "transform_matrix": [
        [
          0.921359,
          -0.137254,
          0.363673,
          4.3686
        ],
        [
          -0.388708,
          -0.329418,
          0.860459,
          0.303327
        ],
        [
          0.001699,
          -0.934155,
          -0.356864,
          1.576292
        ],
        [
          0.0,
          0.0,
          0.0,
          1.0
        ]
      ]
    },
    {
      "file_path": "/media/NFS/ttao/scannet/posed_images/scene0428_01/00117.jpg",
      "transform_matrix": [
        [
          0.915064,
          -0.16019,
          0.370131,
          4.329871
        ],
        [
          -0.403258,
          -0.378013,
          0.83336,
          0.332505
        ],
        [
          0.006419,
          -0.911836,
          -0.410504,
          1.552495
        ],
        [
          0.0,
          0.0,
          0.0,
          1.0
        ]
      ]
    },
    {
      "file_path": "/media/NFS/ttao/scannet/posed_images/scene0428_01/00120.jpg",
      "transform_matrix": [
        [
          0.887344,
          -0.207714,
          0.411673,
          4.22766
        ],
        [
          -0.460967,
          -0.421616,
          0.780864,
          0.36404
        ],
        [
          0.011371,
          -0.882663,
          -0.469868,
          1.508802
        ],
        [
          0.0,
          0.0,
          0.0,
          1.0
        ]
      ]
    },
    {
      "file_path": "/media/NFS/ttao/scannet/posed_images/scene0428_01/00123.jpg",
      "transform_matrix": [
        [
          0.89177,
          -0.240914,
          0.383023,
          4.19552
        ],
        [
          -0.451984,
          -0.434277,
          0.779175,
          0.388867
        ],
        [
          -0.021376,
          -0.867965,
          -0.496165,
          1.492649
        ],
        [
          0.0,
          0.0,
          0.0,
          1.0
        ]
      ]
    },
    {
      "file_path": "/media/NFS/ttao/scannet/posed_images/scene0428_01/00126.jpg",
      "transform_matrix": [
        [
          0.892574,
          -0.26504,
          0.364782,
          4.155837
        ],
        [
          -0.450064,
          -0.474375,
          0.756578,
          0.426757
        ],
        [
          -0.02748,
          -0.839477,
          -0.5427,
          1.478059
        ],
        [
          0.0,
          0.0,
          0.0,
          1.0
        ]
      ]
    },
    {
      "file_path": "/media/NFS/ttao/scannet/posed_images/scene0428_01/00129.jpg",
      "transform_matrix": [
        [
          0.896509,
          -0.273646,
          0.348408,
          4.118404
        ],
        [
          -0.441979,
          -0.498439,
          0.745797,
          0.462235
        ],
        [
          -0.030424,
          -0.822603,
          -0.567802,
          1.46752
        ],
        [
          0.0,
          0.0,
          0.0,
          1.0
        ]
      ]
    },
    {
      "file_path": "/media/NFS/ttao/scannet/posed_images/scene0428_01/00131.jpg",
      "transform_matrix": [
        [
          0.897275,
          -0.268693,
          0.350289,
          4.099734
        ],
        [
          -0.441294,
          -0.523343,
          0.728952,
          0.491026
        ],
        [
          -0.012543,
          -0.808651,
          -0.588155,
          1.461704
        ],
        [
          0.0,
          0.0,
          0.0,
          1.0
        ]
      ]
    },
    {
      "file_path": "/media/NFS/ttao/scannet/posed_images/scene0428_01/00133.jpg",
      "transform_matrix": [
        [
          0.891873,
          -0.268359,
          0.364069,
          4.080092
        ],
        [
          -0.452274,
          -0.535224,
          0.713431,
          0.523456
        ],
        [
          0.003403,
          -0.800949,
          -0.598724,
          1.454149
        ],
        [
          0.0,
          0.0,
          0.0,
          1.0
        ]
      ]
    },
    {
      "file_path": "/media/NFS/ttao/scannet/posed_images/scene0428_01/00135.jpg",
      "transform_matrix": [
        [
          0.889596,
          -0.273338,
          0.365931,
          4.067635
        ],
        [
          -0.456699,
          -0.544081,
          0.703847,
          0.557633
        ],
        [
          0.006708,
          -0.79326,
          -0.608846,
          1.447718
        ],
        [
          0.0,
          0.0,
          0.0,
          1.0
        ]
      ]
    },
    {
      "file_path": "/media/NFS/ttao/scannet/posed_images/scene0428_01/00137.jpg",
      "transform_matrix": [
        [
          0.889812,
          -0.276708,
          0.362859,
          4.064506
        ],
        [
          -0.456272,
          -0.551784,
          0.698105,
          0.594433
        ],
        [
          0.007049,
          -0.786744,
          -0.617238,
          1.445738
        ],
        [
          0.0,
          0.0,
          0.0,
          1.0
        ]
      ]
    },
    {
      "file_path": "/media/NFS/ttao/scannet/posed_images/scene0428_01/00141.jpg",
      "transform_matrix": [
        [
          0.879251,
          -0.278698,
          0.386322,
          4.068134
        ],
        [
          -0.476349,
          -0.519472,
          0.709395,
          0.677567
        ],
        [
          0.002977,
          -0.80776,
          -0.589504,
          1.449343
        ],
        [
          0.0,
          0.0,
          0.0,
          1.0
        ]
      ]
    },
    {
      "file_path": "/media/NFS/ttao/scannet/posed_images/scene0428_01/00144.jpg",
      "transform_matrix": [
        [
          0.871644,
          -0.275129,
          0.405636,
          4.074953
        ],
        [
          -0.49009,
          -0.501009,
          0.713304,
          0.749463
        ],
        [
          0.006977,
          -0.820545,
          -0.571539,
          1.458864
        ],
        [
          0.0,
          0.0,
          0.0,
          1.0
        ]
      ]
    },
    {
      "file_path": "/media/NFS/ttao/scannet/posed_images/scene0428_01/00145.jpg",
      "transform_matrix": [
        [
          0.869595,
          -0.272723,
          0.411614,
          4.077852
        ],
        [
          -0.493649,
          -0.49825,
          0.712782,
          0.773537
        ],
        [
          0.010695,
          -0.823025,
          -0.567905,
          1.462343
        ],
        [
          0.0,
          0.0,
          0.0,
          1.0
        ]
      ]
    },
    {
      "file_path": "/media/NFS/ttao/scannet/posed_images/scene0428_01/00148.jpg",
      "transform_matrix": [
        [
          0.856056,
          -0.292212,
          0.426356,
          4.096683
        ],
        [
          -0.516789,
          -0.468214,
          0.716732,
          0.855884
        ],
        [
          -0.009811,
          -0.833899,
          -0.55183,
          1.498802
        ],
        [
          0.0,
          0.0,
          0.0,
          1.0
        ]
      ]
    },
    {
      "file_path": "/media/NFS/ttao/scannet/posed_images/scene0428_01/00152.jpg",
      "transform_matrix": [
        [
          0.833806,
          -0.264383,
          0.484633,
          4.098966
        ],
        [
          -0.552047,
          -0.393988,
          0.734859,
          0.937316
        ],
        [
          -0.003345,
          -0.88027,
          -0.474461,
          1.539788
        ],
        [
          0.0,
          0.0,
          0.0,
          1.0
        ]
      ]
    },
    {
      "file_path": "/media/NFS/ttao/scannet/posed_images/scene0428_01/00153.jpg",
      "transform_matrix": [
        [
          0.832292,
          -0.255449,
          0.491972,
          4.099894
        ],
        [
          -0.55433,
          -0.378915,
          0.741041,
          0.958064
        ],
        [
          -0.002883,
          -0.889477,
          -0.456971,
          1.554048
        ],
        [
          0.0,
          0.0,
          0.0,
          1.0
        ]
      ]
    },
    {
      "file_path": "/media/NFS/ttao/scannet/posed_images/scene0428_01/00155.jpg",
      "transform_matrix": [
        [
          0.832624,
          -0.234527,
          0.501731,
          4.106856
        ],
        [
          -0.553814,
          -0.344034,
          0.758242,
          0.994056
        ],
        [
          -0.005215,
          -0.909196,
          -0.416335,
          1.586707
        ],
        [
          0.0,
          0.0,
          0.0,
          1.0
        ]
      ]
    },
    {
      "file_path": "/media/NFS/ttao/scannet/posed_images/scene0428_01/00159.jpg",
      "transform_matrix": [
        [
          0.808627,
          -0.185685,
          0.55825,
          4.078404
        ],
        [
          -0.588181,
          -0.27585,
          0.76023,
          1.071772
        ],
        [
          0.01283,
          -0.943095,
          -0.332277,
          1.626771
        ],
        [
          0.0,
          0.0,
          0.0,
          1.0
        ]
      ]
    },
    {
      "file_path": "/media/NFS/ttao/scannet/posed_images/scene0428_01/00162.jpg",
      "transform_matrix": [
        [
          0.790119,
          -0.166202,
          0.58999,
          4.052474
        ],
        [
          -0.612943,
          -0.219857,
          0.758923,
          1.131687
        ],
        [
          0.003579,
          -0.96127,
          -0.275585,
          1.678266
        ],
        [
          0.0,
          0.0,
          0.0,
          1.0
        ]
      ]
    },
    {
      "file_path": "/media/NFS/ttao/scannet/posed_images/scene0428_01/00163.jpg",
      "transform_matrix": [
        [
          0.785227,
          -0.159251,
          0.598379,
          4.045993
        ],
        [
          -0.619208,
          -0.202401,
          0.758693,
          1.147516
        ],
        [
          0.00029,
          -0.966268,
          -0.25754,
          1.698685
        ],
        [
          0.0,
          0.0,
          0.0,
          1.0
        ]
      ]
    },
    {
      "file_path": "/media/NFS/ttao/scannet/posed_images/scene0428_01/00167.jpg",
      "transform_matrix": [
        [
          0.755967,
          -0.116605,
          0.644141,
          4.000541
        ],
        [
          -0.654329,
          -0.163428,
          0.738339,
          1.201971
        ],
        [
          0.019176,
          -0.97964,
          -0.199844,
          1.719649
        ],
        [
          0.0,
          0.0,
          0.0,
          1.0
        ]
      ]
    },
    {
      "file_path": "/media/NFS/ttao/scannet/posed_images/scene0428_01/00170.jpg",
      "transform_matrix": [
        [
          0.752515,
          -0.06167,
          0.655681,
          3.973188
        ],
        [
          -0.65604,
          -0.157458,
          0.738118,
          1.221665
        ],
        [
          0.057723,
          -0.985598,
          -0.158948,
          1.728866
        ],
        [
          0.0,
          0.0,
          0.0,
          1.0
        ]
      ]
    },
    {
      "file_path": "/media/NFS/ttao/scannet/posed_images/scene0428_01/00171.jpg",
      "transform_matrix": [
        [
          0.752779,
          -0.059194,
          0.655606,
          3.961693
        ],
        [
          -0.655825,
          -0.153263,
          0.739192,
          1.22902
        ],
        [
          0.056724,
          -0.986411,
          -0.154194,
          1.727897
        ],
        [
          0.0,
          0.0,
          0.0,
          1.0
        ]
      ]
    },
    {
      "file_path": "/media/NFS/ttao/scannet/posed_images/scene0428_01/00175.jpg",
      "transform_matrix": [
        [
          0.787297,
          -0.020248,
          0.616242,
          3.934106
        ],
        [
          -0.61338,
          -0.12733,
          0.779456,
          1.24278
        ],
        [
          0.062683,
          -0.991654,
          -0.112666,
          1.760395
        ],
        [
          0.0,
          0.0,
          0.0,
          1.0
        ]
      ]
    },
    {
      "file_path": "/media/NFS/ttao/scannet/posed_images/scene0428_01/00176.jpg",
      "transform_matrix": [
        [
          0.791394,
          -0.007806,
          0.611256,
          3.926784
        ],
        [
          -0.607469,
          -0.121913,
          0.784933,
          1.245526
        ],
        [
          0.068393,
          -0.99251,
          -0.101223,
          1.768671
        ],
        [
          0.0,
          0.0,
          0.0,
          1.0
        ]
      ]
    },
    {
      "file_path": "/media/NFS/ttao/scannet/posed_images/scene0428_01/00180.jpg",
      "transform_matrix": [
        [
          0.809275,
          0.047965,
          0.585468,
          3.878736
        ],
        [
          -0.581255,
          -0.078741,
          0.809903,
          1.254218
        ],
        [
          0.084947,
          -0.99574,
          -0.035843,
          1.764506
        ],
        [
          0.0,
          0.0,
          0.0,
          1.0
        ]
      ]
    },
    {
      "file_path": "/media/NFS/ttao/scannet/posed_images/scene0428_01/00182.jpg",
      "transform_matrix": [
        [
          0.828124,
          0.059824,
          0.557343,
          3.863568
        ],
        [
          -0.554133,
          -0.062587,
          0.830072,
          1.244818
        ],
        [
          0.084541,
          -0.996245,
          -0.018679,
          1.788243
        ],
        [
          0.0,
          0.0,
          0.0,
          1.0
        ]
      ]
    },
    {
      "file_path": "/media/NFS/ttao/scannet/posed_images/scene0428_01/00184.jpg",
      "transform_matrix": [
        [
          0.84158,
          0.065395,
          0.536159,
          3.842518
        ],
        [
          -0.53339,
          -0.055739,
          0.844031,
          1.236809
        ],
        [
          0.08508,
          -0.996301,
          -0.012028,
          1.805202
        ],
        [
          0.0,
          0.0,
          0.0,
          1.0
        ]
      ]
    },
    {
      "file_path": "/media/NFS/ttao/scannet/posed_images/scene0428_01/00187.jpg",
      "transform_matrix": [
        [
          0.867944,
          0.069614,
          0.491759,
          3.810097
        ],
        [
          -0.490871,
          -0.030519,
          0.870698,
          1.219773
        ],
        [
          0.075621,
          -0.997107,
          0.007683,
          1.814526
        ],
        [
          0.0,
          0.0,
          0.0,
          1.0
        ]
      ]
    },
    {
      "file_path": "/media/NFS/ttao/scannet/posed_images/scene0428_01/00188.jpg",
      "transform_matrix": [
        [
          0.878445,
          0.066723,
          0.473162,
          3.80979
        ],
        [
          -0.47266,
          -0.024134,
          0.880914,
          1.208084
        ],
        [
          0.070197,
          -0.997479,
          0.010337,
          1.822766
        ],
        [
          0.0,
          0.0,
          0.0,
          1.0
        ]
      ]
    },
    {
      "file_path": "/media/NFS/ttao/scannet/posed_images/scene0428_01/00191.jpg",
      "transform_matrix": [
        [
          0.883554,
          0.038049,
          0.466781,
          3.725622
        ],
        [
          -0.466356,
          -0.019906,
          0.884373,
          1.22163
        ],
        [
          0.042941,
          -0.999078,
          0.000156,
          1.844701
        ],
        [
          0.0,
          0.0,
          0.0,
          1.0
        ]
      ]
    },
    {
      "file_path": "/media/NFS/ttao/scannet/posed_images/scene0428_01/00194.jpg",
      "transform_matrix": [
        [
          0.896411,
          0.008298,
          0.443146,
          3.695764
        ],
        [
          -0.44219,
          -0.051503,
          0.895441,
          1.199303
        ],
        [
          0.030254,
          -0.998638,
          -0.042499,
          1.843433
        ],
        [
          0.0,
          0.0,
          0.0,
          1.0
        ]
      ]
    },
    {
      "file_path": "/media/NFS/ttao/scannet/posed_images/scene0428_01/00198.jpg",
      "transform_matrix": [
        [
          0.923173,
          -0.0305,
          0.383173,
          3.656169
        ],
        [
          -0.384323,
          -0.091239,
          0.918679,
          1.161636
        ],
        [
          0.006941,
          -0.995362,
          -0.095951,
          1.819832
        ],
