{
  "frames": [
    {
      "file_path": "/media/NFS/ttao/scannet/posed_images/scene0540_01/00000.jpg",
      "transform_matrix": [
        [
          0.985413,
          0.031779,
          -0.167186,
          2.275605
        ],
        [
          0.153531,
          -0.58981,
          0.792813,
          3.598456
        ],
        [
          -0.073413,
          -0.806916,
          -0.586086,
          1.387688
        ],
        [
          0.0,
          0.0,
          0.0,
          1.0
        ]
      ]
    },
    {
      "file_path": "/media/NFS/ttao/scannet/posed_images/scene0540_01/00003.jpg",
      "transform_matrix": [
        [
          0.991938,
          0.007649,
          -0.126492,
          2.269037
        ],
        [
          0.10512,
          -0.607117,
          0.787629,
          3.62158
        ],
        [
          -0.07077,
          -0.794576,
          -0.603026,
          1.392538
        ],
        [
          0.0,
          0.0,
          0.0,
          1.0
        ]
      ]
    },
    {
      "file_path": "/media/NFS/ttao/scannet/posed_images/scene0540_01/00008.jpg",
      "transform_matrix": [
        [
          0.994035,
          -0.037067,
          -0.102574,
          2.254824
        ],
        [
          0.062213,
          -0.579759,
          0.812409,
          3.64178
        ],
        [
          -0.089582,
          -0.813944,
          -0.573994,
          1.399329
        ],
        [
          0.0,
          0.0,
          0.0,
          1.0
        ]
      ]
    },
    {
      "file_path": "/media/NFS/ttao/scannet/posed_images/scene0540_01/00010.jpg",
      "transform_matrix": [
        [
          0.995817,
          -0.022195,
          -0.088632,
          2.241736
        ],
        [
          0.059641,
          -0.576993,
          0.814569,
          3.64709
        ],
        [
          -0.069219,
          -0.816447,
          -0.573256,
          1.39864
        ],
        [
          0.0,
          0.0,
          0.0,
          1.0
        ]
      ]
    },
    {
      "file_path": "/media/NFS/ttao/scannet/posed_images/scene0540_01/00015.jpg",
      "transform_matrix": [
        [
          0.995564,
          -0.015728,
          -0.092761,
          2.220941
        ],
        [
          0.068518,
          -0.554463,
          0.829383,
          3.66373
        ],
        [
          -0.064477,
          -0.83206,
          -0.550925,
          1.405665
        ],
        [
          0.0,
          0.0,
          0.0,
          1.0
        ]
      ]
    },
    {
      "file_path": "/media/NFS/ttao/scannet/posed_images/scene0540_01/00017.jpg",
      "transform_matrix": [
        [
          0.99437,
          -0.008574,
          -0.105618,
          2.212728
        ],
        [
          0.08371,
          -0.547572,
          0.832561,
          3.670393
        ],
        [
          -0.064971,
          -0.836714,
          -0.543772,
          1.408961
        ],
        [
          0.0,
          0.0,
          0.0,
          1.0
        ]
      ]
    },
    {
      "file_path": "/media/NFS/ttao/scannet/posed_images/scene0540_01/00023.jpg",
      "transform_matrix": [
        [
          0.99096,
          0.013163,
          -0.133509,
          2.188916
        ],
        [
          0.121559,
          -0.509116,
          0.852071,
          3.690776
        ],
        [
          -0.056756,
          -0.860597,
          -0.506114,
          1.424671
        ],
        [
          0.0,
          0.0,
          0.0,
          1.0
        ]
      ]
    },
    {
      "file_path": "/media/NFS/ttao/scannet/posed_images/scene0540_01/00026.jpg",
      "transform_matrix": [
        [
          0.990204,
          0.010336,
          -0.139244,
          2.182152
        ],
        [
          0.125499,
          -0.503012,
          0.855119,
          3.696312
        ],
        [
          -0.061203,
          -0.864217,
          -0.499382,
          1.428712
        ],
        [
          0.0,
          0.0,
          0.0,
          1.0
        ]
      ]
    },
    {
      "file_path": "/media/NFS/ttao/scannet/posed_images/scene0540_01/00027.jpg",
      "transform_matrix": [
        [
          0.990657,
          0.009803,
          -0.136025,
          2.179413
        ],
        [
          0.122304,
          -0.505138,
          0.854329,
          3.697905
        ],
        [
          -0.060336,
          -0.862983,
          -0.501617,
          1.427873
        ],
        [
          0.0,
          0.0,
          0.0,
          1.0
        ]
      ]
    },
    {
      "file_path": "/media/NFS/ttao/scannet/posed_images/scene0540_01/00030.jpg",
      "transform_matrix": [
        [
          0.992721,
          0.00675,
          -0.120249,
          2.173727
        ],
        [
          0.106625,
          -0.513529,
          0.851422,
          3.696829
        ],
        [
          -0.056004,
          -0.858046,
          -0.510511,
          1.419895
        ],
        [
          0.0,
          0.0,
          0.0,
          1.0
        ]
      ]
    },
    {
      "file_path": "/media/NFS/ttao/scannet/posed_images/scene0540_01/00035.jpg",
      "transform_matrix": [
        [
          0.995179,
          0.008231,
          -0.097733,
          2.185575
        ],
        [
          0.08639,
          -0.545361,
          0.833738,
          3.694597
        ],
        [
          -0.046437,
          -0.838161,
          -0.543442,
          1.393953
        ],
        [
          0.0,
          0.0,
          0.0,
          1.0
        ]
      ]
    },
    {
      "file_path": "/media/NFS/ttao/scannet/posed_images/scene0540_01/00037.jpg",
      "transform_matrix": [
        [
          0.994066,
          0.029567,
          -0.104684,
          2.192246
        ],
        [
          0.10372,
          -0.547701,
          0.83022,
          3.693291
        ],
        [
          -0.032788,
          -0.836152,
          -0.547517,
          1.385355
        ],
        [
          0.0,
          0.0,
          0.0,
          1.0
        ]
      ]
    },
    {
      "file_path": "/media/NFS/ttao/scannet/posed_images/scene0540_01/00041.jpg",
      "transform_matrix": [
        [
          0.988314,
          0.053788,
          -0.142626,
          2.20872
        ],
        [
          0.148334,
          -0.554857,
          0.818615,
          3.689661
        ],
        [
          -0.035106,
          -0.830205,
          -0.556351,
          1.364243
        ],
        [
          0.0,
          0.0,
          0.0,
          1.0
        ]
      ]
    },
    {
      "file_path": "/media/NFS/ttao/scannet/posed_images/scene0540_01/00047.jpg",
      "transform_matrix": [
        [
          0.974939,
          0.094086,
          -0.201598,
          2.258384
        ],
        [
          0.218288,
          -0.57948,
          0.785209,
          3.69208
        ],
        [
          -0.042945,
          -0.809537,
          -0.585496,
          1.338336
        ],
        [
          0.0,
          0.0,
          0.0,
          1.0
        ]
      ]
    },
    {
      "file_path": "/media/NFS/ttao/scannet/posed_images/scene0540_01/00050.jpg",
      "transform_matrix": [
        [
          0.963355,
          0.11312,
          -0.243211,
          2.284286
        ],
        [
          0.262575,
          -0.582926,
          0.768929,
          3.692577
        ],
        [
          -0.054792,
          -0.804612,
          -0.591267,
          1.33117
        ],
        [
          0.0,
          0.0,
          0.0,
          1.0
        ]
      ]
    },
    {
      "file_path": "/media/NFS/ttao/scannet/posed_images/scene0540_01/00051.jpg",
      "transform_matrix": [
        [
          0.95817,
          0.126733,
          -0.25661,
          2.291967
        ],
        [
          0.280988,
          -0.586886,
          0.759349,
          3.693302
        ],
        [
          -0.054366,
          -0.79969,
          -0.597947,
          1.327755
        ],
        [
          0.0,
          0.0,
          0.0,
          1.0
        ]
      ]
    },
    {
      "file_path": "/media/NFS/ttao/scannet/posed_images/scene0540_01/00055.jpg",
      "transform_matrix": [
        [
          0.927598,
          0.185446,
          -0.324302,
          2.31655
        ],
        [
          0.369279,
          -0.586506,
          0.720864,
          3.693823
        ],
        [
          -0.056524,
          -0.78843,
          -0.612522,
          1.31495
        ],
        [
          0.0,
          0.0,
          0.0,
          1.0
        ]
      ]
    },
    {
      "file_path": "/media/NFS/ttao/scannet/posed_images/scene0540_01/00058.jpg",
      "transform_matrix": [
        [
          0.899799,
          0.236365,
          -0.366734,
          2.333395
        ],
        [
          0.433194,
          -0.584184,
          0.686347,
          3.696743
        ],
        [
          -0.052012,
          -0.776441,
          -0.62804,
          1.307522
        ],
        [
          0.0,
          0.0,
          0.0,
          1.0
        ]
      ]
    },
    {
      "file_path": "/media/NFS/ttao/scannet/posed_images/scene0540_01/00063.jpg",
      "transform_matrix": [
        [
          0.853953,
          0.284006,
          -0.43601,
          2.348006
        ],
        [
          0.515885,
          -0.571623,
          0.638052,
          3.7143
        ],
        [
          -0.068023,
          -0.769797,
          -0.634654,
          1.306691
        ],
        [
          0.0,
          0.0,
          0.0,
          1.0
        ]
      ]
    },
    {
      "file_path": "/media/NFS/ttao/scannet/posed_images/scene0540_01/00065.jpg",
      "transform_matrix": [
        [
          0.832832,
          0.309641,
          -0.458816,
          2.346851
        ],
        [
          0.549621,
          -0.560879,
          0.619138,
          3.72172
        ],
        [
          -0.065629,
          -0.767813,
          -0.637303,
          1.300574
        ],
        [
          0.0,
          0.0,
          0.0,
          1.0
        ]
      ]
    },
    {
      "file_path": "/media/NFS/ttao/scannet/posed_images/scene0540_01/00071.jpg",
      "transform_matrix": [
        [
          0.737846,
          0.393335,
          -0.548518,
          2.350187
        ],
        [
          0.6713,
          -0.51226,
          0.535673,
          3.781699
        ],
        [
          -0.070285,
          -0.763464,
          -0.642015,
          1.291188
        ],
        [
          0.0,
          0.0,
          0.0,
          1.0
        ]
      ]
    },
    {
      "file_path": "/media/NFS/ttao/scannet/posed_images/scene0540_01/00072.jpg",
      "transform_matrix": [
        [
          0.722521,
          0.405517,
          -0.559928,
          2.346896
        ],
        [
          0.687932,
          -0.50213,
          0.524038,
          3.790737
        ],
        [
          -0.06865,
          -0.76382,
          -0.641767,
          1.288923
        ],
        [
          0.0,
          0.0,
          0.0,
          1.0
        ]
      ]
    },
    {
      "file_path": "/media/NFS/ttao/scannet/posed_images/scene0540_01/00078.jpg",
      "transform_matrix": [
        [
          0.627475,
          0.489988,
          -0.605134,
          2.343985
        ],
        [
          0.777529,
          -0.435744,
          0.453405,
          3.85453
        ],
        [
          -0.041521,
          -0.755009,
          -0.654398,
          1.284484
        ],
        [
          0.0,
          0.0,
          0.0,
          1.0
        ]
      ]
    },
    {
      "file_path": "/media/NFS/ttao/scannet/posed_images/scene0540_01/00079.jpg",
      "transform_matrix": [
        [
          0.615984,
          0.49966,
          -0.609019,
          2.342736
        ],
        [
          0.787107,
          -0.421824,
          0.450031,
          3.858681
        ],
        [
          -0.032037,
          -0.756574,
          -0.653122,
          1.282226
        ],
        [
          0.0,
          0.0,
          0.0,
          1.0
        ]
      ]
    },
    {
      "file_path": "/media/NFS/ttao/scannet/posed_images/scene0540_01/00085.jpg",
      "transform_matrix": [
        [
          0.539648,
          0.550379,
          -0.637074,
          2.339208
        ],
        [
          0.840989,
          -0.387434,
          0.377668,
          3.887807
        ],
        [
          -0.038964,
          -0.739579,
          -0.67194,
          1.279335
        ],
        [
          0.0,
          0.0,
          0.0,
          1.0
        ]
      ]
    },
    {
      "file_path": "/media/NFS/ttao/scannet/posed_images/scene0540_01/00088.jpg",
      "transform_matrix": [
        [
          0.48335,
          0.564753,
          -0.6689,
          2.341013
        ],
        [
          0.874712,
          -0.342453,
          0.342936,
          3.89541
        ],
        [
          -0.035392,
          -0.750853,
          -0.659521,
          1.280319
        ],
        [
          0.0,
          0.0,
          0.0,
          1.0
        ]
      ]
    },
    {
      "file_path": "/media/NFS/ttao/scannet/posed_images/scene0540_01/00091.jpg",
      "transform_matrix": [
        [
          0.398839,
          0.578976,
          -0.711136,
          2.354656
        ],
        [
          0.915839,
          -0.290853,
          0.276846,
          3.915463
        ],
        [
          -0.046549,
          -0.761702,
          -0.646253,
          1.289119
        ],
        [
          0.0,
          0.0,
          0.0,
          1.0
        ]
      ]
    },
    {
      "file_path": "/media/NFS/ttao/scannet/posed_images/scene0540_01/00093.jpg",
      "transform_matrix": [
        [
          0.345588,
          0.579082,
          -0.738399,
          2.367614
        ],
        [
          0.937256,
          -0.251625,
          0.241323,
          3.922569
        ],
        [
          -0.046054,
          -0.775467,
          -0.629707,
          1.288973
        ],
        [
          0.0,
          0.0,
          0.0,
          1.0
        ]
      ]
    },
    {
      "file_path": "/media/NFS/ttao/scannet/posed_images/scene0540_01/00097.jpg",
      "transform_matrix": [
        [
          0.265077,
          0.61912,
          -0.739205,
          2.38684
        ],
        [
          0.964073,
          -0.183889,
          0.191698,
          3.936479
        ],
        [
          -0.017248,
          -0.763462,
          -0.645622,
          1.299608
        ],
        [
          0.0,
          0.0,
          0.0,
          1.0
        ]
      ]
    },
    {
      "file_path": "/media/NFS/ttao/scannet/posed_images/scene0540_01/00100.jpg",
      "transform_matrix": [
        [
          0.211438,
          0.632906,
          -0.744798,
          2.386738
        ],
        [
          0.977377,
          -0.140995,
          0.15765,
          3.944631
        ],
        [
          -0.005235,
          -0.761282,
          -0.6484,
          1.323808
        ],
        [
          0.0,
          0.0,
          0.0,
          1.0
        ]
      ]
    },
    {
      "file_path": "/media/NFS/ttao/scannet/posed_images/scene0540_01/00106.jpg",
      "transform_matrix": [
        [
          0.089743,
          0.575195,
          -0.813079,
          2.407814
        ],
        [
          0.995288,
          -0.081877,
          0.051932,
          3.943452
        ],
        [
          -0.036702,
          -0.813909,
          -0.579833,
          1.34238
        ],
        [
          0.0,
          0.0,
          0.0,
          1.0
        ]
      ]
    },
    {
      "file_path": "/media/NFS/ttao/scannet/posed_images/scene0540_01/00107.jpg",
      "transform_matrix": [
        [
          0.071855,
          0.574944,
          -0.815032,
          2.410025
        ],
        [
          0.996671,
          -0.07295,
          0.036408,
          3.940073
        ],
        [
          -0.038523,
          -0.814934,
          -0.578272,
          1.341605
        ],
        [
          0.0,
          0.0,
          0.0,
          1.0
        ]
      ]
    },
    {
      "file_path": "/media/NFS/ttao/scannet/posed_images/scene0540_01/00110.jpg",
      "transform_matrix": [
        [
          0.012368,
          0.581985,
          -0.813106,
          2.396741
        ],
        [
          0.998742,
          -0.046705,
          -0.018238,
          3.936584
        ],
        [
          -0.04859,
          -0.811857,
          -0.58183,
          1.348816
        ],
        [
          0.0,
          0.0,
          0.0,
          1.0
        ]
      ]
    },
    {
      "file_path": "/media/NFS/ttao/scannet/posed_images/scene0540_01/00116.jpg",
      "transform_matrix": [
        [
          -0.081537,
          0.564974,
          -0.82107,
          2.365979
        ],
        [
          0.994398,
          -0.00948,
          -0.105272,
          3.911377
        ],
        [
          -0.06726,
          -0.825055,
          -0.561036,
          1.351313
        ],
        [
          0.0,
          0.0,
          0.0,
          1.0
        ]
      ]
    },
    {
      "file_path": "/media/NFS/ttao/scannet/posed_images/scene0540_01/00117.jpg",
      "transform_matrix": [
        [
          -0.091518,
          0.567329,
          -0.81839,
          2.356596
        ],
        [
          0.993831,
          0.000332,
          -0.110906,
          3.90354
        ],
        [
          -0.062648,
          -0.823492,
          -0.563859,
          1.352393
        ],
        [
          0.0,
          0.0,
          0.0,
          1.0
        ]
      ]
    },
    {
      "file_path": "/media/NFS/ttao/scannet/posed_images/scene0540_01/00122.jpg",
      "transform_matrix": [
        [
          -0.174846,
          0.555468,
          -0.812948,
          2.304373
        ],
        [
          0.983429,
          0.058333,
          -0.171654,
          3.895671
        ],
        [
          -0.047926,
          -0.829489,
          -0.556463,
          1.361084
        ],
        [
          0.0,
          0.0,
          0.0,
          1.0
        ]
      ]
    },
    {
      "file_path": "/media/NFS/ttao/scannet/posed_images/scene0540_01/00127.jpg",
      "transform_matrix": [
        [
          -0.227788,
          0.539763,
          -0.810413,
          2.254802
        ],
        [
          0.973068,
          0.095941,
          -0.209607,
          3.860697
        ],
        [
          -0.035387,
          -0.836332,
          -0.54708,
          1.372354
        ],
        [
          0.0,
          0.0,
          0.0,
          1.0
        ]
      ]
    },
    {
      "file_path": "/media/NFS/ttao/scannet/posed_images/scene0540_01/00130.jpg",
      "transform_matrix": [
        [
          -0.259046,
          0.523348,
          -0.81179,
          2.234483
        ],
        [
          0.965207,
          0.109249,
          -0.237572,
          3.849632
        ],
        [
          -0.035646,
          -0.845087,
          -0.53344,
          1.370937
        ],
        [
          0.0,
          0.0,
          0.0,
          1.0
        ]
      ]
    },
    {
      "file_path": "/media/NFS/ttao/scannet/posed_images/scene0540_01/00131.jpg",
      "transform_matrix": [
        [
          -0.26847,
          0.51958,
          -0.811148,
          2.227496
        ],
        [
          0.962592,
          0.112692,
          -0.246409,
          3.846411
        ],
        [
          -0.036619,
          -0.846957,
          -0.530398,
          1.372051
        ],
        [
          0.0,
          0.0,
          0.0,
          1.0
        ]
      ]
    },
    {
      "file_path": "/media/NFS/ttao/scannet/posed_images/scene0540_01/00134.jpg",
      "transform_matrix": [
        [
          -0.30427,
          0.513215,
          -0.802515,
          2.215487
        ],
        [
          0.951903,
          0.131922,
          -0.276545,
          3.829092
        ],
        [
          -0.036058,
          -0.84806,
          -0.528671,
          1.374833
        ],
        [
          0.0,
          0.0,
          0.0,
          1.0
        ]
      ]
    },
    {
      "file_path": "/media/NFS/ttao/scannet/posed_images/scene0540_01/00138.jpg",
      "transform_matrix": [
        [
          -0.325174,
          0.525775,
          -0.786017,
          2.204876
        ],
        [
          0.945229,
          0.155798,
          -0.286826,
          3.814806
        ],
        [
          -0.028346,
          -0.836234,
          -0.547639,
          1.376268
        ],
        [
          0.0,
          0.0,
          0.0,
          1.0
        ]
      ]
    },
    {
      "file_path": "/media/NFS/ttao/scannet/posed_images/scene0540_01/00143.jpg",
      "transform_matrix": [
        [
          -0.37149,
          0.531929,
          -0.760951,
          2.201846
        ],
        [
          0.927016,
          0.167184,
          -0.335695,
          3.812969
        ],
        [
          -0.051347,
          -0.830121,
          -0.555214,
          1.373188
        ],
        [
          0.0,
          0.0,
          0.0,
          1.0
        ]
      ]
    },
    {
      "file_path": "/media/NFS/ttao/scannet/posed_images/scene0540_01/00147.jpg",
      "transform_matrix": [
        [
          -0.433618,
          0.526436,
          -0.731328,
          2.213097
        ],
        [
          0.899898,
          0.211146,
          -0.381576,
          3.802333
        ],
        [
          -0.046458,
          -0.823579,
          -0.565295,
          1.375559
        ],
        [
          0.0,
          0.0,
          0.0,
          1.0
        ]
      ]
    },
    {
      "file_path": "/media/NFS/ttao/scannet/posed_images/scene0540_01/00150.jpg",
      "transform_matrix": [
        [
          -0.502344,
          0.509679,
          -0.698482,
          2.216562
        ],
        [
          0.864059,
          0.265584,
          -0.42763,
          3.816236
        ],
        [
          -0.032448,
          -0.818347,
          -0.573807,
          1.376315
        ],
        [
          0.0,
          0.0,
          0.0,
          1.0
        ]
      ]
    },
    {
      "file_path": "/media/NFS/ttao/scannet/posed_images/scene0540_01/00151.jpg",
      "transform_matrix": [
        [
          -0.521434,
          0.50495,
          -0.687846,
          2.213789
        ],
        [
          0.852748,
          0.279591,
          -0.441191,
          3.816345
        ],
        [
          -0.030464,
          -0.816611,
          -0.576384,
          1.382931
        ],
        [
          0.0,
          0.0,
          0.0,
          1.0
        ]
      ]
    },
    {
      "file_path": "/media/NFS/ttao/scannet/posed_images/scene0540_01/00158.jpg",
      "transform_matrix": [
        [
          -0.626391,
          0.445751,
          -0.639485,
          2.234574
        ],
        [
          0.778036,
          0.307099,
          -0.548042,
          3.816018
        ],
        [
          -0.047906,
          -0.840831,
          -0.539174,
          1.388221
        ],
        [
          0.0,
          0.0,
          0.0,
          1.0
        ]
      ]
    },
    {
      "file_path": "/media/NFS/ttao/scannet/posed_images/scene0540_01/00159.jpg",
      "transform_matrix": [
        [
          -0.638769,
          0.437016,
          -0.633238,
          2.241335
        ],
        [
          0.768087,
          0.314174,
          -0.557975,
          3.819186
        ],
        [
          -0.044897,
          -0.842799,
          -0.536352,
          1.378682
        ],
        [
          0.0,
          0.0,
          0.0,
          1.0
        ]
      ]
    },
    {
      "file_path": "/media/NFS/ttao/scannet/posed_images/scene0540_01/00162.jpg",
      "transform_matrix": [
        [
          -0.691918,
          0.446174,
          -0.567609,
          2.261373
        ],
        [
          0.719677,
          0.363537,
          -0.591529,
          3.827242
        ],
        [
          -0.057578,
          -0.817784,
          -0.572638,
          1.350033
        ],
        [
          0.0,
          0.0,
          0.0,
          1.0
        ]
      ]
    },
    {
      "file_path": "/media/NFS/ttao/scannet/posed_images/scene0540_01/00166.jpg",
      "transform_matrix": [
        [
          -0.731822,
          0.438575,
          -0.521621,
          2.2676
        ],
        [
          0.676459,
          0.374593,
          -0.634101,
          3.815037
        ],
        [
          -0.082705,
          -0.816904,
          -0.570813,
          1.358763
        ],
        [
          0.0,
          0.0,
          0.0,
          1.0
        ]
      ]
    },
    {
      "file_path": "/media/NFS/ttao/scannet/posed_images/scene0540_01/00171.jpg",
      "transform_matrix": [
        [
          -0.797312,
          0.382754,
          -0.466683,
          2.287761
        ],
        [
          0.598777,
          0.40438,
          -0.691334,
          3.787145
        ],
        [
          -0.075894,
          -0.830648,
          -0.551601,
          1.382543
        ],
        [
          0.0,
          0.0,
          0.0,
          1.0
        ]
      ]
    },
    {
      "file_path": "/media/NFS/ttao/scannet/posed_images/scene0540_01/00173.jpg",
      "transform_matrix": [
        [
          -0.808089,
          0.376793,
          -0.45279,
          2.30259
        ],
        [
          0.583535,
          0.407014,
          -0.702728,
          3.772761
        ],
        [
          -0.080492,
          -0.832086,
          -0.548775,
          1.385086
        ],
        [
          0.0,
          0.0,
          0.0,
          1.0
        ]
      ]
    },
    {
      "file_path": "/media/NFS/ttao/scannet/posed_images/scene0540_01/00178.jpg",
      "transform_matrix": [
        [
          -0.828236,
          0.346474,
          -0.440432,
          2.344511
        ],
        [
          0.555851,
          0.408239,
          -0.724134,
          3.728438
        ],
        [
          -0.071092,
          -0.844569,
          -0.530706,
          1.392768
        ],
        [
          0.0,
          0.0,
          0.0,
          1.0
        ]
      ]
    },
    {
      "file_path": "/media/NFS/ttao/scannet/posed_images/scene0540_01/00180.jpg",
      "transform_matrix": [
        [
          -0.835962,
          0.338645,
          -0.431842,
          2.355134
        ],
        [
          0.543477,
          0.401651,
          -0.737095,
          3.71648
        ],
        [
          -0.076164,
          -0.85088,
          -0.51981,
          1.392754
        ],
        [
          0.0,
          0.0,
          0.0,
          1.0
        ]
      ]
    },
    {
      "file_path": "/media/NFS/ttao/scannet/posed_images/scene0540_01/00183.jpg",
      "transform_matrix": [
        [
          -0.842398,
          0.330212,
          -0.425823,
          2.381096
        ],
        [
          0.532708,
          0.391305,
          -0.750402,
          3.683622
        ],
        [
          -0.081165,
          -0.858976,
          -0.505541,
          1.400555
        ],
        [
          0.0,
          0.0,
          0.0,
          1.0
        ]
      ]
    },
    {
      "file_path": "/media/NFS/ttao/scannet/posed_images/scene0540_01/00186.jpg",
      "transform_matrix": [
        [
          -0.845608,
          0.312896,
          -0.432485,
          2.411146
        ],
        [
          0.528728,
          0.379488,
          -0.759233,
          3.645326
        ],
        [
          -0.073438,
          -0.870681,
          -0.486335,
          1.410408
        ],
        [
          0.0,
          0.0,
          0.0,
          1.0
        ]
      ]
    },
    {
      "file_path": "/media/NFS/ttao/scannet/posed_images/scene0540_01/00190.jpg",
      "transform_matrix": [
        [
          -0.852228,
          0.291198,
          -0.434638,
          2.445509
        ],
        [
          0.517247,
          0.344328,
          -0.783514,
          3.602714
        ],
        [
          -0.0785,
          -0.892548,
          -0.444067,
          1.426598
        ],
        [
          0.0,
          0.0,
          0.0,
          1.0
        ]
      ]
    },
    {
      "file_path": "/media/NFS/ttao/scannet/posed_images/scene0540_01/00193.jpg",
      "transform_matrix": [
        [
          -0.859899,
          0.285703,
          -0.423022,
          2.468494
        ],
        [
          0.502516,
          0.328115,
          -0.799886,
          3.571932
        ],
        [
          -0.08973,
          -0.900397,
          -0.425716,
          1.448557
        ],
        [
          0.0,
          0.0,
          0.0,
          1.0
        ]
      ]
    },
    {
      "file_path": "/media/NFS/ttao/scannet/posed_images/scene0540_01/00199.jpg",
      "transform_matrix": [
        [
          -0.876947,
          0.282202,
          -0.389006,
          2.518713
        ],
        [
          0.470313,
          0.33747,
          -0.815426,
          3.525921
        ],
        [
          -0.098836,
          -0.89804,
          -0.428667,
          1.457958
        ],
        [
          0.0,
          0.0,
          0.0,
          1.0
        ]
      ]
    },
    {
      "file_path": "/media/NFS/ttao/scannet/posed_images/scene0540_01/00202.jpg",
      "transform_matrix": [
        [
          -0.888033,
          0.266431,
          -0.374716,
          2.540595
        ],
        [
          0.449409,
          0.330863,
          -0.829796,
          3.507655
        ],
        [
          -0.097104,
          -0.905287,
          -0.413553,
          1.450377
        ],
        [
          0.0,
          0.0,
          0.0,
          1.0
        ]
      ]
    },
    {
      "file_path": "/media/NFS/ttao/scannet/posed_images/scene0540_01/00203.jpg",
      "transform_matrix": [
        [
          -0.892558,
          0.254447,
          -0.372285,
          2.54503
        ],
        [
          0.44181,
          0.328238,
          -0.834903,
          3.503374
        ],
        [
          -0.090241,
          -0.909679,
          -0.405389,
          1.446562
        ],
        [
          0.0,
          0.0,
          0.0,
          1.0
        ]
      ]
    },
    {
      "file_path": "/media/NFS/ttao/scannet/posed_images/scene0540_01/00206.jpg",
      "transform_matrix": [
        [
          -0.901595,
          0.227414,
          -0.367979,
          2.555213
        ],
        [
          0.425476,
          0.312663,
          -0.849242,
          3.48647
        ],
        [
          -0.078076,
          -0.922239,
          -0.378654,
          1.451855
        ],
        [
          0.0,
          0.0,
          0.0,
          1.0
        ]
      ]
    },
    {
      "file_path": "/media/NFS/ttao/scannet/posed_images/scene0540_01/00212.jpg",
      "transform_matrix": [
        [
          -0.927623,
          0.202861,
          -0.31363,
          2.585301
        ],
        [
          0.36544,
          0.319211,
          -0.87439,
          3.455982
        ],
        [
          -0.077266,
          -0.925717,
          -0.370241,
          1.455951
        ],
        [
          0.0,
          0.0,
          0.0,
          1.0
        ]
      ]
    },
    {
      "file_path": "/media/NFS/ttao/scannet/posed_images/scene0540_01/00214.jpg",
      "transform_matrix": [
        [
          -0.936841,
          0.189842,
          -0.293752,
          2.593632
        ],
        [
          0.341568,
          0.315911,
          -0.885173,
          3.448665
        ],
        [
          -0.075243,
          -0.929602,
          -0.360802,
          1.454977
        ],
        [
          0.0,
          0.0,
          0.0,
          1.0
        ]
      ]
    },
    {
      "file_path": "/media/NFS/ttao/scannet/posed_images/scene0540_01/00220.jpg",
      "transform_matrix": [
        [
          -0.963299,
          0.160263,
          -0.215337,
          2.622627
        ],
        [
          0.258052,
          0.331989,
          -0.9073,
          3.428828
        ],
        [
          -0.073917,
          -0.929569,
          -0.361161,
          1.461299
        ],
        [
          0.0,
          0.0,
          0.0,
          1.0
        ]
      ]
    },
    {
      "file_path": "/media/NFS/ttao/scannet/posed_images/scene0540_01/00223.jpg",
      "transform_matrix": [
        [
          -0.972643,
          0.147967,
          -0.179084,
          2.629921
        ],
        [
          0.219577,
          0.333921,
          -0.916669,
          3.424271
        ],
        [
          -0.075837,
          -0.930915,
          -0.357277,
          1.454596
        ],
        [
          0.0,
          0.0,
          0.0,
          1.0
        ]
      ]
    },
    {
      "file_path": "/media/NFS/ttao/scannet/posed_images/scene0540_01/00224.jpg",
      "transform_matrix": [
        [
          -0.97571,
          0.142578,
          -0.166319,
          2.631938
        ],
        [
          0.205809,
          0.336487,
          -0.918923,
          3.422553
        ],
        [
          -0.075055,
          -0.930832,
          -0.357657,
          1.452445
        ],
        [
          0.0,
          0.0,
          0.0,
          1.0
        ]
      ]
    },
    {
      "file_path": "/media/NFS/ttao/scannet/posed_images/scene0540_01/00230.jpg",
      "transform_matrix": [
        [
          -0.989553,
          0.109033,
          -0.094321,
          2.65328
        ],
        [
          0.128018,
          0.363673,
          -0.922688,
          3.409602
        ],
        [
          -0.066302,
          -0.925124,
          -0.373832,
          1.456915
        ],
        [
          0.0,
          0.0,
          0.0,
          1.0
        ]
      ]
    },
    {
      "file_path": "/media/NFS/ttao/scannet/posed_images/scene0540_01/00232.jpg",
      "transform_matrix": [
        [
          -0.992398,
          0.102652,
          -0.067888,
          2.649964
        ],
        [
          0.102343,
          0.381984,
          -0.918484,
          3.403828
        ],
        [
          -0.068352,
          -0.91845,
          -0.389586,
          1.453979
        ],
        [
          0.0,
          0.0,
          0.0,
          1.0
        ]
      ]
    },
    {
      "file_path": "/media/NFS/ttao/scannet/posed_images/scene0540_01/00236.jpg",
      "transform_matrix": [
        [
          -0.99672,
          0.0805,
          -0.008315,
          2.660002
        ],
        [
          0.041065,
          0.414545,
          -0.909101,
          3.396434
        ],
        [
          -0.069735,
          -0.906461,
          -0.416491,
          1.443126
        ],
        [
          0.0,
          0.0,
          0.0,
          1.0
        ]
      ]
    },
    {
      "file_path": "/media/NFS/ttao/scannet/posed_images/scene0540_01/00241.jpg",
      "transform_matrix": [
        [
          -0.997967,
          0.062067,
          0.014486,
          2.676274
        ],
        [
          0.013114,
          0.422378,
          -0.906325,
          3.388977
        ],
        [
          -0.062372,
          -0.904292,
          -0.422333,
          1.433367
        ],
        [
          0.0,
          0.0,
          0.0,
          1.0
        ]
      ]
    },
    {
      "file_path": "/media/NFS/ttao/scannet/posed_images/scene0540_01/00242.jpg",
      "transform_matrix": [
        [
          -0.997968,
          0.061359,
          0.017193,
          2.675978
        ],
        [
          0.0103,
          0.421596,
          -0.906726,
          3.388317
        ],
        [
          -0.062884,
          -0.904706,
          -0.421371,
          1.430186
        ],
        [
          0.0,
          0.0,
          0.0,
          1.0
        ]
      ]
    },
    {
      "file_path": "/media/NFS/ttao/scannet/posed_images/scene0540_01/00247.jpg",
      "transform_matrix": [
        [
          -0.998066,
          0.054556,
          0.029794,
          2.674177
        ],
        [
          -0.003897,
          0.423445,
          -0.905913,
          3.377894
        ],
        [
          -0.062039,
          -0.904277,
          -0.422414,
          1.429168
        ],
        [
          0.0,
          0.0,
          0.0,
          1.0
        ]
      ]
    },
    {
      "file_path": "/media/NFS/ttao/scannet/posed_images/scene0540_01/00250.jpg",
      "transform_matrix": [
        [
          -0.998186,
          0.049803,
          0.033836,
          2.668942
        ],
        [
          -0.009016,
          0.432007,
          -0.901825,
          3.370315
        ],
        [
          -0.059531,
          -0.900494,
          -0.430775,
          1.430149
        ],
        [
          0.0,
          0.0,
          0.0,
          1.0
        ]
      ]
    },
    {
      "file_path": "/media/NFS/ttao/scannet/posed_images/scene0540_01/00253.jpg",
      "transform_matrix": [
        [
          -0.998236,
          0.042095,
          0.041872,
          2.669886
        ],
        [
          -0.019465,
          0.434245,
          -0.900585,
          3.365988
        ],
        [
          -0.056093,
          -0.899811,
          -0.43266,
          1.427239
        ],
        [
          0.0,
          0.0,
          0.0,
          1.0
        ]
      ]
    },
    {
      "file_path": "/media/NFS/ttao/scannet/posed_images/scene0540_01/00257.jpg",
      "transform_matrix": [
        [
          -0.998009,
          0.021868,
          0.059169,
          2.671522
        ],
        [
          -0.043538,
          0.439941,
          -0.896971,
          3.359266
        ],
        [
          -0.045646,
          -0.89776,
          -0.438113,
          1.423279
        ],
        [
          0.0,
          0.0,
          0.0,
          1.0
        ]
      ]
    },
    {
      "file_path": "/media/NFS/ttao/scannet/posed_images/scene0540_01/00258.jpg",
      "transform_matrix": [
        [
          -0.997987,
          0.021429,
          0.0597,
          2.671895
        ],
        [
          -0.044217,
          0.43978,
          -0.897017,
          3.356716
        ],
        [
          -0.045477,
          -0.89785,
          -0.437947,
          1.42386
        ],
        [
          0.0,
          0.0,
          0.0,
          1.0
        ]
      ]
    },
    {
      "file_path": "/media/NFS/ttao/scannet/posed_images/scene0540_01/00262.jpg",
      "transform_matrix": [
        [
          -0.996371,
          0.017337,
          0.083332,
          2.668037
        ],
        [
          -0.067037,
          0.443455,
          -0.893787,
          3.345758
        ],
        [
          -0.05245,
          -0.896129,
          -0.440683,
          1.433091
        ],
        [
          0.0,
          0.0,
          0.0,
          1.0
        ]
      ]
    },
    {
      "file_path": "/media/NFS/ttao/scannet/posed_images/scene0540_01/00268.jpg",
      "transform_matrix": [
        [
          -0.992825,
          -0.000648,
          0.119576,
          2.68437
        ],
        [
          -0.108738,
          0.420915,
          -0.900559,
          3.334397
        ],
        [
          -0.049748,
          -0.9071,
