{
  "frames": [
    {
      "file_path": "/media/NFS/ttao/scannet/posed_images/scene0423_01/00000.jpg",
      "transform_matrix": [
        [
          0.334132,
          0.386325,
          -0.859714,
          4.840925
        ],
        [
          0.942232,
          -0.1597,
          0.29444,
          1.298277
        ],
        [
          -0.023547,
          -0.908432,
          -0.417369,
          1.346905
        ],
        [
          0.0,
          0.0,
          0.0,
          1.0
        ]
      ]
    },
    {
      "file_path": "/media/NFS/ttao/scannet/posed_images/scene0423_01/00002.jpg",
      "transform_matrix": [
        [
          0.334218,
          0.394507,
          -0.855957,
          4.813469
        ],
        [
          0.942371,
          -0.154702,
          0.296657,
          1.260524
        ],
        [
          -0.015385,
          -0.905777,
          -0.423475,
          1.336084
        ],
        [
          0.0,
          0.0,
          0.0,
          1.0
        ]
      ]
    },
    {
      "file_path": "/media/NFS/ttao/scannet/posed_images/scene0423_01/00004.jpg",
      "transform_matrix": [
        [
          0.333559,
          0.407013,
          -0.85034,
          4.788939
        ],
        [
          0.942689,
          -0.152371,
          0.296853,
          1.239762
        ],
        [
          -0.008744,
          -0.900624,
          -0.434512,
          1.329472
        ],
        [
          0.0,
          0.0,
          0.0,
          1.0
        ]
      ]
    },
    {
      "file_path": "/media/NFS/ttao/scannet/posed_images/scene0423_01/00007.jpg",
      "transform_matrix": [
        [
          0.336112,
          0.420212,
          -0.842882,
          4.74798
        ],
        [
          0.941772,
          -0.15916,
          0.296198,
          1.210589
        ],
        [
          -0.009687,
          -0.893359,
          -0.449239,
          1.32418
        ],
        [
          0.0,
          0.0,
          0.0,
          1.0
        ]
      ]
    },
    {
      "file_path": "/media/NFS/ttao/scannet/posed_images/scene0423_01/00009.jpg",
      "transform_matrix": [
        [
          0.346012,
          0.429957,
          -0.833914,
          4.71859
        ],
        [
          0.938199,
          -0.165861,
          0.303766,
          1.193643
        ],
        [
          -0.007707,
          -0.887484,
          -0.460775,
          1.322808
        ],
        [
          0.0,
          0.0,
          0.0,
          1.0
        ]
      ]
    },
    {
      "file_path": "/media/NFS/ttao/scannet/posed_images/scene0423_01/00010.jpg",
      "transform_matrix": [
        [
          0.355367,
          0.431274,
          -0.829287,
          4.707516
        ],
        [
          0.934678,
          -0.172992,
          0.310564,
          1.184077
        ],
        [
          -0.009522,
          -0.885481,
          -0.464578,
          1.321008
        ],
        [
          0.0,
          0.0,
          0.0,
          1.0
        ]
      ]
    },
    {
      "file_path": "/media/NFS/ttao/scannet/posed_images/scene0423_01/00013.jpg",
      "transform_matrix": [
        [
          0.382001,
          0.435724,
          -0.814997,
          4.645936
        ],
        [
          0.923294,
          -0.218143,
          0.316135,
          1.156213
        ],
        [
          -0.040039,
          -0.873246,
          -0.485633,
          1.336233
        ],
        [
          0.0,
          0.0,
          0.0,
          1.0
        ]
      ]
    },
    {
      "file_path": "/media/NFS/ttao/scannet/posed_images/scene0423_01/00015.jpg",
      "transform_matrix": [
        [
          0.394341,
          0.42166,
          -0.816516,
          4.61167
        ],
        [
          0.917945,
          -0.222584,
          0.328381,
          1.134548
        ],
        [
          -0.043279,
          -0.87901,
          -0.474834,
          1.338449
        ],
        [
          0.0,
          0.0,
          0.0,
          1.0
        ]
      ]
    },
    {
      "file_path": "/media/NFS/ttao/scannet/posed_images/scene0423_01/00016.jpg",
      "transform_matrix": [
        [
          0.397901,
          0.4237,
          -0.813728,
          4.600677
        ],
        [
          0.916512,
          -0.223207,
          0.33194,
          1.125852
        ],
        [
          -0.040986,
          -0.877871,
          -0.47714,
          1.337296
        ],
        [
          0.0,
          0.0,
          0.0,
          1.0
        ]
      ]
    },
    {
      "file_path": "/media/NFS/ttao/scannet/posed_images/scene0423_01/00019.jpg",
      "transform_matrix": [
        [
          0.407697,
          0.442816,
          -0.798559,
          4.565712
        ],
        [
          0.912493,
          -0.229898,
          0.338383,
          1.106914
        ],
        [
          -0.033746,
          -0.866638,
          -0.497796,
          1.343509
        ],
        [
          0.0,
          0.0,
          0.0,
          1.0
        ]
      ]
    },
    {
      "file_path": "/media/NFS/ttao/scannet/posed_images/scene0423_01/00021.jpg",
      "transform_matrix": [
        [
          0.412716,
          0.435721,
          -0.799882,
          4.551867
        ],
        [
          0.910273,
          -0.228834,
          0.345021,
          1.096501
        ],
        [
          -0.032707,
          -0.870507,
          -0.491069,
          1.33767
        ],
        [
          0.0,
          0.0,
          0.0,
          1.0
        ]
      ]
    },
    {
      "file_path": "/media/NFS/ttao/scannet/posed_images/scene0423_01/00023.jpg",
      "transform_matrix": [
        [
          0.424187,
          0.434872,
          -0.794325,
          4.535354
        ],
        [
          0.905162,
          -0.230103,
          0.357401,
          1.081889
        ],
        [
          -0.027352,
          -0.870597,
          -0.491236,
          1.335732
        ],
        [
          0.0,
          0.0,
          0.0,
          1.0
        ]
      ]
    },
    {
      "file_path": "/media/NFS/ttao/scannet/posed_images/scene0423_01/00024.jpg",
      "transform_matrix": [
        [
          0.432024,
          0.43618,
          -0.789368,
          4.526504
        ],
        [
          0.901506,
          -0.233468,
          0.36439,
          1.073361
        ],
        [
          -0.025353,
          -0.869045,
          -0.494083,
          1.335655
        ],
        [
          0.0,
          0.0,
          0.0,
          1.0
        ]
      ]
    },
    {
      "file_path": "/media/NFS/ttao/scannet/posed_images/scene0423_01/00026.jpg",
      "transform_matrix": [
        [
          0.448752,
          0.438195,
          -0.778849,
          4.508354
        ],
        [
          0.893399,
          -0.240887,
          0.379225,
          1.059314
        ],
        [
          -0.02144,
          -0.866001,
          -0.499582,
          1.340469
        ],
        [
          0.0,
          0.0,
          0.0,
          1.0
        ]
      ]
    },
    {
      "file_path": "/media/NFS/ttao/scannet/posed_images/scene0423_01/00029.jpg",
      "transform_matrix": [
        [
          0.474719,
          0.423179,
          -0.771726,
          4.483954
        ],
        [
          0.880012,
          -0.243044,
          0.408056,
          1.027685
        ],
        [
          -0.014883,
          -0.87284,
          -0.48778,
          1.346965
        ],
        [
          0.0,
          0.0,
          0.0,
          1.0
        ]
      ]
    },
    {
      "file_path": "/media/NFS/ttao/scannet/posed_images/scene0423_01/00031.jpg",
      "transform_matrix": [
        [
          0.483271,
          0.408484,
          -0.774331,
          4.472137
        ],
        [
          0.87534,
          -0.240758,
          0.419304,
          1.002061
        ],
        [
          -0.015147,
          -0.880441,
          -0.473914,
          1.345271
        ],
        [
          0.0,
          0.0,
          0.0,
          1.0
        ]
      ]
    },
    {
      "file_path": "/media/NFS/ttao/scannet/posed_images/scene0423_01/00034.jpg",
      "transform_matrix": [
        [
          0.499077,
          0.401837,
          -0.767756,
          4.450995
        ],
        [
          0.866423,
          -0.247015,
          0.433929,
          0.972216
        ],
        [
          -0.015279,
          -0.881766,
          -0.47144,
          1.346561
        ],
        [
          0.0,
          0.0,
          0.0,
          1.0
        ]
      ]
    },
    {
      "file_path": "/media/NFS/ttao/scannet/posed_images/scene0423_01/00035.jpg",
      "transform_matrix": [
        [
          0.505528,
          0.403062,
          -0.762878,
          4.442131
        ],
        [
          0.862689,
          -0.250956,
          0.439077,
          0.961866
        ],
        [
          -0.014473,
          -0.880092,
          -0.474582,
          1.349056
        ],
        [
          0.0,
          0.0,
          0.0,
          1.0
        ]
      ]
    },
    {
      "file_path": "/media/NFS/ttao/scannet/posed_images/scene0423_01/00038.jpg",
      "transform_matrix": [
        [
          0.516045,
          0.395625,
          -0.759722,
          4.418593
        ],
        [
          0.856475,
          -0.250892,
          0.451114,
          0.933744
        ],
        [
          -0.012136,
          -0.883478,
          -0.468315,
          1.35907
        ],
        [
          0.0,
          0.0,
          0.0,
          1.0
        ]
      ]
    },
    {
      "file_path": "/media/NFS/ttao/scannet/posed_images/scene0423_01/00039.jpg",
      "transform_matrix": [
        [
          0.517848,
          0.39495,
          -0.758846,
          4.413438
        ],
        [
          0.855385,
          -0.25174,
          0.452707,
          0.92782
        ],
        [
          -0.012236,
          -0.883539,
          -0.468197,
          1.359893
        ],
        [
          0.0,
          0.0,
          0.0,
          1.0
        ]
      ]
    },
    {
      "file_path": "/media/NFS/ttao/scannet/posed_images/scene0423_01/00041.jpg",
      "transform_matrix": [
        [
          0.51926,
          0.393902,
          -0.758426,
          4.405431
        ],
        [
          0.854464,
          -0.25605,
          0.452029,
          0.923654
        ],
        [
          -0.01614,
          -0.882768,
          -0.469532,
          1.363616
        ],
        [
          0.0,
          0.0,
          0.0,
          1.0
        ]
      ]
    },
    {
      "file_path": "/media/NFS/ttao/scannet/posed_images/scene0423_01/00043.jpg",
      "transform_matrix": [
        [
          0.524284,
          0.391419,
          -0.756252,
          4.398847
        ],
        [
          0.851289,
          -0.262632,
          0.454238,
          0.917874
        ],
        [
          -0.020818,
          -0.881939,
          -0.470904,
          1.364838
        ],
        [
          0.0,
          0.0,
          0.0,
          1.0
        ]
      ]
    },
    {
      "file_path": "/media/NFS/ttao/scannet/posed_images/scene0423_01/00046.jpg",
      "transform_matrix": [
        [
          0.530573,
          0.386041,
          -0.754629,
          4.389749
        ],
        [
          0.847062,
          -0.274348,
          0.455214,
          0.9039
        ],
        [
          -0.0313,
          -0.880741,
          -0.472562,
          1.365451
        ],
        [
          0.0,
          0.0,
          0.0,
          1.0
        ]
      ]
    },
    {
      "file_path": "/media/NFS/ttao/scannet/posed_images/scene0423_01/00048.jpg",
      "transform_matrix": [
        [
          0.530402,
          0.3857,
          -0.754923,
          4.388584
        ],
        [
          0.847054,
          -0.277111,
          0.453553,
          0.906341
        ],
        [
          -0.034262,
          -0.880026,
          -0.473689,
          1.366
        ],
        [
          0.0,
          0.0,
          0.0,
          1.0
        ]
      ]
    },
    {
      "file_path": "/media/NFS/ttao/scannet/posed_images/scene0423_01/00050.jpg",
      "transform_matrix": [
        [
          0.530666,
          0.391244,
          -0.751879,
          4.385569
        ],
        [
          0.846962,
          -0.278686,
          0.452758,
          0.904252
        ],
        [
          -0.032399,
          -0.877076,
          -0.479258,
          1.368783
        ],
        [
          0.0,
          0.0,
          0.0,
          1.0
        ]
      ]
    },
    {
      "file_path": "/media/NFS/ttao/scannet/posed_images/scene0423_01/00051.jpg",
      "transform_matrix": [
        [
          0.530282,
          0.392099,
          -0.751704,
          4.38715
        ],
        [
          0.847212,
          -0.278695,
          0.452285,
          0.907554
        ],
        [
          -0.032156,
          -0.876691,
          -0.479978,
          1.368801
        ],
        [
          0.0,
          0.0,
          0.0,
          1.0
        ]
      ]
    },
    {
      "file_path": "/media/NFS/ttao/scannet/posed_images/scene0423_01/00053.jpg",
      "transform_matrix": [
        [
          0.529737,
          0.393302,
          -0.75146,
          4.395848
        ],
        [
          0.847482,
          -0.280934,
          0.45039,
          0.918726
        ],
        [
          -0.033971,
          -0.875437,
          -0.482137,
          1.366541
        ],
        [
          0.0,
          0.0,
          0.0,
          1.0
        ]
      ]
    },
    {
      "file_path": "/media/NFS/ttao/scannet/posed_images/scene0423_01/00055.jpg",
      "transform_matrix": [
        [
          0.5375,
          0.391892,
          -0.746669,
          4.403552
        ],
        [
          0.842468,
          -0.28801,
          0.4553,
          0.93237
        ],
        [
          -0.03662,
          -0.873768,
          -0.484962,
          1.374386
        ],
        [
          0.0,
          0.0,
          0.0,
          1.0
        ]
      ]
    },
    {
      "file_path": "/media/NFS/ttao/scannet/posed_images/scene0423_01/00058.jpg",
      "transform_matrix": [
        [
          0.540984,
          0.384973,
          -0.747751,
          4.435326
        ],
        [
          0.840281,
          -0.285013,
          0.461191,
          0.969208
        ],
        [
          -0.035572,
          -0.877817,
          -0.477673,
          1.371913
        ],
        [
          0.0,
          0.0,
          0.0,
          1.0
        ]
      ]
    },
    {
      "file_path": "/media/NFS/ttao/scannet/posed_images/scene0423_01/00059.jpg",
      "transform_matrix": [
        [
          0.542348,
          0.382738,
          -0.74791,
          4.445808
        ],
        [
          0.839432,
          -0.283748,
          0.463509,
          0.976217
        ],
        [
          -0.034815,
          -0.879204,
          -0.475173,
          1.36679
        ],
        [
          0.0,
          0.0,
          0.0,
          1.0
        ]
      ]
    },
    {
      "file_path": "/media/NFS/ttao/scannet/posed_images/scene0423_01/00061.jpg",
      "transform_matrix": [
        [
          0.530406,
          0.390077,
          -0.752669,
          4.468044
        ],
        [
          0.84712,
          -0.277956,
          0.452912,
          1.003853
        ],
        [
          -0.032539,
          -0.877827,
          -0.477871,
          1.3648
        ],
        [
          0.0,
          0.0,
          0.0,
          1.0
        ]
      ]
    },
    {
      "file_path": "/media/NFS/ttao/scannet/posed_images/scene0423_01/00064.jpg",
      "transform_matrix": [
        [
          0.501613,
          0.390646,
          -0.771868,
          4.502501
        ],
        [
          0.864346,
          -0.263388,
          0.428408,
          1.042622
        ],
        [
          -0.035945,
          -0.882056,
          -0.469772,
          1.359306
        ],
        [
          0.0,
          0.0,
          0.0,
          1.0
        ]
      ]
    },
    {
      "file_path": "/media/NFS/ttao/scannet/posed_images/scene0423_01/00065.jpg",
      "transform_matrix": [
        [
          0.491937,
          0.391218,
          -0.777783,
          4.514087
        ],
        [
          0.8698,
          -0.259858,
          0.41943,
          1.057039
        ],
        [
          -0.038024,
          -0.882849,
          -0.468116,
          1.356815
        ],
        [
          0.0,
          0.0,
          0.0,
          1.0
        ]
      ]
    },
    {
      "file_path": "/media/NFS/ttao/scannet/posed_images/scene0423_01/00067.jpg",
      "transform_matrix": [
        [
          0.480996,
          0.393954,
          -0.783226,
          4.533726
        ],
        [
          0.875879,
          -0.255117,
          0.409575,
          1.089491
        ],
        [
          -0.03846,
          -0.883015,
          -0.467766,
          1.355826
        ],
        [
          0.0,
          0.0,
          0.0,
          1.0
        ]
      ]
    },
    {
      "file_path": "/media/NFS/ttao/scannet/posed_images/scene0423_01/00071.jpg",
      "transform_matrix": [
        [
          0.489002,
          0.399685,
          -0.775325,
          4.563634
        ],
        [
          0.871819,
          -0.252914,
          0.419483,
          1.146761
        ],
        [
          -0.028429,
          -0.881071,
          -0.472129,
          1.354595
        ],
        [
          0.0,
          0.0,
          0.0,
          1.0
        ]
      ]
    },
    {
      "file_path": "/media/NFS/ttao/scannet/posed_images/scene0423_01/00072.jpg",
      "transform_matrix": [
        [
          0.488674,
          0.398981,
          -0.775894,
          4.565451
        ],
        [
          0.871931,
          -0.254488,
          0.418297,
          1.156443
        ],
        [
          -0.030562,
          -0.880937,
          -0.472246,
          1.357154
        ],
        [
          0.0,
          0.0,
          0.0,
          1.0
        ]
      ]
    },
    {
      "file_path": "/media/NFS/ttao/scannet/posed_images/scene0423_01/00075.jpg",
      "transform_matrix": [
        [
          0.478234,
          0.385715,
          -0.788996,
          4.576823
        ],
        [
          0.877276,
          -0.251722,
          0.408684,
          1.195877
        ],
        [
          -0.040972,
          -0.887615,
          -0.458761,
          1.354005
        ],
        [
          0.0,
          0.0,
          0.0,
          1.0
        ]
      ]
    },
    {
      "file_path": "/media/NFS/ttao/scannet/posed_images/scene0423_01/00076.jpg",
      "transform_matrix": [
        [
          0.475154,
          0.383944,
          -0.791717,
          4.580401
        ],
        [
          0.878747,
          -0.253149,
          0.404622,
          1.213396
        ],
        [
          -0.04507,
          -0.887977,
          -0.457675,
          1.352671
        ],
        [
          0.0,
          0.0,
          0.0,
          1.0
        ]
      ]
    },
    {
      "file_path": "/media/NFS/ttao/scannet/posed_images/scene0423_01/00079.jpg",
      "transform_matrix": [
        [
          0.471558,
          0.380042,
          -0.795739,
          4.580966
        ],
        [
          0.880768,
          -0.247357,
          0.403809,
          1.259213
        ],
        [
          -0.043367,
          -0.891282,
          -0.451372,
          1.349053
        ],
        [
          0.0,
          0.0,
          0.0,
          1.0
        ]
      ]
    },
    {
      "file_path": "/media/NFS/ttao/scannet/posed_images/scene0423_01/00080.jpg",
      "transform_matrix": [
        [
          0.46662,
          0.379221,
          -0.799035,
          4.582133
        ],
        [
          0.883564,
          -0.240466,
          0.401859,
          1.269122
        ],
        [
          -0.039747,
          -0.893514,
          -0.447273,
          1.340022
        ],
        [
          0.0,
          0.0,
          0.0,
          1.0
        ]
      ]
    },
    {
      "file_path": "/media/NFS/ttao/scannet/posed_images/scene0423_01/00082.jpg",
      "transform_matrix": [
        [
          0.448087,
          0.390511,
          -0.804188,
          4.575933
        ],
        [
          0.893549,
          -0.223877,
          0.389164,
          1.301872
        ],
        [
          -0.028066,
          -0.892962,
          -0.449257,
          1.33554
        ],
        [
          0.0,
          0.0,
          0.0,
          1.0
        ]
      ]
    },
    {
      "file_path": "/media/NFS/ttao/scannet/posed_images/scene0423_01/00084.jpg",
      "transform_matrix": [
        [
          0.419012,
          0.407646,
          -0.811328,
          4.571558
        ],
        [
          0.907761,
          -0.207728,
          0.364443,
          1.327568
        ],
        [
          -0.019972,
          -0.889198,
          -0.457086,
          1.334356
        ],
        [
          0.0,
          0.0,
          0.0,
          1.0
        ]
      ]
    },
    {
      "file_path": "/media/NFS/ttao/scannet/posed_images/scene0423_01/00087.jpg",
      "transform_matrix": [
        [
          0.323053,
          0.433707,
          -0.841151,
          4.569943
        ],
        [
          0.946299,
          -0.159701,
          0.281093,
          1.391381
        ],
        [
          -0.012421,
          -0.886789,
          -0.462009,
          1.332595
        ],
        [
          0.0,
          0.0,
          0.0,
          1.0
        ]
      ]
    },
    {
      "file_path": "/media/NFS/ttao/scannet/posed_images/scene0423_01/00089.jpg",
      "transform_matrix": [
        [
          0.300621,
          0.441623,
          -0.845338,
          4.564895
        ],
        [
          0.953708,
          -0.146895,
          0.262418,
          1.422827
        ],
        [
          -0.008286,
          -0.885094,
          -0.465339,
          1.336599
        ],
        [
          0.0,
          0.0,
          0.0,
          1.0
        ]
      ]
    },
    {
      "file_path": "/media/NFS/ttao/scannet/posed_images/scene0423_01/00090.jpg",
      "transform_matrix": [
        [
          0.297253,
          0.445526,
          -0.844481,
          4.560303
        ],
        [
          0.954767,
          -0.145929,
          0.259084,
          1.434808
        ],
        [
          -0.007806,
          -0.883296,
          -0.468751,
          1.34191
        ],
        [
          0.0,
          0.0,
          0.0,
          1.0
        ]
      ]
    },
    {
      "file_path": "/media/NFS/ttao/scannet/posed_images/scene0423_01/00092.jpg",
      "transform_matrix": [
        [
          0.285665,
          0.448174,
          -0.847074,
          4.558574
        ],
        [
          0.958302,
          -0.140288,
          0.248951,
          1.464587
        ],
        [
          -0.00726,
          -0.88287,
          -0.469562,
          1.342353
        ],
        [
          0.0,
          0.0,
          0.0,
          1.0
        ]
      ]
    },
    {
      "file_path": "/media/NFS/ttao/scannet/posed_images/scene0423_01/00094.jpg",
      "transform_matrix": [
        [
          0.269562,
          0.450431,
          -0.851145,
          4.557227
        ],
        [
          0.962951,
          -0.133346,
          0.234404,
          1.490206
        ],
        [
          -0.007914,
          -0.882797,
          -0.469688,
          1.342368
        ],
        [
          0.0,
          0.0,
          0.0,
          1.0
        ]
      ]
    },
    {
      "file_path": "/media/NFS/ttao/scannet/posed_images/scene0423_01/00096.jpg",
      "transform_matrix": [
        [
          0.256568,
          0.453998,
          -0.853263,
          4.557399
        ],
        [
          0.966499,
          -0.127141,
          0.222969,
          1.518224
        ],
        [
          -0.007257,
          -0.881885,
          -0.471409,
          1.337968
        ],
        [
          0.0,
          0.0,
          0.0,
          1.0
        ]
      ]
    },
    {
      "file_path": "/media/NFS/ttao/scannet/posed_images/scene0423_01/00098.jpg",
      "transform_matrix": [
        [
          0.234743,
          0.4606,
          -0.856004,
          4.559031
        ],
        [
          0.971977,
          -0.12256,
          0.200599,
          1.558582
        ],
        [
          -0.012516,
          -0.879106,
          -0.476463,
          1.332083
        ],
        [
          0.0,
          0.0,
          0.0,
          1.0
        ]
      ]
    },
    {
      "file_path": "/media/NFS/ttao/scannet/posed_images/scene0423_01/00100.jpg",
      "transform_matrix": [
        [
          0.218192,
          0.468307,
          -0.856201,
          4.560328
        ],
        [
          0.975733,
          -0.121206,
          0.182358,
          1.582421
        ],
        [
          -0.018377,
          -0.875213,
          -0.483389,
          1.330785
        ],
        [
          0.0,
          0.0,
          0.0,
          1.0
        ]
      ]
    },
    {
      "file_path": "/media/NFS/ttao/scannet/posed_images/scene0423_01/00104.jpg",
      "transform_matrix": [
        [
          0.159072,
          0.488131,
          -0.858151,
          4.565807
        ],
        [
          0.986995,
          -0.09903,
          0.126625,
          1.638897
        ],
        [
          -0.023173,
          -0.867134,
          -0.497536,
          1.328931
        ],
        [
          0.0,
          0.0,
          0.0,
          1.0
        ]
      ]
    },
    {
      "file_path": "/media/NFS/ttao/scannet/posed_images/scene0423_01/00105.jpg",
      "transform_matrix": [
        [
          0.142797,
          0.490278,
          -0.859788,
          4.566913
        ],
        [
          0.989457,
          -0.091931,
          0.111911,
          1.659363
        ],
        [
          -0.024174,
          -0.866704,
          -0.498237,
          1.327856
        ],
        [
          0.0,
          0.0,
          0.0,
          1.0
        ]
      ]
    },
    {
      "file_path": "/media/NFS/ttao/scannet/posed_images/scene0423_01/00108.jpg",
      "transform_matrix": [
        [
          0.120213,
          0.500285,
          -0.857475,
          4.569548
        ],
        [
          0.99246,
          -0.081382,
          0.091656,
          1.694451
        ],
        [
          -0.023929,
          -0.862028,
          -0.506296,
          1.326423
        ],
        [
          0.0,
          0.0,
          0.0,
          1.0
        ]
      ]
    },
    {
      "file_path": "/media/NFS/ttao/scannet/posed_images/scene0423_01/00110.jpg",
      "transform_matrix": [
        [
          0.108191,
          0.50501,
          -0.856305,
          4.568842
        ],
        [
          0.993838,
          -0.075819,
          0.080853,
          1.724788
        ],
        [
          -0.024093,
          -0.859777,
          -0.510101,
          1.329085
        ],
        [
          0.0,
          0.0,
          0.0,
          1.0
        ]
      ]
    },
    {
      "file_path": "/media/NFS/ttao/scannet/posed_images/scene0423_01/00111.jpg",
      "transform_matrix": [
        [
          0.104246,
          0.506184,
          -0.856102,
          4.567965
        ],
        [
          0.994245,
          -0.074428,
          0.07706,
          1.739161
        ],
        [
          -0.024712,
          -0.859208,
          -0.51103,
          1.329991
        ],
        [
          0.0,
          0.0,
          0.0,
          1.0
        ]
      ]
    },
    {
      "file_path": "/media/NFS/ttao/scannet/posed_images/scene0423_01/00113.jpg",
      "transform_matrix": [
        [
          0.101831,
          0.50756,
          -0.855578,
          4.569457
        ],
        [
          0.994416,
          -0.075875,
          0.073344,
          1.764482
        ],
        [
          -0.027691,
          -0.858269,
          -0.512452,
          1.326006
        ],
        [
          0.0,
          0.0,
          0.0,
          1.0
        ]
      ]
    },
    {
      "file_path": "/media/NFS/ttao/scannet/posed_images/scene0423_01/00115.jpg",
      "transform_matrix": [
        [
          0.105788,
          0.511902,
          -0.852505,
          4.567943
        ],
        [
          0.993934,
          -0.080354,
          0.075088,
          1.788568
        ],
        [
          -0.030065,
          -0.855277,
          -0.517298,
          1.323326
        ],
        [
          0.0,
          0.0,
          0.0,
          1.0
        ]
      ]
    },
    {
      "file_path": "/media/NFS/ttao/scannet/posed_images/scene0423_01/00117.jpg",
      "transform_matrix": [
        [
          0.122403,
          0.514998,
          -0.848407,
          4.567149
        ],
        [
          0.991991,
          -0.090325,
          0.08829,
          1.800453
        ],
        [
          -0.031163,
          -0.852419,
          -0.521929,
          1.321202
        ],
        [
          0.0,
          0.0,
          0.0,
          1.0
        ]
      ]
    },
    {
      "file_path": "/media/NFS/ttao/scannet/posed_images/scene0423_01/00119.jpg",
      "transform_matrix": [
        [
          0.139714,
          0.520535,
          -0.842332,
          4.563544
        ],
        [
          0.989604,
          -0.102712,
          0.100668,
          1.819113
        ],
        [
          -0.034117,
          -0.84764,
          -0.529474,
          1.32246
        ],
        [
          0.0,
          0.0,
          0.0,
          1.0
        ]
      ]
    },
    {
      "file_path": "/media/NFS/ttao/scannet/posed_images/scene0423_01/00122.jpg",
      "transform_matrix": [
        [
          0.177491,
          0.516427,
          -0.837735,
          4.557991
        ],
        [
          0.983527,
          -0.122702,
          0.13274,
          1.827548
        ],
        [
          -0.034242,
          -0.847495,
          -0.529698,
          1.327895
        ],
        [
          0.0,
          0.0,
          0.0,
          1.0
        ]
      ]
    },
    {
      "file_path": "/media/NFS/ttao/scannet/posed_images/scene0423_01/00124.jpg",
      "transform_matrix": [
        [
          0.19146,
          0.509678,
          -0.838792,
          4.557273
        ],
        [
          0.980742,
          -0.132939,
          0.143083,
          1.833131
        ],
        [
          -0.038582,
          -0.850033,
          -0.525315,
          1.329542
        ],
        [
          0.0,
          0.0,
          0.0,
          1.0
        ]
      ]
    },
    {
      "file_path": "/media/NFS/ttao/scannet/posed_images/scene0423_01/00125.jpg",
      "transform_matrix": [
        [
          0.1972,
          0.507191,
          -0.838969,
          4.557804
        ],
        [
          0.979508,
          -0.137671,
          0.147006,
          1.834625
        ],
        [
          -0.040941,
          -0.850767,
          -0.523947,
          1.328455
        ],
        [
          0.0,
          0.0,
          0.0,
          1.0
        ]
      ]
    },
    {
      "file_path": "/media/NFS/ttao/scannet/posed_images/scene0423_01/00127.jpg",
      "transform_matrix": [
        [
          0.212772,
          0.507816,
          -0.834776,
          4.557089
        ],
        [
          0.9762,
          -0.14719,
          0.159279,
          1.837816
        ],
        [
          -0.041987,
          -0.848798,
          -0.527047,
          1.329004
        ],
        [
          0.0,
          0.0,
          0.0,
          1.0
        ]
      ]
    },
    {
      "file_path": "/media/NFS/ttao/scannet/posed_images/scene0423_01/00130.jpg",
      "transform_matrix": [
        [
          0.239498,
          0.506306,
          -0.828429,
          4.555358
        ],
        [
          0.970076,
          -0.159868,
          0.182742,
          1.83623
        ],
        [
          -0.039915,
          -0.847406,
          -0.529444,
          1.330098
        ],
        [
          0.0,
          0.0,
          0.0,
          1.0
        ]
      ]
    },
    {
      "file_path": "/media/NFS/ttao/scannet/posed_images/scene0423_01/00131.jpg",
      "transform_matrix": [
        [
          0.24867,
          0.506306,
          -0.825722,
          4.554068
        ],
        [
          0.967849,
          -0.163204,
          0.1914,
          1.832931
        ],
        [
          -0.037854,
          -0.846769,
          -0.530612,
          1.329929
        ],
        [
          0.0,
          0.0,
          0.0,
          1.0
        ]
      ]
    },
    {
      "file_path": "/media/NFS/ttao/scannet/posed_images/scene0423_01/00133.jpg",
      "transform_matrix": [
        [
          0.273287,
          0.504947,
          -0.818744,
          4.547886
        ],
        [
          0.961421,
          -0.171134,
          0.215366,
          1.824759
        ],
        [
          -0.031367,
          -0.846015,
          -0.532236,
          1.331178
        ],
        [
          0.0,
          0.0,
          0.0,
          1.0
        ]
      ]
    },
    {
      "file_path": "/media/NFS/ttao/scannet/posed_images/scene0423_01/00135.jpg",
      "transform_matrix": [
        [
          0.298953,
          0.499892,
          -0.812856,
          4.542243
        ],
        [
          0.953954,
          -0.17839,
          0.241139,
          1.81031
        ],
        [
          -0.024461,
          -0.847517,
          -0.530205,
          1.336397
        ],
        [
          0.0,
          0.0,
          0.0,
          1.0
        ]
      ]
    },
    {
      "file_path": "/media/NFS/ttao/scannet/posed_images/scene0423_01/00138.jpg",
      "transform_matrix": [
        [
          0.347983,
          0.478114,
          -0.806421,
          4.53704
        ],
        [
          0.93739,
          -0.190672,
          0.291452,
          1.777736
        ],
        [
          -0.014415,
          -0.857351,
          -0.51453,
          1.337908
        ],
        [
          0.0,
          0.0,
          0.0,
          1.0
        ]
      ]
    },
    {
      "file_path": "/media/NFS/ttao/scannet/posed_images/scene0423_01/00141.jpg",
      "transform_matrix": [
        [
          0.418143,
          0.448517,
          -0.789929,
          4.533225
        ],
        [
          0.90838,
          -0.204825,
          0.364545,
          1.738439
        ],
        [
          0.001708,
          -0.869988,
          -0.49307,
          1.332515
        ],
        [
          0.0,
          0.0,
          0.0,
          1.0
        ]
      ]
    },
    {
      "file_path": "/media/NFS/ttao/scannet/posed_images/scene0423_01/00143.jpg",
      "transform_matrix": [
        [
          0.470442,
          0.428812,
          -0.771236,
          4.527296
        ],
        [
          0.882428,
          -0.226131,
          0.412536,
          1.705723
        ],
        [
          0.0025,
          -0.874635,
          -0.484777,
          1.32155
        ],
        [
          0.0,
          0.0,
          0.0,
          1.0
        ]
      ]
    },
    {
      "file_path": "/media/NFS/ttao/scannet/posed_images/scene0423_01/00145.jpg",
      "transform_matrix": [
        [
          0.51633,
          0.419895,
          -0.746385,
          4.518407
        ],
        [
          0.856389,
          -0.254367,
          0.449328,
          1.683577
        ],
        [
          -0.001185,
          -0.871198,
          -0.490931,
          1.317815
        ],
        [
          0.0,
          0.0,
          0.0,
          1.0
        ]
      ]
    },
    {
      "file_path": "/media/NFS/ttao/scannet/posed_images/scene0423_01/00146.jpg",
      "transform_matrix": [
        [
          0.537361,
          0.414778,
          -0.734304,
          4.5169
        ],
        [
          0.843351,
          -0.26609,
          0.466857,
          1.665813
        ],
        [
          -0.001749,
          -0.870147,
          -0.49279,
          1.314221
        ],
        [
          0.0,
          0.0,
          0.0,
          1.0
        ]
      ]
    },
    {
      "file_path": "/media/NFS/ttao/scannet/posed_images/scene0423_01/00149.jpg",
      "transform_matrix": [
        [
          0.581722,
          0.404871,
          -0.705464,
          4.508893
        ],
        [
          0.813165,
          -0.309773,
          0.492751,
          1.627699
        ],
        [
          -0.019033,
          -0.860302,
          -0.509429,
          1.310494
        ],
        [
          0.0,
          0.0,
          0.0,
          1.0
        ]
      ]
    },
    {
      "file_path": "/media/NFS/ttao/scannet/posed_images/scene0423_01/00151.jpg",
      "transform_matrix": [
        [
          0.60374,
          0.406307,
          -0.685866,
          4.50925
        ],
        [
          0.796744,
          -0.336038,
          0.502272,
          1.623934
        ],
        [
          -0.0264,
          -0.849702,
          -0.526602,
          1.319137
        ],
        [
          0.0,
          0.0,
          0.0,
          1.0
        ]
      ]
    },
    {
      "file_path": "/media/NFS/ttao/scannet/posed_images/scene0423_01/00152.jpg",
      "transform_matrix": [
        [
          0.6215,
          0.400337,
          -0.6734,
          4.511192
        ],
        [
          0.782921,
          -0.347892,
          0.515757,
          1.61367
        ],
        [
          -0.027794,
          -0.847763,
          -0.529647,
          1.320399
        ],
        [
          0.0,
          0.0,
          0.0,
          1.0
        ]
      ]
    },
    {
      "file_path": "/media/NFS/ttao/scannet/posed_images/scene0423_01/00155.jpg",
      "transform_matrix": [
        [
          0.669878,
          0.374876,
          -0.640883,
          4.509597
        ],
        [
          0.741949,
          -0.370347,
          0.558887,
          1.580832
        ],
        [
          -0.027836,
          -0.849889,
          -0.526226,
          1.323595
        ],
        [
          0.0,
          0.0,
          0.0,
          1.0
        ]
      ]
    },
    {
      "file_path": "/media/NFS/ttao/scannet/posed_images/scene0423_01/00156.jpg",
      "transform_matrix": [
        [
          0.683084,
          0.367748,
          -0.630997,
          4.512699
        ],
        [
          0.729825,
          -0.376141,
          0.570853,
          1.56956
        ],
        [
          -0.027414,
          -0.850458,
          -0.525328,
          1.320394
        ],
        [
          0.0,
          0.0,
          0.0,
          1.0
        ]
      ]
    },
    {
      "file_path": "/media/NFS/ttao/scannet/posed_images/scene0423_01/00159.jpg",
      "transform_matrix": [
        [
          0.719018,
          0.355414,
          -0.597238,
          4.517019
        ],
        [
          0.694566,
          -0.397513,
          0.599634,
          1.541521
        ],
        [
          -0.024291,
          -0.845969,
          -0.532678,
          1.316664
        ],
        [
