{
  "frames": [
    {
      "file_path": "/media/NFS/ttao/scannet/posed_images/scene0593_00/00000.jpg",
      "transform_matrix": [
        [
          -0.447061,
          -0.179242,
          0.876361,
          1.746746
        ],
        [
          -0.894503,
          0.088642,
          -0.438186,
          2.624123
        ],
        [
          0.000859,
          -0.979804,
          -0.19996,
          1.612748
        ],
        [
          0.0,
          0.0,
          0.0,
          1.0
        ]
      ]
    },
    {
      "file_path": "/media/NFS/ttao/scannet/posed_images/scene0593_00/00007.jpg",
      "transform_matrix": [
        [
          -0.450362,
          -0.147562,
          0.880568,
          1.741291
        ],
        [
          -0.892836,
          0.069854,
          -0.444931,
          2.628711
        ],
        [
          0.004143,
          -0.986583,
          -0.163208,
          1.608757
        ],
        [
          0.0,
          0.0,
          0.0,
          1.0
        ]
      ]
    },
    {
      "file_path": "/media/NFS/ttao/scannet/posed_images/scene0593_00/00018.jpg",
      "transform_matrix": [
        [
          -0.457599,
          -0.241348,
          0.855777,
          1.759503
        ],
        [
          -0.888755,
          0.095146,
          -0.4484,
          2.632793
        ],
        [
          0.026797,
          -0.965763,
          -0.258038,
          1.592705
        ],
        [
          0.0,
          0.0,
          0.0,
          1.0
        ]
      ]
    },
    {
      "file_path": "/media/NFS/ttao/scannet/posed_images/scene0593_00/00021.jpg",
      "transform_matrix": [
        [
          -0.46176,
          -0.259565,
          0.848177,
          1.758212
        ],
        [
          -0.886817,
          0.115423,
          -0.447474,
          2.635267
        ],
        [
          0.01825,
          -0.958803,
          -0.283485,
          1.55254
        ],
        [
          0.0,
          0.0,
          0.0,
          1.0
        ]
      ]
    },
    {
      "file_path": "/media/NFS/ttao/scannet/posed_images/scene0593_00/00034.jpg",
      "transform_matrix": [
        [
          -0.428611,
          -0.385538,
          0.8171,
          1.769394
        ],
        [
          -0.90306,
          0.210685,
          -0.374292,
          2.626513
        ],
        [
          -0.027847,
          -0.898317,
          -0.438466,
          1.454156
        ],
        [
          0.0,
          0.0,
          0.0,
          1.0
        ]
      ]
    },
    {
      "file_path": "/media/NFS/ttao/scannet/posed_images/scene0593_00/00039.jpg",
      "transform_matrix": [
        [
          -0.466887,
          -0.408337,
          0.784396,
          1.795151
        ],
        [
          -0.884309,
          0.219375,
          -0.412156,
          2.647045
        ],
        [
          -0.003779,
          -0.886079,
          -0.463519,
          1.436894
        ],
        [
          0.0,
          0.0,
          0.0,
          1.0
        ]
      ]
    },
    {
      "file_path": "/media/NFS/ttao/scannet/posed_images/scene0593_00/00051.jpg",
      "transform_matrix": [
        [
          -0.623282,
          -0.269084,
          0.734243,
          1.92234
        ],
        [
          -0.781904,
          0.199999,
          -0.590446,
          2.723791
        ],
        [
          0.012032,
          -0.942122,
          -0.335053,
          1.508451
        ],
        [
          0.0,
          0.0,
          0.0,
          1.0
        ]
      ]
    },
    {
      "file_path": "/media/NFS/ttao/scannet/posed_images/scene0593_00/00057.jpg",
      "transform_matrix": [
        [
          -0.696231,
          -0.256038,
          0.670601,
          1.976029
        ],
        [
          -0.717067,
          0.205383,
          -0.666057,
          2.73637
        ],
        [
          0.032806,
          -0.944596,
          -0.326591,
          1.541053
        ],
        [
          0.0,
          0.0,
          0.0,
          1.0
        ]
      ]
    },
    {
      "file_path": "/media/NFS/ttao/scannet/posed_images/scene0593_00/00064.jpg",
      "transform_matrix": [
        [
          -0.767095,
          -0.220575,
          0.602421,
          2.031683
        ],
        [
          -0.639408,
          0.1865,
          -0.745906,
          2.709237
        ],
        [
          0.052177,
          -0.957374,
          -0.284101,
          1.561874
        ],
        [
          0.0,
          0.0,
          0.0,
          1.0
        ]
      ]
    },
    {
      "file_path": "/media/NFS/ttao/scannet/posed_images/scene0593_00/00074.jpg",
      "transform_matrix": [
        [
          -0.801928,
          -0.109667,
          0.587269,
          2.093817
        ],
        [
          -0.597386,
          0.157953,
          -0.786245,
          2.646743
        ],
        [
          -0.006536,
          -0.981338,
          -0.19218,
          1.60248
        ],
        [
          0.0,
          0.0,
          0.0,
          1.0
        ]
      ]
    },
    {
      "file_path": "/media/NFS/ttao/scannet/posed_images/scene0593_00/00080.jpg",
      "transform_matrix": [
        [
          -0.815965,
          -0.094061,
          0.570398,
          2.120461
        ],
        [
          -0.577734,
          0.097472,
          -0.810385,
          2.628378
        ],
        [
          0.020628,
          -0.990784,
          -0.133876,
          1.63394
        ],
        [
          0.0,
          0.0,
          0.0,
          1.0
        ]
      ]
    },
    {
      "file_path": "/media/NFS/ttao/scannet/posed_images/scene0593_00/00083.jpg",
      "transform_matrix": [
        [
          -0.831205,
          -0.102216,
          0.546488,
          2.134749
        ],
        [
          -0.554842,
          0.090058,
          -0.827067,
          2.618783
        ],
        [
          0.035323,
          -0.990677,
          -0.13157,
          1.634686
        ],
        [
          0.0,
          0.0,
          0.0,
          1.0
        ]
      ]
    },
    {
      "file_path": "/media/NFS/ttao/scannet/posed_images/scene0593_00/00096.jpg",
      "transform_matrix": [
        [
          -0.927422,
          -0.155482,
          0.340166,
          2.250521
        ],
        [
          -0.369281,
          0.236405,
          -0.898746,
          2.605935
        ],
        [
          0.059321,
          -0.959134,
          -0.276664,
          1.529274
        ],
        [
          0.0,
          0.0,
          0.0,
          1.0
        ]
      ]
    },
    {
      "file_path": "/media/NFS/ttao/scannet/posed_images/scene0593_00/00103.jpg",
      "transform_matrix": [
        [
          -0.95265,
          -0.132851,
          0.273513,
          2.335174
        ],
        [
          -0.300825,
          0.280708,
          -0.911432,
          2.618264
        ],
        [
          0.044307,
          -0.950555,
          -0.307381,
          1.479527
        ],
        [
          0.0,
          0.0,
          0.0,
          1.0
        ]
      ]
    },
    {
      "file_path": "/media/NFS/ttao/scannet/posed_images/scene0593_00/00106.jpg",
      "transform_matrix": [
        [
          -0.961135,
          -0.119238,
          0.249001,
          2.359187
        ],
        [
          -0.274632,
          0.320732,
          -0.906481,
          2.617806
        ],
        [
          0.028224,
          -0.939635,
          -0.341014,
          1.46015
        ],
        [
          0.0,
          0.0,
          0.0,
          1.0
        ]
      ]
    },
    {
      "file_path": "/media/NFS/ttao/scannet/posed_images/scene0593_00/00119.jpg",
      "transform_matrix": [
        [
          -0.983988,
          -0.116212,
          0.135137,
          2.451547
        ],
        [
          -0.172466,
          0.42949,
          -0.88645,
          2.537148
        ],
        [
          0.044976,
          -0.895563,
          -0.442656,
          1.356672
        ],
        [
          0.0,
          0.0,
          0.0,
          1.0
        ]
      ]
    },
    {
      "file_path": "/media/NFS/ttao/scannet/posed_images/scene0593_00/00122.jpg",
      "transform_matrix": [
        [
          -0.987966,
          -0.091892,
          0.124413,
          2.46959
        ],
        [
          -0.152405,
          0.441199,
          -0.884373,
          2.50123
        ],
        [
          0.026376,
          -0.892692,
          -0.449894,
          1.343053
        ],
        [
          0.0,
          0.0,
          0.0,
          1.0
        ]
      ]
    },
    {
      "file_path": "/media/NFS/ttao/scannet/posed_images/scene0593_00/00129.jpg",
      "transform_matrix": [
        [
          -0.993816,
          -0.062184,
          0.091993,
          2.504503
        ],
        [
          -0.109914,
          0.433303,
          -0.894521,
          2.437583
        ],
        [
          0.015764,
          -0.899101,
          -0.437458,
          1.361629
        ],
        [
          0.0,
          0.0,
          0.0,
          1.0
        ]
      ]
    },
    {
      "file_path": "/media/NFS/ttao/scannet/posed_images/scene0593_00/00136.jpg",
      "transform_matrix": [
        [
          -0.999308,
          -0.032385,
          0.018301,
          2.529296
        ],
        [
          -0.030001,
          0.410778,
          -0.911241,
          2.405215
        ],
        [
          0.021993,
          -0.91116,
          -0.411466,
          1.391813
        ],
        [
          0.0,
          0.0,
          0.0,
          1.0
        ]
      ]
    },
    {
      "file_path": "/media/NFS/ttao/scannet/posed_images/scene0593_00/00145.jpg",
      "transform_matrix": [
        [
          -0.984183,
          0.052653,
          -0.169146,
          2.552386
        ],
        [
          0.176453,
          0.376089,
          -0.909627,
          2.385514
        ],
        [
          0.01572,
          -0.925086,
          -0.379431,
          1.42691
        ],
        [
          0.0,
          0.0,
          0.0,
          1.0
        ]
      ]
    },
    {
      "file_path": "/media/NFS/ttao/scannet/posed_images/scene0593_00/00154.jpg",
      "transform_matrix": [
        [
          -0.947184,
          0.087672,
          -0.308472,
          2.57391
        ],
        [
          0.319692,
          0.333926,
          -0.88673,
          2.392554
        ],
        [
          0.025266,
          -0.938513,
          -0.344318,
          1.433258
        ],
        [
          0.0,
          0.0,
          0.0,
          1.0
        ]
      ]
    },
    {
      "file_path": "/media/NFS/ttao/scannet/posed_images/scene0593_00/00158.jpg",
      "transform_matrix": [
        [
          -0.935331,
          0.115107,
          -0.334524,
          2.574167
        ],
        [
          0.353587,
          0.334945,
          -0.873378,
          2.397008
        ],
        [
          0.011515,
          -0.935181,
          -0.353985,
          1.43419
        ],
        [
          0.0,
          0.0,
          0.0,
          1.0
        ]
      ]
    },
    {
      "file_path": "/media/NFS/ttao/scannet/posed_images/scene0593_00/00168.jpg",
      "transform_matrix": [
        [
          -0.912527,
          0.062743,
          -0.404176,
          2.558688
        ],
        [
          0.402166,
          0.317739,
          -0.858664,
          2.400995
        ],
        [
          0.074548,
          -0.9461,
          -0.315179,
          1.452916
        ],
        [
          0.0,
          0.0,
          0.0,
          1.0
        ]
      ]
    },
    {
      "file_path": "/media/NFS/ttao/scannet/posed_images/scene0593_00/00179.jpg",
      "transform_matrix": [
        [
          -0.949862,
          0.047585,
          -0.309027,
          2.531645
        ],
        [
          0.311418,
          0.232292,
          -0.921444,
          2.42095
        ],
        [
          0.027937,
          -0.971481,
          -0.235465,
          1.509831
        ],
        [
          0.0,
          0.0,
          0.0,
          1.0
        ]
      ]
    },
    {
      "file_path": "/media/NFS/ttao/scannet/posed_images/scene0593_00/00186.jpg",
      "transform_matrix": [
        [
          -0.942179,
          0.037725,
          -0.332978,
          2.528202
        ],
        [
          0.333341,
          0.207426,
          -0.919706,
          2.447746
        ],
        [
          0.034373,
          -0.977523,
          -0.208008,
          1.513809
        ],
        [
          0.0,
          0.0,
          0.0,
          1.0
        ]
      ]
    },
    {
      "file_path": "/media/NFS/ttao/scannet/posed_images/scene0593_00/00193.jpg",
      "transform_matrix": [
        [
          -0.942427,
          0.05028,
          -0.330611,
          2.523524
        ],
        [
          0.333807,
          0.200917,
          -0.920981,
          2.462535
        ],
        [
          0.020119,
          -0.978317,
          -0.206133,
          1.508624
        ],
        [
          0.0,
          0.0,
          0.0,
          1.0
        ]
      ]
    },
    {
      "file_path": "/media/NFS/ttao/scannet/posed_images/scene0593_00/00200.jpg",
      "transform_matrix": [
        [
          -0.93951,
          0.052277,
          -0.338509,
          2.522616
        ],
        [
          0.341937,
          0.200866,
          -0.918004,
          2.469461
        ],
        [
          0.020005,
          -0.978223,
          -0.206591,
          1.515402
        ],
        [
          0.0,
          0.0,
          0.0,
          1.0
        ]
      ]
    },
    {
      "file_path": "/media/NFS/ttao/scannet/posed_images/scene0593_00/00207.jpg",
      "transform_matrix": [
        [
          -0.928867,
          0.05614,
          -0.366135,
          2.525916
        ],
        [
          0.369961,
          0.189453,
          -0.909525,
          2.476188
        ],
        [
          0.018304,
          -0.980284,
          -0.196746,
          1.515983
        ],
        [
          0.0,
          0.0,
          0.0,
          1.0
        ]
      ]
    },
    {
      "file_path": "/media/NFS/ttao/scannet/posed_images/scene0593_00/00214.jpg",
      "transform_matrix": [
        [
          -0.906426,
          0.068571,
          -0.416762,
          2.522213
        ],
        [
          0.422047,
          0.18532,
          -0.88743,
          2.478329
        ],
        [
          0.016382,
          -0.980283,
          -0.19692,
          1.509982
        ],
        [
          0.0,
          0.0,
          0.0,
          1.0
        ]
      ]
    },
    {
      "file_path": "/media/NFS/ttao/scannet/posed_images/scene0593_00/00223.jpg",
      "transform_matrix": [
        [
          -0.875868,
          0.102717,
          -0.471492,
          2.47683
        ],
        [
          0.4823,
          0.217868,
          -0.848481,
          2.472462
        ],
        [
          0.015569,
          -0.970558,
          -0.240364,
          1.484541
        ],
        [
          0.0,
          0.0,
          0.0,
          1.0
        ]
      ]
    },
    {
      "file_path": "/media/NFS/ttao/scannet/posed_images/scene0593_00/00234.jpg",
      "transform_matrix": [
        [
          -0.862985,
          0.134688,
          -0.486945,
          2.383528
        ],
        [
          0.503615,
          0.306318,
          -0.8078,
          2.447553
        ],
        [
          0.040359,
          -0.942353,
          -0.332179,
          1.420894
        ],
        [
          0.0,
          0.0,
          0.0,
          1.0
        ]
      ]
    },
    {
      "file_path": "/media/NFS/ttao/scannet/posed_images/scene0593_00/00241.jpg",
      "transform_matrix": [
        [
          -0.893787,
          0.144736,
          -0.424495,
          2.304182
        ],
        [
          0.447809,
          0.340223,
          -0.826871,
          2.449812
        ],
        [
          0.024745,
          -0.92914,
          -0.368901,
          1.38143
        ],
        [
          0.0,
          0.0,
          0.0,
          1.0
        ]
      ]
    },
    {
      "file_path": "/media/NFS/ttao/scannet/posed_images/scene0593_00/00243.jpg",
      "transform_matrix": [
        [
          -0.896909,
          0.157849,
          -0.413083,
          2.282721
        ],
        [
          0.442184,
          0.33119,
          -0.833539,
          2.449905
        ],
        [
          0.005236,
          -0.930267,
          -0.366846,
          1.376591
        ],
        [
          0.0,
          0.0,
          0.0,
          1.0
        ]
      ]
    },
    {
      "file_path": "/media/NFS/ttao/scannet/posed_images/scene0593_00/00253.jpg",
      "transform_matrix": [
        [
          -0.865371,
          0.221174,
          -0.449684,
          2.204653
        ],
        [
          0.50067,
          0.343065,
          -0.794755,
          2.396555
        ],
        [
          -0.021508,
          -0.912901,
          -0.407614,
          1.342457
        ],
        [
          0.0,
          0.0,
          0.0,
          1.0
        ]
      ]
    },
    {
      "file_path": "/media/NFS/ttao/scannet/posed_images/scene0593_00/00264.jpg",
      "transform_matrix": [
        [
          -0.822248,
          0.193095,
          -0.535372,
          2.129957
        ],
        [
          0.567938,
          0.339225,
          -0.749915,
          2.263376
        ],
        [
          0.036807,
          -0.920674,
          -0.388593,
          1.352193
        ],
        [
          0.0,
          0.0,
          0.0,
          1.0
        ]
      ]
    },
    {
      "file_path": "/media/NFS/ttao/scannet/posed_images/scene0593_00/00271.jpg",
      "transform_matrix": [
        [
          -0.781312,
          0.196707,
          -0.592332,
          2.083618
        ],
        [
          0.62174,
          0.328453,
          -0.711026,
          2.190522
        ],
        [
          0.05469,
          -0.92381,
          -0.378925,
          1.36249
        ],
        [
          0.0,
          0.0,
          0.0,
          1.0
        ]
      ]
    },
    {
      "file_path": "/media/NFS/ttao/scannet/posed_images/scene0593_00/00273.jpg",
      "transform_matrix": [
        [
          -0.777439,
          0.200715,
          -0.596072,
          2.075244
        ],
        [
          0.626657,
          0.32819,
          -0.706819,
          2.173483
        ],
        [
          0.053756,
          -0.923041,
          -0.380927,
          1.359234
        ],
        [
          0.0,
          0.0,
          0.0,
          1.0
        ]
      ]
    },
    {
      "file_path": "/media/NFS/ttao/scannet/posed_images/scene0593_00/00285.jpg",
      "transform_matrix": [
        [
          -0.73901,
          0.246199,
          -0.627097,
          1.965126
        ],
        [
          0.672658,
          0.321279,
          -0.666567,
          2.113415
        ],
        [
          0.037364,
          -0.914421,
          -0.403036,
          1.36613
        ],
        [
          0.0,
          0.0,
          0.0,
          1.0
        ]
      ]
    },
    {
      "file_path": "/media/NFS/ttao/scannet/posed_images/scene0593_00/00292.jpg",
      "transform_matrix": [
        [
          -0.684786,
          0.276777,
          -0.674138,
          1.880173
        ],
        [
          0.727933,
          0.303433,
          -0.614852,
          2.095765
        ],
        [
          0.034379,
          -0.911769,
          -0.409262,
          1.36748
        ],
        [
          0.0,
          0.0,
          0.0,
          1.0
        ]
      ]
    },
    {
      "file_path": "/media/NFS/ttao/scannet/posed_images/scene0593_00/00296.jpg",
      "transform_matrix": [
        [
          -0.642011,
          0.291866,
          -0.708968,
          1.844523
        ],
        [
          0.766077,
          0.281326,
          -0.577911,
          2.086368
        ],
        [
          0.030779,
          -0.91415,
          -0.404207,
          1.372471
        ],
        [
          0.0,
          0.0,
          0.0,
          1.0
        ]
      ]
    },
    {
      "file_path": "/media/NFS/ttao/scannet/posed_images/scene0593_00/00310.jpg",
      "transform_matrix": [
        [
          -0.404401,
          0.417512,
          -0.813722,
          1.818865
        ],
        [
          0.914402,
          0.166937,
          -0.368782,
          2.031929
        ],
        [
          -0.018131,
          -0.893205,
          -0.449284,
          1.397224
        ],
        [
          0.0,
          0.0,
          0.0,
          1.0
        ]
      ]
    },
    {
      "file_path": "/media/NFS/ttao/scannet/posed_images/scene0593_00/00317.jpg",
      "transform_matrix": [
        [
          -0.2724,
          0.456597,
          -0.846946,
          1.852501
        ],
        [
          0.961493,
          0.09583,
          -0.257579,
          1.976815
        ],
        [
          -0.036447,
          -0.884498,
          -0.465119,
          1.383727
        ],
        [
          0.0,
          0.0,
          0.0,
          1.0
        ]
      ]
    },
    {
      "file_path": "/media/NFS/ttao/scannet/posed_images/scene0593_00/00322.jpg",
      "transform_matrix": [
        [
          -0.175149,
          0.463306,
          -0.868718,
          1.87618
        ],
        [
          0.983726,
          0.04644,
          -0.17357,
          1.94843
        ],
        [
          -0.040073,
          -0.884981,
          -0.4639,
          1.391561
        ],
        [
          0.0,
          0.0,
          0.0,
          1.0
        ]
      ]
    },
    {
      "file_path": "/media/NFS/ttao/scannet/posed_images/scene0593_00/00333.jpg",
      "transform_matrix": [
        [
          -0.000558,
          0.423372,
          -0.905955,
          1.939676
        ],
        [
          0.999489,
          -0.028713,
          -0.014034,
          1.961548
        ],
        [
          -0.031954,
          -0.905501,
          -0.42314,
          1.408983
        ],
        [
          0.0,
          0.0,
          0.0,
          1.0
        ]
      ]
    },
    {
      "file_path": "/media/NFS/ttao/scannet/posed_images/scene0593_00/00340.jpg",
      "transform_matrix": [
        [
          0.086802,
          0.414231,
          -0.906023,
          1.978042
        ],
        [
          0.995957,
          -0.057193,
          0.069269,
          1.993188
        ],
        [
          -0.023125,
          -0.908373,
          -0.417521,
          1.433321
        ],
        [
          0.0,
          0.0,
          0.0,
          1.0
        ]
      ]
    },
    {
      "file_path": "/media/NFS/ttao/scannet/posed_images/scene0593_00/00342.jpg",
      "transform_matrix": [
        [
          0.112759,
          0.414742,
          -0.902925,
          1.994949
        ],
        [
          0.99351,
          -0.060707,
          0.096187,
          1.998492
        ],
        [
          -0.014921,
          -0.907912,
          -0.418896,
          1.435916
        ],
        [
          0.0,
          0.0,
          0.0,
          1.0
        ]
      ]
    },
    {
      "file_path": "/media/NFS/ttao/scannet/posed_images/scene0593_00/00356.jpg",
      "transform_matrix": [
        [
          0.16993,
          0.33246,
          -0.927682,
          2.135127
        ],
        [
          0.984683,
          -0.094571,
          0.146479,
          2.039256
        ],
        [
          -0.039033,
          -0.938364,
          -0.343438,
          1.46205
        ],
        [
          0.0,
          0.0,
          0.0,
          1.0
        ]
      ]
    },
    {
      "file_path": "/media/NFS/ttao/scannet/posed_images/scene0593_00/00358.jpg",
      "transform_matrix": [
        [
          0.169953,
          0.320457,
          -0.931892,
          2.153086
        ],
        [
          0.984506,
          -0.096638,
          0.146317,
          2.038647
        ],
        [
          -0.043168,
          -0.942321,
          -0.331916,
          1.470397
        ],
        [
          0.0,
          0.0,
          0.0,
          1.0
        ]
      ]
    },
    {
      "file_path": "/media/NFS/ttao/scannet/posed_images/scene0593_00/00368.jpg",
      "transform_matrix": [
        [
          0.203888,
          0.273772,
          -0.939935,
          2.202297
        ],
        [
          0.978184,
          -0.096009,
          0.18422,
          2.042984
        ],
        [
          -0.039808,
          -0.956991,
          -0.287375,
          1.490734
        ],
        [
          0.0,
          0.0,
          0.0,
          1.0
        ]
      ]
    },
    {
      "file_path": "/media/NFS/ttao/scannet/posed_images/scene0593_00/00377.jpg",
      "transform_matrix": [
        [
          0.229546,
          0.211978,
          -0.949934,
          2.205691
        ],
        [
          0.971977,
          -0.10075,
          0.212391,
          2.038518
        ],
        [
          -0.050684,
          -0.972067,
          -0.229165,
          1.497508
        ],
        [
          0.0,
          0.0,
          0.0,
          1.0
        ]
      ]
    },
    {
      "file_path": "/media/NFS/ttao/scannet/posed_images/scene0593_00/00384.jpg",
      "transform_matrix": [
        [
          0.312295,
          0.257372,
          -0.914457,
          2.15302
        ],
        [
          0.948842,
          -0.131716,
          0.286967,
          2.040471
        ],
        [
          -0.046592,
          -0.957294,
          -0.285339,
          1.48745
        ],
        [
          0.0,
          0.0,
          0.0,
          1.0
        ]
      ]
    },
    {
      "file_path": "/media/NFS/ttao/scannet/posed_images/scene0593_00/00390.jpg",
      "transform_matrix": [
        [
          0.386315,
          0.286192,
          -0.876844,
          2.097604
        ],
        [
          0.921448,
          -0.162182,
          0.353032,
          2.041177
        ],
        [
          -0.041173,
          -0.944347,
          -0.326364,
          1.474165
        ],
        [
          0.0,
          0.0,
          0.0,
          1.0
        ]
      ]
    },
    {
      "file_path": "/media/NFS/ttao/scannet/posed_images/scene0593_00/00397.jpg",
      "transform_matrix": [
        [
          0.479385,
          0.305471,
          -0.822726,
          2.02851
        ],
        [
          0.876759,
          -0.207844,
          0.433699,
          2.035434
        ],
        [
          -0.038516,
          -0.929241,
          -0.367462,
          1.464089
        ],
        [
          0.0,
          0.0,
          0.0,
          1.0
        ]
      ]
    },
    {
      "file_path": "/media/NFS/ttao/scannet/posed_images/scene0593_00/00407.jpg",
      "transform_matrix": [
        [
          0.5155,
          0.246312,
          -0.820725,
          1.978734
        ],
        [
          0.853343,
          -0.234617,
          0.465575,
          2.043262
        ],
        [
          -0.077879,
          -0.940364,
          -0.331134,
          1.468277
        ],
        [
          0.0,
          0.0,
          0.0,
          1.0
        ]
      ]
    },
    {
      "file_path": "/media/NFS/ttao/scannet/posed_images/scene0593_00/00413.jpg",
      "transform_matrix": [
        [
          0.532677,
          0.25188,
          -0.807967,
          1.950115
        ],
        [
          0.842243,
          -0.251354,
          0.476915,
          2.069212
        ],
        [
          -0.08296,
          -0.934547,
          -0.346035,
          1.468135
        ],
        [
          0.0,
          0.0,
          0.0,
          1.0
        ]
      ]
    },
    {
      "file_path": "/media/NFS/ttao/scannet/posed_images/scene0593_00/00420.jpg",
      "transform_matrix": [
        [
          0.569144,
          0.247469,
          -0.784114,
          1.903256
        ],
        [
          0.818702,
          -0.25891,
          0.512536,
          2.112485
        ],
        [
          -0.076178,
          -0.933662,
          -0.34996,
          1.468453
        ],
        [
          0.0,
          0.0,
          0.0,
          1.0
        ]
      ]
    },
    {
      "file_path": "/media/NFS/ttao/scannet/posed_images/scene0593_00/00427.jpg",
      "transform_matrix": [
        [
          0.617909,
          0.233794,
          -0.750685,
          1.851667
        ],
        [
          0.783573,
          -0.261821,
          0.563438,
          2.175422
        ],
        [
          -0.064817,
          -0.936371,
          -0.344977,
          1.465276
        ],
        [
          0.0,
          0.0,
          0.0,
          1.0
        ]
      ]
    },
    {
      "file_path": "/media/NFS/ttao/scannet/posed_images/scene0593_00/00434.jpg",
      "transform_matrix": [
        [
          0.653687,
          0.232602,
          -0.720132,
          1.807991
        ],
        [
          0.754321,
          -0.27669,
          0.595351,
          2.244895
        ],
        [
          -0.060773,
          -0.932384,
          -0.356325,
          1.454607
        ],
        [
          0.0,
          0.0,
          0.0,
          1.0
        ]
      ]
    },
    {
      "file_path": "/media/NFS/ttao/scannet/posed_images/scene0593_00/00446.jpg",
      "transform_matrix": [
        [
          0.777261,
          0.237107,
          -0.582791,
          1.709908
        ],
        [
          0.626648,
          -0.374717,
          0.6833,
          2.321636
        ],
        [
          -0.056367,
          -0.896308,
          -0.439836,
          1.440682
        ],
        [
          0.0,
          0.0,
          0.0,
          1.0
        ]
      ]
    },
    {
      "file_path": "/media/NFS/ttao/scannet/posed_images/scene0593_00/00450.jpg",
      "transform_matrix": [
        [
          0.833322,
          0.183714,
          -0.521367,
          1.677317
        ],
        [
          0.549436,
          -0.37898,
          0.744644,
          2.336338
        ],
        [
          -0.060786,
          -0.906986,
          -0.416751,
          1.458368
        ],
        [
          0.0,
          0.0,
          0.0,
          1.0
        ]
      ]
    },
    {
      "file_path": "/media/NFS/ttao/scannet/posed_images/scene0593_00/00464.jpg",
      "transform_matrix": [
        [
          0.956682,
          0.008169,
          -0.291021,
          1.613955
        ],
        [
          0.286395,
          -0.206059,
          0.935691,
          2.342842
        ],
        [
          -0.052324,
          -0.978506,
          -0.199473,
          1.583829
        ],
        [
          0.0,
          0.0,
          0.0,
          1.0
        ]
      ]
    },
    {
      "file_path": "/media/NFS/ttao/scannet/posed_images/scene0593_00/00469.jpg",
      "transform_matrix": [
        [
          0.974109,
          -0.026994,
          -0.224459,
          1.595244
        ],
        [
          0.217539,
          -0.158344,
          0.963122,
          2.33258
        ],
        [
          -0.06154,
          -0.987015,
          -0.148373,
          1.643399
        ],
        [
          0.0,
          0.0,
          0.0,
          1.0
        ]
      ]
    },
    {
      "file_path": "/media/NFS/ttao/scannet/posed_images/scene0593_00/00478.jpg",
      "transform_matrix": [
        [
          0.984883,
          -0.033335,
          -0.169981,
          1.58366
        ],
        [
          0.167487,
          -0.067102,
          0.983588,
          2.298725
        ],
        [
          -0.044194,
          -0.997189,
          -0.060504,
          1.730426
        ],
        [
          0.0,
          0.0,
          0.0,
          1.0
        ]
      ]
    },
    {
      "file_path": "/media/NFS/ttao/scannet/posed_images/scene0593_00/00487.jpg",
      "transform_matrix": [
        [
          0.993155,
          -0.043785,
          -0.108285,
          1.599898
        ],
        [
          0.108759,
          0.008572,
          0.994031,
          2.258155
        ],
        [
          -0.042595,
          -0.999004,
          0.013275,
          1.772512
        ],
        [
          0.0,
          0.0,
          0.0,
          1.0
        ]
      ]
    },
    {
      "file_path": "/media/NFS/ttao/scannet/posed_images/scene0593_00/00489.jpg",
      "transform_matrix": [
        [
          0.993501,
          -0.040799,
          -0.106256,
          1.604294
        ],
        [
          0.106537,
          0.00477,
          0.994297,
          2.250094
        ],
        [
          -0.04006,
          -0.999156,
          0.009086,
          1.76781
        ],
        [
          0.0,
          0.0,
          0.0,
          1.0
        ]
      ]
    },
    {
      "file_path": "/media/NFS/ttao/scannet/posed_images/scene0593_00/00496.jpg",
      "transform_matrix": [
        [
          0.993712,
          -0.025372,
          -0.109051,
          1.62551
        ],
        [
          0.106961,
          -0.07275,
          0.991598,
          2.231749
        ],
        [
          -0.033092,
          -0.997028,
          -0.069578,
          1.700937
        ],
        [
          0.0,
          0.0,
          0.0,
          1.0
        ]
      ]
    },
    {
      "file_path": "/media/NFS/ttao/scannet/posed_images/scene0593_00/00503.jpg",
      "transform_matrix": [
        [
          0.99288,
          -0.033815,
          -0.114222,
          1.642062
        ],
        [
          0.105773,
          -0.190769,
          0.97592,
          2.217028
        ],
        [
          -0.054791,
          -0.981052,
          -0.185834,
          1.611048
        ],
        [
          0.0,
          0.0,
          0.0,
          1.0
        ]
      ]
    },
    {
      "file_path": "/media/NFS/ttao/scannet/posed_images/scene0593_00/00517.jpg",
      "transform_matrix": [
        [
          0.999436,
          -0.029366,
          0.016296,
          1.584022
        ],
        [
          -0.027202,
          -0.423217,
          0.90562,
          2.228367
        ],
        [
          -0.019697,
          -0.905552,
          -0.423777,
          1.447108
        ],
        [
          0.0,
          0.0,
          0.0,
          1.0
        ]
      ]
    },
    {
      "file_path": "/media/NFS/ttao/scannet/posed_images/scene0593_00/00521.jpg",
      "transform_matrix": [
        [
          0.997827,
          -0.057893,
          0.031473,
          1.569598
        ],
        [
          -0.054214,
          -0.449781,
          0.891492,
          2.245603
        ],
        [
          -0.037455,
          -0.891261,
          -0.451942,
          1.422088
        ],
        [
          0.0,
          0.0,
          0.0,
          1.0
        ]
      ]
    },
    {
      "file_path": "/media/NFS/ttao/scannet/posed_images/scene0593_00/00531.jpg",
      "transform_matrix": [
        [
          0.979484,
          -0.1256,
          0.157595,
          1.514146
        ],
        [
          -0.193823,
          -0.373042,
          0.907343,
          2.271651
        ],
        [
          -0.055173,
          -0.919274,
          -0.389733,
          1.457029
        ],
        [
          0.0,
          0.0,
          0.0,
          1.0
        ]
      ]
    },
    {
      "file_path": "/media/NFS/ttao/scannet/posed_images/scene0593_00/00537.jpg",
      "transform_matrix": [
        [
          0.95147,
          -0.158081,
          0.264034,
          1.512063
        ],
        [
          -0.303525,
          -0.340569,
          0.889879,
          2.292378
        ],
        [
          -0.050751,
          -0.926835,
          -0.372023,
          1.483931
        ],
        [
          0.0,
          0.0,
          0.0,
          1.0
        ]
      ]
    },
    {
      "file_path": "/media/NFS/ttao/scannet/posed_images/scene0593_00/00542.jpg",
      "transform_matrix": [
        [
          0.937406,
          -0.157105,
          0.310786,
          1.558747
        ],
        [
          -0.344458,
          -0.287159,
          0.893806,
          2.306072
        ],
        [
          -0.051177,
          -0.944912,
          -0.323301,
          1.507967
        ],
        [
          0.0,
          0.0,
          0.0,
          1.0
        ]
      ]
    },
    {
      "file_path": "/media/NFS/ttao/scannet/posed_images/scene0593_00/00554.jpg",
      "transform_matrix": [
        [
          0.906397,
          -0.142242,
          0.397759,
          1.650911
        ],
        [
          -0.412533,
          -0.095453,
          0.905928,
          2.327509
        ],
        [
          -0.090893,
          -0.985219,
          -0.145198,
          1.65606
        ],
        [
          0.0,
          0.0,
          0.0,
          1.0
        ]
      ]
    },
    {
      "file_path": "/media/NFS/ttao/scannet/posed_images/scene0593_00/00563.jpg",
      "transform_matrix": [
        [
          0.889999,
          -0.082085,
          0.448513,
          1.684332
        ],
        [
          -0.450436,
          -0.00559,
          0.892791,
          2.332136
        ],
        [
          -0.070778,
          -0.99661,
          -0.041949,
          1.70545
        ],
        [
          0.0,
          0.0,
          0.0,
          1.0
        ]
      ]
    },
    {
      "file_path": "/media/NFS/ttao/scannet/posed_images/scene0593_00/00570.jpg",
      "transform_matrix": [
        [
          0.869084,
          -0.094208,
          0.485611,
          1.717115
        ],
        [
          -0.488478,
          -0.008662,
          0.872533,
          2.347167
        ],
        [
          -0.077993,
          -0.995515,
          -0.053547,
          1.720193
        ],
        [
          0.0,
          0.0,
          0.0,
          1.0
        ]
      ]
    },
    {
      "file_path": "/media/NFS/ttao/scannet/posed_images/scene0593_00/00572.jpg",
      "transform_matrix": [
        [
          0.8537,
          -0.088735,
          0.513149,
          1.705181
        ],
        [
          -0.515639,
          -0.006117,
          0.856784,
          2.353301
        ],
        [
          -0.072888,
          -0.996037,
          -0.050977,
          1.715723
        ],
        [
          0.0,
          0.0,
          0.0,
          1.0
        ]
      ]
    },
    {
      "file_path": "/media/NFS/ttao/scannet/posed_images/scene0593_00/00586.jpg",
      "transform_matrix": [
        [
          0.733118,
          -0.163333,
          0.660197,
          1.597391
        ],
        [
          -0.677955,
          -0.098445,
          0.728482,
          2.432069
        ],
        [
          -0.053992,
          -0.981647,
          -0.182904,
          1.647812
        ],
        [
          0.0,
          0.0,
          0.0,
          1.0
        ]
      ]
    },
    {
      "file_path": "/media/NFS/ttao/scannet/posed_images/scene0593_00/00590.jpg",
      "transform_matrix": [
        [
          0.701517,
          -0.194826,
          0.685505,
          1.57125
        ],
        [
          -0.70986,
          -0.105959,
          0.696327,
          2.448514
        ],
        [
          -0.063027,
          -0.975098,
          -0.212631,
