{
  "frames": [
    {
      "file_path": "/media/NFS/ttao/scannet/posed_images/scene0610_00/00000.jpg",
      "transform_matrix": [
        [
          0.990615,
          0.076026,
          -0.113588,
          0.441748
        ],
        [
          0.124236,
          -0.847316,
          0.516353,
          0.502737
        ],
        [
          -0.056989,
          -0.525618,
          -0.848809,
          1.258319
        ],
        [
          0.0,
          0.0,
          0.0,
          1.0
        ]
      ]
    },
    {
      "file_path": "/media/NFS/ttao/scannet/posed_images/scene0610_00/00011.jpg",
      "transform_matrix": [
        [
          0.991319,
          0.069761,
          -0.111447,
          0.439212
        ],
        [
          0.120821,
          -0.817657,
          0.562885,
          0.501656
        ],
        [
          -0.051858,
          -0.571463,
          -0.818987,
          1.274219
        ],
        [
          0.0,
          0.0,
          0.0,
          1.0
        ]
      ]
    },
    {
      "file_path": "/media/NFS/ttao/scannet/posed_images/scene0610_00/00018.jpg",
      "transform_matrix": [
        [
          0.992151,
          0.061758,
          -0.108736,
          0.439491
        ],
        [
          0.113665,
          -0.807885,
          0.578274,
          0.504176
        ],
        [
          -0.052134,
          -0.586095,
          -0.808563,
          1.281288
        ],
        [
          0.0,
          0.0,
          0.0,
          1.0
        ]
      ]
    },
    {
      "file_path": "/media/NFS/ttao/scannet/posed_images/scene0610_00/00032.jpg",
      "transform_matrix": [
        [
          0.994312,
          0.030544,
          -0.102032,
          0.43824
        ],
        [
          0.087542,
          -0.78002,
          0.6196,
          0.513664
        ],
        [
          -0.060662,
          -0.625008,
          -0.778258,
          1.294251
        ],
        [
          0.0,
          0.0,
          0.0,
          1.0
        ]
      ]
    },
    {
      "file_path": "/media/NFS/ttao/scannet/posed_images/scene0610_00/00040.jpg",
      "transform_matrix": [
        [
          0.995945,
          0.005791,
          -0.089777,
          0.431282
        ],
        [
          0.061694,
          -0.770275,
          0.63472,
          0.520888
        ],
        [
          -0.065478,
          -0.637685,
          -0.767509,
          1.303045
        ],
        [
          0.0,
          0.0,
          0.0,
          1.0
        ]
      ]
    },
    {
      "file_path": "/media/NFS/ttao/scannet/posed_images/scene0610_00/00042.jpg",
      "transform_matrix": [
        [
          0.996333,
          0.000428,
          -0.085563,
          0.430406
        ],
        [
          0.055158,
          -0.767682,
          0.638452,
          0.522253
        ],
        [
          -0.065412,
          -0.64083,
          -0.764891,
          1.303716
        ],
        [
          0.0,
          0.0,
          0.0,
          1.0
        ]
      ]
    },
    {
      "file_path": "/media/NFS/ttao/scannet/posed_images/scene0610_00/00055.jpg",
      "transform_matrix": [
        [
          0.998101,
          -0.019469,
          -0.058448,
          0.418852
        ],
        [
          0.024669,
          -0.743053,
          0.668777,
          0.531651
        ],
        [
          -0.05645,
          -0.668949,
          -0.741162,
          1.315149
        ],
        [
          0.0,
          0.0,
          0.0,
          1.0
        ]
      ]
    },
    {
      "file_path": "/media/NFS/ttao/scannet/posed_images/scene0610_00/00063.jpg",
      "transform_matrix": [
        [
          0.99834,
          -0.022094,
          -0.053198,
          0.41658
        ],
        [
          0.019999,
          -0.733137,
          0.679787,
          0.534373
        ],
        [
          -0.054021,
          -0.679722,
          -0.731478,
          1.31762
        ],
        [
          0.0,
          0.0,
          0.0,
          1.0
        ]
      ]
    },
    {
      "file_path": "/media/NFS/ttao/scannet/posed_images/scene0610_00/00074.jpg",
      "transform_matrix": [
        [
          0.998856,
          -0.015928,
          -0.045101,
          0.41233
        ],
        [
          0.019544,
          -0.724703,
          0.688784,
          0.541311
        ],
        [
          -0.043655,
          -0.688877,
          -0.723562,
          1.319962
        ],
        [
          0.0,
          0.0,
          0.0,
          1.0
        ]
      ]
    },
    {
      "file_path": "/media/NFS/ttao/scannet/posed_images/scene0610_00/00076.jpg",
      "transform_matrix": [
        [
          0.998994,
          -0.019808,
          -0.040243,
          0.412699
        ],
        [
          0.013326,
          -0.725622,
          0.687964,
          0.542835
        ],
        [
          -0.042829,
          -0.687808,
          -0.724628,
          1.319599
        ],
        [
          0.0,
          0.0,
          0.0,
          1.0
        ]
      ]
    },
    {
      "file_path": "/media/NFS/ttao/scannet/posed_images/scene0610_00/00090.jpg",
      "transform_matrix": [
        [
          0.997838,
          -0.065649,
          -0.003048,
          0.424453
        ],
        [
          -0.044585,
          -0.710297,
          0.702489,
          0.552304
        ],
        [
          -0.048283,
          -0.700834,
          -0.711688,
          1.320927
        ],
        [
          0.0,
          0.0,
          0.0,
          1.0
        ]
      ]
    },
    {
      "file_path": "/media/NFS/ttao/scannet/posed_images/scene0610_00/00100.jpg",
      "transform_matrix": [
        [
          0.998518,
          -0.052807,
          -0.013155,
          0.435196
        ],
        [
          -0.027259,
          -0.694529,
          0.718948,
          0.555115
        ],
        [
          -0.047102,
          -0.717524,
          -0.694939,
          1.325534
        ],
        [
          0.0,
          0.0,
          0.0,
          1.0
        ]
      ]
    },
    {
      "file_path": "/media/NFS/ttao/scannet/posed_images/scene0610_00/00103.jpg",
      "transform_matrix": [
        [
          0.998817,
          -0.046693,
          -0.013582,
          0.438188
        ],
        [
          -0.022603,
          -0.69309,
          0.720496,
          0.556539
        ],
        [
          -0.043056,
          -0.719337,
          -0.693326,
          1.326262
        ],
        [
          0.0,
          0.0,
          0.0,
          1.0
        ]
      ]
    },
    {
      "file_path": "/media/NFS/ttao/scannet/posed_images/scene0610_00/00113.jpg",
      "transform_matrix": [
        [
          0.998692,
          -0.050892,
          -0.005063,
          0.450286
        ],
        [
          -0.031591,
          -0.69171,
          0.721484,
          0.560452
        ],
        [
          -0.04022,
          -0.72038,
          -0.692412,
          1.325669
        ],
        [
          0.0,
          0.0,
          0.0,
          1.0
        ]
      ]
    },
    {
      "file_path": "/media/NFS/ttao/scannet/posed_images/scene0610_00/00124.jpg",
      "transform_matrix": [
        [
          0.996927,
          -0.069777,
          0.035624,
          0.47271
        ],
        [
          -0.074062,
          -0.691077,
          0.718977,
          0.566557
        ],
        [
          -0.025549,
          -0.719405,
          -0.694121,
          1.322538
        ],
        [
          0.0,
          0.0,
          0.0,
          1.0
        ]
      ]
    },
    {
      "file_path": "/media/NFS/ttao/scannet/posed_images/scene0610_00/00129.jpg",
      "transform_matrix": [
        [
          0.994896,
          -0.083983,
          0.055949,
          0.485386
        ],
        [
          -0.098671,
          -0.693395,
          0.71377,
          0.569294
        ],
        [
          -0.02115,
          -0.715646,
          -0.698142,
          1.321169
        ],
        [
          0.0,
          0.0,
          0.0,
          1.0
        ]
      ]
    },
    {
      "file_path": "/media/NFS/ttao/scannet/posed_images/scene0610_00/00142.jpg",
      "transform_matrix": [
        [
          0.973219,
          -0.169055,
          0.155772,
          0.530558
        ],
        [
          -0.229804,
          -0.698148,
          0.67807,
          0.577126
        ],
        [
          -0.005879,
          -0.695708,
          -0.718301,
          1.314243
        ],
        [
          0.0,
          0.0,
          0.0,
          1.0
        ]
      ]
    },
    {
      "file_path": "/media/NFS/ttao/scannet/posed_images/scene0610_00/00148.jpg",
      "transform_matrix": [
        [
          0.95538,
          -0.213077,
          0.204568,
          0.551917
        ],
        [
          -0.295371,
          -0.683747,
          0.667267,
          0.579691
        ],
        [
          -0.002307,
          -0.697917,
          -0.716175,
          1.315124
        ],
        [
          0.0,
          0.0,
          0.0,
          1.0
        ]
      ]
    },
    {
      "file_path": "/media/NFS/ttao/scannet/posed_images/scene0610_00/00158.jpg",
      "transform_matrix": [
        [
          0.927381,
          -0.270175,
          0.258786,
          0.584251
        ],
        [
          -0.374082,
          -0.659908,
          0.651601,
          0.591874
        ],
        [
          -0.005271,
          -0.701089,
          -0.713054,
          1.318607
        ],
        [
          0.0,
          0.0,
          0.0,
          1.0
        ]
      ]
    },
    {
      "file_path": "/media/NFS/ttao/scannet/posed_images/scene0610_00/00171.jpg",
      "transform_matrix": [
        [
          0.890645,
          -0.347811,
          0.29288,
          0.644737
        ],
        [
          -0.454018,
          -0.64502,
          0.614668,
          0.607744
        ],
        [
          -0.024875,
          -0.680424,
          -0.732396,
          1.322442
        ],
        [
          0.0,
          0.0,
          0.0,
          1.0
        ]
      ]
    },
    {
      "file_path": "/media/NFS/ttao/scannet/posed_images/scene0610_00/00179.jpg",
      "transform_matrix": [
        [
          0.874664,
          -0.367313,
          0.316298,
          0.664274
        ],
        [
          -0.483488,
          -0.614417,
          0.623483,
          0.6146
        ],
        [
          -0.034675,
          -0.698264,
          -0.715,
          1.332977
        ],
        [
          0.0,
          0.0,
          0.0,
          1.0
        ]
      ]
    },
    {
      "file_path": "/media/NFS/ttao/scannet/posed_images/scene0610_00/00190.jpg",
      "transform_matrix": [
        [
          0.8152,
          -0.415333,
          0.403668,
          0.659625
        ],
        [
          -0.578291,
          -0.545092,
          0.607004,
          0.637008
        ],
        [
          -0.032073,
          -0.728267,
          -0.684543,
          1.350164
        ],
        [
          0.0,
          0.0,
          0.0,
          1.0
        ]
      ]
    },
    {
      "file_path": "/media/NFS/ttao/scannet/posed_images/scene0610_00/00192.jpg",
      "transform_matrix": [
        [
          0.80068,
          -0.43034,
          0.416796,
          0.655249
        ],
        [
          -0.598005,
          -0.532218,
          0.599277,
          0.644585
        ],
        [
          -0.036066,
          -0.729075,
          -0.683483,
          1.352888
        ],
        [
          0.0,
          0.0,
          0.0,
          1.0
        ]
      ]
    },
    {
      "file_path": "/media/NFS/ttao/scannet/posed_images/scene0610_00/00200.jpg",
      "transform_matrix": [
        [
          0.717079,
          -0.466195,
          0.518131,
          0.630362
        ],
        [
          -0.696646,
          -0.455999,
          0.553848,
          0.675379
        ],
        [
          -0.021934,
          -0.758107,
          -0.651761,
          1.370191
        ],
        [
          0.0,
          0.0,
          0.0,
          1.0
        ]
      ]
    },
    {
      "file_path": "/media/NFS/ttao/scannet/posed_images/scene0610_00/00211.jpg",
      "transform_matrix": [
        [
          0.604447,
          -0.497728,
          0.622022,
          0.599151
        ],
        [
          -0.796565,
          -0.366498,
          0.480795,
          0.703848
        ],
        [
          -0.011336,
          -0.786095,
          -0.618001,
          1.385034
        ],
        [
          0.0,
          0.0,
          0.0,
          1.0
        ]
      ]
    },
    {
      "file_path": "/media/NFS/ttao/scannet/posed_images/scene0610_00/00219.jpg",
      "transform_matrix": [
        [
          0.530468,
          -0.525114,
          0.665476,
          0.595003
        ],
        [
          -0.847692,
          -0.324275,
          0.419838,
          0.71328
        ],
        [
          -0.004666,
          -0.78683,
          -0.617153,
          1.389757
        ],
        [
          0.0,
          0.0,
          0.0,
          1.0
        ]
      ]
    },
    {
      "file_path": "/media/NFS/ttao/scannet/posed_images/scene0610_00/00232.jpg",
      "transform_matrix": [
        [
          0.422993,
          -0.577338,
          0.698397,
          0.637445
        ],
        [
          -0.906126,
          -0.266462,
          0.328533,
          0.694343
        ],
        [
          -0.003579,
          -0.771803,
          -0.635852,
          1.391199
        ],
        [
          0.0,
          0.0,
          0.0,
          1.0
        ]
      ]
    },
    {
      "file_path": "/media/NFS/ttao/scannet/posed_images/scene0610_00/00234.jpg",
      "transform_matrix": [
        [
          0.417666,
          -0.583589,
          0.696404,
          0.64563
        ],
        [
          -0.908563,
          -0.261255,
          0.325974,
          0.690596
        ],
        [
          -0.008296,
          -0.768875,
          -0.639345,
          1.391235
        ],
        [
          0.0,
          0.0,
          0.0,
          1.0
        ]
      ]
    },
    {
      "file_path": "/media/NFS/ttao/scannet/posed_images/scene0610_00/00245.jpg",
      "transform_matrix": [
        [
          0.393348,
          -0.582097,
          0.711646,
          0.671719
        ],
        [
          -0.919094,
          -0.229339,
          0.320421,
          0.686777
        ],
        [
          -0.023308,
          -0.780106,
          -0.625212,
          1.398151
        ],
        [
          0.0,
          0.0,
          0.0,
          1.0
        ]
      ]
    },
    {
      "file_path": "/media/NFS/ttao/scannet/posed_images/scene0610_00/00253.jpg",
      "transform_matrix": [
        [
          0.349389,
          -0.539806,
          0.765857,
          0.669542
        ],
        [
          -0.936603,
          -0.178097,
          0.301755,
          0.699956
        ],
        [
          -0.026492,
          -0.822734,
          -0.56781,
          1.421712
        ],
        [
          0.0,
          0.0,
          0.0,
          1.0
        ]
      ]
    },
    {
      "file_path": "/media/NFS/ttao/scannet/posed_images/scene0610_00/00269.jpg",
      "transform_matrix": [
        [
          0.307098,
          -0.412817,
          0.857481,
          0.6362
        ],
        [
          -0.951413,
          -0.111898,
          0.286867,
          0.748416
        ],
        [
          -0.022473,
          -0.903914,
          -0.427122,
          1.455971
        ],
        [
          0.0,
          0.0,
          0.0,
          1.0
        ]
      ]
    },
    {
      "file_path": "/media/NFS/ttao/scannet/posed_images/scene0610_00/00277.jpg",
      "transform_matrix": [
        [
          0.289423,
          -0.36606,
          0.88444,
          0.62543
        ],
        [
          -0.957137,
          -0.099951,
          0.271843,
          0.773188
        ],
        [
          -0.01111,
          -0.925208,
          -0.379298,
          1.471099
        ],
        [
          0.0,
          0.0,
          0.0,
          1.0
        ]
      ]
    },
    {
      "file_path": "/media/NFS/ttao/scannet/posed_images/scene0610_00/00279.jpg",
      "transform_matrix": [
        [
          0.278879,
          -0.361098,
          0.889851,
          0.624122
        ],
        [
          -0.960261,
          -0.094109,
          0.262757,
          0.779305
        ],
        [
          -0.011138,
          -0.927767,
          -0.372993,
          1.474177
        ],
        [
          0.0,
          0.0,
          0.0,
          1.0
        ]
      ]
    },
    {
      "file_path": "/media/NFS/ttao/scannet/posed_images/scene0610_00/00292.jpg",
      "transform_matrix": [
        [
          0.203157,
          -0.317555,
          0.926222,
          0.613693
        ],
        [
          -0.979086,
          -0.055396,
          0.19576,
          0.809116
        ],
        [
          -0.010855,
          -0.94662,
          -0.322168,
          1.488592
        ],
        [
          0.0,
          0.0,
          0.0,
          1.0
        ]
      ]
    },
    {
      "file_path": "/media/NFS/ttao/scannet/posed_images/scene0610_00/00300.jpg",
      "transform_matrix": [
        [
          0.15979,
          -0.284004,
          0.945415,
          0.626772
        ],
        [
          -0.987151,
          -0.046409,
          0.152903,
          0.824416
        ],
        [
          0.000451,
          -0.957699,
          -0.28777,
          1.486352
        ],
        [
          0.0,
          0.0,
          0.0,
          1.0
        ]
      ]
    },
    {
      "file_path": "/media/NFS/ttao/scannet/posed_images/scene0610_00/00311.jpg",
      "transform_matrix": [
        [
          0.117671,
          -0.219487,
          0.968493,
          0.667616
        ],
        [
          -0.993007,
          -0.035307,
          0.112648,
          0.833232
        ],
        [
          0.009469,
          -0.974976,
          -0.222107,
          1.505961
        ],
        [
          0.0,
          0.0,
          0.0,
          1.0
        ]
      ]
    },
    {
      "file_path": "/media/NFS/ttao/scannet/posed_images/scene0610_00/00313.jpg",
      "transform_matrix": [
        [
          0.114844,
          -0.216348,
          0.969539,
          0.672741
        ],
        [
          -0.993301,
          -0.037575,
          0.109274,
          0.838843
        ],
        [
          0.01279,
          -0.975593,
          -0.219214,
          1.509727
        ],
        [
          0.0,
          0.0,
          0.0,
          1.0
        ]
      ]
    },
    {
      "file_path": "/media/NFS/ttao/scannet/posed_images/scene0610_00/00327.jpg",
      "transform_matrix": [
        [
          -0.02107,
          -0.197576,
          0.980061,
          0.700684
        ],
        [
          -0.999603,
          -0.014149,
          -0.024343,
          0.905982
        ],
        [
          0.018676,
          -0.980186,
          -0.197199,
          1.510887
        ],
        [
          0.0,
          0.0,
          0.0,
          1.0
        ]
      ]
    },
    {
      "file_path": "/media/NFS/ttao/scannet/posed_images/scene0610_00/00332.jpg",
      "transform_matrix": [
        [
          -0.08924,
          -0.185103,
          0.978659,
          0.708139
        ],
        [
          -0.995835,
          -0.001836,
          -0.091154,
          0.944067
        ],
        [
          0.01867,
          -0.982717,
          -0.184168,
          1.518785
        ],
        [
          0.0,
          0.0,
          0.0,
          1.0
        ]
      ]
    },
    {
      "file_path": "/media/NFS/ttao/scannet/posed_images/scene0610_00/00348.jpg",
      "transform_matrix": [
        [
          -0.235753,
          -0.099595,
          0.966696,
          0.713332
        ],
        [
          -0.971496,
          -0.001255,
          -0.237053,
          0.971051
        ],
        [
          0.024823,
          -0.995027,
          -0.096461,
          1.534407
        ],
        [
          0.0,
          0.0,
          0.0,
          1.0
        ]
      ]
    },
    {
      "file_path": "/media/NFS/ttao/scannet/posed_images/scene0610_00/00356.jpg",
      "transform_matrix": [
        [
          -0.215817,
          -0.065815,
          0.974213,
          0.709025
        ],
        [
          -0.976433,
          0.013647,
          -0.215387,
          0.975782
        ],
        [
          0.000881,
          -0.997739,
          -0.067209,
          1.550047
        ],
        [
          0.0,
          0.0,
          0.0,
          1.0
        ]
      ]
    },
    {
      "file_path": "/media/NFS/ttao/scannet/posed_images/scene0610_00/00358.jpg",
      "transform_matrix": [
        [
          -0.210852,
          -0.060562,
          0.97564,
          0.708699
        ],
        [
          -0.977508,
          0.017498,
          -0.21017,
          0.978721
        ],
        [
          -0.004344,
          -0.998011,
          -0.062889,
          1.551151
        ],
        [
          0.0,
          0.0,
          0.0,
          1.0
        ]
      ]
    },
    {
      "file_path": "/media/NFS/ttao/scannet/posed_images/scene0610_00/00371.jpg",
      "transform_matrix": [
        [
          -0.170226,
          0.020139,
          0.985199,
          0.698799
        ],
        [
          -0.985405,
          -0.002788,
          -0.170204,
          0.978827
        ],
        [
          -0.000681,
          -0.999793,
          0.02032,
          1.5633
        ],
        [
          0.0,
          0.0,
          0.0,
          1.0
        ]
      ]
    },
    {
      "file_path": "/media/NFS/ttao/scannet/posed_images/scene0610_00/00379.jpg",
      "transform_matrix": [
        [
          -0.163859,
          0.058343,
          0.984757,
          0.692104
        ],
        [
          -0.986484,
          -0.009681,
          -0.163573,
          0.977192
        ],
        [
          -9e-06,
          -0.99825,
          0.059141,
          1.569086
        ],
        [
          0.0,
          0.0,
          0.0,
          1.0
        ]
      ]
    },
    {
      "file_path": "/media/NFS/ttao/scannet/posed_images/scene0610_00/00390.jpg",
      "transform_matrix": [
        [
          -0.303643,
          0.03301,
          0.952214,
          0.697261
        ],
        [
          -0.952634,
          -0.028345,
          -0.302794,
          0.964161
        ],
        [
          0.016996,
          -0.999053,
          0.040053,
          1.56311
        ],
        [
          0.0,
          0.0,
          0.0,
          1.0
        ]
      ]
    },
    {
      "file_path": "/media/NFS/ttao/scannet/posed_images/scene0610_00/00400.jpg",
      "transform_matrix": [
        [
          -0.424463,
          -0.000635,
          0.905445,
          0.705901
        ],
        [
          -0.905285,
          -0.018511,
          -0.424401,
          0.944672
        ],
        [
          0.01703,
          -0.999828,
          0.007283,
          1.557592
        ],
        [
          0.0,
          0.0,
          0.0,
          1.0
        ]
      ]
    },
    {
      "file_path": "/media/NFS/ttao/scannet/posed_images/scene0610_00/00408.jpg",
      "transform_matrix": [
        [
          -0.494552,
          -0.041438,
          0.86816,
          0.719688
        ],
        [
          -0.868812,
          -0.004215,
          -0.495124,
          0.927242
        ],
        [
          0.024176,
          -0.999132,
          -0.033917,
          1.550446
        ],
        [
          0.0,
          0.0,
          0.0,
          1.0
        ]
      ]
    },
    {
      "file_path": "/media/NFS/ttao/scannet/posed_images/scene0610_00/00416.jpg",
      "transform_matrix": [
        [
          -0.561024,
          -0.072048,
          0.824658,
          0.735104
        ],
        [
          -0.827357,
          0.016235,
          -0.561442,
          0.910158
        ],
        [
          0.027062,
          -0.997269,
          -0.068718,
          1.548188
        ],
        [
          0.0,
          0.0,
          0.0,
          1.0
        ]
      ]
    },
    {
      "file_path": "/media/NFS/ttao/scannet/posed_images/scene0610_00/00427.jpg",
      "transform_matrix": [
        [
          -0.647406,
          -0.110493,
          0.754093,
          0.768148
        ],
        [
          -0.761127,
          0.04262,
          -0.647201,
          0.862859
        ],
        [
          0.039372,
          -0.992962,
          -0.111692,
          1.533632
        ],
        [
          0.0,
          0.0,
          0.0,
          1.0
        ]
      ]
    },
    {
      "file_path": "/media/NFS/ttao/scannet/posed_images/scene0610_00/00432.jpg",
      "transform_matrix": [
        [
          -0.67423,
          -0.124141,
          0.728013,
          0.788383
        ],
        [
          -0.73763,
          0.064781,
          -0.67209,
          0.836087
        ],
        [
          0.036273,
          -0.990148,
          -0.135248,
          1.53262
        ],
        [
          0.0,
          0.0,
          0.0,
          1.0
        ]
      ]
    },
    {
      "file_path": "/media/NFS/ttao/scannet/posed_images/scene0610_00/00440.jpg",
      "transform_matrix": [
        [
          -0.711655,
          -0.145398,
          0.687318,
          0.816488
        ],
        [
          -0.701388,
          0.091319,
          -0.706906,
          0.80945
        ],
        [
          0.040017,
          -0.98515,
          -0.166968,
          1.525331
        ],
        [
          0.0,
          0.0,
          0.0,
          1.0
        ]
      ]
    },
    {
      "file_path": "/media/NFS/ttao/scannet/posed_images/scene0610_00/00448.jpg",
      "transform_matrix": [
        [
          -0.742814,
          -0.136857,
          0.655361,
          0.857687
        ],
        [
          -0.669174,
          0.121334,
          -0.733133,
          0.804924
        ],
        [
          0.020817,
          -0.983132,
          -0.181709,
          1.531862
        ],
        [
          0.0,
          0.0,
          0.0,
          1.0
        ]
      ]
    },
    {
      "file_path": "/media/NFS/ttao/scannet/posed_images/scene0610_00/00456.jpg",
      "transform_matrix": [
        [
          -0.771814,
          -0.123863,
          0.623667,
          0.890854
        ],
        [
          -0.635835,
          0.144125,
          -0.758249,
          0.812464
        ],
        [
          0.004033,
          -0.981777,
          -0.189994,
          1.537267
        ],
        [
          0.0,
          0.0,
          0.0,
          1.0
        ]
      ]
    },
    {
      "file_path": "/media/NFS/ttao/scannet/posed_images/scene0610_00/00469.jpg",
      "transform_matrix": [
        [
          -0.809901,
          -0.1444,
          0.568515,
          0.927613
        ],
        [
          -0.585938,
          0.15433,
          -0.795524,
          0.814346
        ],
        [
          0.027135,
          -0.97741,
          -0.209602,
          1.53539
        ],
        [
          0.0,
          0.0,
          0.0,
          1.0
        ]
      ]
    },
    {
      "file_path": "/media/NFS/ttao/scannet/posed_images/scene0610_00/00479.jpg",
      "transform_matrix": [
        [
          -0.84235,
          -0.151732,
          0.517131,
          0.948442
        ],
        [
          -0.537167,
          0.158815,
          -0.828389,
          0.807713
        ],
        [
          0.043566,
          -0.975579,
          -0.215283,
          1.532758
        ],
        [
          0.0,
          0.0,
          0.0,
          1.0
        ]
      ]
    },
    {
      "file_path": "/media/NFS/ttao/scannet/posed_images/scene0610_00/00487.jpg",
      "transform_matrix": [
        [
          -0.865636,
          -0.152524,
          0.476876,
          0.962297
        ],
        [
          -0.498251,
          0.168836,
          -0.850435,
          0.79978
        ],
        [
          0.049198,
          -0.973771,
          -0.222146,
          1.536596
        ],
        [
          0.0,
          0.0,
          0.0,
          1.0
        ]
      ]
    },
    {
      "file_path": "/media/NFS/ttao/scannet/posed_images/scene0610_00/00493.jpg",
      "transform_matrix": [
        [
          -0.882635,
          -0.147153,
          0.446433,
          0.967983
        ],
        [
          -0.467721,
          0.180319,
          -0.865287,
          0.794276
        ],
        [
          0.046829,
          -0.972538,
          -0.227982,
          1.530993
        ],
        [
          0.0,
          0.0,
          0.0,
          1.0
        ]
      ]
    },
    {
      "file_path": "/media/NFS/ttao/scannet/posed_images/scene0610_00/00500.jpg",
      "transform_matrix": [
        [
          -0.902657,
          -0.144766,
          0.405283,
          0.987915
        ],
        [
          -0.427721,
          0.197595,
          -0.88205,
          0.792582
        ],
        [
          0.047609,
          -0.969535,
          -0.240279,
          1.528164
        ],
        [
          0.0,
          0.0,
          0.0,
          1.0
        ]
      ]
    },
    {
      "file_path": "/media/NFS/ttao/scannet/posed_images/scene0610_00/00508.jpg",
      "transform_matrix": [
        [
          -0.926954,
          -0.129063,
          0.352278,
          1.015789
        ],
        [
          -0.372889,
          0.213406,
          -0.903002,
          0.78593
        ],
        [
          0.041366,
          -0.968401,
          -0.245943,
          1.521697
        ],
        [
          0.0,
          0.0,
          0.0,
          1.0
        ]
      ]
    },
    {
      "file_path": "/media/NFS/ttao/scannet/posed_images/scene0610_00/00519.jpg",
      "transform_matrix": [
        [
          -0.94761,
          -0.124164,
          0.29431,
          1.029201
        ],
        [
          -0.315728,
          0.224224,
          -0.921976,
          0.741551
        ],
        [
          0.048485,
          -0.966595,
          -0.251679,
          1.52218
        ],
        [
          0.0,
          0.0,
          0.0,
          1.0
        ]
      ]
    },
    {
      "file_path": "/media/NFS/ttao/scannet/posed_images/scene0610_00/00527.jpg",
      "transform_matrix": [
        [
          -0.957919,
          -0.128901,
          0.256468,
          1.023773
        ],
        [
          -0.280548,
          0.231512,
          -0.931501,
          0.70615
        ],
        [
          0.060696,
          -0.964254,
          -0.257933,
          1.52805
        ],
        [
          0.0,
          0.0,
          0.0,
          1.0
        ]
      ]
    },
    {
      "file_path": "/media/NFS/ttao/scannet/posed_images/scene0610_00/00537.jpg",
      "transform_matrix": [
        [
          -0.978966,
          -0.094598,
          0.180769,
          1.034178
        ],
        [
          -0.198663,
          0.240195,
          -0.950179,
          0.681708
        ],
        [
          0.046465,
          -0.966104,
          -0.253936,
          1.528122
        ],
        [
          0.0,
          0.0,
          0.0,
          1.0
        ]
      ]
    },
    {
      "file_path": "/media/NFS/ttao/scannet/posed_images/scene0610_00/00548.jpg",
      "transform_matrix": [
        [
          -Infinity,
          -Infinity,
          -Infinity,
          -Infinity
        ],
        [
          -Infinity,
          -Infinity,
          -Infinity,
          -Infinity
        ],
        [
          -Infinity,
          -Infinity,
          -Infinity,
          -Infinity
        ],
        [
          -Infinity,
          -Infinity,
          -Infinity,
          -Infinity
        ]
      ]
    },
    {
      "file_path": "/media/NFS/ttao/scannet/posed_images/scene0610_00/00556.jpg",
      "transform_matrix": [
        [
          -Infinity,
          -Infinity,
          -Infinity,
          -Infinity
        ],
        [
          -Infinity,
          -Infinity,
          -Infinity,
          -Infinity
        ],
        [
          -Infinity,
          -Infinity,
          -Infinity,
          -Infinity
        ],
        [
          -Infinity,
          -Infinity,
          -Infinity,
          -Infinity
        ]
      ]
    },
    {
      "file_path": "/media/NFS/ttao/scannet/posed_images/scene0610_00/00561.jpg",
      "transform_matrix": [
        [
          -Infinity,
          -Infinity,
          -Infinity,
          -Infinity
        ],
        [
          -Infinity,
          -Infinity,
          -Infinity,
          -Infinity
        ],
        [
          -Infinity,
          -Infinity,
          -Infinity,
          -Infinity
        ],
        [
          -Infinity,
          -Infinity,
          -Infinity,
          -Infinity
        ]
      ]
    },
    {
      "file_path": "/media/NFS/ttao/scannet/posed_images/scene0610_00/00569.jpg",
      "transform_matrix": [
        [
          -Infinity,
          -Infinity,
          -Infinity,
          -Infinity
        ],
        [
          -Infinity,
          -Infinity,
          -Infinity,
          -Infinity
        ],
        [
          -Infinity,
          -Infinity,
          -Infinity,
          -Infinity
        ],
        [
          -Infinity,
          -Infinity,
          -Infinity,
          -Infinity
        ]
      ]
    },
    {
      "file_path": "/media/NFS/ttao/scannet/posed_images/scene0610_00/00577.jpg",
      "transform_matrix": [
        [
          -Infinity,
          -Infinity,
          -Infinity,
          -Infinity
        ],
        [
          -Infinity,
          -Infinity,
          -Infinity,
          -Infinity
        ],
        [
          -Infinity,
          -Infinity,
          -Infinity,
          -Infinity
        ],
        [
          -Infinity,
          -Infinity,
          -Infinity,
          -Infinity
        ]
      ]
    },
    {
      "file_path": "/media/NFS/ttao/scannet/posed_images/scene0610_00/00587.jpg",
      "transform_matrix": [
        [
          -Infinity,
          -Infinity,
          -Infinity,
          -Infinity
        ],
        [
          -Infinity,
          -Infinity,
          -Infinity,
          -Infinity
        ],
        [
          -Infinity,
          -Infinity,
          -Infinity,
          -Infinity
        ],
        [
          -Infinity,
          -Infinity,
          -Infinity,
          -Infinity
        ]
      ]
    },
    {
      "file_path": "/media/NFS/ttao/scannet/posed_images/scene0610_00/00601.jpg",
      "transform_matrix": [
        [
          -Infinity,
          -Infinity,
          -Infinity,
          -Infinity
        ],
        [
          -Infinity,
          -Infinity,
          -Infinity,
          -Infinity
        ],
        [
          -Infinity,
          -Infinity,
          -Infinity,
          -Infinity
        ],
        [
          -Infinity,
          -Infinity,
          -Infinity,
          -Infinity
        ]
      ]
    },
    {
      "file_path": "/media/NFS/ttao/scannet/posed_images/scene0610_00/00606.jpg",
      "transform_matrix": [
        [
          -Infinity,
          -Infinity,
          -Infinity,
          -Infinity
        ],
        [
          -Infinity,
          -Infinity,
          -Infinity,
          -Infinity
        ],
        [
          -Infinity,
          -Infinity,
          -Infinity,
          -Infinity
        ],
        [
          -Infinity,
          -Infinity,
          -Infinity,
          -Infinity
        ]
      ]
    },
    {
      "file_path": "/media/NFS/ttao/scannet/posed_images/scene0610_00/00614.jpg",
      "transform_matrix": [
        [
          -Infinity,
          -Infinity,
          -Infinity,
          -Infinity
        ],
        [
          -Infinity,
          -Infinity,
          -Infinity,
          -Infinity
        ],
        [
          -Infinity,
          -Infinity,
          -Infinity,
          -Infinity
        ],
        [
          -Infinity,
          -Infinity,
          -Infinity,
          -Infinity
        ]
      ]
    },
    {
      "file_path": "/media/NFS/ttao/scannet/posed_images/scene0610_00/00624.jpg",
      "transform_matrix": [
        [
          -Infinity,
          -Infinity,
          -Infinity,
          -Infinity
        ],
        [
          -Infinity,
          -Infinity,
          -Infinity,
          -Infinity
        ],
        [
          -Infinity,
          -Infinity,
          -Infinity,
          -Infinity
        ],
        [
          -Infinity,
          -Infinity,
          -Infinity,
          -Infinity
        ]
      ]
    },
    {
      "file_path": "/media/NFS/ttao/scannet/posed_images/scene0610_00/00630.jpg",
      "transform_matrix": [
        [
          -Infinity,
          -Infinity,
          -Infinity,
          -Infinity
        ],
        [
          -Infinity,
          -Infinity,
          -Infinity,
          -Infinity
        ],
        [
          -Infinity,
          -Infinity,
          -Infinity,
          -Infinity
        ],
        [
          -Infinity,
          -Infinity,
          -Infinity,
          -Infinity
        ]
      ]
    },
    {
      "file_path": "/media/NFS/ttao/scannet/posed_images/scene0610_00/00640.jpg",
      "transform_matrix": [
        [
          -Infinity,
          -Infinity,
          -Infinity,
          -Infinity
        ],
        [
          -Infinity,
          -Infinity,
          -Infinity,
          -Infinity
        ],
        [
          -Infinity,
          -Infinity,
          -Infinity,
          -Infinity
        ],
        [
          -Infinity,
          -Infinity,
          -Infinity,
          -Infinity
        ]
      ]
    },
    {
      "file_path": "/media/NFS/ttao/scannet/posed_images/scene0610_00/00648.jpg",
      "transform_matrix": [
        [
          -Infinity,
          -Infinity,
          -Infinity,
          -Infinity
        ],
        [
          -Infinity,
          -Infinity,
          -Infinity,
          -Infinity
        ],
        [
          -Infinity,
          -Infinity,
          -Infinity,
          -Infinity
        ],
        [
          -Infinity,
          -Infinity,
          -Infinity,
          -Infinity
        ]
      ]
    },
    {
      "file_path": "/media/NFS/ttao/scannet/posed_images/scene0610_00/00656.jpg",
      "transform_matrix": [
        [
          -Infinity,
          -Infinity,
          -Infinity,
          -Infinity
        ],
        [
          -Infinity,
          -Infinity,
          -Infinity,
          -Infinity
        ],
        [
          -Infinity,
          -Infinity,
          -Infinity,
          -Infinity
        ],
        [
          -Infinity,
          -Infinity,
          -Infinity,
          -Infinity
        ]
      ]
    },
    {
      "file_path": "/media/NFS/ttao/scannet/posed_images/scene0610_00/00672.jpg",
      "transform_matrix": [
        [
          -Infinity,
          -Infinity,
          -Infinity,
          -Infinity
        ],
        [
          -Infinity,
          -Infinity,
          -Infinity,
          -Infinity
        ],
        [
          -Infinity,
          -Infinity,
          -Infinity,
          -Infinity
        ],
