{
  "frames": [
    {
      "file_path": "/media/NFS/ttao/scannet/posed_images/scene0289_00/00002.jpg",
      "transform_matrix": [
        [
          0.946925,
          -0.19716,
          0.253892,
          1.757203
        ],
        [
          -0.292444,
          -0.200469,
          0.935034,
          1.975295
        ],
        [
          -0.133454,
          -0.959656,
          -0.247488,
          1.622813
        ],
        [
          0.0,
          0.0,
          0.0,
          1.0
        ]
      ]
    },
    {
      "file_path": "/media/NFS/ttao/scannet/posed_images/scene0289_00/00005.jpg",
      "transform_matrix": [
        [
          0.945974,
          -0.196308,
          0.258063,
          1.763795
        ],
        [
          -0.295443,
          -0.193935,
          0.935469,
          1.966039
        ],
        [
          -0.133592,
          -0.961172,
          -0.241455,
          1.622862
        ],
        [
          0.0,
          0.0,
          0.0,
          1.0
        ]
      ]
    },
    {
      "file_path": "/media/NFS/ttao/scannet/posed_images/scene0289_00/00006.jpg",
      "transform_matrix": [
        [
          0.94662,
          -0.194391,
          0.257144,
          1.762963
        ],
        [
          -0.29443,
          -0.196647,
          0.935222,
          1.965589
        ],
        [
          -0.131233,
          -0.961011,
          -0.243384,
          1.622118
        ],
        [
          0.0,
          0.0,
          0.0,
          1.0
        ]
      ]
    },
    {
      "file_path": "/media/NFS/ttao/scannet/posed_images/scene0289_00/00011.jpg",
      "transform_matrix": [
        [
          0.933328,
          -0.215812,
          0.286924,
          1.718432
        ],
        [
          -0.329824,
          -0.199686,
          0.922682,
          1.980509
        ],
        [
          -0.141831,
          -0.955799,
          -0.257552,
          1.624991
        ],
        [
          0.0,
          0.0,
          0.0,
          1.0
        ]
      ]
    },
    {
      "file_path": "/media/NFS/ttao/scannet/posed_images/scene0289_00/00012.jpg",
      "transform_matrix": [
        [
          0.932973,
          -0.21796,
          0.286454,
          1.720248
        ],
        [
          -0.33,
          -0.200129,
          0.922523,
          1.979946
        ],
        [
          -0.143745,
          -0.955218,
          -0.258642,
          1.623826
        ],
        [
          0.0,
          0.0,
          0.0,
          1.0
        ]
      ]
    },
    {
      "file_path": "/media/NFS/ttao/scannet/posed_images/scene0289_00/00017.jpg",
      "transform_matrix": [
        [
          0.927078,
          -0.222725,
          0.30153,
          1.727184
        ],
        [
          -0.348314,
          -0.214443,
          0.912519,
          1.983722
        ],
        [
          -0.13858,
          -0.951003,
          -0.276384,
          1.622268
        ],
        [
          0.0,
          0.0,
          0.0,
          1.0
        ]
      ]
    },
    {
      "file_path": "/media/NFS/ttao/scannet/posed_images/scene0289_00/00019.jpg",
      "transform_matrix": [
        [
          0.92555,
          -0.221439,
          0.30712,
          1.727258
        ],
        [
          -0.353121,
          -0.212172,
          0.911202,
          1.980395
        ],
        [
          -0.136614,
          -0.951813,
          -0.27457,
          1.620772
        ],
        [
          0.0,
          0.0,
          0.0,
          1.0
        ]
      ]
    },
    {
      "file_path": "/media/NFS/ttao/scannet/posed_images/scene0289_00/00023.jpg",
      "transform_matrix": [
        [
          0.925137,
          -0.219007,
          0.310094,
          1.73904
        ],
        [
          -0.355964,
          -0.216512,
          0.909072,
          1.978184
        ],
        [
          -0.131954,
          -0.951398,
          -0.278262,
          1.619864
        ],
        [
          0.0,
          0.0,
          0.0,
          1.0
        ]
      ]
    },
    {
      "file_path": "/media/NFS/ttao/scannet/posed_images/scene0289_00/00025.jpg",
      "transform_matrix": [
        [
          0.924262,
          -0.218277,
          0.313203,
          1.740012
        ],
        [
          -0.358638,
          -0.215269,
          0.908316,
          1.976559
        ],
        [
          -0.130841,
          -0.951848,
          -0.277247,
          1.619788
        ],
        [
          0.0,
          0.0,
          0.0,
          1.0
        ]
      ]
    },
    {
      "file_path": "/media/NFS/ttao/scannet/posed_images/scene0289_00/00028.jpg",
      "transform_matrix": [
        [
          0.921686,
          -0.216592,
          0.321844,
          1.738601
        ],
        [
          -0.366609,
          -0.215008,
          0.90519,
          1.975397
        ],
        [
          -0.126858,
          -0.952292,
          -0.277574,
          1.62018
        ],
        [
          0.0,
          0.0,
          0.0,
          1.0
        ]
      ]
    },
    {
      "file_path": "/media/NFS/ttao/scannet/posed_images/scene0289_00/00032.jpg",
      "transform_matrix": [
        [
          0.915996,
          -0.222912,
          0.333561,
          1.741399
        ],
        [
          -0.379777,
          -0.213798,
          0.900033,
          1.977075
        ],
        [
          -0.129314,
          -0.951105,
          -0.280495,
          1.620967
        ],
        [
          0.0,
          0.0,
          0.0,
          1.0
        ]
      ]
    },
    {
      "file_path": "/media/NFS/ttao/scannet/posed_images/scene0289_00/00034.jpg",
      "transform_matrix": [
        [
          0.911694,
          -0.226886,
          0.342545,
          1.740404
        ],
        [
          -0.389474,
          -0.211694,
          0.896379,
          1.977617
        ],
        [
          -0.130861,
          -0.950636,
          -0.281366,
          1.620824
        ],
        [
          0.0,
          0.0,
          0.0,
          1.0
        ]
      ]
    },
    {
      "file_path": "/media/NFS/ttao/scannet/posed_images/scene0289_00/00039.jpg",
      "transform_matrix": [
        [
          0.899092,
          -0.237533,
          0.367712,
          1.745235
        ],
        [
          -0.417237,
          -0.210809,
          0.88401,
          1.97644
        ],
        [
          -0.132465,
          -0.948229,
          -0.288644,
          1.618263
        ],
        [
          0.0,
          0.0,
          0.0,
          1.0
        ]
      ]
    },
    {
      "file_path": "/media/NFS/ttao/scannet/posed_images/scene0289_00/00040.jpg",
      "transform_matrix": [
        [
          0.896488,
          -0.239853,
          0.372532,
          1.752059
        ],
        [
          -0.422412,
          -0.208951,
          0.88199,
          1.972316
        ],
        [
          -0.133707,
          -0.948056,
          -0.288639,
          1.615306
        ],
        [
          0.0,
          0.0,
          0.0,
          1.0
        ]
      ]
    },
    {
      "file_path": "/media/NFS/ttao/scannet/posed_images/scene0289_00/00045.jpg",
      "transform_matrix": [
        [
          0.880122,
          -0.25105,
          0.402939,
          1.756348
        ],
        [
          -0.456201,
          -0.212319,
          0.864176,
          1.972831
        ],
        [
          -0.1314,
          -0.944402,
          -0.301396,
          1.613965
        ],
        [
          0.0,
          0.0,
          0.0,
          1.0
        ]
      ]
    },
    {
      "file_path": "/media/NFS/ttao/scannet/posed_images/scene0289_00/00048.jpg",
      "transform_matrix": [
        [
          0.869305,
          -0.25561,
          0.423052,
          1.756765
        ],
        [
          -0.476697,
          -0.207324,
          0.854269,
          1.972045
        ],
        [
          -0.130651,
          -0.944288,
          -0.302077,
          1.613557
        ],
        [
          0.0,
          0.0,
          0.0,
          1.0
        ]
      ]
    },
    {
      "file_path": "/media/NFS/ttao/scannet/posed_images/scene0289_00/00052.jpg",
      "transform_matrix": [
        [
          0.854698,
          -0.26267,
          0.447769,
          1.76809
        ],
        [
          -0.502545,
          -0.202391,
          0.840527,
          1.967205
        ],
        [
          -0.130157,
          -0.943421,
          -0.304987,
          1.612463
        ],
        [
          0.0,
          0.0,
          0.0,
          1.0
        ]
      ]
    },
    {
      "file_path": "/media/NFS/ttao/scannet/posed_images/scene0289_00/00054.jpg",
      "transform_matrix": [
        [
          0.846145,
          -0.265263,
          0.462249,
          1.766668
        ],
        [
          -0.517231,
          -0.199607,
          0.832244,
          1.967032
        ],
        [
          -0.128496,
          -0.943288,
          -0.306099,
          1.612208
        ],
        [
          0.0,
          0.0,
          0.0,
          1.0
        ]
      ]
    },
    {
      "file_path": "/media/NFS/ttao/scannet/posed_images/scene0289_00/00056.jpg",
      "transform_matrix": [
        [
          0.838049,
          -0.267615,
          0.475454,
          1.767699
        ],
        [
          -0.530629,
          -0.197076,
          0.824375,
          1.968173
        ],
        [
          -0.126914,
          -0.943156,
          -0.307164,
          1.612816
        ],
        [
          0.0,
          0.0,
          0.0,
          1.0
        ]
      ]
    },
    {
      "file_path": "/media/NFS/ttao/scannet/posed_images/scene0289_00/00060.jpg",
      "transform_matrix": [
        [
          0.824275,
          -0.276528,
          0.494069,
          1.780306
        ],
        [
          -0.551097,
          -0.191703,
          0.812122,
          1.960352
        ],
        [
          -0.12986,
          -0.941691,
          -0.310409,
          1.609653
        ],
        [
          0.0,
          0.0,
          0.0,
          1.0
        ]
      ]
    },
    {
      "file_path": "/media/NFS/ttao/scannet/posed_images/scene0289_00/00062.jpg",
      "transform_matrix": [
        [
          0.815426,
          -0.281424,
          0.505847,
          1.780033
        ],
        [
          -0.563941,
          -0.189087,
          0.803876,
          1.96215
        ],
        [
          -0.130581,
          -0.940769,
          -0.312893,
          1.609635
        ],
        [
          0.0,
          0.0,
          0.0,
          1.0
        ]
      ]
    },
    {
      "file_path": "/media/NFS/ttao/scannet/posed_images/scene0289_00/00066.jpg",
      "transform_matrix": [
        [
          0.797495,
          -0.288626,
          0.529808,
          1.783909
        ],
        [
          -0.589448,
          -0.185474,
          0.786225,
          1.960302
        ],
        [
          -0.12866,
          -0.939305,
          -0.318045,
          1.608296
        ],
        [
          0.0,
          0.0,
          0.0,
          1.0
        ]
      ]
    },
    {
      "file_path": "/media/NFS/ttao/scannet/posed_images/scene0289_00/00069.jpg",
      "transform_matrix": [
        [
          0.78107,
          -0.293164,
          0.551348,
          1.78551
        ],
        [
          -0.611198,
          -0.178024,
          0.771196,
          1.95911
        ],
        [
          -0.127934,
          -0.939341,
          -0.318231,
          1.607715
        ],
        [
          0.0,
          0.0,
          0.0,
          1.0
        ]
      ]
    },
    {
      "file_path": "/media/NFS/ttao/scannet/posed_images/scene0289_00/00071.jpg",
      "transform_matrix": [
        [
          0.766243,
          -0.300831,
          0.56778,
          1.78332
        ],
        [
          -0.629264,
          -0.17255,
          0.757795,
          1.962902
        ],
        [
          -0.129998,
          -0.937938,
          -0.321518,
          1.60743
        ],
        [
          0.0,
          0.0,
          0.0,
          1.0
        ]
      ]
    },
    {
      "file_path": "/media/NFS/ttao/scannet/posed_images/scene0289_00/00075.jpg",
      "transform_matrix": [
        [
          0.736825,
          -0.311907,
          0.599836,
          1.79087
        ],
        [
          -0.664155,
          -0.168005,
          0.728473,
          1.96526
        ],
        [
          -0.12644,
          -0.935141,
          -0.330945,
          1.602067
        ],
        [
          0.0,
          0.0,
          0.0,
          1.0
        ]
      ]
    },
    {
      "file_path": "/media/NFS/ttao/scannet/posed_images/scene0289_00/00080.jpg",
      "transform_matrix": [
        [
          0.688537,
          -0.327909,
          0.646834,
          1.814751
        ],
        [
          -0.715505,
          -0.161798,
          0.679613,
          1.954797
        ],
        [
          -0.118195,
          -0.930751,
          -0.346024,
          1.593057
        ],
        [
          0.0,
          0.0,
          0.0,
          1.0
        ]
      ]
    },
    {
      "file_path": "/media/NFS/ttao/scannet/posed_images/scene0289_00/00081.jpg",
      "transform_matrix": [
        [
          0.675052,
          -0.332546,
          0.658573,
          1.815823
        ],
        [
          -0.728059,
          -0.155911,
          0.66755,
          1.956525
        ],
        [
          -0.119312,
          -0.93011,
          -0.34736,
          1.591448
        ],
        [
          0.0,
          0.0,
          0.0,
          1.0
        ]
      ]
    },
    {
      "file_path": "/media/NFS/ttao/scannet/posed_images/scene0289_00/00084.jpg",
      "transform_matrix": [
        [
          0.643108,
          -0.34682,
          0.682736,
          1.821976
        ],
        [
          -0.755931,
          -0.145019,
          0.638387,
          1.95953
        ],
        [
          -0.122396,
          -0.926653,
          -0.355435,
          1.582909
        ],
        [
          0.0,
          0.0,
          0.0,
          1.0
        ]
      ]
    },
    {
      "file_path": "/media/NFS/ttao/scannet/posed_images/scene0289_00/00087.jpg",
      "transform_matrix": [
        [
          0.607782,
          -0.374405,
          0.700301,
          1.833452
        ],
        [
          -0.784714,
          -0.147956,
          0.601941,
          1.972208
        ],
        [
          -0.121756,
          -0.915385,
          -0.383726,
          1.58304
        ],
        [
          0.0,
          0.0,
          0.0,
          1.0
        ]
      ]
    },
    {
      "file_path": "/media/NFS/ttao/scannet/posed_images/scene0289_00/00091.jpg",
      "transform_matrix": [
        [
          0.536912,
          -0.380262,
          0.753079,
          1.852305
        ],
        [
          -0.833702,
          -0.102553,
          0.542609,
          1.99766
        ],
        [
          -0.129103,
          -0.919176,
          -0.372087,
          1.581808
        ],
        [
          0.0,
          0.0,
          0.0,
          1.0
        ]
      ]
    },
    {
      "file_path": "/media/NFS/ttao/scannet/posed_images/scene0289_00/00094.jpg",
      "transform_matrix": [
        [
          0.493483,
          -0.417461,
          0.763021,
          1.863016
        ],
        [
          -0.858857,
          -0.095451,
          0.503243,
          2.017078
        ],
        [
          -0.137253,
          -0.903668,
          -0.405643,
          1.588644
        ],
        [
          0.0,
          0.0,
          0.0,
          1.0
        ]
      ]
    },
    {
      "file_path": "/media/NFS/ttao/scannet/posed_images/scene0289_00/00097.jpg",
      "transform_matrix": [
        [
          0.441426,
          -0.419991,
          0.792939,
          1.859372
        ],
        [
          -0.88701,
          -0.070811,
          0.456288,
          2.040958
        ],
        [
          -0.135488,
          -0.904762,
          -0.403794,
          1.589772
        ],
        [
          0.0,
          0.0,
          0.0,
          1.0
        ]
      ]
    },
    {
      "file_path": "/media/NFS/ttao/scannet/posed_images/scene0289_00/00100.jpg",
      "transform_matrix": [
        [
          0.393612,
          -0.427354,
          0.813903,
          1.860485
        ],
        [
          -0.909243,
          -0.050529,
          0.413188,
          2.068519
        ],
        [
          -0.135452,
          -0.902671,
          -0.408457,
          1.590701
        ],
        [
          0.0,
          0.0,
          0.0,
          1.0
        ]
      ]
    },
    {
      "file_path": "/media/NFS/ttao/scannet/posed_images/scene0289_00/00105.jpg",
      "transform_matrix": [
        [
          0.309305,
          -0.441607,
          0.842208,
          1.857988
        ],
        [
          -0.94119,
          -0.015516,
          0.33752,
          2.101418
        ],
        [
          -0.135983,
          -0.897075,
          -0.420435,
          1.589609
        ],
        [
          0.0,
          0.0,
          0.0,
          1.0
        ]
      ]
    },
    {
      "file_path": "/media/NFS/ttao/scannet/posed_images/scene0289_00/00107.jpg",
      "transform_matrix": [
        [
          0.278993,
          -0.454182,
          0.846098,
          1.85751
        ],
        [
          -0.950472,
          -0.004919,
          0.310769,
          2.110534
        ],
        [
          -0.136984,
          -0.890895,
          -0.43306,
          1.587419
        ],
        [
          0.0,
          0.0,
          0.0,
          1.0
        ]
      ]
    },
    {
      "file_path": "/media/NFS/ttao/scannet/posed_images/scene0289_00/00111.jpg",
      "transform_matrix": [
        [
          0.243397,
          -0.461614,
          0.853036,
          1.857712
        ],
        [
          -0.96156,
          0.000427,
          0.274593,
          2.113125
        ],
        [
          -0.12712,
          -0.887081,
          -0.443766,
          1.589421
        ],
        [
          0.0,
          0.0,
          0.0,
          1.0
        ]
      ]
    },
    {
      "file_path": "/media/NFS/ttao/scannet/posed_images/scene0289_00/00112.jpg",
      "transform_matrix": [
        [
          0.232041,
          -0.460735,
          0.856669,
          1.857435
        ],
        [
          -0.964501,
          0.005169,
          0.264029,
          2.115851
        ],
        [
          -0.126076,
          -0.887523,
          -0.44318,
          1.589246
        ],
        [
          0.0,
          0.0,
          0.0,
          1.0
        ]
      ]
    },
    {
      "file_path": "/media/NFS/ttao/scannet/posed_images/scene0289_00/00115.jpg",
      "transform_matrix": [
        [
          0.198325,
          -0.461381,
          0.864752,
          1.858468
        ],
        [
          -0.972283,
          0.018852,
          0.233045,
          2.118997
        ],
        [
          -0.123825,
          -0.887002,
          -0.444854,
          1.587987
        ],
        [
          0.0,
          0.0,
          0.0,
          1.0
        ]
      ]
    },
    {
      "file_path": "/media/NFS/ttao/scannet/posed_images/scene0289_00/00120.jpg",
      "transform_matrix": [
        [
          0.152866,
          -0.470016,
          0.86932,
          1.861333
        ],
        [
          -0.982073,
          0.025927,
          0.186711,
          2.110068
        ],
        [
          -0.110296,
          -0.882277,
          -0.457626,
          1.578941
        ],
        [
          0.0,
          0.0,
          0.0,
          1.0
        ]
      ]
    },
    {
      "file_path": "/media/NFS/ttao/scannet/posed_images/scene0289_00/00124.jpg",
      "transform_matrix": [
        [
          0.104693,
          -0.480218,
          0.870879,
          1.868511
        ],
        [
          -0.9896,
          0.036552,
          0.139121,
          2.101787
        ],
        [
          -0.098641,
          -0.876387,
          -0.471397,
          1.575054
        ],
        [
          0.0,
          0.0,
          0.0,
          1.0
        ]
      ]
    },
    {
      "file_path": "/media/NFS/ttao/scannet/posed_images/scene0289_00/00126.jpg",
      "transform_matrix": [
        [
          0.077563,
          -0.487037,
          0.869931,
          1.871669
        ],
        [
          -0.992188,
          0.047803,
          0.115227,
          2.09973
        ],
        [
          -0.097705,
          -0.872072,
          -0.479525,
          1.570408
        ],
        [
          0.0,
          0.0,
          0.0,
          1.0
        ]
      ]
    },
    {
      "file_path": "/media/NFS/ttao/scannet/posed_images/scene0289_00/00130.jpg",
      "transform_matrix": [
        [
          0.03907,
          -0.50014,
          0.865063,
          1.880872
        ],
        [
          -0.994998,
          0.060181,
          0.079733,
          2.080056
        ],
        [
          -0.091938,
          -0.863851,
          -0.495287,
          1.566032
        ],
        [
          0.0,
          0.0,
          0.0,
          1.0
        ]
      ]
    },
    {
      "file_path": "/media/NFS/ttao/scannet/posed_images/scene0289_00/00133.jpg",
      "transform_matrix": [
        [
          0.006321,
          -0.502432,
          0.864594,
          1.885343
        ],
        [
          -0.995705,
          0.076695,
          0.051849,
          2.074598
        ],
        [
          -0.092361,
          -0.861208,
          -0.49979,
          1.565552
        ],
        [
          0.0,
          0.0,
          0.0,
          1.0
        ]
      ]
    },
    {
      "file_path": "/media/NFS/ttao/scannet/posed_images/scene0289_00/00135.jpg",
      "transform_matrix": [
        [
          -0.010167,
          -0.501228,
          0.865256,
          1.887891
        ],
        [
          -0.995785,
          0.083956,
          0.036934,
          2.069425
        ],
        [
          -0.091155,
          -0.861233,
          -0.499969,
          1.564288
        ],
        [
          0.0,
          0.0,
          0.0,
          1.0
        ]
      ]
    },
    {
      "file_path": "/media/NFS/ttao/scannet/posed_images/scene0289_00/00137.jpg",
      "transform_matrix": [
        [
          -0.026797,
          -0.50181,
          0.864563,
          1.890235
        ],
        [
          -0.995992,
          0.087235,
          0.019762,
          2.064406
        ],
        [
          -0.085337,
          -0.860568,
          -0.502136,
          1.562827
        ],
        [
          0.0,
          0.0,
          0.0,
          1.0
        ]
      ]
    },
    {
      "file_path": "/media/NFS/ttao/scannet/posed_images/scene0289_00/00142.jpg",
      "transform_matrix": [
        [
          -0.058169,
          -0.511951,
          0.857044,
          1.90346
        ],
        [
          -0.995303,
          0.096289,
          -0.010036,
          2.041544
        ],
        [
          -0.077386,
          -0.853601,
          -0.515147,
          1.558276
        ],
        [
          0.0,
          0.0,
          0.0,
          1.0
        ]
      ]
    },
    {
      "file_path": "/media/NFS/ttao/scannet/posed_images/scene0289_00/00143.jpg",
      "transform_matrix": [
        [
          -0.069004,
          -0.512306,
          0.856027,
          1.906609
        ],
        [
          -0.994611,
          0.101882,
          -0.019202,
          2.03897
        ],
        [
          -0.077376,
          -0.852738,
          -0.516575,
          1.557887
        ],
        [
          0.0,
          0.0,
          0.0,
          1.0
        ]
      ]
    },
    {
      "file_path": "/media/NFS/ttao/scannet/posed_images/scene0289_00/00146.jpg",
      "transform_matrix": [
        [
          -0.098811,
          -0.514323,
          0.851885,
          1.917956
        ],
        [
          -0.992221,
          0.116063,
          -0.045016,
          2.020365
        ],
        [
          -0.075719,
          -0.849706,
          -0.521791,
          1.55742
        ],
        [
          0.0,
          0.0,
          0.0,
          1.0
        ]
      ]
    },
    {
      "file_path": "/media/NFS/ttao/scannet/posed_images/scene0289_00/00152.jpg",
      "transform_matrix": [
        [
          -0.16692,
          -0.50654,
          0.845905,
          1.943091
        ],
        [
          -0.982775,
          0.154491,
          -0.101417,
          1.970928
        ],
        [
          -0.079312,
          -0.848263,
          -0.523603,
          1.548231
        ],
        [
          0.0,
          0.0,
          0.0,
          1.0
        ]
      ]
    },
    {
      "file_path": "/media/NFS/ttao/scannet/posed_images/scene0289_00/00153.jpg",
      "transform_matrix": [
        [
          -0.174745,
          -0.504793,
          0.845369,
          1.947179
        ],
        [
          -0.981282,
          0.159856,
          -0.107386,
          1.963514
        ],
        [
          -0.080929,
          -0.84831,
          -0.523278,
          1.548174
        ],
        [
          0.0,
          0.0,
          0.0,
          1.0
        ]
      ]
    },
    {
      "file_path": "/media/NFS/ttao/scannet/posed_images/scene0289_00/00156.jpg",
      "transform_matrix": [
        [
          -0.200086,
          -0.504099,
          0.840149,
          1.968513
        ],
        [
          -0.976595,
          0.17168,
          -0.129571,
          1.934823
        ],
        [
          -0.07892,
          -0.84641,
          -0.526651,
          1.542854
        ],
        [
          0.0,
          0.0,
          0.0,
          1.0
        ]
      ]
    },
    {
      "file_path": "/media/NFS/ttao/scannet/posed_images/scene0289_00/00160.jpg",
      "transform_matrix": [
        [
          -0.227862,
          -0.504612,
          0.832734,
          1.998313
        ],
        [
          -0.970807,
          0.183543,
          -0.154421,
          1.892933
        ],
        [
          -0.07492,
          -0.84361,
          -0.531703,
          1.533437
        ],
        [
          0.0,
          0.0,
          0.0,
          1.0
        ]
      ]
    },
    {
      "file_path": "/media/NFS/ttao/scannet/posed_images/scene0289_00/00162.jpg",
      "transform_matrix": [
        [
          -0.249497,
          -0.502421,
          0.827844,
          2.015048
        ],
        [
          -0.965504,
          0.194852,
          -0.17273,
          1.875992
        ],
        [
          -0.074524,
          -0.842381,
          -0.533704,
          1.531976
        ],
        [
          0.0,
          0.0,
          0.0,
          1.0
        ]
      ]
    },
    {
      "file_path": "/media/NFS/ttao/scannet/posed_images/scene0289_00/00166.jpg",
      "transform_matrix": [
        [
          -0.291261,
          -0.507801,
          0.810744,
          2.045845
        ],
        [
          -0.955104,
          0.202421,
          -0.216338,
          1.859356
        ],
        [
          -0.054255,
          -0.837355,
          -0.54396,
          1.522783
        ],
        [
          0.0,
          0.0,
          0.0,
          1.0
        ]
      ]
    },
    {
      "file_path": "/media/NFS/ttao/scannet/posed_images/scene0289_00/00168.jpg",
      "transform_matrix": [
        [
          -0.31101,
          -0.507654,
          0.803468,
          2.060475
        ],
        [
          -0.949058,
          0.210905,
          -0.234109,
          1.857597
        ],
        [
          -0.050609,
          -0.835348,
          -0.547387,
          1.51232
        ],
        [
          0.0,
          0.0,
          0.0,
          1.0
        ]
      ]
    },
    {
      "file_path": "/media/NFS/ttao/scannet/posed_images/scene0289_00/00172.jpg",
      "transform_matrix": [
        [
          -0.365734,
          -0.511987,
          0.777245,
          2.101806
        ],
        [
          -0.930506,
          0.219021,
          -0.293577,
          1.874583
        ],
        [
          -0.019925,
          -0.830601,
          -0.556511,
          1.502175
        ],
        [
          0.0,
          0.0,
          0.0,
          1.0
        ]
      ]
    },
    {
      "file_path": "/media/NFS/ttao/scannet/posed_images/scene0289_00/00175.jpg",
      "transform_matrix": [
        [
          -0.416045,
          -0.488086,
          0.767254,
          2.131853
        ],
        [
          -0.909211,
          0.23767,
          -0.341829,
          1.90632
        ],
        [
          -0.015511,
          -0.839813,
          -0.542655,
          1.49401
        ],
        [
          0.0,
          0.0,
          0.0,
          1.0
        ]
      ]
    },
    {
      "file_path": "/media/NFS/ttao/scannet/posed_images/scene0289_00/00180.jpg",
      "transform_matrix": [
        [
          -0.490101,
          -0.470862,
          0.733546,
          2.182331
        ],
        [
          -0.870079,
          0.315014,
          -0.379115,
          1.981878
        ],
        [
          -0.052566,
          -0.824048,
          -0.564076,
          1.482772
        ],
        [
          0.0,
          0.0,
          0.0,
          1.0
        ]
      ]
    },
    {
      "file_path": "/media/NFS/ttao/scannet/posed_images/scene0289_00/00183.jpg",
      "transform_matrix": [
        [
          -0.532411,
          -0.468262,
          0.705173,
          2.202354
        ],
        [
          -0.843928,
          0.358345,
          -0.399217,
          2.01422
        ],
        [
          -0.065757,
          -0.807663,
          -0.585967,
          1.487689
        ],
        [
          0.0,
          0.0,
          0.0,
          1.0
        ]
      ]
    },
    {
      "file_path": "/media/NFS/ttao/scannet/posed_images/scene0289_00/00185.jpg",
      "transform_matrix": [
        [
          -0.555636,
          -0.460369,
          0.692336,
          2.207753
        ],
        [
          -0.82952,
          0.363302,
          -0.424155,
          2.033969
        ],
        [
          -0.056259,
          -0.809983,
          -0.583749,
          1.496501
        ],
        [
          0.0,
          0.0,
          0.0,
          1.0
        ]
      ]
    },
    {
      "file_path": "/media/NFS/ttao/scannet/posed_images/scene0289_00/00189.jpg",
      "transform_matrix": [
        [
          -0.601245,
          -0.425822,
          0.676151,
          2.205549
        ],
        [
          -0.797765,
          0.368122,
          -0.477553,
          2.066651
        ],
        [
          -0.045553,
          -0.826536,
          -0.561037,
          1.513919
        ],
        [
          0.0,
          0.0,
          0.0,
          1.0
        ]
      ]
    },
    {
      "file_path": "/media/NFS/ttao/scannet/posed_images/scene0289_00/00190.jpg",
      "transform_matrix": [
        [
          -0.608351,
          -0.423993,
          0.670925,
          2.208169
        ],
        [
          -0.792854,
          0.362945,
          -0.489544,
          2.069056
        ],
        [
          -0.035945,
          -0.82976,
          -0.556962,
          1.517887
        ],
        [
          0.0,
          0.0,
          0.0,
          1.0
        ]
      ]
    },
    {
      "file_path": "/media/NFS/ttao/scannet/posed_images/scene0289_00/00195.jpg",
      "transform_matrix": [
        [
          -0.643062,
          -0.414791,
          0.643754,
          2.184764
        ],
        [
          -0.765731,
          0.36064,
          -0.532536,
          2.096923
        ],
        [
          -0.011272,
          -0.835396,
          -0.549532,
          1.519265
        ],
        [
          0.0,
          0.0,
          0.0,
          1.0
        ]
      ]
    },
    {
      "file_path": "/media/NFS/ttao/scannet/posed_images/scene0289_00/00199.jpg",
      "transform_matrix": [
        [
          -0.672911,
          -0.404347,
          0.619431,
          2.156573
        ],
        [
          -0.739628,
          0.381215,
          -0.55464,
          2.114223
        ],
        [
          -0.01187,
          -0.831372,
          -0.55559,
          1.521388
        ],
        [
          0.0,
          0.0,
          0.0,
          1.0
        ]
      ]
    },
    {
      "file_path": "/media/NFS/ttao/scannet/posed_images/scene0289_00/00200.jpg",
      "transform_matrix": [
        [
          -0.682085,
          -0.400787,
          0.611663,
          2.150417
        ],
        [
          -0.73122,
          0.38391,
          -0.563853,
          2.120065
        ],
        [
          -0.008838,
          -0.831855,
          -0.554922,
          1.526107
        ],
        [
          0.0,
          0.0,
          0.0,
          1.0
        ]
      ]
    },
    {
      "file_path": "/media/NFS/ttao/scannet/posed_images/scene0289_00/00205.jpg",
      "transform_matrix": [
        [
          -0.730974,
          -0.365209,
          0.576456,
          2.115022
        ],
        [
          -0.681931,
          0.422422,
          -0.5971,
          2.13661
        ],
        [
          -0.025441,
          -0.829567,
          -0.557827,
          1.525615
        ],
        [
          0.0,
          0.0,
          0.0,
          1.0
        ]
      ]
    },
    {
      "file_path": "/media/NFS/ttao/scannet/posed_images/scene0289_00/00208.jpg",
      "transform_matrix": [
        [
          -0.741313,
          -0.361955,
          0.565194,
          2.098021
        ],
        [
          -0.670574,
          0.434637,
          -0.601183,
          2.147886
        ],
        [
          -0.028053,
          -0.824669,
          -0.564919,
          1.528919
        ],
        [
          0.0,
          0.0,
          0.0,
          1.0
        ]
      ]
    },
    {
      "file_path": "/media/NFS/ttao/scannet/posed_images/scene0289_00/00209.jpg",
      "transform_matrix": [
        [
          -0.745702,
          -0.357763,
          0.562081,
          2.093902
        ],
        [
          -0.665615,
          0.437691,
          -0.604469,
          2.149903
        ],
        [
          -0.029762,
          -0.824883,
          -0.564519,
          1.529697
        ],
        [
          0.0,
          0.0,
          0.0,
          1.0
        ]
      ]
    },
    {
      "file_path": "/media/NFS/ttao/scannet/posed_images/scene0289_00/00213.jpg",
      "transform_matrix": [
        [
          -0.764565,
          -0.340165,
          0.547475,
          2.077436
        ],
        [
          -0.64394,
          0.43995,
          -0.625927,
          2.162902
        ],
        [
          -0.027943,
          -0.831103,
          -0.555416,
          1.530942
        ],
        [
          0.0,
          0.0,
          0.0,
          1.0
        ]
      ]
    },
    {
      "file_path": "/media/NFS/ttao/scannet/posed_images/scene0289_00/00215.jpg",
      "transform_matrix": [
        [
          -0.769001,
          -0.345052,
          0.538124,
          2.075345
        ],
        [
          -0.639116,
          0.432134,
          -0.636232,
          2.167555
        ],
        [
          -0.013009,
          -0.833186,
          -0.552839,
          1.529977
        ],
        [
          0.0,
          0.0,
          0.0,
          1.0
        ]
      ]
    },
    {
      "file_path": "/media/NFS/ttao/scannet/posed_images/scene0289_00/00218.jpg",
      "transform_matrix": [
        [
          -0.776742,
          -0.349667,
          0.523837,
          2.07923
        ],
        [
          -0.629774,
          0.421282,
          -0.652615,
          2.174486
        ],
        [
          0.007515,
          -0.836812,
          -0.547438,
          1.528573
        ],
        [
          0.0,
          0.0,
          0.0,
          1.0
        ]
      ]
    },
    {
      "file_path": "/media/NFS/ttao/scannet/posed_images/scene0289_00/00221.jpg",
      "transform_matrix": [
        [
          -0.784644,
          -0.344779,
          0.51523,
          2.087008
        ],
        [
          -0.619754,
          0.41549,
          -0.665787,
          2.175109
        ],
        [
          0.015477,
          -0.841722,
          -0.53969,
          1.519853
        ],
        [
          0.0,
          0.0,
          0.0,
          1.0
        ]
      ]
    },
    {
      "file_path": "/media/NFS/ttao/scannet/posed_images/scene0289_00/00225.jpg",
      "transform_matrix": [
        [
          -0.805604,
          -0.338842,
          0.485992,
          2.122138
        ],
        [
          -0.591459,
          0.412459,
          -0.692859,
          2.172906
        ],
        [
          0.034318,
          -0.845615,
          -0.532689,
          1.500306
        ],
        [
          0.0,
          0.0,
          0.0,
          1.0
        ]
      ]
    },
    {
      "file_path": "/media/NFS/ttao/scannet/posed_images/scene0289_00/00230.jpg",
      "transform_matrix": [
        [
          -0.837595,
          -0.337755,
          0.429368,
          2.187154
        ],
        [
          -0.543328,
          0.433284,
          -0.719068,
          2.144108
        ],
        [
          0.056831,
          -0.835576,
          -0.546428,
          1.48499
        ],
        [
          0.0,
          0.0,
          0.0,
          1.0
        ]
      ]
    },
    {
      "file_path": "/media/NFS/ttao/scannet/posed_images/scene0289_00/00231.jpg",
      "transform_matrix": [
        [
          -0.844514,
          -0.331089,
          0.420923,
          2.203355
        ],
        [
          -0.532058,
          0.429335,
          -0.729784,
          2.142019
        ],
        [
          0.060907,
          -0.840269,
          -0.538738,
          1.477053
        ],
        [
          0.0,
          0.0,
          0.0,
          1.0
        ]
      ]
    },
    {
      "file_path": "/media/NFS/ttao/scannet/posed_images/scene0289_00/00234.jpg",
      "transform_matrix": [
        [
          -0.854893,
          -0.324599,
          0.404716,
          2.242977
        ],
        [
          -0.514546,
          0.430734,
          -0.741424,
          2.126212
        ],
        [
          0.06634,
          -0.842083,
          -0.535253,
          1.463501
        ],
        [
          0.0,
          0.0,
          0.0,
          1.0
        ]
      ]
    },
    {
      "file_path": "/media/NFS/ttao/scannet/posed_images/scene0289_00/00237.jpg",
      "transform_matrix": [
        [
          -0.860818,
          -0.317574,
          0.397667,
          2.273232
        ],
        [
          -0.505907,
          0.449211,
          -0.736388,
          2.116764
        ],
        [
          0.055221,
          -0.835079,
          -0.547352,
          1.448679
        ],
        [
          0.0,
          0.0,
          0.0,
          1.0
        ]
      ]
    },
    {
      "file_path": "/media/NFS/ttao/scannet/posed_images/scene0289_00/00240.jpg",
      "transform_matrix": [
        [
          -0.867859,
          -0.311993,
          0.386628,
          2.295238
        ],
        [
          -0.495328,
          0.483311,
          -0.721845,
          2.110042
        ],
        [
