{
  "frames": [
    {
      "file_path": "/media/NFS/ttao/scannet/posed_images/scene0437_00/00000.jpg",
      "transform_matrix": [
        [
          -0.994448,
          0.049679,
          -0.092761,
          2.335815
        ],
        [
          0.105189,
          0.492716,
          -0.863809,
          4.261134
        ],
        [
          0.002792,
          -0.868771,
          -0.495207,
          1.292628
        ],
        [
          0.0,
          0.0,
          0.0,
          1.0
        ]
      ]
    },
    {
      "file_path": "/media/NFS/ttao/scannet/posed_images/scene0437_00/00002.jpg",
      "transform_matrix": [
        [
          -0.994321,
          0.052086,
          -0.092801,
          2.33424
        ],
        [
          0.106408,
          0.498839,
          -0.860138,
          4.256797
        ],
        [
          0.001491,
          -0.865128,
          -0.501549,
          1.292419
        ],
        [
          0.0,
          0.0,
          0.0,
          1.0
        ]
      ]
    },
    {
      "file_path": "/media/NFS/ttao/scannet/posed_images/scene0437_00/00004.jpg",
      "transform_matrix": [
        [
          -0.99466,
          0.049762,
          -0.090413,
          2.332261
        ],
        [
          0.10318,
          0.497644,
          -0.861223,
          4.25606
        ],
        [
          0.002137,
          -0.865953,
          -0.500121,
          1.291651
        ],
        [
          0.0,
          0.0,
          0.0,
          1.0
        ]
      ]
    },
    {
      "file_path": "/media/NFS/ttao/scannet/posed_images/scene0437_00/00007.jpg",
      "transform_matrix": [
        [
          -0.994885,
          0.04316,
          -0.091326,
          2.331048
        ],
        [
          0.100668,
          0.49809,
          -0.861262,
          4.252248
        ],
        [
          0.008317,
          -0.866051,
          -0.499887,
          1.292546
        ],
        [
          0.0,
          0.0,
          0.0,
          1.0
        ]
      ]
    },
    {
      "file_path": "/media/NFS/ttao/scannet/posed_images/scene0437_00/00010.jpg",
      "transform_matrix": [
        [
          -0.995131,
          0.036783,
          -0.091436,
          2.328365
        ],
        [
          0.09761,
          0.496132,
          -0.862743,
          4.247442
        ],
        [
          0.01363,
          -0.867468,
          -0.497306,
          1.295905
        ],
        [
          0.0,
          0.0,
          0.0,
          1.0
        ]
      ]
    },
    {
      "file_path": "/media/NFS/ttao/scannet/posed_images/scene0437_00/00012.jpg",
      "transform_matrix": [
        [
          -0.995281,
          0.03448,
          -0.090704,
          2.327181
        ],
        [
          0.095859,
          0.494561,
          -0.86384,
          4.24585
        ],
        [
          0.015073,
          -0.868459,
          -0.495533,
          1.296693
        ],
        [
          0.0,
          0.0,
          0.0,
          1.0
        ]
      ]
    },
    {
      "file_path": "/media/NFS/ttao/scannet/posed_images/scene0437_00/00014.jpg",
      "transform_matrix": [
        [
          -0.995316,
          0.030494,
          -0.091745,
          2.325207
        ],
        [
          0.094873,
          0.490674,
          -0.866163,
          4.242604
        ],
        [
          0.018605,
          -0.87081,
          -0.491269,
          1.300896
        ],
        [
          0.0,
          0.0,
          0.0,
          1.0
        ]
      ]
    },
    {
      "file_path": "/media/NFS/ttao/scannet/posed_images/scene0437_00/00016.jpg",
      "transform_matrix": [
        [
          -0.995052,
          0.026178,
          -0.095846,
          2.321228
        ],
        [
          0.096694,
          0.476972,
          -0.873584,
          4.241425
        ],
        [
          0.022847,
          -0.878529,
          -0.477143,
          1.304378
        ],
        [
          0.0,
          0.0,
          0.0,
          1.0
        ]
      ]
    },
    {
      "file_path": "/media/NFS/ttao/scannet/posed_images/scene0437_00/00020.jpg",
      "transform_matrix": [
        [
          -0.994512,
          0.017458,
          -0.103158,
          2.310723
        ],
        [
          0.10045,
          0.435068,
          -0.894777,
          4.246166
        ],
        [
          0.02926,
          -0.900228,
          -0.434434,
          1.306314
        ],
        [
          0.0,
          0.0,
          0.0,
          1.0
        ]
      ]
    },
    {
      "file_path": "/media/NFS/ttao/scannet/posed_images/scene0437_00/00022.jpg",
      "transform_matrix": [
        [
          -0.993328,
          0.018351,
          -0.113856,
          2.302379
        ],
        [
          0.11076,
          0.426845,
          -0.897516,
          4.248886
        ],
        [
          0.032128,
          -0.904139,
          -0.42603,
          1.30212
        ],
        [
          0.0,
          0.0,
          0.0,
          1.0
        ]
      ]
    },
    {
      "file_path": "/media/NFS/ttao/scannet/posed_images/scene0437_00/00025.jpg",
      "transform_matrix": [
        [
          -0.990632,
          0.027855,
          -0.13369,
          2.294146
        ],
        [
          0.132681,
          0.428028,
          -0.893973,
          4.246778
        ],
        [
          0.032322,
          -0.903336,
          -0.427714,
          1.300614
        ],
        [
          0.0,
          0.0,
          0.0,
          1.0
        ]
      ]
    },
    {
      "file_path": "/media/NFS/ttao/scannet/posed_images/scene0437_00/00026.jpg",
      "transform_matrix": [
        [
          -0.989378,
          0.033652,
          -0.141417,
          2.292191
        ],
        [
          0.142159,
          0.427213,
          -0.892905,
          4.248823
        ],
        [
          0.030367,
          -0.903525,
          -0.42746,
          1.297771
        ],
        [
          0.0,
          0.0,
          0.0,
          1.0
        ]
      ]
    },
    {
      "file_path": "/media/NFS/ttao/scannet/posed_images/scene0437_00/00028.jpg",
      "transform_matrix": [
        [
          -0.986827,
          0.045422,
          -0.155273,
          2.287516
        ],
        [
          0.159569,
          0.431406,
          -0.887934,
          4.246485
        ],
        [
          0.026654,
          -0.901014,
          -0.432971,
          1.298733
        ],
        [
          0.0,
          0.0,
          0.0,
          1.0
        ]
      ]
    },
    {
      "file_path": "/media/NFS/ttao/scannet/posed_images/scene0437_00/00032.jpg",
      "transform_matrix": [
        [
          -0.981683,
          0.067756,
          -0.178065,
          2.276343
        ],
        [
          0.189507,
          0.443546,
          -0.875988,
          4.248366
        ],
        [
          0.019626,
          -0.893687,
          -0.448262,
          1.293337
        ],
        [
          0.0,
          0.0,
          0.0,
          1.0
        ]
      ]
    },
    {
      "file_path": "/media/NFS/ttao/scannet/posed_images/scene0437_00/00033.jpg",
      "transform_matrix": [
        [
          -0.980539,
          0.071045,
          -0.18302,
          2.273802
        ],
        [
          0.195298,
          0.448259,
          -0.872309,
          4.248578
        ],
        [
          0.020067,
          -0.891076,
          -0.45341,
          1.291749
        ],
        [
          0.0,
          0.0,
          0.0,
          1.0
        ]
      ]
    },
    {
      "file_path": "/media/NFS/ttao/scannet/posed_images/scene0437_00/00035.jpg",
      "transform_matrix": [
        [
          -0.979129,
          0.07742,
          -0.187916,
          2.275595
        ],
        [
          0.202339,
          0.458243,
          -0.86549,
          4.249244
        ],
        [
          0.019105,
          -0.885449,
          -0.464344,
          1.287623
        ],
        [
          0.0,
          0.0,
          0.0,
          1.0
        ]
      ]
    },
    {
      "file_path": "/media/NFS/ttao/scannet/posed_images/scene0437_00/00038.jpg",
      "transform_matrix": [
        [
          -0.981574,
          0.078126,
          -0.174381,
          2.273262
        ],
        [
          0.190375,
          0.478327,
          -0.857298,
          4.249061
        ],
        [
          0.016434,
          -0.8747,
          -0.484387,
          1.27885
        ],
        [
          0.0,
          0.0,
          0.0,
          1.0
        ]
      ]
    },
    {
      "file_path": "/media/NFS/ttao/scannet/posed_images/scene0437_00/00040.jpg",
      "transform_matrix": [
        [
          -0.985532,
          0.068285,
          -0.155123,
          2.282963
        ],
        [
          0.168376,
          0.499116,
          -0.850019,
          4.24788
        ],
        [
          0.019381,
          -0.863841,
          -0.503392,
          1.275384
        ],
        [
          0.0,
          0.0,
          0.0,
          1.0
        ]
      ]
    },
    {
      "file_path": "/media/NFS/ttao/scannet/posed_images/scene0437_00/00044.jpg",
      "transform_matrix": [
        [
          -0.993221,
          0.034754,
          -0.110922,
          2.301666
        ],
        [
          0.112019,
          0.540966,
          -0.833551,
          4.247836
        ],
        [
          0.031036,
          -0.840326,
          -0.541192,
          1.262336
        ],
        [
          0.0,
          0.0,
          0.0,
          1.0
        ]
      ]
    },
    {
      "file_path": "/media/NFS/ttao/scannet/posed_images/scene0437_00/00046.jpg",
      "transform_matrix": [
        [
          -0.996201,
          0.010617,
          -0.086432,
          2.314935
        ],
        [
          0.0778,
          0.554379,
          -0.82862,
          4.248595
        ],
        [
          0.039119,
          -0.832197,
          -0.553099,
          1.259585
        ],
        [
          0.0,
          0.0,
          0.0,
          1.0
        ]
      ]
    },
    {
      "file_path": "/media/NFS/ttao/scannet/posed_images/scene0437_00/00048.jpg",
      "transform_matrix": [
        [
          -0.998255,
          -0.015818,
          -0.056891,
          2.328618
        ],
        [
          0.038087,
          0.563776,
          -0.825049,
          4.251689
        ],
        [
          0.045124,
          -0.825776,
          -0.56219,
          1.255844
        ],
        [
          0.0,
          0.0,
          0.0,
          1.0
        ]
      ]
    },
    {
      "file_path": "/media/NFS/ttao/scannet/posed_images/scene0437_00/00051.jpg",
      "transform_matrix": [
        [
          -0.998228,
          -0.059474,
          -0.001681,
          2.338073
        ],
        [
          -0.032921,
          0.575654,
          -0.81703,
          4.251951
        ],
        [
          0.04956,
          -0.815528,
          -0.576592,
          1.258016
        ],
        [
          0.0,
          0.0,
          0.0,
          1.0
        ]
      ]
    },
    {
      "file_path": "/media/NFS/ttao/scannet/posed_images/scene0437_00/00053.jpg",
      "transform_matrix": [
        [
          -0.995773,
          -0.088181,
          0.025681,
          2.351998
        ],
        [
          -0.072118,
          0.577569,
          -0.81315,
          4.253955
        ],
        [
          0.056872,
          -0.811566,
          -0.581487,
          1.25743
        ],
        [
          0.0,
          0.0,
          0.0,
          1.0
        ]
      ]
    },
    {
      "file_path": "/media/NFS/ttao/scannet/posed_images/scene0437_00/00056.jpg",
      "transform_matrix": [
        [
          -0.990772,
          -0.123835,
          0.055097,
          2.369209
        ],
        [
          -0.11575,
          0.561573,
          -0.819291,
          4.259895
        ],
        [
          0.070516,
          -0.818108,
          -0.570725,
          1.265894
        ],
        [
          0.0,
          0.0,
          0.0,
          1.0
        ]
      ]
    },
    {
      "file_path": "/media/NFS/ttao/scannet/posed_images/scene0437_00/00057.jpg",
      "transform_matrix": [
        [
          -0.989052,
          -0.132448,
          0.065063,
          2.375494
        ],
        [
          -0.128258,
          0.553524,
          -0.822898,
          4.264908
        ],
        [
          0.072977,
          -0.822234,
          -0.564452,
          1.268257
        ],
        [
          0.0,
          0.0,
          0.0,
          1.0
        ]
      ]
    },
    {
      "file_path": "/media/NFS/ttao/scannet/posed_images/scene0437_00/00061.jpg",
      "transform_matrix": [
        [
          -0.982774,
          -0.15769,
          0.096376,
          2.421198
        ],
        [
          -0.165189,
          0.515707,
          -0.840689,
          4.284941
        ],
        [
          0.082866,
          -0.842128,
          -0.532873,
          1.278907
        ],
        [
          0.0,
          0.0,
          0.0,
          1.0
        ]
      ]
    },
    {
      "file_path": "/media/NFS/ttao/scannet/posed_images/scene0437_00/00062.jpg",
      "transform_matrix": [
        [
          -0.981845,
          -0.161432,
          0.099596,
          2.425798
        ],
        [
          -0.169509,
          0.511098,
          -0.842642,
          4.28732
        ],
        [
          0.085125,
          -0.844227,
          -0.529184,
          1.280159
        ],
        [
          0.0,
          0.0,
          0.0,
          1.0
        ]
      ]
    },
    {
      "file_path": "/media/NFS/ttao/scannet/posed_images/scene0437_00/00066.jpg",
      "transform_matrix": [
        [
          -0.981924,
          -0.161757,
          0.098286,
          2.460371
        ],
        [
          -0.167616,
          0.501918,
          -0.848518,
          4.300323
        ],
        [
          0.087922,
          -0.849654,
          -0.519959,
          1.282005
        ],
        [
          0.0,
          0.0,
          0.0,
          1.0
        ]
      ]
    },
    {
      "file_path": "/media/NFS/ttao/scannet/posed_images/scene0437_00/00067.jpg",
      "transform_matrix": [
        [
          -0.982406,
          -0.159474,
          0.097194,
          2.467968
        ],
        [
          -0.165421,
          0.501475,
          -0.849211,
          4.30189
        ],
        [
          0.086687,
          -0.850347,
          -0.519033,
          1.284294
        ],
        [
          0.0,
          0.0,
          0.0,
          1.0
        ]
      ]
    },
    {
      "file_path": "/media/NFS/ttao/scannet/posed_images/scene0437_00/00070.jpg",
      "transform_matrix": [
        [
          -0.984219,
          -0.149949,
          0.093955,
          2.498659
        ],
        [
          -0.156906,
          0.494064,
          -0.85515,
          4.313416
        ],
        [
          0.081809,
          -0.856397,
          -0.509795,
          1.289697
        ],
        [
          0.0,
          0.0,
          0.0,
          1.0
        ]
      ]
    },
    {
      "file_path": "/media/NFS/ttao/scannet/posed_images/scene0437_00/00072.jpg",
      "transform_matrix": [
        [
          -0.985177,
          -0.14597,
          0.090105,
          2.516408
        ],
        [
          -0.151131,
          0.49009,
          -0.85847,
          4.322247
        ],
        [
          0.081151,
          -0.859363,
          -0.504887,
          1.287514
        ],
        [
          0.0,
          0.0,
          0.0,
          1.0
        ]
      ]
    },
    {
      "file_path": "/media/NFS/ttao/scannet/posed_images/scene0437_00/00074.jpg",
      "transform_matrix": [
        [
          -0.986196,
          -0.141114,
          0.086623,
          2.531136
        ],
        [
          -0.145849,
          0.492653,
          -0.857917,
          4.330464
        ],
        [
          0.078389,
          -0.858708,
          -0.506434,
          1.286458
        ],
        [
          0.0,
          0.0,
          0.0,
          1.0
        ]
      ]
    },
    {
      "file_path": "/media/NFS/ttao/scannet/posed_images/scene0437_00/00076.jpg",
      "transform_matrix": [
        [
          -0.986501,
          -0.136232,
          0.090862,
          2.554698
        ],
        [
          -0.147286,
          0.495672,
          -0.85593,
          4.338763
        ],
        [
          0.071567,
          -0.857759,
          -0.509046,
          1.286885
        ],
        [
          0.0,
          0.0,
          0.0,
          1.0
        ]
      ]
    },
    {
      "file_path": "/media/NFS/ttao/scannet/posed_images/scene0437_00/00079.jpg",
      "transform_matrix": [
        [
          -0.983084,
          -0.141786,
          0.115938,
          2.584421
        ],
        [
          -0.17187,
          0.495413,
          -0.851485,
          4.356165
        ],
        [
          0.063291,
          -0.857008,
          -0.511401,
          1.283467
        ],
        [
          0.0,
          0.0,
          0.0,
          1.0
        ]
      ]
    },
    {
      "file_path": "/media/NFS/ttao/scannet/posed_images/scene0437_00/00081.jpg",
      "transform_matrix": [
        [
          -0.978217,
          -0.153045,
          0.140245,
          2.601593
        ],
        [
          -0.198601,
          0.493396,
          -0.846828,
          4.368066
        ],
        [
          0.060407,
          -0.856234,
          -0.513044,
          1.281168
        ],
        [
          0.0,
          0.0,
          0.0,
          1.0
        ]
      ]
    },
    {
      "file_path": "/media/NFS/ttao/scannet/posed_images/scene0437_00/00083.jpg",
      "transform_matrix": [
        [
          -0.973838,
          -0.16173,
          0.159632,
          2.620303
        ],
        [
          -0.219878,
          0.493249,
          -0.841641,
          4.379753
        ],
        [
          0.05738,
          -0.854722,
          -0.515906,
          1.277711
        ],
        [
          0.0,
          0.0,
          0.0,
          1.0
        ]
      ]
    },
    {
      "file_path": "/media/NFS/ttao/scannet/posed_images/scene0437_00/00086.jpg",
      "transform_matrix": [
        [
          -0.964939,
          -0.184047,
          0.187134,
          2.645935
        ],
        [
          -0.255661,
          0.497659,
          -0.828838,
          4.39158
        ],
        [
          0.059416,
          -0.847621,
          -0.527265,
          1.273029
        ],
        [
          0.0,
          0.0,
          0.0,
          1.0
        ]
      ]
    },
    {
      "file_path": "/media/NFS/ttao/scannet/posed_images/scene0437_00/00089.jpg",
      "transform_matrix": [
        [
          -0.943918,
          -0.230028,
          0.236867,
          2.674507
        ],
        [
          -0.323313,
          0.498375,
          -0.80442,
          4.409338
        ],
        [
          0.06699,
          -0.835888,
          -0.544796,
          1.270733
        ],
        [
          0.0,
          0.0,
          0.0,
          1.0
        ]
      ]
    },
    {
      "file_path": "/media/NFS/ttao/scannet/posed_images/scene0437_00/00092.jpg",
      "transform_matrix": [
        [
          -0.929038,
          -0.262067,
          0.261169,
          2.693445
        ],
        [
          -0.360138,
          0.478781,
          -0.800668,
          4.432255
        ],
        [
          0.084786,
          -0.837908,
          -0.539186,
          1.264392
        ],
        [
          0.0,
          0.0,
          0.0,
          1.0
        ]
      ]
    },
    {
      "file_path": "/media/NFS/ttao/scannet/posed_images/scene0437_00/00093.jpg",
      "transform_matrix": [
        [
          -0.927208,
          -0.265565,
          0.264122,
          2.696395
        ],
        [
          -0.364565,
          0.478181,
          -0.799021,
          4.434173
        ],
        [
          0.085894,
          -0.837149,
          -0.540189,
          1.263914
        ],
        [
          0.0,
          0.0,
          0.0,
          1.0
        ]
      ]
    },
    {
      "file_path": "/media/NFS/ttao/scannet/posed_images/scene0437_00/00096.jpg",
      "transform_matrix": [
        [
          -0.913668,
          -0.281926,
          0.292793,
          2.704776
        ],
        [
          -0.397244,
          0.46684,
          -0.790099,
          4.444262
        ],
        [
          0.086062,
          -0.838199,
          -0.538531,
          1.266355
        ],
        [
          0.0,
          0.0,
          0.0,
          1.0
        ]
      ]
    },
    {
      "file_path": "/media/NFS/ttao/scannet/posed_images/scene0437_00/00098.jpg",
      "transform_matrix": [
        [
          -0.905457,
          -0.290121,
          0.309803,
          2.709708
        ],
        [
          -0.415872,
          0.460523,
          -0.784199,
          4.447854
        ],
        [
          0.084841,
          -0.838897,
          -0.537638,
          1.269254
        ],
        [
          0.0,
          0.0,
          0.0,
          1.0
        ]
      ]
    },
    {
      "file_path": "/media/NFS/ttao/scannet/posed_images/scene0437_00/00100.jpg",
      "transform_matrix": [
        [
          -0.892977,
          -0.296117,
          0.338979,
          2.716025
        ],
        [
          -0.443006,
          0.445016,
          -0.778271,
          4.457163
        ],
        [
          0.079608,
          -0.845148,
          -0.528571,
          1.267642
        ],
        [
          0.0,
          0.0,
          0.0,
          1.0
        ]
      ]
    },
    {
      "file_path": "/media/NFS/ttao/scannet/posed_images/scene0437_00/00102.jpg",
      "transform_matrix": [
        [
          -0.883585,
          -0.301314,
          0.358452,
          2.720025
        ],
        [
          -0.462821,
          0.445478,
          -0.766385,
          4.459194
        ],
        [
          0.07124,
          -0.843065,
          -0.533072,
          1.264466
        ],
        [
          0.0,
          0.0,
          0.0,
          1.0
        ]
      ]
    },
    {
      "file_path": "/media/NFS/ttao/scannet/posed_images/scene0437_00/00105.jpg",
      "transform_matrix": [
        [
          -0.867308,
          -0.305966,
          0.392634,
          2.728441
        ],
        [
          -0.495181,
          0.449961,
          -0.743189,
          4.4608
        ],
        [
          0.050721,
          -0.838999,
          -0.541764,
          1.268709
        ],
        [
          0.0,
          0.0,
          0.0,
          1.0
        ]
      ]
    },
    {
      "file_path": "/media/NFS/ttao/scannet/posed_images/scene0437_00/00109.jpg",
      "transform_matrix": [
        [
          -0.848027,
          -0.303963,
          0.434117,
          2.732407
        ],
        [
          -0.529026,
          0.437108,
          -0.727371,
          4.46562
        ],
        [
          0.031338,
          -0.846489,
          -0.531484,
          1.270806
        ],
        [
          0.0,
          0.0,
          0.0,
          1.0
        ]
      ]
    },
    {
      "file_path": "/media/NFS/ttao/scannet/posed_images/scene0437_00/00111.jpg",
      "transform_matrix": [
        [
          -0.838403,
          -0.310444,
          0.448001,
          2.733322
        ],
        [
          -0.544429,
          0.43773,
          -0.715534,
          4.471653
        ],
        [
          0.02603,
          -0.843811,
          -0.536009,
          1.272735
        ],
        [
          0.0,
          0.0,
          0.0,
          1.0
        ]
      ]
    },
    {
      "file_path": "/media/NFS/ttao/scannet/posed_images/scene0437_00/00113.jpg",
      "transform_matrix": [
        [
          -0.829942,
          -0.317854,
          0.458438,
          2.734354
        ],
        [
          -0.55746,
          0.441832,
          -0.702867,
          4.475231
        ],
        [
          0.020856,
          -0.8389,
          -0.543886,
          1.275611
        ],
        [
          0.0,
          0.0,
          0.0,
          1.0
        ]
      ]
    },
    {
      "file_path": "/media/NFS/ttao/scannet/posed_images/scene0437_00/00114.jpg",
      "transform_matrix": [
        [
          -0.825127,
          -0.320544,
          0.465207,
          2.732271
        ],
        [
          -0.564625,
          0.440063,
          -0.698243,
          4.477439
        ],
        [
          0.019097,
          -0.838806,
          -0.544095,
          1.275725
        ],
        [
          0.0,
          0.0,
          0.0,
          1.0
        ]
      ]
    },
    {
      "file_path": "/media/NFS/ttao/scannet/posed_images/scene0437_00/00118.jpg",
      "transform_matrix": [
        [
          -0.810528,
          -0.347602,
          0.4714,
          2.727739
        ],
        [
          -0.5849,
          0.438315,
          -0.682475,
          4.494508
        ],
        [
          0.030608,
          -0.828887,
          -0.558579,
          1.271175
        ],
        [
          0.0,
          0.0,
          0.0,
          1.0
        ]
      ]
    },
    {
      "file_path": "/media/NFS/ttao/scannet/posed_images/scene0437_00/00121.jpg",
      "transform_matrix": [
        [
          -0.801426,
          -0.362431,
          0.475772,
          2.728835
        ],
        [
          -0.597029,
          0.437357,
          -0.672513,
          4.513782
        ],
        [
          0.035657,
          -0.82302,
          -0.566892,
          1.270325
        ],
        [
          0.0,
          0.0,
          0.0,
          1.0
        ]
      ]
    },
    {
      "file_path": "/media/NFS/ttao/scannet/posed_images/scene0437_00/00122.jpg",
      "transform_matrix": [
        [
          -0.796548,
          -0.367624,
          0.479963,
          2.727116
        ],
        [
          -0.603475,
          0.435592,
          -0.667891,
          4.519087
        ],
        [
          0.036464,
          -0.821652,
          -0.568822,
          1.268459
        ],
        [
          0.0,
          0.0,
          0.0,
          1.0
        ]
      ]
    },
    {
      "file_path": "/media/NFS/ttao/scannet/posed_images/scene0437_00/00124.jpg",
      "transform_matrix": [
        [
          -0.787295,
          -0.378205,
          0.486957,
          2.725977
        ],
        [
          -0.615452,
          0.434363,
          -0.657683,
          4.529183
        ],
        [
          0.037223,
          -0.81749,
          -0.574739,
          1.26763
        ],
        [
          0.0,
          0.0,
          0.0,
          1.0
        ]
      ]
    },
    {
      "file_path": "/media/NFS/ttao/scannet/posed_images/scene0437_00/00127.jpg",
      "transform_matrix": [
        [
          -0.774384,
          -0.385772,
          0.501507,
          2.71915
        ],
        [
          -0.631696,
          0.426404,
          -0.64741,
          4.540986
        ],
        [
          0.035908,
          -0.818144,
          -0.573891,
          1.27058
        ],
        [
          0.0,
          0.0,
          0.0,
          1.0
        ]
      ]
    },
    {
      "file_path": "/media/NFS/ttao/scannet/posed_images/scene0437_00/00130.jpg",
      "transform_matrix": [
        [
          -0.768369,
          -0.380154,
          0.51487,
          2.708136
        ],
        [
          -0.639298,
          0.418036,
          -0.645402,
          4.559885
        ],
        [
          0.030118,
          -0.825063,
          -0.564238,
          1.273216
        ],
        [
          0.0,
          0.0,
          0.0,
          1.0
        ]
      ]
    },
    {
      "file_path": "/media/NFS/ttao/scannet/posed_images/scene0437_00/00132.jpg",
      "transform_matrix": [
        [
          -0.764502,
          -0.375737,
          0.523792,
          2.699127
        ],
        [
          -0.644179,
          0.415224,
          -0.642357,
          4.572293
        ],
        [
          0.023866,
          -0.828499,
          -0.559482,
          1.271133
        ],
        [
          0.0,
          0.0,
          0.0,
          1.0
        ]
      ]
    },
    {
      "file_path": "/media/NFS/ttao/scannet/posed_images/scene0437_00/00134.jpg",
      "transform_matrix": [
        [
          -0.761052,
          -0.375826,
          0.528729,
          2.690074
        ],
        [
          -0.648417,
          0.417089,
          -0.636861,
          4.584073
        ],
        [
          0.018822,
          -0.827522,
          -0.561118,
          1.268121
        ],
        [
          0.0,
          0.0,
          0.0,
          1.0
        ]
      ]
    },
    {
      "file_path": "/media/NFS/ttao/scannet/posed_images/scene0437_00/00136.jpg",
      "transform_matrix": [
        [
          -0.75894,
          -0.376775,
          0.531084,
          2.680449
        ],
        [
          -0.650993,
          0.420531,
          -0.631951,
          4.597366
        ],
        [
          0.014766,
          -0.825345,
          -0.564436,
          1.264608
        ],
        [
          0.0,
          0.0,
          0.0,
          1.0
        ]
      ]
    },
    {
      "file_path": "/media/NFS/ttao/scannet/posed_images/scene0437_00/00138.jpg",
      "transform_matrix": [
        [
          -0.757325,
          -0.377652,
          0.532764,
          2.670356
        ],
        [
          -0.652949,
          0.424421,
          -0.627315,
          4.611911
        ],
        [
          0.01079,
          -0.82295,
          -0.568012,
          1.260545
        ],
        [
          0.0,
          0.0,
          0.0,
          1.0
        ]
      ]
    },
    {
      "file_path": "/media/NFS/ttao/scannet/posed_images/scene0437_00/00142.jpg",
      "transform_matrix": [
        [
          -0.751643,
          -0.378234,
          0.540344,
          2.642284
        ],
        [
          -0.659551,
          0.437219,
          -0.611418,
          4.641839
        ],
        [
          -0.004989,
          -0.815953,
          -0.578097,
          1.256797
        ],
        [
          0.0,
          0.0,
          0.0,
          1.0
        ]
      ]
    },
    {
      "file_path": "/media/NFS/ttao/scannet/posed_images/scene0437_00/00143.jpg",
      "transform_matrix": [
        [
          -0.749189,
          -0.379298,
          0.542999,
          2.634817
        ],
        [
          -0.662312,
          0.438415,
          -0.607564,
          4.652227
        ],
        [
          -0.007611,
          -0.814816,
          -0.57967,
          1.253417
        ],
        [
          0.0,
          0.0,
          0.0,
          1.0
        ]
      ]
    },
    {
      "file_path": "/media/NFS/ttao/scannet/posed_images/scene0437_00/00145.jpg",
      "transform_matrix": [
        [
          -0.741984,
          -0.382387,
          0.550672,
          2.618647
        ],
        [
          -0.670208,
          0.44362,
          -0.594998,
          4.670288
        ],
        [
          -0.016769,
          -0.810544,
          -0.585438,
          1.249434
        ],
        [
          0.0,
          0.0,
          0.0,
          1.0
        ]
      ]
    },
    {
      "file_path": "/media/NFS/ttao/scannet/posed_images/scene0437_00/00149.jpg",
      "transform_matrix": [
        [
          -0.73206,
          -0.390441,
          0.55825,
          2.590983
        ],
        [
          -0.680714,
          0.451429,
          -0.576922,
          4.709116
        ],
        [
          -0.026756,
          -0.802351,
          -0.596252,
          1.243857
        ],
        [
          0.0,
          0.0,
          0.0,
          1.0
        ]
      ]
    },
    {
      "file_path": "/media/NFS/ttao/scannet/posed_images/scene0437_00/00150.jpg",
      "transform_matrix": [
        [
          -0.730523,
          -0.389681,
          0.560789,
          2.584791
        ],
        [
          -0.682029,
          0.457502,
          -0.57055,
          4.716443
        ],
        [
          -0.03423,
          -0.799275,
          -0.59999,
          1.244594
        ],
        [
          0.0,
          0.0,
          0.0,
          1.0
        ]
      ]
    },
    {
      "file_path": "/media/NFS/ttao/scannet/posed_images/scene0437_00/00154.jpg",
      "transform_matrix": [
        [
          -0.714095,
          -0.408457,
          0.568534,
          2.568624
        ],
        [
          -0.698832,
          0.463784,
          -0.544553,
          4.752561
        ],
        [
          -0.04125,
          -0.786173,
          -0.616629,
          1.238007
        ],
        [
          0.0,
          0.0,
          0.0,
          1.0
        ]
      ]
    },
    {
      "file_path": "/media/NFS/ttao/scannet/posed_images/scene0437_00/00156.jpg",
      "transform_matrix": [
        [
          -0.704787,
          -0.421074,
          0.570939,
          2.562946
        ],
        [
          -0.708261,
          0.463596,
          -0.532395,
          4.766268
        ],
        [
          -0.040507,
          -0.7796,
          -0.624967,
          1.237414
        ],
        [
          0.0,
          0.0,
          0.0,
          1.0
        ]
      ]
    },
    {
      "file_path": "/media/NFS/ttao/scannet/posed_images/scene0437_00/00157.jpg",
      "transform_matrix": [
        [
          -0.702776,
          -0.422162,
          0.572612,
          2.560627
        ],
        [
          -0.710249,
          0.462347,
          -0.530831,
          4.77394
        ],
        [
          -0.040649,
          -0.779753,
          -0.624767,
          1.236036
        ],
        [
          0.0,
          0.0,
          0.0,
          1.0
        ]
      ]
    },
    {
      "file_path": "/media/NFS/ttao/scannet/posed_images/scene0437_00/00160.jpg",
      "transform_matrix": [
        [
          -0.700272,
          -0.425486,
          0.573219,
          2.557306
        ],
        [
          -0.712807,
          0.460669,
          -0.528857,
          4.796497
        ],
        [
          -0.039043,
          -0.778939,
          -0.625883,
          1.230745
        ],
        [
          0.0,
          0.0,
          0.0,
          1.0
        ]
      ]
    },
    {
      "file_path": "/media/NFS/ttao/scannet/posed_images/scene0437_00/00164.jpg",
      "transform_matrix": [
        [
          -0.698274,
          -0.439505,
          0.565021,
          2.559828
        ],
        [
          -0.715268,
          0.45969,
          -0.526381,
          4.824039
        ],
        [
          -0.028388,
          -0.7717,
          -0.635354,
          1.226553
        ],
        [
          0.0,
          0.0,
          0.0,
          1.0
        ]
      ]
    },
    {
      "file_path": "/media/NFS/ttao/scannet/posed_images/scene0437_00/00165.jpg",
      "transform_matrix": [
        [
          -0.697492,
          -0.441755,
          0.564232,
          2.561726
        ],
        [
          -0.716108,
          0.45865,
          -0.526146,
          4.831043
        ],
        [
          -0.026357,
          -0.771034,
          -0.636249,
          1.226351
        ],
        [
          0.0,
          0.0,
          0.0,
          1.0
        ]
      ]
    },
    {
      "file_path": "/media/NFS/ttao/scannet/posed_images/scene0437_00/00167.jpg",
      "transform_matrix": [
        [
          -0.692603,
          -0.446284,
          0.566686,
          2.565279
        ],
        [
          -0.72095,
          0.453418,
          -0.524063,
          4.844722
        ],
        [
          -0.023065,
          -0.77152,
          -0.635787,
          1.223043
        ],
        [
          0.0,
          0.0,
          0.0,
          1.0
        ]
      ]
    },
    {
      "file_path": "/media/NFS/ttao/scannet/posed_images/scene0437_00/00169.jpg",
      "transform_matrix": [
        [
          -0.683581,
          -0.457344,
          0.568818,
          2.571324
        ],
        [
          -0.729621,
          0.448748,
          -0.516021,
          4.857969
        ],
        [
          -0.019257,
          -0.767764,
          -0.640444,
          1.22216
        ],
        [
          0.0,
          0.0,
          0.0,
          1.0
        ]
      ]
    },
    {
      "file_path": "/media/NFS/ttao/scannet/posed_images/scene0437_00/00173.jpg",
      "transform_matrix": [
        [
          -0.667163,
          -0.462751,
          0.583742,
          2.597902
        ],
        [
          -0.744651,
          0.435032,
          -0.506204,
          4.893358
        ],
        [
          -0.0197,
          -0.772405,
          -0.634825,
          1.229515
        ],
        [
          0.0,
          0.0,
          0.0,
          1.0
        ]
      ]
    },
    {
      "file_path": "/media/NFS/ttao/scannet/posed_images/scene0437_00/00174.jpg",
      "transform_matrix": [
        [
          -0.663775,
          -0.461412,
          0.588644,
          2.60486
        ],
        [
          -0.747678,
          0.429869,
          -0.506152,
          4.903513
        ],
        [
          -0.019495,
          -0.776087,
          -0.630324,
          1.230058
        ],
        [
          0.0,
          0.0,
          0.0,
          1.0
        ]
      ]
    },
    {
      "file_path": "/media/NFS/ttao/scannet/posed_images/scene0437_00/00178.jpg",
      "transform_matrix": [
        [
          -0.646378,
          -0.460244,
          0.608581,
          2.635726
        ],
        [
          -0.76249,
          0.419248,
          -0.492787,
          4.946287
        ],
        [
          -0.028344,
          -0.782564,
          -0.621925,
          1.235124
        ],
        [
          0.0,
          0.0,
          0.0,
          1.0
        ]
      ]
    },
    {
      "file_path": "/media/NFS/ttao/scannet/posed_images/scene0437_00/00180.jpg",
      "transform_matrix": [
        [
          -0.645474,
          -0.452651,
          0.615199,
          2.660305
        ],
        [
          -0.763059,
          0.417208,
          -0.493638,
          4.978062
        ],
        [
          -0.03322,
          -0.788064,
          -0.614697,
          1.237991
        ],
        [
          0.0,
          0.0,
          0.0,
          1.0
        ]
      ]
    },
    {
      "file_path": "/media/NFS/ttao/scannet/posed_images/scene0437_00/00181.jpg",
      "transform_matrix": [
        [
          -0.639988,
          -0.451345,
          0.621855,
          2.668503
        ],
        [
          -0.767522,
          0.413854,
          -0.489525,
          4.988794
        ],
        [
          -0.036412,
          -0.790577,
          -0.611279,
          1.236854
        ],
        [
          0.0,
          0.0,
          0.0,
          1.0
        ]
      ]
    },
    {
      "file_path": "/media/NFS/ttao/scannet/posed_images/scene0437_00/00184.jpg",
      "transform_matrix": [
        [
          -0.617836,
          -0.461386,
          0.636712,
          2.699306
        ],
        [
          -0.785194,
          0.405099,
          -0.468365,
          5.023295
        ],
        [
