{
  "frames": [
    {
      "file_path": "/media/NFS/ttao/scannet/posed_images/scene0036_01/00001.jpg",
      "transform_matrix": [
        [
          0.998761,
          -0.016207,
          -0.047062,
          3.33604
        ],
        [
          0.030998,
          -0.537229,
          0.842866,
          2.513448
        ],
        [
          -0.038943,
          -0.84328,
          -0.536061,
          1.406562
        ],
        [
          0.0,
          0.0,
          0.0,
          1.0
        ]
      ]
    },
    {
      "file_path": "/media/NFS/ttao/scannet/posed_images/scene0036_01/00002.jpg",
      "transform_matrix": [
        [
          0.998572,
          -0.02022,
          -0.049444,
          3.320941
        ],
        [
          0.030546,
          -0.543193,
          0.839052,
          2.515192
        ],
        [
          -0.043823,
          -0.839365,
          -0.5418,
          1.404371
        ],
        [
          0.0,
          0.0,
          0.0,
          1.0
        ]
      ]
    },
    {
      "file_path": "/media/NFS/ttao/scannet/posed_images/scene0036_01/00004.jpg",
      "transform_matrix": [
        [
          0.998438,
          -0.022142,
          -0.051291,
          3.304974
        ],
        [
          0.030752,
          -0.548659,
          0.835481,
          2.519246
        ],
        [
          -0.046641,
          -0.835753,
          -0.547121,
          1.403277
        ],
        [
          0.0,
          0.0,
          0.0,
          1.0
        ]
      ]
    },
    {
      "file_path": "/media/NFS/ttao/scannet/posed_images/scene0036_01/00008.jpg",
      "transform_matrix": [
        [
          0.998451,
          -0.030511,
          -0.046533,
          3.266707
        ],
        [
          0.021192,
          -0.56473,
          0.825004,
          2.524281
        ],
        [
          -0.05145,
          -0.824712,
          -0.563208,
          1.401665
        ],
        [
          0.0,
          0.0,
          0.0,
          1.0
        ]
      ]
    },
    {
      "file_path": "/media/NFS/ttao/scannet/posed_images/scene0036_01/00009.jpg",
      "transform_matrix": [
        [
          0.998516,
          -0.035534,
          -0.041265,
          3.260003
        ],
        [
          0.013779,
          -0.568246,
          0.822743,
          2.526531
        ],
        [
          -0.052684,
          -0.822091,
          -0.566914,
          1.402766
        ],
        [
          0.0,
          0.0,
          0.0,
          1.0
        ]
      ]
    },
    {
      "file_path": "/media/NFS/ttao/scannet/posed_images/scene0036_01/00013.jpg",
      "transform_matrix": [
        [
          0.998245,
          -0.058364,
          0.010042,
          3.206837
        ],
        [
          -0.041423,
          -0.566926,
          0.822727,
          2.536341
        ],
        [
          -0.042324,
          -0.821699,
          -0.568349,
          1.406551
        ],
        [
          0.0,
          0.0,
          0.0,
          1.0
        ]
      ]
    },
    {
      "file_path": "/media/NFS/ttao/scannet/posed_images/scene0036_01/00015.jpg",
      "transform_matrix": [
        [
          0.998241,
          -0.054521,
          0.023305,
          3.20342
        ],
        [
          -0.049938,
          -0.561153,
          0.826204,
          2.534116
        ],
        [
          -0.031968,
          -0.825914,
          -0.562889,
          1.403177
        ],
        [
          0.0,
          0.0,
          0.0,
          1.0
        ]
      ]
    },
    {
      "file_path": "/media/NFS/ttao/scannet/posed_images/scene0036_01/00017.jpg",
      "transform_matrix": [
        [
          0.996966,
          -0.062,
          0.047063,
          3.185026
        ],
        [
          -0.073883,
          -0.563459,
          0.822833,
          2.537626
        ],
        [
          -0.024498,
          -0.823814,
          -0.566331,
          1.403972
        ],
        [
          0.0,
          0.0,
          0.0,
          1.0
        ]
      ]
    },
    {
      "file_path": "/media/NFS/ttao/scannet/posed_images/scene0036_01/00018.jpg",
      "transform_matrix": [
        [
          0.995973,
          -0.067342,
          0.059178,
          3.174248
        ],
        [
          -0.08696,
          -0.565237,
          0.820332,
          2.541137
        ],
        [
          -0.021793,
          -0.822176,
          -0.568817,
          1.407013
        ],
        [
          0.0,
          0.0,
          0.0,
          1.0
        ]
      ]
    },
    {
      "file_path": "/media/NFS/ttao/scannet/posed_images/scene0036_01/00022.jpg",
      "transform_matrix": [
        [
          0.989316,
          -0.096749,
          0.10906,
          3.141779
        ],
        [
          -0.144693,
          -0.56004,
          0.815733,
          2.55331
        ],
        [
          -0.017844,
          -0.822797,
          -0.568055,
          1.409528
        ],
        [
          0.0,
          0.0,
          0.0,
          1.0
        ]
      ]
    },
    {
      "file_path": "/media/NFS/ttao/scannet/posed_images/scene0036_01/00023.jpg",
      "transform_matrix": [
        [
          0.987571,
          -0.102017,
          0.119564,
          3.134327
        ],
        [
          -0.156313,
          -0.558077,
          0.814933,
          2.553559
        ],
        [
          -0.016411,
          -0.823494,
          -0.567088,
          1.406743
        ],
        [
          0.0,
          0.0,
          0.0,
          1.0
        ]
      ]
    },
    {
      "file_path": "/media/NFS/ttao/scannet/posed_images/scene0036_01/00027.jpg",
      "transform_matrix": [
        [
          0.974948,
          -0.127555,
          0.182225,
          3.121816
        ],
        [
          -0.222429,
          -0.554556,
          0.801868,
          2.570131
        ],
        [
          -0.001228,
          -0.822312,
          -0.569035,
          1.401332
        ],
        [
          0.0,
          0.0,
          0.0,
          1.0
        ]
      ]
    },
    {
      "file_path": "/media/NFS/ttao/scannet/posed_images/scene0036_01/00029.jpg",
      "transform_matrix": [
        [
          0.964962,
          -0.155863,
          0.211083,
          3.114165
        ],
        [
          -0.262354,
          -0.559513,
          0.786203,
          2.582379
        ],
        [
          -0.004436,
          -0.814034,
          -0.5808,
          1.399043
        ],
        [
          0.0,
          0.0,
          0.0,
          1.0
        ]
      ]
    },
    {
      "file_path": "/media/NFS/ttao/scannet/posed_images/scene0036_01/00030.jpg",
      "transform_matrix": [
        [
          0.96098,
          -0.16789,
          0.219842,
          3.116315
        ],
        [
          -0.276524,
          -0.562342,
          0.779298,
          2.589134
        ],
        [
          -0.007209,
          -0.809682,
          -0.586825,
          1.400175
        ],
        [
          0.0,
          0.0,
          0.0,
          1.0
        ]
      ]
    },
    {
      "file_path": "/media/NFS/ttao/scannet/posed_images/scene0036_01/00034.jpg",
      "transform_matrix": [
        [
          0.93015,
          -0.235081,
          0.28206,
          3.122979
        ],
        [
          -0.366267,
          -0.539887,
          0.757872,
          2.634367
        ],
        [
          -0.025881,
          -0.808244,
          -0.588279,
          1.404509
        ],
        [
          0.0,
          0.0,
          0.0,
          1.0
        ]
      ]
    },
    {
      "file_path": "/media/NFS/ttao/scannet/posed_images/scene0036_01/00036.jpg",
      "transform_matrix": [
        [
          0.917267,
          -0.254803,
          0.3061,
          3.126683
        ],
        [
          -0.397295,
          -0.531553,
          0.748069,
          2.660016
        ],
        [
          -0.027902,
          -0.807791,
          -0.588808,
          1.406724
        ],
        [
          0.0,
          0.0,
          0.0,
          1.0
        ]
      ]
    },
    {
      "file_path": "/media/NFS/ttao/scannet/posed_images/scene0036_01/00038.jpg",
      "transform_matrix": [
        [
          0.905033,
          -0.267664,
          0.330564,
          3.12822
        ],
        [
          -0.424516,
          -0.520001,
          0.741205,
          2.683175
        ],
        [
          -0.0265,
          -0.811144,
          -0.584245,
          1.402628
        ],
        [
          0.0,
          0.0,
          0.0,
          1.0
        ]
      ]
    },
    {
      "file_path": "/media/NFS/ttao/scannet/posed_images/scene0036_01/00041.jpg",
      "transform_matrix": [
        [
          0.888668,
          -0.277367,
          0.365154,
          3.12835
        ],
        [
          -0.45825,
          -0.508304,
          0.729133,
          2.730041
        ],
        [
          -0.016628,
          -0.815288,
          -0.578817,
          1.40093
        ],
        [
          0.0,
          0.0,
          0.0,
          1.0
        ]
      ]
    },
    {
      "file_path": "/media/NFS/ttao/scannet/posed_images/scene0036_01/00042.jpg",
      "transform_matrix": [
        [
          0.882772,
          -0.283229,
          0.374826,
          3.12673
        ],
        [
          -0.469529,
          -0.504704,
          0.724443,
          2.743467
        ],
        [
          -0.016007,
          -0.815509,
          -0.578522,
          1.396129
        ],
        [
          0.0,
          0.0,
          0.0,
          1.0
        ]
      ]
    },
    {
      "file_path": "/media/NFS/ttao/scannet/posed_images/scene0036_01/00046.jpg",
      "transform_matrix": [
        [
          0.85543,
          -0.309437,
          0.415317,
          3.13056
        ],
        [
          -0.517713,
          -0.488321,
          0.702507,
          2.811154
        ],
        [
          -0.014574,
          -0.815961,
          -0.577924,
          1.39047
        ],
        [
          0.0,
          0.0,
          0.0,
          1.0
        ]
      ]
    },
    {
      "file_path": "/media/NFS/ttao/scannet/posed_images/scene0036_01/00048.jpg",
      "transform_matrix": [
        [
          0.841125,
          -0.321977,
          0.434556,
          3.129717
        ],
        [
          -0.540548,
          -0.474036,
          0.695053,
          2.843596
        ],
        [
          -0.017795,
          -0.819525,
          -0.572768,
          1.386503
        ],
        [
          0.0,
          0.0,
          0.0,
          1.0
        ]
      ]
    },
    {
      "file_path": "/media/NFS/ttao/scannet/posed_images/scene0036_01/00049.jpg",
      "transform_matrix": [
        [
          0.833194,
          -0.32951,
          0.444083,
          3.129473
        ],
        [
          -0.55269,
          -0.470191,
          0.688081,
          2.860093
        ],
        [
          -0.017926,
          -0.818745,
          -0.573877,
          1.384336
        ],
        [
          0.0,
          0.0,
          0.0,
          1.0
        ]
      ]
    },
    {
      "file_path": "/media/NFS/ttao/scannet/posed_images/scene0036_01/00052.jpg",
      "transform_matrix": [
        [
          0.807323,
          -0.353668,
          0.472386,
          3.126588
        ],
        [
          -0.58979,
          -0.45723,
          0.665649,
          2.912035
        ],
        [
          -0.01943,
          -0.816003,
          -0.577722,
          1.37965
        ],
        [
          0.0,
          0.0,
          0.0,
          1.0
        ]
      ]
    },
    {
      "file_path": "/media/NFS/ttao/scannet/posed_images/scene0036_01/00054.jpg",
      "transform_matrix": [
        [
          0.796073,
          -0.375614,
          0.474533,
          3.126527
        ],
        [
          -0.604539,
          -0.456881,
          0.652528,
          2.943967
        ],
        [
          -0.028293,
          -0.806333,
          -0.590785,
          1.37582
        ],
        [
          0.0,
          0.0,
          0.0,
          1.0
        ]
      ]
    },
    {
      "file_path": "/media/NFS/ttao/scannet/posed_images/scene0036_01/00058.jpg",
      "transform_matrix": [
        [
          0.747855,
          -0.392354,
          0.53551,
          3.130792
        ],
        [
          -0.663848,
          -0.436708,
          0.607117,
          2.999347
        ],
        [
          -0.004344,
          -0.809533,
          -0.587058,
          1.366422
        ],
        [
          0.0,
          0.0,
          0.0,
          1.0
        ]
      ]
    },
    {
      "file_path": "/media/NFS/ttao/scannet/posed_images/scene0036_01/00060.jpg",
      "transform_matrix": [
        [
          0.719844,
          -0.412439,
          0.558318,
          3.133293
        ],
        [
          -0.694104,
          -0.435339,
          0.573323,
          3.032737
        ],
        [
          0.006597,
          -0.800234,
          -0.599652,
          1.374866
        ],
        [
          0.0,
          0.0,
          0.0,
          1.0
        ]
      ]
    },
    {
      "file_path": "/media/NFS/ttao/scannet/posed_images/scene0036_01/00061.jpg",
      "transform_matrix": [
        [
          0.706587,
          -0.414185,
          0.573747,
          3.133209
        ],
        [
          -0.707523,
          -0.427376,
          0.562815,
          3.042652
        ],
        [
          0.012097,
          -0.803617,
          -0.595024,
          1.378077
        ],
        [
          0.0,
          0.0,
          0.0,
          1.0
        ]
      ]
    },
    {
      "file_path": "/media/NFS/ttao/scannet/posed_images/scene0036_01/00063.jpg",
      "transform_matrix": [
        [
          0.677363,
          -0.422294,
          0.602368,
          3.125339
        ],
        [
          -0.735293,
          -0.41411,
          0.536523,
          3.056849
        ],
        [
          0.022877,
          -0.806338,
          -0.591013,
          1.374362
        ],
        [
          0.0,
          0.0,
          0.0,
          1.0
        ]
      ]
    },
    {
      "file_path": "/media/NFS/ttao/scannet/posed_images/scene0036_01/00066.jpg",
      "transform_matrix": [
        [
          0.633525,
          -0.442975,
          0.634365,
          3.111004
        ],
        [
          -0.773344,
          -0.388155,
          0.501273,
          3.074924
        ],
        [
          0.024181,
          -0.808152,
          -0.588478,
          1.377482
        ],
        [
          0.0,
          0.0,
          0.0,
          1.0
        ]
      ]
    },
    {
      "file_path": "/media/NFS/ttao/scannet/posed_images/scene0036_01/00070.jpg",
      "transform_matrix": [
        [
          0.559962,
          -0.474086,
          0.679474,
          3.08811
        ],
        [
          -0.827934,
          -0.350977,
          0.437425,
          3.087502
        ],
        [
          0.031103,
          -0.807501,
          -0.589046,
          1.378395
        ],
        [
          0.0,
          0.0,
          0.0,
          1.0
        ]
      ]
    },
    {
      "file_path": "/media/NFS/ttao/scannet/posed_images/scene0036_01/00071.jpg",
      "transform_matrix": [
        [
          0.547467,
          -0.482382,
          0.683804,
          3.079324
        ],
        [
          -0.836466,
          -0.339443,
          0.430235,
          3.086047
        ],
        [
          0.024575,
          -0.807519,
          -0.58933,
          1.375111
        ],
        [
          0.0,
          0.0,
          0.0,
          1.0
        ]
      ]
    },
    {
      "file_path": "/media/NFS/ttao/scannet/posed_images/scene0036_01/00073.jpg",
      "transform_matrix": [
        [
          0.523608,
          -0.50118,
          0.68895,
          3.070166
        ],
        [
          -0.851709,
          -0.327545,
          0.409031,
          3.087815
        ],
        [
          0.020664,
          -0.800957,
          -0.598365,
          1.376246
        ],
        [
          0.0,
          0.0,
          0.0,
          1.0
        ]
      ]
    },
    {
      "file_path": "/media/NFS/ttao/scannet/posed_images/scene0036_01/00077.jpg",
      "transform_matrix": [
        [
          0.455999,
          -0.525312,
          0.718409,
          3.05247
        ],
        [
          -0.889547,
          -0.294219,
          0.349488,
          3.083303
        ],
        [
          0.027779,
          -0.798425,
          -0.601454,
          1.367514
        ],
        [
          0.0,
          0.0,
          0.0,
          1.0
        ]
      ]
    },
    {
      "file_path": "/media/NFS/ttao/scannet/posed_images/scene0036_01/00079.jpg",
      "transform_matrix": [
        [
          0.430445,
          -0.54116,
          0.722401,
          3.047242
        ],
        [
          -0.902188,
          -0.282611,
          0.325864,
          3.07999
        ],
        [
          0.027814,
          -0.792008,
          -0.609877,
          1.36581
        ],
        [
          0.0,
          0.0,
          0.0,
          1.0
        ]
      ]
    },
    {
      "file_path": "/media/NFS/ttao/scannet/posed_images/scene0036_01/00081.jpg",
      "transform_matrix": [
        [
          0.401637,
          -0.553134,
          0.729884,
          3.047168
        ],
        [
          -0.915214,
          -0.270912,
          0.298312,
          3.079898
        ],
        [
          0.032728,
          -0.787813,
          -0.615045,
          1.37123
        ],
        [
          0.0,
          0.0,
          0.0,
          1.0
        ]
      ]
    },
    {
      "file_path": "/media/NFS/ttao/scannet/posed_images/scene0036_01/00084.jpg",
      "transform_matrix": [
        [
          0.36475,
          -0.556384,
          0.746589,
          3.046254
        ],
        [
          -0.93051,
          -0.246491,
          0.270911,
          3.070263
        ],
        [
          0.033297,
          -0.793523,
          -0.607628,
          1.374538
        ],
        [
          0.0,
          0.0,
          0.0,
          1.0
        ]
      ]
    },
    {
      "file_path": "/media/NFS/ttao/scannet/posed_images/scene0036_01/00086.jpg",
      "transform_matrix": [
        [
          0.339362,
          -0.561311,
          0.754827,
          3.057001
        ],
        [
          -0.940064,
          -0.230831,
          0.25099,
          3.067251
        ],
        [
          0.033355,
          -0.794762,
          -0.606004,
          1.386782
        ],
        [
          0.0,
          0.0,
          0.0,
          1.0
        ]
      ]
    },
    {
      "file_path": "/media/NFS/ttao/scannet/posed_images/scene0036_01/00087.jpg",
      "transform_matrix": [
        [
          0.324637,
          -0.557168,
          0.764313,
          3.062119
        ],
        [
          -0.945102,
          -0.222959,
          0.238894,
          3.061648
        ],
        [
          0.037306,
          -0.799908,
          -0.598962,
          1.388669
        ],
        [
          0.0,
          0.0,
          0.0,
          1.0
        ]
      ]
    },
    {
      "file_path": "/media/NFS/ttao/scannet/posed_images/scene0036_01/00091.jpg",
      "transform_matrix": [
        [
          0.262843,
          -0.551412,
          0.791744,
          3.07638
        ],
        [
          -0.96384,
          -0.187382,
          0.189472,
          3.048295
        ],
        [
          0.043882,
          -0.812917,
          -0.580725,
          1.386553
        ],
        [
          0.0,
          0.0,
          0.0,
          1.0
        ]
      ]
    },
    {
      "file_path": "/media/NFS/ttao/scannet/posed_images/scene0036_01/00093.jpg",
      "transform_matrix": [
        [
          0.239319,
          -0.547854,
          0.801613,
          3.088584
        ],
        [
          -0.969846,
          -0.174081,
          0.17057,
          3.042274
        ],
        [
          0.046098,
          -0.818262,
          -0.572995,
          1.386828
        ],
        [
          0.0,
          0.0,
          0.0,
          1.0
        ]
      ]
    },
    {
      "file_path": "/media/NFS/ttao/scannet/posed_images/scene0036_01/00094.jpg",
      "transform_matrix": [
        [
          0.226793,
          -0.54633,
          0.806281,
          3.095967
        ],
        [
          -0.972759,
          -0.167867,
          0.159875,
          3.041257
        ],
        [
          0.048003,
          -0.820576,
          -0.569519,
          1.387594
        ],
        [
          0.0,
          0.0,
          0.0,
          1.0
        ]
      ]
    },
    {
      "file_path": "/media/NFS/ttao/scannet/posed_images/scene0036_01/00097.jpg",
      "transform_matrix": [
        [
          0.184924,
          -0.55047,
          0.814117,
          3.116585
        ],
        [
          -0.981624,
          -0.143151,
          0.126181,
          3.043332
        ],
        [
          0.047083,
          -0.822491,
          -0.566827,
          1.382982
        ],
        [
          0.0,
          0.0,
          0.0,
          1.0
        ]
      ]
    },
    {
      "file_path": "/media/NFS/ttao/scannet/posed_images/scene0036_01/00100.jpg",
      "transform_matrix": [
        [
          0.138614,
          -0.568391,
          0.810998,
          3.151974
        ],
        [
          -0.989526,
          -0.112823,
          0.090055,
          3.054709
        ],
        [
          0.040313,
          -0.814987,
          -0.578076,
          1.382162
        ],
        [
          0.0,
          0.0,
          0.0,
          1.0
        ]
      ]
    },
    {
      "file_path": "/media/NFS/ttao/scannet/posed_images/scene0036_01/00101.jpg",
      "transform_matrix": [
        [
          0.124835,
          -0.573483,
          0.80965,
          3.166686
        ],
        [
          -0.991442,
          -0.103518,
          0.079542,
          3.056908
        ],
        [
          0.038197,
          -0.812651,
          -0.581498,
          1.383826
        ],
        [
          0.0,
          0.0,
          0.0,
          1.0
        ]
      ]
    },
    {
      "file_path": "/media/NFS/ttao/scannet/posed_images/scene0036_01/00105.jpg",
      "transform_matrix": [
        [
          0.081309,
          -0.572847,
          0.81562,
          3.21683
        ],
        [
          -0.996391,
          -0.066722,
          0.052469,
          3.072728
        ],
        [
          0.024363,
          -0.816943,
          -0.576204,
          1.386894
        ],
        [
          0.0,
          0.0,
          0.0,
          1.0
        ]
      ]
    },
    {
      "file_path": "/media/NFS/ttao/scannet/posed_images/scene0036_01/00108.jpg",
      "transform_matrix": [
        [
          0.034725,
          -0.570528,
          0.820544,
          3.270453
        ],
        [
          -0.999176,
          -0.037091,
          0.016496,
          3.086678
        ],
        [
          0.021023,
          -0.820441,
          -0.571345,
          1.397724
        ],
        [
          0.0,
          0.0,
          0.0,
          1.0
        ]
      ]
    },
    {
      "file_path": "/media/NFS/ttao/scannet/posed_images/scene0036_01/00110.jpg",
      "transform_matrix": [
        [
          0.014052,
          -0.56544,
          0.82467,
          3.297291
        ],
        [
          -0.999854,
          -0.015977,
          0.006082,
          3.099514
        ],
        [
          0.009737,
          -0.824635,
          -0.565581,
          1.399299
        ],
        [
          0.0,
          0.0,
          0.0,
          1.0
        ]
      ]
    },
    {
      "file_path": "/media/NFS/ttao/scannet/posed_images/scene0036_01/00112.jpg",
      "transform_matrix": [
        [
          -0.005917,
          -0.56607,
          0.824336,
          3.330791
        ],
        [
          -0.999975,
          8.9e-05,
          -0.007117,
          3.100255
        ],
        [
          0.003955,
          -0.824357,
          -0.566056,
          1.406555
        ],
        [
          0.0,
          0.0,
          0.0,
          1.0
        ]
      ]
    },
    {
      "file_path": "/media/NFS/ttao/scannet/posed_images/scene0036_01/00115.jpg",
      "transform_matrix": [
        [
          -0.031346,
          -0.563697,
          0.825387,
          3.375573
        ],
        [
          -0.999455,
          0.026212,
          -0.020056,
          3.106432
        ],
        [
          -0.01033,
          -0.825566,
          -0.564211,
          1.410714
        ],
        [
          0.0,
          0.0,
          0.0,
          1.0
        ]
      ]
    },
    {
      "file_path": "/media/NFS/ttao/scannet/posed_images/scene0036_01/00117.jpg",
      "transform_matrix": [
        [
          -0.050565,
          -0.558592,
          0.8279,
          3.40727
        ],
        [
          -0.998593,
          0.04156,
          -0.032949,
          3.10516
        ],
        [
          -0.016003,
          -0.828401,
          -0.559907,
          1.416
        ],
        [
          0.0,
          0.0,
          0.0,
          1.0
        ]
      ]
    },
    {
      "file_path": "/media/NFS/ttao/scannet/posed_images/scene0036_01/00119.jpg",
      "transform_matrix": [
        [
          -0.075707,
          -0.552269,
          0.830222,
          3.433878
        ],
        [
          -0.99687,
          0.060947,
          -0.050362,
          3.104818
        ],
        [
          -0.022786,
          -0.831436,
          -0.555154,
          1.416142
        ],
        [
          0.0,
          0.0,
          0.0,
          1.0
        ]
      ]
    },
    {
      "file_path": "/media/NFS/ttao/scannet/posed_images/scene0036_01/00120.jpg",
      "transform_matrix": [
        [
          -0.091645,
          -0.553019,
          0.828113,
          3.450875
        ],
        [
          -0.995437,
          0.07307,
          -0.061366,
          3.109115
        ],
        [
          -0.026574,
          -0.829958,
          -0.557192,
          1.41987
        ],
        [
          0.0,
          0.0,
          0.0,
          1.0
        ]
      ]
    },
    {
      "file_path": "/media/NFS/ttao/scannet/posed_images/scene0036_01/00123.jpg",
      "transform_matrix": [
        [
          -0.128791,
          -0.546994,
          0.82717,
          3.492252
        ],
        [
          -0.991056,
          0.100379,
          -0.087929,
          3.106025
        ],
        [
          -0.034934,
          -0.831096,
          -0.55503,
          1.426723
        ],
        [
          0.0,
          0.0,
          0.0,
          1.0
        ]
      ]
    },
    {
      "file_path": "/media/NFS/ttao/scannet/posed_images/scene0036_01/00125.jpg",
      "transform_matrix": [
        [
          -0.156599,
          -0.53652,
          0.82923,
          3.514663
        ],
        [
          -0.987102,
          0.113307,
          -0.113102,
          3.108288
        ],
        [
          -0.033276,
          -0.836246,
          -0.547344,
          1.42851
        ],
        [
          0.0,
          0.0,
          0.0,
          1.0
        ]
      ]
    },
    {
      "file_path": "/media/NFS/ttao/scannet/posed_images/scene0036_01/00127.jpg",
      "transform_matrix": [
        [
          -0.174669,
          -0.534141,
          0.827154,
          3.52931
        ],
        [
          -0.984209,
          0.119199,
          -0.130861,
          3.115552
        ],
        [
          -0.028698,
          -0.83695,
          -0.546527,
          1.422775
        ],
        [
          0.0,
          0.0,
          0.0,
          1.0
        ]
      ]
    },
    {
      "file_path": "/media/NFS/ttao/scannet/posed_images/scene0036_01/00130.jpg",
      "transform_matrix": [
        [
          -0.205401,
          -0.527144,
          0.824579,
          3.559223
        ],
        [
          -0.978612,
          0.120417,
          -0.166789,
          3.128953
        ],
        [
          -0.011371,
          -0.841201,
          -0.540603,
          1.432228
        ],
        [
          0.0,
          0.0,
          0.0,
          1.0
        ]
      ]
    },
    {
      "file_path": "/media/NFS/ttao/scannet/posed_images/scene0036_01/00132.jpg",
      "transform_matrix": [
        [
          -0.229587,
          -0.52053,
          0.822398,
          3.572186
        ],
        [
          -0.973253,
          0.129935,
          -0.189459,
          3.140616
        ],
        [
          -0.008239,
          -0.843899,
          -0.536439,
          1.431357
        ],
        [
          0.0,
          0.0,
          0.0,
          1.0
        ]
      ]
    },
    {
      "file_path": "/media/NFS/ttao/scannet/posed_images/scene0036_01/00135.jpg",
      "transform_matrix": [
        [
          -0.271143,
          -0.517414,
          0.811643,
          3.592409
        ],
        [
          -0.962318,
          0.163799,
          -0.217058,
          3.156152
        ],
        [
          -0.020638,
          -0.839913,
          -0.542329,
          1.436017
        ],
        [
          0.0,
          0.0,
          0.0,
          1.0
        ]
      ]
    },
    {
      "file_path": "/media/NFS/ttao/scannet/posed_images/scene0036_01/00138.jpg",
      "transform_matrix": [
        [
          -0.32432,
          -0.51593,
          0.792864,
          3.608512
        ],
        [
          -0.945682,
          0.196714,
          -0.258824,
          3.16558
        ],
        [
          -0.022432,
          -0.833738,
          -0.551704,
          1.436848
        ],
        [
          0.0,
          0.0,
          0.0,
          1.0
        ]
      ]
    },
    {
      "file_path": "/media/NFS/ttao/scannet/posed_images/scene0036_01/00141.jpg",
      "transform_matrix": [
        [
          -0.365501,
          -0.52356,
          0.769607,
          3.633029
        ],
        [
          -0.930679,
          0.219481,
          -0.292686,
          3.177505
        ],
        [
          -0.015675,
          -0.823234,
          -0.567487,
          1.45028
        ],
        [
          0.0,
          0.0,
          0.0,
          1.0
        ]
      ]
    },
    {
      "file_path": "/media/NFS/ttao/scannet/posed_images/scene0036_01/00143.jpg",
      "transform_matrix": [
        [
          -0.390419,
          -0.507212,
          0.768316,
          3.639641
        ],
        [
          -0.920519,
          0.228476,
          -0.316931,
          3.181297
        ],
        [
          -0.014791,
          -0.830985,
          -0.556099,
          1.447096
        ],
        [
          0.0,
          0.0,
          0.0,
          1.0
        ]
      ]
    },
    {
      "file_path": "/media/NFS/ttao/scannet/posed_images/scene0036_01/00144.jpg",
      "transform_matrix": [
        [
          -0.401198,
          -0.504768,
          0.764362,
          3.64213
        ],
        [
          -0.915909,
          0.232275,
          -0.327353,
          3.183957
        ],
        [
          -0.012305,
          -0.831419,
          -0.555509,
          1.442918
        ],
        [
          0.0,
          0.0,
          0.0,
          1.0
        ]
      ]
    },
    {
      "file_path": "/media/NFS/ttao/scannet/posed_images/scene0036_01/00148.jpg",
      "transform_matrix": [
        [
          -0.444958,
          -0.503081,
          0.740893,
          3.670186
        ],
        [
          -0.895477,
          0.239269,
          -0.375328,
          3.191742
        ],
        [
          0.011548,
          -0.830458,
          -0.556962,
          1.436694
        ],
        [
          0.0,
          0.0,
          0.0,
          1.0
        ]
      ]
    },
    {
      "file_path": "/media/NFS/ttao/scannet/posed_images/scene0036_01/00150.jpg",
      "transform_matrix": [
        [
          -0.465806,
          -0.497545,
          0.731761,
          3.685899
        ],
        [
          -0.884812,
          0.251149,
          -0.392468,
          3.193238
        ],
        [
          0.011489,
          -0.830285,
          -0.557221,
          1.426921
        ],
        [
          0.0,
          0.0,
          0.0,
          1.0
        ]
      ]
    },
    {
      "file_path": "/media/NFS/ttao/scannet/posed_images/scene0036_01/00151.jpg",
      "transform_matrix": [
        [
          -0.476545,
          -0.492504,
          0.728247,
          3.692473
        ],
        [
          -0.879105,
          0.258534,
          -0.400419,
          3.19595
        ],
        [
          0.008932,
          -0.831023,
          -0.556166,
          1.420429
        ],
        [
          0.0,
          0.0,
          0.0,
          1.0
        ]
      ]
    },
    {
      "file_path": "/media/NFS/ttao/scannet/posed_images/scene0036_01/00155.jpg",
      "transform_matrix": [
        [
          -0.528384,
          -0.478254,
          0.701487,
          3.74254
        ],
        [
          -0.849004,
          0.295822,
          -0.437815,
          3.189174
        ],
        [
          0.001871,
          -0.826899,
          -0.562347,
          1.410502
        ],
        [
          0.0,
          0.0,
          0.0,
          1.0
        ]
      ]
    },
    {
      "file_path": "/media/NFS/ttao/scannet/posed_images/scene0036_01/00157.jpg",
      "transform_matrix": [
        [
          -0.552131,
          -0.469018,
          0.689328,
          3.772903
        ],
        [
          -0.833741,
          0.315796,
          -0.452933,
          3.184493
        ],
        [
          -0.005253,
          -0.8248,
          -0.5654,
          1.407629
        ],
        [
          0.0,
          0.0,
          0.0,
          1.0
        ]
      ]
    },
    {
      "file_path": "/media/NFS/ttao/scannet/posed_images/scene0036_01/00158.jpg",
      "transform_matrix": [
        [
          -0.559788,
          -0.463536,
          0.686856,
          3.782725
        ],
        [
          -0.828577,
          0.323034,
          -0.457285,
          3.182023
        ],
        [
          -0.009909,
          -0.825096,
          -0.564906,
          1.399596
        ],
        [
          0.0,
          0.0,
          0.0,
          1.0
        ]
      ]
    },
    {
      "file_path": "/media/NFS/ttao/scannet/posed_images/scene0036_01/00162.jpg",
      "transform_matrix": [
        [
          -0.610603,
          -0.451558,
          0.650585,
          3.843717
        ],
        [
          -0.791723,
          0.367188,
          -0.488209,
          3.171741
        ],
        [
          -0.018432,
          -0.813184,
          -0.581714,
          1.392164
        ],
        [
          0.0,
          0.0,
          0.0,
          1.0
        ]
      ]
    },
    {
      "file_path": "/media/NFS/ttao/scannet/posed_images/scene0036_01/00164.jpg",
      "transform_matrix": [
        [
          -0.630332,
          -0.431375,
          0.645443,
          3.878039
        ],
        [
          -0.7759,
          0.377576,
          -0.505386,
          3.160801
        ],
        [
          -0.025693,
          -0.819361,
          -0.572702,
          1.392041
        ],
        [
          0.0,
          0.0,
          0.0,
          1.0
        ]
      ]
    },
    {
      "file_path": "/media/NFS/ttao/scannet/posed_images/scene0036_01/00165.jpg",
      "transform_matrix": [
        [
          -0.639578,
          -0.427706,
          0.638755,
          3.886294
        ],
        [
          -0.768444,
          0.378221,
          -0.516181,
          3.157725
        ],
        [
          -0.020817,
          -0.820985,
          -0.57057,
          1.387836
        ],
        [
          0.0,
          0.0,
          0.0,
          1.0
        ]
      ]
    },
    {
      "file_path": "/media/NFS/ttao/scannet/posed_images/scene0036_01/00169.jpg",
      "transform_matrix": [
        [
          -0.683962,
          -0.428819,
          0.590179,
          3.920884
        ],
        [
          -0.729506,
          0.397354,
          -0.556715,
          3.142796
        ],
        [
          0.004219,
          -0.81131,
          -0.584601,
          1.382358
        ],
        [
          0.0,
          0.0,
          0.0,
          1.0
        ]
      ]
    },
    {
      "file_path": "/media/NFS/ttao/scannet/posed_images/scene0036_01/00170.jpg",
      "transform_matrix": [
        [
          -0.696511,
          -0.426459,
          0.577067,
          3.9298
        ],
        [
          -0.717517,
          0.406612,
          -0.565541,
          3.137817
        ],
        [
          0.006537,
          -0.80796,
          -0.589201,
          1.386744
        ],
        [
          0.0,
          0.0,
          0.0,
          1.0
        ]
      ]
    },
    {
      "file_path": "/media/NFS/ttao/scannet/posed_images/scene0036_01/00173.jpg",
      "transform_matrix": [
        [
          -0.726154,
          -0.415047,
          0.548121,
          3.940271
        ],
        [
          -0.687275,
          0.416375,
          -0.595219,
          3.131433
        ],
        [
          0.01882,
          -0.80893,
          -0.587604,
          1.374679
        ],
        [
          0.0,
          0.0,
          0.0,
          1.0
        ]
      ]
    },
    {
      "file_path": "/media/NFS/ttao/scannet/posed_images/scene0036_01/00175.jpg",
      "transform_matrix": [
        [
          -0.750245,
          -0.404385,
          0.523073,
          3.949624
        ],
        [
          -0.660819,
          0.433243,
          -0.612877,
          3.12555
        ],
        [
          0.021221,
          -0.805465,
          -0.592264,
          1.375093
        ],
        [
          0.0,
          0.0,
          0.0,
          1.0
        ]
      ]
    },
    {
      "file_path": "/media/NFS/ttao/scannet/posed_images/scene0036_01/00177.jpg",
      "transform_matrix": [
        [
          -0.775191,
          -0.388838,
          0.497879,
          3.954984
        ],
        [
          -0.631439,
          0.453165,
          -0.629226,
          3.119557
        ],
        [
          0.019045,
          -0.802151,
          -0.596817,
          1.375634
        ],
        [
          0.0,
          0.0,
          0.0,
          1.0
        ]
      ]
    },
    {
      "file_path": "/media/NFS/ttao/scannet/posed_images/scene0036_01/00180.jpg",
      "transform_matrix": [
        [
          -0.818572,
          -0.355559,
          0.451128,
          3.971392
        ],
        [
          -0.574318,
          0.493124,
          -0.653443,
          3.117056
        ],
        [
          0.009875,
          -0.793982,
          -0.607862,
          1.384913
        ],
        [
          0.0,
          0.0,
          0.0,
          1.0
        ]
      ]
    },
    {
      "file_path": "/media/NFS/ttao/scannet/posed_images/scene0036_01/00183.jpg",
      "transform_matrix": [
        [
          -0.852286,
          -0.321578,
          0.412549,
          3.971773
        ],
        [
          -0.523052,
          0.516399,
          -0.678047,
          3.113268
        ],
        [
          0.005005,
