{
  "frames": [
    {
      "file_path": "/media/NFS/ttao/scannet/posed_images/scene0614_01/00000.jpg",
      "transform_matrix": [
        [
          0.369463,
          -0.427991,
          0.824815,
          2.47924
        ],
        [
          -0.929232,
          -0.165339,
          0.330441,
          3.282962
        ],
        [
          -0.005052,
          -0.88853,
          -0.45879,
          1.515847
        ],
        [
          0.0,
          0.0,
          0.0,
          1.0
        ]
      ]
    },
    {
      "file_path": "/media/NFS/ttao/scannet/posed_images/scene0614_01/00003.jpg",
      "transform_matrix": [
        [
          0.367224,
          -0.430712,
          0.824399,
          2.481359
        ],
        [
          -0.930132,
          -0.169334,
          0.325853,
          3.281768
        ],
        [
          -0.00075,
          -0.886461,
          -0.462803,
          1.51427
        ],
        [
          0.0,
          0.0,
          0.0,
          1.0
        ]
      ]
    },
    {
      "file_path": "/media/NFS/ttao/scannet/posed_images/scene0614_01/00007.jpg",
      "transform_matrix": [
        [
          0.377719,
          -0.429538,
          0.82026,
          2.478798
        ],
        [
          -0.925881,
          -0.166998,
          0.338906,
          3.286574
        ],
        [
          -0.008591,
          -0.887473,
          -0.460779,
          1.512061
        ],
        [
          0.0,
          0.0,
          0.0,
          1.0
        ]
      ]
    },
    {
      "file_path": "/media/NFS/ttao/scannet/posed_images/scene0614_01/00010.jpg",
      "transform_matrix": [
        [
          0.399782,
          -0.430783,
          0.809074,
          2.473802
        ],
        [
          -0.916425,
          -0.170085,
          0.362267,
          3.298454
        ],
        [
          -0.018447,
          -0.886283,
          -0.462777,
          1.514751
        ],
        [
          0.0,
          0.0,
          0.0,
          1.0
        ]
      ]
    },
    {
      "file_path": "/media/NFS/ttao/scannet/posed_images/scene0614_01/00014.jpg",
      "transform_matrix": [
        [
          0.468172,
          -0.433646,
          0.769913,
          2.468113
        ],
        [
          -0.883337,
          -0.206975,
          0.420568,
          3.307289
        ],
        [
          -0.023025,
          -0.876991,
          -0.479955,
          1.505773
        ],
        [
          0.0,
          0.0,
          0.0,
          1.0
        ]
      ]
    },
    {
      "file_path": "/media/NFS/ttao/scannet/posed_images/scene0614_01/00018.jpg",
      "transform_matrix": [
        [
          0.572499,
          -0.419969,
          0.704181,
          2.459196
        ],
        [
          -0.818887,
          -0.250078,
          0.516609,
          3.317505
        ],
        [
          -0.04086,
          -0.872403,
          -0.487076,
          1.489466
        ],
        [
          0.0,
          0.0,
          0.0,
          1.0
        ]
      ]
    },
    {
      "file_path": "/media/NFS/ttao/scannet/posed_images/scene0614_01/00021.jpg",
      "transform_matrix": [
        [
          0.637598,
          -0.402079,
          0.657116,
          2.437963
        ],
        [
          -0.769211,
          -0.285515,
          0.571661,
          3.345851
        ],
        [
          -0.042236,
          -0.86995,
          -0.491328,
          1.475618
        ],
        [
          0.0,
          0.0,
          0.0,
          1.0
        ]
      ]
    },
    {
      "file_path": "/media/NFS/ttao/scannet/posed_images/scene0614_01/00025.jpg",
      "transform_matrix": [
        [
          0.707181,
          -0.39582,
          0.585851,
          2.431951
        ],
        [
          -0.704274,
          -0.321228,
          0.633096,
          3.35748
        ],
        [
          -0.062401,
          -0.860314,
          -0.505932,
          1.458503
        ],
        [
          0.0,
          0.0,
          0.0,
          1.0
        ]
      ]
    },
    {
      "file_path": "/media/NFS/ttao/scannet/posed_images/scene0614_01/00028.jpg",
      "transform_matrix": [
        [
          0.728482,
          -0.401667,
          0.554957,
          2.422659
        ],
        [
          -0.681203,
          -0.338825,
          0.648968,
          3.361731
        ],
        [
          -0.072636,
          -0.850801,
          -0.520445,
          1.437158
        ],
        [
          0.0,
          0.0,
          0.0,
          1.0
        ]
      ]
    },
    {
      "file_path": "/media/NFS/ttao/scannet/posed_images/scene0614_01/00031.jpg",
      "transform_matrix": [
        [
          0.726349,
          -0.426047,
          0.539353,
          2.417692
        ],
        [
          -0.682912,
          -0.358554,
          0.636451,
          3.361382
        ],
        [
          -0.077771,
          -0.830616,
          -0.551388,
          1.414352
        ],
        [
          0.0,
          0.0,
          0.0,
          1.0
        ]
      ]
    },
    {
      "file_path": "/media/NFS/ttao/scannet/posed_images/scene0614_01/00038.jpg",
      "transform_matrix": [
        [
          0.644926,
          -0.542567,
          0.53823,
          2.437852
        ],
        [
          -0.759492,
          -0.376595,
          0.530422,
          3.335427
        ],
        [
          -0.085095,
          -0.750865,
          -0.654951,
          1.358708
        ],
        [
          0.0,
          0.0,
          0.0,
          1.0
        ]
      ]
    },
    {
      "file_path": "/media/NFS/ttao/scannet/posed_images/scene0614_01/00040.jpg",
      "transform_matrix": [
        [
          0.591923,
          -0.588815,
          0.550385,
          2.456138
        ],
        [
          -0.801309,
          -0.35639,
          0.48051,
          3.324419
        ],
        [
          -0.086781,
          -0.725453,
          -0.682778,
          1.356074
        ],
        [
          0.0,
          0.0,
          0.0,
          1.0
        ]
      ]
    },
    {
      "file_path": "/media/NFS/ttao/scannet/posed_images/scene0614_01/00045.jpg",
      "transform_matrix": [
        [
          0.446717,
          -0.64798,
          0.6169,
          2.503615
        ],
        [
          -0.892823,
          -0.278524,
          0.353966,
          3.297258
        ],
        [
          -0.057542,
          -0.708905,
          -0.702953,
          1.363735
        ],
        [
          0.0,
          0.0,
          0.0,
          1.0
        ]
      ]
    },
    {
      "file_path": "/media/NFS/ttao/scannet/posed_images/scene0614_01/00047.jpg",
      "transform_matrix": [
        [
          0.384563,
          -0.647295,
          0.658118,
          2.52376
        ],
        [
          -0.922128,
          -0.236701,
          0.306026,
          3.280095
        ],
        [
          -0.042312,
          -0.724556,
          -0.687916,
          1.373794
        ],
        [
          0.0,
          0.0,
          0.0,
          1.0
        ]
      ]
    },
    {
      "file_path": "/media/NFS/ttao/scannet/posed_images/scene0614_01/00050.jpg",
      "transform_matrix": [
        [
          0.304032,
          -0.635913,
          0.709351,
          2.562198
        ],
        [
          -0.952439,
          -0.186777,
          0.24078,
          3.256972
        ],
        [
          -0.020625,
          -0.748818,
          -0.662454,
          1.409162
        ],
        [
          0.0,
          0.0,
          0.0,
          1.0
        ]
      ]
    },
    {
      "file_path": "/media/NFS/ttao/scannet/posed_images/scene0614_01/00056.jpg",
      "transform_matrix": [
        [
          0.155504,
          -0.549033,
          0.821207,
          2.646063
        ],
        [
          -0.987789,
          -0.09445,
          0.123901,
          3.214437
        ],
        [
          0.009537,
          -0.830447,
          -0.557017,
          1.474835
        ],
        [
          0.0,
          0.0,
          0.0,
          1.0
        ]
      ]
    },
    {
      "file_path": "/media/NFS/ttao/scannet/posed_images/scene0614_01/00059.jpg",
      "transform_matrix": [
        [
          0.088775,
          -0.494683,
          0.864527,
          2.685583
        ],
        [
          -0.9952,
          -0.079936,
          0.056454,
          3.19837
        ],
        [
          0.041179,
          -0.86539,
          -0.499405,
          1.496487
        ],
        [
          0.0,
          0.0,
          0.0,
          1.0
        ]
      ]
    },
    {
      "file_path": "/media/NFS/ttao/scannet/posed_images/scene0614_01/00062.jpg",
      "transform_matrix": [
        [
          0.063612,
          -0.438012,
          0.896715,
          2.73166
        ],
        [
          -0.997268,
          -0.061717,
          0.040599,
          3.143547
        ],
        [
          0.03756,
          -0.896848,
          -0.440741,
          1.506956
        ],
        [
          0.0,
          0.0,
          0.0,
          1.0
        ]
      ]
    },
    {
      "file_path": "/media/NFS/ttao/scannet/posed_images/scene0614_01/00064.jpg",
      "transform_matrix": [
        [
          0.0388,
          -0.401334,
          0.915109,
          2.766482
        ],
        [
          -0.998326,
          -0.054886,
          0.018257,
          3.131592
        ],
        [
          0.042899,
          -0.914286,
          -0.402792,
          1.517709
        ],
        [
          0.0,
          0.0,
          0.0,
          1.0
        ]
      ]
    },
    {
      "file_path": "/media/NFS/ttao/scannet/posed_images/scene0614_01/00070.jpg",
      "transform_matrix": [
        [
          -0.031996,
          -0.301536,
          0.952917,
          2.903388
        ],
        [
          -0.99832,
          -0.036444,
          -0.045052,
          3.054678
        ],
        [
          0.048313,
          -0.952758,
          -0.299864,
          1.574399
        ],
        [
          0.0,
          0.0,
          0.0,
          1.0
        ]
      ]
    },
    {
      "file_path": "/media/NFS/ttao/scannet/posed_images/scene0614_01/00073.jpg",
      "transform_matrix": [
        [
          -0.058862,
          -0.26463,
          0.962552,
          2.960121
        ],
        [
          -0.997468,
          -0.022962,
          -0.06731,
          3.02246
        ],
        [
          0.039914,
          -0.964077,
          -0.262609,
          1.591551
        ],
        [
          0.0,
          0.0,
          0.0,
          1.0
        ]
      ]
    },
    {
      "file_path": "/media/NFS/ttao/scannet/posed_images/scene0614_01/00075.jpg",
      "transform_matrix": [
        [
          -0.096118,
          -0.267252,
          0.958821,
          2.993675
        ],
        [
          -0.994777,
          -0.007455,
          -0.101801,
          3.006807
        ],
        [
          0.034354,
          -0.963598,
          -0.265139,
          1.587645
        ],
        [
          0.0,
          0.0,
          0.0,
          1.0
        ]
      ]
    },
    {
      "file_path": "/media/NFS/ttao/scannet/posed_images/scene0614_01/00079.jpg",
      "transform_matrix": [
        [
          -0.130231,
          -0.29754,
          0.945785,
          3.057605
        ],
        [
          -0.991482,
          0.037619,
          -0.124688,
          2.95503
        ],
        [
          0.00152,
          -0.953968,
          -0.299905,
          1.57407
        ],
        [
          0.0,
          0.0,
          0.0,
          1.0
        ]
      ]
    },
    {
      "file_path": "/media/NFS/ttao/scannet/posed_images/scene0614_01/00085.jpg",
      "transform_matrix": [
        [
          -0.185251,
          -0.383415,
          0.904806,
          3.149852
        ],
        [
          -0.982598,
          0.084946,
          -0.165182,
          2.863072
        ],
        [
          -0.013527,
          -0.919661,
          -0.392479,
          1.540725
        ],
        [
          0.0,
          0.0,
          0.0,
          1.0
        ]
      ]
    },
    {
      "file_path": "/media/NFS/ttao/scannet/posed_images/scene0614_01/00086.jpg",
      "transform_matrix": [
        [
          -0.179618,
          -0.393424,
          0.90164,
          3.160752
        ],
        [
          -0.983573,
          0.08851,
          -0.15732,
          2.844231
        ],
        [
          -0.017911,
          -0.915086,
          -0.40286,
          1.529217
        ],
        [
          0.0,
          0.0,
          0.0,
          1.0
        ]
      ]
    },
    {
      "file_path": "/media/NFS/ttao/scannet/posed_images/scene0614_01/00091.jpg",
      "transform_matrix": [
        [
          -0.14091,
          -0.456035,
          0.878736,
          3.230818
        ],
        [
          -0.989743,
          0.085985,
          -0.114087,
          2.737291
        ],
        [
          -0.023531,
          -0.885799,
          -0.463473,
          1.497448
        ],
        [
          0.0,
          0.0,
          0.0,
          1.0
        ]
      ]
    },
    {
      "file_path": "/media/NFS/ttao/scannet/posed_images/scene0614_01/00094.jpg",
      "transform_matrix": [
        [
          -0.116994,
          -0.4688,
          0.875522,
          3.270271
        ],
        [
          -0.992907,
          0.073997,
          -0.093058,
          2.668993
        ],
        [
          -0.021161,
          -0.880199,
          -0.474132,
          1.494833
        ],
        [
          0.0,
          0.0,
          0.0,
          1.0
        ]
      ]
    },
    {
      "file_path": "/media/NFS/ttao/scannet/posed_images/scene0614_01/00100.jpg",
      "transform_matrix": [
        [
          -0.05409,
          -0.469475,
          0.881287,
          3.33373
        ],
        [
          -0.998386,
          0.010126,
          -0.055883,
          2.558094
        ],
        [
          0.017312,
          -0.882887,
          -0.469265,
          1.499438
        ],
        [
          0.0,
          0.0,
          0.0,
          1.0
        ]
      ]
    },
    {
      "file_path": "/media/NFS/ttao/scannet/posed_images/scene0614_01/00101.jpg",
      "transform_matrix": [
        [
          -0.039656,
          -0.475665,
          0.878732,
          3.346711
        ],
        [
          -0.999004,
          0.000882,
          -0.044606,
          2.541463
        ],
        [
          0.020443,
          -0.879626,
          -0.475226,
          1.504363
        ],
        [
          0.0,
          0.0,
          0.0,
          1.0
        ]
      ]
    },
    {
      "file_path": "/media/NFS/ttao/scannet/posed_images/scene0614_01/00105.jpg",
      "transform_matrix": [
        [
          -0.047545,
          -0.478334,
          0.87689,
          3.39064
        ],
        [
          -0.997994,
          -0.013981,
          -0.061738,
          2.475952
        ],
        [
          0.041791,
          -0.878067,
          -0.47671,
          1.510255
        ],
        [
          0.0,
          0.0,
          0.0,
          1.0
        ]
      ]
    },
    {
      "file_path": "/media/NFS/ttao/scannet/posed_images/scene0614_01/00109.jpg",
      "transform_matrix": [
        [
          -0.134983,
          -0.447222,
          0.884178,
          3.425421
        ],
        [
          -0.989273,
          0.01053,
          -0.145701,
          2.418338
        ],
        [
          0.05585,
          -0.894361,
          -0.443846,
          1.517443
        ],
        [
          0.0,
          0.0,
          0.0,
          1.0
        ]
      ]
    },
    {
      "file_path": "/media/NFS/ttao/scannet/posed_images/scene0614_01/00114.jpg",
      "transform_matrix": [
        [
          -0.264144,
          -0.384299,
          0.884614,
          3.454947
        ],
        [
          -0.962524,
          0.046607,
          -0.267161,
          2.355866
        ],
        [
          0.061441,
          -0.922031,
          -0.382208,
          1.524751
        ],
        [
          0.0,
          0.0,
          0.0,
          1.0
        ]
      ]
    },
    {
      "file_path": "/media/NFS/ttao/scannet/posed_images/scene0614_01/00116.jpg",
      "transform_matrix": [
        [
          -0.319885,
          -0.359952,
          0.876418,
          3.470788
        ],
        [
          -0.944909,
          0.05342,
          -0.322943,
          2.340294
        ],
        [
          0.069426,
          -0.93144,
          -0.35721,
          1.529899
        ],
        [
          0.0,
          0.0,
          0.0,
          1.0
        ]
      ]
    },
    {
      "file_path": "/media/NFS/ttao/scannet/posed_images/scene0614_01/00122.jpg",
      "transform_matrix": [
        [
          -0.502125,
          -0.333095,
          0.798071,
          3.508702
        ],
        [
          -0.860629,
          0.102005,
          -0.498911,
          2.27548
        ],
        [
          0.084778,
          -0.937359,
          -0.337891,
          1.541996
        ],
        [
          0.0,
          0.0,
          0.0,
          1.0
        ]
      ]
    },
    {
      "file_path": "/media/NFS/ttao/scannet/posed_images/scene0614_01/00123.jpg",
      "transform_matrix": [
        [
          -0.533502,
          -0.327981,
          0.779618,
          3.51379
        ],
        [
          -0.841811,
          0.116497,
          -0.527051,
          2.268602
        ],
        [
          0.082039,
          -0.937474,
          -0.338249,
          1.540132
        ],
        [
          0.0,
          0.0,
          0.0,
          1.0
        ]
      ]
    },
    {
      "file_path": "/media/NFS/ttao/scannet/posed_images/scene0614_01/00126.jpg",
      "transform_matrix": [
        [
          -0.61545,
          -0.330753,
          0.715418,
          3.535209
        ],
        [
          -0.783341,
          0.156302,
          -0.601619,
          2.260106
        ],
        [
          0.087167,
          -0.930684,
          -0.355289,
          1.544986
        ],
        [
          0.0,
          0.0,
          0.0,
          1.0
        ]
      ]
    },
    {
      "file_path": "/media/NFS/ttao/scannet/posed_images/scene0614_01/00129.jpg",
      "transform_matrix": [
        [
          -0.671395,
          -0.340806,
          0.658088,
          3.548125
        ],
        [
          -0.735468,
          0.197141,
          -0.648246,
          2.257356
        ],
        [
          0.09119,
          -0.919232,
          -0.383011,
          1.548722
        ],
        [
          0.0,
          0.0,
          0.0,
          1.0
        ]
      ]
    },
    {
      "file_path": "/media/NFS/ttao/scannet/posed_images/scene0614_01/00136.jpg",
      "transform_matrix": [
        [
          -0.719611,
          -0.367987,
          0.58885,
          3.502275
        ],
        [
          -0.687459,
          0.258149,
          -0.678793,
          2.274528
        ],
        [
          0.097776,
          -0.893278,
          -0.438743,
          1.544816
        ],
        [
          0.0,
          0.0,
          0.0,
          1.0
        ]
      ]
    },
    {
      "file_path": "/media/NFS/ttao/scannet/posed_images/scene0614_01/00139.jpg",
      "transform_matrix": [
        [
          -0.733722,
          -0.360001,
          0.576239,
          3.468123
        ],
        [
          -0.673487,
          0.273232,
          -0.686847,
          2.313002
        ],
        [
          0.089819,
          -0.892045,
          -0.442932,
          1.539662
        ],
        [
          0.0,
          0.0,
          0.0,
          1.0
        ]
      ]
    },
    {
      "file_path": "/media/NFS/ttao/scannet/posed_images/scene0614_01/00140.jpg",
      "transform_matrix": [
        [
          -0.735244,
          -0.358565,
          0.575193,
          3.456474
        ],
        [
          -0.672384,
          0.278756,
          -0.685708,
          2.325817
        ],
        [
          0.085532,
          -0.890913,
          -0.446047,
          1.543883
        ],
        [
          0.0,
          0.0,
          0.0,
          1.0
        ]
      ]
    },
    {
      "file_path": "/media/NFS/ttao/scannet/posed_images/scene0614_01/00144.jpg",
      "transform_matrix": [
        [
          -0.73246,
          -0.333962,
          0.593272,
          3.382332
        ],
        [
          -0.678514,
          0.28658,
          -0.67638,
          2.397151
        ],
        [
          0.055865,
          -0.897965,
          -0.436506,
          1.535153
        ],
        [
          0.0,
          0.0,
          0.0,
          1.0
        ]
      ]
    },
    {
      "file_path": "/media/NFS/ttao/scannet/posed_images/scene0614_01/00150.jpg",
      "transform_matrix": [
        [
          -0.758873,
          -0.329503,
          0.561729,
          3.26607
        ],
        [
          -0.649893,
          0.327743,
          -0.685729,
          2.529259
        ],
        [
          0.041847,
          -0.885445,
          -0.462856,
          1.51033
        ],
        [
          0.0,
          0.0,
          0.0,
          1.0
        ]
      ]
    },
    {
      "file_path": "/media/NFS/ttao/scannet/posed_images/scene0614_01/00151.jpg",
      "transform_matrix": [
        [
          -0.758719,
          -0.333712,
          0.559448,
          3.248851
        ],
        [
          -0.650394,
          0.339931,
          -0.67929,
          2.546073
        ],
        [
          0.036514,
          -0.879252,
          -0.474956,
          1.512515
        ],
        [
          0.0,
          0.0,
          0.0,
          1.0
        ]
      ]
    },
    {
      "file_path": "/media/NFS/ttao/scannet/posed_images/scene0614_01/00156.jpg",
      "transform_matrix": [
        [
          -0.784931,
          -0.337787,
          0.519406,
          3.187794
        ],
        [
          -0.618301,
          0.373148,
          -0.691711,
          2.635003
        ],
        [
          0.039836,
          -0.864095,
          -0.501749,
          1.529698
        ],
        [
          0.0,
          0.0,
          0.0,
          1.0
        ]
      ]
    },
    {
      "file_path": "/media/NFS/ttao/scannet/posed_images/scene0614_01/00159.jpg",
      "transform_matrix": [
        [
          -0.812807,
          -0.30649,
          0.495387,
          3.156796
        ],
        [
          -0.581706,
          0.381748,
          -0.718252,
          2.686988
        ],
        [
          0.031025,
          -0.87197,
          -0.488575,
          1.52404
        ],
        [
          0.0,
          0.0,
          0.0,
          1.0
        ]
      ]
    },
    {
      "file_path": "/media/NFS/ttao/scannet/posed_images/scene0614_01/00165.jpg",
      "transform_matrix": [
        [
          -0.870909,
          -0.267438,
          0.412303,
          3.120176
        ],
        [
          -0.490759,
          0.42898,
          -0.758375,
          2.787179
        ],
        [
          0.025948,
          -0.862817,
          -0.504851,
          1.496239
        ],
        [
          0.0,
          0.0,
          0.0,
          1.0
        ]
      ]
    },
    {
      "file_path": "/media/NFS/ttao/scannet/posed_images/scene0614_01/00166.jpg",
      "transform_matrix": [
        [
          -0.879347,
          -0.258755,
          0.399743,
          3.115475
        ],
        [
          -0.47576,
          0.442119,
          -0.760384,
          2.796565
        ],
        [
          0.020019,
          -0.858823,
          -0.511881,
          1.498561
        ],
        [
          0.0,
          0.0,
          0.0,
          1.0
        ]
      ]
    },
    {
      "file_path": "/media/NFS/ttao/scannet/posed_images/scene0614_01/00169.jpg",
      "transform_matrix": [
        [
          -0.903552,
          -0.231468,
          0.360578,
          3.09929
        ],
        [
          -0.428164,
          0.455525,
          -0.780495,
          2.849376
        ],
        [
          0.016407,
          -0.859604,
          -0.510697,
          1.479865
        ],
        [
          0.0,
          0.0,
          0.0,
          1.0
        ]
      ]
    },
    {
      "file_path": "/media/NFS/ttao/scannet/posed_images/scene0614_01/00174.jpg",
      "transform_matrix": [
        [
          -0.944045,
          -0.194019,
          0.266712,
          3.062906
        ],
        [
          -0.328779,
          0.489533,
          -0.807627,
          2.927845
        ],
        [
          0.02613,
          -0.850126,
          -0.525931,
          1.465758
        ],
        [
          0.0,
          0.0,
          0.0,
          1.0
        ]
      ]
    },
    {
      "file_path": "/media/NFS/ttao/scannet/posed_images/scene0614_01/00179.jpg",
      "transform_matrix": [
        [
          -0.974545,
          -0.172474,
          0.14323,
          3.036508
        ],
        [
          -0.2121,
          0.502304,
          -0.838275,
          2.995045
        ],
        [
          0.072636,
          -0.847315,
          -0.526099,
          1.466709
        ],
        [
          0.0,
          0.0,
          0.0,
          1.0
        ]
      ]
    },
    {
      "file_path": "/media/NFS/ttao/scannet/posed_images/scene0614_01/00180.jpg",
      "transform_matrix": [
        [
          -0.971549,
          -0.187687,
          0.144448,
          2.984614
        ],
        [
          -0.220803,
          0.497208,
          -0.839065,
          2.994194
        ],
        [
          0.085661,
          -0.847088,
          -0.524504,
          1.47473
        ],
        [
          0.0,
          0.0,
          0.0,
          1.0
        ]
      ]
    },
    {
      "file_path": "/media/NFS/ttao/scannet/posed_images/scene0614_01/00187.jpg",
      "transform_matrix": [
        [
          -0.987397,
          -0.139879,
          0.074038,
          2.952978
        ],
        [
          -0.131166,
          0.461487,
          -0.877397,
          3.032372
        ],
        [
          0.088561,
          -0.87605,
          -0.474018,
          1.500622
        ],
        [
          0.0,
          0.0,
          0.0,
          1.0
        ]
      ]
    },
    {
      "file_path": "/media/NFS/ttao/scannet/posed_images/scene0614_01/00189.jpg",
      "transform_matrix": [
        [
          -0.989253,
          -0.121124,
          0.081892,
          2.942039
        ],
        [
          -0.128072,
          0.447659,
          -0.884985,
          3.043536
        ],
        [
          0.070533,
          -0.885963,
          -0.458361,
          1.500524
        ],
        [
          0.0,
          0.0,
          0.0,
          1.0
        ]
      ]
    },
    {
      "file_path": "/media/NFS/ttao/scannet/posed_images/scene0614_01/00192.jpg",
      "transform_matrix": [
        [
          -0.992654,
          -0.091358,
          0.079316,
          2.930687
        ],
        [
          -0.11217,
          0.44931,
          -0.886306,
          3.056239
        ],
        [
          0.045334,
          -0.888693,
          -0.456257,
          1.497805
        ],
        [
          0.0,
          0.0,
          0.0,
          1.0
        ]
      ]
    },
    {
      "file_path": "/media/NFS/ttao/scannet/posed_images/scene0614_01/00194.jpg",
      "transform_matrix": [
        [
          -0.995537,
          -0.065904,
          0.067552,
          2.923084
        ],
        [
          -0.090249,
          0.455503,
          -0.885648,
          3.064429
        ],
        [
          0.027597,
          -0.887792,
          -0.459418,
          1.491416
        ],
        [
          0.0,
          0.0,
          0.0,
          1.0
        ]
      ]
    },
    {
      "file_path": "/media/NFS/ttao/scannet/posed_images/scene0614_01/00200.jpg",
      "transform_matrix": [
        [
          -0.999308,
          0.013211,
          -0.034763,
          2.898499
        ],
        [
          0.036695,
          0.502061,
          -0.864053,
          3.066925
        ],
        [
          0.006038,
          -0.864731,
          -0.502199,
          1.46893
        ],
        [
          0.0,
          0.0,
          0.0,
          1.0
        ]
      ]
    },
    {
      "file_path": "/media/NFS/ttao/scannet/posed_images/scene0614_01/00204.jpg",
      "transform_matrix": [
        [
          -0.989168,
          0.087793,
          -0.117643,
          2.902809
        ],
        [
          0.146263,
          0.521591,
          -0.840566,
          3.046946
        ],
        [
          -0.012434,
          -0.848667,
          -0.528781,
          1.45829
        ],
        [
          0.0,
          0.0,
          0.0,
          1.0
        ]
      ]
    },
    {
      "file_path": "/media/NFS/ttao/scannet/posed_images/scene0614_01/00205.jpg",
      "transform_matrix": [
        [
          -0.984315,
          0.107476,
          -0.139901,
          2.905748
        ],
        [
          0.175516,
          0.516459,
          -0.838131,
          3.046561
        ],
        [
          -0.017826,
          -0.84954,
          -0.527223,
          1.450873
        ],
        [
          0.0,
          0.0,
          0.0,
          1.0
        ]
      ]
    },
    {
      "file_path": "/media/NFS/ttao/scannet/posed_images/scene0614_01/00210.jpg",
      "transform_matrix": [
        [
          -0.941796,
          0.226997,
          -0.247977,
          2.904301
        ],
        [
          0.332002,
          0.512,
          -0.792231,
          3.039356
        ],
        [
          -0.05287,
          -0.828449,
          -0.557563,
          1.432754
        ],
        [
          0.0,
          0.0,
          0.0,
          1.0
        ]
      ]
    },
    {
      "file_path": "/media/NFS/ttao/scannet/posed_images/scene0614_01/00214.jpg",
      "transform_matrix": [
        [
          -0.871239,
          0.34647,
          -0.347708,
          2.906204
        ],
        [
          0.484703,
          0.495412,
          -0.720853,
          3.039772
        ],
        [
          -0.077496,
          -0.796571,
          -0.599557,
          1.412547
        ],
        [
          0.0,
          0.0,
          0.0,
          1.0
        ]
      ]
    },
    {
      "file_path": "/media/NFS/ttao/scannet/posed_images/scene0614_01/00216.jpg",
      "transform_matrix": [
        [
          -0.834189,
          0.388604,
          -0.3913,
          2.900453
        ],
        [
          0.54633,
          0.485604,
          -0.68243,
          3.041696
        ],
        [
          -0.075178,
          -0.783055,
          -0.617392,
          1.408111
        ],
        [
          0.0,
          0.0,
          0.0,
          1.0
        ]
      ]
    },
    {
      "file_path": "/media/NFS/ttao/scannet/posed_images/scene0614_01/00220.jpg",
      "transform_matrix": [
        [
          -0.771224,
          0.438052,
          -0.46187,
          2.853646
        ],
        [
          0.63433,
          0.468128,
          -0.615209,
          3.066661
        ],
        [
          -0.053279,
          -0.767442,
          -0.638901,
          1.40695
        ],
        [
          0.0,
          0.0,
          0.0,
          1.0
        ]
      ]
    },
    {
      "file_path": "/media/NFS/ttao/scannet/posed_images/scene0614_01/00224.jpg",
      "transform_matrix": [
        [
          -0.676013,
          0.492299,
          -0.548313,
          2.828196
        ],
        [
          0.735746,
          0.409488,
          -0.539442,
          3.083315
        ],
        [
          -0.04104,
          -0.768089,
          -0.639026,
          1.409248
        ],
        [
          0.0,
          0.0,
          0.0,
          1.0
        ]
      ]
    },
    {
      "file_path": "/media/NFS/ttao/scannet/posed_images/scene0614_01/00227.jpg",
      "transform_matrix": [
        [
          -0.61145,
          0.516404,
          -0.599546,
          2.809599
        ],
        [
          0.789618,
          0.349079,
          -0.504625,
          3.098363
        ],
        [
          -0.051302,
          -0.781966,
          -0.621207,
          1.417465
        ],
        [
          0.0,
          0.0,
          0.0,
          1.0
        ]
      ]
    },
    {
      "file_path": "/media/NFS/ttao/scannet/posed_images/scene0614_01/00231.jpg",
      "transform_matrix": [
        [
          -0.556309,
          0.507859,
          -0.657723,
          2.769562
        ],
        [
          0.828893,
          0.283156,
          -0.48245,
          3.131619
        ],
        [
          -0.058779,
          -0.813574,
          -0.578483,
          1.442093
        ],
        [
          0.0,
          0.0,
          0.0,
          1.0
        ]
      ]
    },
    {
      "file_path": "/media/NFS/ttao/scannet/posed_images/scene0614_01/00237.jpg",
      "transform_matrix": [
        [
          -0.485657,
          0.458974,
          -0.743962,
          2.752769
        ],
        [
          0.869923,
          0.170176,
          -0.462898,
          3.152378
        ],
        [
          -0.085854,
          -0.871999,
          -0.481919,
          1.485685
        ],
        [
          0.0,
          0.0,
          0.0,
          1.0
        ]
      ]
    },
    {
      "file_path": "/media/NFS/ttao/scannet/posed_images/scene0614_01/00240.jpg",
      "transform_matrix": [
        [
          -0.473552,
          0.429615,
          -0.768882,
          2.736346
        ],
        [
          0.87711,
          0.150573,
          -0.456077,
          3.169588
        ],
        [
          -0.080165,
          -0.89037,
          -0.448124,
          1.512654
        ],
        [
          0.0,
          0.0,
          0.0,
          1.0
        ]
      ]
    },
    {
      "file_path": "/media/NFS/ttao/scannet/posed_images/scene0614_01/00244.jpg",
      "transform_matrix": [
        [
          -0.43829,
          0.398468,
          -0.805683,
          2.73173
        ],
        [
          0.894666,
          0.107182,
          -0.433687,
          3.176835
        ],
        [
          -0.086455,
          -0.910898,
          -0.403473,
          1.534429
        ],
        [
          0.0,
          0.0,
          0.0,
          1.0
        ]
      ]
    },
    {
      "file_path": "/media/NFS/ttao/scannet/posed_images/scene0614_01/00247.jpg",
      "transform_matrix": [
        [
          -0.421175,
          0.377139,
          -0.82485,
          2.731185
        ],
        [
          0.90284,
          0.087542,
          -0.420971,
          3.178676
        ],
        [
          -0.086556,
          -0.92201,
          -0.377367,
          1.549351
        ],
        [
          0.0,
          0.0,
          0.0,
          1.0
        ]
      ]
    },
    {
      "file_path": "/media/NFS/ttao/scannet/posed_images/scene0614_01/00252.jpg",
      "transform_matrix": [
        [
          -0.414674,
          0.332389,
          -0.847091,
          2.722248
        ],
        [
          0.906007,
          0.064026,
          -0.418392,
          3.191985
        ],
        [
          -0.084833,
          -0.940967,
          -0.327697,
          1.578954
        ],
        [
          0.0,
          0.0,
          0.0,
          1.0
        ]
      ]
    },
    {
      "file_path": "/media/NFS/ttao/scannet/posed_images/scene0614_01/00253.jpg",
      "transform_matrix": [
        [
          -0.414992,
          0.319472,
          -0.851892,
          2.721388
        ],
        [
          0.906181,
          0.061419,
          -0.418406,
          3.193799
        ],
        [
          -0.081347,
          -0.945603,
          -0.314987,
          1.586701
        ],
        [
          0.0,
          0.0,
          0.0,
          1.0
        ]
      ]
    },
    {
      "file_path": "/media/NFS/ttao/scannet/posed_images/scene0614_01/00256.jpg",
      "transform_matrix": [
        [
          -0.406213,
          0.276506,
          -0.87094,
          2.717663
        ],
        [
          0.911472,
          0.054927,
          -0.407679,
          3.196255
        ],
        [
          -0.064887,
          -0.959441,
          -0.274339,
          1.608518
        ],
        [
          0.0,
          0.0,
          0.0,
          1.0
        ]
      ]
    },
    {
      "file_path": "/media/NFS/ttao/scannet/posed_images/scene0614_01/00261.jpg",
      "transform_matrix": [
        [
          -0.376731,
          0.218886,
          -0.90009,
          2.694322
        ],
        [
          0.923897,
          0.018519,
          -0.382192,
          3.216604
        ],
        [
          -0.066988,
          -0.975575,
          -0.209205,
          1.645672
        ],
        [
          0.0,
          0.0,
          0.0,
          1.0
        ]
      ]
    },
    {
      "file_path": "/media/NFS/ttao/scannet/posed_images/scene0614_01/00266.jpg",
      "transform_matrix": [
        [
          -0.29672,
          0.163395,
          -0.940882,
          2.689628
        ],
        [
          0.954572,
          0.022494,
          -0.297131,
          3.203332
        ],
        [
          -0.027386,
          -0.986304,
          -0.162647,
          1.670503
        ],
        [
          0.0,
          0.0,
          0.0,
          1.0
        ]
      ]
    },
    {
      "file_path": "/media/NFS/ttao/scannet/posed_images/scene0614_01/00269.jpg",
      "transform_matrix": [
        [
          -0.234989,
          0.139696,
          -0.961907,
          2.681679
        ],
        [
          0.971998,
          0.033949,
          -0.232524,
          3.197299
        ],
        [
          0.000173,
          -0.989612,
          -0.143762,
          1.676623
        ],
        [
          0.0,
          0.0,
          0.0,
          1.0
        ]
      ]
    },
    {
      "file_path": "/media/NFS/ttao/scannet/posed_images/scene0614_01/00274.jpg",
      "transform_matrix": [
        [
          -0.162135,
          0.12553,
          -0.978752,
          2.654151
        ],
        [
          0.986594,
          0.039295,
          -0.158394,
          3.209848
        ],
        [
          0.018577,
          -0.991311,
          -0.130218,
          1.68598
        ],
        [
          0.0,
          0.0,
          0.0,
          1.0
        ]
      ]
    },
    {
      "file_path": "/media/NFS/ttao/scannet/posed_images/scene0614_01/00275.jpg",
      "transform_matrix": [
        [
          -0.143846,
          0.120253,
          -0.982266,
          2.64903
        ],
        [
          0.989281,
          0.042663,
          -0.13965,
          3.211035
        ],
        [
          0.025113,
          -0.991826,
          -0.125101,
          1.682519
        ],
        [
          0.0,
          0.0,
          0.0,
          1.0
        ]
      ]
    },
    {
      "file_path": "/media/NFS/ttao/scannet/posed_images/scene0614_01/00279.jpg",
      "transform_matrix": [
        [
          -0.071457,
          0.099023,
          -0.992516,
          2.628318
        ],
        [
          0.996938,
          0.038766,
          -0.067908,
          3.222325
        ],
        [
          0.031751,
