{
  "frames": [
    {
      "file_path": "/media/NFS/ttao/scannet/posed_images/scene0092_03/00000.jpg",
      "transform_matrix": [
        [
          -0.692214,
          -0.315436,
          0.649107,
          3.821575
        ],
        [
          -0.721679,
          0.297057,
          -0.625249,
          2.242879
        ],
        [
          0.004404,
          -0.901253,
          -0.43327,
          1.313161
        ],
        [
          0.0,
          0.0,
          0.0,
          1.0
        ]
      ]
    },
    {
      "file_path": "/media/NFS/ttao/scannet/posed_images/scene0092_03/00011.jpg",
      "transform_matrix": [
        [
          -0.75651,
          -0.321007,
          0.569778,
          3.722842
        ],
        [
          -0.652915,
          0.320957,
          -0.686068,
          2.325878
        ],
        [
          0.037359,
          -0.891034,
          -0.452397,
          1.304141
        ],
        [
          0.0,
          0.0,
          0.0,
          1.0
        ]
      ]
    },
    {
      "file_path": "/media/NFS/ttao/scannet/posed_images/scene0092_03/00023.jpg",
      "transform_matrix": [
        [
          -0.918331,
          -0.251499,
          0.305641,
          3.568716
        ],
        [
          -0.391154,
          0.458495,
          -0.797986,
          2.339546
        ],
        [
          0.060558,
          -0.852368,
          -0.519424,
          1.30272
        ],
        [
          0.0,
          0.0,
          0.0,
          1.0
        ]
      ]
    },
    {
      "file_path": "/media/NFS/ttao/scannet/posed_images/scene0092_03/00034.jpg",
      "transform_matrix": [
        [
          -0.98347,
          -0.134522,
          0.1212,
          3.525827
        ],
        [
          -0.167663,
          0.423811,
          -0.890097,
          2.379946
        ],
        [
          0.068372,
          -0.895705,
          -0.43936,
          1.322546
        ],
        [
          0.0,
          0.0,
          0.0,
          1.0
        ]
      ]
    },
    {
      "file_path": "/media/NFS/ttao/scannet/posed_images/scene0092_03/00040.jpg",
      "transform_matrix": [
        [
          -0.993874,
          -0.10435,
          0.036412,
          3.559962
        ],
        [
          -0.074986,
          0.394662,
          -0.915761,
          2.418212
        ],
        [
          0.081189,
          -0.912882,
          -0.400069,
          1.339957
        ],
        [
          0.0,
          0.0,
          0.0,
          1.0
        ]
      ]
    },
    {
      "file_path": "/media/NFS/ttao/scannet/posed_images/scene0092_03/00051.jpg",
      "transform_matrix": [
        [
          -0.995434,
          -0.089904,
          -0.032057,
          3.614895
        ],
        [
          0.00568,
          0.279458,
          -0.960141,
          2.508152
        ],
        [
          0.095279,
          -0.955939,
          -0.277672,
          1.385523
        ],
        [
          0.0,
          0.0,
          0.0,
          1.0
        ]
      ]
    },
    {
      "file_path": "/media/NFS/ttao/scannet/posed_images/scene0092_03/00054.jpg",
      "transform_matrix": [
        [
          -0.995228,
          -0.091534,
          -0.033798,
          3.617974
        ],
        [
          0.008063,
          0.268047,
          -0.963372,
          2.525149
        ],
        [
          0.097241,
          -0.959048,
          -0.26603,
          1.384378
        ],
        [
          0.0,
          0.0,
          0.0,
          1.0
        ]
      ]
    },
    {
      "file_path": "/media/NFS/ttao/scannet/posed_images/scene0092_03/00065.jpg",
      "transform_matrix": [
        [
          -0.98424,
          -0.060811,
          0.16605,
          3.587244
        ],
        [
          -0.175804,
          0.235285,
          -0.955894,
          2.610554
        ],
        [
          0.01906,
          -0.970022,
          -0.242268,
          1.395866
        ],
        [
          0.0,
          0.0,
          0.0,
          1.0
        ]
      ]
    },
    {
      "file_path": "/media/NFS/ttao/scannet/posed_images/scene0092_03/00076.jpg",
      "transform_matrix": [
        [
          -0.945277,
          -0.113586,
          0.305857,
          3.519298
        ],
        [
          -0.325687,
          0.272598,
          -0.905328,
          2.702586
        ],
        [
          0.019457,
          -0.9554,
          -0.294674,
          1.369816
        ],
        [
          0.0,
          0.0,
          0.0,
          1.0
        ]
      ]
    },
    {
      "file_path": "/media/NFS/ttao/scannet/posed_images/scene0092_03/00090.jpg",
      "transform_matrix": [
        [
          -0.99856,
          -0.020914,
          -0.049389,
          3.515572
        ],
        [
          0.038966,
          0.349882,
          -0.935983,
          2.740362
        ],
        [
          0.036855,
          -0.93656,
          -0.348563,
          1.335334
        ],
        [
          0.0,
          0.0,
          0.0,
          1.0
        ]
      ]
    },
    {
      "file_path": "/media/NFS/ttao/scannet/posed_images/scene0092_03/00096.jpg",
      "transform_matrix": [
        [
          -0.977383,
          0.017913,
          -0.210716,
          3.545231
        ],
        [
          0.203093,
          0.357266,
          -0.911654,
          2.748096
        ],
        [
          0.058951,
          -0.933831,
          -0.352824,
          1.31263
        ],
        [
          0.0,
          0.0,
          0.0,
          1.0
        ]
      ]
    },
    {
      "file_path": "/media/NFS/ttao/scannet/posed_images/scene0092_03/00107.jpg",
      "transform_matrix": [
        [
          -0.895257,
          0.107184,
          -0.432464,
          3.553002
        ],
        [
          0.440817,
          0.35417,
          -0.824769,
          2.754808
        ],
        [
          0.064764,
          -0.929018,
          -0.364322,
          1.281134
        ],
        [
          0.0,
          0.0,
          0.0,
          1.0
        ]
      ]
    },
    {
      "file_path": "/media/NFS/ttao/scannet/posed_images/scene0092_03/00116.jpg",
      "transform_matrix": [
        [
          -0.818572,
          0.177473,
          -0.546299,
          3.473109
        ],
        [
          0.571209,
          0.351683,
          -0.741647,
          2.775238
        ],
        [
          0.060502,
          -0.919142,
          -0.389252,
          1.283731
        ],
        [
          0.0,
          0.0,
          0.0,
          1.0
        ]
      ]
    },
    {
      "file_path": "/media/NFS/ttao/scannet/posed_images/scene0092_03/00121.jpg",
      "transform_matrix": [
        [
          -0.796257,
          0.205397,
          -0.569023,
          3.428191
        ],
        [
          0.602103,
          0.360348,
          -0.712475,
          2.808993
        ],
        [
          0.058706,
          -0.909924,
          -0.4106,
          1.273168
        ],
        [
          0.0,
          0.0,
          0.0,
          1.0
        ]
      ]
    },
    {
      "file_path": "/media/NFS/ttao/scannet/posed_images/scene0092_03/00136.jpg",
      "transform_matrix": [
        [
          -0.632623,
          0.341961,
          -0.694875,
          3.374702
        ],
        [
          0.772848,
          0.336618,
          -0.537955,
          2.926582
        ],
        [
          0.049947,
          -0.877355,
          -0.477236,
          1.236051
        ],
        [
          0.0,
          0.0,
          0.0,
          1.0
        ]
      ]
    },
    {
      "file_path": "/media/NFS/ttao/scannet/posed_images/scene0092_03/00144.jpg",
      "transform_matrix": [
        [
          -0.604761,
          0.360688,
          -0.710048,
          3.380037
        ],
        [
          0.796162,
          0.29593,
          -0.52778,
          3.011542
        ],
        [
          0.019761,
          -0.884494,
          -0.466134,
          1.243732
        ],
        [
          0.0,
          0.0,
          0.0,
          1.0
        ]
      ]
    },
    {
      "file_path": "/media/NFS/ttao/scannet/posed_images/scene0092_03/00152.jpg",
      "transform_matrix": [
        [
          -0.569761,
          0.386726,
          -0.725131,
          3.419086
        ],
        [
          0.821667,
          0.284572,
          -0.493845,
          3.100806
        ],
        [
          0.015369,
          -0.87719,
          -0.479898,
          1.228179
        ],
        [
          0.0,
          0.0,
          0.0,
          1.0
        ]
      ]
    },
    {
      "file_path": "/media/NFS/ttao/scannet/posed_images/scene0092_03/00164.jpg",
      "transform_matrix": [
        [
          -0.478563,
          0.46049,
          -0.747613,
          3.439514
        ],
        [
          0.878026,
          0.244259,
          -0.411592,
          3.148331
        ],
        [
          -0.006923,
          -0.853397,
          -0.521216,
          1.204016
        ],
        [
          0.0,
          0.0,
          0.0,
          1.0
        ]
      ]
    },
    {
      "file_path": "/media/NFS/ttao/scannet/posed_images/scene0092_03/00169.jpg",
      "transform_matrix": [
        [
          -0.438697,
          0.471183,
          -0.7652,
          3.440557
        ],
        [
          0.898633,
          0.228332,
          -0.374597,
          3.126175
        ],
        [
          -0.001784,
          -0.851969,
          -0.523589,
          1.205371
        ],
        [
          0.0,
          0.0,
          0.0,
          1.0
        ]
      ]
    },
    {
      "file_path": "/media/NFS/ttao/scannet/posed_images/scene0092_03/00181.jpg",
      "transform_matrix": [
        [
          -0.326458,
          0.454244,
          -0.828907,
          3.461226
        ],
        [
          0.94505,
          0.173084,
          -0.277349,
          2.979811
        ],
        [
          0.017487,
          -0.873902,
          -0.485788,
          1.220206
        ],
        [
          0.0,
          0.0,
          0.0,
          1.0
        ]
      ]
    },
    {
      "file_path": "/media/NFS/ttao/scannet/posed_images/scene0092_03/00192.jpg",
      "transform_matrix": [
        [
          -0.250236,
          0.444504,
          -0.860115,
          3.428478
        ],
        [
          0.9674,
          0.150562,
          -0.203639,
          2.880873
        ],
        [
          0.038983,
          -0.883033,
          -0.467689,
          1.227391
        ],
        [
          0.0,
          0.0,
          0.0,
          1.0
        ]
      ]
    },
    {
      "file_path": "/media/NFS/ttao/scannet/posed_images/scene0092_03/00200.jpg",
      "transform_matrix": [
        [
          -0.224209,
          0.452305,
          -0.863221,
          3.347362
        ],
        [
          0.974484,
          0.094476,
          -0.203605,
          2.791326
        ],
        [
          -0.010538,
          -0.886845,
          -0.461947,
          1.23649
        ],
        [
          0.0,
          0.0,
          0.0,
          1.0
        ]
      ]
    },
    {
      "file_path": "/media/NFS/ttao/scannet/posed_images/scene0092_03/00206.jpg",
      "transform_matrix": [
        [
          -0.200018,
          0.442655,
          -0.874099,
          3.297944
        ],
        [
          0.97979,
          0.092229,
          -0.177497,
          2.720013
        ],
        [
          0.002048,
          -0.891936,
          -0.452156,
          1.249256
        ],
        [
          0.0,
          0.0,
          0.0,
          1.0
        ]
      ]
    },
    {
      "file_path": "/media/NFS/ttao/scannet/posed_images/scene0092_03/00217.jpg",
      "transform_matrix": [
        [
          -0.078096,
          0.385947,
          -0.919209,
          3.243999
        ],
        [
          0.996868,
          0.041772,
          -0.067155,
          2.581063
        ],
        [
          0.012479,
          -0.921575,
          -0.388,
          1.28606
        ],
        [
          0.0,
          0.0,
          0.0,
          1.0
        ]
      ]
    },
    {
      "file_path": "/media/NFS/ttao/scannet/posed_images/scene0092_03/00226.jpg",
      "transform_matrix": [
        [
          0.032357,
          0.353091,
          -0.935029,
          3.207959
        ],
        [
          0.998966,
          0.018453,
          0.041537,
          2.492777
        ],
        [
          0.03192,
          -0.935407,
          -0.352129,
          1.307934
        ],
        [
          0.0,
          0.0,
          0.0,
          1.0
        ]
      ]
    },
    {
      "file_path": "/media/NFS/ttao/scannet/posed_images/scene0092_03/00237.jpg",
      "transform_matrix": [
        [
          0.135338,
          0.296962,
          -0.945249,
          3.140066
        ],
        [
          0.990478,
          -0.016259,
          0.136706,
          2.468337
        ],
        [
          0.025228,
          -0.954751,
          -0.296335,
          1.317536
        ],
        [
          0.0,
          0.0,
          0.0,
          1.0
        ]
      ]
    },
    {
      "file_path": "/media/NFS/ttao/scannet/posed_images/scene0092_03/00243.jpg",
      "transform_matrix": [
        [
          0.198376,
          0.274287,
          -0.940964,
          3.092297
        ],
        [
          0.980078,
          -0.064982,
          0.18768,
          2.469233
        ],
        [
          -0.009667,
          -0.95945,
          -0.281714,
          1.32712
        ],
        [
          0.0,
          0.0,
          0.0,
          1.0
        ]
      ]
    },
    {
      "file_path": "/media/NFS/ttao/scannet/posed_images/scene0092_03/00260.jpg",
      "transform_matrix": [
        [
          0.534829,
          0.291976,
          -0.792911,
          2.976015
        ],
        [
          0.84496,
          -0.184933,
          0.501839,
          2.400855
        ],
        [
          -0.00011,
          -0.938376,
          -0.345616,
          1.320661
        ],
        [
          0.0,
          0.0,
          0.0,
          1.0
        ]
      ]
    },
    {
      "file_path": "/media/NFS/ttao/scannet/posed_images/scene0092_03/00263.jpg",
      "transform_matrix": [
        [
          0.576046,
          0.288203,
          -0.764925,
          2.96484
        ],
        [
          0.81739,
          -0.210767,
          0.536145,
          2.380429
        ],
        [
          -0.006702,
          -0.934086,
          -0.356985,
          1.316719
        ],
        [
          0.0,
          0.0,
          0.0,
          1.0
        ]
      ]
    },
    {
      "file_path": "/media/NFS/ttao/scannet/posed_images/scene0092_03/00271.jpg",
      "transform_matrix": [
        [
          0.70964,
          0.27418,
          -0.649027,
          2.950512
        ],
        [
          0.704522,
          -0.286301,
          0.64937,
          2.345616
        ],
        [
          -0.007772,
          -0.918073,
          -0.396336,
          1.308748
        ],
        [
          0.0,
          0.0,
          0.0,
          1.0
        ]
      ]
    },
    {
      "file_path": "/media/NFS/ttao/scannet/posed_images/scene0092_03/00282.jpg",
      "transform_matrix": [
        [
          0.840668,
          0.230569,
          -0.490015,
          2.995911
        ],
        [
          0.541551,
          -0.358193,
          0.76054,
          2.328486
        ],
        [
          -0.000163,
          -0.90473,
          -0.425987,
          1.300942
        ],
        [
          0.0,
          0.0,
          0.0,
          1.0
        ]
      ]
    },
    {
      "file_path": "/media/NFS/ttao/scannet/posed_images/scene0092_03/00294.jpg",
      "transform_matrix": [
        [
          0.93199,
          0.127085,
          -0.339476,
          3.070554
        ],
        [
          0.360485,
          -0.423178,
          0.831246,
          2.249668
        ],
        [
          -0.03802,
          -0.897089,
          -0.44021,
          1.30683
        ],
        [
          0.0,
          0.0,
          0.0,
          1.0
        ]
      ]
    },
    {
      "file_path": "/media/NFS/ttao/scannet/posed_images/scene0092_03/00305.jpg",
      "transform_matrix": [
        [
          0.990717,
          0.027134,
          -0.133205,
          3.057688
        ],
        [
          0.131796,
          -0.431841,
          0.892269,
          2.218585
        ],
        [
          -0.033313,
          -0.901542,
          -0.431408,
          1.319548
        ],
        [
          0.0,
          0.0,
          0.0,
          1.0
        ]
      ]
    },
    {
      "file_path": "/media/NFS/ttao/scannet/posed_images/scene0092_03/00308.jpg",
      "transform_matrix": [
        [
          0.99643,
          0.003803,
          -0.084337,
          3.033626
        ],
        [
          0.077483,
          -0.437853,
          0.895702,
          2.21601
        ],
        [
          -0.033521,
          -0.899038,
          -0.436585,
          1.321665
        ],
        [
          0.0,
          0.0,
          0.0,
          1.0
        ]
      ]
    },
    {
      "file_path": "/media/NFS/ttao/scannet/posed_images/scene0092_03/00325.jpg",
      "transform_matrix": [
        [
          0.941273,
          -0.140093,
          0.307209,
          2.990161
        ],
        [
          -0.337107,
          -0.441268,
          0.83165,
          2.20579
        ],
        [
          0.019053,
          -0.886373,
          -0.46258,
          1.294813
        ],
        [
          0.0,
          0.0,
          0.0,
          1.0
        ]
      ]
    },
    {
      "file_path": "/media/NFS/ttao/scannet/posed_images/scene0092_03/00333.jpg",
      "transform_matrix": [
        [
          0.902407,
          -0.190195,
          0.386637,
          3.0259
        ],
        [
          -0.430762,
          -0.419724,
          0.798922,
          2.189936
        ],
        [
          0.01033,
          -0.887501,
          -0.460691,
          1.294711
        ],
        [
          0.0,
          0.0,
          0.0,
          1.0
        ]
      ]
    },
    {
      "file_path": "/media/NFS/ttao/scannet/posed_images/scene0092_03/00339.jpg",
      "transform_matrix": [
        [
          0.873333,
          -0.216372,
          0.436432,
          3.036979
        ],
        [
          -0.487095,
          -0.397548,
          0.77762,
          2.173108
        ],
        [
          0.005248,
          -0.891706,
          -0.452586,
          1.287812
        ],
        [
          0.0,
          0.0,
          0.0,
          1.0
        ]
      ]
    },
    {
      "file_path": "/media/NFS/ttao/scannet/posed_images/scene0092_03/00347.jpg",
      "transform_matrix": [
        [
          0.843934,
          -0.275011,
          0.460591,
          3.091972
        ],
        [
          -0.535681,
          -0.38617,
          0.750945,
          2.109953
        ],
        [
          -0.028652,
          -0.880478,
          -0.47322,
          1.268614
        ],
        [
          0.0,
          0.0,
          0.0,
          1.0
        ]
      ]
    },
    {
      "file_path": "/media/NFS/ttao/scannet/posed_images/scene0092_03/00356.jpg",
      "transform_matrix": [
        [
          0.802312,
          -0.358186,
          0.477491,
          3.149584
        ],
        [
          -0.593656,
          -0.395487,
          0.70083,
          2.042138
        ],
        [
          -0.062186,
          -0.84575,
          -0.529943,
          1.251144
        ],
        [
          0.0,
          0.0,
          0.0,
          1.0
        ]
      ]
    },
    {
      "file_path": "/media/NFS/ttao/scannet/posed_images/scene0092_03/00364.jpg",
      "transform_matrix": [
        [
          0.727409,
          -0.434384,
          0.531212,
          3.204993
        ],
        [
          -0.681263,
          -0.364414,
          0.634889,
          2.000224
        ],
        [
          -0.082204,
          -0.823719,
          -0.561008,
          1.249982
        ],
        [
          0.0,
          0.0,
          0.0,
          1.0
        ]
      ]
    },
    {
      "file_path": "/media/NFS/ttao/scannet/posed_images/scene0092_03/00378.jpg",
      "transform_matrix": [
        [
          0.5161,
          -0.505721,
          0.691294,
          3.236714
        ],
        [
          -0.855909,
          -0.273793,
          0.438701,
          2.088649
        ],
        [
          -0.032589,
          -0.818098,
          -0.574155,
          1.237979
        ],
        [
          0.0,
          0.0,
          0.0,
          1.0
        ]
      ]
    },
    {
      "file_path": "/media/NFS/ttao/scannet/posed_images/scene0092_03/00384.jpg",
      "transform_matrix": [
        [
          0.446727,
          -0.549563,
          0.705985,
          3.239728
        ],
        [
          -0.894469,
          -0.257575,
          0.365488,
          2.144913
        ],
        [
          -0.019014,
          -0.794755,
          -0.606633,
          1.235926
        ],
        [
          0.0,
          0.0,
          0.0,
          1.0
        ]
      ]
    },
    {
      "file_path": "/media/NFS/ttao/scannet/posed_images/scene0092_03/00401.jpg",
      "transform_matrix": [
        [
          0.167891,
          -0.587596,
          0.791545,
          3.332399
        ],
        [
          -0.985032,
          -0.131803,
          0.111088,
          2.223823
        ],
        [
          0.039053,
          -0.798347,
          -0.600929,
          1.223587
        ],
        [
          0.0,
          0.0,
          0.0,
          1.0
        ]
      ]
    },
    {
      "file_path": "/media/NFS/ttao/scannet/posed_images/scene0092_03/00409.jpg",
      "transform_matrix": [
        [
          -0.01864,
          -0.594489,
          0.803888,
          3.374618
        ],
        [
          -0.998387,
          -0.032053,
          -0.046854,
          2.310603
        ],
        [
          0.053621,
          -0.803465,
          -0.592933,
          1.229591
        ],
        [
          0.0,
          0.0,
          0.0,
          1.0
        ]
      ]
    },
    {
      "file_path": "/media/NFS/ttao/scannet/posed_images/scene0092_03/00412.jpg",
      "transform_matrix": [
        [
          -0.089379,
          -0.5961,
          0.797919,
          3.389441
        ],
        [
          -0.993965,
          0.00223,
          -0.109674,
          2.318968
        ],
        [
          0.063598,
          -0.802907,
          -0.592703,
          1.229277
        ],
        [
          0.0,
          0.0,
          0.0,
          1.0
        ]
      ]
    },
    {
      "file_path": "/media/NFS/ttao/scannet/posed_images/scene0092_03/00423.jpg",
      "transform_matrix": [
        [
          -0.393792,
          -0.528673,
          0.751952,
          3.396104
        ],
        [
          -0.919027,
          0.210615,
          -0.333212,
          2.413573
        ],
        [
          0.017788,
          -0.822281,
          -0.568804,
          1.246985
        ],
        [
          0.0,
          0.0,
          0.0,
          1.0
        ]
      ]
    },
    {
      "file_path": "/media/NFS/ttao/scannet/posed_images/scene0092_03/00435.jpg",
      "transform_matrix": [
        [
          -0.635936,
          -0.447816,
          0.628527,
          3.362411
        ],
        [
          -0.769789,
          0.310171,
          -0.557871,
          2.505042
        ],
        [
          0.054872,
          -0.838603,
          -0.541972,
          1.27153
        ],
        [
          0.0,
          0.0,
          0.0,
          1.0
        ]
      ]
    },
    {
      "file_path": "/media/NFS/ttao/scannet/posed_images/scene0092_03/00446.jpg",
      "transform_matrix": [
        [
          -0.767239,
          -0.353703,
          0.535012,
          3.290849
        ],
        [
          -0.640535,
          0.380249,
          -0.667178,
          2.575629
        ],
        [
          0.032545,
          -0.854579,
          -0.518301,
          1.291141
        ],
        [
          0.0,
          0.0,
          0.0,
          1.0
        ]
      ]
    },
    {
      "file_path": "/media/NFS/ttao/scannet/posed_images/scene0092_03/00455.jpg",
      "transform_matrix": [
        [
          -0.849758,
          -0.274427,
          0.450113,
          3.242613
        ],
        [
          -0.527068,
          0.425174,
          -0.735817,
          2.625259
        ],
        [
          0.010552,
          -0.862506,
          -0.505937,
          1.309496
        ],
        [
          0.0,
          0.0,
          0.0,
          1.0
        ]
      ]
    },
    {
      "file_path": "/media/NFS/ttao/scannet/posed_images/scene0092_03/00466.jpg",
      "transform_matrix": [
        [
          -0.929007,
          -0.208045,
          0.306044,
          3.298692
        ],
        [
          -0.36704,
          0.412553,
          -0.833716,
          2.688418
        ],
        [
          0.047191,
          -0.886858,
          -0.459625,
          1.310747
        ],
        [
          0.0,
          0.0,
          0.0,
          1.0
        ]
      ]
    },
    {
      "file_path": "/media/NFS/ttao/scannet/posed_images/scene0092_03/00469.jpg",
      "transform_matrix": [
        [
          -0.942981,
          -0.188929,
          0.274032,
          3.322262
        ],
        [
          -0.329716,
          0.417542,
          -0.846727,
          2.701911
        ],
        [
          0.045552,
          -0.8888,
          -0.456027,
          1.310911
        ],
        [
          0.0,
          0.0,
          0.0,
          1.0
        ]
      ]
    },
    {
      "file_path": "/media/NFS/ttao/scannet/posed_images/scene0092_03/00483.jpg",
      "transform_matrix": [
        [
          -0.983782,
          -0.102406,
          0.147264,
          3.391287
        ],
        [
          -0.173317,
          0.331222,
          -0.927498,
          2.764028
        ],
        [
          0.046204,
          -0.937979,
          -0.343598,
          1.364032
        ],
        [
          0.0,
          0.0,
          0.0,
          1.0
        ]
      ]
    },
    {
      "file_path": "/media/NFS/ttao/scannet/posed_images/scene0092_03/00494.jpg",
      "transform_matrix": [
        [
          -0.99602,
          -0.053428,
          0.071342,
          3.374273
        ],
        [
          -0.082571,
          0.251729,
          -0.964269,
          2.796414
        ],
        [
          0.03356,
          -0.966322,
          -0.255139,
          1.38545
        ],
        [
          0.0,
          0.0,
          0.0,
          1.0
        ]
      ]
    },
    {
      "file_path": "/media/NFS/ttao/scannet/posed_images/scene0092_03/00502.jpg",
      "transform_matrix": [
        [
          -0.997516,
          -0.046131,
          0.053227,
          3.360923
        ],
        [
          -0.061769,
          0.209785,
          -0.975795,
          2.808763
        ],
        [
          0.033848,
          -0.976659,
          -0.212113,
          1.401083
        ],
        [
          0.0,
          0.0,
          0.0,
          1.0
        ]
      ]
    },
    {
      "file_path": "/media/NFS/ttao/scannet/posed_images/scene0092_03/00514.jpg",
      "transform_matrix": [
        [
          -0.981734,
          -0.035838,
          0.186852,
          3.336611
        ],
        [
          -0.190243,
          0.172878,
          -0.966396,
          2.804361
        ],
        [
          0.002331,
          -0.984291,
          -0.176538,
          1.424029
        ],
        [
          0.0,
          0.0,
          0.0,
          1.0
        ]
      ]
    },
    {
      "file_path": "/media/NFS/ttao/scannet/posed_images/scene0092_03/00522.jpg",
      "transform_matrix": [
        [
          -0.95211,
          -0.066862,
          0.298355,
          3.324576
        ],
        [
          -0.305724,
          0.194234,
          -0.932098,
          2.797965
        ],
        [
          0.004371,
          -0.978674,
          -0.205373,
          1.393521
        ],
        [
          0.0,
          0.0,
          0.0,
          1.0
        ]
      ]
    },
    {
      "file_path": "/media/NFS/ttao/scannet/posed_images/scene0092_03/00525.jpg",
      "transform_matrix": [
        [
          -0.944772,
          -0.087718,
          0.315769,
          3.325668
        ],
        [
          -0.32735,
          0.206431,
          -0.922078,
          2.791305
        ],
        [
          0.015698,
          -0.974521,
          -0.223745,
          1.383793
        ],
        [
          0.0,
          0.0,
          0.0,
          1.0
        ]
      ]
    },
    {
      "file_path": "/media/NFS/ttao/scannet/posed_images/scene0092_03/00542.jpg",
      "transform_matrix": [
        [
          -0.990273,
          -0.065301,
          0.122859,
          3.32857
        ],
        [
          -0.133754,
          0.203601,
          -0.969875,
          2.77654
        ],
        [
          0.03832,
          -0.976874,
          -0.210355,
          1.413947
        ],
        [
          0.0,
          0.0,
          0.0,
          1.0
        ]
      ]
    },
    {
      "file_path": "/media/NFS/ttao/scannet/posed_images/scene0092_03/00548.jpg",
      "transform_matrix": [
        [
          -0.998163,
          -0.052553,
          0.030133,
          3.317805
        ],
        [
          -0.039924,
          0.196571,
          -0.979676,
          2.785279
        ],
        [
          0.045562,
          -0.97908,
          -0.198308,
          1.403228
        ],
        [
          0.0,
          0.0,
          0.0,
          1.0
        ]
      ]
    },
    {
      "file_path": "/media/NFS/ttao/scannet/posed_images/scene0092_03/00553.jpg",
      "transform_matrix": [
        [
          -0.998516,
          -0.044445,
          -0.031459,
          3.309788
        ],
        [
          0.022246,
          0.194362,
          -0.980677,
          2.788014
        ],
        [
          0.0497,
          -0.979922,
          -0.193086,
          1.400205
        ],
        [
          0.0,
          0.0,
          0.0,
          1.0
        ]
      ]
    },
    {
      "file_path": "/media/NFS/ttao/scannet/posed_images/scene0092_03/00570.jpg",
      "transform_matrix": [
        [
          -0.967237,
          -0.024119,
          -0.252727,
          3.173295
        ],
        [
          0.245363,
          0.166799,
          -0.954974,
          2.798024
        ],
        [
          0.065187,
          -0.985696,
          -0.155416,
          1.406332
        ],
        [
          0.0,
          0.0,
          0.0,
          1.0
        ]
      ]
    },
    {
      "file_path": "/media/NFS/ttao/scannet/posed_images/scene0092_03/00579.jpg",
      "transform_matrix": [
        [
          -0.935139,
          -0.021116,
          -0.353652,
          3.122179
        ],
        [
          0.347052,
          0.146041,
          -0.926406,
          2.810764
        ],
        [
          0.07121,
          -0.989053,
          -0.12924,
          1.387109
        ],
        [
          0.0,
          0.0,
          0.0,
          1.0
        ]
      ]
    },
    {
      "file_path": "/media/NFS/ttao/scannet/posed_images/scene0092_03/00582.jpg",
      "transform_matrix": [
        [
          -0.93954,
          -0.031818,
          -0.340958,
          3.026063
        ],
        [
          0.332038,
          0.15889,
          -0.929788,
          2.821862
        ],
        [
          0.083759,
          -0.986784,
          -0.138718,
          1.409338
        ],
        [
          0.0,
          0.0,
          0.0,
          1.0
        ]
      ]
    },
    {
      "file_path": "/media/NFS/ttao/scannet/posed_images/scene0092_03/00593.jpg",
      "transform_matrix": [
        [
          -0.908732,
          -0.043806,
          -0.415075,
          2.959755
        ],
        [
          0.407007,
          0.127332,
          -0.904506,
          2.853528
        ],
        [
          0.092476,
          -0.990892,
          -0.097881,
          1.430211
        ],
        [
          0.0,
          0.0,
          0.0,
          1.0
        ]
      ]
    },
    {
      "file_path": "/media/NFS/ttao/scannet/posed_images/scene0092_03/00607.jpg",
      "transform_matrix": [
        [
          -0.820375,
          -0.074424,
          -0.566962,
          2.987853
        ],
        [
          0.566647,
          0.027333,
          -0.823507,
          2.838706
        ],
        [
          0.076785,
          -0.996852,
          0.019749,
          1.427668
        ],
        [
          0.0,
          0.0,
          0.0,
          1.0
        ]
      ]
    },
    {
      "file_path": "/media/NFS/ttao/scannet/posed_images/scene0092_03/00610.jpg",
      "transform_matrix": [
        [
          -0.809133,
          -0.061506,
          -0.584397,
          2.975444
        ],
        [
          0.584288,
          0.021627,
          -0.811258,
          2.815351
        ],
        [
          0.062536,
          -0.997872,
          0.018438,
          1.430512
        ],
        [
          0.0,
          0.0,
          0.0,
          1.0
        ]
      ]
    },
    {
      "file_path": "/media/NFS/ttao/scannet/posed_images/scene0092_03/00624.jpg",
      "transform_matrix": [
        [
          -0.755289,
          -0.016657,
          -0.65518,
          2.820603
        ],
        [
          0.655211,
          0.004291,
          -0.755434,
          2.736759
        ],
        [
          0.015395,
          -0.999852,
          0.007673,
          1.472383
        ],
        [
          0.0,
          0.0,
          0.0,
          1.0
        ]
      ]
    },
    {
      "file_path": "/media/NFS/ttao/scannet/posed_images/scene0092_03/00630.jpg",
      "transform_matrix": [
        [
          -0.745409,
          -0.052724,
          -0.664519,
          2.69625
        ],
        [
          0.665611,
          -0.004379,
          -0.746286,
          2.723602
        ],
        [
          0.036438,
          -0.9986,
          0.038358,
          1.494413
        ],
        [
          0.0,
          0.0,
          0.0,
          1.0
        ]
      ]
    },
    {
      "file_path": "/media/NFS/ttao/scannet/posed_images/scene0092_03/00641.jpg",
      "transform_matrix": [
        [
          -0.713369,
          -0.083301,
          -0.69582,
          2.539932
        ],
        [
          0.698714,
          -0.008194,
          -0.715355,
          2.698438
        ],
        [
          0.053888,
          -0.996491,
          0.064049,
          1.532053
        ],
        [
          0.0,
          0.0,
          0.0,
          1.0
        ]
      ]
    },
    {
      "file_path": "/media/NFS/ttao/scannet/posed_images/scene0092_03/00655.jpg",
      "transform_matrix": [
        [
          -0.78875,
          -0.116672,
          -0.603541,
          2.396104
        ],
        [
          0.610809,
          -0.038253,
          -0.790854,
          2.685112
        ],
        [
          0.069183,
          -0.992434,
          0.101436,
          1.553315
        ],
        [
          0.0,
          0.0,
          0.0,
          1.0
        ]
      ]
    },
    {
      "file_path": "/media/NFS/ttao/scannet/posed_images/scene0092_03/00658.jpg",
      "transform_matrix": [
        [
          -0.802662,
          -0.1088,
          -0.586426,
          2.359001
        ],
        [
          0.59281,
          -0.03731,
          -0.804478,
          2.692987
        ],
        [
          0.065648,
          -0.993363,
          0.094445,
          1.562996
        ],
        [
          0.0,
          0.0,
          0.0,
          1.0
        ]
      ]
    },
    {
      "file_path": "/media/NFS/ttao/scannet/posed_images/scene0092_03/00666.jpg",
      "transform_matrix": [
        [
          -0.857888,
          -0.128791,
          -0.497434,
          2.243201
        ],
        [
          0.505583,
          -0.038752,
          -0.861908,
          2.709752
        ],
        [
          0.091729,
          -0.990914,
          0.098359,
          1.556307
        ],
        [
          0.0,
          0.0,
          0.0,
          1.0
        ]
      ]
    },
    {
      "file_path": "/media/NFS/ttao/scannet/posed_images/scene0092_03/00683.jpg",
      "transform_matrix": [
        [
          -0.862509,
          -0.039408,
          -0.504505,
          2.136782
        ],
        [
          0.501195,
          0.071131,
          -0.862406,
          2.6804
        ],
        [
          0.069872,
          -0.996688,
          -0.0416,
          1.532052
        ],
        [
          0.0,
          0.0,
          0.0,
          1.0
        ]
      ]
    },
    {
      "file_path": "/media/NFS/ttao/scannet/posed_images/scene0092_03/00692.jpg",
      "transform_matrix": [
        [
          -0.860328,
          0.011853,
          -0.509602,
          2.131131
        ],
        [
          0.507071,
          0.12208,
          -0.853215,
          2.599895
        ],
        [
          0.052099,
          -0.99245,
          -0.111039,
          1.485485
        ],
        [
          0.0,
          0.0,
          0.0,
          1.0
        ]
      ]
    },
    {
      "file_path": "/media/NFS/ttao/scannet/posed_images/scene0092_03/00694.jpg",
      "transform_matrix": [
        [
          -0.861379,
          0.024532,
          -0.507369,
          2.124757
        ],
        [
          0.505685,
          0.135882,
          -0.85195,
          2.585569
        ],
        [
          0.048042,
          -0.990421,
          -0.129451,
          1.478438
        ],
        [
          0.0,
          0.0,
          0.0,
          1.0
        ]
      ]
    },
    {
      "file_path": "/media/NFS/ttao/scannet/posed_images/scene0092_03/00709.jpg",
      "transform_matrix": [
        [
          -0.937507,
          -0.033908,
          -0.346309,
          1.979797
        ],
        [
          0.335387,
          0.177119,
          -0.925281,
          2.425447
        ],
        [
          0.092712,
          -0.983605,
          -0.154678,
          1.470027
        ],
        [
          0.0,
          0.0,
          0.0,
          1.0
        ]
      ]
    },
    {
      "file_path": "/media/NFS/ttao/scannet/posed_images/scene0092_03/00714.jpg",
      "transform_matrix": [
        [
          -0.958624,
          -0.03095,
          -0.282986,
          1.90963
        ],
        [
          0.271127,
          0.203746,
          -0.940733,
          2.368615
        ],
        [
          0.086773,
          -0.978535,
          -0.186925,
          1.46866
        ],
        [
          0.0,
          0.0,
          0.0,
          1.0
        ]
      ]
    },
    {
      "file_path": "/media/NFS/ttao/scannet/posed_images/scene0092_03/00726.jpg",
      "transform_matrix": [
        [
          -0.955677,
          0.017353,
          -0.293906,
          1.81702
        ],
        [
          0.285888,
          0.293246,
          -0.912291,
          2.200839
        ],
        [
          0.070356,
          -0.955879,
          -0.285209,
