{
  "frames": [
    {
      "file_path": "/media/NFS/ttao/scannet/posed_images/scene0640_00/00000.jpg",
      "transform_matrix": [
        [
          -0.748332,
          -0.237361,
          0.619402,
          2.709319
        ],
        [
          -0.663185,
          0.248547,
          -0.705982,
          2.694916
        ],
        [
          0.013623,
          -0.939087,
          -0.34341,
          1.432994
        ],
        [
          0.0,
          0.0,
          0.0,
          1.0
        ]
      ]
    },
    {
      "file_path": "/media/NFS/ttao/scannet/posed_images/scene0640_00/00009.jpg",
      "transform_matrix": [
        [
          -0.743309,
          -0.240441,
          0.624244,
          2.707641
        ],
        [
          -0.668774,
          0.245794,
          -0.70166,
          2.68405
        ],
        [
          0.015272,
          -0.939028,
          -0.343502,
          1.431041
        ],
        [
          0.0,
          0.0,
          0.0,
          1.0
        ]
      ]
    },
    {
      "file_path": "/media/NFS/ttao/scannet/posed_images/scene0640_00/00023.jpg",
      "transform_matrix": [
        [
          -0.718039,
          -0.307893,
          0.624198,
          2.68254
        ],
        [
          -0.696001,
          0.315243,
          -0.64514,
          2.63619
        ],
        [
          0.00186,
          -0.897677,
          -0.44065,
          1.389328
        ],
        [
          0.0,
          0.0,
          0.0,
          1.0
        ]
      ]
    },
    {
      "file_path": "/media/NFS/ttao/scannet/posed_images/scene0640_00/00035.jpg",
      "transform_matrix": [
        [
          -0.723584,
          -0.402732,
          0.560565,
          2.652798
        ],
        [
          -0.690211,
          0.415128,
          -0.592687,
          2.624264
        ],
        [
          0.005988,
          -0.815767,
          -0.57835,
          1.304342
        ],
        [
          0.0,
          0.0,
          0.0,
          1.0
        ]
      ]
    },
    {
      "file_path": "/media/NFS/ttao/scannet/posed_images/scene0640_00/00044.jpg",
      "transform_matrix": [
        [
          -0.690139,
          -0.42585,
          0.585116,
          2.683927
        ],
        [
          -0.723431,
          0.38488,
          -0.573162,
          2.667336
        ],
        [
          0.018882,
          -0.818852,
          -0.573694,
          1.322389
        ],
        [
          0.0,
          0.0,
          0.0,
          1.0
        ]
      ]
    },
    {
      "file_path": "/media/NFS/ttao/scannet/posed_images/scene0640_00/00049.jpg",
      "transform_matrix": [
        [
          -0.671091,
          -0.415776,
          0.613813,
          2.698538
        ],
        [
          -0.740758,
          0.342271,
          -0.578039,
          2.677783
        ],
        [
          0.030244,
          -0.842604,
          -0.537684,
          1.352622
        ],
        [
          0.0,
          0.0,
          0.0,
          1.0
        ]
      ]
    },
    {
      "file_path": "/media/NFS/ttao/scannet/posed_images/scene0640_00/00055.jpg",
      "transform_matrix": [
        [
          -0.680058,
          -0.374392,
          0.630359,
          2.70636
        ],
        [
          -0.731864,
          0.295579,
          -0.61401,
          2.697669
        ],
        [
          0.04356,
          -0.878899,
          -0.475014,
          1.396013
        ],
        [
          0.0,
          0.0,
          0.0,
          1.0
        ]
      ]
    },
    {
      "file_path": "/media/NFS/ttao/scannet/posed_images/scene0640_00/00067.jpg",
      "transform_matrix": [
        [
          -0.707824,
          -0.321738,
          0.628864,
          2.73059
        ],
        [
          -0.703988,
          0.247954,
          -0.665522,
          2.784642
        ],
        [
          0.058195,
          -0.913785,
          -0.402007,
          1.449303
        ],
        [
          0.0,
          0.0,
          0.0,
          1.0
        ]
      ]
    },
    {
      "file_path": "/media/NFS/ttao/scannet/posed_images/scene0640_00/00075.jpg",
      "transform_matrix": [
        [
          -0.758556,
          -0.249016,
          0.602149,
          2.771646
        ],
        [
          -0.651021,
          0.250414,
          -0.716564,
          2.899769
        ],
        [
          0.027649,
          -0.935566,
          -0.352068,
          1.463824
        ],
        [
          0.0,
          0.0,
          0.0,
          1.0
        ]
      ]
    },
    {
      "file_path": "/media/NFS/ttao/scannet/posed_images/scene0640_00/00093.jpg",
      "transform_matrix": [
        [
          -0.805628,
          -0.182304,
          0.563674,
          2.800465
        ],
        [
          -0.59146,
          0.193314,
          -0.782819,
          3.033875
        ],
        [
          0.033745,
          -0.964051,
          -0.263564,
          1.521955
        ],
        [
          0.0,
          0.0,
          0.0,
          1.0
        ]
      ]
    },
    {
      "file_path": "/media/NFS/ttao/scannet/posed_images/scene0640_00/00096.jpg",
      "transform_matrix": [
        [
          -0.803868,
          -0.183629,
          0.565753,
          2.790023
        ],
        [
          -0.593944,
          0.196577,
          -0.780121,
          3.039831
        ],
        [
          0.032038,
          -0.96314,
          -0.267087,
          1.525418
        ],
        [
          0.0,
          0.0,
          0.0,
          1.0
        ]
      ]
    },
    {
      "file_path": "/media/NFS/ttao/scannet/posed_images/scene0640_00/00107.jpg",
      "transform_matrix": [
        [
          -0.821208,
          -0.147139,
          0.551332,
          2.770951
        ],
        [
          -0.569914,
          0.163143,
          -0.805346,
          3.082237
        ],
        [
          0.028551,
          -0.975569,
          -0.217831,
          1.572598
        ],
        [
          0.0,
          0.0,
          0.0,
          1.0
        ]
      ]
    },
    {
      "file_path": "/media/NFS/ttao/scannet/posed_images/scene0640_00/00113.jpg",
      "transform_matrix": [
        [
          -0.837862,
          -0.140078,
          0.527603,
          2.785379
        ],
        [
          -0.544759,
          0.152613,
          -0.824589,
          3.123958
        ],
        [
          0.034987,
          -0.978309,
          -0.204177,
          1.577783
        ],
        [
          0.0,
          0.0,
          0.0,
          1.0
        ]
      ]
    },
    {
      "file_path": "/media/NFS/ttao/scannet/posed_images/scene0640_00/00131.jpg",
      "transform_matrix": [
        [
          -0.834126,
          -0.245533,
          0.493911,
          2.964586
        ],
        [
          -0.551147,
          0.335786,
          -0.763862,
          3.353214
        ],
        [
          0.021705,
          -0.909374,
          -0.415413,
          1.424243
        ],
        [
          0.0,
          0.0,
          0.0,
          1.0
        ]
      ]
    },
    {
      "file_path": "/media/NFS/ttao/scannet/posed_images/scene0640_00/00136.jpg",
      "transform_matrix": [
        [
          -0.831708,
          -0.263932,
          0.488469,
          2.967129
        ],
        [
          -0.554402,
          0.347242,
          -0.756347,
          3.375902
        ],
        [
          0.030007,
          -0.899868,
          -0.435129,
          1.422565
        ],
        [
          0.0,
          0.0,
          0.0,
          1.0
        ]
      ]
    },
    {
      "file_path": "/media/NFS/ttao/scannet/posed_images/scene0640_00/00142.jpg",
      "transform_matrix": [
        [
          -0.850762,
          -0.256061,
          0.458952,
          2.945629
        ],
        [
          -0.524311,
          0.353557,
          -0.774659,
          3.380805
        ],
        [
          0.036094,
          -0.899683,
          -0.435048,
          1.425697
        ],
        [
          0.0,
          0.0,
          0.0,
          1.0
        ]
      ]
    },
    {
      "file_path": "/media/NFS/ttao/scannet/posed_images/scene0640_00/00160.jpg",
      "transform_matrix": [
        [
          -0.802513,
          -0.310882,
          0.50924,
          2.825394
        ],
        [
          -0.596621,
          0.412194,
          -0.688578,
          3.353484
        ],
        [
          0.004161,
          -0.856416,
          -0.51627,
          1.375162
        ],
        [
          0.0,
          0.0,
          0.0,
          1.0
        ]
      ]
    },
    {
      "file_path": "/media/NFS/ttao/scannet/posed_images/scene0640_00/00163.jpg",
      "transform_matrix": [
        [
          -0.764575,
          -0.339828,
          0.54767,
          2.804979
        ],
        [
          -0.644405,
          0.385944,
          -0.660143,
          3.352348
        ],
        [
          0.012965,
          -0.85765,
          -0.51407,
          1.372278
        ],
        [
          0.0,
          0.0,
          0.0,
          1.0
        ]
      ]
    },
    {
      "file_path": "/media/NFS/ttao/scannet/posed_images/scene0640_00/00180.jpg",
      "transform_matrix": [
        [
          -0.688451,
          -0.382219,
          0.616395,
          2.746755
        ],
        [
          -0.725232,
          0.35275,
          -0.591275,
          3.402935
        ],
        [
          0.008563,
          -0.854094,
          -0.520049,
          1.381467
        ],
        [
          0.0,
          0.0,
          0.0,
          1.0
        ]
      ]
    },
    {
      "file_path": "/media/NFS/ttao/scannet/posed_images/scene0640_00/00186.jpg",
      "transform_matrix": [
        [
          -0.680144,
          -0.384533,
          0.624131,
          2.743488
        ],
        [
          -0.732976,
          0.342407,
          -0.587796,
          3.457563
        ],
        [
          0.012321,
          -0.857258,
          -0.514739,
          1.383394
        ],
        [
          0.0,
          0.0,
          0.0,
          1.0
        ]
      ]
    },
    {
      "file_path": "/media/NFS/ttao/scannet/posed_images/scene0640_00/00192.jpg",
      "transform_matrix": [
        [
          -0.689495,
          -0.388004,
          0.611596,
          2.72791
        ],
        [
          -0.723731,
          0.335874,
          -0.602829,
          3.539461
        ],
        [
          0.028481,
          -0.858278,
          -0.512394,
          1.377784
        ],
        [
          0.0,
          0.0,
          0.0,
          1.0
        ]
      ]
    },
    {
      "file_path": "/media/NFS/ttao/scannet/posed_images/scene0640_00/00200.jpg",
      "transform_matrix": [
        [
          -0.71922,
          -0.377115,
          0.58353,
          2.702924
        ],
        [
          -0.69324,
          0.333564,
          -0.638869,
          3.635744
        ],
        [
          0.046283,
          -0.864013,
          -0.501337,
          1.374665
        ],
        [
          0.0,
          0.0,
          0.0,
          1.0
        ]
      ]
    },
    {
      "file_path": "/media/NFS/ttao/scannet/posed_images/scene0640_00/00212.jpg",
      "transform_matrix": [
        [
          -0.687314,
          -0.38352,
          0.616857,
          2.703853
        ],
        [
          -0.725589,
          0.32337,
          -0.607415,
          3.727431
        ],
        [
          0.033482,
          -0.865069,
          -0.500535,
          1.378165
        ],
        [
          0.0,
          0.0,
          0.0,
          1.0
        ]
      ]
    },
    {
      "file_path": "/media/NFS/ttao/scannet/posed_images/scene0640_00/00223.jpg",
      "transform_matrix": [
        [
          -0.637365,
          -0.402392,
          0.65715,
          2.72128
        ],
        [
          -0.770325,
          0.311596,
          -0.556334,
          3.72697
        ],
        [
          0.019099,
          -0.860807,
          -0.508573,
          1.382171
        ],
        [
          0.0,
          0.0,
          0.0,
          1.0
        ]
      ]
    },
    {
      "file_path": "/media/NFS/ttao/scannet/posed_images/scene0640_00/00229.jpg",
      "transform_matrix": [
        [
          -0.604772,
          -0.414012,
          0.680327,
          2.729665
        ],
        [
          -0.79585,
          0.282471,
          -0.535568,
          3.718191
        ],
        [
          0.029559,
          -0.865335,
          -0.500322,
          1.381786
        ],
        [
          0.0,
          0.0,
          0.0,
          1.0
        ]
      ]
    },
    {
      "file_path": "/media/NFS/ttao/scannet/posed_images/scene0640_00/00241.jpg",
      "transform_matrix": [
        [
          -0.558274,
          -0.470598,
          0.683278,
          2.707208
        ],
        [
          -0.829176,
          0.288439,
          -0.478822,
          3.776643
        ],
        [
          0.028248,
          -0.833871,
          -0.551236,
          1.333766
        ],
        [
          0.0,
          0.0,
          0.0,
          1.0
        ]
      ]
    },
    {
      "file_path": "/media/NFS/ttao/scannet/posed_images/scene0640_00/00252.jpg",
      "transform_matrix": [
        [
          -0.524721,
          -0.504462,
          0.685701,
          2.719686
        ],
        [
          -0.849087,
          0.25244,
          -0.464031,
          3.83401
        ],
        [
          0.060988,
          -0.825707,
          -0.560793,
          1.34252
        ],
        [
          0.0,
          0.0,
          0.0,
          1.0
        ]
      ]
    },
    {
      "file_path": "/media/NFS/ttao/scannet/posed_images/scene0640_00/00258.jpg",
      "transform_matrix": [
        [
          -0.487946,
          -0.4969,
          0.717635,
          2.731775
        ],
        [
          -0.871091,
          0.224673,
          -0.436719,
          3.843472
        ],
        [
          0.055773,
          -0.83822,
          -0.542473,
          1.35152
        ],
        [
          0.0,
          0.0,
          0.0,
          1.0
        ]
      ]
    },
    {
      "file_path": "/media/NFS/ttao/scannet/posed_images/scene0640_00/00270.jpg",
      "transform_matrix": [
        [
          -0.366511,
          -0.479286,
          0.797468,
          2.729468
        ],
        [
          -0.929889,
          0.159902,
          -0.331268,
          3.803747
        ],
        [
          0.031255,
          -0.86297,
          -0.504288,
          1.362268
        ],
        [
          0.0,
          0.0,
          0.0,
          1.0
        ]
      ]
    },
    {
      "file_path": "/media/NFS/ttao/scannet/posed_images/scene0640_00/00279.jpg",
      "transform_matrix": [
        [
          -0.325888,
          -0.47636,
          0.816626,
          2.718968
        ],
        [
          -0.945013,
          0.139144,
          -0.295957,
          3.722789
        ],
        [
          0.027354,
          -0.868171,
          -0.495511,
          1.370615
        ],
        [
          0.0,
          0.0,
          0.0,
          1.0
        ]
      ]
    },
    {
      "file_path": "/media/NFS/ttao/scannet/posed_images/scene0640_00/00296.jpg",
      "transform_matrix": [
        [
          -0.312478,
          -0.516933,
          0.796955,
          2.708665
        ],
        [
          -0.94939,
          0.198104,
          -0.243749,
          3.630652
        ],
        [
          -0.031879,
          -0.832788,
          -0.552674,
          1.354499
        ],
        [
          0.0,
          0.0,
          0.0,
          1.0
        ]
      ]
    },
    {
      "file_path": "/media/NFS/ttao/scannet/posed_images/scene0640_00/00299.jpg",
      "transform_matrix": [
        [
          -0.283736,
          -0.515119,
          0.808793,
          2.706031
        ],
        [
          -0.958281,
          0.182686,
          -0.219826,
          3.645844
        ],
        [
          -0.034519,
          -0.837424,
          -0.545463,
          1.349096
        ],
        [
          0.0,
          0.0,
          0.0,
          1.0
        ]
      ]
    },
    {
      "file_path": "/media/NFS/ttao/scannet/posed_images/scene0640_00/00308.jpg",
      "transform_matrix": [
        [
          -0.204357,
          -0.54482,
          0.813271,
          2.719172
        ],
        [
          -0.978891,
          0.110881,
          -0.171693,
          3.726283
        ],
        [
          0.003366,
          -0.83119,
          -0.555978,
          1.322254
        ],
        [
          0.0,
          0.0,
          0.0,
          1.0
        ]
      ]
    },
    {
      "file_path": "/media/NFS/ttao/scannet/posed_images/scene0640_00/00316.jpg",
      "transform_matrix": [
        [
          -0.17767,
          -0.552947,
          0.814053,
          2.730802
        ],
        [
          -0.98395,
          0.085869,
          -0.156423,
          3.7222
        ],
        [
          0.016591,
          -0.82878,
          -0.559329,
          1.320208
        ],
        [
          0.0,
          0.0,
          0.0,
          1.0
        ]
      ]
    },
    {
      "file_path": "/media/NFS/ttao/scannet/posed_images/scene0640_00/00328.jpg",
      "transform_matrix": [
        [
          -0.091373,
          -0.576107,
          0.812251,
          2.73143
        ],
        [
          -0.995121,
          0.022335,
          -0.096103,
          3.530009
        ],
        [
          0.037224,
          -0.817069,
          -0.575337,
          1.322958
        ],
        [
          0.0,
          0.0,
          0.0,
          1.0
        ]
      ]
    },
    {
      "file_path": "/media/NFS/ttao/scannet/posed_images/scene0640_00/00342.jpg",
      "transform_matrix": [
        [
          0.148635,
          -0.592489,
          0.791747,
          2.724218
        ],
        [
          -0.987303,
          -0.134279,
          0.084862,
          3.25683
        ],
        [
          0.056035,
          -0.794308,
          -0.604925,
          1.31107
        ],
        [
          0.0,
          0.0,
          0.0,
          1.0
        ]
      ]
    },
    {
      "file_path": "/media/NFS/ttao/scannet/posed_images/scene0640_00/00345.jpg",
      "transform_matrix": [
        [
          0.188343,
          -0.579354,
          0.793017,
          2.736827
        ],
        [
          -0.980622,
          -0.155278,
          0.119457,
          3.198486
        ],
        [
          0.05393,
          -0.800148,
          -0.597373,
          1.3031
        ],
        [
          0.0,
          0.0,
          0.0,
          1.0
        ]
      ]
    },
    {
      "file_path": "/media/NFS/ttao/scannet/posed_images/scene0640_00/00360.jpg",
      "transform_matrix": [
        [
          0.36466,
          -0.536401,
          0.761116,
          2.811918
        ],
        [
          -0.930871,
          -0.22967,
          0.284131,
          2.859609
        ],
        [
          0.022398,
          -0.812112,
          -0.583072,
          1.335391
        ],
        [
          0.0,
          0.0,
          0.0,
          1.0
        ]
      ]
    },
    {
      "file_path": "/media/NFS/ttao/scannet/posed_images/scene0640_00/00371.jpg",
      "transform_matrix": [
        [
          0.561537,
          -0.48162,
          0.672843,
          2.773029
        ],
        [
          -0.827244,
          -0.344973,
          0.443465,
          2.580788
        ],
        [
          0.018531,
          -0.805628,
          -0.592132,
          1.33668
        ],
        [
          0.0,
          0.0,
          0.0,
          1.0
        ]
      ]
    },
    {
      "file_path": "/media/NFS/ttao/scannet/posed_images/scene0640_00/00383.jpg",
      "transform_matrix": [
        [
          0.683257,
          -0.412855,
          0.602255,
          2.680325
        ],
        [
          -0.729143,
          -0.341855,
          0.592863,
          2.424498
        ],
        [
          -0.038882,
          -0.844207,
          -0.534605,
          1.350659
        ],
        [
          0.0,
          0.0,
          0.0,
          1.0
        ]
      ]
    },
    {
      "file_path": "/media/NFS/ttao/scannet/posed_images/scene0640_00/00392.jpg",
      "transform_matrix": [
        [
          0.706901,
          -0.354873,
          0.611847,
          2.622945
        ],
        [
          -0.707308,
          -0.351495,
          0.613325,
          2.349579
        ],
        [
          -0.002591,
          -0.866324,
          -0.499476,
          1.355249
        ],
        [
          0.0,
          0.0,
          0.0,
          1.0
        ]
      ]
    },
    {
      "file_path": "/media/NFS/ttao/scannet/posed_images/scene0640_00/00395.jpg",
      "transform_matrix": [
        [
          0.713676,
          -0.326616,
          0.619668,
          2.599063
        ],
        [
          -0.700321,
          -0.351288,
          0.621407,
          2.327897
        ],
        [
          0.014721,
          -0.87745,
          -0.479442,
          1.35571
        ],
        [
          0.0,
          0.0,
          0.0,
          1.0
        ]
      ]
    },
    {
      "file_path": "/media/NFS/ttao/scannet/posed_images/scene0640_00/00406.jpg",
      "transform_matrix": [
        [
          0.762057,
          -0.307647,
          0.569756,
          2.563107
        ],
        [
          -0.644851,
          -0.440234,
          0.624789,
          2.263984
        ],
        [
          0.058611,
          -0.843533,
          -0.53387,
          1.308081
        ],
        [
          0.0,
          0.0,
          0.0,
          1.0
        ]
      ]
    },
    {
      "file_path": "/media/NFS/ttao/scannet/posed_images/scene0640_00/00421.jpg",
      "transform_matrix": [
        [
          0.903336,
          -0.192887,
          0.383118,
          2.673732
        ],
        [
          -0.42375,
          -0.539764,
          0.727387,
          2.070176
        ],
        [
          0.066489,
          -0.819421,
          -0.569323,
          1.287307
        ],
        [
          0.0,
          0.0,
          0.0,
          1.0
        ]
      ]
    },
    {
      "file_path": "/media/NFS/ttao/scannet/posed_images/scene0640_00/00429.jpg",
      "transform_matrix": [
        [
          0.950478,
          -0.154578,
          0.269624,
          2.691956
        ],
        [
          -0.309202,
          -0.557938,
          0.770129,
          1.978893
        ],
        [
          0.031389,
          -0.815359,
          -0.578104,
          1.307618
        ],
        [
          0.0,
          0.0,
          0.0,
          1.0
        ]
      ]
    },
    {
      "file_path": "/media/NFS/ttao/scannet/posed_images/scene0640_00/00432.jpg",
      "transform_matrix": [
        [
          0.957262,
          -0.142783,
          0.251521,
          2.705892
        ],
        [
          -0.287871,
          -0.554338,
          0.780923,
          1.94586
        ],
        [
          0.027925,
          -0.819953,
          -0.571749,
          1.323455
        ],
        [
          0.0,
          0.0,
          0.0,
          1.0
        ]
      ]
    },
    {
      "file_path": "/media/NFS/ttao/scannet/posed_images/scene0640_00/00447.jpg",
      "transform_matrix": [
        [
          0.984029,
          -0.022333,
          0.176603,
          2.689209
        ],
        [
          -0.163578,
          -0.504749,
          0.847627,
          1.747769
        ],
        [
          0.07021,
          -0.862978,
          -0.50034,
          1.325153
        ],
        [
          0.0,
          0.0,
          0.0,
          1.0
        ]
      ]
    },
    {
      "file_path": "/media/NFS/ttao/scannet/posed_images/scene0640_00/00459.jpg",
      "transform_matrix": [
        [
          0.996331,
          0.00478,
          0.08545,
          2.722564
        ],
        [
          -0.073263,
          -0.468463,
          0.88044,
          1.685457
        ],
        [
          0.044239,
          -0.88347,
          -0.466394,
          1.357401
        ],
        [
          0.0,
          0.0,
          0.0,
          1.0
        ]
      ]
    },
    {
      "file_path": "/media/NFS/ttao/scannet/posed_images/scene0640_00/00470.jpg",
      "transform_matrix": [
        [
          0.996879,
          0.059499,
          -0.051895,
          2.835806
        ],
        [
          0.072588,
          -0.432203,
          0.89885,
          1.767981
        ],
        [
          0.031052,
          -0.899811,
          -0.435173,
          1.382409
        ],
        [
          0.0,
          0.0,
          0.0,
          1.0
        ]
      ]
    },
    {
      "file_path": "/media/NFS/ttao/scannet/posed_images/scene0640_00/00479.jpg",
      "transform_matrix": [
        [
          0.985277,
          0.075771,
          -0.153259,
          2.909373
        ],
        [
          0.170867,
          -0.405779,
          0.897857,
          1.839685
        ],
        [
          0.005842,
          -0.910825,
          -0.412752,
          1.403399
        ],
        [
          0.0,
          0.0,
          0.0,
          1.0
        ]
      ]
    },
    {
      "file_path": "/media/NFS/ttao/scannet/posed_images/scene0640_00/00488.jpg",
      "transform_matrix": [
        [
          0.973716,
          0.079236,
          -0.213537,
          2.920872
        ],
        [
          0.227671,
          -0.365286,
          0.902625,
          1.897526
        ],
        [
          -0.006482,
          -0.927517,
          -0.373725,
          1.419315
        ],
        [
          0.0,
          0.0,
          0.0,
          1.0
        ]
      ]
    },
    {
      "file_path": "/media/NFS/ttao/scannet/posed_images/scene0640_00/00490.jpg",
      "transform_matrix": [
        [
          0.971211,
          0.093729,
          -0.219006,
          2.916483
        ],
        [
          0.238141,
          -0.358229,
          0.902752,
          1.921256
        ],
        [
          0.00616,
          -0.928917,
          -0.370237,
          1.421251
        ],
        [
          0.0,
          0.0,
          0.0,
          1.0
        ]
      ]
    },
    {
      "file_path": "/media/NFS/ttao/scannet/posed_images/scene0640_00/00502.jpg",
      "transform_matrix": [
        [
          0.952312,
          0.123757,
          -0.278901,
          2.847262
        ],
        [
          0.303923,
          -0.303662,
          0.903007,
          2.009425
        ],
        [
          0.027062,
          -0.944708,
          -0.326793,
          1.424819
        ],
        [
          0.0,
          0.0,
          0.0,
          1.0
        ]
      ]
    },
    {
      "file_path": "/media/NFS/ttao/scannet/posed_images/scene0640_00/00517.jpg",
      "transform_matrix": [
        [
          0.838948,
          0.185134,
          -0.511754,
          2.824056
        ],
        [
          0.544005,
          -0.311248,
          0.77922,
          2.099617
        ],
        [
          -0.015022,
          -0.932121,
          -0.361835,
          1.423258
        ],
        [
          0.0,
          0.0,
          0.0,
          1.0
        ]
      ]
    },
    {
      "file_path": "/media/NFS/ttao/scannet/posed_images/scene0640_00/00522.jpg",
      "transform_matrix": [
        [
          0.77034,
          0.210607,
          -0.601847,
          2.832533
        ],
        [
          0.637104,
          -0.292661,
          0.713055,
          2.119137
        ],
        [
          -0.025963,
          -0.932735,
          -0.359627,
          1.462628
        ],
        [
          0.0,
          0.0,
          0.0,
          1.0
        ]
      ]
    },
    {
      "file_path": "/media/NFS/ttao/scannet/posed_images/scene0640_00/00537.jpg",
      "transform_matrix": [
        [
          0.632797,
          0.258212,
          -0.729996,
          2.813568
        ],
        [
          0.774025,
          -0.236856,
          0.587183,
          2.12013
        ],
        [
          -0.021286,
          -0.936603,
          -0.349744,
          1.493589
        ],
        [
          0.0,
          0.0,
          0.0,
          1.0
        ]
      ]
    },
    {
      "file_path": "/media/NFS/ttao/scannet/posed_images/scene0640_00/00540.jpg",
      "transform_matrix": [
        [
          0.629251,
          0.259363,
          -0.732649,
          2.794092
        ],
        [
          0.777133,
          -0.222573,
          0.588664,
          2.105119
        ],
        [
          -0.01039,
          -0.939783,
          -0.341614,
          1.491716
        ],
        [
          0.0,
          0.0,
          0.0,
          1.0
        ]
      ]
    },
    {
      "file_path": "/media/NFS/ttao/scannet/posed_images/scene0640_00/00551.jpg",
      "transform_matrix": [
        [
          0.643957,
          0.345142,
          -0.682786,
          2.721821
        ],
        [
          0.764954,
          -0.275459,
          0.582211,
          2.050776
        ],
        [
          0.012866,
          -0.897218,
          -0.441401,
          1.41753
        ],
        [
          0.0,
          0.0,
          0.0,
          1.0
        ]
      ]
    },
    {
      "file_path": "/media/NFS/ttao/scannet/posed_images/scene0640_00/00566.jpg",
      "transform_matrix": [
        [
          0.664171,
          0.382351,
          -0.642407,
          2.691425
        ],
        [
          0.747299,
          -0.315935,
          0.584577,
          2.016371
        ],
        [
          0.020555,
          -0.868328,
          -0.495565,
          1.380172
        ],
        [
          0.0,
          0.0,
          0.0,
          1.0
        ]
      ]
    },
    {
      "file_path": "/media/NFS/ttao/scannet/posed_images/scene0640_00/00572.jpg",
      "transform_matrix": [
        [
          0.63796,
          0.407097,
          -0.653666,
          2.713922
        ],
        [
          0.769753,
          -0.312793,
          0.556454,
          2.018786
        ],
        [
          0.022069,
          -0.858157,
          -0.512913,
          1.381778
        ],
        [
          0.0,
          0.0,
          0.0,
          1.0
        ]
      ]
    },
    {
      "file_path": "/media/NFS/ttao/scannet/posed_images/scene0640_00/00577.jpg",
      "transform_matrix": [
        [
          0.612323,
          0.414049,
          -0.673517,
          2.753307
        ],
        [
          0.790539,
          -0.309373,
          0.528523,
          2.027708
        ],
        [
          0.010467,
          -0.856068,
          -0.516758,
          1.36979
        ],
        [
          0.0,
          0.0,
          0.0,
          1.0
        ]
      ]
    },
    {
      "file_path": "/media/NFS/ttao/scannet/posed_images/scene0640_00/00595.jpg",
      "transform_matrix": [
        [
          0.477314,
          0.470396,
          -0.742226,
          2.845902
        ],
        [
          0.878502,
          -0.274813,
          0.390784,
          2.105868
        ],
        [
          -0.02015,
          -0.838573,
          -0.544416,
          1.370989
        ],
        [
          0.0,
          0.0,
          0.0,
          1.0
        ]
      ]
    },
    {
      "file_path": "/media/NFS/ttao/scannet/posed_images/scene0640_00/00604.jpg",
      "transform_matrix": [
        [
          0.300153,
          0.444985,
          -0.843739,
          2.820466
        ],
        [
          0.953717,
          -0.156886,
          0.256535,
          2.18725
        ],
        [
          -0.018217,
          -0.881689,
          -0.47148,
          1.405908
        ],
        [
          0.0,
          0.0,
          0.0,
          1.0
        ]
      ]
    },
    {
      "file_path": "/media/NFS/ttao/scannet/posed_images/scene0640_00/00615.jpg",
      "transform_matrix": [
        [
          0.148248,
          0.45853,
          -0.876226,
          2.781143
        ],
        [
          0.988448,
          -0.040462,
          0.146061,
          2.302107
        ],
        [
          0.03152,
          -0.887757,
          -0.459232,
          1.428302
        ],
        [
          0.0,
          0.0,
          0.0,
          1.0
        ]
      ]
    },
    {
      "file_path": "/media/NFS/ttao/scannet/posed_images/scene0640_00/00621.jpg",
      "transform_matrix": [
        [
          0.056592,
          0.466381,
          -0.882772,
          2.772092
        ],
        [
          0.998392,
          -0.023601,
          0.051535,
          2.354939
        ],
        [
          0.003201,
          -0.884269,
          -0.466967,
          1.431092
        ],
        [
          0.0,
          0.0,
          0.0,
          1.0
        ]
      ]
    },
    {
      "file_path": "/media/NFS/ttao/scannet/posed_images/scene0640_00/00627.jpg",
      "transform_matrix": [
        [
          -0.031751,
          0.443905,
          -0.895511,
          2.786191
        ],
        [
          0.999408,
          0.002253,
          -0.034318,
          2.454223
        ],
        [
          -0.013216,
          -0.896071,
          -0.443714,
          1.449838
        ],
        [
          0.0,
          0.0,
          0.0,
          1.0
        ]
      ]
    },
    {
      "file_path": "/media/NFS/ttao/scannet/posed_images/scene0640_00/00636.jpg",
      "transform_matrix": [
        [
          -0.120086,
          0.399885,
          -0.908665,
          2.797267
        ],
        [
          0.992742,
          0.042374,
          -0.112549,
          2.631671
        ],
        [
          -0.006503,
          -0.915585,
          -0.402071,
          1.478398
        ],
        [
          0.0,
          0.0,
          0.0,
          1.0
        ]
      ]
    },
    {
      "file_path": "/media/NFS/ttao/scannet/posed_images/scene0640_00/00650.jpg",
      "transform_matrix": [
        [
          -0.279707,
          0.395018,
          -0.875057,
          2.789673
        ],
        [
          0.959657,
          0.087806,
          -0.267111,
          2.791449
        ],
        [
          -0.028679,
          -0.914468,
          -0.403642,
          1.435872
        ],
        [
          0.0,
          0.0,
          0.0,
          1.0
        ]
      ]
    },
    {
      "file_path": "/media/NFS/ttao/scannet/posed_images/scene0640_00/00656.jpg",
      "transform_matrix": [
        [
          -0.331905,
          0.393868,
          -0.85715,
          2.752691
        ],
        [
          0.942736,
          0.106747,
          -0.315995,
          2.84898
        ],
        [
          -0.032962,
          -0.912948,
          -0.406744,
          1.425231
        ],
        [
          0.0,
          0.0,
          0.0,
          1.0
        ]
      ]
    },
    {
      "file_path": "/media/NFS/ttao/scannet/posed_images/scene0640_00/00667.jpg",
      "transform_matrix": [
        [
          -0.478281,
          0.36361,
          -0.799396,
          2.716631
        ],
        [
          0.878206,
          0.196976,
          -0.435838,
          2.986365
        ],
        [
          -0.001014,
          -0.910488,
          -0.413534,
          1.435581
        ],
        [
          0.0,
          0.0,
          0.0,
          1.0
        ]
      ]
    },
    {
      "file_path": "/media/NFS/ttao/scannet/posed_images/scene0640_00/00676.jpg",
      "transform_matrix": [
        [
          -0.626455,
          0.336823,
          -0.702926,
          2.710026
        ],
        [
          0.779437,
          0.264077,
          -0.568104,
          3.145041
        ],
        [
          -0.005723,
          -0.903777,
          -0.427965,
          1.421292
        ],
        [
          0.0,
          0.0,
          0.0,
          1.0
        ]
      ]
    },
    {
      "file_path": "/media/NFS/ttao/scannet/posed_images/scene0640_00/00691.jpg",
      "transform_matrix": [
        [
          -0.695819,
          0.336715,
          -0.634396,
          2.747802
        ],
        [
          0.718206,
          0.331043,
          -0.612038,
          3.299574
        ],
        [
          0.00393,
          -0.881495,
          -0.472177,
          1.411158
        ],
        [
          0.0,
          0.0,
          0.0,
          1.0
        ]
      ]
    },
    {
      "file_path": "/media/NFS/ttao/scannet/posed_images/scene0640_00/00702.jpg",
      "transform_matrix": [
        [
          -0.701196,
          0.352726,
          -0.619604,
          2.811016
        ],
        [
          0.71295,
          0.353249,
          -0.605737,
          3.286058
        ],
        [
          0.005215,
          -0.866487,
          -0.499173,
          1.392187
        ],
        [
          0.0,
          0.0,
          0.0,
          1.0
        ]
      ]
    },
    {
      "file_path": "/media/NFS/ttao/scannet/posed_images/scene0640_00/00711.jpg",
      "transform_matrix": [
        [
          -0.674978,
          0.338187,
          -0.65577,
          2.907658
        ],
        [
          0.737734,
          0.324297,
          -0.592099,
          3.225732
        ],
        [
          0.012424,
          -0.883437,
          -0.468385,
          1.397657
        ],
        [
          0.0,
          0.0,
          0.0,
          1.0
        ]
      ]
    },
    {
      "file_path": "/media/NFS/ttao/scannet/posed_images/scene0640_00/00717.jpg",
      "transform_matrix": [
        [
          -0.652148,
          0.353069,
          -0.670854,
          2.971348
        ],
        [
          0.758092,
          0.303565,
          -0.577187,
          3.162974
        ],
        [
          -0.000139,
          -0.88498,
          -0.465628,
          1.393388
        ],
        [
          0.0,
          0.0,
          0.0,
          1.0
        ]
      ]
    },
    {
      "file_path": "/media/NFS/ttao/scannet/posed_images/scene0640_00/00723.jpg",
      "transform_matrix": [
        [
          -0.655588,
          0.341781,
          -0.673343,
          2.997942
        ],
        [
          0.755032,
          0.310248,
          -0.577644,
          3.065935
        ],
        [
          0.011476,
          -0.887092,
          -0.46145,
          1.381374
        ],
        [
          0.0,
          0.0,
          0.0,
          1.0
        ]
      ]
    },
    {
      "file_path": "/media/NFS/ttao/scannet/posed_images/scene0640_00/00737.jpg",
      "transform_matrix": [
        [
          -0.56636,
          0.386507,
          -0.727907,
          2.975298
        ],
        [
          0.824068,
          0.278665,
          -0.493213,
          2.740861
        ],
        [
          0.012212,
          -0.87918,
          -0.476333,
          1.383397
        ],
        [
          0.0,
          0.0,
          0.0,
          1.0
        ]
      ]
    },
    {
      "file_path": "/media/NFS/ttao/scannet/posed_images/scene0640_00/00743.jpg",
      "transform_matrix": [
        [
          -0.563578,
          0.364215,
          -0.741436,
          2.989756
        ],
        [
          0.825272,
          0.287509,
          -0.486071,
          2.615456
        ],
        [
          0.036136,
          -0.885825,
