{
  "frames": [
    {
      "file_path": "/media/NFS/ttao/scannet/posed_images/scene0150_01/00000.jpg",
      "transform_matrix": [
        [
          0.830624,
          -0.314207,
          0.459716,
          4.143593
        ],
        [
          -0.556633,
          -0.446314,
          0.700689,
          -0.37313
        ],
        [
          -0.014984,
          -0.837901,
          -0.545616,
          1.453748
        ],
        [
          0.0,
          0.0,
          0.0,
          1.0
        ]
      ]
    },
    {
      "file_path": "/media/NFS/ttao/scannet/posed_images/scene0150_01/00001.jpg",
      "transform_matrix": [
        [
          0.832403,
          -0.312836,
          0.457426,
          4.14872
        ],
        [
          -0.55399,
          -0.448682,
          0.70127,
          -0.371523
        ],
        [
          -0.014144,
          -0.837149,
          -0.546792,
          1.459917
        ],
        [
          0.0,
          0.0,
          0.0,
          1.0
        ]
      ]
    },
    {
      "file_path": "/media/NFS/ttao/scannet/posed_images/scene0150_01/00002.jpg",
      "transform_matrix": [
        [
          0.832667,
          -0.310782,
          0.458346,
          4.149119
        ],
        [
          -0.553645,
          -0.449285,
          0.701156,
          -0.370249
        ],
        [
          -0.011979,
          -0.837591,
          -0.546167,
          1.461156
        ],
        [
          0.0,
          0.0,
          0.0,
          1.0
        ]
      ]
    },
    {
      "file_path": "/media/NFS/ttao/scannet/posed_images/scene0150_01/00003.jpg",
      "transform_matrix": [
        [
          0.832601,
          -0.308956,
          0.459697,
          4.149241
        ],
        [
          -0.553753,
          -0.447072,
          0.702484,
          -0.369236
        ],
        [
          -0.011519,
          -0.839448,
          -0.543318,
          1.462269
        ],
        [
          0.0,
          0.0,
          0.0,
          1.0
        ]
      ]
    },
    {
      "file_path": "/media/NFS/ttao/scannet/posed_images/scene0150_01/00004.jpg",
      "transform_matrix": [
        [
          0.832099,
          -0.307313,
          0.461704,
          4.148326
        ],
        [
          -0.554519,
          -0.444463,
          0.703535,
          -0.366685
        ],
        [
          -0.010995,
          -0.841434,
          -0.540248,
          1.462849
        ],
        [
          0.0,
          0.0,
          0.0,
          1.0
        ]
      ]
    },
    {
      "file_path": "/media/NFS/ttao/scannet/posed_images/scene0150_01/00006.jpg",
      "transform_matrix": [
        [
          0.831965,
          -0.303437,
          0.464501,
          4.146031
        ],
        [
          -0.55476,
          -0.44173,
          0.705065,
          -0.363496
        ],
        [
          -0.008759,
          -0.844275,
          -0.535838,
          1.467489
        ],
        [
          0.0,
          0.0,
          0.0,
          1.0
        ]
      ]
    },
    {
      "file_path": "/media/NFS/ttao/scannet/posed_images/scene0150_01/00007.jpg",
      "transform_matrix": [
        [
          0.832478,
          -0.301329,
          0.464953,
          4.147212
        ],
        [
          -0.554003,
          -0.440883,
          0.706189,
          -0.363675
        ],
        [
          -0.007806,
          -0.845472,
          -0.533962,
          1.468528
        ],
        [
          0.0,
          0.0,
          0.0,
          1.0
        ]
      ]
    },
    {
      "file_path": "/media/NFS/ttao/scannet/posed_images/scene0150_01/00008.jpg",
      "transform_matrix": [
        [
          0.832163,
          -0.299123,
          0.466938,
          4.148036
        ],
        [
          -0.554513,
          -0.441966,
          0.705111,
          -0.36142
        ],
        [
          -0.004545,
          -0.84569,
          -0.533655,
          1.470546
        ],
        [
          0.0,
          0.0,
          0.0,
          1.0
        ]
      ]
    },
    {
      "file_path": "/media/NFS/ttao/scannet/posed_images/scene0150_01/00009.jpg",
      "transform_matrix": [
        [
          0.832304,
          -0.295703,
          0.46886,
          4.149688
        ],
        [
          -0.554317,
          -0.441475,
          0.705572,
          -0.360201
        ],
        [
          -0.00165,
          -0.847148,
          -0.531355,
          1.474112
        ],
        [
          0.0,
          0.0,
          0.0,
          1.0
        ]
      ]
    },
    {
      "file_path": "/media/NFS/ttao/scannet/posed_images/scene0150_01/00011.jpg",
      "transform_matrix": [
        [
          0.837894,
          -0.28653,
          0.464581,
          4.158996
        ],
        [
          -0.545807,
          -0.431331,
          0.718366,
          -0.373455
        ],
        [
          -0.005445,
          -0.855485,
          -0.517799,
          1.46936
        ],
        [
          0.0,
          0.0,
          0.0,
          1.0
        ]
      ]
    },
    {
      "file_path": "/media/NFS/ttao/scannet/posed_images/scene0150_01/00012.jpg",
      "transform_matrix": [
        [
          0.838793,
          -0.282298,
          0.465548,
          4.156904
        ],
        [
          -0.544442,
          -0.430012,
          0.720189,
          -0.368025
        ],
        [
          -0.003117,
          -0.857553,
          -0.514386,
          1.476034
        ],
        [
          0.0,
          0.0,
          0.0,
          1.0
        ]
      ]
    },
    {
      "file_path": "/media/NFS/ttao/scannet/posed_images/scene0150_01/00013.jpg",
      "transform_matrix": [
        [
          0.841639,
          -0.278105,
          0.462927,
          4.160397
        ],
        [
          -0.540028,
          -0.427665,
          0.724895,
          -0.366849
        ],
        [
          -0.00362,
          -0.860093,
          -0.510124,
          1.481071
        ],
        [
          0.0,
          0.0,
          0.0,
          1.0
        ]
      ]
    },
    {
      "file_path": "/media/NFS/ttao/scannet/posed_images/scene0150_01/00014.jpg",
      "transform_matrix": [
        [
          0.841683,
          -0.274024,
          0.465275,
          4.161836
        ],
        [
          -0.539961,
          -0.421598,
          0.72849,
          -0.363797
        ],
        [
          -0.003465,
          -0.864388,
          -0.502814,
          1.483893
        ],
        [
          0.0,
          0.0,
          0.0,
          1.0
        ]
      ]
    },
    {
      "file_path": "/media/NFS/ttao/scannet/posed_images/scene0150_01/00016.jpg",
      "transform_matrix": [
        [
          0.843926,
          -0.259146,
          0.469715,
          4.162856
        ],
        [
          -0.53644,
          -0.4002,
          0.743016,
          -0.361358
        ],
        [
          -0.004569,
          -0.879024,
          -0.476755,
          1.498269
        ],
        [
          0.0,
          0.0,
          0.0,
          1.0
        ]
      ]
    },
    {
      "file_path": "/media/NFS/ttao/scannet/posed_images/scene0150_01/00017.jpg",
      "transform_matrix": [
        [
          0.845654,
          -0.254364,
          0.469221,
          4.166181
        ],
        [
          -0.533643,
          -0.386922,
          0.752009,
          -0.354957
        ],
        [
          -0.009732,
          -0.886336,
          -0.462941,
          1.511393
        ],
        [
          0.0,
          0.0,
          0.0,
          1.0
        ]
      ]
    },
    {
      "file_path": "/media/NFS/ttao/scannet/posed_images/scene0150_01/00018.jpg",
      "transform_matrix": [
        [
          0.849558,
          -0.24507,
          0.467111,
          4.16619
        ],
        [
          -0.527133,
          -0.361587,
          0.769016,
          -0.364875
        ],
        [
          -0.019561,
          -0.899553,
          -0.436373,
          1.508527
        ],
        [
          0.0,
          0.0,
          0.0,
          1.0
        ]
      ]
    },
    {
      "file_path": "/media/NFS/ttao/scannet/posed_images/scene0150_01/00020.jpg",
      "transform_matrix": [
        [
          0.859237,
          -0.227289,
          0.458314,
          4.166249
        ],
        [
          -0.510945,
          -0.336721,
          0.79092,
          -0.351908
        ],
        [
          -0.025444,
          -0.913761,
          -0.405455,
          1.542545
        ],
        [
          0.0,
          0.0,
          0.0,
          1.0
        ]
      ]
    },
    {
      "file_path": "/media/NFS/ttao/scannet/posed_images/scene0150_01/00021.jpg",
      "transform_matrix": [
        [
          0.862092,
          -0.219036,
          0.45697,
          4.16259
        ],
        [
          -0.506023,
          -0.323725,
          0.799464,
          -0.343369
        ],
        [
          -0.027179,
          -0.920449,
          -0.389918,
          1.553489
        ],
        [
          0.0,
          0.0,
          0.0,
          1.0
        ]
      ]
    },
    {
      "file_path": "/media/NFS/ttao/scannet/posed_images/scene0150_01/00022.jpg",
      "transform_matrix": [
        [
          0.865519,
          -0.210239,
          0.454617,
          4.164893
        ],
        [
          -0.500206,
          -0.315865,
          0.80624,
          -0.340367
        ],
        [
          -0.025905,
          -0.925219,
          -0.378549,
          1.562889
        ],
        [
          0.0,
          0.0,
          0.0,
          1.0
        ]
      ]
    },
    {
      "file_path": "/media/NFS/ttao/scannet/posed_images/scene0150_01/00023.jpg",
      "transform_matrix": [
        [
          0.867697,
          -0.202775,
          0.453856,
          4.165875
        ],
        [
          -0.496418,
          -0.305865,
          0.812413,
          -0.34183
        ],
        [
          -0.025918,
          -0.93023,
          -0.366059,
          1.566263
        ],
        [
          0.0,
          0.0,
          0.0,
          1.0
        ]
      ]
    },
    {
      "file_path": "/media/NFS/ttao/scannet/posed_images/scene0150_01/00025.jpg",
      "transform_matrix": [
        [
          0.874814,
          -0.189258,
          0.445962,
          4.168937
        ],
        [
          -0.483526,
          -0.283969,
          0.827988,
          -0.342515
        ],
        [
          -0.030064,
          -0.93997,
          -0.339931,
          1.574782
        ],
        [
          0.0,
          0.0,
          0.0,
          1.0
        ]
      ]
    },
    {
      "file_path": "/media/NFS/ttao/scannet/posed_images/scene0150_01/00026.jpg",
      "transform_matrix": [
        [
          0.876884,
          -0.18467,
          0.443815,
          4.164959
        ],
        [
          -0.479603,
          -0.273694,
          0.83371,
          -0.338886
        ],
        [
          -0.032492,
          -0.943922,
          -0.328566,
          1.578766
        ],
        [
          0.0,
          0.0,
          0.0,
          1.0
        ]
      ]
    },
    {
      "file_path": "/media/NFS/ttao/scannet/posed_images/scene0150_01/00027.jpg",
      "transform_matrix": [
        [
          0.880052,
          -0.177553,
          0.440435,
          4.161294
        ],
        [
          -0.473816,
          -0.266364,
          0.839374,
          -0.337374
        ],
        [
          -0.031717,
          -0.947378,
          -0.318542,
          1.582886
        ],
        [
          0.0,
          0.0,
          0.0,
          1.0
        ]
      ]
    },
    {
      "file_path": "/media/NFS/ttao/scannet/posed_images/scene0150_01/00028.jpg",
      "transform_matrix": [
        [
          0.883891,
          -0.171432,
          0.435141,
          4.160996
        ],
        [
          -0.466649,
          -0.261132,
          0.845015,
          -0.337355
        ],
        [
          -0.031234,
          -0.949959,
          -0.31081,
          1.586936
        ],
        [
          0.0,
          0.0,
          0.0,
          1.0
        ]
      ]
    },
    {
      "file_path": "/media/NFS/ttao/scannet/posed_images/scene0150_01/00030.jpg",
      "transform_matrix": [
        [
          0.893055,
          -0.149409,
          0.424417,
          4.155646
        ],
        [
          -0.449594,
          -0.258967,
          0.854869,
          -0.338909
        ],
        [
          -0.017815,
          -0.954261,
          -0.298445,
          1.5942
        ],
        [
          0.0,
          0.0,
          0.0,
          1.0
        ]
      ]
    },
    {
      "file_path": "/media/NFS/ttao/scannet/posed_images/scene0150_01/00031.jpg",
      "transform_matrix": [
        [
          0.897441,
          -0.140301,
          0.41823,
          4.160548
        ],
        [
          -0.440922,
          -0.255815,
          0.860318,
          -0.340567
        ],
        [
          -0.013714,
          -0.956491,
          -0.291441,
          1.595802
        ],
        [
          0.0,
          0.0,
          0.0,
          1.0
        ]
      ]
    },
    {
      "file_path": "/media/NFS/ttao/scannet/posed_images/scene0150_01/00032.jpg",
      "transform_matrix": [
        [
          0.898204,
          -0.136657,
          0.417797,
          4.156403
        ],
        [
          -0.439429,
          -0.254336,
          0.861519,
          -0.337313
        ],
        [
          -0.011471,
          -0.957412,
          -0.288497,
          1.599434
        ],
        [
          0.0,
          0.0,
          0.0,
          1.0
        ]
      ]
    },
    {
      "file_path": "/media/NFS/ttao/scannet/posed_images/scene0150_01/00033.jpg",
      "transform_matrix": [
        [
          0.899862,
          -0.136008,
          0.414427,
          4.157671
        ],
        [
          -0.435947,
          -0.249789,
          0.864613,
          -0.340025
        ],
        [
          -0.014075,
          -0.958701,
          -0.284068,
          1.601883
        ],
        [
          0.0,
          0.0,
          0.0,
          1.0
        ]
      ]
    },
    {
      "file_path": "/media/NFS/ttao/scannet/posed_images/scene0150_01/00034.jpg",
      "transform_matrix": [
        [
          0.901706,
          -0.130158,
          0.412293,
          4.15025
        ],
        [
          -0.432178,
          -0.244384,
          0.868043,
          -0.334062
        ],
        [
          -0.012225,
          -0.960903,
          -0.276614,
          1.603117
        ],
        [
          0.0,
          0.0,
          0.0,
          1.0
        ]
      ]
    },
    {
      "file_path": "/media/NFS/ttao/scannet/posed_images/scene0150_01/00036.jpg",
      "transform_matrix": [
        [
          0.906383,
          -0.126949,
          0.402932,
          4.152621
        ],
        [
          -0.422242,
          -0.241808,
          0.873636,
          -0.337818
        ],
        [
          -0.013475,
          -0.961984,
          -0.272774,
          1.606029
        ],
        [
          0.0,
          0.0,
          0.0,
          1.0
        ]
      ]
    },
    {
      "file_path": "/media/NFS/ttao/scannet/posed_images/scene0150_01/00037.jpg",
      "transform_matrix": [
        [
          0.907143,
          -0.125531,
          0.401663,
          4.152571
        ],
        [
          -0.420635,
          -0.242081,
          0.874336,
          -0.340336
        ],
        [
          -0.012522,
          -0.962101,
          -0.272405,
          1.605804
        ],
        [
          0.0,
          0.0,
          0.0,
          1.0
        ]
      ]
    },
    {
      "file_path": "/media/NFS/ttao/scannet/posed_images/scene0150_01/00038.jpg",
      "transform_matrix": [
        [
          0.908173,
          -0.124668,
          0.399599,
          4.152528
        ],
        [
          -0.418418,
          -0.242623,
          0.875249,
          -0.339177
        ],
        [
          -0.012163,
          -0.962077,
          -0.272507,
          1.606414
        ],
        [
          0.0,
          0.0,
          0.0,
          1.0
        ]
      ]
    },
    {
      "file_path": "/media/NFS/ttao/scannet/posed_images/scene0150_01/00039.jpg",
      "transform_matrix": [
        [
          0.909797,
          -0.121807,
          0.396777,
          4.149283
        ],
        [
          -0.414921,
          -0.242786,
          0.876867,
          -0.338992
        ],
        [
          -0.010477,
          -0.962402,
          -0.271427,
          1.606342
        ],
        [
          0.0,
          0.0,
          0.0,
          1.0
        ]
      ]
    },
    {
      "file_path": "/media/NFS/ttao/scannet/posed_images/scene0150_01/00040.jpg",
      "transform_matrix": [
        [
          0.914563,
          -0.117467,
          0.38701,
          4.159305
        ],
        [
          -0.404291,
          -0.239136,
          0.882815,
          -0.351738
        ],
        [
          -0.011154,
          -0.963855,
          -0.266196,
          1.592718
        ],
        [
          0.0,
          0.0,
          0.0,
          1.0
        ]
      ]
    },
    {
      "file_path": "/media/NFS/ttao/scannet/posed_images/scene0150_01/00042.jpg",
      "transform_matrix": [
        [
          0.918141,
          -0.114245,
          0.379429,
          4.153948
        ],
        [
          -0.396229,
          -0.253685,
          0.88241,
          -0.350102
        ],
        [
          -0.004555,
          -0.960517,
          -0.278185,
          1.583862
        ],
        [
          0.0,
          0.0,
          0.0,
          1.0
        ]
      ]
    },
    {
      "file_path": "/media/NFS/ttao/scannet/posed_images/scene0150_01/00043.jpg",
      "transform_matrix": [
        [
          0.919406,
          -0.109587,
          0.377735,
          4.145842
        ],
        [
          -0.3933,
          -0.263147,
          0.880948,
          -0.351601
        ],
        [
          0.002859,
          -0.958512,
          -0.28504,
          1.576172
        ],
        [
          0.0,
          0.0,
          0.0,
          1.0
        ]
      ]
    },
    {
      "file_path": "/media/NFS/ttao/scannet/posed_images/scene0150_01/00044.jpg",
      "transform_matrix": [
        [
          0.921595,
          -0.111114,
          0.371909,
          4.145895
        ],
        [
          -0.388114,
          -0.277373,
          0.878881,
          -0.350576
        ],
        [
          0.005502,
          -0.954316,
          -0.29875,
          1.573341
        ],
        [
          0.0,
          0.0,
          0.0,
          1.0
        ]
      ]
    },
    {
      "file_path": "/media/NFS/ttao/scannet/posed_images/scene0150_01/00045.jpg",
      "transform_matrix": [
        [
          0.925304,
          -0.119189,
          0.360009,
          4.142349
        ],
        [
          -0.379153,
          -0.309468,
          0.872051,
          -0.349086
        ],
        [
          0.007472,
          -0.943411,
          -0.331543,
          1.558629
        ],
        [
          0.0,
          0.0,
          0.0,
          1.0
        ]
      ]
    },
    {
      "file_path": "/media/NFS/ttao/scannet/posed_images/scene0150_01/00047.jpg",
      "transform_matrix": [
        [
          0.933682,
          -0.126651,
          0.334958,
          4.136333
        ],
        [
          -0.358076,
          -0.341629,
          0.868949,
          -0.348396
        ],
        [
          0.004378,
          -0.931262,
          -0.364323,
          1.552333
        ],
        [
          0.0,
          0.0,
          0.0,
          1.0
        ]
      ]
    },
    {
      "file_path": "/media/NFS/ttao/scannet/posed_images/scene0150_01/00048.jpg",
      "transform_matrix": [
        [
          0.937187,
          -0.129511,
          0.323893,
          4.132407
        ],
        [
          -0.348816,
          -0.355072,
          0.867324,
          -0.349574
        ],
        [
          0.002678,
          -0.925825,
          -0.377944,
          1.546405
        ],
        [
          0.0,
          0.0,
          0.0,
          1.0
        ]
      ]
    },
    {
      "file_path": "/media/NFS/ttao/scannet/posed_images/scene0150_01/00049.jpg",
      "transform_matrix": [
        [
          0.940883,
          -0.129821,
          0.312867,
          4.126826
        ],
        [
          -0.338716,
          -0.369526,
          0.865287,
          -0.349667
        ],
        [
          0.00328,
          -0.920107,
          -0.391653,
          1.541595
        ],
        [
          0.0,
          0.0,
          0.0,
          1.0
        ]
      ]
    },
    {
      "file_path": "/media/NFS/ttao/scannet/posed_images/scene0150_01/00050.jpg",
      "transform_matrix": [
        [
          0.946875,
          -0.127451,
          0.29527,
          4.134446
        ],
        [
          -0.321591,
          -0.382863,
          0.866023,
          -0.354487
        ],
        [
          0.002673,
          -0.914971,
          -0.40351,
          1.535744
        ],
        [
          0.0,
          0.0,
          0.0,
          1.0
        ]
      ]
    },
    {
      "file_path": "/media/NFS/ttao/scannet/posed_images/scene0150_01/00052.jpg",
      "transform_matrix": [
        [
          0.960668,
          -0.114796,
          0.252862,
          4.128143
        ],
        [
          -0.277689,
          -0.405261,
          0.871007,
          -0.355211
        ],
        [
          0.002487,
          -0.906965,
          -0.421198,
          1.530114
        ],
        [
          0.0,
          0.0,
          0.0,
          1.0
        ]
      ]
    },
    {
      "file_path": "/media/NFS/ttao/scannet/posed_images/scene0150_01/00053.jpg",
      "transform_matrix": [
        [
          0.968088,
          -0.107567,
          0.226351,
          4.130023
        ],
        [
          -0.250611,
          -0.414498,
          0.874863,
          -0.358398
        ],
        [
          -0.000284,
          -0.903671,
          -0.428228,
          1.528705
        ],
        [
          0.0,
          0.0,
          0.0,
          1.0
        ]
      ]
    },
    {
      "file_path": "/media/NFS/ttao/scannet/posed_images/scene0150_01/00054.jpg",
      "transform_matrix": [
        [
          0.973426,
          -0.103657,
          0.204197,
          4.132161
        ],
        [
          -0.228944,
          -0.420649,
          0.877861,
          -0.365263
        ],
        [
          -0.005101,
          -0.901282,
          -0.433202,
          1.523913
        ],
        [
          0.0,
          0.0,
          0.0,
          1.0
        ]
      ]
    },
    {
      "file_path": "/media/NFS/ttao/scannet/posed_images/scene0150_01/00055.jpg",
      "transform_matrix": [
        [
          0.978007,
          -0.09869,
          0.183747,
          4.139163
        ],
        [
          -0.208403,
          -0.426837,
          0.879988,
          -0.369495
        ],
        [
          -0.008415,
          -0.898927,
          -0.438017,
          1.51954
        ],
        [
          0.0,
          0.0,
          0.0,
          1.0
        ]
      ]
    },
    {
      "file_path": "/media/NFS/ttao/scannet/posed_images/scene0150_01/00057.jpg",
      "transform_matrix": [
        [
          0.985607,
          -0.088058,
          0.144309,
          4.140821
        ],
        [
          -0.1684,
          -0.436337,
          0.883885,
          -0.378573
        ],
        [
          -0.014866,
          -0.895464,
          -0.444885,
          1.517582
        ],
        [
          0.0,
          0.0,
          0.0,
          1.0
        ]
      ]
    },
    {
      "file_path": "/media/NFS/ttao/scannet/posed_images/scene0150_01/00058.jpg",
      "transform_matrix": [
        [
          0.989699,
          -0.080603,
          0.118316,
          4.147377
        ],
        [
          -0.141798,
          -0.438079,
          0.887683,
          -0.387447
        ],
        [
          -0.019718,
          -0.895316,
          -0.444995,
          1.514763
        ],
        [
          0.0,
          0.0,
          0.0,
          1.0
        ]
      ]
    },
    {
      "file_path": "/media/NFS/ttao/scannet/posed_images/scene0150_01/00059.jpg",
      "transform_matrix": [
        [
          0.992475,
          -0.075718,
          0.096232,
          4.150179
        ],
        [
          -0.119846,
          -0.43945,
          0.890236,
          -0.393474
        ],
        [
          -0.025118,
          -0.89507,
          -0.445217,
          1.513159
        ],
        [
          0.0,
          0.0,
          0.0,
          1.0
        ]
      ]
    },
    {
      "file_path": "/media/NFS/ttao/scannet/posed_images/scene0150_01/00060.jpg",
      "transform_matrix": [
        [
          0.995275,
          -0.061551,
          0.075091,
          4.16103
        ],
        [
          -0.094371,
          -0.431395,
          0.897214,
          -0.409929
        ],
        [
          -0.022831,
          -0.900061,
          -0.435166,
          1.488967
        ],
        [
          0.0,
          0.0,
          0.0,
          1.0
        ]
      ]
    },
    {
      "file_path": "/media/NFS/ttao/scannet/posed_images/scene0150_01/00062.jpg",
      "transform_matrix": [
        [
          0.998283,
          -0.042737,
          0.040064,
          4.17389
        ],
        [
          -0.054808,
          -0.439973,
          0.896337,
          -0.429122
        ],
        [
          -0.02068,
          -0.896994,
          -0.441559,
          1.471991
        ],
        [
          0.0,
          0.0,
          0.0,
          1.0
        ]
      ]
    },
    {
      "file_path": "/media/NFS/ttao/scannet/posed_images/scene0150_01/00063.jpg",
      "transform_matrix": [
        [
          0.999174,
          -0.033574,
          0.022914,
          4.178838
        ],
        [
          -0.035616,
          -0.451413,
          0.891604,
          -0.435305
        ],
        [
          -0.019591,
          -0.891683,
          -0.452236,
          1.469257
        ],
        [
          0.0,
          0.0,
          0.0,
          1.0
        ]
      ]
    },
    {
      "file_path": "/media/NFS/ttao/scannet/posed_images/scene0150_01/00064.jpg",
      "transform_matrix": [
        [
          0.999725,
          -0.022717,
          0.005843,
          4.185682
        ],
        [
          -0.015633,
          -0.459573,
          0.888003,
          -0.441157
        ],
        [
          -0.017487,
          -0.88785,
          -0.459802,
          1.468039
        ],
        [
          0.0,
          0.0,
          0.0,
          1.0
        ]
      ]
    },
    {
      "file_path": "/media/NFS/ttao/scannet/posed_images/scene0150_01/00065.jpg",
      "transform_matrix": [
        [
          0.999905,
          -0.011271,
          -0.007989,
          4.193935
        ],
        [
          0.001853,
          -0.463629,
          0.886028,
          -0.449724
        ],
        [
          -0.01369,
          -0.885958,
          -0.463564,
          1.463123
        ],
        [
          0.0,
          0.0,
          0.0,
          1.0
        ]
      ]
    },
    {
      "file_path": "/media/NFS/ttao/scannet/posed_images/scene0150_01/00067.jpg",
      "transform_matrix": [
        [
          0.999532,
          0.011788,
          -0.028217,
          4.219744
        ],
        [
          0.030439,
          -0.47198,
          0.881083,
          -0.460972
        ],
        [
          -0.002932,
          -0.88153,
          -0.472118,
          1.46228
        ],
        [
          0.0,
          0.0,
          0.0,
          1.0
        ]
      ]
    },
    {
      "file_path": "/media/NFS/ttao/scannet/posed_images/scene0150_01/00068.jpg",
      "transform_matrix": [
        [
          0.999136,
          0.021883,
          -0.035322,
          4.230957
        ],
        [
          0.041469,
          -0.471596,
          0.880839,
          -0.468826
        ],
        [
          0.002618,
          -0.881543,
          -0.472096,
          1.457778
        ],
        [
          0.0,
          0.0,
          0.0,
          1.0
        ]
      ]
    },
    {
      "file_path": "/media/NFS/ttao/scannet/posed_images/scene0150_01/00069.jpg",
      "transform_matrix": [
        [
          0.998717,
          0.032557,
          -0.038798,
          4.239287
        ],
        [
          0.049611,
          -0.474557,
          0.878826,
          -0.474404
        ],
        [
          0.0102,
          -0.879623,
          -0.475563,
          1.453025
        ],
        [
          0.0,
          0.0,
          0.0,
          1.0
        ]
      ]
    },
    {
      "file_path": "/media/NFS/ttao/scannet/posed_images/scene0150_01/00070.jpg",
      "transform_matrix": [
        [
          0.99782,
          0.039872,
          -0.052589,
          4.26669
        ],
        [
          0.065296,
          -0.480775,
          0.874409,
          -0.478672
        ],
        [
          0.009581,
          -0.875937,
          -0.482331,
          1.45262
        ],
        [
          0.0,
          0.0,
          0.0,
          1.0
        ]
      ]
    },
    {
      "file_path": "/media/NFS/ttao/scannet/posed_images/scene0150_01/00072.jpg",
      "transform_matrix": [
        [
          0.995904,
          0.062124,
          -0.065702,
          4.294314
        ],
        [
          0.087794,
          -0.490436,
          0.867044,
          -0.490451
        ],
        [
          0.021642,
          -0.86926,
          -0.493881,
          1.445827
        ],
        [
          0.0,
          0.0,
          0.0,
          1.0
        ]
      ]
    },
    {
      "file_path": "/media/NFS/ttao/scannet/posed_images/scene0150_01/00073.jpg",
      "transform_matrix": [
        [
          0.995144,
          0.067914,
          -0.071245,
          4.305436
        ],
        [
          0.095647,
          -0.49637,
          0.862826,
          -0.491467
        ],
        [
          0.023235,
          -0.865451,
          -0.500455,
          1.447604
        ],
        [
          0.0,
          0.0,
          0.0,
          1.0
        ]
      ]
    },
    {
      "file_path": "/media/NFS/ttao/scannet/posed_images/scene0150_01/00074.jpg",
      "transform_matrix": [
        [
          0.99442,
          0.071866,
          -0.07723,
          4.31701
        ],
        [
          0.102925,
          -0.500297,
          0.859715,
          -0.492532
        ],
        [
          0.023147,
          -0.862867,
          -0.504902,
          1.448017
        ],
        [
          0.0,
          0.0,
          0.0,
          1.0
        ]
      ]
    },
    {
      "file_path": "/media/NFS/ttao/scannet/posed_images/scene0150_01/00075.jpg",
      "transform_matrix": [
        [
          0.993686,
          0.075036,
          -0.083419,
          4.330059
        ],
        [
          0.109949,
          -0.502967,
          0.857284,
          -0.4933
        ],
        [
          0.02237,
          -0.861042,
          -0.508041,
          1.4486
        ],
        [
          0.0,
          0.0,
          0.0,
          1.0
        ]
      ]
    },
    {
      "file_path": "/media/NFS/ttao/scannet/posed_images/scene0150_01/00076.jpg",
      "transform_matrix": [
        [
          0.993461,
          0.074273,
          -0.086712,
          4.33425
        ],
        [
          0.112425,
          -0.504008,
          0.856351,
          -0.49016
        ],
        [
          0.0199,
          -0.8605,
          -0.509062,
          1.452837
        ],
        [
          0.0,
          0.0,
          0.0,
          1.0
        ]
      ]
    },
    {
      "file_path": "/media/NFS/ttao/scannet/posed_images/scene0150_01/00078.jpg",
      "transform_matrix": [
        [
          0.992502,
          0.066769,
          -0.102376,
          4.356216
        ],
        [
          0.122045,
          -0.495927,
          0.859745,
          -0.484142
        ],
        [
          0.006633,
          -0.865793,
          -0.500358,
          1.459882
        ],
        [
          0.0,
          0.0,
          0.0,
          1.0
        ]
      ]
    },
    {
      "file_path": "/media/NFS/ttao/scannet/posed_images/scene0150_01/00079.jpg",
      "transform_matrix": [
        [
          0.991488,
          0.063829,
          -0.11348,
          4.369492
        ],
        [
          0.130197,
          -0.491178,
          0.861274,
          -0.479709
        ],
        [
          -0.000764,
          -0.868717,
          -0.495308,
          1.461128
        ],
        [
          0.0,
          0.0,
          0.0,
          1.0
        ]
      ]
    },
    {
      "file_path": "/media/NFS/ttao/scannet/posed_images/scene0150_01/00080.jpg",
      "transform_matrix": [
        [
          0.990094,
          0.069566,
          -0.121964,
          4.385114
        ],
        [
          0.140409,
          -0.492058,
          0.859165,
          -0.471574
        ],
        [
          -0.000244,
          -0.867779,
          -0.496951,
          1.468836
        ],
        [
          0.0,
          0.0,
          0.0,
          1.0
        ]
      ]
    },
    {
      "file_path": "/media/NFS/ttao/scannet/posed_images/scene0150_01/00082.jpg",
      "transform_matrix": [
        [
          0.989788,
          0.07047,
          -0.123912,
          4.409893
        ],
        [
          0.142547,
          -0.49489,
          0.857184,
          -0.455758
        ],
        [
          -0.000917,
          -0.866094,
          -0.499881,
          1.471563
        ],
        [
          0.0,
          0.0,
          0.0,
          1.0
        ]
      ]
    },
    {
      "file_path": "/media/NFS/ttao/scannet/posed_images/scene0150_01/00083.jpg",
      "transform_matrix": [
        [
          0.989448,
          0.071129,
          -0.126228,
          4.420479
        ],
        [
          0.14488,
          -0.495612,
          0.856376,
          -0.443423
        ],
        [
          -0.001647,
          -0.865627,
          -0.500687,
          1.473111
        ],
        [
          0.0,
          0.0,
          0.0,
          1.0
        ]
      ]
    },
    {
      "file_path": "/media/NFS/ttao/scannet/posed_images/scene0150_01/00084.jpg",
      "transform_matrix": [
        [
          0.989039,
          0.070388,
          -0.129797,
          4.431895
        ],
        [
          0.147595,
          -0.496201,
          0.85557,
          -0.430936
        ],
        [
          -0.004184,
          -0.86535,
          -0.501151,
          1.475635
        ],
        [
          0.0,
          0.0,
          0.0,
          1.0
        ]
      ]
    },
    {
      "file_path": "/media/NFS/ttao/scannet/posed_images/scene0150_01/00085.jpg",
      "transform_matrix": [
        [
          0.988453,
          0.070669,
          -0.134036,
          4.445406
        ],
        [
          0.151403,
          -0.496197,
          0.854907,
          -0.419291
        ],
        [
          -0.006093,
          -0.865329,
          -0.501167,
          1.476243
        ],
        [
          0.0,
          0.0,
          0.0,
          1.0
        ]
      ]
    },
    {
      "file_path": "/media/NFS/ttao/scannet/posed_images/scene0150_01/00086.jpg",
      "transform_matrix": [
        [
          0.987891,
          0.072985,
          -0.136914,
          4.458116
        ],
        [
          0.155052,
          -0.496097,
          0.854311,
          -0.405443
        ],
        [
          -0.00557,
          -0.865194,
          -0.501406,
          1.473662
        ],
        [
          0.0,
          0.0,
          0.0,
          1.0
        ]
      ]
    },
    {
      "file_path": "/media/NFS/ttao/scannet/posed_images/scene0150_01/00088.jpg",
      "transform_matrix": [
        [
          0.986973,
          0.079801,
          -0.139702,
          4.482096
        ],
        [
          0.160876,
          -0.499809,
          0.851064,
          -0.371321
        ],
        [
          -0.001909,
          -0.862452,
          -0.506136,
          1.471658
        ],
        [
          0.0,
          0.0,
          0.0,
          1.0
        ]
      ]
    },
    {
      "file_path": "/media/NFS/ttao/scannet/posed_images/scene0150_01/00089.jpg",
      "transform_matrix": [
        [
          0.986837,
          0.079934,
          -0.140585,
          4.489202
        ],
        [
          0.161699,
          -0.501982,
          0.849628,
          -0.352396
        ],
        [
          -0.002656,
          -0.861177,
          -0.508299,
          1.477925
        ],
        [
          0.0,
          0.0,
          0.0,
          1.0
        ]
      ]
    },
    {
      "file_path": "/media/NFS/ttao/scannet/posed_images/scene0150_01/00090.jpg",
      "transform_matrix": [
        [
          0.986004,
          0.082998,
          -0.144594,
          4.505164
        ],
        [
          0.166715,
          -0.498195,
          0.850887,
          -0.331856
        ],
        [
          -0.001414,
          -0.863084,
          -0.505059,
          1.483257
        ],
        [
          0.0,
          0.0,
          0.0,
          1.0
        ]
      ]
    },
    {
      "file_path": "/media/NFS/ttao/scannet/posed_images/scene0150_01/00091.jpg",
      "transform_matrix": [
        [
          0.984319,
          0.091485,
          -0.150822,
          4.525069
        ],
        [
          0.176287,
          -0.479581,
          0.859608,
          -0.294254
        ],
        [
          0.00631,
          -0.872716,
          -0.488188,
          1.485186
        ],
        [
          0.0,
          0.0,
          0.0,
          1.0
        ]
      ]
    },
    {
      "file_path": "/media/NFS/ttao/scannet/posed_images/scene0150_01/00093.jpg",
      "transform_matrix": [
        [
          0.981206,
          0.098445,
          -0.165961,
          4.547567
        ],
        [
          0.192881,
          -0.475309,
          0.858416,
          -0.259623
        ],
        [
          0.005624,
          -0.874294,
          -0.485365,
          1.489572
        ],
        [
          0.0,
          0.0,
          0.0,
          1.0
        ]
      ]
    },
    {
      "file_path": "/media/NFS/ttao/scannet/posed_images/scene0150_01/00094.jpg",
      "transform_matrix": [
        [
          0.979077,
          0.105955,
          -0.173732,
          4.557492
        ],
        [
          0.203356,
          -0.478106,
          0.854436,
          -0.237719
        ],
        [
          0.00747,
          -0.871888,
          -0.489648,
          1.494281
        ],
        [
          0.0,
          0.0,
          0.0,
          1.0
        ]
      ]
    },
    {
      "file_path": "/media/NFS/ttao/scannet/posed_images/scene0150_01/00095.jpg",
      "transform_matrix": [
        [
          0.977124,
          0.112938,
          -0.180205,
          4.566529
        ],
        [
          0.21244,
          -0.478873,
          0.851792,
