{
  "frames": [
    {
      "file_path": "/media/NFS/ttao/scannet/posed_images/scene0622_00/00000.jpg",
      "transform_matrix": [
        [
          -0.972111,
          -0.065053,
          0.22532,
          2.956879
        ],
        [
          -0.234212,
          0.219848,
          -0.947002,
          4.589122
        ],
        [
          0.01207,
          -0.973363,
          -0.228952,
          1.311357
        ],
        [
          0.0,
          0.0,
          0.0,
          1.0
        ]
      ]
    },
    {
      "file_path": "/media/NFS/ttao/scannet/posed_images/scene0622_00/00004.jpg",
      "transform_matrix": [
        [
          -0.973361,
          -0.04691,
          0.224427,
          2.962172
        ],
        [
          -0.229263,
          0.209971,
          -0.950448,
          4.596537
        ],
        [
          -0.002537,
          -0.976582,
          -0.215132,
          1.314887
        ],
        [
          0.0,
          0.0,
          0.0,
          1.0
        ]
      ]
    },
    {
      "file_path": "/media/NFS/ttao/scannet/posed_images/scene0622_00/00007.jpg",
      "transform_matrix": [
        [
          -0.97163,
          -0.043624,
          0.23245,
          2.960692
        ],
        [
          -0.236424,
          0.205275,
          -0.949719,
          4.600712
        ],
        [
          -0.006286,
          -0.977732,
          -0.209765,
          1.32069
        ],
        [
          0.0,
          0.0,
          0.0,
          1.0
        ]
      ]
    },
    {
      "file_path": "/media/NFS/ttao/scannet/posed_images/scene0622_00/00012.jpg",
      "transform_matrix": [
        [
          -0.965183,
          -0.049001,
          0.256946,
          2.930286
        ],
        [
          -0.261538,
          0.197649,
          -0.94474,
          4.584503
        ],
        [
          -0.004492,
          -0.979048,
          -0.203583,
          1.288759
        ],
        [
          0.0,
          0.0,
          0.0,
          1.0
        ]
      ]
    },
    {
      "file_path": "/media/NFS/ttao/scannet/posed_images/scene0622_00/00019.jpg",
      "transform_matrix": [
        [
          -0.958119,
          -0.040978,
          0.283424,
          2.92367
        ],
        [
          -0.286069,
          0.182429,
          -0.940683,
          4.586025
        ],
        [
          -0.013158,
          -0.982365,
          -0.186512,
          1.288536
        ],
        [
          0.0,
          0.0,
          0.0,
          1.0
        ]
      ]
    },
    {
      "file_path": "/media/NFS/ttao/scannet/posed_images/scene0622_00/00021.jpg",
      "transform_matrix": [
        [
          -0.952339,
          -0.042302,
          0.302094,
          2.909371
        ],
        [
          -0.304592,
          0.185611,
          -0.934223,
          4.58321
        ],
        [
          -0.016553,
          -0.981712,
          -0.189649,
          1.287445
        ],
        [
          0.0,
          0.0,
          0.0,
          1.0
        ]
      ]
    },
    {
      "file_path": "/media/NFS/ttao/scannet/posed_images/scene0622_00/00023.jpg",
      "transform_matrix": [
        [
          -0.946401,
          -0.047272,
          0.319515,
          2.91219
        ],
        [
          -0.322598,
          0.187248,
          -0.92783,
          4.583522
        ],
        [
          -0.015968,
          -0.981175,
          -0.192461,
          1.278109
        ],
        [
          0.0,
          0.0,
          0.0,
          1.0
        ]
      ]
    },
    {
      "file_path": "/media/NFS/ttao/scannet/posed_images/scene0622_00/00028.jpg",
      "transform_matrix": [
        [
          -0.919567,
          -0.071283,
          0.386413,
          2.891891
        ],
        [
          -0.392602,
          0.207043,
          -0.896101,
          4.572229
        ],
        [
          -0.016128,
          -0.975732,
          -0.218375,
          1.267548
        ],
        [
          0.0,
          0.0,
          0.0,
          1.0
        ]
      ]
    },
    {
      "file_path": "/media/NFS/ttao/scannet/posed_images/scene0622_00/00033.jpg",
      "transform_matrix": [
        [
          -0.888555,
          -0.105503,
          0.446475,
          2.902349
        ],
        [
          -0.458726,
          0.217984,
          -0.861426,
          4.575182
        ],
        [
          -0.006441,
          -0.970233,
          -0.242088,
          1.271424
        ],
        [
          0.0,
          0.0,
          0.0,
          1.0
        ]
      ]
    },
    {
      "file_path": "/media/NFS/ttao/scannet/posed_images/scene0622_00/00040.jpg",
      "transform_matrix": [
        [
          -0.844638,
          -0.133282,
          0.518482,
          2.935576
        ],
        [
          -0.535314,
          0.219601,
          -0.815607,
          4.593755
        ],
        [
          -0.005154,
          -0.966443,
          -0.256831,
          1.283268
        ],
        [
          0.0,
          0.0,
          0.0,
          1.0
        ]
      ]
    },
    {
      "file_path": "/media/NFS/ttao/scannet/posed_images/scene0622_00/00041.jpg",
      "transform_matrix": [
        [
          -0.836906,
          -0.132036,
          0.531183,
          2.932431
        ],
        [
          -0.547309,
          0.213333,
          -0.809285,
          4.598768
        ],
        [
          -0.006465,
          -0.968016,
          -0.250804,
          1.270988
        ],
        [
          0.0,
          0.0,
          0.0,
          1.0
        ]
      ]
    },
    {
      "file_path": "/media/NFS/ttao/scannet/posed_images/scene0622_00/00047.jpg",
      "transform_matrix": [
        [
          -0.780164,
          -0.152084,
          0.606807,
          2.924685
        ],
        [
          -0.625545,
          0.199188,
          -0.754333,
          4.586835
        ],
        [
          -0.006147,
          -0.968088,
          -0.250535,
          1.267472
        ],
        [
          0.0,
          0.0,
          0.0,
          1.0
        ]
      ]
    },
    {
      "file_path": "/media/NFS/ttao/scannet/posed_images/scene0622_00/00048.jpg",
      "transform_matrix": [
        [
          -0.769303,
          -0.157418,
          0.619187,
          2.922291
        ],
        [
          -0.638864,
          0.197249,
          -0.743603,
          4.58166
        ],
        [
          -0.005078,
          -0.967632,
          -0.252313,
          1.269677
        ],
        [
          0.0,
          0.0,
          0.0,
          1.0
        ]
      ]
    },
    {
      "file_path": "/media/NFS/ttao/scannet/posed_images/scene0622_00/00056.jpg",
      "transform_matrix": [
        [
          -0.682593,
          -0.190309,
          0.705584,
          2.942557
        ],
        [
          -0.730793,
          0.181639,
          -0.657989,
          4.557947
        ],
        [
          -0.00294,
          -0.964775,
          -0.263062,
          1.274866
        ],
        [
          0.0,
          0.0,
          0.0,
          1.0
        ]
      ]
    },
    {
      "file_path": "/media/NFS/ttao/scannet/posed_images/scene0622_00/00057.jpg",
      "transform_matrix": [
        [
          -0.668054,
          -0.194873,
          0.718142,
          2.939895
        ],
        [
          -0.744113,
          0.17538,
          -0.644623,
          4.553015
        ],
        [
          -0.000328,
          -0.965022,
          -0.262171,
          1.271822
        ],
        [
          0.0,
          0.0,
          0.0,
          1.0
        ]
      ]
    },
    {
      "file_path": "/media/NFS/ttao/scannet/posed_images/scene0622_00/00061.jpg",
      "transform_matrix": [
        [
          -0.612215,
          -0.220942,
          0.759195,
          2.947737
        ],
        [
          -0.790625,
          0.158615,
          -0.5914,
          4.543493
        ],
        [
          0.010245,
          -0.962302,
          -0.271789,
          1.267473
        ],
        [
          0.0,
          0.0,
          0.0,
          1.0
        ]
      ]
    },
    {
      "file_path": "/media/NFS/ttao/scannet/posed_images/scene0622_00/00067.jpg",
      "transform_matrix": [
        [
          -0.517323,
          -0.259862,
          0.815382,
          2.950551
        ],
        [
          -0.855656,
          0.140231,
          -0.498184,
          4.520273
        ],
        [
          0.015117,
          -0.955409,
          -0.294897,
          1.253359
        ],
        [
          0.0,
          0.0,
          0.0,
          1.0
        ]
      ]
    },
    {
      "file_path": "/media/NFS/ttao/scannet/posed_images/scene0622_00/00072.jpg",
      "transform_matrix": [
        [
          -0.477034,
          -0.291335,
          0.829194,
          2.988015
        ],
        [
          -0.878676,
          0.137516,
          -0.457185,
          4.507699
        ],
        [
          0.019167,
          -0.946686,
          -0.321588,
          1.257077
        ],
        [
          0.0,
          0.0,
          0.0,
          1.0
        ]
      ]
    },
    {
      "file_path": "/media/NFS/ttao/scannet/posed_images/scene0622_00/00077.jpg",
      "transform_matrix": [
        [
          -0.462783,
          -0.301653,
          0.833569,
          3.032757
        ],
        [
          -0.886072,
          0.129175,
          -0.445185,
          4.500627
        ],
        [
          0.026615,
          -0.944627,
          -0.327066,
          1.25801
        ],
        [
          0.0,
          0.0,
          0.0,
          1.0
        ]
      ]
    },
    {
      "file_path": "/media/NFS/ttao/scannet/posed_images/scene0622_00/00078.jpg",
      "transform_matrix": [
        [
          -0.459215,
          -0.301217,
          0.835697,
          3.039488
        ],
        [
          -0.887941,
          0.127977,
          -0.441795,
          4.496933
        ],
        [
          0.026126,
          -0.944929,
          -0.326232,
          1.257274
        ],
        [
          0.0,
          0.0,
          0.0,
          1.0
        ]
      ]
    },
    {
      "file_path": "/media/NFS/ttao/scannet/posed_images/scene0622_00/00082.jpg",
      "transform_matrix": [
        [
          -0.437418,
          -0.311191,
          0.843697,
          3.084897
        ],
        [
          -0.89849,
          0.112476,
          -0.42434,
          4.498336
        ],
        [
          0.037155,
          -0.943668,
          -0.328801,
          1.252036
        ],
        [
          0.0,
          0.0,
          0.0,
          1.0
        ]
      ]
    },
    {
      "file_path": "/media/NFS/ttao/scannet/posed_images/scene0622_00/00089.jpg",
      "transform_matrix": [
        [
          -0.403036,
          -0.294117,
          0.866636,
          3.162476
        ],
        [
          -0.914374,
          0.089571,
          -0.394838,
          4.509316
        ],
        [
          0.038503,
          -0.951563,
          -0.305033,
          1.269239
        ],
        [
          0.0,
          0.0,
          0.0,
          1.0
        ]
      ]
    },
    {
      "file_path": "/media/NFS/ttao/scannet/posed_images/scene0622_00/00090.jpg",
      "transform_matrix": [
        [
          -0.399839,
          -0.292492,
          0.868664,
          3.174906
        ],
        [
          -0.915602,
          0.083575,
          -0.393303,
          4.525219
        ],
        [
          0.042439,
          -0.952609,
          -0.301223,
          1.262593
        ],
        [
          0.0,
          0.0,
          0.0,
          1.0
        ]
      ]
    },
    {
      "file_path": "/media/NFS/ttao/scannet/posed_images/scene0622_00/00096.jpg",
      "transform_matrix": [
        [
          -0.349265,
          -0.282961,
          0.893279,
          3.219919
        ],
        [
          -0.936769,
          0.083224,
          -0.339907,
          4.528304
        ],
        [
          0.021838,
          -0.955514,
          -0.294136,
          1.275608
        ],
        [
          0.0,
          0.0,
          0.0,
          1.0
        ]
      ]
    },
    {
      "file_path": "/media/NFS/ttao/scannet/posed_images/scene0622_00/00100.jpg",
      "transform_matrix": [
        [
          -0.301292,
          -0.277791,
          0.912171,
          3.245234
        ],
        [
          -0.953439,
          0.074403,
          -0.292265,
          4.523863
        ],
        [
          0.01332,
          -0.957756,
          -0.287273,
          1.285557
        ],
        [
          0.0,
          0.0,
          0.0,
          1.0
        ]
      ]
    },
    {
      "file_path": "/media/NFS/ttao/scannet/posed_images/scene0622_00/00103.jpg",
      "transform_matrix": [
        [
          -0.264035,
          -0.272565,
          0.925199,
          3.258672
        ],
        [
          -0.964451,
          0.063683,
          -0.256475,
          4.506993
        ],
        [
          0.010986,
          -0.960027,
          -0.279691,
          1.284605
        ],
        [
          0.0,
          0.0,
          0.0,
          1.0
        ]
      ]
    },
    {
      "file_path": "/media/NFS/ttao/scannet/posed_images/scene0622_00/00109.jpg",
      "transform_matrix": [
        [
          -0.16323,
          -0.25944,
          0.951865,
          3.291583
        ],
        [
          -0.986512,
          0.030941,
          -0.160739,
          4.461005
        ],
        [
          0.012251,
          -0.965263,
          -0.260992,
          1.299012
        ],
        [
          0.0,
          0.0,
          0.0,
          1.0
        ]
      ]
    },
    {
      "file_path": "/media/NFS/ttao/scannet/posed_images/scene0622_00/00110.jpg",
      "transform_matrix": [
        [
          -0.164005,
          -0.257315,
          0.952308,
          3.302995
        ],
        [
          -0.986162,
          0.019076,
          -0.164681,
          4.511905
        ],
        [
          0.024209,
          -0.966139,
          -0.256883,
          1.299011
        ],
        [
          0.0,
          0.0,
          0.0,
          1.0
        ]
      ]
    },
    {
      "file_path": "/media/NFS/ttao/scannet/posed_images/scene0622_00/00117.jpg",
      "transform_matrix": [
        [
          -0.035587,
          -0.213451,
          0.976305,
          3.341177
        ],
        [
          -0.998769,
          -0.026179,
          -0.04213,
          4.425179
        ],
        [
          0.034551,
          -0.976603,
          -0.212257,
          1.317962
        ],
        [
          0.0,
          0.0,
          0.0,
          1.0
        ]
      ]
    },
    {
      "file_path": "/media/NFS/ttao/scannet/posed_images/scene0622_00/00121.jpg",
      "transform_matrix": [
        [
          0.013456,
          -0.212717,
          0.977021,
          3.356881
        ],
        [
          -0.998877,
          -0.047263,
          0.003467,
          4.464484
        ],
        [
          0.04544,
          -0.97597,
          -0.213114,
          1.321468
        ],
        [
          0.0,
          0.0,
          0.0,
          1.0
        ]
      ]
    },
    {
      "file_path": "/media/NFS/ttao/scannet/posed_images/scene0622_00/00122.jpg",
      "transform_matrix": [
        [
          0.035025,
          -0.214518,
          0.976092,
          3.368504
        ],
        [
          -0.998387,
          -0.051183,
          0.024577,
          4.451941
        ],
        [
          0.044687,
          -0.975378,
          -0.215965,
          1.321989
        ],
        [
          0.0,
          0.0,
          0.0,
          1.0
        ]
      ]
    },
    {
      "file_path": "/media/NFS/ttao/scannet/posed_images/scene0622_00/00130.jpg",
      "transform_matrix": [
        [
          0.169893,
          -0.24201,
          0.955284,
          3.406995
        ],
        [
          -0.984274,
          -0.089262,
          0.152435,
          4.472904
        ],
        [
          0.04838,
          -0.966159,
          -0.253369,
          1.333919
        ],
        [
          0.0,
          0.0,
          0.0,
          1.0
        ]
      ]
    },
    {
      "file_path": "/media/NFS/ttao/scannet/posed_images/scene0622_00/00132.jpg",
      "transform_matrix": [
        [
          0.205906,
          -0.247109,
          0.946858,
          3.425876
        ],
        [
          -0.97701,
          -0.106565,
          0.184652,
          4.474286
        ],
        [
          0.055273,
          -0.96311,
          -0.263371,
          1.337651
        ],
        [
          0.0,
          0.0,
          0.0,
          1.0
        ]
      ]
    },
    {
      "file_path": "/media/NFS/ttao/scannet/posed_images/scene0622_00/00135.jpg",
      "transform_matrix": [
        [
          0.251949,
          -0.236802,
          0.938321,
          3.443934
        ],
        [
          -0.965728,
          -0.124018,
          0.22801,
          4.475039
        ],
        [
          0.062375,
          -0.96361,
          -0.259932,
          1.329289
        ],
        [
          0.0,
          0.0,
          0.0,
          1.0
        ]
      ]
    },
    {
      "file_path": "/media/NFS/ttao/scannet/posed_images/scene0622_00/00142.jpg",
      "transform_matrix": [
        [
          0.318425,
          -0.258405,
          0.912048,
          3.494865
        ],
        [
          -0.945508,
          -0.155563,
          0.286032,
          4.542263
        ],
        [
          0.067969,
          -0.953429,
          -0.29386,
          1.354722
        ],
        [
          0.0,
          0.0,
          0.0,
          1.0
        ]
      ]
    },
    {
      "file_path": "/media/NFS/ttao/scannet/posed_images/scene0622_00/00144.jpg",
      "transform_matrix": [
        [
          0.338749,
          -0.254661,
          0.905757,
          3.509978
        ],
        [
          -0.938988,
          -0.152465,
          0.308311,
          4.5516
        ],
        [
          0.059582,
          -0.954936,
          -0.290772,
          1.356138
        ],
        [
          0.0,
          0.0,
          0.0,
          1.0
        ]
      ]
    },
    {
      "file_path": "/media/NFS/ttao/scannet/posed_images/scene0622_00/00149.jpg",
      "transform_matrix": [
        [
          0.417121,
          -0.26052,
          0.870712,
          3.537613
        ],
        [
          -0.907734,
          -0.1669,
          0.38492,
          4.559516
        ],
        [
          0.045042,
          -0.950933,
          -0.3061,
          1.350837
        ],
        [
          0.0,
          0.0,
          0.0,
          1.0
        ]
      ]
    },
    {
      "file_path": "/media/NFS/ttao/scannet/posed_images/scene0622_00/00152.jpg",
      "transform_matrix": [
        [
          0.459852,
          -0.256891,
          0.850025,
          3.537591
        ],
        [
          -0.887145,
          -0.17479,
          0.427109,
          4.570688
        ],
        [
          0.038856,
          -0.950503,
          -0.308277,
          1.35347
        ],
        [
          0.0,
          0.0,
          0.0,
          1.0
        ]
      ]
    },
    {
      "file_path": "/media/NFS/ttao/scannet/posed_images/scene0622_00/00156.jpg",
      "transform_matrix": [
        [
          0.542658,
          -0.244319,
          0.803635,
          3.56564
        ],
        [
          -0.839454,
          -0.190736,
          0.508858,
          4.55395
        ],
        [
          0.028958,
          -0.950751,
          -0.308599,
          1.356568
        ],
        [
          0.0,
          0.0,
          0.0,
          1.0
        ]
      ]
    },
    {
      "file_path": "/media/NFS/ttao/scannet/posed_images/scene0622_00/00163.jpg",
      "transform_matrix": [
        [
          0.657231,
          -0.20085,
          0.726434,
          3.59793
        ],
        [
          -0.75324,
          -0.208319,
          0.623886,
          4.527772
        ],
        [
          0.026022,
          -0.957216,
          -0.288202,
          1.384522
        ],
        [
          0.0,
          0.0,
          0.0,
          1.0
        ]
      ]
    },
    {
      "file_path": "/media/NFS/ttao/scannet/posed_images/scene0622_00/00164.jpg",
      "transform_matrix": [
        [
          0.672457,
          -0.19489,
          0.714016,
          3.596921
        ],
        [
          -0.739751,
          -0.208074,
          0.639901,
          4.521709
        ],
        [
          0.023858,
          -0.9585,
          -0.284091,
          1.388898
        ],
        [
          0.0,
          0.0,
          0.0,
          1.0
        ]
      ]
    },
    {
      "file_path": "/media/NFS/ttao/scannet/posed_images/scene0622_00/00170.jpg",
      "transform_matrix": [
        [
          0.764763,
          -0.15273,
          0.625949,
          3.595498
        ],
        [
          -0.644194,
          -0.199834,
          0.738296,
          4.4903
        ],
        [
          0.012325,
          -0.967853,
          -0.251213,
          1.400895
        ],
        [
          0.0,
          0.0,
          0.0,
          1.0
        ]
      ]
    },
    {
      "file_path": "/media/NFS/ttao/scannet/posed_images/scene0622_00/00174.jpg",
      "transform_matrix": [
        [
          0.82164,
          -0.131282,
          0.554682,
          3.598813
        ],
        [
          -0.569927,
          -0.205375,
          0.795615,
          4.467353
        ],
        [
          0.009468,
          -0.969838,
          -0.243566,
          1.402308
        ],
        [
          0.0,
          0.0,
          0.0,
          1.0
        ]
      ]
    },
    {
      "file_path": "/media/NFS/ttao/scannet/posed_images/scene0622_00/00177.jpg",
      "transform_matrix": [
        [
          0.85281,
          -0.127028,
          0.506536,
          3.596537
        ],
        [
          -0.52222,
          -0.208969,
          0.826812,
          4.4578
        ],
        [
          0.000822,
          -0.969637,
          -0.244548,
          1.407642
        ],
        [
          0.0,
          0.0,
          0.0,
          1.0
        ]
      ]
    },
    {
      "file_path": "/media/NFS/ttao/scannet/posed_images/scene0622_00/00183.jpg",
      "transform_matrix": [
        [
          0.892727,
          -0.101519,
          0.439013,
          3.547595
        ],
        [
          -0.45059,
          -0.206843,
          0.868438,
          4.446459
        ],
        [
          0.002644,
          -0.973093,
          -0.230398,
          1.416202
        ],
        [
          0.0,
          0.0,
          0.0,
          1.0
        ]
      ]
    },
    {
      "file_path": "/media/NFS/ttao/scannet/posed_images/scene0622_00/00184.jpg",
      "transform_matrix": [
        [
          0.899134,
          -0.094883,
          0.427264,
          3.542532
        ],
        [
          -0.437632,
          -0.208196,
          0.874719,
          4.43861
        ],
        [
          0.005958,
          -0.973474,
          -0.22872,
          1.41756
        ],
        [
          0.0,
          0.0,
          0.0,
          1.0
        ]
      ]
    },
    {
      "file_path": "/media/NFS/ttao/scannet/posed_images/scene0622_00/00190.jpg",
      "transform_matrix": [
        [
          0.914867,
          -0.081856,
          0.39537,
          3.460361
        ],
        [
          -0.403736,
          -0.194891,
          0.893876,
          4.424893
        ],
        [
          0.003885,
          -0.977403,
          -0.211348,
          1.418904
        ],
        [
          0.0,
          0.0,
          0.0,
          1.0
        ]
      ]
    },
    {
      "file_path": "/media/NFS/ttao/scannet/posed_images/scene0622_00/00194.jpg",
      "transform_matrix": [
        [
          0.934638,
          -0.077563,
          0.347038,
          3.441307
        ],
        [
          -0.355565,
          -0.217595,
          0.908969,
          4.403222
        ],
        [
          0.005012,
          -0.972952,
          -0.230952,
          1.415969
        ],
        [
          0.0,
          0.0,
          0.0,
          1.0
        ]
      ]
    },
    {
      "file_path": "/media/NFS/ttao/scannet/posed_images/scene0622_00/00200.jpg",
      "transform_matrix": [
        [
          0.955147,
          -0.0684,
          0.288125,
          3.394629
        ],
        [
          -0.295727,
          -0.27123,
          0.915959,
          4.364461
        ],
        [
          0.015497,
          -0.960081,
          -0.279292,
          1.395317
        ],
        [
          0.0,
          0.0,
          0.0,
          1.0
        ]
      ]
    },
    {
      "file_path": "/media/NFS/ttao/scannet/posed_images/scene0622_00/00204.jpg",
      "transform_matrix": [
        [
          0.961979,
          -0.061411,
          0.26613,
          3.372334
        ],
        [
          -0.272099,
          -0.299818,
          0.914369,
          4.339874
        ],
        [
          0.023638,
          -0.952018,
          -0.305128,
          1.377415
        ],
        [
          0.0,
          0.0,
          0.0,
          1.0
        ]
      ]
    },
    {
      "file_path": "/media/NFS/ttao/scannet/posed_images/scene0622_00/00205.jpg",
      "transform_matrix": [
        [
          0.962714,
          -0.061249,
          0.263495,
          3.365907
        ],
        [
          -0.269347,
          -0.307642,
          0.912584,
          4.33493
        ],
        [
          0.025167,
          -0.949529,
          -0.312668,
          1.374289
        ],
        [
          0.0,
          0.0,
          0.0,
          1.0
        ]
      ]
    },
    {
      "file_path": "/media/NFS/ttao/scannet/posed_images/scene0622_00/00212.jpg",
      "transform_matrix": [
        [
          0.972087,
          -0.066371,
          0.225036,
          3.34846
        ],
        [
          -0.233633,
          -0.361687,
          0.902551,
          4.292505
        ],
        [
          0.02149,
          -0.929934,
          -0.367098,
          1.358557
        ],
        [
          0.0,
          0.0,
          0.0,
          1.0
        ]
      ]
    },
    {
      "file_path": "/media/NFS/ttao/scannet/posed_images/scene0622_00/00214.jpg",
      "transform_matrix": [
        [
          0.975938,
          -0.060993,
          0.209344,
          3.350774
        ],
        [
          -0.217229,
          -0.355123,
          0.90923,
          4.272846
        ],
        [
          0.018886,
          -0.932828,
          -0.359827,
          1.356358
        ],
        [
          0.0,
          0.0,
          0.0,
          1.0
        ]
      ]
    },
    {
      "file_path": "/media/NFS/ttao/scannet/posed_images/scene0622_00/00219.jpg",
      "transform_matrix": [
        [
          0.982957,
          -0.054947,
          0.175434,
          3.367276
        ],
        [
          -0.183353,
          -0.362226,
          0.913879,
          4.22041
        ],
        [
          0.013332,
          -0.930469,
          -0.366127,
          1.347217
        ],
        [
          0.0,
          0.0,
          0.0,
          1.0
        ]
      ]
    },
    {
      "file_path": "/media/NFS/ttao/scannet/posed_images/scene0622_00/00221.jpg",
      "transform_matrix": [
        [
          0.983881,
          -0.054521,
          0.170312,
          3.377255
        ],
        [
          -0.178255,
          -0.375051,
          0.909704,
          4.198791
        ],
        [
          0.014277,
          -0.9254,
          -0.378724,
          1.341994
        ],
        [
          0.0,
          0.0,
          0.0,
          1.0
        ]
      ]
    },
    {
      "file_path": "/media/NFS/ttao/scannet/posed_images/scene0622_00/00228.jpg",
      "transform_matrix": [
        [
          0.982685,
          -0.054411,
          0.177116,
          3.432108
        ],
        [
          -0.183486,
          -0.418663,
          0.889412,
          4.124551
        ],
        [
          0.025758,
          -0.90651,
          -0.421397,
          1.325032
        ],
        [
          0.0,
          0.0,
          0.0,
          1.0
        ]
      ]
    },
    {
      "file_path": "/media/NFS/ttao/scannet/posed_images/scene0622_00/00232.jpg",
      "transform_matrix": [
        [
          0.983626,
          -0.056192,
          0.171238,
          3.459756
        ],
        [
          -0.178699,
          -0.427361,
          0.886245,
          4.090253
        ],
        [
          0.02338,
          -0.902333,
          -0.430405,
          1.318968
        ],
        [
          0.0,
          0.0,
          0.0,
          1.0
        ]
      ]
    },
    {
      "file_path": "/media/NFS/ttao/scannet/posed_images/scene0622_00/00235.jpg",
      "transform_matrix": [
        [
          0.983573,
          -0.064544,
          0.168576,
          3.481532
        ],
        [
          -0.179765,
          -0.434971,
          0.882318,
          4.072677
        ],
        [
          0.016377,
          -0.898128,
          -0.439429,
          1.319075
        ],
        [
          0.0,
          0.0,
          0.0,
          1.0
        ]
      ]
    },
    {
      "file_path": "/media/NFS/ttao/scannet/posed_images/scene0622_00/00240.jpg",
      "transform_matrix": [
        [
          0.980311,
          -0.098874,
          0.170924,
          3.520069
        ],
        [
          -0.197119,
          -0.439065,
          0.876565,
          4.067613
        ],
        [
          -0.011623,
          -0.892998,
          -0.44991,
          1.323633
        ],
        [
          0.0,
          0.0,
          0.0,
          1.0
        ]
      ]
    },
    {
      "file_path": "/media/NFS/ttao/scannet/posed_images/scene0622_00/00245.jpg",
      "transform_matrix": [
        [
          0.976535,
          -0.090078,
          0.195617,
          3.554382
        ],
        [
          -0.215025,
          -0.458523,
          0.862277,
          4.092562
        ],
        [
          0.012023,
          -0.884106,
          -0.467132,
          1.315831
        ],
        [
          0.0,
          0.0,
          0.0,
          1.0
        ]
      ]
    },
    {
      "file_path": "/media/NFS/ttao/scannet/posed_images/scene0622_00/00246.jpg",
      "transform_matrix": [
        [
          0.977881,
          -0.087677,
          0.189897,
          3.561708
        ],
        [
          -0.208742,
          -0.466561,
          0.859505,
          4.100781
        ],
        [
          0.01324,
          -0.880133,
          -0.474543,
          1.315241
        ],
        [
          0.0,
          0.0,
          0.0,
          1.0
        ]
      ]
    },
    {
      "file_path": "/media/NFS/ttao/scannet/posed_images/scene0622_00/00251.jpg",
      "transform_matrix": [
        [
          0.993291,
          -0.057252,
          0.100476,
          3.610194
        ],
        [
          -0.11561,
          -0.471269,
          0.874379,
          4.155268
        ],
        [
          -0.002709,
          -0.880129,
          -0.474726,
          1.323536
        ],
        [
          0.0,
          0.0,
          0.0,
          1.0
        ]
      ]
    },
    {
      "file_path": "/media/NFS/ttao/scannet/posed_images/scene0622_00/00257.jpg",
      "transform_matrix": [
        [
          0.999821,
          -0.015778,
          -0.010395,
          3.662703
        ],
        [
          0.002135,
          -0.452276,
          0.891875,
          4.219759
        ],
        [
          -0.018774,
          -0.891738,
          -0.452162,
          1.311282
        ],
        [
          0.0,
          0.0,
          0.0,
          1.0
        ]
      ]
    },
    {
      "file_path": "/media/NFS/ttao/scannet/posed_images/scene0622_00/00259.jpg",
      "transform_matrix": [
        [
          0.999455,
          -0.004856,
          -0.032655,
          3.678734
        ],
        [
          0.026893,
          -0.453961,
          0.890615,
          4.24258
        ],
        [
          -0.019149,
          -0.891008,
          -0.453583,
          1.308868
        ],
        [
          0.0,
          0.0,
          0.0,
          1.0
        ]
      ]
    },
    {
      "file_path": "/media/NFS/ttao/scannet/posed_images/scene0622_00/00263.jpg",
      "transform_matrix": [
        [
          0.999553,
          0.005652,
          -0.029352,
          3.697894
        ],
        [
          0.028356,
          -0.489941,
          0.871294,
          4.282428
        ],
        [
          -0.009456,
          -0.871737,
          -0.489882,
          1.291645
        ],
        [
          0.0,
          0.0,
          0.0,
          1.0
        ]
      ]
    },
    {
      "file_path": "/media/NFS/ttao/scannet/posed_images/scene0622_00/00268.jpg",
      "transform_matrix": [
        [
          0.994923,
          0.032369,
          -0.095294,
          3.73415
        ],
        [
          0.098351,
          -0.513602,
          0.852373,
          4.333786
        ],
        [
          -0.021353,
          -0.857418,
          -0.514178,
          1.293305
        ],
        [
          0.0,
          0.0,
          0.0,
          1.0
        ]
      ]
    },
    {
      "file_path": "/media/NFS/ttao/scannet/posed_images/scene0622_00/00270.jpg",
      "transform_matrix": [
        [
          0.99054,
          0.067981,
          -0.119202,
          3.74859
        ],
        [
          0.137124,
          -0.523674,
          0.840811,
          4.349417
        ],
        [
          -0.005264,
          -0.849202,
          -0.528041,
          1.290054
        ],
        [
          0.0,
          0.0,
          0.0,
          1.0
        ]
      ]
    },
    {
      "file_path": "/media/NFS/ttao/scannet/posed_images/scene0622_00/00275.jpg",
      "transform_matrix": [
        [
          0.967838,
          0.106584,
          -0.227879,
          3.796185
        ],
        [
          0.250166,
          -0.50344,
          0.827022,
          4.385565
        ],
        [
          -0.026576,
          -0.857431,
          -0.513912,
          1.290915
        ],
        [
          0.0,
          0.0,
          0.0,
          1.0
        ]
      ]
    },
    {
      "file_path": "/media/NFS/ttao/scannet/posed_images/scene0622_00/00280.jpg",
      "transform_matrix": [
        [
          0.939125,
          0.172286,
          -0.297258,
          3.846841
        ],
        [
          0.343494,
          -0.489809,
          0.801311,
          4.412617
        ],
        [
          -0.007545,
          -0.854637,
          -0.519171,
          1.29263
        ],
        [
          0.0,
          0.0,
          0.0,
          1.0
        ]
      ]
    },
    {
      "file_path": "/media/NFS/ttao/scannet/posed_images/scene0622_00/00285.jpg",
      "transform_matrix": [
        [
          0.883383,
          0.257291,
          -0.391709,
          3.892375
        ],
        [
          0.468421,
          -0.458499,
          0.755223,
          4.428359
        ],
        [
          0.014714,
          -0.850635,
          -0.52555,
          1.292721
        ],
        [
          0.0,
          0.0,
          0.0,
          1.0
        ]
      ]
    },
    {
      "file_path": "/media/NFS/ttao/scannet/posed_images/scene0622_00/00290.jpg",
      "transform_matrix": [
        [
          0.848622,
          0.305245,
          -0.432048,
          3.926763
        ],
        [
          0.528846,
          -0.469912,
          0.706756,
          4.446047
        ],
        [
          0.012709,
          -0.828256,
          -0.560206,
          1.28782
        ],
        [
          0.0,
          0.0,
          0.0,
          1.0
        ]
      ]
    },
    {
      "file_path": "/media/NFS/ttao/scannet/posed_images/scene0622_00/00291.jpg",
      "transform_matrix": [
        [
          0.843343,
          0.304082,
          -0.443065,
          3.935632
        ],
        [
          0.537357,
          -0.470403,
          0.699977,
          4.452826
        ],
        [
          0.004432,
          -0.828405,
          -0.560112,
          1.288891
        ],
        [
          0.0,
          0.0,
          0.0,
          1.0
        ]
      ]
    },
    {
      "file_path": "/media/NFS/ttao/scannet/posed_images/scene0622_00/00298.jpg",
      "transform_matrix": [
        [
          0.791392,
          0.356797,
          -0.496382,
          3.986192
        ],
        [
          0.610253,
          -0.413397,
          0.675791,
          4.514632
        ],
        [
          0.035918,
          -0.837734,
          -0.544895,
          1.27802
        ],
        [
          0.0,
          0.0,
          0.0,
          1.0
        ]
      ]
    },
    {
      "file_path": "/media/NFS/ttao/scannet/posed_images/scene0622_00/00303.jpg",
      "transform_matrix": [
        [
          0.713017,
          0.407945,
          -0.570253,
          4.017836
        ],
        [
          0.699233,
          -0.353652,
          0.621292,
          4.574399
        ],
        [
          0.051782,
          -0.841731,
          -0.537408,
          1.279801
        ],
        [
          0.0,
          0.0,
          0.0,
          1.0
        ]
      ]
    },
    {
      "file_path": "/media/NFS/ttao/scannet/posed_images/scene0622_00/00304.jpg",
      "transform_matrix": [
        [
          0.700531,
          0.422368,
          -0.575206,
          4.02087
        ],
        [
          0.711491,
          -0.351133,
          0.608677,
          4.586358
        ],
        [
          0.055112,
          -0.83565,
          -0.54649,
          1.281143
        ],
        [
          0.0,
          0.0,
          0.0,
          1.0
        ]
      ]
    },
    {
      "file_path": "/media/NFS/ttao/scannet/posed_images/scene0622_00/00311.jpg",
      "transform_matrix": [
        [
          0.638291,
          0.456778,
          -0.619627,
          4.05559
        ],
        [
          0.768006,
          -0.323024,
          0.553012,
          4.664948
        ],
        [
          0.05245,
          -0.828861,
          -0.556992,
          1.288291
        ],
        [
          0.0,
          0.0,
          0.0,
          1.0
        ]
      ]
    },
    {
      "file_path": "/media/NFS/ttao/scannet/posed_images/scene0622_00/00312.jpg",
      "transform_matrix": [
        [
          0.62689,
          0.455675,
          -0.631956,
          4.066439
        ],
        [
          0.777775,
          -0.318599,
          0.541812,
          4.675388
        ],
        [
          0.045549,
          -0.831177,
          -0.55414,
          1.287673
        ],
        [
          0.0,
          0.0,
          0.0,
          1.0
        ]
      ]
    },
    {
      "file_path": "/media/NFS/ttao/scannet/posed_images/scene0622_00/00317.jpg",
      "transform_matrix": [
        [
          0.568564,
          0.470824,
          -0.674582,
          4.116569
        ],
        [
          0.821568,
          -0.283151,
          0.494825,
          4.719859
        ],
        [
          0.041967,
          -0.835554,
