{
  "frames": [
    {
      "file_path": "/media/NFS/ttao/scannet/posed_images/scene0144_01/00001.jpg",
      "transform_matrix": [
        [
          -0.683274,
          0.248765,
          -0.686479,
          2.072669
        ],
        [
          0.730103,
          0.220742,
          -0.646702,
          1.878563
        ],
        [
          -0.009342,
          -0.943074,
          -0.332451,
          1.392479
        ],
        [
          0.0,
          0.0,
          0.0,
          1.0
        ]
      ]
    },
    {
      "file_path": "/media/NFS/ttao/scannet/posed_images/scene0144_01/00007.jpg",
      "transform_matrix": [
        [
          -0.682913,
          0.24652,
          -0.687647,
          2.028226
        ],
        [
          0.730462,
          0.220833,
          -0.646265,
          1.895693
        ],
        [
          -0.007461,
          -0.943642,
          -0.330883,
          1.393495
        ],
        [
          0.0,
          0.0,
          0.0,
          1.0
        ]
      ]
    },
    {
      "file_path": "/media/NFS/ttao/scannet/posed_images/scene0144_01/00011.jpg",
      "transform_matrix": [
        [
          -0.678629,
          0.256736,
          -0.688149,
          2.005569
        ],
        [
          0.734372,
          0.221015,
          -0.641756,
          1.90599
        ],
        [
          -0.012671,
          -0.940872,
          -0.338527,
          1.387228
        ],
        [
          0.0,
          0.0,
          0.0,
          1.0
        ]
      ]
    },
    {
      "file_path": "/media/NFS/ttao/scannet/posed_images/scene0144_01/00012.jpg",
      "transform_matrix": [
        [
          -0.678859,
          0.258557,
          -0.68724,
          2.001727
        ],
        [
          0.734141,
          0.221591,
          -0.641821,
          1.906814
        ],
        [
          -0.013661,
          -0.940237,
          -0.340247,
          1.388694
        ],
        [
          0.0,
          0.0,
          0.0,
          1.0
        ]
      ]
    },
    {
      "file_path": "/media/NFS/ttao/scannet/posed_images/scene0144_01/00020.jpg",
      "transform_matrix": [
        [
          -0.702039,
          0.234335,
          -0.672479,
          1.988747
        ],
        [
          0.711821,
          0.202742,
          -0.672463,
          1.90866
        ],
        [
          -0.021242,
          -0.95078,
          -0.309138,
          1.408472
        ],
        [
          0.0,
          0.0,
          0.0,
          1.0
        ]
      ]
    },
    {
      "file_path": "/media/NFS/ttao/scannet/posed_images/scene0144_01/00024.jpg",
      "transform_matrix": [
        [
          -0.709465,
          0.225716,
          -0.667616,
          1.992857
        ],
        [
          0.704239,
          0.191339,
          -0.683694,
          1.909445
        ],
        [
          -0.02658,
          -0.955218,
          -0.294706,
          1.418843
        ],
        [
          0.0,
          0.0,
          0.0,
          1.0
        ]
      ]
    },
    {
      "file_path": "/media/NFS/ttao/scannet/posed_images/scene0144_01/00026.jpg",
      "transform_matrix": [
        [
          -0.71073,
          0.22333,
          -0.667074,
          1.999131
        ],
        [
          0.702838,
          0.185385,
          -0.686769,
          1.910171
        ],
        [
          -0.029711,
          -0.956951,
          -0.288723,
          1.420034
        ],
        [
          0.0,
          0.0,
          0.0,
          1.0
        ]
      ]
    },
    {
      "file_path": "/media/NFS/ttao/scannet/posed_images/scene0144_01/00033.jpg",
      "transform_matrix": [
        [
          -0.718261,
          0.243846,
          -0.651644,
          2.039022
        ],
        [
          0.693181,
          0.170004,
          -0.700428,
          1.919446
        ],
        [
          -0.060014,
          -0.954797,
          -0.291136,
          1.426772
        ],
        [
          0.0,
          0.0,
          0.0,
          1.0
        ]
      ]
    },
    {
      "file_path": "/media/NFS/ttao/scannet/posed_images/scene0144_01/00037.jpg",
      "transform_matrix": [
        [
          -0.698461,
          0.235424,
          -0.675816,
          2.075839
        ],
        [
          0.713649,
          0.158594,
          -0.682314,
          1.931343
        ],
        [
          -0.053453,
          -0.958866,
          -0.278781,
          1.430955
        ],
        [
          0.0,
          0.0,
          0.0,
          1.0
        ]
      ]
    },
    {
      "file_path": "/media/NFS/ttao/scannet/posed_images/scene0144_01/00039.jpg",
      "transform_matrix": [
        [
          -0.68911,
          0.239142,
          -0.68406,
          2.095827
        ],
        [
          0.722207,
          0.149098,
          -0.675416,
          1.938131
        ],
        [
          -0.059528,
          -0.959469,
          -0.275455,
          1.435087
        ],
        [
          0.0,
          0.0,
          0.0,
          1.0
        ]
      ]
    },
    {
      "file_path": "/media/NFS/ttao/scannet/posed_images/scene0144_01/00045.jpg",
      "transform_matrix": [
        [
          -0.653334,
          0.243477,
          -0.716849,
          2.155724
        ],
        [
          0.754897,
          0.137823,
          -0.641199,
          1.963417
        ],
        [
          -0.057319,
          -0.960064,
          -0.273845,
          1.431231
        ],
        [
          0.0,
          0.0,
          0.0,
          1.0
        ]
      ]
    },
    {
      "file_path": "/media/NFS/ttao/scannet/posed_images/scene0144_01/00052.jpg",
      "transform_matrix": [
        [
          -0.587413,
          0.244637,
          -0.771427,
          2.219434
        ],
        [
          0.808402,
          0.132782,
          -0.573459,
          1.994228
        ],
        [
          -0.037858,
          -0.96048,
          -0.275763,
          1.424827
        ],
        [
          0.0,
          0.0,
          0.0,
          1.0
        ]
      ]
    },
    {
      "file_path": "/media/NFS/ttao/scannet/posed_images/scene0144_01/00056.jpg",
      "transform_matrix": [
        [
          -0.570738,
          0.2445,
          -0.783886,
          2.249296
        ],
        [
          0.819861,
          0.116591,
          -0.560566,
          2.010007
        ],
        [
          -0.045665,
          -0.962614,
          -0.266999,
          1.426698
        ],
        [
          0.0,
          0.0,
          0.0,
          1.0
        ]
      ]
    },
    {
      "file_path": "/media/NFS/ttao/scannet/posed_images/scene0144_01/00060.jpg",
      "transform_matrix": [
        [
          -0.563722,
          0.233756,
          -0.792197,
          2.268405
        ],
        [
          0.825012,
          0.113305,
          -0.55364,
          2.031061
        ],
        [
          -0.039657,
          -0.965671,
          -0.256725,
          1.429292
        ],
        [
          0.0,
          0.0,
          0.0,
          1.0
        ]
      ]
    },
    {
      "file_path": "/media/NFS/ttao/scannet/posed_images/scene0144_01/00062.jpg",
      "transform_matrix": [
        [
          -0.564665,
          0.221433,
          -0.79506,
          2.276351
        ],
        [
          0.824782,
          0.116618,
          -0.553295,
          2.038738
        ],
        [
          -0.0298,
          -0.968178,
          -0.248484,
          1.436508
        ],
        [
          0.0,
          0.0,
          0.0,
          1.0
        ]
      ]
    },
    {
      "file_path": "/media/NFS/ttao/scannet/posed_images/scene0144_01/00069.jpg",
      "transform_matrix": [
        [
          -0.57438,
          0.17856,
          -0.798877,
          2.287727
        ],
        [
          0.817906,
          0.08532,
          -0.568991,
          2.080683
        ],
        [
          -0.033438,
          -0.980223,
          -0.195051,
          1.464543
        ],
        [
          0.0,
          0.0,
          0.0,
          1.0
        ]
      ]
    },
    {
      "file_path": "/media/NFS/ttao/scannet/posed_images/scene0144_01/00072.jpg",
      "transform_matrix": [
        [
          -0.579949,
          0.157245,
          -0.799333,
          2.289928
        ],
        [
          0.814143,
          0.077168,
          -0.575514,
          2.105519
        ],
        [
          -0.028814,
          -0.98454,
          -0.172774,
          1.464582
        ],
        [
          0.0,
          0.0,
          0.0,
          1.0
        ]
      ]
    },
    {
      "file_path": "/media/NFS/ttao/scannet/posed_images/scene0144_01/00079.jpg",
      "transform_matrix": [
        [
          -0.573526,
          0.136244,
          -0.807778,
          2.288987
        ],
        [
          0.818619,
          0.058584,
          -0.571341,
          2.156691
        ],
        [
          -0.030519,
          -0.988942,
          -0.145131,
          1.478408
        ],
        [
          0.0,
          0.0,
          0.0,
          1.0
        ]
      ]
    },
    {
      "file_path": "/media/NFS/ttao/scannet/posed_images/scene0144_01/00084.jpg",
      "transform_matrix": [
        [
          -0.588743,
          0.11368,
          -0.800287,
          2.297717
        ],
        [
          0.808114,
          0.060405,
          -0.585921,
          2.188896
        ],
        [
          -0.018267,
          -0.991679,
          -0.12743,
          1.488073
        ],
        [
          0.0,
          0.0,
          0.0,
          1.0
        ]
      ]
    },
    {
      "file_path": "/media/NFS/ttao/scannet/posed_images/scene0144_01/00087.jpg",
      "transform_matrix": [
        [
          -0.602696,
          0.110024,
          -0.790349,
          2.302726
        ],
        [
          0.797841,
          0.065259,
          -0.599325,
          2.203199
        ],
        [
          -0.014363,
          -0.991784,
          -0.127113,
          1.492663
        ],
        [
          0.0,
          0.0,
          0.0,
          1.0
        ]
      ]
    },
    {
      "file_path": "/media/NFS/ttao/scannet/posed_images/scene0144_01/00089.jpg",
      "transform_matrix": [
        [
          -0.61249,
          0.109341,
          -0.782879,
          2.307457
        ],
        [
          0.790232,
          0.05997,
          -0.609866,
          2.213597
        ],
        [
          -0.019734,
          -0.992194,
          -0.123135,
          1.493816
        ],
        [
          0.0,
          0.0,
          0.0,
          1.0
        ]
      ]
    },
    {
      "file_path": "/media/NFS/ttao/scannet/posed_images/scene0144_01/00094.jpg",
      "transform_matrix": [
        [
          -0.609392,
          0.132223,
          -0.781766,
          2.315215
        ],
        [
          0.792417,
          0.068248,
          -0.60615,
          2.243388
        ],
        [
          -0.026793,
          -0.988868,
          -0.146366,
          1.479079
        ],
        [
          0.0,
          0.0,
          0.0,
          1.0
        ]
      ]
    },
    {
      "file_path": "/media/NFS/ttao/scannet/posed_images/scene0144_01/00100.jpg",
      "transform_matrix": [
        [
          -0.591638,
          0.183741,
          -0.784986,
          2.324728
        ],
        [
          0.806202,
          0.132863,
          -0.576529,
          2.270514
        ],
        [
          -0.001636,
          -0.973954,
          -0.226739,
          1.428438
        ],
        [
          0.0,
          0.0,
          0.0,
          1.0
        ]
      ]
    },
    {
      "file_path": "/media/NFS/ttao/scannet/posed_images/scene0144_01/00106.jpg",
      "transform_matrix": [
        [
          -0.566638,
          0.254178,
          -0.783782,
          2.325536
        ],
        [
          0.823893,
          0.187535,
          -0.534819,
          2.296744
        ],
        [
          0.011047,
          -0.948801,
          -0.31568,
          1.393872
        ],
        [
          0.0,
          0.0,
          0.0,
          1.0
        ]
      ]
    },
    {
      "file_path": "/media/NFS/ttao/scannet/posed_images/scene0144_01/00111.jpg",
      "transform_matrix": [
        [
          -0.568167,
          0.289017,
          -0.77049,
          2.324308
        ],
        [
          0.822656,
          0.222895,
          -0.523025,
          2.322161
        ],
        [
          0.020576,
          -0.931014,
          -0.364403,
          1.371848
        ],
        [
          0.0,
          0.0,
          0.0,
          1.0
        ]
      ]
    },
    {
      "file_path": "/media/NFS/ttao/scannet/posed_images/scene0144_01/00115.jpg",
      "transform_matrix": [
        [
          -0.559728,
          0.314795,
          -0.766557,
          2.328811
        ],
        [
          0.828396,
          0.236615,
          -0.507713,
          2.330287
        ],
        [
          0.021554,
          -0.919194,
          -0.393215,
          1.355284
        ],
        [
          0.0,
          0.0,
          0.0,
          1.0
        ]
      ]
    },
    {
      "file_path": "/media/NFS/ttao/scannet/posed_images/scene0144_01/00118.jpg",
      "transform_matrix": [
        [
          -0.559733,
          0.335041,
          -0.757923,
          2.331701
        ],
        [
          0.828455,
          0.247268,
          -0.502516,
          2.333759
        ],
        [
          0.019046,
          -0.909179,
          -0.41597,
          1.343914
        ],
        [
          0.0,
          0.0,
          0.0,
          1.0
        ]
      ]
    },
    {
      "file_path": "/media/NFS/ttao/scannet/posed_images/scene0144_01/00122.jpg",
      "transform_matrix": [
        [
          -0.568987,
          0.354875,
          -0.741834,
          2.333044
        ],
        [
          0.822014,
          0.271074,
          -0.500811,
          2.340055
        ],
        [
          0.023367,
          -0.894753,
          -0.44595,
          1.326451
        ],
        [
          0.0,
          0.0,
          0.0,
          1.0
        ]
      ]
    },
    {
      "file_path": "/media/NFS/ttao/scannet/posed_images/scene0144_01/00126.jpg",
      "transform_matrix": [
        [
          -0.577483,
          0.379009,
          -0.723095,
          2.336119
        ],
        [
          0.816254,
          0.284991,
          -0.502504,
          2.335772
        ],
        [
          0.015622,
          -0.880416,
          -0.473945,
          1.314487
        ],
        [
          0.0,
          0.0,
          0.0,
          1.0
        ]
      ]
    },
    {
      "file_path": "/media/NFS/ttao/scannet/posed_images/scene0144_01/00130.jpg",
      "transform_matrix": [
        [
          -0.596523,
          0.390484,
          -0.7012,
          2.33868
        ],
        [
          0.80253,
          0.301362,
          -0.514904,
          2.3328
        ],
        [
          0.010253,
          -0.869887,
          -0.493145,
          1.304467
        ],
        [
          0.0,
          0.0,
          0.0,
          1.0
        ]
      ]
    },
    {
      "file_path": "/media/NFS/ttao/scannet/posed_images/scene0144_01/00134.jpg",
      "transform_matrix": [
        [
          -0.617296,
          0.395132,
          -0.680307,
          2.343386
        ],
        [
          0.786671,
          0.320725,
          -0.527526,
          2.328592
        ],
        [
          0.009749,
          -0.860817,
          -0.508821,
          1.294335
        ],
        [
          0.0,
          0.0,
          0.0,
          1.0
        ]
      ]
    },
    {
      "file_path": "/media/NFS/ttao/scannet/posed_images/scene0144_01/00140.jpg",
      "transform_matrix": [
        [
          -0.661591,
          0.397167,
          -0.636047,
          2.350683
        ],
        [
          0.74982,
          0.359719,
          -0.555313,
          2.311411
        ],
        [
          0.008246,
          -0.844311,
          -0.535791,
          1.282747
        ],
        [
          0.0,
          0.0,
          0.0,
          1.0
        ]
      ]
    },
    {
      "file_path": "/media/NFS/ttao/scannet/posed_images/scene0144_01/00146.jpg",
      "transform_matrix": [
        [
          -0.718845,
          0.378272,
          -0.583243,
          2.359612
        ],
        [
          0.695078,
          0.40475,
          -0.594175,
          2.291611
        ],
        [
          0.011308,
          -0.832519,
          -0.553881,
          1.269007
        ],
        [
          0.0,
          0.0,
          0.0,
          1.0
        ]
      ]
    },
    {
      "file_path": "/media/NFS/ttao/scannet/posed_images/scene0144_01/00148.jpg",
      "transform_matrix": [
        [
          -0.737473,
          0.363653,
          -0.569113,
          2.359819
        ],
        [
          0.675164,
          0.418111,
          -0.607731,
          2.281593
        ],
        [
          0.016949,
          -0.83243,
          -0.553871,
          1.269488
        ],
        [
          0.0,
          0.0,
          0.0,
          1.0
        ]
      ]
    },
    {
      "file_path": "/media/NFS/ttao/scannet/posed_images/scene0144_01/00155.jpg",
      "transform_matrix": [
        [
          -0.811596,
          0.322246,
          -0.487308,
          2.351846
        ],
        [
          0.583877,
          0.475935,
          -0.657703,
          2.21966
        ],
        [
          0.019985,
          -0.818317,
          -0.574419,
          1.276112
        ],
        [
          0.0,
          0.0,
          0.0,
          1.0
        ]
      ]
    },
    {
      "file_path": "/media/NFS/ttao/scannet/posed_images/scene0144_01/00160.jpg",
      "transform_matrix": [
        [
          -0.852767,
          0.285343,
          -0.437457,
          2.33077
        ],
        [
          0.522017,
          0.492841,
          -0.696137,
          2.169959
        ],
        [
          0.016959,
          -0.822002,
          -0.569232,
          1.276945
        ],
        [
          0.0,
          0.0,
          0.0,
          1.0
        ]
      ]
    },
    {
      "file_path": "/media/NFS/ttao/scannet/posed_images/scene0144_01/00165.jpg",
      "transform_matrix": [
        [
          -0.872048,
          0.258549,
          -0.415553,
          2.322896
        ],
        [
          0.488613,
          0.508667,
          -0.708883,
          2.139553
        ],
        [
          0.028097,
          -0.821225,
          -0.569913,
          1.27221
        ],
        [
          0.0,
          0.0,
          0.0,
          1.0
        ]
      ]
    },
    {
      "file_path": "/media/NFS/ttao/scannet/posed_images/scene0144_01/00167.jpg",
      "transform_matrix": [
        [
          -0.87473,
          0.25961,
          -0.409207,
          2.32093
        ],
        [
          0.483792,
          0.516876,
          -0.706247,
          2.130187
        ],
        [
          0.028161,
          -0.815746,
          -0.577724,
          1.272268
        ],
        [
          0.0,
          0.0,
          0.0,
          1.0
        ]
      ]
    },
    {
      "file_path": "/media/NFS/ttao/scannet/posed_images/scene0144_01/00174.jpg",
      "transform_matrix": [
        [
          -0.905053,
          0.245124,
          -0.347552,
          2.300178
        ],
        [
          0.425152,
          0.542865,
          -0.724253,
          2.110099
        ],
        [
          0.011142,
          -0.803251,
          -0.595537,
          1.278893
        ],
        [
          0.0,
          0.0,
          0.0,
          1.0
        ]
      ]
    },
    {
      "file_path": "/media/NFS/ttao/scannet/posed_images/scene0144_01/00176.jpg",
      "transform_matrix": [
        [
          -0.913229,
          0.236215,
          -0.331986,
          2.293369
        ],
        [
          0.40733,
          0.548699,
          -0.730076,
          2.107729
        ],
        [
          0.009705,
          -0.801955,
          -0.597305,
          1.28014
        ],
        [
          0.0,
          0.0,
          0.0,
          1.0
        ]
      ]
    },
    {
      "file_path": "/media/NFS/ttao/scannet/posed_images/scene0144_01/00180.jpg",
      "transform_matrix": [
        [
          -0.933215,
          0.214305,
          -0.288416,
          2.269263
        ],
        [
          0.359319,
          0.557291,
          -0.748543,
          2.11453
        ],
        [
          0.000315,
          -0.802185,
          -0.597076,
          1.282002
        ],
        [
          0.0,
          0.0,
          0.0,
          1.0
        ]
      ]
    },
    {
      "file_path": "/media/NFS/ttao/scannet/posed_images/scene0144_01/00186.jpg",
      "transform_matrix": [
        [
          -0.969125,
          0.156655,
          -0.190408,
          2.224721
        ],
        [
          0.245789,
          0.552433,
          -0.796496,
          2.135782
        ],
        [
          -0.019588,
          -0.818704,
          -0.573881,
          1.290778
        ],
        [
          0.0,
          0.0,
          0.0,
          1.0
        ]
      ]
    },
    {
      "file_path": "/media/NFS/ttao/scannet/posed_images/scene0144_01/00190.jpg",
      "transform_matrix": [
        [
          -0.988275,
          0.096577,
          -0.11826,
          2.183997
        ],
        [
          0.15237,
          0.574171,
          -0.804432,
          2.159503
        ],
        [
          -0.009789,
          -0.813019,
          -0.582154,
          1.292638
        ],
        [
          0.0,
          0.0,
          0.0,
          1.0
        ]
      ]
    },
    {
      "file_path": "/media/NFS/ttao/scannet/posed_images/scene0144_01/00197.jpg",
      "transform_matrix": [
        [
          -0.999963,
          0.005093,
          -0.006923,
          2.144846
        ],
        [
          0.008595,
          0.596499,
          -0.802568,
          2.18934
        ],
        [
          4.2e-05,
          -0.802598,
          -0.596521,
          1.293918
        ],
        [
          0.0,
          0.0,
          0.0,
          1.0
        ]
      ]
    },
    {
      "file_path": "/media/NFS/ttao/scannet/posed_images/scene0144_01/00198.jpg",
      "transform_matrix": [
        [
          -0.99997,
          -0.004887,
          0.005968,
          2.142419
        ],
        [
          -0.007705,
          0.598006,
          -0.801454,
          2.192367
        ],
        [
          0.000347,
          -0.801477,
          -0.598026,
          1.29459
        ],
        [
          0.0,
          0.0,
          0.0,
          1.0
        ]
      ]
    },
    {
      "file_path": "/media/NFS/ttao/scannet/posed_images/scene0144_01/00206.jpg",
      "transform_matrix": [
        [
          -0.988637,
          -0.049068,
          0.142089,
          2.134957
        ],
        [
          -0.144932,
          0.562002,
          -0.814339,
          2.221367
        ],
        [
          -0.039897,
          -0.825679,
          -0.562728,
          1.293987
        ],
        [
          0.0,
          0.0,
          0.0,
          1.0
        ]
      ]
    },
    {
      "file_path": "/media/NFS/ttao/scannet/posed_images/scene0144_01/00207.jpg",
      "transform_matrix": [
        [
          -0.986872,
          -0.053839,
          0.152266,
          2.136361
        ],
        [
          -0.156279,
          0.556218,
          -0.81621,
          2.224412
        ],
        [
          -0.040749,
          -0.829291,
          -0.55733,
          1.292844
        ],
        [
          0.0,
          0.0,
          0.0,
          1.0
        ]
      ]
    },
    {
      "file_path": "/media/NFS/ttao/scannet/posed_images/scene0144_01/00212.jpg",
      "transform_matrix": [
        [
          -0.975357,
          -0.076146,
          0.207077,
          2.15871
        ],
        [
          -0.214754,
          0.542866,
          -0.811898,
          2.233225
        ],
        [
          -0.050592,
          -0.83636,
          -0.545841,
          1.289124
        ],
        [
          0.0,
          0.0,
          0.0,
          1.0
        ]
      ]
    },
    {
      "file_path": "/media/NFS/ttao/scannet/posed_images/scene0144_01/00216.jpg",
      "transform_matrix": [
        [
          -0.960596,
          -0.115718,
          0.252716,
          2.180521
        ],
        [
          -0.274222,
          0.542959,
          -0.793724,
          2.236828
        ],
        [
          -0.045366,
          -0.831748,
          -0.553297,
          1.283615
        ],
        [
          0.0,
          0.0,
          0.0,
          1.0
        ]
      ]
    },
    {
      "file_path": "/media/NFS/ttao/scannet/posed_images/scene0144_01/00222.jpg",
      "transform_matrix": [
        [
          -0.941815,
          -0.173997,
          0.287592,
          2.239183
        ],
        [
          -0.3352,
          0.549802,
          -0.765087,
          2.243058
        ],
        [
          -0.024996,
          -0.816972,
          -0.576136,
          1.277394
        ],
        [
          0.0,
          0.0,
          0.0,
          1.0
        ]
      ]
    },
    {
      "file_path": "/media/NFS/ttao/scannet/posed_images/scene0144_01/00225.jpg",
      "transform_matrix": [
        [
          -0.926995,
          -0.201885,
          0.316104,
          2.261715
        ],
        [
          -0.374531,
          0.54351,
          -0.751215,
          2.24949
        ],
        [
          -0.020147,
          -0.814764,
          -0.579443,
          1.272707
        ],
        [
          0.0,
          0.0,
          0.0,
          1.0
        ]
      ]
    },
    {
      "file_path": "/media/NFS/ttao/scannet/posed_images/scene0144_01/00233.jpg",
      "transform_matrix": [
        [
          -0.906954,
          -0.210559,
          0.364828,
          2.310345
        ],
        [
          -0.41834,
          0.551534,
          -0.721666,
          2.257521
        ],
        [
          -0.049262,
          -0.80714,
          -0.588301,
          1.26048
        ],
        [
          0.0,
          0.0,
          0.0,
          1.0
        ]
      ]
    },
    {
      "file_path": "/media/NFS/ttao/scannet/posed_images/scene0144_01/00237.jpg",
      "transform_matrix": [
        [
          -0.906191,
          -0.203366,
          0.370755,
          2.323214
        ],
        [
          -0.418645,
          0.555051,
          -0.718787,
          2.254438
        ],
        [
          -0.059611,
          -0.806574,
          -0.588121,
          1.26874
        ],
        [
          0.0,
          0.0,
          0.0,
          1.0
        ]
      ]
    },
    {
      "file_path": "/media/NFS/ttao/scannet/posed_images/scene0144_01/00239.jpg",
      "transform_matrix": [
        [
          -0.904336,
          -0.213033,
          0.369855,
          2.333277
        ],
        [
          -0.423784,
          0.551337,
          -0.718634,
          2.257108
        ],
        [
          -0.050822,
          -0.806626,
          -0.588874,
          1.271261
        ],
        [
          0.0,
          0.0,
          0.0,
          1.0
        ]
      ]
    },
    {
      "file_path": "/media/NFS/ttao/scannet/posed_images/scene0144_01/00247.jpg",
      "transform_matrix": [
        [
          -0.871,
          -0.255196,
          0.419802,
          2.361721
        ],
        [
          -0.489651,
          0.520504,
          -0.699512,
          2.252857
        ],
        [
          -0.039996,
          -0.814832,
          -0.578316,
          1.274334
        ],
        [
          0.0,
          0.0,
          0.0,
          1.0
        ]
      ]
    },
    {
      "file_path": "/media/NFS/ttao/scannet/posed_images/scene0144_01/00251.jpg",
      "transform_matrix": [
        [
          -0.845065,
          -0.278392,
          0.456467,
          2.373031
        ],
        [
          -0.532473,
          0.515399,
          -0.671444,
          2.235919
        ],
        [
          -0.048338,
          -0.81047,
          -0.583782,
          1.270593
        ],
        [
          0.0,
          0.0,
          0.0,
          1.0
        ]
      ]
    },
    {
      "file_path": "/media/NFS/ttao/scannet/posed_images/scene0144_01/00252.jpg",
      "transform_matrix": [
        [
          -0.838025,
          -0.28851,
          0.463116,
          2.377287
        ],
        [
          -0.543546,
          0.515561,
          -0.662385,
          2.230042
        ],
        [
          -0.04766,
          -0.80682,
          -0.588872,
          1.269137
        ],
        [
          0.0,
          0.0,
          0.0,
          1.0
        ]
      ]
    },
    {
      "file_path": "/media/NFS/ttao/scannet/posed_images/scene0144_01/00259.jpg",
      "transform_matrix": [
        [
          -0.771169,
          -0.355917,
          0.527846,
          2.400611
        ],
        [
          -0.635543,
          0.478828,
          -0.605647,
          2.160044
        ],
        [
          -0.037187,
          -0.802525,
          -0.595458,
          1.271504
        ],
        [
          0.0,
          0.0,
          0.0,
          1.0
        ]
      ]
    },
    {
      "file_path": "/media/NFS/ttao/scannet/posed_images/scene0144_01/00262.jpg",
      "transform_matrix": [
        [
          -0.74178,
          -0.391947,
          0.544187,
          2.423084
        ],
        [
          -0.670322,
          0.458401,
          -0.583555,
          2.130852
        ],
        [
          -0.020733,
          -0.79765,
          -0.602764,
          1.273773
        ],
        [
          0.0,
          0.0,
          0.0,
          1.0
        ]
      ]
    },
    {
      "file_path": "/media/NFS/ttao/scannet/posed_images/scene0144_01/00268.jpg",
      "transform_matrix": [
        [
          -0.652134,
          -0.441349,
          0.616386,
          2.437953
        ],
        [
          -0.757942,
          0.396336,
          -0.518114,
          2.063448
        ],
        [
          -0.015627,
          -0.805065,
          -0.592981,
          1.284489
        ],
        [
          0.0,
          0.0,
          0.0,
          1.0
        ]
      ]
    },
    {
      "file_path": "/media/NFS/ttao/scannet/posed_images/scene0144_01/00274.jpg",
      "transform_matrix": [
        [
          -0.557156,
          -0.490851,
          0.669808,
          2.463012
        ],
        [
          -0.830397,
          0.333438,
          -0.446386,
          2.017873
        ],
        [
          -0.004231,
          -0.804913,
          -0.593378,
          1.295155
        ],
        [
          0.0,
          0.0,
          0.0,
          1.0
        ]
      ]
    },
    {
      "file_path": "/media/NFS/ttao/scannet/posed_images/scene0144_01/00278.jpg",
      "transform_matrix": [
        [
          -0.505169,
          -0.519998,
          0.688771,
          2.480148
        ],
        [
          -0.86302,
          0.304351,
          -0.403195,
          1.996103
        ],
        [
          3.2e-05,
          -0.798105,
          -0.602518,
          1.296393
        ],
        [
          0.0,
          0.0,
          0.0,
          1.0
        ]
      ]
    },
    {
      "file_path": "/media/NFS/ttao/scannet/posed_images/scene0144_01/00282.jpg",
      "transform_matrix": [
        [
          -0.458622,
          -0.524157,
          0.717583,
          2.496993
        ],
        [
          -0.888632,
          0.270766,
          -0.370162,
          1.96911
        ],
        [
          -0.000274,
          -0.807431,
          -0.589962,
          1.298934
        ],
        [
          0.0,
          0.0,
          0.0,
          1.0
        ]
      ]
    },
    {
      "file_path": "/media/NFS/ttao/scannet/posed_images/scene0144_01/00286.jpg",
      "transform_matrix": [
        [
          -0.409706,
          -0.542767,
          0.733175,
          2.522482
        ],
        [
          -0.911965,
          0.224808,
          -0.343192,
          1.941931
        ],
        [
          0.021449,
          -0.809238,
          -0.58709,
          1.292708
        ],
        [
          0.0,
          0.0,
          0.0,
          1.0
        ]
      ]
    },
    {
      "file_path": "/media/NFS/ttao/scannet/posed_images/scene0144_01/00289.jpg",
      "transform_matrix": [
        [
          -0.375086,
          -0.552477,
          0.744365,
          2.543164
        ],
        [
          -0.924233,
          0.160995,
          -0.346229,
          1.924536
        ],
        [
          0.071445,
          -0.817832,
          -0.571005,
          1.283445
        ],
        [
          0.0,
          0.0,
          0.0,
          1.0
        ]
      ]
    },
    {
      "file_path": "/media/NFS/ttao/scannet/posed_images/scene0144_01/00293.jpg",
      "transform_matrix": [
        [
          -0.312992,
          -0.566358,
          0.762413,
          2.572298
        ],
        [
          -0.94244,
          0.085765,
          -0.323188,
          1.895037
        ],
        [
          0.117652,
          -0.819684,
          -0.560603,
          1.272995
        ],
        [
          0.0,
          0.0,
          0.0,
          1.0
        ]
      ]
    },
    {
      "file_path": "/media/NFS/ttao/scannet/posed_images/scene0144_01/00298.jpg",
      "transform_matrix": [
        [
          -0.233846,
          -0.545147,
          0.805066,
          2.60036
        ],
        [
          -0.964197,
          0.02352,
          -0.264142,
          1.866085
        ],
        [
          0.125061,
          -0.83801,
          -0.531129,
          1.269904
        ],
        [
          0.0,
          0.0,
          0.0,
          1.0
        ]
      ]
    },
    {
      "file_path": "/media/NFS/ttao/scannet/posed_images/scene0144_01/00302.jpg",
      "transform_matrix": [
        [
          -0.158631,
          -0.524773,
          0.836331,
          2.60587
        ],
        [
          -0.981102,
          -0.01127,
          -0.193162,
          1.817735
        ],
        [
          0.110791,
          -0.851168,
          -0.513068,
          1.253544
        ],
        [
          0.0,
          0.0,
          0.0,
          1.0
        ]
      ]
    },
    {
      "file_path": "/media/NFS/ttao/scannet/posed_images/scene0144_01/00309.jpg",
      "transform_matrix": [
        [
          -0.056621,
          -0.511048,
          0.857685,
          2.621814
        ],
        [
          -0.997713,
          -0.002805,
          -0.067536,
          1.774225
        ],
        [
          0.03692,
          -0.859548,
          -0.50972,
          1.270444
        ],
        [
          0.0,
          0.0,
          0.0,
          1.0
        ]
      ]
    },
    {
      "file_path": "/media/NFS/ttao/scannet/posed_images/scene0144_01/00315.jpg",
      "transform_matrix": [
        [
          0.044303,
          -0.514445,
          0.856378,
          2.61669
        ],
        [
          -0.998889,
          -0.036566,
          0.02971,
          1.740957
        ],
        [
          0.01603,
          -0.856744,
          -0.515494,
          1.268547
        ],
        [
          0.0,
          0.0,
          0.0,
          1.0
        ]
      ]
    },
    {
      "file_path": "/media/NFS/ttao/scannet/posed_images/scene0144_01/00316.jpg",
      "transform_matrix": [
        [
          0.059137,
          -0.513148,
          0.85626,
          2.615108
        ],
        [
          -0.998095,
          -0.045511,
          0.041659,
          1.732552
        ],
        [
          0.017592,
          -0.857093,
          -0.514862,
          1.268752
        ],
        [
          0.0,
          0.0,
          0.0,
          1.0
        ]
      ]
    },
    {
      "file_path": "/media/NFS/ttao/scannet/posed_images/scene0144_01/00321.jpg",
      "transform_matrix": [
        [
          0.141364,
          -0.500617,
          0.854048,
          2.600741
        ],
        [
          -0.989415,
          -0.100009,
          0.105148,
          1.69521
        ],
        [
          0.032774,
          -0.859873,
          -0.509456,
          1.275128
        ],
        [
          0.0,
          0.0,
          0.0,
          1.0
        ]
      ]
    },
    {
      "file_path": "/media/NFS/ttao/scannet/posed_images/scene0144_01/00328.jpg",
      "transform_matrix": [
        [
          0.257302,
          -0.506056,
          0.823227,
          2.572626
        ],
        [
          -0.965345,
          -0.173087,
          0.195321,
          1.635991
        ],
        [
          0.043646,
          -0.844954,
          -0.533055,
          1.281759
        ],
        [
          0.0,
          0.0,
          0.0,
          1.0
        ]
      ]
    },
    {
      "file_path": "/media/NFS/ttao/scannet/posed_images/scene0144_01/00331.jpg",
      "transform_matrix": [
        [
          0.306259,
          -0.503413,
          0.807948,
          2.557271
        ],
        [
          -0.951543,
          -0.186653,
          0.24439,
          1.629535
        ],
        [
          0.027777,
          -0.843644,
          -0.536183,
          1.290973
        ],
        [
          0.0,
          0.0,
          0.0,
          1.0
        ]
      ]
    },
    {
      "file_path": "/media/NFS/ttao/scannet/posed_images/scene0144_01/00334.jpg",
      "transform_matrix": [
        [
          0.375637,
          -0.477139,
          0.794502,
          2.540687
        ],
        [
          -0.925936,
          -0.229497,
          0.299954,
          1.613261
        ],
        [
          0.039216,
          -0.848333,
          -0.528008,
          1.291099
        ],
        [
          0.0,
          0.0,
          0.0,
          1.0
        ]
      ]
    },
    {
      "file_path": "/media/NFS/ttao/scannet/posed_images/scene0144_01/00342.jpg",
      "transform_matrix": [
        [
          0.466721,
          -0.437819,
          0.76843,
          2.502264
        ],
        [
          -0.8844,
          -0.228399,
          0.407025,
          1.603919
        ],
        [
          -0.002695,
          -0.869568,
          -0.493807,
          1.307342
        ],
        [
          0.0,
          0.0,
          0.0,
          1.0
        ]
      ]
    },
    {
      "file_path": "/media/NFS/ttao/scannet/posed_images/scene0144_01/00343.jpg",
      "transform_matrix": [
        [
          0.4729,
          -0.43524,
          0.766114,
          2.497921
        ],
        [
          -0.881095,
          -0.227602,
          0.41457,
          1.603287
        ],
        [
          -0.006068,
          -0.87107,
          -0.491121,
          1.309646
        ],
        [
          0.0,
          0.0,
          0.0,
          1.0
        ]
      ]
    },
    {
      "file_path": "/media/NFS/ttao/scannet/posed_images/scene0144_01/00347.jpg",
      "transform_matrix": [
        [
          0.495602,
          -0.421467,
          0.759436,
          2.478588
        ],
        [
          -0.868321,
          -0.22037,
          0.444359,
          1.600157
        ],
        [
          -0.019926,
