{
  "frames": [
    {
      "file_path": "/media/NFS/ttao/scannet/posed_images/scene0096_02/00002.jpg",
      "transform_matrix": [
        [
          0.999727,
          -0.005827,
          0.022617,
          1.049199
        ],
        [
          -0.022438,
          -0.508464,
          0.860791,
          0.917865
        ],
        [
          0.006485,
          -0.861064,
          -0.508456,
          1.481488
        ],
        [
          0.0,
          0.0,
          0.0,
          1.0
        ]
      ]
    },
    {
      "file_path": "/media/NFS/ttao/scannet/posed_images/scene0096_02/00008.jpg",
      "transform_matrix": [
        [
          0.999301,
          -0.001355,
          0.037357,
          1.035861
        ],
        [
          -0.033523,
          -0.474643,
          0.87954,
          0.912377
        ],
        [
          0.01654,
          -0.880177,
          -0.474357,
          1.500377
        ],
        [
          0.0,
          0.0,
          0.0,
          1.0
        ]
      ]
    },
    {
      "file_path": "/media/NFS/ttao/scannet/posed_images/scene0096_02/00011.jpg",
      "transform_matrix": [
        [
          0.999441,
          -0.002243,
          0.033367,
          1.045103
        ],
        [
          -0.030837,
          -0.447898,
          0.893553,
          0.908775
        ],
        [
          0.012941,
          -0.894082,
          -0.447717,
          1.517657
        ],
        [
          0.0,
          0.0,
          0.0,
          1.0
        ]
      ]
    },
    {
      "file_path": "/media/NFS/ttao/scannet/posed_images/scene0096_02/00014.jpg",
      "transform_matrix": [
        [
          0.999363,
          -0.004622,
          0.035389,
          1.041029
        ],
        [
          -0.034105,
          -0.415826,
          0.908804,
          0.909441
        ],
        [
          0.010515,
          -0.909432,
          -0.415718,
          1.533443
        ],
        [
          0.0,
          0.0,
          0.0,
          1.0
        ]
      ]
    },
    {
      "file_path": "/media/NFS/ttao/scannet/posed_images/scene0096_02/00024.jpg",
      "transform_matrix": [
        [
          0.999542,
          -0.013353,
          0.02718,
          1.043556
        ],
        [
          -0.029902,
          -0.293278,
          0.955559,
          0.890476
        ],
        [
          -0.004788,
          -0.955934,
          -0.293543,
          1.571445
        ],
        [
          0.0,
          0.0,
          0.0,
          1.0
        ]
      ]
    },
    {
      "file_path": "/media/NFS/ttao/scannet/posed_images/scene0096_02/00028.jpg",
      "transform_matrix": [
        [
          0.999534,
          -0.015349,
          0.02638,
          1.046315
        ],
        [
          -0.029334,
          -0.244455,
          0.969217,
          0.881255
        ],
        [
          -0.008427,
          -0.969539,
          -0.244792,
          1.588788
        ],
        [
          0.0,
          0.0,
          0.0,
          1.0
        ]
      ]
    },
    {
      "file_path": "/media/NFS/ttao/scannet/posed_images/scene0096_02/00035.jpg",
      "transform_matrix": [
        [
          0.999615,
          -0.008341,
          0.026487,
          1.048859
        ],
        [
          -0.02755,
          -0.178292,
          0.983592,
          0.871069
        ],
        [
          -0.003482,
          -0.983942,
          -0.178453,
          1.624607
        ],
        [
          0.0,
          0.0,
          0.0,
          1.0
        ]
      ]
    },
    {
      "file_path": "/media/NFS/ttao/scannet/posed_images/scene0096_02/00039.jpg",
      "transform_matrix": [
        [
          0.999828,
          -0.004758,
          0.017958,
          1.055753
        ],
        [
          -0.018438,
          -0.13606,
          0.990529,
          0.86127
        ],
        [
          -0.002269,
          -0.990689,
          -0.136125,
          1.633429
        ],
        [
          0.0,
          0.0,
          0.0,
          1.0
        ]
      ]
    },
    {
      "file_path": "/media/NFS/ttao/scannet/posed_images/scene0096_02/00044.jpg",
      "transform_matrix": [
        [
          0.999815,
          0.001871,
          0.01913,
          1.070784
        ],
        [
          -0.018955,
          -0.069057,
          0.997433,
          0.852792
        ],
        [
          0.003188,
          -0.997611,
          -0.069009,
          1.639863
        ],
        [
          0.0,
          0.0,
          0.0,
          1.0
        ]
      ]
    },
    {
      "file_path": "/media/NFS/ttao/scannet/posed_images/scene0096_02/00046.jpg",
      "transform_matrix": [
        [
          0.999809,
          -0.001213,
          0.019534,
          1.071568
        ],
        [
          -0.01957,
          -0.049421,
          0.998586,
          0.848776
        ],
        [
          -0.000246,
          -0.998777,
          -0.049435,
          1.64509
        ],
        [
          0.0,
          0.0,
          0.0,
          1.0
        ]
      ]
    },
    {
      "file_path": "/media/NFS/ttao/scannet/posed_images/scene0096_02/00052.jpg",
      "transform_matrix": [
        [
          0.999801,
          -0.008369,
          0.018127,
          1.063583
        ],
        [
          -0.018138,
          -0.001288,
          0.999835,
          0.844271
        ],
        [
          -0.008344,
          -0.999964,
          -0.00144,
          1.659054
        ],
        [
          0.0,
          0.0,
          0.0,
          1.0
        ]
      ]
    },
    {
      "file_path": "/media/NFS/ttao/scannet/posed_images/scene0096_02/00058.jpg",
      "transform_matrix": [
        [
          0.999942,
          -0.0045,
          0.009798,
          1.061937
        ],
        [
          -0.009635,
          0.034767,
          0.999349,
          0.832191
        ],
        [
          -0.004838,
          -0.999385,
          0.034722,
          1.672329
        ],
        [
          0.0,
          0.0,
          0.0,
          1.0
        ]
      ]
    },
    {
      "file_path": "/media/NFS/ttao/scannet/posed_images/scene0096_02/00062.jpg",
      "transform_matrix": [
        [
          0.999987,
          0.000267,
          0.005111,
          1.064717
        ],
        [
          -0.005118,
          0.066694,
          0.99776,
          0.831682
        ],
        [
          -7.4e-05,
          -0.997773,
          0.066695,
          1.664596
        ],
        [
          0.0,
          0.0,
          0.0,
          1.0
        ]
      ]
    },
    {
      "file_path": "/media/NFS/ttao/scannet/posed_images/scene0096_02/00068.jpg",
      "transform_matrix": [
        [
          0.999807,
          0.004628,
          -0.019127,
          1.051902
        ],
        [
          0.018661,
          0.085621,
          0.996153,
          0.819596
        ],
        [
          0.006248,
          -0.996317,
          0.085518,
          1.680969
        ],
        [
          0.0,
          0.0,
          0.0,
          1.0
        ]
      ]
    },
    {
      "file_path": "/media/NFS/ttao/scannet/posed_images/scene0096_02/00074.jpg",
      "transform_matrix": [
        [
          0.994257,
          -0.012161,
          -0.106327,
          1.03625
        ],
        [
          0.106732,
          0.039791,
          0.993491,
          0.804136
        ],
        [
          -0.007851,
          -0.999134,
          0.040861,
          1.672565
        ],
        [
          0.0,
          0.0,
          0.0,
          1.0
        ]
      ]
    },
    {
      "file_path": "/media/NFS/ttao/scannet/posed_images/scene0096_02/00079.jpg",
      "transform_matrix": [
        [
          0.987846,
          -0.003467,
          -0.155396,
          1.027226
        ],
        [
          0.155423,
          0.010036,
          0.987797,
          0.794644
        ],
        [
          -0.001866,
          -0.999943,
          0.010453,
          1.66089
        ],
        [
          0.0,
          0.0,
          0.0,
          1.0
        ]
      ]
    },
    {
      "file_path": "/media/NFS/ttao/scannet/posed_images/scene0096_02/00087.jpg",
      "transform_matrix": [
        [
          0.967273,
          -0.005127,
          -0.253688,
          1.019721
        ],
        [
          0.253488,
          -0.025012,
          0.967015,
          0.789336
        ],
        [
          -0.011303,
          -0.999674,
          -0.022894,
          1.611944
        ],
        [
          0.0,
          0.0,
          0.0,
          1.0
        ]
      ]
    },
    {
      "file_path": "/media/NFS/ttao/scannet/posed_images/scene0096_02/00090.jpg",
      "transform_matrix": [
        [
          0.947712,
          -0.002572,
          -0.319117,
          1.019993
        ],
        [
          0.318652,
          -0.046966,
          0.946708,
          0.777365
        ],
        [
          -0.017422,
          -0.998893,
          -0.043691,
          1.613214
        ],
        [
          0.0,
          0.0,
          0.0,
          1.0
        ]
      ]
    },
    {
      "file_path": "/media/NFS/ttao/scannet/posed_images/scene0096_02/00096.jpg",
      "transform_matrix": [
        [
          0.913985,
          -0.015362,
          -0.405458,
          1.003502
        ],
        [
          0.40543,
          -0.005022,
          0.914112,
          0.754672
        ],
        [
          -0.016078,
          -0.999869,
          0.001638,
          1.611065
        ],
        [
          0.0,
          0.0,
          0.0,
          1.0
        ]
      ]
    },
    {
      "file_path": "/media/NFS/ttao/scannet/posed_images/scene0096_02/00101.jpg",
      "transform_matrix": [
        [
          0.893076,
          -0.00396,
          -0.44989,
          0.991629
        ],
        [
          0.449679,
          -0.024014,
          0.892868,
          0.748875
        ],
        [
          -0.014339,
          -0.999704,
          -0.019666,
          1.593464
        ],
        [
          0.0,
          0.0,
          0.0,
          1.0
        ]
      ]
    },
    {
      "file_path": "/media/NFS/ttao/scannet/posed_images/scene0096_02/00104.jpg",
      "transform_matrix": [
        [
          0.881616,
          0.003338,
          -0.471956,
          0.983312
        ],
        [
          0.47158,
          -0.046801,
          0.880581,
          0.743594
        ],
        [
          -0.019148,
          -0.998899,
          -0.042835,
          1.590429
        ],
        [
          0.0,
          0.0,
          0.0,
          1.0
        ]
      ]
    },
    {
      "file_path": "/media/NFS/ttao/scannet/posed_images/scene0096_02/00112.jpg",
      "transform_matrix": [
        [
          0.852906,
          0.092009,
          -0.513892,
          0.967877
        ],
        [
          0.522061,
          -0.14713,
          0.840122,
          0.737625
        ],
        [
          0.00169,
          -0.984829,
          -0.173522,
          1.569596
        ],
        [
          0.0,
          0.0,
          0.0,
          1.0
        ]
      ]
    },
    {
      "file_path": "/media/NFS/ttao/scannet/posed_images/scene0096_02/00118.jpg",
      "transform_matrix": [
        [
          0.834263,
          0.135491,
          -0.534461,
          0.961805
        ],
        [
          0.551356,
          -0.211244,
          0.807083,
          0.740418
        ],
        [
          -0.003549,
          -0.967997,
          -0.250936,
          1.561673
        ],
        [
          0.0,
          0.0,
          0.0,
          1.0
        ]
      ]
    },
    {
      "file_path": "/media/NFS/ttao/scannet/posed_images/scene0096_02/00120.jpg",
      "transform_matrix": [
        [
          0.831406,
          0.151454,
          -0.534627,
          0.958696
        ],
        [
          0.55563,
          -0.23758,
          0.796763,
          0.748183
        ],
        [
          -0.006344,
          -0.959488,
          -0.281677,
          1.559586
        ],
        [
          0.0,
          0.0,
          0.0,
          1.0
        ]
      ]
    },
    {
      "file_path": "/media/NFS/ttao/scannet/posed_images/scene0096_02/00129.jpg",
      "transform_matrix": [
        [
          0.846618,
          0.1959,
          -0.494835,
          0.959279
        ],
        [
          0.532201,
          -0.310239,
          0.787727,
          0.763851
        ],
        [
          0.000798,
          -0.930255,
          -0.366912,
          1.541556
        ],
        [
          0.0,
          0.0,
          0.0,
          1.0
        ]
      ]
    },
    {
      "file_path": "/media/NFS/ttao/scannet/posed_images/scene0096_02/00131.jpg",
      "transform_matrix": [
        [
          0.854407,
          0.206379,
          -0.476861,
          0.958158
        ],
        [
          0.519551,
          -0.326154,
          0.789741,
          0.764876
        ],
        [
          0.007456,
          -0.922513,
          -0.385893,
          1.524343
        ],
        [
          0.0,
          0.0,
          0.0,
          1.0
        ]
      ]
    },
    {
      "file_path": "/media/NFS/ttao/scannet/posed_images/scene0096_02/00137.jpg",
      "transform_matrix": [
        [
          0.878058,
          0.229155,
          -0.420123,
          0.96701
        ],
        [
          0.478489,
          -0.405799,
          0.778701,
          0.778327
        ],
        [
          0.007957,
          -0.884768,
          -0.465963,
          1.506338
        ],
        [
          0.0,
          0.0,
          0.0,
          1.0
        ]
      ]
    },
    {
      "file_path": "/media/NFS/ttao/scannet/posed_images/scene0096_02/00141.jpg",
      "transform_matrix": [
        [
          0.892181,
          0.23286,
          -0.387027,
          0.971972
        ],
        [
          0.451437,
          -0.431678,
          0.780935,
          0.784281
        ],
        [
          0.014778,
          -0.871453,
          -0.490256,
          1.489007
        ],
        [
          0.0,
          0.0,
          0.0,
          1.0
        ]
      ]
    },
    {
      "file_path": "/media/NFS/ttao/scannet/posed_images/scene0096_02/00150.jpg",
      "transform_matrix": [
        [
          0.921564,
          0.210703,
          -0.326074,
          0.988493
        ],
        [
          0.388198,
          -0.48982,
          0.780627,
          0.801915
        ],
        [
          0.004763,
          -0.845979,
          -0.533195,
          1.484467
        ],
        [
          0.0,
          0.0,
          0.0,
          1.0
        ]
      ]
    },
    {
      "file_path": "/media/NFS/ttao/scannet/posed_images/scene0096_02/00152.jpg",
      "transform_matrix": [
        [
          0.923389,
          0.213636,
          -0.318925,
          0.986948
        ],
        [
          0.383708,
          -0.489872,
          0.782811,
          0.802053
        ],
        [
          0.011004,
          -0.845213,
          -0.534317,
          1.481566
        ],
        [
          0.0,
          0.0,
          0.0,
          1.0
        ]
      ]
    },
    {
      "file_path": "/media/NFS/ttao/scannet/posed_images/scene0096_02/00161.jpg",
      "transform_matrix": [
        [
          0.962568,
          0.181005,
          -0.201741,
          0.98193
        ],
        [
          0.264971,
          -0.471801,
          0.840949,
          0.837781
        ],
        [
          0.057035,
          -0.862926,
          -0.502101,
          1.470642
        ],
        [
          0.0,
          0.0,
          0.0,
          1.0
        ]
      ]
    },
    {
      "file_path": "/media/NFS/ttao/scannet/posed_images/scene0096_02/00163.jpg",
      "transform_matrix": [
        [
          0.972167,
          0.16217,
          -0.169091,
          0.972108
        ],
        [
          0.227439,
          -0.480012,
          0.847266,
          0.841592
        ],
        [
          0.056236,
          -0.862142,
          -0.503536,
          1.464072
        ],
        [
          0.0,
          0.0,
          0.0,
          1.0
        ]
      ]
    },
    {
      "file_path": "/media/NFS/ttao/scannet/posed_images/scene0096_02/00171.jpg",
      "transform_matrix": [
        [
          0.998407,
          0.052576,
          -0.020484,
          0.895145
        ],
        [
          0.043633,
          -0.489184,
          0.871088,
          0.852528
        ],
        [
          0.035778,
          -0.870594,
          -0.490699,
          1.452721
        ],
        [
          0.0,
          0.0,
          0.0,
          1.0
        ]
      ]
    },
    {
      "file_path": "/media/NFS/ttao/scannet/posed_images/scene0096_02/00172.jpg",
      "transform_matrix": [
        [
          0.999366,
          0.034165,
          -0.010032,
          0.881323
        ],
        [
          0.025634,
          -0.494758,
          0.868652,
          0.849374
        ],
        [
          0.024715,
          -0.868359,
          -0.495321,
          1.45209
        ],
        [
          0.0,
          0.0,
          0.0,
          1.0
        ]
      ]
    },
    {
      "file_path": "/media/NFS/ttao/scannet/posed_images/scene0096_02/00182.jpg",
      "transform_matrix": [
        [
          0.989132,
          -0.072745,
          0.127773,
          0.747458
        ],
        [
          -0.147026,
          -0.495159,
          0.856271,
          0.830127
        ],
        [
          0.000979,
          -0.865751,
          -0.500473,
          1.459219
        ],
        [
          0.0,
          0.0,
          0.0,
          1.0
        ]
      ]
    },
    {
      "file_path": "/media/NFS/ttao/scannet/posed_images/scene0096_02/00183.jpg",
      "transform_matrix": [
        [
          0.986604,
          -0.077668,
          0.143461,
          0.742698
        ],
        [
          -0.163082,
          -0.492181,
          0.85508,
          0.829655
        ],
        [
          0.004196,
          -0.867021,
          -0.498254,
          1.458767
        ],
        [
          0.0,
          0.0,
          0.0,
          1.0
        ]
      ]
    },
    {
      "file_path": "/media/NFS/ttao/scannet/posed_images/scene0096_02/00193.jpg",
      "transform_matrix": [
        [
          0.943417,
          -0.132735,
          0.303886,
          0.733599
        ],
        [
          -0.329903,
          -0.468545,
          0.81953,
          0.801328
        ],
        [
          0.033604,
          -0.873411,
          -0.485823,
          1.458747
        ],
        [
          0.0,
          0.0,
          0.0,
          1.0
        ]
      ]
    },
    {
      "file_path": "/media/NFS/ttao/scannet/posed_images/scene0096_02/00197.jpg",
      "transform_matrix": [
        [
          0.917512,
          -0.150377,
          0.368183,
          0.754695
        ],
        [
          -0.394589,
          -0.459915,
          0.795473,
          0.796887
        ],
        [
          0.049712,
          -0.875137,
          -0.481315,
          1.458604
        ],
        [
          0.0,
          0.0,
          0.0,
          1.0
        ]
      ]
    },
    {
      "file_path": "/media/NFS/ttao/scannet/posed_images/scene0096_02/00202.jpg",
      "transform_matrix": [
        [
          0.88308,
          -0.200616,
          0.424173,
          0.789278
        ],
        [
          -0.467832,
          -0.445967,
          0.763051,
          0.792977
        ],
        [
          0.036087,
          -0.872277,
          -0.487679,
          1.473996
        ],
        [
          0.0,
          0.0,
          0.0,
          1.0
        ]
      ]
    },
    {
      "file_path": "/media/NFS/ttao/scannet/posed_images/scene0096_02/00208.jpg",
      "transform_matrix": [
        [
          0.84255,
          -0.242172,
          0.481105,
          0.816636
        ],
        [
          -0.537756,
          -0.428722,
          0.725958,
          0.777852
        ],
        [
          0.030454,
          -0.870374,
          -0.49145,
          1.467258
        ],
        [
          0.0,
          0.0,
          0.0,
          1.0
        ]
      ]
    },
    {
      "file_path": "/media/NFS/ttao/scannet/posed_images/scene0096_02/00210.jpg",
      "transform_matrix": [
        [
          0.825517,
          -0.251274,
          0.505355,
          0.818816
        ],
        [
          -0.563418,
          -0.419126,
          0.711965,
          0.766274
        ],
        [
          0.032909,
          -0.872465,
          -0.487568,
          1.462542
        ],
        [
          0.0,
          0.0,
          0.0,
          1.0
        ]
      ]
    },
    {
      "file_path": "/media/NFS/ttao/scannet/posed_images/scene0096_02/00218.jpg",
      "transform_matrix": [
        [
          0.71923,
          -0.335878,
          0.608189,
          0.830019
        ],
        [
          -0.694725,
          -0.357836,
          0.623947,
          0.772018
        ],
        [
          0.008062,
          -0.871286,
          -0.490709,
          1.462619
        ],
        [
          0.0,
          0.0,
          0.0,
          1.0
        ]
      ]
    },
    {
      "file_path": "/media/NFS/ttao/scannet/posed_images/scene0096_02/00224.jpg",
      "transform_matrix": [
        [
          0.634351,
          -0.38899,
          0.668046,
          0.8272
        ],
        [
          -0.773044,
          -0.318013,
          0.548881,
          0.790013
        ],
        [
          -0.001062,
          -0.864612,
          -0.502438,
          1.472552
        ],
        [
          0.0,
          0.0,
          0.0,
          1.0
        ]
      ]
    },
    {
      "file_path": "/media/NFS/ttao/scannet/posed_images/scene0096_02/00226.jpg",
      "transform_matrix": [
        [
          0.606941,
          -0.400842,
          0.686257,
          0.830058
        ],
        [
          -0.794747,
          -0.306556,
          0.523833,
          0.790643
        ],
        [
          0.000402,
          -0.863336,
          -0.50463,
          1.471476
        ],
        [
          0.0,
          0.0,
          0.0,
          1.0
        ]
      ]
    },
    {
      "file_path": "/media/NFS/ttao/scannet/posed_images/scene0096_02/00231.jpg",
      "transform_matrix": [
        [
          0.534319,
          -0.434461,
          0.725084,
          0.830212
        ],
        [
          -0.845283,
          -0.274171,
          0.458615,
          0.794489
        ],
        [
          -0.000454,
          -0.857948,
          -0.513737,
          1.468018
        ],
        [
          0.0,
          0.0,
          0.0,
          1.0
        ]
      ]
    },
    {
      "file_path": "/media/NFS/ttao/scannet/posed_images/scene0096_02/00235.jpg",
      "transform_matrix": [
        [
          0.479492,
          -0.450634,
          0.753005,
          0.833426
        ],
        [
          -0.877541,
          -0.249248,
          0.409631,
          0.786122
        ],
        [
          0.003092,
          -0.857208,
          -0.514962,
          1.463259
        ],
        [
          0.0,
          0.0,
          0.0,
          1.0
        ]
      ]
    },
    {
      "file_path": "/media/NFS/ttao/scannet/posed_images/scene0096_02/00243.jpg",
      "transform_matrix": [
        [
          0.372685,
          -0.474081,
          0.797718,
          0.836732
        ],
        [
          -0.92773,
          -0.209401,
          0.308979,
          0.763565
        ],
        [
          0.020562,
          -0.855219,
          -0.517859,
          1.445183
        ],
        [
          0.0,
          0.0,
          0.0,
          1.0
        ]
      ]
    },
    {
      "file_path": "/media/NFS/ttao/scannet/posed_images/scene0096_02/00246.jpg",
      "transform_matrix": [
        [
          0.335526,
          -0.489186,
          0.805059,
          0.83992
        ],
        [
          -0.941845,
          -0.191158,
          0.276379,
          0.753112
        ],
        [
          0.018693,
          -0.850973,
          -0.524876,
          1.439881
        ],
        [
          0.0,
          0.0,
          0.0,
          1.0
        ]
      ]
    },
    {
      "file_path": "/media/NFS/ttao/scannet/posed_images/scene0096_02/00256.jpg",
      "transform_matrix": [
        [
          0.211988,
          -0.528796,
          0.821849,
          0.850472
        ],
        [
          -0.976934,
          -0.136791,
          0.163977,
          0.721503
        ],
        [
          0.025711,
          -0.837653,
          -0.545597,
          1.424401
        ],
        [
          0.0,
          0.0,
          0.0,
          1.0
        ]
      ]
    },
    {
      "file_path": "/media/NFS/ttao/scannet/posed_images/scene0096_02/00261.jpg",
      "transform_matrix": [
        [
          0.159996,
          -0.545205,
          0.822893,
          0.85645
        ],
        [
          -0.986789,
          -0.109844,
          0.119085,
          0.701466
        ],
        [
          0.025464,
          -0.831075,
          -0.555577,
          1.415192
        ],
        [
          0.0,
          0.0,
          0.0,
          1.0
        ]
      ]
    },
    {
      "file_path": "/media/NFS/ttao/scannet/posed_images/scene0096_02/00265.jpg",
      "transform_matrix": [
        [
          0.118383,
          -0.554183,
          0.823933,
          0.860544
        ],
        [
          -0.992605,
          -0.088467,
          0.083115,
          0.686271
        ],
        [
          0.02683,
          -0.82768,
          -0.560558,
          1.40843
        ],
        [
          0.0,
          0.0,
          0.0,
          1.0
        ]
      ]
    },
    {
      "file_path": "/media/NFS/ttao/scannet/posed_images/scene0096_02/00267.jpg",
      "transform_matrix": [
        [
          0.101153,
          -0.558416,
          0.823371,
          0.863307
        ],
        [
          -0.994514,
          -0.078921,
          0.068654,
          0.678251
        ],
        [
          0.026644,
          -0.825798,
          -0.563336,
          1.405958
        ],
        [
          0.0,
          0.0,
          0.0,
          1.0
        ]
      ]
    },
    {
      "file_path": "/media/NFS/ttao/scannet/posed_images/scene0096_02/00273.jpg",
      "transform_matrix": [
        [
          0.056842,
          -0.576288,
          0.815268,
          0.875716
        ],
        [
          -0.997725,
          -0.062429,
          0.025434,
          0.663943
        ],
        [
          0.036239,
          -0.814858,
          -0.578526,
          1.408332
        ],
        [
          0.0,
          0.0,
          0.0,
          1.0
        ]
      ]
    },
    {
      "file_path": "/media/NFS/ttao/scannet/posed_images/scene0096_02/00279.jpg",
      "transform_matrix": [
        [
          0.008872,
          -0.580335,
          0.814329,
          0.880439
        ],
        [
          -0.999091,
          -0.039094,
          -0.016975,
          0.648319
        ],
        [
          0.041687,
          -0.813439,
          -0.580155,
          1.405446
        ],
        [
          0.0,
          0.0,
          0.0,
          1.0
        ]
      ]
    },
    {
      "file_path": "/media/NFS/ttao/scannet/posed_images/scene0096_02/00286.jpg",
      "transform_matrix": [
        [
          -0.015451,
          -0.581844,
          0.813154,
          0.881974
        ],
        [
          -0.999135,
          -0.022426,
          -0.035032,
          0.629
        ],
        [
          0.038619,
          -0.812991,
          -0.580994,
          1.403893
        ],
        [
          0.0,
          0.0,
          0.0,
          1.0
        ]
      ]
    },
    {
      "file_path": "/media/NFS/ttao/scannet/posed_images/scene0096_02/00289.jpg",
      "transform_matrix": [
        [
          -0.007854,
          -0.586557,
          0.80987,
          0.882547
        ],
        [
          -0.999288,
          -0.025277,
          -0.027998,
          0.63509
        ],
        [
          0.036894,
          -0.809514,
          -0.585941,
          1.405814
        ],
        [
          0.0,
          0.0,
          0.0,
          1.0
        ]
      ]
    },
    {
      "file_path": "/media/NFS/ttao/scannet/posed_images/scene0096_02/00297.jpg",
      "transform_matrix": [
        [
          0.0724,
          -0.591538,
          0.80302,
          0.878964
        ],
        [
          -0.996521,
          -0.076223,
          0.033697,
          0.672411
        ],
        [
          0.041276,
          -0.802666,
          -0.594999,
          1.397851
        ],
        [
          0.0,
          0.0,
          0.0,
          1.0
        ]
      ]
    },
    {
      "file_path": "/media/NFS/ttao/scannet/posed_images/scene0096_02/00300.jpg",
      "transform_matrix": [
        [
          0.113992,
          -0.58989,
          0.799397,
          0.87875
        ],
        [
          -0.992573,
          -0.102028,
          0.06625,
          0.692452
        ],
        [
          0.042481,
          -0.801012,
          -0.597139,
          1.39568
        ],
        [
          0.0,
          0.0,
          0.0,
          1.0
        ]
      ]
    },
    {
      "file_path": "/media/NFS/ttao/scannet/posed_images/scene0096_02/00305.jpg",
      "transform_matrix": [
        [
          0.197145,
          -0.579308,
          0.790909,
          0.883109
        ],
        [
          -0.979455,
          -0.151315,
          0.133312,
          0.718454
        ],
        [
          0.042448,
          -0.800941,
          -0.597237,
          1.393989
        ],
        [
          0.0,
          0.0,
          0.0,
          1.0
        ]
      ]
    },
    {
      "file_path": "/media/NFS/ttao/scannet/posed_images/scene0096_02/00309.jpg",
      "transform_matrix": [
        [
          0.253039,
          -0.569094,
          0.782371,
          0.893992
        ],
        [
          -0.96623,
          -0.18935,
          0.174771,
          0.736046
        ],
        [
          0.048681,
          -0.800174,
          -0.597789,
          1.397789
        ],
        [
          0.0,
          0.0,
          0.0,
          1.0
        ]
      ]
    },
    {
      "file_path": "/media/NFS/ttao/scannet/posed_images/scene0096_02/00319.jpg",
      "transform_matrix": [
        [
          0.393892,
          -0.514302,
          0.761802,
          0.918047
        ],
        [
          -0.917371,
          -0.271615,
          0.290958,
          0.775676
        ],
        [
          0.057276,
          -0.813461,
          -0.578793,
          1.412675
        ],
        [
          0.0,
          0.0,
          0.0,
          1.0
        ]
      ]
    },
    {
      "file_path": "/media/NFS/ttao/scannet/posed_images/scene0096_02/00324.jpg",
      "transform_matrix": [
        [
          0.457418,
          -0.479485,
          0.748908,
          0.926419
        ],
        [
          -0.887438,
          -0.299893,
          0.350025,
          0.792431
        ],
        [
          0.056761,
          -0.824717,
          -0.56269,
          1.422832
        ],
        [
          0.0,
          0.0,
          0.0,
          1.0
        ]
      ]
    },
    {
      "file_path": "/media/NFS/ttao/scannet/posed_images/scene0096_02/00325.jpg",
      "transform_matrix": [
        [
          0.470091,
          -0.473545,
          0.744828,
          0.927435
        ],
        [
          -0.880896,
          -0.304405,
          0.362436,
          0.796325
        ],
        [
          0.0551,
          -0.826494,
          -0.560242,
          1.425605
        ],
        [
          0.0,
          0.0,
          0.0,
          1.0
        ]
      ]
    },
    {
      "file_path": "/media/NFS/ttao/scannet/posed_images/scene0096_02/00335.jpg",
      "transform_matrix": [
        [
          0.604597,
          -0.420294,
          0.67662,
          0.93953
        ],
        [
          -0.795823,
          -0.354557,
          0.490872,
          0.831693
        ],
        [
          0.03359,
          -0.83525,
          -0.548844,
          1.438364
        ],
        [
          0.0,
          0.0,
          0.0,
          1.0
        ]
      ]
    },
    {
      "file_path": "/media/NFS/ttao/scannet/posed_images/scene0096_02/00339.jpg",
      "transform_matrix": [
        [
          0.654781,
          -0.388936,
          0.648067,
          0.945557
        ],
        [
          -0.755135,
          -0.373118,
          0.539031,
          0.840454
        ],
        [
          0.032157,
          -0.842325,
          -0.53801,
          1.447302
        ],
        [
          0.0,
          0.0,
          0.0,
          1.0
        ]
      ]
    },
    {
      "file_path": "/media/NFS/ttao/scannet/posed_images/scene0096_02/00344.jpg",
      "transform_matrix": [
        [
          0.710753,
          -0.355926,
          0.606752,
          0.956934
        ],
        [
          -0.70287,
          -0.394094,
          0.592168,
          0.848211
        ],
        [
          0.02835,
          -0.847353,
          -0.530273,
          1.455175
        ],
        [
          0.0,
          0.0,
          0.0,
          1.0
        ]
      ]
    },
    {
      "file_path": "/media/NFS/ttao/scannet/posed_images/scene0096_02/00351.jpg",
      "transform_matrix": [
        [
          0.774321,
          -0.304968,
          0.554456,
          0.960024
        ],
        [
          -0.63191,
          -0.418921,
          0.65207,
          0.85902
        ],
        [
          0.033413,
          -0.855277,
          -0.517092,
          1.451261
        ],
        [
          0.0,
          0.0,
          0.0,
          1.0
        ]
      ]
    },
    {
      "file_path": "/media/NFS/ttao/scannet/posed_images/scene0096_02/00355.jpg",
      "transform_matrix": [
        [
          0.808654,
          -0.286732,
          0.513676,
          0.954387
        ],
        [
          -0.587793,
          -0.429478,
          0.6856,
          0.869365
        ],
        [
          0.02403,
          -0.856349,
          -0.515839,
          1.450916
        ],
        [
          0.0,
          0.0,
          0.0,
          1.0
        ]
      ]
    },
    {
      "file_path": "/media/NFS/ttao/scannet/posed_images/scene0096_02/00358.jpg",
      "transform_matrix": [
        [
          0.832584,
          -0.279083,
          0.478452,
          0.945557
        ],
        [
          -0.553803,
          -0.435408,
          0.709734,
          0.878417
        ],
        [
          0.010247,
          -0.855881,
          -0.517071,
          1.448347
        ],
        [
          0.0,
          0.0,
          0.0,
          1.0
        ]
      ]
    },
    {
      "file_path": "/media/NFS/ttao/scannet/posed_images/scene0096_02/00362.jpg",
      "transform_matrix": [
        [
          0.860316,
          -0.267944,
          0.433663,
          0.928948
        ],
        [
          -0.50976,
          -0.450186,
          0.733128,
          0.896238
        ],
        [
          -0.001209,
          -0.851786,
          -0.523889,
          1.443235
        ],
        [
          0.0,
          0.0,
          0.0,
          1.0
        ]
      ]
    },
    {
      "file_path": "/media/NFS/ttao/scannet/posed_images/scene0096_02/00368.jpg",
      "transform_matrix": [
        [
          0.88798,
          -0.241173,
          0.391571,
          0.902457
        ],
        [
          -0.459838,
          -0.477596,
          0.748633,
          0.948849
        ],
        [
          0.006463,
          -0.84483,
          -0.534996,
          1.442427
        ],
        [
          0.0,
          0.0,
          0.0,
          1.0
        ]
      ]
    },
    {
      "file_path": "/media/NFS/ttao/scannet/posed_images/scene0096_02/00373.jpg",
      "transform_matrix": [
        [
          0.896293,
          -0.216335,
          0.387116,
          0.877304
        ],
        [
          -0.442921,
          -0.47983,
          0.757354,
          1.009717
        ],
        [
          0.021908,
          -0.850272,
          -0.525887,
          1.446749
        ],
        [
          0.0,
          0.0,
          0.0,
          1.0
        ]
      ]
    },
    {
      "file_path": "/media/NFS/ttao/scannet/posed_images/scene0096_02/00377.jpg",
      "transform_matrix": [
        [
          0.894862,
          -0.206142,
          0.395889,
          0.84847
        ],
        [
          -0.444901,
          -0.483195,
          0.754046,
          1.078586
        ],
        [
          0.035851,
          -0.850898,
          -0.524105,
          1.451537
        ],
        [
          0.0,
          0.0,
          0.0,
          1.0
        ]
      ]
    },
    {
      "file_path": "/media/NFS/ttao/scannet/posed_images/scene0096_02/00384.jpg",
      "transform_matrix": [
        [
          0.89243,
          -0.192494,
          0.408062,
          0.78763
        ],
        [
          -0.448725,
          -0.472993,
          0.758237,
          1.204776
        ],
        [
          0.047055,
          -0.859781,
          -0.50849,
          1.457218
        ],
        [
          0.0,
          0.0,
          0.0,
          1.0
        ]
      ]
    },
    {
      "file_path": "/media/NFS/ttao/scannet/posed_images/scene0096_02/00390.jpg",
      "transform_matrix": [
        [
          0.900503,
          -0.189483,
          0.391395,
          0.75789
        ],
        [
          -0.432199,
          -0.489235,
          0.757531,
          1.289894
        ],
        [
          0.047945,
          -0.85132,
          -0.522452,
          1.448258
        ],
        [
          0.0,
          0.0,
          0.0,
          1.0
        ]
      ]
    },
    {
      "file_path": "/media/NFS/ttao/scannet/posed_images/scene0096_02/00396.jpg",
      "transform_matrix": [
        [
          0.899292,
          -0.180671,
          0.398286,
          0.749457
        ],
        [
          -0.431213,
          -0.518292,
          0.738531,
          1.371852
        ],
        [
          0.072997,
          -0.835901,
          -0.544004,
          1.449168
        ],
        [
          0.0,
          0.0,
          0.0,
          1.0
        ]
      ]
    },
    {
      "file_path": "/media/NFS/ttao/scannet/posed_images/scene0096_02/00401.jpg",
      "transform_matrix": [
        [
          0.903714,
          -0.199149,
          0.378999,
          0.767359
        ],
        [
          -0.424228,
          -0.535856,
          0.729992,
          1.440597
        ],
        [
          0.057712,
          -0.820486,
          -0.568745,
          1.436151
        ],
        [
          0.0,
          0.0,
          0.0,
          1.0
        ]
      ]
    },
    {
      "file_path": "/media/NFS/ttao/scannet/posed_images/scene0096_02/00404.jpg",
      "transform_matrix": [
        [
          0.909639,
          -0.206737,
          0.360302,
          0.775431
        ],
        [
          -0.412844,
          -0.546009,
          0.728995,
          1.493443
        ],
        [
          0.046018,
          -0.811871,
          -0.582021,
          1.433992
        ],
