{
  "frames": [
    {
      "file_path": "/media/NFS/ttao/scannet/posed_images/scene0512_00/00000.jpg",
      "transform_matrix": [
        [
          0.052006,
          -0.787991,
          0.613486,
          0.587977
        ],
        [
          -0.99858,
          -0.048164,
          0.022787,
          3.407288
        ],
        [
          0.011591,
          -0.6138,
          -0.789376,
          1.323157
        ],
        [
          0.0,
          0.0,
          0.0,
          1.0
        ]
      ]
    },
    {
      "file_path": "/media/NFS/ttao/scannet/posed_images/scene0512_00/00002.jpg",
      "transform_matrix": [
        [
          0.050035,
          -0.791148,
          0.609575,
          0.58381
        ],
        [
          -0.998715,
          -0.04454,
          0.02417,
          3.405493
        ],
        [
          0.008029,
          -0.610001,
          -0.79236,
          1.324355
        ],
        [
          0.0,
          0.0,
          0.0,
          1.0
        ]
      ]
    },
    {
      "file_path": "/media/NFS/ttao/scannet/posed_images/scene0512_00/00004.jpg",
      "transform_matrix": [
        [
          0.051035,
          -0.791465,
          0.60908,
          0.580722
        ],
        [
          -0.998624,
          -0.047794,
          0.02157,
          3.403997
        ],
        [
          0.012038,
          -0.609343,
          -0.792815,
          1.326541
        ],
        [
          0.0,
          0.0,
          0.0,
          1.0
        ]
      ]
    },
    {
      "file_path": "/media/NFS/ttao/scannet/posed_images/scene0512_00/00005.jpg",
      "transform_matrix": [
        [
          0.051936,
          -0.790755,
          0.609926,
          0.57846
        ],
        [
          -0.998566,
          -0.049066,
          0.021417,
          3.403957
        ],
        [
          0.012991,
          -0.610164,
          -0.792169,
          1.327807
        ],
        [
          0.0,
          0.0,
          0.0,
          1.0
        ]
      ]
    },
    {
      "file_path": "/media/NFS/ttao/scannet/posed_images/scene0512_00/00006.jpg",
      "transform_matrix": [
        [
          0.053487,
          -0.789587,
          0.611303,
          0.576178
        ],
        [
          -0.998495,
          -0.049717,
          0.023148,
          3.40294
        ],
        [
          0.012115,
          -0.611621,
          -0.791058,
          1.3293
        ],
        [
          0.0,
          0.0,
          0.0,
          1.0
        ]
      ]
    },
    {
      "file_path": "/media/NFS/ttao/scannet/posed_images/scene0512_00/00008.jpg",
      "transform_matrix": [
        [
          0.06033,
          -0.78432,
          0.617416,
          0.571236
        ],
        [
          -0.998142,
          -0.052686,
          0.030605,
          3.401407
        ],
        [
          0.008525,
          -0.618115,
          -0.786041,
          1.333814
        ],
        [
          0.0,
          0.0,
          0.0,
          1.0
        ]
      ]
    },
    {
      "file_path": "/media/NFS/ttao/scannet/posed_images/scene0512_00/00010.jpg",
      "transform_matrix": [
        [
          0.071553,
          -0.778283,
          0.623823,
          0.559642
        ],
        [
          -0.997428,
          -0.05848,
          0.041446,
          3.4004
        ],
        [
          0.004224,
          -0.625184,
          -0.780466,
          1.333264
        ],
        [
          0.0,
          0.0,
          0.0,
          1.0
        ]
      ]
    },
    {
      "file_path": "/media/NFS/ttao/scannet/posed_images/scene0512_00/00012.jpg",
      "transform_matrix": [
        [
          0.088154,
          -0.778384,
          0.621568,
          0.550344
        ],
        [
          -0.996107,
          -0.068804,
          0.055111,
          3.402886
        ],
        [
          -0.000131,
          -0.624007,
          -0.781419,
          1.334028
        ],
        [
          0.0,
          0.0,
          0.0,
          1.0
        ]
      ]
    },
    {
      "file_path": "/media/NFS/ttao/scannet/posed_images/scene0512_00/00014.jpg",
      "transform_matrix": [
        [
          0.104023,
          -0.778142,
          0.619414,
          0.544857
        ],
        [
          -0.99454,
          -0.076156,
          0.071349,
          3.401942
        ],
        [
          -0.008348,
          -0.623454,
          -0.781816,
          1.337934
        ],
        [
          0.0,
          0.0,
          0.0,
          1.0
        ]
      ]
    },
    {
      "file_path": "/media/NFS/ttao/scannet/posed_images/scene0512_00/00015.jpg",
      "transform_matrix": [
        [
          0.109226,
          -0.775684,
          0.621597,
          0.542609
        ],
        [
          -0.993929,
          -0.076921,
          0.078662,
          3.402244
        ],
        [
          -0.013203,
          -0.626416,
          -0.779377,
          1.339534
        ],
        [
          0.0,
          0.0,
          0.0,
          1.0
        ]
      ]
    },
    {
      "file_path": "/media/NFS/ttao/scannet/posed_images/scene0512_00/00017.jpg",
      "transform_matrix": [
        [
          0.122563,
          -0.768595,
          0.627885,
          0.53509
        ],
        [
          -0.992198,
          -0.080333,
          0.095341,
          3.404961
        ],
        [
          -0.022838,
          -0.634672,
          -0.772444,
          1.342953
        ],
        [
          0.0,
          0.0,
          0.0,
          1.0
        ]
      ]
    },
    {
      "file_path": "/media/NFS/ttao/scannet/posed_images/scene0512_00/00019.jpg",
      "transform_matrix": [
        [
          0.131418,
          -0.766005,
          0.629258,
          0.530976
        ],
        [
          -0.990667,
          -0.078319,
          0.111559,
          3.407233
        ],
        [
          -0.036172,
          -0.638046,
          -0.769148,
          1.349278
        ],
        [
          0.0,
          0.0,
          0.0,
          1.0
        ]
      ]
    },
    {
      "file_path": "/media/NFS/ttao/scannet/posed_images/scene0512_00/00021.jpg",
      "transform_matrix": [
        [
          0.145202,
          -0.751593,
          0.643448,
          0.519458
        ],
        [
          -0.988477,
          -0.082085,
          0.127182,
          3.405375
        ],
        [
          -0.042772,
          -0.6545,
          -0.754851,
          1.349852
        ],
        [
          0.0,
          0.0,
          0.0,
          1.0
        ]
      ]
    },
    {
      "file_path": "/media/NFS/ttao/scannet/posed_images/scene0512_00/00022.jpg",
      "transform_matrix": [
        [
          0.144631,
          -0.747391,
          0.648452,
          0.516975
        ],
        [
          -0.988517,
          -0.080145,
          0.128106,
          3.407367
        ],
        [
          -0.043775,
          -0.659533,
          -0.7504,
          1.35272
        ],
        [
          0.0,
          0.0,
          0.0,
          1.0
        ]
      ]
    },
    {
      "file_path": "/media/NFS/ttao/scannet/posed_images/scene0512_00/00024.jpg",
      "transform_matrix": [
        [
          0.137535,
          -0.732303,
          0.666946,
          0.51587
        ],
        [
          -0.989742,
          -0.075322,
          0.121397,
          3.420854
        ],
        [
          -0.038664,
          -0.676801,
          -0.73515,
          1.359885
        ],
        [
          0.0,
          0.0,
          0.0,
          1.0
        ]
      ]
    },
    {
      "file_path": "/media/NFS/ttao/scannet/posed_images/scene0512_00/00026.jpg",
      "transform_matrix": [
        [
          0.132421,
          -0.713603,
          0.687921,
          0.510949
        ],
        [
          -0.990708,
          -0.073559,
          0.114401,
          3.440292
        ],
        [
          -0.031034,
          -0.696677,
          -0.716713,
          1.365639
        ],
        [
          0.0,
          0.0,
          0.0,
          1.0
        ]
      ]
    },
    {
      "file_path": "/media/NFS/ttao/scannet/posed_images/scene0512_00/00027.jpg",
      "transform_matrix": [
        [
          0.133968,
          -0.70268,
          0.69878,
          0.50808
        ],
        [
          -0.990644,
          -0.07644,
          0.113056,
          3.449825
        ],
        [
          -0.026027,
          -0.707387,
          -0.706347,
          1.367895
        ],
        [
          0.0,
          0.0,
          0.0,
          1.0
        ]
      ]
    },
    {
      "file_path": "/media/NFS/ttao/scannet/posed_images/scene0512_00/00029.jpg",
      "transform_matrix": [
        [
          0.133536,
          -0.677908,
          0.722917,
          0.503088
        ],
        [
          -0.99097,
          -0.082419,
          0.105762,
          3.473672
        ],
        [
          -0.012115,
          -0.730512,
          -0.682792,
          1.371516
        ],
        [
          0.0,
          0.0,
          0.0,
          1.0
        ]
      ]
    },
    {
      "file_path": "/media/NFS/ttao/scannet/posed_images/scene0512_00/00030.jpg",
      "transform_matrix": [
        [
          0.133765,
          -0.658755,
          0.740371,
          0.492103
        ],
        [
          -0.991012,
          -0.087898,
          0.100841,
          3.486489
        ],
        [
          -0.001352,
          -0.747205,
          -0.664592,
          1.36048
        ],
        [
          0.0,
          0.0,
          0.0,
          1.0
        ]
      ]
    },
    {
      "file_path": "/media/NFS/ttao/scannet/posed_images/scene0512_00/00033.jpg",
      "transform_matrix": [
        [
          0.12167,
          -0.614831,
          0.779217,
          0.484744
        ],
        [
          -0.99207,
          -0.100265,
          0.075793,
          3.544628
        ],
        [
          0.031529,
          -0.782259,
          -0.622155,
          1.356526
        ],
        [
          0.0,
          0.0,
          0.0,
          1.0
        ]
      ]
    },
    {
      "file_path": "/media/NFS/ttao/scannet/posed_images/scene0512_00/00034.jpg",
      "transform_matrix": [
        [
          0.115898,
          -0.609647,
          0.784154,
          0.482807
        ],
        [
          -0.992466,
          -0.102654,
          0.066878,
          3.563594
        ],
        [
          0.039724,
          -0.785998,
          -0.616952,
          1.355168
        ],
        [
          0.0,
          0.0,
          0.0,
          1.0
        ]
      ]
    },
    {
      "file_path": "/media/NFS/ttao/scannet/posed_images/scene0512_00/00036.jpg",
      "transform_matrix": [
        [
          0.098295,
          -0.591766,
          0.800094,
          0.485225
        ],
        [
          -0.99346,
          -0.105291,
          0.044175,
          3.603469
        ],
        [
          0.058102,
          -0.799204,
          -0.598246,
          1.354383
        ],
        [
          0.0,
          0.0,
          0.0,
          1.0
        ]
      ]
    },
    {
      "file_path": "/media/NFS/ttao/scannet/posed_images/scene0512_00/00037.jpg",
      "transform_matrix": [
        [
          0.08984,
          -0.581552,
          0.808533,
          0.486788
        ],
        [
          -0.993793,
          -0.105816,
          0.034316,
          3.627074
        ],
        [
          0.065599,
          -0.806598,
          -0.587449,
          1.353612
        ],
        [
          0.0,
          0.0,
          0.0,
          1.0
        ]
      ]
    },
    {
      "file_path": "/media/NFS/ttao/scannet/posed_images/scene0512_00/00039.jpg",
      "transform_matrix": [
        [
          0.082593,
          -0.576795,
          0.812703,
          0.485008
        ],
        [
          -0.994484,
          -0.100604,
          0.029666,
          3.670521
        ],
        [
          0.06465,
          -0.81067,
          -0.581923,
          1.350296
        ],
        [
          0.0,
          0.0,
          0.0,
          1.0
        ]
      ]
    },
    {
      "file_path": "/media/NFS/ttao/scannet/posed_images/scene0512_00/00041.jpg",
      "transform_matrix": [
        [
          0.080759,
          -0.594814,
          0.799797,
          0.481501
        ],
        [
          -0.995625,
          -0.085982,
          0.036587,
          3.693736
        ],
        [
          0.047006,
          -0.799252,
          -0.599155,
          1.344641
        ],
        [
          0.0,
          0.0,
          0.0,
          1.0
        ]
      ]
    },
    {
      "file_path": "/media/NFS/ttao/scannet/posed_images/scene0512_00/00043.jpg",
      "transform_matrix": [
        [
          0.071205,
          -0.607687,
          0.790978,
          0.490451
        ],
        [
          -0.996722,
          -0.073884,
          0.032963,
          3.72743
        ],
        [
          0.03841,
          -0.790733,
          -0.610956,
          1.345744
        ],
        [
          0.0,
          0.0,
          0.0,
          1.0
        ]
      ]
    },
    {
      "file_path": "/media/NFS/ttao/scannet/posed_images/scene0512_00/00044.jpg",
      "transform_matrix": [
        [
          0.064624,
          -0.608155,
          0.791184,
          0.493887
        ],
        [
          -0.997105,
          -0.071179,
          0.026731,
          3.742821
        ],
        [
          0.040059,
          -0.790621,
          -0.610994,
          1.346359
        ],
        [
          0.0,
          0.0,
          0.0,
          1.0
        ]
      ]
    },
    {
      "file_path": "/media/NFS/ttao/scannet/posed_images/scene0512_00/00046.jpg",
      "transform_matrix": [
        [
          0.047258,
          -0.59926,
          0.799158,
          0.50654
        ],
        [
          -0.997815,
          -0.065308,
          0.010034,
          3.7742
        ],
        [
          0.046178,
          -0.797886,
          -0.601037,
          1.352692
        ],
        [
          0.0,
          0.0,
          0.0,
          1.0
        ]
      ]
    },
    {
      "file_path": "/media/NFS/ttao/scannet/posed_images/scene0512_00/00048.jpg",
      "transform_matrix": [
        [
          0.024614,
          -0.565413,
          0.824441,
          0.516659
        ],
        [
          -0.997877,
          -0.063631,
          -0.013847,
          3.804029
        ],
        [
          0.06029,
          -0.82235,
          -0.565779,
          1.354847
        ],
        [
          0.0,
          0.0,
          0.0,
          1.0
        ]
      ]
    },
    {
      "file_path": "/media/NFS/ttao/scannet/posed_images/scene0512_00/00050.jpg",
      "transform_matrix": [
        [
          0.012157,
          -0.551116,
          0.83434,
          0.534595
        ],
        [
          -0.998086,
          -0.057281,
          -0.023293,
          3.824385
        ],
        [
          0.060629,
          -0.83246,
          -0.550758,
          1.360483
        ],
        [
          0.0,
          0.0,
          0.0,
          1.0
        ]
      ]
    },
    {
      "file_path": "/media/NFS/ttao/scannet/posed_images/scene0512_00/00052.jpg",
      "transform_matrix": [
        [
          0.011363,
          -0.539018,
          0.842218,
          0.546432
        ],
        [
          -0.997976,
          -0.058817,
          -0.024179,
          3.846805
        ],
        [
          0.06257,
          -0.840238,
          -0.538595,
          1.359966
        ],
        [
          0.0,
          0.0,
          0.0,
          1.0
        ]
      ]
    },
    {
      "file_path": "/media/NFS/ttao/scannet/posed_images/scene0512_00/00053.jpg",
      "transform_matrix": [
        [
          0.010701,
          -0.53696,
          0.84354,
          0.555383
        ],
        [
          -0.998099,
          -0.056938,
          -0.023583,
          3.862328
        ],
        [
          0.060692,
          -0.841684,
          -0.536548,
          1.361584
        ],
        [
          0.0,
          0.0,
          0.0,
          1.0
        ]
      ]
    },
    {
      "file_path": "/media/NFS/ttao/scannet/posed_images/scene0512_00/00054.jpg",
      "transform_matrix": [
        [
          0.013437,
          -0.535023,
          0.84473,
          0.563177
        ],
        [
          -0.998324,
          -0.054744,
          -0.018793,
          3.875535
        ],
        [
          0.056298,
          -0.843062,
          -0.534862,
          1.363873
        ],
        [
          0.0,
          0.0,
          0.0,
          1.0
        ]
      ]
    },
    {
      "file_path": "/media/NFS/ttao/scannet/posed_images/scene0512_00/00057.jpg",
      "transform_matrix": [
        [
          0.023174,
          -0.527882,
          0.849002,
          0.585939
        ],
        [
          -0.998913,
          -0.046584,
          -0.001698,
          3.909017
        ],
        [
          0.040446,
          -0.848039,
          -0.528387,
          1.364221
        ],
        [
          0.0,
          0.0,
          0.0,
          1.0
        ]
      ]
    },
    {
      "file_path": "/media/NFS/ttao/scannet/posed_images/scene0512_00/00058.jpg",
      "transform_matrix": [
        [
          0.02422,
          -0.521117,
          0.853142,
          0.596164
        ],
        [
          -0.999016,
          -0.04433,
          0.001284,
          3.921719
        ],
        [
          0.03715,
          -0.852333,
          -0.521678,
          1.361644
        ],
        [
          0.0,
          0.0,
          0.0,
          1.0
        ]
      ]
    },
    {
      "file_path": "/media/NFS/ttao/scannet/posed_images/scene0512_00/00059.jpg",
      "transform_matrix": [
        [
          0.022151,
          -0.51833,
          0.854894,
          0.606329
        ],
        [
          -0.999287,
          -0.037623,
          0.003081,
          3.932772
        ],
        [
          0.030567,
          -0.854353,
          -0.518794,
          1.362437
        ],
        [
          0.0,
          0.0,
          0.0,
          1.0
        ]
      ]
    },
    {
      "file_path": "/media/NFS/ttao/scannet/posed_images/scene0512_00/00062.jpg",
      "transform_matrix": [
        [
          0.020208,
          -0.519373,
          0.854309,
          0.644251
        ],
        [
          -0.999795,
          -0.011265,
          0.016802,
          3.962317
        ],
        [
          0.000897,
          -0.854473,
          -0.519495,
          1.358546
        ],
        [
          0.0,
          0.0,
          0.0,
          1.0
        ]
      ]
    },
    {
      "file_path": "/media/NFS/ttao/scannet/posed_images/scene0512_00/00064.jpg",
      "transform_matrix": [
        [
          0.013895,
          -0.509562,
          0.860322,
          0.673737
        ],
        [
          -0.999793,
          0.00571,
          0.01953,
          3.987349
        ],
        [
          -0.014864,
          -0.860415,
          -0.509377,
          1.361841
        ],
        [
          0.0,
          0.0,
          0.0,
          1.0
        ]
      ]
    },
    {
      "file_path": "/media/NFS/ttao/scannet/posed_images/scene0512_00/00065.jpg",
      "transform_matrix": [
        [
          0.014923,
          -0.50129,
          0.86515,
          0.686491
        ],
        [
          -0.999717,
          0.008543,
          0.022194,
          3.99885
        ],
        [
          -0.018517,
          -0.865237,
          -0.501021,
          1.357353
        ],
        [
          0.0,
          0.0,
          0.0,
          1.0
        ]
      ]
    },
    {
      "file_path": "/media/NFS/ttao/scannet/posed_images/scene0512_00/00067.jpg",
      "transform_matrix": [
        [
          0.012678,
          -0.504157,
          0.863519,
          0.714508
        ],
        [
          -0.999707,
          0.011419,
          0.021345,
          4.023315
        ],
        [
          -0.020622,
          -0.863536,
          -0.503865,
          1.351367
        ],
        [
          0.0,
          0.0,
          0.0,
          1.0
        ]
      ]
    },
    {
      "file_path": "/media/NFS/ttao/scannet/posed_images/scene0512_00/00068.jpg",
      "transform_matrix": [
        [
          0.009541,
          -0.507558,
          0.861565,
          0.730244
        ],
        [
          -0.999723,
          0.013699,
          0.019141,
          4.03479
        ],
        [
          -0.021517,
          -0.861508,
          -0.507287,
          1.355862
        ],
        [
          0.0,
          0.0,
          0.0,
          1.0
        ]
      ]
    },
    {
      "file_path": "/media/NFS/ttao/scannet/posed_images/scene0512_00/00070.jpg",
      "transform_matrix": [
        [
          0.013315,
          -0.497531,
          0.867344,
          0.757447
        ],
        [
          -0.999806,
          0.005984,
          0.018781,
          4.048198
        ],
        [
          -0.014534,
          -0.867425,
          -0.497355,
          1.353222
        ],
        [
          0.0,
          0.0,
          0.0,
          1.0
        ]
      ]
    },
    {
      "file_path": "/media/NFS/ttao/scannet/posed_images/scene0512_00/00072.jpg",
      "transform_matrix": [
        [
          0.018484,
          -0.481767,
          0.876104,
          0.784676
        ],
        [
          -0.999775,
          0.000246,
          0.021228,
          4.078358
        ],
        [
          -0.010442,
          -0.876299,
          -0.481654,
          1.351281
        ],
        [
          0.0,
          0.0,
          0.0,
          1.0
        ]
      ]
    },
    {
      "file_path": "/media/NFS/ttao/scannet/posed_images/scene0512_00/00074.jpg",
      "transform_matrix": [
        [
          0.02889,
          -0.478112,
          0.877823,
          0.804258
        ],
        [
          -0.999555,
          -0.007304,
          0.028918,
          4.105211
        ],
        [
          -0.007415,
          -0.878268,
          -0.478111,
          1.340479
        ],
        [
          0.0,
          0.0,
          0.0,
          1.0
        ]
      ]
    },
    {
      "file_path": "/media/NFS/ttao/scannet/posed_images/scene0512_00/00076.jpg",
      "transform_matrix": [
        [
          0.028066,
          -0.477735,
          0.878056,
          0.82604
        ],
        [
          -0.9996,
          -0.016439,
          0.023007,
          4.135626
        ],
        [
          0.003443,
          -0.87835,
          -0.478005,
          1.338234
        ],
        [
          0.0,
          0.0,
          0.0,
          1.0
        ]
      ]
    },
    {
      "file_path": "/media/NFS/ttao/scannet/posed_images/scene0512_00/00077.jpg",
      "transform_matrix": [
        [
          0.032605,
          -0.476228,
          0.878717,
          0.834915
        ],
        [
          -0.999464,
          -0.018214,
          0.027214,
          4.148129
        ],
        [
          0.003044,
          -0.879133,
          -0.476567,
          1.339481
        ],
        [
          0.0,
          0.0,
          0.0,
          1.0
        ]
      ]
    },
    {
      "file_path": "/media/NFS/ttao/scannet/posed_images/scene0512_00/00079.jpg",
      "transform_matrix": [
        [
          0.055272,
          -0.483848,
          0.873405,
          0.851583
        ],
        [
          -0.998467,
          -0.029465,
          0.046864,
          4.173191
        ],
        [
          0.003059,
          -0.874656,
          -0.484735,
          1.332432
        ],
        [
          0.0,
          0.0,
          0.0,
          1.0
        ]
      ]
    },
    {
      "file_path": "/media/NFS/ttao/scannet/posed_images/scene0512_00/00080.jpg",
      "transform_matrix": [
        [
          0.067597,
          -0.481768,
          0.873688,
          0.863742
        ],
        [
          -0.997696,
          -0.037643,
          0.056435,
          4.166658
        ],
        [
          0.0057,
          -0.87549,
          -0.483202,
          1.329831
        ],
        [
          0.0,
          0.0,
          0.0,
          1.0
        ]
      ]
    },
    {
      "file_path": "/media/NFS/ttao/scannet/posed_images/scene0512_00/00082.jpg",
      "transform_matrix": [
        [
          0.067323,
          -0.463865,
          0.883344,
          0.881805
        ],
        [
          -0.997528,
          -0.049172,
          0.050204,
          4.188189
        ],
        [
          0.020148,
          -0.88454,
          -0.466028,
          1.322954
        ],
        [
          0.0,
          0.0,
          0.0,
          1.0
        ]
      ]
    },
    {
      "file_path": "/media/NFS/ttao/scannet/posed_images/scene0512_00/00083.jpg",
      "transform_matrix": [
        [
          0.06454,
          -0.466911,
          0.881946,
          0.896209
        ],
        [
          -0.99777,
          -0.045275,
          0.049047,
          4.203979
        ],
        [
          0.01703,
          -0.883145,
          -0.468792,
          1.320189
        ],
        [
          0.0,
          0.0,
          0.0,
          1.0
        ]
      ]
    },
    {
      "file_path": "/media/NFS/ttao/scannet/posed_images/scene0512_00/00085.jpg",
      "transform_matrix": [
        [
          0.070984,
          -0.47692,
          0.876076,
          0.919398
        ],
        [
          -0.997405,
          -0.044525,
          0.056576,
          4.22974
        ],
        [
          0.012025,
          -0.877818,
          -0.478843,
          1.316706
        ],
        [
          0.0,
          0.0,
          0.0,
          1.0
        ]
      ]
    },
    {
      "file_path": "/media/NFS/ttao/scannet/posed_images/scene0512_00/00087.jpg",
      "transform_matrix": [
        [
          0.06866,
          -0.460927,
          0.884778,
          0.943191
        ],
        [
          -0.997275,
          -0.055712,
          0.048367,
          4.254757
        ],
        [
          0.026999,
          -0.885687,
          -0.463496,
          1.311624
        ],
        [
          0.0,
          0.0,
          0.0,
          1.0
        ]
      ]
    },
    {
      "file_path": "/media/NFS/ttao/scannet/posed_images/scene0512_00/00089.jpg",
      "transform_matrix": [
        [
          0.049285,
          -0.444701,
          0.894322,
          0.979759
        ],
        [
          -0.998045,
          -0.056372,
          0.02697,
          4.289808
        ],
        [
          0.038421,
          -0.893903,
          -0.44661,
          1.312055
        ],
        [
          0.0,
          0.0,
          0.0,
          1.0
        ]
      ]
    },
    {
      "file_path": "/media/NFS/ttao/scannet/posed_images/scene0512_00/00091.jpg",
      "transform_matrix": [
        [
          0.038501,
          -0.44439,
          0.895006,
          1.010246
        ],
        [
          -0.998354,
          -0.055205,
          0.015536,
          4.301946
        ],
        [
          0.042504,
          -0.894131,
          -0.445784,
          1.309523
        ],
        [
          0.0,
          0.0,
          0.0,
          1.0
        ]
      ]
    },
    {
      "file_path": "/media/NFS/ttao/scannet/posed_images/scene0512_00/00092.jpg",
      "transform_matrix": [
        [
          0.025999,
          -0.451537,
          0.891874,
          1.026783
        ],
        [
          -0.998645,
          -0.051964,
          0.002803,
          4.316522
        ],
        [
          0.04508,
          -0.890738,
          -0.452276,
          1.314673
        ],
        [
          0.0,
          0.0,
          0.0,
          1.0
        ]
      ]
    },
    {
      "file_path": "/media/NFS/ttao/scannet/posed_images/scene0512_00/00094.jpg",
      "transform_matrix": [
        [
          0.000318,
          -0.451348,
          0.892348,
          1.063749
        ],
        [
          -0.999384,
          -0.031463,
          -0.015558,
          4.346263
        ],
        [
          0.035098,
          -0.891793,
          -0.45108,
          1.329711
        ],
        [
          0.0,
          0.0,
          0.0,
          1.0
        ]
      ]
    },
    {
      "file_path": "/media/NFS/ttao/scannet/posed_images/scene0512_00/00096.jpg",
      "transform_matrix": [
        [
          -0.009511,
          -0.437982,
          0.898933,
          1.088278
        ],
        [
          -0.999909,
          -0.00442,
          -0.012733,
          4.362259
        ],
        [
          0.00955,
          -0.898973,
          -0.4379,
          1.338278
        ],
        [
          0.0,
          0.0,
          0.0,
          1.0
        ]
      ]
    },
    {
      "file_path": "/media/NFS/ttao/scannet/posed_images/scene0512_00/00097.jpg",
      "transform_matrix": [
        [
          -0.020696,
          -0.439176,
          0.898162,
          1.104287
        ],
        [
          -0.999785,
          0.010472,
          -0.017917,
          4.374051
        ],
        [
          -0.001537,
          -0.89834,
          -0.439298,
          1.340124
        ],
        [
          0.0,
          0.0,
          0.0,
          1.0
        ]
      ]
    },
    {
      "file_path": "/media/NFS/ttao/scannet/posed_images/scene0512_00/00100.jpg",
      "transform_matrix": [
        [
          -0.060499,
          -0.445661,
          0.893155,
          1.152179
        ],
        [
          -0.998079,
          0.038978,
          -0.048157,
          4.404514
        ],
        [
          -0.013351,
          -0.894353,
          -0.447163,
          1.353078
        ],
        [
          0.0,
          0.0,
          0.0,
          1.0
        ]
      ]
    },
    {
      "file_path": "/media/NFS/ttao/scannet/posed_images/scene0512_00/00101.jpg",
      "transform_matrix": [
        [
          -0.063859,
          -0.445452,
          0.893026,
          1.165939
        ],
        [
          -0.997823,
          0.043276,
          -0.049766,
          4.413548
        ],
        [
          -0.016479,
          -0.894259,
          -0.447245,
          1.354717
        ],
        [
          0.0,
          0.0,
          0.0,
          1.0
        ]
      ]
    },
    {
      "file_path": "/media/NFS/ttao/scannet/posed_images/scene0512_00/00102.jpg",
      "transform_matrix": [
        [
          -0.065241,
          -0.448051,
          0.891624,
          1.179955
        ],
        [
          -0.997575,
          0.051009,
          -0.047361,
          4.424601
        ],
        [
          -0.024261,
          -0.892551,
          -0.450292,
          1.359898
        ],
        [
          0.0,
          0.0,
          0.0,
          1.0
        ]
      ]
    },
    {
      "file_path": "/media/NFS/ttao/scannet/posed_images/scene0512_00/00104.jpg",
      "transform_matrix": [
        [
          -0.070069,
          -0.436766,
          0.896842,
          1.212169
        ],
        [
          -0.996894,
          0.063061,
          -0.047175,
          4.445239
        ],
        [
          -0.035951,
          -0.897362,
          -0.439828,
          1.364233
        ],
        [
          0.0,
          0.0,
          0.0,
          1.0
        ]
      ]
    },
    {
      "file_path": "/media/NFS/ttao/scannet/posed_images/scene0512_00/00106.jpg",
      "transform_matrix": [
        [
          -0.088799,
          -0.420089,
          0.903128,
          1.247875
        ],
        [
          -0.995094,
          0.077118,
          -0.06197,
          4.468534
        ],
        [
          -0.043615,
          -0.9042,
          -0.424876,
          1.366776
        ],
        [
          0.0,
          0.0,
          0.0,
          1.0
        ]
      ]
    },
    {
      "file_path": "/media/NFS/ttao/scannet/posed_images/scene0512_00/00108.jpg",
      "transform_matrix": [
        [
          -0.097558,
          -0.408332,
          0.907605,
          1.285334
        ],
        [
          -0.993952,
          0.086168,
          -0.068073,
          4.491636
        ],
        [
          -0.05041,
          -0.908758,
          -0.414268,
          1.367114
        ],
        [
          0.0,
          0.0,
          0.0,
          1.0
        ]
      ]
    },
    {
      "file_path": "/media/NFS/ttao/scannet/posed_images/scene0512_00/00109.jpg",
      "transform_matrix": [
        [
          -0.104147,
          -0.406366,
          0.907755,
          1.304018
        ],
        [
          -0.993092,
          0.092101,
          -0.072707,
          4.502466
        ],
        [
          -0.05406,
          -0.909056,
          -0.413151,
          1.367583
        ],
        [
          0.0,
          0.0,
          0.0,
          1.0
        ]
      ]
    },
    {
      "file_path": "/media/NFS/ttao/scannet/posed_images/scene0512_00/00112.jpg",
      "transform_matrix": [
        [
          -0.121416,
          -0.365701,
          0.922779,
          1.357988
        ],
        [
          -0.990749,
          0.101422,
          -0.090165,
          4.52449
        ],
        [
          -0.060617,
          -0.92519,
          -0.374632,
          1.371965
        ],
        [
          0.0,
          0.0,
          0.0,
          1.0
        ]
      ]
    },
    {
      "file_path": "/media/NFS/ttao/scannet/posed_images/scene0512_00/00113.jpg",
      "transform_matrix": [
        [
          -0.123989,
          -0.355073,
          0.92658,
          1.378257
        ],
        [
          -0.990265,
          0.103809,
          -0.092731,
          4.538143
        ],
        [
          -0.063261,
          -0.929057,
          -0.364488,
          1.375838
        ],
        [
          0.0,
          0.0,
          0.0,
          1.0
        ]
      ]
    },
    {
      "file_path": "/media/NFS/ttao/scannet/posed_images/scene0512_00/00114.jpg",
      "transform_matrix": [
        [
          -0.124487,
          -0.351688,
          0.927803,
          1.393195
        ],
        [
          -0.990325,
          0.101824,
          -0.094279,
          4.549664
        ],
        [
          -0.061316,
          -0.930563,
          -0.360961,
          1.372746
        ],
        [
          0.0,
          0.0,
          0.0,
          1.0
        ]
      ]
    },
    {
      "file_path": "/media/NFS/ttao/scannet/posed_images/scene0512_00/00116.jpg",
      "transform_matrix": [
        [
          -0.138221,
          -0.351165,
          0.926055,
          1.434766
        ],
        [
          -0.988607,
          0.105181,
          -0.107672,
          4.568024
        ],
        [
          -0.059592,
          -0.930387,
          -0.361702,
          1.380682
        ],
        [
          0.0,
          0.0,
          0.0,
          1.0
        ]
      ]
    },
    {
      "file_path": "/media/NFS/ttao/scannet/posed_images/scene0512_00/00118.jpg",
      "transform_matrix": [
        [
          -0.147103,
          -0.319937,
          0.93595,
          1.47359
        ],
        [
          -0.987382,
          0.103581,
          -0.119779,
          4.591918
        ],
        [
          -0.058625,
          -0.94176,
          -0.331137,
          1.391024
        ],
        [
          0.0,
          0.0,
          0.0,
          1.0
        ]
      ]
    },
    {
      "file_path": "/media/NFS/ttao/scannet/posed_images/scene0512_00/00120.jpg",
      "transform_matrix": [
        [
          -0.149428,
          -0.316843,
          0.936633,
          1.504096
        ],
        [
          -0.987112,
          0.102683,
          -0.122746,
          4.612879
        ],
        [
          -0.057285,
          -0.942903,
          -0.328103,
          1.391092
        ],
        [
          0.0,
          0.0,
          0.0,
          1.0
        ]
      ]
    },
    {
      "file_path": "/media/NFS/ttao/scannet/posed_images/scene0512_00/00121.jpg",
      "transform_matrix": [
        [
          -0.150305,
          -0.318426,
          0.935956,
          1.520426
        ],
        [
          -0.987215,
          0.099152,
          -0.124804,
          4.623894
        ],
        [
          -0.053061,
          -0.942748,
          -0.329258,
          1.3891
        ],
        [
          0.0,
          0.0,
          0.0,
          1.0
        ]
      ]
    },
    {
      "file_path": "/media/NFS/ttao/scannet/posed_images/scene0512_00/00124.jpg",
      "transform_matrix": [
        [
          -0.166071,
          -0.308565,
          0.936594,
          1.564261
        ],
        [
          -0.985127,
          0.094388,
          -0.14358,
          4.658624
        ],
        [
          -0.044099,
          -0.946508,
          -0.319651,
          1.394136
        ],
        [
          0.0,
          0.0,
          0.0,
          1.0
        ]
      ]
    },
    {
      "file_path": "/media/NFS/ttao/scannet/posed_images/scene0512_00/00125.jpg",
      "transform_matrix": [
        [
          -0.167562,
          -0.301965,
          0.938478,
          1.575621
        ],
        [
          -0.984963,
          0.091909,
          -0.146289,
          4.668809
        ],
        [
          -0.04208,
          -0.948878,
          -0.312825,
          1.393355
        ],
        [
          0.0,
          0.0,
          0.0,
          1.0
        ]
      ]
    },
    {
      "file_path": "/media/NFS/ttao/scannet/posed_images/scene0512_00/00126.jpg",
      "transform_matrix": [
        [
          -0.172703,
          -0.295382,
          0.93964,
          1.591133
        ],
        [
          -0.984153,
          0.090702,
          -0.152371,
          4.681326
        ],
        [
          -0.04022,
          -0.951064,
          -0.306365,
          1.392147
        ],
        [
          0.0,
          0.0,
          0.0,
          1.0
        ]
      ]
    },
    {
      "file_path": "/media/NFS/ttao/scannet/posed_images/scene0512_00/00128.jpg",
      "transform_matrix": [
        [
          -0.1985,
          -0.278248,
          0.939774,
          1.620961
        ],
        [
          -0.979358,
          0.093636,
          -0.179137,
          4.705705
        ],
        [
          -0.038153,
          -0.955934,
          -0.291091,
          1.393545
        ],
        [
          0.0,
          0.0,
          0.0,
          1.0
        ]
      ]
    },
    {
      "file_path": "/media/NFS/ttao/scannet/posed_images/scene0512_00/00130.jpg",
      "transform_matrix": [
        [
          -0.228348,
          -0.267874,
          0.936002,
          1.648893
        ],
        [
          -0.972983,
          0.096443,
          -0.209769,
          4.732339
        ],
        [
          -0.03408,
          -0.958614,
          -0.28266,
          1.402921
        ],
        [
          0.0,
          0.0,
          0.0,
          1.0
        ]
      ]
    },
    {
      "file_path": "/media/NFS/ttao/scannet/posed_images/scene0512_00/00132.jpg",
      "transform_matrix": [
        [
          -0.251007,
          -0.256539,
          0.933372,
          1.675129
        ],
        [
          -0.967337,
          0.101767,
          -0.23217,
          4.764625
        ],
        [
          -0.035426,
          -0.961161,
