{
  "frames": [
    {
      "file_path": "/media/NFS/ttao/scannet/posed_images/scene0407_01/00000.jpg",
      "transform_matrix": [
        [
          -0.793047,
          0.275735,
          -0.543182,
          4.108613
        ],
        [
          0.592198,
          0.140015,
          -0.793535,
          2.730899
        ],
        [
          -0.142752,
          -0.950982,
          -0.274328,
          1.273738
        ],
        [
          0.0,
          0.0,
          0.0,
          1.0
        ]
      ]
    },
    {
      "file_path": "/media/NFS/ttao/scannet/posed_images/scene0407_01/00003.jpg",
      "transform_matrix": [
        [
          -0.77209,
          0.277942,
          -0.571512,
          4.143622
        ],
        [
          0.62011,
          0.132692,
          -0.773212,
          2.698178
        ],
        [
          -0.139073,
          -0.951389,
          -0.274804,
          1.286034
        ],
        [
          0.0,
          0.0,
          0.0,
          1.0
        ]
      ]
    },
    {
      "file_path": "/media/NFS/ttao/scannet/posed_images/scene0407_01/00005.jpg",
      "transform_matrix": [
        [
          -0.775053,
          0.261996,
          -0.575023,
          4.149289
        ],
        [
          0.617792,
          0.122983,
          -0.776665,
          2.688309
        ],
        [
          -0.132766,
          -0.957201,
          -0.257177,
          1.298502
        ],
        [
          0.0,
          0.0,
          0.0,
          1.0
        ]
      ]
    },
    {
      "file_path": "/media/NFS/ttao/scannet/posed_images/scene0407_01/00007.jpg",
      "transform_matrix": [
        [
          -0.774544,
          0.2471,
          -0.582258,
          4.167583
        ],
        [
          0.619795,
          0.11277,
          -0.776619,
          2.67902
        ],
        [
          -0.126241,
          -0.962406,
          -0.240497,
          1.296827
        ],
        [
          0.0,
          0.0,
          0.0,
          1.0
        ]
      ]
    },
    {
      "file_path": "/media/NFS/ttao/scannet/posed_images/scene0407_01/00008.jpg",
      "transform_matrix": [
        [
          -0.774519,
          0.241008,
          -0.584839,
          4.173654
        ],
        [
          0.621076,
          0.114436,
          -0.775351,
          2.677572
        ],
        [
          -0.119939,
          -0.963753,
          -0.238317,
          1.29207
        ],
        [
          0.0,
          0.0,
          0.0,
          1.0
        ]
      ]
    },
    {
      "file_path": "/media/NFS/ttao/scannet/posed_images/scene0407_01/00010.jpg",
      "transform_matrix": [
        [
          -0.768236,
          0.238682,
          -0.594007,
          4.187006
        ],
        [
          0.631572,
          0.131049,
          -0.764161,
          2.66104
        ],
        [
          -0.104547,
          -0.962215,
          -0.251421,
          1.301024
        ],
        [
          0.0,
          0.0,
          0.0,
          1.0
        ]
      ]
    },
    {
      "file_path": "/media/NFS/ttao/scannet/posed_images/scene0407_01/00014.jpg",
      "transform_matrix": [
        [
          -0.769746,
          0.237018,
          -0.592718,
          4.204336
        ],
        [
          0.631673,
          0.148865,
          -0.760808,
          2.635449
        ],
        [
          -0.09209,
          -0.960032,
          -0.264306,
          1.304885
        ],
        [
          0.0,
          0.0,
          0.0,
          1.0
        ]
      ]
    },
    {
      "file_path": "/media/NFS/ttao/scannet/posed_images/scene0407_01/00016.jpg",
      "transform_matrix": [
        [
          -0.771522,
          0.236763,
          -0.590506,
          4.207715
        ],
        [
          0.629278,
          0.147419,
          -0.763071,
          2.627126
        ],
        [
          -0.093615,
          -0.960318,
          -0.262726,
          1.305365
        ],
        [
          0.0,
          0.0,
          0.0,
          1.0
        ]
      ]
    },
    {
      "file_path": "/media/NFS/ttao/scannet/posed_images/scene0407_01/00017.jpg",
      "transform_matrix": [
        [
          -0.771796,
          0.233619,
          -0.591399,
          4.209924
        ],
        [
          0.629673,
          0.151265,
          -0.761992,
          2.624281
        ],
        [
          -0.088557,
          -0.96049,
          -0.263849,
          1.300939
        ],
        [
          0.0,
          0.0,
          0.0,
          1.0
        ]
      ]
    },
    {
      "file_path": "/media/NFS/ttao/scannet/posed_images/scene0407_01/00020.jpg",
      "transform_matrix": [
        [
          -0.769708,
          0.236625,
          -0.592924,
          4.213345
        ],
        [
          0.634478,
          0.180799,
          -0.751498,
          2.6102
        ],
        [
          -0.070623,
          -0.954631,
          -0.289296,
          1.304281
        ],
        [
          0.0,
          0.0,
          0.0,
          1.0
        ]
      ]
    },
    {
      "file_path": "/media/NFS/ttao/scannet/posed_images/scene0407_01/00022.jpg",
      "transform_matrix": [
        [
          -0.762121,
          0.241822,
          -0.600578,
          4.218968
        ],
        [
          0.642737,
          0.171046,
          -0.746748,
          2.604537
        ],
        [
          -0.077853,
          -0.955126,
          -0.285785,
          1.300948
        ],
        [
          0.0,
          0.0,
          0.0,
          1.0
        ]
      ]
    },
    {
      "file_path": "/media/NFS/ttao/scannet/posed_images/scene0407_01/00024.jpg",
      "transform_matrix": [
        [
          -0.758517,
          0.24279,
          -0.604736,
          4.218866
        ],
        [
          0.646919,
          0.168886,
          -0.743622,
          2.600035
        ],
        [
          -0.078412,
          -0.955265,
          -0.285168,
          1.302771
        ],
        [
          0.0,
          0.0,
          0.0,
          1.0
        ]
      ]
    },
    {
      "file_path": "/media/NFS/ttao/scannet/posed_images/scene0407_01/00025.jpg",
      "transform_matrix": [
        [
          -0.756249,
          0.240333,
          -0.608545,
          4.217746
        ],
        [
          0.650316,
          0.173827,
          -0.739509,
          2.601557
        ],
        [
          -0.071947,
          -0.955,
          -0.287748,
          1.296655
        ],
        [
          0.0,
          0.0,
          0.0,
          1.0
        ]
      ]
    },
    {
      "file_path": "/media/NFS/ttao/scannet/posed_images/scene0407_01/00028.jpg",
      "transform_matrix": [
        [
          -0.721093,
          0.256205,
          -0.643726,
          4.210684
        ],
        [
          0.691236,
          0.202882,
          -0.693565,
          2.591194
        ],
        [
          -0.047094,
          -0.945092,
          -0.323395,
          1.30416
        ],
        [
          0.0,
          0.0,
          0.0,
          1.0
        ]
      ]
    },
    {
      "file_path": "/media/NFS/ttao/scannet/posed_images/scene0407_01/00031.jpg",
      "transform_matrix": [
        [
          -0.686242,
          0.263574,
          -0.677939,
          4.208459
        ],
        [
          0.726297,
          0.197612,
          -0.658363,
          2.577491
        ],
        [
          -0.039558,
          -0.944181,
          -0.327042,
          1.30498
        ],
        [
          0.0,
          0.0,
          0.0,
          1.0
        ]
      ]
    },
    {
      "file_path": "/media/NFS/ttao/scannet/posed_images/scene0407_01/00033.jpg",
      "transform_matrix": [
        [
          -0.676649,
          0.262251,
          -0.68802,
          4.204995
        ],
        [
          0.735671,
          0.201992,
          -0.64652,
          2.57146
        ],
        [
          -0.030576,
          -0.943623,
          -0.329608,
          1.299874
        ],
        [
          0.0,
          0.0,
          0.0,
          1.0
        ]
      ]
    },
    {
      "file_path": "/media/NFS/ttao/scannet/posed_images/scene0407_01/00034.jpg",
      "transform_matrix": [
        [
          -0.674442,
          0.263253,
          -0.689801,
          4.198556
        ],
        [
          0.737822,
          0.20572,
          -0.642883,
          2.565189
        ],
        [
          -0.027335,
          -0.942538,
          -0.33298,
          1.304749
        ],
        [
          0.0,
          0.0,
          0.0,
          1.0
        ]
      ]
    },
    {
      "file_path": "/media/NFS/ttao/scannet/posed_images/scene0407_01/00037.jpg",
      "transform_matrix": [
        [
          -0.672929,
          0.255034,
          -0.694352,
          4.188039
        ],
        [
          0.739193,
          0.196856,
          -0.644082,
          2.550866
        ],
        [
          -0.027575,
          -0.946681,
          -0.320989,
          1.301633
        ],
        [
          0.0,
          0.0,
          0.0,
          1.0
        ]
      ]
    },
    {
      "file_path": "/media/NFS/ttao/scannet/posed_images/scene0407_01/00038.jpg",
      "transform_matrix": [
        [
          -0.676024,
          0.253772,
          -0.691803,
          4.185284
        ],
        [
          0.736382,
          0.198128,
          -0.646906,
          2.544181
        ],
        [
          -0.027101,
          -0.946755,
          -0.320812,
          1.299323
        ],
        [
          0.0,
          0.0,
          0.0,
          1.0
        ]
      ]
    },
    {
      "file_path": "/media/NFS/ttao/scannet/posed_images/scene0407_01/00040.jpg",
      "transform_matrix": [
        [
          -0.682415,
          0.255825,
          -0.684736,
          4.166702
        ],
        [
          0.730484,
          0.204661,
          -0.651543,
          2.535112
        ],
        [
          -0.026542,
          -0.944811,
          -0.32654,
          1.296613
        ],
        [
          0.0,
          0.0,
          0.0,
          1.0
        ]
      ]
    },
    {
      "file_path": "/media/NFS/ttao/scannet/posed_images/scene0407_01/00043.jpg",
      "transform_matrix": [
        [
          -0.67656,
          0.270773,
          -0.684798,
          4.145732
        ],
        [
          0.735283,
          0.197494,
          -0.648348,
          2.510372
        ],
        [
          -0.040312,
          -0.942167,
          -0.332711,
          1.310265
        ],
        [
          0.0,
          0.0,
          0.0,
          1.0
        ]
      ]
    },
    {
      "file_path": "/media/NFS/ttao/scannet/posed_images/scene0407_01/00046.jpg",
      "transform_matrix": [
        [
          -0.692921,
          0.259904,
          -0.67254,
          4.117043
        ],
        [
          0.719829,
          0.195918,
          -0.66593,
          2.494682
        ],
        [
          -0.041315,
          -0.945551,
          -0.322842,
          1.313972
        ],
        [
          0.0,
          0.0,
          0.0,
          1.0
        ]
      ]
    },
    {
      "file_path": "/media/NFS/ttao/scannet/posed_images/scene0407_01/00047.jpg",
      "transform_matrix": [
        [
          -0.695656,
          0.258271,
          -0.670343,
          4.107734
        ],
        [
          0.717266,
          0.197875,
          -0.668113,
          2.487951
        ],
        [
          -0.03991,
          -0.945591,
          -0.322902,
          1.315007
        ],
        [
          0.0,
          0.0,
          0.0,
          1.0
        ]
      ]
    },
    {
      "file_path": "/media/NFS/ttao/scannet/posed_images/scene0407_01/00050.jpg",
      "transform_matrix": [
        [
          -0.693975,
          0.253349,
          -0.673953,
          4.09195
        ],
        [
          0.719206,
          0.199992,
          -0.665392,
          2.462424
        ],
        [
          -0.033791,
          -0.946477,
          -0.320999,
          1.307322
        ],
        [
          0.0,
          0.0,
          0.0,
          1.0
        ]
      ]
    },
    {
      "file_path": "/media/NFS/ttao/scannet/posed_images/scene0407_01/00052.jpg",
      "transform_matrix": [
        [
          -0.696007,
          0.259553,
          -0.669483,
          4.076703
        ],
        [
          0.717582,
          0.218318,
          -0.661372,
          2.440255
        ],
        [
          -0.025501,
          -0.940728,
          -0.338202,
          1.307455
        ],
        [
          0.0,
          0.0,
          0.0,
          1.0
        ]
      ]
    },
    {
      "file_path": "/media/NFS/ttao/scannet/posed_images/scene0407_01/00054.jpg",
      "transform_matrix": [
        [
          -0.692525,
          0.265445,
          -0.670782,
          4.064022
        ],
        [
          0.721068,
          0.226774,
          -0.654702,
          2.415177
        ],
        [
          -0.021671,
          -0.937077,
          -0.34845,
          1.305362
        ],
        [
          0.0,
          0.0,
          0.0,
          1.0
        ]
      ]
    },
    {
      "file_path": "/media/NFS/ttao/scannet/posed_images/scene0407_01/00057.jpg",
      "transform_matrix": [
        [
          -0.676075,
          0.269318,
          -0.685851,
          4.052326
        ],
        [
          0.736371,
          0.213984,
          -0.641848,
          2.368713
        ],
        [
          -0.0261,
          -0.938977,
          -0.342987,
          1.304736
        ],
        [
          0.0,
          0.0,
          0.0,
          1.0
        ]
      ]
    },
    {
      "file_path": "/media/NFS/ttao/scannet/posed_images/scene0407_01/00059.jpg",
      "transform_matrix": [
        [
          -0.665577,
          0.27451,
          -0.694012,
          4.040982
        ],
        [
          0.745813,
          0.210047,
          -0.632173,
          2.3361
        ],
        [
          -0.027762,
          -0.938363,
          -0.344535,
          1.302498
        ],
        [
          0.0,
          0.0,
          0.0,
          1.0
        ]
      ]
    },
    {
      "file_path": "/media/NFS/ttao/scannet/posed_images/scene0407_01/00060.jpg",
      "transform_matrix": [
        [
          -0.661683,
          0.276924,
          -0.69677,
          4.027608
        ],
        [
          0.74921,
          0.207863,
          -0.62887,
          2.32191
        ],
        [
          -0.029316,
          -0.93814,
          -0.345013,
          1.299859
        ],
        [
          0.0,
          0.0,
          0.0,
          1.0
        ]
      ]
    },
    {
      "file_path": "/media/NFS/ttao/scannet/posed_images/scene0407_01/00063.jpg",
      "transform_matrix": [
        [
          -0.62107,
          0.288768,
          -0.728618,
          4.013965
        ],
        [
          0.783353,
          0.198947,
          -0.588878,
          2.269273
        ],
        [
          -0.025093,
          -0.9365,
          -0.349768,
          1.301013
        ],
        [
          0.0,
          0.0,
          0.0,
          1.0
        ]
      ]
    },
    {
      "file_path": "/media/NFS/ttao/scannet/posed_images/scene0407_01/00064.jpg",
      "transform_matrix": [
        [
          -0.60478,
          0.298381,
          -0.738383,
          4.011854
        ],
        [
          0.796217,
          0.207042,
          -0.568483,
          2.247888
        ],
        [
          -0.016748,
          -0.93172,
          -0.362791,
          1.304741
        ],
        [
          0.0,
          0.0,
          0.0,
          1.0
        ]
      ]
    },
    {
      "file_path": "/media/NFS/ttao/scannet/posed_images/scene0407_01/00066.jpg",
      "transform_matrix": [
        [
          -0.574446,
          0.31194,
          -0.756773,
          4.005267
        ],
        [
          0.818517,
          0.211507,
          -0.534131,
          2.208028
        ],
        [
          -0.006554,
          -0.92626,
          -0.376828,
          1.315081
        ],
        [
          0.0,
          0.0,
          0.0,
          1.0
        ]
      ]
    },
    {
      "file_path": "/media/NFS/ttao/scannet/posed_images/scene0407_01/00070.jpg",
      "transform_matrix": [
        [
          -0.534986,
          0.32335,
          -0.780535,
          4.001248
        ],
        [
          0.843473,
          0.151482,
          -0.51537,
          2.140081
        ],
        [
          -0.048408,
          -0.934076,
          -0.353778,
          1.325716
        ],
        [
          0.0,
          0.0,
          0.0,
          1.0
        ]
      ]
    },
    {
      "file_path": "/media/NFS/ttao/scannet/posed_images/scene0407_01/00072.jpg",
      "transform_matrix": [
        [
          -0.528364,
          0.33238,
          -0.781253,
          3.993012
        ],
        [
          0.847323,
          0.148309,
          -0.50995,
          2.117532
        ],
        [
          -0.053631,
          -0.931412,
          -0.359994,
          1.320429
        ],
        [
          0.0,
          0.0,
          0.0,
          1.0
        ]
      ]
    },
    {
      "file_path": "/media/NFS/ttao/scannet/posed_images/scene0407_01/00073.jpg",
      "transform_matrix": [
        [
          -0.526517,
          0.337016,
          -0.780513,
          3.98204
        ],
        [
          0.848599,
          0.152647,
          -0.506535,
          2.103738
        ],
        [
          -0.051568,
          -0.929042,
          -0.366363,
          1.325957
        ],
        [
          0.0,
          0.0,
          0.0,
          1.0
        ]
      ]
    },
    {
      "file_path": "/media/NFS/ttao/scannet/posed_images/scene0407_01/00076.jpg",
      "transform_matrix": [
        [
          -0.513583,
          0.338832,
          -0.788305,
          3.963991
        ],
        [
          0.856268,
          0.14337,
          -0.496237,
          2.069656
        ],
        [
          -0.055122,
          -0.929859,
          -0.363763,
          1.323539
        ],
        [
          0.0,
          0.0,
          0.0,
          1.0
        ]
      ]
    },
    {
      "file_path": "/media/NFS/ttao/scannet/posed_images/scene0407_01/00078.jpg",
      "transform_matrix": [
        [
          -0.513681,
          0.339976,
          -0.787749,
          3.947841
        ],
        [
          0.856135,
          0.142898,
          -0.496602,
          2.047562
        ],
        [
          -0.056265,
          -0.929514,
          -0.364469,
          1.320957
        ],
        [
          0.0,
          0.0,
          0.0,
          1.0
        ]
      ]
    },
    {
      "file_path": "/media/NFS/ttao/scannet/posed_images/scene0407_01/00079.jpg",
      "transform_matrix": [
        [
          -0.514101,
          0.340293,
          -0.787338,
          3.938724
        ],
        [
          0.855859,
          0.142924,
          -0.497069,
          2.037681
        ],
        [
          -0.056619,
          -0.929394,
          -0.36472,
          1.316293
        ],
        [
          0.0,
          0.0,
          0.0,
          1.0
        ]
      ]
    },
    {
      "file_path": "/media/NFS/ttao/scannet/posed_images/scene0407_01/00082.jpg",
      "transform_matrix": [
        [
          -0.516084,
          0.347457,
          -0.782899,
          3.902977
        ],
        [
          0.854389,
          0.144123,
          -0.499247,
          2.008787
        ],
        [
          -0.060633,
          -0.926554,
          -0.371243,
          1.311271
        ],
        [
          0.0,
          0.0,
          0.0,
          1.0
        ]
      ]
    },
    {
      "file_path": "/media/NFS/ttao/scannet/posed_images/scene0407_01/00084.jpg",
      "transform_matrix": [
        [
          -0.510301,
          0.356192,
          -0.782764,
          3.875666
        ],
        [
          0.857581,
          0.142609,
          -0.494183,
          1.99105
        ],
        [
          -0.064394,
          -0.923466,
          -0.378237,
          1.313205
        ],
        [
          0.0,
          0.0,
          0.0,
          1.0
        ]
      ]
    },
    {
      "file_path": "/media/NFS/ttao/scannet/posed_images/scene0407_01/00086.jpg",
      "transform_matrix": [
        [
          -0.487106,
          0.361609,
          -0.794963,
          3.852286
        ],
        [
          0.870302,
          0.125083,
          -0.476371,
          1.969983
        ],
        [
          -0.072824,
          -0.923901,
          -0.375638,
          1.311477
        ],
        [
          0.0,
          0.0,
          0.0,
          1.0
        ]
      ]
    },
    {
      "file_path": "/media/NFS/ttao/scannet/posed_images/scene0407_01/00089.jpg",
      "transform_matrix": [
        [
          -0.447804,
          0.377007,
          -0.810763,
          3.809128
        ],
        [
          0.890923,
          0.11139,
          -0.440282,
          1.940052
        ],
        [
          -0.075678,
          -0.919488,
          -0.385765,
          1.315341
        ],
        [
          0.0,
          0.0,
          0.0,
          1.0
        ]
      ]
    },
    {
      "file_path": "/media/NFS/ttao/scannet/posed_images/scene0407_01/00091.jpg",
      "transform_matrix": [
        [
          -0.42922,
          0.385777,
          -0.816668,
          3.782711
        ],
        [
          0.900847,
          0.117626,
          -0.417898,
          1.927013
        ],
        [
          -0.065154,
          -0.915063,
          -0.398014,
          1.312922
        ],
        [
          0.0,
          0.0,
          0.0,
          1.0
        ]
      ]
    },
    {
      "file_path": "/media/NFS/ttao/scannet/posed_images/scene0407_01/00092.jpg",
      "transform_matrix": [
        [
          -0.423153,
          0.391916,
          -0.816911,
          3.769295
        ],
        [
          0.904007,
          0.121991,
          -0.409742,
          1.920549
        ],
        [
          -0.060928,
          -0.911877,
          -0.405916,
          1.316797
        ],
        [
          0.0,
          0.0,
          0.0,
          1.0
        ]
      ]
    },
    {
      "file_path": "/media/NFS/ttao/scannet/posed_images/scene0407_01/00096.jpg",
      "transform_matrix": [
        [
          -0.402266,
          0.38273,
          -0.831685,
          3.712802
        ],
        [
          0.911946,
          0.087287,
          -0.400918,
          1.887193
        ],
        [
          -0.080848,
          -0.919728,
          -0.384142,
          1.328295
        ],
        [
          0.0,
          0.0,
          0.0,
          1.0
        ]
      ]
    },
    {
      "file_path": "/media/NFS/ttao/scannet/posed_images/scene0407_01/00098.jpg",
      "transform_matrix": [
        [
          -0.408514,
          0.387486,
          -0.826421,
          3.685306
        ],
        [
          0.908753,
          0.087998,
          -0.407952,
          1.87765
        ],
        [
          -0.085352,
          -0.917666,
          -0.388078,
          1.323026
        ],
        [
          0.0,
          0.0,
          0.0,
          1.0
        ]
      ]
    },
    {
      "file_path": "/media/NFS/ttao/scannet/posed_images/scene0407_01/00099.jpg",
      "transform_matrix": [
        [
          -0.407883,
          0.393391,
          -0.823939,
          3.672935
        ],
        [
          0.909194,
          0.092315,
          -0.406011,
          1.873191
        ],
        [
          -0.083659,
          -0.914725,
          -0.395322,
          1.324714
        ],
        [
          0.0,
          0.0,
          0.0,
          1.0
        ]
      ]
    },
    {
      "file_path": "/media/NFS/ttao/scannet/posed_images/scene0407_01/00101.jpg",
      "transform_matrix": [
        [
          -0.391694,
          0.393849,
          -0.83154,
          3.646292
        ],
        [
          0.917292,
          0.096659,
          -0.386306,
          1.868631
        ],
        [
          -0.07177,
          -0.914079,
          -0.399135,
          1.319975
        ],
        [
          0.0,
          0.0,
          0.0,
          1.0
        ]
      ]
    },
    {
      "file_path": "/media/NFS/ttao/scannet/posed_images/scene0407_01/00103.jpg",
      "transform_matrix": [
        [
          -0.360419,
          0.399689,
          -0.842821,
          3.622165
        ],
        [
          0.930864,
          0.096081,
          -0.352506,
          1.848952
        ],
        [
          -0.059914,
          -0.911602,
          -0.406685,
          1.323187
        ],
        [
          0.0,
          0.0,
          0.0,
          1.0
        ]
      ]
    },
    {
      "file_path": "/media/NFS/ttao/scannet/posed_images/scene0407_01/00106.jpg",
      "transform_matrix": [
        [
          -0.325281,
          0.400353,
          -0.856685,
          3.584781
        ],
        [
          0.944014,
          0.08475,
          -0.318833,
          1.831088
        ],
        [
          -0.055042,
          -0.912433,
          -0.405507,
          1.322611
        ],
        [
          0.0,
          0.0,
          0.0,
          1.0
        ]
      ]
    },
    {
      "file_path": "/media/NFS/ttao/scannet/posed_images/scene0407_01/00107.jpg",
      "transform_matrix": [
        [
          -0.309442,
          0.402413,
          -0.861574,
          3.57198
        ],
        [
          0.949258,
          0.077195,
          -0.304879,
          1.82491
        ],
        [
          -0.056178,
          -0.912198,
          -0.405881,
          1.321609
        ],
        [
          0.0,
          0.0,
          0.0,
          1.0
        ]
      ]
    },
    {
      "file_path": "/media/NFS/ttao/scannet/posed_images/scene0407_01/00109.jpg",
      "transform_matrix": [
        [
          -0.27623,
          0.40817,
          -0.870111,
          3.537897
        ],
        [
          0.959337,
          0.062419,
          -0.275275,
          1.805235
        ],
        [
          -0.058048,
          -0.910769,
          -0.408815,
          1.322983
        ],
        [
          0.0,
          0.0,
          0.0,
          1.0
        ]
      ]
    },
    {
      "file_path": "/media/NFS/ttao/scannet/posed_images/scene0407_01/00112.jpg",
      "transform_matrix": [
        [
          -0.231508,
          0.4051,
          -0.884476,
          3.499485
        ],
        [
          0.970784,
          0.037221,
          -0.237051,
          1.798647
        ],
        [
          -0.063108,
          -0.913514,
          -0.401882,
          1.306867
        ],
        [
          0.0,
          0.0,
          0.0,
          1.0
        ]
      ]
    },
    {
      "file_path": "/media/NFS/ttao/scannet/posed_images/scene0407_01/00115.jpg",
      "transform_matrix": [
        [
          -0.173932,
          0.418755,
          -0.891287,
          3.452598
        ],
        [
          0.983243,
          0.023674,
          -0.180754,
          1.765404
        ],
        [
          -0.054591,
          -0.907791,
          -0.415856,
          1.315254
        ],
        [
          0.0,
          0.0,
          0.0,
          1.0
        ]
      ]
    },
    {
      "file_path": "/media/NFS/ttao/scannet/posed_images/scene0407_01/00117.jpg",
      "transform_matrix": [
        [
          -0.135753,
          0.420475,
          -0.897091,
          3.431514
        ],
        [
          0.989751,
          0.017045,
          -0.141785,
          1.743988
        ],
        [
          -0.044326,
          -0.907144,
          -0.418479,
          1.312211
        ],
        [
          0.0,
          0.0,
          0.0,
          1.0
        ]
      ]
    },
    {
      "file_path": "/media/NFS/ttao/scannet/posed_images/scene0407_01/00119.jpg",
      "transform_matrix": [
        [
          -0.098577,
          0.428312,
          -0.898238,
          3.407598
        ],
        [
          0.994058,
          0.000503,
          -0.108853,
          1.721449
        ],
        [
          -0.046171,
          -0.903631,
          -0.425817,
          1.320223
        ],
        [
          0.0,
          0.0,
          0.0,
          1.0
        ]
      ]
    },
    {
      "file_path": "/media/NFS/ttao/scannet/posed_images/scene0407_01/00120.jpg",
      "transform_matrix": [
        [
          -0.085968,
          0.420837,
          -0.903054,
          3.397892
        ],
        [
          0.994934,
          -0.011152,
          -0.099912,
          1.72116
        ],
        [
          -0.052118,
          -0.907068,
          -0.417746,
          1.306349
        ],
        [
          0.0,
          0.0,
          0.0,
          1.0
        ]
      ]
    },
    {
      "file_path": "/media/NFS/ttao/scannet/posed_images/scene0407_01/00124.jpg",
      "transform_matrix": [
        [
          -0.051339,
          0.421533,
          -0.905358,
          3.353038
        ],
        [
          0.996613,
          -0.036686,
          -0.073594,
          1.690228
        ],
        [
          -0.064236,
          -0.906071,
          -0.418222,
          1.307494
        ],
        [
          0.0,
          0.0,
          0.0,
          1.0
        ]
      ]
    },
    {
      "file_path": "/media/NFS/ttao/scannet/posed_images/scene0407_01/00125.jpg",
      "transform_matrix": [
        [
          -0.047952,
          0.425983,
          -0.903459,
          3.343606
        ],
        [
          0.996668,
          -0.039347,
          -0.071451,
          1.687695
        ],
        [
          -0.065985,
          -0.903875,
          -0.422677,
          1.307279
        ],
        [
          0.0,
          0.0,
          0.0,
          1.0
        ]
      ]
    },
    {
      "file_path": "/media/NFS/ttao/scannet/posed_images/scene0407_01/00127.jpg",
      "transform_matrix": [
        [
          -0.037756,
          0.434735,
          -0.899767,
          3.319732
        ],
        [
          0.997227,
          -0.04139,
          -0.061844,
          1.685583
        ],
        [
          -0.064127,
          -0.899607,
          -0.431966,
          1.310691
        ],
        [
          0.0,
          0.0,
          0.0,
          1.0
        ]
      ]
    },
    {
      "file_path": "/media/NFS/ttao/scannet/posed_images/scene0407_01/00129.jpg",
      "transform_matrix": [
        [
          -0.019455,
          0.437472,
          -0.899022,
          3.294631
        ],
        [
          0.997865,
          -0.047573,
          -0.044744,
          1.68658
        ],
        [
          -0.062343,
          -0.897973,
          -0.435612,
          1.315171
        ],
        [
          0.0,
          0.0,
          0.0,
          1.0
        ]
      ]
    },
    {
      "file_path": "/media/NFS/ttao/scannet/posed_images/scene0407_01/00132.jpg",
      "transform_matrix": [
        [
          0.010375,
          0.42746,
          -0.903975,
          3.260201
        ],
        [
          0.997847,
          -0.062978,
          -0.018328,
          1.709252
        ],
        [
          -0.064765,
          -0.901838,
          -0.427193,
          1.306623
        ],
        [
          0.0,
          0.0,
          0.0,
          1.0
        ]
      ]
    },
    {
      "file_path": "/media/NFS/ttao/scannet/posed_images/scene0407_01/00134.jpg",
      "transform_matrix": [
        [
          0.021998,
          0.424763,
          -0.905037,
          3.238843
        ],
        [
          0.997738,
          -0.06684,
          -0.007118,
          1.707629
        ],
        [
          -0.063516,
          -0.902834,
          -0.425273,
          1.307699
        ],
        [
          0.0,
          0.0,
          0.0,
          1.0
        ]
      ]
    },
    {
      "file_path": "/media/NFS/ttao/scannet/posed_images/scene0407_01/00135.jpg",
      "transform_matrix": [
        [
          0.025512,
          0.423515,
          -0.90553,
          3.224945
        ],
        [
          0.997496,
          -0.070551,
          -0.004893,
          1.710518
        ],
        [
          -0.065958,
          -0.903138,
          -0.424254,
          1.309051
        ],
        [
          0.0,
          0.0,
          0.0,
          1.0
        ]
      ]
    },
    {
      "file_path": "/media/NFS/ttao/scannet/posed_images/scene0407_01/00138.jpg",
      "transform_matrix": [
        [
          0.048986,
          0.422145,
          -0.905204,
          3.189548
        ],
        [
          0.995015,
          -0.09944,
          0.007472,
          1.725318
        ],
        [
          -0.086859,
          -0.901058,
          -0.424912,
          1.31705
        ],
        [
          0.0,
          0.0,
          0.0,
          1.0
        ]
      ]
    },
    {
      "file_path": "/media/NFS/ttao/scannet/posed_images/scene0407_01/00141.jpg",
      "transform_matrix": [
        [
          0.059992,
          0.380077,
          -0.923007,
          3.149204
        ],
        [
          0.991203,
          -0.131964,
          0.010084,
          1.755838
        ],
        [
          -0.117971,
          -0.915493,
          -0.384651,
          1.313872
        ],
        [
          0.0,
          0.0,
          0.0,
          1.0
        ]
      ]
    },
    {
      "file_path": "/media/NFS/ttao/scannet/posed_images/scene0407_01/00143.jpg",
      "transform_matrix": [
        [
          0.063772,
          0.370358,
          -0.926697,
          3.131413
        ],
        [
          0.991605,
          -0.128178,
          0.017013,
          1.764158
        ],
        [
          -0.112481,
          -0.920003,
          -0.375423,
          1.311587
        ],
        [
          0.0,
          0.0,
          0.0,
          1.0
        ]
      ]
    },
    {
      "file_path": "/media/NFS/ttao/scannet/posed_images/scene0407_01/00144.jpg",
      "transform_matrix": [
        [
          0.06612,
          0.372353,
          -0.925733,
          3.117734
        ],
        [
          0.992581,
          -0.119415,
          0.022864,
          1.765859
        ],
        [
          -0.102033,
          -0.920377,
          -0.377486,
          1.312127
        ],
        [
          0.0,
          0.0,
          0.0,
          1.0
        ]
      ]
    },
    {
      "file_path": "/media/NFS/ttao/scannet/posed_images/scene0407_01/00147.jpg",
      "transform_matrix": [
        [
          0.085924,
          0.371552,
          -0.924428,
          3.084077
        ],
        [
          0.992976,
          -0.107688,
          0.049013,
          1.779342
        ],
        [
          -0.081339,
          -0.922146,
          -0.378195,
          1.314742
        ],
        [
          0.0,
          0.0,
          0.0,
          1.0
        ]
      ]
    },
    {
      "file_path": "/media/NFS/ttao/scannet/posed_images/scene0407_01/00149.jpg",
      "transform_matrix": [
        [
          0.113481,
          0.376726,
          -0.919348,
          3.066209
        ],
        [
          0.990783,
          -0.111801,
          0.076486,
          1.77951
        ],
        [
          -0.07397,
          -0.919553,
          -0.385941,
          1.309034
        ],
        [
          0.0,
          0.0,
          0.0,
          1.0
        ]
      ]
    },
    {
      "file_path": "/media/NFS/ttao/scannet/posed_images/scene0407_01/00151.jpg",
      "transform_matrix": [
        [
          0.124215,
          0.374771,
          -0.918759,
          3.04901
        ],
        [
          0.989588,
          -0.114641,
          0.087028,
          1.804596
        ],
        [
          -0.072711,
          -0.920002,
          -0.385109,
          1.302989
        ],
        [
          0.0,
          0.0,
          0.0,
          1.0
        ]
      ]
    },
    {
      "file_path": "/media/NFS/ttao/scannet/posed_images/scene0407_01/00153.jpg",
      "transform_matrix": [
        [
          0.165266,
          0.36636,
          -0.915679,
          3.029932
        ],
        [
          0.983445,
          -0.13118,
          0.125013,
          1.814869
        ],
        [
          -0.074319,
          -0.92118,
          -0.381974,
          1.301342
        ],
        [
          0.0,
          0.0,
          0.0,
          1.0
        ]
      ]
    },
    {
      "file_path": "/media/NFS/ttao/scannet/posed_images/scene0407_01/00155.jpg",
      "transform_matrix": [
        [
          0.218544,
          0.362511,
          -0.905994,
          3.00787
        ],
        [
          0.973269,
          -0.148165,
          0.175487,
          1.808843
        ],
        [
          -0.070621,
          -0.920127,
          -0.385201,
          1.303586
        ],
        [
          0.0,
          0.0,
          0.0,
          1.0
        ]
      ]
    },
    {
      "file_path": "/media/NFS/ttao/scannet/posed_images/scene0407_01/00158.jpg",
      "transform_matrix": [
        [
          0.278069,
          0.357075,
          -0.891726,
          2.978177
        ],
        [
          0.958324,
          -0.166455,
          0.232183,
          1.801298
        ],
        [
          -0.065525,
          -0.919125,
          -0.388479,
          1.303424
        ],
        [
          0.0,
          0.0,
          0.0,
          1.0
        ]
      ]
    },
    {
      "file_path": "/media/NFS/ttao/scannet/posed_images/scene0407_01/00159.jpg",
      "transform_matrix": [
        [
          0.295314,
          0.354654,
          -0.887136,
          2.969286
        ],
        [
          0.953195,
          -0.172419,
          0.248376,
          1.804991
        ],
        [
          -0.064872,
          -0.918963,
          -0.388972,
          1.302125
        ],
        [
          0.0,
          0.0,
          0.0,
          1.0
        ]
      ]
    },
    {
      "file_path": "/media/NFS/ttao/scannet/posed_images/scene0407_01/00162.jpg",
      "transform_matrix": [
        [
          0.391653,
          0.351497,
          -0.850328,
          2.904423
        ],
        [
          0.918492,
          -0.20419,
          0.338643,
          1.857924
        ],
        [
          -0.054596,
          -0.91365,
          -0.402818,
          1.296976
        ],
        [
          0.0,
          0.0,
          0.0,
          1.0
        ]
      ]
    },
    {
      "file_path": "/media/NFS/ttao/scannet/posed_images/scene0407_01/00165.jpg",
      "transform_matrix": [
        [
          0.470456,
          0.308849,
          -0.82661,
          2.873102
        ],
        [
          0.879151,
          -0.244646,
          0.408952,
          1.841131
        ],
        [
          -0.075922,
          -0.919109,
          -0.38662,
          1.297073
        ],
        [
          0.0,
          0.0,
          0.0,
          1.0
        ]
      ]
    },
    {
      "file_path": "/media/NFS/ttao/scannet/posed_images/scene0407_01/00166.jpg",
      "transform_matrix": [
        [
          0.493373,
          0.301979,
          -0.815716,
          2.859863
        ],
        [
          0.86645,
          -0.253077,
          0.430369,
          1.836376
        ],
        [
          -0.076476,
