{
  "frames": [
    {
      "file_path": "/media/NFS/ttao/scannet/posed_images/scene0312_01/00000.jpg",
      "transform_matrix": [
        [
          0.408429,
          -0.524675,
          0.746928,
          5.936424
        ],
        [
          -0.901231,
          -0.361607,
          0.238795,
          4.373498
        ],
        [
          0.144804,
          -0.770686,
          -0.620544,
          1.51386
        ],
        [
          0.0,
          0.0,
          0.0,
          1.0
        ]
      ]
    },
    {
      "file_path": "/media/NFS/ttao/scannet/posed_images/scene0312_01/00009.jpg",
      "transform_matrix": [
        [
          0.417883,
          -0.487315,
          0.766745,
          5.906694
        ],
        [
          -0.895346,
          -0.364004,
          0.256625,
          4.414399
        ],
        [
          0.154041,
          -0.793742,
          -0.588426,
          1.506624
        ],
        [
          0.0,
          0.0,
          0.0,
          1.0
        ]
      ]
    },
    {
      "file_path": "/media/NFS/ttao/scannet/posed_images/scene0312_01/00013.jpg",
      "transform_matrix": [
        [
          0.404496,
          -0.486129,
          0.774636,
          5.876355
        ],
        [
          -0.901752,
          -0.353158,
          0.249245,
          4.486995
        ],
        [
          0.152404,
          -0.799348,
          -0.581219,
          1.50361
        ],
        [
          0.0,
          0.0,
          0.0,
          1.0
        ]
      ]
    },
    {
      "file_path": "/media/NFS/ttao/scannet/posed_images/scene0312_01/00020.jpg",
      "transform_matrix": [
        [
          0.436285,
          -0.50826,
          0.742513,
          5.877623
        ],
        [
          -0.885888,
          -0.387214,
          0.255476,
          4.542641
        ],
        [
          0.157663,
          -0.769244,
          -0.619198,
          1.494582
        ],
        [
          0.0,
          0.0,
          0.0,
          1.0
        ]
      ]
    },
    {
      "file_path": "/media/NFS/ttao/scannet/posed_images/scene0312_01/00029.jpg",
      "transform_matrix": [
        [
          0.488322,
          -0.511344,
          0.707155,
          5.862147
        ],
        [
          -0.864718,
          -0.392633,
          0.313213,
          4.722278
        ],
        [
          0.117493,
          -0.764439,
          -0.6339,
          1.481987
        ],
        [
          0.0,
          0.0,
          0.0,
          1.0
        ]
      ]
    },
    {
      "file_path": "/media/NFS/ttao/scannet/posed_images/scene0312_01/00040.jpg",
      "transform_matrix": [
        [
          0.643909,
          -0.468375,
          0.604984,
          5.797365
        ],
        [
          -0.760632,
          -0.477233,
          0.4401,
          4.991195
        ],
        [
          0.082587,
          -0.743554,
          -0.663556,
          1.47829
        ],
        [
          0.0,
          0.0,
          0.0,
          1.0
        ]
      ]
    },
    {
      "file_path": "/media/NFS/ttao/scannet/posed_images/scene0312_01/00046.jpg",
      "transform_matrix": [
        [
          0.661678,
          -0.422791,
          0.619216,
          5.74172
        ],
        [
          -0.738323,
          -0.511273,
          0.439863,
          5.118363
        ],
        [
          0.130618,
          -0.74823,
          -0.650454,
          1.470938
        ],
        [
          0.0,
          0.0,
          0.0,
          1.0
        ]
      ]
    },
    {
      "file_path": "/media/NFS/ttao/scannet/posed_images/scene0312_01/00051.jpg",
      "transform_matrix": [
        [
          0.634459,
          -0.421955,
          0.647623,
          5.686984
        ],
        [
          -0.762092,
          -0.481468,
          0.432903,
          5.212063
        ],
        [
          0.129144,
          -0.768207,
          -0.62704,
          1.460912
        ],
        [
          0.0,
          0.0,
          0.0,
          1.0
        ]
      ]
    },
    {
      "file_path": "/media/NFS/ttao/scannet/posed_images/scene0312_01/00059.jpg",
      "transform_matrix": [
        [
          0.562843,
          -0.467592,
          0.68159,
          5.599901
        ],
        [
          -0.819146,
          -0.425774,
          0.384339,
          5.37534
        ],
        [
          0.11049,
          -0.774644,
          -0.62267,
          1.480873
        ],
        [
          0.0,
          0.0,
          0.0,
          1.0
        ]
      ]
    },
    {
      "file_path": "/media/NFS/ttao/scannet/posed_images/scene0312_01/00066.jpg",
      "transform_matrix": [
        [
          0.496707,
          -0.489087,
          0.716991,
          5.556527
        ],
        [
          -0.859572,
          -0.391503,
          0.328423,
          5.494337
        ],
        [
          0.120077,
          -0.779436,
          -0.614867,
          1.478251
        ],
        [
          0.0,
          0.0,
          0.0,
          1.0
        ]
      ]
    },
    {
      "file_path": "/media/NFS/ttao/scannet/posed_images/scene0312_01/00073.jpg",
      "transform_matrix": [
        [
          0.434704,
          -0.563713,
          0.702324,
          5.538519
        ],
        [
          -0.895711,
          -0.351562,
          0.272223,
          5.677573
        ],
        [
          0.093455,
          -0.747416,
          -0.65775,
          1.450025
        ],
        [
          0.0,
          0.0,
          0.0,
          1.0
        ]
      ]
    },
    {
      "file_path": "/media/NFS/ttao/scannet/posed_images/scene0312_01/00084.jpg",
      "transform_matrix": [
        [
          0.398406,
          -0.607911,
          0.686816,
          5.527863
        ],
        [
          -0.917208,
          -0.262827,
          0.299419,
          5.903374
        ],
        [
          -0.001506,
          -0.749244,
          -0.662293,
          1.461684
        ],
        [
          0.0,
          0.0,
          0.0,
          1.0
        ]
      ]
    },
    {
      "file_path": "/media/NFS/ttao/scannet/posed_images/scene0312_01/00090.jpg",
      "transform_matrix": [
        [
          0.327781,
          -0.594019,
          0.734643,
          5.538683
        ],
        [
          -0.943059,
          -0.252273,
          0.216789,
          6.038236
        ],
        [
          0.056554,
          -0.763872,
          -0.642885,
          1.467317
        ],
        [
          0.0,
          0.0,
          0.0,
          1.0
        ]
      ]
    },
    {
      "file_path": "/media/NFS/ttao/scannet/posed_images/scene0312_01/00097.jpg",
      "transform_matrix": [
        [
          0.188673,
          -0.59336,
          0.782512,
          5.556891
        ],
        [
          -0.978082,
          -0.185007,
          0.09554,
          6.216415
        ],
        [
          0.08808,
          -0.783387,
          -0.615261,
          1.455093
        ],
        [
          0.0,
          0.0,
          0.0,
          1.0
        ]
      ]
    },
    {
      "file_path": "/media/NFS/ttao/scannet/posed_images/scene0312_01/00103.jpg",
      "transform_matrix": [
        [
          0.036388,
          -0.583883,
          0.811022,
          5.581367
        ],
        [
          -0.997348,
          -0.0724,
          -0.007375,
          6.333715
        ],
        [
          0.063025,
          -0.808603,
          -0.584969,
          1.466909
        ],
        [
          0.0,
          0.0,
          0.0,
          1.0
        ]
      ]
    },
    {
      "file_path": "/media/NFS/ttao/scannet/posed_images/scene0312_01/00114.jpg",
      "transform_matrix": [
        [
          -0.178706,
          -0.608041,
          0.773531,
          5.693834
        ],
        [
          -0.976434,
          0.01292,
          -0.215427,
          6.508969
        ],
        [
          0.120995,
          -0.7938,
          -0.596021,
          1.450195
        ],
        [
          0.0,
          0.0,
          0.0,
          1.0
        ]
      ]
    },
    {
      "file_path": "/media/NFS/ttao/scannet/posed_images/scene0312_01/00119.jpg",
      "transform_matrix": [
        [
          -0.198343,
          -0.611917,
          0.765648,
          5.769553
        ],
        [
          -0.975963,
          0.051325,
          -0.211806,
          6.591474
        ],
        [
          0.090311,
          -0.789255,
          -0.607389,
          1.436741
        ],
        [
          0.0,
          0.0,
          0.0,
          1.0
        ]
      ]
    },
    {
      "file_path": "/media/NFS/ttao/scannet/posed_images/scene0312_01/00127.jpg",
      "transform_matrix": [
        [
          -0.202187,
          -0.612355,
          0.764291,
          5.903679
        ],
        [
          -0.978692,
          0.097799,
          -0.180549,
          6.699981
        ],
        [
          0.035813,
          -0.78451,
          -0.619081,
          1.455061
        ],
        [
          0.0,
          0.0,
          0.0,
          1.0
        ]
      ]
    },
    {
      "file_path": "/media/NFS/ttao/scannet/posed_images/scene0312_01/00134.jpg",
      "transform_matrix": [
        [
          -0.305484,
          -0.577877,
          0.756794,
          6.024141
        ],
        [
          -0.950518,
          0.137885,
          -0.278394,
          6.772083
        ],
        [
          0.056527,
          -0.804391,
          -0.591404,
          1.460969
        ],
        [
          0.0,
          0.0,
          0.0,
          1.0
        ]
      ]
    },
    {
      "file_path": "/media/NFS/ttao/scannet/posed_images/scene0312_01/00143.jpg",
      "transform_matrix": [
        [
          -0.501288,
          -0.483288,
          0.717734,
          6.170697
        ],
        [
          -0.864538,
          0.245381,
          -0.438591,
          6.898567
        ],
        [
          0.035847,
          -0.840369,
          -0.540828,
          1.434976
        ],
        [
          0.0,
          0.0,
          0.0,
          1.0
        ]
      ]
    },
    {
      "file_path": "/media/NFS/ttao/scannet/posed_images/scene0312_01/00145.jpg",
      "transform_matrix": [
        [
          -0.534528,
          -0.485271,
          0.691947,
          6.214351
        ],
        [
          -0.844797,
          0.283111,
          -0.454055,
          6.922505
        ],
        [
          0.024442,
          -0.82726,
          -0.561287,
          1.443919
        ],
        [
          0.0,
          0.0,
          0.0,
          1.0
        ]
      ]
    },
    {
      "file_path": "/media/NFS/ttao/scannet/posed_images/scene0312_01/00156.jpg",
      "transform_matrix": [
        [
          -0.640375,
          -0.45914,
          0.615719,
          6.423425
        ],
        [
          -0.766981,
          0.339736,
          -0.544353,
          7.025716
        ],
        [
          0.040752,
          -0.820835,
          -0.56971,
          1.457047
        ],
        [
          0.0,
          0.0,
          0.0,
          1.0
        ]
      ]
    },
    {
      "file_path": "/media/NFS/ttao/scannet/posed_images/scene0312_01/00160.jpg",
      "transform_matrix": [
        [
          -0.629024,
          -0.471699,
          0.617923,
          6.498962
        ],
        [
          -0.77511,
          0.319786,
          -0.544922,
          7.065064
        ],
        [
          0.059436,
          -0.821728,
          -0.566772,
          1.45017
        ],
        [
          0.0,
          0.0,
          0.0,
          1.0
        ]
      ]
    },
    {
      "file_path": "/media/NFS/ttao/scannet/posed_images/scene0312_01/00167.jpg",
      "transform_matrix": [
        [
          -0.558663,
          -0.476588,
          0.678792,
          6.648223
        ],
        [
          -0.829314,
          0.309608,
          -0.465167,
          7.122133
        ],
        [
          0.011534,
          -0.822804,
          -0.568208,
          1.45831
        ],
        [
          0.0,
          0.0,
          0.0,
          1.0
        ]
      ]
    },
    {
      "file_path": "/media/NFS/ttao/scannet/posed_images/scene0312_01/00180.jpg",
      "transform_matrix": [
        [
          -0.366484,
          -0.523999,
          0.768839,
          6.866436
        ],
        [
          -0.930404,
          0.211843,
          -0.299117,
          7.250707
        ],
        [
          -0.006136,
          -0.824953,
          -0.565168,
          1.451034
        ],
        [
          0.0,
          0.0,
          0.0,
          1.0
        ]
      ]
    },
    {
      "file_path": "/media/NFS/ttao/scannet/posed_images/scene0312_01/00182.jpg",
      "transform_matrix": [
        [
          -0.34981,
          -0.536784,
          0.767787,
          6.906945
        ],
        [
          -0.93682,
          0.199602,
          -0.287275,
          7.278143
        ],
        [
          0.000953,
          -0.81977,
          -0.572692,
          1.445676
        ],
        [
          0.0,
          0.0,
          0.0,
          1.0
        ]
      ]
    },
    {
      "file_path": "/media/NFS/ttao/scannet/posed_images/scene0312_01/00191.jpg",
      "transform_matrix": [
        [
          -0.291181,
          -0.5293,
          0.796903,
          7.092834
        ],
        [
          -0.956309,
          0.183845,
          -0.227318,
          7.40795
        ],
        [
          -0.026187,
          -0.828277,
          -0.559707,
          1.456208
        ],
        [
          0.0,
          0.0,
          0.0,
          1.0
        ]
      ]
    },
    {
      "file_path": "/media/NFS/ttao/scannet/posed_images/scene0312_01/00200.jpg",
      "transform_matrix": [
        [
          -0.250009,
          -0.508141,
          0.824189,
          7.257113
        ],
        [
          -0.967747,
          0.158402,
          -0.195896,
          7.543956
        ],
        [
          -0.03101,
          -0.846582,
          -0.531354,
          1.478449
        ],
        [
          0.0,
          0.0,
          0.0,
          1.0
        ]
      ]
    },
    {
      "file_path": "/media/NFS/ttao/scannet/posed_images/scene0312_01/00207.jpg",
      "transform_matrix": [
        [
          -0.226612,
          -0.509744,
          0.829944,
          7.378766
        ],
        [
          -0.973818,
          0.13438,
          -0.18336,
          7.624457
        ],
        [
          -0.018061,
          -0.849766,
          -0.52685,
          1.457101
        ],
        [
          0.0,
          0.0,
          0.0,
          1.0
        ]
      ]
    },
    {
      "file_path": "/media/NFS/ttao/scannet/posed_images/scene0312_01/00215.jpg",
      "transform_matrix": [
        [
          -0.164207,
          -0.522826,
          0.836474,
          7.540383
        ],
        [
          -0.985897,
          0.114753,
          -0.121815,
          7.726384
        ],
        [
          -0.0323,
          -0.84468,
          -0.534296,
          1.441244
        ],
        [
          0.0,
          0.0,
          0.0,
          1.0
        ]
      ]
    },
    {
      "file_path": "/media/NFS/ttao/scannet/posed_images/scene0312_01/00220.jpg",
      "transform_matrix": [
        [
          -0.12419,
          -0.520461,
          0.844806,
          7.619317
        ],
        [
          -0.990994,
          0.108025,
          -0.079129,
          7.779253
        ],
        [
          -0.050076,
          -0.847025,
          -0.529189,
          1.459952
        ],
        [
          0.0,
          0.0,
          0.0,
          1.0
        ]
      ]
    },
    {
      "file_path": "/media/NFS/ttao/scannet/posed_images/scene0312_01/00226.jpg",
      "transform_matrix": [
        [
          -0.10789,
          -0.504923,
          0.856395,
          7.727561
        ],
        [
          -0.994043,
          0.068165,
          -0.085042,
          7.829013
        ],
        [
          -0.015437,
          -0.860469,
          -0.509269,
          1.490567
        ],
        [
          0.0,
          0.0,
          0.0,
          1.0
        ]
      ]
    },
    {
      "file_path": "/media/NFS/ttao/scannet/posed_images/scene0312_01/00233.jpg",
      "transform_matrix": [
        [
          -0.215831,
          -0.465355,
          0.858406,
          7.850599
        ],
        [
          -0.976369,
          0.112726,
          -0.184381,
          7.869858
        ],
        [
          -0.010962,
          -0.877916,
          -0.478689,
          1.516263
        ],
        [
          0.0,
          0.0,
          0.0,
          1.0
        ]
      ]
    },
    {
      "file_path": "/media/NFS/ttao/scannet/posed_images/scene0312_01/00246.jpg",
      "transform_matrix": [
        [
          -0.387192,
          -0.435874,
          0.812463,
          7.986435
        ],
        [
          -0.921627,
          0.208012,
          -0.327621,
          7.903438
        ],
        [
          -0.026201,
          -0.875639,
          -0.482254,
          1.519726
        ],
        [
          0.0,
          0.0,
          0.0,
          1.0
        ]
      ]
    },
    {
      "file_path": "/media/NFS/ttao/scannet/posed_images/scene0312_01/00253.jpg",
      "transform_matrix": [
        [
          -0.299699,
          -0.515964,
          0.802472,
          7.97078
        ],
        [
          -0.954028,
          0.164912,
          -0.250268,
          7.905639
        ],
        [
          -0.003208,
          -0.840586,
          -0.541669,
          1.50213
        ],
        [
          0.0,
          0.0,
          0.0,
          1.0
        ]
      ]
    },
    {
      "file_path": "/media/NFS/ttao/scannet/posed_images/scene0312_01/00257.jpg",
      "transform_matrix": [
        [
          -0.266737,
          -0.541877,
          0.797007,
          7.944297
        ],
        [
          -0.963664,
          0.1377,
          -0.228891,
          7.90135
        ],
        [
          0.014282,
          -0.829101,
          -0.558917,
          1.494792
        ],
        [
          0.0,
          0.0,
          0.0,
          1.0
        ]
      ]
    },
    {
      "file_path": "/media/NFS/ttao/scannet/posed_images/scene0312_01/00266.jpg",
      "transform_matrix": [
        [
          -0.095056,
          -0.555757,
          0.825892,
          7.822223
        ],
        [
          -0.995472,
          0.053067,
          -0.078864,
          7.820891
        ],
        [
          1e-06,
          -0.829649,
          -0.558285,
          1.485942
        ],
        [
          0.0,
          0.0,
          0.0,
          1.0
        ]
      ]
    },
    {
      "file_path": "/media/NFS/ttao/scannet/posed_images/scene0312_01/00275.jpg",
      "transform_matrix": [
        [
          0.048748,
          -0.552948,
          0.831788,
          7.619313
        ],
        [
          -0.998347,
          -0.052357,
          0.023704,
          7.686045
        ],
        [
          0.030443,
          -0.831569,
          -0.554587,
          1.506382
        ],
        [
          0.0,
          0.0,
          0.0,
          1.0
        ]
      ]
    },
    {
      "file_path": "/media/NFS/ttao/scannet/posed_images/scene0312_01/00277.jpg",
      "transform_matrix": [
        [
          0.071357,
          -0.535256,
          0.841671,
          7.57067
        ],
        [
          -0.997384,
          -0.048063,
          0.053993,
          7.660962
        ],
        [
          0.011553,
          -0.843322,
          -0.537285,
          1.519557
        ],
        [
          0.0,
          0.0,
          0.0,
          1.0
        ]
      ]
    },
    {
      "file_path": "/media/NFS/ttao/scannet/posed_images/scene0312_01/00288.jpg",
      "transform_matrix": [
        [
          0.165607,
          -0.517621,
          0.83943,
          7.322875
        ],
        [
          -0.986116,
          -0.076362,
          0.147458,
          7.538171
        ],
        [
          -0.012227,
          -0.852196,
          -0.52308,
          1.524272
        ],
        [
          0.0,
          0.0,
          0.0,
          1.0
        ]
      ]
    },
    {
      "file_path": "/media/NFS/ttao/scannet/posed_images/scene0312_01/00292.jpg",
      "transform_matrix": [
        [
          0.21248,
          -0.513996,
          0.831059,
          7.232055
        ],
        [
          -0.9771,
          -0.101944,
          0.186768,
          7.511046
        ],
        [
          -0.011277,
          -0.851713,
          -0.523887,
          1.510779
        ],
        [
          0.0,
          0.0,
          0.0,
          1.0
        ]
      ]
    },
    {
      "file_path": "/media/NFS/ttao/scannet/posed_images/scene0312_01/00301.jpg",
      "transform_matrix": [
        [
          0.295329,
          -0.545773,
          0.784164,
          7.069661
        ],
        [
          -0.955301,
          -0.157098,
          0.250442,
          7.43977
        ],
        [
          -0.013494,
          -0.823075,
          -0.567773,
          1.493603
        ],
        [
          0.0,
          0.0,
          0.0,
          1.0
        ]
      ]
    },
    {
      "file_path": "/media/NFS/ttao/scannet/posed_images/scene0312_01/00306.jpg",
      "transform_matrix": [
        [
          0.363467,
          -0.539654,
          0.759385,
          7.012441
        ],
        [
          -0.931501,
          -0.198251,
          0.304962,
          7.410939
        ],
        [
          -0.014025,
          -0.818211,
          -0.574746,
          1.502891
        ],
        [
          0.0,
          0.0,
          0.0,
          1.0
        ]
      ]
    },
    {
      "file_path": "/media/NFS/ttao/scannet/posed_images/scene0312_01/00319.jpg",
      "transform_matrix": [
        [
          0.595903,
          -0.443868,
          0.669239,
          6.843366
        ],
        [
          -0.801778,
          -0.281828,
          0.526997,
          7.260917
        ],
        [
          -0.045307,
          -0.85062,
          -0.523825,
          1.503469
        ],
        [
          0.0,
          0.0,
          0.0,
          1.0
        ]
      ]
    },
    {
      "file_path": "/media/NFS/ttao/scannet/posed_images/scene0312_01/00325.jpg",
      "transform_matrix": [
        [
          0.648079,
          -0.415298,
          0.638374,
          6.783665
        ],
        [
          -0.760357,
          -0.305479,
          0.573184,
          7.204851
        ],
        [
          -0.043032,
          -0.856861,
          -0.513749,
          1.512356
        ],
        [
          0.0,
          0.0,
          0.0,
          1.0
        ]
      ]
    },
    {
      "file_path": "/media/NFS/ttao/scannet/posed_images/scene0312_01/00328.jpg",
      "transform_matrix": [
        [
          0.673066,
          -0.400436,
          0.621798,
          6.7643
        ],
        [
          -0.737696,
          -0.303486,
          0.603076,
          7.182762
        ],
        [
          -0.052787,
          -0.864608,
          -0.499666,
          1.516377
        ],
        [
          0.0,
          0.0,
          0.0,
          1.0
        ]
      ]
    },
    {
      "file_path": "/media/NFS/ttao/scannet/posed_images/scene0312_01/00336.jpg",
      "transform_matrix": [
        [
          0.687792,
          -0.362093,
          0.629151,
          6.74507
        ],
        [
          -0.723337,
          -0.268981,
          0.63595,
          7.1776
        ],
        [
          -0.061043,
          -0.89249,
          -0.446918,
          1.542994
        ],
        [
          0.0,
          0.0,
          0.0,
          1.0
        ]
      ]
    },
    {
      "file_path": "/media/NFS/ttao/scannet/posed_images/scene0312_01/00347.jpg",
      "transform_matrix": [
        [
          0.642708,
          -0.321715,
          0.695288,
          6.704142
        ],
        [
          -0.76105,
          -0.16396,
          0.627631,
          7.222279
        ],
        [
          -0.087918,
          -0.932532,
          -0.350219,
          1.582276
        ],
        [
          0.0,
          0.0,
          0.0,
          1.0
        ]
      ]
    },
    {
      "file_path": "/media/NFS/ttao/scannet/posed_images/scene0312_01/00354.jpg",
      "transform_matrix": [
        [
          0.632368,
          -0.291261,
          0.717828,
          6.667229
        ],
        [
          -0.77038,
          -0.139088,
          0.622229,
          7.25288
        ],
        [
          -0.08139,
          -0.946479,
          -0.312336,
          1.592482
        ],
        [
          0.0,
          0.0,
          0.0,
          1.0
        ]
      ]
    },
    {
      "file_path": "/media/NFS/ttao/scannet/posed_images/scene0312_01/00363.jpg",
      "transform_matrix": [
        [
          0.691497,
          -0.271562,
          0.669392,
          6.651703
        ],
        [
          -0.713719,
          -0.113781,
          0.691128,
          7.253708
        ],
        [
          -0.11152,
          -0.955671,
          -0.272499,
          1.598477
        ],
        [
          0.0,
          0.0,
          0.0,
          1.0
        ]
      ]
    },
    {
      "file_path": "/media/NFS/ttao/scannet/posed_images/scene0312_01/00367.jpg",
      "transform_matrix": [
        [
          0.705982,
          -0.283827,
          0.648869,
          6.648085
        ],
        [
          -0.69911,
          -0.132732,
          0.702586,
          7.256978
        ],
        [
          -0.113287,
          -0.949644,
          -0.292133,
          1.577232
        ],
        [
          0.0,
          0.0,
          0.0,
          1.0
        ]
      ]
    },
    {
      "file_path": "/media/NFS/ttao/scannet/posed_images/scene0312_01/00378.jpg",
      "transform_matrix": [
        [
          0.554888,
          -0.391373,
          0.734116,
          6.591281
        ],
        [
          -0.82651,
          -0.158831,
          0.540049,
          7.313254
        ],
        [
          -0.09476,
          -0.906421,
          -0.411608,
          1.528989
        ],
        [
          0.0,
          0.0,
          0.0,
          1.0
        ]
      ]
    },
    {
      "file_path": "/media/NFS/ttao/scannet/posed_images/scene0312_01/00380.jpg",
      "transform_matrix": [
        [
          0.497526,
          -0.412451,
          0.76312,
          6.580311
        ],
        [
          -0.862984,
          -0.146204,
          0.483614,
          7.325992
        ],
        [
          -0.087896,
          -0.899171,
          -0.428679,
          1.519268
        ],
        [
          0.0,
          0.0,
          0.0,
          1.0
        ]
      ]
    },
    {
      "file_path": "/media/NFS/ttao/scannet/posed_images/scene0312_01/00389.jpg",
      "transform_matrix": [
        [
          0.19756,
          -0.485379,
          0.851691,
          6.572756
        ],
        [
          -0.978798,
          -0.049738,
          0.198698,
          7.330618
        ],
        [
          -0.054082,
          -0.872888,
          -0.484915,
          1.493976
        ],
        [
          0.0,
          0.0,
          0.0,
          1.0
        ]
      ]
    },
    {
      "file_path": "/media/NFS/ttao/scannet/posed_images/scene0312_01/00400.jpg",
      "transform_matrix": [
        [
          -0.199448,
          -0.459999,
          0.865229,
          6.526349
        ],
        [
          -0.978233,
          0.145077,
          -0.148366,
          7.227513
        ],
        [
          -0.057277,
          -0.875987,
          -0.478922,
          1.509234
        ],
        [
          0.0,
          0.0,
          0.0,
          1.0
        ]
      ]
    },
    {
      "file_path": "/media/NFS/ttao/scannet/posed_images/scene0312_01/00402.jpg",
      "transform_matrix": [
        [
          -0.278824,
          -0.439232,
          0.854009,
          6.503463
        ],
        [
          -0.95885,
          0.176883,
          -0.222079,
          7.220999
        ],
        [
          -0.053516,
          -0.880788,
          -0.470477,
          1.508631
        ],
        [
          0.0,
          0.0,
          0.0,
          1.0
        ]
      ]
    },
    {
      "file_path": "/media/NFS/ttao/scannet/posed_images/scene0312_01/00413.jpg",
      "transform_matrix": [
        [
          -0.558385,
          -0.391092,
          0.73161,
          6.3308
        ],
        [
          -0.828646,
          0.304822,
          -0.469498,
          7.087072
        ],
        [
          -0.039394,
          -0.868407,
          -0.494285,
          1.480155
        ],
        [
          0.0,
          0.0,
          0.0,
          1.0
        ]
      ]
    },
    {
      "file_path": "/media/NFS/ttao/scannet/posed_images/scene0312_01/00422.jpg",
      "transform_matrix": [
        [
          -0.645201,
          -0.375264,
          0.665501,
          6.193467
        ],
        [
          -0.763385,
          0.351939,
          -0.541647,
          6.951435
        ],
        [
          -0.030955,
          -0.857505,
          -0.513543,
          1.468121
        ],
        [
          0.0,
          0.0,
          0.0,
          1.0
        ]
      ]
    },
    {
      "file_path": "/media/NFS/ttao/scannet/posed_images/scene0312_01/00426.jpg",
      "transform_matrix": [
        [
          -0.677858,
          -0.357785,
          0.64226,
          6.137531
        ],
        [
          -0.734097,
          0.37707,
          -0.564729,
          6.896368
        ],
        [
          -0.040125,
          -0.854288,
          -0.518249,
          1.451421
        ],
        [
          0.0,
          0.0,
          0.0,
          1.0
        ]
      ]
    },
    {
      "file_path": "/media/NFS/ttao/scannet/posed_images/scene0312_01/00431.jpg",
      "transform_matrix": [
        [
          -0.722228,
          -0.345624,
          0.599108,
          6.072585
        ],
        [
          -0.689982,
          0.420232,
          -0.589346,
          6.80611
        ],
        [
          -0.048072,
          -0.839017,
          -0.541978,
          1.440995
        ],
        [
          0.0,
          0.0,
          0.0,
          1.0
        ]
      ]
    },
    {
      "file_path": "/media/NFS/ttao/scannet/posed_images/scene0312_01/00442.jpg",
      "transform_matrix": [
        [
          -0.754491,
          -0.376518,
          0.537567,
          5.942856
        ],
        [
          -0.65623,
          0.419958,
          -0.626895,
          6.57655
        ],
        [
          0.010282,
          -0.825754,
          -0.563937,
          1.411051
        ],
        [
          0.0,
          0.0,
          0.0,
          1.0
        ]
      ]
    },
    {
      "file_path": "/media/NFS/ttao/scannet/posed_images/scene0312_01/00451.jpg",
      "transform_matrix": [
        [
          -0.69879,
          -0.4198,
          0.579189,
          5.867967
        ],
        [
          -0.715324,
          0.407796,
          -0.567462,
          6.386834
        ],
        [
          0.00203,
          -0.810845,
          -0.585257,
          1.435961
        ],
        [
          0.0,
          0.0,
          0.0,
          1.0
        ]
      ]
    },
    {
      "file_path": "/media/NFS/ttao/scannet/posed_images/scene0312_01/00457.jpg",
      "transform_matrix": [
        [
          -0.675522,
          -0.40432,
          0.6166,
          5.81111
        ],
        [
          -0.737031,
          0.394461,
          -0.548803,
          6.272801
        ],
        [
          -0.021333,
          -0.825182,
          -0.564464,
          1.444479
        ],
        [
          0.0,
          0.0,
          0.0,
          1.0
        ]
      ]
    },
    {
      "file_path": "/media/NFS/ttao/scannet/posed_images/scene0312_01/00459.jpg",
      "transform_matrix": [
        [
          -0.666416,
          -0.401962,
          0.627945,
          5.789925
        ],
        [
          -0.745164,
          0.387205,
          -0.542958,
          6.233299
        ],
        [
          -0.024896,
          -0.829758,
          -0.557567,
          1.446039
        ],
        [
          0.0,
          0.0,
          0.0,
          1.0
        ]
      ]
    },
    {
      "file_path": "/media/NFS/ttao/scannet/posed_images/scene0312_01/00468.jpg",
      "transform_matrix": [
        [
          -0.595414,
          -0.418604,
          0.685749,
          5.683728
        ],
        [
          -0.803119,
          0.333425,
          -0.493789,
          6.078766
        ],
        [
          -0.021944,
          -0.844748,
          -0.534715,
          1.45419
        ],
        [
          0.0,
          0.0,
          0.0,
          1.0
        ]
      ]
    },
    {
      "file_path": "/media/NFS/ttao/scannet/posed_images/scene0312_01/00479.jpg",
      "transform_matrix": [
        [
          -0.43948,
          -0.45829,
          0.772546,
          5.633075
        ],
        [
          -0.897262,
          0.264354,
          -0.353607,
          5.844057
        ],
        [
          -0.042171,
          -0.84858,
          -0.527384,
          1.491945
        ],
        [
          0.0,
          0.0,
          0.0,
          1.0
        ]
      ]
    },
    {
      "file_path": "/media/NFS/ttao/scannet/posed_images/scene0312_01/00481.jpg",
      "transform_matrix": [
        [
          -0.425409,
          -0.462567,
          0.777856,
          5.634341
        ],
        [
          -0.904495,
          0.246063,
          -0.348342,
          5.807995
        ],
        [
          -0.03027,
          -0.851754,
          -0.523066,
          1.483094
        ],
        [
          0.0,
          0.0,
          0.0,
          1.0
        ]
      ]
    },
    {
      "file_path": "/media/NFS/ttao/scannet/posed_images/scene0312_01/00492.jpg",
      "transform_matrix": [
        [
          -0.264179,
          -0.546183,
          0.794917,
          5.690022
        ],
        [
          -0.960667,
          0.075864,
          -0.267137,
          5.581722
        ],
        [
          0.0856,
          -0.834223,
          -0.544742,
          1.498144
        ],
        [
          0.0,
          0.0,
          0.0,
          1.0
        ]
      ]
    },
    {
      "file_path": "/media/NFS/ttao/scannet/posed_images/scene0312_01/00501.jpg",
      "transform_matrix": [
        [
          -0.095683,
          -0.562909,
          0.820961,
          5.727339
        ],
        [
          -0.994188,
          0.013154,
          -0.106853,
          5.410671
        ],
        [
          0.04935,
          -0.826414,
          -0.560896,
          1.534137
        ],
        [
          0.0,
          0.0,
          0.0,
          1.0
        ]
      ]
    },
    {
      "file_path": "/media/NFS/ttao/scannet/posed_images/scene0312_01/00510.jpg",
      "transform_matrix": [
        [
          0.07391,
          -0.520926,
          0.850396,
          5.736206
        ],
        [
          -0.995906,
          -0.083053,
          0.035681,
          5.224044
        ],
        [
          0.052041,
          -0.849552,
          -0.524932,
          1.548027
        ],
        [
          0.0,
          0.0,
          0.0,
          1.0
        ]
      ]
    },
    {
      "file_path": "/media/NFS/ttao/scannet/posed_images/scene0312_01/00517.jpg",
      "transform_matrix": [
        [
          0.183777,
          -0.528603,
          0.828737,
          5.753506
        ],
        [
          -0.981107,
          -0.150497,
          0.121572,
          5.076365
        ],
        [
          0.060459,
          -0.835422,
          -0.546274,
          1.56225
        ],
        [
          0.0,
          0.0,
          0.0,
          1.0
        ]
      ]
    },
    {
      "file_path": "/media/NFS/ttao/scannet/posed_images/scene0312_01/00519.jpg",
      "transform_matrix": [
        [
          0.198907,
          -0.530685,
          0.823899,
          5.765824
        ],
        [
          -0.978562,
          -0.15336,
          0.137464,
          5.034056
        ],
        [
          0.053403,
          -0.833579,
          -0.549813,
          1.566842
        ],
        [
          0.0,
          0.0,
          0.0,
          1.0
        ]
      ]
    },
    {
      "file_path": "/media/NFS/ttao/scannet/posed_images/scene0312_01/00532.jpg",
      "transform_matrix": [
        [
          0.197406,
          -0.48734,
          0.850606,
          5.926003
        ],
        [
          -0.975324,
          -0.185137,
          0.120279,
          4.815814
        ],
        [
          0.098862,
          -0.85336,
          -0.511862,
          1.563157
        ],
        [
          0.0,
          0.0,
          0.0,
          1.0
        ]
      ]
    },
    {
      "file_path": "/media/NFS/ttao/scannet/posed_images/scene0312_01/00536.jpg",
      "transform_matrix": [
        [
          0.207953,
          -0.490356,
          0.846349,
          5.990888
        ],
        [
          -0.970008,
          -0.214717,
          0.113935,
          4.748247
        ],
        [
          0.125857,
          -0.844658,
          -0.5203,
          1.578044
        ],
        [
          0.0,
          0.0,
          0.0,
          1.0
        ]
      ]
    },
    {
      "file_path": "/media/NFS/ttao/scannet/posed_images/scene0312_01/00541.jpg",
      "transform_matrix": [
        [
          0.200039,
          -0.496824,
          0.844482,
          6.070181
        ],
        [
          -0.974439,
          -0.190819,
          0.118561,
          4.668464
        ],
        [
          0.102239,
          -0.846613,
          -0.522296,
          1.598585
        ],
        [
          0.0,
          0.0,
          0.0,
          1.0
        ]
      ]
    },
    {
      "file_path": "/media/NFS/ttao/scannet/posed_images/scene0312_01/00552.jpg",
      "transform_matrix": [
        [
          0.327801,
          -0.450098,
          0.830637,
          6.291267
        ],
        [
          -0.93961,
          -0.246881,
          0.237029,
          4.401876
        ],
        [
          0.098382,
          -0.858174,
          -0.503844,
          1.609614
        ],
        [
          0.0,
          0.0,
          0.0,
          1.0
        ]
      ]
    },
    {
      "file_path": "/media/NFS/ttao/scannet/posed_images/scene0312_01/00560.jpg",
      "transform_matrix": [
        [
          0.511097,
          -0.434841,
          0.741413,
          6.424082
        ],
        [
          -0.856729,
          -0.327219,
          0.398676,
          4.28865
        ],
        [
          0.069244,
          -0.838952,
          -0.539782,
          1.630387
        ],
        [
          0.0,
          0.0,
          0.0,
          1.0
        ]
      ]
    },
    {
      "file_path": "/media/NFS/ttao/scannet/posed_images/scene0312_01/00563.jpg",
      "transform_matrix": [
        [
          0.568008,
          -0.42629,
          0.70402,
          6.481334
        ],
        [
          -0.821253,
          -0.349648,
          0.450877,
          4.267374
        ],
        [
          0.053955,
          -0.83428,
