{
  "frames": [
    {
      "file_path": "/media/NFS/ttao/scannet/posed_images/scene0358_00/00000.jpg",
      "transform_matrix": [
        [
          0.939288,
          -0.068948,
          0.33613,
          4.226789
        ],
        [
          -0.34301,
          -0.214473,
          0.91452,
          1.630833
        ],
        [
          0.009037,
          -0.974294,
          -0.225101,
          1.493014
        ],
        [
          0.0,
          0.0,
          0.0,
          1.0
        ]
      ]
    },
    {
      "file_path": "/media/NFS/ttao/scannet/posed_images/scene0358_00/00007.jpg",
      "transform_matrix": [
        [
          0.944972,
          -0.062177,
          0.321187,
          4.216504
        ],
        [
          -0.326593,
          -0.236557,
          0.915084,
          1.63754
        ],
        [
          0.019082,
          -0.969626,
          -0.243846,
          1.498199
        ],
        [
          0.0,
          0.0,
          0.0,
          1.0
        ]
      ]
    },
    {
      "file_path": "/media/NFS/ttao/scannet/posed_images/scene0358_00/00019.jpg",
      "transform_matrix": [
        [
          0.980199,
          -0.002269,
          0.198004,
          4.249776
        ],
        [
          -0.193717,
          -0.21823,
          0.956478,
          1.64145
        ],
        [
          0.04104,
          -0.975895,
          -0.214348,
          1.511662
        ],
        [
          0.0,
          0.0,
          0.0,
          1.0
        ]
      ]
    },
    {
      "file_path": "/media/NFS/ttao/scannet/posed_images/scene0358_00/00028.jpg",
      "transform_matrix": [
        [
          0.998911,
          0.008887,
          0.0458,
          4.302979
        ],
        [
          -0.03911,
          -0.37573,
          0.925904,
          1.661092
        ],
        [
          0.025437,
          -0.926687,
          -0.374973,
          1.455345
        ],
        [
          0.0,
          0.0,
          0.0,
          1.0
        ]
      ]
    },
    {
      "file_path": "/media/NFS/ttao/scannet/posed_images/scene0358_00/00035.jpg",
      "transform_matrix": [
        [
          0.999305,
          0.019272,
          0.031912,
          4.325352
        ],
        [
          -0.020923,
          -0.418549,
          0.907953,
          1.660058
        ],
        [
          0.030855,
          -0.90799,
          -0.417855,
          1.394698
        ],
        [
          0.0,
          0.0,
          0.0,
          1.0
        ]
      ]
    },
    {
      "file_path": "/media/NFS/ttao/scannet/posed_images/scene0358_00/00037.jpg",
      "transform_matrix": [
        [
          0.999365,
          0.021693,
          0.028272,
          4.328749
        ],
        [
          -0.01616,
          -0.431219,
          0.902102,
          1.657558
        ],
        [
          0.031761,
          -0.901986,
          -0.430595,
          1.384717
        ],
        [
          0.0,
          0.0,
          0.0,
          1.0
        ]
      ]
    },
    {
      "file_path": "/media/NFS/ttao/scannet/posed_images/scene0358_00/00051.jpg",
      "transform_matrix": [
        [
          0.994686,
          0.065731,
          -0.079237,
          4.332695
        ],
        [
          0.098965,
          -0.398368,
          0.911871,
          1.613307
        ],
        [
          0.028373,
          -0.914867,
          -0.402756,
          1.38434
        ],
        [
          0.0,
          0.0,
          0.0,
          1.0
        ]
      ]
    },
    {
      "file_path": "/media/NFS/ttao/scannet/posed_images/scene0358_00/00058.jpg",
      "transform_matrix": [
        [
          0.991009,
          0.07294,
          -0.112168,
          4.318493
        ],
        [
          0.131409,
          -0.372874,
          0.91853,
          1.56975
        ],
        [
          0.025173,
          -0.925011,
          -0.379106,
          1.393284
        ],
        [
          0.0,
          0.0,
          0.0,
          1.0
        ]
      ]
    },
    {
      "file_path": "/media/NFS/ttao/scannet/posed_images/scene0358_00/00061.jpg",
      "transform_matrix": [
        [
          0.98935,
          0.080034,
          -0.121581,
          4.311989
        ],
        [
          0.142796,
          -0.371685,
          0.917311,
          1.541624
        ],
        [
          0.028226,
          -0.924903,
          -0.379155,
          1.396284
        ],
        [
          0.0,
          0.0,
          0.0,
          1.0
        ]
      ]
    },
    {
      "file_path": "/media/NFS/ttao/scannet/posed_images/scene0358_00/00070.jpg",
      "transform_matrix": [
        [
          0.98162,
          0.081372,
          -0.172631,
          4.304721
        ],
        [
          0.190639,
          -0.375806,
          0.906877,
          1.431564
        ],
        [
          0.008919,
          -0.923119,
          -0.384411,
          1.395407
        ],
        [
          0.0,
          0.0,
          0.0,
          1.0
        ]
      ]
    },
    {
      "file_path": "/media/NFS/ttao/scannet/posed_images/scene0358_00/00077.jpg",
      "transform_matrix": [
        [
          0.974313,
          0.084489,
          -0.20875,
          4.313434
        ],
        [
          0.225104,
          -0.392325,
          0.891857,
          1.365829
        ],
        [
          -0.006545,
          -0.915938,
          -0.401266,
          1.381455
        ],
        [
          0.0,
          0.0,
          0.0,
          1.0
        ]
      ]
    },
    {
      "file_path": "/media/NFS/ttao/scannet/posed_images/scene0358_00/00088.jpg",
      "transform_matrix": [
        [
          0.941934,
          0.126461,
          -0.311076,
          4.294471
        ],
        [
          0.334783,
          -0.425666,
          0.840672,
          1.334117
        ],
        [
          -0.026102,
          -0.896,
          -0.443286,
          1.350299
        ],
        [
          0.0,
          0.0,
          0.0,
          1.0
        ]
      ]
    },
    {
      "file_path": "/media/NFS/ttao/scannet/posed_images/scene0358_00/00091.jpg",
      "transform_matrix": [
        [
          0.937578,
          0.12877,
          -0.323056,
          4.275884
        ],
        [
          0.346179,
          -0.434439,
          0.831519,
          1.332824
        ],
        [
          -0.033274,
          -0.891449,
          -0.451898,
          1.345881
        ],
        [
          0.0,
          0.0,
          0.0,
          1.0
        ]
      ]
    },
    {
      "file_path": "/media/NFS/ttao/scannet/posed_images/scene0358_00/00100.jpg",
      "transform_matrix": [
        [
          0.911002,
          0.175956,
          -0.372981,
          4.289965
        ],
        [
          0.410729,
          -0.468494,
          0.782186,
          1.351884
        ],
        [
          -0.037109,
          -0.865767,
          -0.49907,
          1.335284
        ],
        [
          0.0,
          0.0,
          0.0,
          1.0
        ]
      ]
    },
    {
      "file_path": "/media/NFS/ttao/scannet/posed_images/scene0358_00/00112.jpg",
      "transform_matrix": [
        [
          0.885579,
          0.186018,
          -0.425614,
          4.359338
        ],
        [
          0.459703,
          -0.4822,
          0.745759,
          1.401821
        ],
        [
          -0.066507,
          -0.856084,
          -0.51254,
          1.337459
        ],
        [
          0.0,
          0.0,
          0.0,
          1.0
        ]
      ]
    },
    {
      "file_path": "/media/NFS/ttao/scannet/posed_images/scene0358_00/00114.jpg",
      "transform_matrix": [
        [
          0.884973,
          0.194134,
          -0.423243,
          4.366815
        ],
        [
          0.461345,
          -0.488747,
          0.740464,
          1.406681
        ],
        [
          -0.063109,
          -0.850552,
          -0.522091,
          1.333396
        ],
        [
          0.0,
          0.0,
          0.0,
          1.0
        ]
      ]
    },
    {
      "file_path": "/media/NFS/ttao/scannet/posed_images/scene0358_00/00123.jpg",
      "transform_matrix": [
        [
          0.84983,
          0.256154,
          -0.460624,
          4.416848
        ],
        [
          0.524466,
          -0.497553,
          0.690924,
          1.416718
        ],
        [
          -0.052202,
          -0.828749,
          -0.55718,
          1.323081
        ],
        [
          0.0,
          0.0,
          0.0,
          1.0
        ]
      ]
    },
    {
      "file_path": "/media/NFS/ttao/scannet/posed_images/scene0358_00/00130.jpg",
      "transform_matrix": [
        [
          0.856207,
          0.22702,
          -0.464082,
          4.499735
        ],
        [
          0.509745,
          -0.517416,
          0.687343,
          1.430076
        ],
        [
          -0.084083,
          -0.825071,
          -0.558737,
          1.313834
        ],
        [
          0.0,
          0.0,
          0.0,
          1.0
        ]
      ]
    },
    {
      "file_path": "/media/NFS/ttao/scannet/posed_images/scene0358_00/00144.jpg",
      "transform_matrix": [
        [
          0.862496,
          0.26218,
          -0.432854,
          4.617434
        ],
        [
          0.502777,
          -0.541265,
          0.673979,
          1.433378
        ],
        [
          -0.057585,
          -0.798933,
          -0.598656,
          1.274503
        ],
        [
          0.0,
          0.0,
          0.0,
          1.0
        ]
      ]
    },
    {
      "file_path": "/media/NFS/ttao/scannet/posed_images/scene0358_00/00151.jpg",
      "transform_matrix": [
        [
          0.824591,
          0.290376,
          -0.485522,
          4.643638
        ],
        [
          0.562951,
          -0.506132,
          0.653389,
          1.427293
        ],
        [
          -0.05601,
          -0.812104,
          -0.580819,
          1.2719
        ],
        [
          0.0,
          0.0,
          0.0,
          1.0
        ]
      ]
    },
    {
      "file_path": "/media/NFS/ttao/scannet/posed_images/scene0358_00/00158.jpg",
      "transform_matrix": [
        [
          0.805424,
          0.303179,
          -0.509288,
          4.642747
        ],
        [
          0.59104,
          -0.475078,
          0.651899,
          1.426635
        ],
        [
          -0.04431,
          -0.826065,
          -0.56183,
          1.289941
        ],
        [
          0.0,
          0.0,
          0.0,
          1.0
        ]
      ]
    },
    {
      "file_path": "/media/NFS/ttao/scannet/posed_images/scene0358_00/00161.jpg",
      "transform_matrix": [
        [
          0.801687,
          0.311495,
          -0.510166,
          4.629408
        ],
        [
          0.597152,
          -0.455357,
          0.660348,
          1.421347
        ],
        [
          -0.026612,
          -0.834039,
          -0.551064,
          1.303327
        ],
        [
          0.0,
          0.0,
          0.0,
          1.0
        ]
      ]
    },
    {
      "file_path": "/media/NFS/ttao/scannet/posed_images/scene0358_00/00175.jpg",
      "transform_matrix": [
        [
          0.730035,
          0.360412,
          -0.580647,
          4.541411
        ],
        [
          0.680514,
          -0.305239,
          0.666131,
          1.393271
        ],
        [
          0.062845,
          -0.881438,
          -0.468101,
          1.359134
        ],
        [
          0.0,
          0.0,
          0.0,
          1.0
        ]
      ]
    },
    {
      "file_path": "/media/NFS/ttao/scannet/posed_images/scene0358_00/00182.jpg",
      "transform_matrix": [
        [
          0.730119,
          0.348722,
          -0.587639,
          4.478369
        ],
        [
          0.679889,
          -0.284666,
          0.675808,
          1.394905
        ],
        [
          0.068388,
          -0.892949,
          -0.444932,
          1.38817
        ],
        [
          0.0,
          0.0,
          0.0,
          1.0
        ]
      ]
    },
    {
      "file_path": "/media/NFS/ttao/scannet/posed_images/scene0358_00/00186.jpg",
      "transform_matrix": [
        [
          0.737363,
          0.331427,
          -0.588601,
          4.437788
        ],
        [
          0.67124,
          -0.261839,
          0.693453,
          1.397322
        ],
        [
          0.07571,
          -0.90642,
          -0.415538,
          1.401331
        ],
        [
          0.0,
          0.0,
          0.0,
          1.0
        ]
      ]
    },
    {
      "file_path": "/media/NFS/ttao/scannet/posed_images/scene0358_00/00198.jpg",
      "transform_matrix": [
        [
          0.808173,
          0.280639,
          -0.517782,
          4.262273
        ],
        [
          0.580528,
          -0.23149,
          0.78064,
          1.384539
        ],
        [
          0.099217,
          -0.931479,
          -0.350003,
          1.431802
        ],
        [
          0.0,
          0.0,
          0.0,
          1.0
        ]
      ]
    },
    {
      "file_path": "/media/NFS/ttao/scannet/posed_images/scene0358_00/00200.jpg",
      "transform_matrix": [
        [
          0.813285,
          0.266862,
          -0.517062,
          4.233547
        ],
        [
          0.575148,
          -0.234045,
          0.783854,
          1.390978
        ],
        [
          0.088165,
          -0.934884,
          -0.34383,
          1.434479
        ],
        [
          0.0,
          0.0,
          0.0,
          1.0
        ]
      ]
    },
    {
      "file_path": "/media/NFS/ttao/scannet/posed_images/scene0358_00/00214.jpg",
      "transform_matrix": [
        [
          0.814865,
          0.204876,
          -0.542237,
          4.035841
        ],
        [
          0.57949,
          -0.265953,
          0.770364,
          1.386191
        ],
        [
          0.013619,
          -0.941963,
          -0.335439,
          1.440159
        ],
        [
          0.0,
          0.0,
          0.0,
          1.0
        ]
      ]
    },
    {
      "file_path": "/media/NFS/ttao/scannet/posed_images/scene0358_00/00216.jpg",
      "transform_matrix": [
        [
          0.817616,
          0.195636,
          -0.541507,
          4.016711
        ],
        [
          0.575722,
          -0.266517,
          0.77299,
          1.389319
        ],
        [
          0.006904,
          -0.943766,
          -0.330541,
          1.437421
        ],
        [
          0.0,
          0.0,
          0.0,
          1.0
        ]
      ]
    },
    {
      "file_path": "/media/NFS/ttao/scannet/posed_images/scene0358_00/00228.jpg",
      "transform_matrix": [
        [
          0.7906,
          0.151863,
          -0.593202,
          3.88821
        ],
        [
          0.609632,
          -0.286087,
          0.739258,
          1.423013
        ],
        [
          -0.057442,
          -0.946093,
          -0.318761,
          1.433863
        ],
        [
          0.0,
          0.0,
          0.0,
          1.0
        ]
      ]
    },
    {
      "file_path": "/media/NFS/ttao/scannet/posed_images/scene0358_00/00230.jpg",
      "transform_matrix": [
        [
          0.798198,
          0.145837,
          -0.584476,
          3.851707
        ],
        [
          0.599273,
          -0.290894,
          0.745824,
          1.425712
        ],
        [
          -0.061252,
          -0.945575,
          -0.319587,
          1.436445
        ],
        [
          0.0,
          0.0,
          0.0,
          1.0
        ]
      ]
    },
    {
      "file_path": "/media/NFS/ttao/scannet/posed_images/scene0358_00/00244.jpg",
      "transform_matrix": [
        [
          0.72437,
          0.23438,
          -0.648347,
          3.657875
        ],
        [
          0.689042,
          -0.276918,
          0.66973,
          1.440711
        ],
        [
          -0.022567,
          -0.931871,
          -0.362089,
          1.413678
        ],
        [
          0.0,
          0.0,
          0.0,
          1.0
        ]
      ]
    },
    {
      "file_path": "/media/NFS/ttao/scannet/posed_images/scene0358_00/00247.jpg",
      "transform_matrix": [
        [
          0.712882,
          0.24341,
          -0.657685,
          3.62156
        ],
        [
          0.700946,
          -0.276405,
          0.657476,
          1.434851
        ],
        [
          -0.021751,
          -0.929705,
          -0.367661,
          1.41135
        ],
        [
          0.0,
          0.0,
          0.0,
          1.0
        ]
      ]
    },
    {
      "file_path": "/media/NFS/ttao/scannet/posed_images/scene0358_00/00254.jpg",
      "transform_matrix": [
        [
          0.721008,
          0.245636,
          -0.647927,
          3.522135
        ],
        [
          0.692535,
          -0.286839,
          0.661905,
          1.390772
        ],
        [
          -0.023264,
          -0.925952,
          -0.376925,
          1.408618
        ],
        [
          0.0,
          0.0,
          0.0,
          1.0
        ]
      ]
    },
    {
      "file_path": "/media/NFS/ttao/scannet/posed_images/scene0358_00/00263.jpg",
      "transform_matrix": [
        [
          0.706367,
          0.223292,
          -0.671704,
          3.402747
        ],
        [
          0.706367,
          -0.283683,
          0.648514,
          1.337808
        ],
        [
          -0.045743,
          -0.932558,
          -0.35811,
          1.429292
        ],
        [
          0.0,
          0.0,
          0.0,
          1.0
        ]
      ]
    },
    {
      "file_path": "/media/NFS/ttao/scannet/posed_images/scene0358_00/00272.jpg",
      "transform_matrix": [
        [
          0.665611,
          0.257643,
          -0.700416,
          3.309316
        ],
        [
          0.745403,
          -0.275494,
          0.607024,
          1.295679
        ],
        [
          -0.036565,
          -0.926134,
          -0.375419,
          1.423693
        ],
        [
          0.0,
          0.0,
          0.0,
          1.0
        ]
      ]
    },
    {
      "file_path": "/media/NFS/ttao/scannet/posed_images/scene0358_00/00284.jpg",
      "transform_matrix": [
        [
          0.611541,
          0.3529,
          -0.708152,
          3.234199
        ],
        [
          0.791207,
          -0.276103,
          0.545673,
          1.251511
        ],
        [
          -0.002955,
          -0.893996,
          -0.448065,
          1.400532
        ],
        [
          0.0,
          0.0,
          0.0,
          1.0
        ]
      ]
    },
    {
      "file_path": "/media/NFS/ttao/scannet/posed_images/scene0358_00/00291.jpg",
      "transform_matrix": [
        [
          0.583017,
          0.395314,
          -0.709801,
          3.225357
        ],
        [
          0.812459,
          -0.282588,
          0.509955,
          1.244982
        ],
        [
          0.001011,
          -0.873997,
          -0.48593,
          1.392304
        ],
        [
          0.0,
          0.0,
          0.0,
          1.0
        ]
      ]
    },
    {
      "file_path": "/media/NFS/ttao/scannet/posed_images/scene0358_00/00293.jpg",
      "transform_matrix": [
        [
          0.581364,
          0.398528,
          -0.70936,
          3.22641
        ],
        [
          0.813643,
          -0.284978,
          0.506727,
          1.245878
        ],
        [
          -0.000207,
          -0.871759,
          -0.489936,
          1.392911
        ],
        [
          0.0,
          0.0,
          0.0,
          1.0
        ]
      ]
    },
    {
      "file_path": "/media/NFS/ttao/scannet/posed_images/scene0358_00/00300.jpg",
      "transform_matrix": [
        [
          0.588537,
          0.379297,
          -0.713974,
          3.258588
        ],
        [
          0.807916,
          -0.308622,
          0.50202,
          1.266741
        ],
        [
          -0.029934,
          -0.872288,
          -0.488075,
          1.39918
        ],
        [
          0.0,
          0.0,
          0.0,
          1.0
        ]
      ]
    },
    {
      "file_path": "/media/NFS/ttao/scannet/posed_images/scene0358_00/00309.jpg",
      "transform_matrix": [
        [
          0.587248,
          0.33145,
          -0.738431,
          3.35773
        ],
        [
          0.806147,
          -0.321302,
          0.496882,
          1.325826
        ],
        [
          -0.072568,
          -0.887077,
          -0.455882,
          1.430653
        ],
        [
          0.0,
          0.0,
          0.0,
          1.0
        ]
      ]
    },
    {
      "file_path": "/media/NFS/ttao/scannet/posed_images/scene0358_00/00321.jpg",
      "transform_matrix": [
        [
          0.416022,
          0.388712,
          -0.822088,
          3.465412
        ],
        [
          0.906202,
          -0.252434,
          0.339228,
          1.393997
        ],
        [
          -0.075661,
          -0.886104,
          -0.45727,
          1.413436
        ],
        [
          0.0,
          0.0,
          0.0,
          1.0
        ]
      ]
    },
    {
      "file_path": "/media/NFS/ttao/scannet/posed_images/scene0358_00/00326.jpg",
      "transform_matrix": [
        [
          0.394689,
          0.390933,
          -0.8315,
          3.467674
        ],
        [
          0.914371,
          -0.256018,
          0.313658,
          1.406355
        ],
        [
          -0.090259,
          -0.884096,
          -0.458505,
          1.416954
        ],
        [
          0.0,
          0.0,
          0.0,
          1.0
        ]
      ]
    },
    {
      "file_path": "/media/NFS/ttao/scannet/posed_images/scene0358_00/00337.jpg",
      "transform_matrix": [
        [
          0.406764,
          0.34038,
          -0.847753,
          3.378756
        ],
        [
          0.908565,
          -0.247386,
          0.336614,
          1.367702
        ],
        [
          -0.095146,
          -0.907161,
          -0.409886,
          1.445693
        ],
        [
          0.0,
          0.0,
          0.0,
          1.0
        ]
      ]
    },
    {
      "file_path": "/media/NFS/ttao/scannet/posed_images/scene0358_00/00344.jpg",
      "transform_matrix": [
        [
          0.395643,
          0.335512,
          -0.854926,
          3.273454
        ],
        [
          0.91308,
          -0.243793,
          0.32688,
          1.310033
        ],
        [
          -0.098753,
          -0.909944,
          -0.402804,
          1.454951
        ],
        [
          0.0,
          0.0,
          0.0,
          1.0
        ]
      ]
    },
    {
      "file_path": "/media/NFS/ttao/scannet/posed_images/scene0358_00/00354.jpg",
      "transform_matrix": [
        [
          0.375086,
          0.334178,
          -0.864659,
          3.128501
        ],
        [
          0.920813,
          -0.24182,
          0.305986,
          1.29668
        ],
        [
          -0.106838,
          -0.91096,
          -0.398419,
          1.462304
        ],
        [
          0.0,
          0.0,
          0.0,
          1.0
        ]
      ]
    },
    {
      "file_path": "/media/NFS/ttao/scannet/posed_images/scene0358_00/00356.jpg",
      "transform_matrix": [
        [
          0.370099,
          0.334815,
          -0.86656,
          3.102402
        ],
        [
          0.922696,
          -0.2409,
          0.300997,
          1.303029
        ],
        [
          -0.107976,
          -0.91097,
          -0.398089,
          1.458877
        ],
        [
          0.0,
          0.0,
          0.0,
          1.0
        ]
      ]
    },
    {
      "file_path": "/media/NFS/ttao/scannet/posed_images/scene0358_00/00363.jpg",
      "transform_matrix": [
        [
          0.334393,
          0.33432,
          -0.881142,
          2.989044
        ],
        [
          0.937878,
          -0.209869,
          0.276297,
          1.349289
        ],
        [
          -0.092553,
          -0.918795,
          -0.38373,
          1.460132
        ],
        [
          0.0,
          0.0,
          0.0,
          1.0
        ]
      ]
    },
    {
      "file_path": "/media/NFS/ttao/scannet/posed_images/scene0358_00/00372.jpg",
      "transform_matrix": [
        [
          0.210428,
          0.340248,
          -0.916489,
          2.840874
        ],
        [
          0.975801,
          -0.1301,
          0.175746,
          1.408045
        ],
        [
          -0.059438,
          -0.931292,
          -0.359391,
          1.46893
        ],
        [
          0.0,
          0.0,
          0.0,
          1.0
        ]
      ]
    },
    {
      "file_path": "/media/NFS/ttao/scannet/posed_images/scene0358_00/00384.jpg",
      "transform_matrix": [
        [
          0.206527,
          0.260785,
          -0.943047,
          2.786966
        ],
        [
          0.975896,
          -0.124371,
          0.179328,
          1.441943
        ],
        [
          -0.070522,
          -0.957352,
          -0.280185,
          1.500216
        ],
        [
          0.0,
          0.0,
          0.0,
          1.0
        ]
      ]
    },
    {
      "file_path": "/media/NFS/ttao/scannet/posed_images/scene0358_00/00386.jpg",
      "transform_matrix": [
        [
          0.207285,
          0.253532,
          -0.944857,
          2.78655
        ],
        [
          0.975615,
          -0.124824,
          0.180539,
          1.442537
        ],
        [
          -0.072169,
          -0.95924,
          -0.273224,
          1.503992
        ],
        [
          0.0,
          0.0,
          0.0,
          1.0
        ]
      ]
    },
    {
      "file_path": "/media/NFS/ttao/scannet/posed_images/scene0358_00/00400.jpg",
      "transform_matrix": [
        [
          0.174662,
          0.190018,
          -0.966119,
          2.812766
        ],
        [
          0.983196,
          -0.086572,
          0.160722,
          1.442902
        ],
        [
          -0.053099,
          -0.977956,
          -0.201946,
          1.530952
        ],
        [
          0.0,
          0.0,
          0.0,
          1.0
        ]
      ]
    },
    {
      "file_path": "/media/NFS/ttao/scannet/posed_images/scene0358_00/00405.jpg",
      "transform_matrix": [
        [
          0.162675,
          0.177099,
          -0.970656,
          2.8457
        ],
        [
          0.985256,
          -0.081979,
          0.150164,
          1.43587
        ],
        [
          -0.052979,
          -0.980773,
          -0.187824,
          1.535301
        ],
        [
          0.0,
          0.0,
          0.0,
          1.0
        ]
      ]
    },
    {
      "file_path": "/media/NFS/ttao/scannet/posed_images/scene0358_00/00410.jpg",
      "transform_matrix": [
        [
          0.153983,
          0.174457,
          -0.97255,
          2.901028
        ],
        [
          0.9873,
          -0.066119,
          0.144458,
          1.414978
        ],
        [
          -0.039102,
          -0.982442,
          -0.182423,
          1.527475
        ],
        [
          0.0,
          0.0,
          0.0,
          1.0
        ]
      ]
    },
    {
      "file_path": "/media/NFS/ttao/scannet/posed_images/scene0358_00/00424.jpg",
      "transform_matrix": [
        [
          0.250663,
          0.303748,
          -0.919188,
          3.13583
        ],
        [
          0.966769,
          -0.029241,
          0.253975,
          1.308662
        ],
        [
          0.050266,
          -0.952304,
          -0.300983,
          1.451478
        ],
        [
          0.0,
          0.0,
          0.0,
          1.0
        ]
      ]
    },
    {
      "file_path": "/media/NFS/ttao/scannet/posed_images/scene0358_00/00426.jpg",
      "transform_matrix": [
        [
          0.261817,
          0.310132,
          -0.913931,
          3.165565
        ],
        [
          0.964049,
          -0.03949,
          0.262774,
          1.301722
        ],
        [
          0.045404,
          -0.949873,
          -0.309321,
          1.448194
        ],
        [
          0.0,
          0.0,
          0.0,
          1.0
        ]
      ]
    },
    {
      "file_path": "/media/NFS/ttao/scannet/posed_images/scene0358_00/00437.jpg",
      "transform_matrix": [
        [
          0.287375,
          0.318285,
          -0.903388,
          3.290521
        ],
        [
          0.957818,
          -0.09581,
          0.270934,
          1.319363
        ],
        [
          -0.000319,
          -0.943141,
          -0.332393,
          1.460832
        ],
        [
          0.0,
          0.0,
          0.0,
          1.0
        ]
      ]
    },
    {
      "file_path": "/media/NFS/ttao/scannet/posed_images/scene0358_00/00442.jpg",
      "transform_matrix": [
        [
          0.275261,
          0.326516,
          -0.904223,
          3.362753
        ],
        [
          0.961362,
          -0.089579,
          0.260307,
          1.347494
        ],
        [
          0.003995,
          -0.940937,
          -0.338557,
          1.450865
        ],
        [
          0.0,
          0.0,
          0.0,
          1.0
        ]
      ]
    },
    {
      "file_path": "/media/NFS/ttao/scannet/posed_images/scene0358_00/00454.jpg",
      "transform_matrix": [
        [
          0.242406,
          0.346942,
          -0.906019,
          3.533289
        ],
        [
          0.970156,
          -0.092465,
          0.224159,
          1.439366
        ],
        [
          -0.006005,
          -0.933317,
          -0.359002,
          1.442052
        ],
        [
          0.0,
          0.0,
          0.0,
          1.0
        ]
      ]
    },
    {
      "file_path": "/media/NFS/ttao/scannet/posed_images/scene0358_00/00461.jpg",
      "transform_matrix": [
        [
          0.250692,
          0.339034,
          -0.906758,
          3.604795
        ],
        [
          0.967878,
          -0.106283,
          0.227851,
          1.447212
        ],
        [
          -0.019124,
          -0.934751,
          -0.354788,
          1.44612
        ],
        [
          0.0,
          0.0,
          0.0,
          1.0
        ]
      ]
    },
    {
      "file_path": "/media/NFS/ttao/scannet/posed_images/scene0358_00/00465.jpg",
      "transform_matrix": [
        [
          0.251433,
          0.334379,
          -0.90828,
          3.64891
        ],
        [
          0.96771,
          -0.104132,
          0.22955,
          1.445552
        ],
        [
          -0.017824,
          -0.936668,
          -0.349764,
          1.442966
        ],
        [
          0.0,
          0.0,
          0.0,
          1.0
        ]
      ]
    },
    {
      "file_path": "/media/NFS/ttao/scannet/posed_images/scene0358_00/00477.jpg",
      "transform_matrix": [
        [
          0.278676,
          0.346623,
          -0.895652,
          3.759537
        ],
        [
          0.960385,
          -0.100151,
          0.260059,
          1.415592
        ],
        [
          0.000442,
          -0.932643,
          -0.360801,
          1.456232
        ],
        [
          0.0,
          0.0,
          0.0,
          1.0
        ]
      ]
    },
    {
      "file_path": "/media/NFS/ttao/scannet/posed_images/scene0358_00/00479.jpg",
      "transform_matrix": [
        [
          0.281383,
          0.348796,
          -0.893961,
          3.772855
        ],
        [
          0.959521,
          -0.113928,
          0.257567,
          1.417078
        ],
        [
          -0.012008,
          -0.930248,
          -0.366734,
          1.460812
        ],
        [
          0.0,
          0.0,
          0.0,
          1.0
        ]
      ]
    },
    {
      "file_path": "/media/NFS/ttao/scannet/posed_images/scene0358_00/00486.jpg",
      "transform_matrix": [
        [
          0.226325,
          0.345099,
          -0.91087,
          3.840701
        ],
        [
          0.973175,
          -0.119774,
          0.196428,
          1.465636
        ],
        [
          -0.041311,
          -0.930893,
          -0.362949,
          1.478789
        ],
        [
          0.0,
          0.0,
          0.0,
          1.0
        ]
      ]
    },
    {
      "file_path": "/media/NFS/ttao/scannet/posed_images/scene0358_00/00500.jpg",
      "transform_matrix": [
        [
          0.168611,
          0.327214,
          -0.929785,
          3.971794
        ],
        [
          0.985061,
          -0.089446,
          0.147157,
          1.632304
        ],
        [
          -0.035014,
          -0.940707,
          -0.337408,
          1.4759
        ],
        [
          0.0,
          0.0,
          0.0,
          1.0
        ]
      ]
    },
    {
      "file_path": "/media/NFS/ttao/scannet/posed_images/scene0358_00/00503.jpg",
      "transform_matrix": [
        [
          0.134074,
          0.316974,
          -0.93891,
          4.0018
        ],
        [
          0.989677,
          -0.091245,
          0.11052,
          1.682199
        ],
        [
          -0.050639,
          -0.944035,
          -0.325936,
          1.47559
        ],
        [
          0.0,
          0.0,
          0.0,
          1.0
        ]
      ]
    },
    {
      "file_path": "/media/NFS/ttao/scannet/posed_images/scene0358_00/00514.jpg",
      "transform_matrix": [
        [
          0.114756,
          0.296202,
          -0.948207,
          4.044547
        ],
        [
          0.991743,
          -0.089174,
          0.092168,
          1.82804
        ],
        [
          -0.057255,
          -0.950954,
          -0.303989,
          1.466944
        ],
        [
          0.0,
          0.0,
          0.0,
          1.0
        ]
      ]
    },
    {
      "file_path": "/media/NFS/ttao/scannet/posed_images/scene0358_00/00521.jpg",
      "transform_matrix": [
        [
          0.024092,
          0.288483,
          -0.957182,
          4.049171
        ],
        [
          0.999702,
          -0.010605,
          0.021966,
          1.91114
        ],
        [
          -0.003814,
          -0.957426,
          -0.288653,
          1.440063
        ],
        [
          0.0,
          0.0,
          0.0,
          1.0
        ]
      ]
    },
    {
      "file_path": "/media/NFS/ttao/scannet/posed_images/scene0358_00/00528.jpg",
      "transform_matrix": [
        [
          -0.052067,
          0.325345,
          -0.94416,
          4.037374
        ],
        [
          0.996508,
          0.07872,
          -0.027828,
          2.013935
        ],
        [
          0.06527,
          -0.942313,
          -0.328308,
          1.428462
        ],
        [
          0.0,
          0.0,
          0.0,
          1.0
        ]
      ]
    },
    {
      "file_path": "/media/NFS/ttao/scannet/posed_images/scene0358_00/00538.jpg",
      "transform_matrix": [
        [
          -0.105781,
          0.285221,
          -0.952607,
          4.047578
        ],
        [
          0.993924,
          0.059632,
          -0.092515,
          2.186779
        ],
        [
          0.030419,
          -0.956605,
          -0.289796,
          1.439596
        ],
        [
          0.0,
          0.0,
          0.0,
          1.0
        ]
      ]
    },
    {
      "file_path": "/media/NFS/ttao/scannet/posed_images/scene0358_00/00542.jpg",
      "transform_matrix": [
        [
          -0.148472,
          0.288286,
          -0.945964,
          4.062742
        ],
        [
          0.988548,
          0.069379,
          -0.134012,
          2.246341
        ],
        [
          0.026997,
          -0.955028,
          -0.295286,
          1.436635
        ],
        [
          0.0,
          0.0,
          0.0,
          1.0
        ]
      ]
    },
    {
      "file_path": "/media/NFS/ttao/scannet/posed_images/scene0358_00/00554.jpg",
      "transform_matrix": [
        [
          -0.27194,
          0.263397,
          -0.925565,
          4.097065
        ],
        [
          0.958963,
          0.154376,
          -0.23782,
          2.474393
        ],
        [
          0.080244,
          -0.952255,
          -0.294569,
          1.438267
        ],
        [
          0.0,
          0.0,
          0.0,
          1.0
        ]
      ]
    },
    {
      "file_path": "/media/NFS/ttao/scannet/posed_images/scene0358_00/00563.jpg",
      "transform_matrix": [
        [
          -0.313855,
          0.24723,
          -0.916719,
          4.066723
        ],
        [
          0.944902,
          0.175935,
          -0.276056,
          2.586371
        ],
        [
          0.093034,
          -0.952851,
          -0.288826,
          1.431026
        ],
        [
          0.0,
          0.0,
          0.0,
          1.0
        ]
      ]
    },
    {
      "file_path": "/media/NFS/ttao/scannet/posed_images/scene0358_00/00565.jpg",
      "transform_matrix": [
        [
          -0.328853,
          0.239016,
          -0.913634,
          4.049848
        ],
        [
          0.939516,
          0.180877,
          -0.29085,
          2.605918
        ],
        [
          0.095737,
          -0.95402,
          -0.284042,
          1.426319
        ],
        [
          0.0,
          0.0,
          0.0,
          1.0
        ]
      ]
    },
    {
      "file_path": "/media/NFS/ttao/scannet/posed_images/scene0358_00/00577.jpg",
      "transform_matrix": [
        [
          -0.390137,
          0.178698,
          -0.903249,
          3.928335
        ],
        [
          0.895567,
          0.301537,
          -0.327163,
          2.70987
        ],
        [
          0.2139,
          -0.936559,
          -0.277677,
          1.411544
        ],
        [
          0.0,
          0.0,
          0.0,
          1.0
        ]
      ]
    },
    {
      "file_path": "/media/NFS/ttao/scannet/posed_images/scene0358_00/00579.jpg",
      "transform_matrix": [
        [
          -0.396707,
          0.181539,
          -0.899815,
          3.909352
        ],
        [
          0.894793,
          0.295246,
          -0.334927,
          2.723268
        ],
        [
          0.204864,
          -0.938016,
          -0.279566,
          1.412839
        ],
        [
          0.0,
          0.0,
          0.0,
          1.0
        ]
      ]
    },
    {
      "file_path": "/media/NFS/ttao/scannet/posed_images/scene0358_00/00591.jpg",
      "transform_matrix": [
        [
          -0.513619,
          0.20295,
          -0.83367,
          3.763983
        ],
        [
          0.849155,
          0.25953,
          -0.459979,
          2.817852
        ],
        [
          0.12301,
          -0.944169,
          -0.305636,
          1.418331
        ],
        [
          0.0,
          0.0,
          0.0,
          1.0
        ]
      ]
    },
    {
      "file_path": "/media/NFS/ttao/scannet/posed_images/scene0358_00/00600.jpg",
      "transform_matrix": [
        [
          -0.591795,
          0.195857,
          -0.781933,
          3.616408
        ],
        [
          0.801709,
          0.243989,
          -0.545648,
          2.917942
        ],
        [
          0.083914,
          -0.949795,
          -0.301412,
          1.429957
        ],
        [
          0.0,
          0.0,
