{
  "frames": [
    {
      "file_path": "/media/NFS/ttao/scannet/posed_images/scene0076_00/00000.jpg",
      "transform_matrix": [
        [
          0.896132,
          -0.052356,
          0.440688,
          3.211431
        ],
        [
          -0.436974,
          -0.277444,
          0.855616,
          3.110947
        ],
        [
          0.07747,
          -0.959314,
          -0.271505,
          1.584554
        ],
        [
          0.0,
          0.0,
          0.0,
          1.0
        ]
      ]
    },
    {
      "file_path": "/media/NFS/ttao/scannet/posed_images/scene0076_00/00006.jpg",
      "transform_matrix": [
        [
          0.872312,
          -0.104145,
          0.477729,
          3.230955
        ],
        [
          -0.485386,
          -0.30219,
          0.820416,
          3.14484
        ],
        [
          0.058923,
          -0.947542,
          -0.314154,
          1.572663
        ],
        [
          0.0,
          0.0,
          0.0,
          1.0
        ]
      ]
    },
    {
      "file_path": "/media/NFS/ttao/scannet/posed_images/scene0076_00/00007.jpg",
      "transform_matrix": [
        [
          0.870074,
          -0.106563,
          0.481265,
          3.236687
        ],
        [
          -0.489585,
          -0.300232,
          0.818637,
          3.146905
        ],
        [
          0.057255,
          -0.947895,
          -0.313396,
          1.572303
        ],
        [
          0.0,
          0.0,
          0.0,
          1.0
        ]
      ]
    },
    {
      "file_path": "/media/NFS/ttao/scannet/posed_images/scene0076_00/00012.jpg",
      "transform_matrix": [
        [
          0.863943,
          -0.11606,
          0.490033,
          3.269541
        ],
        [
          -0.501499,
          -0.286851,
          0.81622,
          3.137026
        ],
        [
          0.045836,
          -0.950919,
          -0.306027,
          1.561756
        ],
        [
          0.0,
          0.0,
          0.0,
          1.0
        ]
      ]
    },
    {
      "file_path": "/media/NFS/ttao/scannet/posed_images/scene0076_00/00016.jpg",
      "transform_matrix": [
        [
          0.855936,
          -0.126919,
          0.501263,
          3.301829
        ],
        [
          -0.516054,
          -0.270744,
          0.812641,
          3.158571
        ],
        [
          0.032574,
          -0.954248,
          -0.297237,
          1.563429
        ],
        [
          0.0,
          0.0,
          0.0,
          1.0
        ]
      ]
    },
    {
      "file_path": "/media/NFS/ttao/scannet/posed_images/scene0076_00/00020.jpg",
      "transform_matrix": [
        [
          0.843396,
          -0.141606,
          0.518296,
          3.339439
        ],
        [
          -0.536562,
          -0.272253,
          0.798736,
          3.203496
        ],
        [
          0.028002,
          -0.951749,
          -0.305598,
          1.566859
        ],
        [
          0.0,
          0.0,
          0.0,
          1.0
        ]
      ]
    },
    {
      "file_path": "/media/NFS/ttao/scannet/posed_images/scene0076_00/00025.jpg",
      "transform_matrix": [
        [
          0.82055,
          -0.124805,
          0.557783,
          3.40288
        ],
        [
          -0.571028,
          -0.221687,
          0.790431,
          3.234754
        ],
        [
          0.025003,
          -0.967098,
          -0.253173,
          1.584726
        ],
        [
          0.0,
          0.0,
          0.0,
          1.0
        ]
      ]
    },
    {
      "file_path": "/media/NFS/ttao/scannet/posed_images/scene0076_00/00029.jpg",
      "transform_matrix": [
        [
          0.794965,
          -0.099996,
          0.598357,
          3.439167
        ],
        [
          -0.604991,
          -0.203679,
          0.76974,
          3.263186
        ],
        [
          0.044902,
          -0.973918,
          -0.222415,
          1.586731
        ],
        [
          0.0,
          0.0,
          0.0,
          1.0
        ]
      ]
    },
    {
      "file_path": "/media/NFS/ttao/scannet/posed_images/scene0076_00/00032.jpg",
      "transform_matrix": [
        [
          0.772466,
          -0.096431,
          0.627692,
          3.440177
        ],
        [
          -0.632053,
          -0.212763,
          0.745145,
          3.289191
        ],
        [
          0.061695,
          -0.972334,
          -0.225302,
          1.581641
        ],
        [
          0.0,
          0.0,
          0.0,
          1.0
        ]
      ]
    },
    {
      "file_path": "/media/NFS/ttao/scannet/posed_images/scene0076_00/00034.jpg",
      "transform_matrix": [
        [
          0.75197,
          -0.097685,
          0.651919,
          3.446613
        ],
        [
          -0.655299,
          -0.218176,
          0.723176,
          3.305201
        ],
        [
          0.07159,
          -0.971008,
          -0.228075,
          1.581423
        ],
        [
          0.0,
          0.0,
          0.0,
          1.0
        ]
      ]
    },
    {
      "file_path": "/media/NFS/ttao/scannet/posed_images/scene0076_00/00041.jpg",
      "transform_matrix": [
        [
          0.65162,
          -0.131954,
          0.74698,
          3.446356
        ],
        [
          -0.756634,
          -0.182936,
          0.627726,
          3.352876
        ],
        [
          0.053819,
          -0.974229,
          -0.219046,
          1.586202
        ],
        [
          0.0,
          0.0,
          0.0,
          1.0
        ]
      ]
    },
    {
      "file_path": "/media/NFS/ttao/scannet/posed_images/scene0076_00/00044.jpg",
      "transform_matrix": [
        [
          0.618633,
          -0.14598,
          0.771999,
          3.442054
        ],
        [
          -0.784497,
          -0.168665,
          0.596755,
          3.364507
        ],
        [
          0.043095,
          -0.974804,
          -0.218863,
          1.590266
        ],
        [
          0.0,
          0.0,
          0.0,
          1.0
        ]
      ]
    },
    {
      "file_path": "/media/NFS/ttao/scannet/posed_images/scene0076_00/00049.jpg",
      "transform_matrix": [
        [
          0.557526,
          -0.163001,
          0.813999,
          3.435515
        ],
        [
          -0.829013,
          -0.160818,
          0.535606,
          3.385702
        ],
        [
          0.043602,
          -0.973431,
          -0.22479,
          1.593671
        ],
        [
          0.0,
          0.0,
          0.0,
          1.0
        ]
      ]
    },
    {
      "file_path": "/media/NFS/ttao/scannet/posed_images/scene0076_00/00052.jpg",
      "transform_matrix": [
        [
          0.529045,
          -0.177961,
          0.829723,
          3.420185
        ],
        [
          -0.847752,
          -0.154384,
          0.507428,
          3.407044
        ],
        [
          0.037794,
          -0.971852,
          -0.232543,
          1.58701
        ],
        [
          0.0,
          0.0,
          0.0,
          1.0
        ]
      ]
    },
    {
      "file_path": "/media/NFS/ttao/scannet/posed_images/scene0076_00/00056.jpg",
      "transform_matrix": [
        [
          0.496794,
          -0.206772,
          0.842876,
          3.415631
        ],
        [
          -0.867458,
          -0.148146,
          0.47494,
          3.395086
        ],
        [
          0.026664,
          -0.967108,
          -0.252964,
          1.593122
        ],
        [
          0.0,
          0.0,
          0.0,
          1.0
        ]
      ]
    },
    {
      "file_path": "/media/NFS/ttao/scannet/posed_images/scene0076_00/00060.jpg",
      "transform_matrix": [
        [
          0.443705,
          -0.209179,
          0.871418,
          3.406462
        ],
        [
          -0.895203,
          -0.14867,
          0.420128,
          3.42252
        ],
        [
          0.041672,
          -0.96651,
          -0.253223,
          1.591503
        ],
        [
          0.0,
          0.0,
          0.0,
          1.0
        ]
      ]
    },
    {
      "file_path": "/media/NFS/ttao/scannet/posed_images/scene0076_00/00064.jpg",
      "transform_matrix": [
        [
          0.401927,
          -0.209116,
          0.891473,
          3.416962
        ],
        [
          -0.914374,
          -0.143478,
          0.378596,
          3.403902
        ],
        [
          0.048737,
          -0.967308,
          -0.248878,
          1.588675
        ],
        [
          0.0,
          0.0,
          0.0,
          1.0
        ]
      ]
    },
    {
      "file_path": "/media/NFS/ttao/scannet/posed_images/scene0076_00/00067.jpg",
      "transform_matrix": [
        [
          0.376171,
          -0.224036,
          0.899057,
          3.427137
        ],
        [
          -0.925437,
          -0.1384,
          0.35272,
          3.39798
        ],
        [
          0.045408,
          -0.964704,
          -0.259393,
          1.592167
        ],
        [
          0.0,
          0.0,
          0.0,
          1.0
        ]
      ]
    },
    {
      "file_path": "/media/NFS/ttao/scannet/posed_images/scene0076_00/00068.jpg",
      "transform_matrix": [
        [
          0.372093,
          -0.225226,
          0.900455,
          3.432556
        ],
        [
          -0.927136,
          -0.136507,
          0.348975,
          3.38377
        ],
        [
          0.044321,
          -0.964696,
          -0.259608,
          1.592883
        ],
        [
          0.0,
          0.0,
          0.0,
          1.0
        ]
      ]
    },
    {
      "file_path": "/media/NFS/ttao/scannet/posed_images/scene0076_00/00075.jpg",
      "transform_matrix": [
        [
          0.315808,
          -0.248799,
          0.915622,
          3.472174
        ],
        [
          -0.948234,
          -0.116755,
          0.295331,
          3.342659
        ],
        [
          0.033426,
          -0.961492,
          -0.272792,
          1.601187
        ],
        [
          0.0,
          0.0,
          0.0,
          1.0
        ]
      ]
    },
    {
      "file_path": "/media/NFS/ttao/scannet/posed_images/scene0076_00/00076.jpg",
      "transform_matrix": [
        [
          0.310623,
          -0.251076,
          0.916773,
          3.488055
        ],
        [
          -0.949994,
          -0.114473,
          0.290529,
          3.323117
        ],
        [
          0.032002,
          -0.961175,
          -0.274079,
          1.604071
        ],
        [
          0.0,
          0.0,
          0.0,
          1.0
        ]
      ]
    },
    {
      "file_path": "/media/NFS/ttao/scannet/posed_images/scene0076_00/00081.jpg",
      "transform_matrix": [
        [
          0.235105,
          -0.271884,
          0.933169,
          3.515141
        ],
        [
          -0.971445,
          -0.097285,
          0.216404,
          3.328869
        ],
        [
          0.031947,
          -0.9574,
          -0.286992,
          1.604984
        ],
        [
          0.0,
          0.0,
          0.0,
          1.0
        ]
      ]
    },
    {
      "file_path": "/media/NFS/ttao/scannet/posed_images/scene0076_00/00087.jpg",
      "transform_matrix": [
        [
          0.152258,
          -0.290651,
          0.944637,
          3.571836
        ],
        [
          -0.987773,
          -0.077125,
          0.135481,
          3.266762
        ],
        [
          0.033478,
          -0.953716,
          -0.298841,
          1.604021
        ],
        [
          0.0,
          0.0,
          0.0,
          1.0
        ]
      ]
    },
    {
      "file_path": "/media/NFS/ttao/scannet/posed_images/scene0076_00/00090.jpg",
      "transform_matrix": [
        [
          0.106387,
          -0.299697,
          0.948084,
          3.593243
        ],
        [
          -0.993782,
          -0.063559,
          0.091423,
          3.257857
        ],
        [
          0.03286,
          -0.951915,
          -0.304596,
          1.598279
        ],
        [
          0.0,
          0.0,
          0.0,
          1.0
        ]
      ]
    },
    {
      "file_path": "/media/NFS/ttao/scannet/posed_images/scene0076_00/00092.jpg",
      "transform_matrix": [
        [
          0.086079,
          -0.307209,
          0.947741,
          3.610214
        ],
        [
          -0.995806,
          -0.056129,
          0.07225,
          3.227878
        ],
        [
          0.031,
          -0.949985,
          -0.310752,
          1.596315
        ],
        [
          0.0,
          0.0,
          0.0,
          1.0
        ]
      ]
    },
    {
      "file_path": "/media/NFS/ttao/scannet/posed_images/scene0076_00/00099.jpg",
      "transform_matrix": [
        [
          0.002626,
          -0.342503,
          0.939513,
          3.665756
        ],
        [
          -0.999775,
          -0.020688,
          -0.004748,
          3.143129
        ],
        [
          0.021063,
          -0.939289,
          -0.342481,
          1.590566
        ],
        [
          0.0,
          0.0,
          0.0,
          1.0
        ]
      ]
    },
    {
      "file_path": "/media/NFS/ttao/scannet/posed_images/scene0076_00/00101.jpg",
      "transform_matrix": [
        [
          -0.038178,
          -0.353572,
          0.934628,
          3.689471
        ],
        [
          -0.999176,
          0.000637,
          -0.040573,
          3.178675
        ],
        [
          0.01375,
          -0.935407,
          -0.353305,
          1.589714
        ],
        [
          0.0,
          0.0,
          0.0,
          1.0
        ]
      ]
    },
    {
      "file_path": "/media/NFS/ttao/scannet/posed_images/scene0076_00/00104.jpg",
      "transform_matrix": [
        [
          -0.071289,
          -0.372359,
          0.925347,
          3.707537
        ],
        [
          -0.997452,
          0.02423,
          -0.067094,
          3.135581
        ],
        [
          0.002562,
          -0.927772,
          -0.373138,
          1.587501
        ],
        [
          0.0,
          0.0,
          0.0,
          1.0
        ]
      ]
    },
    {
      "file_path": "/media/NFS/ttao/scannet/posed_images/scene0076_00/00109.jpg",
      "transform_matrix": [
        [
          -0.174376,
          -0.385185,
          0.906215,
          3.741106
        ],
        [
          -0.984678,
          0.066798,
          -0.161082,
          3.103269
        ],
        [
          0.001513,
          -0.920419,
          -0.390931,
          1.572055
        ],
        [
          0.0,
          0.0,
          0.0,
          1.0
        ]
      ]
    },
    {
      "file_path": "/media/NFS/ttao/scannet/posed_images/scene0076_00/00114.jpg",
      "transform_matrix": [
        [
          -0.283516,
          -0.379567,
          0.880652,
          3.777125
        ],
        [
          -0.958958,
          0.116318,
          -0.258591,
          3.106755
        ],
        [
          -0.004283,
          -0.917823,
          -0.396967,
          1.564815
        ],
        [
          0.0,
          0.0,
          0.0,
          1.0
        ]
      ]
    },
    {
      "file_path": "/media/NFS/ttao/scannet/posed_images/scene0076_00/00118.jpg",
      "transform_matrix": [
        [
          -0.358083,
          -0.375581,
          0.854819,
          3.805261
        ],
        [
          -0.933669,
          0.150135,
          -0.325149,
          3.115294
        ],
        [
          -0.006218,
          -0.914548,
          -0.404429,
          1.574817
        ],
        [
          0.0,
          0.0,
          0.0,
          1.0
        ]
      ]
    },
    {
      "file_path": "/media/NFS/ttao/scannet/posed_images/scene0076_00/00121.jpg",
      "transform_matrix": [
        [
          -0.405483,
          -0.365256,
          0.837957,
          3.823401
        ],
        [
          -0.913893,
          0.181623,
          -0.36306,
          3.136852
        ],
        [
          -0.019582,
          -0.913018,
          -0.40745,
          1.570384
        ],
        [
          0.0,
          0.0,
          0.0,
          1.0
        ]
      ]
    },
    {
      "file_path": "/media/NFS/ttao/scannet/posed_images/scene0076_00/00123.jpg",
      "transform_matrix": [
        [
          -0.439003,
          -0.365102,
          0.820961,
          3.834225
        ],
        [
          -0.898277,
          0.198036,
          -0.392276,
          3.143906
        ],
        [
          -0.01936,
          -0.90966,
          -0.414901,
          1.571133
        ],
        [
          0.0,
          0.0,
          0.0,
          1.0
        ]
      ]
    },
    {
      "file_path": "/media/NFS/ttao/scannet/posed_images/scene0076_00/00126.jpg",
      "transform_matrix": [
        [
          -0.489556,
          -0.362894,
          0.79287,
          3.848523
        ],
        [
          -0.871731,
          0.225068,
          -0.435235,
          3.150805
        ],
        [
          -0.020506,
          -0.904241,
          -0.426529,
          1.572773
        ],
        [
          0.0,
          0.0,
          0.0,
          1.0
        ]
      ]
    },
    {
      "file_path": "/media/NFS/ttao/scannet/posed_images/scene0076_00/00133.jpg",
      "transform_matrix": [
        [
          -0.621607,
          -0.327905,
          0.711395,
          3.872791
        ],
        [
          -0.783312,
          0.266293,
          -0.561703,
          3.151572
        ],
        [
          -0.005254,
          -0.906403,
          -0.422382,
          1.55415
        ],
        [
          0.0,
          0.0,
          0.0,
          1.0
        ]
      ]
    },
    {
      "file_path": "/media/NFS/ttao/scannet/posed_images/scene0076_00/00136.jpg",
      "transform_matrix": [
        [
          -0.671545,
          -0.323079,
          0.666818,
          3.87453
        ],
        [
          -0.740912,
          0.282162,
          -0.609454,
          3.13449
        ],
        [
          0.008751,
          -0.90333,
          -0.428858,
          1.548461
        ],
        [
          0.0,
          0.0,
          0.0,
          1.0
        ]
      ]
    },
    {
      "file_path": "/media/NFS/ttao/scannet/posed_images/scene0076_00/00139.jpg",
      "transform_matrix": [
        [
          -0.703813,
          -0.326538,
          0.630887,
          3.876495
        ],
        [
          -0.71015,
          0.30058,
          -0.636662,
          3.11735
        ],
        [
          0.018262,
          -0.896116,
          -0.443443,
          1.548898
        ],
        [
          0.0,
          0.0,
          0.0,
          1.0
        ]
      ]
    },
    {
      "file_path": "/media/NFS/ttao/scannet/posed_images/scene0076_00/00143.jpg",
      "transform_matrix": [
        [
          -0.743973,
          -0.295717,
          0.599212,
          3.864044
        ],
        [
          -0.668206,
          0.331822,
          -0.665879,
          3.066005
        ],
        [
          -0.00192,
          -0.895793,
          -0.444467,
          1.535965
        ],
        [
          0.0,
          0.0,
          0.0,
          1.0
        ]
      ]
    },
    {
      "file_path": "/media/NFS/ttao/scannet/posed_images/scene0076_00/00146.jpg",
      "transform_matrix": [
        [
          -0.773015,
          -0.288514,
          0.564985,
          3.864501
        ],
        [
          -0.634341,
          0.340723,
          -0.693916,
          3.039439
        ],
        [
          0.007701,
          -0.8948,
          -0.4464,
          1.540591
        ],
        [
          0.0,
          0.0,
          0.0,
          1.0
        ]
      ]
    },
    {
      "file_path": "/media/NFS/ttao/scannet/posed_images/scene0076_00/00150.jpg",
      "transform_matrix": [
        [
          -0.816517,
          -0.249293,
          0.520723,
          3.868035
        ],
        [
          -0.577277,
          0.36367,
          -0.731092,
          3.007093
        ],
        [
          -0.007115,
          -0.897551,
          -0.440854,
          1.53473
        ],
        [
          0.0,
          0.0,
          0.0,
          1.0
        ]
      ]
    },
    {
      "file_path": "/media/NFS/ttao/scannet/posed_images/scene0076_00/00156.jpg",
      "transform_matrix": [
        [
          -0.852565,
          -0.219454,
          0.474313,
          3.841243
        ],
        [
          -0.522411,
          0.383641,
          -0.761516,
          2.92736
        ],
        [
          -0.014848,
          -0.897028,
          -0.441723,
          1.539995
        ],
        [
          0.0,
          0.0,
          0.0,
          1.0
        ]
      ]
    },
    {
      "file_path": "/media/NFS/ttao/scannet/posed_images/scene0076_00/00160.jpg",
      "transform_matrix": [
        [
          -0.88576,
          -0.187505,
          0.424582,
          3.86721
        ],
        [
          -0.463835,
          0.390901,
          -0.795018,
          2.895252
        ],
        [
          -0.0169,
          -0.901131,
          -0.433217,
          1.527096
        ],
        [
          0.0,
          0.0,
          0.0,
          1.0
        ]
      ]
    },
    {
      "file_path": "/media/NFS/ttao/scannet/posed_images/scene0076_00/00165.jpg",
      "transform_matrix": [
        [
          -0.913195,
          -0.159584,
          0.374976,
          3.856858
        ],
        [
          -0.406921,
          0.407004,
          -0.817779,
          2.80603
        ],
        [
          -0.022112,
          -0.899378,
          -0.436612,
          1.527872
        ],
        [
          0.0,
          0.0,
          0.0,
          1.0
        ]
      ]
    },
    {
      "file_path": "/media/NFS/ttao/scannet/posed_images/scene0076_00/00168.jpg",
      "transform_matrix": [
        [
          -0.928778,
          -0.153489,
          0.33736,
          3.853929
        ],
        [
          -0.370339,
          0.42075,
          -0.828142,
          2.751498
        ],
        [
          -0.014834,
          -0.894098,
          -0.447626,
          1.512309
        ],
        [
          0.0,
          0.0,
          0.0,
          1.0
        ]
      ]
    },
    {
      "file_path": "/media/NFS/ttao/scannet/posed_images/scene0076_00/00172.jpg",
      "transform_matrix": [
        [
          -0.950617,
          -0.120852,
          0.285871,
          3.873006
        ],
        [
          -0.309453,
          0.439706,
          -0.843147,
          2.680677
        ],
        [
          -0.023803,
          -0.889974,
          -0.45539,
          1.507787
        ],
        [
          0.0,
          0.0,
          0.0,
          1.0
        ]
      ]
    },
    {
      "file_path": "/media/NFS/ttao/scannet/posed_images/scene0076_00/00173.jpg",
      "transform_matrix": [
        [
          -0.953169,
          -0.121096,
          0.277136,
          3.875033
        ],
        [
          -0.301786,
          0.44095,
          -0.845274,
          2.665278
        ],
        [
          -0.019844,
          -0.889325,
          -0.456845,
          1.500211
        ],
        [
          0.0,
          0.0,
          0.0,
          1.0
        ]
      ]
    },
    {
      "file_path": "/media/NFS/ttao/scannet/posed_images/scene0076_00/00177.jpg",
      "transform_matrix": [
        [
          -0.966762,
          -0.104085,
          0.233533,
          3.867154
        ],
        [
          -0.255496,
          0.427771,
          -0.867026,
          2.588955
        ],
        [
          -0.009654,
          -0.897874,
          -0.440147,
          1.498652
        ],
        [
          0.0,
          0.0,
          0.0,
          1.0
        ]
      ]
    },
    {
      "file_path": "/media/NFS/ttao/scannet/posed_images/scene0076_00/00181.jpg",
      "transform_matrix": [
        [
          -0.984389,
          -0.075187,
          0.15914,
          3.877066
        ],
        [
          -0.176007,
          0.420382,
          -0.890113,
          2.526638
        ],
        [
          2.5e-05,
          -0.904227,
          -0.427053,
          1.475955
        ],
        [
          0.0,
          0.0,
          0.0,
          1.0
        ]
      ]
    },
    {
      "file_path": "/media/NFS/ttao/scannet/posed_images/scene0076_00/00184.jpg",
      "transform_matrix": [
        [
          -0.992876,
          -0.056216,
          0.105058,
          3.877886
        ],
        [
          -0.119059,
          0.433015,
          -0.893489,
          2.474185
        ],
        [
          0.004737,
          -0.899632,
          -0.436624,
          1.471714
        ],
        [
          0.0,
          0.0,
          0.0,
          1.0
        ]
      ]
    },
    {
      "file_path": "/media/NFS/ttao/scannet/posed_images/scene0076_00/00189.jpg",
      "transform_matrix": [
        [
          -0.999772,
          -0.018867,
          0.010012,
          3.883754
        ],
        [
          -0.017585,
          0.461033,
          -0.887209,
          2.39117
        ],
        [
          0.012123,
          -0.887183,
          -0.461259,
          1.462717
        ],
        [
          0.0,
          0.0,
          0.0,
          1.0
        ]
      ]
    },
    {
      "file_path": "/media/NFS/ttao/scannet/posed_images/scene0076_00/00194.jpg",
      "transform_matrix": [
        [
          -0.991255,
          0.003518,
          -0.131914,
          3.972838
        ],
        [
          0.120975,
          0.423561,
          -0.897754,
          2.342205
        ],
        [
          0.052715,
          -0.905861,
          -0.420283,
          1.443229
        ],
        [
          0.0,
          0.0,
          0.0,
          1.0
        ]
      ]
    },
    {
      "file_path": "/media/NFS/ttao/scannet/posed_images/scene0076_00/00199.jpg",
      "transform_matrix": [
        [
          -0.971991,
          0.043064,
          -0.231037,
          3.996435
        ],
        [
          0.229005,
          0.394475,
          -0.889914,
          2.296296
        ],
        [
          0.052815,
          -0.917897,
          -0.393288,
          1.462192
        ],
        [
          0.0,
          0.0,
          0.0,
          1.0
        ]
      ]
    },
    {
      "file_path": "/media/NFS/ttao/scannet/posed_images/scene0076_00/00201.jpg",
      "transform_matrix": [
        [
          -0.960907,
          0.063842,
          -0.26941,
          4.019411
        ],
        [
          0.272705,
          0.386411,
          -0.88109,
          2.273458
        ],
        [
          0.047853,
          -0.920115,
          -0.388715,
          1.466317
        ],
        [
          0.0,
          0.0,
          0.0,
          1.0
        ]
      ]
    },
    {
      "file_path": "/media/NFS/ttao/scannet/posed_images/scene0076_00/00206.jpg",
      "transform_matrix": [
        [
          -0.941265,
          0.080608,
          -0.327905,
          4.031262
        ],
        [
          0.333314,
          0.377236,
          -0.864057,
          2.244873
        ],
        [
          0.054048,
          -0.922603,
          -0.381947,
          1.475305
        ],
        [
          0.0,
          0.0,
          0.0,
          1.0
        ]
      ]
    },
    {
      "file_path": "/media/NFS/ttao/scannet/posed_images/scene0076_00/00207.jpg",
      "transform_matrix": [
        [
          -0.938031,
          0.088323,
          -0.335107,
          4.031127
        ],
        [
          0.342981,
          0.375045,
          -0.861223,
          2.237897
        ],
        [
          0.049615,
          -0.92279,
          -0.382097,
          1.481168
        ],
        [
          0.0,
          0.0,
          0.0,
          1.0
        ]
      ]
    },
    {
      "file_path": "/media/NFS/ttao/scannet/posed_images/scene0076_00/00214.jpg",
      "transform_matrix": [
        [
          -0.912268,
          0.119071,
          -0.391904,
          4.019482
        ],
        [
          0.408667,
          0.328906,
          -0.851359,
          2.173657
        ],
        [
          0.027528,
          -0.936826,
          -0.34871,
          1.506089
        ],
        [
          0.0,
          0.0,
          0.0,
          1.0
        ]
      ]
    },
    {
      "file_path": "/media/NFS/ttao/scannet/posed_images/scene0076_00/00216.jpg",
      "transform_matrix": [
        [
          -0.906622,
          0.134447,
          -0.399951,
          4.013875
        ],
        [
          0.421654,
          0.323828,
          -0.846961,
          2.15212
        ],
        [
          0.015644,
          -0.936514,
          -0.35028,
          1.510157
        ],
        [
          0.0,
          0.0,
          0.0,
          1.0
        ]
      ]
    },
    {
      "file_path": "/media/NFS/ttao/scannet/posed_images/scene0076_00/00221.jpg",
      "transform_matrix": [
        [
          -0.889159,
          0.135013,
          -0.437227,
          4.007256
        ],
        [
          0.457315,
          0.295789,
          -0.838673,
          2.087634
        ],
        [
          0.016095,
          -0.945664,
          -0.324747,
          1.506115
        ],
        [
          0.0,
          0.0,
          0.0,
          1.0
        ]
      ]
    },
    {
      "file_path": "/media/NFS/ttao/scannet/posed_images/scene0076_00/00226.jpg",
      "transform_matrix": [
        [
          -0.872,
          0.163922,
          -0.461244,
          3.987003
        ],
        [
          0.489391,
          0.271483,
          -0.828731,
          2.024153
        ],
        [
          -0.010627,
          -0.948381,
          -0.316955,
          1.505966
        ],
        [
          0.0,
          0.0,
          0.0,
          1.0
        ]
      ]
    },
    {
      "file_path": "/media/NFS/ttao/scannet/posed_images/scene0076_00/00229.jpg",
      "transform_matrix": [
        [
          -0.855644,
          0.175417,
          -0.486932,
          3.966547
        ],
        [
          0.517358,
          0.263259,
          -0.81427,
          1.982921
        ],
        [
          -0.014647,
          -0.948643,
          -0.316009,
          1.515699
        ],
        [
          0.0,
          0.0,
          0.0,
          1.0
        ]
      ]
    },
    {
      "file_path": "/media/NFS/ttao/scannet/posed_images/scene0076_00/00234.jpg",
      "transform_matrix": [
        [
          -0.819148,
          0.184448,
          -0.543116,
          3.932608
        ],
        [
          0.573537,
          0.251432,
          -0.77964,
          1.912639
        ],
        [
          -0.007246,
          -0.950137,
          -0.311747,
          1.53656
        ],
        [
          0.0,
          0.0,
          0.0,
          1.0
        ]
      ]
    },
    {
      "file_path": "/media/NFS/ttao/scannet/posed_images/scene0076_00/00238.jpg",
      "transform_matrix": [
        [
          -0.798335,
          0.164754,
          -0.579239,
          3.922303
        ],
        [
          0.602188,
          0.227365,
          -0.765294,
          1.886844
        ],
        [
          0.005613,
          -0.959772,
          -0.280726,
          1.547181
        ],
        [
          0.0,
          0.0,
          0.0,
          1.0
        ]
      ]
    },
    {
      "file_path": "/media/NFS/ttao/scannet/posed_images/scene0076_00/00239.jpg",
      "transform_matrix": [
        [
          -0.796916,
          0.1537,
          -0.584209,
          3.923531
        ],
        [
          0.603953,
          0.223236,
          -0.765118,
          1.88254
        ],
        [
          0.012817,
          -0.96257,
          -0.270728,
          1.548763
        ],
        [
          0.0,
          0.0,
          0.0,
          1.0
        ]
      ]
    },
    {
      "file_path": "/media/NFS/ttao/scannet/posed_images/scene0076_00/00243.jpg",
      "transform_matrix": [
        [
          -0.776973,
          0.122319,
          -0.617536,
          3.939698
        ],
        [
          0.628684,
          0.201719,
          -0.751044,
          1.871164
        ],
        [
          0.032702,
          -0.971775,
          -0.23363,
          1.545725
        ],
        [
          0.0,
          0.0,
          0.0,
          1.0
        ]
      ]
    },
    {
      "file_path": "/media/NFS/ttao/scannet/posed_images/scene0076_00/00248.jpg",
      "transform_matrix": [
        [
          -0.728785,
          0.12743,
          -0.672781,
          3.955016
        ],
        [
          0.683869,
          0.185077,
          -0.705741,
          1.860719
        ],
        [
          0.034584,
          -0.974427,
          -0.222026,
          1.551823
        ],
        [
          0.0,
          0.0,
          0.0,
          1.0
        ]
      ]
    },
    {
      "file_path": "/media/NFS/ttao/scannet/posed_images/scene0076_00/00252.jpg",
      "transform_matrix": [
        [
          -0.697124,
          0.140836,
          -0.702982,
          3.987284
        ],
        [
          0.716705,
          0.162559,
          -0.678166,
          1.8529
        ],
        [
          0.018766,
          -0.976596,
          -0.214261,
          1.555575
        ],
        [
          0.0,
          0.0,
          0.0,
          1.0
        ]
      ]
    },
    {
      "file_path": "/media/NFS/ttao/scannet/posed_images/scene0076_00/00254.jpg",
      "transform_matrix": [
        [
          -0.683242,
          0.15464,
          -0.713629,
          3.994548
        ],
        [
          0.730146,
          0.15566,
          -0.665325,
          1.856531
        ],
        [
          0.008197,
          -0.975631,
          -0.219263,
          1.561093
        ],
        [
          0.0,
          0.0,
          0.0,
          1.0
        ]
      ]
    },
    {
      "file_path": "/media/NFS/ttao/scannet/posed_images/scene0076_00/00258.jpg",
      "transform_matrix": [
        [
          -0.663505,
          0.175861,
          -0.727209,
          4.013699
        ],
        [
          0.748126,
          0.166678,
          -0.642282,
          1.866141
        ],
        [
          0.008258,
          -0.970202,
          -0.242158,
          1.550576
        ],
        [
          0.0,
          0.0,
          0.0,
          1.0
        ]
      ]
    },
    {
      "file_path": "/media/NFS/ttao/scannet/posed_images/scene0076_00/00262.jpg",
      "transform_matrix": [
        [
          -0.632895,
          0.197768,
          -0.748552,
          4.027532
        ],
        [
          0.773823,
          0.193206,
          -0.603216,
          1.867937
        ],
        [
          0.025328,
          -0.96102,
          -0.275316,
          1.531264
        ],
        [
          0.0,
          0.0,
          0.0,
          1.0
        ]
      ]
    },
    {
      "file_path": "/media/NFS/ttao/scannet/posed_images/scene0076_00/00265.jpg",
      "transform_matrix": [
        [
          -0.609382,
          0.22212,
          -0.761128,
          4.024431
        ],
        [
          0.792124,
          0.212361,
          -0.572225,
          1.876328
        ],
        [
          0.034531,
          -0.951612,
          -0.305355,
          1.516382
        ],
        [
          0.0,
          0.0,
          0.0,
          1.0
        ]
      ]
    },
    {
      "file_path": "/media/NFS/ttao/scannet/posed_images/scene0076_00/00270.jpg",
      "transform_matrix": [
        [
          -0.576216,
          0.250017,
          -0.778117,
          4.022367
        ],
        [
          0.816452,
          0.219386,
          -0.534113,
          1.880158
        ],
        [
          0.037171,
          -0.943059,
          -0.330541,
          1.517492
        ],
        [
          0.0,
          0.0,
          0.0,
          1.0
        ]
      ]
    },
    {
      "file_path": "/media/NFS/ttao/scannet/posed_images/scene0076_00/00274.jpg",
      "transform_matrix": [
        [
          -0.567308,
          0.261317,
          -0.780945,
          4.018319
        ],
        [
          0.823148,
          0.207889,
          -0.528402,
          1.903567
        ],
        [
          0.02427,
          -0.942601,
          -0.33304,
          1.507376
        ],
        [
          0.0,
          0.0,
          0.0,
          1.0
        ]
      ]
    },
    {
      "file_path": "/media/NFS/ttao/scannet/posed_images/scene0076_00/00277.jpg",
      "transform_matrix": [
        [
          -0.544753,
          0.266163,
          -0.795237,
          4.006791
        ],
        [
          0.838172,
          0.202974,
          -0.50623,
          1.91621
        ],
        [
          0.026673,
          -0.942316,
          -0.333661,
          1.505429
        ],
        [
          0.0,
          0.0,
          0.0,
          1.0
        ]
      ]
    },
    {
      "file_path": "/media/NFS/ttao/scannet/posed_images/scene0076_00/00284.jpg",
      "transform_matrix": [
        [
          -0.459666,
          0.290462,
          -0.839248,
          3.971607
        ],
        [
          0.887928,
          0.168468,
          -0.428022,
          1.917244
        ],
        [
          0.017062,
          -0.94194,
          -0.335348,
          1.522544
        ],
        [
          0.0,
          0.0,
          0.0,
          1.0
        ]
      ]
    },
    {
      "file_path": "/media/NFS/ttao/scannet/posed_images/scene0076_00/00285.jpg",
      "transform_matrix": [
        [
          -0.450175,
          0.293232,
          -0.843419,
          3.966535
        ],
        [
          0.892806,
          0.16418,
          -0.419455,
          1.917682
        ],
        [
          0.015475,
          -0.941839,
          -0.335709,
          1.524578
        ],
        [
          0.0,
          0.0,
          0.0,
          1.0
        ]
      ]
    },
    {
      "file_path": "/media/NFS/ttao/scannet/posed_images/scene0076_00/00292.jpg",
      "transform_matrix": [
        [
          -0.397637,
          0.297602,
          -0.867939,
          3.915193
        ],
        [
          0.917534,
          0.133042,
          -0.374741,
          1.956826
        ],
        [
          0.003949,
          -0.945375,
          -0.325962,
          1.539939
        ],
        [
          0.0,
          0.0,
          0.0,
          1.0
        ]
      ]
    },
    {
      "file_path": "/media/NFS/ttao/scannet/posed_images/scene0076_00/00294.jpg",
      "transform_matrix": [
        [
          -0.379146,
          0.299962,
          -0.875369,
          3.903809
        ],
        [
          0.925325,
          0.127691,
          -0.357027,
          1.960571
        ],
        [
          0.004682,
          -0.945367,
          -0.325976,
          1.542234
        ],
        [
          0.0,
          0.0,
          0.0,
          1.0
        ]
      ]
    },
    {
      "file_path": "/media/NFS/ttao/scannet/posed_images/scene0076_00/00299.jpg",
      "transform_matrix": [
        [
          -0.331448,
          0.300522,
          -0.894331,
          3.859991
        ],
        [
          0.943401,
          0.117329,
          -0.310208,
          1.989026
        ],
        [
          0.011706,
          -0.946531,
