{
  "frames": [
    {
      "file_path": "/media/NFS/ttao/scannet/posed_images/scene0656_00/00000.jpg",
      "transform_matrix": [
        [
          -0.996947,
          -0.027996,
          -0.072887,
          1.070741
        ],
        [
          0.05204,
          0.457687,
          -0.887589,
          2.10842
        ],
        [
          0.058208,
          -0.888673,
          -0.454833,
          1.28075
        ],
        [
          0.0,
          0.0,
          0.0,
          1.0
        ]
      ]
    },
    {
      "file_path": "/media/NFS/ttao/scannet/posed_images/scene0656_00/00005.jpg",
      "transform_matrix": [
        [
          -0.996683,
          -0.029175,
          -0.075972,
          1.067621
        ],
        [
          0.054417,
          0.455209,
          -0.88872,
          2.103782
        ],
        [
          0.060511,
          -0.889906,
          -0.452112,
          1.28432
        ],
        [
          0.0,
          0.0,
          0.0,
          1.0
        ]
      ]
    },
    {
      "file_path": "/media/NFS/ttao/scannet/posed_images/scene0656_00/00012.jpg",
      "transform_matrix": [
        [
          -0.994989,
          -0.02927,
          -0.095603,
          1.075144
        ],
        [
          0.072503,
          0.447187,
          -0.891497,
          2.092371
        ],
        [
          0.068847,
          -0.893961,
          -0.442825,
          1.294713
        ],
        [
          0.0,
          0.0,
          0.0,
          1.0
        ]
      ]
    },
    {
      "file_path": "/media/NFS/ttao/scannet/posed_images/scene0656_00/00015.jpg",
      "transform_matrix": [
        [
          -0.994996,
          -0.016089,
          -0.098616,
          1.071913
        ],
        [
          0.080837,
          0.450504,
          -0.889107,
          2.088964
        ],
        [
          0.058732,
          -0.89263,
          -0.446949,
          1.2936
        ],
        [
          0.0,
          0.0,
          0.0,
          1.0
        ]
      ]
    },
    {
      "file_path": "/media/NFS/ttao/scannet/posed_images/scene0656_00/00024.jpg",
      "transform_matrix": [
        [
          -0.992731,
          0.022003,
          -0.11833,
          1.059598
        ],
        [
          0.114136,
          0.484104,
          -0.867534,
          2.089871
        ],
        [
          0.038196,
          -0.874734,
          -0.483096,
          1.277305
        ],
        [
          0.0,
          0.0,
          0.0,
          1.0
        ]
      ]
    },
    {
      "file_path": "/media/NFS/ttao/scannet/posed_images/scene0656_00/00027.jpg",
      "transform_matrix": [
        [
          -0.991062,
          0.027819,
          -0.130472,
          1.05696
        ],
        [
          0.127123,
          0.493518,
          -0.860395,
          2.099087
        ],
        [
          0.040455,
          -0.869291,
          -0.492643,
          1.269278
        ],
        [
          0.0,
          0.0,
          0.0,
          1.0
        ]
      ]
    },
    {
      "file_path": "/media/NFS/ttao/scannet/posed_images/scene0656_00/00034.jpg",
      "transform_matrix": [
        [
          -0.978553,
          0.065077,
          -0.195444,
          1.044211
        ],
        [
          0.200223,
          0.523472,
          -0.828183,
          2.13451
        ],
        [
          0.048414,
          -0.849554,
          -0.525275,
          1.254468
        ],
        [
          0.0,
          0.0,
          0.0,
          1.0
        ]
      ]
    },
    {
      "file_path": "/media/NFS/ttao/scannet/posed_images/scene0656_00/00043.jpg",
      "transform_matrix": [
        [
          -0.961686,
          0.12037,
          -0.246316,
          1.045675
        ],
        [
          0.272124,
          0.528252,
          -0.8043,
          2.233072
        ],
        [
          0.033303,
          -0.840512,
          -0.540768,
          1.241386
        ],
        [
          0.0,
          0.0,
          0.0,
          1.0
        ]
      ]
    },
    {
      "file_path": "/media/NFS/ttao/scannet/posed_images/scene0656_00/00044.jpg",
      "transform_matrix": [
        [
          -0.961068,
          0.123067,
          -0.247392,
          1.048828
        ],
        [
          0.27448,
          0.528125,
          -0.803582,
          2.247828
        ],
        [
          0.03176,
          -0.840201,
          -0.541344,
          1.237965
        ],
        [
          0.0,
          0.0,
          0.0,
          1.0
        ]
      ]
    },
    {
      "file_path": "/media/NFS/ttao/scannet/posed_images/scene0656_00/00050.jpg",
      "transform_matrix": [
        [
          -0.953518,
          0.153428,
          -0.25935,
          1.064566
        ],
        [
          0.30063,
          0.543204,
          -0.783933,
          2.318582
        ],
        [
          0.020603,
          -0.825463,
          -0.56408,
          1.224343
        ],
        [
          0.0,
          0.0,
          0.0,
          1.0
        ]
      ]
    },
    {
      "file_path": "/media/NFS/ttao/scannet/posed_images/scene0656_00/00056.jpg",
      "transform_matrix": [
        [
          -0.948994,
          0.183866,
          -0.256133,
          1.079632
        ],
        [
          0.315272,
          0.563145,
          -0.763852,
          2.368227
        ],
        [
          0.003794,
          -0.805643,
          -0.592389,
          1.229167
        ],
        [
          0.0,
          0.0,
          0.0,
          1.0
        ]
      ]
    },
    {
      "file_path": "/media/NFS/ttao/scannet/posed_images/scene0656_00/00065.jpg",
      "transform_matrix": [
        [
          -0.912688,
          0.228227,
          -0.338988,
          1.093059
        ],
        [
          0.408646,
          0.503765,
          -0.761071,
          2.423682
        ],
        [
          -0.002926,
          -0.833147,
          -0.553044,
          1.268451
        ],
        [
          0.0,
          0.0,
          0.0,
          1.0
        ]
      ]
    },
    {
      "file_path": "/media/NFS/ttao/scannet/posed_images/scene0656_00/00070.jpg",
      "transform_matrix": [
        [
          -0.877545,
          0.23542,
          -0.417723,
          1.133774
        ],
        [
          0.47935,
          0.452088,
          -0.752223,
          2.437608
        ],
        [
          0.01176,
          -0.860345,
          -0.509576,
          1.294332
        ],
        [
          0.0,
          0.0,
          0.0,
          1.0
        ]
      ]
    },
    {
      "file_path": "/media/NFS/ttao/scannet/posed_images/scene0656_00/00077.jpg",
      "transform_matrix": [
        [
          -0.819843,
          0.246828,
          -0.516656,
          1.174417
        ],
        [
          0.572586,
          0.355687,
          -0.738669,
          2.486205
        ],
        [
          0.001444,
          -0.901423,
          -0.432938,
          1.350783
        ],
        [
          0.0,
          0.0,
          0.0,
          1.0
        ]
      ]
    },
    {
      "file_path": "/media/NFS/ttao/scannet/posed_images/scene0656_00/00080.jpg",
      "transform_matrix": [
        [
          -0.776536,
          0.246862,
          -0.5797,
          1.234671
        ],
        [
          0.629998,
          0.318441,
          -0.708306,
          2.483639
        ],
        [
          0.009746,
          -0.915235,
          -0.402803,
          1.360853
        ],
        [
          0.0,
          0.0,
          0.0,
          1.0
        ]
      ]
    },
    {
      "file_path": "/media/NFS/ttao/scannet/posed_images/scene0656_00/00084.jpg",
      "transform_matrix": [
        [
          -0.742554,
          0.257264,
          -0.618407,
          1.245211
        ],
        [
          0.669726,
          0.297473,
          -0.680423,
          2.509822
        ],
        [
          0.008911,
          -0.919415,
          -0.393187,
          1.396832
        ],
        [
          0.0,
          0.0,
          0.0,
          1.0
        ]
      ]
    },
    {
      "file_path": "/media/NFS/ttao/scannet/posed_images/scene0656_00/00092.jpg",
      "transform_matrix": [
        [
          -0.673551,
          0.241264,
          -0.698656,
          1.336406
        ],
        [
          0.738743,
          0.250737,
          -0.625611,
          2.559443
        ],
        [
          0.024241,
          -0.937509,
          -0.347116,
          1.40663
        ],
        [
          0.0,
          0.0,
          0.0,
          1.0
        ]
      ]
    },
    {
      "file_path": "/media/NFS/ttao/scannet/posed_images/scene0656_00/00096.jpg",
      "transform_matrix": [
        [
          -0.667693,
          0.267064,
          -0.694883,
          1.378903
        ],
        [
          0.744408,
          0.247675,
          -0.620091,
          2.589057
        ],
        [
          0.006501,
          -0.931308,
          -0.364175,
          1.403966
        ],
        [
          0.0,
          0.0,
          0.0,
          1.0
        ]
      ]
    },
    {
      "file_path": "/media/NFS/ttao/scannet/posed_images/scene0656_00/00104.jpg",
      "transform_matrix": [
        [
          -0.655201,
          0.310399,
          -0.688742,
          1.479352
        ],
        [
          0.755448,
          0.265221,
          -0.59913,
          2.658476
        ],
        [
          -0.003301,
          -0.912858,
          -0.408263,
          1.341847
        ],
        [
          0.0,
          0.0,
          0.0,
          1.0
        ]
      ]
    },
    {
      "file_path": "/media/NFS/ttao/scannet/posed_images/scene0656_00/00111.jpg",
      "transform_matrix": [
        [
          -0.630792,
          0.342605,
          -0.69622,
          1.552613
        ],
        [
          0.775548,
          0.249422,
          -0.579926,
          2.707415
        ],
        [
          -0.025033,
          -0.905765,
          -0.42304,
          1.326195
        ],
        [
          0.0,
          0.0,
          0.0,
          1.0
        ]
      ]
    },
    {
      "file_path": "/media/NFS/ttao/scannet/posed_images/scene0656_00/00113.jpg",
      "transform_matrix": [
        [
          -0.621865,
          0.339404,
          -0.705754,
          1.573756
        ],
        [
          0.782862,
          0.246118,
          -0.571448,
          2.71386
        ],
        [
          -0.020253,
          -0.907872,
          -0.418759,
          1.323056
        ],
        [
          0.0,
          0.0,
          0.0,
          1.0
        ]
      ]
    },
    {
      "file_path": "/media/NFS/ttao/scannet/posed_images/scene0656_00/00123.jpg",
      "transform_matrix": [
        [
          -0.551519,
          0.382795,
          -0.741144,
          1.661618
        ],
        [
          0.834131,
          0.260841,
          -0.485992,
          2.706959
        ],
        [
          0.007286,
          -0.886245,
          -0.46316,
          1.295325
        ],
        [
          0.0,
          0.0,
          0.0,
          1.0
        ]
      ]
    },
    {
      "file_path": "/media/NFS/ttao/scannet/posed_images/scene0656_00/00128.jpg",
      "transform_matrix": [
        [
          -0.510937,
          0.40268,
          -0.759468,
          1.717231
        ],
        [
          0.859522,
          0.252519,
          -0.44436,
          2.682338
        ],
        [
          0.012845,
          -0.87982,
          -0.475134,
          1.289632
        ],
        [
          0.0,
          0.0,
          0.0,
          1.0
        ]
      ]
    },
    {
      "file_path": "/media/NFS/ttao/scannet/posed_images/scene0656_00/00132.jpg",
      "transform_matrix": [
        [
          -0.479495,
          0.410503,
          -0.77561,
          1.759926
        ],
        [
          0.87754,
          0.226995,
          -0.42237,
          2.668973
        ],
        [
          0.002676,
          -0.883153,
          -0.469077,
          1.286053
        ],
        [
          0.0,
          0.0,
          0.0,
          1.0
        ]
      ]
    },
    {
      "file_path": "/media/NFS/ttao/scannet/posed_images/scene0656_00/00135.jpg",
      "transform_matrix": [
        [
          -0.447742,
          0.409804,
          -0.794725,
          1.786555
        ],
        [
          0.894081,
          0.217217,
          -0.391709,
          2.656437
        ],
        [
          0.012104,
          -0.885933,
          -0.463655,
          1.28659
        ],
        [
          0.0,
          0.0,
          0.0,
          1.0
        ]
      ]
    },
    {
      "file_path": "/media/NFS/ttao/scannet/posed_images/scene0656_00/00145.jpg",
      "transform_matrix": [
        [
          -0.339128,
          0.43043,
          -0.836494,
          1.83466
        ],
        [
          0.939925,
          0.192033,
          -0.282247,
          2.647477
        ],
        [
          0.039147,
          -0.88196,
          -0.469695,
          1.288034
        ],
        [
          0.0,
          0.0,
          0.0,
          1.0
        ]
      ]
    },
    {
      "file_path": "/media/NFS/ttao/scannet/posed_images/scene0656_00/00147.jpg",
      "transform_matrix": [
        [
          -0.311649,
          0.431379,
          -0.846633,
          1.834478
        ],
        [
          0.949112,
          0.183895,
          -0.255673,
          2.652122
        ],
        [
          0.0454,
          -0.88323,
          -0.466738,
          1.291261
        ],
        [
          0.0,
          0.0,
          0.0,
          1.0
        ]
      ]
    },
    {
      "file_path": "/media/NFS/ttao/scannet/posed_images/scene0656_00/00156.jpg",
      "transform_matrix": [
        [
          -0.165194,
          0.3874,
          -0.906991,
          1.807817
        ],
        [
          0.985737,
          0.094813,
          -0.13904,
          2.722298
        ],
        [
          0.03213,
          -0.917023,
          -0.397538,
          1.31587
        ],
        [
          0.0,
          0.0,
          0.0,
          1.0
        ]
      ]
    },
    {
      "file_path": "/media/NFS/ttao/scannet/posed_images/scene0656_00/00162.jpg",
      "transform_matrix": [
        [
          -0.058063,
          0.351909,
          -0.934232,
          1.804486
        ],
        [
          0.997511,
          0.057947,
          -0.040168,
          2.79326
        ],
        [
          0.04,
          -0.934239,
          -0.354398,
          1.301556
        ],
        [
          0.0,
          0.0,
          0.0,
          1.0
        ]
      ]
    },
    {
      "file_path": "/media/NFS/ttao/scannet/posed_images/scene0656_00/00167.jpg",
      "transform_matrix": [
        [
          0.037679,
          0.354346,
          -0.934355,
          1.791051
        ],
        [
          0.998612,
          0.021068,
          0.04826,
          2.805548
        ],
        [
          0.036786,
          -0.934877,
          -0.35306,
          1.326248
        ],
        [
          0.0,
          0.0,
          0.0,
          1.0
        ]
      ]
    },
    {
      "file_path": "/media/NFS/ttao/scannet/posed_images/scene0656_00/00169.jpg",
      "transform_matrix": [
        [
          0.073475,
          0.35198,
          -0.933119,
          1.788582
        ],
        [
          0.996498,
          0.011539,
          0.082818,
          2.808531
        ],
        [
          0.039918,
          -0.935936,
          -0.349899,
          1.332373
        ],
        [
          0.0,
          0.0,
          0.0,
          1.0
        ]
      ]
    },
    {
      "file_path": "/media/NFS/ttao/scannet/posed_images/scene0656_00/00179.jpg",
      "transform_matrix": [
        [
          0.160518,
          0.332673,
          -0.929281,
          1.808843
        ],
        [
          0.986983,
          -0.044635,
          0.154507,
          2.869119
        ],
        [
          0.009921,
          -0.941985,
          -0.335508,
          1.314396
        ],
        [
          0.0,
          0.0,
          0.0,
          1.0
        ]
      ]
    },
    {
      "file_path": "/media/NFS/ttao/scannet/posed_images/scene0656_00/00183.jpg",
      "transform_matrix": [
        [
          0.184837,
          0.333241,
          -0.924546,
          1.817443
        ],
        [
          0.982743,
          -0.055794,
          0.176361,
          2.88089
        ],
        [
          0.007187,
          -0.941189,
          -0.337803,
          1.312735
        ],
        [
          0.0,
          0.0,
          0.0,
          1.0
        ]
      ]
    },
    {
      "file_path": "/media/NFS/ttao/scannet/posed_images/scene0656_00/00186.jpg",
      "transform_matrix": [
        [
          0.20596,
          0.342345,
          -0.916723,
          1.817753
        ],
        [
          0.978548,
          -0.06734,
          0.194702,
          2.884913
        ],
        [
          0.004923,
          -0.937158,
          -0.34887,
          1.308015
        ],
        [
          0.0,
          0.0,
          0.0,
          1.0
        ]
      ]
    },
    {
      "file_path": "/media/NFS/ttao/scannet/posed_images/scene0656_00/00193.jpg",
      "transform_matrix": [
        [
          0.27816,
          0.336684,
          -0.899595,
          1.794224
        ],
        [
          0.960213,
          -0.073241,
          0.269492,
          2.885859
        ],
        [
          0.024846,
          -0.938765,
          -0.343662,
          1.30171
        ],
        [
          0.0,
          0.0,
          0.0,
          1.0
        ]
      ]
    },
    {
      "file_path": "/media/NFS/ttao/scannet/posed_images/scene0656_00/00200.jpg",
      "transform_matrix": [
        [
          0.358522,
          0.388534,
          -0.848825,
          1.73791
        ],
        [
          0.933476,
          -0.140265,
          0.330073,
          2.889582
        ],
        [
          0.009185,
          -0.910696,
          -0.412975,
          1.277249
        ],
        [
          0.0,
          0.0,
          0.0,
          1.0
        ]
      ]
    },
    {
      "file_path": "/media/NFS/ttao/scannet/posed_images/scene0656_00/00207.jpg",
      "transform_matrix": [
        [
          0.377997,
          0.395113,
          -0.83726,
          1.704549
        ],
        [
          0.925802,
          -0.158325,
          0.343255,
          2.881316
        ],
        [
          0.003066,
          -0.904886,
          -0.425643,
          1.264711
        ],
        [
          0.0,
          0.0,
          0.0,
          1.0
        ]
      ]
    },
    {
      "file_path": "/media/NFS/ttao/scannet/posed_images/scene0656_00/00212.jpg",
      "transform_matrix": [
        [
          0.387573,
          0.367982,
          -0.845208,
          1.699804
        ],
        [
          0.921837,
          -0.15258,
          0.356281,
          2.883671
        ],
        [
          0.002144,
          -0.917229,
          -0.398355,
          1.276126
        ],
        [
          0.0,
          0.0,
          0.0,
          1.0
        ]
      ]
    },
    {
      "file_path": "/media/NFS/ttao/scannet/posed_images/scene0656_00/00215.jpg",
      "transform_matrix": [
        [
          0.387038,
          0.333878,
          -0.859493,
          1.70716
        ],
        [
          0.922047,
          -0.134494,
          0.362961,
          2.887447
        ],
        [
          0.005588,
          -0.932972,
          -0.359905,
          1.293114
        ],
        [
          0.0,
          0.0,
          0.0,
          1.0
        ]
      ]
    },
    {
      "file_path": "/media/NFS/ttao/scannet/posed_images/scene0656_00/00226.jpg",
      "transform_matrix": [
        [
          0.343756,
          0.24429,
          -0.906727,
          1.770338
        ],
        [
          0.938956,
          -0.075098,
          0.335742,
          2.898388
        ],
        [
          0.013925,
          -0.96679,
          -0.255193,
          1.359145
        ],
        [
          0.0,
          0.0,
          0.0,
          1.0
        ]
      ]
    },
    {
      "file_path": "/media/NFS/ttao/scannet/posed_images/scene0656_00/00231.jpg",
      "transform_matrix": [
        [
          0.320895,
          0.22869,
          -0.919091,
          1.816762
        ],
        [
          0.947102,
          -0.072444,
          0.312649,
          2.91146
        ],
        [
          0.004917,
          -0.9708,
          -0.239839,
          1.36065
        ],
        [
          0.0,
          0.0,
          0.0,
          1.0
        ]
      ]
    },
    {
      "file_path": "/media/NFS/ttao/scannet/posed_images/scene0656_00/00232.jpg",
      "transform_matrix": [
        [
          0.315164,
          0.230062,
          -0.92073,
          1.826952
        ],
        [
          0.949032,
          -0.073145,
          0.306574,
          2.91495
        ],
        [
          0.003184,
          -0.970423,
          -0.241389,
          1.362019
        ],
        [
          0.0,
          0.0,
          0.0,
          1.0
        ]
      ]
    },
    {
      "file_path": "/media/NFS/ttao/scannet/posed_images/scene0656_00/00238.jpg",
      "transform_matrix": [
        [
          0.266518,
          0.217824,
          -0.938893,
          1.893309
        ],
        [
          0.963814,
          -0.054598,
          0.260925,
          2.929089
        ],
        [
          0.005575,
          -0.97446,
          -0.224493,
          1.37092
        ],
        [
          0.0,
          0.0,
          0.0,
          1.0
        ]
      ]
    },
    {
      "file_path": "/media/NFS/ttao/scannet/posed_images/scene0656_00/00248.jpg",
      "transform_matrix": [
        [
          0.26799,
          0.172014,
          -0.947941,
          1.9907
        ],
        [
          0.963364,
          -0.037105,
          0.265617,
          2.925144
        ],
        [
          0.010516,
          -0.984396,
          -0.175656,
          1.388996
        ],
        [
          0.0,
          0.0,
          0.0,
          1.0
        ]
      ]
    },
    {
      "file_path": "/media/NFS/ttao/scannet/posed_images/scene0656_00/00250.jpg",
      "transform_matrix": [
        [
          0.270176,
          0.151501,
          -0.950817,
          2.010603
        ],
        [
          0.962804,
          -0.038613,
          0.267429,
          2.928021
        ],
        [
          0.003802,
          -0.987703,
          -0.156298,
          1.39394
        ],
        [
          0.0,
          0.0,
          0.0,
          1.0
        ]
      ]
    },
    {
      "file_path": "/media/NFS/ttao/scannet/posed_images/scene0656_00/00260.jpg",
      "transform_matrix": [
        [
          0.283955,
          0.086418,
          -0.954935,
          2.089634
        ],
        [
          0.958837,
          -0.025624,
          0.282797,
          2.901552
        ],
        [
          -3e-05,
          -0.995929,
          -0.090137,
          1.41737
        ],
        [
          0.0,
          0.0,
          0.0,
          1.0
        ]
      ]
    },
    {
      "file_path": "/media/NFS/ttao/scannet/posed_images/scene0656_00/00261.jpg",
      "transform_matrix": [
        [
          0.284046,
          0.083182,
          -0.955196,
          2.097903
        ],
        [
          0.958809,
          -0.023135,
          0.283106,
          2.896805
        ],
        [
          0.001451,
          -0.996266,
          -0.086327,
          1.418324
        ],
        [
          0.0,
          0.0,
          0.0,
          1.0
        ]
      ]
    },
    {
      "file_path": "/media/NFS/ttao/scannet/posed_images/scene0656_00/00267.jpg",
      "transform_matrix": [
        [
          0.316572,
          0.090991,
          -0.944194,
          2.137787
        ],
        [
          0.948373,
          -0.010182,
          0.316992,
          2.864332
        ],
        [
          0.019229,
          -0.9958,
          -0.089517,
          1.418044
        ],
        [
          0.0,
          0.0,
          0.0,
          1.0
        ]
      ]
    },
    {
      "file_path": "/media/NFS/ttao/scannet/posed_images/scene0656_00/00277.jpg",
      "transform_matrix": [
        [
          0.412719,
          0.079318,
          -0.907398,
          2.169342
        ],
        [
          0.910858,
          -0.035614,
          0.41118,
          2.82884
        ],
        [
          0.000297,
          -0.996213,
          -0.086946,
          1.414868
        ],
        [
          0.0,
          0.0,
          0.0,
          1.0
        ]
      ]
    },
    {
      "file_path": "/media/NFS/ttao/scannet/posed_images/scene0656_00/00282.jpg",
      "transform_matrix": [
        [
          0.447524,
          0.086538,
          -0.890076,
          2.16844
        ],
        [
          0.894271,
          -0.044859,
          0.445272,
          2.819835
        ],
        [
          -0.001395,
          -0.995238,
          -0.097464,
          1.414963
        ],
        [
          0.0,
          0.0,
          0.0,
          1.0
        ]
      ]
    },
    {
      "file_path": "/media/NFS/ttao/scannet/posed_images/scene0656_00/00287.jpg",
      "transform_matrix": [
        [
          0.487221,
          0.10099,
          -0.86742,
          2.161983
        ],
        [
          0.87326,
          -0.049851,
          0.484698,
          2.814804
        ],
        [
          0.005708,
          -0.993638,
          -0.112479,
          1.399859
        ],
        [
          0.0,
          0.0,
          0.0,
          1.0
        ]
      ]
    },
    {
      "file_path": "/media/NFS/ttao/scannet/posed_images/scene0656_00/00291.jpg",
      "transform_matrix": [
        [
          0.520363,
          0.138255,
          -0.842679,
          2.139919
        ],
        [
          0.853864,
          -0.070635,
          0.515681,
          2.816207
        ],
        [
          0.011773,
          -0.987875,
          -0.154807,
          1.384665
        ],
        [
          0.0,
          0.0,
          0.0,
          1.0
        ]
      ]
    },
    {
      "file_path": "/media/NFS/ttao/scannet/posed_images/scene0656_00/00299.jpg",
      "transform_matrix": [
        [
          0.585568,
          0.21944,
          -0.780356,
          2.100403
        ],
        [
          0.810419,
          -0.136887,
          0.569634,
          2.838233
        ],
        [
          0.01818,
          -0.965975,
          -0.257995,
          1.33677
        ],
        [
          0.0,
          0.0,
          0.0,
          1.0
        ]
      ]
    },
    {
      "file_path": "/media/NFS/ttao/scannet/posed_images/scene0656_00/00302.jpg",
      "transform_matrix": [
        [
          0.593665,
          0.245155,
          -0.766461,
          2.080917
        ],
        [
          0.804345,
          -0.151997,
          0.574391,
          2.852468
        ],
        [
          0.024315,
          -0.957495,
          -0.287424,
          1.303962
        ],
        [
          0.0,
          0.0,
          0.0,
          1.0
        ]
      ]
    },
    {
      "file_path": "/media/NFS/ttao/scannet/posed_images/scene0656_00/00306.jpg",
      "transform_matrix": [
        [
          0.591006,
          0.263612,
          -0.762378,
          2.060707
        ],
        [
          0.806438,
          -0.170569,
          0.566183,
          2.871309
        ],
        [
          0.019215,
          -0.949429,
          -0.313395,
          1.287027
        ],
        [
          0.0,
          0.0,
          0.0,
          1.0
        ]
      ]
    },
    {
      "file_path": "/media/NFS/ttao/scannet/posed_images/scene0656_00/00316.jpg",
      "transform_matrix": [
        [
          0.634411,
          0.301367,
          -0.711828,
          2.01167
        ],
        [
          0.772719,
          -0.271894,
          0.573567,
          2.944314
        ],
        [
          -0.020687,
          -0.913921,
          -0.405365,
          1.247017
        ],
        [
          0.0,
          0.0,
          0.0,
          1.0
        ]
      ]
    },
    {
      "file_path": "/media/NFS/ttao/scannet/posed_images/scene0656_00/00318.jpg",
      "transform_matrix": [
        [
          0.642958,
          0.307969,
          -0.701256,
          2.002713
        ],
        [
          0.765456,
          -0.289606,
          0.574635,
          2.955191
        ],
        [
          -0.026118,
          -0.906247,
          -0.421942,
          1.239917
        ],
        [
          0.0,
          0.0,
          0.0,
          1.0
        ]
      ]
    },
    {
      "file_path": "/media/NFS/ttao/scannet/posed_images/scene0656_00/00328.jpg",
      "transform_matrix": [
        [
          0.70772,
          0.315804,
          -0.631981,
          1.985353
        ],
        [
          0.706024,
          -0.348723,
          0.616378,
          3.001434
        ],
        [
          -0.025732,
          -0.882417,
          -0.469764,
          1.211504
        ],
        [
          0.0,
          0.0,
          0.0,
          1.0
        ]
      ]
    },
    {
      "file_path": "/media/NFS/ttao/scannet/posed_images/scene0656_00/00332.jpg",
      "transform_matrix": [
        [
          0.720107,
          0.322948,
          -0.614126,
          1.973374
        ],
        [
          0.693711,
          -0.353592,
          0.627485,
          3.007423
        ],
        [
          -0.014505,
          -0.877882,
          -0.478657,
          1.208381
        ],
        [
          0.0,
          0.0,
          0.0,
          1.0
        ]
      ]
    },
    {
      "file_path": "/media/NFS/ttao/scannet/posed_images/scene0656_00/00335.jpg",
      "transform_matrix": [
        [
          0.728845,
          0.331322,
          -0.599176,
          1.964442
        ],
        [
          0.684672,
          -0.356731,
          0.635584,
          3.002656
        ],
        [
          -0.003162,
          -0.873481,
          -0.486848,
          1.205394
        ],
        [
          0.0,
          0.0,
          0.0,
          1.0
        ]
      ]
    },
    {
      "file_path": "/media/NFS/ttao/scannet/posed_images/scene0656_00/00340.jpg",
      "transform_matrix": [
        [
          0.765699,
          0.331956,
          -0.550918,
          1.945167
        ],
        [
          0.642666,
          -0.359986,
          0.676306,
          2.988799
        ],
        [
          0.026181,
          -0.871903,
          -0.488978,
          1.199371
        ],
        [
          0.0,
          0.0,
          0.0,
          1.0
        ]
      ]
    },
    {
      "file_path": "/media/NFS/ttao/scannet/posed_images/scene0656_00/00347.jpg",
      "transform_matrix": [
        [
          0.858055,
          0.28535,
          -0.426986,
          1.912179
        ],
        [
          0.5114,
          -0.398631,
          0.76129,
          2.962636
        ],
        [
          0.047025,
          -0.87159,
          -0.487976,
          1.205205
        ],
        [
          0.0,
          0.0,
          0.0,
          1.0
        ]
      ]
    },
    {
      "file_path": "/media/NFS/ttao/scannet/posed_images/scene0656_00/00352.jpg",
      "transform_matrix": [
        [
          0.906086,
          0.234886,
          -0.351905,
          1.89241
        ],
        [
          0.421454,
          -0.42792,
          0.799538,
          2.935607
        ],
        [
          0.037213,
          -0.872762,
          -0.486726,
          1.215487
        ],
        [
          0.0,
          0.0,
          0.0,
          1.0
        ]
      ]
    },
    {
      "file_path": "/media/NFS/ttao/scannet/posed_images/scene0656_00/00362.jpg",
      "transform_matrix": [
        [
          0.961858,
          0.174858,
          -0.210368,
          1.889518
        ],
        [
          0.269463,
          -0.473195,
          0.838735,
          2.911531
        ],
        [
          0.047115,
          -0.86343,
          -0.502264,
          1.211295
        ],
        [
          0.0,
          0.0,
          0.0,
          1.0
        ]
      ]
    },
    {
      "file_path": "/media/NFS/ttao/scannet/posed_images/scene0656_00/00366.jpg",
      "transform_matrix": [
        [
          0.974857,
          0.153628,
          -0.161404,
          1.892013
        ],
        [
          0.217549,
          -0.499421,
          0.8386,
          2.911111
        ],
        [
          0.048224,
          -0.852629,
          -0.520286,
          1.204011
        ],
        [
          0.0,
          0.0,
          0.0,
          1.0
        ]
      ]
    },
    {
      "file_path": "/media/NFS/ttao/scannet/posed_images/scene0656_00/00371.jpg",
      "transform_matrix": [
        [
          0.979783,
          0.149817,
          -0.132587,
          1.879486
        ],
        [
          0.192629,
          -0.5275,
          0.827429,
          2.909686
        ],
        [
          0.054023,
          -0.836241,
          -0.545695,
          1.194642
        ],
        [
          0.0,
          0.0,
          0.0,
          1.0
        ]
      ]
    },
    {
      "file_path": "/media/NFS/ttao/scannet/posed_images/scene0656_00/00376.jpg",
      "transform_matrix": [
        [
          0.97663,
          0.161796,
          -0.14148,
          1.86219
        ],
        [
          0.207345,
          -0.535924,
          0.818409,
          2.899021
        ],
        [
          0.056593,
          -0.828618,
          -0.556947,
          1.185924
        ],
        [
          0.0,
          0.0,
          0.0,
          1.0
        ]
      ]
    },
    {
      "file_path": "/media/NFS/ttao/scannet/posed_images/scene0656_00/00385.jpg",
      "transform_matrix": [
        [
          0.955409,
          0.222987,
          -0.193573,
          1.827899
        ],
        [
          0.286999,
          -0.54702,
          0.786384,
          2.867098
        ],
        [
          0.069465,
          -0.806874,
          -0.586625,
          1.157511
        ],
        [
          0.0,
          0.0,
          0.0,
          1.0
        ]
      ]
    },
    {
      "file_path": "/media/NFS/ttao/scannet/posed_images/scene0656_00/00390.jpg",
      "transform_matrix": [
        [
          0.956745,
          0.231502,
          -0.176199,
          1.827873
        ],
        [
          0.279711,
          -0.56541,
          0.775934,
          2.875787
        ],
        [
          0.080005,
          -0.791656,
          -0.605706,
          1.154512
        ],
        [
          0.0,
          0.0,
          0.0,
          1.0
        ]
      ]
    },
    {
      "file_path": "/media/NFS/ttao/scannet/posed_images/scene0656_00/00396.jpg",
      "transform_matrix": [
        [
          0.968876,
          0.180606,
          -0.169295,
          1.828876
        ],
        [
          0.242247,
          -0.550992,
          0.798576,
          2.912434
        ],
        [
          0.050947,
          -0.814733,
          -0.577594,
          1.175653
        ],
        [
          0.0,
          0.0,
          0.0,
          1.0
        ]
      ]
    },
    {
      "file_path": "/media/NFS/ttao/scannet/posed_images/scene0656_00/00400.jpg",
      "transform_matrix": [
        [
          0.981581,
          0.119019,
          -0.149443,
          1.819898
        ],
        [
          0.190096,
          -0.530529,
          0.826076,
          2.939723
        ],
        [
          0.019035,
          -0.839269,
          -0.543382,
          1.190665
        ],
        [
          0.0,
          0.0,
          0.0,
          1.0
        ]
      ]
    },
    {
      "file_path": "/media/NFS/ttao/scannet/posed_images/scene0656_00/00407.jpg",
      "transform_matrix": [
        [
          0.995306,
          0.031487,
          -0.091514,
          1.801482
        ],
        [
          0.095609,
          -0.466499,
          0.879339,
          2.984712
        ],
        [
          -0.015004,
          -0.883961,
          -0.467319,
          1.239764
        ],
        [
          0.0,
          0.0,
          0.0,
          1.0
        ]
      ]
    },
    {
      "file_path": "/media/NFS/ttao/scannet/posed_images/scene0656_00/00412.jpg",
      "transform_matrix": [
        [
          0.999362,
          0.001354,
          -0.035688,
          1.760053
        ],
        [
          0.032562,
          -0.445026,
          0.894925,
          2.991182
        ],
        [
          -0.01467,
          -0.895517,
          -0.444786,
          1.266492
        ],
        [
          0.0,
          0.0,
          0.0,
          1.0
        ]
      ]
    },
    {
      "file_path": "/media/NFS/ttao/scannet/posed_images/scene0656_00/00415.jpg",
      "transform_matrix": [
        [
          0.999524,
          -0.030349,
          -0.00549,
          1.733712
        ],
        [
          -0.007863,
          -0.422896,
          0.906144,
          2.985927
        ],
        [
          -0.029822,
          -0.90567,
          -0.422933,
          1.282794
        ],
        [
          0.0,
          0.0,
          0.0,
          1.0
        ]
      ]
    },
    {
      "file_path": "/media/NFS/ttao/scannet/posed_images/scene0656_00/00424.jpg",
      "transform_matrix": [
        [
          0.993738,
          -0.101404,
          0.046914,
          1.657574
        ],
        [
          -0.080136,
          -0.354275,
          0.931701,
          2.961444
        ],
        [
          -0.077858,
          -0.929627,
          -0.360183,
          1.328186
        ],
        [
          0.0,
          0.0,
          0.0,
          1.0
        ]
      ]
    },
    {
      "file_path": "/media/NFS/ttao/scannet/posed_images/scene0656_00/00431.jpg",
      "transform_matrix": [
        [
          0.993686,
          -0.08712,
          0.070699,
          1.628241
        ],
        [
          -0.093123,
          -0.288943,
          0.952806,
          2.959503
        ],
        [
          -0.06258,
          -0.953374,
          -0.295232,
          1.358184
        ],
        [
          0.0,
          0.0,
          0.0,
          1.0
        ]
      ]
    },
    {
      "file_path": "/media/NFS/ttao/scannet/posed_images/scene0656_00/00432.jpg",
      "transform_matrix": [
        [
          0.993707,
          -0.084704,
          0.0733,
          1.625757
        ],
        [
          -0.0945,
          -0.282564,
          0.954582,
          2.960642
        ],
        [
          -0.060145,
          -0.955502,
          -0.28879,
          1.359131
        ],
        [
          0.0,
          0.0,
          0.0,
          1.0
        ]
      ]
    },
    {
      "file_path": "/media/NFS/ttao/scannet/posed_images/scene0656_00/00439.jpg",
      "transform_matrix": [
        [
          0.993986,
          -0.074708,
          0.080064,
          1.612059
        ],
        [
          -0.096951,
          -0.260451,
          0.960607,
          2.982367
        ],
        [
          -0.050912,
          -0.962592,
          -0.266128,
          1.365084
        ],
        [
          0.0,
          0.0,
          0.0,
