{
  "frames": [
    {
      "file_path": "/media/NFS/ttao/scannet/posed_images/scene0436_00/00001.jpg",
      "transform_matrix": [
        [
          0.750314,
          -0.395996,
          0.529355,
          1.198287
        ],
        [
          -0.660436,
          -0.413621,
          0.626691,
          1.573965
        ],
        [
          -0.029215,
          -0.81982,
          -0.571876,
          1.143325
        ],
        [
          0.0,
          0.0,
          0.0,
          1.0
        ]
      ]
    },
    {
      "file_path": "/media/NFS/ttao/scannet/posed_images/scene0436_00/00004.jpg",
      "transform_matrix": [
        [
          0.746474,
          -0.401492,
          0.530641,
          1.198066
        ],
        [
          -0.664411,
          -0.405936,
          0.627515,
          1.572378
        ],
        [
          -0.036536,
          -0.820987,
          -0.569776,
          1.142278
        ],
        [
          0.0,
          0.0,
          0.0,
          1.0
        ]
      ]
    },
    {
      "file_path": "/media/NFS/ttao/scannet/posed_images/scene0436_00/00008.jpg",
      "transform_matrix": [
        [
          0.750057,
          -0.402275,
          0.524966,
          1.19903
        ],
        [
          -0.660004,
          -0.404213,
          0.633251,
          1.570996
        ],
        [
          -0.042543,
          -0.821454,
          -0.568686,
          1.141426
        ],
        [
          0.0,
          0.0,
          0.0,
          1.0
        ]
      ]
    },
    {
      "file_path": "/media/NFS/ttao/scannet/posed_images/scene0436_00/00016.jpg",
      "transform_matrix": [
        [
          0.761301,
          -0.396337,
          0.513165,
          1.200975
        ],
        [
          -0.647411,
          -0.42097,
          0.635329,
          1.556225
        ],
        [
          -0.035777,
          -0.815905,
          -0.577078,
          1.133754
        ],
        [
          0.0,
          0.0,
          0.0,
          1.0
        ]
      ]
    },
    {
      "file_path": "/media/NFS/ttao/scannet/posed_images/scene0436_00/00018.jpg",
      "transform_matrix": [
        [
          0.761989,
          -0.394424,
          0.513616,
          1.201257
        ],
        [
          -0.646809,
          -0.424604,
          0.633522,
          1.556926
        ],
        [
          -0.031793,
          -0.814949,
          -0.578661,
          1.134914
        ],
        [
          0.0,
          0.0,
          0.0,
          1.0
        ]
      ]
    },
    {
      "file_path": "/media/NFS/ttao/scannet/posed_images/scene0436_00/00024.jpg",
      "transform_matrix": [
        [
          0.758746,
          -0.396019,
          0.517179,
          1.197816
        ],
        [
          -0.650581,
          -0.421225,
          0.631913,
          1.559028
        ],
        [
          -0.032401,
          -0.815928,
          -0.577245,
          1.13807
        ],
        [
          0.0,
          0.0,
          0.0,
          1.0
        ]
      ]
    },
    {
      "file_path": "/media/NFS/ttao/scannet/posed_images/scene0436_00/00026.jpg",
      "transform_matrix": [
        [
          0.759709,
          -0.394931,
          0.516597,
          1.199599
        ],
        [
          -0.649531,
          -0.423194,
          0.631677,
          1.55894
        ],
        [
          -0.030849,
          -0.815436,
          -0.578025,
          1.137676
        ],
        [
          0.0,
          0.0,
          0.0,
          1.0
        ]
      ]
    },
    {
      "file_path": "/media/NFS/ttao/scannet/posed_images/scene0436_00/00031.jpg",
      "transform_matrix": [
        [
          0.754802,
          -0.397821,
          0.521548,
          1.208028
        ],
        [
          -0.655282,
          -0.421373,
          0.626937,
          1.555889
        ],
        [
          -0.029642,
          -0.814975,
          -0.578738,
          1.139073
        ],
        [
          0.0,
          0.0,
          0.0,
          1.0
        ]
      ]
    },
    {
      "file_path": "/media/NFS/ttao/scannet/posed_images/scene0436_00/00035.jpg",
      "transform_matrix": [
        [
          0.741733,
          -0.407273,
          0.53288,
          1.219774
        ],
        [
          -0.670063,
          -0.415478,
          0.615137,
          1.552592
        ],
        [
          -0.029128,
          -0.81333,
          -0.581073,
          1.141587
        ],
        [
          0.0,
          0.0,
          0.0,
          1.0
        ]
      ]
    },
    {
      "file_path": "/media/NFS/ttao/scannet/posed_images/scene0436_00/00039.jpg",
      "transform_matrix": [
        [
          0.727914,
          -0.403524,
          0.554356,
          1.230633
        ],
        [
          -0.685252,
          -0.399947,
          0.608664,
          1.546854
        ],
        [
          -0.023897,
          -0.822928,
          -0.567643,
          1.147958
        ],
        [
          0.0,
          0.0,
          0.0,
          1.0
        ]
      ]
    },
    {
      "file_path": "/media/NFS/ttao/scannet/posed_images/scene0436_00/00047.jpg",
      "transform_matrix": [
        [
          0.687478,
          -0.410238,
          0.599231,
          1.241726
        ],
        [
          -0.726134,
          -0.376832,
          0.575089,
          1.525877
        ],
        [
          -0.010114,
          -0.830483,
          -0.556952,
          1.151588
        ],
        [
          0.0,
          0.0,
          0.0,
          1.0
        ]
      ]
    },
    {
      "file_path": "/media/NFS/ttao/scannet/posed_images/scene0436_00/00051.jpg",
      "transform_matrix": [
        [
          0.679605,
          -0.415314,
          0.604692,
          1.252086
        ],
        [
          -0.733448,
          -0.36914,
          0.57078,
          1.512431
        ],
        [
          -0.013837,
          -0.831414,
          -0.555481,
          1.149529
        ],
        [
          0.0,
          0.0,
          0.0,
          1.0
        ]
      ]
    },
    {
      "file_path": "/media/NFS/ttao/scannet/posed_images/scene0436_00/00053.jpg",
      "transform_matrix": [
        [
          0.680858,
          -0.418157,
          0.601313,
          1.259701
        ],
        [
          -0.73209,
          -0.36408,
          0.575751,
          1.503103
        ],
        [
          -0.021828,
          -0.83222,
          -0.554015,
          1.148503
        ],
        [
          0.0,
          0.0,
          0.0,
          1.0
        ]
      ]
    },
    {
      "file_path": "/media/NFS/ttao/scannet/posed_images/scene0436_00/00058.jpg",
      "transform_matrix": [
        [
          0.691889,
          -0.413911,
          0.591581,
          1.290559
        ],
        [
          -0.721705,
          -0.372889,
          0.583177,
          1.479313
        ],
        [
          -0.020789,
          -0.83044,
          -0.55672,
          1.147374
        ],
        [
          0.0,
          0.0,
          0.0,
          1.0
        ]
      ]
    },
    {
      "file_path": "/media/NFS/ttao/scannet/posed_images/scene0436_00/00063.jpg",
      "transform_matrix": [
        [
          0.710363,
          -0.398917,
          0.579871,
          1.327202
        ],
        [
          -0.703718,
          -0.387488,
          0.595511,
          1.441429
        ],
        [
          -0.012866,
          -0.831095,
          -0.555982,
          1.14676
        ],
        [
          0.0,
          0.0,
          0.0,
          1.0
        ]
      ]
    },
    {
      "file_path": "/media/NFS/ttao/scannet/posed_images/scene0436_00/00070.jpg",
      "transform_matrix": [
        [
          0.717354,
          -0.390522,
          0.576971,
          1.402131
        ],
        [
          -0.696623,
          -0.389096,
          0.60276,
          1.355218
        ],
        [
          -0.010894,
          -0.834324,
          -0.551167,
          1.153707
        ],
        [
          0.0,
          0.0,
          0.0,
          1.0
        ]
      ]
    },
    {
      "file_path": "/media/NFS/ttao/scannet/posed_images/scene0436_00/00074.jpg",
      "transform_matrix": [
        [
          0.717245,
          -0.393487,
          0.575089,
          1.433933
        ],
        [
          -0.696733,
          -0.39182,
          0.600866,
          1.319734
        ],
        [
          -0.011102,
          -0.831652,
          -0.555187,
          1.156981
        ],
        [
          0.0,
          0.0,
          0.0,
          1.0
        ]
      ]
    },
    {
      "file_path": "/media/NFS/ttao/scannet/posed_images/scene0436_00/00075.jpg",
      "transform_matrix": [
        [
          0.721363,
          -0.393395,
          0.569979,
          1.439029
        ],
        [
          -0.692401,
          -0.392184,
          0.605618,
          1.311513
        ],
        [
          -0.01471,
          -0.831524,
          -0.555294,
          1.157314
        ],
        [
          0.0,
          0.0,
          0.0,
          1.0
        ]
      ]
    },
    {
      "file_path": "/media/NFS/ttao/scannet/posed_images/scene0436_00/00084.jpg",
      "transform_matrix": [
        [
          0.746903,
          -0.387699,
          0.540209,
          1.468369
        ],
        [
          -0.664288,
          -0.399285,
          0.631897,
          1.278075
        ],
        [
          -0.029289,
          -0.83082,
          -0.555771,
          1.16477
        ],
        [
          0.0,
          0.0,
          0.0,
          1.0
        ]
      ]
    },
    {
      "file_path": "/media/NFS/ttao/scannet/posed_images/scene0436_00/00085.jpg",
      "transform_matrix": [
        [
          0.745994,
          -0.390096,
          0.539739,
          1.472261
        ],
        [
          -0.665229,
          -0.398727,
          0.631258,
          1.27563
        ],
        [
          -0.031043,
          -0.829965,
          -0.556952,
          1.166178
        ],
        [
          0.0,
          0.0,
          0.0,
          1.0
        ]
      ]
    },
    {
      "file_path": "/media/NFS/ttao/scannet/posed_images/scene0436_00/00089.jpg",
      "transform_matrix": [
        [
          0.742396,
          -0.378854,
          0.552556,
          1.485401
        ],
        [
          -0.669811,
          -0.402218,
          0.624159,
          1.272726
        ],
        [
          -0.014217,
          -0.833481,
          -0.552366,
          1.181144
        ],
        [
          0.0,
          0.0,
          0.0,
          1.0
        ]
      ]
    },
    {
      "file_path": "/media/NFS/ttao/scannet/posed_images/scene0436_00/00093.jpg",
      "transform_matrix": [
        [
          0.740509,
          -0.366264,
          0.563469,
          1.478364
        ],
        [
          -0.671988,
          -0.392472,
          0.628011,
          1.263486
        ],
        [
          -0.008872,
          -0.843692,
          -0.536754,
          1.183059
        ],
        [
          0.0,
          0.0,
          0.0,
          1.0
        ]
      ]
    },
    {
      "file_path": "/media/NFS/ttao/scannet/posed_images/scene0436_00/00100.jpg",
      "transform_matrix": [
        [
          0.722419,
          -0.354806,
          0.593484,
          1.470745
        ],
        [
          -0.691282,
          -0.389841,
          0.608402,
          1.26416
        ],
        [
          0.0155,
          -0.849786,
          -0.5269,
          1.217214
        ],
        [
          0.0,
          0.0,
          0.0,
          1.0
        ]
      ]
    },
    {
      "file_path": "/media/NFS/ttao/scannet/posed_images/scene0436_00/00102.jpg",
      "transform_matrix": [
        [
          0.724354,
          -0.354636,
          0.591224,
          1.47756
        ],
        [
          -0.689391,
          -0.381568,
          0.615749,
          1.262931
        ],
        [
          0.007225,
          -0.853604,
          -0.520872,
          1.229876
        ],
        [
          0.0,
          0.0,
          0.0,
          1.0
        ]
      ]
    },
    {
      "file_path": "/media/NFS/ttao/scannet/posed_images/scene0436_00/00109.jpg",
      "transform_matrix": [
        [
          0.692835,
          -0.330932,
          0.640675,
          1.464977
        ],
        [
          -0.721083,
          -0.312518,
          0.618362,
          1.275826
        ],
        [
          -0.004413,
          -0.890402,
          -0.455153,
          1.281904
        ],
        [
          0.0,
          0.0,
          0.0,
          1.0
        ]
      ]
    },
    {
      "file_path": "/media/NFS/ttao/scannet/posed_images/scene0436_00/00114.jpg",
      "transform_matrix": [
        [
          0.691011,
          -0.307906,
          0.653986,
          1.471251
        ],
        [
          -0.722176,
          -0.255163,
          0.642926,
          1.27306
        ],
        [
          -0.031088,
          -0.916562,
          -0.398682,
          1.318002
        ],
        [
          0.0,
          0.0,
          0.0,
          1.0
        ]
      ]
    },
    {
      "file_path": "/media/NFS/ttao/scannet/posed_images/scene0436_00/00117.jpg",
      "transform_matrix": [
        [
          0.691763,
          -0.281727,
          0.664902,
          1.471757
        ],
        [
          -0.721452,
          -0.229876,
          0.653196,
          1.269624
        ],
        [
          -0.031177,
          -0.931551,
          -0.362272,
          1.333518
        ],
        [
          0.0,
          0.0,
          0.0,
          1.0
        ]
      ]
    },
    {
      "file_path": "/media/NFS/ttao/scannet/posed_images/scene0436_00/00123.jpg",
      "transform_matrix": [
        [
          0.708363,
          -0.246289,
          0.661486,
          1.483103
        ],
        [
          -0.705042,
          -0.202099,
          0.679759,
          1.270496
        ],
        [
          -0.033731,
          -0.947891,
          -0.316804,
          1.370837
        ],
        [
          0.0,
          0.0,
          0.0,
          1.0
        ]
      ]
    },
    {
      "file_path": "/media/NFS/ttao/scannet/posed_images/scene0436_00/00125.jpg",
      "transform_matrix": [
        [
          0.711198,
          -0.237198,
          0.661767,
          1.487251
        ],
        [
          -0.702012,
          -0.18995,
          0.686366,
          1.271629
        ],
        [
          -0.037102,
          -0.95271,
          -0.301607,
          1.384501
        ],
        [
          0.0,
          0.0,
          0.0,
          1.0
        ]
      ]
    },
    {
      "file_path": "/media/NFS/ttao/scannet/posed_images/scene0436_00/00129.jpg",
      "transform_matrix": [
        [
          0.715001,
          -0.214196,
          0.665502,
          1.486824
        ],
        [
          -0.697408,
          -0.151879,
          0.700396,
          1.278307
        ],
        [
          -0.048946,
          -0.964911,
          -0.257975,
          1.407689
        ],
        [
          0.0,
          0.0,
          0.0,
          1.0
        ]
      ]
    },
    {
      "file_path": "/media/NFS/ttao/scannet/posed_images/scene0436_00/00133.jpg",
      "transform_matrix": [
        [
          0.720163,
          -0.184514,
          0.66882,
          1.49075
        ],
        [
          -0.691889,
          -0.119399,
          0.712062,
          1.27585
        ],
        [
          -0.051529,
          -0.97555,
          -0.21365,
          1.423079
        ],
        [
          0.0,
          0.0,
          0.0,
          1.0
        ]
      ]
    },
    {
      "file_path": "/media/NFS/ttao/scannet/posed_images/scene0436_00/00139.jpg",
      "transform_matrix": [
        [
          0.729788,
          -0.145628,
          0.667983,
          1.495739
        ],
        [
          -0.6817,
          -0.080817,
          0.727155,
          1.279745
        ],
        [
          -0.05191,
          -0.986033,
          -0.158254,
          1.454175
        ],
        [
          0.0,
          0.0,
          0.0,
          1.0
        ]
      ]
    },
    {
      "file_path": "/media/NFS/ttao/scannet/posed_images/scene0436_00/00143.jpg",
      "transform_matrix": [
        [
          0.737032,
          -0.118152,
          0.66545,
          1.497479
        ],
        [
          -0.674071,
          -0.056943,
          0.736469,
          1.269358
        ],
        [
          -0.049123,
          -0.991361,
          -0.121611,
          1.475519
        ],
        [
          0.0,
          0.0,
          0.0,
          1.0
        ]
      ]
    },
    {
      "file_path": "/media/NFS/ttao/scannet/posed_images/scene0436_00/00150.jpg",
      "transform_matrix": [
        [
          0.742543,
          -0.083526,
          0.664571,
          1.480432
        ],
        [
          -0.668081,
          -0.021342,
          0.743782,
          1.278597
        ],
        [
          -0.047942,
          -0.996277,
          -0.07165,
          1.50436
        ],
        [
          0.0,
          0.0,
          0.0,
          1.0
        ]
      ]
    },
    {
      "file_path": "/media/NFS/ttao/scannet/posed_images/scene0436_00/00155.jpg",
      "transform_matrix": [
        [
          0.752856,
          -0.093647,
          0.651489,
          1.467157
        ],
        [
          -0.657496,
          -0.061706,
          0.750927,
          1.287989
        ],
        [
          -0.030121,
          -0.993691,
          -0.108028,
          1.468109
        ],
        [
          0.0,
          0.0,
          0.0,
          1.0
        ]
      ]
    },
    {
      "file_path": "/media/NFS/ttao/scannet/posed_images/scene0436_00/00159.jpg",
      "transform_matrix": [
        [
          0.744709,
          -0.123549,
          0.655853,
          1.460759
        ],
        [
          -0.667355,
          -0.127938,
          0.733668,
          1.300298
        ],
        [
          -0.006735,
          -0.984057,
          -0.177727,
          1.446913
        ],
        [
          0.0,
          0.0,
          0.0,
          1.0
        ]
      ]
    },
    {
      "file_path": "/media/NFS/ttao/scannet/posed_images/scene0436_00/00163.jpg",
      "transform_matrix": [
        [
          0.728045,
          -0.175513,
          0.66268,
          1.446552
        ],
        [
          -0.685504,
          -0.178185,
          0.705928,
          1.317536
        ],
        [
          -0.005819,
          -0.968218,
          -0.250042,
          1.458718
        ],
        [
          0.0,
          0.0,
          0.0,
          1.0
        ]
      ]
    },
    {
      "file_path": "/media/NFS/ttao/scannet/posed_images/scene0436_00/00168.jpg",
      "transform_matrix": [
        [
          0.67578,
          -0.225425,
          0.701788,
          1.418576
        ],
        [
          -0.737011,
          -0.191561,
          0.648166,
          1.354234
        ],
        [
          -0.011677,
          -0.955242,
          -0.295594,
          1.446618
        ],
        [
          0.0,
          0.0,
          0.0,
          1.0
        ]
      ]
    },
    {
      "file_path": "/media/NFS/ttao/scannet/posed_images/scene0436_00/00172.jpg",
      "transform_matrix": [
        [
          0.614803,
          -0.267574,
          0.741904,
          1.389451
        ],
        [
          -0.786857,
          -0.144151,
          0.600064,
          1.387531
        ],
        [
          -0.053616,
          -0.952693,
          -0.299167,
          1.432134
        ],
        [
          0.0,
          0.0,
          0.0,
          1.0
        ]
      ]
    },
    {
      "file_path": "/media/NFS/ttao/scannet/posed_images/scene0436_00/00174.jpg",
      "transform_matrix": [
        [
          0.580996,
          -0.275311,
          0.765929,
          1.373171
        ],
        [
          -0.811473,
          -0.123221,
          0.571252,
          1.405474
        ],
        [
          -0.062894,
          -0.953426,
          -0.294998,
          1.431786
        ],
        [
          0.0,
          0.0,
          0.0,
          1.0
        ]
      ]
    },
    {
      "file_path": "/media/NFS/ttao/scannet/posed_images/scene0436_00/00179.jpg",
      "transform_matrix": [
        [
          0.509656,
          -0.272195,
          0.816187,
          1.340714
        ],
        [
          -0.857799,
          -0.087351,
          0.506508,
          1.447925
        ],
        [
          -0.066575,
          -0.958269,
          -0.278007,
          1.426151
        ],
        [
          0.0,
          0.0,
          0.0,
          1.0
        ]
      ]
    },
    {
      "file_path": "/media/NFS/ttao/scannet/posed_images/scene0436_00/00183.jpg",
      "transform_matrix": [
        [
          0.459102,
          -0.288357,
          0.840283,
          1.33436
        ],
        [
          -0.886479,
          -0.086794,
          0.454557,
          1.48136
        ],
        [
          -0.058143,
          -0.953581,
          -0.29547,
          1.419352
        ],
        [
          0.0,
          0.0,
          0.0,
          1.0
        ]
      ]
    },
    {
      "file_path": "/media/NFS/ttao/scannet/posed_images/scene0436_00/00189.jpg",
      "transform_matrix": [
        [
          0.33136,
          -0.282659,
          0.900169,
          1.331602
        ],
        [
          -0.942851,
          -0.063711,
          0.327066,
          1.547442
        ],
        [
          -0.035097,
          -0.957102,
          -0.287617,
          1.416306
        ],
        [
          0.0,
          0.0,
          0.0,
          1.0
        ]
      ]
    },
    {
      "file_path": "/media/NFS/ttao/scannet/posed_images/scene0436_00/00195.jpg",
      "transform_matrix": [
        [
          0.224101,
          -0.258704,
          0.939601,
          1.353692
        ],
        [
          -0.974206,
          -0.033262,
          0.223196,
          1.591287
        ],
        [
          -0.026489,
          -0.965384,
          -0.259485,
          1.414448
        ],
        [
          0.0,
          0.0,
          0.0,
          1.0
        ]
      ]
    },
    {
      "file_path": "/media/NFS/ttao/scannet/posed_images/scene0436_00/00197.jpg",
      "transform_matrix": [
        [
          0.175664,
          -0.262619,
          0.948774,
          1.35763
        ],
        [
          -0.984191,
          -0.024738,
          0.175374,
          1.611262
        ],
        [
          -0.022586,
          -0.964582,
          -0.262813,
          1.423432
        ],
        [
          0.0,
          0.0,
          0.0,
          1.0
        ]
      ]
    },
    {
      "file_path": "/media/NFS/ttao/scannet/posed_images/scene0436_00/00202.jpg",
      "transform_matrix": [
        [
          0.088883,
          -0.241902,
          0.966221,
          1.374057
        ],
        [
          -0.994751,
          0.027814,
          0.098471,
          1.65841
        ],
        [
          -0.050695,
          -0.969902,
          -0.238161,
          1.401078
        ],
        [
          0.0,
          0.0,
          0.0,
          1.0
        ]
      ]
    },
    {
      "file_path": "/media/NFS/ttao/scannet/posed_images/scene0436_00/00209.jpg",
      "transform_matrix": [
        [
          -0.06709,
          -0.239197,
          0.96865,
          1.399008
        ],
        [
          -0.996963,
          0.054533,
          -0.055585,
          1.712863
        ],
        [
          -0.039528,
          -0.969439,
          -0.242129,
          1.392156
        ],
        [
          0.0,
          0.0,
          0.0,
          1.0
        ]
      ]
    },
    {
      "file_path": "/media/NFS/ttao/scannet/posed_images/scene0436_00/00210.jpg",
      "transform_matrix": [
        [
          -0.112636,
          -0.240816,
          0.964013,
          1.407969
        ],
        [
          -0.992201,
          0.07939,
          -0.096097,
          1.771732
        ],
        [
          -0.053392,
          -0.967318,
          -0.24788,
          1.405715
        ],
        [
          0.0,
          0.0,
          0.0,
          1.0
        ]
      ]
    },
    {
      "file_path": "/media/NFS/ttao/scannet/posed_images/scene0436_00/00218.jpg",
      "transform_matrix": [
        [
          -0.342933,
          -0.203652,
          0.917018,
          1.439379
        ],
        [
          -0.938515,
          0.115673,
          -0.325284,
          1.86203
        ],
        [
          -0.039829,
          -0.972186,
          -0.230799,
          1.395692
        ],
        [
          0.0,
          0.0,
          0.0,
          1.0
        ]
      ]
    },
    {
      "file_path": "/media/NFS/ttao/scannet/posed_images/scene0436_00/00222.jpg",
      "transform_matrix": [
        [
          -0.431055,
          -0.196086,
          0.880762,
          1.454121
        ],
        [
          -0.900548,
          0.154725,
          -0.406292,
          1.886617
        ],
        [
          -0.056608,
          -0.968303,
          -0.24328,
          1.420876
        ],
        [
          0.0,
          0.0,
          0.0,
          1.0
        ]
      ]
    },
    {
      "file_path": "/media/NFS/ttao/scannet/posed_images/scene0436_00/00226.jpg",
      "transform_matrix": [
        [
          -0.521096,
          -0.193683,
          0.831231,
          1.448799
        ],
        [
          -0.852491,
          0.165416,
          -0.49588,
          1.912149
        ],
        [
          -0.041455,
          -0.967018,
          -0.251311,
          1.413108
        ],
        [
          0.0,
          0.0,
          0.0,
          1.0
        ]
      ]
    },
    {
      "file_path": "/media/NFS/ttao/scannet/posed_images/scene0436_00/00228.jpg",
      "transform_matrix": [
        [
          -0.55561,
          -0.202659,
          0.806366,
          1.446883
        ],
        [
          -0.830829,
          0.1726,
          -0.529087,
          1.921508
        ],
        [
          -0.031955,
          -0.963918,
          -0.264273,
          1.416225
        ],
        [
          0.0,
          0.0,
          0.0,
          1.0
        ]
      ]
    },
    {
      "file_path": "/media/NFS/ttao/scannet/posed_images/scene0436_00/00236.jpg",
      "transform_matrix": [
        [
          -0.608674,
          -0.236378,
          0.757392,
          1.430746
        ],
        [
          -0.793307,
          0.19746,
          -0.575911,
          1.985739
        ],
        [
          -0.013422,
          -0.951386,
          -0.307709,
          1.428283
        ],
        [
          0.0,
          0.0,
          0.0,
          1.0
        ]
      ]
    },
    {
      "file_path": "/media/NFS/ttao/scannet/posed_images/scene0436_00/00240.jpg",
      "transform_matrix": [
        [
          -0.636428,
          -0.220313,
          0.739203,
          1.408602
        ],
        [
          -0.771018,
          0.209245,
          -0.601455,
          2.019202
        ],
        [
          -0.022166,
          -0.952722,
          -0.303035,
          1.425167
        ],
        [
          0.0,
          0.0,
          0.0,
          1.0
        ]
      ]
    },
    {
      "file_path": "/media/NFS/ttao/scannet/posed_images/scene0436_00/00245.jpg",
      "transform_matrix": [
        [
          -0.679488,
          -0.181856,
          0.710791,
          1.376162
        ],
        [
          -0.732362,
          0.226296,
          -0.642212,
          2.039876
        ],
        [
          -0.044059,
          -0.956932,
          -0.28695,
          1.446164
        ],
        [
          0.0,
          0.0,
          0.0,
          1.0
        ]
      ]
    },
    {
      "file_path": "/media/NFS/ttao/scannet/posed_images/scene0436_00/00247.jpg",
      "transform_matrix": [
        [
          -0.686753,
          -0.194877,
          0.700281,
          1.366122
        ],
        [
          -0.726242,
          0.224658,
          -0.649694,
          2.052425
        ],
        [
          -0.030713,
          -0.954752,
          -0.295813,
          1.442182
        ],
        [
          0.0,
          0.0,
          0.0,
          1.0
        ]
      ]
    },
    {
      "file_path": "/media/NFS/ttao/scannet/posed_images/scene0436_00/00253.jpg",
      "transform_matrix": [
        [
          -0.726573,
          -0.270047,
          0.631796,
          1.351449
        ],
        [
          -0.687085,
          0.288684,
          -0.666765,
          2.081585
        ],
        [
          -0.002331,
          -0.918551,
          -0.395296,
          1.39207
        ],
        [
          0.0,
          0.0,
          0.0,
          1.0
        ]
      ]
    },
    {
      "file_path": "/media/NFS/ttao/scannet/posed_images/scene0436_00/00257.jpg",
      "transform_matrix": [
        [
          -0.751708,
          -0.282635,
          0.595863,
          1.352027
        ],
        [
          -0.659472,
          0.329856,
          -0.675494,
          2.090105
        ],
        [
          -0.005631,
          -0.900729,
          -0.434345,
          1.377863
        ],
        [
          0.0,
          0.0,
          0.0,
          1.0
        ]
      ]
    },
    {
      "file_path": "/media/NFS/ttao/scannet/posed_images/scene0436_00/00263.jpg",
      "transform_matrix": [
        [
          -0.786792,
          -0.287461,
          0.546192,
          1.362301
        ],
        [
          -0.617208,
          0.36131,
          -0.698934,
          2.099418
        ],
        [
          0.003572,
          -0.88703,
          -0.461699,
          1.363421
        ],
        [
          0.0,
          0.0,
          0.0,
          1.0
        ]
      ]
    },
    {
      "file_path": "/media/NFS/ttao/scannet/posed_images/scene0436_00/00267.jpg",
      "transform_matrix": [
        [
          -0.813001,
          -0.262681,
          0.519642,
          1.370243
        ],
        [
          -0.582019,
          0.392411,
          -0.712227,
          2.101288
        ],
        [
          -0.016825,
          -0.881483,
          -0.471916,
          1.368038
        ],
        [
          0.0,
          0.0,
          0.0,
          1.0
        ]
      ]
    },
    {
      "file_path": "/media/NFS/ttao/scannet/posed_images/scene0436_00/00268.jpg",
      "transform_matrix": [
        [
          -0.820035,
          -0.250265,
          0.514694,
          1.375968
        ],
        [
          -0.57158,
          0.403651,
          -0.714397,
          2.102198
        ],
        [
          -0.028969,
          -0.880019,
          -0.474054,
          1.376093
        ],
        [
          0.0,
          0.0,
          0.0,
          1.0
        ]
      ]
    },
    {
      "file_path": "/media/NFS/ttao/scannet/posed_images/scene0436_00/00276.jpg",
      "transform_matrix": [
        [
          -0.861253,
          -0.186575,
          0.472687,
          1.410309
        ],
        [
          -0.507662,
          0.357734,
          -0.783776,
          2.13885
        ],
        [
          -0.022863,
          -0.914995,
          -0.402817,
          1.409641
        ],
        [
          0.0,
          0.0,
          0.0,
          1.0
        ]
      ]
    },
    {
      "file_path": "/media/NFS/ttao/scannet/posed_images/scene0436_00/00279.jpg",
      "transform_matrix": [
        [
          -0.867493,
          -0.16152,
          0.470497,
          1.417755
        ],
        [
          -0.496809,
          0.329299,
          -0.802959,
          2.150045
        ],
        [
          -0.02524,
          -0.930308,
          -0.365909,
          1.427203
        ],
        [
          0.0,
          0.0,
          0.0,
          1.0
        ]
      ]
    },
    {
      "file_path": "/media/NFS/ttao/scannet/posed_images/scene0436_00/00283.jpg",
      "transform_matrix": [
        [
          -0.865667,
          -0.126795,
          0.484297,
          1.41933
        ],
        [
          -0.49966,
          0.278744,
          -0.820147,
          2.163262
        ],
        [
          -0.031004,
          -0.951958,
          -0.304654,
          1.447031
        ],
        [
          0.0,
          0.0,
          0.0,
          1.0
        ]
      ]
    },
    {
      "file_path": "/media/NFS/ttao/scannet/posed_images/scene0436_00/00287.jpg",
      "transform_matrix": [
        [
          -0.865797,
          -0.098654,
          0.490575,
          1.424914
        ],
        [
          -0.499404,
          0.232047,
          -0.834715,
          2.169918
        ],
        [
          -0.031489,
          -0.967689,
          -0.250173,
          1.478216
        ],
        [
          0.0,
          0.0,
          0.0,
          1.0
        ]
      ]
    },
    {
      "file_path": "/media/NFS/ttao/scannet/posed_images/scene0436_00/00291.jpg",
      "transform_matrix": [
        [
          -0.860166,
          -0.075983,
          0.504322,
          1.435272
        ],
        [
          -0.509217,
          0.183217,
          -0.84091,
          2.181329
        ],
        [
          -0.028506,
          -0.980132,
          -0.196289,
          1.508683
        ],
        [
          0.0,
          0.0,
          0.0,
          1.0
        ]
      ]
    },
    {
      "file_path": "/media/NFS/ttao/scannet/posed_images/scene0436_00/00296.jpg",
      "transform_matrix": [
        [
          -0.846053,
          -0.03021,
          0.532242,
          1.42977
        ],
        [
          -0.531378,
          0.127945,
          -0.837417,
          2.191382
        ],
        [
          -0.0428,
          -0.991321,
          -0.124301,
          1.534827
        ],
        [
          0.0,
          0.0,
          0.0,
          1.0
        ]
      ]
    },
    {
      "file_path": "/media/NFS/ttao/scannet/posed_images/scene0436_00/00300.jpg",
      "transform_matrix": [
        [
          -0.852331,
          -0.005712,
          0.522972,
          1.432962
        ],
        [
          -0.521128,
          0.093875,
          -0.8483,
          2.202489
        ],
        [
          -0.044249,
          -0.995568,
          -0.082989,
          1.556391
        ],
        [
          0.0,
          0.0,
          0.0,
          1.0
        ]
      ]
    },
    {
      "file_path": "/media/NFS/ttao/scannet/posed_images/scene0436_00/00304.jpg",
      "transform_matrix": [
        [
          -0.855763,
          0.010615,
          0.517258,
          1.436379
        ],
        [
          -0.515773,
          0.060921,
          -0.854557,
          2.209395
        ],
        [
          -0.040583,
          -0.998086,
          -0.046658,
          1.575924
        ],
        [
          0.0,
          0.0,
          0.0,
          1.0
        ]
      ]
    },
    {
      "file_path": "/media/NFS/ttao/scannet/posed_images/scene0436_00/00313.jpg",
      "transform_matrix": [
        [
          -0.852517,
          0.033371,
          0.521634,
          1.422819
        ],
        [
          -0.521962,
          -0.001354,
          -0.852967,
          2.217671
        ],
        [
          -0.027758,
          -0.999442,
          0.018573,
          1.581423
        ],
        [
          0.0,
          0.0,
          0.0,
          1.0
        ]
      ]
    },
    {
      "file_path": "/media/NFS/ttao/scannet/posed_images/scene0436_00/00317.jpg",
      "transform_matrix": [
        [
          -0.859139,
          0.010126,
          0.511642,
          1.428579
        ],
        [
          -0.511547,
          0.010591,
          -0.85919,
          2.217273
        ],
        [
          -0.014119,
          -0.999893,
          -0.003919,
          1.570207
        ],
        [
          0.0,
          0.0,
          0.0,
          1.0
        ]
      ]
    },
    {
      "file_path": "/media/NFS/ttao/scannet/posed_images/scene0436_00/00321.jpg",
      "transform_matrix": [
        [
          -0.867154,
          -0.033249,
          0.49693,
          1.43173
        ],
        [
          -0.498031,
          0.051484,
          -0.86563,
          2.217686
        ],
        [
          0.003197,
          -0.99812,
          -0.061204,
          1.544773
        ],
        [
          0.0,
          0.0,
          0.0,
          1.0
        ]
      ]
    },
    {
      "file_path": "/media/NFS/ttao/scannet/posed_images/scene0436_00/00326.jpg",
      "transform_matrix": [
        [
          -0.874757,
          -0.082172,
          0.477545,
          1.438263
        ],
        [
          -0.484212,
          0.110732,
          -0.867916,
          2.212266
        ],
        [
          0.018438,
          -0.990448,
          -0.136652,
          1.515497
        ],
        [
          0.0,
          0.0,
          0.0,
          1.0
        ]
      ]
    },
    {
      "file_path": "/media/NFS/ttao/scannet/posed_images/scene0436_00/00330.jpg",
      "transform_matrix": [
        [
          -0.883273,
          -0.112664,
          0.455121,
          1.438456
        ],
        [
          -0.468569,
          0.178054,
          -0.865297,
          2.206795
        ],
        [
          0.016452,
          -0.97755,
          -0.210061,
          1.49536
        ],
        [
          0.0,
          0.0,
          0.0,
          1.0
        ]
      ]
    },
    {
      "file_path": "/media/NFS/ttao/scannet/posed_images/scene0436_00/00331.jpg",
      "transform_matrix": [
        [
          -0.886733,
          -0.116758,
          0.447294,
          1.441632
        ],
        [
          -0.461961,
          0.187757,
          -0.866798,
          2.20834
        ],
        [
          0.017223,
          -0.975251,
          -0.220428,
          1.4844
        ],
        [
          0.0,
          0.0,
          0.0,
          1.0
        ]
      ]
    },
    {
      "file_path": "/media/NFS/ttao/scannet/posed_images/scene0436_00/00339.jpg",
      "transform_matrix": [
        [
          -0.918829,
          -0.14084,
          0.36867,
          1.44426
        ],
        [
          -0.394149,
          0.280168,
          -0.875301,
          2.200462
        ],
        [
          0.019988,
          -0.949563,
          -0.312939,
          1.420423
        ],
        [
          0.0,
          0.0,
          0.0,
          1.0
        ]
      ]
    },
    {
      "file_path": "/media/NFS/ttao/scannet/posed_images/scene0436_00/00342.jpg",
      "transform_matrix": [
        [
          -0.932189,
          -0.142221,
          0.332861,
          1.438019
        ],
        [
          -0.361434,
          0.315644,
          -0.877345,
          2.1896
        ],
        [
          0.019712,
          -0.938159,
          -0.345644,
          1.424243
        ],
        [
          0.0,
          0.0,
          0.0,
          1.0
        ]
      ]
    },
    {
      "file_path": "/media/NFS/ttao/scannet/posed_images/scene0436_00/00346.jpg",
      "transform_matrix": [
        [
          -0.955787,
          -0.10202,
          0.275796,
          1.435189
        ],
        [
          -0.29406,
          0.332534,
          -0.896075,
          2.192607
        ],
