{
  "frames": [
    {
      "file_path": "/media/NFS/ttao/scannet/posed_images/scene0278_00/00000.jpg",
      "transform_matrix": [
        [
          0.132072,
          -0.246284,
          0.960157,
          3.475473
        ],
        [
          -0.991213,
          -0.04,
          0.126083,
          1.461869
        ],
        [
          0.007354,
          -0.968372,
          -0.249403,
          1.449678
        ],
        [
          0.0,
          0.0,
          0.0,
          1.0
        ]
      ]
    },
    {
      "file_path": "/media/NFS/ttao/scannet/posed_images/scene0278_00/00002.jpg",
      "transform_matrix": [
        [
          0.122723,
          -0.252532,
          0.959774,
          3.493139
        ],
        [
          -0.992383,
          -0.041686,
          0.115924,
          1.473865
        ],
        [
          0.010735,
          -0.96669,
          -0.255725,
          1.448285
        ],
        [
          0.0,
          0.0,
          0.0,
          1.0
        ]
      ]
    },
    {
      "file_path": "/media/NFS/ttao/scannet/posed_images/scene0278_00/00006.jpg",
      "transform_matrix": [
        [
          0.122831,
          -0.244537,
          0.961829,
          3.522575
        ],
        [
          -0.992196,
          -0.051202,
          0.113692,
          1.485301
        ],
        [
          0.021445,
          -0.968287,
          -0.248917,
          1.44497
        ],
        [
          0.0,
          0.0,
          0.0,
          1.0
        ]
      ]
    },
    {
      "file_path": "/media/NFS/ttao/scannet/posed_images/scene0278_00/00009.jpg",
      "transform_matrix": [
        [
          0.117896,
          -0.253301,
          0.960177,
          3.55116
        ],
        [
          -0.99297,
          -0.040388,
          0.111268,
          1.489578
        ],
        [
          0.010595,
          -0.966544,
          -0.256282,
          1.442446
        ],
        [
          0.0,
          0.0,
          0.0,
          1.0
        ]
      ]
    },
    {
      "file_path": "/media/NFS/ttao/scannet/posed_images/scene0278_00/00012.jpg",
      "transform_matrix": [
        [
          0.119854,
          -0.261081,
          0.957848,
          3.580202
        ],
        [
          -0.992754,
          -0.039936,
          0.113336,
          1.491837
        ],
        [
          0.008663,
          -0.96449,
          -0.263976,
          1.448813
        ],
        [
          0.0,
          0.0,
          0.0,
          1.0
        ]
      ]
    },
    {
      "file_path": "/media/NFS/ttao/scannet/posed_images/scene0278_00/00013.jpg",
      "transform_matrix": [
        [
          0.120905,
          -0.262055,
          0.95745,
          3.591202
        ],
        [
          -0.992613,
          -0.041758,
          0.113916,
          1.49008
        ],
        [
          0.010129,
          -0.964149,
          -0.265168,
          1.449173
        ],
        [
          0.0,
          0.0,
          0.0,
          1.0
        ]
      ]
    },
    {
      "file_path": "/media/NFS/ttao/scannet/posed_images/scene0278_00/00017.jpg",
      "transform_matrix": [
        [
          0.114757,
          -0.259763,
          0.95883,
          3.640241
        ],
        [
          -0.99332,
          -0.041787,
          0.107564,
          1.488529
        ],
        [
          0.012125,
          -0.964768,
          -0.262823,
          1.450546
        ],
        [
          0.0,
          0.0,
          0.0,
          1.0
        ]
      ]
    },
    {
      "file_path": "/media/NFS/ttao/scannet/posed_images/scene0278_00/00018.jpg",
      "transform_matrix": [
        [
          0.117581,
          -0.258722,
          0.958769,
          3.65231
        ],
        [
          -0.992973,
          -0.043668,
          0.109992,
          1.484679
        ],
        [
          0.01341,
          -0.964964,
          -0.262039,
          1.452652
        ],
        [
          0.0,
          0.0,
          0.0,
          1.0
        ]
      ]
    },
    {
      "file_path": "/media/NFS/ttao/scannet/posed_images/scene0278_00/00022.jpg",
      "transform_matrix": [
        [
          0.114735,
          -0.240858,
          0.963755,
          3.701472
        ],
        [
          -0.993343,
          -0.037867,
          0.108794,
          1.475999
        ],
        [
          0.010291,
          -0.969822,
          -0.243599,
          1.455024
        ],
        [
          0.0,
          0.0,
          0.0,
          1.0
        ]
      ]
    },
    {
      "file_path": "/media/NFS/ttao/scannet/posed_images/scene0278_00/00023.jpg",
      "transform_matrix": [
        [
          0.112802,
          -0.242114,
          0.963668,
          3.71437
        ],
        [
          -0.99356,
          -0.037895,
          0.106781,
          1.474621
        ],
        [
          0.010665,
          -0.969508,
          -0.24483,
          1.455107
        ],
        [
          0.0,
          0.0,
          0.0,
          1.0
        ]
      ]
    },
    {
      "file_path": "/media/NFS/ttao/scannet/posed_images/scene0278_00/00028.jpg",
      "transform_matrix": [
        [
          0.11158,
          -0.244765,
          0.963141,
          3.767643
        ],
        [
          -0.993557,
          -0.04684,
          0.1032,
          1.464973
        ],
        [
          0.019853,
          -0.96845,
          -0.248415,
          1.453597
        ],
        [
          0.0,
          0.0,
          0.0,
          1.0
        ]
      ]
    },
    {
      "file_path": "/media/NFS/ttao/scannet/posed_images/scene0278_00/00029.jpg",
      "transform_matrix": [
        [
          0.109655,
          -0.247716,
          0.962608,
          3.776889
        ],
        [
          -0.993738,
          -0.048225,
          0.100791,
          1.466565
        ],
        [
          0.021454,
          -0.967632,
          -0.251453,
          1.456103
        ],
        [
          0.0,
          0.0,
          0.0,
          1.0
        ]
      ]
    },
    {
      "file_path": "/media/NFS/ttao/scannet/posed_images/scene0278_00/00032.jpg",
      "transform_matrix": [
        [
          0.114089,
          -0.265522,
          0.957331,
          3.797977
        ],
        [
          -0.993274,
          -0.049633,
          0.104607,
          1.464918
        ],
        [
          0.01974,
          -0.962827,
          -0.269399,
          1.449931
        ],
        [
          0.0,
          0.0,
          0.0,
          1.0
        ]
      ]
    },
    {
      "file_path": "/media/NFS/ttao/scannet/posed_images/scene0278_00/00035.jpg",
      "transform_matrix": [
        [
          0.098972,
          -0.261752,
          0.960047,
          3.812907
        ],
        [
          -0.994954,
          -0.041983,
          0.091124,
          1.467963
        ],
        [
          0.016453,
          -0.964222,
          -0.264587,
          1.455533
        ],
        [
          0.0,
          0.0,
          0.0,
          1.0
        ]
      ]
    },
    {
      "file_path": "/media/NFS/ttao/scannet/posed_images/scene0278_00/00037.jpg",
      "transform_matrix": [
        [
          0.078334,
          -0.264445,
          0.961214,
          3.823932
        ],
        [
          -0.996848,
          -0.032911,
          0.072184,
          1.47338
        ],
        [
          0.012546,
          -0.963839,
          -0.266189,
          1.460093
        ],
        [
          0.0,
          0.0,
          0.0,
          1.0
        ]
      ]
    },
    {
      "file_path": "/media/NFS/ttao/scannet/posed_images/scene0278_00/00041.jpg",
      "transform_matrix": [
        [
          0.034464,
          -0.278223,
          0.959898,
          3.83944
        ],
        [
          -0.999406,
          -0.008881,
          0.033308,
          1.465192
        ],
        [
          -0.000743,
          -0.960476,
          -0.278364,
          1.465973
        ],
        [
          0.0,
          0.0,
          0.0,
          1.0
        ]
      ]
    },
    {
      "file_path": "/media/NFS/ttao/scannet/posed_images/scene0278_00/00043.jpg",
      "transform_matrix": [
        [
          -0.008682,
          -0.272799,
          0.962032,
          3.846911
        ],
        [
          -0.999953,
          0.00646,
          -0.007193,
          1.474621
        ],
        [
          -0.004253,
          -0.962049,
          -0.272843,
          1.472124
        ],
        [
          0.0,
          0.0,
          0.0,
          1.0
        ]
      ]
    },
    {
      "file_path": "/media/NFS/ttao/scannet/posed_images/scene0278_00/00044.jpg",
      "transform_matrix": [
        [
          -0.020196,
          -0.271285,
          0.962287,
          3.849671
        ],
        [
          -0.999787,
          0.009683,
          -0.018253,
          1.477648
        ],
        [
          -0.004366,
          -0.96245,
          -0.271423,
          1.471444
        ],
        [
          0.0,
          0.0,
          0.0,
          1.0
        ]
      ]
    },
    {
      "file_path": "/media/NFS/ttao/scannet/posed_images/scene0278_00/00047.jpg",
      "transform_matrix": [
        [
          -0.061967,
          -0.271759,
          0.960369,
          3.858783
        ],
        [
          -0.998077,
          0.018303,
          -0.059221,
          1.489673
        ],
        [
          -0.001484,
          -0.962192,
          -0.27237,
          1.476199
        ],
        [
          0.0,
          0.0,
          0.0,
          1.0
        ]
      ]
    },
    {
      "file_path": "/media/NFS/ttao/scannet/posed_images/scene0278_00/00051.jpg",
      "transform_matrix": [
        [
          -0.120474,
          -0.259588,
          0.958176,
          3.868675
        ],
        [
          -0.992643,
          0.043254,
          -0.113089,
          1.515027
        ],
        [
          -0.012088,
          -0.964751,
          -0.262889,
          1.472488
        ],
        [
          0.0,
          0.0,
          0.0,
          1.0
        ]
      ]
    },
    {
      "file_path": "/media/NFS/ttao/scannet/posed_images/scene0278_00/00052.jpg",
      "transform_matrix": [
        [
          -0.134016,
          -0.257466,
          0.956949,
          3.871357
        ],
        [
          -0.990926,
          0.044868,
          -0.126703,
          1.516818
        ],
        [
          -0.010315,
          -0.965245,
          -0.261142,
          1.471435
        ],
        [
          0.0,
          0.0,
          0.0,
          1.0
        ]
      ]
    },
    {
      "file_path": "/media/NFS/ttao/scannet/posed_images/scene0278_00/00057.jpg",
      "transform_matrix": [
        [
          -0.206565,
          -0.237988,
          0.949048,
          3.884099
        ],
        [
          -0.97838,
          0.060304,
          -0.197827,
          1.530629
        ],
        [
          -0.010151,
          -0.969394,
          -0.2453,
          1.47638
        ],
        [
          0.0,
          0.0,
          0.0,
          1.0
        ]
      ]
    },
    {
      "file_path": "/media/NFS/ttao/scannet/posed_images/scene0278_00/00058.jpg",
      "transform_matrix": [
        [
          -0.219666,
          -0.234771,
          0.946905,
          3.885642
        ],
        [
          -0.975512,
          0.063887,
          -0.210463,
          1.533016
        ],
        [
          -0.011084,
          -0.969949,
          -0.243055,
          1.47482
        ],
        [
          0.0,
          0.0,
          0.0,
          1.0
        ]
      ]
    },
    {
      "file_path": "/media/NFS/ttao/scannet/posed_images/scene0278_00/00061.jpg",
      "transform_matrix": [
        [
          -0.254474,
          -0.240246,
          0.936763,
          3.892088
        ],
        [
          -0.966937,
          0.07984,
          -0.242194,
          1.52988
        ],
        [
          -0.016605,
          -0.967423,
          -0.25262,
          1.475196
        ],
        [
          0.0,
          0.0,
          0.0,
          1.0
        ]
      ]
    },
    {
      "file_path": "/media/NFS/ttao/scannet/posed_images/scene0278_00/00063.jpg",
      "transform_matrix": [
        [
          -0.283679,
          -0.232406,
          0.93033,
          3.894627
        ],
        [
          -0.958817,
          0.082928,
          -0.271649,
          1.533084
        ],
        [
          -0.014018,
          -0.969077,
          -0.246359,
          1.472204
        ],
        [
          0.0,
          0.0,
          0.0,
          1.0
        ]
      ]
    },
    {
      "file_path": "/media/NFS/ttao/scannet/posed_images/scene0278_00/00067.jpg",
      "transform_matrix": [
        [
          -0.337305,
          -0.193182,
          0.921361,
          3.89751
        ],
        [
          -0.940993,
          0.097797,
          -0.323987,
          1.544231
        ],
        [
          -0.027518,
          -0.976277,
          -0.21477,
          1.474916
        ],
        [
          0.0,
          0.0,
          0.0,
          1.0
        ]
      ]
    },
    {
      "file_path": "/media/NFS/ttao/scannet/posed_images/scene0278_00/00070.jpg",
      "transform_matrix": [
        [
          -0.369347,
          -0.18022,
          0.911649,
          3.901841
        ],
        [
          -0.928527,
          0.111353,
          -0.354172,
          1.539601
        ],
        [
          -0.037686,
          -0.977303,
          -0.208468,
          1.487149
        ],
        [
          0.0,
          0.0,
          0.0,
          1.0
        ]
      ]
    },
    {
      "file_path": "/media/NFS/ttao/scannet/posed_images/scene0278_00/00071.jpg",
      "transform_matrix": [
        [
          -0.382719,
          -0.177306,
          0.906691,
          3.901592
        ],
        [
          -0.9232,
          0.110642,
          -0.36805,
          1.541876
        ],
        [
          -0.03506,
          -0.977917,
          -0.206034,
          1.480402
        ],
        [
          0.0,
          0.0,
          0.0,
          1.0
        ]
      ]
    },
    {
      "file_path": "/media/NFS/ttao/scannet/posed_images/scene0278_00/00074.jpg",
      "transform_matrix": [
        [
          -0.427068,
          -0.178979,
          0.886329,
          3.911352
        ],
        [
          -0.903687,
          0.118128,
          -0.411578,
          1.549675
        ],
        [
          -0.031036,
          -0.976736,
          -0.21219,
          1.475787
        ],
        [
          0.0,
          0.0,
          0.0,
          1.0
        ]
      ]
    },
    {
      "file_path": "/media/NFS/ttao/scannet/posed_images/scene0278_00/00076.jpg",
      "transform_matrix": [
        [
          -0.448934,
          -0.173325,
          0.876594,
          3.915339
        ],
        [
          -0.892882,
          0.125355,
          -0.43249,
          1.550546
        ],
        [
          -0.034924,
          -0.976855,
          -0.211035,
          1.473919
        ],
        [
          0.0,
          0.0,
          0.0,
          1.0
        ]
      ]
    },
    {
      "file_path": "/media/NFS/ttao/scannet/posed_images/scene0278_00/00080.jpg",
      "transform_matrix": [
        [
          -0.496784,
          -0.152096,
          0.854443,
          3.920613
        ],
        [
          -0.866595,
          0.140381,
          -0.47886,
          1.543697
        ],
        [
          -0.047115,
          -0.978346,
          -0.201545,
          1.471467
        ],
        [
          0.0,
          0.0,
          0.0,
          1.0
        ]
      ]
    },
    {
      "file_path": "/media/NFS/ttao/scannet/posed_images/scene0278_00/00081.jpg",
      "transform_matrix": [
        [
          -0.509434,
          -0.151018,
          0.847155,
          3.922201
        ],
        [
          -0.859104,
          0.145504,
          -0.490681,
          1.542744
        ],
        [
          -0.049162,
          -0.977764,
          -0.203865,
          1.468335
        ],
        [
          0.0,
          0.0,
          0.0,
          1.0
        ]
      ]
    },
    {
      "file_path": "/media/NFS/ttao/scannet/posed_images/scene0278_00/00084.jpg",
      "transform_matrix": [
        [
          -0.547358,
          -0.153901,
          0.822626,
          3.931333
        ],
        [
          -0.835426,
          0.158762,
          -0.526172,
          1.538875
        ],
        [
          -0.049624,
          -0.975248,
          -0.215472,
          1.454064
        ],
        [
          0.0,
          0.0,
          0.0,
          1.0
        ]
      ]
    },
    {
      "file_path": "/media/NFS/ttao/scannet/posed_images/scene0278_00/00087.jpg",
      "transform_matrix": [
        [
          -0.578619,
          -0.165745,
          0.798579,
          3.941032
        ],
        [
          -0.81411,
          0.176501,
          -0.553239,
          1.52717
        ],
        [
          -0.049254,
          -0.970245,
          -0.237061,
          1.441474
        ],
        [
          0.0,
          0.0,
          0.0,
          1.0
        ]
      ]
    },
    {
      "file_path": "/media/NFS/ttao/scannet/posed_images/scene0278_00/00091.jpg",
      "transform_matrix": [
        [
          -0.617126,
          -0.158596,
          0.770716,
          3.963522
        ],
        [
          -0.78461,
          0.198117,
          -0.587483,
          1.495665
        ],
        [
          -0.05952,
          -0.967263,
          -0.246699,
          1.4449
        ],
        [
          0.0,
          0.0,
          0.0,
          1.0
        ]
      ]
    },
    {
      "file_path": "/media/NFS/ttao/scannet/posed_images/scene0278_00/00093.jpg",
      "transform_matrix": [
        [
          -0.631916,
          -0.156892,
          0.758991,
          3.974792
        ],
        [
          -0.7728,
          0.201904,
          -0.601677,
          1.481616
        ],
        [
          -0.058845,
          -0.966757,
          -0.248832,
          1.442567
        ],
        [
          0.0,
          0.0,
          0.0,
          1.0
        ]
      ]
    },
    {
      "file_path": "/media/NFS/ttao/scannet/posed_images/scene0278_00/00096.jpg",
      "transform_matrix": [
        [
          -0.652252,
          -0.144757,
          0.744052,
          3.997351
        ],
        [
          -0.755135,
          0.209395,
          -0.621229,
          1.458118
        ],
        [
          -0.065873,
          -0.967057,
          -0.24589,
          1.445634
        ],
        [
          0.0,
          0.0,
          0.0,
          1.0
        ]
      ]
    },
    {
      "file_path": "/media/NFS/ttao/scannet/posed_images/scene0278_00/00097.jpg",
      "transform_matrix": [
        [
          -0.655286,
          -0.141812,
          0.741949,
          4.007302
        ],
        [
          -0.751983,
          0.215523,
          -0.622954,
          1.449266
        ],
        [
          -0.071565,
          -0.966147,
          -0.24787,
          1.448248
        ],
        [
          0.0,
          0.0,
          0.0,
          1.0
        ]
      ]
    },
    {
      "file_path": "/media/NFS/ttao/scannet/posed_images/scene0278_00/00100.jpg",
      "transform_matrix": [
        [
          -0.665605,
          -0.141014,
          0.732861,
          4.027972
        ],
        [
          -0.742802,
          0.220198,
          -0.632264,
          1.423834
        ],
        [
          -0.072216,
          -0.965209,
          -0.25131,
          1.452476
        ],
        [
          0.0,
          0.0,
          0.0,
          1.0
        ]
      ]
    },
    {
      "file_path": "/media/NFS/ttao/scannet/posed_images/scene0278_00/00104.jpg",
      "transform_matrix": [
        [
          -0.688062,
          -0.1401,
          0.711999,
          4.067217
        ],
        [
          -0.722799,
          0.219231,
          -0.655362,
          1.393545
        ],
        [
          -0.064276,
          -0.965562,
          -0.252109,
          1.454209
        ],
        [
          0.0,
          0.0,
          0.0,
          1.0
        ]
      ]
    },
    {
      "file_path": "/media/NFS/ttao/scannet/posed_images/scene0278_00/00105.jpg",
      "transform_matrix": [
        [
          -0.692887,
          -0.139675,
          0.707389,
          4.075748
        ],
        [
          -0.718143,
          0.221631,
          -0.659659,
          1.387139
        ],
        [
          -0.064642,
          -0.965075,
          -0.253872,
          1.453576
        ],
        [
          0.0,
          0.0,
          0.0,
          1.0
        ]
      ]
    },
    {
      "file_path": "/media/NFS/ttao/scannet/posed_images/scene0278_00/00109.jpg",
      "transform_matrix": [
        [
          -0.710769,
          -0.162125,
          0.684487,
          4.117694
        ],
        [
          -0.700844,
          0.246503,
          -0.669368,
          1.364676
        ],
        [
          -0.060207,
          -0.955485,
          -0.288831,
          1.449122
        ],
        [
          0.0,
          0.0,
          0.0,
          1.0
        ]
      ]
    },
    {
      "file_path": "/media/NFS/ttao/scannet/posed_images/scene0278_00/00111.jpg",
      "transform_matrix": [
        [
          -0.717907,
          -0.167252,
          0.675749,
          4.135751
        ],
        [
          -0.693832,
          0.250865,
          -0.675028,
          1.35471
        ],
        [
          -0.056622,
          -0.953464,
          -0.296143,
          1.442462
        ],
        [
          0.0,
          0.0,
          0.0,
          1.0
        ]
      ]
    },
    {
      "file_path": "/media/NFS/ttao/scannet/posed_images/scene0278_00/00113.jpg",
      "transform_matrix": [
        [
          -0.72922,
          -0.167246,
          0.663526,
          4.16119
        ],
        [
          -0.681688,
          0.261856,
          -0.683179,
          1.34976
        ],
        [
          -0.059489,
          -0.950505,
          -0.30496,
          1.44236
        ],
        [
          0.0,
          0.0,
          0.0,
          1.0
        ]
      ]
    },
    {
      "file_path": "/media/NFS/ttao/scannet/posed_images/scene0278_00/00117.jpg",
      "transform_matrix": [
        [
          -0.756382,
          -0.163749,
          0.633302,
          4.210998
        ],
        [
          -0.651328,
          0.27805,
          -0.706017,
          1.34055
        ],
        [
          -0.06048,
          -0.946507,
          -0.316966,
          1.44129
        ],
        [
          0.0,
          0.0,
          0.0,
          1.0
        ]
      ]
    },
    {
      "file_path": "/media/NFS/ttao/scannet/posed_images/scene0278_00/00119.jpg",
      "transform_matrix": [
        [
          -0.772989,
          -0.15928,
          0.614099,
          4.245148
        ],
        [
          -0.6313,
          0.288983,
          -0.719686,
          1.340608
        ],
        [
          -0.062833,
          -0.943991,
          -0.323935,
          1.446157
        ],
        [
          0.0,
          0.0,
          0.0,
          1.0
        ]
      ]
    },
    {
      "file_path": "/media/NFS/ttao/scannet/posed_images/scene0278_00/00121.jpg",
      "transform_matrix": [
        [
          -0.792714,
          -0.148677,
          0.591185,
          4.291682
        ],
        [
          -0.60627,
          0.293416,
          -0.739151,
          1.346277
        ],
        [
          -0.063569,
          -0.944353,
          -0.322733,
          1.454264
        ],
        [
          0.0,
          0.0,
          0.0,
          1.0
        ]
      ]
    },
    {
      "file_path": "/media/NFS/ttao/scannet/posed_images/scene0278_00/00125.jpg",
      "transform_matrix": [
        [
          -0.810266,
          -0.143037,
          0.568339,
          4.36287
        ],
        [
          -0.581771,
          0.313445,
          -0.75053,
          1.358995
        ],
        [
          -0.070789,
          -0.938772,
          -0.337189,
          1.462879
        ],
        [
          0.0,
          0.0,
          0.0,
          1.0
        ]
      ]
    },
    {
      "file_path": "/media/NFS/ttao/scannet/posed_images/scene0278_00/00126.jpg",
      "transform_matrix": [
        [
          -0.814232,
          -0.140993,
          0.563159,
          4.377234
        ],
        [
          -0.576253,
          0.313957,
          -0.754561,
          1.362026
        ],
        [
          -0.07042,
          -0.93891,
          -0.336881,
          1.463008
        ],
        [
          0.0,
          0.0,
          0.0,
          1.0
        ]
      ]
    },
    {
      "file_path": "/media/NFS/ttao/scannet/posed_images/scene0278_00/00130.jpg",
      "transform_matrix": [
        [
          -0.840432,
          -0.113149,
          0.529973,
          4.433823
        ],
        [
          -0.535868,
          0.319221,
          -0.781629,
          1.367924
        ],
        [
          -0.080738,
          -0.940902,
          -0.328916,
          1.463264
        ],
        [
          0.0,
          0.0,
          0.0,
          1.0
        ]
      ]
    },
    {
      "file_path": "/media/NFS/ttao/scannet/posed_images/scene0278_00/00132.jpg",
      "transform_matrix": [
        [
          -0.8549,
          -0.116264,
          0.505598,
          4.457437
        ],
        [
          -0.513352,
          0.330363,
          -0.792042,
          1.363227
        ],
        [
          -0.074945,
          -0.936666,
          -0.342112,
          1.458444
        ],
        [
          0.0,
          0.0,
          0.0,
          1.0
        ]
      ]
    },
    {
      "file_path": "/media/NFS/ttao/scannet/posed_images/scene0278_00/00134.jpg",
      "transform_matrix": [
        [
          -0.876113,
          -0.12071,
          0.46675,
          4.485288
        ],
        [
          -0.478396,
          0.337547,
          -0.810678,
          1.353461
        ],
        [
          -0.059692,
          -0.933537,
          -0.353476,
          1.45238
        ],
        [
          0.0,
          0.0,
          0.0,
          1.0
        ]
      ]
    },
    {
      "file_path": "/media/NFS/ttao/scannet/posed_images/scene0278_00/00138.jpg",
      "transform_matrix": [
        [
          -0.914726,
          -0.107921,
          0.389397,
          4.536981
        ],
        [
          -0.401557,
          0.350204,
          -0.846232,
          1.316821
        ],
        [
          -0.045042,
          -0.930435,
          -0.363678,
          1.447715
        ],
        [
          0.0,
          0.0,
          0.0,
          1.0
        ]
      ]
    },
    {
      "file_path": "/media/NFS/ttao/scannet/posed_images/scene0278_00/00139.jpg",
      "transform_matrix": [
        [
          -0.920857,
          -0.100281,
          0.376785,
          4.548253
        ],
        [
          -0.386797,
          0.356653,
          -0.850403,
          1.305298
        ],
        [
          -0.049102,
          -0.928839,
          -0.367215,
          1.447387
        ],
        [
          0.0,
          0.0,
          0.0,
          1.0
        ]
      ]
    },
    {
      "file_path": "/media/NFS/ttao/scannet/posed_images/scene0278_00/00142.jpg",
      "transform_matrix": [
        [
          -0.93649,
          -0.069706,
          0.343698,
          4.578016
        ],
        [
          -0.344303,
          0.369025,
          -0.863294,
          1.269639
        ],
        [
          -0.066657,
          -0.926802,
          -0.369588,
          1.449696
        ],
        [
          0.0,
          0.0,
          0.0,
          1.0
        ]
      ]
    },
    {
      "file_path": "/media/NFS/ttao/scannet/posed_images/scene0278_00/00146.jpg",
      "transform_matrix": [
        [
          -0.960138,
          -0.025458,
          0.278367,
          4.619874
        ],
        [
          -0.267455,
          0.37318,
          -0.888372,
          1.223848
        ],
        [
          -0.081265,
          -0.92741,
          -0.365113,
          1.452706
        ],
        [
          0.0,
          0.0,
          0.0,
          1.0
        ]
      ]
    },
    {
      "file_path": "/media/NFS/ttao/scannet/posed_images/scene0278_00/00148.jpg",
      "transform_matrix": [
        [
          -0.973878,
          -0.00471,
          0.227023,
          4.64347
        ],
        [
          -0.211817,
          0.379117,
          -0.900779,
          1.189833
        ],
        [
          -0.081825,
          -0.925337,
          -0.370212,
          1.453994
        ],
        [
          0.0,
          0.0,
          0.0,
          1.0
        ]
      ]
    },
    {
      "file_path": "/media/NFS/ttao/scannet/posed_images/scene0278_00/00150.jpg",
      "transform_matrix": [
        [
          -0.986768,
          0.00124,
          0.162135,
          4.650249
        ],
        [
          -0.147993,
          0.401628,
          -0.903766,
          1.156023
        ],
        [
          -0.066239,
          -0.915802,
          -0.39613,
          1.453218
        ],
        [
          0.0,
          0.0,
          0.0,
          1.0
        ]
      ]
    },
    {
      "file_path": "/media/NFS/ttao/scannet/posed_images/scene0278_00/00154.jpg",
      "transform_matrix": [
        [
          -0.995915,
          0.082792,
          0.03605,
          4.663668
        ],
        [
          -0.001074,
          0.388341,
          -0.921515,
          1.111165
        ],
        [
          -0.090294,
          -0.917789,
          -0.386665,
          1.457722
        ],
        [
          0.0,
          0.0,
          0.0,
          1.0
        ]
      ]
    },
    {
      "file_path": "/media/NFS/ttao/scannet/posed_images/scene0278_00/00155.jpg",
      "transform_matrix": [
        [
          -0.995105,
          0.09868,
          0.005279,
          4.666535
        ],
        [
          0.033267,
          0.384818,
          -0.922393,
          1.103106
        ],
        [
          -0.093053,
          -0.917702,
          -0.386217,
          1.455176
        ],
        [
          0.0,
          0.0,
          0.0,
          1.0
        ]
      ]
    },
    {
      "file_path": "/media/NFS/ttao/scannet/posed_images/scene0278_00/00159.jpg",
      "transform_matrix": [
        [
          -0.981588,
          0.149,
          -0.119515,
          4.676745
        ],
        [
          0.171004,
          0.406738,
          -0.897397,
          1.074231
        ],
        [
          -0.085101,
          -0.901312,
          -0.424728,
          1.4564
        ],
        [
          0.0,
          0.0,
          0.0,
          1.0
        ]
      ]
    },
    {
      "file_path": "/media/NFS/ttao/scannet/posed_images/scene0278_00/00161.jpg",
      "transform_matrix": [
        [
          -0.974958,
          0.159315,
          -0.155163,
          4.651363
        ],
        [
          0.206877,
          0.393714,
          -0.895651,
          1.072026
        ],
        [
          -0.0816,
          -0.905322,
          -0.416814,
          1.454751
        ],
        [
          0.0,
          0.0,
          0.0,
          1.0
        ]
      ]
    },
    {
      "file_path": "/media/NFS/ttao/scannet/posed_images/scene0278_00/00165.jpg",
      "transform_matrix": [
        [
          -0.946166,
          0.195798,
          -0.257745,
          4.660854
        ],
        [
          0.315539,
          0.380478,
          -0.869293,
          1.067958
        ],
        [
          -0.07214,
          -0.903825,
          -0.421778,
          1.449133
        ],
        [
          0.0,
          0.0,
          0.0,
          1.0
        ]
      ]
    },
    {
      "file_path": "/media/NFS/ttao/scannet/posed_images/scene0278_00/00166.jpg",
      "transform_matrix": [
        [
          -0.937172,
          0.203507,
          -0.283362,
          4.66297
        ],
        [
          0.341919,
          0.374493,
          -0.861885,
          1.068879
        ],
        [
          -0.069283,
          -0.904621,
          -0.420547,
          1.447911
        ],
        [
          0.0,
          0.0,
          0.0,
          1.0
        ]
      ]
    },
    {
      "file_path": "/media/NFS/ttao/scannet/posed_images/scene0278_00/00170.jpg",
      "transform_matrix": [
        [
          -0.902749,
          0.247925,
          -0.351535,
          4.651708
        ],
        [
          0.422426,
          0.356595,
          -0.833304,
          1.079045
        ],
        [
          -0.081242,
          -0.900762,
          -0.426646,
          1.448322
        ],
        [
          0.0,
          0.0,
          0.0,
          1.0
        ]
      ]
    },
    {
      "file_path": "/media/NFS/ttao/scannet/posed_images/scene0278_00/00172.jpg",
      "transform_matrix": [
        [
          -0.882799,
          0.265551,
          -0.387491,
          4.651839
        ],
        [
          0.461724,
          0.338671,
          -0.819825,
          1.083137
        ],
        [
          -0.086473,
          -0.902655,
          -0.421589,
          1.446992
        ],
        [
          0.0,
          0.0,
          0.0,
          1.0
        ]
      ]
    },
    {
      "file_path": "/media/NFS/ttao/scannet/posed_images/scene0278_00/00174.jpg",
      "transform_matrix": [
        [
          -0.864005,
          0.276921,
          -0.420488,
          4.650669
        ],
        [
          0.496083,
          0.325568,
          -0.804927,
          1.087675
        ],
        [
          -0.086004,
          -0.904058,
          -0.418668,
          1.445208
        ],
        [
          0.0,
          0.0,
          0.0,
          1.0
        ]
      ]
    },
    {
      "file_path": "/media/NFS/ttao/scannet/posed_images/scene0278_00/00176.jpg",
      "transform_matrix": [
        [
          -0.843381,
          0.288239,
          -0.453461,
          4.645997
        ],
        [
          0.530864,
          0.316596,
          -0.786099,
          1.090805
        ],
        [
          -0.08302,
          -0.903707,
          -0.420027,
          1.443583
        ],
        [
          0.0,
          0.0,
          0.0,
          1.0
        ]
      ]
    },
    {
      "file_path": "/media/NFS/ttao/scannet/posed_images/scene0278_00/00180.jpg",
      "transform_matrix": [
        [
          -0.797697,
          0.313866,
          -0.514944,
          4.627054
        ],
        [
          0.597652,
          0.297367,
          -0.74457,
          1.09252
        ],
        [
          -0.080568,
          -0.901699,
          -0.424792,
          1.444882
        ],
        [
          0.0,
          0.0,
          0.0,
          1.0
        ]
      ]
    },
    {
      "file_path": "/media/NFS/ttao/scannet/posed_images/scene0278_00/00182.jpg",
      "transform_matrix": [
        [
          -0.775443,
          0.322579,
          -0.542799,
          4.618484
        ],
        [
          0.626104,
          0.281537,
          -0.727138,
          1.093507
        ],
        [
          -0.081742,
          -0.903703,
          -0.420285,
          1.444702
        ],
        [
          0.0,
          0.0,
          0.0,
          1.0
        ]
      ]
    },
    {
      "file_path": "/media/NFS/ttao/scannet/posed_images/scene0278_00/00184.jpg",
      "transform_matrix": [
        [
          -0.755483,
          0.329797,
          -0.566108,
          4.60972
        ],
        [
          0.649605,
          0.264703,
          -0.712703,
          1.094301
        ],
        [
          -0.085197,
          -0.906182,
          -0.414217,
          1.444853
        ],
        [
          0.0,
          0.0,
          0.0,
          1.0
        ]
      ]
    },
    {
      "file_path": "/media/NFS/ttao/scannet/posed_images/scene0278_00/00187.jpg",
      "transform_matrix": [
        [
          -0.732289,
          0.335041,
          -0.592874,
          4.592725
        ],
        [
          0.675188,
          0.243762,
          -0.696205,
          1.094034
        ],
        [
          -0.088737,
          -0.910125,
          -0.40472,
          1.447329
        ],
        [
          0.0,
          0.0,
          0.0,
          1.0
        ]
      ]
    },
    {
      "file_path": "/media/NFS/ttao/scannet/posed_images/scene0278_00/00189.jpg",
      "transform_matrix": [
        [
          -0.716545,
          0.334602,
          -0.612049,
          4.580011
        ],
        [
          0.692143,
          0.232116,
          -0.683418,
          1.092108
        ],
        [
          -0.086607,
          -0.913326,
          -0.397914,
          1.4494
        ],
        [
          0.0,
          0.0,
          0.0,
          1.0
        ]
      ]
    },
    {
      "file_path": "/media/NFS/ttao/scannet/posed_images/scene0278_00/00193.jpg",
      "transform_matrix": [
        [
          -0.680299,
          0.344047,
          -0.647167,
          4.547078
        ],
        [
          0.727292,
          0.207521,
          -0.654203,
          1.086901
        ],
        [
          -0.090776,
          -0.915733,
          -0.391398,
          1.452509
        ],
        [
          0.0,
          0.0,
          0.0,
          1.0
        ]
      ]
    },
    {
      "file_path": "/media/NFS/ttao/scannet/posed_images/scene0278_00/00196.jpg",
      "transform_matrix": [
        [
          -0.654699,
          0.350568,
          -0.66968,
          4.515021
        ],
        [
          0.750063,
          0.191507,
          -0.633032,
          1.080696
        ],
        [
          -0.093672,
          -0.916748,
          -0.388328,
          1.454003
        ],
        [
          0.0,
          0.0,
          0.0,
          1.0
        ]
      ]
    },
    {
      "file_path": "/media/NFS/ttao/scannet/posed_images/scene0278_00/00199.jpg",
      "transform_matrix": [
        [
          -0.631632,
          0.352141,
          -0.690679,
          4.4799
        ],
        [
          0.769404,
          0.175362,
          -0.614219,
          1.073077
        ],
        [
          -0.095173,
          -0.919372,
          -0.381703,
          1.454983
        ],
        [
          0.0,
          0.0,
          0.0,
          1.0
        ]
      ]
    },
    {
      "file_path": "/media/NFS/ttao/scannet/posed_images/scene0278_00/00200.jpg",
      "transform_matrix": [
        [
          -0.624346,
          0.352726,
          -0.696977,
          4.470619
        ],
        [
          0.775255,
          0.170407,
          -0.608227,
          1.068864
        ],
        [
          -0.095768,
          -0.920079,
          -0.379846,
          1.453808
        ],
        [
          0.0,
          0.0,
          0.0,
          1.0
        ]
      ]
    },
    {
      "file_path": "/media/NFS/ttao/scannet/posed_images/scene0278_00/00203.jpg",
      "transform_matrix": [
        [
          -0.608144,
          0.349827,
          -0.712588,
          4.431605
        ],
        [
          0.787271,
          0.150665,
          -0.597916,
          1.064266
        ],
        [
