{
  "frames": [
    {
      "file_path": "/media/NFS/ttao/scannet/posed_images/scene0304_00/00000.jpg",
      "transform_matrix": [
        [
          0.439061,
          -0.167264,
          0.88275,
          3.017246
        ],
        [
          -0.898165,
          -0.10679,
          0.426493,
          2.112279
        ],
        [
          0.022932,
          -0.980112,
          -0.197118,
          1.602717
        ],
        [
          0.0,
          0.0,
          0.0,
          1.0
        ]
      ]
    },
    {
      "file_path": "/media/NFS/ttao/scannet/posed_images/scene0304_00/00005.jpg",
      "transform_matrix": [
        [
          0.429239,
          -0.164744,
          0.888039,
          3.01627
        ],
        [
          -0.902786,
          -0.107717,
          0.416384,
          2.10904
        ],
        [
          0.02706,
          -0.980437,
          -0.194965,
          1.605202
        ],
        [
          0.0,
          0.0,
          0.0,
          1.0
        ]
      ]
    },
    {
      "file_path": "/media/NFS/ttao/scannet/posed_images/scene0304_00/00014.jpg",
      "transform_matrix": [
        [
          0.390573,
          -0.166236,
          0.905438,
          3.00924
        ],
        [
          -0.919902,
          -0.10801,
          0.376982,
          2.13713
        ],
        [
          0.035128,
          -0.980153,
          -0.195107,
          1.618376
        ],
        [
          0.0,
          0.0,
          0.0,
          1.0
        ]
      ]
    },
    {
      "file_path": "/media/NFS/ttao/scannet/posed_images/scene0304_00/00016.jpg",
      "transform_matrix": [
        [
          0.388661,
          -0.169131,
          0.905725,
          3.009234
        ],
        [
          -0.920748,
          -0.107716,
          0.374993,
          2.134014
        ],
        [
          0.034138,
          -0.97969,
          -0.197592,
          1.617222
        ],
        [
          0.0,
          0.0,
          0.0,
          1.0
        ]
      ]
    },
    {
      "file_path": "/media/NFS/ttao/scannet/posed_images/scene0304_00/00023.jpg",
      "transform_matrix": [
        [
          0.382527,
          -0.185372,
          0.905158,
          3.007826
        ],
        [
          -0.923305,
          -0.113136,
          0.367026,
          2.125466
        ],
        [
          0.03437,
          -0.976134,
          -0.214433,
          1.596469
        ],
        [
          0.0,
          0.0,
          0.0,
          1.0
        ]
      ]
    },
    {
      "file_path": "/media/NFS/ttao/scannet/posed_images/scene0304_00/00032.jpg",
      "transform_matrix": [
        [
          0.366641,
          -0.257276,
          0.894083,
          3.021345
        ],
        [
          -0.929417,
          -0.144615,
          0.339517,
          2.121771
        ],
        [
          0.041949,
          -0.955456,
          -0.292138,
          1.575223
        ],
        [
          0.0,
          0.0,
          0.0,
          1.0
        ]
      ]
    },
    {
      "file_path": "/media/NFS/ttao/scannet/posed_images/scene0304_00/00037.jpg",
      "transform_matrix": [
        [
          0.382255,
          -0.279037,
          0.88092,
          3.028062
        ],
        [
          -0.922784,
          -0.165303,
          0.34806,
          2.112685
        ],
        [
          0.048497,
          -0.945946,
          -0.320679,
          1.559287
        ],
        [
          0.0,
          0.0,
          0.0,
          1.0
        ]
      ]
    },
    {
      "file_path": "/media/NFS/ttao/scannet/posed_images/scene0304_00/00043.jpg",
      "transform_matrix": [
        [
          0.386441,
          -0.307854,
          0.869419,
          3.039451
        ],
        [
          -0.91958,
          -0.201143,
          0.337514,
          2.103794
        ],
        [
          0.070973,
          -0.929929,
          -0.360826,
          1.546952
        ],
        [
          0.0,
          0.0,
          0.0,
          1.0
        ]
      ]
    },
    {
      "file_path": "/media/NFS/ttao/scannet/posed_images/scene0304_00/00046.jpg",
      "transform_matrix": [
        [
          0.394894,
          -0.316927,
          0.862332,
          3.04599
        ],
        [
          -0.916597,
          -0.199785,
          0.346318,
          2.098586
        ],
        [
          0.062524,
          -0.927169,
          -0.369388,
          1.53922
        ],
        [
          0.0,
          0.0,
          0.0,
          1.0
        ]
      ]
    },
    {
      "file_path": "/media/NFS/ttao/scannet/posed_images/scene0304_00/00053.jpg",
      "transform_matrix": [
        [
          0.392282,
          -0.345804,
          0.85237,
          3.074755
        ],
        [
          -0.918552,
          -0.196393,
          0.343064,
          2.063112
        ],
        [
          0.048766,
          -0.917524,
          -0.39468,
          1.509606
        ],
        [
          0.0,
          0.0,
          0.0,
          1.0
        ]
      ]
    },
    {
      "file_path": "/media/NFS/ttao/scannet/posed_images/scene0304_00/00059.jpg",
      "transform_matrix": [
        [
          0.390823,
          -0.346339,
          0.852823,
          3.105282
        ],
        [
          -0.91845,
          -0.20802,
          0.336419,
          2.037838
        ],
        [
          0.060889,
          -0.914755,
          -0.399394,
          1.510808
        ],
        [
          0.0,
          0.0,
          0.0,
          1.0
        ]
      ]
    },
    {
      "file_path": "/media/NFS/ttao/scannet/posed_images/scene0304_00/00067.jpg",
      "transform_matrix": [
        [
          0.378496,
          -0.364906,
          0.850637,
          3.154172
        ],
        [
          -0.924949,
          -0.183647,
          0.332781,
          2.015698
        ],
        [
          0.034783,
          -0.912753,
          -0.407029,
          1.508424
        ],
        [
          0.0,
          0.0,
          0.0,
          1.0
        ]
      ]
    },
    {
      "file_path": "/media/NFS/ttao/scannet/posed_images/scene0304_00/00069.jpg",
      "transform_matrix": [
        [
          0.380362,
          -0.363573,
          0.850376,
          3.170708
        ],
        [
          -0.92448,
          -0.175028,
          0.338676,
          2.009446
        ],
        [
          0.025706,
          -0.914976,
          -0.40269,
          1.505805
        ],
        [
          0.0,
          0.0,
          0.0,
          1.0
        ]
      ]
    },
    {
      "file_path": "/media/NFS/ttao/scannet/posed_images/scene0304_00/00078.jpg",
      "transform_matrix": [
        [
          0.432644,
          -0.30144,
          0.849678,
          3.277914
        ],
        [
          -0.901523,
          -0.153728,
          0.404505,
          2.024267
        ],
        [
          0.008685,
          -0.941011,
          -0.338265,
          1.523346
        ],
        [
          0.0,
          0.0,
          0.0,
          1.0
        ]
      ]
    },
    {
      "file_path": "/media/NFS/ttao/scannet/posed_images/scene0304_00/00083.jpg",
      "transform_matrix": [
        [
          0.463762,
          -0.25014,
          0.849915,
          3.327961
        ],
        [
          -0.885141,
          -0.172057,
          0.432345,
          2.039066
        ],
        [
          0.038087,
          -0.952799,
          -0.301202,
          1.531926
        ],
        [
          0.0,
          0.0,
          0.0,
          1.0
        ]
      ]
    },
    {
      "file_path": "/media/NFS/ttao/scannet/posed_images/scene0304_00/00087.jpg",
      "transform_matrix": [
        [
          0.483231,
          -0.247497,
          0.839781,
          3.366229
        ],
        [
          -0.875213,
          -0.160812,
          0.456226,
          2.045652
        ],
        [
          0.022132,
          -0.95545,
          -0.294322,
          1.556521
        ],
        [
          0.0,
          0.0,
          0.0,
          1.0
        ]
      ]
    },
    {
      "file_path": "/media/NFS/ttao/scannet/posed_images/scene0304_00/00098.jpg",
      "transform_matrix": [
        [
          0.620164,
          -0.167959,
          0.766281,
          3.455981
        ],
        [
          -0.784433,
          -0.122973,
          0.607901,
          2.014615
        ],
        [
          -0.00787,
          -0.978094,
          -0.208016,
          1.591523
        ],
        [
          0.0,
          0.0,
          0.0,
          1.0
        ]
      ]
    },
    {
      "file_path": "/media/NFS/ttao/scannet/posed_images/scene0304_00/00103.jpg",
      "transform_matrix": [
        [
          0.700635,
          -0.151453,
          0.697261,
          3.504869
        ],
        [
          -0.713494,
          -0.156991,
          0.682847,
          1.990121
        ],
        [
          0.006044,
          -0.975918,
          -0.218054,
          1.595958
        ],
        [
          0.0,
          0.0,
          0.0,
          1.0
        ]
      ]
    },
    {
      "file_path": "/media/NFS/ttao/scannet/posed_images/scene0304_00/00105.jpg",
      "transform_matrix": [
        [
          0.724622,
          -0.141015,
          0.674565,
          3.522182
        ],
        [
          -0.689091,
          -0.160695,
          0.706633,
          1.981258
        ],
        [
          0.008753,
          -0.976879,
          -0.213616,
          1.599323
        ],
        [
          0.0,
          0.0,
          0.0,
          1.0
        ]
      ]
    },
    {
      "file_path": "/media/NFS/ttao/scannet/posed_images/scene0304_00/00115.jpg",
      "transform_matrix": [
        [
          0.807759,
          -0.144647,
          0.571491,
          3.591815
        ],
        [
          -0.58938,
          -0.177556,
          0.788102,
          1.955897
        ],
        [
          -0.012525,
          -0.973422,
          -0.228675,
          1.576993
        ],
        [
          0.0,
          0.0,
          0.0,
          1.0
        ]
      ]
    },
    {
      "file_path": "/media/NFS/ttao/scannet/posed_images/scene0304_00/00119.jpg",
      "transform_matrix": [
        [
          0.81834,
          -0.139399,
          0.557573,
          3.61048
        ],
        [
          -0.574629,
          -0.179883,
          0.7984,
          1.962122
        ],
        [
          -0.010998,
          -0.973761,
          -0.227308,
          1.56947
        ],
        [
          0.0,
          0.0,
          0.0,
          1.0
        ]
      ]
    },
    {
      "file_path": "/media/NFS/ttao/scannet/posed_images/scene0304_00/00124.jpg",
      "transform_matrix": [
        [
          0.831421,
          -0.1205,
          0.54242,
          3.636789
        ],
        [
          -0.555639,
          -0.184071,
          0.810792,
          1.978738
        ],
        [
          0.002143,
          -0.975499,
          -0.219995,
          1.569692
        ],
        [
          0.0,
          0.0,
          0.0,
          1.0
        ]
      ]
    },
    {
      "file_path": "/media/NFS/ttao/scannet/posed_images/scene0304_00/00129.jpg",
      "transform_matrix": [
        [
          0.845268,
          -0.101283,
          0.524656,
          3.659178
        ],
        [
          -0.534285,
          -0.174636,
          0.827068,
          1.996788
        ],
        [
          0.007856,
          -0.97941,
          -0.201729,
          1.566371
        ],
        [
          0.0,
          0.0,
          0.0,
          1.0
        ]
      ]
    },
    {
      "file_path": "/media/NFS/ttao/scannet/posed_images/scene0304_00/00138.jpg",
      "transform_matrix": [
        [
          0.895519,
          -0.095695,
          0.434613,
          3.693057
        ],
        [
          -0.443609,
          -0.11414,
          0.888923,
          1.971766
        ],
        [
          -0.035458,
          -0.988845,
          -0.144665,
          1.58439
        ],
        [
          0.0,
          0.0,
          0.0,
          1.0
        ]
      ]
    },
    {
      "file_path": "/media/NFS/ttao/scannet/posed_images/scene0304_00/00145.jpg",
      "transform_matrix": [
        [
          0.931564,
          -0.06844,
          0.357077,
          3.743096
        ],
        [
          -0.361477,
          -0.068946,
          0.929828,
          1.904353
        ],
        [
          -0.039018,
          -0.99527,
          -0.088967,
          1.615381
        ],
        [
          0.0,
          0.0,
          0.0,
          1.0
        ]
      ]
    },
    {
      "file_path": "/media/NFS/ttao/scannet/posed_images/scene0304_00/00147.jpg",
      "transform_matrix": [
        [
          0.937469,
          -0.065365,
          0.341876,
          3.75909
        ],
        [
          -0.346056,
          -0.069567,
          0.935631,
          1.886085
        ],
        [
          -0.037374,
          -0.995434,
          -0.087837,
          1.615397
        ],
        [
          0.0,
          0.0,
          0.0,
          1.0
        ]
      ]
    },
    {
      "file_path": "/media/NFS/ttao/scannet/posed_images/scene0304_00/00152.jpg",
      "transform_matrix": [
        [
          0.952927,
          -0.058597,
          0.297483,
          3.796123
        ],
        [
          -0.301216,
          -0.070922,
          0.950915,
          1.840418
        ],
        [
          -0.034622,
          -0.995759,
          -0.085234,
          1.623821
        ],
        [
          0.0,
          0.0,
          0.0,
          1.0
        ]
      ]
    },
    {
      "file_path": "/media/NFS/ttao/scannet/posed_images/scene0304_00/00163.jpg",
      "transform_matrix": [
        [
          0.952808,
          -0.044303,
          0.300321,
          3.792371
        ],
        [
          -0.300983,
          -0.008946,
          0.953588,
          1.752933
        ],
        [
          -0.03956,
          -0.998978,
          -0.021858,
          1.677035
        ],
        [
          0.0,
          0.0,
          0.0,
          1.0
        ]
      ]
    },
    {
      "file_path": "/media/NFS/ttao/scannet/posed_images/scene0304_00/00165.jpg",
      "transform_matrix": [
        [
          0.955142,
          -0.040701,
          0.293337,
          3.791153
        ],
        [
          -0.293863,
          -0.007466,
          0.955818,
          1.739374
        ],
        [
          -0.036712,
          -0.999144,
          -0.019092,
          1.676443
        ],
        [
          0.0,
          0.0,
          0.0,
          1.0
        ]
      ]
    },
    {
      "file_path": "/media/NFS/ttao/scannet/posed_images/scene0304_00/00174.jpg",
      "transform_matrix": [
        [
          0.964672,
          -0.060112,
          0.256504,
          3.723906
        ],
        [
          -0.259042,
          -0.038981,
          0.965079,
          1.694798
        ],
        [
          -0.048014,
          -0.99743,
          -0.053176,
          1.65182
        ],
        [
          0.0,
          0.0,
          0.0,
          1.0
        ]
      ]
    },
    {
      "file_path": "/media/NFS/ttao/scannet/posed_images/scene0304_00/00181.jpg",
      "transform_matrix": [
        [
          0.966416,
          -0.067612,
          0.247927,
          3.674564
        ],
        [
          -0.255368,
          -0.144758,
          0.955946,
          1.673736
        ],
        [
          -0.028744,
          -0.987154,
          -0.157163,
          1.606908
        ],
        [
          0.0,
          0.0,
          0.0,
          1.0
        ]
      ]
    },
    {
      "file_path": "/media/NFS/ttao/scannet/posed_images/scene0304_00/00183.jpg",
      "transform_matrix": [
        [
          0.966495,
          -0.069107,
          0.247208,
          3.659514
        ],
        [
          -0.255831,
          -0.180835,
          0.949657,
          1.675199
        ],
        [
          -0.020924,
          -0.981083,
          -0.192455,
          1.596611
        ],
        [
          0.0,
          0.0,
          0.0,
          1.0
        ]
      ]
    },
    {
      "file_path": "/media/NFS/ttao/scannet/posed_images/scene0304_00/00188.jpg",
      "transform_matrix": [
        [
          0.968088,
          -0.075028,
          0.239117,
          3.636359
        ],
        [
          -0.250127,
          -0.229976,
          0.940504,
          1.669841
        ],
        [
          -0.015573,
          -0.9703,
          -0.241404,
          1.564429
        ],
        [
          0.0,
          0.0,
          0.0,
          1.0
        ]
      ]
    },
    {
      "file_path": "/media/NFS/ttao/scannet/posed_images/scene0304_00/00199.jpg",
      "transform_matrix": [
        [
          0.976924,
          -0.07674,
          0.199325,
          3.597709
        ],
        [
          -0.213529,
          -0.328898,
          0.919908,
          1.666625
        ],
        [
          -0.005036,
          -0.941242,
          -0.337695,
          1.500924
        ],
        [
          0.0,
          0.0,
          0.0,
          1.0
        ]
      ]
    },
    {
      "file_path": "/media/NFS/ttao/scannet/posed_images/scene0304_00/00200.jpg",
      "transform_matrix": [
        [
          0.977935,
          -0.080189,
          0.192906,
          3.598354
        ],
        [
          -0.208783,
          -0.343074,
          0.915811,
          1.670395
        ],
        [
          -0.007257,
          -0.935879,
          -0.352246,
          1.502374
        ],
        [
          0.0,
          0.0,
          0.0,
          1.0
        ]
      ]
    },
    {
      "file_path": "/media/NFS/ttao/scannet/posed_images/scene0304_00/00209.jpg",
      "transform_matrix": [
        [
          0.983764,
          -0.090351,
          0.155063,
          3.588038
        ],
        [
          -0.178525,
          -0.404321,
          0.897024,
          1.684409
        ],
        [
          -0.018352,
          -0.910143,
          -0.413887,
          1.46439
        ],
        [
          0.0,
          0.0,
          0.0,
          1.0
        ]
      ]
    },
    {
      "file_path": "/media/NFS/ttao/scannet/posed_images/scene0304_00/00216.jpg",
      "transform_matrix": [
        [
          0.979975,
          -0.097714,
          0.173495,
          3.590946
        ],
        [
          -0.198728,
          -0.425331,
          0.88295,
          1.706977
        ],
        [
          -0.012484,
          -0.899748,
          -0.436232,
          1.446626
        ],
        [
          0.0,
          0.0,
          0.0,
          1.0
        ]
      ]
    },
    {
      "file_path": "/media/NFS/ttao/scannet/posed_images/scene0304_00/00218.jpg",
      "transform_matrix": [
        [
          0.980383,
          -0.092638,
          0.173976,
          3.59519
        ],
        [
          -0.19695,
          -0.425781,
          0.883131,
          1.717714
        ],
        [
          -0.007736,
          -0.900072,
          -0.435674,
          1.446265
        ],
        [
          0.0,
          0.0,
          0.0,
          1.0
        ]
      ]
    },
    {
      "file_path": "/media/NFS/ttao/scannet/posed_images/scene0304_00/00223.jpg",
      "transform_matrix": [
        [
          0.982678,
          -0.087022,
          0.163619,
          3.615273
        ],
        [
          -0.185114,
          -0.41911,
          0.888864,
          1.753708
        ],
        [
          -0.008776,
          -0.903756,
          -0.427959,
          1.44732
        ],
        [
          0.0,
          0.0,
          0.0,
          1.0
        ]
      ]
    },
    {
      "file_path": "/media/NFS/ttao/scannet/posed_images/scene0304_00/00229.jpg",
      "transform_matrix": [
        [
          0.985728,
          -0.083762,
          0.146027,
          3.647577
        ],
        [
          -0.166784,
          -0.368036,
          0.914731,
          1.813338
        ],
        [
          -0.022877,
          -0.926031,
          -0.376753,
          1.470981
        ],
        [
          0.0,
          0.0,
          0.0,
          1.0
        ]
      ]
    },
    {
      "file_path": "/media/NFS/ttao/scannet/posed_images/scene0304_00/00236.jpg",
      "transform_matrix": [
        [
          0.993902,
          -0.045033,
          0.100653,
          3.693945
        ],
        [
          -0.109821,
          -0.322182,
          0.940286,
          1.888403
        ],
        [
          -0.009915,
          -0.945606,
          -0.325163,
          1.514139
        ],
        [
          0.0,
          0.0,
          0.0,
          1.0
        ]
      ]
    },
    {
      "file_path": "/media/NFS/ttao/scannet/posed_images/scene0304_00/00241.jpg",
      "transform_matrix": [
        [
          0.997233,
          -0.030733,
          0.067689,
          3.715194
        ],
        [
          -0.073727,
          -0.292263,
          0.953492,
          1.931771
        ],
        [
          -0.009521,
          -0.955844,
          -0.29372,
          1.538211
        ],
        [
          0.0,
          0.0,
          0.0,
          1.0
        ]
      ]
    },
    {
      "file_path": "/media/NFS/ttao/scannet/posed_images/scene0304_00/00252.jpg",
      "transform_matrix": [
        [
          0.998919,
          -0.036295,
          0.029045,
          3.74858
        ],
        [
          -0.037808,
          -0.270796,
          0.961894,
          2.049054
        ],
        [
          -0.027047,
          -0.961952,
          -0.271876,
          1.556747
        ],
        [
          0.0,
          0.0,
          0.0,
          1.0
        ]
      ]
    },
    {
      "file_path": "/media/NFS/ttao/scannet/posed_images/scene0304_00/00254.jpg",
      "transform_matrix": [
        [
          0.998902,
          -0.036964,
          0.028786,
          3.749513
        ],
        [
          -0.037251,
          -0.253999,
          0.966487,
          2.072283
        ],
        [
          -0.028414,
          -0.966498,
          -0.255097,
          1.559461
        ],
        [
          0.0,
          0.0,
          0.0,
          1.0
        ]
      ]
    },
    {
      "file_path": "/media/NFS/ttao/scannet/posed_images/scene0304_00/00261.jpg",
      "transform_matrix": [
        [
          0.999466,
          -0.031004,
          0.010348,
          3.743363
        ],
        [
          -0.016925,
          -0.220074,
          0.975336,
          2.162848
        ],
        [
          -0.027961,
          -0.974991,
          -0.220481,
          1.576737
        ],
        [
          0.0,
          0.0,
          0.0,
          1.0
        ]
      ]
    },
    {
      "file_path": "/media/NFS/ttao/scannet/posed_images/scene0304_00/00268.jpg",
      "transform_matrix": [
        [
          0.998599,
          -0.033608,
          -0.040882,
          3.757369
        ],
        [
          0.033043,
          -0.207465,
          0.977684,
          2.260911
        ],
        [
          -0.041339,
          -0.977665,
          -0.206063,
          1.599002
        ],
        [
          0.0,
          0.0,
          0.0,
          1.0
        ]
      ]
    },
    {
      "file_path": "/media/NFS/ttao/scannet/posed_images/scene0304_00/00275.jpg",
      "transform_matrix": [
        [
          0.991805,
          -0.044731,
          -0.119676,
          3.794836
        ],
        [
          0.111336,
          -0.156869,
          0.981324,
          2.314204
        ],
        [
          -0.062669,
          -0.986606,
          -0.150604,
          1.62372
        ],
        [
          0.0,
          0.0,
          0.0,
          1.0
        ]
      ]
    },
    {
      "file_path": "/media/NFS/ttao/scannet/posed_images/scene0304_00/00277.jpg",
      "transform_matrix": [
        [
          0.989104,
          -0.035473,
          -0.142879,
          3.805997
        ],
        [
          0.136008,
          -0.151257,
          0.979093,
          2.325626
        ],
        [
          -0.056343,
          -0.987858,
          -0.144785,
          1.629833
        ],
        [
          0.0,
          0.0,
          0.0,
          1.0
        ]
      ]
    },
    {
      "file_path": "/media/NFS/ttao/scannet/posed_images/scene0304_00/00287.jpg",
      "transform_matrix": [
        [
          0.962721,
          0.005748,
          -0.270436,
          3.872315
        ],
        [
          0.269745,
          -0.094916,
          0.958243,
          2.353782
        ],
        [
          -0.02016,
          -0.995469,
          -0.092928,
          1.651377
        ],
        [
          0.0,
          0.0,
          0.0,
          1.0
        ]
      ]
    },
    {
      "file_path": "/media/NFS/ttao/scannet/posed_images/scene0304_00/00293.jpg",
      "transform_matrix": [
        [
          0.937209,
          0.010172,
          -0.34862,
          3.885515
        ],
        [
          0.347215,
          -0.12143,
          0.92989,
          2.353663
        ],
        [
          -0.032874,
          -0.992548,
          -0.117338,
          1.644103
        ],
        [
          0.0,
          0.0,
          0.0,
          1.0
        ]
      ]
    },
    {
      "file_path": "/media/NFS/ttao/scannet/posed_images/scene0304_00/00294.jpg",
      "transform_matrix": [
        [
          0.932389,
          0.009956,
          -0.361318,
          3.888732
        ],
        [
          0.359649,
          -0.125345,
          0.92463,
          2.356543
        ],
        [
          -0.036084,
          -0.992063,
          -0.120451,
          1.643349
        ],
        [
          0.0,
          0.0,
          0.0,
          1.0
        ]
      ]
    },
    {
      "file_path": "/media/NFS/ttao/scannet/posed_images/scene0304_00/00301.jpg",
      "transform_matrix": [
        [
          0.905073,
          0.036856,
          -0.423656,
          3.8801
        ],
        [
          0.424042,
          -0.153466,
          0.892545,
          2.346058
        ],
        [
          -0.032121,
          -0.987466,
          -0.154526,
          1.631081
        ],
        [
          0.0,
          0.0,
          0.0,
          1.0
        ]
      ]
    },
    {
      "file_path": "/media/NFS/ttao/scannet/posed_images/scene0304_00/00307.jpg",
      "transform_matrix": [
        [
          0.89476,
          0.031439,
          -0.445438,
          3.873881
        ],
        [
          0.444666,
          -0.15417,
          0.882329,
          2.333108
        ],
        [
          -0.040934,
          -0.987544,
          -0.151925,
          1.622279
        ],
        [
          0.0,
          0.0,
          0.0,
          1.0
        ]
      ]
    },
    {
      "file_path": "/media/NFS/ttao/scannet/posed_images/scene0304_00/00314.jpg",
      "transform_matrix": [
        [
          0.884476,
          0.05096,
          -0.463794,
          3.857252
        ],
        [
          0.464901,
          -0.180625,
          0.866742,
          2.310945
        ],
        [
          -0.039604,
          -0.982231,
          -0.18345,
          1.598842
        ],
        [
          0.0,
          0.0,
          0.0,
          1.0
        ]
      ]
    },
    {
      "file_path": "/media/NFS/ttao/scannet/posed_images/scene0304_00/00317.jpg",
      "transform_matrix": [
        [
          0.882077,
          0.070297,
          -0.465831,
          3.852419
        ],
        [
          0.470101,
          -0.195868,
          0.860605,
          2.304021
        ],
        [
          -0.030744,
          -0.978107,
          -0.205818,
          1.58276
        ],
        [
          0.0,
          0.0,
          0.0,
          1.0
        ]
      ]
    },
    {
      "file_path": "/media/NFS/ttao/scannet/posed_images/scene0304_00/00328.jpg",
      "transform_matrix": [
        [
          0.872191,
          0.132465,
          -0.470889,
          3.829872
        ],
        [
          0.488786,
          -0.273952,
          0.828275,
          2.289495
        ],
        [
          -0.019284,
          -0.952577,
          -0.303685,
          1.528925
        ],
        [
          0.0,
          0.0,
          0.0,
          1.0
        ]
      ]
    },
    {
      "file_path": "/media/NFS/ttao/scannet/posed_images/scene0304_00/00330.jpg",
      "transform_matrix": [
        [
          0.873695,
          0.123976,
          -0.470412,
          3.827621
        ],
        [
          0.485738,
          -0.275514,
          0.829549,
          2.292213
        ],
        [
          -0.026761,
          -0.953269,
          -0.300935,
          1.524294
        ],
        [
          0.0,
          0.0,
          0.0,
          1.0
        ]
      ]
    },
    {
      "file_path": "/media/NFS/ttao/scannet/posed_images/scene0304_00/00335.jpg",
      "transform_matrix": [
        [
          0.858976,
          0.11271,
          -0.499455,
          3.833526
        ],
        [
          0.509363,
          -0.287259,
          0.811192,
          2.306517
        ],
        [
          -0.052044,
          -0.951199,
          -0.304159,
          1.518465
        ],
        [
          0.0,
          0.0,
          0.0,
          1.0
        ]
      ]
    },
    {
      "file_path": "/media/NFS/ttao/scannet/posed_images/scene0304_00/00342.jpg",
      "transform_matrix": [
        [
          0.814604,
          0.09024,
          -0.572954,
          3.865634
        ],
        [
          0.575611,
          -0.247301,
          0.779432,
          2.359708
        ],
        [
          -0.071356,
          -0.964728,
          -0.253396,
          1.535096
        ],
        [
          0.0,
          0.0,
          0.0,
          1.0
        ]
      ]
    },
    {
      "file_path": "/media/NFS/ttao/scannet/posed_images/scene0304_00/00351.jpg",
      "transform_matrix": [
        [
          0.745388,
          0.082492,
          -0.661508,
          3.936092
        ],
        [
          0.664664,
          -0.168139,
          0.727977,
          2.473504
        ],
        [
          -0.051173,
          -0.982306,
          -0.180158,
          1.581227
        ],
        [
          0.0,
          0.0,
          0.0,
          1.0
        ]
      ]
    },
    {
      "file_path": "/media/NFS/ttao/scannet/posed_images/scene0304_00/00358.jpg",
      "transform_matrix": [
        [
          0.694432,
          0.080129,
          -0.715083,
          3.966295
        ],
        [
          0.717863,
          -0.145339,
          0.680845,
          2.56377
        ],
        [
          -0.049374,
          -0.986132,
          -0.15845,
          1.597103
        ],
        [
          0.0,
          0.0,
          0.0,
          1.0
        ]
      ]
    },
    {
      "file_path": "/media/NFS/ttao/scannet/posed_images/scene0304_00/00363.jpg",
      "transform_matrix": [
        [
          0.649868,
          0.07454,
          -0.756383,
          3.968035
        ],
        [
          0.757542,
          -0.144247,
          0.636649,
          2.637269
        ],
        [
          -0.06165,
          -0.98673,
          -0.150209,
          1.595569
        ],
        [
          0.0,
          0.0,
          0.0,
          1.0
        ]
      ]
    },
    {
      "file_path": "/media/NFS/ttao/scannet/posed_images/scene0304_00/00365.jpg",
      "transform_matrix": [
        [
          0.629802,
          0.085574,
          -0.772028,
          3.966359
        ],
        [
          0.774975,
          -0.136492,
          0.617077,
          2.663581
        ],
        [
          -0.05257,
          -0.986938,
          -0.152281,
          1.59328
        ],
        [
          0.0,
          0.0,
          0.0,
          1.0
        ]
      ]
    },
    {
      "file_path": "/media/NFS/ttao/scannet/posed_images/scene0304_00/00371.jpg",
      "transform_matrix": [
        [
          0.57935,
          0.118044,
          -0.806486,
          3.962127
        ],
        [
          0.81491,
          -0.104025,
          0.570176,
          2.726539
        ],
        [
          -0.016589,
          -0.987545,
          -0.156462,
          1.580397
        ],
        [
          0.0,
          0.0,
          0.0,
          1.0
        ]
      ]
    },
    {
      "file_path": "/media/NFS/ttao/scannet/posed_images/scene0304_00/00381.jpg",
      "transform_matrix": [
        [
          0.402299,
          0.155828,
          -0.902149,
          4.008189
        ],
        [
          0.914401,
          -0.116837,
          0.387582,
          2.856231
        ],
        [
          -0.045008,
          -0.98085,
          -0.189493,
          1.556224
        ],
        [
          0.0,
          0.0,
          0.0,
          1.0
        ]
      ]
    },
    {
      "file_path": "/media/NFS/ttao/scannet/posed_images/scene0304_00/00383.jpg",
      "transform_matrix": [
        [
          0.355457,
          0.160052,
          -0.920887,
          4.02673
        ],
        [
          0.933564,
          -0.109193,
          0.341372,
          2.88708
        ],
        [
          -0.045918,
          -0.981051,
          -0.188232,
          1.544164
        ],
        [
          0.0,
          0.0,
          0.0,
          1.0
        ]
      ]
    },
    {
      "file_path": "/media/NFS/ttao/scannet/posed_images/scene0304_00/00388.jpg",
      "transform_matrix": [
        [
          0.230619,
          0.24218,
          -0.942424,
          4.073839
        ],
        [
          0.971852,
          -0.105251,
          0.210774,
          2.971346
        ],
        [
          -0.048146,
          -0.964506,
          -0.259636,
          1.518386
        ],
        [
          0.0,
          0.0,
          0.0,
          1.0
        ]
      ]
    },
    {
      "file_path": "/media/NFS/ttao/scannet/posed_images/scene0304_00/00397.jpg",
      "transform_matrix": [
        [
          0.127142,
          0.308091,
          -0.942823,
          4.159152
        ],
        [
          0.991443,
          -0.067846,
          0.111528,
          3.064579
        ],
        [
          -0.029606,
          -0.948935,
          -0.314081,
          1.48503
        ],
        [
          0.0,
          0.0,
          0.0,
          1.0
        ]
      ]
    },
    {
      "file_path": "/media/NFS/ttao/scannet/posed_images/scene0304_00/00404.jpg",
      "transform_matrix": [
        [
          0.050576,
          0.33445,
          -0.941055,
          4.23753
        ],
        [
          0.998521,
          -0.035763,
          0.040954,
          3.118972
        ],
        [
          -0.019958,
          -0.941735,
          -0.335764,
          1.461769
        ],
        [
          0.0,
          0.0,
          0.0,
          1.0
        ]
      ]
    },
    {
      "file_path": "/media/NFS/ttao/scannet/posed_images/scene0304_00/00408.jpg",
      "transform_matrix": [
        [
          0.011306,
          0.357584,
          -0.933812,
          4.28104
        ],
        [
          0.9999,
          -0.012004,
          0.00751,
          3.152923
        ],
        [
          -0.008524,
          -0.933804,
          -0.357684,
          1.45421
        ],
        [
          0.0,
          0.0,
          0.0,
          1.0
        ]
      ]
    },
    {
      "file_path": "/media/NFS/ttao/scannet/posed_images/scene0304_00/00415.jpg",
      "transform_matrix": [
        [
          -0.088204,
          0.372033,
          -0.924019,
          4.362797
        ],
        [
          0.995953,
          0.016897,
          -0.088268,
          3.216271
        ],
        [
          -0.017225,
          -0.928066,
          -0.372018,
          1.467777
        ],
        [
          0.0,
          0.0,
          0.0,
          1.0
        ]
      ]
    },
    {
      "file_path": "/media/NFS/ttao/scannet/posed_images/scene0304_00/00418.jpg",
      "transform_matrix": [
        [
          -0.135141,
          0.343811,
          -0.929263,
          4.393982
        ],
        [
          0.990779,
          0.037749,
          -0.13012,
          3.265984
        ],
        [
          -0.009658,
          -0.93828,
          -0.345742,
          1.468996
        ],
        [
          0.0,
          0.0,
          0.0,
          1.0
        ]
      ]
    },
    {
      "file_path": "/media/NFS/ttao/scannet/posed_images/scene0304_00/00424.jpg",
      "transform_matrix": [
        [
          -0.253885,
          0.322054,
          -0.912044,
          4.458113
        ],
        [
          0.967225,
          0.08877,
          -0.2379,
          3.384425
        ],
        [
          0.004346,
          -0.942551,
          -0.334036,
          1.47437
        ],
        [
          0.0,
          0.0,
          0.0,
          1.0
        ]
      ]
    },
    {
      "file_path": "/media/NFS/ttao/scannet/posed_images/scene0304_00/00431.jpg",
      "transform_matrix": [
        [
          -0.31645,
          0.315691,
          -0.894538,
          4.536928
        ],
        [
          0.948249,
          0.131277,
          -0.289121,
          3.493286
        ],
        [
          0.026159,
          -0.939737,
          -0.340896,
          1.479432
        ],
        [
          0.0,
          0.0,
          0.0,
          1.0
        ]
      ]
    },
    {
      "file_path": "/media/NFS/ttao/scannet/posed_images/scene0304_00/00440.jpg",
      "transform_matrix": [
        [
          -0.393187,
          0.291187,
          -0.872132,
          4.653798
        ],
        [
          0.91944,
          0.118528,
          -0.374941,
          3.62707
        ],
        [
          -0.005806,
          -0.949295,
          -0.314332,
          1.48082
        ],
        [
          0.0,
          0.0,
          0.0,
          1.0
        ]
      ]
    },
    {
      "file_path": "/media/NFS/ttao/scannet/posed_images/scene0304_00/00441.jpg",
      "transform_matrix": [
        [
          -0.400275,
          0.287096,
          -0.870262,
          4.666615
        ],
        [
          0.916387,
          0.12154,
          -0.381395,
          3.639859
        ],
        [
          -0.003725,
          -0.95016,
          -0.31174,
          1.479565
        ],
        [
          0.0,
          0.0,
          0.0,
          1.0
        ]
      ]
    },
    {
      "file_path": "/media/NFS/ttao/scannet/posed_images/scene0304_00/00450.jpg",
      "transform_matrix": [
        [
          -0.456537,
          0.296256,
          -0.838932,
          4.757756
        ],
        [
          0.888968,
          0.190247,
          -0.416583,
          3.758449
        ],
        [
          0.036189,
          -0.935969,
          -0.350217,
          1.482463
        ],
        [
          0.0,
          0.0,
          0.0,
          1.0
        ]
      ]
    },
    {
      "file_path": "/media/NFS/ttao/scannet/posed_images/scene0304_00/00454.jpg",
      "transform_matrix": [
        [
          -0.49614,
          0.286382,
          -0.819653,
          4.791895
        ],
        [
          0.867942,
          0.188437,
          -0.45953,
          3.823744
        ],
        [
          0.022852,
          -0.939402,
          -0.342055,
