{
  "frames": [
    {
      "file_path": "/media/NFS/ttao/scannet/posed_images/scene0665_01/00000.jpg",
      "transform_matrix": [
        [
          0.954978,
          -0.19663,
          0.222156,
          2.98996
        ],
        [
          -0.288043,
          -0.435188,
          0.85302,
          4.862987
        ],
        [
          -0.07105,
          -0.878606,
          -0.472233,
          1.816015
        ],
        [
          0.0,
          0.0,
          0.0,
          1.0
        ]
      ]
    },
    {
      "file_path": "/media/NFS/ttao/scannet/posed_images/scene0665_01/00003.jpg",
      "transform_matrix": [
        [
          0.952749,
          -0.17911,
          0.245333,
          2.950735
        ],
        [
          -0.300848,
          -0.444878,
          0.843549,
          4.856732
        ],
        [
          -0.041945,
          -0.877498,
          -0.477742,
          1.810454
        ],
        [
          0.0,
          0.0,
          0.0,
          1.0
        ]
      ]
    },
    {
      "file_path": "/media/NFS/ttao/scannet/posed_images/scene0665_01/00006.jpg",
      "transform_matrix": [
        [
          0.95076,
          -0.17541,
          0.255513,
          2.8978
        ],
        [
          -0.308104,
          -0.445605,
          0.840541,
          4.85035
        ],
        [
          -0.033582,
          -0.877877,
          -0.477707,
          1.804261
        ],
        [
          0.0,
          0.0,
          0.0,
          1.0
        ]
      ]
    },
    {
      "file_path": "/media/NFS/ttao/scannet/posed_images/scene0665_01/00009.jpg",
      "transform_matrix": [
        [
          0.947709,
          -0.190895,
          0.255748,
          2.837824
        ],
        [
          -0.316224,
          -0.453704,
          0.83316,
          4.844855
        ],
        [
          -0.043012,
          -0.870467,
          -0.490345,
          1.79646
        ],
        [
          0.0,
          0.0,
          0.0,
          1.0
        ]
      ]
    },
    {
      "file_path": "/media/NFS/ttao/scannet/posed_images/scene0665_01/00015.jpg",
      "transform_matrix": [
        [
          0.933886,
          -0.23042,
          0.273428,
          2.715329
        ],
        [
          -0.353693,
          -0.482964,
          0.801029,
          4.844657
        ],
        [
          -0.052517,
          -0.844779,
          -0.532531,
          1.782801
        ],
        [
          0.0,
          0.0,
          0.0,
          1.0
        ]
      ]
    },
    {
      "file_path": "/media/NFS/ttao/scannet/posed_images/scene0665_01/00018.jpg",
      "transform_matrix": [
        [
          0.918072,
          -0.254765,
          0.303707,
          2.679993
        ],
        [
          -0.393366,
          -0.490688,
          0.777488,
          4.845369
        ],
        [
          -0.049052,
          -0.833258,
          -0.550703,
          1.781481
        ],
        [
          0.0,
          0.0,
          0.0,
          1.0
        ]
      ]
    },
    {
      "file_path": "/media/NFS/ttao/scannet/posed_images/scene0665_01/00022.jpg",
      "transform_matrix": [
        [
          0.890759,
          -0.280444,
          0.357631,
          2.639011
        ],
        [
          -0.45285,
          -0.481184,
          0.750592,
          4.857005
        ],
        [
          -0.038413,
          -0.83055,
          -0.555618,
          1.781866
        ],
        [
          0.0,
          0.0,
          0.0,
          1.0
        ]
      ]
    },
    {
      "file_path": "/media/NFS/ttao/scannet/posed_images/scene0665_01/00025.jpg",
      "transform_matrix": [
        [
          0.877922,
          -0.283486,
          0.38586,
          2.601777
        ],
        [
          -0.477987,
          -0.47188,
          0.740849,
          4.870423
        ],
        [
          -0.027941,
          -0.834844,
          -0.549777,
          1.778077
        ],
        [
          0.0,
          0.0,
          0.0,
          1.0
        ]
      ]
    },
    {
      "file_path": "/media/NFS/ttao/scannet/posed_images/scene0665_01/00028.jpg",
      "transform_matrix": [
        [
          0.86669,
          -0.299112,
          0.399225,
          2.561611
        ],
        [
          -0.498103,
          -0.475206,
          0.725308,
          4.893453
        ],
        [
          -0.027234,
          -0.827473,
          -0.560845,
          1.768895
        ],
        [
          0.0,
          0.0,
          0.0,
          1.0
        ]
      ]
    },
    {
      "file_path": "/media/NFS/ttao/scannet/posed_images/scene0665_01/00029.jpg",
      "transform_matrix": [
        [
          0.860235,
          -0.306577,
          0.407438,
          2.545191
        ],
        [
          -0.509139,
          -0.472863,
          0.719151,
          4.906825
        ],
        [
          -0.027813,
          -0.826081,
          -0.562864,
          1.769282
        ],
        [
          0.0,
          0.0,
          0.0,
          1.0
        ]
      ]
    },
    {
      "file_path": "/media/NFS/ttao/scannet/posed_images/scene0665_01/00035.jpg",
      "transform_matrix": [
        [
          0.792991,
          -0.365809,
          0.487185,
          2.447472
        ],
        [
          -0.608961,
          -0.451993,
          0.65182,
          4.995503
        ],
        [
          -0.018237,
          -0.813564,
          -0.581189,
          1.774504
        ],
        [
          0.0,
          0.0,
          0.0,
          1.0
        ]
      ]
    },
    {
      "file_path": "/media/NFS/ttao/scannet/posed_images/scene0665_01/00036.jpg",
      "transform_matrix": [
        [
          0.782526,
          -0.370412,
          0.500447,
          2.435123
        ],
        [
          -0.622498,
          -0.449714,
          0.640511,
          5.006272
        ],
        [
          -0.012195,
          -0.812743,
          -0.582494,
          1.776472
        ],
        [
          0.0,
          0.0,
          0.0,
          1.0
        ]
      ]
    },
    {
      "file_path": "/media/NFS/ttao/scannet/posed_images/scene0665_01/00042.jpg",
      "transform_matrix": [
        [
          0.707687,
          -0.40235,
          0.58077,
          2.374383
        ],
        [
          -0.70633,
          -0.422281,
          0.568134,
          5.058441
        ],
        [
          0.016659,
          -0.812276,
          -0.583035,
          1.7946
        ],
        [
          0.0,
          0.0,
          0.0,
          1.0
        ]
      ]
    },
    {
      "file_path": "/media/NFS/ttao/scannet/posed_images/scene0665_01/00043.jpg",
      "transform_matrix": [
        [
          0.691332,
          -0.411895,
          0.593635,
          2.365166
        ],
        [
          -0.722376,
          -0.411384,
          0.55582,
          5.065776
        ],
        [
          0.015272,
          -0.813084,
          -0.581946,
          1.79775
        ],
        [
          0.0,
          0.0,
          0.0,
          1.0
        ]
      ]
    },
    {
      "file_path": "/media/NFS/ttao/scannet/posed_images/scene0665_01/00049.jpg",
      "transform_matrix": [
        [
          0.584576,
          -0.467844,
          0.662867,
          2.278664
        ],
        [
          -0.811013,
          -0.360117,
          0.461058,
          5.102418
        ],
        [
          0.023007,
          -0.807117,
          -0.589943,
          1.810713
        ],
        [
          0.0,
          0.0,
          0.0,
          1.0
        ]
      ]
    },
    {
      "file_path": "/media/NFS/ttao/scannet/posed_images/scene0665_01/00052.jpg",
      "transform_matrix": [
        [
          0.549607,
          -0.486235,
          0.679344,
          2.248882
        ],
        [
          -0.835009,
          -0.345337,
          0.428372,
          5.122016
        ],
        [
          0.026313,
          -0.802694,
          -0.59581,
          1.817825
        ],
        [
          0.0,
          0.0,
          0.0,
          1.0
        ]
      ]
    },
    {
      "file_path": "/media/NFS/ttao/scannet/posed_images/scene0665_01/00056.jpg",
      "transform_matrix": [
        [
          0.525893,
          -0.485537,
          0.698348,
          2.20646
        ],
        [
          -0.850448,
          -0.312922,
          0.422868,
          5.146219
        ],
        [
          0.013211,
          -0.816293,
          -0.577488,
          1.831863
        ],
        [
          0.0,
          0.0,
          0.0,
          1.0
        ]
      ]
    },
    {
      "file_path": "/media/NFS/ttao/scannet/posed_images/scene0665_01/00058.jpg",
      "transform_matrix": [
        [
          0.514443,
          -0.488553,
          0.704744,
          2.188675
        ],
        [
          -0.857459,
          -0.303251,
          0.415696,
          5.157631
        ],
        [
          0.010625,
          -0.818141,
          -0.574919,
          1.835118
        ],
        [
          0.0,
          0.0,
          0.0,
          1.0
        ]
      ]
    },
    {
      "file_path": "/media/NFS/ttao/scannet/posed_images/scene0665_01/00063.jpg",
      "transform_matrix": [
        [
          0.474541,
          -0.492268,
          0.729714,
          2.151148
        ],
        [
          -0.88023,
          -0.267524,
          0.391951,
          5.210477
        ],
        [
          0.002271,
          -0.828313,
          -0.560261,
          1.853491
        ],
        [
          0.0,
          0.0,
          0.0,
          1.0
        ]
      ]
    },
    {
      "file_path": "/media/NFS/ttao/scannet/posed_images/scene0665_01/00065.jpg",
      "transform_matrix": [
        [
          0.467033,
          -0.488285,
          0.737196,
          2.142506
        ],
        [
          -0.884226,
          -0.262459,
          0.38634,
          5.235902
        ],
        [
          0.004839,
          -0.832282,
          -0.554332,
          1.849626
        ],
        [
          0.0,
          0.0,
          0.0,
          1.0
        ]
      ]
    },
    {
      "file_path": "/media/NFS/ttao/scannet/posed_images/scene0665_01/00067.jpg",
      "transform_matrix": [
        [
          0.459368,
          -0.488098,
          0.742119,
          2.136469
        ],
        [
          -0.888224,
          -0.258336,
          0.379896,
          5.265351
        ],
        [
          0.006289,
          -0.83368,
          -0.552212,
          1.846071
        ],
        [
          0.0,
          0.0,
          0.0,
          1.0
        ]
      ]
    },
    {
      "file_path": "/media/NFS/ttao/scannet/posed_images/scene0665_01/00070.jpg",
      "transform_matrix": [
        [
          0.461276,
          -0.475767,
          0.748912,
          2.121638
        ],
        [
          -0.887255,
          -0.249026,
          0.388285,
          5.323868
        ],
        [
          0.001765,
          -0.843582,
          -0.536997,
          1.83633
        ],
        [
          0.0,
          0.0,
          0.0,
          1.0
        ]
      ]
    },
    {
      "file_path": "/media/NFS/ttao/scannet/posed_images/scene0665_01/00075.jpg",
      "transform_matrix": [
        [
          0.507318,
          -0.45096,
          0.734346,
          2.114576
        ],
        [
          -0.860928,
          -0.227813,
          0.454867,
          5.46303
        ],
        [
          -0.037833,
          -0.862981,
          -0.503818,
          1.829639
        ],
        [
          0.0,
          0.0,
          0.0,
          1.0
        ]
      ]
    },
    {
      "file_path": "/media/NFS/ttao/scannet/posed_images/scene0665_01/00077.jpg",
      "transform_matrix": [
        [
          0.517984,
          -0.464302,
          0.718412,
          2.116553
        ],
        [
          -0.853906,
          -0.231223,
          0.46624,
          5.511691
        ],
        [
          -0.050363,
          -0.854962,
          -0.51624,
          1.83164
        ],
        [
          0.0,
          0.0,
          0.0,
          1.0
        ]
      ]
    },
    {
      "file_path": "/media/NFS/ttao/scannet/posed_images/scene0665_01/00081.jpg",
      "transform_matrix": [
        [
          0.582162,
          -0.445079,
          0.680436,
          2.099459
        ],
        [
          -0.810647,
          -0.253121,
          0.527998,
          5.597246
        ],
        [
          -0.062768,
          -0.858973,
          -0.508159,
          1.833316
        ],
        [
          0.0,
          0.0,
          0.0,
          1.0
        ]
      ]
    },
    {
      "file_path": "/media/NFS/ttao/scannet/posed_images/scene0665_01/00085.jpg",
      "transform_matrix": [
        [
          0.640386,
          -0.426578,
          0.638699,
          2.074409
        ],
        [
          -0.766487,
          -0.301875,
          0.566894,
          5.670491
        ],
        [
          -0.049017,
          -0.852586,
          -0.520283,
          1.828623
        ],
        [
          0.0,
          0.0,
          0.0,
          1.0
        ]
      ]
    },
    {
      "file_path": "/media/NFS/ttao/scannet/posed_images/scene0665_01/00089.jpg",
      "transform_matrix": [
        [
          0.668908,
          -0.40789,
          0.62144,
          2.043743
        ],
        [
          -0.742321,
          -0.322669,
          0.587234,
          5.735151
        ],
        [
          -0.039008,
          -0.854114,
          -0.518622,
          1.828665
        ],
        [
          0.0,
          0.0,
          0.0,
          1.0
        ]
      ]
    },
    {
      "file_path": "/media/NFS/ttao/scannet/posed_images/scene0665_01/00093.jpg",
      "transform_matrix": [
        [
          0.671305,
          -0.402929,
          0.622092,
          1.995387
        ],
        [
          -0.740453,
          -0.327373,
          0.58699,
          5.786415
        ],
        [
          -0.032859,
          -0.854679,
          -0.518116,
          1.833706
        ],
        [
          0.0,
          0.0,
          0.0,
          1.0
        ]
      ]
    },
    {
      "file_path": "/media/NFS/ttao/scannet/posed_images/scene0665_01/00094.jpg",
      "transform_matrix": [
        [
          0.671336,
          -0.404759,
          0.620869,
          1.984749
        ],
        [
          -0.740453,
          -0.329862,
          0.585595,
          5.799747
        ],
        [
          -0.032223,
          -0.852855,
          -0.521153,
          1.834717
        ],
        [
          0.0,
          0.0,
          0.0,
          1.0
        ]
      ]
    },
    {
      "file_path": "/media/NFS/ttao/scannet/posed_images/scene0665_01/00097.jpg",
      "transform_matrix": [
        [
          0.669452,
          -0.423708,
          0.610169,
          1.941157
        ],
        [
          -0.741242,
          -0.326893,
          0.586261,
          5.861091
        ],
        [
          -0.048944,
          -0.844756,
          -0.532909,
          1.850831
        ],
        [
          0.0,
          0.0,
          0.0,
          1.0
        ]
      ]
    },
    {
      "file_path": "/media/NFS/ttao/scannet/posed_images/scene0665_01/00100.jpg",
      "transform_matrix": [
        [
          0.694278,
          -0.4098,
          0.591643,
          1.910746
        ],
        [
          -0.716934,
          -0.321695,
          0.618481,
          5.892256
        ],
        [
          -0.063125,
          -0.853567,
          -0.517145,
          1.864386
        ],
        [
          0.0,
          0.0,
          0.0,
          1.0
        ]
      ]
    },
    {
      "file_path": "/media/NFS/ttao/scannet/posed_images/scene0665_01/00105.jpg",
      "transform_matrix": [
        [
          0.733192,
          -0.372,
          0.56925,
          1.872896
        ],
        [
          -0.677461,
          -0.327004,
          0.658874,
          5.932528
        ],
        [
          -0.058954,
          -0.868726,
          -0.491772,
          1.887174
        ],
        [
          0.0,
          0.0,
          0.0,
          1.0
        ]
      ]
    },
    {
      "file_path": "/media/NFS/ttao/scannet/posed_images/scene0665_01/00107.jpg",
      "transform_matrix": [
        [
          0.744742,
          -0.351812,
          0.567088,
          1.860053
        ],
        [
          -0.66528,
          -0.324459,
          0.672406,
          5.939879
        ],
        [
          -0.052564,
          -0.87804,
          -0.475691,
          1.89262
        ],
        [
          0.0,
          0.0,
          0.0,
          1.0
        ]
      ]
    },
    {
      "file_path": "/media/NFS/ttao/scannet/posed_images/scene0665_01/00111.jpg",
      "transform_matrix": [
        [
          0.764225,
          -0.314414,
          0.563119,
          1.830227
        ],
        [
          -0.643511,
          -0.313449,
          0.698315,
          5.95161
        ],
        [
          -0.043051,
          -0.896043,
          -0.441874,
          1.913165
        ],
        [
          0.0,
          0.0,
          0.0,
          1.0
        ]
      ]
    },
    {
      "file_path": "/media/NFS/ttao/scannet/posed_images/scene0665_01/00114.jpg",
      "transform_matrix": [
        [
          0.781231,
          -0.28133,
          0.557254,
          1.816064
        ],
        [
          -0.623468,
          -0.307189,
          0.718973,
          5.949726
        ],
        [
          -0.031086,
          -0.909114,
          -0.415386,
          1.925966
        ],
        [
          0.0,
          0.0,
          0.0,
          1.0
        ]
      ]
    },
    {
      "file_path": "/media/NFS/ttao/scannet/posed_images/scene0665_01/00119.jpg",
      "transform_matrix": [
        [
          0.817409,
          -0.222985,
          0.531149,
          1.797457
        ],
        [
          -0.57553,
          -0.276663,
          0.76956,
          5.937606
        ],
        [
          -0.024651,
          -0.934738,
          -0.354482,
          1.949658
        ],
        [
          0.0,
          0.0,
          0.0,
          1.0
        ]
      ]
    },
    {
      "file_path": "/media/NFS/ttao/scannet/posed_images/scene0665_01/00120.jpg",
      "transform_matrix": [
        [
          0.825298,
          -0.213367,
          0.522836,
          1.792157
        ],
        [
          -0.564198,
          -0.272605,
          0.779338,
          5.918926
        ],
        [
          -0.023757,
          -0.938169,
          -0.345362,
          1.956479
        ],
        [
          0.0,
          0.0,
          0.0,
          1.0
        ]
      ]
    },
    {
      "file_path": "/media/NFS/ttao/scannet/posed_images/scene0665_01/00124.jpg",
      "transform_matrix": [
        [
          0.842147,
          -0.178581,
          0.508819,
          1.791939
        ],
        [
          -0.538727,
          -0.237169,
          0.808408,
          5.885042
        ],
        [
          -0.02369,
          -0.954913,
          -0.295938,
          1.961911
        ],
        [
          0.0,
          0.0,
          0.0,
          1.0
        ]
      ]
    },
    {
      "file_path": "/media/NFS/ttao/scannet/posed_images/scene0665_01/00127.jpg",
      "transform_matrix": [
        [
          0.840781,
          -0.176079,
          0.51194,
          1.800519
        ],
        [
          -0.540055,
          -0.206789,
          0.815831,
          5.862233
        ],
        [
          -0.037787,
          -0.962411,
          -0.268957,
          1.975869
        ],
        [
          0.0,
          0.0,
          0.0,
          1.0
        ]
      ]
    },
    {
      "file_path": "/media/NFS/ttao/scannet/posed_images/scene0665_01/00133.jpg",
      "transform_matrix": [
        [
          0.845701,
          -0.176396,
          0.50366,
          1.810453
        ],
        [
          -0.528767,
          -0.149516,
          0.835494,
          5.816885
        ],
        [
          -0.072072,
          -0.972897,
          -0.219718,
          2.003007
        ],
        [
          0.0,
          0.0,
          0.0,
          1.0
        ]
      ]
    },
    {
      "file_path": "/media/NFS/ttao/scannet/posed_images/scene0665_01/00134.jpg",
      "transform_matrix": [
        [
          0.84602,
          -0.178764,
          0.502289,
          1.813082
        ],
        [
          -0.52777,
          -0.147277,
          0.836522,
          5.81058
        ],
        [
          -0.075565,
          -0.972807,
          -0.218945,
          2.004803
        ],
        [
          0.0,
          0.0,
          0.0,
          1.0
        ]
      ]
    },
    {
      "file_path": "/media/NFS/ttao/scannet/posed_images/scene0665_01/00137.jpg",
      "transform_matrix": [
        [
          0.839233,
          -0.19618,
          0.507151,
          1.81383
        ],
        [
          -0.537339,
          -0.156147,
          0.828785,
          5.796834
        ],
        [
          -0.083401,
          -0.968055,
          -0.236459,
          2.006194
        ],
        [
          0.0,
          0.0,
          0.0,
          1.0
        ]
      ]
    },
    {
      "file_path": "/media/NFS/ttao/scannet/posed_images/scene0665_01/00141.jpg",
      "transform_matrix": [
        [
          0.818977,
          -0.222847,
          0.528787,
          1.8053
        ],
        [
          -0.567734,
          -0.180756,
          0.803122,
          5.783932
        ],
        [
          -0.083392,
          -0.957949,
          -0.274553,
          1.971686
        ],
        [
          0.0,
          0.0,
          0.0,
          1.0
        ]
      ]
    },
    {
      "file_path": "/media/NFS/ttao/scannet/posed_images/scene0665_01/00145.jpg",
      "transform_matrix": [
        [
          0.794328,
          -0.26041,
          0.548844,
          1.826789
        ],
        [
          -0.600702,
          -0.202022,
          0.773527,
          5.780736
        ],
        [
          -0.090556,
          -0.944126,
          -0.3169,
          1.954168
        ],
        [
          0.0,
          0.0,
          0.0,
          1.0
        ]
      ]
    },
    {
      "file_path": "/media/NFS/ttao/scannet/posed_images/scene0665_01/00150.jpg",
      "transform_matrix": [
        [
          0.738531,
          -0.31044,
          0.598497,
          1.820074
        ],
        [
          -0.668746,
          -0.224419,
          0.708812,
          5.828118
        ],
        [
          -0.08573,
          -0.923722,
          -0.373346,
          1.928773
        ],
        [
          0.0,
          0.0,
          0.0,
          1.0
        ]
      ]
    },
    {
      "file_path": "/media/NFS/ttao/scannet/posed_images/scene0665_01/00154.jpg",
      "transform_matrix": [
        [
          0.698268,
          -0.344348,
          0.627571,
          1.803241
        ],
        [
          -0.711484,
          -0.237323,
          0.661414,
          5.858378
        ],
        [
          -0.07882,
          -0.908351,
          -0.410713,
          1.914177
        ],
        [
          0.0,
          0.0,
          0.0,
          1.0
        ]
      ]
    },
    {
      "file_path": "/media/NFS/ttao/scannet/posed_images/scene0665_01/00157.jpg",
      "transform_matrix": [
        [
          0.635698,
          -0.382471,
          0.670525,
          1.793208
        ],
        [
          -0.767047,
          -0.215352,
          0.604369,
          5.886369
        ],
        [
          -0.086754,
          -0.898521,
          -0.430272,
          1.905334
        ],
        [
          0.0,
          0.0,
          0.0,
          1.0
        ]
      ]
    },
    {
      "file_path": "/media/NFS/ttao/scannet/posed_images/scene0665_01/00158.jpg",
      "transform_matrix": [
        [
          0.612638,
          -0.394881,
          0.684648,
          1.791462
        ],
        [
          -0.785047,
          -0.203715,
          0.58498,
          5.887741
        ],
        [
          -0.091524,
          -0.895862,
          -0.434804,
          1.902975
        ],
        [
          0.0,
          0.0,
          0.0,
          1.0
        ]
      ]
    },
    {
      "file_path": "/media/NFS/ttao/scannet/posed_images/scene0665_01/00162.jpg",
      "transform_matrix": [
        [
          0.505856,
          -0.448661,
          0.736758,
          1.768358
        ],
        [
          -0.857558,
          -0.169184,
          0.485769,
          5.931574
        ],
        [
          -0.093298,
          -0.877542,
          -0.470336,
          1.871662
        ],
        [
          0.0,
          0.0,
          0.0,
          1.0
        ]
      ]
    },
    {
      "file_path": "/media/NFS/ttao/scannet/posed_images/scene0665_01/00167.jpg",
      "transform_matrix": [
        [
          0.357662,
          -0.508341,
          0.783369,
          1.763669
        ],
        [
          -0.93136,
          -0.132944,
          0.338961,
          5.967079
        ],
        [
          -0.068163,
          -0.850832,
          -0.520998,
          1.861346
        ],
        [
          0.0,
          0.0,
          0.0,
          1.0
        ]
      ]
    },
    {
      "file_path": "/media/NFS/ttao/scannet/posed_images/scene0665_01/00170.jpg",
      "transform_matrix": [
        [
          0.303013,
          -0.5137,
          0.80268,
          1.77675
        ],
        [
          -0.951861,
          -0.122228,
          0.281106,
          5.996209
        ],
        [
          -0.046294,
          -0.849219,
          -0.526008,
          1.860213
        ],
        [
          0.0,
          0.0,
          0.0,
          1.0
        ]
      ]
    },
    {
      "file_path": "/media/NFS/ttao/scannet/posed_images/scene0665_01/00174.jpg",
      "transform_matrix": [
        [
          0.23474,
          -0.515358,
          0.824198,
          1.791396
        ],
        [
          -0.971655,
          -0.099987,
          0.214216,
          6.022231
        ],
        [
          -0.027989,
          -0.851122,
          -0.524222,
          1.854875
        ],
        [
          0.0,
          0.0,
          0.0,
          1.0
        ]
      ]
    },
    {
      "file_path": "/media/NFS/ttao/scannet/posed_images/scene0665_01/00177.jpg",
      "transform_matrix": [
        [
          0.199079,
          -0.522358,
          0.829162,
          1.808988
        ],
        [
          -0.979774,
          -0.08861,
          0.179418,
          6.051012
        ],
        [
          -0.020248,
          -0.84811,
          -0.529433,
          1.845993
        ],
        [
          0.0,
          0.0,
          0.0,
          1.0
        ]
      ]
    },
    {
      "file_path": "/media/NFS/ttao/scannet/posed_images/scene0665_01/00178.jpg",
      "transform_matrix": [
        [
          0.188097,
          -0.523449,
          0.831036,
          1.816189
        ],
        [
          -0.981928,
          -0.082231,
          0.170454,
          6.060435
        ],
        [
          -0.020887,
          -0.84808,
          -0.529457,
          1.844802
        ],
        [
          0.0,
          0.0,
          0.0,
          1.0
        ]
      ]
    },
    {
      "file_path": "/media/NFS/ttao/scannet/posed_images/scene0665_01/00183.jpg",
      "transform_matrix": [
        [
          0.136707,
          -0.517383,
          0.844764,
          1.863306
        ],
        [
          -0.987962,
          -0.008874,
          0.154446,
          6.095129
        ],
        [
          -0.072411,
          -0.855708,
          -0.512368,
          1.837959
        ],
        [
          0.0,
          0.0,
          0.0,
          1.0
        ]
      ]
    },
    {
      "file_path": "/media/NFS/ttao/scannet/posed_images/scene0665_01/00186.jpg",
      "transform_matrix": [
        [
          0.092764,
          -0.522165,
          0.847785,
          1.89331
        ],
        [
          -0.993246,
          0.011067,
          0.115497,
          6.124168
        ],
        [
          -0.06969,
          -0.852773,
          -0.517612,
          1.838806
        ],
        [
          0.0,
          0.0,
          0.0,
          1.0
        ]
      ]
    },
    {
      "file_path": "/media/NFS/ttao/scannet/posed_images/scene0665_01/00189.jpg",
      "transform_matrix": [
        [
          0.072448,
          -0.51325,
          0.855176,
          1.9143
        ],
        [
          -0.994767,
          0.024752,
          0.09913,
          6.155471
        ],
        [
          -0.072046,
          -0.857882,
          -0.508771,
          1.83681
        ],
        [
          0.0,
          0.0,
          0.0,
          1.0
        ]
      ]
    },
    {
      "file_path": "/media/NFS/ttao/scannet/posed_images/scene0665_01/00194.jpg",
      "transform_matrix": [
        [
          0.020656,
          -0.525985,
          0.850243,
          1.946462
        ],
        [
          -0.998461,
          0.03292,
          0.044622,
          6.219632
        ],
        [
          -0.05146,
          -0.849856,
          -0.524496,
          1.824618
        ],
        [
          0.0,
          0.0,
          0.0,
          1.0
        ]
      ]
    },
    {
      "file_path": "/media/NFS/ttao/scannet/posed_images/scene0665_01/00195.jpg",
      "transform_matrix": [
        [
          0.009993,
          -0.52532,
          0.850846,
          1.950054
        ],
        [
          -0.998858,
          0.034508,
          0.033037,
          6.230776
        ],
        [
          -0.046716,
          -0.850205,
          -0.524375,
          1.82186
        ],
        [
          0.0,
          0.0,
          0.0,
          1.0
        ]
      ]
    },
    {
      "file_path": "/media/NFS/ttao/scannet/posed_images/scene0665_01/00200.jpg",
      "transform_matrix": [
        [
          -0.064696,
          -0.533161,
          0.843537,
          1.971722
        ],
        [
          -0.997623,
          0.054655,
          -0.041969,
          6.294436
        ],
        [
          -0.023727,
          -0.844247,
          -0.535429,
          1.821993
        ],
        [
          0.0,
          0.0,
          0.0,
          1.0
        ]
      ]
    },
    {
      "file_path": "/media/NFS/ttao/scannet/posed_images/scene0665_01/00204.jpg",
      "transform_matrix": [
        [
          -0.105266,
          -0.543369,
          0.832868,
          1.982659
        ],
        [
          -0.994316,
          0.070963,
          -0.079375,
          6.351276
        ],
        [
          -0.015973,
          -0.836489,
          -0.54775,
          1.82205
        ],
        [
          0.0,
          0.0,
          0.0,
          1.0
        ]
      ]
    },
    {
      "file_path": "/media/NFS/ttao/scannet/posed_images/scene0665_01/00205.jpg",
      "transform_matrix": [
        [
          -0.11207,
          -0.545531,
          0.830564,
          1.987302
        ],
        [
          -0.993595,
          0.073719,
          -0.085648,
          6.362688
        ],
        [
          -0.014505,
          -0.834842,
          -0.550298,
          1.824702
        ],
        [
          0.0,
          0.0,
          0.0,
          1.0
        ]
      ]
    },
    {
      "file_path": "/media/NFS/ttao/scannet/posed_images/scene0665_01/00210.jpg",
      "transform_matrix": [
        [
          -0.123862,
          -0.531382,
          0.838029,
          2.003957
        ],
        [
          -0.992286,
          0.070789,
          -0.101775,
          6.394239
        ],
        [
          -0.005242,
          -0.84417,
          -0.53605,
          1.834208
        ],
        [
          0.0,
          0.0,
          0.0,
          1.0
        ]
      ]
    },
    {
      "file_path": "/media/NFS/ttao/scannet/posed_images/scene0665_01/00211.jpg",
      "transform_matrix": [
        [
          -0.123378,
          -0.529846,
          0.839072,
          2.004946
        ],
        [
          -0.992348,
          0.070028,
          -0.101695,
          6.399541
        ],
        [
          -0.004875,
          -0.845198,
          -0.534431,
          1.83307
        ],
        [
          0.0,
          0.0,
          0.0,
          1.0
        ]
      ]
    },
    {
      "file_path": "/media/NFS/ttao/scannet/posed_images/scene0665_01/00215.jpg",
      "transform_matrix": [
        [
          -0.09368,
          -0.52169,
          0.847977,
          2.011199
        ],
        [
          -0.995527,
          0.059547,
          -0.073346,
          6.387463
        ],
        [
          -0.012231,
          -0.851055,
          -0.524935,
          1.843748
        ],
        [
          0.0,
          0.0,
          0.0,
          1.0
        ]
      ]
    },
    {
      "file_path": "/media/NFS/ttao/scannet/posed_images/scene0665_01/00218.jpg",
      "transform_matrix": [
        [
          -0.07738,
          -0.509846,
          0.856779,
          2.012004
        ],
        [
          -0.99679,
          0.057275,
          -0.055942,
          6.358733
        ],
        [
          -0.02055,
          -0.858357,
          -0.512641,
          1.853729
        ],
        [
          0.0,
          0.0,
          0.0,
          1.0
        ]
      ]
    },
    {
      "file_path": "/media/NFS/ttao/scannet/posed_images/scene0665_01/00224.jpg",
      "transform_matrix": [
        [
          -0.02226,
          -0.480293,
          0.876826,
          2.006267
        ],
        [
          -0.9997,
          0.019693,
          -0.014592,
          6.263898
        ],
        [
          -0.010259,
          -0.876887,
          -0.480587,
          1.870368
        ],
        [
          0.0,
          0.0,
          0.0,
          1.0
        ]
      ]
    },
    {
      "file_path": "/media/NFS/ttao/scannet/posed_images/scene0665_01/00227.jpg",
      "transform_matrix": [
        [
          -0.011648,
          -0.46928,
          0.882972,
          2.005668
        ],
        [
          -0.999913,
          0.010938,
          -0.007377,
          6.208073
        ],
        [
          -0.006196,
          -0.882981,
          -0.469367,
          1.879243
        ],
        [
          0.0,
          0.0,
          0.0,
          1.0
        ]
      ]
    },
    {
      "file_path": "/media/NFS/ttao/scannet/posed_images/scene0665_01/00231.jpg",
      "transform_matrix": [
        [
          0.007872,
          -0.45914,
          0.888329,
          2.010072
        ],
        [
          -0.999603,
          0.020417,
          0.019411,
          6.125375
        ],
        [
          -0.027049,
          -0.888129,
          -0.458797,
          1.886894
        ],
        [
          0.0,
          0.0,
          0.0,
          1.0
        ]
      ]
    },
    {
      "file_path": "/media/NFS/ttao/scannet/posed_images/scene0665_01/00232.jpg",
      "transform_matrix": [
        [
          0.009113,
          -0.461618,
          0.887032,
          2.015184
        ],
        [
          -0.999354,
          0.026642,
          0.024131,
          6.107531
        ],
        [
          -0.034771,
          -0.886679,
          -0.461077,
          1.888232
        ],
        [
          0.0,
          0.0,
          0.0,
          1.0
        ]
      ]
    },
    {
      "file_path": "/media/NFS/ttao/scannet/posed_images/scene0665_01/00237.jpg",
      "transform_matrix": [
        [
          0.013558,
          -0.453966,
          0.890916,
          2.041304
        ],
        [
          -0.998263,
          0.044937,
          0.038089,
          6.038739
        ],
        [
          -0.057326,
          -0.889885,
          -0.452569,
          1.887434
        ],
        [
          0.0,
          0.0,
          0.0,
          1.0
        ]
      ]
    },
    {
      "file_path": "/media/NFS/ttao/scannet/posed_images/scene0665_01/00240.jpg",
      "transform_matrix": [
        [
          0.01088,
          -0.45665,
          0.88958,
          2.071577
        ],
        [
          -0.997784,
          0.053441,
          0.039636,
          5.999653
        ],
        [
          -0.06564,
          -0.88804,
          -0.455056,
          1.873738
        ],
        [
          0.0,
          0.0,
          0.0,
          1.0
        ]
      ]
    },
    {
      "file_path": "/media/NFS/ttao/scannet/posed_images/scene0665_01/00242.jpg",
      "transform_matrix": [
        [
          0.022988,
          -0.460878,
          0.887166,
          2.096928
        ],
        [
          -0.997474,
          0.049078,
          0.051342,
          5.976245
        ],
        [
          -0.067203,
          -0.886105,
          -0.458586,
          1.871125
        ],
        [
          0.0,
          0.0,
          0.0,
          1.0
        ]
      ]
    },
    {
      "file_path": "/media/NFS/ttao/scannet/posed_images/scene0665_01/00246.jpg",
      "transform_matrix": [
        [
          0.060744,
          -0.438196,
          0.896824,
          2.148749
        ],
        [
          -0.996746,
          0.021067,
          0.077805,
          5.914624
        ],
        [
          -0.052988,
          -0.898632,
          -0.435491,
          1.866394
        ],
        [
          0.0,
          0.0,
          0.0,
          1.0
        ]
      ]
    },
    {
      "file_path": "/media/NFS/ttao/scannet/posed_images/scene0665_01/00251.jpg",
      "transform_matrix": [
        [
          0.065268,
          -0.451363,
          0.88995,
          2.234491
        ],
        [
          -0.997836,
          -0.022444,
          0.061797,
          5.786362
        ],
        [
          -0.007919,
          -0.892058,
          -0.451852,
          1.85889
        ],
        [
          0.0,
          0.0,
          0.0,
          1.0
        ]
      ]
    },
    {
      "file_path": "/media/NFS/ttao/scannet/posed_images/scene0665_01/00253.jpg",
      "transform_matrix": [
        [
          0.064104,
          -0.437123,
          0.897114,
          2.249779
        ],
        [
          -0.99788,
          -0.017978,
          0.062544,
          5.746413
        ],
        [
          -0.011211,
          -0.899222,
          -0.437349,
          1.85775
        ],
        [
          0.0,
          0.0,
          0.0,
          1.0
        ]
      ]
    },
    {
      "file_path": "/media/NFS/ttao/scannet/posed_images/scene0665_01/00256.jpg",
      "transform_matrix": [
        [
          0.06053,
          -0.432152,
          0.899767,
          2.288701
        ],
        [
          -0.997885,
          -0.004791,
          0.06483,
          5.68185
        ],
        [
          -0.023706,
          -0.901788,
          -0.431527,
          1.86926
        ],
        [
          0.0,
          0.0,
          0.0,
          1.0
        ]
      ]
    },
    {
      "file_path": "/media/NFS/ttao/scannet/posed_images/scene0665_01/00261.jpg",
      "transform_matrix": [
        [
          0.032574,
          -0.425922,
          0.904174,
          2.349847
        ],
        [
          -0.999286,
          0.003458,
          0.037629,
          5.589809
        ],
        [
          -0.019154,
          -0.904753,
