{
  "frames": [
    {
      "file_path": "/media/NFS/ttao/scannet/posed_images/scene0511_00/00000.jpg",
      "transform_matrix": [
        [
          0.006047,
          0.580537,
          -0.814212,
          4.382661
        ],
        [
          0.999959,
          -0.009007,
          0.001005,
          2.900424
        ],
        [
          -0.00675,
          -0.814184,
          -0.580567,
          1.351683
        ],
        [
          0.0,
          0.0,
          0.0,
          1.0
        ]
      ]
    },
    {
      "file_path": "/media/NFS/ttao/scannet/posed_images/scene0511_00/00004.jpg",
      "transform_matrix": [
        [
          0.000216,
          0.610047,
          -0.792365,
          4.374032
        ],
        [
          0.99999,
          0.003352,
          0.002853,
          2.889674
        ],
        [
          0.004397,
          -0.792358,
          -0.61004,
          1.34374
        ],
        [
          0.0,
          0.0,
          0.0,
          1.0
        ]
      ]
    },
    {
      "file_path": "/media/NFS/ttao/scannet/posed_images/scene0511_00/00007.jpg",
      "transform_matrix": [
        [
          -0.000813,
          0.609576,
          -0.792727,
          4.367076
        ],
        [
          0.999959,
          0.007639,
          0.004849,
          2.880769
        ],
        [
          0.009012,
          -0.792691,
          -0.609557,
          1.3457
        ],
        [
          0.0,
          0.0,
          0.0,
          1.0
        ]
      ]
    },
    {
      "file_path": "/media/NFS/ttao/scannet/posed_images/scene0511_00/00015.jpg",
      "transform_matrix": [
        [
          0.004463,
          0.605797,
          -0.795607,
          4.3419
        ],
        [
          0.999948,
          -0.010019,
          -0.002019,
          2.85053
        ],
        [
          -0.009195,
          -0.795556,
          -0.60581,
          1.349603
        ],
        [
          0.0,
          0.0,
          0.0,
          1.0
        ]
      ]
    },
    {
      "file_path": "/media/NFS/ttao/scannet/posed_images/scene0511_00/00019.jpg",
      "transform_matrix": [
        [
          0.013711,
          0.612115,
          -0.79065,
          4.325653
        ],
        [
          0.999883,
          -0.013802,
          0.006653,
          2.827456
        ],
        [
          -0.00684,
          -0.790648,
          -0.612233,
          1.346683
        ],
        [
          0.0,
          0.0,
          0.0,
          1.0
        ]
      ]
    },
    {
      "file_path": "/media/NFS/ttao/scannet/posed_images/scene0511_00/00021.jpg",
      "transform_matrix": [
        [
          0.019801,
          0.613226,
          -0.789659,
          4.319123
        ],
        [
          0.999797,
          -0.015131,
          0.01332,
          2.817592
        ],
        [
          -0.00378,
          -0.789762,
          -0.613401,
          1.342114
        ],
        [
          0.0,
          0.0,
          0.0,
          1.0
        ]
      ]
    },
    {
      "file_path": "/media/NFS/ttao/scannet/posed_images/scene0511_00/00024.jpg",
      "transform_matrix": [
        [
          0.035203,
          0.619718,
          -0.784035,
          4.299817
        ],
        [
          0.999353,
          -0.027608,
          0.02305,
          2.798851
        ],
        [
          -0.007361,
          -0.784339,
          -0.620289,
          1.338003
        ],
        [
          0.0,
          0.0,
          0.0,
          1.0
        ]
      ]
    },
    {
      "file_path": "/media/NFS/ttao/scannet/posed_images/scene0511_00/00029.jpg",
      "transform_matrix": [
        [
          0.044688,
          0.631726,
          -0.773902,
          4.261647
        ],
        [
          0.998978,
          -0.033497,
          0.030342,
          2.774784
        ],
        [
          -0.006756,
          -0.774467,
          -0.632578,
          1.331145
        ],
        [
          0.0,
          0.0,
          0.0,
          1.0
        ]
      ]
    },
    {
      "file_path": "/media/NFS/ttao/scannet/posed_images/scene0511_00/00035.jpg",
      "transform_matrix": [
        [
          0.03845,
          0.608153,
          -0.792888,
          4.190028
        ],
        [
          0.999157,
          -0.034815,
          0.021749,
          2.75248
        ],
        [
          -0.014377,
          -0.793056,
          -0.608979,
          1.335341
        ],
        [
          0.0,
          0.0,
          0.0,
          1.0
        ]
      ]
    },
    {
      "file_path": "/media/NFS/ttao/scannet/posed_images/scene0511_00/00036.jpg",
      "transform_matrix": [
        [
          0.034845,
          0.603553,
          -0.796561,
          4.176315
        ],
        [
          0.999265,
          -0.033795,
          0.018106,
          2.750488
        ],
        [
          -0.015992,
          -0.796606,
          -0.604287,
          1.335903
        ],
        [
          0.0,
          0.0,
          0.0,
          1.0
        ]
      ]
    },
    {
      "file_path": "/media/NFS/ttao/scannet/posed_images/scene0511_00/00044.jpg",
      "transform_matrix": [
        [
          0.013189,
          0.568596,
          -0.822511,
          4.0464
        ],
        [
          0.999801,
          -0.019826,
          0.002326,
          2.727683
        ],
        [
          -0.014984,
          -0.822378,
          -0.568744,
          1.335156
        ],
        [
          0.0,
          0.0,
          0.0,
          1.0
        ]
      ]
    },
    {
      "file_path": "/media/NFS/ttao/scannet/posed_images/scene0511_00/00045.jpg",
      "transform_matrix": [
        [
          0.008634,
          0.571014,
          -0.820895,
          4.024797
        ],
        [
          0.999805,
          -0.019504,
          -0.003052,
          2.724358
        ],
        [
          -0.017754,
          -0.820709,
          -0.571071,
          1.339496
        ],
        [
          0.0,
          0.0,
          0.0,
          1.0
        ]
      ]
    },
    {
      "file_path": "/media/NFS/ttao/scannet/posed_images/scene0511_00/00052.jpg",
      "transform_matrix": [
        [
          -0.01851,
          0.519974,
          -0.853981,
          3.913907
        ],
        [
          0.999589,
          -0.009083,
          -0.027197,
          2.702635
        ],
        [
          -0.021899,
          -0.854134,
          -0.519592,
          1.350479
        ],
        [
          0.0,
          0.0,
          0.0,
          1.0
        ]
      ]
    },
    {
      "file_path": "/media/NFS/ttao/scannet/posed_images/scene0511_00/00056.jpg",
      "transform_matrix": [
        [
          -0.043169,
          0.518,
          -0.854291,
          3.860022
        ],
        [
          0.998987,
          0.011511,
          -0.043501,
          2.678122
        ],
        [
          -0.0127,
          -0.855303,
          -0.517972,
          1.351856
        ],
        [
          0.0,
          0.0,
          0.0,
          1.0
        ]
      ]
    },
    {
      "file_path": "/media/NFS/ttao/scannet/posed_images/scene0511_00/00057.jpg",
      "transform_matrix": [
        [
          -0.045542,
          0.518741,
          -0.853718,
          3.832883
        ],
        [
          0.998932,
          0.016982,
          -0.042969,
          2.662733
        ],
        [
          -0.007792,
          -0.854763,
          -0.51896,
          1.342047
        ],
        [
          0.0,
          0.0,
          0.0,
          1.0
        ]
      ]
    },
    {
      "file_path": "/media/NFS/ttao/scannet/posed_images/scene0511_00/00061.jpg",
      "transform_matrix": [
        [
          -0.040707,
          0.54309,
          -0.838687,
          3.768871
        ],
        [
          0.999087,
          0.033056,
          -0.027086,
          2.623067
        ],
        [
          0.013013,
          -0.839024,
          -0.543939,
          1.341292
        ],
        [
          0.0,
          0.0,
          0.0,
          1.0
        ]
      ]
    },
    {
      "file_path": "/media/NFS/ttao/scannet/posed_images/scene0511_00/00068.jpg",
      "transform_matrix": [
        [
          -0.019749,
          0.475237,
          -0.879636,
          3.65293
        ],
        [
          0.999698,
          0.022267,
          -0.010415,
          2.542458
        ],
        [
          0.014637,
          -0.879576,
          -0.475533,
          1.361825
        ],
        [
          0.0,
          0.0,
          0.0,
          1.0
        ]
      ]
    },
    {
      "file_path": "/media/NFS/ttao/scannet/posed_images/scene0511_00/00070.jpg",
      "transform_matrix": [
        [
          -0.014981,
          0.465612,
          -0.884862,
          3.630388
        ],
        [
          0.999829,
          0.01661,
          -0.008187,
          2.52394
        ],
        [
          0.010886,
          -0.884833,
          -0.465781,
          1.357274
        ],
        [
          0.0,
          0.0,
          0.0,
          1.0
        ]
      ]
    },
    {
      "file_path": "/media/NFS/ttao/scannet/posed_images/scene0511_00/00076.jpg",
      "transform_matrix": [
        [
          -0.011008,
          0.43973,
          -0.898063,
          3.544698
        ],
        [
          0.999853,
          0.016639,
          -0.004108,
          2.468709
        ],
        [
          0.013136,
          -0.897976,
          -0.439848,
          1.367153
        ],
        [
          0.0,
          0.0,
          0.0,
          1.0
        ]
      ]
    },
    {
      "file_path": "/media/NFS/ttao/scannet/posed_images/scene0511_00/00081.jpg",
      "transform_matrix": [
        [
          -0.037096,
          0.409387,
          -0.911606,
          3.483356
        ],
        [
          0.999288,
          0.021479,
          -0.031018,
          2.43671
        ],
        [
          0.006882,
          -0.912108,
          -0.409892,
          1.363008
        ],
        [
          0.0,
          0.0,
          0.0,
          1.0
        ]
      ]
    },
    {
      "file_path": "/media/NFS/ttao/scannet/posed_images/scene0511_00/00082.jpg",
      "transform_matrix": [
        [
          -0.043383,
          0.402127,
          -0.914556,
          3.470856
        ],
        [
          0.999054,
          0.020384,
          -0.038429,
          2.431662
        ],
        [
          0.003189,
          -0.915357,
          -0.402631,
          1.361557
        ],
        [
          0.0,
          0.0,
          0.0,
          1.0
        ]
      ]
    },
    {
      "file_path": "/media/NFS/ttao/scannet/posed_images/scene0511_00/00086.jpg",
      "transform_matrix": [
        [
          -0.063056,
          0.37458,
          -0.925048,
          3.406244
        ],
        [
          0.998001,
          0.01961,
          -0.060088,
          2.411665
        ],
        [
          -0.004367,
          -0.926987,
          -0.375068,
          1.356519
        ],
        [
          0.0,
          0.0,
          0.0,
          1.0
        ]
      ]
    },
    {
      "file_path": "/media/NFS/ttao/scannet/posed_images/scene0511_00/00091.jpg",
      "transform_matrix": [
        [
          -0.079711,
          0.34192,
          -0.936342,
          3.303977
        ],
        [
          0.996755,
          0.016763,
          -0.078732,
          2.386552
        ],
        [
          -0.011224,
          -0.939579,
          -0.342147,
          1.365778
        ],
        [
          0.0,
          0.0,
          0.0,
          1.0
        ]
      ]
    },
    {
      "file_path": "/media/NFS/ttao/scannet/posed_images/scene0511_00/00097.jpg",
      "transform_matrix": [
        [
          -0.148897,
          0.297775,
          -0.942953,
          3.193582
        ],
        [
          0.98885,
          0.042716,
          -0.142655,
          2.354171
        ],
        [
          -0.0022,
          -0.95368,
          -0.300815,
          1.376184
        ],
        [
          0.0,
          0.0,
          0.0,
          1.0
        ]
      ]
    },
    {
      "file_path": "/media/NFS/ttao/scannet/posed_images/scene0511_00/00102.jpg",
      "transform_matrix": [
        [
          -0.196936,
          0.307955,
          -0.930795,
          3.097867
        ],
        [
          0.9804,
          0.056433,
          -0.18876,
          2.317448
        ],
        [
          -0.005602,
          -0.949726,
          -0.313033,
          1.383207
        ],
        [
          0.0,
          0.0,
          0.0,
          1.0
        ]
      ]
    },
    {
      "file_path": "/media/NFS/ttao/scannet/posed_images/scene0511_00/00103.jpg",
      "transform_matrix": [
        [
          -0.204243,
          0.303707,
          -0.930616,
          3.07584
        ],
        [
          0.978888,
          0.055674,
          -0.196668,
          2.309638
        ],
        [
          -0.007919,
          -0.951137,
          -0.308666,
          1.382473
        ],
        [
          0.0,
          0.0,
          0.0,
          1.0
        ]
      ]
    },
    {
      "file_path": "/media/NFS/ttao/scannet/posed_images/scene0511_00/00109.jpg",
      "transform_matrix": [
        [
          -0.210854,
          0.257013,
          -0.943125,
          2.965535
        ],
        [
          0.977511,
          0.05176,
          -0.204436,
          2.249496
        ],
        [
          -0.003727,
          -0.965021,
          -0.262147,
          1.367156
        ],
        [
          0.0,
          0.0,
          0.0,
          1.0
        ]
      ]
    },
    {
      "file_path": "/media/NFS/ttao/scannet/posed_images/scene0511_00/00114.jpg",
      "transform_matrix": [
        [
          -0.205084,
          0.268008,
          -0.941335,
          2.864233
        ],
        [
          0.978735,
          0.05191,
          -0.198452,
          2.206582
        ],
        [
          -0.004322,
          -0.962017,
          -0.272955,
          1.381779
        ],
        [
          0.0,
          0.0,
          0.0,
          1.0
        ]
      ]
    },
    {
      "file_path": "/media/NFS/ttao/scannet/posed_images/scene0511_00/00117.jpg",
      "transform_matrix": [
        [
          -0.19147,
          0.258683,
          -0.946796,
          2.813445
        ],
        [
          0.981498,
          0.051742,
          -0.184351,
          2.177825
        ],
        [
          0.001301,
          -0.964575,
          -0.263804,
          1.384035
        ],
        [
          0.0,
          0.0,
          0.0,
          1.0
        ]
      ]
    },
    {
      "file_path": "/media/NFS/ttao/scannet/posed_images/scene0511_00/00121.jpg",
      "transform_matrix": [
        [
          -0.186248,
          0.298625,
          -0.936021,
          2.740169
        ],
        [
          0.982393,
          0.042356,
          -0.181962,
          2.153705
        ],
        [
          -0.014693,
          -0.95343,
          -0.301256,
          1.388696
        ],
        [
          0.0,
          0.0,
          0.0,
          1.0
        ]
      ]
    },
    {
      "file_path": "/media/NFS/ttao/scannet/posed_images/scene0511_00/00126.jpg",
      "transform_matrix": [
        [
          -0.217509,
          0.273013,
          -0.937099,
          2.65332
        ],
        [
          0.97605,
          0.056794,
          -0.210003,
          2.130453
        ],
        [
          -0.004112,
          -0.960332,
          -0.278828,
          1.386598
        ],
        [
          0.0,
          0.0,
          0.0,
          1.0
        ]
      ]
    },
    {
      "file_path": "/media/NFS/ttao/scannet/posed_images/scene0511_00/00128.jpg",
      "transform_matrix": [
        [
          -0.23318,
          0.269297,
          -0.934401,
          2.615465
        ],
        [
          0.972413,
          0.05834,
          -0.225852,
          2.12701
        ],
        [
          -0.006308,
          -0.961288,
          -0.275472,
          1.389436
        ],
        [
          0.0,
          0.0,
          0.0,
          1.0
        ]
      ]
    },
    {
      "file_path": "/media/NFS/ttao/scannet/posed_images/scene0511_00/00133.jpg",
      "transform_matrix": [
        [
          -0.279355,
          0.243508,
          -0.928797,
          2.527462
        ],
        [
          0.960186,
          0.06892,
          -0.270727,
          2.105698
        ],
        [
          -0.001911,
          -0.967447,
          -0.253066,
          1.395628
        ],
        [
          0.0,
          0.0,
          0.0,
          1.0
        ]
      ]
    },
    {
      "file_path": "/media/NFS/ttao/scannet/posed_images/scene0511_00/00135.jpg",
      "transform_matrix": [
        [
          -0.300225,
          0.249611,
          -0.92063,
          2.492105
        ],
        [
          0.953868,
          0.077379,
          -0.290084,
          2.105132
        ],
        [
          -0.00117,
          -0.965249,
          -0.261327,
          1.39799
        ],
        [
          0.0,
          0.0,
          0.0,
          1.0
        ]
      ]
    },
    {
      "file_path": "/media/NFS/ttao/scannet/posed_images/scene0511_00/00140.jpg",
      "transform_matrix": [
        [
          -0.366129,
          0.235261,
          -0.900334,
          2.40887
        ],
        [
          0.93053,
          0.100849,
          -0.352056,
          2.118196
        ],
        [
          0.007973,
          -0.966686,
          -0.255841,
          1.411932
        ],
        [
          0.0,
          0.0,
          0.0,
          1.0
        ]
      ]
    },
    {
      "file_path": "/media/NFS/ttao/scannet/posed_images/scene0511_00/00145.jpg",
      "transform_matrix": [
        [
          -0.413671,
          0.27007,
          -0.869447,
          2.340044
        ],
        [
          0.910426,
          0.122238,
          -0.395199,
          2.125324
        ],
        [
          -0.000452,
          -0.95505,
          -0.296445,
          1.413127
        ],
        [
          0.0,
          0.0,
          0.0,
          1.0
        ]
      ]
    },
    {
      "file_path": "/media/NFS/ttao/scannet/posed_images/scene0511_00/00152.jpg",
      "transform_matrix": [
        [
          -0.528106,
          0.320805,
          -0.786249,
          2.257954
        ],
        [
          0.848836,
          0.173126,
          -0.499505,
          2.121616
        ],
        [
          -0.024123,
          -0.931188,
          -0.36374,
          1.414466
        ],
        [
          0.0,
          0.0,
          0.0,
          1.0
        ]
      ]
    },
    {
      "file_path": "/media/NFS/ttao/scannet/posed_images/scene0511_00/00154.jpg",
      "transform_matrix": [
        [
          -0.548696,
          0.326705,
          -0.769543,
          2.238245
        ],
        [
          0.835782,
          0.192315,
          -0.514279,
          2.114444
        ],
        [
          -0.020023,
          -0.925353,
          -0.378577,
          1.4084
        ],
        [
          0.0,
          0.0,
          0.0,
          1.0
        ]
      ]
    },
    {
      "file_path": "/media/NFS/ttao/scannet/posed_images/scene0511_00/00159.jpg",
      "transform_matrix": [
        [
          -0.588147,
          0.305277,
          -0.748925,
          2.188206
        ],
        [
          0.808732,
          0.215142,
          -0.547418,
          2.087257
        ],
        [
          -0.005989,
          -0.927642,
          -0.373422,
          1.397599
        ],
        [
          0.0,
          0.0,
          0.0,
          1.0
        ]
      ]
    },
    {
      "file_path": "/media/NFS/ttao/scannet/posed_images/scene0511_00/00162.jpg",
      "transform_matrix": [
        [
          -0.605607,
          0.308266,
          -0.733629,
          2.157886
        ],
        [
          0.795763,
          0.233453,
          -0.558803,
          2.054089
        ],
        [
          -0.000992,
          -0.92221,
          -0.386687,
          1.40044
        ],
        [
          0.0,
          0.0,
          0.0,
          1.0
        ]
      ]
    },
    {
      "file_path": "/media/NFS/ttao/scannet/posed_images/scene0511_00/00167.jpg",
      "transform_matrix": [
        [
          -0.658098,
          0.294044,
          -0.693142,
          2.100942
        ],
        [
          0.752908,
          0.264391,
          -0.602683,
          2.015511
        ],
        [
          0.006046,
          -0.918496,
          -0.395383,
          1.396846
        ],
        [
          0.0,
          0.0,
          0.0,
          1.0
        ]
      ]
    },
    {
      "file_path": "/media/NFS/ttao/scannet/posed_images/scene0511_00/00169.jpg",
      "transform_matrix": [
        [
          -0.684275,
          0.287174,
          -0.670297,
          2.078009
        ],
        [
          0.729211,
          0.274921,
          -0.626634,
          2.000597
        ],
        [
          0.004325,
          -0.917578,
          -0.397532,
          1.398716
        ],
        [
          0.0,
          0.0,
          0.0,
          1.0
        ]
      ]
    },
    {
      "file_path": "/media/NFS/ttao/scannet/posed_images/scene0511_00/00173.jpg",
      "transform_matrix": [
        [
          -0.726202,
          0.271761,
          -0.631487,
          2.040534
        ],
        [
          0.687338,
          0.305712,
          -0.658867,
          1.97068
        ],
        [
          0.013999,
          -0.912516,
          -0.408801,
          1.395258
        ],
        [
          0.0,
          0.0,
          0.0,
          1.0
        ]
      ]
    },
    {
      "file_path": "/media/NFS/ttao/scannet/posed_images/scene0511_00/00178.jpg",
      "transform_matrix": [
        [
          -0.776132,
          0.282505,
          -0.563746,
          1.988174
        ],
        [
          0.630422,
          0.328257,
          -0.703431,
          1.953611
        ],
        [
          -0.013669,
          -0.901353,
          -0.432868,
          1.389879
        ],
        [
          0.0,
          0.0,
          0.0,
          1.0
        ]
      ]
    },
    {
      "file_path": "/media/NFS/ttao/scannet/posed_images/scene0511_00/00183.jpg",
      "transform_matrix": [
        [
          -0.797512,
          0.300274,
          -0.523268,
          1.932031
        ],
        [
          0.603066,
          0.372488,
          -0.705382,
          1.935748
        ],
        [
          -0.016897,
          -0.878116,
          -0.478149,
          1.383401
        ],
        [
          0.0,
          0.0,
          0.0,
          1.0
        ]
      ]
    },
    {
      "file_path": "/media/NFS/ttao/scannet/posed_images/scene0511_00/00186.jpg",
      "transform_matrix": [
        [
          -0.824795,
          0.285012,
          -0.488345,
          1.895248
        ],
        [
          0.564599,
          0.36829,
          -0.738641,
          1.93523
        ],
        [
          -0.030669,
          -0.884947,
          -0.464681,
          1.38188
        ],
        [
          0.0,
          0.0,
          0.0,
          1.0
        ]
      ]
    },
    {
      "file_path": "/media/NFS/ttao/scannet/posed_images/scene0511_00/00193.jpg",
      "transform_matrix": [
        [
          -0.908657,
          0.205974,
          -0.363203,
          1.790238
        ],
        [
          0.416717,
          0.3927,
          -0.819838,
          1.9525
        ],
        [
          -0.026236,
          -0.896304,
          -0.442662,
          1.390421
        ],
        [
          0.0,
          0.0,
          0.0,
          1.0
        ]
      ]
    },
    {
      "file_path": "/media/NFS/ttao/scannet/posed_images/scene0511_00/00195.jpg",
      "transform_matrix": [
        [
          -0.923263,
          0.180099,
          -0.339337,
          1.76138
        ],
        [
          0.383693,
          0.388384,
          -0.837817,
          1.957961
        ],
        [
          -0.019096,
          -0.903727,
          -0.427684,
          1.39671
        ],
        [
          0.0,
          0.0,
          0.0,
          1.0
        ]
      ]
    },
    {
      "file_path": "/media/NFS/ttao/scannet/posed_images/scene0511_00/00200.jpg",
      "transform_matrix": [
        [
          -0.955917,
          0.126865,
          -0.264818,
          1.696553
        ],
        [
          0.292953,
          0.350452,
          -0.889585,
          1.974777
        ],
        [
          -0.020051,
          -0.927948,
          -0.372168,
          1.414748
        ],
        [
          0.0,
          0.0,
          0.0,
          1.0
        ]
      ]
    },
    {
      "file_path": "/media/NFS/ttao/scannet/posed_images/scene0511_00/00203.jpg",
      "transform_matrix": [
        [
          -0.962859,
          0.120622,
          -0.241563,
          1.664418
        ],
        [
          0.26885,
          0.345647,
          -0.899026,
          1.977447
        ],
        [
          -0.024947,
          -0.93058,
          -0.365238,
          1.424367
        ],
        [
          0.0,
          0.0,
          0.0,
          1.0
        ]
      ]
    },
    {
      "file_path": "/media/NFS/ttao/scannet/posed_images/scene0511_00/00208.jpg",
      "transform_matrix": [
        [
          -0.973471,
          0.104965,
          -0.203315,
          1.614617
        ],
        [
          0.228462,
          0.396808,
          -0.889015,
          1.960088
        ],
        [
          -0.012639,
          -0.91188,
          -0.410262,
          1.42771
        ],
        [
          0.0,
          0.0,
          0.0,
          1.0
        ]
      ]
    },
    {
      "file_path": "/media/NFS/ttao/scannet/posed_images/scene0511_00/00214.jpg",
      "transform_matrix": [
        [
          -0.985475,
          0.054875,
          -0.160709,
          1.558692
        ],
        [
          0.169164,
          0.400285,
          -0.900642,
          1.904026
        ],
        [
          0.014906,
          -0.914746,
          -0.403754,
          1.4328
        ],
        [
          0.0,
          0.0,
          0.0,
          1.0
        ]
      ]
    },
    {
      "file_path": "/media/NFS/ttao/scannet/posed_images/scene0511_00/00215.jpg",
      "transform_matrix": [
        [
          -0.985851,
          0.049983,
          -0.160001,
          1.550837
        ],
        [
          0.166501,
          0.402404,
          -0.900194,
          1.893107
        ],
        [
          0.019391,
          -0.914097,
          -0.405032,
          1.433269
        ],
        [
          0.0,
          0.0,
          0.0,
          1.0
        ]
      ]
    },
    {
      "file_path": "/media/NFS/ttao/scannet/posed_images/scene0511_00/00221.jpg",
      "transform_matrix": [
        [
          -0.993396,
          -0.008911,
          -0.114387,
          1.504554
        ],
        [
          0.102524,
          0.378596,
          -0.919866,
          1.83249
        ],
        [
          0.051503,
          -0.925519,
          -0.375182,
          1.434557
        ],
        [
          0.0,
          0.0,
          0.0,
          1.0
        ]
      ]
    },
    {
      "file_path": "/media/NFS/ttao/scannet/posed_images/scene0511_00/00224.jpg",
      "transform_matrix": [
        [
          -0.995548,
          -0.017974,
          -0.092523,
          1.481572
        ],
        [
          0.079141,
          0.373719,
          -0.92416,
          1.806625
        ],
        [
          0.051188,
          -0.927368,
          -0.370632,
          1.431657
        ],
        [
          0.0,
          0.0,
          0.0,
          1.0
        ]
      ]
    },
    {
      "file_path": "/media/NFS/ttao/scannet/posed_images/scene0511_00/00230.jpg",
      "transform_matrix": [
        [
          -0.999787,
          -0.013193,
          0.015905,
          1.422578
        ],
        [
          -0.019915,
          0.409708,
          -0.912,
          1.774934
        ],
        [
          0.005515,
          -0.912121,
          -0.409883,
          1.414552
        ],
        [
          0.0,
          0.0,
          0.0,
          1.0
        ]
      ]
    },
    {
      "file_path": "/media/NFS/ttao/scannet/posed_images/scene0511_00/00231.jpg",
      "transform_matrix": [
        [
          -0.999323,
          -0.013187,
          0.034347,
          1.411941
        ],
        [
          -0.036724,
          0.414244,
          -0.909425,
          1.770391
        ],
        [
          -0.002236,
          -0.91007,
          -0.414448,
          1.411445
        ],
        [
          0.0,
          0.0,
          0.0,
          1.0
        ]
      ]
    },
    {
      "file_path": "/media/NFS/ttao/scannet/posed_images/scene0511_00/00239.jpg",
      "transform_matrix": [
        [
          -0.985627,
          -0.076163,
          0.150791,
          1.34376
        ],
        [
          -0.16893,
          0.437748,
          -0.883085,
          1.755601
        ],
        [
          0.00125,
          -0.895866,
          -0.444323,
          1.390161
        ],
        [
          0.0,
          0.0,
          0.0,
          1.0
        ]
      ]
    },
    {
      "file_path": "/media/NFS/ttao/scannet/posed_images/scene0511_00/00241.jpg",
      "transform_matrix": [
        [
          -0.982318,
          -0.097995,
          0.159528,
          1.329142
        ],
        [
          -0.186586,
          0.44222,
          -0.877284,
          1.754654
        ],
        [
          0.015422,
          -0.891537,
          -0.452685,
          1.38691
        ],
        [
          0.0,
          0.0,
          0.0,
          1.0
        ]
      ]
    },
    {
      "file_path": "/media/NFS/ttao/scannet/posed_images/scene0511_00/00244.jpg",
      "transform_matrix": [
        [
          -0.970874,
          -0.141944,
          0.193019,
          1.315896
        ],
        [
          -0.236587,
          0.440777,
          -0.865877,
          1.75644
        ],
        [
          0.037828,
          -0.886322,
          -0.461521,
          1.381155
        ],
        [
          0.0,
          0.0,
          0.0,
          1.0
        ]
      ]
    },
    {
      "file_path": "/media/NFS/ttao/scannet/posed_images/scene0511_00/00250.jpg",
      "transform_matrix": [
        [
          -0.940997,
          -0.184557,
          0.28366,
          1.329071
        ],
        [
          -0.337671,
          0.456548,
          -0.82313,
          1.768088
        ],
        [
          0.02241,
          -0.870347,
          -0.491929,
          1.366992
        ],
        [
          0.0,
          0.0,
          0.0,
          1.0
        ]
      ]
    },
    {
      "file_path": "/media/NFS/ttao/scannet/posed_images/scene0511_00/00252.jpg",
      "transform_matrix": [
        [
          -0.921494,
          -0.202682,
          0.331314,
          1.332416
        ],
        [
          -0.388209,
          0.454397,
          -0.801759,
          1.770896
        ],
        [
          0.011954,
          -0.867435,
          -0.497407,
          1.3657
        ],
        [
          0.0,
          0.0,
          0.0,
          1.0
        ]
      ]
    },
    {
      "file_path": "/media/NFS/ttao/scannet/posed_images/scene0511_00/00256.jpg",
      "transform_matrix": [
        [
          -0.893026,
          -0.235509,
          0.383458,
          1.35638
        ],
        [
          -0.449595,
          0.430605,
          -0.782588,
          1.786446
        ],
        [
          0.019187,
          -0.871272,
          -0.490425,
          1.358155
        ],
        [
          0.0,
          0.0,
          0.0,
          1.0
        ]
      ]
    },
    {
      "file_path": "/media/NFS/ttao/scannet/posed_images/scene0511_00/00264.jpg",
      "transform_matrix": [
        [
          -0.860871,
          -0.249822,
          0.443271,
          1.448033
        ],
        [
          -0.508535,
          0.393185,
          -0.766027,
          1.835038
        ],
        [
          0.017083,
          -0.884869,
          -0.465525,
          1.352532
        ],
        [
          0.0,
          0.0,
          0.0,
          1.0
        ]
      ]
    },
    {
      "file_path": "/media/NFS/ttao/scannet/posed_images/scene0511_00/00265.jpg",
      "transform_matrix": [
        [
          -0.855514,
          -0.253607,
          0.451419,
          1.458779
        ],
        [
          -0.51749,
          0.389665,
          -0.761817,
          1.838592
        ],
        [
          0.0173,
          -0.88535,
          -0.464603,
          1.351145
        ],
        [
          0.0,
          0.0,
          0.0,
          1.0
        ]
      ]
    },
    {
      "file_path": "/media/NFS/ttao/scannet/posed_images/scene0511_00/00271.jpg",
      "transform_matrix": [
        [
          -0.829056,
          -0.258238,
          0.495963,
          1.54079
        ],
        [
          -0.55911,
          0.370338,
          -0.741785,
          1.857953
        ],
        [
          0.007883,
          -0.892279,
          -0.451415,
          1.350724
        ],
        [
          0.0,
          0.0,
          0.0,
          1.0
        ]
      ]
    },
    {
      "file_path": "/media/NFS/ttao/scannet/posed_images/scene0511_00/00276.jpg",
      "transform_matrix": [
        [
          -0.79092,
          -0.290533,
          0.53855,
          1.615862
        ],
        [
          -0.61134,
          0.33688,
          -0.716083,
          1.870968
        ],
        [
          0.026619,
          -0.895602,
          -0.44406,
          1.351182
        ],
        [
          0.0,
          0.0,
          0.0,
          1.0
        ]
      ]
    },
    {
      "file_path": "/media/NFS/ttao/scannet/posed_images/scene0511_00/00277.jpg",
      "transform_matrix": [
        [
          -0.782566,
          -0.295171,
          0.548146,
          1.631534
        ],
        [
          -0.621941,
          0.33119,
          -0.709579,
          1.875553
        ],
        [
          0.027907,
          -0.896207,
          -0.442757,
          1.349819
        ],
        [
          0.0,
          0.0,
          0.0,
          1.0
        ]
      ]
    },
    {
      "file_path": "/media/NFS/ttao/scannet/posed_images/scene0511_00/00283.jpg",
      "transform_matrix": [
        [
          -0.741206,
          -0.286786,
          0.606933,
          1.711834
        ],
        [
          -0.671273,
          0.313219,
          -0.671779,
          1.898427
        ],
        [
          0.002554,
          -0.905344,
          -0.424672,
          1.350024
        ],
        [
          0.0,
          0.0,
          0.0,
          1.0
        ]
      ]
    },
    {
      "file_path": "/media/NFS/ttao/scannet/posed_images/scene0511_00/00288.jpg",
      "transform_matrix": [
        [
          -0.705439,
          -0.319574,
          0.632636,
          1.761272
        ],
        [
          -0.708266,
          0.284179,
          -0.646221,
          1.907765
        ],
        [
          0.026733,
          -0.903944,
          -0.426814,
          1.346713
        ],
        [
          0.0,
          0.0,
          0.0,
          1.0
        ]
      ]
    },
    {
      "file_path": "/media/NFS/ttao/scannet/posed_images/scene0511_00/00290.jpg",
      "transform_matrix": [
        [
          -0.700298,
          -0.327372,
          0.634358,
          1.78887
        ],
        [
          -0.713209,
          0.283187,
          -0.641201,
          1.913798
        ],
        [
          0.030269,
          -0.901461,
          -0.4318,
          1.34718
        ],
        [
          0.0,
          0.0,
          0.0,
          1.0
        ]
      ]
    },
    {
      "file_path": "/media/NFS/ttao/scannet/posed_images/scene0511_00/00296.jpg",
      "transform_matrix": [
        [
          -0.635204,
          -0.33076,
          0.697935,
          1.838212
        ],
        [
          -0.77227,
          0.259489,
          -0.579883,
          1.906762
        ],
        [
          0.010695,
          -0.907338,
          -0.420265,
          1.346073
        ],
        [
          0.0,
          0.0,
          0.0,
          1.0
        ]
      ]
    },
    {
      "file_path": "/media/NFS/ttao/scannet/posed_images/scene0511_00/00300.jpg",
      "transform_matrix": [
        [
          -0.589901,
          -0.33148,
          0.736301,
          1.87107
        ],
        [
          -0.807474,
          0.24414,
          -0.537012,
          1.899178
        ],
        [
          -0.001752,
          -0.911327,
          -0.41168,
          1.349332
        ],
        [
          0.0,
          0.0,
          0.0,
          1.0
        ]
      ]
    },
    {
      "file_path": "/media/NFS/ttao/scannet/posed_images/scene0511_00/00302.jpg",
      "transform_matrix": [
        [
          -0.560925,
          -0.331788,
          0.758473,
          1.886406
        ],
        [
          -0.827789,
          0.237354,
          -0.508359,
          1.891044
        ],
        [
          -0.011359,
          -0.913006,
          -0.407788,
          1.353112
        ],
        [
          0.0,
          0.0,
          0.0,
          1.0
        ]
      ]
    },
    {
      "file_path": "/media/NFS/ttao/scannet/posed_images/scene0511_00/00307.jpg",
      "transform_matrix": [
        [
          -0.491417,
          -0.326535,
          0.807394,
          1.924382
        ],
        [
          -0.870453,
          0.214643,
          -0.44299,
          1.870361
        ],
        [
          -0.02865,
          -0.920491,
          -0.389713,
          1.363129
        ],
        [
          0.0,
          0.0,
          0.0,
          1.0
        ]
      ]
    },
    {
      "file_path": "/media/NFS/ttao/scannet/posed_images/scene0511_00/00310.jpg",
      "transform_matrix": [
        [
          -0.463067,
          -0.324952,
          0.824606,
          1.94952
        ],
        [
          -0.88585,
          0.200082,
          -0.418613,
          1.859355
        ],
        [
          -0.02896,
          -0.924323,
          -0.38051,
          1.369492
        ],
        [
          0.0,
          0.0,
          0.0,
          1.0
        ]
      ]
    },
    {
      "file_path": "/media/NFS/ttao/scannet/posed_images/scene0511_00/00316.jpg",
      "transform_matrix": [
        [
          -0.392676,
          -0.315979,
          0.863692,
          1.999524
        ],
        [
          -0.919158,
          0.166396,
          -0.357018,
          1.840197
        ],
        [
          -0.030905,
          -0.934061,
          -0.355774,
          1.382982
        ],
        [
          0.0,
          0.0,
          0.0,
          1.0
        ]
      ]
    },
    {
      "file_path": "/media/NFS/ttao/scannet/posed_images/scene0511_00/00318.jpg",
      "transform_matrix": [
        [
          -0.360585,
          -0.313659,
          0.878406,
          2.015546
        ],
        [
          -0.932537,
          0.140216,
          -0.332738,
          1.836427
        ],
        [
          -0.0188,
          -0.939126,
          -0.343058,
