{
  "frames": [
    {
      "file_path": "/media/NFS/ttao/scannet/posed_images/scene0420_02/00001.jpg",
      "transform_matrix": [
        [
          -0.917974,
          0.178106,
          -0.354405,
          4.139222
        ],
        [
          0.395683,
          0.473275,
          -0.787049,
          3.528469
        ],
        [
          0.027553,
          -0.862722,
          -0.504928,
          1.442333
        ],
        [
          0.0,
          0.0,
          0.0,
          1.0
        ]
      ]
    },
    {
      "file_path": "/media/NFS/ttao/scannet/posed_images/scene0420_02/00004.jpg",
      "transform_matrix": [
        [
          -0.9281,
          0.164608,
          -0.333967,
          4.137116
        ],
        [
          0.371219,
          0.478335,
          -0.795859,
          3.502049
        ],
        [
          0.028743,
          -0.862612,
          -0.505049,
          1.442266
        ],
        [
          0.0,
          0.0,
          0.0,
          1.0
        ]
      ]
    },
    {
      "file_path": "/media/NFS/ttao/scannet/posed_images/scene0420_02/00009.jpg",
      "transform_matrix": [
        [
          -0.934976,
          0.158409,
          -0.317376,
          4.096656
        ],
        [
          0.353716,
          0.483363,
          -0.800778,
          3.455763
        ],
        [
          0.026558,
          -0.860969,
          -0.507964,
          1.44051
        ],
        [
          0.0,
          0.0,
          0.0,
          1.0
        ]
      ]
    },
    {
      "file_path": "/media/NFS/ttao/scannet/posed_images/scene0420_02/00016.jpg",
      "transform_matrix": [
        [
          -0.915282,
          0.189344,
          -0.355539,
          4.032281
        ],
        [
          0.402457,
          0.466975,
          -0.787377,
          3.401444
        ],
        [
          0.016943,
          -0.863761,
          -0.503616,
          1.431156
        ],
        [
          0.0,
          0.0,
          0.0,
          1.0
        ]
      ]
    },
    {
      "file_path": "/media/NFS/ttao/scannet/posed_images/scene0420_02/00018.jpg",
      "transform_matrix": [
        [
          -0.906712,
          0.206804,
          -0.367568,
          4.010869
        ],
        [
          0.421531,
          0.472496,
          -0.773989,
          3.388451
        ],
        [
          0.01361,
          -0.856726,
          -0.515592,
          1.430442
        ],
        [
          0.0,
          0.0,
          0.0,
          1.0
        ]
      ]
    },
    {
      "file_path": "/media/NFS/ttao/scannet/posed_images/scene0420_02/00026.jpg",
      "transform_matrix": [
        [
          -0.854309,
          0.250835,
          -0.455234,
          4.001775
        ],
        [
          0.519042,
          0.457906,
          -0.721746,
          3.370887
        ],
        [
          0.027415,
          -0.85288,
          -0.521387,
          1.417246
        ],
        [
          0.0,
          0.0,
          0.0,
          1.0
        ]
      ]
    },
    {
      "file_path": "/media/NFS/ttao/scannet/posed_images/scene0420_02/00030.jpg",
      "transform_matrix": [
        [
          -0.829914,
          0.261533,
          -0.492791,
          4.03629
        ],
        [
          0.556497,
          0.450482,
          -0.698124,
          3.369205
        ],
        [
          0.039411,
          -0.85362,
          -0.519404,
          1.428473
        ],
        [
          0.0,
          0.0,
          0.0,
          1.0
        ]
      ]
    },
    {
      "file_path": "/media/NFS/ttao/scannet/posed_images/scene0420_02/00036.jpg",
      "transform_matrix": [
        [
          -0.783994,
          0.28623,
          -0.550841,
          4.119187
        ],
        [
          0.618886,
          0.429446,
          -0.65769,
          3.377085
        ],
        [
          0.048306,
          -0.856533,
          -0.513827,
          1.421877
        ],
        [
          0.0,
          0.0,
          0.0,
          1.0
        ]
      ]
    },
    {
      "file_path": "/media/NFS/ttao/scannet/posed_images/scene0420_02/00037.jpg",
      "transform_matrix": [
        [
          -0.780113,
          0.289183,
          -0.554794,
          4.134092
        ],
        [
          0.623971,
          0.424316,
          -0.656213,
          3.38061
        ],
        [
          0.045642,
          -0.858096,
          -0.511457,
          1.420499
        ],
        [
          0.0,
          0.0,
          0.0,
          1.0
        ]
      ]
    },
    {
      "file_path": "/media/NFS/ttao/scannet/posed_images/scene0420_02/00045.jpg",
      "transform_matrix": [
        [
          -0.777327,
          0.310765,
          -0.546981,
          4.262276
        ],
        [
          0.628961,
          0.401952,
          -0.665464,
          3.391938
        ],
        [
          0.013057,
          -0.861313,
          -0.507907,
          1.421877
        ],
        [
          0.0,
          0.0,
          0.0,
          1.0
        ]
      ]
    },
    {
      "file_path": "/media/NFS/ttao/scannet/posed_images/scene0420_02/00050.jpg",
      "transform_matrix": [
        [
          -0.769181,
          0.309435,
          -0.559116,
          4.334331
        ],
        [
          0.638649,
          0.402515,
          -0.655828,
          3.398877
        ],
        [
          0.022116,
          -0.861529,
          -0.507227,
          1.423331
        ],
        [
          0.0,
          0.0,
          0.0,
          1.0
        ]
      ]
    },
    {
      "file_path": "/media/NFS/ttao/scannet/posed_images/scene0420_02/00051.jpg",
      "transform_matrix": [
        [
          -0.769904,
          0.302885,
          -0.561701,
          4.340632
        ],
        [
          0.637645,
          0.400471,
          -0.658052,
          3.413213
        ],
        [
          0.025631,
          -0.864803,
          -0.501457,
          1.415131
        ],
        [
          0.0,
          0.0,
          0.0,
          1.0
        ]
      ]
    },
    {
      "file_path": "/media/NFS/ttao/scannet/posed_images/scene0420_02/00057.jpg",
      "transform_matrix": [
        [
          -0.768581,
          0.302484,
          -0.563726,
          4.411861
        ],
        [
          0.638549,
          0.416731,
          -0.646986,
          3.452978
        ],
        [
          0.039219,
          -0.857227,
          -0.513443,
          1.411192
        ],
        [
          0.0,
          0.0,
          0.0,
          1.0
        ]
      ]
    },
    {
      "file_path": "/media/NFS/ttao/scannet/posed_images/scene0420_02/00061.jpg",
      "transform_matrix": [
        [
          -0.73234,
          0.329937,
          -0.595667,
          4.458951
        ],
        [
          0.680451,
          0.387704,
          -0.62183,
          3.470146
        ],
        [
          0.025778,
          -0.860713,
          -0.508437,
          1.417688
        ],
        [
          0.0,
          0.0,
          0.0,
          1.0
        ]
      ]
    },
    {
      "file_path": "/media/NFS/ttao/scannet/posed_images/scene0420_02/00065.jpg",
      "transform_matrix": [
        [
          -0.697841,
          0.349245,
          -0.625336,
          4.472485
        ],
        [
          0.716028,
          0.362021,
          -0.596862,
          3.481326
        ],
        [
          0.017933,
          -0.864273,
          -0.502702,
          1.431513
        ],
        [
          0.0,
          0.0,
          0.0,
          1.0
        ]
      ]
    },
    {
      "file_path": "/media/NFS/ttao/scannet/posed_images/scene0420_02/00072.jpg",
      "transform_matrix": [
        [
          -0.619577,
          0.366961,
          -0.693876,
          4.493072
        ],
        [
          0.784592,
          0.31569,
          -0.533625,
          3.460285
        ],
        [
          0.02323,
          -0.875031,
          -0.483509,
          1.450265
        ],
        [
          0.0,
          0.0,
          0.0,
          1.0
        ]
      ]
    },
    {
      "file_path": "/media/NFS/ttao/scannet/posed_images/scene0420_02/00075.jpg",
      "transform_matrix": [
        [
          -0.5826,
          0.383925,
          -0.716365,
          4.497106
        ],
        [
          0.812744,
          0.280516,
          -0.510645,
          3.441344
        ],
        [
          0.004903,
          -0.879723,
          -0.475461,
          1.451633
        ],
        [
          0.0,
          0.0,
          0.0,
          1.0
        ]
      ]
    },
    {
      "file_path": "/media/NFS/ttao/scannet/posed_images/scene0420_02/00080.jpg",
      "transform_matrix": [
        [
          -0.538581,
          0.400569,
          -0.741266,
          4.532226
        ],
        [
          0.842475,
          0.242568,
          -0.481036,
          3.377248
        ],
        [
          -0.012881,
          -0.883575,
          -0.468113,
          1.450895
        ],
        [
          0.0,
          0.0,
          0.0,
          1.0
        ]
      ]
    },
    {
      "file_path": "/media/NFS/ttao/scannet/posed_images/scene0420_02/00088.jpg",
      "transform_matrix": [
        [
          -0.440155,
          0.407986,
          -0.799882,
          4.528
        ],
        [
          0.897605,
          0.223573,
          -0.379895,
          3.292624
        ],
        [
          0.02384,
          -0.885191,
          -0.464617,
          1.461034
        ],
        [
          0.0,
          0.0,
          0.0,
          1.0
        ]
      ]
    },
    {
      "file_path": "/media/NFS/ttao/scannet/posed_images/scene0420_02/00090.jpg",
      "transform_matrix": [
        [
          -0.417569,
          0.413364,
          -0.809176,
          4.522493
        ],
        [
          0.908295,
          0.214622,
          -0.359079,
          3.276594
        ],
        [
          0.025236,
          -0.884911,
          -0.465076,
          1.446714
        ],
        [
          0.0,
          0.0,
          0.0,
          1.0
        ]
      ]
    },
    {
      "file_path": "/media/NFS/ttao/scannet/posed_images/scene0420_02/00094.jpg",
      "transform_matrix": [
        [
          -0.35875,
          0.435309,
          -0.825714,
          4.475868
        ],
        [
          0.932709,
          0.202035,
          -0.298725,
          3.24011
        ],
        [
          0.036786,
          -0.877319,
          -0.478497,
          1.440526
        ],
        [
          0.0,
          0.0,
          0.0,
          1.0
        ]
      ]
    },
    {
      "file_path": "/media/NFS/ttao/scannet/posed_images/scene0420_02/00102.jpg",
      "transform_matrix": [
        [
          -0.231341,
          0.455951,
          -0.859413,
          4.372976
        ],
        [
          0.972753,
          0.094568,
          -0.211678,
          3.169822
        ],
        [
          -0.015242,
          -0.884967,
          -0.465405,
          1.448353
        ],
        [
          0.0,
          0.0,
          0.0,
          1.0
        ]
      ]
    },
    {
      "file_path": "/media/NFS/ttao/scannet/posed_images/scene0420_02/00104.jpg",
      "transform_matrix": [
        [
          -0.198752,
          0.462339,
          -0.864141,
          4.342433
        ],
        [
          0.980002,
          0.085031,
          -0.179905,
          3.150443
        ],
        [
          -0.009698,
          -0.882617,
          -0.469993,
          1.449639
        ],
        [
          0.0,
          0.0,
          0.0,
          1.0
        ]
      ]
    },
    {
      "file_path": "/media/NFS/ttao/scannet/posed_images/scene0420_02/00108.jpg",
      "transform_matrix": [
        [
          -0.14994,
          0.462745,
          -0.873719,
          4.292535
        ],
        [
          0.988656,
          0.062345,
          -0.136645,
          3.071253
        ],
        [
          -0.00876,
          -0.884297,
          -0.466844,
          1.449508
        ],
        [
          0.0,
          0.0,
          0.0,
          1.0
        ]
      ]
    },
    {
      "file_path": "/media/NFS/ttao/scannet/posed_images/scene0420_02/00117.jpg",
      "transform_matrix": [
        [
          -0.07339,
          0.459454,
          -0.885164,
          4.190435
        ],
        [
          0.997278,
          0.027438,
          -0.068443,
          2.947283
        ],
        [
          -0.007159,
          -0.887778,
          -0.460217,
          1.444386
        ],
        [
          0.0,
          0.0,
          0.0,
          1.0
        ]
      ]
    },
    {
      "file_path": "/media/NFS/ttao/scannet/posed_images/scene0420_02/00121.jpg",
      "transform_matrix": [
        [
          -0.011238,
          0.449934,
          -0.892991,
          4.163572
        ],
        [
          0.999723,
          -0.013403,
          -0.019334,
          2.850684
        ],
        [
          -0.020667,
          -0.892961,
          -0.449659,
          1.449938
        ],
        [
          0.0,
          0.0,
          0.0,
          1.0
        ]
      ]
    },
    {
      "file_path": "/media/NFS/ttao/scannet/posed_images/scene0420_02/00122.jpg",
      "transform_matrix": [
        [
          -0.000293,
          0.450189,
          -0.892933,
          4.161785
        ],
        [
          0.999707,
          -0.02147,
          -0.011152,
          2.83173
        ],
        [
          -0.024192,
          -0.892675,
          -0.450051,
          1.449011
        ],
        [
          0.0,
          0.0,
          0.0,
          1.0
        ]
      ]
    },
    {
      "file_path": "/media/NFS/ttao/scannet/posed_images/scene0420_02/00131.jpg",
      "transform_matrix": [
        [
          0.132365,
          0.433644,
          -0.89131,
          4.071559
        ],
        [
          0.991169,
          -0.06514,
          0.115503,
          2.62038
        ],
        [
          -0.007973,
          -0.898727,
          -0.438437,
          1.465475
        ],
        [
          0.0,
          0.0,
          0.0,
          1.0
        ]
      ]
    },
    {
      "file_path": "/media/NFS/ttao/scannet/posed_images/scene0420_02/00132.jpg",
      "transform_matrix": [
        [
          0.148673,
          0.431391,
          -0.88983,
          4.058246
        ],
        [
          0.98885,
          -0.072589,
          0.130026,
          2.603805
        ],
        [
          -0.008499,
          -0.89924,
          -0.437373,
          1.466604
        ],
        [
          0.0,
          0.0,
          0.0,
          1.0
        ]
      ]
    },
    {
      "file_path": "/media/NFS/ttao/scannet/posed_images/scene0420_02/00136.jpg",
      "transform_matrix": [
        [
          0.209937,
          0.413054,
          -0.886179,
          4.005717
        ],
        [
          0.977657,
          -0.098552,
          0.185673,
          2.541928
        ],
        [
          -0.010641,
          -0.905359,
          -0.424515,
          1.457169
        ],
        [
          0.0,
          0.0,
          0.0,
          1.0
        ]
      ]
    },
    {
      "file_path": "/media/NFS/ttao/scannet/posed_images/scene0420_02/00141.jpg",
      "transform_matrix": [
        [
          0.267858,
          0.377219,
          -0.886543,
          3.936254
        ],
        [
          0.962542,
          -0.144897,
          0.229168,
          2.480234
        ],
        [
          -0.042011,
          -0.914719,
          -0.401901,
          1.445506
        ],
        [
          0.0,
          0.0,
          0.0,
          1.0
        ]
      ]
    },
    {
      "file_path": "/media/NFS/ttao/scannet/posed_images/scene0420_02/00146.jpg",
      "transform_matrix": [
        [
          0.286756,
          0.372644,
          -0.882558,
          3.863438
        ],
        [
          0.95717,
          -0.149869,
          0.247719,
          2.413243
        ],
        [
          -0.039956,
          -0.915793,
          -0.399659,
          1.445656
        ],
        [
          0.0,
          0.0,
          0.0,
          1.0
        ]
      ]
    },
    {
      "file_path": "/media/NFS/ttao/scannet/posed_images/scene0420_02/00153.jpg",
      "transform_matrix": [
        [
          0.330472,
          0.33936,
          -0.880695,
          3.764493
        ],
        [
          0.943783,
          -0.126655,
          0.30534,
          2.315751
        ],
        [
          -0.007924,
          -0.932091,
          -0.362138,
          1.470744
        ],
        [
          0.0,
          0.0,
          0.0,
          1.0
        ]
      ]
    },
    {
      "file_path": "/media/NFS/ttao/scannet/posed_images/scene0420_02/00156.jpg",
      "transform_matrix": [
        [
          0.360756,
          0.323966,
          -0.874587,
          3.729146
        ],
        [
          0.932605,
          -0.135514,
          0.33449,
          2.275952
        ],
        [
          -0.010156,
          -0.936313,
          -0.35102,
          1.467198
        ],
        [
          0.0,
          0.0,
          0.0,
          1.0
        ]
      ]
    },
    {
      "file_path": "/media/NFS/ttao/scannet/posed_images/scene0420_02/00161.jpg",
      "transform_matrix": [
        [
          0.422053,
          0.302239,
          -0.854706,
          3.672153
        ],
        [
          0.906498,
          -0.152642,
          0.393651,
          2.19881
        ],
        [
          -0.011487,
          -0.940931,
          -0.338402,
          1.45539
        ],
        [
          0.0,
          0.0,
          0.0,
          1.0
        ]
      ]
    },
    {
      "file_path": "/media/NFS/ttao/scannet/posed_images/scene0420_02/00165.jpg",
      "transform_matrix": [
        [
          0.433958,
          0.324731,
          -0.840375,
          3.629888
        ],
        [
          0.900925,
          -0.152505,
          0.406295,
          2.142725
        ],
        [
          0.003775,
          -0.93343,
          -0.358739,
          1.439686
        ],
        [
          0.0,
          0.0,
          0.0,
          1.0
        ]
      ]
    },
    {
      "file_path": "/media/NFS/ttao/scannet/posed_images/scene0420_02/00169.jpg",
      "transform_matrix": [
        [
          0.432836,
          0.364231,
          -0.824614,
          3.584132
        ],
        [
          0.90078,
          -0.138896,
          0.411465,
          2.086949
        ],
        [
          0.035332,
          -0.920893,
          -0.388211,
          1.420219
        ],
        [
          0.0,
          0.0,
          0.0,
          1.0
        ]
      ]
    },
    {
      "file_path": "/media/NFS/ttao/scannet/posed_images/scene0420_02/00176.jpg",
      "transform_matrix": [
        [
          0.403722,
          0.403202,
          -0.821241,
          3.550762
        ],
        [
          0.911072,
          -0.095354,
          0.401068,
          2.035156
        ],
        [
          0.083403,
          -0.910129,
          -0.405843,
          1.370523
        ],
        [
          0.0,
          0.0,
          0.0,
          1.0
        ]
      ]
    },
    {
      "file_path": "/media/NFS/ttao/scannet/posed_images/scene0420_02/00180.jpg",
      "transform_matrix": [
        [
          0.39076,
          0.428303,
          -0.814778,
          3.539496
        ],
        [
          0.914013,
          -0.075702,
          0.398559,
          2.023829
        ],
        [
          0.109024,
          -0.900459,
          -0.421056,
          1.358165
        ],
        [
          0.0,
          0.0,
          0.0,
          1.0
        ]
      ]
    },
    {
      "file_path": "/media/NFS/ttao/scannet/posed_images/scene0420_02/00188.jpg",
      "transform_matrix": [
        [
          0.37039,
          0.44488,
          -0.81541,
          3.53557
        ],
        [
          0.923202,
          -0.079431,
          0.376017,
          2.028787
        ],
        [
          0.102514,
          -0.892061,
          -0.440135,
          1.359804
        ],
        [
          0.0,
          0.0,
          0.0,
          1.0
        ]
      ]
    },
    {
      "file_path": "/media/NFS/ttao/scannet/posed_images/scene0420_02/00189.jpg",
      "transform_matrix": [
        [
          0.371219,
          0.443662,
          -0.815697,
          3.537403
        ],
        [
          0.923795,
          -0.08771,
          0.372707,
          2.036824
        ],
        [
          0.093811,
          -0.891892,
          -0.442412,
          1.362942
        ],
        [
          0.0,
          0.0,
          0.0,
          1.0
        ]
      ]
    },
    {
      "file_path": "/media/NFS/ttao/scannet/posed_images/scene0420_02/00195.jpg",
      "transform_matrix": [
        [
          0.38676,
          0.428508,
          -0.816577,
          3.57383
        ],
        [
          0.921459,
          -0.144574,
          0.36057,
          2.114736
        ],
        [
          0.036451,
          -0.891897,
          -0.450768,
          1.398253
        ],
        [
          0.0,
          0.0,
          0.0,
          1.0
        ]
      ]
    },
    {
      "file_path": "/media/NFS/ttao/scannet/posed_images/scene0420_02/00200.jpg",
      "transform_matrix": [
        [
          0.409822,
          0.401916,
          -0.818847,
          3.634717
        ],
        [
          0.91216,
          -0.183735,
          0.36634,
          2.211032
        ],
        [
          -0.003213,
          -0.897054,
          -0.44191,
          1.426231
        ],
        [
          0.0,
          0.0,
          0.0,
          1.0
        ]
      ]
    },
    {
      "file_path": "/media/NFS/ttao/scannet/posed_images/scene0420_02/00206.jpg",
      "transform_matrix": [
        [
          0.438726,
          0.380979,
          -0.813864,
          3.733123
        ],
        [
          0.898215,
          -0.213139,
          0.384423,
          2.326612
        ],
        [
          -0.027009,
          -0.899681,
          -0.435711,
          1.437842
        ],
        [
          0.0,
          0.0,
          0.0,
          1.0
        ]
      ]
    },
    {
      "file_path": "/media/NFS/ttao/scannet/posed_images/scene0420_02/00209.jpg",
      "transform_matrix": [
        [
          0.424944,
          0.386393,
          -0.81861,
          3.793612
        ],
        [
          0.905034,
          -0.199682,
          0.375555,
          2.383455
        ],
        [
          -0.018349,
          -0.90046,
          -0.434552,
          1.434534
        ],
        [
          0.0,
          0.0,
          0.0,
          1.0
        ]
      ]
    },
    {
      "file_path": "/media/NFS/ttao/scannet/posed_images/scene0420_02/00213.jpg",
      "transform_matrix": [
        [
          0.405728,
          0.39783,
          -0.82287,
          3.877917
        ],
        [
          0.91395,
          -0.185379,
          0.361012,
          2.475787
        ],
        [
          -0.008922,
          -0.898535,
          -0.438811,
          1.428828
        ],
        [
          0.0,
          0.0,
          0.0,
          1.0
        ]
      ]
    },
    {
      "file_path": "/media/NFS/ttao/scannet/posed_images/scene0420_02/00217.jpg",
      "transform_matrix": [
        [
          0.40614,
          0.39702,
          -0.823059,
          3.921334
        ],
        [
          0.913594,
          -0.196023,
          0.356259,
          2.554651
        ],
        [
          -0.019897,
          -0.896633,
          -0.442328,
          1.442312
        ],
        [
          0.0,
          0.0,
          0.0,
          1.0
        ]
      ]
    },
    {
      "file_path": "/media/NFS/ttao/scannet/posed_images/scene0420_02/00222.jpg",
      "transform_matrix": [
        [
          0.404191,
          0.348936,
          -0.845502,
          3.966475
        ],
        [
          0.912887,
          -0.211662,
          0.349053,
          2.681017
        ],
        [
          -0.057163,
          -0.912931,
          -0.404091,
          1.455924
        ],
        [
          0.0,
          0.0,
          0.0,
          1.0
        ]
      ]
    },
    {
      "file_path": "/media/NFS/ttao/scannet/posed_images/scene0420_02/00226.jpg",
      "transform_matrix": [
        [
          0.403848,
          0.36536,
          -0.838701,
          3.967734
        ],
        [
          0.914183,
          -0.195544,
          0.35501,
          2.77003
        ],
        [
          -0.034296,
          -0.910096,
          -0.412976,
          1.448789
        ],
        [
          0.0,
          0.0,
          0.0,
          1.0
        ]
      ]
    },
    {
      "file_path": "/media/NFS/ttao/scannet/posed_images/scene0420_02/00233.jpg",
      "transform_matrix": [
        [
          0.371335,
          0.402594,
          -0.836677,
          3.962922
        ],
        [
          0.928313,
          -0.142934,
          0.343228,
          2.964288
        ],
        [
          0.018592,
          -0.904151,
          -0.426809,
          1.448676
        ],
        [
          0.0,
          0.0,
          0.0,
          1.0
        ]
      ]
    },
    {
      "file_path": "/media/NFS/ttao/scannet/posed_images/scene0420_02/00236.jpg",
      "transform_matrix": [
        [
          0.38111,
          0.40687,
          -0.830188,
          3.964046
        ],
        [
          0.924416,
          -0.153595,
          0.34909,
          3.035606
        ],
        [
          0.014521,
          -0.900481,
          -0.434654,
          1.460218
        ],
        [
          0.0,
          0.0,
          0.0,
          1.0
        ]
      ]
    },
    {
      "file_path": "/media/NFS/ttao/scannet/posed_images/scene0420_02/00240.jpg",
      "transform_matrix": [
        [
          0.343643,
          0.393872,
          -0.852511,
          3.978366
        ],
        [
          0.9391,
          -0.144384,
          0.31184,
          3.135718
        ],
        [
          -0.000264,
          -0.907755,
          -0.419501,
          1.462711
        ],
        [
          0.0,
          0.0,
          0.0,
          1.0
        ]
      ]
    },
    {
      "file_path": "/media/NFS/ttao/scannet/posed_images/scene0420_02/00246.jpg",
      "transform_matrix": [
        [
          0.226439,
          0.412022,
          -0.882589,
          4.012095
        ],
        [
          0.973975,
          -0.086551,
          0.20948,
          3.280266
        ],
        [
          0.009922,
          -0.907054,
          -0.420897,
          1.459406
        ],
        [
          0.0,
          0.0,
          0.0,
          1.0
        ]
      ]
    },
    {
      "file_path": "/media/NFS/ttao/scannet/posed_images/scene0420_02/00252.jpg",
      "transform_matrix": [
        [
          0.144428,
          0.446089,
          -0.883258,
          4.0459
        ],
        [
          0.989165,
          -0.088839,
          0.116878,
          3.457908
        ],
        [
          -0.02633,
          -0.890569,
          -0.454086,
          1.477357
        ],
        [
          0.0,
          0.0,
          0.0,
          1.0
        ]
      ]
    },
    {
      "file_path": "/media/NFS/ttao/scannet/posed_images/scene0420_02/00256.jpg",
      "transform_matrix": [
        [
          0.124633,
          0.441912,
          -0.888358,
          4.050018
        ],
        [
          0.991641,
          -0.085616,
          0.096533,
          3.536156
        ],
        [
          -0.033398,
          -0.892963,
          -0.448889,
          1.475546
        ],
        [
          0.0,
          0.0,
          0.0,
          1.0
        ]
      ]
    },
    {
      "file_path": "/media/NFS/ttao/scannet/posed_images/scene0420_02/00260.jpg",
      "transform_matrix": [
        [
          0.107133,
          0.442451,
          -0.890371,
          4.04155
        ],
        [
          0.993636,
          -0.078992,
          0.080305,
          3.637474
        ],
        [
          -0.034801,
          -0.893307,
          -0.448097,
          1.466265
        ],
        [
          0.0,
          0.0,
          0.0,
          1.0
        ]
      ]
    },
    {
      "file_path": "/media/NFS/ttao/scannet/posed_images/scene0420_02/00264.jpg",
      "transform_matrix": [
        [
          0.082359,
          0.425836,
          -0.901044,
          4.026931
        ],
        [
          0.996601,
          -0.03352,
          0.075252,
          3.718807
        ],
        [
          0.001842,
          -0.904179,
          -0.42715,
          1.4581
        ],
        [
          0.0,
          0.0,
          0.0,
          1.0
        ]
      ]
    },
    {
      "file_path": "/media/NFS/ttao/scannet/posed_images/scene0420_02/00273.jpg",
      "transform_matrix": [
        [
          0.091624,
          0.445848,
          -0.890407,
          3.973121
        ],
        [
          0.995494,
          -0.019075,
          0.092887,
          3.9326
        ],
        [
          0.024429,
          -0.894905,
          -0.445587,
          1.484897
        ],
        [
          0.0,
          0.0,
          0.0,
          1.0
        ]
      ]
    },
    {
      "file_path": "/media/NFS/ttao/scannet/posed_images/scene0420_02/00277.jpg",
      "transform_matrix": [
        [
          0.080018,
          0.42924,
          -0.899639,
          3.954
        ],
        [
          0.996263,
          -0.004999,
          0.086227,
          4.015988
        ],
        [
          0.032515,
          -0.903177,
          -0.428036,
          1.486503
        ],
        [
          0.0,
          0.0,
          0.0,
          1.0
        ]
      ]
    },
    {
      "file_path": "/media/NFS/ttao/scannet/posed_images/scene0420_02/00281.jpg",
      "transform_matrix": [
        [
          0.038293,
          0.418653,
          -0.907339,
          3.937554
        ],
        [
          0.99917,
          -0.003413,
          0.040594,
          4.129188
        ],
        [
          0.013898,
          -0.90814,
          -0.418436,
          1.476401
        ],
        [
          0.0,
          0.0,
          0.0,
          1.0
        ]
      ]
    },
    {
      "file_path": "/media/NFS/ttao/scannet/posed_images/scene0420_02/00284.jpg",
      "transform_matrix": [
        [
          0.002575,
          0.417571,
          -0.908641,
          3.915003
        ],
        [
          0.999772,
          0.018184,
          0.01119,
          4.204274
        ],
        [
          0.021196,
          -0.908462,
          -0.417429,
          1.480175
        ],
        [
          0.0,
          0.0,
          0.0,
          1.0
        ]
      ]
    },
    {
      "file_path": "/media/NFS/ttao/scannet/posed_images/scene0420_02/00291.jpg",
      "transform_matrix": [
        [
          -0.128083,
          0.430922,
          -0.893253,
          3.875824
        ],
        [
          0.990464,
          0.101676,
          -0.092971,
          4.348957
        ],
        [
          0.050759,
          -0.896643,
          -0.439835,
          1.486295
        ],
        [
          0.0,
          0.0,
          0.0,
          1.0
        ]
      ]
    },
    {
      "file_path": "/media/NFS/ttao/scannet/posed_images/scene0420_02/00294.jpg",
      "transform_matrix": [
        [
          -0.148739,
          0.433912,
          -0.888593,
          3.867149
        ],
        [
          0.988289,
          0.096183,
          -0.11846,
          4.391068
        ],
        [
          0.034067,
          -0.895806,
          -0.443137,
          1.48386
        ],
        [
          0.0,
          0.0,
          0.0,
          1.0
        ]
      ]
    },
    {
      "file_path": "/media/NFS/ttao/scannet/posed_images/scene0420_02/00300.jpg",
      "transform_matrix": [
        [
          -0.124136,
          0.44583,
          -0.886468,
          3.851921
        ],
        [
          0.99226,
          0.05856,
          -0.1095,
          4.448323
        ],
        [
          0.003093,
          -0.8932,
          -0.449649,
          1.490054
        ],
        [
          0.0,
          0.0,
          0.0,
          1.0
        ]
      ]
    },
    {
      "file_path": "/media/NFS/ttao/scannet/posed_images/scene0420_02/00306.jpg",
      "transform_matrix": [
        [
          -0.056764,
          0.427705,
          -0.902135,
          3.852341
        ],
        [
          0.998358,
          0.017371,
          -0.054583,
          4.468029
        ],
        [
          -0.007674,
          -0.903752,
          -0.427988,
          1.489429
        ],
        [
          0.0,
          0.0,
          0.0,
          1.0
        ]
      ]
    },
    {
      "file_path": "/media/NFS/ttao/scannet/posed_images/scene0420_02/00307.jpg",
      "transform_matrix": [
        [
          -0.044557,
          0.432738,
          -0.900418,
          3.852653
        ],
        [
          0.998992,
          0.014311,
          -0.042557,
          4.463032
        ],
        [
          -0.00553,
          -0.901406,
          -0.432939,
          1.490896
        ],
        [
          0.0,
          0.0,
          0.0,
          1.0
        ]
      ]
    },
    {
      "file_path": "/media/NFS/ttao/scannet/posed_images/scene0420_02/00315.jpg",
      "transform_matrix": [
        [
          0.045293,
          0.433144,
          -0.900186,
          3.878009
        ],
        [
          0.998855,
          -0.005727,
          0.047502,
          4.389798
        ],
        [
          0.01542,
          -0.901306,
          -0.432908,
          1.486687
        ],
        [
          0.0,
          0.0,
          0.0,
          1.0
        ]
      ]
    },
    {
      "file_path": "/media/NFS/ttao/scannet/posed_images/scene0420_02/00317.jpg",
      "transform_matrix": [
        [
          0.068564,
          0.431058,
          -0.899716,
          3.888834
        ],
        [
          0.997545,
          -0.01674,
          0.067999,
          4.36079
        ],
        [
          0.014251,
          -0.902169,
          -0.431147,
          1.484994
        ],
        [
          0.0,
          0.0,
          0.0,
          1.0
        ]
      ]
    },
    {
      "file_path": "/media/NFS/ttao/scannet/posed_images/scene0420_02/00324.jpg",
      "transform_matrix": [
        [
          0.184223,
          0.411703,
          -0.892503,
          3.940547
        ],
        [
          0.982793,
          -0.089551,
          0.161551,
          4.196224
        ],
        [
          -0.013414,
          -0.906908,
          -0.421116,
          1.475149
        ],
        [
          0.0,
          0.0,
          0.0,
          1.0
        ]
      ]
    },
    {
      "file_path": "/media/NFS/ttao/scannet/posed_images/scene0420_02/00325.jpg",
      "transform_matrix": [
        [
          0.197115,
          0.407557,
          -0.891652,
          3.952148
        ],
        [
          0.980186,
          -0.100032,
          0.170964,
          4.176993
        ],
        [
          -0.019516,
          -0.907684,
          -0.4192,
          1.476378
        ],
        [
          0.0,
          0.0,
          0.0,
          1.0
        ]
      ]
    },
    {
      "file_path": "/media/NFS/ttao/scannet/posed_images/scene0420_02/00331.jpg",
      "transform_matrix": [
        [
          0.254234,
          0.436344,
          -0.863116,
          3.975645
        ],
        [
          0.967105,
          -0.122623,
          0.222873,
          4.012764
        ],
        [
          -0.008589,
          -0.891385,
          -0.453165,
          1.484435
        ],
        [
          0.0,
          0.0,
          0.0,
          1.0
        ]
      ]
    },
    {
      "file_path": "/media/NFS/ttao/scannet/posed_images/scene0420_02/00337.jpg",
      "transform_matrix": [
        [
          0.301135,
          0.380911,
          -0.874199,
          3.989863
        ],
        [
          0.95358,
          -0.121656,
          0.275471,
          3.906565
        ],
        [
          -0.001421,
          -0.916574,
          -0.399864,
          1.485581
        ],
        [
          0.0,
          0.0,
          0.0,
          1.0
        ]
      ]
    },
    {
      "file_path": "/media/NFS/ttao/scannet/posed_images/scene0420_02/00340.jpg",
      "transform_matrix": [
        [
          0.321139,
          0.372776,
          -0.870579,
          3.966221
        ],
        [
          0.946951,
          -0.114362,
          0.300342,
          3.827348
        ],
        [
          0.012399,
          -0.920847,
          -0.389727,
          1.478583
        ],
        [
          0.0,
          0.0,
          0.0,
          1.0
        ]
      ]
    },
    {
      "file_path": "/media/NFS/ttao/scannet/posed_images/scene0420_02/00348.jpg",
      "transform_matrix": [
        [
          0.351719,
          0.368577,
          -0.860491,
          3.896959
        ],
        [
          0.934952,
          -0.183938,
          0.303367,
          3.628564
        ],
        [
          -0.046463,
          -0.911218,
          -0.409296,
          1.474122
        ],
        [
          0.0,
          0.0,
          0.0,
          1.0
        ]
      ]
    },
    {
      "file_path": "/media/NFS/ttao/scannet/posed_images/scene0420_02/00352.jpg",
      "transform_matrix": [
        [
          0.36108,
          0.371952,
          -0.855145,
          3.850578
        ],
        [
          0.932198,
          -0.168623,
          0.320271,
          3.553969
        ],
        [
          -0.025071,
          -0.912808,
          -0.407619,
          1.489779
        ],
        [
          0.0,
          0.0,
          0.0,
          1.0
        ]
      ]
    },
    {
      "file_path": "/media/NFS/ttao/scannet/posed_images/scene0420_02/00355.jpg",
      "transform_matrix": [
        [
          0.390879,
          0.352923,
          -0.850094,
          3.825344
        ],
        [
          0.919991,
          -0.178712,
          0.348824,
          3.49304
        ],
        [
          -0.028814,
          -0.918427,
          -0.394541,
          1.487195
        ],
        [
          0.0,
          0.0,
          0.0,
          1.0
        ]
      ]
    },
    {
      "file_path": "/media/NFS/ttao/scannet/posed_images/scene0420_02/00360.jpg",
      "transform_matrix": [
        [
          0.459849,
          0.354871,
          -0.814006,
          3.779216
        ],
        [
          0.887417,
          -0.216796,
          0.406806,
          3.375991
        ],
        [
          -0.032109,
          -0.909432,
          -0.414612,
          1.470584
        ],
        [
          0.0,
          0.0,
          0.0,
          1.0
        ]
      ]
    },
    {
      "file_path": "/media/NFS/ttao/scannet/posed_images/scene0420_02/00365.jpg",
      "transform_matrix": [
        [
          0.554112,
          0.292798,
          -0.779249,
          3.735449
        ],
        [
          0.830827,
          -0.252799,
          0.495801,
          3.275542
        ],
        [
          -0.051823,
          -0.922151,
          -0.383343,
          1.483895
        ],
        [
