{
  "frames": [
    {
      "file_path": "/media/NFS/ttao/scannet/posed_images/scene0046_01/00000.jpg",
      "transform_matrix": [
        [
          0.569064,
          0.288899,
          -0.769872,
          3.31619
        ],
        [
          0.822275,
          -0.193759,
          0.53509,
          1.199748
        ],
        [
          0.005417,
          -0.937547,
          -0.347816,
          1.577509
        ],
        [
          0.0,
          0.0,
          0.0,
          1.0
        ]
      ]
    },
    {
      "file_path": "/media/NFS/ttao/scannet/posed_images/scene0046_01/00007.jpg",
      "transform_matrix": [
        [
          0.595635,
          0.303187,
          -0.743839,
          3.324244
        ],
        [
          0.803229,
          -0.217384,
          0.554587,
          1.20248
        ],
        [
          0.006445,
          -0.927805,
          -0.37301,
          1.553149
        ],
        [
          0.0,
          0.0,
          0.0,
          1.0
        ]
      ]
    },
    {
      "file_path": "/media/NFS/ttao/scannet/posed_images/scene0046_01/00017.jpg",
      "transform_matrix": [
        [
          0.661478,
          0.318287,
          -0.679074,
          3.329111
        ],
        [
          0.749941,
          -0.287913,
          0.595562,
          1.189036
        ],
        [
          -0.005954,
          -0.903216,
          -0.429144,
          1.517244
        ],
        [
          0.0,
          0.0,
          0.0,
          1.0
        ]
      ]
    },
    {
      "file_path": "/media/NFS/ttao/scannet/posed_images/scene0046_01/00030.jpg",
      "transform_matrix": [
        [
          0.747298,
          0.355404,
          -0.561457,
          3.341274
        ],
        [
          0.664273,
          -0.378016,
          0.644861,
          1.166401
        ],
        [
          0.016947,
          -0.854864,
          -0.518576,
          1.477139
        ],
        [
          0.0,
          0.0,
          0.0,
          1.0
        ]
      ]
    },
    {
      "file_path": "/media/NFS/ttao/scannet/posed_images/scene0046_01/00032.jpg",
      "transform_matrix": [
        [
          0.752015,
          0.356403,
          -0.554482,
          3.348943
        ],
        [
          0.658897,
          -0.383354,
          0.64722,
          1.164824
        ],
        [
          0.018108,
          -0.852066,
          -0.523121,
          1.469002
        ],
        [
          0.0,
          0.0,
          0.0,
          1.0
        ]
      ]
    },
    {
      "file_path": "/media/NFS/ttao/scannet/posed_images/scene0046_01/00040.jpg",
      "transform_matrix": [
        [
          0.783,
          0.358984,
          -0.507978,
          3.358788
        ],
        [
          0.62132,
          -0.412598,
          0.666126,
          1.164602
        ],
        [
          0.029538,
          -0.837194,
          -0.546108,
          1.465543
        ],
        [
          0.0,
          0.0,
          0.0,
          1.0
        ]
      ]
    },
    {
      "file_path": "/media/NFS/ttao/scannet/posed_images/scene0046_01/00054.jpg",
      "transform_matrix": [
        [
          0.83808,
          0.296372,
          -0.458024,
          3.394454
        ],
        [
          0.542212,
          -0.359805,
          0.759306,
          1.197893
        ],
        [
          0.060238,
          -0.884705,
          -0.462242,
          1.504198
        ],
        [
          0.0,
          0.0,
          0.0,
          1.0
        ]
      ]
    },
    {
      "file_path": "/media/NFS/ttao/scannet/posed_images/scene0046_01/00059.jpg",
      "transform_matrix": [
        [
          0.844976,
          0.271277,
          -0.460895,
          3.39576
        ],
        [
          0.531913,
          -0.336799,
          0.77694,
          1.206428
        ],
        [
          0.055537,
          -0.901651,
          -0.428883,
          1.526435
        ],
        [
          0.0,
          0.0,
          0.0,
          1.0
        ]
      ]
    },
    {
      "file_path": "/media/NFS/ttao/scannet/posed_images/scene0046_01/00064.jpg",
      "transform_matrix": [
        [
          0.832499,
          0.257319,
          -0.490645,
          3.394308
        ],
        [
          0.5518,
          -0.305777,
          0.775898,
          1.215656
        ],
        [
          0.049626,
          -0.916672,
          -0.396548,
          1.556894
        ],
        [
          0.0,
          0.0,
          0.0,
          1.0
        ]
      ]
    },
    {
      "file_path": "/media/NFS/ttao/scannet/posed_images/scene0046_01/00077.jpg",
      "transform_matrix": [
        [
          0.760908,
          0.228232,
          -0.607396,
          3.371616
        ],
        [
          0.647277,
          -0.201635,
          0.735103,
          1.199648
        ],
        [
          0.045302,
          -0.952498,
          -0.301155,
          1.60323
        ],
        [
          0.0,
          0.0,
          0.0,
          1.0
        ]
      ]
    },
    {
      "file_path": "/media/NFS/ttao/scannet/posed_images/scene0046_01/00081.jpg",
      "transform_matrix": [
        [
          0.732262,
          0.216124,
          -0.645819,
          3.36399
        ],
        [
          0.679792,
          -0.174969,
          0.712228,
          1.201834
        ],
        [
          0.040931,
          -0.96056,
          -0.275043,
          1.612521
        ],
        [
          0.0,
          0.0,
          0.0,
          1.0
        ]
      ]
    },
    {
      "file_path": "/media/NFS/ttao/scannet/posed_images/scene0046_01/00094.jpg",
      "transform_matrix": [
        [
          0.628868,
          0.212022,
          -0.748045,
          3.324966
        ],
        [
          0.776464,
          -0.121314,
          0.618374,
          1.189382
        ],
        [
          0.04036,
          -0.969706,
          -0.240918,
          1.618647
        ],
        [
          0.0,
          0.0,
          0.0,
          1.0
        ]
      ]
    },
    {
      "file_path": "/media/NFS/ttao/scannet/posed_images/scene0046_01/00099.jpg",
      "transform_matrix": [
        [
          0.564889,
          0.225286,
          -0.793818,
          3.309411
        ],
        [
          0.824045,
          -0.103866,
          0.556922,
          1.1846
        ],
        [
          0.043016,
          -0.96874,
          -0.244319,
          1.617303
        ],
        [
          0.0,
          0.0,
          0.0,
          1.0
        ]
      ]
    },
    {
      "file_path": "/media/NFS/ttao/scannet/posed_images/scene0046_01/00106.jpg",
      "transform_matrix": [
        [
          0.45786,
          0.241313,
          -0.855647,
          3.291613
        ],
        [
          0.888159,
          -0.08171,
          0.452213,
          1.189673
        ],
        [
          0.03921,
          -0.967001,
          -0.251736,
          1.630955
        ],
        [
          0.0,
          0.0,
          0.0,
          1.0
        ]
      ]
    },
    {
      "file_path": "/media/NFS/ttao/scannet/posed_images/scene0046_01/00119.jpg",
      "transform_matrix": [
        [
          0.291384,
          0.279664,
          -0.914813,
          3.254884
        ],
        [
          0.955501,
          -0.03913,
          0.292382,
          1.172802
        ],
        [
          0.045972,
          -0.9593,
          -0.278621,
          1.621198
        ],
        [
          0.0,
          0.0,
          0.0,
          1.0
        ]
      ]
    },
    {
      "file_path": "/media/NFS/ttao/scannet/posed_images/scene0046_01/00121.jpg",
      "transform_matrix": [
        [
          0.266194,
          0.282117,
          -0.921711,
          3.260438
        ],
        [
          0.96275,
          -0.03073,
          0.268641,
          1.173308
        ],
        [
          0.047464,
          -0.958888,
          -0.279788,
          1.610089
        ],
        [
          0.0,
          0.0,
          0.0,
          1.0
        ]
      ]
    },
    {
      "file_path": "/media/NFS/ttao/scannet/posed_images/scene0046_01/00136.jpg",
      "transform_matrix": [
        [
          0.097888,
          0.344219,
          -0.933773,
          3.250955
        ],
        [
          0.993546,
          0.020233,
          0.111613,
          1.14804
        ],
        [
          0.057312,
          -0.938671,
          -0.340017,
          1.567824
        ],
        [
          0.0,
          0.0,
          0.0,
          1.0
        ]
      ]
    },
    {
      "file_path": "/media/NFS/ttao/scannet/posed_images/scene0046_01/00143.jpg",
      "transform_matrix": [
        [
          0.017794,
          0.386553,
          -0.922096,
          3.242349
        ],
        [
          0.999081,
          0.029093,
          0.031475,
          1.145368
        ],
        [
          0.038993,
          -0.921808,
          -0.38568,
          1.561054
        ],
        [
          0.0,
          0.0,
          0.0,
          1.0
        ]
      ]
    },
    {
      "file_path": "/media/NFS/ttao/scannet/posed_images/scene0046_01/00153.jpg",
      "transform_matrix": [
        [
          -0.063501,
          0.46026,
          -0.885511,
          3.231764
        ],
        [
          0.997448,
          0.058278,
          -0.041237,
          1.15227
        ],
        [
          0.032627,
          -0.885869,
          -0.462786,
          1.520903
        ],
        [
          0.0,
          0.0,
          0.0,
          1.0
        ]
      ]
    },
    {
      "file_path": "/media/NFS/ttao/scannet/posed_images/scene0046_01/00160.jpg",
      "transform_matrix": [
        [
          -0.094118,
          0.534881,
          -0.839669,
          3.212166
        ],
        [
          0.995118,
          0.075692,
          -0.063325,
          1.172347
        ],
        [
          0.029685,
          -0.84153,
          -0.539394,
          1.47622
        ],
        [
          0.0,
          0.0,
          0.0,
          1.0
        ]
      ]
    },
    {
      "file_path": "/media/NFS/ttao/scannet/posed_images/scene0046_01/00163.jpg",
      "transform_matrix": [
        [
          -0.092314,
          0.574764,
          -0.813096,
          3.196076
        ],
        [
          0.99563,
          0.064869,
          -0.067183,
          1.175003
        ],
        [
          0.01413,
          -0.815744,
          -0.578241,
          1.459323
        ],
        [
          0.0,
          0.0,
          0.0,
          1.0
        ]
      ]
    },
    {
      "file_path": "/media/NFS/ttao/scannet/posed_images/scene0046_01/00173.jpg",
      "transform_matrix": [
        [
          -0.080232,
          0.652639,
          -0.753409,
          3.089608
        ],
        [
          0.996307,
          0.0757,
          -0.040524,
          1.16645
        ],
        [
          0.030586,
          -0.753878,
          -0.656302,
          1.423945
        ],
        [
          0.0,
          0.0,
          0.0,
          1.0
        ]
      ]
    },
    {
      "file_path": "/media/NFS/ttao/scannet/posed_images/scene0046_01/00180.jpg",
      "transform_matrix": [
        [
          -0.135158,
          0.636955,
          -0.758961,
          2.986633
        ],
        [
          0.990641,
          0.101604,
          -0.091146,
          1.18935
        ],
        [
          0.019057,
          -0.764176,
          -0.644726,
          1.446219
        ],
        [
          0.0,
          0.0,
          0.0,
          1.0
        ]
      ]
    },
    {
      "file_path": "/media/NFS/ttao/scannet/posed_images/scene0046_01/00190.jpg",
      "transform_matrix": [
        [
          -0.179792,
          0.592063,
          -0.78558,
          2.835499
        ],
        [
          0.983484,
          0.125099,
          -0.130803,
          1.320346
        ],
        [
          0.020832,
          -0.796123,
          -0.604777,
          1.461871
        ],
        [
          0.0,
          0.0,
          0.0,
          1.0
        ]
      ]
    },
    {
      "file_path": "/media/NFS/ttao/scannet/posed_images/scene0046_01/00200.jpg",
      "transform_matrix": [
        [
          -0.308577,
          0.608898,
          -0.73077,
          2.691924
        ],
        [
          0.951189,
          0.201067,
          -0.234118,
          1.475938
        ],
        [
          0.004379,
          -0.767344,
          -0.641221,
          1.453569
        ],
        [
          0.0,
          0.0,
          0.0,
          1.0
        ]
      ]
    },
    {
      "file_path": "/media/NFS/ttao/scannet/posed_images/scene0046_01/00205.jpg",
      "transform_matrix": [
        [
          -0.365698,
          0.600574,
          -0.711039,
          2.61789
        ],
        [
          0.930733,
          0.235203,
          -0.280027,
          1.524557
        ],
        [
          -0.000939,
          -0.764193,
          -0.644987,
          1.452625
        ],
        [
          0.0,
          0.0,
          0.0,
          1.0
        ]
      ]
    },
    {
      "file_path": "/media/NFS/ttao/scannet/posed_images/scene0046_01/00215.jpg",
      "transform_matrix": [
        [
          -0.414742,
          0.570275,
          -0.709067,
          2.457082
        ],
        [
          0.909915,
          0.265595,
          -0.318613,
          1.594929
        ],
        [
          0.006627,
          -0.777332,
          -0.629055,
          1.460322
        ],
        [
          0.0,
          0.0,
          0.0,
          1.0
        ]
      ]
    },
    {
      "file_path": "/media/NFS/ttao/scannet/posed_images/scene0046_01/00220.jpg",
      "transform_matrix": [
        [
          -0.446147,
          0.536181,
          -0.716564,
          2.395215
        ],
        [
          0.894758,
          0.284207,
          -0.344433,
          1.621291
        ],
        [
          0.018974,
          -0.794819,
          -0.60655,
          1.458449
        ],
        [
          0.0,
          0.0,
          0.0,
          1.0
        ]
      ]
    },
    {
      "file_path": "/media/NFS/ttao/scannet/posed_images/scene0046_01/00235.jpg",
      "transform_matrix": [
        [
          -0.50279,
          0.489733,
          -0.712295,
          2.187586
        ],
        [
          0.863933,
          0.312032,
          -0.395293,
          1.692173
        ],
        [
          0.028671,
          -0.814124,
          -0.579982,
          1.480435
        ],
        [
          0.0,
          0.0,
          0.0,
          1.0
        ]
      ]
    },
    {
      "file_path": "/media/NFS/ttao/scannet/posed_images/scene0046_01/00242.jpg",
      "transform_matrix": [
        [
          -0.565597,
          0.449708,
          -0.691276,
          2.086167
        ],
        [
          0.824204,
          0.336779,
          -0.455267,
          1.739349
        ],
        [
          0.02807,
          -0.82725,
          -0.561132,
          1.481576
        ],
        [
          0.0,
          0.0,
          0.0,
          1.0
        ]
      ]
    },
    {
      "file_path": "/media/NFS/ttao/scannet/posed_images/scene0046_01/00244.jpg",
      "transform_matrix": [
        [
          -0.591887,
          0.451287,
          -0.667839,
          2.057935
        ],
        [
          0.805503,
          0.360881,
          -0.470033,
          1.749292
        ],
        [
          0.02889,
          -0.816152,
          -0.577114,
          1.483124
        ],
        [
          0.0,
          0.0,
          0.0,
          1.0
        ]
      ]
    },
    {
      "file_path": "/media/NFS/ttao/scannet/posed_images/scene0046_01/00254.jpg",
      "transform_matrix": [
        [
          -0.709551,
          0.401013,
          -0.579418,
          1.910736
        ],
        [
          0.704626,
          0.41109,
          -0.578366,
          1.766737
        ],
        [
          0.00626,
          -0.818654,
          -0.574253,
          1.478934
        ],
        [
          0.0,
          0.0,
          0.0,
          1.0
        ]
      ]
    },
    {
      "file_path": "/media/NFS/ttao/scannet/posed_images/scene0046_01/00267.jpg",
      "transform_matrix": [
        [
          -0.766873,
          0.365506,
          -0.527552,
          1.660544
        ],
        [
          0.641733,
          0.448469,
          -0.622137,
          1.703011
        ],
        [
          0.009196,
          -0.815647,
          -0.578476,
          1.485805
        ],
        [
          0.0,
          0.0,
          0.0,
          1.0
        ]
      ]
    },
    {
      "file_path": "/media/NFS/ttao/scannet/posed_images/scene0046_01/00274.jpg",
      "transform_matrix": [
        [
          -0.778014,
          0.374543,
          -0.504392,
          1.541528
        ],
        [
          0.628241,
          0.460347,
          -0.627211,
          1.672012
        ],
        [
          -0.002722,
          -0.804859,
          -0.59346,
          1.482386
        ],
        [
          0.0,
          0.0,
          0.0,
          1.0
        ]
      ]
    },
    {
      "file_path": "/media/NFS/ttao/scannet/posed_images/scene0046_01/00281.jpg",
      "transform_matrix": [
        [
          -0.791879,
          0.382534,
          -0.476021,
          1.428206
        ],
        [
          0.610593,
          0.482947,
          -0.627646,
          1.64912
        ],
        [
          -0.010203,
          -0.787674,
          -0.616008,
          1.468439
        ],
        [
          0.0,
          0.0,
          0.0,
          1.0
        ]
      ]
    },
    {
      "file_path": "/media/NFS/ttao/scannet/posed_images/scene0046_01/00286.jpg",
      "transform_matrix": [
        [
          -0.818646,
          0.363063,
          -0.444977,
          1.345454
        ],
        [
          0.57383,
          0.485816,
          -0.659319,
          1.640999
        ],
        [
          -0.023197,
          -0.79509,
          -0.606048,
          1.46622
        ],
        [
          0.0,
          0.0,
          0.0,
          1.0
        ]
      ]
    },
    {
      "file_path": "/media/NFS/ttao/scannet/posed_images/scene0046_01/00294.jpg",
      "transform_matrix": [
        [
          -0.875614,
          0.320246,
          -0.361585,
          1.220192
        ],
        [
          0.481909,
          0.52865,
          -0.69878,
          1.622149
        ],
        [
          -0.032629,
          -0.786112,
          -0.617222,
          1.461324
        ],
        [
          0.0,
          0.0,
          0.0,
          1.0
        ]
      ]
    },
    {
      "file_path": "/media/NFS/ttao/scannet/posed_images/scene0046_01/00306.jpg",
      "transform_matrix": [
        [
          -0.906131,
          0.293818,
          -0.304298,
          1.054857
        ],
        [
          0.421587,
          0.568616,
          -0.706357,
          1.570694
        ],
        [
          -0.034512,
          -0.76834,
          -0.639111,
          1.41929
        ],
        [
          0.0,
          0.0,
          0.0,
          1.0
        ]
      ]
    },
    {
      "file_path": "/media/NFS/ttao/scannet/posed_images/scene0046_01/00314.jpg",
      "transform_matrix": [
        [
          -0.935798,
          0.252126,
          -0.246404,
          0.969492
        ],
        [
          0.351436,
          0.611966,
          -0.708514,
          1.51803
        ],
        [
          -0.027844,
          -0.74962,
          -0.661282,
          1.418078
        ],
        [
          0.0,
          0.0,
          0.0,
          1.0
        ]
      ]
    },
    {
      "file_path": "/media/NFS/ttao/scannet/posed_images/scene0046_01/00323.jpg",
      "transform_matrix": [
        [
          -0.969674,
          0.172682,
          -0.172952,
          0.902324
        ],
        [
          0.243887,
          0.637863,
          -0.730514,
          1.484319
        ],
        [
          -0.015827,
          -0.750541,
          -0.660634,
          1.417557
        ],
        [
          0.0,
          0.0,
          0.0,
          1.0
        ]
      ]
    },
    {
      "file_path": "/media/NFS/ttao/scannet/posed_images/scene0046_01/00328.jpg",
      "transform_matrix": [
        [
          -0.987532,
          0.110312,
          -0.112301,
          0.863624
        ],
        [
          0.15719,
          0.652762,
          -0.741076,
          1.472599
        ],
        [
          -0.008444,
          -0.749489,
          -0.661963,
          1.413312
        ],
        [
          0.0,
          0.0,
          0.0,
          1.0
        ]
      ]
    },
    {
      "file_path": "/media/NFS/ttao/scannet/posed_images/scene0046_01/00341.jpg",
      "transform_matrix": [
        [
          -0.980245,
          -0.129857,
          0.14919,
          0.723774
        ],
        [
          -0.197757,
          0.629977,
          -0.751014,
          1.488782
        ],
        [
          0.003538,
          -0.76568,
          -0.643212,
          1.394889
        ],
        [
          0.0,
          0.0,
          0.0,
          1.0
        ]
      ]
    },
    {
      "file_path": "/media/NFS/ttao/scannet/posed_images/scene0046_01/00351.jpg",
      "transform_matrix": [
        [
          -0.932978,
          -0.204838,
          0.295961,
          0.665947
        ],
        [
          -0.358884,
          0.592148,
          -0.721501,
          1.518416
        ],
        [
          -0.027462,
          -0.77936,
          -0.625974,
          1.40139
        ],
        [
          0.0,
          0.0,
          0.0,
          1.0
        ]
      ]
    },
    {
      "file_path": "/media/NFS/ttao/scannet/posed_images/scene0046_01/00356.jpg",
      "transform_matrix": [
        [
          -0.912394,
          -0.235296,
          0.334923,
          0.652932
        ],
        [
          -0.408476,
          0.575743,
          -0.708285,
          1.533392
        ],
        [
          -0.026173,
          -0.783043,
          -0.621417,
          1.399101
        ],
        [
          0.0,
          0.0,
          0.0,
          1.0
        ]
      ]
    },
    {
      "file_path": "/media/NFS/ttao/scannet/posed_images/scene0046_01/00365.jpg",
      "transform_matrix": [
        [
          -0.86311,
          -0.295236,
          0.409727,
          0.653057
        ],
        [
          -0.505003,
          0.51007,
          -0.696276,
          1.56066
        ],
        [
          -0.003424,
          -0.807877,
          -0.589342,
          1.420842
        ],
        [
          0.0,
          0.0,
          0.0,
          1.0
        ]
      ]
    },
    {
      "file_path": "/media/NFS/ttao/scannet/posed_images/scene0046_01/00375.jpg",
      "transform_matrix": [
        [
          -0.779523,
          -0.343418,
          0.52384,
          0.668671
        ],
        [
          -0.626318,
          0.416163,
          -0.659192,
          1.600047
        ],
        [
          0.008375,
          -0.841946,
          -0.539497,
          1.444897
        ],
        [
          0.0,
          0.0,
          0.0,
          1.0
        ]
      ]
    },
    {
      "file_path": "/media/NFS/ttao/scannet/posed_images/scene0046_01/00383.jpg",
      "transform_matrix": [
        [
          -0.723245,
          -0.339496,
          0.601382,
          0.685324
        ],
        [
          -0.69032,
          0.330942,
          -0.643379,
          1.627624
        ],
        [
          0.019402,
          -0.880466,
          -0.473713,
          1.457233
        ],
        [
          0.0,
          0.0,
          0.0,
          1.0
        ]
      ]
    },
    {
      "file_path": "/media/NFS/ttao/scannet/posed_images/scene0046_01/00388.jpg",
      "transform_matrix": [
        [
          -0.71048,
          -0.316288,
          0.628634,
          0.697057
        ],
        [
          -0.703104,
          0.281727,
          -0.652897,
          1.634438
        ],
        [
          0.0294,
          -0.905865,
          -0.422545,
          1.477861
        ],
        [
          0.0,
          0.0,
          0.0,
          1.0
        ]
      ]
    },
    {
      "file_path": "/media/NFS/ttao/scannet/posed_images/scene0046_01/00400.jpg",
      "transform_matrix": [
        [
          -0.653933,
          -0.293348,
          0.697366,
          0.72741
        ],
        [
          -0.755242,
          0.198885,
          -0.624543,
          1.651416
        ],
        [
          0.044513,
          -0.935089,
          -0.351606,
          1.519951
        ],
        [
          0.0,
          0.0,
          0.0,
          1.0
        ]
      ]
    },
    {
      "file_path": "/media/NFS/ttao/scannet/posed_images/scene0046_01/00405.jpg",
      "transform_matrix": [
        [
          -0.605835,
          -0.293615,
          0.739428,
          0.746189
        ],
        [
          -0.794566,
          0.176155,
          -0.581063,
          1.659321
        ],
        [
          0.040355,
          -0.939553,
          -0.340017,
          1.541658
        ],
        [
          0.0,
          0.0,
          0.0,
          1.0
        ]
      ]
    },
    {
      "file_path": "/media/NFS/ttao/scannet/posed_images/scene0046_01/00415.jpg",
      "transform_matrix": [
        [
          -0.500619,
          -0.303417,
          0.810752,
          0.782262
        ],
        [
          -0.864481,
          0.126196,
          -0.486567,
          1.689259
        ],
        [
          0.045319,
          -0.944464,
          -0.325474,
          1.53918
        ],
        [
          0.0,
          0.0,
          0.0,
          1.0
        ]
      ]
    },
    {
      "file_path": "/media/NFS/ttao/scannet/posed_images/scene0046_01/00417.jpg",
      "transform_matrix": [
        [
          -0.475682,
          -0.304858,
          0.825099,
          0.786287
        ],
        [
          -0.878509,
          0.117584,
          -0.463029,
          1.692117
        ],
        [
          0.044139,
          -0.945111,
          -0.323753,
          1.538602
        ],
        [
          0.0,
          0.0,
          0.0,
          1.0
        ]
      ]
    },
    {
      "file_path": "/media/NFS/ttao/scannet/posed_images/scene0046_01/00432.jpg",
      "transform_matrix": [
        [
          -0.326343,
          -0.332911,
          0.884687,
          0.832461
        ],
        [
          -0.944424,
          0.075684,
          -0.319899,
          1.722928
        ],
        [
          0.039541,
          -0.939916,
          -0.339108,
          1.552357
        ],
        [
          0.0,
          0.0,
          0.0,
          1.0
        ]
      ]
    },
    {
      "file_path": "/media/NFS/ttao/scannet/posed_images/scene0046_01/00439.jpg",
      "transform_matrix": [
        [
          -0.265033,
          -0.333207,
          0.904837,
          0.847668
        ],
        [
          -0.963772,
          0.062346,
          -0.259337,
          1.736991
        ],
        [
          0.03,
          -0.94079,
          -0.33766,
          1.558144
        ],
        [
          0.0,
          0.0,
          0.0,
          1.0
        ]
      ]
    },
    {
      "file_path": "/media/NFS/ttao/scannet/posed_images/scene0046_01/00442.jpg",
      "transform_matrix": [
        [
          -0.235953,
          -0.343737,
          0.90894,
          0.856606
        ],
        [
          -0.971232,
          0.05245,
          -0.232288,
          1.748467
        ],
        [
          0.032172,
          -0.9376,
          -0.346224,
          1.553953
        ],
        [
          0.0,
          0.0,
          0.0,
          1.0
        ]
      ]
    },
    {
      "file_path": "/media/NFS/ttao/scannet/posed_images/scene0046_01/00452.jpg",
      "transform_matrix": [
        [
          -0.168822,
          -0.357638,
          0.918474,
          0.883772
        ],
        [
          -0.98527,
          0.035458,
          -0.167292,
          1.742935
        ],
        [
          0.027263,
          -0.933187,
          -0.358356,
          1.539316
        ],
        [
          0.0,
          0.0,
          0.0,
          1.0
        ]
      ]
    },
    {
      "file_path": "/media/NFS/ttao/scannet/posed_images/scene0046_01/00459.jpg",
      "transform_matrix": [
        [
          -0.124309,
          -0.375412,
          0.918485,
          0.911132
        ],
        [
          -0.992074,
          0.029927,
          -0.122036,
          1.732614
        ],
        [
          0.018327,
          -0.926375,
          -0.376156,
          1.527942
        ],
        [
          0.0,
          0.0,
          0.0,
          1.0
        ]
      ]
    },
    {
      "file_path": "/media/NFS/ttao/scannet/posed_images/scene0046_01/00469.jpg",
      "transform_matrix": [
        [
          -0.029692,
          -0.40156,
          0.915352,
          1.00014
        ],
        [
          -0.999543,
          0.006762,
          -0.029456,
          1.710043
        ],
        [
          0.005639,
          -0.915808,
          -0.401577,
          1.505781
        ],
        [
          0.0,
          0.0,
          0.0,
          1.0
        ]
      ]
    },
    {
      "file_path": "/media/NFS/ttao/scannet/posed_images/scene0046_01/00477.jpg",
      "transform_matrix": [
        [
          0.064863,
          -0.437822,
          0.896719,
          1.11378
        ],
        [
          -0.997876,
          -0.033802,
          0.055677,
          1.700304
        ],
        [
          0.005935,
          -0.898426,
          -0.439085,
          1.506803
        ],
        [
          0.0,
          0.0,
          0.0,
          1.0
        ]
      ]
    },
    {
      "file_path": "/media/NFS/ttao/scannet/posed_images/scene0046_01/00486.jpg",
      "transform_matrix": [
        [
          0.17779,
          -0.446865,
          0.876757,
          1.226622
        ],
        [
          -0.984053,
          -0.075702,
          0.160964,
          1.688656
        ],
        [
          -0.005557,
          -0.891393,
          -0.453198,
          1.511905
        ],
        [
          0.0,
          0.0,
          0.0,
          1.0
        ]
      ]
    },
    {
      "file_path": "/media/NFS/ttao/scannet/posed_images/scene0046_01/00499.jpg",
      "transform_matrix": [
        [
          0.36159,
          -0.432702,
          0.825846,
          1.303758
        ],
        [
          -0.932299,
          -0.175812,
          0.316083,
          1.652612
        ],
        [
          0.008424,
          -0.884228,
          -0.46698,
          1.516626
        ],
        [
          0.0,
          0.0,
          0.0,
          1.0
        ]
      ]
    },
    {
      "file_path": "/media/NFS/ttao/scannet/posed_images/scene0046_01/00506.jpg",
      "transform_matrix": [
        [
          0.457156,
          -0.423015,
          0.782347,
          1.339945
        ],
        [
          -0.889385,
          -0.21586,
          0.402987,
          1.613052
        ],
        [
          -0.001592,
          -0.880036,
          -0.474905,
          1.504884
        ],
        [
          0.0,
          0.0,
          0.0,
          1.0
        ]
      ]
    },
    {
      "file_path": "/media/NFS/ttao/scannet/posed_images/scene0046_01/00514.jpg",
      "transform_matrix": [
        [
          0.571334,
          -0.403135,
          0.714884,
          1.38847
        ],
        [
          -0.820678,
          -0.272055,
          0.502468,
          1.560473
        ],
        [
          -0.008075,
          -0.873767,
          -0.486278,
          1.500268
        ],
        [
          0.0,
          0.0,
          0.0,
          1.0
        ]
      ]
    },
    {
      "file_path": "/media/NFS/ttao/scannet/posed_images/scene0046_01/00521.jpg",
      "transform_matrix": [
        [
          0.674296,
          -0.354063,
          0.648047,
          1.402255
        ],
        [
          -0.738457,
          -0.320384,
          0.593325,
          1.524186
        ],
        [
          -0.002451,
          -0.878632,
          -0.477494,
          1.498741
        ],
        [
          0.0,
          0.0,
          0.0,
          1.0
        ]
      ]
    },
    {
      "file_path": "/media/NFS/ttao/scannet/posed_images/scene0046_01/00531.jpg",
      "transform_matrix": [
        [
          0.780968,
          -0.289205,
          0.553579,
          1.421111
        ],
        [
          -0.624553,
          -0.354856,
          0.695709,
          1.494823
        ],
        [
          -0.004761,
          -0.889066,
          -0.457755,
          1.494107
        ],
        [
          0.0,
          0.0,
          0.0,
          1.0
        ]
      ]
    },
    {
      "file_path": "/media/NFS/ttao/scannet/posed_images/scene0046_01/00536.jpg",
      "transform_matrix": [
        [
          0.812131,
          -0.26885,
          0.517845,
          1.42155
        ],
        [
          -0.583418,
          -0.361707,
          0.727181,
          1.499405
        ],
        [
          -0.008194,
          -0.892686,
          -0.450605,
          1.498786
        ],
        [
          0.0,
          0.0,
          0.0,
          1.0
        ]
      ]
    },
    {
      "file_path": "/media/NFS/ttao/scannet/posed_images/scene0046_01/00541.jpg",
      "transform_matrix": [
        [
          0.841792,
          -0.241537,
          0.482749,
          1.429496
        ],
        [
          -0.539777,
          -0.368081,
          0.757071,
          1.499664
        ],
        [
          -0.00517,
          -0.897873,
          -0.440224,
          1.503371
        ],
        [
          0.0,
          0.0,
          0.0,
          1.0
        ]
      ]
    },
    {
      "file_path": "/media/NFS/ttao/scannet/posed_images/scene0046_01/00551.jpg",
      "transform_matrix": [
        [
          0.890044,
          -0.192314,
          0.413325,
          1.430864
        ],
        [
          -0.455875,
          -0.375162,
          0.807113,
          1.51513
        ],
        [
          -0.000155,
          -0.90679,
          -0.421582,
          1.513338
        ],
        [
          0.0,
          0.0,
          0.0,
          1.0
        ]
      ]
    },
    {
      "file_path": "/media/NFS/ttao/scannet/posed_images/scene0046_01/00558.jpg",
      "transform_matrix": [
        [
          0.908198,
          -0.160956,
          0.386355,
          1.408551
        ],
        [
          -0.418442,
          -0.369315,
          0.829767,
          1.535132
        ],
        [
          0.009131,
          -0.915259,
          -0.402762,
          1.518536
        ],
        [
          0.0,
          0.0,
          0.0,
          1.0
        ]
      ]
    },
    {
      "file_path": "/media/NFS/ttao/scannet/posed_images/scene0046_01/00573.jpg",
      "transform_matrix": [
        [
          0.94114,
          -0.071145,
          0.330445,
          1.398864
        ],
        [
          -0.335461,
          -0.316583,
          0.887266,
          1.57675
        ],
        [
          0.041489,
          -0.945893,
          -0.321815,
          1.568902
        ],
        [
          0.0,
          0.0,
          0.0,
          1.0
        ]
      ]
    },
    {
      "file_path": "/media/NFS/ttao/scannet/posed_images/scene0046_01/00580.jpg",
      "transform_matrix": [
        [
          0.939814,
          -0.063752,
          0.335688,
          1.400079
        ],
        [
          -0.340027,
          -0.271237,
          0.900451,
          1.585908
        ],
        [
          0.033645,
          -0.960399,
          -0.276589,
          1.56801
        ],
        [
          0.0,
          0.0,
          0.0,
          1.0
        ]
      ]
    },
    {
      "file_path": "/media/NFS/ttao/scannet/posed_images/scene0046_01/00588.jpg",
      "transform_matrix": [
        [
          0.922023,
          -0.074332,
          0.379933,
          1.417347
        ],
        [
          -0.38652,
          -0.232088,
          0.892602,
          1.598411
        ],
        [
          0.021829,
          -0.96985,
          -0.242721,
          1.604967
        ],
        [
          0.0,
          0.0,
          0.0,
          1.0
        ]
      ]
    },
    {
      "file_path": "/media/NFS/ttao/scannet/posed_images/scene0046_01/00590.jpg",
      "transform_matrix": [
        [
          0.91432,
          -0.077028,
          0.3976,
          1.422698
        ],
        [
          -0.404668,
          -0.213101,
          0.889288,
          1.597614
        ],
        [
          0.016229,
          -0.973989,
          -0.226013,
          1.597152
        ],
        [
          0.0,
          0.0,
          0.0,
          1.0
        ]
      ]
    },
    {
      "file_path": "/media/NFS/ttao/scannet/posed_images/scene0046_01/00600.jpg",
      "transform_matrix": [
        [
          0.866117,
          -0.100382,
          0.489659,
          1.444908
        ],
        [
          -0.49984,
          -0.177078,
          0.847823,
          1.599985
        ],
        [
          0.001601,
          -0.979064,
          -0.203545,
          1.61574
        ],
        [
          0.0,
          0.0,
          0.0,
          1.0
        ]
      ]
    },
    {
      "file_path": "/media/NFS/ttao/scannet/posed_images/scene0046_01/00607.jpg",
      "transform_matrix": [
        [
          0.821944,
          -0.135527,
          0.553209,
          1.46543
        ],
        [
          -0.569548,
          -0.187453,
          0.800298,
          1.592529
        ],
        [
          -0.004761,
          -0.972879,
          -0.231265,
          1.613026
        ],
        [
          0.0,
          0.0,
          0.0,
          1.0
        ]
      ]
    },
    {
      "file_path": "/media/NFS/ttao/scannet/posed_images/scene0046_01/00622.jpg",
      "transform_matrix": [
        [
          0.692103,
          -0.269047,
          0.669781,
          1.47393
        ],
        [
          -0.72133,
          -0.224364,
          0.655244,
          1.593365
        ],
        [
          -0.026017,
          -0.936629,
          -0.349354,
          1.561624
        ],
        [
          0.0,
          0.0,
          0.0,
          1.0
        ]
      ]
    },
    {
      "file_path": "/media/NFS/ttao/scannet/posed_images/scene0046_01/00627.jpg",
      "transform_matrix": [
        [
          0.656862,
          -0.307209,
          0.688589,
          1.489072
        ],
        [
          -0.753475,
          -0.233012,
          0.614802,
          1.602098
        ],
        [
          -0.028424,
          -0.922674,
          -0.384531,
          1.5416
        ],
        [
          0.0,
          0.0,
          0.0,
          1.0
        ]
      ]
    },
    {
      "file_path": "/media/NFS/ttao/scannet/posed_images/scene0046_01/00632.jpg",
      "transform_matrix": [
        [
          0.596722,
          -0.373685,
          0.710129,
          1.497165
        ],
        [
          -0.801981,
          -0.247516,
          0.543657,
          1.635527
        ],
        [
          -0.027388,
          -0.893921,
          -0.447386,
          1.526179
        ],
