{
  "frames": [
    {
      "file_path": "/media/NFS/ttao/scannet/posed_images/scene0238_01/00000.jpg",
      "transform_matrix": [
        [
          -0.655114,
          0.365329,
          -0.661332,
          2.532272
        ],
        [
          0.754752,
          0.276733,
          -0.594785,
          1.754633
        ],
        [
          -0.03428,
          -0.888794,
          -0.457024,
          1.474188
        ],
        [
          0.0,
          0.0,
          0.0,
          1.0
        ]
      ]
    },
    {
      "file_path": "/media/NFS/ttao/scannet/posed_images/scene0238_01/00003.jpg",
      "transform_matrix": [
        [
          -0.636688,
          0.381789,
          -0.669975,
          2.529784
        ],
        [
          0.770935,
          0.296015,
          -0.563946,
          1.748401
        ],
        [
          -0.016986,
          -0.875564,
          -0.482803,
          1.466319
        ],
        [
          0.0,
          0.0,
          0.0,
          1.0
        ]
      ]
    },
    {
      "file_path": "/media/NFS/ttao/scannet/posed_images/scene0238_01/00004.jpg",
      "transform_matrix": [
        [
          -0.638221,
          0.385823,
          -0.666194,
          2.529024
        ],
        [
          0.769565,
          0.296052,
          -0.565795,
          1.74723
        ],
        [
          -0.021069,
          -0.873781,
          -0.485862,
          1.465117
        ],
        [
          0.0,
          0.0,
          0.0,
          1.0
        ]
      ]
    },
    {
      "file_path": "/media/NFS/ttao/scannet/posed_images/scene0238_01/00007.jpg",
      "transform_matrix": [
        [
          -0.65058,
          0.38682,
          -0.653541,
          2.527468
        ],
        [
          0.759243,
          0.311777,
          -0.571267,
          1.743902
        ],
        [
          -0.017219,
          -0.867851,
          -0.496526,
          1.459948
        ],
        [
          0.0,
          0.0,
          0.0,
          1.0
        ]
      ]
    },
    {
      "file_path": "/media/NFS/ttao/scannet/posed_images/scene0238_01/00008.jpg",
      "transform_matrix": [
        [
          -0.652691,
          0.385026,
          -0.652495,
          2.527364
        ],
        [
          0.757539,
          0.31874,
          -0.569684,
          1.740376
        ],
        [
          -0.011367,
          -0.866118,
          -0.499711,
          1.459307
        ],
        [
          0.0,
          0.0,
          0.0,
          1.0
        ]
      ]
    },
    {
      "file_path": "/media/NFS/ttao/scannet/posed_images/scene0238_01/00010.jpg",
      "transform_matrix": [
        [
          -0.656375,
          0.37971,
          -0.651915,
          2.53025
        ],
        [
          0.754425,
          0.325801,
          -0.569822,
          1.723356
        ],
        [
          -0.003972,
          -0.865837,
          -0.50031,
          1.467108
        ],
        [
          0.0,
          0.0,
          0.0,
          1.0
        ]
      ]
    },
    {
      "file_path": "/media/NFS/ttao/scannet/posed_images/scene0238_01/00013.jpg",
      "transform_matrix": [
        [
          -0.667185,
          0.359353,
          -0.652479,
          2.527147
        ],
        [
          0.744843,
          0.331934,
          -0.578817,
          1.713254
        ],
        [
          0.00858,
          -0.872173,
          -0.489123,
          1.476766
        ],
        [
          0.0,
          0.0,
          0.0,
          1.0
        ]
      ]
    },
    {
      "file_path": "/media/NFS/ttao/scannet/posed_images/scene0238_01/00015.jpg",
      "transform_matrix": [
        [
          -0.665078,
          0.345504,
          -0.662041,
          2.520424
        ],
        [
          0.746679,
          0.321732,
          -0.582201,
          1.708676
        ],
        [
          0.011847,
          -0.881542,
          -0.471958,
          1.488566
        ],
        [
          0.0,
          0.0,
          0.0,
          1.0
        ]
      ]
    },
    {
      "file_path": "/media/NFS/ttao/scannet/posed_images/scene0238_01/00016.jpg",
      "transform_matrix": [
        [
          -0.65915,
          0.339124,
          -0.671206,
          2.516775
        ],
        [
          0.751861,
          0.31507,
          -0.579168,
          1.70883
        ],
        [
          0.015067,
          -0.886412,
          -0.462652,
          1.493958
        ],
        [
          0.0,
          0.0,
          0.0,
          1.0
        ]
      ]
    },
    {
      "file_path": "/media/NFS/ttao/scannet/posed_images/scene0238_01/00019.jpg",
      "transform_matrix": [
        [
          -0.627636,
          0.317033,
          -0.71103,
          2.505091
        ],
        [
          0.777973,
          0.289247,
          -0.557758,
          1.709039
        ],
        [
          0.028836,
          -0.903231,
          -0.428185,
          1.510766
        ],
        [
          0.0,
          0.0,
          0.0,
          1.0
        ]
      ]
    },
    {
      "file_path": "/media/NFS/ttao/scannet/posed_images/scene0238_01/00021.jpg",
      "transform_matrix": [
        [
          -0.607185,
          0.298712,
          -0.736273,
          2.486567
        ],
        [
          0.793201,
          0.282054,
          -0.539702,
          1.724101
        ],
        [
          0.046453,
          -0.911711,
          -0.408197,
          1.522595
        ],
        [
          0.0,
          0.0,
          0.0,
          1.0
        ]
      ]
    },
    {
      "file_path": "/media/NFS/ttao/scannet/posed_images/scene0238_01/00022.jpg",
      "transform_matrix": [
        [
          -0.587338,
          0.289741,
          -0.755701,
          2.480613
        ],
        [
          0.80715,
          0.278369,
          -0.520596,
          1.724629
        ],
        [
          0.059525,
          -0.91573,
          -0.397361,
          1.526737
        ],
        [
          0.0,
          0.0,
          0.0,
          1.0
        ]
      ]
    },
    {
      "file_path": "/media/NFS/ttao/scannet/posed_images/scene0238_01/00024.jpg",
      "transform_matrix": [
        [
          -0.539993,
          0.270236,
          -0.797107,
          2.464246
        ],
        [
          0.837377,
          0.268011,
          -0.476413,
          1.729766
        ],
        [
          0.08489,
          -0.924739,
          -0.371014,
          1.536307
        ],
        [
          0.0,
          0.0,
          0.0,
          1.0
        ]
      ]
    },
    {
      "file_path": "/media/NFS/ttao/scannet/posed_images/scene0238_01/00026.jpg",
      "transform_matrix": [
        [
          -0.478745,
          0.257674,
          -0.83929,
          2.45
        ],
        [
          0.871381,
          0.256218,
          -0.418388,
          1.73158
        ],
        [
          0.107233,
          -0.931642,
          -0.347195,
          1.537989
        ],
        [
          0.0,
          0.0,
          0.0,
          1.0
        ]
      ]
    },
    {
      "file_path": "/media/NFS/ttao/scannet/posed_images/scene0238_01/00029.jpg",
      "transform_matrix": [
        [
          -0.353723,
          0.258629,
          -0.898883,
          2.430534
        ],
        [
          0.924633,
          0.241744,
          -0.294301,
          1.71503
        ],
        [
          0.141185,
          -0.935238,
          -0.324647,
          1.533111
        ],
        [
          0.0,
          0.0,
          0.0,
          1.0
        ]
      ]
    },
    {
      "file_path": "/media/NFS/ttao/scannet/posed_images/scene0238_01/00031.jpg",
      "transform_matrix": [
        [
          -0.268384,
          0.282695,
          -0.920898,
          2.404562
        ],
        [
          0.950865,
          0.23092,
          -0.20623,
          1.723159
        ],
        [
          0.154354,
          -0.930999,
          -0.330781,
          1.533137
        ],
        [
          0.0,
          0.0,
          0.0,
          1.0
        ]
      ]
    },
    {
      "file_path": "/media/NFS/ttao/scannet/posed_images/scene0238_01/00032.jpg",
      "transform_matrix": [
        [
          -0.22291,
          0.294731,
          -0.929217,
          2.39458
        ],
        [
          0.962472,
          0.217891,
          -0.161777,
          1.719821
        ],
        [
          0.154787,
          -0.930407,
          -0.332241,
          1.529752
        ],
        [
          0.0,
          0.0,
          0.0,
          1.0
        ]
      ]
    },
    {
      "file_path": "/media/NFS/ttao/scannet/posed_images/scene0238_01/00034.jpg",
      "transform_matrix": [
        [
          -0.125219,
          0.320033,
          -0.939095,
          2.376802
        ],
        [
          0.981795,
          0.176232,
          -0.070855,
          1.707714
        ],
        [
          0.142822,
          -0.930871,
          -0.336275,
          1.519703
        ],
        [
          0.0,
          0.0,
          0.0,
          1.0
        ]
      ]
    },
    {
      "file_path": "/media/NFS/ttao/scannet/posed_images/scene0238_01/00037.jpg",
      "transform_matrix": [
        [
          0.010406,
          0.353152,
          -0.935508,
          2.350279
        ],
        [
          0.99245,
          0.110688,
          0.052823,
          1.694001
        ],
        [
          0.122205,
          -0.928995,
          -0.349334,
          1.503678
        ],
        [
          0.0,
          0.0,
          0.0,
          1.0
        ]
      ]
    },
    {
      "file_path": "/media/NFS/ttao/scannet/posed_images/scene0238_01/00040.jpg",
      "transform_matrix": [
        [
          0.116519,
          0.398369,
          -0.909794,
          2.334319
        ],
        [
          0.987502,
          0.051417,
          0.148985,
          1.691452
        ],
        [
          0.10613,
          -0.915783,
          -0.387399,
          1.47626
        ],
        [
          0.0,
          0.0,
          0.0,
          1.0
        ]
      ]
    },
    {
      "file_path": "/media/NFS/ttao/scannet/posed_images/scene0238_01/00041.jpg",
      "transform_matrix": [
        [
          0.148531,
          0.408273,
          -0.900695,
          2.330125
        ],
        [
          0.984238,
          0.027378,
          0.174718,
          1.685672
        ],
        [
          0.095992,
          -0.912449,
          -0.397771,
          1.468433
        ],
        [
          0.0,
          0.0,
          0.0,
          1.0
        ]
      ]
    },
    {
      "file_path": "/media/NFS/ttao/scannet/posed_images/scene0238_01/00044.jpg",
      "transform_matrix": [
        [
          0.243437,
          0.430782,
          -0.869002,
          2.313473
        ],
        [
          0.967559,
          -0.045419,
          0.248531,
          1.666044
        ],
        [
          0.067594,
          -0.901312,
          -0.427863,
          1.449517
        ],
        [
          0.0,
          0.0,
          0.0,
          1.0
        ]
      ]
    },
    {
      "file_path": "/media/NFS/ttao/scannet/posed_images/scene0238_01/00046.jpg",
      "transform_matrix": [
        [
          0.305239,
          0.437872,
          -0.845634,
          2.307555
        ],
        [
          0.950927,
          -0.09291,
          0.295136,
          1.653607
        ],
        [
          0.050664,
          -0.894224,
          -0.444744,
          1.435998
        ],
        [
          0.0,
          0.0,
          0.0,
          1.0
        ]
      ]
    },
    {
      "file_path": "/media/NFS/ttao/scannet/posed_images/scene0238_01/00047.jpg",
      "transform_matrix": [
        [
          0.332066,
          0.439939,
          -0.834378,
          2.306055
        ],
        [
          0.942127,
          -0.111427,
          0.316196,
          1.649225
        ],
        [
          0.046134,
          -0.891088,
          -0.451479,
          1.42985
        ],
        [
          0.0,
          0.0,
          0.0,
          1.0
        ]
      ]
    },
    {
      "file_path": "/media/NFS/ttao/scannet/posed_images/scene0238_01/00050.jpg",
      "transform_matrix": [
        [
          0.399726,
          0.435527,
          -0.806558,
          2.315382
        ],
        [
          0.915693,
          -0.149845,
          0.372899,
          1.669929
        ],
        [
          0.041549,
          -0.887616,
          -0.458706,
          1.421078
        ],
        [
          0.0,
          0.0,
          0.0,
          1.0
        ]
      ]
    },
    {
      "file_path": "/media/NFS/ttao/scannet/posed_images/scene0238_01/00051.jpg",
      "transform_matrix": [
        [
          0.427504,
          0.428512,
          -0.796001,
          2.319992
        ],
        [
          0.902605,
          -0.153195,
          0.402288,
          1.670825
        ],
        [
          0.050442,
          -0.890454,
          -0.452268,
          1.419273
        ],
        [
          0.0,
          0.0,
          0.0,
          1.0
        ]
      ]
    },
    {
      "file_path": "/media/NFS/ttao/scannet/posed_images/scene0238_01/00053.jpg",
      "transform_matrix": [
        [
          0.491518,
          0.406969,
          -0.769926,
          2.320267
        ],
        [
          0.868013,
          -0.157416,
          0.470929,
          1.666287
        ],
        [
          0.070455,
          -0.899776,
          -0.430628,
          1.426555
        ],
        [
          0.0,
          0.0,
          0.0,
          1.0
        ]
      ]
    },
    {
      "file_path": "/media/NFS/ttao/scannet/posed_images/scene0238_01/00055.jpg",
      "transform_matrix": [
        [
          0.549449,
          0.377694,
          -0.745287,
          2.326457
        ],
        [
          0.830696,
          -0.151153,
          0.535814,
          1.661862
        ],
        [
          0.089721,
          -0.91351,
          -0.3968,
          1.438714
        ],
        [
          0.0,
          0.0,
          0.0,
          1.0
        ]
      ]
    },
    {
      "file_path": "/media/NFS/ttao/scannet/posed_images/scene0238_01/00058.jpg",
      "transform_matrix": [
        [
          0.626543,
          0.331004,
          -0.705607,
          2.335318
        ],
        [
          0.771413,
          -0.134197,
          0.622023,
          1.653144
        ],
        [
          0.111202,
          -0.934038,
          -0.33942,
          1.467117
        ],
        [
          0.0,
          0.0,
          0.0,
          1.0
        ]
      ]
    },
    {
      "file_path": "/media/NFS/ttao/scannet/posed_images/scene0238_01/00059.jpg",
      "transform_matrix": [
        [
          0.647767,
          0.314736,
          -0.693786,
          2.338317
        ],
        [
          0.753539,
          -0.130639,
          0.644292,
          1.649476
        ],
        [
          0.112147,
          -0.940146,
          -0.321789,
          1.481596
        ],
        [
          0.0,
          0.0,
          0.0,
          1.0
        ]
      ]
    },
    {
      "file_path": "/media/NFS/ttao/scannet/posed_images/scene0238_01/00062.jpg",
      "transform_matrix": [
        [
          0.682177,
          0.24748,
          -0.688032,
          2.388328
        ],
        [
          0.724521,
          -0.102009,
          0.681662,
          1.676482
        ],
        [
          0.098512,
          -0.963508,
          -0.248893,
          1.531634
        ],
        [
          0.0,
          0.0,
          0.0,
          1.0
        ]
      ]
    },
    {
      "file_path": "/media/NFS/ttao/scannet/posed_images/scene0238_01/00063.jpg",
      "transform_matrix": [
        [
          0.699391,
          0.235167,
          -0.674944,
          2.394043
        ],
        [
          0.707591,
          -0.094596,
          0.700261,
          1.671537
        ],
        [
          0.100831,
          -0.967341,
          -0.232561,
          1.542203
        ],
        [
          0.0,
          0.0,
          0.0,
          1.0
        ]
      ]
    },
    {
      "file_path": "/media/NFS/ttao/scannet/posed_images/scene0238_01/00066.jpg",
      "transform_matrix": [
        [
          0.740048,
          0.211238,
          -0.638519,
          2.400399
        ],
        [
          0.663447,
          -0.073583,
          0.744596,
          1.65305
        ],
        [
          0.110303,
          -0.974661,
          -0.194601,
          1.583083
        ],
        [
          0.0,
          0.0,
          0.0,
          1.0
        ]
      ]
    },
    {
      "file_path": "/media/NFS/ttao/scannet/posed_images/scene0238_01/00067.jpg",
      "transform_matrix": [
        [
          0.751644,
          0.209269,
          -0.62549,
          2.404792
        ],
        [
          0.649303,
          -0.068106,
          0.757474,
          1.646102
        ],
        [
          0.115916,
          -0.975483,
          -0.187071,
          1.59181
        ],
        [
          0.0,
          0.0,
          0.0,
          1.0
        ]
      ]
    },
    {
      "file_path": "/media/NFS/ttao/scannet/posed_images/scene0238_01/00069.jpg",
      "transform_matrix": [
        [
          0.768046,
          0.22526,
          -0.599469,
          2.407875
        ],
        [
          0.624682,
          -0.057441,
          0.778764,
          1.634534
        ],
        [
          0.140991,
          -0.972604,
          -0.184833,
          1.617475
        ],
        [
          0.0,
          0.0,
          0.0,
          1.0
        ]
      ]
    },
    {
      "file_path": "/media/NFS/ttao/scannet/posed_images/scene0238_01/00072.jpg",
      "transform_matrix": [
        [
          0.802005,
          0.243799,
          -0.545298,
          2.42454
        ],
        [
          0.569117,
          -0.0347,
          0.821524,
          1.622035
        ],
        [
          0.181365,
          -0.969205,
          -0.166579,
          1.641912
        ],
        [
          0.0,
          0.0,
          0.0,
          1.0
        ]
      ]
    },
    {
      "file_path": "/media/NFS/ttao/scannet/posed_images/scene0238_01/00074.jpg",
      "transform_matrix": [
        [
          0.82629,
          0.255754,
          -0.501831,
          2.428836
        ],
        [
          0.523242,
          -0.018771,
          0.851978,
          1.612582
        ],
        [
          0.208477,
          -0.96656,
          -0.149332,
          1.665998
        ],
        [
          0.0,
          0.0,
          0.0,
          1.0
        ]
      ]
    },
    {
      "file_path": "/media/NFS/ttao/scannet/posed_images/scene0238_01/00076.jpg",
      "transform_matrix": [
        [
          0.845497,
          0.29804,
          -0.443066,
          2.401163
        ],
        [
          0.469083,
          -0.018102,
          0.882969,
          1.609872
        ],
        [
          0.255139,
          -0.954382,
          -0.15511,
          1.717833
        ],
        [
          0.0,
          0.0,
          0.0,
          1.0
        ]
      ]
    },
    {
      "file_path": "/media/NFS/ttao/scannet/posed_images/scene0238_01/00079.jpg",
      "transform_matrix": [
        [
          0.868349,
          0.343774,
          -0.357475,
          2.363037
        ],
        [
          0.387207,
          -0.019533,
          0.921786,
          1.612975
        ],
        [
          0.309904,
          -0.938849,
          -0.150073,
          1.772852
        ],
        [
          0.0,
          0.0,
          0.0,
          1.0
        ]
      ]
    },
    {
      "file_path": "/media/NFS/ttao/scannet/posed_images/scene0238_01/00080.jpg",
      "transform_matrix": [
        [
          0.906886,
          0.249618,
          -0.339483,
          2.457351
        ],
        [
          0.357069,
          -0.02746,
          0.933674,
          1.618514
        ],
        [
          0.223739,
          -0.967955,
          -0.114034,
          1.715954
        ],
        [
          0.0,
          0.0,
          0.0,
          1.0
        ]
      ]
    },
    {
      "file_path": "/media/NFS/ttao/scannet/posed_images/scene0238_01/00083.jpg",
      "transform_matrix": [
        [
          0.92643,
          0.267322,
          -0.265077,
          2.408967
        ],
        [
          0.280678,
          -0.021207,
          0.959568,
          1.627415
        ],
        [
          0.250892,
          -0.963374,
          -0.094679,
          1.747728
        ],
        [
          0.0,
          0.0,
          0.0,
          1.0
        ]
      ]
    },
    {
      "file_path": "/media/NFS/ttao/scannet/posed_images/scene0238_01/00085.jpg",
      "transform_matrix": [
        [
          0.946999,
          0.253284,
          -0.197584,
          2.365901
        ],
        [
          0.209227,
          -0.019603,
          0.977671,
          1.637216
        ],
        [
          0.243755,
          -0.967193,
          -0.071558,
          1.735259
        ],
        [
          0.0,
          0.0,
          0.0,
          1.0
        ]
      ]
    },
    {
      "file_path": "/media/NFS/ttao/scannet/posed_images/scene0238_01/00086.jpg",
      "transform_matrix": [
        [
          -Infinity,
          -Infinity,
          -Infinity,
          -Infinity
        ],
        [
          -Infinity,
          -Infinity,
          -Infinity,
          -Infinity
        ],
        [
          -Infinity,
          -Infinity,
          -Infinity,
          -Infinity
        ],
        [
          -Infinity,
          -Infinity,
          -Infinity,
          -Infinity
        ]
      ]
    },
    {
      "file_path": "/media/NFS/ttao/scannet/posed_images/scene0238_01/00089.jpg",
      "transform_matrix": [
        [
          0.989667,
          0.118844,
          -0.080221,
          2.1735
        ],
        [
          0.088748,
          -0.06828,
          0.993711,
          1.654627
        ],
        [
          0.11262,
          -0.990562,
          -0.078122,
          1.709277
        ],
        [
          0.0,
          0.0,
          0.0,
          1.0
        ]
      ]
    },
    {
      "file_path": "/media/NFS/ttao/scannet/posed_images/scene0238_01/00090.jpg",
      "transform_matrix": [
        [
          0.967337,
          0.249462,
          -0.045018,
          2.442992
        ],
        [
          0.065039,
          -0.0726,
          0.995238,
          1.656666
        ],
        [
          0.245006,
          -0.965659,
          -0.086454,
          1.691196
        ],
        [
          0.0,
          0.0,
          0.0,
          1.0
        ]
      ]
    },
    {
      "file_path": "/media/NFS/ttao/scannet/posed_images/scene0238_01/00093.jpg",
      "transform_matrix": [
        [
          0.993401,
          0.102733,
          0.050981,
          2.429425
        ],
        [
          -0.036878,
          -0.134774,
          0.99019,
          1.671301
        ],
        [
          0.108596,
          -0.985536,
          -0.130096,
          1.711904
        ],
        [
          0.0,
          0.0,
          0.0,
          1.0
        ]
      ]
    },
    {
      "file_path": "/media/NFS/ttao/scannet/posed_images/scene0238_01/00094.jpg",
      "transform_matrix": [
        [
          0.993046,
          0.086358,
          0.08001,
          2.426665
        ],
        [
          -0.066067,
          -0.153715,
          0.985904,
          1.676111
        ],
        [
          0.09744,
          -0.984334,
          -0.146941,
          1.703502
        ],
        [
          0.0,
          0.0,
          0.0,
          1.0
        ]
      ]
    },
    {
      "file_path": "/media/NFS/ttao/scannet/posed_images/scene0238_01/00097.jpg",
      "transform_matrix": [
        [
          0.988295,
          0.045232,
          0.145691,
          2.429831
        ],
        [
          -0.133759,
          -0.202269,
          0.970152,
          1.686678
        ],
        [
          0.073351,
          -0.978285,
          -0.193851,
          1.671562
        ],
        [
          0.0,
          0.0,
          0.0,
          1.0
        ]
      ]
    },
    {
      "file_path": "/media/NFS/ttao/scannet/posed_images/scene0238_01/00099.jpg",
      "transform_matrix": [
        [
          0.982121,
          0.019764,
          0.187208,
          2.432211
        ],
        [
          -0.17727,
          -0.237552,
          0.955062,
          1.69351
        ],
        [
          0.063348,
          -0.971174,
          -0.229801,
          1.64689
        ],
        [
          0.0,
          0.0,
          0.0,
          1.0
        ]
      ]
    },
    {
      "file_path": "/media/NFS/ttao/scannet/posed_images/scene0238_01/00100.jpg",
      "transform_matrix": [
        [
          0.980054,
          -0.007801,
          0.198577,
          2.448861
        ],
        [
          -0.193637,
          -0.262247,
          0.945373,
          1.698953
        ],
        [
          0.044702,
          -0.964969,
          -0.258527,
          1.650893
        ],
        [
          0.0,
          0.0,
          0.0,
          1.0
        ]
      ]
    },
    {
      "file_path": "/media/NFS/ttao/scannet/posed_images/scene0238_01/00102.jpg",
      "transform_matrix": [
        [
          0.975545,
          -0.046561,
          0.214811,
          2.453215
        ],
        [
          -0.219064,
          -0.285848,
          0.9329,
          1.702292
        ],
        [
          0.017966,
          -0.957143,
          -0.289057,
          1.623836
        ],
        [
          0.0,
          0.0,
          0.0,
          1.0
        ]
      ]
    },
    {
      "file_path": "/media/NFS/ttao/scannet/posed_images/scene0238_01/00105.jpg",
      "transform_matrix": [
        [
          0.965426,
          -0.089439,
          0.244854,
          2.456397
        ],
        [
          -0.260672,
          -0.337743,
          0.904422,
          1.709665
        ],
        [
          0.001807,
          -0.936979,
          -0.34938,
          1.582419
        ],
        [
          0.0,
          0.0,
          0.0,
          1.0
        ]
      ]
    },
    {
      "file_path": "/media/NFS/ttao/scannet/posed_images/scene0238_01/00107.jpg",
      "transform_matrix": [
        [
          0.958613,
          -0.118032,
          0.259092,
          2.454073
        ],
        [
          -0.284532,
          -0.364903,
          0.886503,
          1.712339
        ],
        [
          -0.010092,
          -0.923533,
          -0.383385,
          1.550844
        ],
        [
          0.0,
          0.0,
          0.0,
          1.0
        ]
      ]
    },
    {
      "file_path": "/media/NFS/ttao/scannet/posed_images/scene0238_01/00110.jpg",
      "transform_matrix": [
        [
          0.951154,
          -0.164839,
          0.261024,
          2.468819
        ],
        [
          -0.307787,
          -0.44082,
          0.843175,
          1.718901
        ],
        [
          -0.023923,
          -0.88233,
          -0.470023,
          1.506048
        ],
        [
          0.0,
          0.0,
          0.0,
          1.0
        ]
      ]
    },
    {
      "file_path": "/media/NFS/ttao/scannet/posed_images/scene0238_01/00111.jpg",
      "transform_matrix": [
        [
          0.94734,
          -0.176017,
          0.267515,
          2.466074
        ],
        [
          -0.319382,
          -0.458639,
          0.829244,
          1.718607
        ],
        [
          -0.023268,
          -0.871016,
          -0.490704,
          1.490582
        ],
        [
          0.0,
          0.0,
          0.0,
          1.0
        ]
      ]
    },
    {
      "file_path": "/media/NFS/ttao/scannet/posed_images/scene0238_01/00114.jpg",
      "transform_matrix": [
        [
          0.938233,
          -0.213208,
          0.272506,
          2.467196
        ],
        [
          -0.344652,
          -0.506388,
          0.790434,
          1.715787
        ],
        [
          -0.030533,
          -0.835532,
          -0.548593,
          1.451668
        ],
        [
          0.0,
          0.0,
          0.0,
          1.0
        ]
      ]
    },
    {
      "file_path": "/media/NFS/ttao/scannet/posed_images/scene0238_01/00115.jpg",
      "transform_matrix": [
        [
          0.935115,
          -0.224678,
          0.274007,
          2.464909
        ],
        [
          -0.35286,
          -0.519753,
          0.77804,
          1.714384
        ],
        [
          -0.032393,
          -0.824243,
          -0.565308,
          1.438615
        ],
        [
          0.0,
          0.0,
          0.0,
          1.0
        ]
      ]
    },
    {
      "file_path": "/media/NFS/ttao/scannet/posed_images/scene0238_01/00118.jpg",
      "transform_matrix": [
        [
          0.918256,
          -0.272054,
          0.287734,
          2.472071
        ],
        [
          -0.394265,
          -0.560454,
          0.728317,
          1.711308
        ],
        [
          -0.03688,
          -0.782226,
          -0.621902,
          1.402871
        ],
        [
          0.0,
          0.0,
          0.0,
          1.0
        ]
      ]
    },
    {
      "file_path": "/media/NFS/ttao/scannet/posed_images/scene0238_01/00119.jpg",
      "transform_matrix": [
        [
          0.913461,
          -0.279599,
          0.295657,
          2.476607
        ],
        [
          -0.40585,
          -0.573193,
          0.711853,
          1.709994
        ],
        [
          -0.029565,
          -0.770243,
          -0.637065,
          1.394268
        ],
        [
          0.0,
          0.0,
          0.0,
          1.0
        ]
      ]
    },
    {
      "file_path": "/media/NFS/ttao/scannet/posed_images/scene0238_01/00121.jpg",
      "transform_matrix": [
        [
          0.898865,
          -0.298319,
          0.321009,
          2.480677
        ],
        [
          -0.438014,
          -0.588916,
          0.679207,
          1.70569
        ],
        [
          -0.013573,
          -0.751122,
          -0.660024,
          1.373387
        ],
        [
          0.0,
          0.0,
          0.0,
          1.0
        ]
      ]
    },
    {
      "file_path": "/media/NFS/ttao/scannet/posed_images/scene0238_01/00124.jpg",
      "transform_matrix": [
        [
          0.859423,
          -0.336885,
          0.384578,
          2.495465
        ],
        [
          -0.511195,
          -0.578676,
          0.635463,
          1.707592
        ],
        [
          0.008468,
          -0.742726,
          -0.669542,
          1.357946
        ],
        [
          0.0,
          0.0,
          0.0,
          1.0
        ]
      ]
    },
    {
      "file_path": "/media/NFS/ttao/scannet/posed_images/scene0238_01/00126.jpg",
      "transform_matrix": [
        [
          0.82541,
          -0.368797,
          0.427418,
          2.514286
        ],
        [
          -0.564489,
          -0.54863,
          0.616731,
          1.706659
        ],
        [
          0.007046,
          -0.750329,
          -0.661027,
          1.354849
        ],
        [
          0.0,
          0.0,
          0.0,
          1.0
        ]
      ]
    },
    {
      "file_path": "/media/NFS/ttao/scannet/posed_images/scene0238_01/00127.jpg",
      "transform_matrix": [
        [
          0.807841,
          -0.383681,
          0.447416,
          2.525951
        ],
        [
          -0.589389,
          -0.530446,
          0.609301,
          1.708203
        ],
        [
          0.003553,
          -0.755921,
          -0.654653,
          1.358795
        ],
        [
          0.0,
          0.0,
          0.0,
          1.0
        ]
      ]
    },
    {
      "file_path": "/media/NFS/ttao/scannet/posed_images/scene0238_01/00130.jpg",
      "transform_matrix": [
        [
          0.747199,
          -0.406398,
          0.525865,
          2.579264
        ],
        [
          -0.664407,
          -0.475848,
          0.576308,
          1.708919
        ],
        [
          0.016021,
          -0.780006,
          -0.625568,
          1.373167
        ],
        [
          0.0,
          0.0,
          0.0,
          1.0
        ]
      ]
    },
    {
      "file_path": "/media/NFS/ttao/scannet/posed_images/scene0238_01/00132.jpg",
      "transform_matrix": [
        [
          0.697384,
          -0.417057,
          0.582854,
          2.604308
        ],
        [
          -0.716483,
          -0.425567,
          0.55276,
          1.714852
        ],
        [
          0.017511,
          -0.803092,
          -0.595598,
          1.393996
        ],
        [
          0.0,
          0.0,
          0.0,
          1.0
        ]
      ]
    },
    {
      "file_path": "/media/NFS/ttao/scannet/posed_images/scene0238_01/00133.jpg",
      "transform_matrix": [
        [
          0.674228,
          -0.416169,
          0.610098,
          2.616924
        ],
        [
          -0.738346,
          -0.397916,
          0.544525,
          1.719138
        ],
        [
          0.016153,
          -0.817598,
          -0.575563,
          1.404135
        ],
        [
          0.0,
          0.0,
          0.0,
          1.0
        ]
      ]
    },
    {
      "file_path": "/media/NFS/ttao/scannet/posed_images/scene0238_01/00136.jpg",
      "transform_matrix": [
        [
          0.596843,
          -0.405867,
          0.692135,
          2.649416
        ],
        [
          -0.802139,
          -0.321961,
          0.502904,
          1.731017
        ],
        [
          0.018729,
          -0.855344,
          -0.517722,
          1.437118
        ],
        [
          0.0,
          0.0,
          0.0,
          1.0
        ]
      ]
    },
    {
      "file_path": "/media/NFS/ttao/scannet/posed_images/scene0238_01/00137.jpg",
      "transform_matrix": [
        [
          0.568932,
          -0.396339,
          0.720577,
          2.661601
        ],
        [
          -0.822182,
          -0.293564,
          0.487685,
          1.732985
        ],
        [
          0.018247,
          -0.869905,
          -0.492881,
          1.448137
        ],
        [
          0.0,
          0.0,
          0.0,
          1.0
        ]
      ]
    },
    {
      "file_path": "/media/NFS/ttao/scannet/posed_images/scene0238_01/00139.jpg",
      "transform_matrix": [
        [
          0.511334,
          -0.375304,
          0.7731,
          2.684909
        ],
        [
          -0.859329,
          -0.233297,
          0.455112,
          1.733886
        ],
        [
          0.009557,
          -0.897062,
          -0.441802,
          1.481467
        ],
        [
          0.0,
          0.0,
          0.0,
          1.0
        ]
      ]
    },
    {
      "file_path": "/media/NFS/ttao/scannet/posed_images/scene0238_01/00141.jpg",
      "transform_matrix": [
        [
          0.475881,
          -0.335565,
          0.812978,
          2.739601
        ],
        [
          -0.879317,
          -0.200895,
          0.431792,
          1.704916
        ],
        [
          0.018429,
          -0.920346,
          -0.39067,
          1.524858
        ],
        [
          0.0,
          0.0,
          0.0,
          1.0
        ]
      ]
    },
    {
      "file_path": "/media/NFS/ttao/scannet/posed_images/scene0238_01/00145.jpg",
      "transform_matrix": [
        [
          0.337244,
          -0.289718,
          0.895729,
          2.776636
        ],
        [
          -0.940856,
          -0.136575,
          0.31006,
          1.712384
        ],
        [
          0.032504,
          -0.947317,
          -0.318642,
          1.572433
        ],
        [
          0.0,
          0.0,
          0.0,
          1.0
        ]
      ]
    },
    {
      "file_path": "/media/NFS/ttao/scannet/posed_images/scene0238_01/00146.jpg",
      "transform_matrix": [
        [
          0.305632,
          -0.275344,
          0.911468,
          2.78313
        ],
        [
          -0.95139,
          -0.126545,
          0.280791,
          1.718418
        ],
        [
          0.038028,
          -0.95298,
          -0.300636,
          1.583576
        ],
        [
          0.0,
          0.0,
          0.0,
          1.0
        ]
      ]
    },
    {
      "file_path": "/media/NFS/ttao/scannet/posed_images/scene0238_01/00148.jpg",
      "transform_matrix": [
        [
          0.23698,
          -0.248166,
          0.939284,
          2.797998
        ],
        [
          -0.970012,
          -0.114201,
          0.214559,
          1.726733
        ],
        [
          0.054021,
          -0.961962,
          -0.267787,
          1.596918
        ],
        [
          0.0,
          0.0,
          0.0,
          1.0
        ]
      ]
    },
    {
      "file_path": "/media/NFS/ttao/scannet/posed_images/scene0238_01/00151.jpg",
      "transform_matrix": [
        [
          0.209369,
          -0.197943,
          0.957592,
          2.833211
        ],
        [
          -0.974853,
          -0.118696,
          0.188607,
          1.618965
        ],
        [
          0.076329,
          -0.973,
          -0.217816,
          1.613882
        ],
        [
          0.0,
          0.0,
          0.0,
          1.0
        ]
      ]
    },
    {
      "file_path": "/media/NFS/ttao/scannet/posed_images/scene0238_01/00153.jpg",
      "transform_matrix": [
        [
          0.128949,
          -0.188793,
          0.973514,
          2.846609
        ],
        [
          -0.988129,
          -0.107126,
          0.11011,
          1.626443
        ],
        [
          0.083501,
          -0.976156,
          -0.200366,
          1.627503
        ],
        [
          0.0,
          0.0,
          0.0,
          1.0
        ]
      ]
    },
    {
      "file_path": "/media/NFS/ttao/scannet/posed_images/scene0238_01/00154.jpg",
      "transform_matrix": [
        [
          0.090118,
          -0.186335,
          0.978344,
          2.852417
        ],
        [
          -0.992038,
          -0.103565,
          0.071655,
          1.629255
        ],
        [
          0.08797,
          -0.977013,
          -0.194185,
          1.634019
        ],
        [
          0.0,
          0.0,
          0.0,
          1.0
        ]
      ]
    },
    {
      "file_path": "/media/NFS/ttao/scannet/posed_images/scene0238_01/00157.jpg",
      "transform_matrix": [
        [
          -0.03638,
          -0.171199,
          0.984565,
          2.869398
        ],
        [
          -0.99388,
          -0.096627,
          -0.053526,
          1.651606
        ],
        [
          0.104299,
          -0.980487,
          -0.166636,
          1.650917
        ],
        [
          0.0,
          0.0,
          0.0,
          1.0
        ]
      ]
    },
    {
      "file_path": "/media/NFS/ttao/scannet/posed_images/scene0238_01/00159.jpg",
      "transform_matrix": [
        [
          -0.122146,
          -0.165053,
          0.978692,
          2.879556
        ],
        [
          -0.987272,
          -0.080991,
          -0.136875,
          1.661311
        ],
        [
          0.101856,
          -0.982954,
          -0.153059,
