{
  "frames": [
    {
      "file_path": "/media/NFS/ttao/scannet/posed_images/scene0583_00/00000.jpg",
      "transform_matrix": [
        [
          0.187211,
          0.416509,
          -0.889647,
          3.203183
        ],
        [
          0.981855,
          -0.051484,
          0.182512,
          2.057615
        ],
        [
          0.030215,
          -0.907673,
          -0.41859,
          2.482783
        ],
        [
          0.0,
          0.0,
          0.0,
          1.0
        ]
      ]
    },
    {
      "file_path": "/media/NFS/ttao/scannet/posed_images/scene0583_00/00008.jpg",
      "transform_matrix": [
        [
          0.187894,
          0.415955,
          -0.889763,
          3.204313
        ],
        [
          0.981656,
          -0.049671,
          0.184079,
          2.058886
        ],
        [
          0.032374,
          -0.908028,
          -0.417657,
          2.484365
        ],
        [
          0.0,
          0.0,
          0.0,
          1.0
        ]
      ]
    },
    {
      "file_path": "/media/NFS/ttao/scannet/posed_images/scene0583_00/00012.jpg",
      "transform_matrix": [
        [
          0.189669,
          0.419811,
          -0.887573,
          3.201037
        ],
        [
          0.981351,
          -0.052302,
          0.18497,
          2.060684
        ],
        [
          0.031231,
          -0.906104,
          -0.421902,
          2.494445
        ],
        [
          0.0,
          0.0,
          0.0,
          1.0
        ]
      ]
    },
    {
      "file_path": "/media/NFS/ttao/scannet/posed_images/scene0583_00/00024.jpg",
      "transform_matrix": [
        [
          0.191526,
          0.378042,
          -0.905761,
          3.208275
        ],
        [
          0.980632,
          -0.035176,
          0.192676,
          2.06179
        ],
        [
          0.040978,
          -0.92512,
          -0.377457,
          2.51368
        ],
        [
          0.0,
          0.0,
          0.0,
          1.0
        ]
      ]
    },
    {
      "file_path": "/media/NFS/ttao/scannet/posed_images/scene0583_00/00026.jpg",
      "transform_matrix": [
        [
          0.191742,
          0.37175,
          -0.908315,
          3.208428
        ],
        [
          0.980482,
          -0.031564,
          0.194058,
          2.060781
        ],
        [
          0.043471,
          -0.927796,
          -0.370547,
          2.517884
        ],
        [
          0.0,
          0.0,
          0.0,
          1.0
        ]
      ]
    },
    {
      "file_path": "/media/NFS/ttao/scannet/posed_images/scene0583_00/00032.jpg",
      "transform_matrix": [
        [
          0.191977,
          0.314752,
          -0.929557,
          3.215015
        ],
        [
          0.980685,
          -0.025393,
          0.193938,
          2.06581
        ],
        [
          0.037438,
          -0.948834,
          -0.313547,
          2.547182
        ],
        [
          0.0,
          0.0,
          0.0,
          1.0
        ]
      ]
    },
    {
      "file_path": "/media/NFS/ttao/scannet/posed_images/scene0583_00/00043.jpg",
      "transform_matrix": [
        [
          0.22883,
          0.21144,
          -0.950226,
          3.231351
        ],
        [
          0.971957,
          0.004719,
          0.235113,
          2.067819
        ],
        [
          0.054197,
          -0.97738,
          -0.20443,
          2.576256
        ],
        [
          0.0,
          0.0,
          0.0,
          1.0
        ]
      ]
    },
    {
      "file_path": "/media/NFS/ttao/scannet/posed_images/scene0583_00/00045.jpg",
      "transform_matrix": [
        [
          0.242933,
          0.205711,
          -0.94798,
          3.229453
        ],
        [
          0.968019,
          0.011679,
          0.250603,
          2.068789
        ],
        [
          0.062624,
          -0.978543,
          -0.196295,
          2.583323
        ],
        [
          0.0,
          0.0,
          0.0,
          1.0
        ]
      ]
    },
    {
      "file_path": "/media/NFS/ttao/scannet/posed_images/scene0583_00/00055.jpg",
      "transform_matrix": [
        [
          0.31046,
          0.158837,
          -0.937222,
          3.224261
        ],
        [
          0.947233,
          0.031051,
          0.319039,
          2.075426
        ],
        [
          0.079777,
          -0.986816,
          -0.140816,
          2.607061
        ],
        [
          0.0,
          0.0,
          0.0,
          1.0
        ]
      ]
    },
    {
      "file_path": "/media/NFS/ttao/scannet/posed_images/scene0583_00/00063.jpg",
      "transform_matrix": [
        [
          0.33829,
          0.119671,
          -0.933402,
          3.210173
        ],
        [
          0.937279,
          0.045772,
          0.345563,
          2.078062
        ],
        [
          0.084078,
          -0.991758,
          -0.09668,
          2.621364
        ],
        [
          0.0,
          0.0,
          0.0,
          1.0
        ]
      ]
    },
    {
      "file_path": "/media/NFS/ttao/scannet/posed_images/scene0583_00/00067.jpg",
      "transform_matrix": [
        [
          0.348821,
          0.092465,
          -0.932617,
          3.202844
        ],
        [
          0.933107,
          0.058521,
          0.354806,
          2.076861
        ],
        [
          0.087384,
          -0.993995,
          -0.065866,
          2.630911
        ],
        [
          0.0,
          0.0,
          0.0,
          1.0
        ]
      ]
    },
    {
      "file_path": "/media/NFS/ttao/scannet/posed_images/scene0583_00/00075.jpg",
      "transform_matrix": [
        [
          0.351155,
          0.065584,
          -0.934018,
          3.202069
        ],
        [
          0.932341,
          0.06735,
          0.355254,
          2.074761
        ],
        [
          0.086205,
          -0.995571,
          -0.037496,
          2.644681
        ],
        [
          0.0,
          0.0,
          0.0,
          1.0
        ]
      ]
    },
    {
      "file_path": "/media/NFS/ttao/scannet/posed_images/scene0583_00/00083.jpg",
      "transform_matrix": [
        [
          0.352773,
          0.085626,
          -0.931783,
          3.199646
        ],
        [
          0.931255,
          0.064924,
          0.358539,
          2.074147
        ],
        [
          0.091195,
          -0.99421,
          -0.056836,
          2.635031
        ],
        [
          0.0,
          0.0,
          0.0,
          1.0
        ]
      ]
    },
    {
      "file_path": "/media/NFS/ttao/scannet/posed_images/scene0583_00/00085.jpg",
      "transform_matrix": [
        [
          0.350835,
          0.082568,
          -0.93279,
          3.20161
        ],
        [
          0.931883,
          0.067345,
          0.356454,
          2.073745
        ],
        [
          0.09225,
          -0.994307,
          -0.053317,
          2.634536
        ],
        [
          0.0,
          0.0,
          0.0,
          1.0
        ]
      ]
    },
    {
      "file_path": "/media/NFS/ttao/scannet/posed_images/scene0583_00/00093.jpg",
      "transform_matrix": [
        [
          0.349506,
          0.121526,
          -0.929019,
          3.200107
        ],
        [
          0.932801,
          0.047898,
          0.357194,
          2.072356
        ],
        [
          0.087906,
          -0.991432,
          -0.096619,
          2.623028
        ],
        [
          0.0,
          0.0,
          0.0,
          1.0
        ]
      ]
    },
    {
      "file_path": "/media/NFS/ttao/scannet/posed_images/scene0583_00/00101.jpg",
      "transform_matrix": [
        [
          0.344336,
          0.154108,
          -0.926112,
          3.204127
        ],
        [
          0.935031,
          0.032546,
          0.353068,
          2.072308
        ],
        [
          0.084551,
          -0.987518,
          -0.132889,
          2.614935
        ],
        [
          0.0,
          0.0,
          0.0,
          1.0
        ]
      ]
    },
    {
      "file_path": "/media/NFS/ttao/scannet/posed_images/scene0583_00/00105.jpg",
      "transform_matrix": [
        [
          0.343012,
          0.135808,
          -0.929462,
          3.211489
        ],
        [
          0.935767,
          0.036714,
          0.350704,
          2.072107
        ],
        [
          0.081752,
          -0.990055,
          -0.114491,
          2.61929
        ],
        [
          0.0,
          0.0,
          0.0,
          1.0
        ]
      ]
    },
    {
      "file_path": "/media/NFS/ttao/scannet/posed_images/scene0583_00/00115.jpg",
      "transform_matrix": [
        [
          0.338956,
          0.041078,
          -0.939905,
          3.240566
        ],
        [
          0.938736,
          0.051412,
          0.340781,
          2.081178
        ],
        [
          0.062321,
          -0.997832,
          -0.021135,
          2.644654
        ],
        [
          0.0,
          0.0,
          0.0,
          1.0
        ]
      ]
    },
    {
      "file_path": "/media/NFS/ttao/scannet/posed_images/scene0583_00/00117.jpg",
      "transform_matrix": [
        [
          0.33665,
          0.03051,
          -0.941135,
          3.241846
        ],
        [
          0.93979,
          0.051556,
          0.33784,
          2.083176
        ],
        [
          0.058828,
          -0.998204,
          -0.011316,
          2.649519
        ],
        [
          0.0,
          0.0,
          0.0,
          1.0
        ]
      ]
    },
    {
      "file_path": "/media/NFS/ttao/scannet/posed_images/scene0583_00/00127.jpg",
      "transform_matrix": [
        [
          0.306044,
          -0.040128,
          -0.951171,
          3.252468
        ],
        [
          0.950317,
          0.072559,
          0.302708,
          2.089557
        ],
        [
          0.056869,
          -0.996556,
          0.060341,
          2.673685
        ],
        [
          0.0,
          0.0,
          0.0,
          1.0
        ]
      ]
    },
    {
      "file_path": "/media/NFS/ttao/scannet/posed_images/scene0583_00/00134.jpg",
      "transform_matrix": [
        [
          0.279202,
          -0.071928,
          -0.957535,
          3.252277
        ],
        [
          0.958344,
          0.083391,
          0.273173,
          2.092087
        ],
        [
          0.060201,
          -0.993918,
          0.092215,
          2.688102
        ],
        [
          0.0,
          0.0,
          0.0,
          1.0
        ]
      ]
    },
    {
      "file_path": "/media/NFS/ttao/scannet/posed_images/scene0583_00/00136.jpg",
      "transform_matrix": [
        [
          0.269887,
          -0.074461,
          -0.960009,
          3.246997
        ],
        [
          0.960747,
          0.087347,
          0.263319,
          2.092897
        ],
        [
          0.064247,
          -0.993391,
          0.095112,
          2.69009
        ],
        [
          0.0,
          0.0,
          0.0,
          1.0
        ]
      ]
    },
    {
      "file_path": "/media/NFS/ttao/scannet/posed_images/scene0583_00/00148.jpg",
      "transform_matrix": [
        [
          0.18342,
          -0.100911,
          -0.977842,
          3.230726
        ],
        [
          0.979558,
          0.102347,
          0.17318,
          2.097075
        ],
        [
          0.082604,
          -0.989617,
          0.117621,
          2.710033
        ],
        [
          0.0,
          0.0,
          0.0,
          1.0
        ]
      ]
    },
    {
      "file_path": "/media/NFS/ttao/scannet/posed_images/scene0583_00/00152.jpg",
      "transform_matrix": [
        [
          0.158425,
          -0.105786,
          -0.981688,
          3.224363
        ],
        [
          0.983402,
          0.105965,
          0.147283,
          2.10596
        ],
        [
          0.088444,
          -0.988727,
          0.120818,
          2.708077
        ],
        [
          0.0,
          0.0,
          0.0,
          1.0
        ]
      ]
    },
    {
      "file_path": "/media/NFS/ttao/scannet/posed_images/scene0583_00/00162.jpg",
      "transform_matrix": [
        [
          0.119313,
          -0.121329,
          -0.985416,
          3.204403
        ],
        [
          0.988449,
          0.107936,
          0.106391,
          2.111477
        ],
        [
          0.093453,
          -0.986726,
          0.132806,
          2.70428
        ],
        [
          0.0,
          0.0,
          0.0,
          1.0
        ]
      ]
    },
    {
      "file_path": "/media/NFS/ttao/scannet/posed_images/scene0583_00/00166.jpg",
      "transform_matrix": [
        [
          0.090988,
          -0.108322,
          -0.989943,
          3.193631
        ],
        [
          0.992305,
          0.093685,
          0.080953,
          2.114356
        ],
        [
          0.083974,
          -0.989691,
          0.116013,
          2.707691
        ],
        [
          0.0,
          0.0,
          0.0,
          1.0
        ]
      ]
    },
    {
      "file_path": "/media/NFS/ttao/scannet/posed_images/scene0583_00/00170.jpg",
      "transform_matrix": [
        [
          0.069049,
          -0.098849,
          -0.992704,
          3.174215
        ],
        [
          0.994395,
          0.08669,
          0.060535,
          2.121078
        ],
        [
          0.080074,
          -0.991319,
          0.104281,
          2.703658
        ],
        [
          0.0,
          0.0,
          0.0,
          1.0
        ]
      ]
    },
    {
      "file_path": "/media/NFS/ttao/scannet/posed_images/scene0583_00/00176.jpg",
      "transform_matrix": [
        [
          0.054424,
          -0.082307,
          -0.99512,
          3.12688
        ],
        [
          0.995945,
          0.07598,
          0.048185,
          2.125528
        ],
        [
          0.071643,
          -0.993706,
          0.086109,
          2.70013
        ],
        [
          0.0,
          0.0,
          0.0,
          1.0
        ]
      ]
    },
    {
      "file_path": "/media/NFS/ttao/scannet/posed_images/scene0583_00/00188.jpg",
      "transform_matrix": [
        [
          0.058515,
          -0.220938,
          -0.973531,
          3.049958
        ],
        [
          0.995313,
          0.088131,
          0.039823,
          2.119025
        ],
        [
          0.077,
          -0.971298,
          0.225059,
          2.752082
        ],
        [
          0.0,
          0.0,
          0.0,
          1.0
        ]
      ]
    },
    {
      "file_path": "/media/NFS/ttao/scannet/posed_images/scene0583_00/00194.jpg",
      "transform_matrix": [
        [
          0.038034,
          -0.277922,
          -0.95985,
          3.029206
        ],
        [
          0.996639,
          0.080296,
          0.016243,
          2.127701
        ],
        [
          0.072558,
          -0.957242,
          0.280042,
          2.770846
        ],
        [
          0.0,
          0.0,
          0.0,
          1.0
        ]
      ]
    },
    {
      "file_path": "/media/NFS/ttao/scannet/posed_images/scene0583_00/00200.jpg",
      "transform_matrix": [
        [
          0.014446,
          -0.292971,
          -0.956012,
          3.025675
        ],
        [
          0.997106,
          0.075587,
          -0.008097,
          2.150715
        ],
        [
          0.074635,
          -0.953129,
          0.293215,
          2.790706
        ],
        [
          0.0,
          0.0,
          0.0,
          1.0
        ]
      ]
    },
    {
      "file_path": "/media/NFS/ttao/scannet/posed_images/scene0583_00/00204.jpg",
      "transform_matrix": [
        [
          -0.028882,
          -0.283032,
          -0.958676,
          3.02545
        ],
        [
          0.995376,
          0.079751,
          -0.053533,
          2.179508
        ],
        [
          0.091606,
          -0.955789,
          0.27942,
          2.796102
        ],
        [
          0.0,
          0.0,
          0.0,
          1.0
        ]
      ]
    },
    {
      "file_path": "/media/NFS/ttao/scannet/posed_images/scene0583_00/00210.jpg",
      "transform_matrix": [
        [
          -0.11793,
          -0.211333,
          -0.970274,
          3.016719
        ],
        [
          0.983278,
          0.111694,
          -0.143839,
          2.215498
        ],
        [
          0.138772,
          -0.971011,
          0.194627,
          2.802172
        ],
        [
          0.0,
          0.0,
          0.0,
          1.0
        ]
      ]
    },
    {
      "file_path": "/media/NFS/ttao/scannet/posed_images/scene0583_00/00217.jpg",
      "transform_matrix": [
        [
          -0.207851,
          -0.103155,
          -0.972706,
          3.007821
        ],
        [
          0.966741,
          0.129844,
          -0.220346,
          2.268784
        ],
        [
          0.14903,
          -0.986154,
          0.072736,
          2.775324
        ],
        [
          0.0,
          0.0,
          0.0,
          1.0
        ]
      ]
    },
    {
      "file_path": "/media/NFS/ttao/scannet/posed_images/scene0583_00/00227.jpg",
      "transform_matrix": [
        [
          -0.324384,
          0.049371,
          -0.944636,
          3.020879
        ],
        [
          0.939703,
          0.131179,
          -0.315834,
          2.318648
        ],
        [
          0.108323,
          -0.990128,
          -0.088946,
          2.688955
        ],
        [
          0.0,
          0.0,
          0.0,
          1.0
        ]
      ]
    },
    {
      "file_path": "/media/NFS/ttao/scannet/posed_images/scene0583_00/00233.jpg",
      "transform_matrix": [
        [
          -0.352078,
          0.099402,
          -0.930677,
          3.061242
        ],
        [
          0.930656,
          0.142993,
          -0.336798,
          2.338648
        ],
        [
          0.099602,
          -0.984719,
          -0.142854,
          2.653995
        ],
        [
          0.0,
          0.0,
          0.0,
          1.0
        ]
      ]
    },
    {
      "file_path": "/media/NFS/ttao/scannet/posed_images/scene0583_00/00235.jpg",
      "transform_matrix": [
        [
          -0.352574,
          0.111569,
          -0.929109,
          3.075444
        ],
        [
          0.930231,
          0.14979,
          -0.335013,
          2.338342
        ],
        [
          0.101795,
          -0.982403,
          -0.156597,
          2.647074
        ],
        [
          0.0,
          0.0,
          0.0,
          1.0
        ]
      ]
    },
    {
      "file_path": "/media/NFS/ttao/scannet/posed_images/scene0583_00/00243.jpg",
      "transform_matrix": [
        [
          -0.337685,
          0.184102,
          -0.923079,
          3.183836
        ],
        [
          0.937897,
          0.14863,
          -0.313463,
          2.340902
        ],
        [
          0.079488,
          -0.971605,
          -0.222858,
          2.589757
        ],
        [
          0.0,
          0.0,
          0.0,
          1.0
        ]
      ]
    },
    {
      "file_path": "/media/NFS/ttao/scannet/posed_images/scene0583_00/00249.jpg",
      "transform_matrix": [
        [
          -0.336865,
          0.27506,
          -0.90048,
          3.250306
        ],
        [
          0.938942,
          0.169316,
          -0.299534,
          2.355497
        ],
        [
          0.070076,
          -0.946401,
          -0.315301,
          2.564749
        ],
        [
          0.0,
          0.0,
          0.0,
          1.0
        ]
      ]
    },
    {
      "file_path": "/media/NFS/ttao/scannet/posed_images/scene0583_00/00255.jpg",
      "transform_matrix": [
        [
          -0.348034,
          0.333483,
          -0.876163,
          3.298615
        ],
        [
          0.934134,
          0.202275,
          -0.294073,
          2.371892
        ],
        [
          0.079157,
          -0.920801,
          -0.381916,
          2.521727
        ],
        [
          0.0,
          0.0,
          0.0,
          1.0
        ]
      ]
    },
    {
      "file_path": "/media/NFS/ttao/scannet/posed_images/scene0583_00/00267.jpg",
      "transform_matrix": [
        [
          -0.432548,
          0.40451,
          -0.805775,
          3.348498
        ],
        [
          0.897163,
          0.281768,
          -0.340155,
          2.427473
        ],
        [
          0.089445,
          -0.870045,
          -0.48479,
          2.457954
        ],
        [
          0.0,
          0.0,
          0.0,
          1.0
        ]
      ]
    },
    {
      "file_path": "/media/NFS/ttao/scannet/posed_images/scene0583_00/00269.jpg",
      "transform_matrix": [
        [
          -0.436923,
          0.416363,
          -0.797333,
          3.352536
        ],
        [
          0.894881,
          0.290913,
          -0.338464,
          2.436537
        ],
        [
          0.091031,
          -0.861401,
          -0.499702,
          2.448867
        ],
        [
          0.0,
          0.0,
          0.0,
          1.0
        ]
      ]
    },
    {
      "file_path": "/media/NFS/ttao/scannet/posed_images/scene0583_00/00275.jpg",
      "transform_matrix": [
        [
          -0.442217,
          0.463225,
          -0.768027,
          3.361399
        ],
        [
          0.891992,
          0.316673,
          -0.322596,
          2.451405
        ],
        [
          0.093779,
          -0.827732,
          -0.553231,
          2.422691
        ],
        [
          0.0,
          0.0,
          0.0,
          1.0
        ]
      ]
    },
    {
      "file_path": "/media/NFS/ttao/scannet/posed_images/scene0583_00/00285.jpg",
      "transform_matrix": [
        [
          -0.424361,
          0.534653,
          -0.730797,
          3.360024
        ],
        [
          0.900554,
          0.333385,
          -0.27903,
          2.460254
        ],
        [
          0.094453,
          -0.776531,
          -0.622959,
          2.389783
        ],
        [
          0.0,
          0.0,
          0.0,
          1.0
        ]
      ]
    },
    {
      "file_path": "/media/NFS/ttao/scannet/posed_images/scene0583_00/00293.jpg",
      "transform_matrix": [
        [
          -0.407733,
          0.576224,
          -0.708322,
          3.352466
        ],
        [
          0.907644,
          0.340448,
          -0.245514,
          2.460987
        ],
        [
          0.099676,
          -0.743008,
          -0.661818,
          2.370935
        ],
        [
          0.0,
          0.0,
          0.0,
          1.0
        ]
      ]
    },
    {
      "file_path": "/media/NFS/ttao/scannet/posed_images/scene0583_00/00301.jpg",
      "transform_matrix": [
        [
          -0.382856,
          0.606703,
          -0.696658,
          3.335282
        ],
        [
          0.920111,
          0.317828,
          -0.228868,
          2.440537
        ],
        [
          0.082562,
          -0.728627,
          -0.679916,
          2.367208
        ],
        [
          0.0,
          0.0,
          0.0,
          1.0
        ]
      ]
    },
    {
      "file_path": "/media/NFS/ttao/scannet/posed_images/scene0583_00/00302.jpg",
      "transform_matrix": [
        [
          -0.381584,
          0.609055,
          -0.695302,
          3.331607
        ],
        [
          0.920916,
          0.315129,
          -0.229362,
          2.435899
        ],
        [
          0.079415,
          -0.727836,
          -0.681137,
          2.368306
        ],
        [
          0.0,
          0.0,
          0.0,
          1.0
        ]
      ]
    },
    {
      "file_path": "/media/NFS/ttao/scannet/posed_images/scene0583_00/00312.jpg",
      "transform_matrix": [
        [
          -0.33139,
          0.587791,
          -0.738026,
          3.287277
        ],
        [
          0.942405,
          0.243792,
          -0.228996,
          2.371469
        ],
        [
          0.045322,
          -0.771406,
          -0.634727,
          2.391893
        ],
        [
          0.0,
          0.0,
          0.0,
          1.0
        ]
      ]
    },
    {
      "file_path": "/media/NFS/ttao/scannet/posed_images/scene0583_00/00318.jpg",
      "transform_matrix": [
        [
          -0.255872,
          0.574819,
          -0.777247,
          3.252638
        ],
        [
          0.966531,
          0.167639,
          -0.194206,
          2.331675
        ],
        [
          0.018663,
          -0.800924,
          -0.598474,
          2.405019
        ],
        [
          0.0,
          0.0,
          0.0,
          1.0
        ]
      ]
    },
    {
      "file_path": "/media/NFS/ttao/scannet/posed_images/scene0583_00/00324.jpg",
      "transform_matrix": [
        [
          -0.164881,
          0.562258,
          -0.810358,
          3.21347
        ],
        [
          0.9861,
          0.111066,
          -0.123576,
          2.299854
        ],
        [
          0.020521,
          -0.81947,
          -0.572755,
          2.413894
        ],
        [
          0.0,
          0.0,
          0.0,
          1.0
        ]
      ]
    },
    {
      "file_path": "/media/NFS/ttao/scannet/posed_images/scene0583_00/00330.jpg",
      "transform_matrix": [
        [
          -0.083689,
          0.578054,
          -0.811695,
          3.164352
        ],
        [
          0.996468,
          0.054136,
          -0.064186,
          2.280723
        ],
        [
          0.006838,
          -0.8142,
          -0.580543,
          2.42097
        ],
        [
          0.0,
          0.0,
          0.0,
          1.0
        ]
      ]
    },
    {
      "file_path": "/media/NFS/ttao/scannet/posed_images/scene0583_00/00340.jpg",
      "transform_matrix": [
        [
          0.023437,
          0.566142,
          -0.823974,
          3.075096
        ],
        [
          0.999719,
          -0.010402,
          0.02129,
          2.250301
        ],
        [
          0.003482,
          -0.824242,
          -0.566227,
          2.432909
        ],
        [
          0.0,
          0.0,
          0.0,
          1.0
        ]
      ]
    },
    {
      "file_path": "/media/NFS/ttao/scannet/posed_images/scene0583_00/00346.jpg",
      "transform_matrix": [
        [
          0.088449,
          0.55416,
          -0.827698,
          3.023369
        ],
        [
          0.995946,
          -0.035528,
          0.082642,
          2.217557
        ],
        [
          0.01639,
          -0.831651,
          -0.555056,
          2.441415
        ],
        [
          0.0,
          0.0,
          0.0,
          1.0
        ]
      ]
    },
    {
      "file_path": "/media/NFS/ttao/scannet/posed_images/scene0583_00/00348.jpg",
      "transform_matrix": [
        [
          0.116256,
          0.548387,
          -0.828104,
          3.007804
        ],
        [
          0.993056,
          -0.049064,
          0.106922,
          2.203849
        ],
        [
          0.018004,
          -0.834784,
          -0.550283,
          2.437547
        ],
        [
          0.0,
          0.0,
          0.0,
          1.0
        ]
      ]
    },
    {
      "file_path": "/media/NFS/ttao/scannet/posed_images/scene0583_00/00354.jpg",
      "transform_matrix": [
        [
          0.231061,
          0.521914,
          -0.821107,
          2.955956
        ],
        [
          0.97291,
          -0.117368,
          0.199176,
          2.157924
        ],
        [
          0.007581,
          -0.844885,
          -0.534894,
          2.445207
        ],
        [
          0.0,
          0.0,
          0.0,
          1.0
        ]
      ]
    },
    {
      "file_path": "/media/NFS/ttao/scannet/posed_images/scene0583_00/00362.jpg",
      "transform_matrix": [
        [
          0.421364,
          0.468904,
          -0.776261,
          2.915005
        ],
        [
          0.906378,
          -0.246547,
          0.343065,
          2.081382
        ],
        [
          -0.030521,
          -0.848141,
          -0.52889,
          2.458025
        ],
        [
          0.0,
          0.0,
          0.0,
          1.0
        ]
      ]
    },
    {
      "file_path": "/media/NFS/ttao/scannet/posed_images/scene0583_00/00370.jpg",
      "transform_matrix": [
        [
          0.558288,
          0.456085,
          -0.693038,
          2.903364
        ],
        [
          0.827707,
          -0.363297,
          0.427688,
          2.040686
        ],
        [
          -0.056716,
          -0.812405,
          -0.580329,
          2.462577
        ],
        [
          0.0,
          0.0,
          0.0,
          1.0
        ]
      ]
    },
    {
      "file_path": "/media/NFS/ttao/scannet/posed_images/scene0583_00/00374.jpg",
      "transform_matrix": [
        [
          0.614397,
          0.424121,
          -0.665311,
          2.907164
        ],
        [
          0.787283,
          -0.385103,
          0.48154,
          2.030798
        ],
        [
          -0.051982,
          -0.819644,
          -0.570509,
          2.465089
        ],
        [
          0.0,
          0.0,
          0.0,
          1.0
        ]
      ]
    },
    {
      "file_path": "/media/NFS/ttao/scannet/posed_images/scene0583_00/00386.jpg",
      "transform_matrix": [
        [
          0.71874,
          0.374785,
          -0.585619,
          2.918153
        ],
        [
          0.694017,
          -0.437457,
          0.571814,
          2.017151
        ],
        [
          -0.041875,
          -0.817415,
          -0.574524,
          2.455407
        ],
        [
          0.0,
          0.0,
          0.0,
          1.0
        ]
      ]
    },
    {
      "file_path": "/media/NFS/ttao/scannet/posed_images/scene0583_00/00387.jpg",
      "transform_matrix": [
        [
          0.720871,
          0.368485,
          -0.586995,
          2.91858
        ],
        [
          0.691682,
          -0.436044,
          0.575709,
          2.015702
        ],
        [
          -0.043815,
          -0.821026,
          -0.569206,
          2.456486
        ],
        [
          0.0,
          0.0,
          0.0,
          1.0
        ]
      ]
    },
    {
      "file_path": "/media/NFS/ttao/scannet/posed_images/scene0583_00/00399.jpg",
      "transform_matrix": [
        [
          0.706732,
          0.287487,
          -0.646437,
          2.93105
        ],
        [
          0.706673,
          -0.330521,
          0.625595,
          2.011461
        ],
        [
          -0.033811,
          -0.898947,
          -0.436749,
          2.52166
        ],
        [
          0.0,
          0.0,
          0.0,
          1.0
        ]
      ]
    },
    {
      "file_path": "/media/NFS/ttao/scannet/posed_images/scene0583_00/00405.jpg",
      "transform_matrix": [
        [
          0.690401,
          0.23657,
          -0.683653,
          2.945353
        ],
        [
          0.722775,
          -0.265701,
          0.637965,
          2.005761
        ],
        [
          -0.030724,
          -0.934579,
          -0.354427,
          2.550212
        ],
        [
          0.0,
          0.0,
          0.0,
          1.0
        ]
      ]
    },
    {
      "file_path": "/media/NFS/ttao/scannet/posed_images/scene0583_00/00409.jpg",
      "transform_matrix": [
        [
          0.679761,
          0.204329,
          -0.704397,
          2.954829
        ],
        [
          0.732771,
          -0.230048,
          0.64041,
          2.005763
        ],
        [
          -0.031191,
          -0.951487,
          -0.306104,
          2.573822
        ],
        [
          0.0,
          0.0,
          0.0,
          1.0
        ]
      ]
    },
    {
      "file_path": "/media/NFS/ttao/scannet/posed_images/scene0583_00/00415.jpg",
      "transform_matrix": [
        [
          0.657313,
          0.177334,
          -0.732456,
          2.968465
        ],
        [
          0.753507,
          -0.171313,
          0.634727,
          1.999773
        ],
        [
          -0.012921,
          -0.969125,
          -0.246229,
          2.60131
        ],
        [
          0.0,
          0.0,
          0.0,
          1.0
        ]
      ]
    },
    {
      "file_path": "/media/NFS/ttao/scannet/posed_images/scene0583_00/00423.jpg",
      "transform_matrix": [
        [
          0.635418,
          0.128848,
          -0.761342,
          2.987629
        ],
        [
          0.772166,
          -0.103831,
          0.62688,
          1.992293
        ],
        [
          0.001722,
          -0.986214,
          -0.165468,
          2.621415
        ],
        [
          0.0,
          0.0,
          0.0,
          1.0
        ]
      ]
    },
    {
      "file_path": "/media/NFS/ttao/scannet/posed_images/scene0583_00/00431.jpg",
      "transform_matrix": [
        [
          0.628199,
          0.063018,
          -0.775496,
          3.005387
        ],
        [
          0.778052,
          -0.051838,
          0.626057,
          1.99024
        ],
        [
          -0.000748,
          -0.996665,
          -0.081596,
          2.657015
        ],
        [
          0.0,
          0.0,
          0.0,
          1.0
        ]
      ]
    },
    {
      "file_path": "/media/NFS/ttao/scannet/posed_images/scene0583_00/00437.jpg",
      "transform_matrix": [
        [
          0.62203,
          0.017292,
          -0.782802,
          3.011131
        ],
        [
          0.782941,
          -0.025362,
          0.621579,
          1.98926
        ],
        [
          -0.009105,
          -0.999529,
          -0.029314,
          2.671252
        ],
        [
          0.0,
          0.0,
          0.0,
          1.0
        ]
      ]
    },
    {
      "file_path": "/media/NFS/ttao/scannet/posed_images/scene0583_00/00441.jpg",
      "transform_matrix": [
        [
          0.626991,
          0.00152,
          -0.779025,
          3.015534
        ],
        [
          0.778992,
          -0.010674,
          0.626943,
          1.990104
        ],
        [
          -0.007363,
          -0.999942,
          -0.007877,
          2.679756
        ],
        [
          0.0,
          0.0,
          0.0,
          1.0
        ]
      ]
    },
    {
      "file_path": "/media/NFS/ttao/scannet/posed_images/scene0583_00/00449.jpg",
      "transform_matrix": [
        [
          0.645799,
          -0.035218,
          -0.762695,
          3.013201
        ],
        [
          0.763491,
          0.023255,
          0.6454,
          1.990765
        ],
        [
          -0.004994,
          -0.999109,
          0.041906,
          2.698905
        ],
        [
          0.0,
          0.0,
          0.0,
          1.0
        ]
      ]
    },
    {
      "file_path": "/media/NFS/ttao/scannet/posed_images/scene0583_00/00455.jpg",
      "transform_matrix": [
        [
          0.654955,
          -0.052696,
          -0.753828,
          3.014049
        ],
        [
          0.755665,
          0.043123,
          0.653537,
          1.987625
        ],
        [
          -0.001932,
          -0.997679,
          0.068064,
          2.713178
        ],
        [
          0.0,
          0.0,
          0.0,
          1.0
        ]
      ]
    },
    {
      "file_path": "/media/NFS/ttao/scannet/posed_images/scene0583_00/00465.jpg",
      "transform_matrix": [
        [
          0.700741,
          -0.030371,
          -0.712769,
          2.983779
        ],
        [
          0.713382,
          0.039636,
          0.699654,
          1.98068
        ],
        [
          0.007001,
          -0.998752,
          0.049441,
          2.710721
        ],
        [
          0.0,
          0.0,
          0.0,
          1.0
        ]
      ]
    },
    {
      "file_path": "/media/NFS/ttao/scannet/posed_images/scene0583_00/00471.jpg",
      "transform_matrix": [
        [
          0.732196,
          -0.000825,
          -0.681093,
          2.952704
        ],
        [
          0.680589,
          0.03938,
          0.731606,
          1.980148
        ],
        [
          0.026218,
          -0.999224,
          0.029396,
          2.711509
        ],
        [
          0.0,
          0.0,
          0.0,
          1.0
        ]
      ]
    },
    {
      "file_path": "/media/NFS/ttao/scannet/posed_images/scene0583_00/00478.jpg",
      "transform_matrix": [
        [
          0.736201,
          7.9e-05,
          -0.676764,
          2.912506
        ],
        [
          0.676014,
          0.046968,
          0.735391,
          1.990793
        ],
        [
          0.031844,
          -0.998896,
          0.034524,
          2.716194
        ],
        [
          0.0,
          0.0,
          0.0,
          1.0
        ]
      ]
    },
    {
      "file_path": "/media/NFS/ttao/scannet/posed_images/scene0583_00/00480.jpg",
      "transform_matrix": [
        [
          0.741472,
          -0.001903,
          -0.670981,
          2.899255
        ],
        [
          0.670508,
          0.039755,
          0.740837,
          1.996116
        ],
        [
          0.025265,
          -0.999208,
          0.030753,
          2.721282
        ],
        [
          0.0,
          0.0,
          0.0,
          1.0
        ]
      ]
    },
    {
      "file_path": "/media/NFS/ttao/scannet/posed_images/scene0583_00/00486.jpg",
      "transform_matrix": [
        [
          0.74245,
          -0.005241,
          -0.669882,
          2.865551
        ],
        [
          0.669794,
          0.023737,
          0.742167,
          2.014141
        ],
        [
          0.012011,
          -0.999704,
          0.021134,
          2.72892
        ],
        [
          0.0,
          0.0,
          0.0,
          1.0
        ]
      ]
    },
    {
      "file_path": "/media/NFS/ttao/scannet/posed_images/scene0583_00/00498.jpg",
      "transform_matrix": [
        [
          0.822394,
          0.042824,
          -0.567305,
          2.787042
        ],
        [
          0.567965,
          -0.004075,
          0.823043,
          2.032933
        ],
        [
          0.032934,
          -0.999074,
          -0.027674,
          2.727917
        ],
        [
          0.0,
          0.0,
          0.0,
          1.0
        ]
      ]
    },
    {
      "file_path": "/media/NFS/ttao/scannet/posed_images/scene0583_00/00504.jpg",
      "transform_matrix": [
        [
          0.847778,
          0.033226,
          -0.52931,
          2.757765
        ],
        [
          0.530122,
          -0.023724,
          0.847589,
          2.028065
        ],
        [
          0.015604,
          -0.999166,
          -0.037726,
          2.741443
        ],
        [
          0.0,
          0.0,
          0.0,
          1.0
        ]
      ]
    },
    {
      "file_path": "/media/NFS/ttao/scannet/posed_images/scene0583_00/00506.jpg",
      "transform_matrix": [
        [
          0.854149,
          0.033706,
          -0.518935,
          2.748537
        ],
        [
          0.519827,
          -0.027544,
          0.853828,
          2.025393
        ],
        [
          0.014486,
          -0.999052,
          -0.041049,
          2.742774
        ],
        [
          0.0,
          0.0,
          0.0,
