{
  "frames": [
    {
      "file_path": "/media/NFS/ttao/scannet/posed_images/scene0394_00/00000.jpg",
      "transform_matrix": [
        [
          -0.014437,
          -0.353051,
          0.935493,
          7.345106
        ],
        [
          -0.999604,
          0.027684,
          -0.004979,
          3.209276
        ],
        [
          -0.02414,
          -0.935195,
          -0.353311,
          1.431902
        ],
        [
          0.0,
          0.0,
          0.0,
          1.0
        ]
      ]
    },
    {
      "file_path": "/media/NFS/ttao/scannet/posed_images/scene0394_00/00012.jpg",
      "transform_matrix": [
        [
          -0.055902,
          -0.351284,
          0.934599,
          7.342254
        ],
        [
          -0.997873,
          0.0511,
          -0.04048,
          3.226407
        ],
        [
          -0.033538,
          -0.934873,
          -0.353394,
          1.426914
        ],
        [
          0.0,
          0.0,
          0.0,
          1.0
        ]
      ]
    },
    {
      "file_path": "/media/NFS/ttao/scannet/posed_images/scene0394_00/00029.jpg",
      "transform_matrix": [
        [
          -0.031716,
          -0.209698,
          0.977252,
          7.308646
        ],
        [
          -0.998081,
          0.058675,
          -0.019802,
          3.199629
        ],
        [
          -0.053188,
          -0.976004,
          -0.211157,
          1.497393
        ],
        [
          0.0,
          0.0,
          0.0,
          1.0
        ]
      ]
    },
    {
      "file_path": "/media/NFS/ttao/scannet/posed_images/scene0394_00/00037.jpg",
      "transform_matrix": [
        [
          -0.013835,
          -0.115265,
          0.993239,
          7.282054
        ],
        [
          -0.997415,
          0.071632,
          -0.00558,
          3.1808
        ],
        [
          -0.070504,
          -0.990749,
          -0.115958,
          1.508678
        ],
        [
          0.0,
          0.0,
          0.0,
          1.0
        ]
      ]
    },
    {
      "file_path": "/media/NFS/ttao/scannet/posed_images/scene0394_00/00054.jpg",
      "transform_matrix": [
        [
          0.079789,
          -0.001852,
          0.99681,
          7.342756
        ],
        [
          -0.995137,
          0.057796,
          0.079762,
          3.155855
        ],
        [
          -0.057759,
          -0.998327,
          0.002769,
          1.53132
        ],
        [
          0.0,
          0.0,
          0.0,
          1.0
        ]
      ]
    },
    {
      "file_path": "/media/NFS/ttao/scannet/posed_images/scene0394_00/00067.jpg",
      "transform_matrix": [
        [
          -0.024072,
          0.087275,
          0.995893,
          7.463166
        ],
        [
          -0.998645,
          0.043868,
          -0.027982,
          3.16598
        ],
        [
          -0.04613,
          -0.995218,
          0.0861,
          1.539599
        ],
        [
          0.0,
          0.0,
          0.0,
          1.0
        ]
      ]
    },
    {
      "file_path": "/media/NFS/ttao/scannet/posed_images/scene0394_00/00079.jpg",
      "transform_matrix": [
        [
          -0.068857,
          -0.058014,
          0.995938,
          7.509498
        ],
        [
          -0.997132,
          0.035421,
          -0.066876,
          3.161304
        ],
        [
          -0.031397,
          -0.997687,
          -0.060287,
          1.523231
        ],
        [
          0.0,
          0.0,
          0.0,
          1.0
        ]
      ]
    },
    {
      "file_path": "/media/NFS/ttao/scannet/posed_images/scene0394_00/00096.jpg",
      "transform_matrix": [
        [
          -0.056211,
          -0.28982,
          0.955429,
          7.50061
        ],
        [
          -0.998377,
          0.025121,
          -0.051117,
          3.124501
        ],
        [
          -0.009187,
          -0.956751,
          -0.290762,
          1.463152
        ],
        [
          0.0,
          0.0,
          0.0,
          1.0
        ]
      ]
    },
    {
      "file_path": "/media/NFS/ttao/scannet/posed_images/scene0394_00/00108.jpg",
      "transform_matrix": [
        [
          -0.034308,
          -0.428578,
          0.902853,
          7.491726
        ],
        [
          -0.999398,
          0.010059,
          -0.033201,
          3.110943
        ],
        [
          0.005148,
          -0.903449,
          -0.428665,
          1.398645
        ],
        [
          0.0,
          0.0,
          0.0,
          1.0
        ]
      ]
    },
    {
      "file_path": "/media/NFS/ttao/scannet/posed_images/scene0394_00/00129.jpg",
      "transform_matrix": [
        [
          0.090959,
          -0.488338,
          0.867901,
          7.597443
        ],
        [
          -0.995854,
          -0.045555,
          0.078737,
          3.127172
        ],
        [
          0.001087,
          -0.871464,
          -0.490457,
          1.359426
        ],
        [
          0.0,
          0.0,
          0.0,
          1.0
        ]
      ]
    },
    {
      "file_path": "/media/NFS/ttao/scannet/posed_images/scene0394_00/00137.jpg",
      "transform_matrix": [
        [
          0.068631,
          -0.514479,
          0.854752,
          7.679105
        ],
        [
          -0.997635,
          -0.038605,
          0.056867,
          3.138885
        ],
        [
          0.00374,
          -0.856633,
          -0.515912,
          1.342912
        ],
        [
          0.0,
          0.0,
          0.0,
          1.0
        ]
      ]
    },
    {
      "file_path": "/media/NFS/ttao/scannet/posed_images/scene0394_00/00158.jpg",
      "transform_matrix": [
        [
          0.174846,
          -0.484687,
          0.857034,
          7.818786
        ],
        [
          -0.979903,
          -0.170544,
          0.103463,
          3.051502
        ],
        [
          0.096015,
          -0.857901,
          -0.504765,
          1.336681
        ],
        [
          0.0,
          0.0,
          0.0,
          1.0
        ]
      ]
    },
    {
      "file_path": "/media/NFS/ttao/scannet/posed_images/scene0394_00/00162.jpg",
      "transform_matrix": [
        [
          0.207622,
          -0.491707,
          0.845646,
          7.842577
        ],
        [
          -0.971385,
          -0.20557,
          0.118963,
          3.020306
        ],
        [
          0.115345,
          -0.846147,
          -0.520318,
          1.333552
        ],
        [
          0.0,
          0.0,
          0.0,
          1.0
        ]
      ]
    },
    {
      "file_path": "/media/NFS/ttao/scannet/posed_images/scene0394_00/00187.jpg",
      "transform_matrix": [
        [
          0.734088,
          -0.255577,
          0.629122,
          7.949522
        ],
        [
          -0.66767,
          -0.440591,
          0.60008,
          3.012645
        ],
        [
          0.123819,
          -0.860558,
          -0.494074,
          1.358675
        ],
        [
          0.0,
          0.0,
          0.0,
          1.0
        ]
      ]
    },
    {
      "file_path": "/media/NFS/ttao/scannet/posed_images/scene0394_00/00200.jpg",
      "transform_matrix": [
        [
          0.912558,
          -0.094721,
          0.397826,
          8.022116
        ],
        [
          -0.391785,
          -0.481354,
          0.784093,
          3.009171
        ],
        [
          0.117225,
          -0.871393,
          -0.476374,
          1.360382
        ],
        [
          0.0,
          0.0,
          0.0,
          1.0
        ]
      ]
    },
    {
      "file_path": "/media/NFS/ttao/scannet/posed_images/scene0394_00/00212.jpg",
      "transform_matrix": [
        [
          0.983778,
          0.090031,
          0.155164,
          8.113778
        ],
        [
          -0.093475,
          -0.48098,
          0.871734,
          2.978937
        ],
        [
          0.153114,
          -0.872097,
          -0.464762,
          1.37135
        ],
        [
          0.0,
          0.0,
          0.0,
          1.0
        ]
      ]
    },
    {
      "file_path": "/media/NFS/ttao/scannet/posed_images/scene0394_00/00225.jpg",
      "transform_matrix": [
        [
          0.979768,
          0.145025,
          -0.137923,
          8.180054
        ],
        [
          0.184877,
          -0.391891,
          0.901245,
          2.969046
        ],
        [
          0.076652,
          -0.90851,
          -0.410774,
          1.418326
        ],
        [
          0.0,
          0.0,
          0.0,
          1.0
        ]
      ]
    },
    {
      "file_path": "/media/NFS/ttao/scannet/posed_images/scene0394_00/00241.jpg",
      "transform_matrix": [
        [
          0.910095,
          0.1366,
          -0.39124,
          8.249996
        ],
        [
          0.414163,
          -0.331785,
          0.847578,
          2.974277
        ],
        [
          -0.014028,
          -0.933413,
          -0.35853,
          1.477194
        ],
        [
          0.0,
          0.0,
          0.0,
          1.0
        ]
      ]
    },
    {
      "file_path": "/media/NFS/ttao/scannet/posed_images/scene0394_00/00258.jpg",
      "transform_matrix": [
        [
          0.841632,
          0.111551,
          -0.528405,
          8.262253
        ],
        [
          0.539585,
          -0.214351,
          0.814188,
          2.953385
        ],
        [
          -0.022441,
          -0.970366,
          -0.240595,
          1.518134
        ],
        [
          0.0,
          0.0,
          0.0,
          1.0
        ]
      ]
    },
    {
      "file_path": "/media/NFS/ttao/scannet/posed_images/scene0394_00/00271.jpg",
      "transform_matrix": [
        [
          0.841215,
          0.069031,
          -0.536276,
          8.262573
        ],
        [
          0.540693,
          -0.101932,
          0.835021,
          2.943314
        ],
        [
          0.002978,
          -0.992393,
          -0.123072,
          1.557666
        ],
        [
          0.0,
          0.0,
          0.0,
          1.0
        ]
      ]
    },
    {
      "file_path": "/media/NFS/ttao/scannet/posed_images/scene0394_00/00275.jpg",
      "transform_matrix": [
        [
          0.841647,
          0.053912,
          -0.53733,
          8.26449
        ],
        [
          0.540013,
          -0.076637,
          0.83816,
          2.939019
        ],
        [
          0.004007,
          -0.995601,
          -0.093614,
          1.566519
        ],
        [
          0.0,
          0.0,
          0.0,
          1.0
        ]
      ]
    },
    {
      "file_path": "/media/NFS/ttao/scannet/posed_images/scene0394_00/00287.jpg",
      "transform_matrix": [
        [
          0.838414,
          0.015703,
          -0.544809,
          8.287508
        ],
        [
          0.54491,
          -0.002773,
          0.83849,
          2.934635
        ],
        [
          0.011656,
          -0.999873,
          -0.010881,
          1.624936
        ],
        [
          0.0,
          0.0,
          0.0,
          1.0
        ]
      ]
    },
    {
      "file_path": "/media/NFS/ttao/scannet/posed_images/scene0394_00/00308.jpg",
      "transform_matrix": [
        [
          0.904261,
          0.058682,
          -0.422929,
          8.307812
        ],
        [
          0.4218,
          0.031066,
          0.906156,
          2.945552
        ],
        [
          0.066314,
          -0.997793,
          0.00334,
          1.673411
        ],
        [
          0.0,
          0.0,
          0.0,
          1.0
        ]
      ]
    },
    {
      "file_path": "/media/NFS/ttao/scannet/posed_images/scene0394_00/00325.jpg",
      "transform_matrix": [
        [
          0.984558,
          0.079442,
          -0.155995,
          8.244031
        ],
        [
          0.156215,
          0.003478,
          0.987717,
          2.955108
        ],
        [
          0.079009,
          -0.996833,
          -0.008985,
          1.619898
        ],
        [
          0.0,
          0.0,
          0.0,
          1.0
        ]
      ]
    },
    {
      "file_path": "/media/NFS/ttao/scannet/posed_images/scene0394_00/00341.jpg",
      "transform_matrix": [
        [
          0.997553,
          0.054124,
          0.044265,
          8.114886
        ],
        [
          -0.038333,
          -0.106112,
          0.993615,
          2.923104
        ],
        [
          0.058475,
          -0.99288,
          -0.103778,
          1.574717
        ],
        [
          0.0,
          0.0,
          0.0,
          1.0
        ]
      ]
    },
    {
      "file_path": "/media/NFS/ttao/scannet/posed_images/scene0394_00/00350.jpg",
      "transform_matrix": [
        [
          0.992479,
          0.066033,
          0.103077,
          8.103503
        ],
        [
          -0.086349,
          -0.219218,
          0.971847,
          2.930745
        ],
        [
          0.08677,
          -0.973439,
          -0.211867,
          1.547823
        ],
        [
          0.0,
          0.0,
          0.0,
          1.0
        ]
      ]
    },
    {
      "file_path": "/media/NFS/ttao/scannet/posed_images/scene0394_00/00358.jpg",
      "transform_matrix": [
        [
          0.987628,
          0.060505,
          0.144674,
          8.100242
        ],
        [
          -0.121632,
          -0.286749,
          0.950253,
          2.927395
        ],
        [
          0.09898,
          -0.956093,
          -0.275842,
          1.511803
        ],
        [
          0.0,
          0.0,
          0.0,
          1.0
        ]
      ]
    },
    {
      "file_path": "/media/NFS/ttao/scannet/posed_images/scene0394_00/00375.jpg",
      "transform_matrix": [
        [
          0.940391,
          0.02659,
          0.339055,
          8.126259
        ],
        [
          -0.296252,
          -0.425589,
          0.855049,
          2.911119
        ],
        [
          0.167034,
          -0.904526,
          -0.392342,
          1.435924
        ],
        [
          0.0,
          0.0,
          0.0,
          1.0
        ]
      ]
    },
    {
      "file_path": "/media/NFS/ttao/scannet/posed_images/scene0394_00/00395.jpg",
      "transform_matrix": [
        [
          0.971476,
          0.045624,
          0.232708,
          8.13713
        ],
        [
          -0.180273,
          -0.495459,
          0.849719,
          2.815965
        ],
        [
          0.154064,
          -0.867433,
          -0.473101,
          1.406735
        ],
        [
          0.0,
          0.0,
          0.0,
          1.0
        ]
      ]
    },
    {
      "file_path": "/media/NFS/ttao/scannet/posed_images/scene0394_00/00408.jpg",
      "transform_matrix": [
        [
          0.98021,
          0.193522,
          -0.041694,
          8.199881
        ],
        [
          0.129905,
          -0.46987,
          0.873124,
          2.7332
        ],
        [
          0.149379,
          -0.861261,
          -0.485711,
          1.38918
        ],
        [
          0.0,
          0.0,
          0.0,
          1.0
        ]
      ]
    },
    {
      "file_path": "/media/NFS/ttao/scannet/posed_images/scene0394_00/00420.jpg",
      "transform_matrix": [
        [
          0.946127,
          0.207477,
          -0.248591,
          8.302319
        ],
        [
          0.318178,
          -0.453328,
          0.83262,
          2.720014
        ],
        [
          0.060056,
          -0.86686,
          -0.494921,
          1.419057
        ],
        [
          0.0,
          0.0,
          0.0,
          1.0
        ]
      ]
    },
    {
      "file_path": "/media/NFS/ttao/scannet/posed_images/scene0394_00/00437.jpg",
      "transform_matrix": [
        [
          0.867119,
          0.233978,
          -0.439725,
          8.304993
        ],
        [
          0.4981,
          -0.40548,
          0.766474,
          2.795712
        ],
        [
          0.001038,
          -0.883651,
          -0.468144,
          1.411945
        ],
        [
          0.0,
          0.0,
          0.0,
          1.0
        ]
      ]
    },
    {
      "file_path": "/media/NFS/ttao/scannet/posed_images/scene0394_00/00441.jpg",
      "transform_matrix": [
        [
          0.866988,
          0.239766,
          -0.436857,
          8.285834
        ],
        [
          0.498297,
          -0.407148,
          0.765461,
          2.837968
        ],
        [
          0.005666,
          -0.88133,
          -0.472467,
          1.402721
        ],
        [
          0.0,
          0.0,
          0.0,
          1.0
        ]
      ]
    },
    {
      "file_path": "/media/NFS/ttao/scannet/posed_images/scene0394_00/00466.jpg",
      "transform_matrix": [
        [
          0.928078,
          0.199204,
          -0.314625,
          8.248991
        ],
        [
          0.371603,
          -0.440665,
          0.817144,
          3.178656
        ],
        [
          0.024134,
          -0.87529,
          -0.482997,
          1.380417
        ],
        [
          0.0,
          0.0,
          0.0,
          1.0
        ]
      ]
    },
    {
      "file_path": "/media/NFS/ttao/scannet/posed_images/scene0394_00/00474.jpg",
      "transform_matrix": [
        [
          0.911238,
          0.227922,
          -0.343069,
          8.280777
        ],
        [
          0.41081,
          -0.442944,
          0.796891,
          3.316976
        ],
        [
          0.029669,
          -0.867094,
          -0.49726,
          1.38297
        ],
        [
          0.0,
          0.0,
          0.0,
          1.0
        ]
      ]
    },
    {
      "file_path": "/media/NFS/ttao/scannet/posed_images/scene0394_00/00491.jpg",
      "transform_matrix": [
        [
          0.863733,
          0.177201,
          -0.471767,
          8.247537
        ],
        [
          0.501695,
          -0.390792,
          0.77174,
          3.582869
        ],
        [
          -0.04761,
          -0.903262,
          -0.426441,
          1.40377
        ],
        [
          0.0,
          0.0,
          0.0,
          1.0
        ]
      ]
    },
    {
      "file_path": "/media/NFS/ttao/scannet/posed_images/scene0394_00/00504.jpg",
      "transform_matrix": [
        [
          0.838241,
          0.238197,
          -0.490524,
          8.225723
        ],
        [
          0.545026,
          -0.394473,
          0.739823,
          3.736105
        ],
        [
          -0.017275,
          -0.887498,
          -0.460487,
          1.402143
        ],
        [
          0.0,
          0.0,
          0.0,
          1.0
        ]
      ]
    },
    {
      "file_path": "/media/NFS/ttao/scannet/posed_images/scene0394_00/00512.jpg",
      "transform_matrix": [
        [
          0.803478,
          0.27086,
          -0.53015,
          8.239865
        ],
        [
          0.595334,
          -0.364149,
          0.716221,
          3.801555
        ],
        [
          0.000942,
          -0.891084,
          -0.453837,
          1.41757
        ],
        [
          0.0,
          0.0,
          0.0,
          1.0
        ]
      ]
    },
    {
      "file_path": "/media/NFS/ttao/scannet/posed_images/scene0394_00/00533.jpg",
      "transform_matrix": [
        [
          0.781378,
          0.214674,
          -0.585973,
          8.295726
        ],
        [
          0.62345,
          -0.227064,
          0.748166,
          3.927735
        ],
        [
          0.027558,
          -0.949925,
          -0.311261,
          1.507766
        ],
        [
          0.0,
          0.0,
          0.0,
          1.0
        ]
      ]
    },
    {
      "file_path": "/media/NFS/ttao/scannet/posed_images/scene0394_00/00537.jpg",
      "transform_matrix": [
        [
          0.772654,
          0.199823,
          -0.602558,
          8.298971
        ],
        [
          0.634711,
          -0.22497,
          0.739277,
          3.939948
        ],
        [
          0.012167,
          -0.953656,
          -0.300654,
          1.520994
        ],
        [
          0.0,
          0.0,
          0.0,
          1.0
        ]
      ]
    },
    {
      "file_path": "/media/NFS/ttao/scannet/posed_images/scene0394_00/00562.jpg",
      "transform_matrix": [
        [
          0.653001,
          0.01954,
          -0.757105,
          8.353548
        ],
        [
          0.757058,
          0.011226,
          0.653251,
          3.94682
        ],
        [
          0.021264,
          -0.999746,
          -0.007462,
          1.599134
        ],
        [
          0.0,
          0.0,
          0.0,
          1.0
        ]
      ]
    },
    {
      "file_path": "/media/NFS/ttao/scannet/posed_images/scene0394_00/00566.jpg",
      "transform_matrix": [
        [
          0.661949,
          0.00639,
          -0.749522,
          8.359479
        ],
        [
          0.749064,
          0.030332,
          0.661803,
          3.943699
        ],
        [
          0.026963,
          -0.999519,
          0.015292,
          1.608274
        ],
        [
          0.0,
          0.0,
          0.0,
          1.0
        ]
      ]
    },
    {
      "file_path": "/media/NFS/ttao/scannet/posed_images/scene0394_00/00579.jpg",
      "transform_matrix": [
        [
          0.734483,
          -0.020948,
          -0.678303,
          8.359203
        ],
        [
          0.678234,
          0.056678,
          0.732657,
          3.928429
        ],
        [
          0.023097,
          -0.998173,
          0.055836,
          1.62913
        ],
        [
          0.0,
          0.0,
          0.0,
          1.0
        ]
      ]
    },
    {
      "file_path": "/media/NFS/ttao/scannet/posed_images/scene0394_00/00595.jpg",
      "transform_matrix": [
        [
          0.871801,
          0.035822,
          -0.488549,
          8.343455
        ],
        [
          0.487664,
          0.030868,
          0.872486,
          3.909283
        ],
        [
          0.046335,
          -0.998881,
          0.009441,
          1.631377
        ],
        [
          0.0,
          0.0,
          0.0,
          1.0
        ]
      ]
    },
    {
      "file_path": "/media/NFS/ttao/scannet/posed_images/scene0394_00/00616.jpg",
      "transform_matrix": [
        [
          0.987105,
          0.081328,
          -0.137873,
          8.230566
        ],
        [
          0.136092,
          0.027069,
          0.990326,
          3.929476
        ],
        [
          0.084273,
          -0.99632,
          0.015652,
          1.624387
        ],
        [
          0.0,
          0.0,
          0.0,
          1.0
        ]
      ]
    },
    {
      "file_path": "/media/NFS/ttao/scannet/posed_images/scene0394_00/00628.jpg",
      "transform_matrix": [
        [
          0.989072,
          0.098897,
          0.109346,
          8.144771
        ],
        [
          -0.10806,
          -0.018274,
          0.993976,
          3.928828
        ],
        [
          0.1003,
          -0.99493,
          -0.007388,
          1.588439
        ],
        [
          0.0,
          0.0,
          0.0,
          1.0
        ]
      ]
    },
    {
      "file_path": "/media/NFS/ttao/scannet/posed_images/scene0394_00/00637.jpg",
      "transform_matrix": [
        [
          0.967058,
          0.079724,
          0.241752,
          8.133408
        ],
        [
          -0.236763,
          -0.067146,
          0.969244,
          3.916989
        ],
        [
          0.093504,
          -0.994553,
          -0.046059,
          1.576777
        ],
        [
          0.0,
          0.0,
          0.0,
          1.0
        ]
      ]
    },
    {
      "file_path": "/media/NFS/ttao/scannet/posed_images/scene0394_00/00658.jpg",
      "transform_matrix": [
        [
          0.937576,
          0.019077,
          0.347257,
          8.154836
        ],
        [
          -0.33669,
          -0.200357,
          0.920053,
          3.905935
        ],
        [
          0.087127,
          -0.979537,
          -0.181426,
          1.53637
        ],
        [
          0.0,
          0.0,
          0.0,
          1.0
        ]
      ]
    },
    {
      "file_path": "/media/NFS/ttao/scannet/posed_images/scene0394_00/00674.jpg",
      "transform_matrix": [
        [
          0.902756,
          -0.061632,
          0.425715,
          8.178283
        ],
        [
          -0.423119,
          -0.305474,
          0.853027,
          3.921892
        ],
        [
          0.077471,
          -0.950204,
          -0.301846,
          1.472811
        ],
        [
          0.0,
          0.0,
          0.0,
          1.0
        ]
      ]
    },
    {
      "file_path": "/media/NFS/ttao/scannet/posed_images/scene0394_00/00678.jpg",
      "transform_matrix": [
        [
          0.894786,
          -0.088188,
          0.437699,
          8.182073
        ],
        [
          -0.439933,
          -0.341573,
          0.830534,
          3.926107
        ],
        [
          0.076263,
          -0.935709,
          -0.344432,
          1.458872
        ],
        [
          0.0,
          0.0,
          0.0,
          1.0
        ]
      ]
    },
    {
      "file_path": "/media/NFS/ttao/scannet/posed_images/scene0394_00/00691.jpg",
      "transform_matrix": [
        [
          0.865542,
          -0.153315,
          0.476793,
          8.20113
        ],
        [
          -0.493948,
          -0.418664,
          0.76206,
          3.932701
        ],
        [
          0.082781,
          -0.895106,
          -0.438101,
          1.439103
        ],
        [
          0.0,
          0.0,
          0.0,
          1.0
        ]
      ]
    },
    {
      "file_path": "/media/NFS/ttao/scannet/posed_images/scene0394_00/00703.jpg",
      "transform_matrix": [
        [
          0.83781,
          -0.227284,
          0.496403,
          8.206865
        ],
        [
          -0.541414,
          -0.46298,
          0.701798,
          3.949973
        ],
        [
          0.070317,
          -0.856733,
          -0.510944,
          1.409194
        ],
        [
          0.0,
          0.0,
          0.0,
          1.0
        ]
      ]
    },
    {
      "file_path": "/media/NFS/ttao/scannet/posed_images/scene0394_00/00728.jpg",
      "transform_matrix": [
        [
          0.983416,
          0.022429,
          0.17997,
          8.178193
        ],
        [
          -0.114829,
          -0.691085,
          0.713593,
          3.95675
        ],
        [
          0.14038,
          -0.722425,
          -0.677049,
          1.334422
        ],
        [
          0.0,
          0.0,
          0.0,
          1.0
        ]
      ]
    },
    {
      "file_path": "/media/NFS/ttao/scannet/posed_images/scene0394_00/00741.jpg",
      "transform_matrix": [
        [
          0.973765,
          0.224086,
          -0.039594,
          8.205715
        ],
        [
          0.187565,
          -0.691873,
          0.697231,
          3.967007
        ],
        [
          0.128846,
          -0.686365,
          -0.715753,
          1.338698
        ],
        [
          0.0,
          0.0,
          0.0,
          1.0
        ]
      ]
    },
    {
      "file_path": "/media/NFS/ttao/scannet/posed_images/scene0394_00/00757.jpg",
      "transform_matrix": [
        [
          0.873287,
          0.425758,
          -0.236857,
          8.239228
        ],
        [
          0.470225,
          -0.609307,
          0.638462,
          3.997295
        ],
        [
          0.127512,
          -0.668936,
          -0.732301,
          1.340946
        ],
        [
          0.0,
          0.0,
          0.0,
          1.0
        ]
      ]
    },
    {
      "file_path": "/media/NFS/ttao/scannet/posed_images/scene0394_00/00766.jpg",
      "transform_matrix": [
        [
          0.810646,
          0.47059,
          -0.348424,
          8.217481
        ],
        [
          0.576546,
          -0.537626,
          0.615267,
          4.056788
        ],
        [
          0.102217,
          -0.699646,
          -0.707141,
          1.357676
        ],
        [
          0.0,
          0.0,
          0.0,
          1.0
        ]
      ]
    },
    {
      "file_path": "/media/NFS/ttao/scannet/posed_images/scene0394_00/00778.jpg",
      "transform_matrix": [
        [
          0.75173,
          0.501972,
          -0.427698,
          8.168508
        ],
        [
          0.650925,
          -0.460711,
          0.603359,
          4.184924
        ],
        [
          0.105824,
          -0.731962,
          -0.673077,
          1.362818
        ],
        [
          0.0,
          0.0,
          0.0,
          1.0
        ]
      ]
    },
    {
      "file_path": "/media/NFS/ttao/scannet/posed_images/scene0394_00/00799.jpg",
      "transform_matrix": [
        [
          0.654199,
          0.559632,
          -0.508759,
          8.169075
        ],
        [
          0.748493,
          -0.382519,
          0.541698,
          4.480083
        ],
        [
          0.108542,
          -0.735181,
          -0.669124,
          1.37797
        ],
        [
          0.0,
          0.0,
          0.0,
          1.0
        ]
      ]
    },
    {
      "file_path": "/media/NFS/ttao/scannet/posed_images/scene0394_00/00803.jpg",
      "transform_matrix": [
        [
          0.620342,
          0.572074,
          -0.536571,
          8.17485
        ],
        [
          0.77757,
          -0.358924,
          0.516293,
          4.53374
        ],
        [
          0.102769,
          -0.737499,
          -0.667483,
          1.378557
        ],
        [
          0.0,
          0.0,
          0.0,
          1.0
        ]
      ]
    },
    {
      "file_path": "/media/NFS/ttao/scannet/posed_images/scene0394_00/00816.jpg",
      "transform_matrix": [
        [
          0.392194,
          0.683142,
          -0.616037,
          8.118176
        ],
        [
          0.914765,
          -0.219101,
          0.33941,
          4.658843
        ],
        [
          0.096891,
          -0.696644,
          -0.710844,
          1.378891
        ],
        [
          0.0,
          0.0,
          0.0,
          1.0
        ]
      ]
    },
    {
      "file_path": "/media/NFS/ttao/scannet/posed_images/scene0394_00/00828.jpg",
      "transform_matrix": [
        [
          0.245797,
          0.711232,
          -0.658584,
          8.041852
        ],
        [
          0.963576,
          -0.105419,
          0.24578,
          4.779086
        ],
        [
          0.10538,
          -0.695008,
          -0.711237,
          1.387819
        ],
        [
          0.0,
          0.0,
          0.0,
          1.0
        ]
      ]
    },
    {
      "file_path": "/media/NFS/ttao/scannet/posed_images/scene0394_00/00853.jpg",
      "transform_matrix": [
        [
          -0.176197,
          0.756334,
          -0.630011,
          7.984053
        ],
        [
          0.974904,
          0.222558,
          -0.005472,
          5.104209
        ],
        [
          0.136075,
          -0.615164,
          -0.776567,
          1.362288
        ],
        [
          0.0,
          0.0,
          0.0,
          1.0
        ]
      ]
    },
    {
      "file_path": "/media/NFS/ttao/scannet/posed_images/scene0394_00/00862.jpg",
      "transform_matrix": [
        [
          -0.286509,
          0.742525,
          -0.60545,
          7.944712
        ],
        [
          0.952839,
          0.286828,
          -0.099133,
          5.217323
        ],
        [
          0.100051,
          -0.605299,
          -0.789685,
          1.364211
        ],
        [
          0.0,
          0.0,
          0.0,
          1.0
        ]
      ]
    },
    {
      "file_path": "/media/NFS/ttao/scannet/posed_images/scene0394_00/00882.jpg",
      "transform_matrix": [
        [
          -0.53841,
          0.624879,
          -0.565368,
          7.823735
        ],
        [
          0.820101,
          0.542827,
          -0.181032,
          5.433614
        ],
        [
          0.193774,
          -0.561128,
          -0.804728,
          1.363002
        ],
        [
          0.0,
          0.0,
          0.0,
          1.0
        ]
      ]
    },
    {
      "file_path": "/media/NFS/ttao/scannet/posed_images/scene0394_00/00887.jpg",
      "transform_matrix": [
        [
          -0.614626,
          0.562131,
          -0.553392,
          7.824249
        ],
        [
          0.765376,
          0.594741,
          -0.245933,
          5.478163
        ],
        [
          0.190878,
          -0.57471,
          -0.795785,
          1.371385
        ],
        [
          0.0,
          0.0,
          0.0,
          1.0
        ]
      ]
    },
    {
      "file_path": "/media/NFS/ttao/scannet/posed_images/scene0394_00/00903.jpg",
      "transform_matrix": [
        [
          -0.860542,
          0.295046,
          -0.415229,
          7.853136
        ],
        [
          0.478673,
          0.747145,
          -0.461135,
          5.678277
        ],
        [
          0.17418,
          -0.595585,
          -0.784181,
          1.381346
        ],
        [
          0.0,
          0.0,
          0.0,
          1.0
        ]
      ]
    },
    {
      "file_path": "/media/NFS/ttao/scannet/posed_images/scene0394_00/00916.jpg",
      "transform_matrix": [
        [
          -0.977804,
          0.100498,
          -0.183849,
          7.948021
        ],
        [
          0.193753,
          0.767686,
          -0.610834,
          5.784372
        ],
        [
          0.079751,
          -0.632897,
          -0.770118,
          1.389819
        ],
        [
          0.0,
          0.0,
          0.0,
          1.0
        ]
      ]
    },
    {
      "file_path": "/media/NFS/ttao/scannet/posed_images/scene0394_00/00928.jpg",
      "transform_matrix": [
        [
          -0.997784,
          -0.065026,
          0.01413,
          8.000835
        ],
        [
          -0.059303,
          0.772607,
          -0.632109,
          5.864461
        ],
        [
          0.030187,
          -0.631546,
          -0.774751,
          1.40041
        ],
        [
          0.0,
          0.0,
          0.0,
          1.0
        ]
      ]
    },
    {
      "file_path": "/media/NFS/ttao/scannet/posed_images/scene0394_00/00941.jpg",
      "transform_matrix": [
        [
          -0.925088,
          -0.291478,
          0.24342,
          7.982166
        ],
        [
          -0.379718,
          0.718849,
          -0.582297,
          5.902082
        ],
        [
          -0.005256,
          -0.631107,
          -0.775678,
          1.393354
        ],
        [
          0.0,
          0.0,
          0.0,
          1.0
        ]
      ]
    },
    {
      "file_path": "/media/NFS/ttao/scannet/posed_images/scene0394_00/00953.jpg",
      "transform_matrix": [
        [
          -0.672897,
          -0.571789,
          0.469326,
          7.892824
        ],
        [
          -0.739591,
          0.532598,
          -0.411516,
          5.902192
        ],
        [
          -0.014662,
          -0.624017,
          -0.781274,
          1.370935
        ],
        [
          0.0,
          0.0,
          0.0,
          1.0
        ]
      ]
    },
    {
      "file_path": "/media/NFS/ttao/scannet/posed_images/scene0394_00/00974.jpg",
      "transform_matrix": [
        [
          -0.310828,
          -0.644559,
          0.69852,
          7.847352
        ],
        [
          -0.946739,
          0.274982,
          -0.167541,
          5.94354
        ],
        [
          -0.08409,
          -0.713392,
          -0.695701,
          1.433593
        ],
        [
          0.0,
          0.0,
          0.0,
          1.0
        ]
      ]
    },
    {
      "file_path": "/media/NFS/ttao/scannet/posed_images/scene0394_00/00991.jpg",
      "transform_matrix": [
        [
          -0.273256,
          -0.530638,
          0.802343,
          7.834658
        ],
        [
          -0.960058,
          0.202605,
          -0.192975,
          5.980587
        ],
        [
          -0.060158,
          -0.823028,
          -0.564807,
          1.480493
        ],
        [
          0.0,
          0.0,
          0.0,
          1.0
        ]
      ]
    },
    {
      "file_path": "/media/NFS/ttao/scannet/posed_images/scene0394_00/01007.jpg",
      "transform_matrix": [
        [
          -0.335595,
          -0.421568,
          0.842411,
          7.830494
        ],
        [
          -0.939713,
          0.212182,
          -0.268175,
          5.964225
        ],
        [
          -0.06569,
          -0.881623,
          -0.46736,
          1.50451
        ],
        [
          0.0,
          0.0,
          0.0,
          1.0
        ]
      ]
    },
    {
      "file_path": "/media/NFS/ttao/scannet/posed_images/scene0394_00/01011.jpg",
      "transform_matrix": [
        [
          -0.369645,
          -0.395897,
          0.840612,
          7.824543
        ],
        [
          -0.926477,
          0.225903,
          -0.301011,
          5.95388
        ],
        [
          -0.070727,
          -0.890075,
          -0.450293,
          1.514232
        ],
        [
          0.0,
          0.0,
          0.0,
          1.0
        ]
      ]
    },
    {
      "file_path": "/media/NFS/ttao/scannet/posed_images/scene0394_00/01032.jpg",
      "transform_matrix": [
        [
          -0.50048,
          -0.272071,
          0.821887,
          7.811693
        ],
        [
          -0.863128,
          0.230605,
          -0.449256,
          5.918958
        ],
        [
          -0.067302,
          -0.934237,
          -0.350245,
          1.546718
        ],
        [
          0.0,
          0.0,
          0.0,
          1.0
        ]
      ]
    },
    {
      "file_path": "/media/NFS/ttao/scannet/posed_images/scene0394_00/01036.jpg",
      "transform_matrix": [
        [
          -0.508197,
          -0.247302,
          0.824971,
          7.808777
        ],
        [
          -0.857558,
          0.233786,
          -0.458189,
          5.914162
        ],
        [
          -0.079556,
          -0.940311,
          -0.330885,
          1.551191
        ],
        [
          0.0,
          0.0,
          0.0,
          1.0
        ]
      ]
    },
    {
      "file_path": "/media/NFS/ttao/scannet/posed_images/scene0394_00/01053.jpg",
      "transform_matrix": [
        [
          -0.539644,
          -0.245569,
          0.805283,
          7.803951
        ],
        [
          -0.837218,
          0.257197,
          -0.482613,
          5.895067
        ],
        [
          -0.088602,
          -0.934637,
          -0.34439,
          1.544172
        ],
        [
          0.0,
          0.0,
          0.0,
          1.0
        ]
      ]
    },
    {
      "file_path": "/media/NFS/ttao/scannet/posed_images/scene0394_00/01074.jpg",
      "transform_matrix": [
        [
          -0.28521,
          -0.086675,
          0.954538,
          7.770622
        ],
        [
          -0.950699,
          0.152101,
          -0.270251,
          5.919971
        ],
        [
          -0.121762,
          -0.984557,
          -0.125783,
          1.626417
        ],
        [
          0.0,
