{
  "frames": [
    {
      "file_path": "/media/NFS/ttao/scannet/posed_images/scene0435_03/00004.jpg",
      "transform_matrix": [
        [
          0.610632,
          -0.230338,
          0.757676,
          5.023978
        ],
        [
          -0.791771,
          -0.159385,
          0.589657,
          2.617624
        ],
        [
          -0.015058,
          -0.95997,
          -0.2797,
          1.411926
        ],
        [
          0.0,
          0.0,
          0.0,
          1.0
        ]
      ]
    },
    {
      "file_path": "/media/NFS/ttao/scannet/posed_images/scene0435_03/00005.jpg",
      "transform_matrix": [
        [
          0.612695,
          -0.227452,
          0.756882,
          5.027164
        ],
        [
          -0.790186,
          -0.158679,
          0.591969,
          2.610765
        ],
        [
          -0.014543,
          -0.960774,
          -0.276951,
          1.413365
        ],
        [
          0.0,
          0.0,
          0.0,
          1.0
        ]
      ]
    },
    {
      "file_path": "/media/NFS/ttao/scannet/posed_images/scene0435_03/00013.jpg",
      "transform_matrix": [
        [
          0.615379,
          -0.16167,
          0.771474,
          5.016888
        ],
        [
          -0.78813,
          -0.110517,
          0.605505,
          2.58497
        ],
        [
          -0.012631,
          -0.980637,
          -0.195427,
          1.42538
        ],
        [
          0.0,
          0.0,
          0.0,
          1.0
        ]
      ]
    },
    {
      "file_path": "/media/NFS/ttao/scannet/posed_images/scene0435_03/00020.jpg",
      "transform_matrix": [
        [
          0.605804,
          -0.151422,
          0.781072,
          5.026271
        ],
        [
          -0.795277,
          -0.086666,
          0.60002,
          2.580109
        ],
        [
          -0.023164,
          -0.984663,
          -0.172925,
          1.433439
        ],
        [
          0.0,
          0.0,
          0.0,
          1.0
        ]
      ]
    },
    {
      "file_path": "/media/NFS/ttao/scannet/posed_images/scene0435_03/00027.jpg",
      "transform_matrix": [
        [
          0.63192,
          -0.181697,
          0.753435,
          5.024337
        ],
        [
          -0.774353,
          -0.107286,
          0.623592,
          2.577963
        ],
        [
          -0.032471,
          -0.977485,
          -0.208494,
          1.403874
        ],
        [
          0.0,
          0.0,
          0.0,
          1.0
        ]
      ]
    },
    {
      "file_path": "/media/NFS/ttao/scannet/posed_images/scene0435_03/00031.jpg",
      "transform_matrix": [
        [
          0.640592,
          -0.212445,
          0.737908,
          5.026387
        ],
        [
          -0.766652,
          -0.122585,
          0.630252,
          2.573861
        ],
        [
          -0.043437,
          -0.969453,
          -0.241399,
          1.379258
        ],
        [
          0.0,
          0.0,
          0.0,
          1.0
        ]
      ]
    },
    {
      "file_path": "/media/NFS/ttao/scannet/posed_images/scene0435_03/00040.jpg",
      "transform_matrix": [
        [
          0.612869,
          -0.310106,
          0.726792,
          5.007989
        ],
        [
          -0.78843,
          -0.178721,
          0.588589,
          2.566083
        ],
        [
          -0.052632,
          -0.933752,
          -0.354029,
          1.332087
        ],
        [
          0.0,
          0.0,
          0.0,
          1.0
        ]
      ]
    },
    {
      "file_path": "/media/NFS/ttao/scannet/posed_images/scene0435_03/00042.jpg",
      "transform_matrix": [
        [
          0.608564,
          -0.323696,
          0.72448,
          4.994675
        ],
        [
          -0.791817,
          -0.188206,
          0.581037,
          2.568015
        ],
        [
          -0.051728,
          -0.927254,
          -0.370843,
          1.324807
        ],
        [
          0.0,
          0.0,
          0.0,
          1.0
        ]
      ]
    },
    {
      "file_path": "/media/NFS/ttao/scannet/posed_images/scene0435_03/00051.jpg",
      "transform_matrix": [
        [
          0.574762,
          -0.40199,
          0.712779,
          4.900965
        ],
        [
          -0.816723,
          -0.227387,
          0.530339,
          2.612745
        ],
        [
          -0.051114,
          -0.886961,
          -0.459007,
          1.307634
        ],
        [
          0.0,
          0.0,
          0.0,
          1.0
        ]
      ]
    },
    {
      "file_path": "/media/NFS/ttao/scannet/posed_images/scene0435_03/00058.jpg",
      "transform_matrix": [
        [
          0.579206,
          -0.411857,
          0.703488,
          4.807354
        ],
        [
          -0.813222,
          -0.232123,
          0.533657,
          2.659957
        ],
        [
          -0.056494,
          -0.881188,
          -0.469378,
          1.299623
        ],
        [
          0.0,
          0.0,
          0.0,
          1.0
        ]
      ]
    },
    {
      "file_path": "/media/NFS/ttao/scannet/posed_images/scene0435_03/00060.jpg",
      "transform_matrix": [
        [
          0.567135,
          -0.410471,
          0.714053,
          4.791212
        ],
        [
          -0.822979,
          -0.248104,
          0.511028,
          2.678611
        ],
        [
          -0.032603,
          -0.877472,
          -0.478518,
          1.306227
        ],
        [
          0.0,
          0.0,
          0.0,
          1.0
        ]
      ]
    },
    {
      "file_path": "/media/NFS/ttao/scannet/posed_images/scene0435_03/00065.jpg",
      "transform_matrix": [
        [
          0.526017,
          -0.379691,
          0.761013,
          4.768552
        ],
        [
          -0.85037,
          -0.248812,
          0.463642,
          2.727338
        ],
        [
          0.013309,
          -0.891026,
          -0.453757,
          1.311914
        ],
        [
          0.0,
          0.0,
          0.0,
          1.0
        ]
      ]
    },
    {
      "file_path": "/media/NFS/ttao/scannet/posed_images/scene0435_03/00071.jpg",
      "transform_matrix": [
        [
          0.50548,
          -0.38437,
          0.772496,
          4.788228
        ],
        [
          -0.862699,
          -0.209047,
          0.460489,
          2.778994
        ],
        [
          -0.01551,
          -0.899199,
          -0.437264,
          1.319296
        ],
        [
          0.0,
          0.0,
          0.0,
          1.0
        ]
      ]
    },
    {
      "file_path": "/media/NFS/ttao/scannet/posed_images/scene0435_03/00081.jpg",
      "transform_matrix": [
        [
          0.42234,
          -0.449194,
          0.787308,
          4.840436
        ],
        [
          -0.906282,
          -0.193168,
          0.375951,
          2.858034
        ],
        [
          -0.016792,
          -0.872302,
          -0.488679,
          1.335662
        ],
        [
          0.0,
          0.0,
          0.0,
          1.0
        ]
      ]
    },
    {
      "file_path": "/media/NFS/ttao/scannet/posed_images/scene0435_03/00087.jpg",
      "transform_matrix": [
        [
          0.302967,
          -0.471521,
          0.828178,
          4.847119
        ],
        [
          -0.952796,
          -0.167885,
          0.252971,
          2.877171
        ],
        [
          0.019758,
          -0.865727,
          -0.500126,
          1.354034
        ],
        [
          0.0,
          0.0,
          0.0,
          1.0
        ]
      ]
    },
    {
      "file_path": "/media/NFS/ttao/scannet/posed_images/scene0435_03/00094.jpg",
      "transform_matrix": [
        [
          0.211964,
          -0.489009,
          0.846133,
          4.867007
        ],
        [
          -0.976322,
          -0.14423,
          0.161222,
          2.848655
        ],
        [
          0.043199,
          -0.860272,
          -0.508002,
          1.378084
        ],
        [
          0.0,
          0.0,
          0.0,
          1.0
        ]
      ]
    },
    {
      "file_path": "/media/NFS/ttao/scannet/posed_images/scene0435_03/00099.jpg",
      "transform_matrix": [
        [
          0.191413,
          -0.475995,
          0.858365,
          4.869236
        ],
        [
          -0.981333,
          -0.109407,
          0.158165,
          2.804509
        ],
        [
          0.018626,
          -0.872616,
          -0.488051,
          1.389883
        ],
        [
          0.0,
          0.0,
          0.0,
          1.0
        ]
      ]
    },
    {
      "file_path": "/media/NFS/ttao/scannet/posed_images/scene0435_03/00105.jpg",
      "transform_matrix": [
        [
          0.198834,
          -0.437514,
          0.876953,
          4.861481
        ],
        [
          -0.979648,
          -0.063657,
          0.190359,
          2.713928
        ],
        [
          -0.02746,
          -0.896956,
          -0.441267,
          1.391124
        ],
        [
          0.0,
          0.0,
          0.0,
          1.0
        ]
      ]
    },
    {
      "file_path": "/media/NFS/ttao/scannet/posed_images/scene0435_03/00109.jpg",
      "transform_matrix": [
        [
          0.235294,
          -0.404774,
          0.883626,
          4.865983
        ],
        [
          -0.971212,
          -0.06311,
          0.229707,
          2.625398
        ],
        [
          -0.037214,
          -0.912236,
          -0.407971,
          1.398781
        ],
        [
          0.0,
          0.0,
          0.0,
          1.0
        ]
      ]
    },
    {
      "file_path": "/media/NFS/ttao/scannet/posed_images/scene0435_03/00118.jpg",
      "transform_matrix": [
        [
          0.267056,
          -0.352134,
          0.897041,
          4.874359
        ],
        [
          -0.959794,
          -0.013671,
          0.280371,
          2.432618
        ],
        [
          -0.086464,
          -0.93585,
          -0.341627,
          1.407621
        ],
        [
          0.0,
          0.0,
          0.0,
          1.0
        ]
      ]
    },
    {
      "file_path": "/media/NFS/ttao/scannet/posed_images/scene0435_03/00123.jpg",
      "transform_matrix": [
        [
          0.301319,
          -0.333492,
          0.893303,
          4.889162
        ],
        [
          -0.948886,
          -0.012586,
          0.315369,
          2.359667
        ],
        [
          -0.09393,
          -0.942669,
          -0.320239,
          1.39195
        ],
        [
          0.0,
          0.0,
          0.0,
          1.0
        ]
      ]
    },
    {
      "file_path": "/media/NFS/ttao/scannet/posed_images/scene0435_03/00128.jpg",
      "transform_matrix": [
        [
          0.341377,
          -0.321761,
          0.883138,
          4.927166
        ],
        [
          -0.937298,
          -0.046319,
          0.345437,
          2.281318
        ],
        [
          -0.070242,
          -0.945687,
          -0.317399,
          1.374212
        ],
        [
          0.0,
          0.0,
          0.0,
          1.0
        ]
      ]
    },
    {
      "file_path": "/media/NFS/ttao/scannet/posed_images/scene0435_03/00134.jpg",
      "transform_matrix": [
        [
          0.38236,
          -0.351174,
          0.85468,
          4.998331
        ],
        [
          -0.921093,
          -0.07137,
          0.382746,
          2.154629
        ],
        [
          -0.073412,
          -0.933586,
          -0.350753,
          1.389693
        ],
        [
          0.0,
          0.0,
          0.0,
          1.0
        ]
      ]
    },
    {
      "file_path": "/media/NFS/ttao/scannet/posed_images/scene0435_03/00141.jpg",
      "transform_matrix": [
        [
          0.388754,
          -0.3189,
          0.864392,
          4.997647
        ],
        [
          -0.91711,
          -0.044118,
          0.396187,
          2.033183
        ],
        [
          -0.088208,
          -0.946761,
          -0.309618,
          1.399031
        ],
        [
          0.0,
          0.0,
          0.0,
          1.0
        ]
      ]
    },
    {
      "file_path": "/media/NFS/ttao/scannet/posed_images/scene0435_03/00147.jpg",
      "transform_matrix": [
        [
          0.467993,
          -0.317161,
          0.824858,
          5.007377
        ],
        [
          -0.876592,
          -0.048193,
          0.478815,
          1.912605
        ],
        [
          -0.112109,
          -0.947147,
          -0.300575,
          1.408217
        ],
        [
          0.0,
          0.0,
          0.0,
          1.0
        ]
      ]
    },
    {
      "file_path": "/media/NFS/ttao/scannet/posed_images/scene0435_03/00154.jpg",
      "transform_matrix": [
        [
          0.502664,
          -0.309825,
          0.807055,
          5.002689
        ],
        [
          -0.856008,
          -0.047993,
          0.51473,
          1.838556
        ],
        [
          -0.120743,
          -0.949582,
          -0.289337,
          1.414374
        ],
        [
          0.0,
          0.0,
          0.0,
          1.0
        ]
      ]
    },
    {
      "file_path": "/media/NFS/ttao/scannet/posed_images/scene0435_03/00156.jpg",
      "transform_matrix": [
        [
          0.5014,
          -0.303252,
          0.810331,
          4.993896
        ],
        [
          -0.857672,
          -0.050799,
          0.511682,
          1.835992
        ],
        [
          -0.114004,
          -0.951555,
          -0.285562,
          1.41699
        ],
        [
          0.0,
          0.0,
          0.0,
          1.0
        ]
      ]
    },
    {
      "file_path": "/media/NFS/ttao/scannet/posed_images/scene0435_03/00163.jpg",
      "transform_matrix": [
        [
          0.4518,
          -0.282512,
          0.846206,
          4.933765
        ],
        [
          -0.889193,
          -0.065843,
          0.452769,
          1.895526
        ],
        [
          -0.072196,
          -0.957002,
          -0.280955,
          1.426511
        ],
        [
          0.0,
          0.0,
          0.0,
          1.0
        ]
      ]
    },
    {
      "file_path": "/media/NFS/ttao/scannet/posed_images/scene0435_03/00170.jpg",
      "transform_matrix": [
        [
          0.459433,
          -0.290384,
          0.839404,
          4.880988
        ],
        [
          -0.886097,
          -0.084656,
          0.455704,
          1.98288
        ],
        [
          -0.061268,
          -0.953158,
          -0.296202,
          1.41778
        ],
        [
          0.0,
          0.0,
          0.0,
          1.0
        ]
      ]
    },
    {
      "file_path": "/media/NFS/ttao/scannet/posed_images/scene0435_03/00175.jpg",
      "transform_matrix": [
        [
          0.464613,
          -0.262046,
          0.845853,
          4.82019
        ],
        [
          -0.884588,
          -0.093685,
          0.456867,
          2.088918
        ],
        [
          -0.040476,
          -0.960497,
          -0.27533,
          1.414712
        ],
        [
          0.0,
          0.0,
          0.0,
          1.0
        ]
      ]
    },
    {
      "file_path": "/media/NFS/ttao/scannet/posed_images/scene0435_03/00185.jpg",
      "transform_matrix": [
        [
          0.572086,
          -0.23865,
          0.784707,
          4.743975
        ],
        [
          -0.819079,
          -0.116355,
          0.561758,
          2.267226
        ],
        [
          -0.042759,
          -0.96411,
          -0.262038,
          1.359807
        ],
        [
          0.0,
          0.0,
          0.0,
          1.0
        ]
      ]
    },
    {
      "file_path": "/media/NFS/ttao/scannet/posed_images/scene0435_03/00188.jpg",
      "transform_matrix": [
        [
          0.59353,
          -0.229335,
          0.771445,
          4.738974
        ],
        [
          -0.803942,
          -0.124396,
          0.581552,
          2.314931
        ],
        [
          -0.037405,
          -0.965366,
          -0.258205,
          1.346089
        ],
        [
          0.0,
          0.0,
          0.0,
          1.0
        ]
      ]
    },
    {
      "file_path": "/media/NFS/ttao/scannet/posed_images/scene0435_03/00192.jpg",
      "transform_matrix": [
        [
          0.60116,
          -0.222039,
          0.767663,
          4.738488
        ],
        [
          -0.798697,
          -0.135356,
          0.586313,
          2.387859
        ],
        [
          -0.026277,
          -0.965597,
          -0.258712,
          1.330276
        ],
        [
          0.0,
          0.0,
          0.0,
          1.0
        ]
      ]
    },
    {
      "file_path": "/media/NFS/ttao/scannet/posed_images/scene0435_03/00197.jpg",
      "transform_matrix": [
        [
          0.644866,
          -0.222302,
          0.731253,
          4.746065
        ],
        [
          -0.761611,
          -0.10678,
          0.639177,
          2.48051
        ],
        [
          -0.064007,
          -0.969113,
          -0.238166,
          1.326501
        ],
        [
          0.0,
          0.0,
          0.0,
          1.0
        ]
      ]
    },
    {
      "file_path": "/media/NFS/ttao/scannet/posed_images/scene0435_03/00208.jpg",
      "transform_matrix": [
        [
          0.652948,
          -0.166746,
          0.73882,
          4.7052
        ],
        [
          -0.757201,
          -0.121161,
          0.641847,
          2.698997
        ],
        [
          -0.017509,
          -0.978527,
          -0.205373,
          1.400684
        ],
        [
          0.0,
          0.0,
          0.0,
          1.0
        ]
      ]
    },
    {
      "file_path": "/media/NFS/ttao/scannet/posed_images/scene0435_03/00212.jpg",
      "transform_matrix": [
        [
          0.617606,
          -0.135245,
          0.774773,
          4.669754
        ],
        [
          -0.78647,
          -0.09959,
          0.609546,
          2.762772
        ],
        [
          -0.005278,
          -0.985795,
          -0.167874,
          1.442433
        ],
        [
          0.0,
          0.0,
          0.0,
          1.0
        ]
      ]
    },
    {
      "file_path": "/media/NFS/ttao/scannet/posed_images/scene0435_03/00215.jpg",
      "transform_matrix": [
        [
          0.605201,
          -0.12501,
          0.786196,
          4.642915
        ],
        [
          -0.795988,
          -0.080667,
          0.599913,
          2.80318
        ],
        [
          -0.011575,
          -0.988871,
          -0.148326,
          1.463272
        ],
        [
          0.0,
          0.0,
          0.0,
          1.0
        ]
      ]
    },
    {
      "file_path": "/media/NFS/ttao/scannet/posed_images/scene0435_03/00226.jpg",
      "transform_matrix": [
        [
          0.590182,
          -0.083302,
          0.802961,
          4.603961
        ],
        [
          -0.806529,
          -0.018214,
          0.590915,
          2.915175
        ],
        [
          -0.034599,
          -0.996358,
          -0.077935,
          1.520306
        ],
        [
          0.0,
          0.0,
          0.0,
          1.0
        ]
      ]
    },
    {
      "file_path": "/media/NFS/ttao/scannet/posed_images/scene0435_03/00228.jpg",
      "transform_matrix": [
        [
          0.583239,
          -0.071628,
          0.809137,
          4.60113
        ],
        [
          -0.811897,
          -0.019987,
          0.583459,
          2.938473
        ],
        [
          -0.02562,
          -0.997231,
          -0.069812,
          1.519561
        ],
        [
          0.0,
          0.0,
          0.0,
          1.0
        ]
      ]
    },
    {
      "file_path": "/media/NFS/ttao/scannet/posed_images/scene0435_03/00233.jpg",
      "transform_matrix": [
        [
          0.578527,
          -0.050712,
          0.814086,
          4.604708
        ],
        [
          -0.815557,
          -0.019814,
          0.578338,
          3.00158
        ],
        [
          -0.013199,
          -0.998517,
          -0.052821,
          1.513466
        ],
        [
          0.0,
          0.0,
          0.0,
          1.0
        ]
      ]
    },
    {
      "file_path": "/media/NFS/ttao/scannet/posed_images/scene0435_03/00244.jpg",
      "transform_matrix": [
        [
          0.511567,
          -0.220184,
          0.830553,
          4.647176
        ],
        [
          -0.854585,
          -0.029861,
          0.518453,
          3.139367
        ],
        [
          -0.089354,
          -0.975001,
          -0.203441,
          1.432845
        ],
        [
          0.0,
          0.0,
          0.0,
          1.0
        ]
      ]
    },
    {
      "file_path": "/media/NFS/ttao/scannet/posed_images/scene0435_03/00250.jpg",
      "transform_matrix": [
        [
          0.453454,
          -0.284945,
          0.844503,
          4.652826
        ],
        [
          -0.889321,
          -0.081873,
          0.449894,
          3.206811
        ],
        [
          -0.059053,
          -0.955041,
          -0.290533,
          1.40522
        ],
        [
          0.0,
          0.0,
          0.0,
          1.0
        ]
      ]
    },
    {
      "file_path": "/media/NFS/ttao/scannet/posed_images/scene0435_03/00257.jpg",
      "transform_matrix": [
        [
          0.363429,
          -0.313628,
          0.877244,
          4.628753
        ],
        [
          -0.931603,
          -0.116292,
          0.344373,
          3.300124
        ],
        [
          -0.005988,
          -0.942398,
          -0.334441,
          1.379603
        ],
        [
          0.0,
          0.0,
          0.0,
          1.0
        ]
      ]
    },
    {
      "file_path": "/media/NFS/ttao/scannet/posed_images/scene0435_03/00259.jpg",
      "transform_matrix": [
        [
          0.339442,
          -0.324142,
          0.883013,
          4.617388
        ],
        [
          -0.940563,
          -0.106046,
          0.322637,
          3.331491
        ],
        [
          -0.01094,
          -0.940046,
          -0.340872,
          1.376233
        ],
        [
          0.0,
          0.0,
          0.0,
          1.0
        ]
      ]
    },
    {
      "file_path": "/media/NFS/ttao/scannet/posed_images/scene0435_03/00264.jpg",
      "transform_matrix": [
        [
          0.29727,
          -0.354946,
          0.886366,
          4.59094
        ],
        [
          -0.954767,
          -0.103561,
          0.27874,
          3.409454
        ],
        [
          -0.007144,
          -0.929133,
          -0.369676,
          1.386333
        ],
        [
          0.0,
          0.0,
          0.0,
          1.0
        ]
      ]
    },
    {
      "file_path": "/media/NFS/ttao/scannet/posed_images/scene0435_03/00273.jpg",
      "transform_matrix": [
        [
          0.145391,
          -0.403142,
          0.903515,
          4.615506
        ],
        [
          -0.98911,
          -0.080353,
          0.123312,
          3.505933
        ],
        [
          0.022888,
          -0.911603,
          -0.410434,
          1.396449
        ],
        [
          0.0,
          0.0,
          0.0,
          1.0
        ]
      ]
    },
    {
      "file_path": "/media/NFS/ttao/scannet/posed_images/scene0435_03/00280.jpg",
      "transform_matrix": [
        [
          0.058025,
          -0.404503,
          0.912694,
          4.676922
        ],
        [
          -0.997929,
          -0.048914,
          0.041765,
          3.539616
        ],
        [
          0.02775,
          -0.913228,
          -0.406503,
          1.400894
        ],
        [
          0.0,
          0.0,
          0.0,
          1.0
        ]
      ]
    },
    {
      "file_path": "/media/NFS/ttao/scannet/posed_images/scene0435_03/00284.jpg",
      "transform_matrix": [
        [
          0.051128,
          -0.394734,
          0.917372,
          4.711409
        ],
        [
          -0.998662,
          -0.027365,
          0.043884,
          3.550442
        ],
        [
          0.007782,
          -0.918388,
          -0.395605,
          1.403223
        ],
        [
          0.0,
          0.0,
          0.0,
          1.0
        ]
      ]
    },
    {
      "file_path": "/media/NFS/ttao/scannet/posed_images/scene0435_03/00293.jpg",
      "transform_matrix": [
        [
          -0.050896,
          -0.371512,
          0.927032,
          4.778271
        ],
        [
          -0.998698,
          0.022241,
          -0.045917,
          3.575594
        ],
        [
          -0.003559,
          -0.928162,
          -0.37216,
          1.412304
        ],
        [
          0.0,
          0.0,
          0.0,
          1.0
        ]
      ]
    },
    {
      "file_path": "/media/NFS/ttao/scannet/posed_images/scene0435_03/00295.jpg",
      "transform_matrix": [
        [
          -0.066261,
          -0.369281,
          0.926953,
          4.788371
        ],
        [
          -0.997797,
          0.027536,
          -0.060355,
          3.581243
        ],
        [
          -0.003237,
          -0.92891,
          -0.370292,
          1.411139
        ],
        [
          0.0,
          0.0,
          0.0,
          1.0
        ]
      ]
    },
    {
      "file_path": "/media/NFS/ttao/scannet/posed_images/scene0435_03/00302.jpg",
      "transform_matrix": [
        [
          -0.212962,
          -0.355877,
          0.909944,
          4.839118
        ],
        [
          -0.977059,
          0.075697,
          -0.199064,
          3.608396
        ],
        [
          0.001962,
          -0.931462,
          -0.363833,
          1.423639
        ],
        [
          0.0,
          0.0,
          0.0,
          1.0
        ]
      ]
    },
    {
      "file_path": "/media/NFS/ttao/scannet/posed_images/scene0435_03/00306.jpg",
      "transform_matrix": [
        [
          -0.274757,
          -0.354836,
          0.893644,
          4.868423
        ],
        [
          -0.961459,
          0.111272,
          -0.251424,
          3.637481
        ],
        [
          -0.010223,
          -0.928283,
          -0.371733,
          1.419877
        ],
        [
          0.0,
          0.0,
          0.0,
          1.0
        ]
      ]
    },
    {
      "file_path": "/media/NFS/ttao/scannet/posed_images/scene0435_03/00317.jpg",
      "transform_matrix": [
        [
          -0.395054,
          -0.38133,
          0.835775,
          4.933157
        ],
        [
          -0.918601,
          0.174094,
          -0.354772,
          3.672247
        ],
        [
          -0.010219,
          -0.907898,
          -0.419066,
          1.405866
        ],
        [
          0.0,
          0.0,
          0.0,
          1.0
        ]
      ]
    },
    {
      "file_path": "/media/NFS/ttao/scannet/posed_images/scene0435_03/00318.jpg",
      "transform_matrix": [
        [
          -0.399645,
          -0.380847,
          0.83381,
          4.937283
        ],
        [
          -0.916636,
          0.173898,
          -0.359915,
          3.671859
        ],
        [
          -0.007925,
          -0.908138,
          -0.418595,
          1.407961
        ],
        [
          0.0,
          0.0,
          0.0,
          1.0
        ]
      ]
    },
    {
      "file_path": "/media/NFS/ttao/scannet/posed_images/scene0435_03/00324.jpg",
      "transform_matrix": [
        [
          -0.445202,
          -0.372913,
          0.814083,
          4.926909
        ],
        [
          -0.895357,
          0.173811,
          -0.410031,
          3.656139
        ],
        [
          0.01141,
          -0.911442,
          -0.411272,
          1.41006
        ],
        [
          0.0,
          0.0,
          0.0,
          1.0
        ]
      ]
    },
    {
      "file_path": "/media/NFS/ttao/scannet/posed_images/scene0435_03/00333.jpg",
      "transform_matrix": [
        [
          -0.520154,
          -0.34277,
          0.782271,
          4.926209
        ],
        [
          -0.854021,
          0.198653,
          -0.480818,
          3.636662
        ],
        [
          0.00941,
          -0.918175,
          -0.396063,
          1.419258
        ],
        [
          0.0,
          0.0,
          0.0,
          1.0
        ]
      ]
    },
    {
      "file_path": "/media/NFS/ttao/scannet/posed_images/scene0435_03/00340.jpg",
      "transform_matrix": [
        [
          -0.567963,
          -0.343045,
          0.748157,
          4.912028
        ],
        [
          -0.823005,
          0.226746,
          -0.520816,
          3.623075
        ],
        [
          0.009022,
          -0.911541,
          -0.41111,
          1.415505
        ],
        [
          0.0,
          0.0,
          0.0,
          1.0
        ]
      ]
    },
    {
      "file_path": "/media/NFS/ttao/scannet/posed_images/scene0435_03/00346.jpg",
      "transform_matrix": [
        [
          -0.603772,
          -0.338788,
          0.721583,
          4.914559
        ],
        [
          -0.796959,
          0.236317,
          -0.555888,
          3.614128
        ],
        [
          0.017805,
          -0.910702,
          -0.412681,
          1.41263
        ],
        [
          0.0,
          0.0,
          0.0,
          1.0
        ]
      ]
    },
    {
      "file_path": "/media/NFS/ttao/scannet/posed_images/scene0435_03/00349.jpg",
      "transform_matrix": [
        [
          -0.613663,
          -0.339332,
          0.712932,
          4.920646
        ],
        [
          -0.78939,
          0.244482,
          -0.56311,
          3.609364
        ],
        [
          0.016782,
          -0.908341,
          -0.417895,
          1.412298
        ],
        [
          0.0,
          0.0,
          0.0,
          1.0
        ]
      ]
    },
    {
      "file_path": "/media/NFS/ttao/scannet/posed_images/scene0435_03/00356.jpg",
      "transform_matrix": [
        [
          -0.609299,
          -0.323332,
          0.724025,
          4.929425
        ],
        [
          -0.792931,
          0.243981,
          -0.558331,
          3.573759
        ],
        [
          0.003878,
          -0.914292,
          -0.405038,
          1.419656
        ],
        [
          0.0,
          0.0,
          0.0,
          1.0
        ]
      ]
    },
    {
      "file_path": "/media/NFS/ttao/scannet/posed_images/scene0435_03/00360.jpg",
      "transform_matrix": [
        [
          -0.586354,
          -0.314179,
          0.746646,
          4.945388
        ],
        [
          -0.809982,
          0.23976,
          -0.535205,
          3.522243
        ],
        [
          -0.010865,
          -0.918589,
          -0.395064,
          1.427593
        ],
        [
          0.0,
          0.0,
          0.0,
          1.0
        ]
      ]
    },
    {
      "file_path": "/media/NFS/ttao/scannet/posed_images/scene0435_03/00369.jpg",
      "transform_matrix": [
        [
          -0.512741,
          -0.32762,
          0.793575,
          4.983695
        ],
        [
          -0.858116,
          0.224704,
          -0.461676,
          3.403122
        ],
        [
          -0.027065,
          -0.9177,
          -0.396351,
          1.424653
        ],
        [
          0.0,
          0.0,
          0.0,
          1.0
        ]
      ]
    },
    {
      "file_path": "/media/NFS/ttao/scannet/posed_images/scene0435_03/00376.jpg",
      "transform_matrix": [
        [
          -0.481146,
          -0.354615,
          0.801715,
          5.01091
        ],
        [
          -0.876274,
          0.221001,
          -0.428139,
          3.31806
        ],
        [
          -0.025356,
          -0.908519,
          -0.417074,
          1.415165
        ],
        [
          0.0,
          0.0,
          0.0,
          1.0
        ]
      ]
    },
    {
      "file_path": "/media/NFS/ttao/scannet/posed_images/scene0435_03/00380.jpg",
      "transform_matrix": [
        [
          -0.479731,
          -0.364819,
          0.797976,
          5.035773
        ],
        [
          -0.87716,
          0.221364,
          -0.426132,
          3.280633
        ],
        [
          -0.021182,
          -0.904381,
          -0.4262,
          1.414253
        ],
        [
          0.0,
          0.0,
          0.0,
          1.0
        ]
      ]
    },
    {
      "file_path": "/media/NFS/ttao/scannet/posed_images/scene0435_03/00385.jpg",
      "transform_matrix": [
        [
          -0.491124,
          -0.360066,
          0.79319,
          5.082807
        ],
        [
          -0.87083,
          0.2252,
          -0.436967,
          3.232316
        ],
        [
          -0.02129,
          -0.905338,
          -0.424157,
          1.407341
        ],
        [
          0.0,
          0.0,
          0.0,
          1.0
        ]
      ]
    },
    {
      "file_path": "/media/NFS/ttao/scannet/posed_images/scene0435_03/00393.jpg",
      "transform_matrix": [
        [
          -0.512936,
          -0.339059,
          0.788629,
          5.177209
        ],
        [
          -0.858393,
          0.210764,
          -0.467697,
          3.146035
        ],
        [
          -0.007637,
          -0.916852,
          -0.399154,
          1.414222
        ],
        [
          0.0,
          0.0,
          0.0,
          1.0
        ]
      ]
    },
    {
      "file_path": "/media/NFS/ttao/scannet/posed_images/scene0435_03/00400.jpg",
      "transform_matrix": [
        [
          -0.522694,
          -0.32219,
          0.789294,
          5.229756
        ],
        [
          -0.852205,
          0.222652,
          -0.473469,
          3.060174
        ],
        [
          -0.023191,
          -0.92012,
          -0.390951,
          1.409368
        ],
        [
          0.0,
          0.0,
          0.0,
          1.0
        ]
      ]
    },
    {
      "file_path": "/media/NFS/ttao/scannet/posed_images/scene0435_03/00403.jpg",
      "transform_matrix": [
        [
          -0.521309,
          -0.320592,
          0.79086,
          5.261699
        ],
        [
          -0.852978,
          0.22378,
          -0.471541,
          3.030725
        ],
        [
          -0.025807,
          -0.920404,
          -0.390116,
          1.407772
        ],
        [
          0.0,
          0.0,
          0.0,
          1.0
        ]
      ]
    },
    {
      "file_path": "/media/NFS/ttao/scannet/posed_images/scene0435_03/00412.jpg",
      "transform_matrix": [
        [
          -0.545534,
          -0.319517,
          0.774791,
          5.371711
        ],
        [
          -0.838089,
          0.208729,
          -0.504023,
          2.953437
        ],
        [
          -0.000677,
          -0.924306,
          -0.381653,
          1.384768
        ],
        [
          0.0,
          0.0,
          0.0,
          1.0
        ]
      ]
    },
    {
      "file_path": "/media/NFS/ttao/scannet/posed_images/scene0435_03/00414.jpg",
      "transform_matrix": [
        [
          -0.543151,
          -0.318624,
          0.776831,
          5.387901
        ],
        [
          -0.839625,
          0.201468,
          -0.504422,
          2.931663
        ],
        [
          0.004214,
          -0.926223,
          -0.376952,
          1.382448
        ],
        [
          0.0,
          0.0,
          0.0,
          1.0
        ]
      ]
    },
    {
      "file_path": "/media/NFS/ttao/scannet/posed_images/scene0435_03/00425.jpg",
      "transform_matrix": [
        [
          -0.533087,
          -0.318409,
          0.783859,
          5.480991
        ],
        [
          -0.845992,
          0.212467,
          -0.489036,
          2.818236
        ],
        [
          -0.010831,
          -0.923836,
          -0.382635,
          1.378842
        ],
        [
          0.0,
          0.0,
          0.0,
          1.0
        ]
      ]
    },
    {
      "file_path": "/media/NFS/ttao/scannet/posed_images/scene0435_03/00427.jpg",
      "transform_matrix": [
        [
          -0.538375,
          -0.326769,
          0.776772,
          5.506549
        ],
        [
          -0.842694,
          0.213713,
          -0.49416,
          2.813817
        ],
        [
          -0.00453,
          -0.920624,
          -0.390424,
          1.371105
        ],
        [
          0.0,
          0.0,
          0.0,
          1.0
        ]
      ]
    },
    {
      "file_path": "/media/NFS/ttao/scannet/posed_images/scene0435_03/00432.jpg",
      "transform_matrix": [
        [
          -0.584668,
          -0.339633,
          0.736759,
          5.571905
        ],
        [
          -0.811164,
          0.229802,
          -0.537778,
          2.814066
        ],
        [
          0.013339,
          -0.912053,
          -0.409855,
          1.33837
        ],
        [
          0.0,
          0.0,
          0.0,
          1.0
        ]
      ]
    },
    {
      "file_path": "/media/NFS/ttao/scannet/posed_images/scene0435_03/00440.jpg",
      "transform_matrix": [
        [
          -0.693783,
          -0.2998,
          0.654817,
          5.7353
        ],
        [
          -0.719781,
          0.258238,
          -0.644382,
          2.890423
        ],
        [
          0.024088,
          -0.918386,
          -0.394951,
          1.321624
        ],
        [
          0.0,
          0.0,
          0.0,
          1.0
        ]
      ]
    },
    {
      "file_path": "/media/NFS/ttao/scannet/posed_images/scene0435_03/00445.jpg",
      "transform_matrix": [
        [
          -0.700812,
          -0.28372,
          0.654497,
          5.824242
        ],
        [
          -0.713273,
          0.265544,
          -0.648635,
          2.909952
        ],
        [
          0.010234,
          -0.921406,
          -0.388466,
          1.330495
        ],
        [
          0.0,
          0.0,
          0.0,
          1.0
        ]
      ]
    },
    {
      "file_path": "/media/NFS/ttao/scannet/posed_images/scene0435_03/00456.jpg",
      "transform_matrix": [
        [
          -0.768468,
          -0.266882,
          0.581576,
          6.033985
        ],
        [
          -0.639084,
          0.274548,
          -0.718467,
          2.877567
        ],
        [
          0.032075,
          -0.923795,
          -0.381542,
          1.29392
        ],
        [
          0.0,
          0.0,
          0.0,
          1.0
        ]
      ]
    },
    {
      "file_path": "/media/NFS/ttao/scannet/posed_images/scene0435_03/00461.jpg",
      "transform_matrix": [
        [
          -0.798857,
          -0.200389,
          0.567162,
          6.135903
        ],
        [
          -0.601509,
          0.272212,
          -0.751058,
          2.850737
        ],
        [
          -0.003884,
          -0.94114,
          -0.337994,
          1.243854
        ],
        [
          0.0,
          0.0,
          0.0,
          1.0
        ]
      ]
    },
    {
      "file_path": "/media/NFS/ttao/scannet/posed_images/scene0435_03/00463.jpg",
      "transform_matrix": [
        [
          -0.812526,
          -0.19115,
          0.550694,
          6.18207
        ],
        [
          -0.582761,
          0.288838,
          -0.759581,
          2.831587
        ],
        [
