{
  "frames": [
    {
      "file_path": "/media/NFS/ttao/scannet/posed_images/scene0628_02/00000.jpg",
      "transform_matrix": [
        [
          -0.623994,
          0.332271,
          -0.707268,
          3.706568
        ],
        [
          0.780105,
          0.212209,
          -0.58856,
          2.142658
        ],
        [
          -0.045473,
          -0.919001,
          -0.391624,
          1.430262
        ],
        [
          0.0,
          0.0,
          0.0,
          1.0
        ]
      ]
    },
    {
      "file_path": "/media/NFS/ttao/scannet/posed_images/scene0628_02/00003.jpg",
      "transform_matrix": [
        [
          -0.639057,
          0.333226,
          -0.69323,
          3.705176
        ],
        [
          0.767948,
          0.225859,
          -0.599369,
          2.149357
        ],
        [
          -0.043153,
          -0.915395,
          -0.400237,
          1.400982
        ],
        [
          0.0,
          0.0,
          0.0,
          1.0
        ]
      ]
    },
    {
      "file_path": "/media/NFS/ttao/scannet/posed_images/scene0628_02/00006.jpg",
      "transform_matrix": [
        [
          -0.653552,
          0.340322,
          -0.676056,
          3.700291
        ],
        [
          0.755799,
          0.245677,
          -0.606968,
          2.147426
        ],
        [
          -0.040473,
          -0.907647,
          -0.417778,
          1.392668
        ],
        [
          0.0,
          0.0,
          0.0,
          1.0
        ]
      ]
    },
    {
      "file_path": "/media/NFS/ttao/scannet/posed_images/scene0628_02/00009.jpg",
      "transform_matrix": [
        [
          -0.665454,
          0.347135,
          -0.660808,
          3.704763
        ],
        [
          0.745384,
          0.261989,
          -0.612997,
          2.142395
        ],
        [
          -0.039668,
          -0.900477,
          -0.433091,
          1.374881
        ],
        [
          0.0,
          0.0,
          0.0,
          1.0
        ]
      ]
    },
    {
      "file_path": "/media/NFS/ttao/scannet/posed_images/scene0628_02/00015.jpg",
      "transform_matrix": [
        [
          -0.690186,
          0.383722,
          -0.613515,
          3.71328
        ],
        [
          0.721614,
          0.301696,
          -0.623099,
          2.12168
        ],
        [
          -0.054002,
          -0.872776,
          -0.485125,
          1.358776
        ],
        [
          0.0,
          0.0,
          0.0,
          1.0
        ]
      ]
    },
    {
      "file_path": "/media/NFS/ttao/scannet/posed_images/scene0628_02/00016.jpg",
      "transform_matrix": [
        [
          -0.69246,
          0.390403,
          -0.6067,
          3.714887
        ],
        [
          0.719422,
          0.310545,
          -0.621284,
          2.11186
        ],
        [
          -0.054144,
          -0.866688,
          -0.495904,
          1.363319
        ],
        [
          0.0,
          0.0,
          0.0,
          1.0
        ]
      ]
    },
    {
      "file_path": "/media/NFS/ttao/scannet/posed_images/scene0628_02/00021.jpg",
      "transform_matrix": [
        [
          -0.697526,
          0.406985,
          -0.589763,
          3.74222
        ],
        [
          0.715297,
          0.346642,
          -0.606786,
          2.084035
        ],
        [
          -0.042516,
          -0.845105,
          -0.532907,
          1.338919
        ],
        [
          0.0,
          0.0,
          0.0,
          1.0
        ]
      ]
    },
    {
      "file_path": "/media/NFS/ttao/scannet/posed_images/scene0628_02/00026.jpg",
      "transform_matrix": [
        [
          -0.663008,
          0.426882,
          -0.614973,
          3.757354
        ],
        [
          0.748083,
          0.346938,
          -0.56569,
          2.05422
        ],
        [
          -0.028125,
          -0.835108,
          -0.549366,
          1.336275
        ],
        [
          0.0,
          0.0,
          0.0,
          1.0
        ]
      ]
    },
    {
      "file_path": "/media/NFS/ttao/scannet/posed_images/scene0628_02/00027.jpg",
      "transform_matrix": [
        [
          -0.6591,
          0.427659,
          -0.618622,
          3.760281
        ],
        [
          0.751537,
          0.344021,
          -0.562887,
          2.051196
        ],
        [
          -0.027905,
          -0.835917,
          -0.548146,
          1.334356
        ],
        [
          0.0,
          0.0,
          0.0,
          1.0
        ]
      ]
    },
    {
      "file_path": "/media/NFS/ttao/scannet/posed_images/scene0628_02/00030.jpg",
      "transform_matrix": [
        [
          -0.641848,
          0.439441,
          -0.628429,
          3.774128
        ],
        [
          0.766331,
          0.337939,
          -0.546383,
          2.030979
        ],
        [
          -0.027732,
          -0.832279,
          -0.553663,
          1.338082
        ],
        [
          0.0,
          0.0,
          0.0,
          1.0
        ]
      ]
    },
    {
      "file_path": "/media/NFS/ttao/scannet/posed_images/scene0628_02/00036.jpg",
      "transform_matrix": [
        [
          -0.580729,
          0.462486,
          -0.66997,
          3.758535
        ],
        [
          0.813884,
          0.311003,
          -0.490786,
          2.021497
        ],
        [
          -0.018619,
          -0.830292,
          -0.557018,
          1.348001
        ],
        [
          0.0,
          0.0,
          0.0,
          1.0
        ]
      ]
    },
    {
      "file_path": "/media/NFS/ttao/scannet/posed_images/scene0628_02/00039.jpg",
      "transform_matrix": [
        [
          -0.545465,
          0.463309,
          -0.698436,
          3.754297
        ],
        [
          0.8381,
          0.294071,
          -0.459467,
          2.020182
        ],
        [
          -0.007485,
          -0.835983,
          -0.548705,
          1.353171
        ],
        [
          0.0,
          0.0,
          0.0,
          1.0
        ]
      ]
    },
    {
      "file_path": "/media/NFS/ttao/scannet/posed_images/scene0628_02/00040.jpg",
      "transform_matrix": [
        [
          -0.536438,
          0.462106,
          -0.706181,
          3.757069
        ],
        [
          0.843935,
          0.290905,
          -0.45072,
          2.017551
        ],
        [
          -0.002849,
          -0.837755,
          -0.54604,
          1.353163
        ],
        [
          0.0,
          0.0,
          0.0,
          1.0
        ]
      ]
    },
    {
      "file_path": "/media/NFS/ttao/scannet/posed_images/scene0628_02/00046.jpg",
      "transform_matrix": [
        [
          -0.501909,
          0.462907,
          -0.730619,
          3.739058
        ],
        [
          0.864902,
          0.263073,
          -0.427477,
          2.033292
        ],
        [
          -0.005676,
          -0.846469,
          -0.532408,
          1.363379
        ],
        [
          0.0,
          0.0,
          0.0,
          1.0
        ]
      ]
    },
    {
      "file_path": "/media/NFS/ttao/scannet/posed_images/scene0628_02/00048.jpg",
      "transform_matrix": [
        [
          -0.487084,
          0.461412,
          -0.741517,
          3.73222
        ],
        [
          0.873275,
          0.24581,
          -0.420676,
          2.047781
        ],
        [
          -0.011833,
          -0.852453,
          -0.52267,
          1.359183
        ],
        [
          0.0,
          0.0,
          0.0,
          1.0
        ]
      ]
    },
    {
      "file_path": "/media/NFS/ttao/scannet/posed_images/scene0628_02/00053.jpg",
      "transform_matrix": [
        [
          -0.479173,
          0.471013,
          -0.740635,
          3.691329
        ],
        [
          0.877076,
          0.224613,
          -0.424602,
          2.10358
        ],
        [
          -0.033637,
          -0.853051,
          -0.520743,
          1.372668
        ],
        [
          0.0,
          0.0,
          0.0,
          1.0
        ]
      ]
    },
    {
      "file_path": "/media/NFS/ttao/scannet/posed_images/scene0628_02/00056.jpg",
      "transform_matrix": [
        [
          -0.477476,
          0.473359,
          -0.740235,
          3.658504
        ],
        [
          0.877795,
          0.219933,
          -0.425565,
          2.14427
        ],
        [
          -0.038643,
          -0.852972,
          -0.520525,
          1.382408
        ],
        [
          0.0,
          0.0,
          0.0,
          1.0
        ]
      ]
    },
    {
      "file_path": "/media/NFS/ttao/scannet/posed_images/scene0628_02/00059.jpg",
      "transform_matrix": [
        [
          -0.473898,
          0.464725,
          -0.747965,
          3.627083
        ],
        [
          0.879649,
          0.210783,
          -0.426366,
          2.195426
        ],
        [
          -0.040484,
          -0.860001,
          -0.508684,
          1.386266
        ],
        [
          0.0,
          0.0,
          0.0,
          1.0
        ]
      ]
    },
    {
      "file_path": "/media/NFS/ttao/scannet/posed_images/scene0628_02/00063.jpg",
      "transform_matrix": [
        [
          -0.474,
          0.458754,
          -0.751577,
          3.588914
        ],
        [
          0.879252,
          0.200715,
          -0.432007,
          2.268626
        ],
        [
          -0.047332,
          -0.865597,
          -0.4985,
          1.375614
        ],
        [
          0.0,
          0.0,
          0.0,
          1.0
        ]
      ]
    },
    {
      "file_path": "/media/NFS/ttao/scannet/posed_images/scene0628_02/00066.jpg",
      "transform_matrix": [
        [
          -0.477117,
          0.45578,
          -0.751414,
          3.555618
        ],
        [
          0.877754,
          0.204654,
          -0.433203,
          2.303005
        ],
        [
          -0.043665,
          -0.866246,
          -0.497707,
          1.375615
        ],
        [
          0.0,
          0.0,
          0.0,
          1.0
        ]
      ]
    },
    {
      "file_path": "/media/NFS/ttao/scannet/posed_images/scene0628_02/00068.jpg",
      "transform_matrix": [
        [
          -0.480216,
          0.4556,
          -0.749547,
          3.538376
        ],
        [
          0.875939,
          0.204201,
          -0.437072,
          2.317451
        ],
        [
          -0.046072,
          -0.866447,
          -0.497139,
          1.375253
        ],
        [
          0.0,
          0.0,
          0.0,
          1.0
        ]
      ]
    },
    {
      "file_path": "/media/NFS/ttao/scannet/posed_images/scene0628_02/00072.jpg",
      "transform_matrix": [
        [
          -0.497165,
          0.447758,
          -0.743195,
          3.501473
        ],
        [
          0.863973,
          0.176645,
          -0.471536,
          2.34786
        ],
        [
          -0.079853,
          -0.876533,
          -0.474673,
          1.357896
        ],
        [
          0.0,
          0.0,
          0.0,
          1.0
        ]
      ]
    },
    {
      "file_path": "/media/NFS/ttao/scannet/posed_images/scene0628_02/00075.jpg",
      "transform_matrix": [
        [
          -0.499203,
          0.47625,
          -0.723866,
          3.469203
        ],
        [
          0.861551,
          0.183793,
          -0.473233,
          2.348504
        ],
        [
          -0.092336,
          -0.859887,
          -0.502064,
          1.337596
        ],
        [
          0.0,
          0.0,
          0.0,
          1.0
        ]
      ]
    },
    {
      "file_path": "/media/NFS/ttao/scannet/posed_images/scene0628_02/00078.jpg",
      "transform_matrix": [
        [
          -0.501259,
          0.484407,
          -0.717,
          3.432962
        ],
        [
          0.861379,
          0.200579,
          -0.466684,
          2.347368
        ],
        [
          -0.08225,
          -0.851539,
          -0.5178,
          1.335197
        ],
        [
          0.0,
          0.0,
          0.0,
          1.0
        ]
      ]
    },
    {
      "file_path": "/media/NFS/ttao/scannet/posed_images/scene0628_02/00081.jpg",
      "transform_matrix": [
        [
          -0.506069,
          0.48465,
          -0.713448,
          3.374501
        ],
        [
          0.859151,
          0.210524,
          -0.46641,
          2.367189
        ],
        [
          -0.075847,
          -0.848996,
          -0.522928,
          1.331953
        ],
        [
          0.0,
          0.0,
          0.0,
          1.0
        ]
      ]
    },
    {
      "file_path": "/media/NFS/ttao/scannet/posed_images/scene0628_02/00085.jpg",
      "transform_matrix": [
        [
          -0.501751,
          0.49484,
          -0.709492,
          3.3288
        ],
        [
          0.863456,
          0.237342,
          -0.445098,
          2.362195
        ],
        [
          -0.05186,
          -0.835944,
          -0.546359,
          1.322061
        ],
        [
          0.0,
          0.0,
          0.0,
          1.0
        ]
      ]
    },
    {
      "file_path": "/media/NFS/ttao/scannet/posed_images/scene0628_02/00090.jpg",
      "transform_matrix": [
        [
          -0.501278,
          0.494122,
          -0.710326,
          3.254008
        ],
        [
          0.86458,
          0.252862,
          -0.434237,
          2.364686
        ],
        [
          -0.034952,
          -0.831808,
          -0.553962,
          1.337148
        ],
        [
          0.0,
          0.0,
          0.0,
          1.0
        ]
      ]
    },
    {
      "file_path": "/media/NFS/ttao/scannet/posed_images/scene0628_02/00094.jpg",
      "transform_matrix": [
        [
          -0.512826,
          0.468984,
          -0.719072,
          3.208799
        ],
        [
          0.858104,
          0.254815,
          -0.445788,
          2.37531
        ],
        [
          -0.025837,
          -0.84565,
          -0.533113,
          1.349039
        ],
        [
          0.0,
          0.0,
          0.0,
          1.0
        ]
      ]
    },
    {
      "file_path": "/media/NFS/ttao/scannet/posed_images/scene0628_02/00097.jpg",
      "transform_matrix": [
        [
          -0.53563,
          0.440831,
          -0.720256,
          3.172175
        ],
        [
          0.844281,
          0.262373,
          -0.467279,
          2.393535
        ],
        [
          -0.017015,
          -0.858387,
          -0.51272,
          1.356325
        ],
        [
          0.0,
          0.0,
          0.0,
          1.0
        ]
      ]
    },
    {
      "file_path": "/media/NFS/ttao/scannet/posed_images/scene0628_02/00100.jpg",
      "transform_matrix": [
        [
          -0.581025,
          0.412513,
          -0.7016,
          3.13492
        ],
        [
          0.813788,
          0.281128,
          -0.508641,
          2.429355
        ],
        [
          -0.012582,
          -0.866487,
          -0.499041,
          1.359182
        ],
        [
          0.0,
          0.0,
          0.0,
          1.0
        ]
      ]
    },
    {
      "file_path": "/media/NFS/ttao/scannet/posed_images/scene0628_02/00101.jpg",
      "transform_matrix": [
        [
          -0.59205,
          0.403234,
          -0.697767,
          3.125489
        ],
        [
          0.805876,
          0.289437,
          -0.516517,
          2.439038
        ],
        [
          -0.006318,
          -0.868118,
          -0.496318,
          1.358746
        ],
        [
          0.0,
          0.0,
          0.0,
          1.0
        ]
      ]
    },
    {
      "file_path": "/media/NFS/ttao/scannet/posed_images/scene0628_02/00107.jpg",
      "transform_matrix": [
        [
          -0.65647,
          0.367626,
          -0.658709,
          3.042448
        ],
        [
          0.754246,
          0.334482,
          -0.565008,
          2.508679
        ],
        [
          0.012615,
          -0.86774,
          -0.496858,
          1.38023
        ],
        [
          0.0,
          0.0,
          0.0,
          1.0
        ]
      ]
    },
    {
      "file_path": "/media/NFS/ttao/scannet/posed_images/scene0628_02/00108.jpg",
      "transform_matrix": [
        [
          -0.664433,
          0.364191,
          -0.652606,
          3.032234
        ],
        [
          0.747238,
          0.338767,
          -0.571728,
          2.518586
        ],
        [
          0.012863,
          -0.867526,
          -0.497225,
          1.381054
        ],
        [
          0.0,
          0.0,
          0.0,
          1.0
        ]
      ]
    },
    {
      "file_path": "/media/NFS/ttao/scannet/posed_images/scene0628_02/00111.jpg",
      "transform_matrix": [
        [
          -0.698277,
          0.347653,
          -0.625737,
          2.995722
        ],
        [
          0.715729,
          0.353602,
          -0.602244,
          2.543712
        ],
        [
          0.01189,
          -0.868391,
          -0.495737,
          1.39425
        ],
        [
          0.0,
          0.0,
          0.0,
          1.0
        ]
      ]
    },
    {
      "file_path": "/media/NFS/ttao/scannet/posed_images/scene0628_02/00117.jpg",
      "transform_matrix": [
        [
          -0.749828,
          0.313951,
          -0.582402,
          2.964925
        ],
        [
          0.661535,
          0.340644,
          -0.668081,
          2.559772
        ],
        [
          -0.011353,
          -0.886226,
          -0.463114,
          1.414306
        ],
        [
          0.0,
          0.0,
          0.0,
          1.0
        ]
      ]
    },
    {
      "file_path": "/media/NFS/ttao/scannet/posed_images/scene0628_02/00121.jpg",
      "transform_matrix": [
        [
          -0.755383,
          0.313749,
          -0.57529,
          2.961038
        ],
        [
          0.654976,
          0.334589,
          -0.677537,
          2.550012
        ],
        [
          -0.020091,
          -0.888601,
          -0.45824,
          1.421413
        ],
        [
          0.0,
          0.0,
          0.0,
          1.0
        ]
      ]
    },
    {
      "file_path": "/media/NFS/ttao/scannet/posed_images/scene0628_02/00124.jpg",
      "transform_matrix": [
        [
          -0.751731,
          0.318985,
          -0.57719,
          2.964679
        ],
        [
          0.659078,
          0.333237,
          -0.674217,
          2.533656
        ],
        [
          -0.022724,
          -0.887244,
          -0.460741,
          1.428161
        ],
        [
          0.0,
          0.0,
          0.0,
          1.0
        ]
      ]
    },
    {
      "file_path": "/media/NFS/ttao/scannet/posed_images/scene0628_02/00128.jpg",
      "transform_matrix": [
        [
          -0.742422,
          0.304589,
          -0.596687,
          2.977119
        ],
        [
          0.669791,
          0.319166,
          -0.670458,
          2.508666
        ],
        [
          -0.013772,
          -0.897418,
          -0.440967,
          1.441719
        ],
        [
          0.0,
          0.0,
          0.0,
          1.0
        ]
      ]
    },
    {
      "file_path": "/media/NFS/ttao/scannet/posed_images/scene0628_02/00131.jpg",
      "transform_matrix": [
        [
          -0.717786,
          0.300961,
          -0.627858,
          3.0109
        ],
        [
          0.696224,
          0.300673,
          -0.651819,
          2.480324
        ],
        [
          -0.007392,
          -0.904997,
          -0.425355,
          1.43608
        ],
        [
          0.0,
          0.0,
          0.0,
          1.0
        ]
      ]
    },
    {
      "file_path": "/media/NFS/ttao/scannet/posed_images/scene0628_02/00132.jpg",
      "transform_matrix": [
        [
          -0.711191,
          0.301106,
          -0.635249,
          3.02037
        ],
        [
          0.70298,
          0.298113,
          -0.645715,
          2.468275
        ],
        [
          -0.005052,
          -0.905795,
          -0.423687,
          1.438311
        ],
        [
          0.0,
          0.0,
          0.0,
          1.0
        ]
      ]
    },
    {
      "file_path": "/media/NFS/ttao/scannet/posed_images/scene0628_02/00136.jpg",
      "transform_matrix": [
        [
          -0.675344,
          0.308236,
          -0.67,
          3.056993
        ],
        [
          0.73748,
          0.289256,
          -0.61029,
          2.419862
        ],
        [
          0.005688,
          -0.906268,
          -0.422666,
          1.442577
        ],
        [
          0.0,
          0.0,
          0.0,
          1.0
        ]
      ]
    },
    {
      "file_path": "/media/NFS/ttao/scannet/posed_images/scene0628_02/00141.jpg",
      "transform_matrix": [
        [
          -0.627894,
          0.331215,
          -0.704306,
          3.110281
        ],
        [
          0.777849,
          0.297829,
          -0.553398,
          2.362243
        ],
        [
          0.026469,
          -0.895319,
          -0.44464,
          1.432595
        ],
        [
          0.0,
          0.0,
          0.0,
          1.0
        ]
      ]
    },
    {
      "file_path": "/media/NFS/ttao/scannet/posed_images/scene0628_02/00142.jpg",
      "transform_matrix": [
        [
          -0.623959,
          0.330787,
          -0.707994,
          3.119615
        ],
        [
          0.780816,
          0.300596,
          -0.547693,
          2.354736
        ],
        [
          0.031651,
          -0.894552,
          -0.445843,
          1.430223
        ],
        [
          0.0,
          0.0,
          0.0,
          1.0
        ]
      ]
    },
    {
      "file_path": "/media/NFS/ttao/scannet/posed_images/scene0628_02/00148.jpg",
      "transform_matrix": [
        [
          -0.604105,
          0.321942,
          -0.728979,
          3.173429
        ],
        [
          0.795374,
          0.300254,
          -0.526525,
          2.315111
        ],
        [
          0.049368,
          -0.897887,
          -0.437449,
          1.430341
        ],
        [
          0.0,
          0.0,
          0.0,
          1.0
        ]
      ]
    },
    {
      "file_path": "/media/NFS/ttao/scannet/posed_images/scene0628_02/00149.jpg",
      "transform_matrix": [
        [
          -0.604531,
          0.319482,
          -0.729707,
          3.179777
        ],
        [
          0.79489,
          0.301606,
          -0.526483,
          2.30853
        ],
        [
          0.051882,
          -0.898313,
          -0.436283,
          1.43374
        ],
        [
          0.0,
          0.0,
          0.0,
          1.0
        ]
      ]
    },
    {
      "file_path": "/media/NFS/ttao/scannet/posed_images/scene0628_02/00154.jpg",
      "transform_matrix": [
        [
          -0.584783,
          0.291436,
          -0.75703,
          3.204626
        ],
        [
          0.8077,
          0.295666,
          -0.5101,
          2.269685
        ],
        [
          0.075166,
          -0.909751,
          -0.408294,
          1.453676
        ],
        [
          0.0,
          0.0,
          0.0,
          1.0
        ]
      ]
    },
    {
      "file_path": "/media/NFS/ttao/scannet/posed_images/scene0628_02/00158.jpg",
      "transform_matrix": [
        [
          -0.571255,
          0.281146,
          -0.771119,
          3.197915
        ],
        [
          0.817506,
          0.278641,
          -0.504027,
          2.254795
        ],
        [
          0.07316,
          -0.918323,
          -0.389013,
          1.455707
        ],
        [
          0.0,
          0.0,
          0.0,
          1.0
        ]
      ]
    },
    {
      "file_path": "/media/NFS/ttao/scannet/posed_images/scene0628_02/00161.jpg",
      "transform_matrix": [
        [
          -0.541463,
          0.287829,
          -0.789919,
          3.193775
        ],
        [
          0.838406,
          0.2546,
          -0.481928,
          2.234198
        ],
        [
          0.062401,
          -0.923219,
          -0.379174,
          1.445505
        ],
        [
          0.0,
          0.0,
          0.0,
          1.0
        ]
      ]
    },
    {
      "file_path": "/media/NFS/ttao/scannet/posed_images/scene0628_02/00166.jpg",
      "transform_matrix": [
        [
          -0.47794,
          0.307794,
          -0.8227,
          3.172527
        ],
        [
          0.877533,
          0.208728,
          -0.431705,
          2.195343
        ],
        [
          0.038844,
          -0.928276,
          -0.369859,
          1.442515
        ],
        [
          0.0,
          0.0,
          0.0,
          1.0
        ]
      ]
    },
    {
      "file_path": "/media/NFS/ttao/scannet/posed_images/scene0628_02/00169.jpg",
      "transform_matrix": [
        [
          -0.442693,
          0.317033,
          -0.838757,
          3.15767
        ],
        [
          0.896635,
          0.165211,
          -0.410794,
          2.1693
        ],
        [
          0.008337,
          -0.933914,
          -0.357401,
          1.437426
        ],
        [
          0.0,
          0.0,
          0.0,
          1.0
        ]
      ]
    },
    {
      "file_path": "/media/NFS/ttao/scannet/posed_images/scene0628_02/00170.jpg",
      "transform_matrix": [
        [
          -0.425864,
          0.322355,
          -0.845415,
          3.15637
        ],
        [
          0.904781,
          0.155192,
          -0.396594,
          2.151665
        ],
        [
          0.003358,
          -0.933811,
          -0.357752,
          1.440407
        ],
        [
          0.0,
          0.0,
          0.0,
          1.0
        ]
      ]
    },
    {
      "file_path": "/media/NFS/ttao/scannet/posed_images/scene0628_02/00176.jpg",
      "transform_matrix": [
        [
          -0.336554,
          0.356871,
          -0.871421,
          3.144896
        ],
        [
          0.940094,
          0.073916,
          -0.332806,
          2.061886
        ],
        [
          -0.054357,
          -0.931225,
          -0.360369,
          1.431133
        ],
        [
          0.0,
          0.0,
          0.0,
          1.0
        ]
      ]
    },
    {
      "file_path": "/media/NFS/ttao/scannet/posed_images/scene0628_02/00178.jpg",
      "transform_matrix": [
        [
          -0.318548,
          0.366994,
          -0.873981,
          3.142262
        ],
        [
          0.946538,
          0.073618,
          -0.314081,
          2.033332
        ],
        [
          -0.050925,
          -0.927306,
          -0.370825,
          1.434386
        ],
        [
          0.0,
          0.0,
          0.0,
          1.0
        ]
      ]
    },
    {
      "file_path": "/media/NFS/ttao/scannet/posed_images/scene0628_02/00181.jpg",
      "transform_matrix": [
        [
          -0.289571,
          0.37254,
          -0.881681,
          3.145491
        ],
        [
          0.956214,
          0.071719,
          -0.283746,
          1.996886
        ],
        [
          -0.042474,
          -0.925241,
          -0.376996,
          1.432344
        ],
        [
          0.0,
          0.0,
          0.0,
          1.0
        ]
      ]
    },
    {
      "file_path": "/media/NFS/ttao/scannet/posed_images/scene0628_02/00183.jpg",
      "transform_matrix": [
        [
          -0.262769,
          0.374358,
          -0.889274,
          3.152323
        ],
        [
          0.964335,
          0.071536,
          -0.254833,
          1.966247
        ],
        [
          -0.031783,
          -0.924521,
          -0.379804,
          1.430043
        ],
        [
          0.0,
          0.0,
          0.0,
          1.0
        ]
      ]
    },
    {
      "file_path": "/media/NFS/ttao/scannet/posed_images/scene0628_02/00189.jpg",
      "transform_matrix": [
        [
          -0.150465,
          0.394243,
          -0.906605,
          3.203563
        ],
        [
          0.988355,
          0.038933,
          -0.147102,
          1.86286
        ],
        [
          -0.022697,
          -0.918181,
          -0.39551,
          1.428685
        ],
        [
          0.0,
          0.0,
          0.0,
          1.0
        ]
      ]
    },
    {
      "file_path": "/media/NFS/ttao/scannet/posed_images/scene0628_02/00191.jpg",
      "transform_matrix": [
        [
          -0.11367,
          0.389404,
          -0.914026,
          3.226558
        ],
        [
          0.99311,
          0.018168,
          -0.115765,
          1.830227
        ],
        [
          -0.028474,
          -0.920888,
          -0.388787,
          1.430982
        ],
        [
          0.0,
          0.0,
          0.0,
          1.0
        ]
      ]
    },
    {
      "file_path": "/media/NFS/ttao/scannet/posed_images/scene0628_02/00195.jpg",
      "transform_matrix": [
        [
          -0.038579,
          0.4203,
          -0.906564,
          3.262883
        ],
        [
          0.998556,
          -0.017726,
          -0.050712,
          1.750558
        ],
        [
          -0.037383,
          -0.907212,
          -0.41901,
          1.437448
        ],
        [
          0.0,
          0.0,
          0.0,
          1.0
        ]
      ]
    },
    {
      "file_path": "/media/NFS/ttao/scannet/posed_images/scene0628_02/00197.jpg",
      "transform_matrix": [
        [
          -0.01111,
          0.425975,
          -0.904666,
          3.282313
        ],
        [
          0.998889,
          -0.036714,
          -0.029555,
          1.719831
        ],
        [
          -0.045803,
          -0.90399,
          -0.425094,
          1.432648
        ],
        [
          0.0,
          0.0,
          0.0,
          1.0
        ]
      ]
    },
    {
      "file_path": "/media/NFS/ttao/scannet/posed_images/scene0628_02/00200.jpg",
      "transform_matrix": [
        [
          0.030634,
          0.437472,
          -0.89871,
          3.289939
        ],
        [
          0.99845,
          -0.05519,
          0.007169,
          1.674646
        ],
        [
          -0.046464,
          -0.897537,
          -0.438484,
          1.427612
        ],
        [
          0.0,
          0.0,
          0.0,
          1.0
        ]
      ]
    },
    {
      "file_path": "/media/NFS/ttao/scannet/posed_images/scene0628_02/00206.jpg",
      "transform_matrix": [
        [
          0.11505,
          0.439276,
          -0.890954,
          3.281329
        ],
        [
          0.993317,
          -0.059203,
          0.099079,
          1.597729
        ],
        [
          -0.009224,
          -0.896399,
          -0.443152,
          1.405574
        ],
        [
          0.0,
          0.0,
          0.0,
          1.0
        ]
      ]
    },
    {
      "file_path": "/media/NFS/ttao/scannet/posed_images/scene0628_02/00207.jpg",
      "transform_matrix": [
        [
          0.122751,
          0.435825,
          -0.891621,
          3.28005
        ],
        [
          0.992378,
          -0.06373,
          0.105471,
          1.586424
        ],
        [
          -0.010856,
          -0.897772,
          -0.440326,
          1.400991
        ],
        [
          0.0,
          0.0,
          0.0,
          1.0
        ]
      ]
    },
    {
      "file_path": "/media/NFS/ttao/scannet/posed_images/scene0628_02/00211.jpg",
      "transform_matrix": [
        [
          0.153481,
          0.437575,
          -0.885986,
          3.267297
        ],
        [
          0.987405,
          -0.102771,
          0.120293,
          1.531521
        ],
        [
          -0.038416,
          -0.89329,
          -0.447837,
          1.38243
        ],
        [
          0.0,
          0.0,
          0.0,
          1.0
        ]
      ]
    },
    {
      "file_path": "/media/NFS/ttao/scannet/posed_images/scene0628_02/00215.jpg",
      "transform_matrix": [
        [
          0.204218,
          0.454597,
          -0.866969,
          3.236607
        ],
        [
          0.977668,
          -0.139585,
          0.157102,
          1.486206
        ],
        [
          -0.049597,
          -0.879692,
          -0.472951,
          1.375018
        ],
        [
          0.0,
          0.0,
          0.0,
          1.0
        ]
      ]
    },
    {
      "file_path": "/media/NFS/ttao/scannet/posed_images/scene0628_02/00220.jpg",
      "transform_matrix": [
        [
          0.231394,
          0.449641,
          -0.862716,
          3.200897
        ],
        [
          0.972351,
          -0.135584,
          0.190135,
          1.415044
        ],
        [
          -0.031478,
          -0.882859,
          -0.468582,
          1.377625
        ],
        [
          0.0,
          0.0,
          0.0,
          1.0
        ]
      ]
    },
    {
      "file_path": "/media/NFS/ttao/scannet/posed_images/scene0628_02/00221.jpg",
      "transform_matrix": [
        [
          0.23889,
          0.45505,
          -0.857823,
          3.191622
        ],
        [
          0.97078,
          -0.132624,
          0.199993,
          1.403054
        ],
        [
          -0.022762,
          -0.880534,
          -0.473436,
          1.379059
        ],
        [
          0.0,
          0.0,
          0.0,
          1.0
        ]
      ]
    },
    {
      "file_path": "/media/NFS/ttao/scannet/posed_images/scene0628_02/00227.jpg",
      "transform_matrix": [
        [
          0.302046,
          0.457109,
          -0.836552,
          3.146934
        ],
        [
          0.953225,
          -0.155338,
          0.259292,
          1.333291
        ],
        [
          -0.011424,
          -0.875741,
          -0.482647,
          1.380228
        ],
        [
          0.0,
          0.0,
          0.0,
          1.0
        ]
      ]
    },
    {
      "file_path": "/media/NFS/ttao/scannet/posed_images/scene0628_02/00228.jpg",
      "transform_matrix": [
        [
          0.315432,
          0.454952,
          -0.832779,
          3.139996
        ],
        [
          0.948901,
          -0.159933,
          0.272044,
          1.326562
        ],
        [
          -0.009422,
          -0.876037,
          -0.482152,
          1.383057
        ],
        [
          0.0,
          0.0,
          0.0,
          1.0
        ]
      ]
    },
    {
      "file_path": "/media/NFS/ttao/scannet/posed_images/scene0628_02/00233.jpg",
      "transform_matrix": [
        [
          0.387776,
          0.424778,
          -0.818043,
          3.119431
        ],
        [
          0.921744,
          -0.182751,
          0.342037,
          1.264507
        ],
        [
          -0.004208,
          -0.88666,
          -0.462403,
          1.389687
        ],
        [
          0.0,
          0.0,
          0.0,
          1.0
        ]
      ]
    },
    {
      "file_path": "/media/NFS/ttao/scannet/posed_images/scene0628_02/00235.jpg",
      "transform_matrix": [
        [
          0.412034,
          0.412166,
          -0.812617,
          3.114214
        ],
        [
          0.911132,
          -0.194346,
          0.363411,
          1.23779
        ],
        [
          -0.008143,
          -0.89014,
          -0.455615,
          1.388778
        ],
        [
          0.0,
          0.0,
          0.0,
          1.0
        ]
      ]
    },
    {
      "file_path": "/media/NFS/ttao/scannet/posed_images/scene0628_02/00238.jpg",
      "transform_matrix": [
        [
          0.450732,
          0.406172,
          -0.794899,
          3.104705
        ],
        [
          0.892366,
          -0.227854,
          0.389572,
          1.18766
        ],
        [
          -0.022888,
          -0.884933,
          -0.465155,
          1.387016
        ],
        [
          0.0,
          0.0,
          0.0,
          1.0
        ]
      ]
    },
    {
      "file_path": "/media/NFS/ttao/scannet/posed_images/scene0628_02/00242.jpg",
      "transform_matrix": [
        [
          0.478314,
          0.408919,
          -0.777174,
          3.081511
        ],
        [
          0.87735,
          -0.261185,
          0.402542,
          1.137058
        ],
        [
          -0.038379,
          -0.874396,
          -0.483694,
          1.388849
        ],
        [
          0.0,
          0.0,
          0.0,
          1.0
        ]
      ]
    },
    {
      "file_path": "/media/NFS/ttao/scannet/posed_images/scene0628_02/00246.jpg",
      "transform_matrix": [
        [
          0.503744,
          0.406686,
          -0.762134,
          3.062173
        ],
        [
          0.862916,
          -0.277977,
          0.422025,
          1.099134
        ],
        [
          -0.040224,
          -0.87025,
          -0.490965,
          1.392555
        ],
        [
          0.0,
          0.0,
          0.0,
          1.0
        ]
      ]
    },
    {
      "file_path": "/media/NFS/ttao/scannet/posed_images/scene0628_02/00248.jpg",
      "transform_matrix": [
        [
          0.516343,
          0.403853,
          -0.755177,
          3.057213
        ],
        [
          0.85565,
          -0.279739,
          0.435441,
          1.089751
        ],
        [
          -0.035398,
          -0.871004,
          -0.489999,
          1.392159
        ],
        [
          0.0,
          0.0,
          0.0,
          1.0
        ]
      ]
    },
    {
      "file_path": "/media/NFS/ttao/scannet/posed_images/scene0628_02/00253.jpg",
      "transform_matrix": [
        [
          0.550991,
          0.406635,
          -0.728737,
          3.04606
        ],
        [
          0.834407,
          -0.282248,
          0.473393,
          1.070585
        ],
        [
          -0.013186,
          -0.868899,
          -0.494815,
          1.39099
        ],
        [
          0.0,
          0.0,
          0.0,
          1.0
        ]
      ]
    },
    {
      "file_path": "/media/NFS/ttao/scannet/posed_images/scene0628_02/00257.jpg",
      "transform_matrix": [
        [
          0.580482,
          0.394257,
          -0.712462,
          3.049868
        ],
        [
          0.814199,
          -0.292818,
          0.501335,
          1.087337
        ],
        [
          -0.010967,
          -0.871102,
          -0.490979,
          1.394308
        ],
        [
          0.0,
          0.0,
          0.0,
          1.0
        ]
      ]
    },
    {
      "file_path": "/media/NFS/ttao/scannet/posed_images/scene0628_02/00259.jpg",
      "transform_matrix": [
        [
          0.595285,
          0.388246,
          -0.703492,
          3.056802
        ],
        [
          0.803443,
          -0.299333,
          0.514665,
          1.098409
        ],
        [
          -0.010761,
          -0.871588,
          -0.490122,
          1.392119
        ],
        [
          0.0,
          0.0,
          0.0,
          1.0
        ]
      ]
    },
    {
      "file_path": "/media/NFS/ttao/scannet/posed_images/scene0628_02/00262.jpg",
      "transform_matrix": [
        [
          0.61614,
          0.377378,
          -0.691344,
          3.065591
        ],
        [
          0.787479,
          -0.312709,
          0.531121,
          1.112671
        ],
        [
          -0.015757,
          -0.871665,
          -0.48985,
