{
  "frames": [
    {
      "file_path": "/media/NFS/ttao/scannet/posed_images/scene0354_00/00001.jpg",
      "transform_matrix": [
        [
          -0.99587,
          0.075372,
          -0.050618,
          1.235712
        ],
        [
          0.085692,
          0.596073,
          -0.798345,
          3.090622
        ],
        [
          -0.030001,
          -0.799385,
          -0.60007,
          1.281318
        ],
        [
          0.0,
          0.0,
          0.0,
          1.0
        ]
      ]
    },
    {
      "file_path": "/media/NFS/ttao/scannet/posed_images/scene0354_00/00005.jpg",
      "transform_matrix": [
        [
          -0.997716,
          0.064878,
          -0.018791,
          1.208764
        ],
        [
          0.054038,
          0.599799,
          -0.798324,
          3.033174
        ],
        [
          -0.040523,
          -0.797517,
          -0.601935,
          1.277859
        ],
        [
          0.0,
          0.0,
          0.0,
          1.0
        ]
      ]
    },
    {
      "file_path": "/media/NFS/ttao/scannet/posed_images/scene0354_00/00009.jpg",
      "transform_matrix": [
        [
          -0.998617,
          0.051506,
          0.010561,
          1.17428
        ],
        [
          0.023549,
          0.617748,
          -0.786024,
          2.968225
        ],
        [
          -0.047009,
          -0.784688,
          -0.618106,
          1.288075
        ],
        [
          0.0,
          0.0,
          0.0,
          1.0
        ]
      ]
    },
    {
      "file_path": "/media/NFS/ttao/scannet/posed_images/scene0354_00/00010.jpg",
      "transform_matrix": [
        [
          -0.998706,
          0.047832,
          0.017288,
          1.17155
        ],
        [
          0.015931,
          0.617007,
          -0.786796,
          2.950169
        ],
        [
          -0.048301,
          -0.785503,
          -0.616971,
          1.282836
        ],
        [
          0.0,
          0.0,
          0.0,
          1.0
        ]
      ]
    },
    {
      "file_path": "/media/NFS/ttao/scannet/posed_images/scene0354_00/00017.jpg",
      "transform_matrix": [
        [
          -0.998716,
          0.004393,
          0.050458,
          1.123844
        ],
        [
          -0.037041,
          0.616109,
          -0.786789,
          2.85808
        ],
        [
          -0.034544,
          -0.787649,
          -0.615156,
          1.305083
        ],
        [
          0.0,
          0.0,
          0.0,
          1.0
        ]
      ]
    },
    {
      "file_path": "/media/NFS/ttao/scannet/posed_images/scene0354_00/00018.jpg",
      "transform_matrix": [
        [
          -0.998304,
          0.002152,
          0.058177,
          1.116726
        ],
        [
          -0.04446,
          0.616952,
          -0.785744,
          2.845829
        ],
        [
          -0.037583,
          -0.786998,
          -0.61581,
          1.309086
        ],
        [
          0.0,
          0.0,
          0.0,
          1.0
        ]
      ]
    },
    {
      "file_path": "/media/NFS/ttao/scannet/posed_images/scene0354_00/00021.jpg",
      "transform_matrix": [
        [
          -0.997142,
          0.003096,
          0.075489,
          1.097773
        ],
        [
          -0.058125,
          0.606864,
          -0.792678,
          2.806176
        ],
        [
          -0.048266,
          -0.7948,
          -0.604949,
          1.311417
        ],
        [
          0.0,
          0.0,
          0.0,
          1.0
        ]
      ]
    },
    {
      "file_path": "/media/NFS/ttao/scannet/posed_images/scene0354_00/00028.jpg",
      "transform_matrix": [
        [
          -0.99678,
          0.002417,
          0.080146,
          1.069732
        ],
        [
          -0.060943,
          0.626727,
          -0.776852,
          2.669991
        ],
        [
          -0.052107,
          -0.779235,
          -0.624562,
          1.311599
        ],
        [
          0.0,
          0.0,
          0.0,
          1.0
        ]
      ]
    },
    {
      "file_path": "/media/NFS/ttao/scannet/posed_images/scene0354_00/00032.jpg",
      "transform_matrix": [
        [
          -0.997539,
          0.00605,
          0.069857,
          1.038309
        ],
        [
          -0.053637,
          0.575835,
          -0.815805,
          2.593569
        ],
        [
          -0.045162,
          -0.817544,
          -0.574093,
          1.318223
        ],
        [
          0.0,
          0.0,
          0.0,
          1.0
        ]
      ]
    },
    {
      "file_path": "/media/NFS/ttao/scannet/posed_images/scene0354_00/00033.jpg",
      "transform_matrix": [
        [
          -0.997814,
          0.009174,
          0.065443,
          1.037748
        ],
        [
          -0.048493,
          0.57112,
          -0.819433,
          2.573699
        ],
        [
          -0.044894,
          -0.820815,
          -0.569427,
          1.320768
        ],
        [
          0.0,
          0.0,
          0.0,
          1.0
        ]
      ]
    },
    {
      "file_path": "/media/NFS/ttao/scannet/posed_images/scene0354_00/00037.jpg",
      "transform_matrix": [
        [
          -0.997606,
          0.015173,
          0.067471,
          1.033832
        ],
        [
          -0.049221,
          0.529543,
          -0.846854,
          2.501155
        ],
        [
          -0.048578,
          -0.848147,
          -0.527529,
          1.329725
        ],
        [
          0.0,
          0.0,
          0.0,
          1.0
        ]
      ]
    },
    {
      "file_path": "/media/NFS/ttao/scannet/posed_images/scene0354_00/00041.jpg",
      "transform_matrix": [
        [
          -0.995462,
          0.003166,
          0.095104,
          1.031449
        ],
        [
          -0.07712,
          0.55863,
          -0.825824,
          2.435081
        ],
        [
          -0.055742,
          -0.829411,
          -0.555851,
          1.324478
        ],
        [
          0.0,
          0.0,
          0.0,
          1.0
        ]
      ]
    },
    {
      "file_path": "/media/NFS/ttao/scannet/posed_images/scene0354_00/00047.jpg",
      "transform_matrix": [
        [
          -0.987445,
          -0.051553,
          0.149311,
          1.003487
        ],
        [
          -0.153849,
          0.52815,
          -0.835097,
          2.341763
        ],
        [
          -0.035807,
          -0.847584,
          -0.529451,
          1.313427
        ],
        [
          0.0,
          0.0,
          0.0,
          1.0
        ]
      ]
    },
    {
      "file_path": "/media/NFS/ttao/scannet/posed_images/scene0354_00/00048.jpg",
      "transform_matrix": [
        [
          -0.986149,
          -0.06396,
          0.153035,
          0.998016
        ],
        [
          -0.163503,
          0.529977,
          -0.8321,
          2.323274
        ],
        [
          -0.027884,
          -0.845596,
          -0.533094,
          1.312978
        ],
        [
          0.0,
          0.0,
          0.0,
          1.0
        ]
      ]
    },
    {
      "file_path": "/media/NFS/ttao/scannet/posed_images/scene0354_00/00053.jpg",
      "transform_matrix": [
        [
          -0.969813,
          -0.10948,
          0.217892,
          0.958921
        ],
        [
          -0.243299,
          0.49445,
          -0.834461,
          2.238651
        ],
        [
          -0.01638,
          -0.862284,
          -0.50616,
          1.310272
        ],
        [
          0.0,
          0.0,
          0.0,
          1.0
        ]
      ]
    },
    {
      "file_path": "/media/NFS/ttao/scannet/posed_images/scene0354_00/00057.jpg",
      "transform_matrix": [
        [
          -0.956994,
          -0.178776,
          0.228477,
          0.939198
        ],
        [
          -0.288947,
          0.51699,
          -0.805749,
          2.183283
        ],
        [
          0.025928,
          -0.837115,
          -0.546413,
          1.314835
        ],
        [
          0.0,
          0.0,
          0.0,
          1.0
        ]
      ]
    },
    {
      "file_path": "/media/NFS/ttao/scannet/posed_images/scene0354_00/00060.jpg",
      "transform_matrix": [
        [
          -0.943081,
          -0.19365,
          0.270366,
          0.908133
        ],
        [
          -0.33196,
          0.499219,
          -0.800365,
          2.131117
        ],
        [
          0.020019,
          -0.844559,
          -0.535088,
          1.315311
        ],
        [
          0.0,
          0.0,
          0.0,
          1.0
        ]
      ]
    },
    {
      "file_path": "/media/NFS/ttao/scannet/posed_images/scene0354_00/00064.jpg",
      "transform_matrix": [
        [
          -0.927076,
          -0.206825,
          0.312654,
          0.897615
        ],
        [
          -0.374791,
          0.528692,
          -0.761588,
          2.07915
        ],
        [
          -0.007783,
          -0.82323,
          -0.567654,
          1.324834
        ],
        [
          0.0,
          0.0,
          0.0,
          1.0
        ]
      ]
    },
    {
      "file_path": "/media/NFS/ttao/scannet/posed_images/scene0354_00/00068.jpg",
      "transform_matrix": [
        [
          -0.907465,
          -0.233779,
          0.349076,
          0.881392
        ],
        [
          -0.420119,
          0.499712,
          -0.757488,
          2.020589
        ],
        [
          0.002647,
          -0.834047,
          -0.551687,
          1.335119
        ],
        [
          0.0,
          0.0,
          0.0,
          1.0
        ]
      ]
    },
    {
      "file_path": "/media/NFS/ttao/scannet/posed_images/scene0354_00/00071.jpg",
      "transform_matrix": [
        [
          -0.895213,
          -0.262598,
          0.36005,
          0.866535
        ],
        [
          -0.445139,
          0.488676,
          -0.750365,
          1.960769
        ],
        [
          0.021096,
          -0.832008,
          -0.554362,
          1.337023
        ],
        [
          0.0,
          0.0,
          0.0,
          1.0
        ]
      ]
    },
    {
      "file_path": "/media/NFS/ttao/scannet/posed_images/scene0354_00/00075.jpg",
      "transform_matrix": [
        [
          -0.888514,
          -0.260768,
          0.377549,
          0.855573
        ],
        [
          -0.457965,
          0.452888,
          -0.764958,
          1.887418
        ],
        [
          0.028489,
          -0.85258,
          -0.52182,
          1.334043
        ],
        [
          0.0,
          0.0,
          0.0,
          1.0
        ]
      ]
    },
    {
      "file_path": "/media/NFS/ttao/scannet/posed_images/scene0354_00/00079.jpg",
      "transform_matrix": [
        [
          -0.876706,
          -0.2758,
          0.394106,
          0.857705
        ],
        [
          -0.479973,
          0.4474,
          -0.754625,
          1.804271
        ],
        [
          0.031802,
          -0.850745,
          -0.524615,
          1.334579
        ],
        [
          0.0,
          0.0,
          0.0,
          1.0
        ]
      ]
    },
    {
      "file_path": "/media/NFS/ttao/scannet/posed_images/scene0354_00/00084.jpg",
      "transform_matrix": [
        [
          -0.840229,
          -0.304017,
          0.448986,
          0.860539
        ],
        [
          -0.541506,
          0.427629,
          -0.723813,
          1.700659
        ],
        [
          0.028052,
          -0.851297,
          -0.523934,
          1.32934
        ],
        [
          0.0,
          0.0,
          0.0,
          1.0
        ]
      ]
    },
    {
      "file_path": "/media/NFS/ttao/scannet/posed_images/scene0354_00/00088.jpg",
      "transform_matrix": [
        [
          -0.81042,
          -0.332784,
          0.482155,
          0.865521
        ],
        [
          -0.585424,
          0.428673,
          -0.688127,
          1.626205
        ],
        [
          0.022311,
          -0.839937,
          -0.542225,
          1.329299
        ],
        [
          0.0,
          0.0,
          0.0,
          1.0
        ]
      ]
    },
    {
      "file_path": "/media/NFS/ttao/scannet/posed_images/scene0354_00/00090.jpg",
      "transform_matrix": [
        [
          -0.795909,
          -0.348657,
          0.494941,
          0.862236
        ],
        [
          -0.604591,
          0.415075,
          -0.67984,
          1.590137
        ],
        [
          0.031593,
          -0.840328,
          -0.541157,
          1.328229
        ],
        [
          0.0,
          0.0,
          0.0,
          1.0
        ]
      ]
    },
    {
      "file_path": "/media/NFS/ttao/scannet/posed_images/scene0354_00/00095.jpg",
      "transform_matrix": [
        [
          -0.747718,
          -0.367604,
          0.552978,
          0.864755
        ],
        [
          -0.66342,
          0.37828,
          -0.645584,
          1.503157
        ],
        [
          0.028139,
          -0.849571,
          -0.526723,
          1.325259
        ],
        [
          0.0,
          0.0,
          0.0,
          1.0
        ]
      ]
    },
    {
      "file_path": "/media/NFS/ttao/scannet/posed_images/scene0354_00/00099.jpg",
      "transform_matrix": [
        [
          -0.684453,
          -0.394978,
          0.612793,
          0.856218
        ],
        [
          -0.728856,
          0.350989,
          -0.587857,
          1.428553
        ],
        [
          0.017107,
          -0.848999,
          -0.528118,
          1.322368
        ],
        [
          0.0,
          0.0,
          0.0,
          1.0
        ]
      ]
    },
    {
      "file_path": "/media/NFS/ttao/scannet/posed_images/scene0354_00/00100.jpg",
      "transform_matrix": [
        [
          -0.672674,
          -0.403736,
          0.620087,
          0.853115
        ],
        [
          -0.739562,
          0.3401,
          -0.580844,
          1.418113
        ],
        [
          0.023616,
          -0.849311,
          -0.527364,
          1.322102
        ],
        [
          0.0,
          0.0,
          0.0,
          1.0
        ]
      ]
    },
    {
      "file_path": "/media/NFS/ttao/scannet/posed_images/scene0354_00/00106.jpg",
      "transform_matrix": [
        [
          -0.580215,
          -0.450734,
          0.678372,
          0.842656
        ],
        [
          -0.81356,
          0.281529,
          -0.508784,
          1.320876
        ],
        [
          0.038345,
          -0.847101,
          -0.530047,
          1.330938
        ],
        [
          0.0,
          0.0,
          0.0,
          1.0
        ]
      ]
    },
    {
      "file_path": "/media/NFS/ttao/scannet/posed_images/scene0354_00/00109.jpg",
      "transform_matrix": [
        [
          -0.544731,
          -0.467795,
          0.696014,
          0.846537
        ],
        [
          -0.837852,
          0.268302,
          -0.475413,
          1.277122
        ],
        [
          0.035654,
          -0.842129,
          -0.538096,
          1.338316
        ],
        [
          0.0,
          0.0,
          0.0,
          1.0
        ]
      ]
    },
    {
      "file_path": "/media/NFS/ttao/scannet/posed_images/scene0354_00/00111.jpg",
      "transform_matrix": [
        [
          -0.523288,
          -0.469427,
          0.711202,
          0.85531
        ],
        [
          -0.851345,
          0.251597,
          -0.460337,
          1.252519
        ],
        [
          0.037158,
          -0.846367,
          -0.531302,
          1.341356
        ],
        [
          0.0,
          0.0,
          0.0,
          1.0
        ]
      ]
    },
    {
      "file_path": "/media/NFS/ttao/scannet/posed_images/scene0354_00/00117.jpg",
      "transform_matrix": [
        [
          -0.43467,
          -0.497889,
          0.750446,
          0.883935
        ],
        [
          -0.899651,
          0.20201,
          -0.387066,
          1.159804
        ],
        [
          0.041118,
          -0.843385,
          -0.535734,
          1.331435
        ],
        [
          0.0,
          0.0,
          0.0,
          1.0
        ]
      ]
    },
    {
      "file_path": "/media/NFS/ttao/scannet/posed_images/scene0354_00/00119.jpg",
      "transform_matrix": [
        [
          -0.411391,
          -0.513279,
          0.753194,
          0.903799
        ],
        [
          -0.91027,
          0.189165,
          -0.368274,
          1.125487
        ],
        [
          0.046549,
          -0.837115,
          -0.545044,
          1.330534
        ],
        [
          0.0,
          0.0,
          0.0,
          1.0
        ]
      ]
    },
    {
      "file_path": "/media/NFS/ttao/scannet/posed_images/scene0354_00/00123.jpg",
      "transform_matrix": [
        [
          -0.359323,
          -0.532487,
          0.766384,
          0.942058
        ],
        [
          -0.931742,
          0.158604,
          -0.326653,
          1.056938
        ],
        [
          0.052387,
          -0.831446,
          -0.553131,
          1.338308
        ],
        [
          0.0,
          0.0,
          0.0,
          1.0
        ]
      ]
    },
    {
      "file_path": "/media/NFS/ttao/scannet/posed_images/scene0354_00/00127.jpg",
      "transform_matrix": [
        [
          -0.31038,
          -0.5012,
          0.807752,
          0.969451
        ],
        [
          -0.9488,
          0.110882,
          -0.295777,
          0.992365
        ],
        [
          0.058678,
          -0.858198,
          -0.509954,
          1.344676
        ],
        [
          0.0,
          0.0,
          0.0,
          1.0
        ]
      ]
    },
    {
      "file_path": "/media/NFS/ttao/scannet/posed_images/scene0354_00/00133.jpg",
      "transform_matrix": [
        [
          -0.237584,
          -0.514251,
          0.824075,
          1.002759
        ],
        [
          -0.970787,
          0.096401,
          -0.219724,
          0.911
        ],
        [
          0.033551,
          -0.852205,
          -0.522132,
          1.340732
        ],
        [
          0.0,
          0.0,
          0.0,
          1.0
        ]
      ]
    },
    {
      "file_path": "/media/NFS/ttao/scannet/posed_images/scene0354_00/00134.jpg",
      "transform_matrix": [
        [
          -0.22853,
          -0.515132,
          0.826082,
          1.009091
        ],
        [
          -0.972889,
          0.089886,
          -0.213092,
          0.900506
        ],
        [
          0.035517,
          -0.852384,
          -0.521708,
          1.343092
        ],
        [
          0.0,
          0.0,
          0.0,
          1.0
        ]
      ]
    },
    {
      "file_path": "/media/NFS/ttao/scannet/posed_images/scene0354_00/00141.jpg",
      "transform_matrix": [
        [
          -0.093795,
          -0.507273,
          0.856666,
          1.067899
        ],
        [
          -0.995033,
          0.018955,
          -0.097721,
          0.82529
        ],
        [
          0.033333,
          -0.861577,
          -0.506531,
          1.350872
        ],
        [
          0.0,
          0.0,
          0.0,
          1.0
        ]
      ]
    },
    {
      "file_path": "/media/NFS/ttao/scannet/posed_images/scene0354_00/00143.jpg",
      "transform_matrix": [
        [
          -0.046689,
          -0.505531,
          0.861545,
          1.085044
        ],
        [
          -0.997879,
          -0.015572,
          -0.063214,
          0.803401
        ],
        [
          0.045373,
          -0.862668,
          -0.503731,
          1.35362
        ],
        [
          0.0,
          0.0,
          0.0,
          1.0
        ]
      ]
    },
    {
      "file_path": "/media/NFS/ttao/scannet/posed_images/scene0354_00/00149.jpg",
      "transform_matrix": [
        [
          0.082409,
          -0.458731,
          0.884745,
          1.14531
        ],
        [
          -0.994468,
          -0.095877,
          0.042917,
          0.750264
        ],
        [
          0.065139,
          -0.883387,
          -0.464095,
          1.381587
        ],
        [
          0.0,
          0.0,
          0.0,
          1.0
        ]
      ]
    },
    {
      "file_path": "/media/NFS/ttao/scannet/posed_images/scene0354_00/00150.jpg",
      "transform_matrix": [
        [
          0.095328,
          -0.459279,
          0.883162,
          1.15942
        ],
        [
          -0.99395,
          -0.092542,
          0.059161,
          0.737956
        ],
        [
          0.054558,
          -0.883459,
          -0.465322,
          1.387446
        ],
        [
          0.0,
          0.0,
          0.0,
          1.0
        ]
      ]
    },
    {
      "file_path": "/media/NFS/ttao/scannet/posed_images/scene0354_00/00155.jpg",
      "transform_matrix": [
        [
          0.15997,
          -0.433134,
          0.88702,
          1.21963
        ],
        [
          -0.987011,
          -0.083658,
          0.137152,
          0.71534
        ],
        [
          0.014801,
          -0.897439,
          -0.440891,
          1.393229
        ],
        [
          0.0,
          0.0,
          0.0,
          1.0
        ]
      ]
    },
    {
      "file_path": "/media/NFS/ttao/scannet/posed_images/scene0354_00/00158.jpg",
      "transform_matrix": [
        [
          0.189132,
          -0.437889,
          0.87891,
          1.260715
        ],
        [
          -0.981917,
          -0.091884,
          0.16552,
          0.699167
        ],
        [
          0.008278,
          -0.894321,
          -0.447349,
          1.387918
        ],
        [
          0.0,
          0.0,
          0.0,
          1.0
        ]
      ]
    },
    {
      "file_path": "/media/NFS/ttao/scannet/posed_images/scene0354_00/00163.jpg",
      "transform_matrix": [
        [
          0.138016,
          -0.433351,
          0.890594,
          1.340966
        ],
        [
          -0.989434,
          -0.100645,
          0.104361,
          0.675695
        ],
        [
          0.044409,
          -0.895588,
          -0.442663,
          1.385605
        ],
        [
          0.0,
          0.0,
          0.0,
          1.0
        ]
      ]
    },
    {
      "file_path": "/media/NFS/ttao/scannet/posed_images/scene0354_00/00164.jpg",
      "transform_matrix": [
        [
          0.108687,
          -0.433964,
          0.89435,
          1.349926
        ],
        [
          -0.99272,
          -0.094364,
          0.074854,
          0.682517
        ],
        [
          0.051911,
          -0.895975,
          -0.441061,
          1.388864
        ],
        [
          0.0,
          0.0,
          0.0,
          1.0
        ]
      ]
    },
    {
      "file_path": "/media/NFS/ttao/scannet/posed_images/scene0354_00/00171.jpg",
      "transform_matrix": [
        [
          -0.055378,
          -0.386081,
          0.920801,
          1.382509
        ],
        [
          -0.997739,
          -0.013772,
          -0.065779,
          0.692485
        ],
        [
          0.038077,
          -0.922362,
          -0.384446,
          1.383048
        ],
        [
          0.0,
          0.0,
          0.0,
          1.0
        ]
      ]
    },
    {
      "file_path": "/media/NFS/ttao/scannet/posed_images/scene0354_00/00172.jpg",
      "transform_matrix": [
        [
          -0.05131,
          -0.384347,
          0.921761,
          1.38486
        ],
        [
          -0.998162,
          -0.010058,
          -0.059757,
          0.688483
        ],
        [
          0.032239,
          -0.923134,
          -0.383125,
          1.380533
        ],
        [
          0.0,
          0.0,
          0.0,
          1.0
        ]
      ]
    },
    {
      "file_path": "/media/NFS/ttao/scannet/posed_images/scene0354_00/00176.jpg",
      "transform_matrix": [
        [
          -0.028522,
          -0.398829,
          0.916581,
          1.396155
        ],
        [
          -0.999209,
          -0.014058,
          -0.03721,
          0.678066
        ],
        [
          0.027725,
          -0.916917,
          -0.398113,
          1.368564
        ],
        [
          0.0,
          0.0,
          0.0,
          1.0
        ]
      ]
    },
    {
      "file_path": "/media/NFS/ttao/scannet/posed_images/scene0354_00/00180.jpg",
      "transform_matrix": [
        [
          0.023418,
          -0.413435,
          0.910232,
          1.404255
        ],
        [
          -0.999338,
          -0.03502,
          0.009804,
          0.663167
        ],
        [
          0.027823,
          -0.90986,
          -0.413981,
          1.367127
        ],
        [
          0.0,
          0.0,
          0.0,
          1.0
        ]
      ]
    },
    {
      "file_path": "/media/NFS/ttao/scannet/posed_images/scene0354_00/00185.jpg",
      "transform_matrix": [
        [
          0.063381,
          -0.425113,
          0.902918,
          1.40953
        ],
        [
          -0.997566,
          -0.053333,
          0.044915,
          0.647054
        ],
        [
          0.029061,
          -0.903568,
          -0.427459,
          1.365713
        ],
        [
          0.0,
          0.0,
          0.0,
          1.0
        ]
      ]
    },
    {
      "file_path": "/media/NFS/ttao/scannet/posed_images/scene0354_00/00187.jpg",
      "transform_matrix": [
        [
          0.058324,
          -0.421141,
          0.905118,
          1.415929
        ],
        [
          -0.998031,
          -0.045573,
          0.043106,
          0.637938
        ],
        [
          0.023095,
          -0.90585,
          -0.42297,
          1.361448
        ],
        [
          0.0,
          0.0,
          0.0,
          1.0
        ]
      ]
    },
    {
      "file_path": "/media/NFS/ttao/scannet/posed_images/scene0354_00/00193.jpg",
      "transform_matrix": [
        [
          0.07825,
          -0.447401,
          0.890904,
          1.45656
        ],
        [
          -0.996854,
          -0.023822,
          0.075593,
          0.622792
        ],
        [
          -0.012597,
          -0.894016,
          -0.447858,
          1.342232
        ],
        [
          0.0,
          0.0,
          0.0,
          1.0
        ]
      ]
    },
    {
      "file_path": "/media/NFS/ttao/scannet/posed_images/scene0354_00/00197.jpg",
      "transform_matrix": [
        [
          0.084372,
          -0.470048,
          0.878599,
          1.508412
        ],
        [
          -0.996413,
          -0.045598,
          0.071291,
          0.625383
        ],
        [
          0.006552,
          -0.881462,
          -0.472209,
          1.327433
        ],
        [
          0.0,
          0.0,
          0.0,
          1.0
        ]
      ]
    },
    {
      "file_path": "/media/NFS/ttao/scannet/posed_images/scene0354_00/00200.jpg",
      "transform_matrix": [
        [
          0.102161,
          -0.471686,
          0.875828,
          1.566775
        ],
        [
          -0.994706,
          -0.058234,
          0.084665,
          0.622382
        ],
        [
          0.011068,
          -0.879841,
          -0.475138,
          1.329281
        ],
        [
          0.0,
          0.0,
          0.0,
          1.0
        ]
      ]
    },
    {
      "file_path": "/media/NFS/ttao/scannet/posed_images/scene0354_00/00202.jpg",
      "transform_matrix": [
        [
          0.101209,
          -0.47463,
          0.874347,
          1.604812
        ],
        [
          -0.994761,
          -0.061028,
          0.082019,
          0.625767
        ],
        [
          0.014431,
          -0.878067,
          -0.47832,
          1.326279
        ],
        [
          0.0,
          0.0,
          0.0,
          1.0
        ]
      ]
    },
    {
      "file_path": "/media/NFS/ttao/scannet/posed_images/scene0354_00/00207.jpg",
      "transform_matrix": [
        [
          0.110972,
          -0.446793,
          0.887728,
          1.696159
        ],
        [
          -0.993819,
          -0.052683,
          0.097719,
          0.632441
        ],
        [
          0.003108,
          -0.893085,
          -0.449877,
          1.325433
        ],
        [
          0.0,
          0.0,
          0.0,
          1.0
        ]
      ]
    },
    {
      "file_path": "/media/NFS/ttao/scannet/posed_images/scene0354_00/00212.jpg",
      "transform_matrix": [
        [
          0.166582,
          -0.466321,
          0.86879,
          1.793974
        ],
        [
          -0.985873,
          -0.094355,
          0.138387,
          0.644472
        ],
        [
          0.017442,
          -0.879569,
          -0.475451,
          1.319898
        ],
        [
          0.0,
          0.0,
          0.0,
          1.0
        ]
      ]
    },
    {
      "file_path": "/media/NFS/ttao/scannet/posed_images/scene0354_00/00214.jpg",
      "transform_matrix": [
        [
          0.187348,
          -0.466634,
          0.864381,
          1.829236
        ],
        [
          -0.982008,
          -0.110199,
          0.153352,
          0.645195
        ],
        [
          0.023695,
          -0.877559,
          -0.478884,
          1.31472
        ],
        [
          0.0,
          0.0,
          0.0,
          1.0
        ]
      ]
    },
    {
      "file_path": "/media/NFS/ttao/scannet/posed_images/scene0354_00/00218.jpg",
      "transform_matrix": [
        [
          0.247553,
          -0.471436,
          0.846443,
          1.904035
        ],
        [
          -0.968376,
          -0.148405,
          0.200558,
          0.638781
        ],
        [
          0.031067,
          -0.869324,
          -0.493266,
          1.299873
        ],
        [
          0.0,
          0.0,
          0.0,
          1.0
        ]
      ]
    },
    {
      "file_path": "/media/NFS/ttao/scannet/posed_images/scene0354_00/00223.jpg",
      "transform_matrix": [
        [
          0.298434,
          -0.46813,
          0.83174,
          1.978129
        ],
        [
          -0.954412,
          -0.140983,
          0.2631,
          0.641929
        ],
        [
          -0.005904,
          -0.872341,
          -0.488863,
          1.29853
        ],
        [
          0.0,
          0.0,
          0.0,
          1.0
        ]
      ]
    },
    {
      "file_path": "/media/NFS/ttao/scannet/posed_images/scene0354_00/00225.jpg",
      "transform_matrix": [
        [
          0.331487,
          -0.473433,
          0.816074,
          2.006624
        ],
        [
          -0.943428,
          -0.15925,
          0.290831,
          0.63895
        ],
        [
          -0.007729,
          -0.866314,
          -0.49944,
          1.300281
        ],
        [
          0.0,
          0.0,
          0.0,
          1.0
        ]
      ]
    },
    {
      "file_path": "/media/NFS/ttao/scannet/posed_images/scene0354_00/00231.jpg",
      "transform_matrix": [
        [
          0.416165,
          -0.502777,
          0.757642,
          2.082573
        ],
        [
          -0.908614,
          -0.197835,
          0.367807,
          0.630323
        ],
        [
          -0.035037,
          -0.841473,
          -0.539162,
          1.301888
        ],
        [
          0.0,
          0.0,
          0.0,
          1.0
        ]
      ]
    },
    {
      "file_path": "/media/NFS/ttao/scannet/posed_images/scene0354_00/00232.jpg",
      "transform_matrix": [
        [
          0.433431,
          -0.498097,
          0.751023,
          2.093105
        ],
        [
          -0.900485,
          -0.206491,
          0.382738,
          0.62787
        ],
        [
          -0.035562,
          -0.842176,
          -0.538029,
          1.303386
        ],
        [
          0.0,
          0.0,
          0.0,
          1.0
        ]
      ]
    },
    {
      "file_path": "/media/NFS/ttao/scannet/posed_images/scene0354_00/00239.jpg",
      "transform_matrix": [
        [
          0.499062,
          -0.484353,
          0.718567,
          2.138409
        ],
        [
          -0.862914,
          -0.201723,
          0.463343,
          0.616243
        ],
        [
          -0.07947,
          -0.851299,
          -0.518628,
          1.302217
        ],
        [
          0.0,
          0.0,
          0.0,
          1.0
        ]
      ]
    },
    {
      "file_path": "/media/NFS/ttao/scannet/posed_images/scene0354_00/00240.jpg",
      "transform_matrix": [
        [
          0.503317,
          -0.487361,
          0.713548,
          2.14686
        ],
        [
          -0.860803,
          -0.210706,
          0.463272,
          0.619504
        ],
        [
          -0.075432,
          -0.847397,
          -0.525574,
          1.310577
        ],
        [
          0.0,
          0.0,
          0.0,
          1.0
        ]
      ]
    },
    {
      "file_path": "/media/NFS/ttao/scannet/posed_images/scene0354_00/00245.jpg",
      "transform_matrix": [
        [
          0.52968,
          -0.457301,
          0.714363,
          2.167183
        ],
        [
          -0.845472,
          -0.217198,
          0.487854,
          0.619939
        ],
        [
          -0.067938,
          -0.862381,
          -0.501681,
          1.316596
        ],
        [
          0.0,
          0.0,
          0.0,
          1.0
        ]
      ]
    },
    {
      "file_path": "/media/NFS/ttao/scannet/posed_images/scene0354_00/00250.jpg",
      "transform_matrix": [
        [
          0.514976,
          -0.459974,
          0.723342,
          2.176785
        ],
        [
          -0.856604,
          -0.244549,
          0.454341,
          0.638793
        ],
        [
          -0.032093,
          -0.853592,
          -0.519953,
          1.32163
        ],
        [
          0.0,
          0.0,
          0.0,
          1.0
        ]
      ]
    },
    {
      "file_path": "/media/NFS/ttao/scannet/posed_images/scene0354_00/00252.jpg",
      "transform_matrix": [
        [
          0.517575,
          -0.458178,
          0.722626,
          2.183556
        ],
        [
          -0.855069,
          -0.246181,
          0.456346,
          0.644459
        ],
        [
          -0.031191,
          -0.854089,
          -0.519191,
          1.320267
        ],
        [
          0.0,
          0.0,
          0.0,
          1.0
        ]
      ]
    },
    {
      "file_path": "/media/NFS/ttao/scannet/posed_images/scene0354_00/00257.jpg",
      "transform_matrix": [
        [
          0.520136,
          -0.479975,
          0.706458,
          2.214505
        ],
        [
          -0.853432,
          -0.259779,
          0.45185,
          0.673207
        ],
        [
          -0.033354,
          -0.837938,
          -0.544746,
          1.313534
        ],
        [
          0.0,
          0.0,
          0.0,
          1.0
        ]
      ]
    },
    {
      "file_path": "/media/NFS/ttao/scannet/posed_images/scene0354_00/00258.jpg",
      "transform_matrix": [
        [
          0.524903,
          -0.478895,
          0.703659,
          2.222167
        ],
        [
          -0.850424,
          -0.260643,
          0.456995,
          0.67426
        ],
        [
          -0.035449,
          -0.838287,
          -0.544076,
          1.306882
        ],
        [
          0.0,
          0.0,
          0.0,
          1.0
        ]
      ]
    },
    {
      "file_path": "/media/NFS/ttao/scannet/posed_images/scene0354_00/00265.jpg",
      "transform_matrix": [
        [
          0.55367,
          -0.514917,
          0.654454,
          2.298059
        ],
        [
          -0.829954,
          -0.277028,
          0.484181,
          0.714603
        ],
        [
          -0.068011,
          -0.811243,
          -0.580739,
          1.284959
        ],
        [
          0.0,
          0.0,
          0.0,
          1.0
        ]
      ]
    },
    {
      "file_path": "/media/NFS/ttao/scannet/posed_images/scene0354_00/00267.jpg",
      "transform_matrix": [
        [
          0.556759,
          -0.530977,
          0.638814,
          2.318003
        ],
        [
          -0.826949,
          -0.281543,
          0.486712,
          0.722561
        ],
        [
          -0.078579,
          -0.799248,
          -0.595842,
          1.278137
        ],
        [
          0.0,
          0.0,
          0.0,
          1.0
        ]
      ]
    },
    {
      "file_path": "/media/NFS/ttao/scannet/posed_images/scene0354_00/00271.jpg",
      "transform_matrix": [
        [
          0.539003,
          -0.544124,
          0.642965,
          2.345235
        ],
        [
          -0.839596,
          -0.285917,
          0.461876,
          0.748795
        ],
        [
          -0.067483,
          -0.788784,
          -0.610955,
          1.271436
        ],
        [
          0.0,
          0.0,
          0.0,
          1.0
        ]
      ]
    },
    {
      "file_path": "/media/NFS/ttao/scannet/posed_images/scene0354_00/00274.jpg",
      "transform_matrix": [
        [
          0.531343,
          -0.532942,
          0.658519,
          2.362492
        ],
        [
          -0.846149,
          -0.295955,
          0.443218,
          0.758091
        ],
        [
          -0.041318,
          -0.792706,
          -0.608202,
          1.267766
        ],
        [
          0.0,
          0.0,
          0.0,
          1.0
        ]
      ]
    },
    {
      "file_path": "/media/NFS/ttao/scannet/posed_images/scene0354_00/00279.jpg",
      "transform_matrix": [
        [
          0.500728,
          -0.506455,
          0.701979,
          2.378555
        ],
        [
          -0.86527,
          -0.315412,
          0.389645,
          0.777206
        ],
        [
          0.024075,
          -0.802508,
          -0.596156,
          1.268877
        ],
        [
          0.0,
          0.0,
          0.0,
          1.0
        ]
      ]
    },
    {
      "file_path": "/media/NFS/ttao/scannet/posed_images/scene0354_00/00280.jpg",
      "transform_matrix": [
        [
          0.504213,
          -0.505112,
          0.70045,
          2.387969
        ],
        [
          -0.862893,
          -0.327016,
          0.385326,
          0.773974
        ],
        [
          0.034426,
          -0.7987,
          -0.600744,
          1.269703
        ],
        [
          0.0,
          0.0,
          0.0,
          1.0
        ]
      ]
    },
    {
      "file_path": "/media/NFS/ttao/scannet/posed_images/scene0354_00/00286.jpg",
      "transform_matrix": [
        [
          0.507675,
          -0.490626,
          0.708204,
          2.415486
        ],
        [
          -0.860324,
          -0.332512,
          0.386366,
          0.786079
        ],
        [
          0.045925,
          -0.805433,
          -0.590905,
          1.266155
        ],
        [
          0.0,
          0.0,
          0.0,
          1.0
        ]
      ]
    },
    {
      "file_path": "/media/NFS/ttao/scannet/posed_images/scene0354_00/00291.jpg",
      "transform_matrix": [
        [
          0.545698,
          -0.485934,
          0.682702,
          2.451072
        ],
        [
          -0.836731,
          -0.360476,
          0.412236,
          0.794041
        ],
        [
          0.045778,
