{
  "frames": [
    {
      "file_path": "/media/NFS/ttao/scannet/posed_images/scene0693_01/00000.jpg",
      "transform_matrix": [
        [
          -0.115081,
          0.441501,
          -0.88985,
          1.382193
        ],
        [
          0.991672,
          0.103198,
          -0.077047,
          2.808015
        ],
        [
          0.057814,
          -0.891306,
          -0.4497,
          1.254957
        ],
        [
          0.0,
          0.0,
          0.0,
          1.0
        ]
      ]
    },
    {
      "file_path": "/media/NFS/ttao/scannet/posed_images/scene0693_01/00005.jpg",
      "transform_matrix": [
        [
          -0.123499,
          0.456153,
          -0.88129,
          1.37429
        ],
        [
          0.991068,
          0.101729,
          -0.086228,
          2.812071
        ],
        [
          0.050319,
          -0.884068,
          -0.464642,
          1.247826
        ],
        [
          0.0,
          0.0,
          0.0,
          1.0
        ]
      ]
    },
    {
      "file_path": "/media/NFS/ttao/scannet/posed_images/scene0693_01/00014.jpg",
      "transform_matrix": [
        [
          -0.137625,
          0.489507,
          -0.86107,
          1.368462
        ],
        [
          0.990317,
          0.083998,
          -0.110531,
          2.816616
        ],
        [
          0.018222,
          -0.867944,
          -0.496327,
          1.222051
        ],
        [
          0.0,
          0.0,
          0.0,
          1.0
        ]
      ]
    },
    {
      "file_path": "/media/NFS/ttao/scannet/posed_images/scene0693_01/00016.jpg",
      "transform_matrix": [
        [
          -0.135634,
          0.501128,
          -0.854678,
          1.368392
        ],
        [
          0.990677,
          0.079723,
          -0.110471,
          2.81911
        ],
        [
          0.012777,
          -0.861693,
          -0.507269,
          1.214201
        ],
        [
          0.0,
          0.0,
          0.0,
          1.0
        ]
      ]
    },
    {
      "file_path": "/media/NFS/ttao/scannet/posed_images/scene0693_01/00027.jpg",
      "transform_matrix": [
        [
          -0.1094,
          0.564094,
          -0.818431,
          1.380557
        ],
        [
          0.993998,
          0.062418,
          -0.089847,
          2.833747
        ],
        [
          0.000403,
          -0.823348,
          -0.567537,
          1.172109
        ],
        [
          0.0,
          0.0,
          0.0,
          1.0
        ]
      ]
    },
    {
      "file_path": "/media/NFS/ttao/scannet/posed_images/scene0693_01/00028.jpg",
      "transform_matrix": [
        [
          -0.105844,
          0.569062,
          -0.815455,
          1.383391
        ],
        [
          0.994383,
          0.060889,
          -0.086577,
          2.832384
        ],
        [
          0.000385,
          -0.820038,
          -0.57231,
          1.168459
        ],
        [
          0.0,
          0.0,
          0.0,
          1.0
        ]
      ]
    },
    {
      "file_path": "/media/NFS/ttao/scannet/posed_images/scene0693_01/00036.jpg",
      "transform_matrix": [
        [
          -0.065881,
          0.602068,
          -0.795722,
          1.403325
        ],
        [
          0.997601,
          0.056739,
          -0.039664,
          2.82538
        ],
        [
          0.021268,
          -0.796426,
          -0.604362,
          1.150525
        ],
        [
          0.0,
          0.0,
          0.0,
          1.0
        ]
      ]
    },
    {
      "file_path": "/media/NFS/ttao/scannet/posed_images/scene0693_01/00043.jpg",
      "transform_matrix": [
        [
          -0.035778,
          0.612153,
          -0.78993,
          1.425204
        ],
        [
          0.998844,
          0.047286,
          -0.008596,
          2.821535
        ],
        [
          0.032091,
          -0.789324,
          -0.613137,
          1.143731
        ],
        [
          0.0,
          0.0,
          0.0,
          1.0
        ]
      ]
    },
    {
      "file_path": "/media/NFS/ttao/scannet/posed_images/scene0693_01/00046.jpg",
      "transform_matrix": [
        [
          -0.027747,
          0.609243,
          -0.792498,
          1.434579
        ],
        [
          0.999174,
          0.040463,
          -0.003876,
          2.821831
        ],
        [
          0.029705,
          -0.791951,
          -0.609862,
          1.142791
        ],
        [
          0.0,
          0.0,
          0.0,
          1.0
        ]
      ]
    },
    {
      "file_path": "/media/NFS/ttao/scannet/posed_images/scene0693_01/00055.jpg",
      "transform_matrix": [
        [
          0.00292,
          0.590562,
          -0.806987,
          1.440466
        ],
        [
          0.999832,
          0.012893,
          0.013053,
          2.85107
        ],
        [
          0.018113,
          -0.80689,
          -0.590424,
          1.155754
        ],
        [
          0.0,
          0.0,
          0.0,
          1.0
        ]
      ]
    },
    {
      "file_path": "/media/NFS/ttao/scannet/posed_images/scene0693_01/00062.jpg",
      "transform_matrix": [
        [
          -0.033541,
          0.53498,
          -0.844198,
          1.425358
        ],
        [
          0.999413,
          0.01211,
          -0.032034,
          2.881246
        ],
        [
          -0.006915,
          -0.844778,
          -0.535073,
          1.183824
        ],
        [
          0.0,
          0.0,
          0.0,
          1.0
        ]
      ]
    },
    {
      "file_path": "/media/NFS/ttao/scannet/posed_images/scene0693_01/00064.jpg",
      "transform_matrix": [
        [
          -0.058716,
          0.514102,
          -0.855717,
          1.416744
        ],
        [
          0.998249,
          0.024132,
          -0.053998,
          2.900493
        ],
        [
          -0.00711,
          -0.857389,
          -0.514619,
          1.193135
        ],
        [
          0.0,
          0.0,
          0.0,
          1.0
        ]
      ]
    },
    {
      "file_path": "/media/NFS/ttao/scannet/posed_images/scene0693_01/00075.jpg",
      "transform_matrix": [
        [
          -0.143265,
          0.45289,
          -0.879981,
          1.346902
        ],
        [
          0.989628,
          0.07502,
          -0.122507,
          3.019991
        ],
        [
          0.010534,
          -0.888405,
          -0.45894,
          1.242317
        ],
        [
          0.0,
          0.0,
          0.0,
          1.0
        ]
      ]
    },
    {
      "file_path": "/media/NFS/ttao/scannet/posed_images/scene0693_01/00080.jpg",
      "transform_matrix": [
        [
          -0.210098,
          0.458408,
          -0.863551,
          1.321864
        ],
        [
          0.977676,
          0.095934,
          -0.186938,
          3.042116
        ],
        [
          -0.00285,
          -0.883549,
          -0.468331,
          1.258826
        ],
        [
          0.0,
          0.0,
          0.0,
          1.0
        ]
      ]
    },
    {
      "file_path": "/media/NFS/ttao/scannet/posed_images/scene0693_01/00082.jpg",
      "transform_matrix": [
        [
          -0.221385,
          0.458577,
          -0.860637,
          1.311244
        ],
        [
          0.975181,
          0.107105,
          -0.19378,
          3.044482
        ],
        [
          0.003316,
          -0.882177,
          -0.470906,
          1.262727
        ],
        [
          0.0,
          0.0,
          0.0,
          1.0
        ]
      ]
    },
    {
      "file_path": "/media/NFS/ttao/scannet/posed_images/scene0693_01/00093.jpg",
      "transform_matrix": [
        [
          -0.259524,
          0.414909,
          -0.872065,
          1.242234
        ],
        [
          0.965717,
          0.1058,
          -0.237057,
          3.0481
        ],
        [
          -0.006093,
          -0.903691,
          -0.428143,
          1.290232
        ],
        [
          0.0,
          0.0,
          0.0,
          1.0
        ]
      ]
    },
    {
      "file_path": "/media/NFS/ttao/scannet/posed_images/scene0693_01/00094.jpg",
      "transform_matrix": [
        [
          -0.26001,
          0.41489,
          -0.87193,
          1.235286
        ],
        [
          0.965606,
          0.112329,
          -0.234494,
          3.043601
        ],
        [
          0.000654,
          -0.902911,
          -0.429827,
          1.290132
        ],
        [
          0.0,
          0.0,
          0.0,
          1.0
        ]
      ]
    },
    {
      "file_path": "/media/NFS/ttao/scannet/posed_images/scene0693_01/00100.jpg",
      "transform_matrix": [
        [
          -0.268634,
          0.43155,
          -0.861162,
          1.182267
        ],
        [
          0.963073,
          0.1371,
          -0.231721,
          3.025413
        ],
        [
          0.018066,
          -0.89161,
          -0.452444,
          1.297614
        ],
        [
          0.0,
          0.0,
          0.0,
          1.0
        ]
      ]
    },
    {
      "file_path": "/media/NFS/ttao/scannet/posed_images/scene0693_01/00107.jpg",
      "transform_matrix": [
        [
          -0.264242,
          0.443712,
          -0.856327,
          1.13125
        ],
        [
          0.963969,
          0.149723,
          -0.219878,
          3.008795
        ],
        [
          0.030649,
          -0.883574,
          -0.467288,
          1.298226
        ],
        [
          0.0,
          0.0,
          0.0,
          1.0
        ]
      ]
    },
    {
      "file_path": "/media/NFS/ttao/scannet/posed_images/scene0693_01/00112.jpg",
      "transform_matrix": [
        [
          -0.269728,
          0.438981,
          -0.857055,
          1.11181
        ],
        [
          0.962351,
          0.153907,
          -0.224037,
          3.004322
        ],
        [
          0.033559,
          -0.885217,
          -0.463967,
          1.306347
        ],
        [
          0.0,
          0.0,
          0.0,
          1.0
        ]
      ]
    },
    {
      "file_path": "/media/NFS/ttao/scannet/posed_images/scene0693_01/00117.jpg",
      "transform_matrix": [
        [
          -0.286808,
          0.425415,
          -0.858349,
          1.103673
        ],
        [
          0.9575,
          0.155883,
          -0.24268,
          3.010985
        ],
        [
          0.030563,
          -0.891472,
          -0.452044,
          1.312128
        ],
        [
          0.0,
          0.0,
          0.0,
          1.0
        ]
      ]
    },
    {
      "file_path": "/media/NFS/ttao/scannet/posed_images/scene0693_01/00126.jpg",
      "transform_matrix": [
        [
          -0.353926,
          0.366876,
          -0.860313,
          1.114735
        ],
        [
          0.935099,
          0.156554,
          -0.317931,
          3.056921
        ],
        [
          0.018044,
          -0.917002,
          -0.398474,
          1.334124
        ],
        [
          0.0,
          0.0,
          0.0,
          1.0
        ]
      ]
    },
    {
      "file_path": "/media/NFS/ttao/scannet/posed_images/scene0693_01/00133.jpg",
      "transform_matrix": [
        [
          -0.372743,
          0.303167,
          -0.877013,
          1.129675
        ],
        [
          0.927051,
          0.162892,
          -0.337701,
          3.127508
        ],
        [
          0.040479,
          -0.938912,
          -0.341768,
          1.353374
        ],
        [
          0.0,
          0.0,
          0.0,
          1.0
        ]
      ]
    },
    {
      "file_path": "/media/NFS/ttao/scannet/posed_images/scene0693_01/00137.jpg",
      "transform_matrix": [
        [
          -0.385732,
          0.290197,
          -0.875783,
          1.126233
        ],
        [
          0.920966,
          0.177772,
          -0.346726,
          3.162615
        ],
        [
          0.055071,
          -0.94031,
          -0.335834,
          1.369785
        ],
        [
          0.0,
          0.0,
          0.0,
          1.0
        ]
      ]
    },
    {
      "file_path": "/media/NFS/ttao/scannet/posed_images/scene0693_01/00146.jpg",
      "transform_matrix": [
        [
          -0.416534,
          0.255682,
          -0.872426,
          1.122864
        ],
        [
          0.907697,
          0.170645,
          -0.383363,
          3.200299
        ],
        [
          0.050856,
          -0.951581,
          -0.303161,
          1.410302
        ],
        [
          0.0,
          0.0,
          0.0,
          1.0
        ]
      ]
    },
    {
      "file_path": "/media/NFS/ttao/scannet/posed_images/scene0693_01/00151.jpg",
      "transform_matrix": [
        [
          -0.432247,
          0.247321,
          -0.867177,
          1.115785
        ],
        [
          0.900793,
          0.162852,
          -0.402557,
          3.213269
        ],
        [
          0.041661,
          -0.95515,
          -0.293177,
          1.420274
        ],
        [
          0.0,
          0.0,
          0.0,
          1.0
        ]
      ]
    },
    {
      "file_path": "/media/NFS/ttao/scannet/posed_images/scene0693_01/00157.jpg",
      "transform_matrix": [
        [
          -0.44576,
          0.23766,
          -0.863027,
          1.110848
        ],
        [
          0.894254,
          0.161417,
          -0.417438,
          3.217683
        ],
        [
          0.040099,
          -0.957843,
          -0.284481,
          1.434041
        ],
        [
          0.0,
          0.0,
          0.0,
          1.0
        ]
      ]
    },
    {
      "file_path": "/media/NFS/ttao/scannet/posed_images/scene0693_01/00158.jpg",
      "transform_matrix": [
        [
          -0.450393,
          0.237825,
          -0.860572,
          1.110889
        ],
        [
          0.892003,
          0.161334,
          -0.422258,
          3.21862
        ],
        [
          0.038416,
          -0.957816,
          -0.284804,
          1.436757
        ],
        [
          0.0,
          0.0,
          0.0,
          1.0
        ]
      ]
    },
    {
      "file_path": "/media/NFS/ttao/scannet/posed_images/scene0693_01/00169.jpg",
      "transform_matrix": [
        [
          -0.463982,
          0.195892,
          -0.863914,
          1.121705
        ],
        [
          0.885804,
          0.11197,
          -0.450349,
          3.239622
        ],
        [
          0.008513,
          -0.974212,
          -0.225474,
          1.470134
        ],
        [
          0.0,
          0.0,
          0.0,
          1.0
        ]
      ]
    },
    {
      "file_path": "/media/NFS/ttao/scannet/posed_images/scene0693_01/00171.jpg",
      "transform_matrix": [
        [
          -0.467358,
          0.189561,
          -0.863506,
          1.127067
        ],
        [
          0.884014,
          0.110976,
          -0.454096,
          3.243198
        ],
        [
          0.00975,
          -0.975577,
          -0.219441,
          1.467488
        ],
        [
          0.0,
          0.0,
          0.0,
          1.0
        ]
      ]
    },
    {
      "file_path": "/media/NFS/ttao/scannet/posed_images/scene0693_01/00180.jpg",
      "transform_matrix": [
        [
          -0.47521,
          0.229836,
          -0.849324,
          1.144606
        ],
        [
          0.879763,
          0.139335,
          -0.454536,
          3.249777
        ],
        [
          0.013872,
          -0.963204,
          -0.268414,
          1.416018
        ],
        [
          0.0,
          0.0,
          0.0,
          1.0
        ]
      ]
    },
    {
      "file_path": "/media/NFS/ttao/scannet/posed_images/scene0693_01/00183.jpg",
      "transform_matrix": [
        [
          -0.469897,
          0.254864,
          -0.845128,
          1.150243
        ],
        [
          0.88268,
          0.144927,
          -0.447071,
          3.252566
        ],
        [
          0.00854,
          -0.956054,
          -0.293064,
          1.392219
        ],
        [
          0.0,
          0.0,
          0.0,
          1.0
        ]
      ]
    },
    {
      "file_path": "/media/NFS/ttao/scannet/posed_images/scene0693_01/00192.jpg",
      "transform_matrix": [
        [
          -0.454211,
          0.307006,
          -0.836325,
          1.158643
        ],
        [
          0.890616,
          0.179927,
          -0.417647,
          3.263227
        ],
        [
          0.022257,
          -0.934545,
          -0.355149,
          1.341059
        ],
        [
          0.0,
          0.0,
          0.0,
          1.0
        ]
      ]
    },
    {
      "file_path": "/media/NFS/ttao/scannet/posed_images/scene0693_01/00194.jpg",
      "transform_matrix": [
        [
          -0.456623,
          0.306818,
          -0.83508,
          1.160718
        ],
        [
          0.889373,
          0.181287,
          -0.419704,
          3.265923
        ],
        [
          0.022617,
          -0.934343,
          -0.355656,
          1.340039
        ],
        [
          0.0,
          0.0,
          0.0,
          1.0
        ]
      ]
    },
    {
      "file_path": "/media/NFS/ttao/scannet/posed_images/scene0693_01/00203.jpg",
      "transform_matrix": [
        [
          -0.418839,
          0.210078,
          -0.883426,
          1.171957
        ],
        [
          0.908034,
          0.104259,
          -0.405714,
          3.273475
        ],
        [
          0.006874,
          -0.97211,
          -0.234426,
          1.399182
        ],
        [
          0.0,
          0.0,
          0.0,
          1.0
        ]
      ]
    },
    {
      "file_path": "/media/NFS/ttao/scannet/posed_images/scene0693_01/00210.jpg",
      "transform_matrix": [
        [
          -0.374602,
          0.130044,
          -0.918021,
          1.197583
        ],
        [
          0.927134,
          0.062974,
          -0.3694,
          3.26797
        ],
        [
          0.009773,
          -0.989506,
          -0.144158,
          1.426619
        ],
        [
          0.0,
          0.0,
          0.0,
          1.0
        ]
      ]
    },
    {
      "file_path": "/media/NFS/ttao/scannet/posed_images/scene0693_01/00212.jpg",
      "transform_matrix": [
        [
          -0.369684,
          0.121174,
          -0.921222,
          1.20289
        ],
        [
          0.929026,
          0.064865,
          -0.364284,
          3.264511
        ],
        [
          0.015614,
          -0.99051,
          -0.136553,
          1.432733
        ],
        [
          0.0,
          0.0,
          0.0,
          1.0
        ]
      ]
    },
    {
      "file_path": "/media/NFS/ttao/scannet/posed_images/scene0693_01/00221.jpg",
      "transform_matrix": [
        [
          -0.326547,
          0.070024,
          -0.942583,
          1.237621
        ],
        [
          0.943779,
          0.078447,
          -0.321134,
          3.216725
        ],
        [
          0.051456,
          -0.994456,
          -0.091704,
          1.441172
        ],
        [
          0.0,
          0.0,
          0.0,
          1.0
        ]
      ]
    },
    {
      "file_path": "/media/NFS/ttao/scannet/posed_images/scene0693_01/00228.jpg",
      "transform_matrix": [
        [
          -0.295719,
          0.065266,
          -0.953043,
          1.260949
        ],
        [
          0.953818,
          0.075255,
          -0.290806,
          3.174088
        ],
        [
          0.052742,
          -0.995026,
          -0.084506,
          1.436764
        ],
        [
          0.0,
          0.0,
          0.0,
          1.0
        ]
      ]
    },
    {
      "file_path": "/media/NFS/ttao/scannet/posed_images/scene0693_01/00229.jpg",
      "transform_matrix": [
        [
          -0.292787,
          0.063521,
          -0.954065,
          1.263877
        ],
        [
          0.954724,
          0.07443,
          -0.288033,
          3.168883
        ],
        [
          0.052715,
          -0.995201,
          -0.082437,
          1.435869
        ],
        [
          0.0,
          0.0,
          0.0,
          1.0
        ]
      ]
    },
    {
      "file_path": "/media/NFS/ttao/scannet/posed_images/scene0693_01/00237.jpg",
      "transform_matrix": [
        [
          -0.243388,
          0.035917,
          -0.969264,
          1.282111
        ],
        [
          0.96903,
          0.052014,
          -0.241402,
          3.141361
        ],
        [
          0.041745,
          -0.998,
          -0.047464,
          1.460156
        ],
        [
          0.0,
          0.0,
          0.0,
          1.0
        ]
      ]
    },
    {
      "file_path": "/media/NFS/ttao/scannet/posed_images/scene0693_01/00246.jpg",
      "transform_matrix": [
        [
          -0.222691,
          -0.012312,
          -0.974811,
          1.29312
        ],
        [
          0.974298,
          0.03202,
          -0.222978,
          3.149701
        ],
        [
          0.033959,
          -0.999411,
          0.004865,
          1.489983
        ],
        [
          0.0,
          0.0,
          0.0,
          1.0
        ]
      ]
    },
    {
      "file_path": "/media/NFS/ttao/scannet/posed_images/scene0693_01/00249.jpg",
      "transform_matrix": [
        [
          -0.227639,
          -0.014761,
          -0.973634,
          1.29604
        ],
        [
          0.973411,
          0.022779,
          -0.227932,
          3.153617
        ],
        [
          0.025543,
          -0.999632,
          0.009183,
          1.494393
        ],
        [
          0.0,
          0.0,
          0.0,
          1.0
        ]
      ]
    },
    {
      "file_path": "/media/NFS/ttao/scannet/posed_images/scene0693_01/00254.jpg",
      "transform_matrix": [
        [
          -0.232713,
          -0.028867,
          -0.972117,
          1.300164
        ],
        [
          0.972252,
          0.017637,
          -0.233269,
          3.161491
        ],
        [
          0.023879,
          -0.999428,
          0.023962,
          1.496665
        ],
        [
          0.0,
          0.0,
          0.0,
          1.0
        ]
      ]
    },
    {
      "file_path": "/media/NFS/ttao/scannet/posed_images/scene0693_01/00263.jpg",
      "transform_matrix": [
        [
          -0.204564,
          0.017372,
          -0.978699,
          1.287089
        ],
        [
          0.978136,
          0.041899,
          -0.203703,
          3.16711
        ],
        [
          0.037468,
          -0.998971,
          -0.025563,
          1.466373
        ],
        [
          0.0,
          0.0,
          0.0,
          1.0
        ]
      ]
    },
    {
      "file_path": "/media/NFS/ttao/scannet/posed_images/scene0693_01/00269.jpg",
      "transform_matrix": [
        [
          -0.155428,
          0.0744,
          -0.985042,
          1.264001
        ],
        [
          0.987404,
          0.041582,
          -0.15266,
          3.178922
        ],
        [
          0.029602,
          -0.996361,
          -0.079926,
          1.444209
        ],
        [
          0.0,
          0.0,
          0.0,
          1.0
        ]
      ]
    },
    {
      "file_path": "/media/NFS/ttao/scannet/posed_images/scene0693_01/00276.jpg",
      "transform_matrix": [
        [
          -0.129622,
          0.154098,
          -0.979516,
          1.241056
        ],
        [
          0.990712,
          0.061068,
          -0.121497,
          3.191602
        ],
        [
          0.041095,
          -0.986166,
          -0.160582,
          1.425661
        ],
        [
          0.0,
          0.0,
          0.0,
          1.0
        ]
      ]
    },
    {
      "file_path": "/media/NFS/ttao/scannet/posed_images/scene0693_01/00278.jpg",
      "transform_matrix": [
        [
          -0.14243,
          0.16447,
          -0.976045,
          1.237669
        ],
        [
          0.988692,
          0.070395,
          -0.132414,
          3.19796
        ],
        [
          0.046931,
          -0.983867,
          -0.172636,
          1.418086
        ],
        [
          0.0,
          0.0,
          0.0,
          1.0
        ]
      ]
    },
    {
      "file_path": "/media/NFS/ttao/scannet/posed_images/scene0693_01/00285.jpg",
      "transform_matrix": [
        [
          -0.219411,
          0.203598,
          -0.954152,
          1.219256
        ],
        [
          0.973111,
          0.115933,
          -0.199033,
          3.244192
        ],
        [
          0.070095,
          -0.972166,
          -0.223561,
          1.37733
        ],
        [
          0.0,
          0.0,
          0.0,
          1.0
        ]
      ]
    },
    {
      "file_path": "/media/NFS/ttao/scannet/posed_images/scene0693_01/00294.jpg",
      "transform_matrix": [
        [
          -0.252489,
          0.297563,
          -0.920709,
          1.173993
        ],
        [
          0.967424,
          0.09579,
          -0.234341,
          3.320126
        ],
        [
          0.018463,
          -0.949884,
          -0.312055,
          1.339865
        ],
        [
          0.0,
          0.0,
          0.0,
          1.0
        ]
      ]
    },
    {
      "file_path": "/media/NFS/ttao/scannet/posed_images/scene0693_01/00295.jpg",
      "transform_matrix": [
        [
          -0.257904,
          0.308155,
          -0.915711,
          1.170392
        ],
        [
          0.966093,
          0.094259,
          -0.240374,
          3.328438
        ],
        [
          0.012242,
          -0.946655,
          -0.322016,
          1.333615
        ],
        [
          0.0,
          0.0,
          0.0,
          1.0
        ]
      ]
    },
    {
      "file_path": "/media/NFS/ttao/scannet/posed_images/scene0693_01/00302.jpg",
      "transform_matrix": [
        [
          -0.318133,
          0.374764,
          -0.870829,
          1.144241
        ],
        [
          0.947967,
          0.113918,
          -0.297289,
          3.386171
        ],
        [
          -0.01221,
          -0.920095,
          -0.391505,
          1.300208
        ],
        [
          0.0,
          0.0,
          0.0,
          1.0
        ]
      ]
    },
    {
      "file_path": "/media/NFS/ttao/scannet/posed_images/scene0693_01/00311.jpg",
      "transform_matrix": [
        [
          -0.347366,
          0.452866,
          -0.821127,
          1.131695
        ],
        [
          0.936744,
          0.127435,
          -0.325993,
          3.419981
        ],
        [
          -0.042991,
          -0.882424,
          -0.468486,
          1.263185
        ],
        [
          0.0,
          0.0,
          0.0,
          1.0
        ]
      ]
    },
    {
      "file_path": "/media/NFS/ttao/scannet/posed_images/scene0693_01/00313.jpg",
      "transform_matrix": [
        [
          -0.348348,
          0.465016,
          -0.813888,
          1.129651
        ],
        [
          0.936043,
          0.126462,
          -0.328377,
          3.424702
        ],
        [
          -0.049774,
          -0.876224,
          -0.479327,
          1.256496
        ],
        [
          0.0,
          0.0,
          0.0,
          1.0
        ]
      ]
    },
    {
      "file_path": "/media/NFS/ttao/scannet/posed_images/scene0693_01/00318.jpg",
      "transform_matrix": [
        [
          -0.356866,
          0.496229,
          -0.791457,
          1.126467
        ],
        [
          0.932583,
          0.140107,
          -0.332655,
          3.433928
        ],
        [
          -0.054185,
          -0.856812,
          -0.512774,
          1.237038
        ],
        [
          0.0,
          0.0,
          0.0,
          1.0
        ]
      ]
    },
    {
      "file_path": "/media/NFS/ttao/scannet/posed_images/scene0693_01/00329.jpg",
      "transform_matrix": [
        [
          -0.314719,
          0.582318,
          -0.749572,
          1.125876
        ],
        [
          0.948057,
          0.154353,
          -0.278144,
          3.443394
        ],
        [
          -0.046269,
          -0.798174,
          -0.600648,
          1.205966
        ],
        [
          0.0,
          0.0,
          0.0,
          1.0
        ]
      ]
    },
    {
      "file_path": "/media/NFS/ttao/scannet/posed_images/scene0693_01/00334.jpg",
      "transform_matrix": [
        [
          -0.29012,
          0.605946,
          -0.740716,
          1.134655
        ],
        [
          0.95624,
          0.152914,
          -0.249444,
          3.446165
        ],
        [
          -0.037884,
          -0.780671,
          -0.623793,
          1.198288
        ],
        [
          0.0,
          0.0,
          0.0,
          1.0
        ]
      ]
    },
    {
      "file_path": "/media/NFS/ttao/scannet/posed_images/scene0693_01/00336.jpg",
      "transform_matrix": [
        [
          -0.277528,
          0.618863,
          -0.734838,
          1.139698
        ],
        [
          0.960251,
          0.154862,
          -0.23224,
          3.446432
        ],
        [
          -0.029926,
          -0.770082,
          -0.637242,
          1.193974
        ],
        [
          0.0,
          0.0,
          0.0,
          1.0
        ]
      ]
    },
    {
      "file_path": "/media/NFS/ttao/scannet/posed_images/scene0693_01/00347.jpg",
      "transform_matrix": [
        [
          -0.256234,
          0.659381,
          -0.706796,
          1.181597
        ],
        [
          0.965817,
          0.144946,
          -0.214914,
          3.451666
        ],
        [
          -0.039263,
          -0.737704,
          -0.673982,
          1.175209
        ],
        [
          0.0,
          0.0,
          0.0,
          1.0
        ]
      ]
    },
    {
      "file_path": "/media/NFS/ttao/scannet/posed_images/scene0693_01/00349.jpg",
      "transform_matrix": [
        [
          -0.254928,
          0.65773,
          -0.708804,
          1.188144
        ],
        [
          0.965833,
          0.137825,
          -0.219477,
          3.45765
        ],
        [
          -0.046666,
          -0.740537,
          -0.670393,
          1.171803
        ],
        [
          0.0,
          0.0,
          0.0,
          1.0
        ]
      ]
    },
    {
      "file_path": "/media/NFS/ttao/scannet/posed_images/scene0693_01/00356.jpg",
      "transform_matrix": [
        [
          -0.237151,
          0.6594,
          -0.713408,
          1.212803
        ],
        [
          0.968944,
          0.107594,
          -0.222647,
          3.48946
        ],
        [
          -0.070055,
          -0.744053,
          -0.664437,
          1.161554
        ],
        [
          0.0,
          0.0,
          0.0,
          1.0
        ]
      ]
    },
    {
      "file_path": "/media/NFS/ttao/scannet/posed_images/scene0693_01/00365.jpg",
      "transform_matrix": [
        [
          -0.237138,
          0.647392,
          -0.724327,
          1.232645
        ],
        [
          0.966607,
          0.082683,
          -0.242558,
          3.536779
        ],
        [
          -0.097141,
          -0.757659,
          -0.645381,
          1.153747
        ],
        [
          0.0,
          0.0,
          0.0,
          1.0
        ]
      ]
    },
    {
      "file_path": "/media/NFS/ttao/scannet/posed_images/scene0693_01/00370.jpg",
      "transform_matrix": [
        [
          -0.236866,
          0.639827,
          -0.731106,
          1.237467
        ],
        [
          0.965304,
          0.069852,
          -0.251611,
          3.5556
        ],
        [
          -0.109919,
          -0.765338,
          -0.634173,
          1.149307
        ],
        [
          0.0,
          0.0,
          0.0,
          1.0
        ]
      ]
    },
    {
      "file_path": "/media/NFS/ttao/scannet/posed_images/scene0693_01/00372.jpg",
      "transform_matrix": [
        [
          -0.23239,
          0.640706,
          -0.731772,
          1.239956
        ],
        [
          0.965438,
          0.060672,
          -0.253475,
          3.558419
        ],
        [
          -0.118005,
          -0.765386,
          -0.632661,
          1.145496
        ],
        [
          0.0,
          0.0,
          0.0,
          1.0
        ]
      ]
    },
    {
      "file_path": "/media/NFS/ttao/scannet/posed_images/scene0693_01/00382.jpg",
      "transform_matrix": [
        [
          -0.145194,
          0.662298,
          -0.735038,
          1.253333
        ],
        [
          0.984393,
          0.022032,
          -0.174599,
          3.508789
        ],
        [
          -0.099442,
          -0.748917,
          -0.65516,
          1.13376
        ],
        [
          0.0,
          0.0,
          0.0,
          1.0
        ]
      ]
    },
    {
      "file_path": "/media/NFS/ttao/scannet/posed_images/scene0693_01/00384.jpg",
      "transform_matrix": [
        [
          -0.130777,
          0.666165,
          -0.734249,
          1.258484
        ],
        [
          0.988127,
          0.027346,
          -0.151185,
          3.487606
        ],
        [
          -0.080635,
          -0.745303,
          -0.661832,
          1.129632
        ],
        [
          0.0,
          0.0,
          0.0,
          1.0
        ]
      ]
    },
    {
      "file_path": "/media/NFS/ttao/scannet/posed_images/scene0693_01/00395.jpg",
      "transform_matrix": [
        [
          -0.056349,
          0.626376,
          -0.777482,
          1.296808
        ],
        [
          0.9984,
          0.031614,
          -0.046891,
          3.302718
        ],
        [
          -0.004792,
          -0.778879,
          -0.627155,
          1.132057
        ],
        [
          0.0,
          0.0,
          0.0,
          1.0
        ]
      ]
    },
    {
      "file_path": "/media/NFS/ttao/scannet/posed_images/scene0693_01/00400.jpg",
      "transform_matrix": [
        [
          0.019407,
          0.614477,
          -0.788696,
          1.30648
        ],
        [
          0.999806,
          -0.009294,
          0.017361,
          3.215794
        ],
        [
          0.003338,
          -0.78888,
          -0.614539,
          1.153322
        ],
        [
          0.0,
          0.0,
          0.0,
          1.0
        ]
      ]
    },
    {
      "file_path": "/media/NFS/ttao/scannet/posed_images/scene0693_01/00402.jpg",
      "transform_matrix": [
        [
          0.04209,
          0.617406,
          -0.785518,
          1.310214
        ],
        [
          0.998995,
          -0.013903,
          0.042601,
          3.192476
        ],
        [
          0.015381,
          -0.786522,
          -0.61737,
          1.161985
        ],
        [
          0.0,
          0.0,
          0.0,
          1.0
        ]
      ]
    },
    {
      "file_path": "/media/NFS/ttao/scannet/posed_images/scene0693_01/00411.jpg",
      "transform_matrix": [
        [
          0.150046,
          0.624521,
          -0.766459,
          1.322781
        ],
        [
          0.988655,
          -0.089394,
          0.120705,
          3.130829
        ],
        [
          0.006867,
          -0.775875,
          -0.630849,
          1.187694
        ],
        [
          0.0,
          0.0,
          0.0,
          1.0
        ]
      ]
    },
    {
      "file_path": "/media/NFS/ttao/scannet/posed_images/scene0693_01/00418.jpg",
      "transform_matrix": [
        [
          0.221096,
          0.596894,
          -0.771255,
          1.318631
        ],
        [
          0.975144,
          -0.147071,
          0.165723,
          3.114433
        ],
        [
          -0.01451,
          -0.788725,
          -0.614575,
          1.189774
        ],
        [
          0.0,
          0.0,
          0.0,
          1.0
        ]
      ]
    },
    {
      "file_path": "/media/NFS/ttao/scannet/posed_images/scene0693_01/00423.jpg",
      "transform_matrix": [
        [
          0.227704,
          0.584547,
          -0.778753,
          1.31947
        ],
        [
          0.973676,
          -0.145185,
          0.17572,
          3.109816
        ],
        [
          -0.010347,
          -0.798264,
          -0.602218,
          1.191535
        ],
        [
          0.0,
          0.0,
          0.0,
          1.0
        ]
      ]
    },
    {
      "file_path": "/media/NFS/ttao/scannet/posed_images/scene0693_01/00431.jpg",
      "transform_matrix": [
        [
          0.264795,
          0.559328,
          -0.785517,
          1.321502
        ],
        [
          0.963017,
          -0.111294,
          0.245382,
          3.070468
        ],
        [
          0.049826,
          -0.821441,
          -0.568112,
          1.185929
        ],
        [
          0.0,
          0.0,
          0.0,
          1.0
        ]
      ]
    },
    {
      "file_path": "/media/NFS/ttao/scannet/posed_images/scene0693_01/00434.jpg",
      "transform_matrix": [
        [
          0.276361,
          0.551392,
          -0.787141,
          1.320934
        ],
        [
          0.959054,
          -0.105421,
          0.262872,
          3.052719
        ],
        [
          0.061964,
          -0.827558,
          -0.557949,
          1.18781
        ],
        [
          0.0,
          0.0,
          0.0,
          1.0
        ]
      ]
    },
    {
      "file_path": "/media/NFS/ttao/scannet/posed_images/scene0693_01/00438.jpg",
      "transform_matrix": [
        [
          0.294946,
          0.543421,
          -0.785939,
          1.319176
        ],
        [
          0.952489,
          -0.10181,
          0.287054,
          3.015784
        ],
        [
          0.075974,
          -0.833264,
          -0.54763,
          1.18556
        ],
        [
          0.0,
          0.0,
          0.0,
          1.0
        ]
      ]
    },
    {
      "file_path": "/media/NFS/ttao/scannet/posed_images/scene0693_01/00443.jpg",
      "transform_matrix": [
        [
          0.34115,
          0.528451,
          -0.777403,
          1.319135
        ],
        [
          0.936469,
          -0.119362,
          0.329816,
          2.951632
        ],
        [
          0.0815,
          -0.840531,
          -0.535599,
          1.18195
        ],
        [
          0.0,
          0.0,
          0.0,
          1.0
        ]
      ]
    },
    {
      "file_path": "/media/NFS/ttao/scannet/posed_images/scene0693_01/00454.jpg",
      "transform_matrix": [
        [
          0.522778,
          0.479483,
          -0.704839,
          1.321025
        ],
        [
          0.849897,
          -0.22898,
          0.474598,
          2.894686
        ],
        [
          0.066168,
          -0.847151,
          -0.527217,
          1.185057
        ],
        [
          0.0,
          0.0,
          0.0,
          1.0
        ]
      ]
    },
    {
      "file_path": "/media/NFS/ttao/scannet/posed_images/scene0693_01/00459.jpg",
      "transform_matrix": [
        [
          0.573412,
          0.46886,
          -0.67184,
          1.323162
        ],
        [
          0.816486,
          -0.259527,
          0.515749,
          2.902973
        ],
        [
          0.067454,
          -0.844284,
          -0.531634,
          1.182177
        ],
