{
  "frames": [
    {
      "file_path": "/media/NFS/ttao/scannet/posed_images/scene0158_01/00002.jpg",
      "transform_matrix": [
        [
          0.823627,
          0.116957,
          -0.554942,
          2.302469
        ],
        [
          0.566623,
          -0.128233,
          0.813938,
          1.196216
        ],
        [
          0.024034,
          -0.984824,
          -0.171886,
          1.484917
        ],
        [
          0.0,
          0.0,
          0.0,
          1.0
        ]
      ]
    },
    {
      "file_path": "/media/NFS/ttao/scannet/posed_images/scene0158_01/00005.jpg",
      "transform_matrix": [
        [
          0.819241,
          0.12006,
          -0.560741,
          2.295912
        ],
        [
          0.573256,
          -0.146033,
          0.806258,
          1.193498
        ],
        [
          0.014912,
          -0.981968,
          -0.188461,
          1.468279
        ],
        [
          0.0,
          0.0,
          0.0,
          1.0
        ]
      ]
    },
    {
      "file_path": "/media/NFS/ttao/scannet/posed_images/scene0158_01/00014.jpg",
      "transform_matrix": [
        [
          0.819829,
          0.191682,
          -0.539573,
          2.291411
        ],
        [
          0.572592,
          -0.267036,
          0.775132,
          1.176665
        ],
        [
          0.004493,
          -0.944431,
          -0.32868,
          1.385596
        ],
        [
          0.0,
          0.0,
          0.0,
          1.0
        ]
      ]
    },
    {
      "file_path": "/media/NFS/ttao/scannet/posed_images/scene0158_01/00017.jpg",
      "transform_matrix": [
        [
          0.822268,
          0.22054,
          -0.524631,
          2.294519
        ],
        [
          0.568909,
          -0.294631,
          0.767812,
          1.163713
        ],
        [
          0.01476,
          -0.929814,
          -0.367733,
          1.357435
        ],
        [
          0.0,
          0.0,
          0.0,
          1.0
        ]
      ]
    },
    {
      "file_path": "/media/NFS/ttao/scannet/posed_images/scene0158_01/00023.jpg",
      "transform_matrix": [
        [
          0.846192,
          0.226798,
          -0.482205,
          2.294995
        ],
        [
          0.532736,
          -0.339104,
          0.775371,
          1.145848
        ],
        [
          0.012335,
          -0.913001,
          -0.407771,
          1.31588
        ],
        [
          0.0,
          0.0,
          0.0,
          1.0
        ]
      ]
    },
    {
      "file_path": "/media/NFS/ttao/scannet/posed_images/scene0158_01/00028.jpg",
      "transform_matrix": [
        [
          0.864454,
          0.23636,
          -0.443682,
          2.271026
        ],
        [
          0.502609,
          -0.388429,
          0.772339,
          1.123997
        ],
        [
          0.010211,
          -0.89065,
          -0.454575,
          1.289807
        ],
        [
          0.0,
          0.0,
          0.0,
          1.0
        ]
      ]
    },
    {
      "file_path": "/media/NFS/ttao/scannet/posed_images/scene0158_01/00036.jpg",
      "transform_matrix": [
        [
          0.87512,
          0.244555,
          -0.417562,
          2.248452
        ],
        [
          0.483601,
          -0.472617,
          0.736724,
          1.081226
        ],
        [
          -0.017177,
          -0.846656,
          -0.531864,
          1.247172
        ],
        [
          0.0,
          0.0,
          0.0,
          1.0
        ]
      ]
    },
    {
      "file_path": "/media/NFS/ttao/scannet/posed_images/scene0158_01/00043.jpg",
      "transform_matrix": [
        [
          0.906608,
          0.234419,
          -0.350871,
          2.280339
        ],
        [
          0.421965,
          -0.509495,
          0.749907,
          1.073763
        ],
        [
          -0.002975,
          -0.827926,
          -0.560829,
          1.237817
        ],
        [
          0.0,
          0.0,
          0.0,
          1.0
        ]
      ]
    },
    {
      "file_path": "/media/NFS/ttao/scannet/posed_images/scene0158_01/00045.jpg",
      "transform_matrix": [
        [
          0.91078,
          0.237923,
          -0.337452,
          2.299396
        ],
        [
          0.412786,
          -0.506056,
          0.757308,
          1.06958
        ],
        [
          0.009411,
          -0.829036,
          -0.559117,
          1.240104
        ],
        [
          0.0,
          0.0,
          0.0,
          1.0
        ]
      ]
    },
    {
      "file_path": "/media/NFS/ttao/scannet/posed_images/scene0158_01/00054.jpg",
      "transform_matrix": [
        [
          0.935416,
          0.188273,
          -0.299249,
          2.42724
        ],
        [
          0.353532,
          -0.489771,
          0.796956,
          1.067269
        ],
        [
          0.003482,
          -0.85128,
          -0.524701,
          1.272082
        ],
        [
          0.0,
          0.0,
          0.0,
          1.0
        ]
      ]
    },
    {
      "file_path": "/media/NFS/ttao/scannet/posed_images/scene0158_01/00061.jpg",
      "transform_matrix": [
        [
          0.956095,
          0.189121,
          -0.223865,
          2.501844
        ],
        [
          0.291316,
          -0.53021,
          0.796249,
          1.067419
        ],
        [
          0.031892,
          -0.826505,
          -0.562025,
          1.261473
        ],
        [
          0.0,
          0.0,
          0.0,
          1.0
        ]
      ]
    },
    {
      "file_path": "/media/NFS/ttao/scannet/posed_images/scene0158_01/00066.jpg",
      "transform_matrix": [
        [
          0.964996,
          0.166181,
          -0.202896,
          2.510252
        ],
        [
          0.261774,
          -0.563013,
          0.783895,
          1.073093
        ],
        [
          0.016035,
          -0.809568,
          -0.586807,
          1.270496
        ],
        [
          0.0,
          0.0,
          0.0,
          1.0
        ]
      ]
    },
    {
      "file_path": "/media/NFS/ttao/scannet/posed_images/scene0158_01/00068.jpg",
      "transform_matrix": [
        [
          0.967739,
          0.159795,
          -0.1948,
          2.512762
        ],
        [
          0.251537,
          -0.568215,
          0.783492,
          1.073885
        ],
        [
          0.014509,
          -0.807216,
          -0.590078,
          1.268928
        ],
        [
          0.0,
          0.0,
          0.0,
          1.0
        ]
      ]
    },
    {
      "file_path": "/media/NFS/ttao/scannet/posed_images/scene0158_01/00076.jpg",
      "transform_matrix": [
        [
          0.978571,
          0.127876,
          -0.161391,
          2.519252
        ],
        [
          0.205879,
          -0.593894,
          0.777756,
          1.082479
        ],
        [
          0.003607,
          -0.794316,
          -0.607494,
          1.262857
        ],
        [
          0.0,
          0.0,
          0.0,
          1.0
        ]
      ]
    },
    {
      "file_path": "/media/NFS/ttao/scannet/posed_images/scene0158_01/00083.jpg",
      "transform_matrix": [
        [
          0.982625,
          0.114899,
          -0.145763,
          2.524058
        ],
        [
          0.185407,
          -0.57153,
          0.799361,
          1.10061
        ],
        [
          0.008538,
          -0.812497,
          -0.582902,
          1.272101
        ],
        [
          0.0,
          0.0,
          0.0,
          1.0
        ]
      ]
    },
    {
      "file_path": "/media/NFS/ttao/scannet/posed_images/scene0158_01/00090.jpg",
      "transform_matrix": [
        [
          0.980722,
          0.067516,
          -0.183376,
          2.533291
        ],
        [
          0.192406,
          -0.497563,
          0.84582,
          1.109228
        ],
        [
          -0.034134,
          -0.864796,
          -0.500961,
          1.310777
        ],
        [
          0.0,
          0.0,
          0.0,
          1.0
        ]
      ]
    },
    {
      "file_path": "/media/NFS/ttao/scannet/posed_images/scene0158_01/00094.jpg",
      "transform_matrix": [
        [
          0.978991,
          0.058517,
          -0.195328,
          2.52787
        ],
        [
          0.199131,
          -0.480465,
          0.854108,
          1.113888
        ],
        [
          -0.043868,
          -0.875059,
          -0.482024,
          1.319073
        ],
        [
          0.0,
          0.0,
          0.0,
          1.0
        ]
      ]
    },
    {
      "file_path": "/media/NFS/ttao/scannet/posed_images/scene0158_01/00101.jpg",
      "transform_matrix": [
        [
          0.986057,
          0.024904,
          -0.164537,
          2.505203
        ],
        [
          0.158047,
          -0.449684,
          0.879094,
          1.129476
        ],
        [
          -0.052096,
          -0.892841,
          -0.44735,
          1.342887
        ],
        [
          0.0,
          0.0,
          0.0,
          1.0
        ]
      ]
    },
    {
      "file_path": "/media/NFS/ttao/scannet/posed_images/scene0158_01/00102.jpg",
      "transform_matrix": [
        [
          0.987061,
          0.020776,
          -0.158995,
          2.50232
        ],
        [
          0.151116,
          -0.452105,
          0.879071,
          1.131426
        ],
        [
          -0.053618,
          -0.891723,
          -0.449394,
          1.343243
        ],
        [
          0.0,
          0.0,
          0.0,
          1.0
        ]
      ]
    },
    {
      "file_path": "/media/NFS/ttao/scannet/posed_images/scene0158_01/00113.jpg",
      "transform_matrix": [
        [
          0.996191,
          -0.015676,
          -0.085778,
          2.482218
        ],
        [
          0.071843,
          -0.40996,
          0.90927,
          1.133332
        ],
        [
          -0.04942,
          -0.911969,
          -0.407273,
          1.345177
        ],
        [
          0.0,
          0.0,
          0.0,
          1.0
        ]
      ]
    },
    {
      "file_path": "/media/NFS/ttao/scannet/posed_images/scene0158_01/00118.jpg",
      "transform_matrix": [
        [
          0.996861,
          -0.005859,
          -0.078952,
          2.487311
        ],
        [
          0.069263,
          -0.418483,
          0.90558,
          1.116016
        ],
        [
          -0.038346,
          -0.908206,
          -0.416763,
          1.346824
        ],
        [
          0.0,
          0.0,
          0.0,
          1.0
        ]
      ]
    },
    {
      "file_path": "/media/NFS/ttao/scannet/posed_images/scene0158_01/00125.jpg",
      "transform_matrix": [
        [
          0.996532,
          0.019054,
          -0.080995,
          2.487349
        ],
        [
          0.081653,
          -0.411136,
          0.90791,
          1.087619
        ],
        [
          -0.016,
          -0.911375,
          -0.411266,
          1.348292
        ],
        [
          0.0,
          0.0,
          0.0,
          1.0
        ]
      ]
    },
    {
      "file_path": "/media/NFS/ttao/scannet/posed_images/scene0158_01/00128.jpg",
      "transform_matrix": [
        [
          0.997719,
          0.027462,
          -0.061674,
          2.480855
        ],
        [
          0.067503,
          -0.420147,
          0.904942,
          1.079321
        ],
        [
          -0.001061,
          -0.907041,
          -0.421042,
          1.346169
        ],
        [
          0.0,
          0.0,
          0.0,
          1.0
        ]
      ]
    },
    {
      "file_path": "/media/NFS/ttao/scannet/posed_images/scene0158_01/00134.jpg",
      "transform_matrix": [
        [
          0.999839,
          0.017927,
          0.001163,
          2.454266
        ],
        [
          0.007374,
          -0.468597,
          0.883381,
          1.064123
        ],
        [
          0.016382,
          -0.88323,
          -0.468654,
          1.326705
        ],
        [
          0.0,
          0.0,
          0.0,
          1.0
        ]
      ]
    },
    {
      "file_path": "/media/NFS/ttao/scannet/posed_images/scene0158_01/00141.jpg",
      "transform_matrix": [
        [
          0.999951,
          0.008787,
          0.004652,
          2.415385
        ],
        [
          0.000901,
          -0.546055,
          0.837749,
          1.03713
        ],
        [
          0.009901,
          -0.837704,
          -0.546036,
          1.303886
        ],
        [
          0.0,
          0.0,
          0.0,
          1.0
        ]
      ]
    },
    {
      "file_path": "/media/NFS/ttao/scannet/posed_images/scene0158_01/00148.jpg",
      "transform_matrix": [
        [
          0.999965,
          -0.007156,
          0.004291,
          2.4017
        ],
        [
          -0.007591,
          -0.566635,
          0.823934,
          1.003343
        ],
        [
          -0.003464,
          -0.823938,
          -0.566669,
          1.281232
        ],
        [
          0.0,
          0.0,
          0.0,
          1.0
        ]
      ]
    },
    {
      "file_path": "/media/NFS/ttao/scannet/posed_images/scene0158_01/00153.jpg",
      "transform_matrix": [
        [
          0.999705,
          -0.024183,
          0.002043,
          2.40685
        ],
        [
          -0.015289,
          -0.562205,
          0.826857,
          0.984886
        ],
        [
          -0.018848,
          -0.826645,
          -0.562409,
          1.281965
        ],
        [
          0.0,
          0.0,
          0.0,
          1.0
        ]
      ]
    },
    {
      "file_path": "/media/NFS/ttao/scannet/posed_images/scene0158_01/00155.jpg",
      "transform_matrix": [
        [
          0.999716,
          -0.022455,
          0.007948,
          2.407484
        ],
        [
          -0.019179,
          -0.560937,
          0.827636,
          0.979
        ],
        [
          -0.014125,
          -0.827554,
          -0.561209,
          1.281979
        ],
        [
          0.0,
          0.0,
          0.0,
          1.0
        ]
      ]
    },
    {
      "file_path": "/media/NFS/ttao/scannet/posed_images/scene0158_01/00161.jpg",
      "transform_matrix": [
        [
          0.998971,
          -0.033132,
          0.030962,
          2.416937
        ],
        [
          -0.044172,
          -0.556491,
          0.829678,
          0.964833
        ],
        [
          -0.010258,
          -0.830192,
          -0.557383,
          1.274331
        ],
        [
          0.0,
          0.0,
          0.0,
          1.0
        ]
      ]
    },
    {
      "file_path": "/media/NFS/ttao/scannet/posed_images/scene0158_01/00167.jpg",
      "transform_matrix": [
        [
          0.998615,
          -0.031521,
          0.042113,
          2.422957
        ],
        [
          -0.05223,
          -0.499008,
          0.865022,
          0.980436
        ],
        [
          -0.006252,
          -0.866024,
          -0.499963,
          1.287674
        ],
        [
          0.0,
          0.0,
          0.0,
          1.0
        ]
      ]
    },
    {
      "file_path": "/media/NFS/ttao/scannet/posed_images/scene0158_01/00177.jpg",
      "transform_matrix": [
        [
          0.998302,
          -0.023672,
          0.05322,
          2.430301
        ],
        [
          -0.058171,
          -0.358366,
          0.931767,
          1.019424
        ],
        [
          -0.002984,
          -0.933281,
          -0.359135,
          1.348275
        ],
        [
          0.0,
          0.0,
          0.0,
          1.0
        ]
      ]
    },
    {
      "file_path": "/media/NFS/ttao/scannet/posed_images/scene0158_01/00182.jpg",
      "transform_matrix": [
        [
          0.998929,
          -0.020285,
          0.04158,
          2.4361
        ],
        [
          -0.045882,
          -0.319202,
          0.946575,
          1.028405
        ],
        [
          -0.005929,
          -0.94747,
          -0.319791,
          1.371902
        ],
        [
          0.0,
          0.0,
          0.0,
          1.0
        ]
      ]
    },
    {
      "file_path": "/media/NFS/ttao/scannet/posed_images/scene0158_01/00187.jpg",
      "transform_matrix": [
        [
          0.998946,
          -0.02062,
          0.041009,
          2.436366
        ],
        [
          -0.045195,
          -0.285762,
          0.957234,
          1.037349
        ],
        [
          -0.008019,
          -0.958079,
          -0.286393,
          1.384078
        ],
        [
          0.0,
          0.0,
          0.0,
          1.0
        ]
      ]
    },
    {
      "file_path": "/media/NFS/ttao/scannet/posed_images/scene0158_01/00191.jpg",
      "transform_matrix": [
        [
          0.998969,
          -0.026731,
          0.03669,
          2.44034
        ],
        [
          -0.042726,
          -0.28067,
          0.958853,
          1.039519
        ],
        [
          -0.015333,
          -0.959432,
          -0.281523,
          1.390825
        ],
        [
          0.0,
          0.0,
          0.0,
          1.0
        ]
      ]
    },
    {
      "file_path": "/media/NFS/ttao/scannet/posed_images/scene0158_01/00200.jpg",
      "transform_matrix": [
        [
          0.997666,
          -0.06413,
          0.023467,
          2.455128
        ],
        [
          -0.036293,
          -0.206834,
          0.977703,
          1.042518
        ],
        [
          -0.057846,
          -0.976272,
          -0.208679,
          1.44183
        ],
        [
          0.0,
          0.0,
          0.0,
          1.0
        ]
      ]
    },
    {
      "file_path": "/media/NFS/ttao/scannet/posed_images/scene0158_01/00201.jpg",
      "transform_matrix": [
        [
          0.997707,
          -0.063232,
          0.024138,
          2.455857
        ],
        [
          -0.036512,
          -0.202554,
          0.97859,
          1.04192
        ],
        [
          -0.056989,
          -0.977228,
          -0.204398,
          1.44879
        ],
        [
          0.0,
          0.0,
          0.0,
          1.0
        ]
      ]
    },
    {
      "file_path": "/media/NFS/ttao/scannet/posed_images/scene0158_01/00212.jpg",
      "transform_matrix": [
        [
          0.998427,
          -0.045433,
          0.032865,
          2.454892
        ],
        [
          -0.037352,
          -0.101709,
          0.994113,
          1.0244
        ],
        [
          -0.041823,
          -0.993776,
          -0.103246,
          1.474229
        ],
        [
          0.0,
          0.0,
          0.0,
          1.0
        ]
      ]
    },
    {
      "file_path": "/media/NFS/ttao/scannet/posed_images/scene0158_01/00215.jpg",
      "transform_matrix": [
        [
          0.998569,
          -0.044026,
          0.030361,
          2.454719
        ],
        [
          -0.034393,
          -0.093929,
          0.994985,
          1.020258
        ],
        [
          -0.040953,
          -0.994605,
          -0.095309,
          1.474167
        ],
        [
          0.0,
          0.0,
          0.0,
          1.0
        ]
      ]
    },
    {
      "file_path": "/media/NFS/ttao/scannet/posed_images/scene0158_01/00219.jpg",
      "transform_matrix": [
        [
          0.998346,
          -0.033901,
          0.046424,
          2.460579
        ],
        [
          -0.049013,
          -0.080025,
          0.995587,
          1.016901
        ],
        [
          -0.030037,
          -0.996216,
          -0.081554,
          1.481802
        ],
        [
          0.0,
          0.0,
          0.0,
          1.0
        ]
      ]
    },
    {
      "file_path": "/media/NFS/ttao/scannet/posed_images/scene0158_01/00226.jpg",
      "transform_matrix": [
        [
          0.992548,
          -0.033351,
          0.117203,
          2.485094
        ],
        [
          -0.118161,
          -0.028361,
          0.992589,
          1.015035
        ],
        [
          -0.02978,
          -0.999041,
          -0.03209,
          1.504199
        ],
        [
          0.0,
          0.0,
          0.0,
          1.0
        ]
      ]
    },
    {
      "file_path": "/media/NFS/ttao/scannet/posed_images/scene0158_01/00234.jpg",
      "transform_matrix": [
        [
          0.975229,
          -0.049529,
          0.215579,
          2.522202
        ],
        [
          -0.218474,
          -0.063268,
          0.973789,
          1.031101
        ],
        [
          -0.034591,
          -0.996767,
          -0.072521,
          1.494196
        ],
        [
          0.0,
          0.0,
          0.0,
          1.0
        ]
      ]
    },
    {
      "file_path": "/media/NFS/ttao/scannet/posed_images/scene0158_01/00240.jpg",
      "transform_matrix": [
        [
          0.969017,
          -0.077487,
          0.234526,
          2.54237
        ],
        [
          -0.241039,
          -0.089403,
          0.966389,
          1.038602
        ],
        [
          -0.053916,
          -0.992977,
          -0.105311,
          1.482481
        ],
        [
          0.0,
          0.0,
          0.0,
          1.0
        ]
      ]
    },
    {
      "file_path": "/media/NFS/ttao/scannet/posed_images/scene0158_01/00241.jpg",
      "transform_matrix": [
        [
          0.968609,
          -0.081182,
          0.23496,
          2.544351
        ],
        [
          -0.242102,
          -0.093541,
          0.965731,
          1.0395
        ],
        [
          -0.056422,
          -0.9923,
          -0.110259,
          1.480157
        ],
        [
          0.0,
          0.0,
          0.0,
          1.0
        ]
      ]
    },
    {
      "file_path": "/media/NFS/ttao/scannet/posed_images/scene0158_01/00250.jpg",
      "transform_matrix": [
        [
          0.97318,
          -0.07511,
          0.217436,
          2.569576
        ],
        [
          -0.227757,
          -0.181661,
          0.956622,
          1.03542
        ],
        [
          -0.032352,
          -0.980489,
          -0.193895,
          1.422077
        ],
        [
          0.0,
          0.0,
          0.0,
          1.0
        ]
      ]
    },
    {
      "file_path": "/media/NFS/ttao/scannet/posed_images/scene0158_01/00257.jpg",
      "transform_matrix": [
        [
          0.961375,
          -0.122662,
          0.2464,
          2.599558
        ],
        [
          -0.269647,
          -0.240125,
          0.93254,
          1.026128
        ],
        [
          -0.05522,
          -0.962961,
          -0.263926,
          1.379769
        ],
        [
          0.0,
          0.0,
          0.0,
          1.0
        ]
      ]
    },
    {
      "file_path": "/media/NFS/ttao/scannet/posed_images/scene0158_01/00260.jpg",
      "transform_matrix": [
        [
          0.954604,
          -0.150456,
          0.257089,
          2.616374
        ],
        [
          -0.289054,
          -0.259361,
          0.921509,
          1.023703
        ],
        [
          -0.071968,
          -0.953989,
          -0.291077,
          1.368116
        ],
        [
          0.0,
          0.0,
          0.0,
          1.0
        ]
      ]
    },
    {
      "file_path": "/media/NFS/ttao/scannet/posed_images/scene0158_01/00269.jpg",
      "transform_matrix": [
        [
          0.942346,
          -0.210119,
          0.26045,
          2.623038
        ],
        [
          -0.320682,
          -0.344577,
          0.882287,
          1.01457
        ],
        [
          -0.095641,
          -0.914941,
          -0.392092,
          1.313435
        ],
        [
          0.0,
          0.0,
          0.0,
          1.0
        ]
      ]
    },
    {
      "file_path": "/media/NFS/ttao/scannet/posed_images/scene0158_01/00273.jpg",
      "transform_matrix": [
        [
          0.940763,
          -0.229614,
          0.249483,
          2.629572
        ],
        [
          -0.324165,
          -0.39337,
          0.860336,
          1.013776
        ],
        [
          -0.099407,
          -0.890246,
          -0.444501,
          1.297782
        ],
        [
          0.0,
          0.0,
          0.0,
          1.0
        ]
      ]
    },
    {
      "file_path": "/media/NFS/ttao/scannet/posed_images/scene0158_01/00281.jpg",
      "transform_matrix": [
        [
          0.928689,
          -0.280205,
          0.242942,
          2.632984
        ],
        [
          -0.354633,
          -0.479335,
          0.802791,
          1.013729
        ],
        [
          -0.108496,
          -0.831699,
          -0.544523,
          1.262358
        ],
        [
          0.0,
          0.0,
          0.0,
          1.0
        ]
      ]
    },
    {
      "file_path": "/media/NFS/ttao/scannet/posed_images/scene0158_01/00286.jpg",
      "transform_matrix": [
        [
          0.919632,
          -0.311306,
          0.239511,
          2.634557
        ],
        [
          -0.372513,
          -0.49791,
          0.783148,
          1.012538
        ],
        [
          -0.124544,
          -0.809429,
          -0.573859,
          1.250975
        ],
        [
          0.0,
          0.0,
          0.0,
          1.0
        ]
      ]
    },
    {
      "file_path": "/media/NFS/ttao/scannet/posed_images/scene0158_01/00288.jpg",
      "transform_matrix": [
        [
          0.918052,
          -0.312607,
          0.243838,
          2.635054
        ],
        [
          -0.375819,
          -0.490331,
          0.786343,
          1.012369
        ],
        [
          -0.126255,
          -0.813543,
          -0.567633,
          1.250523
        ],
        [
          0.0,
          0.0,
          0.0,
          1.0
        ]
      ]
    },
    {
      "file_path": "/media/NFS/ttao/scannet/posed_images/scene0158_01/00297.jpg",
      "transform_matrix": [
        [
          0.944925,
          -0.229029,
          0.2338,
          2.618255
        ],
        [
          -0.308587,
          -0.385453,
          0.869597,
          1.020261
        ],
        [
          -0.109044,
          -0.893852,
          -0.4349,
          1.310206
        ],
        [
          0.0,
          0.0,
          0.0,
          1.0
        ]
      ]
    },
    {
      "file_path": "/media/NFS/ttao/scannet/posed_images/scene0158_01/00300.jpg",
      "transform_matrix": [
        [
          0.95373,
          -0.197181,
          0.226977,
          2.609226
        ],
        [
          -0.284294,
          -0.34572,
          0.894234,
          1.017929
        ],
        [
          -0.097855,
          -0.917386,
          -0.385781,
          1.33238
        ],
        [
          0.0,
          0.0,
          0.0,
          1.0
        ]
      ]
    },
    {
      "file_path": "/media/NFS/ttao/scannet/posed_images/scene0158_01/00309.jpg",
      "transform_matrix": [
        [
          0.966629,
          -0.13229,
          0.219381,
          2.593532
        ],
        [
          -0.24559,
          -0.234846,
          0.940496,
          1.016911
        ],
        [
          -0.072898,
          -0.962988,
          -0.259498,
          1.39414
        ],
        [
          0.0,
          0.0,
          0.0,
          1.0
        ]
      ]
    },
    {
      "file_path": "/media/NFS/ttao/scannet/posed_images/scene0158_01/00311.jpg",
      "transform_matrix": [
        [
          0.969155,
          -0.112339,
          0.219361,
          2.588666
        ],
        [
          -0.238618,
          -0.205078,
          0.949212,
          1.011681
        ],
        [
          -0.061648,
          -0.972277,
          -0.225558,
          1.407109
        ],
        [
          0.0,
          0.0,
          0.0,
          1.0
        ]
      ]
    },
    {
      "file_path": "/media/NFS/ttao/scannet/posed_images/scene0158_01/00318.jpg",
      "transform_matrix": [
        [
          0.975255,
          -0.086595,
          0.203416,
          2.572939
        ],
        [
          -0.214105,
          -0.140639,
          0.966633,
          1.011138
        ],
        [
          -0.055097,
          -0.986267,
          -0.1557,
          1.438863
        ],
        [
          0.0,
          0.0,
          0.0,
          1.0
        ]
      ]
    },
    {
      "file_path": "/media/NFS/ttao/scannet/posed_images/scene0158_01/00323.jpg",
      "transform_matrix": [
        [
          0.984962,
          -0.060252,
          0.161924,
          2.558185
        ],
        [
          -0.165734,
          -0.064763,
          0.984041,
          1.004116
        ],
        [
          -0.048803,
          -0.99608,
          -0.073775,
          1.471302
        ],
        [
          0.0,
          0.0,
          0.0,
          1.0
        ]
      ]
    },
    {
      "file_path": "/media/NFS/ttao/scannet/posed_images/scene0158_01/00328.jpg",
      "transform_matrix": [
        [
          0.991782,
          -0.014159,
          0.127153,
          2.537469
        ],
        [
          -0.127274,
          -0.007969,
          0.991835,
          1.001714
        ],
        [
          -0.01303,
          -0.999868,
          -0.009705,
          1.493934
        ],
        [
          0.0,
          0.0,
          0.0,
          1.0
        ]
      ]
    },
    {
      "file_path": "/media/NFS/ttao/scannet/posed_images/scene0158_01/00337.jpg",
      "transform_matrix": [
        [
          0.993699,
          0.024603,
          0.10935,
          2.495455
        ],
        [
          -0.110569,
          0.05535,
          0.992326,
          1.006483
        ],
        [
          0.018362,
          -0.998164,
          0.057721,
          1.512619
        ],
        [
          0.0,
          0.0,
          0.0,
          1.0
        ]
      ]
    },
    {
      "file_path": "/media/NFS/ttao/scannet/posed_images/scene0158_01/00340.jpg",
      "transform_matrix": [
        [
          0.99416,
          0.032315,
          0.102965,
          2.475994
        ],
        [
          -0.104441,
          0.047904,
          0.993377,
          1.007789
        ],
        [
          0.027168,
          -0.998329,
          0.050999,
          1.518369
        ],
        [
          0.0,
          0.0,
          0.0,
          1.0
        ]
      ]
    },
    {
      "file_path": "/media/NFS/ttao/scannet/posed_images/scene0158_01/00347.jpg",
      "transform_matrix": [
        [
          0.996974,
          0.03545,
          0.069179,
          2.457135
        ],
        [
          -0.071477,
          0.068297,
          0.995101,
          0.999304
        ],
        [
          0.030551,
          -0.997035,
          0.070624,
          1.529899
        ],
        [
          0.0,
          0.0,
          0.0,
          1.0
        ]
      ]
    },
    {
      "file_path": "/media/NFS/ttao/scannet/posed_images/scene0158_01/00356.jpg",
      "transform_matrix": [
        [
          0.998011,
          0.055374,
          0.030117,
          2.422661
        ],
        [
          -0.035964,
          0.107827,
          0.993519,
          0.981391
        ],
        [
          0.051768,
          -0.992626,
          0.109604,
          1.548676
        ],
        [
          0.0,
          0.0,
          0.0,
          1.0
        ]
      ]
    },
    {
      "file_path": "/media/NFS/ttao/scannet/posed_images/scene0158_01/00358.jpg",
      "transform_matrix": [
        [
          0.997327,
          0.0673,
          0.028462,
          2.416834
        ],
        [
          -0.036081,
          0.11486,
          0.992726,
          0.978413
        ],
        [
          0.063541,
          -0.991099,
          0.116981,
          1.550264
        ],
        [
          0.0,
          0.0,
          0.0,
          1.0
        ]
      ]
    },
    {
      "file_path": "/media/NFS/ttao/scannet/posed_images/scene0158_01/00368.jpg",
      "transform_matrix": [
        [
          0.993369,
          0.113585,
          -0.017811,
          2.369989
        ],
        [
          0.000928,
          0.146996,
          0.989137,
          0.959579
        ],
        [
          0.114969,
          -0.982594,
          0.145916,
          1.552167
        ],
        [
          0.0,
          0.0,
          0.0,
          1.0
        ]
      ]
    },
    {
      "file_path": "/media/NFS/ttao/scannet/posed_images/scene0158_01/00370.jpg",
      "transform_matrix": [
        [
          0.993152,
          0.113705,
          -0.026834,
          2.353656
        ],
        [
          0.009959,
          0.146448,
          0.989168,
          0.958519
        ],
        [
          0.116403,
          -0.982662,
          0.144313,
          1.55531
        ],
        [
          0.0,
          0.0,
          0.0,
          1.0
        ]
      ]
    },
    {
      "file_path": "/media/NFS/ttao/scannet/posed_images/scene0158_01/00375.jpg",
      "transform_matrix": [
        [
          0.992615,
          0.0971,
          -0.072705,
          2.338886
        ],
        [
          0.0567,
          0.158462,
          0.985735,
          0.953781
        ],
        [
          0.107236,
          -0.982579,
          0.151786,
          1.562095
        ],
        [
          0.0,
          0.0,
          0.0,
          1.0
        ]
      ]
    },
    {
      "file_path": "/media/NFS/ttao/scannet/posed_images/scene0158_01/00380.jpg",
      "transform_matrix": [
        [
          0.990301,
          0.053698,
          -0.128144,
          2.307021
        ],
        [
          0.11506,
          0.200037,
          0.973009,
          0.942454
        ],
        [
          0.077882,
          -0.978316,
          0.191918,
          1.576489
        ],
        [
          0.0,
          0.0,
          0.0,
          1.0
        ]
      ]
    },
    {
      "file_path": "/media/NFS/ttao/scannet/posed_images/scene0158_01/00391.jpg",
      "transform_matrix": [
        [
          0.964427,
          0.039854,
          -0.261329,
          2.251379
        ],
        [
          0.249383,
          0.190767,
          0.94943,
          0.938426
        ],
        [
          0.087692,
          -0.980826,
          0.174042,
          1.569075
        ],
        [
          0.0,
          0.0,
          0.0,
          1.0
        ]
      ]
    },
    {
      "file_path": "/media/NFS/ttao/scannet/posed_images/scene0158_01/00396.jpg",
      "transform_matrix": [
        [
          0.957252,
          0.050427,
          -0.284827,
          2.237484
        ],
        [
          0.273404,
          0.163775,
          0.947854,
          0.946252
        ],
        [
          0.094445,
          -0.985208,
          0.142987,
          1.5537
        ],
        [
          0.0,
          0.0,
          0.0,
          1.0
        ]
      ]
    },
    {
      "file_path": "/media/NFS/ttao/scannet/posed_images/scene0158_01/00398.jpg",
      "transform_matrix": [
        [
          0.95521,
          0.056708,
          -0.290444,
          2.233706
        ],
        [
          0.28085,
          0.135576,
          0.950128,
          0.952886
        ],
        [
          0.093257,
          -0.989143,
          0.113577,
          1.543275
        ],
        [
          0.0,
          0.0,
          0.0,
          1.0
        ]
      ]
    },
    {
      "file_path": "/media/NFS/ttao/scannet/posed_images/scene0158_01/00406.jpg",
      "transform_matrix": [
        [
          0.942965,
          0.082675,
          -0.322462,
          2.228328
        ],
        [
          0.319511,
          0.047103,
          0.946411,
          0.973683
        ],
        [
          0.093433,
          -0.995463,
          0.018001,
          1.509383
        ],
        [
          0.0,
          0.0,
          0.0,
          1.0
        ]
      ]
    },
    {
      "file_path": "/media/NFS/ttao/scannet/posed_images/scene0158_01/00413.jpg",
      "transform_matrix": [
        [
          0.929752,
          0.110072,
          -0.351348,
          2.217948
        ],
        [
          0.354716,
          -0.01203,
          0.934897,
          0.987688
        ],
        [
          0.098679,
          -0.993851,
          -0.050229,
          1.487909
        ],
        [
          0.0,
          0.0,
          0.0,
          1.0
        ]
      ]
    },
    {
      "file_path": "/media/NFS/ttao/scannet/posed_images/scene0158_01/00415.jpg",
      "transform_matrix": [
        [
          0.92785,
          0.111655,
          -0.355848,
          2.215143
        ],
        [
          0.359926,
          -0.018096,
          0.932805,
          0.990166
        ],
        [
          0.097713,
          -0.993582,
          -0.056977,
          1.484697
        ],
        [
          0.0,
          0.0,
          0.0,
          1.0
        ]
      ]
    },
    {
      "file_path": "/media/NFS/ttao/scannet/posed_images/scene0158_01/00424.jpg",
      "transform_matrix": [
        [
          0.90844,
          0.104829,
          -0.404657,
          2.204937
        ],
        [
          0.412167,
          -0.063267,
          0.908909,
          1.005536
        ],
        [
          0.069679,
          -0.992476,
          -0.100681,
          1.467811
        ],
        [
          0.0,
          0.0,
          0.0,
          1.0
        ]
      ]
    },
    {
      "file_path": "/media/NFS/ttao/scannet/posed_images/scene0158_01/00431.jpg",
      "transform_matrix": [
        [
          0.866844,
          0.097573,
          -0.488938,
          2.248056
        ],
        [
          0.496963,
          -0.090206,
          0.86307,
          1.029527
        ],
        [
          0.040108,
          -0.991132,
          -0.126685,
          1.469129
        ],
        [
          0.0,
          0.0,
          0.0,
          1.0
        ]
      ]
    },
    {
      "file_path": "/media/NFS/ttao/scannet/posed_images/scene0158_01/00437.jpg",
      "transform_matrix": [
        [
          0.809291,
          0.12551,
          -0.573843,
          2.342889
        ],
        [
          0.586984,
          -0.135659,
          0.798152,
          1.087762
        ],
        [
          0.022329,
          -0.982774,
          -0.18346,
          1.453762
        ],
        [
          0.0,
          0.0,
          0.0,
          1.0
        ]
      ]
    },
    {
      "file_path": "/media/NFS/ttao/scannet/posed_images/scene0158_01/00441.jpg",
      "transform_matrix": [
        [
          0.786062,
          0.134203,
          -0.603404,
          2.395687
        ],
        [
          0.616897,
          -0.108244,
          0.779565,
          1.115323
        ],
        [
          0.039305,
          -0.985024,
          -0.167876,
          1.457596
        ],
        [
          0.0,
          0.0,
          0.0,
          1.0
        ]
      ]
    },
    {
      "file_path": "/media/NFS/ttao/scannet/posed_images/scene0158_01/00448.jpg",
      "transform_matrix": [
        [
          0.709319,
          0.154749,
          -0.687692,
          2.462165
        ],
        [
          0.704833,
          -0.143545,
          0.694698,
          1.156969
        ],
        [
          0.008789,
          -0.97747,
          -0.210891,
          1.458687
        ],
        [
          0.0,
          0.0,
