{
  "frames": [
    {
      "file_path": "/media/NFS/ttao/scannet/posed_images/scene0066_00/00000.jpg",
      "transform_matrix": [
        [
          0.515401,
          -0.339121,
          0.786994,
          4.776819
        ],
        [
          -0.847541,
          -0.337435,
          0.40965,
          1.138867
        ],
        [
          0.126638,
          -0.878143,
          -0.461333,
          1.280463
        ],
        [
          0.0,
          0.0,
          0.0,
          1.0
        ]
      ]
    },
    {
      "file_path": "/media/NFS/ttao/scannet/posed_images/scene0066_00/00005.jpg",
      "transform_matrix": [
        [
          0.463385,
          -0.312682,
          0.829159,
          4.76168
        ],
        [
          -0.876592,
          -0.298845,
          0.377197,
          1.140636
        ],
        [
          0.129847,
          -0.901622,
          -0.412575,
          1.289601
        ],
        [
          0.0,
          0.0,
          0.0,
          1.0
        ]
      ]
    },
    {
      "file_path": "/media/NFS/ttao/scannet/posed_images/scene0066_00/00007.jpg",
      "transform_matrix": [
        [
          0.469883,
          -0.312036,
          0.825738,
          4.759499
        ],
        [
          -0.873252,
          -0.301021,
          0.383169,
          1.143773
        ],
        [
          0.129002,
          -0.901122,
          -0.41393,
          1.291533
        ],
        [
          0.0,
          0.0,
          0.0,
          1.0
        ]
      ]
    },
    {
      "file_path": "/media/NFS/ttao/scannet/posed_images/scene0066_00/00011.jpg",
      "transform_matrix": [
        [
          0.506085,
          -0.296231,
          0.810016,
          4.751974
        ],
        [
          -0.853802,
          -0.304995,
          0.421901,
          1.134052
        ],
        [
          0.122071,
          -0.905111,
          -0.407276,
          1.296996
        ],
        [
          0.0,
          0.0,
          0.0,
          1.0
        ]
      ]
    },
    {
      "file_path": "/media/NFS/ttao/scannet/posed_images/scene0066_00/00016.jpg",
      "transform_matrix": [
        [
          0.574148,
          -0.277205,
          0.770397,
          4.744179
        ],
        [
          -0.812339,
          -0.310404,
          0.493715,
          1.1429
        ],
        [
          0.102274,
          -0.909289,
          -0.403402,
          1.303969
        ],
        [
          0.0,
          0.0,
          0.0,
          1.0
        ]
      ]
    },
    {
      "file_path": "/media/NFS/ttao/scannet/posed_images/scene0066_00/00022.jpg",
      "transform_matrix": [
        [
          0.65832,
          -0.262075,
          0.705643,
          4.724812
        ],
        [
          -0.747566,
          -0.337338,
          0.572144,
          1.160407
        ],
        [
          0.088095,
          -0.904168,
          -0.417994,
          1.306065
        ],
        [
          0.0,
          0.0,
          0.0,
          1.0
        ]
      ]
    },
    {
      "file_path": "/media/NFS/ttao/scannet/posed_images/scene0066_00/00027.jpg",
      "transform_matrix": [
        [
          0.717874,
          -0.242057,
          0.652737,
          4.719024
        ],
        [
          -0.691384,
          -0.357673,
          0.62774,
          1.167784
        ],
        [
          0.081517,
          -0.90193,
          -0.424118,
          1.311131
        ],
        [
          0.0,
          0.0,
          0.0,
          1.0
        ]
      ]
    },
    {
      "file_path": "/media/NFS/ttao/scannet/posed_images/scene0066_00/00030.jpg",
      "transform_matrix": [
        [
          0.747751,
          -0.231411,
          0.622349,
          4.709914
        ],
        [
          -0.660301,
          -0.357692,
          0.660348,
          1.167617
        ],
        [
          0.069797,
          -0.904713,
          -0.420265,
          1.308489
        ],
        [
          0.0,
          0.0,
          0.0,
          1.0
        ]
      ]
    },
    {
      "file_path": "/media/NFS/ttao/scannet/posed_images/scene0066_00/00033.jpg",
      "transform_matrix": [
        [
          0.781763,
          -0.217296,
          0.58449,
          4.714516
        ],
        [
          -0.620261,
          -0.367483,
          0.692988,
          1.160656
        ],
        [
          0.064207,
          -0.904289,
          -0.422065,
          1.308971
        ],
        [
          0.0,
          0.0,
          0.0,
          1.0
        ]
      ]
    },
    {
      "file_path": "/media/NFS/ttao/scannet/posed_images/scene0066_00/00036.jpg",
      "transform_matrix": [
        [
          0.812912,
          -0.207575,
          0.544138,
          4.716195
        ],
        [
          -0.579691,
          -0.378184,
          0.721759,
          1.155847
        ],
        [
          0.055966,
          -0.902159,
          -0.427759,
          1.3121
        ],
        [
          0.0,
          0.0,
          0.0,
          1.0
        ]
      ]
    },
    {
      "file_path": "/media/NFS/ttao/scannet/posed_images/scene0066_00/00042.jpg",
      "transform_matrix": [
        [
          0.872803,
          -0.190733,
          0.449262,
          4.731305
        ],
        [
          -0.48716,
          -0.396706,
          0.778009,
          1.138079
        ],
        [
          0.029833,
          -0.897911,
          -0.439164,
          1.316045
        ],
        [
          0.0,
          0.0,
          0.0,
          1.0
        ]
      ]
    },
    {
      "file_path": "/media/NFS/ttao/scannet/posed_images/scene0066_00/00046.jpg",
      "transform_matrix": [
        [
          0.906287,
          -0.162276,
          0.390269,
          4.72476
        ],
        [
          -0.421619,
          -0.411941,
          0.807801,
          1.126687
        ],
        [
          0.029681,
          -0.896644,
          -0.441755,
          1.311317
        ],
        [
          0.0,
          0.0,
          0.0,
          1.0
        ]
      ]
    },
    {
      "file_path": "/media/NFS/ttao/scannet/posed_images/scene0066_00/00051.jpg",
      "transform_matrix": [
        [
          0.935003,
          -0.130696,
          0.329678,
          4.704298
        ],
        [
          -0.352915,
          -0.434452,
          0.828675,
          1.135878
        ],
        [
          0.034925,
          -0.891162,
          -0.452339,
          1.322574
        ],
        [
          0.0,
          0.0,
          0.0,
          1.0
        ]
      ]
    },
    {
      "file_path": "/media/NFS/ttao/scannet/posed_images/scene0066_00/00054.jpg",
      "transform_matrix": [
        [
          0.948277,
          -0.110518,
          0.297583,
          4.698658
        ],
        [
          -0.315151,
          -0.440206,
          0.840772,
          1.134409
        ],
        [
          0.038077,
          -0.891069,
          -0.452268,
          1.327212
        ],
        [
          0.0,
          0.0,
          0.0,
          1.0
        ]
      ]
    },
    {
      "file_path": "/media/NFS/ttao/scannet/posed_images/scene0066_00/00058.jpg",
      "transform_matrix": [
        [
          0.961464,
          -0.084248,
          0.261705,
          4.682294
        ],
        [
          -0.271485,
          -0.441168,
          0.855375,
          1.135431
        ],
        [
          0.043392,
          -0.893461,
          -0.447039,
          1.326742
        ],
        [
          0.0,
          0.0,
          0.0,
          1.0
        ]
      ]
    },
    {
      "file_path": "/media/NFS/ttao/scannet/posed_images/scene0066_00/00062.jpg",
      "transform_matrix": [
        [
          0.97234,
          -0.064775,
          0.224407,
          4.681087
        ],
        [
          -0.229589,
          -0.441666,
          0.867306,
          1.142904
        ],
        [
          0.042933,
          -0.894838,
          -0.444321,
          1.335606
        ],
        [
          0.0,
          0.0,
          0.0,
          1.0
        ]
      ]
    },
    {
      "file_path": "/media/NFS/ttao/scannet/posed_images/scene0066_00/00066.jpg",
      "transform_matrix": [
        [
          0.978655,
          -0.062897,
          0.195649,
          4.669111
        ],
        [
          -0.203511,
          -0.429057,
          0.880053,
          1.146962
        ],
        [
          0.028592,
          -0.901085,
          -0.432699,
          1.341353
        ],
        [
          0.0,
          0.0,
          0.0,
          1.0
        ]
      ]
    },
    {
      "file_path": "/media/NFS/ttao/scannet/posed_images/scene0066_00/00070.jpg",
      "transform_matrix": [
        [
          0.98192,
          -0.054095,
          0.181405,
          4.663672
        ],
        [
          -0.187149,
          -0.421423,
          0.887343,
          1.147552
        ],
        [
          0.028448,
          -0.905249,
          -0.423927,
          1.34385
        ],
        [
          0.0,
          0.0,
          0.0,
          1.0
        ]
      ]
    },
    {
      "file_path": "/media/NFS/ttao/scannet/posed_images/scene0066_00/00075.jpg",
      "transform_matrix": [
        [
          0.978195,
          -0.043944,
          0.202987,
          4.641433
        ],
        [
          -0.203481,
          -0.398532,
          0.894298,
          1.159302
        ],
        [
          0.041598,
          -0.916101,
          -0.398783,
          1.34747
        ],
        [
          0.0,
          0.0,
          0.0,
          1.0
        ]
      ]
    },
    {
      "file_path": "/media/NFS/ttao/scannet/posed_images/scene0066_00/00076.jpg",
      "transform_matrix": [
        [
          0.97754,
          -0.046167,
          0.205632,
          4.638415
        ],
        [
          -0.206889,
          -0.396134,
          0.894581,
          1.160833
        ],
        [
          0.040157,
          -0.917031,
          -0.396789,
          1.343644
        ],
        [
          0.0,
          0.0,
          0.0,
          1.0
        ]
      ]
    },
    {
      "file_path": "/media/NFS/ttao/scannet/posed_images/scene0066_00/00082.jpg",
      "transform_matrix": [
        [
          0.972239,
          -0.041622,
          0.230259,
          4.616448
        ],
        [
          -0.228181,
          -0.386575,
          0.893584,
          1.178846
        ],
        [
          0.05182,
          -0.921318,
          -0.385341,
          1.340813
        ],
        [
          0.0,
          0.0,
          0.0,
          1.0
        ]
      ]
    },
    {
      "file_path": "/media/NFS/ttao/scannet/posed_images/scene0066_00/00083.jpg",
      "transform_matrix": [
        [
          0.971578,
          -0.04294,
          0.232793,
          4.613482
        ],
        [
          -0.230872,
          -0.389121,
          0.891787,
          1.184379
        ],
        [
          0.052291,
          -0.920186,
          -0.387975,
          1.33904
        ],
        [
          0.0,
          0.0,
          0.0,
          1.0
        ]
      ]
    },
    {
      "file_path": "/media/NFS/ttao/scannet/posed_images/scene0066_00/00088.jpg",
      "transform_matrix": [
        [
          0.963051,
          -0.085952,
          0.255233,
          4.611202
        ],
        [
          -0.268074,
          -0.396908,
          0.877838,
          1.209957
        ],
        [
          0.025852,
          -0.913825,
          -0.405285,
          1.339308
        ],
        [
          0.0,
          0.0,
          0.0,
          1.0
        ]
      ]
    },
    {
      "file_path": "/media/NFS/ttao/scannet/posed_images/scene0066_00/00093.jpg",
      "transform_matrix": [
        [
          0.954916,
          -0.130472,
          0.266668,
          4.616807
        ],
        [
          -0.296174,
          -0.356965,
          0.885921,
          1.239172
        ],
        [
          -0.020397,
          -0.924961,
          -0.379514,
          1.346987
        ],
        [
          0.0,
          0.0,
          0.0,
          1.0
        ]
      ]
    },
    {
      "file_path": "/media/NFS/ttao/scannet/posed_images/scene0066_00/00096.jpg",
      "transform_matrix": [
        [
          0.953103,
          -0.133632,
          0.271547,
          4.632429
        ],
        [
          -0.301871,
          -0.355526,
          0.884576,
          1.259208
        ],
        [
          -0.021666,
          -0.925064,
          -0.379193,
          1.345128
        ],
        [
          0.0,
          0.0,
          0.0,
          1.0
        ]
      ]
    },
    {
      "file_path": "/media/NFS/ttao/scannet/posed_images/scene0066_00/00100.jpg",
      "transform_matrix": [
        [
          0.955069,
          -0.110718,
          0.274926,
          4.653829
        ],
        [
          -0.296382,
          -0.359495,
          0.884828,
          1.297079
        ],
        [
          0.000868,
          -0.926556,
          -0.376157,
          1.35182
        ],
        [
          0.0,
          0.0,
          0.0,
          1.0
        ]
      ]
    },
    {
      "file_path": "/media/NFS/ttao/scannet/posed_images/scene0066_00/00106.jpg",
      "transform_matrix": [
        [
          0.966518,
          -0.088779,
          0.240752,
          4.708365
        ],
        [
          -0.256599,
          -0.332328,
          0.907587,
          1.346096
        ],
        [
          -0.000566,
          -0.938976,
          -0.343982,
          1.359131
        ],
        [
          0.0,
          0.0,
          0.0,
          1.0
        ]
      ]
    },
    {
      "file_path": "/media/NFS/ttao/scannet/posed_images/scene0066_00/00110.jpg",
      "transform_matrix": [
        [
          0.969581,
          -0.067797,
          0.235193,
          4.739096
        ],
        [
          -0.244089,
          -0.339415,
          0.908415,
          1.385126
        ],
        [
          0.01824,
          -0.93819,
          -0.345639,
          1.357648
        ],
        [
          0.0,
          0.0,
          0.0,
          1.0
        ]
      ]
    },
    {
      "file_path": "/media/NFS/ttao/scannet/posed_images/scene0066_00/00115.jpg",
      "transform_matrix": [
        [
          0.973868,
          -0.059226,
          0.219258,
          4.763766
        ],
        [
          -0.225887,
          -0.35288,
          0.907993,
          1.431198
        ],
        [
          0.023595,
          -0.933792,
          -0.357037,
          1.360535
        ],
        [
          0.0,
          0.0,
          0.0,
          1.0
        ]
      ]
    },
    {
      "file_path": "/media/NFS/ttao/scannet/posed_images/scene0066_00/00118.jpg",
      "transform_matrix": [
        [
          0.974303,
          -0.059477,
          0.217246,
          4.770818
        ],
        [
          -0.224121,
          -0.352051,
          0.908752,
          1.465688
        ],
        [
          0.022432,
          -0.934089,
          -0.356334,
          1.370683
        ],
        [
          0.0,
          0.0,
          0.0,
          1.0
        ]
      ]
    },
    {
      "file_path": "/media/NFS/ttao/scannet/posed_images/scene0066_00/00123.jpg",
      "transform_matrix": [
        [
          0.980952,
          -0.013365,
          0.193788,
          4.774318
        ],
        [
          -0.186265,
          -0.347797,
          0.918881,
          1.509018
        ],
        [
          0.055119,
          -0.937475,
          -0.343662,
          1.356118
        ],
        [
          0.0,
          0.0,
          0.0,
          1.0
        ]
      ]
    },
    {
      "file_path": "/media/NFS/ttao/scannet/posed_images/scene0066_00/00124.jpg",
      "transform_matrix": [
        [
          0.980707,
          -0.007891,
          0.195322,
          4.770519
        ],
        [
          -0.185142,
          -0.358155,
          0.915122,
          1.525099
        ],
        [
          0.062734,
          -0.933629,
          -0.352706,
          1.362116
        ],
        [
          0.0,
          0.0,
          0.0,
          1.0
        ]
      ]
    },
    {
      "file_path": "/media/NFS/ttao/scannet/posed_images/scene0066_00/00128.jpg",
      "transform_matrix": [
        [
          0.978977,
          -0.010591,
          0.203693,
          4.759513
        ],
        [
          -0.194383,
          -0.350986,
          0.915982,
          1.577813
        ],
        [
          0.061792,
          -0.936321,
          -0.345666,
          1.371229
        ],
        [
          0.0,
          0.0,
          0.0,
          1.0
        ]
      ]
    },
    {
      "file_path": "/media/NFS/ttao/scannet/posed_images/scene0066_00/00135.jpg",
      "transform_matrix": [
        [
          0.964987,
          -0.026666,
          0.260937,
          4.725935
        ],
        [
          -0.254855,
          -0.330606,
          0.908707,
          1.655487
        ],
        [
          0.062036,
          -0.943392,
          -0.325827,
          1.363686
        ],
        [
          0.0,
          0.0,
          0.0,
          1.0
        ]
      ]
    },
    {
      "file_path": "/media/NFS/ttao/scannet/posed_images/scene0066_00/00139.jpg",
      "transform_matrix": [
        [
          0.961916,
          -0.031866,
          0.271482,
          4.71376
        ],
        [
          -0.267467,
          -0.314592,
          0.910765,
          1.685495
        ],
        [
          0.056384,
          -0.948692,
          -0.311134,
          1.364563
        ],
        [
          0.0,
          0.0,
          0.0,
          1.0
        ]
      ]
    },
    {
      "file_path": "/media/NFS/ttao/scannet/posed_images/scene0066_00/00140.jpg",
      "transform_matrix": [
        [
          0.960469,
          -0.029183,
          0.276851,
          4.707392
        ],
        [
          -0.271526,
          -0.317602,
          0.908517,
          1.690467
        ],
        [
          0.061415,
          -0.947775,
          -0.312971,
          1.368064
        ],
        [
          0.0,
          0.0,
          0.0,
          1.0
        ]
      ]
    },
    {
      "file_path": "/media/NFS/ttao/scannet/posed_images/scene0066_00/00145.jpg",
      "transform_matrix": [
        [
          0.963892,
          -0.028486,
          0.264766,
          4.707014
        ],
        [
          -0.260248,
          -0.311427,
          0.913939,
          1.71118
        ],
        [
          0.05642,
          -0.949843,
          -0.307596,
          1.367976
        ],
        [
          0.0,
          0.0,
          0.0,
          1.0
        ]
      ]
    },
    {
      "file_path": "/media/NFS/ttao/scannet/posed_images/scene0066_00/00150.jpg",
      "transform_matrix": [
        [
          0.969371,
          -0.021283,
          0.244677,
          4.715014
        ],
        [
          -0.238283,
          -0.322888,
          0.91595,
          1.720457
        ],
        [
          0.05951,
          -0.946198,
          -0.31807,
          1.366852
        ],
        [
          0.0,
          0.0,
          0.0,
          1.0
        ]
      ]
    },
    {
      "file_path": "/media/NFS/ttao/scannet/posed_images/scene0066_00/00154.jpg",
      "transform_matrix": [
        [
          0.976824,
          -0.01879,
          0.213219,
          4.725392
        ],
        [
          -0.208653,
          -0.305788,
          0.928955,
          1.725368
        ],
        [
          0.047744,
          -0.951914,
          -0.302622,
          1.373986
        ],
        [
          0.0,
          0.0,
          0.0,
          1.0
        ]
      ]
    },
    {
      "file_path": "/media/NFS/ttao/scannet/posed_images/scene0066_00/00156.jpg",
      "transform_matrix": [
        [
          0.978181,
          -0.016215,
          0.207119,
          4.72888
        ],
        [
          -0.202099,
          -0.305258,
          0.930577,
          1.725069
        ],
        [
          0.048136,
          -0.952132,
          -0.301875,
          1.370541
        ],
        [
          0.0,
          0.0,
          0.0,
          1.0
        ]
      ]
    },
    {
      "file_path": "/media/NFS/ttao/scannet/posed_images/scene0066_00/00163.jpg",
      "transform_matrix": [
        [
          0.991083,
          -0.009098,
          0.132932,
          4.741295
        ],
        [
          -0.129185,
          -0.30994,
          0.941939,
          1.728186
        ],
        [
          0.032631,
          -0.950713,
          -0.308352,
          1.374651
        ],
        [
          0.0,
          0.0,
          0.0,
          1.0
        ]
      ]
    },
    {
      "file_path": "/media/NFS/ttao/scannet/posed_images/scene0066_00/00164.jpg",
      "transform_matrix": [
        [
          0.992831,
          -0.005506,
          0.119403,
          4.74395
        ],
        [
          -0.115203,
          -0.310406,
          0.943597,
          1.728751
        ],
        [
          0.031868,
          -0.950588,
          -0.308815,
          1.372288
        ],
        [
          0.0,
          0.0,
          0.0,
          1.0
        ]
      ]
    },
    {
      "file_path": "/media/NFS/ttao/scannet/posed_images/scene0066_00/00168.jpg",
      "transform_matrix": [
        [
          0.998343,
          0.016175,
          0.055217,
          4.748424
        ],
        [
          -0.047001,
          -0.3243,
          0.944786,
          1.737447
        ],
        [
          0.033189,
          -0.945816,
          -0.323002,
          1.372179
        ],
        [
          0.0,
          0.0,
          0.0,
          1.0
        ]
      ]
    },
    {
      "file_path": "/media/NFS/ttao/scannet/posed_images/scene0066_00/00174.jpg",
      "transform_matrix": [
        [
          0.99863,
          -0.005829,
          -0.051998,
          4.750278
        ],
        [
          0.04838,
          -0.275644,
          0.960041,
          1.739542
        ],
        [
          -0.019929,
          -0.961242,
          -0.274985,
          1.376826
        ],
        [
          0.0,
          0.0,
          0.0,
          1.0
        ]
      ]
    },
    {
      "file_path": "/media/NFS/ttao/scannet/posed_images/scene0066_00/00177.jpg",
      "transform_matrix": [
        [
          0.996464,
          -0.00185,
          -0.083992,
          4.75387
        ],
        [
          0.079853,
          -0.289828,
          0.953741,
          1.745378
        ],
        [
          -0.026107,
          -0.957077,
          -0.288656,
          1.375396
        ],
        [
          0.0,
          0.0,
          0.0,
          1.0
        ]
      ]
    },
    {
      "file_path": "/media/NFS/ttao/scannet/posed_images/scene0066_00/00182.jpg",
      "transform_matrix": [
        [
          0.993401,
          0.022151,
          -0.112538,
          4.757983
        ],
        [
          0.11391,
          -0.305248,
          0.945435,
          1.756839
        ],
        [
          -0.013409,
          -0.952015,
          -0.305757,
          1.372554
        ],
        [
          0.0,
          0.0,
          0.0,
          1.0
        ]
      ]
    },
    {
      "file_path": "/media/NFS/ttao/scannet/posed_images/scene0066_00/00186.jpg",
      "transform_matrix": [
        [
          0.991553,
          0.039898,
          -0.123416,
          4.755765
        ],
        [
          0.129662,
          -0.329298,
          0.935281,
          1.76453
        ],
        [
          -0.003324,
          -0.943383,
          -0.33169,
          1.377301
        ],
        [
          0.0,
          0.0,
          0.0,
          1.0
        ]
      ]
    },
    {
      "file_path": "/media/NFS/ttao/scannet/posed_images/scene0066_00/00191.jpg",
      "transform_matrix": [
        [
          0.986583,
          0.056211,
          -0.153277,
          4.753506
        ],
        [
          0.163074,
          -0.294679,
          0.941579,
          1.764542
        ],
        [
          0.00776,
          -0.953942,
          -0.299892,
          1.384406
        ],
        [
          0.0,
          0.0,
          0.0,
          1.0
        ]
      ]
    },
    {
      "file_path": "/media/NFS/ttao/scannet/posed_images/scene0066_00/00192.jpg",
      "transform_matrix": [
        [
          0.984728,
          0.062764,
          -0.162393,
          4.751785
        ],
        [
          0.173751,
          -0.295257,
          0.939486,
          1.765585
        ],
        [
          0.011018,
          -0.953354,
          -0.301653,
          1.386748
        ],
        [
          0.0,
          0.0,
          0.0,
          1.0
        ]
      ]
    },
    {
      "file_path": "/media/NFS/ttao/scannet/posed_images/scene0066_00/00198.jpg",
      "transform_matrix": [
        [
          0.959987,
          0.118744,
          -0.253622,
          4.737669
        ],
        [
          0.277574,
          -0.283458,
          0.917935,
          1.768921
        ],
        [
          0.037109,
          -0.951605,
          -0.305076,
          1.39807
        ],
        [
          0.0,
          0.0,
          0.0,
          1.0
        ]
      ]
    },
    {
      "file_path": "/media/NFS/ttao/scannet/posed_images/scene0066_00/00200.jpg",
      "transform_matrix": [
        [
          0.951271,
          0.12852,
          -0.280296,
          4.727903
        ],
        [
          0.305842,
          -0.277415,
          0.91077,
          1.763771
        ],
        [
          0.039294,
          -0.952115,
          -0.303204,
          1.407767
        ],
        [
          0.0,
          0.0,
          0.0,
          1.0
        ]
      ]
    },
    {
      "file_path": "/media/NFS/ttao/scannet/posed_images/scene0066_00/00207.jpg",
      "transform_matrix": [
        [
          0.930342,
          0.112004,
          -0.34917,
          4.724115
        ],
        [
          0.366323,
          -0.241069,
          0.898717,
          1.762062
        ],
        [
          0.016486,
          -0.964023,
          -0.265306,
          1.411678
        ],
        [
          0.0,
          0.0,
          0.0,
          1.0
        ]
      ]
    },
    {
      "file_path": "/media/NFS/ttao/scannet/posed_images/scene0066_00/00211.jpg",
      "transform_matrix": [
        [
          0.918638,
          0.124247,
          -0.375057,
          4.719908
        ],
        [
          0.394804,
          -0.25181,
          0.883584,
          1.761112
        ],
        [
          0.015339,
          -0.959768,
          -0.280376,
          1.411073
        ],
        [
          0.0,
          0.0,
          0.0,
          1.0
        ]
      ]
    },
    {
      "file_path": "/media/NFS/ttao/scannet/posed_images/scene0066_00/00213.jpg",
      "transform_matrix": [
        [
          0.915216,
          0.131118,
          -0.381035,
          4.720586
        ],
        [
          0.402603,
          -0.257546,
          0.878397,
          1.762962
        ],
        [
          0.01704,
          -0.957329,
          -0.288499,
          1.40963
        ],
        [
          0.0,
          0.0,
          0.0,
          1.0
        ]
      ]
    },
    {
      "file_path": "/media/NFS/ttao/scannet/posed_images/scene0066_00/00216.jpg",
      "transform_matrix": [
        [
          0.910286,
          0.142469,
          -0.388692,
          4.71339
        ],
        [
          0.413372,
          -0.261987,
          0.872059,
          1.762057
        ],
        [
          0.022409,
          -0.954498,
          -0.297376,
          1.410636
        ],
        [
          0.0,
          0.0,
          0.0,
          1.0
        ]
      ]
    },
    {
      "file_path": "/media/NFS/ttao/scannet/posed_images/scene0066_00/00222.jpg",
      "transform_matrix": [
        [
          0.884912,
          0.141697,
          -0.443682,
          4.711519
        ],
        [
          0.465663,
          -0.249848,
          0.84896,
          1.754218
        ],
        [
          0.009442,
          -0.957861,
          -0.287076,
          1.410745
        ],
        [
          0.0,
          0.0,
          0.0,
          1.0
        ]
      ]
    },
    {
      "file_path": "/media/NFS/ttao/scannet/posed_images/scene0066_00/00224.jpg",
      "transform_matrix": [
        [
          0.87854,
          0.143388,
          -0.455638,
          4.708252
        ],
        [
          0.477612,
          -0.249118,
          0.842512,
          1.753489
        ],
        [
          0.007298,
          -0.9578,
          -0.287344,
          1.411873
        ],
        [
          0.0,
          0.0,
          0.0,
          1.0
        ]
      ]
    },
    {
      "file_path": "/media/NFS/ttao/scannet/posed_images/scene0066_00/00228.jpg",
      "transform_matrix": [
        [
          0.864529,
          0.144091,
          -0.481484,
          4.711113
        ],
        [
          0.502566,
          -0.240167,
          0.83051,
          1.750337
        ],
        [
          0.004033,
          -0.959978,
          -0.280047,
          1.412394
        ],
        [
          0.0,
          0.0,
          0.0,
          1.0
        ]
      ]
    },
    {
      "file_path": "/media/NFS/ttao/scannet/posed_images/scene0066_00/00235.jpg",
      "transform_matrix": [
        [
          0.833196,
          0.157768,
          -0.529995,
          4.704902
        ],
        [
          0.552972,
          -0.233136,
          0.799919,
          1.743817
        ],
        [
          0.00264,
          -0.959561,
          -0.281489,
          1.412976
        ],
        [
          0.0,
          0.0,
          0.0,
          1.0
        ]
      ]
    },
    {
      "file_path": "/media/NFS/ttao/scannet/posed_images/scene0066_00/00236.jpg",
      "transform_matrix": [
        [
          0.832168,
          0.159552,
          -0.531075,
          4.696416
        ],
        [
          0.554514,
          -0.233672,
          0.798694,
          1.739321
        ],
        [
          0.003336,
          -0.959136,
          -0.282928,
          1.414568
        ],
        [
          0.0,
          0.0,
          0.0,
          1.0
        ]
      ]
    },
    {
      "file_path": "/media/NFS/ttao/scannet/posed_images/scene0066_00/00242.jpg",
      "transform_matrix": [
        [
          0.80441,
          0.163672,
          -0.571083,
          4.68909
        ],
        [
          0.594074,
          -0.22252,
          0.77302,
          1.726824
        ],
        [
          -0.000556,
          -0.961091,
          -0.276231,
          1.415843
        ],
        [
          0.0,
          0.0,
          0.0,
          1.0
        ]
      ]
    },
    {
      "file_path": "/media/NFS/ttao/scannet/posed_images/scene0066_00/00245.jpg",
      "transform_matrix": [
        [
          0.787821,
          0.168783,
          -0.592326,
          4.687097
        ],
        [
          0.615897,
          -0.220457,
          0.756353,
          1.722289
        ],
        [
          -0.002923,
          -0.960683,
          -0.277633,
          1.414681
        ],
        [
          0.0,
          0.0,
          0.0,
          1.0
        ]
      ]
    },
    {
      "file_path": "/media/NFS/ttao/scannet/posed_images/scene0066_00/00251.jpg",
      "transform_matrix": [
        [
          0.758764,
          0.204859,
          -0.618312,
          4.678065
        ],
        [
          0.651222,
          -0.218699,
          0.726691,
          1.71822
        ],
        [
          0.013645,
          -0.954046,
          -0.29935,
          1.417311
        ],
        [
          0.0,
          0.0,
          0.0,
          1.0
        ]
      ]
    },
    {
      "file_path": "/media/NFS/ttao/scannet/posed_images/scene0066_00/00254.jpg",
      "transform_matrix": [
        [
          0.739743,
          0.214655,
          -0.637734,
          4.678439
        ],
        [
          0.672548,
          -0.205632,
          0.710911,
          1.712271
        ],
        [
          0.021462,
          -0.954798,
          -0.296481,
          1.41856
        ],
        [
          0.0,
          0.0,
          0.0,
          1.0
        ]
      ]
    },
    {
      "file_path": "/media/NFS/ttao/scannet/posed_images/scene0066_00/00257.jpg",
      "transform_matrix": [
        [
          0.718835,
          0.221478,
          -0.658956,
          4.677134
        ],
        [
          0.694896,
          -0.201794,
          0.690216,
          1.709033
        ],
        [
          0.019895,
          -0.954058,
          -0.298961,
          1.41919
        ],
        [
          0.0,
          0.0,
          0.0,
          1.0
        ]
      ]
    },
    {
      "file_path": "/media/NFS/ttao/scannet/posed_images/scene0066_00/00260.jpg",
      "transform_matrix": [
        [
          0.692049,
          0.228879,
          -0.684604,
          4.680665
        ],
        [
          0.721703,
          -0.200178,
          0.662627,
          1.705324
        ],
        [
          0.014619,
          -0.952651,
          -0.303716,
          1.422058
        ],
        [
          0.0,
          0.0,
          0.0,
          1.0
        ]
      ]
    },
    {
      "file_path": "/media/NFS/ttao/scannet/posed_images/scene0066_00/00265.jpg",
      "transform_matrix": [
        [
          0.648156,
          0.236249,
          -0.723934,
          4.689804
        ],
        [
          0.76112,
          -0.170625,
          0.625767,
          1.695675
        ],
        [
          0.024315,
          -0.956595,
          -0.290405,
          1.425766
        ],
        [
          0.0,
          0.0,
          0.0,
          1.0
        ]
      ]
    },
    {
      "file_path": "/media/NFS/ttao/scannet/posed_images/scene0066_00/00269.jpg",
      "transform_matrix": [
        [
          0.613722,
          0.241696,
          -0.751617,
          4.697317
        ],
        [
          0.789057,
          -0.155088,
          0.594422,
          1.679367
        ],
        [
          0.027103,
          -0.957878,
          -0.285893,
          1.429966
        ],
        [
          0.0,
          0.0,
          0.0,
          1.0
        ]
      ]
    },
    {
      "file_path": "/media/NFS/ttao/scannet/posed_images/scene0066_00/00273.jpg",
      "transform_matrix": [
        [
          0.532874,
          0.245376,
          -0.809837,
          4.691398
        ],
        [
          0.846189,
          -0.157951,
          0.508936,
          1.63941
        ],
        [
          -0.003034,
          -0.956474,
          -0.291802,
          1.43358
        ],
        [
          0.0,
          0.0,
          0.0,
          1.0
        ]
      ]
    },
    {
      "file_path": "/media/NFS/ttao/scannet/posed_images/scene0066_00/00280.jpg",
      "transform_matrix": [
        [
          0.409531,
          0.301554,
          -0.861016,
          4.69194
        ],
        [
          0.911852,
          -0.164762,
          0.376005,
          1.589088
        ],
        [
          -0.028477,
          -0.939105,
          -0.342448,
          1.437261
        ],
        [
          0.0,
          0.0,
          0.0,
          1.0
        ]
      ]
    },
    {
      "file_path": "/media/NFS/ttao/scannet/posed_images/scene0066_00/00281.jpg",
      "transform_matrix": [
        [
          0.38767,
          0.306952,
          -0.86919,
          4.693045
        ],
        [
          0.921298,
          -0.160086,
          0.354377,
          1.584948
        ],
        [
          -0.030369,
          -0.938165,
          -0.344855,
          1.438491
        ],
        [
          0.0,
          0.0,
          0.0,
          1.0
        ]
      ]
    },
    {
      "file_path": "/media/NFS/ttao/scannet/posed_images/scene0066_00/00287.jpg",
      "transform_matrix": [
        [
          0.291217,
          0.31242,
          -0.904205,
          4.70685
        ],
        [
          0.95562,
          -0.138986,
          0.259754,
          1.555094
        ],
        [
          -0.04452,
          -0.939721,
          -0.339031,
          1.441959
        ],
        [
          0.0,
          0.0,
          0.0,
          1.0
        ]
      ]
    },
    {
      "file_path": "/media/NFS/ttao/scannet/posed_images/scene0066_00/00291.jpg",
      "transform_matrix": [
        [
          0.276843,
          0.302582,
          -0.912032,
          4.707056
        ],
        [
          0.95985,
          -0.131743,
          0.24765,
          1.530474
        ],
        [
          -0.045219,
          -0.943975,
          -0.326906,
          1.450571
        ],
        [
          0.0,
          0.0,
          0.0,
          1.0
        ]
      ]
    },
    {
      "file_path": "/media/NFS/ttao/scannet/posed_images/scene0066_00/00295.jpg",
      "transform_matrix": [
        [
          0.288323,
          0.309621,
          -0.906093,
          4.706257
        ],
        [
          0.957519,
          -0.09831,
          0.271094,
          1.482018
        ],
        [
          -0.005142,
          -0.945764,
          -0.324813,
          1.448748
        ],
        [
          0.0,
          0.0,
          0.0,
          1.0
        ]
      ]
    },
    {
      "file_path": "/media/NFS/ttao/scannet/posed_images/scene0066_00/00299.jpg",
      "transform_matrix": [
        [
          0.310031,
          0.269808,
          -0.911638,
          4.711121
        ],
        [
          0.95067,
          -0.098374,
          0.294191,
          1.434957
        ],
        [
          -0.010307,
          -0.957876,
          -0.286998,
          1.454925
        ],
        [
          0.0,
          0.0,
          0.0,
          1.0
        ]
      ]
    },
    {
      "file_path": "/media/NFS/ttao/scannet/posed_images/scene0066_00/00300.jpg",
      "transform_matrix": [
        [
          0.317051,
          0.266466,
          -0.910206,
          4.715956
        ],
        [
          0.948334,
          -0.10109,
          0.300737,
          1.420322
        ],
        [
          -0.011877,
          -0.958529,
          -0.284749,
          1.452571
        ],
        [
          0.0,
          0.0,
          0.0,
          1.0
        ]
      ]
    },
    {
      "file_path": "/media/NFS/ttao/scannet/posed_images/scene0066_00/00308.jpg",
      "transform_matrix": [
        [
          0.382115,
          0.26601,
          -0.885001,
          4.711914
        ],
        [
          0.923392,
          -0.147767,
          0.354276,
          1.292957
        ],
        [
          -0.036533,
          -0.952578,
          -0.302095,
          1.452409
        ],
        [
          0.0,
          0.0,
          0.0,
          1.0
        ]
      ]
    },
    {
      "file_path": "/media/NFS/ttao/scannet/posed_images/scene0066_00/00309.jpg",
      "transform_matrix": [
        [
          0.384463,
          0.262994,
          -0.884885,
          4.716452
        ],
        [
          0.92239,
          -0.148085,
          0.356746,
          1.283769
        ],
        [
          -0.037216,
          -0.953365,
          -0.299517,
          1.453406
        ],
