{
  "frames": [
    {
      "file_path": "/media/NFS/ttao/scannet/posed_images/scene0525_01/00003.jpg",
      "transform_matrix": [
        [
          -0.134443,
          0.4165,
          -0.89914,
          3.33851
        ],
        [
          0.990914,
          0.052942,
          -0.123641,
          3.779804
        ],
        [
          -0.003894,
          -0.907593,
          -0.419834,
          1.460966
        ],
        [
          0.0,
          0.0,
          0.0,
          1.0
        ]
      ]
    },
    {
      "file_path": "/media/NFS/ttao/scannet/posed_images/scene0525_01/00007.jpg",
      "transform_matrix": [
        [
          -0.139572,
          0.420585,
          -0.896453,
          3.337854
        ],
        [
          0.990209,
          0.057099,
          -0.127381,
          3.785905
        ],
        [
          -0.002388,
          -0.905454,
          -0.424437,
          1.455205
        ],
        [
          0.0,
          0.0,
          0.0,
          1.0
        ]
      ]
    },
    {
      "file_path": "/media/NFS/ttao/scannet/posed_images/scene0525_01/00009.jpg",
      "transform_matrix": [
        [
          -0.14003,
          0.423158,
          -0.89517,
          3.33834
        ],
        [
          0.990146,
          0.061534,
          -0.1258,
          3.781405
        ],
        [
          0.00185,
          -0.903964,
          -0.427604,
          1.454972
        ],
        [
          0.0,
          0.0,
          0.0,
          1.0
        ]
      ]
    },
    {
      "file_path": "/media/NFS/ttao/scannet/posed_images/scene0525_01/00018.jpg",
      "transform_matrix": [
        [
          -0.148407,
          0.377858,
          -0.913892,
          3.317736
        ],
        [
          0.98889,
          0.064663,
          -0.13385,
          3.769328
        ],
        [
          0.008519,
          -0.923603,
          -0.383256,
          1.522939
        ],
        [
          0.0,
          0.0,
          0.0,
          1.0
        ]
      ]
    },
    {
      "file_path": "/media/NFS/ttao/scannet/posed_images/scene0525_01/00022.jpg",
      "transform_matrix": [
        [
          -0.156542,
          0.334851,
          -0.929177,
          3.328411
        ],
        [
          0.987669,
          0.055152,
          -0.146521,
          3.78957
        ],
        [
          0.002184,
          -0.940656,
          -0.339356,
          1.530357
        ],
        [
          0.0,
          0.0,
          0.0,
          1.0
        ]
      ]
    },
    {
      "file_path": "/media/NFS/ttao/scannet/posed_images/scene0525_01/00024.jpg",
      "transform_matrix": [
        [
          -0.158147,
          0.316034,
          -0.935474,
          3.330337
        ],
        [
          0.987414,
          0.052412,
          -0.149221,
          3.787215
        ],
        [
          0.001871,
          -0.947299,
          -0.320345,
          1.531607
        ],
        [
          0.0,
          0.0,
          0.0,
          1.0
        ]
      ]
    },
    {
      "file_path": "/media/NFS/ttao/scannet/posed_images/scene0525_01/00033.jpg",
      "transform_matrix": [
        [
          -0.18056,
          0.233357,
          -0.95548,
          3.33588
        ],
        [
          0.983411,
          0.025687,
          -0.179564,
          3.791121
        ],
        [
          -0.017359,
          -0.972052,
          -0.234124,
          1.578157
        ],
        [
          0.0,
          0.0,
          0.0,
          1.0
        ]
      ]
    },
    {
      "file_path": "/media/NFS/ttao/scannet/posed_images/scene0525_01/00037.jpg",
      "transform_matrix": [
        [
          -0.187886,
          0.200828,
          -0.96144,
          3.340472
        ],
        [
          0.982105,
          0.025478,
          -0.186602,
          3.789164
        ],
        [
          -0.01298,
          -0.979295,
          -0.202021,
          1.586062
        ],
        [
          0.0,
          0.0,
          0.0,
          1.0
        ]
      ]
    },
    {
      "file_path": "/media/NFS/ttao/scannet/posed_images/scene0525_01/00040.jpg",
      "transform_matrix": [
        [
          -0.182628,
          0.177061,
          -0.967107,
          3.342218
        ],
        [
          0.983176,
          0.029474,
          -0.180267,
          3.785749
        ],
        [
          -0.003414,
          -0.983758,
          -0.179465,
          1.591797
        ],
        [
          0.0,
          0.0,
          0.0,
          1.0
        ]
      ]
    },
    {
      "file_path": "/media/NFS/ttao/scannet/posed_images/scene0525_01/00048.jpg",
      "transform_matrix": [
        [
          -0.172748,
          0.136137,
          -0.975512,
          3.339683
        ],
        [
          0.98496,
          0.027463,
          -0.170589,
          3.799952
        ],
        [
          0.003567,
          -0.990309,
          -0.138834,
          1.639508
        ],
        [
          0.0,
          0.0,
          0.0,
          1.0
        ]
      ]
    },
    {
      "file_path": "/media/NFS/ttao/scannet/posed_images/scene0525_01/00049.jpg",
      "transform_matrix": [
        [
          -0.16862,
          0.131928,
          -0.976812,
          3.3407
        ],
        [
          0.985676,
          0.025888,
          -0.166654,
          3.794229
        ],
        [
          0.003302,
          -0.990921,
          -0.134403,
          1.64418
        ],
        [
          0.0,
          0.0,
          0.0,
          1.0
        ]
      ]
    },
    {
      "file_path": "/media/NFS/ttao/scannet/posed_images/scene0525_01/00054.jpg",
      "transform_matrix": [
        [
          -0.158591,
          0.096699,
          -0.982597,
          3.344953
        ],
        [
          0.987313,
          0.023465,
          -0.157043,
          3.800091
        ],
        [
          0.007871,
          -0.995037,
          -0.099194,
          1.64151
        ],
        [
          0.0,
          0.0,
          0.0,
          1.0
        ]
      ]
    },
    {
      "file_path": "/media/NFS/ttao/scannet/posed_images/scene0525_01/00058.jpg",
      "transform_matrix": [
        [
          -0.151407,
          0.076639,
          -0.985496,
          3.346423
        ],
        [
          0.988389,
          0.02461,
          -0.149937,
          3.808538
        ],
        [
          0.012762,
          -0.996755,
          -0.079475,
          1.651127
        ],
        [
          0.0,
          0.0,
          0.0,
          1.0
        ]
      ]
    },
    {
      "file_path": "/media/NFS/ttao/scannet/posed_images/scene0525_01/00064.jpg",
      "transform_matrix": [
        [
          -0.133799,
          0.049884,
          -0.989752,
          3.351001
        ],
        [
          0.990836,
          0.025355,
          -0.132667,
          3.813496
        ],
        [
          0.018478,
          -0.998433,
          -0.052819,
          1.671459
        ],
        [
          0.0,
          0.0,
          0.0,
          1.0
        ]
      ]
    },
    {
      "file_path": "/media/NFS/ttao/scannet/posed_images/scene0525_01/00072.jpg",
      "transform_matrix": [
        [
          -0.103996,
          0.013707,
          -0.994483,
          3.356641
        ],
        [
          0.994174,
          0.029943,
          -0.103551,
          3.821699
        ],
        [
          0.028359,
          -0.999458,
          -0.016741,
          1.661499
        ],
        [
          0.0,
          0.0,
          0.0,
          1.0
        ]
      ]
    },
    {
      "file_path": "/media/NFS/ttao/scannet/posed_images/scene0525_01/00075.jpg",
      "transform_matrix": [
        [
          -0.087565,
          0.013856,
          -0.996062,
          3.356281
        ],
        [
          0.995679,
          0.03224,
          -0.087083,
          3.825702
        ],
        [
          0.030906,
          -0.999384,
          -0.016619,
          1.656868
        ],
        [
          0.0,
          0.0,
          0.0,
          1.0
        ]
      ]
    },
    {
      "file_path": "/media/NFS/ttao/scannet/posed_images/scene0525_01/00082.jpg",
      "transform_matrix": [
        [
          -0.026791,
          0.041131,
          -0.998794,
          3.355592
        ],
        [
          0.999117,
          0.033451,
          -0.025422,
          3.828327
        ],
        [
          0.032365,
          -0.998594,
          -0.041991,
          1.635098
        ],
        [
          0.0,
          0.0,
          0.0,
          1.0
        ]
      ]
    },
    {
      "file_path": "/media/NFS/ttao/scannet/posed_images/scene0525_01/00087.jpg",
      "transform_matrix": [
        [
          0.017988,
          0.086349,
          -0.996102,
          3.349983
        ],
        [
          0.999567,
          0.021645,
          0.019927,
          3.854682
        ],
        [
          0.023282,
          -0.99603,
          -0.085922,
          1.617825
        ],
        [
          0.0,
          0.0,
          0.0,
          1.0
        ]
      ]
    },
    {
      "file_path": "/media/NFS/ttao/scannet/posed_images/scene0525_01/00090.jpg",
      "transform_matrix": [
        [
          0.04511,
          0.118228,
          -0.991961,
          3.343434
        ],
        [
          0.998676,
          0.019253,
          0.04771,
          3.866224
        ],
        [
          0.024739,
          -0.9928,
          -0.117203,
          1.608049
        ],
        [
          0.0,
          0.0,
          0.0,
          1.0
        ]
      ]
    },
    {
      "file_path": "/media/NFS/ttao/scannet/posed_images/scene0525_01/00097.jpg",
      "transform_matrix": [
        [
          0.110343,
          0.177584,
          -0.9779,
          3.33953
        ],
        [
          0.993621,
          0.003357,
          0.112726,
          3.912297
        ],
        [
          0.023301,
          -0.9841,
          -0.176081,
          1.558606
        ],
        [
          0.0,
          0.0,
          0.0,
          1.0
        ]
      ]
    },
    {
      "file_path": "/media/NFS/ttao/scannet/posed_images/scene0525_01/00102.jpg",
      "transform_matrix": [
        [
          0.165052,
          0.231212,
          -0.958801,
          3.340737
        ],
        [
          0.985833,
          -0.009259,
          0.167473,
          3.935821
        ],
        [
          0.029844,
          -0.972859,
          -0.229464,
          1.519354
        ],
        [
          0.0,
          0.0,
          0.0,
          1.0
        ]
      ]
    },
    {
      "file_path": "/media/NFS/ttao/scannet/posed_images/scene0525_01/00103.jpg",
      "transform_matrix": [
        [
          0.173017,
          0.246207,
          -0.953649,
          3.342451
        ],
        [
          0.984466,
          -0.013875,
          0.175026,
          3.948474
        ],
        [
          0.029861,
          -0.969118,
          -0.244783,
          1.525086
        ],
        [
          0.0,
          0.0,
          0.0,
          1.0
        ]
      ]
    },
    {
      "file_path": "/media/NFS/ttao/scannet/posed_images/scene0525_01/00112.jpg",
      "transform_matrix": [
        [
          0.27791,
          0.335534,
          -0.900101,
          3.330975
        ],
        [
          0.960343,
          -0.07509,
          0.268519,
          3.976509
        ],
        [
          0.022509,
          -0.939031,
          -0.343096,
          1.516555
        ],
        [
          0.0,
          0.0,
          0.0,
          1.0
        ]
      ]
    },
    {
      "file_path": "/media/NFS/ttao/scannet/posed_images/scene0525_01/00117.jpg",
      "transform_matrix": [
        [
          0.324071,
          0.35688,
          -0.876136,
          3.330266
        ],
        [
          0.945856,
          -0.104328,
          0.307363,
          3.996272
        ],
        [
          0.018286,
          -0.928306,
          -0.371367,
          1.498092
        ],
        [
          0.0,
          0.0,
          0.0,
          1.0
        ]
      ]
    },
    {
      "file_path": "/media/NFS/ttao/scannet/posed_images/scene0525_01/00118.jpg",
      "transform_matrix": [
        [
          0.329373,
          0.359781,
          -0.872966,
          3.337359
        ],
        [
          0.944052,
          -0.109121,
          0.311222,
          4.008434
        ],
        [
          0.016713,
          -0.926634,
          -0.375594,
          1.489884
        ],
        [
          0.0,
          0.0,
          0.0,
          1.0
        ]
      ]
    },
    {
      "file_path": "/media/NFS/ttao/scannet/posed_images/scene0525_01/00127.jpg",
      "transform_matrix": [
        [
          0.42447,
          0.382169,
          -0.820836,
          3.32116
        ],
        [
          0.905437,
          -0.182062,
          0.383454,
          4.024609
        ],
        [
          -0.002899,
          -0.90598,
          -0.42331,
          1.475461
        ],
        [
          0.0,
          0.0,
          0.0,
          1.0
        ]
      ]
    },
    {
      "file_path": "/media/NFS/ttao/scannet/posed_images/scene0525_01/00132.jpg",
      "transform_matrix": [
        [
          0.472987,
          0.393072,
          -0.788529,
          3.314877
        ],
        [
          0.881069,
          -0.211554,
          0.423039,
          4.030602
        ],
        [
          -0.000532,
          -0.894841,
          -0.446385,
          1.456933
        ],
        [
          0.0,
          0.0,
          0.0,
          1.0
        ]
      ]
    },
    {
      "file_path": "/media/NFS/ttao/scannet/posed_images/scene0525_01/00136.jpg",
      "transform_matrix": [
        [
          0.503417,
          0.407325,
          -0.762009,
          3.307809
        ],
        [
          0.864043,
          -0.236762,
          0.444267,
          4.04024
        ],
        [
          0.000546,
          -0.88206,
          -0.471136,
          1.457206
        ],
        [
          0.0,
          0.0,
          0.0,
          1.0
        ]
      ]
    },
    {
      "file_path": "/media/NFS/ttao/scannet/posed_images/scene0525_01/00142.jpg",
      "transform_matrix": [
        [
          0.560746,
          0.391408,
          -0.729632,
          3.288976
        ],
        [
          0.827962,
          -0.272085,
          0.490357,
          4.04255
        ],
        [
          -0.006592,
          -0.879073,
          -0.476642,
          1.465835
        ],
        [
          0.0,
          0.0,
          0.0,
          1.0
        ]
      ]
    },
    {
      "file_path": "/media/NFS/ttao/scannet/posed_images/scene0525_01/00144.jpg",
      "transform_matrix": [
        [
          0.575936,
          0.382789,
          -0.722337,
          3.29297
        ],
        [
          0.817422,
          -0.281464,
          0.502593,
          4.045037
        ],
        [
          -0.010925,
          -0.879915,
          -0.475006,
          1.462469
        ],
        [
          0.0,
          0.0,
          0.0,
          1.0
        ]
      ]
    },
    {
      "file_path": "/media/NFS/ttao/scannet/posed_images/scene0525_01/00148.jpg",
      "transform_matrix": [
        [
          0.619484,
          0.367547,
          -0.693648,
          3.289501
        ],
        [
          0.784946,
          -0.301171,
          0.541438,
          4.049432
        ],
        [
          -0.009903,
          -0.879889,
          -0.475076,
          1.468421
        ],
        [
          0.0,
          0.0,
          0.0,
          1.0
        ]
      ]
    },
    {
      "file_path": "/media/NFS/ttao/scannet/posed_images/scene0525_01/00154.jpg",
      "transform_matrix": [
        [
          0.676107,
          0.333881,
          -0.656812,
          3.280226
        ],
        [
          0.736708,
          -0.320673,
          0.595341,
          4.041499
        ],
        [
          -0.011849,
          -0.886393,
          -0.462782,
          1.48763
        ],
        [
          0.0,
          0.0,
          0.0,
          1.0
        ]
      ]
    },
    {
      "file_path": "/media/NFS/ttao/scannet/posed_images/scene0525_01/00158.jpg",
      "transform_matrix": [
        [
          0.718009,
          0.283767,
          -0.635562,
          3.280372
        ],
        [
          0.695823,
          -0.315067,
          0.645417,
          4.037334
        ],
        [
          -0.017097,
          -0.905654,
          -0.423673,
          1.507845
        ],
        [
          0.0,
          0.0,
          0.0,
          1.0
        ]
      ]
    },
    {
      "file_path": "/media/NFS/ttao/scannet/posed_images/scene0525_01/00167.jpg",
      "transform_matrix": [
        [
          0.760612,
          0.246309,
          -0.600668,
          3.254461
        ],
        [
          0.6489,
          -0.259989,
          0.715077,
          4.00268
        ],
        [
          0.019963,
          -0.933669,
          -0.357581,
          1.532313
        ],
        [
          0.0,
          0.0,
          0.0,
          1.0
        ]
      ]
    },
    {
      "file_path": "/media/NFS/ttao/scannet/posed_images/scene0525_01/00170.jpg",
      "transform_matrix": [
        [
          0.764198,
          0.240902,
          -0.598305,
          3.252405
        ],
        [
          0.643999,
          -0.233793,
          0.728427,
          3.994795
        ],
        [
          0.0356,
          -0.94197,
          -0.333805,
          1.534656
        ],
        [
          0.0,
          0.0,
          0.0,
          1.0
        ]
      ]
    },
    {
      "file_path": "/media/NFS/ttao/scannet/posed_images/scene0525_01/00173.jpg",
      "transform_matrix": [
        [
          0.765937,
          0.22816,
          -0.601069,
          3.235816
        ],
        [
          0.641728,
          -0.214519,
          0.736319,
          3.978701
        ],
        [
          0.039058,
          -0.949697,
          -0.310725,
          1.547123
        ],
        [
          0.0,
          0.0,
          0.0,
          1.0
        ]
      ]
    },
    {
      "file_path": "/media/NFS/ttao/scannet/posed_images/scene0525_01/00178.jpg",
      "transform_matrix": [
        [
          0.755427,
          0.212937,
          -0.619667,
          3.214885
        ],
        [
          0.653725,
          -0.180811,
          0.734814,
          3.957741
        ],
        [
          0.044427,
          -0.96019,
          -0.275792,
          1.556335
        ],
        [
          0.0,
          0.0,
          0.0,
          1.0
        ]
      ]
    },
    {
      "file_path": "/media/NFS/ttao/scannet/posed_images/scene0525_01/00185.jpg",
      "transform_matrix": [
        [
          0.746032,
          0.192105,
          -0.637598,
          3.190919
        ],
        [
          0.664495,
          -0.15239,
          0.73159,
          3.946541
        ],
        [
          0.043378,
          -0.969471,
          -0.241341,
          1.582556
        ],
        [
          0.0,
          0.0,
          0.0,
          1.0
        ]
      ]
    },
    {
      "file_path": "/media/NFS/ttao/scannet/posed_images/scene0525_01/00188.jpg",
      "transform_matrix": [
        [
          0.747927,
          0.181428,
          -0.638505,
          3.17855
        ],
        [
          0.662593,
          -0.146536,
          0.734505,
          3.954144
        ],
        [
          0.039696,
          -0.972425,
          -0.229811,
          1.598792
        ],
        [
          0.0,
          0.0,
          0.0,
          1.0
        ]
      ]
    },
    {
      "file_path": "/media/NFS/ttao/scannet/posed_images/scene0525_01/00194.jpg",
      "transform_matrix": [
        [
          0.76834,
          0.143626,
          -0.623718,
          3.162121
        ],
        [
          0.639231,
          -0.123176,
          0.759086,
          3.99438
        ],
        [
          0.032198,
          -0.981937,
          -0.186451,
          1.632357
        ],
        [
          0.0,
          0.0,
          0.0,
          1.0
        ]
      ]
    },
    {
      "file_path": "/media/NFS/ttao/scannet/posed_images/scene0525_01/00200.jpg",
      "transform_matrix": [
        [
          0.782085,
          0.07655,
          -0.618453,
          3.139205
        ],
        [
          0.622958,
          -0.07002,
          0.779115,
          4.048911
        ],
        [
          0.016337,
          -0.994604,
          -0.102449,
          1.61061
        ],
        [
          0.0,
          0.0,
          0.0,
          1.0
        ]
      ]
    },
    {
      "file_path": "/media/NFS/ttao/scannet/posed_images/scene0525_01/00206.jpg",
      "transform_matrix": [
        [
          0.784954,
          0.028354,
          -0.618904,
          3.121243
        ],
        [
          0.619551,
          -0.033144,
          0.784256,
          4.11142
        ],
        [
          0.001724,
          -0.999048,
          -0.043583,
          1.682919
        ],
        [
          0.0,
          0.0,
          0.0,
          1.0
        ]
      ]
    },
    {
      "file_path": "/media/NFS/ttao/scannet/posed_images/scene0525_01/00209.jpg",
      "transform_matrix": [
        [
          0.785951,
          0.01573,
          -0.618089,
          3.103293
        ],
        [
          0.618289,
          -0.02097,
          0.785671,
          4.128728
        ],
        [
          -0.000603,
          -0.999656,
          -0.026207,
          1.70001
        ],
        [
          0.0,
          0.0,
          0.0,
          1.0
        ]
      ]
    },
    {
      "file_path": "/media/NFS/ttao/scannet/posed_images/scene0525_01/00214.jpg",
      "transform_matrix": [
        [
          0.789215,
          0.008242,
          -0.614061,
          3.092103
        ],
        [
          0.614004,
          0.008557,
          0.789257,
          4.159215
        ],
        [
          0.01176,
          -0.99993,
          0.001692,
          1.691894
        ],
        [
          0.0,
          0.0,
          0.0,
          1.0
        ]
      ]
    },
    {
      "file_path": "/media/NFS/ttao/scannet/posed_images/scene0525_01/00218.jpg",
      "transform_matrix": [
        [
          0.801069,
          0.013425,
          -0.598422,
          3.081558
        ],
        [
          0.598205,
          0.017057,
          0.801161,
          4.180065
        ],
        [
          0.020962,
          -0.999764,
          0.005633,
          1.708883
        ],
        [
          0.0,
          0.0,
          0.0,
          1.0
        ]
      ]
    },
    {
      "file_path": "/media/NFS/ttao/scannet/posed_images/scene0525_01/00223.jpg",
      "transform_matrix": [
        [
          0.836916,
          0.031603,
          -0.546418,
          3.055389
        ],
        [
          0.545531,
          0.032739,
          0.837451,
          4.186688
        ],
        [
          0.044355,
          -0.998964,
          0.01016,
          1.723731
        ],
        [
          0.0,
          0.0,
          0.0,
          1.0
        ]
      ]
    },
    {
      "file_path": "/media/NFS/ttao/scannet/posed_images/scene0525_01/00232.jpg",
      "transform_matrix": [
        [
          0.924373,
          0.049689,
          -0.378241,
          3.005048
        ],
        [
          0.377405,
          0.025608,
          0.925694,
          4.217461
        ],
        [
          0.055683,
          -0.998436,
          0.004918,
          1.720244
        ],
        [
          0.0,
          0.0,
          0.0,
          1.0
        ]
      ]
    },
    {
      "file_path": "/media/NFS/ttao/scannet/posed_images/scene0525_01/00233.jpg",
      "transform_matrix": [
        [
          0.931715,
          0.048127,
          -0.359986,
          3.005231
        ],
        [
          0.359451,
          0.01964,
          0.932957,
          4.221407
        ],
        [
          0.05197,
          -0.998648,
          0.001,
          1.714988
        ],
        [
          0.0,
          0.0,
          0.0,
          1.0
        ]
      ]
    },
    {
      "file_path": "/media/NFS/ttao/scannet/posed_images/scene0525_01/00241.jpg",
      "transform_matrix": [
        [
          0.971259,
          0.01336,
          -0.237647,
          2.969448
        ],
        [
          0.238022,
          -0.054829,
          0.969711,
          4.228424
        ],
        [
          -7.5e-05,
          -0.998406,
          -0.056433,
          1.67677
        ],
        [
          0.0,
          0.0,
          0.0,
          1.0
        ]
      ]
    },
    {
      "file_path": "/media/NFS/ttao/scannet/posed_images/scene0525_01/00245.jpg",
      "transform_matrix": [
        [
          0.985075,
          0.005731,
          -0.172031,
          2.935423
        ],
        [
          0.171672,
          -0.10528,
          0.979513,
          4.225855
        ],
        [
          -0.012497,
          -0.994426,
          -0.104692,
          1.66895
        ],
        [
          0.0,
          0.0,
          0.0,
          1.0
        ]
      ]
    },
    {
      "file_path": "/media/NFS/ttao/scannet/posed_images/scene0525_01/00251.jpg",
      "transform_matrix": [
        [
          0.995216,
          0.01561,
          -0.096441,
          2.950722
        ],
        [
          0.097695,
          -0.16132,
          0.982055,
          4.231979
        ],
        [
          -0.000228,
          -0.986779,
          -0.162074,
          1.622132
        ],
        [
          0.0,
          0.0,
          0.0,
          1.0
        ]
      ]
    },
    {
      "file_path": "/media/NFS/ttao/scannet/posed_images/scene0525_01/00256.jpg",
      "transform_matrix": [
        [
          0.999098,
          0.023118,
          -0.03562,
          2.96278
        ],
        [
          0.039512,
          -0.198794,
          0.979244,
          4.220654
        ],
        [
          0.015557,
          -0.979769,
          -0.199528,
          1.596292
        ],
        [
          0.0,
          0.0,
          0.0,
          1.0
        ]
      ]
    },
    {
      "file_path": "/media/NFS/ttao/scannet/posed_images/scene0525_01/00259.jpg",
      "transform_matrix": [
        [
          0.999796,
          0.019137,
          -0.0064,
          2.971293
        ],
        [
          0.01047,
          -0.220828,
          0.975257,
          4.208534
        ],
        [
          0.01725,
          -0.975125,
          -0.220983,
          1.582506
        ],
        [
          0.0,
          0.0,
          0.0,
          1.0
        ]
      ]
    },
    {
      "file_path": "/media/NFS/ttao/scannet/posed_images/scene0525_01/00263.jpg",
      "transform_matrix": [
        [
          0.998961,
          0.010887,
          0.044253,
          2.944903
        ],
        [
          -0.040084,
          -0.252119,
          0.966866,
          4.194857
        ],
        [
          0.021683,
          -0.967635,
          -0.25142,
          1.582207
        ],
        [
          0.0,
          0.0,
          0.0,
          1.0
        ]
      ]
    },
    {
      "file_path": "/media/NFS/ttao/scannet/posed_images/scene0525_01/00272.jpg",
      "transform_matrix": [
        [
          0.992212,
          -0.02874,
          0.1212,
          2.930151
        ],
        [
          -0.124392,
          -0.279305,
          0.952111,
          4.113739
        ],
        [
          0.006488,
          -0.959772,
          -0.280705,
          1.559775
        ],
        [
          0.0,
          0.0,
          0.0,
          1.0
        ]
      ]
    },
    {
      "file_path": "/media/NFS/ttao/scannet/posed_images/scene0525_01/00277.jpg",
      "transform_matrix": [
        [
          0.98942,
          -0.035914,
          0.140563,
          2.916795
        ],
        [
          -0.144869,
          -0.296728,
          0.94391,
          4.042235
        ],
        [
          0.00781,
          -0.954287,
          -0.298791,
          1.529672
        ],
        [
          0.0,
          0.0,
          0.0,
          1.0
        ]
      ]
    },
    {
      "file_path": "/media/NFS/ttao/scannet/posed_images/scene0525_01/00281.jpg",
      "transform_matrix": [
        [
          0.98104,
          -0.064859,
          0.182629,
          2.867766
        ],
        [
          -0.193764,
          -0.308962,
          0.931128,
          3.996438
        ],
        [
          -0.003967,
          -0.94886,
          -0.315671,
          1.508104
        ],
        [
          0.0,
          0.0,
          0.0,
          1.0
        ]
      ]
    },
    {
      "file_path": "/media/NFS/ttao/scannet/posed_images/scene0525_01/00283.jpg",
      "transform_matrix": [
        [
          0.979139,
          -0.081555,
          0.186108,
          2.855042
        ],
        [
          -0.20265,
          -0.325001,
          0.923747,
          3.973385
        ],
        [
          -0.014851,
          -0.942191,
          -0.334748,
          1.490242
        ],
        [
          0.0,
          0.0,
          0.0,
          1.0
        ]
      ]
    },
    {
      "file_path": "/media/NFS/ttao/scannet/posed_images/scene0525_01/00292.jpg",
      "transform_matrix": [
        [
          0.967222,
          -0.130696,
          0.217715,
          2.824809
        ],
        [
          -0.252259,
          -0.39629,
          0.882791,
          3.911938
        ],
        [
          -0.029099,
          -0.908776,
          -0.41627,
          1.472172
        ],
        [
          0.0,
          0.0,
          0.0,
          1.0
        ]
      ]
    },
    {
      "file_path": "/media/NFS/ttao/scannet/posed_images/scene0525_01/00293.jpg",
      "transform_matrix": [
        [
          0.965908,
          -0.135521,
          0.220581,
          2.819721
        ],
        [
          -0.256889,
          -0.396094,
          0.881543,
          3.909593
        ],
        [
          -0.032097,
          -0.908154,
          -0.417404,
          1.470589
        ],
        [
          0.0,
          0.0,
          0.0,
          1.0
        ]
      ]
    },
    {
      "file_path": "/media/NFS/ttao/scannet/posed_images/scene0525_01/00300.jpg",
      "transform_matrix": [
        [
          0.959242,
          -0.16993,
          0.225786,
          2.79773
        ],
        [
          -0.277681,
          -0.418579,
          0.864688,
          3.90867
        ],
        [
          -0.052427,
          -0.892141,
          -0.448705,
          1.447169
        ],
        [
          0.0,
          0.0,
          0.0,
          1.0
        ]
      ]
    },
    {
      "file_path": "/media/NFS/ttao/scannet/posed_images/scene0525_01/00305.jpg",
      "transform_matrix": [
        [
          0.953834,
          -0.181622,
          0.239196,
          2.769038
        ],
        [
          -0.295851,
          -0.431086,
          0.85243,
          3.918765
        ],
        [
          -0.051706,
          -0.883843,
          -0.464917,
          1.431092
        ],
        [
          0.0,
          0.0,
          0.0,
          1.0
        ]
      ]
    },
    {
      "file_path": "/media/NFS/ttao/scannet/posed_images/scene0525_01/00308.jpg",
      "transform_matrix": [
        [
          0.947963,
          -0.19168,
          0.254213,
          2.742329
        ],
        [
          -0.314442,
          -0.438459,
          0.84195,
          3.930701
        ],
        [
          -0.049923,
          -0.878073,
          -0.475915,
          1.42624
        ],
        [
          0.0,
          0.0,
          0.0,
          1.0
        ]
      ]
    },
    {
      "file_path": "/media/NFS/ttao/scannet/posed_images/scene0525_01/00314.jpg",
      "transform_matrix": [
        [
          0.930255,
          -0.234128,
          0.282505,
          2.692397
        ],
        [
          -0.359879,
          -0.432177,
          0.826868,
          3.953393
        ],
        [
          -0.071501,
          -0.870866,
          -0.486293,
          1.420526
        ],
        [
          0.0,
          0.0,
          0.0,
          1.0
        ]
      ]
    },
    {
      "file_path": "/media/NFS/ttao/scannet/posed_images/scene0525_01/00321.jpg",
      "transform_matrix": [
        [
          0.895352,
          -0.291617,
          0.336606,
          2.612112
        ],
        [
          -0.436457,
          -0.424204,
          0.793446,
          3.989358
        ],
        [
          -0.088592,
          -0.857328,
          -0.50709,
          1.407775
        ],
        [
          0.0,
          0.0,
          0.0,
          1.0
        ]
      ]
    },
    {
      "file_path": "/media/NFS/ttao/scannet/posed_images/scene0525_01/00326.jpg",
      "transform_matrix": [
        [
          0.871762,
          -0.317277,
          0.373319,
          2.583575
        ],
        [
          -0.481509,
          -0.414174,
          0.772405,
          4.008363
        ],
        [
          -0.090447,
          -0.853109,
          -0.513833,
          1.403183
        ],
        [
          0.0,
          0.0,
          0.0,
          1.0
        ]
      ]
    },
    {
      "file_path": "/media/NFS/ttao/scannet/posed_images/scene0525_01/00332.jpg",
      "transform_matrix": [
        [
          0.840099,
          -0.32643,
          0.433216,
          2.574559
        ],
        [
          -0.538416,
          -0.404811,
          0.739078,
          4.042849
        ],
        [
          -0.065887,
          -0.854149,
          -0.515837,
          1.396951
        ],
        [
          0.0,
          0.0,
          0.0,
          1.0
        ]
      ]
    },
    {
      "file_path": "/media/NFS/ttao/scannet/posed_images/scene0525_01/00335.jpg",
      "transform_matrix": [
        [
          0.818472,
          -0.33762,
          0.464883,
          2.584753
        ],
        [
          -0.571725,
          -0.398506,
          0.717164,
          4.066371
        ],
        [
          -0.056871,
          -0.852764,
          -0.519191,
          1.394872
        ],
        [
          0.0,
          0.0,
          0.0,
          1.0
        ]
      ]
    },
    {
      "file_path": "/media/NFS/ttao/scannet/posed_images/scene0525_01/00338.jpg",
      "transform_matrix": [
        [
          0.791176,
          -0.35696,
          0.496608,
          2.599592
        ],
        [
          -0.609127,
          -0.387146,
          0.692158,
          4.098239
        ],
        [
          -0.054813,
          -0.850116,
          -0.523735,
          1.402384
        ],
        [
          0.0,
          0.0,
          0.0,
          1.0
        ]
      ]
    },
    {
      "file_path": "/media/NFS/ttao/scannet/posed_images/scene0525_01/00347.jpg",
      "transform_matrix": [
        [
          0.70098,
          -0.367047,
          0.611476,
          2.633761
        ],
        [
          -0.711794,
          -0.306632,
          0.631922,
          4.229386
        ],
        [
          -0.044447,
          -0.87821,
          -0.476205,
          1.412202
        ],
        [
          0.0,
          0.0,
          0.0,
          1.0
        ]
      ]
    },
    {
      "file_path": "/media/NFS/ttao/scannet/posed_images/scene0525_01/00348.jpg",
      "transform_matrix": [
        [
          0.693372,
          -0.37228,
          0.616963,
          2.637667
        ],
        [
          -0.719185,
          -0.304262,
          0.624659,
          4.249225
        ],
        [
          -0.044829,
          -0.876831,
          -0.478705,
          1.417413
        ],
        [
          0.0,
          0.0,
          0.0,
          1.0
        ]
      ]
    },
    {
      "file_path": "/media/NFS/ttao/scannet/posed_images/scene0525_01/00353.jpg",
      "transform_matrix": [
        [
          0.67849,
          -0.370495,
          0.634337,
          2.650832
        ],
        [
          -0.732417,
          -0.274518,
          0.623061,
          4.322793
        ],
        [
          -0.056704,
          -0.887341,
          -0.457615,
          1.430997
        ],
        [
          0.0,
          0.0,
          0.0,
          1.0
        ]
      ]
    },
    {
      "file_path": "/media/NFS/ttao/scannet/posed_images/scene0525_01/00362.jpg",
      "transform_matrix": [
        [
          0.662146,
          -0.356843,
          0.658958,
          2.674394
        ],
        [
          -0.748412,
          -0.270326,
          0.605643,
          4.412692
        ],
        [
          -0.037986,
          -0.894196,
          -0.446061,
          1.443095
        ],
        [
          0.0,
          0.0,
          0.0,
          1.0
        ]
      ]
    },
    {
      "file_path": "/media/NFS/ttao/scannet/posed_images/scene0525_01/00365.jpg",
      "transform_matrix": [
        [
          0.638703,
          -0.356135,
          0.682075,
          2.677189
        ],
        [
          -0.768998,
          -0.264943,
          0.581762,
          4.455478
        ],
        [
          -0.026475,
          -0.896088,
          -0.443087,
          1.443958
        ],
        [
          0.0,
          0.0,
          0.0,
          1.0
        ]
      ]
    },
    {
      "file_path": "/media/NFS/ttao/scannet/posed_images/scene0525_01/00371.jpg",
      "transform_matrix": [
        [
          0.582137,
          -0.373522,
          0.722217,
          2.687506
        ],
        [
          -0.812671,
          -0.238758,
          0.531564,
          4.534392
        ],
        [
          -0.026116,
          -0.896368,
          -0.442541,
          1.450333
        ],
        [
          0.0,
          0.0,
          0.0,
          1.0
        ]
      ]
    },
    {
      "file_path": "/media/NFS/ttao/scannet/posed_images/scene0525_01/00377.jpg",
      "transform_matrix": [
        [
          0.50462,
          -0.375359,
          0.777473,
          2.688781
        ],
        [
          -0.862863,
          -0.189295,
          0.468653,
          4.627588
        ],
        [
          -0.028741,
          -0.907344,
          -0.419405,
          1.469732
        ],
        [
          0.0,
          0.0,
          0.0,
          1.0
        ]
      ]
    },
    {
      "file_path": "/media/NFS/ttao/scannet/posed_images/scene0525_01/00381.jpg",
      "transform_matrix": [
        [
          0.453367,
          -0.377053,
          0.807644,
          2.685773
        ],
        [
          -0.890894,
          -0.163543,
          0.423747,
          4.697669
        ],
        [
          -0.02769,
          -0.911638,
          -0.41006,
          1.475044
        ],
        [
          0.0,
          0.0,
          0.0,
          1.0
        ]
      ]
    },
    {
      "file_path": "/media/NFS/ttao/scannet/posed_images/scene0525_01/00386.jpg",
      "transform_matrix": [
        [
          0.40117,
          -0.385025,
          0.831155,
          2.694455
        ],
        [
          -0.91556,
          -0.14031,
          0.376912,
          4.762961
        ],
        [
          -0.028502,
          -0.912178,
          -0.408802,
          1.475617
        ],
        [
          0.0,
          0.0,
