{
  "frames": [
    {
      "file_path": "/media/NFS/ttao/scannet/posed_images/scene0377_01/00000.jpg",
      "transform_matrix": [
        [
          -0.31124,
          0.261398,
          -0.913674,
          4.098428
        ],
        [
          0.950275,
          0.096124,
          -0.296207,
          1.43097
        ],
        [
          0.010398,
          -0.960433,
          -0.278317,
          1.5466
        ],
        [
          0.0,
          0.0,
          0.0,
          1.0
        ]
      ]
    },
    {
      "file_path": "/media/NFS/ttao/scannet/posed_images/scene0377_01/00005.jpg",
      "transform_matrix": [
        [
          -0.249552,
          0.281452,
          -0.926557,
          4.107053
        ],
        [
          0.968361,
          0.073719,
          -0.238418,
          1.419212
        ],
        [
          0.001202,
          -0.95674,
          -0.290944,
          1.533231
        ],
        [
          0.0,
          0.0,
          0.0,
          1.0
        ]
      ]
    },
    {
      "file_path": "/media/NFS/ttao/scannet/posed_images/scene0377_01/00007.jpg",
      "transform_matrix": [
        [
          -0.241364,
          0.285654,
          -0.92744,
          4.110941
        ],
        [
          0.970424,
          0.075539,
          -0.229285,
          1.413118
        ],
        [
          0.004561,
          -0.955351,
          -0.295438,
          1.532474
        ],
        [
          0.0,
          0.0,
          0.0,
          1.0
        ]
      ]
    },
    {
      "file_path": "/media/NFS/ttao/scannet/posed_images/scene0377_01/00012.jpg",
      "transform_matrix": [
        [
          -0.215843,
          0.31017,
          -0.925855,
          4.118423
        ],
        [
          0.976338,
          0.081431,
          -0.200331,
          1.397352
        ],
        [
          0.013257,
          -0.947187,
          -0.320407,
          1.532493
        ],
        [
          0.0,
          0.0,
          0.0,
          1.0
        ]
      ]
    },
    {
      "file_path": "/media/NFS/ttao/scannet/posed_images/scene0377_01/00015.jpg",
      "transform_matrix": [
        [
          -0.212547,
          0.324516,
          -0.92169,
          4.121827
        ],
        [
          0.977029,
          0.085478,
          -0.195213,
          1.391125
        ],
        [
          0.015435,
          -0.94201,
          -0.33523,
          1.523319
        ],
        [
          0.0,
          0.0,
          0.0,
          1.0
        ]
      ]
    },
    {
      "file_path": "/media/NFS/ttao/scannet/posed_images/scene0377_01/00019.jpg",
      "transform_matrix": [
        [
          -0.210652,
          0.355894,
          -0.910475,
          4.117969
        ],
        [
          0.977185,
          0.102523,
          -0.18601,
          1.385593
        ],
        [
          0.027145,
          -0.928885,
          -0.369371,
          1.51188
        ],
        [
          0.0,
          0.0,
          0.0,
          1.0
        ]
      ]
    },
    {
      "file_path": "/media/NFS/ttao/scannet/posed_images/scene0377_01/00020.jpg",
      "transform_matrix": [
        [
          -0.207875,
          0.36403,
          -0.907893,
          4.120685
        ],
        [
          0.977741,
          0.104367,
          -0.18202,
          1.383906
        ],
        [
          0.028494,
          -0.925521,
          -0.377622,
          1.504406
        ],
        [
          0.0,
          0.0,
          0.0,
          1.0
        ]
      ]
    },
    {
      "file_path": "/media/NFS/ttao/scannet/posed_images/scene0377_01/00026.jpg",
      "transform_matrix": [
        [
          -0.178147,
          0.423123,
          -0.888386,
          4.115276
        ],
        [
          0.983689,
          0.099442,
          -0.149895,
          1.392719
        ],
        [
          0.024919,
          -0.900599,
          -0.433937,
          1.478981
        ],
        [
          0.0,
          0.0,
          0.0,
          1.0
        ]
      ]
    },
    {
      "file_path": "/media/NFS/ttao/scannet/posed_images/scene0377_01/00029.jpg",
      "transform_matrix": [
        [
          -0.171291,
          0.458195,
          -0.872191,
          4.11208
        ],
        [
          0.983997,
          0.123676,
          -0.128277,
          1.390416
        ],
        [
          0.049094,
          -0.880206,
          -0.472047,
          1.46366
        ],
        [
          0.0,
          0.0,
          0.0,
          1.0
        ]
      ]
    },
    {
      "file_path": "/media/NFS/ttao/scannet/posed_images/scene0377_01/00033.jpg",
      "transform_matrix": [
        [
          -0.160847,
          0.491055,
          -0.85615,
          4.114826
        ],
        [
          0.984615,
          0.139847,
          -0.104772,
          1.384472
        ],
        [
          0.068281,
          -0.85983,
          -0.505994,
          1.444892
        ],
        [
          0.0,
          0.0,
          0.0,
          1.0
        ]
      ]
    },
    {
      "file_path": "/media/NFS/ttao/scannet/posed_images/scene0377_01/00036.jpg",
      "transform_matrix": [
        [
          -0.157547,
          0.497332,
          -0.853136,
          4.111342
        ],
        [
          0.985527,
          0.133938,
          -0.103917,
          1.384614
        ],
        [
          0.062586,
          -0.857159,
          -0.511235,
          1.443192
        ],
        [
          0.0,
          0.0,
          0.0,
          1.0
        ]
      ]
    },
    {
      "file_path": "/media/NFS/ttao/scannet/posed_images/scene0377_01/00037.jpg",
      "transform_matrix": [
        [
          -0.153972,
          0.498523,
          -0.853093,
          4.110689
        ],
        [
          0.986074,
          0.132458,
          -0.100568,
          1.383067
        ],
        [
          0.062864,
          -0.856697,
          -0.511976,
          1.443246
        ],
        [
          0.0,
          0.0,
          0.0,
          1.0
        ]
      ]
    },
    {
      "file_path": "/media/NFS/ttao/scannet/posed_images/scene0377_01/00043.jpg",
      "transform_matrix": [
        [
          -0.121106,
          0.508609,
          -0.852438,
          4.090028
        ],
        [
          0.991421,
          0.10452,
          -0.078489,
          1.370211
        ],
        [
          0.049177,
          -0.85463,
          -0.516903,
          1.460708
        ],
        [
          0.0,
          0.0,
          0.0,
          1.0
        ]
      ]
    },
    {
      "file_path": "/media/NFS/ttao/scannet/posed_images/scene0377_01/00044.jpg",
      "transform_matrix": [
        [
          -0.117364,
          0.507262,
          -0.853763,
          4.088269
        ],
        [
          0.992029,
          0.099605,
          -0.07719,
          1.369427
        ],
        [
          0.045884,
          -0.856016,
          -0.514909,
          1.46224
        ],
        [
          0.0,
          0.0,
          0.0,
          1.0
        ]
      ]
    },
    {
      "file_path": "/media/NFS/ttao/scannet/posed_images/scene0377_01/00049.jpg",
      "transform_matrix": [
        [
          -0.096184,
          0.485981,
          -0.86866,
          4.07587
        ],
        [
          0.994877,
          0.074217,
          -0.068638,
          1.359504
        ],
        [
          0.031113,
          -0.870812,
          -0.49063,
          1.483357
        ],
        [
          0.0,
          0.0,
          0.0,
          1.0
        ]
      ]
    },
    {
      "file_path": "/media/NFS/ttao/scannet/posed_images/scene0377_01/00054.jpg",
      "transform_matrix": [
        [
          -0.070501,
          0.450985,
          -0.889743,
          4.066325
        ],
        [
          0.996925,
          0.062448,
          -0.04734,
          1.339324
        ],
        [
          0.034213,
          -0.890344,
          -0.454001,
          1.499675
        ],
        [
          0.0,
          0.0,
          0.0,
          1.0
        ]
      ]
    },
    {
      "file_path": "/media/NFS/ttao/scannet/posed_images/scene0377_01/00057.jpg",
      "transform_matrix": [
        [
          -0.057556,
          0.433154,
          -0.89948,
          4.066053
        ],
        [
          0.997891,
          0.052047,
          -0.038789,
          1.327376
        ],
        [
          0.030013,
          -0.899816,
          -0.435236,
          1.508102
        ],
        [
          0.0,
          0.0,
          0.0,
          1.0
        ]
      ]
    },
    {
      "file_path": "/media/NFS/ttao/scannet/posed_images/scene0377_01/00059.jpg",
      "transform_matrix": [
        [
          -0.054602,
          0.428617,
          -0.901835,
          4.065823
        ],
        [
          0.998155,
          0.047456,
          -0.037879,
          1.318368
        ],
        [
          0.026561,
          -0.902239,
          -0.430418,
          1.5082
        ],
        [
          0.0,
          0.0,
          0.0,
          1.0
        ]
      ]
    },
    {
      "file_path": "/media/NFS/ttao/scannet/posed_images/scene0377_01/00063.jpg",
      "transform_matrix": [
        [
          -0.063438,
          0.415166,
          -0.907531,
          4.070562
        ],
        [
          0.997851,
          0.041358,
          -0.050832,
          1.306868
        ],
        [
          0.01643,
          -0.908805,
          -0.416897,
          1.507006
        ],
        [
          0.0,
          0.0,
          0.0,
          1.0
        ]
      ]
    },
    {
      "file_path": "/media/NFS/ttao/scannet/posed_images/scene0377_01/00067.jpg",
      "transform_matrix": [
        [
          -0.073675,
          0.414805,
          -0.906923,
          4.069061
        ],
        [
          0.996834,
          0.057895,
          -0.0545,
          1.296171
        ],
        [
          0.029899,
          -0.908067,
          -0.417757,
          1.507336
        ],
        [
          0.0,
          0.0,
          0.0,
          1.0
        ]
      ]
    },
    {
      "file_path": "/media/NFS/ttao/scannet/posed_images/scene0377_01/00070.jpg",
      "transform_matrix": [
        [
          -0.075057,
          0.406347,
          -0.910631,
          4.069721
        ],
        [
          0.996132,
          0.072402,
          -0.049797,
          1.283623
        ],
        [
          0.045697,
          -0.910846,
          -0.410209,
          1.503149
        ],
        [
          0.0,
          0.0,
          0.0,
          1.0
        ]
      ]
    },
    {
      "file_path": "/media/NFS/ttao/scannet/posed_images/scene0377_01/00071.jpg",
      "transform_matrix": [
        [
          -0.075963,
          0.407675,
          -0.909962,
          4.061095
        ],
        [
          0.995812,
          0.07758,
          -0.048373,
          1.285457
        ],
        [
          0.050874,
          -0.909826,
          -0.41186,
          1.511239
        ],
        [
          0.0,
          0.0,
          0.0,
          1.0
        ]
      ]
    },
    {
      "file_path": "/media/NFS/ttao/scannet/posed_images/scene0377_01/00077.jpg",
      "transform_matrix": [
        [
          -0.070927,
          0.388283,
          -0.918807,
          4.034288
        ],
        [
          0.996289,
          0.072614,
          -0.046222,
          1.273642
        ],
        [
          0.048771,
          -0.918675,
          -0.391992,
          1.518559
        ],
        [
          0.0,
          0.0,
          0.0,
          1.0
        ]
      ]
    },
    {
      "file_path": "/media/NFS/ttao/scannet/posed_images/scene0377_01/00078.jpg",
      "transform_matrix": [
        [
          -0.070541,
          0.386067,
          -0.91977,
          4.024747
        ],
        [
          0.996311,
          0.072449,
          -0.046001,
          1.271728
        ],
        [
          0.048877,
          -0.919621,
          -0.389753,
          1.520419
        ],
        [
          0.0,
          0.0,
          0.0,
          1.0
        ]
      ]
    },
    {
      "file_path": "/media/NFS/ttao/scannet/posed_images/scene0377_01/00082.jpg",
      "transform_matrix": [
        [
          -0.072984,
          0.351077,
          -0.933498,
          3.996735
        ],
        [
          0.996356,
          0.067091,
          -0.052666,
          1.263327
        ],
        [
          0.04414,
          -0.93394,
          -0.354695,
          1.52553
        ],
        [
          0.0,
          0.0,
          0.0,
          1.0
        ]
      ]
    },
    {
      "file_path": "/media/NFS/ttao/scannet/posed_images/scene0377_01/00086.jpg",
      "transform_matrix": [
        [
          -0.074023,
          0.328563,
          -0.941577,
          3.96021
        ],
        [
          0.995329,
          0.083024,
          -0.049277,
          1.256827
        ],
        [
          0.061983,
          -0.940826,
          -0.333174,
          1.532672
        ],
        [
          0.0,
          0.0,
          0.0,
          1.0
        ]
      ]
    },
    {
      "file_path": "/media/NFS/ttao/scannet/posed_images/scene0377_01/00089.jpg",
      "transform_matrix": [
        [
          -0.067563,
          0.305496,
          -0.949793,
          3.935609
        ],
        [
          0.995245,
          0.08758,
          -0.042626,
          1.247976
        ],
        [
          0.070161,
          -0.948157,
          -0.309961,
          1.53753
        ],
        [
          0.0,
          0.0,
          0.0,
          1.0
        ]
      ]
    },
    {
      "file_path": "/media/NFS/ttao/scannet/posed_images/scene0377_01/00095.jpg",
      "transform_matrix": [
        [
          -0.055313,
          0.270111,
          -0.961239,
          3.896853
        ],
        [
          0.994963,
          0.095516,
          -0.030414,
          1.225414
        ],
        [
          0.083599,
          -0.95808,
          -0.274034,
          1.545304
        ],
        [
          0.0,
          0.0,
          0.0,
          1.0
        ]
      ]
    },
    {
      "file_path": "/media/NFS/ttao/scannet/posed_images/scene0377_01/00096.jpg",
      "transform_matrix": [
        [
          -0.050983,
          0.263329,
          -0.963358,
          3.892038
        ],
        [
          0.994932,
          0.097102,
          -0.026112,
          1.21851
        ],
        [
          0.086668,
          -0.959807,
          -0.266945,
          1.545735
        ],
        [
          0.0,
          0.0,
          0.0,
          1.0
        ]
      ]
    },
    {
      "file_path": "/media/NFS/ttao/scannet/posed_images/scene0377_01/00100.jpg",
      "transform_matrix": [
        [
          -0.014879,
          0.248332,
          -0.968561,
          3.877389
        ],
        [
          0.994528,
          0.103859,
          0.011351,
          1.187814
        ],
        [
          0.103412,
          -0.963091,
          -0.248518,
          1.543412
        ],
        [
          0.0,
          0.0,
          0.0,
          1.0
        ]
      ]
    },
    {
      "file_path": "/media/NFS/ttao/scannet/posed_images/scene0377_01/00105.jpg",
      "transform_matrix": [
        [
          0.068233,
          0.22824,
          -0.971211,
          3.859836
        ],
        [
          0.992564,
          0.082829,
          0.089198,
          1.141601
        ],
        [
          0.100803,
          -0.970075,
          -0.220891,
          1.55355
        ],
        [
          0.0,
          0.0,
          0.0,
          1.0
        ]
      ]
    },
    {
      "file_path": "/media/NFS/ttao/scannet/posed_images/scene0377_01/00107.jpg",
      "transform_matrix": [
        [
          0.091744,
          0.225621,
          -0.969886,
          3.858287
        ],
        [
          0.99078,
          0.076825,
          0.111592,
          1.121857
        ],
        [
          0.099689,
          -0.971181,
          -0.216492,
          1.556741
        ],
        [
          0.0,
          0.0,
          0.0,
          1.0
        ]
      ]
    },
    {
      "file_path": "/media/NFS/ttao/scannet/posed_images/scene0377_01/00111.jpg",
      "transform_matrix": [
        [
          0.137968,
          0.220689,
          -0.965537,
          3.851112
        ],
        [
          0.986156,
          0.059929,
          0.154612,
          1.076877
        ],
        [
          0.091985,
          -0.973501,
          -0.209366,
          1.563896
        ],
        [
          0.0,
          0.0,
          0.0,
          1.0
        ]
      ]
    },
    {
      "file_path": "/media/NFS/ttao/scannet/posed_images/scene0377_01/00115.jpg",
      "transform_matrix": [
        [
          0.165035,
          0.192945,
          -0.967231,
          3.847215
        ],
        [
          0.982734,
          0.051013,
          0.177856,
          1.031576
        ],
        [
          0.083658,
          -0.979883,
          -0.181195,
          1.577004
        ],
        [
          0.0,
          0.0,
          0.0,
          1.0
        ]
      ]
    },
    {
      "file_path": "/media/NFS/ttao/scannet/posed_images/scene0377_01/00118.jpg",
      "transform_matrix": [
        [
          0.177671,
          0.16158,
          -0.970734,
          3.849713
        ],
        [
          0.981126,
          0.047422,
          0.187467,
          1.007143
        ],
        [
          0.076325,
          -0.98572,
          -0.150105,
          1.587444
        ],
        [
          0.0,
          0.0,
          0.0,
          1.0
        ]
      ]
    },
    {
      "file_path": "/media/NFS/ttao/scannet/posed_images/scene0377_01/00120.jpg",
      "transform_matrix": [
        [
          0.188962,
          0.14078,
          -0.971841,
          3.849443
        ],
        [
          0.979127,
          0.048429,
          0.197394,
          0.992043
        ],
        [
          0.074855,
          -0.988856,
          -0.12869,
          1.593776
        ],
        [
          0.0,
          0.0,
          0.0,
          1.0
        ]
      ]
    },
    {
      "file_path": "/media/NFS/ttao/scannet/posed_images/scene0377_01/00124.jpg",
      "transform_matrix": [
        [
          0.217231,
          0.106853,
          -0.970254,
          3.848162
        ],
        [
          0.973232,
          0.052697,
          0.223701,
          0.960889
        ],
        [
          0.075033,
          -0.992877,
          -0.092546,
          1.600212
        ],
        [
          0.0,
          0.0,
          0.0,
          1.0
        ]
      ]
    },
    {
      "file_path": "/media/NFS/ttao/scannet/posed_images/scene0377_01/00127.jpg",
      "transform_matrix": [
        [
          0.229477,
          0.077659,
          -0.970211,
          3.845371
        ],
        [
          0.970601,
          0.056117,
          0.234061,
          0.943614
        ],
        [
          0.072622,
          -0.995399,
          -0.062498,
          1.609547
        ],
        [
          0.0,
          0.0,
          0.0,
          1.0
        ]
      ]
    },
    {
      "file_path": "/media/NFS/ttao/scannet/posed_images/scene0377_01/00132.jpg",
      "transform_matrix": [
        [
          0.235695,
          0.024428,
          -0.97152,
          3.833138
        ],
        [
          0.968882,
          0.071868,
          0.236862,
          0.91726
        ],
        [
          0.075607,
          -0.997115,
          -0.006729,
          1.619384
        ],
        [
          0.0,
          0.0,
          0.0,
          1.0
        ]
      ]
    },
    {
      "file_path": "/media/NFS/ttao/scannet/posed_images/scene0377_01/00134.jpg",
      "transform_matrix": [
        [
          0.242019,
          -0.000363,
          -0.970271,
          3.825645
        ],
        [
          0.967131,
          0.08048,
          0.241205,
          0.911189
        ],
        [
          0.078,
          -0.996756,
          0.019828,
          1.624071
        ],
        [
          0.0,
          0.0,
          0.0,
          1.0
        ]
      ]
    },
    {
      "file_path": "/media/NFS/ttao/scannet/posed_images/scene0377_01/00137.jpg",
      "transform_matrix": [
        [
          0.251097,
          -0.030396,
          -0.967485,
          3.812414
        ],
        [
          0.965235,
          0.082844,
          0.24791,
          0.905833
        ],
        [
          0.072615,
          -0.996099,
          0.050141,
          1.638182
        ],
        [
          0.0,
          0.0,
          0.0,
          1.0
        ]
      ]
    },
    {
      "file_path": "/media/NFS/ttao/scannet/posed_images/scene0377_01/00140.jpg",
      "transform_matrix": [
        [
          0.244366,
          -0.066621,
          -0.967392,
          3.804462
        ],
        [
          0.967592,
          0.082231,
          0.238753,
          0.908093
        ],
        [
          0.063644,
          -0.994384,
          0.084557,
          1.651349
        ],
        [
          0.0,
          0.0,
          0.0,
          1.0
        ]
      ]
    },
    {
      "file_path": "/media/NFS/ttao/scannet/posed_images/scene0377_01/00143.jpg",
      "transform_matrix": [
        [
          0.233877,
          -0.102451,
          -0.966853,
          3.795558
        ],
        [
          0.970866,
          0.077957,
          0.226587,
          0.911663
        ],
        [
          0.052159,
          -0.991679,
          0.117698,
          1.664304
        ],
        [
          0.0,
          0.0,
          0.0,
          1.0
        ]
      ]
    },
    {
      "file_path": "/media/NFS/ttao/scannet/posed_images/scene0377_01/00147.jpg",
      "transform_matrix": [
        [
          0.203246,
          -0.150459,
          -0.967498,
          3.786165
        ],
        [
          0.977917,
          0.080318,
          0.192944,
          0.915267
        ],
        [
          0.048677,
          -0.985348,
          0.16346,
          1.679573
        ],
        [
          0.0,
          0.0,
          0.0,
          1.0
        ]
      ]
    },
    {
      "file_path": "/media/NFS/ttao/scannet/posed_images/scene0377_01/00152.jpg",
      "transform_matrix": [
        [
          0.178783,
          -0.198736,
          -0.963608,
          3.771977
        ],
        [
          0.983061,
          0.076247,
          0.166668,
          0.919519
        ],
        [
          0.040349,
          -0.977083,
          0.209001,
          1.698289
        ],
        [
          0.0,
          0.0,
          0.0,
          1.0
        ]
      ]
    },
    {
      "file_path": "/media/NFS/ttao/scannet/posed_images/scene0377_01/00157.jpg",
      "transform_matrix": [
        [
          0.138091,
          -0.221312,
          -0.965376,
          3.755885
        ],
        [
          0.989434,
          0.074308,
          0.124497,
          0.924909
        ],
        [
          0.044182,
          -0.972368,
          0.229235,
          1.701134
        ],
        [
          0.0,
          0.0,
          0.0,
          1.0
        ]
      ]
    },
    {
      "file_path": "/media/NFS/ttao/scannet/posed_images/scene0377_01/00158.jpg",
      "transform_matrix": [
        [
          0.13107,
          -0.224569,
          -0.965603,
          3.753355
        ],
        [
          0.990281,
          0.07537,
          0.116891,
          0.926315
        ],
        [
          0.046528,
          -0.971539,
          0.232265,
          1.700025
        ],
        [
          0.0,
          0.0,
          0.0,
          1.0
        ]
      ]
    },
    {
      "file_path": "/media/NFS/ttao/scannet/posed_images/scene0377_01/00162.jpg",
      "transform_matrix": [
        [
          0.110917,
          -0.236948,
          -0.96517,
          3.737762
        ],
        [
          0.992405,
          0.078403,
          0.0948,
          0.928405
        ],
        [
          0.05321,
          -0.968354,
          0.243844,
          1.697694
        ],
        [
          0.0,
          0.0,
          0.0,
          1.0
        ]
      ]
    },
    {
      "file_path": "/media/NFS/ttao/scannet/posed_images/scene0377_01/00164.jpg",
      "transform_matrix": [
        [
          0.100963,
          -0.236137,
          -0.96646,
          3.730634
        ],
        [
          0.993266,
          0.079418,
          0.084359,
          0.930172
        ],
        [
          0.056834,
          -0.968469,
          0.242565,
          1.694676
        ],
        [
          0.0,
          0.0,
          0.0,
          1.0
        ]
      ]
    },
    {
      "file_path": "/media/NFS/ttao/scannet/posed_images/scene0377_01/00168.jpg",
      "transform_matrix": [
        [
          0.082484,
          -0.216274,
          -0.972842,
          3.718312
        ],
        [
          0.994207,
          0.085362,
          0.065318,
          0.929668
        ],
        [
          0.068917,
          -0.972594,
          0.222062,
          1.689718
        ],
        [
          0.0,
          0.0,
          0.0,
          1.0
        ]
      ]
    },
    {
      "file_path": "/media/NFS/ttao/scannet/posed_images/scene0377_01/00171.jpg",
      "transform_matrix": [
        [
          0.053906,
          -0.178187,
          -0.982519,
          3.704397
        ],
        [
          0.995554,
          0.08571,
          0.039077,
          0.931073
        ],
        [
          0.077249,
          -0.980257,
          0.182015,
          1.678805
        ],
        [
          0.0,
          0.0,
          0.0,
          1.0
        ]
      ]
    },
    {
      "file_path": "/media/NFS/ttao/scannet/posed_images/scene0377_01/00174.jpg",
      "transform_matrix": [
        [
          0.018718,
          -0.149052,
          -0.988652,
          3.692964
        ],
        [
          0.996896,
          0.07841,
          0.007053,
          0.926764
        ],
        [
          0.076469,
          -0.985716,
          0.150057,
          1.671427
        ],
        [
          0.0,
          0.0,
          0.0,
          1.0
        ]
      ]
    },
    {
      "file_path": "/media/NFS/ttao/scannet/posed_images/scene0377_01/00180.jpg",
      "transform_matrix": [
        [
          -0.060484,
          -0.080888,
          -0.994886,
          3.660488
        ],
        [
          0.995934,
          0.061781,
          -0.06557,
          0.916176
        ],
        [
          0.066769,
          -0.994807,
          0.076822,
          1.650962
        ],
        [
          0.0,
          0.0,
          0.0,
          1.0
        ]
      ]
    },
    {
      "file_path": "/media/NFS/ttao/scannet/posed_images/scene0377_01/00184.jpg",
      "transform_matrix": [
        [
          -0.078118,
          -0.043795,
          -0.995982,
          3.645796
        ],
        [
          0.994412,
          0.067742,
          -0.080974,
          0.897485
        ],
        [
          0.071016,
          -0.996741,
          0.038258,
          1.640561
        ],
        [
          0.0,
          0.0,
          0.0,
          1.0
        ]
      ]
    },
    {
      "file_path": "/media/NFS/ttao/scannet/posed_images/scene0377_01/00188.jpg",
      "transform_matrix": [
        [
          -0.095772,
          -0.011048,
          -0.995342,
          3.629075
        ],
        [
          0.992647,
          0.07331,
          -0.096326,
          0.879868
        ],
        [
          0.074032,
          -0.997248,
          0.003946,
          1.620805
        ],
        [
          0.0,
          0.0,
          0.0,
          1.0
        ]
      ]
    },
    {
      "file_path": "/media/NFS/ttao/scannet/posed_images/scene0377_01/00190.jpg",
      "transform_matrix": [
        [
          -0.099763,
          0.012094,
          -0.994938,
          3.614047
        ],
        [
          0.992235,
          0.075855,
          -0.09857,
          0.870586
        ],
        [
          0.074278,
          -0.997046,
          -0.019568,
          1.617554
        ],
        [
          0.0,
          0.0,
          0.0,
          1.0
        ]
      ]
    },
    {
      "file_path": "/media/NFS/ttao/scannet/posed_images/scene0377_01/00194.jpg",
      "transform_matrix": [
        [
          -0.086942,
          0.079578,
          -0.99303,
          3.594187
        ],
        [
          0.993846,
          0.075616,
          -0.080954,
          0.853168
        ],
        [
          0.068647,
          -0.993957,
          -0.085663,
          1.60346
        ],
        [
          0.0,
          0.0,
          0.0,
          1.0
        ]
      ]
    },
    {
      "file_path": "/media/NFS/ttao/scannet/posed_images/scene0377_01/00197.jpg",
      "transform_matrix": [
        [
          -0.079328,
          0.111708,
          -0.99057,
          3.583453
        ],
        [
          0.995194,
          0.066114,
          -0.072242,
          0.840448
        ],
        [
          0.057421,
          -0.991539,
          -0.116415,
          1.598503
        ],
        [
          0.0,
          0.0,
          0.0,
          1.0
        ]
      ]
    },
    {
      "file_path": "/media/NFS/ttao/scannet/posed_images/scene0377_01/00200.jpg",
      "transform_matrix": [
        [
          -0.068131,
          0.123102,
          -0.990052,
          3.5797
        ],
        [
          0.99674,
          0.051386,
          -0.062202,
          0.821693
        ],
        [
          0.043218,
          -0.991063,
          -0.126202,
          1.597632
        ],
        [
          0.0,
          0.0,
          0.0,
          1.0
        ]
      ]
    },
    {
      "file_path": "/media/NFS/ttao/scannet/posed_images/scene0377_01/00202.jpg",
      "transform_matrix": [
        [
          -0.06339,
          0.121363,
          -0.990582,
          3.583159
        ],
        [
          0.99735,
          0.043207,
          -0.058529,
          0.810902
        ],
        [
          0.035697,
          -0.991668,
          -0.12378,
          1.591261
        ],
        [
          0.0,
          0.0,
          0.0,
          1.0
        ]
      ]
    },
    {
      "file_path": "/media/NFS/ttao/scannet/posed_images/scene0377_01/00207.jpg",
      "transform_matrix": [
        [
          -0.03347,
          0.150689,
          -0.988014,
          3.57795
        ],
        [
          0.999202,
          0.026599,
          -0.029793,
          0.786715
        ],
        [
          0.021791,
          -0.988223,
          -0.15146,
          1.578085
        ],
        [
          0.0,
          0.0,
          0.0,
          1.0
        ]
      ]
    },
    {
      "file_path": "/media/NFS/ttao/scannet/posed_images/scene0377_01/00211.jpg",
      "transform_matrix": [
        [
          -0.006018,
          0.193909,
          -0.981001,
          3.564222
        ],
        [
          0.999511,
          0.03127,
          4.9e-05,
          0.76826
        ],
        [
          0.030685,
          -0.980521,
          -0.194003,
          1.557612
        ],
        [
          0.0,
          0.0,
          0.0,
          1.0
        ]
      ]
    },
    {
      "file_path": "/media/NFS/ttao/scannet/posed_images/scene0377_01/00214.jpg",
      "transform_matrix": [
        [
          0.009087,
          0.225746,
          -0.974144,
          3.558496
        ],
        [
          0.99898,
          0.041041,
          0.01883,
          0.753911
        ],
        [
          0.044231,
          -0.973321,
          -0.225143,
          1.546046
        ],
        [
          0.0,
          0.0,
          0.0,
          1.0
        ]
      ]
    },
    {
      "file_path": "/media/NFS/ttao/scannet/posed_images/scene0377_01/00217.jpg",
      "transform_matrix": [
        [
          0.01768,
          0.259488,
          -0.965585,
          3.550985
        ],
        [
          0.998656,
          0.042484,
          0.029702,
          0.740983
        ],
        [
          0.048729,
          -0.964812,
          -0.258388,
          1.53569
        ],
        [
          0.0,
          0.0,
          0.0,
          1.0
        ]
      ]
    },
    {
      "file_path": "/media/NFS/ttao/scannet/posed_images/scene0377_01/00222.jpg",
      "transform_matrix": [
        [
          0.039199,
          0.30547,
          -0.951394,
          3.537999
        ],
        [
          0.9982,
          0.031279,
          0.051171,
          0.714942
        ],
        [
          0.04539,
          -0.951688,
          -0.303694,
          1.519248
        ],
        [
          0.0,
          0.0,
          0.0,
          1.0
        ]
      ]
    },
    {
      "file_path": "/media/NFS/ttao/scannet/posed_images/scene0377_01/00224.jpg",
      "transform_matrix": [
        [
          0.043518,
          0.320045,
          -0.946402,
          3.530259
        ],
        [
          0.998244,
          0.024176,
          0.054078,
          0.705555
        ],
        [
          0.040188,
          -0.947094,
          -0.318431,
          1.51604
        ],
        [
          0.0,
          0.0,
          0.0,
          1.0
        ]
      ]
    },
    {
      "file_path": "/media/NFS/ttao/scannet/posed_images/scene0377_01/00226.jpg",
      "transform_matrix": [
        [
          0.052591,
          0.318488,
          -0.946467,
          3.522419
        ],
        [
          0.997226,
          0.033246,
          0.066599,
          0.695561
        ],
        [
          0.052677,
          -0.947344,
          -0.315856,
          1.511041
        ],
        [
          0.0,
          0.0,
          0.0,
          1.0
        ]
      ]
    },
    {
      "file_path": "/media/NFS/ttao/scannet/posed_images/scene0377_01/00232.jpg",
      "transform_matrix": [
        [
          0.109339,
          0.356146,
          -0.928011,
          3.495641
        ],
        [
          0.990532,
          0.038937,
          0.131648,
          0.670533
        ],
        [
          0.08302,
          -0.933619,
          -0.348517,
          1.474164
        ],
        [
          0.0,
          0.0,
          0.0,
          1.0
        ]
      ]
    },
    {
      "file_path": "/media/NFS/ttao/scannet/posed_images/scene0377_01/00235.jpg",
      "transform_matrix": [
        [
          0.140212,
          0.376093,
          -0.915912,
          3.466462
        ],
        [
          0.986266,
          0.028506,
          0.162687,
          0.669888
        ],
        [
          0.087294,
          -0.926143,
          -0.366931,
          1.467723
        ],
        [
          0.0,
          0.0,
          0.0,
          1.0
        ]
      ]
    },
    {
      "file_path": "/media/NFS/ttao/scannet/posed_images/scene0377_01/00239.jpg",
      "transform_matrix": [
        [
          0.183259,
          0.403822,
          -0.896294,
          3.42217
        ],
        [
          0.978561,
          0.012239,
          0.205594,
          0.674439
        ],
        [
          0.093993,
          -0.914756,
          -0.392922,
          1.455734
        ],
        [
          0.0,
          0.0,
          0.0,
          1.0
        ]
      ]
    },
    {
      "file_path": "/media/NFS/ttao/scannet/posed_images/scene0377_01/00241.jpg",
      "transform_matrix": [
        [
          0.192012,
          0.410121,
          -0.89159,
          3.380447
        ],
        [
          0.97773,
          -0.001525,
          0.209862,
          0.674165
        ],
        [
          0.08471,
          -0.91203,
          -0.40128,
          1.452943
        ],
        [
          0.0,
          0.0,
          0.0,
          1.0
        ]
      ]
    },
    {
      "file_path": "/media/NFS/ttao/scannet/posed_images/scene0377_01/00245.jpg",
      "transform_matrix": [
        [
          0.184074,
          0.415883,
          -0.890594,
          3.318292
        ],
        [
          0.978872,
          0.004503,
          0.204423,
          0.677396
        ],
        [
          0.089027,
          -0.909407,
          -0.406267,
          1.448004
        ],
        [
          0.0,
          0.0,
          0.0,
          1.0
        ]
      ]
    },
    {
      "file_path": "/media/NFS/ttao/scannet/posed_images/scene0377_01/00250.jpg",
      "transform_matrix": [
        [
          0.252228,
          0.418931,
          -0.872283,
          3.237369
        ],
        [
          0.959437,
          0.009057,
          0.28178,
          0.677887
        ],
        [
          0.125947,
          -0.907973,
          -0.399653,
          1.429687
        ],
        [
          0.0,
          0.0,
          0.0,
          1.0
        ]
      ]
    },
    {
      "file_path": "/media/NFS/ttao/scannet/posed_images/scene0377_01/00252.jpg",
      "transform_matrix": [
        [
          0.266081,
          0.413708,
          -0.870659,
          3.203494
        ],
        [
          0.955785,
          0.00409,
          0.29404,
          0.678813
        ],
        [
          0.125208,
          -0.910401,
          -0.394327,
          1.427234
        ],
        [
          0.0,
          0.0,
          0.0,
          1.0
        ]
      ]
    },
    {
      "file_path": "/media/NFS/ttao/scannet/posed_images/scene0377_01/00256.jpg",
      "transform_matrix": [
        [
          0.252219,
          0.417318,
          -0.873059,
          3.140513
        ],
        [
          0.95786,
          0.020477,
          0.286505,
          0.676776
        ],
        [
          0.137441,
          -0.90853,
          -0.394567,
          1.418545
        ],
        [
          0.0,
          0.0,
          0.0,
          1.0
        ]
      ]
    },
    {
      "file_path": "/media/NFS/ttao/scannet/posed_images/scene0377_01/00257.jpg",
      "transform_matrix": [
        [
          0.248212,
          0.421618,
          -0.87214,
          3.128143
        ],
        [
          0.957642,
          0.028883,
          0.286509,
          0.676679
        ],
        [
          0.145988,
          -0.906313,
          -0.39659,
          1.414307
        ],
        [
          0.0,
          0.0,
          0.0,
          1.0
        ]
      ]
    },
    {
      "file_path": "/media/NFS/ttao/scannet/posed_images/scene0377_01/00263.jpg",
      "transform_matrix": [
        [
          0.269951,
          0.412581,
          -0.870002,
          3.033227
        ],
        [
          0.952478,
          0.017994,
          0.304076,
          0.659965
        ],
        [
          0.141111,
          -0.910743,
          -0.388117,
          1.410821
        ],
        [
          0.0,
          0.0,
          0.0,
          1.0
        ]
      ]
    },
    {
      "file_path": "/media/NFS/ttao/scannet/posed_images/scene0377_01/00265.jpg",
      "transform_matrix": [
        [
          0.286771,
          0.412341,
          -0.864718,
          3.006341
        ],
        [
          0.94749,
          0.011255,
          0.319588,
          0.654248
        ],
        [
          0.141512,
          -0.91096,
          -0.387462,
          1.405089
        ],
        [
          0.0,
          0.0,
          0.0,
          1.0
        ]
      ]
    },
