{
  "frames": [
    {
      "file_path": "/media/NFS/ttao/scannet/posed_images/scene0334_02/00000.jpg",
      "transform_matrix": [
        [
          -0.172389,
          0.446117,
          -0.878215,
          4.835149
        ],
        [
          0.984721,
          0.055754,
          -0.164973,
          9.850489
        ],
        [
          -0.024634,
          -0.893236,
          -0.448912,
          2.204988
        ],
        [
          0.0,
          0.0,
          0.0,
          1.0
        ]
      ]
    },
    {
      "file_path": "/media/NFS/ttao/scannet/posed_images/scene0334_02/00003.jpg",
      "transform_matrix": [
        [
          -0.168239,
          0.44083,
          -0.881683,
          4.875524
        ],
        [
          0.985303,
          0.04839,
          -0.163817,
          9.87724
        ],
        [
          -0.02955,
          -0.896285,
          -0.442493,
          2.214555
        ],
        [
          0.0,
          0.0,
          0.0,
          1.0
        ]
      ]
    },
    {
      "file_path": "/media/NFS/ttao/scannet/posed_images/scene0334_02/00006.jpg",
      "transform_matrix": [
        [
          -0.17046,
          0.438628,
          -0.882354,
          4.901178
        ],
        [
          0.984624,
          0.0411,
          -0.169786,
          9.915526
        ],
        [
          -0.038208,
          -0.897728,
          -0.438889,
          2.214375
        ],
        [
          0.0,
          0.0,
          0.0,
          1.0
        ]
      ]
    },
    {
      "file_path": "/media/NFS/ttao/scannet/posed_images/scene0334_02/00011.jpg",
      "transform_matrix": [
        [
          -0.157351,
          0.431666,
          -0.888203,
          4.934803
        ],
        [
          0.986622,
          0.029894,
          -0.160258,
          9.993915
        ],
        [
          -0.042626,
          -0.901538,
          -0.430595,
          2.209977
        ],
        [
          0.0,
          0.0,
          0.0,
          1.0
        ]
      ]
    },
    {
      "file_path": "/media/NFS/ttao/scannet/posed_images/scene0334_02/00016.jpg",
      "transform_matrix": [
        [
          -0.165147,
          0.414073,
          -0.895137,
          4.969663
        ],
        [
          0.985421,
          0.031636,
          -0.16717,
          10.113029
        ],
        [
          -0.040902,
          -0.909694,
          -0.413261,
          2.19688
        ],
        [
          0.0,
          0.0,
          0.0,
          1.0
        ]
      ]
    },
    {
      "file_path": "/media/NFS/ttao/scannet/posed_images/scene0334_02/00019.jpg",
      "transform_matrix": [
        [
          -0.177285,
          0.40427,
          -0.897294,
          4.991294
        ],
        [
          0.984114,
          0.081589,
          -0.15768,
          10.208575
        ],
        [
          0.009464,
          -0.910994,
          -0.412312,
          2.192225
        ],
        [
          0.0,
          0.0,
          0.0,
          1.0
        ]
      ]
    },
    {
      "file_path": "/media/NFS/ttao/scannet/posed_images/scene0334_02/00023.jpg",
      "transform_matrix": [
        [
          -0.189938,
          0.417108,
          -0.888788,
          5.006496
        ],
        [
          0.981755,
          0.088946,
          -0.168063,
          10.278426
        ],
        [
          0.008954,
          -0.904494,
          -0.426392,
          2.202665
        ],
        [
          0.0,
          0.0,
          0.0,
          1.0
        ]
      ]
    },
    {
      "file_path": "/media/NFS/ttao/scannet/posed_images/scene0334_02/00025.jpg",
      "transform_matrix": [
        [
          -0.198557,
          0.420866,
          -0.885126,
          5.011998
        ],
        [
          0.980088,
          0.083776,
          -0.180025,
          10.3075
        ],
        [
          -0.001614,
          -0.903246,
          -0.42912,
          2.206648
        ],
        [
          0.0,
          0.0,
          0.0,
          1.0
        ]
      ]
    },
    {
      "file_path": "/media/NFS/ttao/scannet/posed_images/scene0334_02/00027.jpg",
      "transform_matrix": [
        [
          -0.204404,
          0.416301,
          -0.885953,
          5.004731
        ],
        [
          0.978861,
          0.080324,
          -0.188096,
          10.333436
        ],
        [
          -0.007141,
          -0.905672,
          -0.42392,
          2.225425
        ],
        [
          0.0,
          0.0,
          0.0,
          1.0
        ]
      ]
    },
    {
      "file_path": "/media/NFS/ttao/scannet/posed_images/scene0334_02/00034.jpg",
      "transform_matrix": [
        [
          -0.290706,
          0.378941,
          -0.878575,
          5.006279
        ],
        [
          0.956287,
          0.084633,
          -0.279917,
          10.398682
        ],
        [
          -0.031716,
          -0.921543,
          -0.38698,
          2.215744
        ],
        [
          0.0,
          0.0,
          0.0,
          1.0
        ]
      ]
    },
    {
      "file_path": "/media/NFS/ttao/scannet/posed_images/scene0334_02/00037.jpg",
      "transform_matrix": [
        [
          -0.343156,
          0.363292,
          -0.866177,
          4.991653
        ],
        [
          0.938999,
          0.110173,
          -0.325797,
          10.418245
        ],
        [
          -0.02293,
          -0.925138,
          -0.378937,
          2.209159
        ],
        [
          0.0,
          0.0,
          0.0,
          1.0
        ]
      ]
    },
    {
      "file_path": "/media/NFS/ttao/scannet/posed_images/scene0334_02/00040.jpg",
      "transform_matrix": [
        [
          -0.410461,
          0.33747,
          -0.847134,
          4.972224
        ],
        [
          0.911843,
          0.160059,
          -0.378052,
          10.444939
        ],
        [
          0.008011,
          -0.927629,
          -0.373418,
          2.212196
        ],
        [
          0.0,
          0.0,
          0.0,
          1.0
        ]
      ]
    },
    {
      "file_path": "/media/NFS/ttao/scannet/posed_images/scene0334_02/00043.jpg",
      "transform_matrix": [
        [
          -0.47898,
          0.335169,
          -0.81132,
          4.94597
        ],
        [
          0.876382,
          0.235566,
          -0.420075,
          10.482763
        ],
        [
          0.050324,
          -0.912234,
          -0.406567,
          2.205932
        ],
        [
          0.0,
          0.0,
          0.0,
          1.0
        ]
      ]
    },
    {
      "file_path": "/media/NFS/ttao/scannet/posed_images/scene0334_02/00046.jpg",
      "transform_matrix": [
        [
          -0.507424,
          0.318382,
          -0.80072,
          4.922571
        ],
        [
          0.859286,
          0.256419,
          -0.442581,
          10.511327
        ],
        [
          0.06441,
          -0.912624,
          -0.403694,
          2.217608
        ],
        [
          0.0,
          0.0,
          0.0,
          1.0
        ]
      ]
    },
    {
      "file_path": "/media/NFS/ttao/scannet/posed_images/scene0334_02/00051.jpg",
      "transform_matrix": [
        [
          -0.570115,
          0.309477,
          -0.761047,
          4.877579
        ],
        [
          0.821148,
          0.244155,
          -0.515853,
          10.586302
        ],
        [
          0.026169,
          -0.919028,
          -0.393322,
          2.245532
        ],
        [
          0.0,
          0.0,
          0.0,
          1.0
        ]
      ]
    },
    {
      "file_path": "/media/NFS/ttao/scannet/posed_images/scene0334_02/00052.jpg",
      "transform_matrix": [
        [
          -0.57777,
          0.304082,
          -0.75744,
          4.872692
        ],
        [
          0.815784,
          0.244771,
          -0.524008,
          10.596771
        ],
        [
          0.026058,
          -0.920663,
          -0.389487,
          2.243832
        ],
        [
          0.0,
          0.0,
          0.0,
          1.0
        ]
      ]
    },
    {
      "file_path": "/media/NFS/ttao/scannet/posed_images/scene0334_02/00057.jpg",
      "transform_matrix": [
        [
          -0.640144,
          0.298697,
          -0.707811,
          4.831555
        ],
        [
          0.76815,
          0.264133,
          -0.58325,
          10.680035
        ],
        [
          0.012741,
          -0.917068,
          -0.398527,
          2.246734
        ],
        [
          0.0,
          0.0,
          0.0,
          1.0
        ]
      ]
    },
    {
      "file_path": "/media/NFS/ttao/scannet/posed_images/scene0334_02/00060.jpg",
      "transform_matrix": [
        [
          -0.666873,
          0.278521,
          -0.691163,
          4.808985
        ],
        [
          0.744646,
          0.283906,
          -0.60407,
          10.737143
        ],
        [
          0.027979,
          -0.917509,
          -0.396729,
          2.251516
        ],
        [
          0.0,
          0.0,
          0.0,
          1.0
        ]
      ]
    },
    {
      "file_path": "/media/NFS/ttao/scannet/posed_images/scene0334_02/00065.jpg",
      "transform_matrix": [
        [
          -0.696055,
          0.264386,
          -0.667539,
          4.763558
        ],
        [
          0.716419,
          0.317189,
          -0.621397,
          10.83462
        ],
        [
          0.047447,
          -0.910764,
          -0.410192,
          2.26699
        ],
        [
          0.0,
          0.0,
          0.0,
          1.0
        ]
      ]
    },
    {
      "file_path": "/media/NFS/ttao/scannet/posed_images/scene0334_02/00069.jpg",
      "transform_matrix": [
        [
          -0.720376,
          0.25426,
          -0.645299,
          4.733995
        ],
        [
          0.692254,
          0.321148,
          -0.646256,
          10.89529
        ],
        [
          0.04292,
          -0.912259,
          -0.40736,
          2.270729
        ],
        [
          0.0,
          0.0,
          0.0,
          1.0
        ]
      ]
    },
    {
      "file_path": "/media/NFS/ttao/scannet/posed_images/scene0334_02/00072.jpg",
      "transform_matrix": [
        [
          -0.732396,
          0.25469,
          -0.63145,
          4.712448
        ],
        [
          0.679797,
          0.325778,
          -0.657072,
          10.918188
        ],
        [
          0.038363,
          -0.910495,
          -0.411737,
          2.275351
        ],
        [
          0.0,
          0.0,
          0.0,
          1.0
        ]
      ]
    },
    {
      "file_path": "/media/NFS/ttao/scannet/posed_images/scene0334_02/00073.jpg",
      "transform_matrix": [
        [
          -0.737526,
          0.253239,
          -0.626039,
          4.703274
        ],
        [
          0.674249,
          0.328269,
          -0.661534,
          10.925605
        ],
        [
          0.037983,
          -0.910005,
          -0.412853,
          2.275511
        ],
        [
          0.0,
          0.0,
          0.0,
          1.0
        ]
      ]
    },
    {
      "file_path": "/media/NFS/ttao/scannet/posed_images/scene0334_02/00077.jpg",
      "transform_matrix": [
        [
          -0.750375,
          0.243516,
          -0.614522,
          4.65983
        ],
        [
          0.659739,
          0.333577,
          -0.673402,
          10.960982
        ],
        [
          0.041006,
          -0.910728,
          -0.410966,
          2.269682
        ],
        [
          0.0,
          0.0,
          0.0,
          1.0
        ]
      ]
    },
    {
      "file_path": "/media/NFS/ttao/scannet/posed_images/scene0334_02/00080.jpg",
      "transform_matrix": [
        [
          -0.751439,
          0.233435,
          -0.617128,
          4.624329
        ],
        [
          0.657929,
          0.335535,
          -0.6742,
          10.984739
        ],
        [
          0.049687,
          -0.912647,
          -0.405718,
          2.268446
        ],
        [
          0.0,
          0.0,
          0.0,
          1.0
        ]
      ]
    },
    {
      "file_path": "/media/NFS/ttao/scannet/posed_images/scene0334_02/00086.jpg",
      "transform_matrix": [
        [
          -0.759441,
          0.214212,
          -0.614299,
          4.568106
        ],
        [
          0.644803,
          0.373356,
          -0.666959,
          11.003007
        ],
        [
          0.086481,
          -0.902618,
          -0.421666,
          2.269378
        ],
        [
          0.0,
          0.0,
          0.0,
          1.0
        ]
      ]
    },
    {
      "file_path": "/media/NFS/ttao/scannet/posed_images/scene0334_02/00089.jpg",
      "transform_matrix": [
        [
          -0.768516,
          0.202827,
          -0.606831,
          4.54603
        ],
        [
          0.632573,
          0.383297,
          -0.673004,
          11.020851
        ],
        [
          0.096093,
          -0.90108,
          -0.422873,
          2.272198
        ],
        [
          0.0,
          0.0,
          0.0,
          1.0
        ]
      ]
    },
    {
      "file_path": "/media/NFS/ttao/scannet/posed_images/scene0334_02/00093.jpg",
      "transform_matrix": [
        [
          -0.78513,
          0.208343,
          -0.583236,
          4.523267
        ],
        [
          0.614122,
          0.383772,
          -0.689618,
          11.047541
        ],
        [
          0.080153,
          -0.899618,
          -0.429259,
          2.277323
        ],
        [
          0.0,
          0.0,
          0.0,
          1.0
        ]
      ]
    },
    {
      "file_path": "/media/NFS/ttao/scannet/posed_images/scene0334_02/00094.jpg",
      "transform_matrix": [
        [
          -0.787009,
          0.207914,
          -0.580852,
          4.519689
        ],
        [
          0.612104,
          0.380824,
          -0.693038,
          11.05338
        ],
        [
          0.07711,
          -0.900969,
          -0.426977,
          2.277801
        ],
        [
          0.0,
          0.0,
          0.0,
          1.0
        ]
      ]
    },
    {
      "file_path": "/media/NFS/ttao/scannet/posed_images/scene0334_02/00100.jpg",
      "transform_matrix": [
        [
          -0.779814,
          0.222662,
          -0.585075,
          4.493698
        ],
        [
          0.621769,
          0.384116,
          -0.682538,
          11.101364
        ],
        [
          0.072762,
          -0.896034,
          -0.437983,
          2.284106
        ],
        [
          0.0,
          0.0,
          0.0,
          1.0
        ]
      ]
    },
    {
      "file_path": "/media/NFS/ttao/scannet/posed_images/scene0334_02/00103.jpg",
      "transform_matrix": [
        [
          -0.788097,
          0.232213,
          -0.57007,
          4.48357
        ],
        [
          0.613277,
          0.375733,
          -0.694778,
          11.12059
        ],
        [
          0.052858,
          -0.897163,
          -0.438525,
          2.290353
        ],
        [
          0.0,
          0.0,
          0.0,
          1.0
        ]
      ]
    },
    {
      "file_path": "/media/NFS/ttao/scannet/posed_images/scene0334_02/00106.jpg",
      "transform_matrix": [
        [
          -0.791989,
          0.244855,
          -0.559284,
          4.477999
        ],
        [
          0.609532,
          0.369589,
          -0.701338,
          11.14558
        ],
        [
          0.03498,
          -0.896354,
          -0.441958,
          2.290921
        ],
        [
          0.0,
          0.0,
          0.0,
          1.0
        ]
      ]
    },
    {
      "file_path": "/media/NFS/ttao/scannet/posed_images/scene0334_02/00111.jpg",
      "transform_matrix": [
        [
          -0.781762,
          0.242654,
          -0.574427,
          4.469038
        ],
        [
          0.621983,
          0.36924,
          -0.690506,
          11.192018
        ],
        [
          0.044548,
          -0.897096,
          -0.439584,
          2.289434
        ],
        [
          0.0,
          0.0,
          0.0,
          1.0
        ]
      ]
    },
    {
      "file_path": "/media/NFS/ttao/scannet/posed_images/scene0334_02/00114.jpg",
      "transform_matrix": [
        [
          -0.765762,
          0.251643,
          -0.591848,
          4.452648
        ],
        [
          0.641336,
          0.367357,
          -0.673599,
          11.214639
        ],
        [
          0.047913,
          -0.895391,
          -0.442696,
          2.296615
        ],
        [
          0.0,
          0.0,
          0.0,
          1.0
        ]
      ]
    },
    {
      "file_path": "/media/NFS/ttao/scannet/posed_images/scene0334_02/00116.jpg",
      "transform_matrix": [
        [
          -0.751658,
          0.253008,
          -0.609095,
          4.435737
        ],
        [
          0.657485,
          0.360497,
          -0.66163,
          11.237635
        ],
        [
          0.05218,
          -0.897791,
          -0.43732,
          2.29605
        ],
        [
          0.0,
          0.0,
          0.0,
          1.0
        ]
      ]
    },
    {
      "file_path": "/media/NFS/ttao/scannet/posed_images/scene0334_02/00119.jpg",
      "transform_matrix": [
        [
          -0.747886,
          0.245322,
          -0.616833,
          4.415537
        ],
        [
          0.66087,
          0.362768,
          -0.657001,
          11.246331
        ],
        [
          0.062591,
          -0.899009,
          -0.433435,
          2.301265
        ],
        [
          0.0,
          0.0,
          0.0,
          1.0
        ]
      ]
    },
    {
      "file_path": "/media/NFS/ttao/scannet/posed_images/scene0334_02/00123.jpg",
      "transform_matrix": [
        [
          -0.775052,
          0.220336,
          -0.592238,
          4.379039
        ],
        [
          0.628482,
          0.366092,
          -0.686284,
          11.235825
        ],
        [
          0.0656,
          -0.904118,
          -0.422218,
          2.310535
        ],
        [
          0.0,
          0.0,
          0.0,
          1.0
        ]
      ]
    },
    {
      "file_path": "/media/NFS/ttao/scannet/posed_images/scene0334_02/00129.jpg",
      "transform_matrix": [
        [
          -0.808972,
          0.186405,
          -0.55751,
          4.289561
        ],
        [
          0.584097,
          0.361836,
          -0.726571,
          11.204105
        ],
        [
          0.066291,
          -0.913416,
          -0.401594,
          2.312028
        ],
        [
          0.0,
          0.0,
          0.0,
          1.0
        ]
      ]
    },
    {
      "file_path": "/media/NFS/ttao/scannet/posed_images/scene0334_02/00131.jpg",
      "transform_matrix": [
        [
          -0.825489,
          0.157822,
          -0.541904,
          4.231754
        ],
        [
          0.558055,
          0.371978,
          -0.741759,
          11.18129
        ],
        [
          0.084511,
          -0.914727,
          -0.395137,
          2.308644
        ],
        [
          0.0,
          0.0,
          0.0,
          1.0
        ]
      ]
    },
    {
      "file_path": "/media/NFS/ttao/scannet/posed_images/scene0334_02/00133.jpg",
      "transform_matrix": [
        [
          -0.833338,
          0.144426,
          -0.533563,
          4.186008
        ],
        [
          0.544326,
          0.382429,
          -0.746631,
          11.164886
        ],
        [
          0.096217,
          -0.912628,
          -0.397307,
          2.310046
        ],
        [
          0.0,
          0.0,
          0.0,
          1.0
        ]
      ]
    },
    {
      "file_path": "/media/NFS/ttao/scannet/posed_images/scene0334_02/00139.jpg",
      "transform_matrix": [
        [
          -0.847946,
          0.164176,
          -0.504017,
          4.034285
        ],
        [
          0.52307,
          0.413294,
          -0.745376,
          11.124437
        ],
        [
          0.085934,
          -0.895675,
          -0.436327,
          2.338292
        ],
        [
          0.0,
          0.0,
          0.0,
          1.0
        ]
      ]
    },
    {
      "file_path": "/media/NFS/ttao/scannet/posed_images/scene0334_02/00140.jpg",
      "transform_matrix": [
        [
          -0.848792,
          0.168197,
          -0.501261,
          4.009812
        ],
        [
          0.522705,
          0.409618,
          -0.747657,
          11.122671
        ],
        [
          0.079572,
          -0.896617,
          -0.435598,
          2.336576
        ],
        [
          0.0,
          0.0,
          0.0,
          1.0
        ]
      ]
    },
    {
      "file_path": "/media/NFS/ttao/scannet/posed_images/scene0334_02/00145.jpg",
      "transform_matrix": [
        [
          -0.854343,
          0.195974,
          -0.481344,
          3.879534
        ],
        [
          0.518282,
          0.38986,
          -0.761178,
          11.117308
        ],
        [
          0.038486,
          -0.899779,
          -0.434644,
          2.348617
        ],
        [
          0.0,
          0.0,
          0.0,
          1.0
        ]
      ]
    },
    {
      "file_path": "/media/NFS/ttao/scannet/posed_images/scene0334_02/00147.jpg",
      "transform_matrix": [
        [
          -0.864394,
          0.195955,
          -0.463059,
          3.82184
        ],
        [
          0.501848,
          0.393306,
          -0.770363,
          11.119571
        ],
        [
          0.031168,
          -0.898283,
          -0.438312,
          2.35209
        ],
        [
          0.0,
          0.0,
          0.0,
          1.0
        ]
      ]
    },
    {
      "file_path": "/media/NFS/ttao/scannet/posed_images/scene0334_02/00152.jpg",
      "transform_matrix": [
        [
          -0.882802,
          0.170953,
          -0.437534,
          3.70568
        ],
        [
          0.467567,
          0.409387,
          -0.783443,
          11.137069
        ],
        [
          0.045189,
          -0.896202,
          -0.441339,
          2.352621
        ],
        [
          0.0,
          0.0,
          0.0,
          1.0
        ]
      ]
    },
    {
      "file_path": "/media/NFS/ttao/scannet/posed_images/scene0334_02/00156.jpg",
      "transform_matrix": [
        [
          -0.895354,
          0.15809,
          -0.416351,
          3.608166
        ],
        [
          0.442185,
          0.426906,
          -0.788812,
          11.143599
        ],
        [
          0.05304,
          -0.89037,
          -0.452137,
          2.368744
        ],
        [
          0.0,
          0.0,
          0.0,
          1.0
        ]
      ]
    },
    {
      "file_path": "/media/NFS/ttao/scannet/posed_images/scene0334_02/00157.jpg",
      "transform_matrix": [
        [
          -0.898997,
          0.158,
          -0.40846,
          3.592264
        ],
        [
          0.435083,
          0.428818,
          -0.791718,
          11.142772
        ],
        [
          0.050064,
          -0.889467,
          -0.454249,
          2.373289
        ],
        [
          0.0,
          0.0,
          0.0,
          1.0
        ]
      ]
    },
    {
      "file_path": "/media/NFS/ttao/scannet/posed_images/scene0334_02/00162.jpg",
      "transform_matrix": [
        [
          -0.934952,
          0.127321,
          -0.33114,
          3.463541
        ],
        [
          0.352127,
          0.44684,
          -0.8224,
          11.122833
        ],
        [
          0.043258,
          -0.885507,
          -0.462607,
          2.395011
        ],
        [
          0.0,
          0.0,
          0.0,
          1.0
        ]
      ]
    },
    {
      "file_path": "/media/NFS/ttao/scannet/posed_images/scene0334_02/00167.jpg",
      "transform_matrix": [
        [
          -0.963508,
          0.06254,
          -0.260271,
          3.358486
        ],
        [
          0.259776,
          0.452993,
          -0.852827,
          11.08816
        ],
        [
          0.064565,
          -0.889318,
          -0.452709,
          2.399665
        ],
        [
          0.0,
          0.0,
          0.0,
          1.0
        ]
      ]
    },
    {
      "file_path": "/media/NFS/ttao/scannet/posed_images/scene0334_02/00170.jpg",
      "transform_matrix": [
        [
          -0.973034,
          0.025129,
          -0.229288,
          3.298321
        ],
        [
          0.215946,
          0.448599,
          -0.867252,
          11.061217
        ],
        [
          0.081066,
          -0.89338,
          -0.441929,
          2.401702
        ],
        [
          0.0,
          0.0,
          0.0,
          1.0
        ]
      ]
    },
    {
      "file_path": "/media/NFS/ttao/scannet/posed_images/scene0334_02/00174.jpg",
      "transform_matrix": [
        [
          -0.982154,
          -0.012731,
          -0.187649,
          3.193987
        ],
        [
          0.162326,
          0.44656,
          -0.879906,
          11.020075
        ],
        [
          0.094999,
          -0.894663,
          -0.436524,
          2.416049
        ],
        [
          0.0,
          0.0,
          0.0,
          1.0
        ]
      ]
    },
    {
      "file_path": "/media/NFS/ttao/scannet/posed_images/scene0334_02/00177.jpg",
      "transform_matrix": [
        [
          -0.983665,
          -0.012011,
          -0.179606,
          3.132987
        ],
        [
          0.154279,
          0.457803,
          -0.875565,
          10.997847
        ],
        [
          0.09274,
          -0.888972,
          -0.448472,
          2.429648
        ],
        [
          0.0,
          0.0,
          0.0,
          1.0
        ]
      ]
    },
    {
      "file_path": "/media/NFS/ttao/scannet/posed_images/scene0334_02/00181.jpg",
      "transform_matrix": [
        [
          -0.989891,
          -0.010085,
          -0.141474,
          3.041408
        ],
        [
          0.121396,
          0.455574,
          -0.881882,
          10.965388
        ],
        [
          0.073346,
          -0.890141,
          -0.449744,
          2.443676
        ],
        [
          0.0,
          0.0,
          0.0,
          1.0
        ]
      ]
    },
    {
      "file_path": "/media/NFS/ttao/scannet/posed_images/scene0334_02/00182.jpg",
      "transform_matrix": [
        [
          -0.991445,
          -0.013527,
          -0.129822,
          3.020348
        ],
        [
          0.109414,
          0.456192,
          -0.883129,
          10.959539
        ],
        [
          0.07117,
          -0.889778,
          -0.450809,
          2.445655
        ],
        [
          0.0,
          0.0,
          0.0,
          1.0
        ]
      ]
    },
    {
      "file_path": "/media/NFS/ttao/scannet/posed_images/scene0334_02/00188.jpg",
      "transform_matrix": [
        [
          -0.998277,
          -0.033871,
          -0.047915,
          2.879709
        ],
        [
          0.027364,
          0.45362,
          -0.890775,
          10.935976
        ],
        [
          0.051906,
          -0.890551,
          -0.451912,
          2.451267
        ],
        [
          0.0,
          0.0,
          0.0,
          1.0
        ]
      ]
    },
    {
      "file_path": "/media/NFS/ttao/scannet/posed_images/scene0334_02/00189.jpg",
      "transform_matrix": [
        [
          -0.998681,
          -0.038761,
          -0.033677,
          2.82737
        ],
        [
          0.011941,
          0.462577,
          -0.886499,
          10.928932
        ],
        [
          0.049939,
          -0.885732,
          -0.461504,
          2.45379
        ],
        [
          0.0,
          0.0,
          0.0,
          1.0
        ]
      ]
    },
    {
      "file_path": "/media/NFS/ttao/scannet/posed_images/scene0334_02/00195.jpg",
      "transform_matrix": [
        [
          -0.997539,
          -0.06265,
          -0.031475,
          2.696136
        ],
        [
          -0.003001,
          0.486676,
          -0.873577,
          10.901073
        ],
        [
          0.070048,
          -0.871333,
          -0.485666,
          2.465365
        ],
        [
          0.0,
          0.0,
          0.0,
          1.0
        ]
      ]
    },
    {
      "file_path": "/media/NFS/ttao/scannet/posed_images/scene0334_02/00198.jpg",
      "transform_matrix": [
        [
          -0.99782,
          -0.064389,
          0.014458,
          2.626205
        ],
        [
          -0.044773,
          0.499578,
          -0.865111,
          10.876795
        ],
        [
          0.048481,
          -0.863872,
          -0.501373,
          2.471425
        ],
        [
          0.0,
          0.0,
          0.0,
          1.0
        ]
      ]
    },
    {
      "file_path": "/media/NFS/ttao/scannet/posed_images/scene0334_02/00200.jpg",
      "transform_matrix": [
        [
          -0.99754,
          -0.063688,
          0.029292,
          2.594404
        ],
        [
          -0.057298,
          0.500022,
          -0.864115,
          10.865931
        ],
        [
          0.040387,
          -0.863668,
          -0.502441,
          2.471763
        ],
        [
          0.0,
          0.0,
          0.0,
          1.0
        ]
      ]
    },
    {
      "file_path": "/media/NFS/ttao/scannet/posed_images/scene0334_02/00206.jpg",
      "transform_matrix": [
        [
          -0.996801,
          -0.064792,
          0.046795,
          2.455673
        ],
        [
          -0.072449,
          0.485278,
          -0.871353,
          10.792499
        ],
        [
          0.033748,
          -0.871956,
          -0.48842,
          2.472784
        ],
        [
          0.0,
          0.0,
          0.0,
          1.0
        ]
      ]
    },
    {
      "file_path": "/media/NFS/ttao/scannet/posed_images/scene0334_02/00207.jpg",
      "transform_matrix": [
        [
          -0.996031,
          -0.074371,
          0.048904,
          2.43776
        ],
        [
          -0.078793,
          0.481131,
          -0.873101,
          10.782943
        ],
        [
          0.041404,
          -0.873489,
          -0.485081,
          2.471197
        ],
        [
          0.0,
          0.0,
          0.0,
          1.0
        ]
      ]
    },
    {
      "file_path": "/media/NFS/ttao/scannet/posed_images/scene0334_02/00210.jpg",
      "transform_matrix": [
        [
          -0.993529,
          -0.098947,
          0.055767,
          2.37851
        ],
        [
          -0.096988,
          0.483568,
          -0.869917,
          10.744164
        ],
        [
          0.059109,
          -0.869696,
          -0.490036,
          2.465659
        ],
        [
          0.0,
          0.0,
          0.0,
          1.0
        ]
      ]
    },
    {
      "file_path": "/media/NFS/ttao/scannet/posed_images/scene0334_02/00214.jpg",
      "transform_matrix": [
        [
          -0.986104,
          -0.123503,
          0.111113,
          2.302451
        ],
        [
          -0.157919,
          0.489188,
          -0.857762,
          10.694652
        ],
        [
          0.051581,
          -0.86339,
          -0.501894,
          2.481381
        ],
        [
          0.0,
          0.0,
          0.0,
          1.0
        ]
      ]
    },
    {
      "file_path": "/media/NFS/ttao/scannet/posed_images/scene0334_02/00218.jpg",
      "transform_matrix": [
        [
          -0.985834,
          -0.132879,
          0.102349,
          2.213248
        ],
        [
          -0.157084,
          0.517547,
          -0.841112,
          10.636259
        ],
        [
          0.058796,
          -0.845274,
          -0.531088,
          2.493409
        ],
        [
          0.0,
          0.0,
          0.0,
          1.0
        ]
      ]
    },
    {
      "file_path": "/media/NFS/ttao/scannet/posed_images/scene0334_02/00220.jpg",
      "transform_matrix": [
        [
          -0.985457,
          -0.125488,
          0.114578,
          2.172654
        ],
        [
          -0.163519,
          0.516864,
          -0.840306,
          10.616251
        ],
        [
          0.046227,
          -0.84682,
          -0.529866,
          2.496372
        ],
        [
          0.0,
          0.0,
          0.0,
          1.0
        ]
      ]
    },
    {
      "file_path": "/media/NFS/ttao/scannet/posed_images/scene0334_02/00226.jpg",
      "transform_matrix": [
        [
          -0.969525,
          -0.149927,
          0.19376,
          2.0435
        ],
        [
          -0.243462,
          0.501354,
          -0.830283,
          10.570517
        ],
        [
          0.027339,
          -0.852154,
          -0.522577,
          2.507627
        ],
        [
          0.0,
          0.0,
          0.0,
          1.0
        ]
      ]
    },
    {
      "file_path": "/media/NFS/ttao/scannet/posed_images/scene0334_02/00230.jpg",
      "transform_matrix": [
        [
          -0.959514,
          -0.171936,
          0.223095,
          1.943703
        ],
        [
          -0.280105,
          0.499333,
          -0.819883,
          10.536071
        ],
        [
          0.029569,
          -0.849179,
          -0.527277,
          2.517626
        ],
        [
          0.0,
          0.0,
          0.0,
          1.0
        ]
      ]
    },
    {
      "file_path": "/media/NFS/ttao/scannet/posed_images/scene0334_02/00232.jpg",
      "transform_matrix": [
        [
          -0.95664,
          -0.182433,
          0.227063,
          1.882683
        ],
        [
          -0.289098,
          0.499632,
          -0.816572,
          10.509909
        ],
        [
          0.035522,
          -0.846809,
          -0.530709,
          2.529572
        ],
        [
          0.0,
          0.0,
          0.0,
          1.0
        ]
      ]
    },
    {
      "file_path": "/media/NFS/ttao/scannet/posed_images/scene0334_02/00235.jpg",
      "transform_matrix": [
        [
          -0.942816,
          -0.196065,
          0.269549,
          1.830842
        ],
        [
          -0.332538,
          0.498167,
          -0.800779,
          10.474187
        ],
        [
          0.022724,
          -0.844623,
          -0.534879,
          2.541369
        ],
        [
          0.0,
          0.0,
          0.0,
          1.0
        ]
      ]
    },
    {
      "file_path": "/media/NFS/ttao/scannet/posed_images/scene0334_02/00238.jpg",
      "transform_matrix": [
        [
          -0.936844,
          -0.216785,
          0.27446,
          1.833363
        ],
        [
          -0.347485,
          0.487787,
          -0.800824,
          10.469939
        ],
        [
          0.039729,
          -0.845617,
          -0.53231,
          2.542807
        ],
        [
          0.0,
          0.0,
          0.0,
          1.0
        ]
      ]
    },
    {
      "file_path": "/media/NFS/ttao/scannet/posed_images/scene0334_02/00243.jpg",
      "transform_matrix": [
        [
          -0.921329,
          -0.238501,
          0.307035,
          1.756704
        ],
        [
          -0.386058,
          0.46786,
          -0.795026,
          10.37599
        ],
        [
          0.045965,
          -0.851014,
          -0.523128,
          2.547234
        ],
        [
          0.0,
          0.0,
          0.0,
          1.0
        ]
      ]
    },
    {
      "file_path": "/media/NFS/ttao/scannet/posed_images/scene0334_02/00248.jpg",
      "transform_matrix": [
        [
          -0.915624,
          -0.258876,
          0.307598,
          1.696238
        ],
        [
          -0.394428,
          0.43028,
          -0.811964,
          10.270304
        ],
        [
          0.077845,
          -0.864779,
          -0.496082,
          2.543412
        ],
        [
          0.0,
          0.0,
          0.0,
          1.0
        ]
      ]
    },
    {
      "file_path": "/media/NFS/ttao/scannet/posed_images/scene0334_02/00249.jpg",
      "transform_matrix": [
        [
          -0.914795,
          -0.266109,
          0.30387,
          1.686653
        ],
        [
          -0.395024,
          0.432394,
          -0.81055,
          10.248638
        ],
        [
          0.084303,
          -0.861523,
          -0.500671,
          2.54233
        ],
        [
          0.0,
          0.0,
          0.0,
          1.0
        ]
      ]
    },
    {
      "file_path": "/media/NFS/ttao/scannet/posed_images/scene0334_02/00255.jpg",
      "transform_matrix": [
        [
          -0.90628,
          -0.296325,
          0.301411,
          1.622979
        ],
        [
          -0.407219,
          0.421022,
          -0.810502,
          10.11904
        ],
        [
          0.113271,
          -0.857282,
          -0.502233,
          2.561773
        ],
        [
          0.0,
          0.0,
          0.0,
          1.0
        ]
      ]
    },
    {
      "file_path": "/media/NFS/ttao/scannet/posed_images/scene0334_02/00258.jpg",
      "transform_matrix": [
        [
          -0.895477,
          -0.286712,
          0.340466,
          1.578528
        ],
        [
          -0.435005,
          0.401673,
          -0.805872,
          10.03331
        ],
        [
          0.094297,
          -0.869744,
          -0.48441,
          2.581048
        ],
        [
          0.0,
          0.0,
          0.0,
          1.0
        ]
      ]
    },
    {
      "file_path": "/media/NFS/ttao/scannet/posed_images/scene0334_02/00261.jpg",
      "transform_matrix": [
        [
          -0.883247,
          -0.282577,
          0.374199,
          1.543716
        ],
        [
          -0.462654,
          0.395267,
          -0.793546,
          9.963525
        ],
        [
          0.076329,
          -0.874022,
          -0.479854,
          2.581288
        ],
        [
          0.0,
          0.0,
          0.0,
          1.0
        ]
      ]
    },
    {
      "file_path": "/media/NFS/ttao/scannet/posed_images/scene0334_02/00262.jpg",
      "transform_matrix": [
        [
          -0.877535,
          -0.286057,
          0.384843,
          1.533651
        ],
        [
          -0.473652,
          0.392007,
          -0.78866,
          9.94861
        ],
        [
          0.074741,
          -0.874358,
          -0.479491,
          2.579248
        ],
        [
          0.0,
          0.0,
          0.0,
          1.0
        ]
      ]
    },
    {
      "file_path": "/media/NFS/ttao/scannet/posed_images/scene0334_02/00267.jpg",
      "transform_matrix": [
        [
          -0.850693,
          -0.313126,
          0.422224,
          1.468694
        ],
        [
          -0.521148,
          0.397347,
          -0.755328,
          9.837572
        ],
        [
          0.068743,
          -0.862594,
          -0.501205,
          2.575288
        ],
        [
          0.0,
          0.0,
          0.0,
          1.0
        ]
      ]
    },
    {
      "file_path": "/media/NFS/ttao/scannet/posed_images/scene0334_02/00271.jpg",
      "transform_matrix": [
        [
          -0.832484,
          -0.333801,
          0.442207,
          1.42437
        ],
        [
          -0.549648,
          0.39717,
          -0.734944,
          9.73019
        ],
        [
