{
  "frames": [
    {
      "file_path": "/media/NFS/ttao/scannet/posed_images/scene0409_01/00002.jpg",
      "transform_matrix": [
        [
          0.956428,
          -0.08403,
          0.279614,
          4.312389
        ],
        [
          -0.2911,
          -0.200643,
          0.935416,
          2.628703
        ],
        [
          -0.0225,
          -0.976054,
          -0.216362,
          1.390413
        ],
        [
          0.0,
          0.0,
          0.0,
          1.0
        ]
      ]
    },
    {
      "file_path": "/media/NFS/ttao/scannet/posed_images/scene0409_01/00004.jpg",
      "transform_matrix": [
        [
          0.954901,
          -0.092797,
          0.28205,
          4.311916
        ],
        [
          -0.295389,
          -0.200455,
          0.934111,
          2.633518
        ],
        [
          -0.030145,
          -0.975298,
          -0.218827,
          1.393295
        ],
        [
          0.0,
          0.0,
          0.0,
          1.0
        ]
      ]
    },
    {
      "file_path": "/media/NFS/ttao/scannet/posed_images/scene0409_01/00010.jpg",
      "transform_matrix": [
        [
          0.963068,
          -0.084549,
          0.255639,
          4.317574
        ],
        [
          -0.266044,
          -0.152533,
          0.951816,
          2.632504
        ],
        [
          -0.041482,
          -0.984675,
          -0.169393,
          1.391148
        ],
        [
          0.0,
          0.0,
          0.0,
          1.0
        ]
      ]
    },
    {
      "file_path": "/media/NFS/ttao/scannet/posed_images/scene0409_01/00014.jpg",
      "transform_matrix": [
        [
          0.96556,
          -0.067208,
          0.25135,
          4.312662
        ],
        [
          -0.257923,
          -0.120275,
          0.95865,
          2.633333
        ],
        [
          -0.034198,
          -0.990463,
          -0.133467,
          1.403625
        ],
        [
          0.0,
          0.0,
          0.0,
          1.0
        ]
      ]
    },
    {
      "file_path": "/media/NFS/ttao/scannet/posed_images/scene0409_01/00016.jpg",
      "transform_matrix": [
        [
          0.967019,
          -0.056927,
          0.248261,
          4.30938
        ],
        [
          -0.253151,
          -0.107349,
          0.961452,
          2.634333
        ],
        [
          -0.028082,
          -0.99259,
          -0.11822,
          1.410169
        ],
        [
          0.0,
          0.0,
          0.0,
          1.0
        ]
      ]
    },
    {
      "file_path": "/media/NFS/ttao/scannet/posed_images/scene0409_01/00022.jpg",
      "transform_matrix": [
        [
          0.970861,
          -0.028074,
          0.237994,
          4.289939
        ],
        [
          -0.239356,
          -0.064872,
          0.968762,
          2.64091
        ],
        [
          -0.011758,
          -0.997499,
          -0.069701,
          1.431627
        ],
        [
          0.0,
          0.0,
          0.0,
          1.0
        ]
      ]
    },
    {
      "file_path": "/media/NFS/ttao/scannet/posed_images/scene0409_01/00024.jpg",
      "transform_matrix": [
        [
          0.972209,
          -0.019214,
          0.233324,
          4.286423
        ],
        [
          -0.234016,
          -0.050948,
          0.970897,
          2.638781
        ],
        [
          -0.006768,
          -0.998516,
          -0.054028,
          1.436768
        ],
        [
          0.0,
          0.0,
          0.0,
          1.0
        ]
      ]
    },
    {
      "file_path": "/media/NFS/ttao/scannet/posed_images/scene0409_01/00031.jpg",
      "transform_matrix": [
        [
          0.979405,
          -0.005908,
          0.201819,
          4.290389
        ],
        [
          -0.201702,
          0.016242,
          0.979312,
          2.62485
        ],
        [
          -0.009064,
          -0.99985,
          0.014716,
          1.464992
        ],
        [
          0.0,
          0.0,
          0.0,
          1.0
        ]
      ]
    },
    {
      "file_path": "/media/NFS/ttao/scannet/posed_images/scene0409_01/00035.jpg",
      "transform_matrix": [
        [
          0.98312,
          -0.009048,
          0.182738,
          4.293257
        ],
        [
          -0.181956,
          0.056222,
          0.981698,
          2.618183
        ],
        [
          -0.019157,
          -0.998377,
          0.053627,
          1.470652
        ],
        [
          0.0,
          0.0,
          0.0,
          1.0
        ]
      ]
    },
    {
      "file_path": "/media/NFS/ttao/scannet/posed_images/scene0409_01/00036.jpg",
      "transform_matrix": [
        [
          0.984244,
          -0.012127,
          0.176399,
          4.296731
        ],
        [
          -0.175364,
          0.060637,
          0.982634,
          2.616328
        ],
        [
          -0.022613,
          -0.998086,
          0.057555,
          1.472023
        ],
        [
          0.0,
          0.0,
          0.0,
          1.0
        ]
      ]
    },
    {
      "file_path": "/media/NFS/ttao/scannet/posed_images/scene0409_01/00042.jpg",
      "transform_matrix": [
        [
          0.990626,
          -0.007922,
          0.136369,
          4.309468
        ],
        [
          -0.134533,
          0.116409,
          0.984048,
          2.605472
        ],
        [
          -0.02367,
          -0.99317,
          0.114252,
          1.452963
        ],
        [
          0.0,
          0.0,
          0.0,
          1.0
        ]
      ]
    },
    {
      "file_path": "/media/NFS/ttao/scannet/posed_images/scene0409_01/00045.jpg",
      "transform_matrix": [
        [
          0.993995,
          -0.007387,
          0.109179,
          4.317841
        ],
        [
          -0.107749,
          0.10807,
          0.988287,
          2.604479
        ],
        [
          -0.019099,
          -0.994116,
          0.106626,
          1.448241
        ],
        [
          0.0,
          0.0,
          0.0,
          1.0
        ]
      ]
    },
    {
      "file_path": "/media/NFS/ttao/scannet/posed_images/scene0409_01/00052.jpg",
      "transform_matrix": [
        [
          0.997722,
          -0.019031,
          0.064721,
          4.32058
        ],
        [
          -0.064866,
          -0.007087,
          0.997869,
          2.616733
        ],
        [
          -0.018532,
          -0.999794,
          -0.008305,
          1.425595
        ],
        [
          0.0,
          0.0,
          0.0,
          1.0
        ]
      ]
    },
    {
      "file_path": "/media/NFS/ttao/scannet/posed_images/scene0409_01/00056.jpg",
      "transform_matrix": [
        [
          0.998808,
          -0.019803,
          0.044607,
          4.330122
        ],
        [
          -0.046072,
          -0.081004,
          0.995648,
          2.628765
        ],
        [
          -0.016104,
          -0.996517,
          -0.08182,
          1.413253
        ],
        [
          0.0,
          0.0,
          0.0,
          1.0
        ]
      ]
    },
    {
      "file_path": "/media/NFS/ttao/scannet/posed_images/scene0409_01/00060.jpg",
      "transform_matrix": [
        [
          0.998984,
          -0.02183,
          0.039435,
          4.329598
        ],
        [
          -0.042383,
          -0.157196,
          0.986658,
          2.641217
        ],
        [
          -0.01534,
          -0.987326,
          -0.157961,
          1.413642
        ],
        [
          0.0,
          0.0,
          0.0,
          1.0
        ]
      ]
    },
    {
      "file_path": "/media/NFS/ttao/scannet/posed_images/scene0409_01/00061.jpg",
      "transform_matrix": [
        [
          0.999129,
          -0.024062,
          0.034101,
          4.337954
        ],
        [
          -0.037785,
          -0.174485,
          0.983935,
          2.644564
        ],
        [
          -0.017725,
          -0.984366,
          -0.175242,
          1.410629
        ],
        [
          0.0,
          0.0,
          0.0,
          1.0
        ]
      ]
    },
    {
      "file_path": "/media/NFS/ttao/scannet/posed_images/scene0409_01/00066.jpg",
      "transform_matrix": [
        [
          0.999567,
          -0.021487,
          0.020109,
          4.342626
        ],
        [
          -0.024627,
          -0.236614,
          0.971292,
          2.661693
        ],
        [
          -0.016112,
          -0.971366,
          -0.237041,
          1.384333
        ],
        [
          0.0,
          0.0,
          0.0,
          1.0
        ]
      ]
    },
    {
      "file_path": "/media/NFS/ttao/scannet/posed_images/scene0409_01/00072.jpg",
      "transform_matrix": [
        [
          0.998814,
          -0.015244,
          -0.046231,
          4.33471
        ],
        [
          0.040018,
          -0.283598,
          0.958108,
          2.679118
        ],
        [
          -0.027716,
          -0.958822,
          -0.282651,
          1.352918
        ],
        [
          0.0,
          0.0,
          0.0,
          1.0
        ]
      ]
    },
    {
      "file_path": "/media/NFS/ttao/scannet/posed_images/scene0409_01/00073.jpg",
      "transform_matrix": [
        [
          0.998158,
          -0.012108,
          -0.059445,
          4.334075
        ],
        [
          0.053558,
          -0.284312,
          0.957235,
          2.68304
        ],
        [
          -0.028491,
          -0.958655,
          -0.28314,
          1.350165
        ],
        [
          0.0,
          0.0,
          0.0,
          1.0
        ]
      ]
    },
    {
      "file_path": "/media/NFS/ttao/scannet/posed_images/scene0409_01/00081.jpg",
      "transform_matrix": [
        [
          0.986859,
          0.032146,
          -0.158357,
          4.287586
        ],
        [
          0.160468,
          -0.310069,
          0.937074,
          2.721332
        ],
        [
          -0.018978,
          -0.95017,
          -0.311152,
          1.334937
        ],
        [
          0.0,
          0.0,
          0.0,
          1.0
        ]
      ]
    },
    {
      "file_path": "/media/NFS/ttao/scannet/posed_images/scene0409_01/00083.jpg",
      "transform_matrix": [
        [
          0.984518,
          0.050753,
          -0.167777,
          4.265071
        ],
        [
          0.175229,
          -0.309199,
          0.934714,
          2.735024
        ],
        [
          -0.004438,
          -0.949642,
          -0.313305,
          1.333976
        ],
        [
          0.0,
          0.0,
          0.0,
          1.0
        ]
      ]
    },
    {
      "file_path": "/media/NFS/ttao/scannet/posed_images/scene0409_01/00086.jpg",
      "transform_matrix": [
        [
          0.982971,
          0.076219,
          -0.167208,
          4.22488
        ],
        [
          0.182781,
          -0.311738,
          0.932422,
          2.756021
        ],
        [
          0.018943,
          -0.947106,
          -0.320361,
          1.339716
        ],
        [
          0.0,
          0.0,
          0.0,
          1.0
        ]
      ]
    },
    {
      "file_path": "/media/NFS/ttao/scannet/posed_images/scene0409_01/00093.jpg",
      "transform_matrix": [
        [
          0.966703,
          0.092222,
          -0.238704,
          4.151631
        ],
        [
          0.255074,
          -0.272422,
          0.927752,
          2.806981
        ],
        [
          0.020531,
          -0.957748,
          -0.286875,
          1.361664
        ],
        [
          0.0,
          0.0,
          0.0,
          1.0
        ]
      ]
    },
    {
      "file_path": "/media/NFS/ttao/scannet/posed_images/scene0409_01/00095.jpg",
      "transform_matrix": [
        [
          0.962227,
          0.100782,
          -0.252905,
          4.128671
        ],
        [
          0.271166,
          -0.272106,
          0.92327,
          2.822833
        ],
        [
          0.024232,
          -0.956975,
          -0.289156,
          1.358137
        ],
        [
          0.0,
          0.0,
          0.0,
          1.0
        ]
      ]
    },
    {
      "file_path": "/media/NFS/ttao/scannet/posed_images/scene0409_01/00100.jpg",
      "transform_matrix": [
        [
          0.937095,
          0.162955,
          -0.308705,
          4.057626
        ],
        [
          0.344278,
          -0.285339,
          0.894458,
          2.891572
        ],
        [
          0.057671,
          -0.944472,
          -0.323491,
          1.33862
        ],
        [
          0.0,
          0.0,
          0.0,
          1.0
        ]
      ]
    },
    {
      "file_path": "/media/NFS/ttao/scannet/posed_images/scene0409_01/00104.jpg",
      "transform_matrix": [
        [
          0.935444,
          0.185765,
          -0.300726,
          4.019073
        ],
        [
          0.346474,
          -0.31338,
          0.884166,
          2.945737
        ],
        [
          0.070005,
          -0.931281,
          -0.357512,
          1.327237
        ],
        [
          0.0,
          0.0,
          0.0,
          1.0
        ]
      ]
    },
    {
      "file_path": "/media/NFS/ttao/scannet/posed_images/scene0409_01/00109.jpg",
      "transform_matrix": [
        [
          0.932487,
          0.193461,
          -0.305025,
          3.968903
        ],
        [
          0.355197,
          -0.337787,
          0.871627,
          3.022706
        ],
        [
          0.065592,
          -0.921126,
          -0.383699,
          1.32634
        ],
        [
          0.0,
          0.0,
          0.0,
          1.0
        ]
      ]
    },
    {
      "file_path": "/media/NFS/ttao/scannet/posed_images/scene0409_01/00113.jpg",
      "transform_matrix": [
        [
          0.927813,
          0.172894,
          -0.330562,
          3.941368
        ],
        [
          0.36988,
          -0.31116,
          0.875425,
          3.074123
        ],
        [
          0.048498,
          -0.934498,
          -0.352648,
          1.322376
        ],
        [
          0.0,
          0.0,
          0.0,
          1.0
        ]
      ]
    },
    {
      "file_path": "/media/NFS/ttao/scannet/posed_images/scene0409_01/00117.jpg",
      "transform_matrix": [
        [
          0.925294,
          0.187534,
          -0.329639,
          3.902272
        ],
        [
          0.375598,
          -0.332798,
          0.864969,
          3.130624
        ],
        [
          0.052507,
          -0.924162,
          -0.378374,
          1.328078
        ],
        [
          0.0,
          0.0,
          0.0,
          1.0
        ]
      ]
    },
    {
      "file_path": "/media/NFS/ttao/scannet/posed_images/scene0409_01/00119.jpg",
      "transform_matrix": [
        [
          0.926474,
          0.192605,
          -0.323342,
          3.880897
        ],
        [
          0.372739,
          -0.350688,
          0.859118,
          3.150239
        ],
        [
          0.052078,
          -0.916472,
          -0.396694,
          1.319334
        ],
        [
          0.0,
          0.0,
          0.0,
          1.0
        ]
      ]
    },
    {
      "file_path": "/media/NFS/ttao/scannet/posed_images/scene0409_01/00124.jpg",
      "transform_matrix": [
        [
          0.915043,
          0.200031,
          -0.350263,
          3.836134
        ],
        [
          0.401926,
          -0.379097,
          0.833511,
          3.207507
        ],
        [
          0.033945,
          -0.903478,
          -0.427288,
          1.324304
        ],
        [
          0.0,
          0.0,
          0.0,
          1.0
        ]
      ]
    },
    {
      "file_path": "/media/NFS/ttao/scannet/posed_images/scene0409_01/00128.jpg",
      "transform_matrix": [
        [
          0.922624,
          0.200683,
          -0.329381,
          3.782518
        ],
        [
          0.382006,
          -0.357519,
          0.852204,
          3.249567
        ],
        [
          0.053262,
          -0.912089,
          -0.406518,
          1.31662
        ],
        [
          0.0,
          0.0,
          0.0,
          1.0
        ]
      ]
    },
    {
      "file_path": "/media/NFS/ttao/scannet/posed_images/scene0409_01/00132.jpg",
      "transform_matrix": [
        [
          0.948595,
          0.156475,
          -0.275103,
          3.726255
        ],
        [
          0.314025,
          -0.357042,
          0.879721,
          3.302906
        ],
        [
          0.039431,
          -0.920889,
          -0.387826,
          1.331471
        ],
        [
          0.0,
          0.0,
          0.0,
          1.0
        ]
      ]
    },
    {
      "file_path": "/media/NFS/ttao/scannet/posed_images/scene0409_01/00137.jpg",
      "transform_matrix": [
        [
          0.954421,
          0.097194,
          -0.282194,
          3.667916
        ],
        [
          0.298459,
          -0.315664,
          0.90071,
          3.363988
        ],
        [
          -0.001535,
          -0.94388,
          -0.330284,
          1.341906
        ],
        [
          0.0,
          0.0,
          0.0,
          1.0
        ]
      ]
    },
    {
      "file_path": "/media/NFS/ttao/scannet/posed_images/scene0409_01/00143.jpg",
      "transform_matrix": [
        [
          0.949809,
          0.082155,
          -0.30185,
          3.625142
        ],
        [
          0.312682,
          -0.279037,
          0.907947,
          3.430091
        ],
        [
          -0.009635,
          -0.956759,
          -0.290721,
          1.369064
        ],
        [
          0.0,
          0.0,
          0.0,
          1.0
        ]
      ]
    },
    {
      "file_path": "/media/NFS/ttao/scannet/posed_images/scene0409_01/00144.jpg",
      "transform_matrix": [
        [
          0.949839,
          0.084576,
          -0.301085,
          3.621187
        ],
        [
          0.31268,
          -0.275427,
          0.909049,
          3.440105
        ],
        [
          -0.006044,
          -0.957594,
          -0.288057,
          1.377416
        ],
        [
          0.0,
          0.0,
          0.0,
          1.0
        ]
      ]
    },
    {
      "file_path": "/media/NFS/ttao/scannet/posed_images/scene0409_01/00152.jpg",
      "transform_matrix": [
        [
          0.919591,
          0.061967,
          -0.387959,
          3.641118
        ],
        [
          0.391966,
          -0.211902,
          0.895243,
          3.495045
        ],
        [
          -0.026734,
          -0.975324,
          -0.219153,
          1.45013
        ],
        [
          0.0,
          0.0,
          0.0,
          1.0
        ]
      ]
    },
    {
      "file_path": "/media/NFS/ttao/scannet/posed_images/scene0409_01/00156.jpg",
      "transform_matrix": [
        [
          0.883864,
          0.035022,
          -0.466431,
          3.672719
        ],
        [
          0.465155,
          -0.170587,
          0.868637,
          3.50568
        ],
        [
          -0.049146,
          -0.98472,
          -0.167067,
          1.467181
        ],
        [
          0.0,
          0.0,
          0.0,
          1.0
        ]
      ]
    },
    {
      "file_path": "/media/NFS/ttao/scannet/posed_images/scene0409_01/00157.jpg",
      "transform_matrix": [
        [
          0.878743,
          0.034914,
          -0.476016,
          3.676564
        ],
        [
          0.474536,
          -0.170978,
          0.863471,
          3.508817
        ],
        [
          -0.051241,
          -0.984656,
          -0.166814,
          1.471314
        ],
        [
          0.0,
          0.0,
          0.0,
          1.0
        ]
      ]
    },
    {
      "file_path": "/media/NFS/ttao/scannet/posed_images/scene0409_01/00162.jpg",
      "transform_matrix": [
        [
          0.858087,
          0.046743,
          -0.511373,
          3.695299
        ],
        [
          0.51199,
          -0.154297,
          0.845019,
          3.513304
        ],
        [
          -0.039405,
          -0.986918,
          -0.156332,
          1.47821
        ],
        [
          0.0,
          0.0,
          0.0,
          1.0
        ]
      ]
    },
    {
      "file_path": "/media/NFS/ttao/scannet/posed_images/scene0409_01/00168.jpg",
      "transform_matrix": [
        [
          0.798497,
          0.064458,
          -0.598538,
          3.744736
        ],
        [
          0.601608,
          -0.121257,
          0.789534,
          3.535164
        ],
        [
          -0.021685,
          -0.990526,
          -0.135602,
          1.493227
        ],
        [
          0.0,
          0.0,
          0.0,
          1.0
        ]
      ]
    },
    {
      "file_path": "/media/NFS/ttao/scannet/posed_images/scene0409_01/00172.jpg",
      "transform_matrix": [
        [
          0.771181,
          0.055193,
          -0.634219,
          3.781805
        ],
        [
          0.636385,
          -0.093653,
          0.765665,
          3.546814
        ],
        [
          -0.017137,
          -0.994074,
          -0.107348,
          1.510114
        ],
        [
          0.0,
          0.0,
          0.0,
          1.0
        ]
      ]
    },
    {
      "file_path": "/media/NFS/ttao/scannet/posed_images/scene0409_01/00174.jpg",
      "transform_matrix": [
        [
          0.758792,
          0.054009,
          -0.64909,
          3.793635
        ],
        [
          0.650837,
          -0.101756,
          0.752367,
          3.556524
        ],
        [
          -0.025414,
          -0.993342,
          -0.112363,
          1.521998
        ],
        [
          0.0,
          0.0,
          0.0,
          1.0
        ]
      ]
    },
    {
      "file_path": "/media/NFS/ttao/scannet/posed_images/scene0409_01/00180.jpg",
      "transform_matrix": [
        [
          0.675262,
          0.029427,
          -0.73699,
          3.847637
        ],
        [
          0.737454,
          -0.045248,
          0.67388,
          3.588565
        ],
        [
          -0.013517,
          -0.998542,
          -0.052256,
          1.518036
        ],
        [
          0.0,
          0.0,
          0.0,
          1.0
        ]
      ]
    },
    {
      "file_path": "/media/NFS/ttao/scannet/posed_images/scene0409_01/00183.jpg",
      "transform_matrix": [
        [
          0.645438,
          0.028908,
          -0.763265,
          3.86439
        ],
        [
          0.763791,
          -0.031826,
          0.644678,
          3.603776
        ],
        [
          -0.005655,
          -0.999075,
          -0.042621,
          1.522984
        ],
        [
          0.0,
          0.0,
          0.0,
          1.0
        ]
      ]
    },
    {
      "file_path": "/media/NFS/ttao/scannet/posed_images/scene0409_01/00185.jpg",
      "transform_matrix": [
        [
          0.61913,
          0.033791,
          -0.784561,
          3.875693
        ],
        [
          0.785275,
          -0.032486,
          0.618294,
          3.620124
        ],
        [
          -0.004595,
          -0.998901,
          -0.046649,
          1.526639
        ],
        [
          0.0,
          0.0,
          0.0,
          1.0
        ]
      ]
    },
    {
      "file_path": "/media/NFS/ttao/scannet/posed_images/scene0409_01/00190.jpg",
      "transform_matrix": [
        [
          0.538811,
          0.03863,
          -0.841541,
          3.891196
        ],
        [
          0.842409,
          -0.031092,
          0.53794,
          3.635576
        ],
        [
          -0.005385,
          -0.99877,
          -0.049295,
          1.52971
        ],
        [
          0.0,
          0.0,
          0.0,
          1.0
        ]
      ]
    },
    {
      "file_path": "/media/NFS/ttao/scannet/posed_images/scene0409_01/00194.jpg",
      "transform_matrix": [
        [
          0.469213,
          0.073475,
          -0.880023,
          3.904077
        ],
        [
          0.883048,
          -0.048201,
          0.466801,
          3.688284
        ],
        [
          -0.00812,
          -0.996131,
          -0.087498,
          1.526834
        ],
        [
          0.0,
          0.0,
          0.0,
          1.0
        ]
      ]
    },
    {
      "file_path": "/media/NFS/ttao/scannet/posed_images/scene0409_01/00198.jpg",
      "transform_matrix": [
        [
          0.39561,
          0.070022,
          -0.915745,
          3.905077
        ],
        [
          0.918414,
          -0.033315,
          0.394215,
          3.747034
        ],
        [
          -0.002905,
          -0.996989,
          -0.077489,
          1.532455
        ],
        [
          0.0,
          0.0,
          0.0,
          1.0
        ]
      ]
    },
    {
      "file_path": "/media/NFS/ttao/scannet/posed_images/scene0409_01/00203.jpg",
      "transform_matrix": [
        [
          0.366498,
          0.064995,
          -0.928146,
          3.870875
        ],
        [
          0.930361,
          -0.014457,
          0.36636,
          3.782222
        ],
        [
          0.010393,
          -0.997781,
          -0.065767,
          1.54323
        ],
        [
          0.0,
          0.0,
          0.0,
          1.0
        ]
      ]
    },
    {
      "file_path": "/media/NFS/ttao/scannet/posed_images/scene0409_01/00209.jpg",
      "transform_matrix": [
        [
          0.378705,
          0.058092,
          -0.923692,
          3.820182
        ],
        [
          0.924473,
          0.02365,
          0.380513,
          3.829133
        ],
        [
          0.04395,
          -0.998031,
          -0.044748,
          1.544745
        ],
        [
          0.0,
          0.0,
          0.0,
          1.0
        ]
      ]
    },
    {
      "file_path": "/media/NFS/ttao/scannet/posed_images/scene0409_01/00210.jpg",
      "transform_matrix": [
        [
          0.379595,
          0.059174,
          -0.923258,
          3.806915
        ],
        [
          0.924015,
          0.025232,
          0.381523,
          3.83231
        ],
        [
          0.045872,
          -0.997929,
          -0.0451,
          1.550981
        ],
        [
          0.0,
          0.0,
          0.0,
          1.0
        ]
      ]
    },
    {
      "file_path": "/media/NFS/ttao/scannet/posed_images/scene0409_01/00216.jpg",
      "transform_matrix": [
        [
          0.35522,
          0.036688,
          -0.934063,
          3.745659
        ],
        [
          0.933165,
          0.044844,
          0.35664,
          3.891167
        ],
        [
          0.054972,
          -0.99832,
          -0.018306,
          1.560313
        ],
        [
          0.0,
          0.0,
          0.0,
          1.0
        ]
      ]
    },
    {
      "file_path": "/media/NFS/ttao/scannet/posed_images/scene0409_01/00221.jpg",
      "transform_matrix": [
        [
          0.35723,
          0.066627,
          -0.931637,
          3.692754
        ],
        [
          0.931496,
          0.047818,
          0.360595,
          3.93225
        ],
        [
          0.068574,
          -0.996631,
          -0.044981,
          1.55214
        ],
        [
          0.0,
          0.0,
          0.0,
          1.0
        ]
      ]
    },
    {
      "file_path": "/media/NFS/ttao/scannet/posed_images/scene0409_01/00223.jpg",
      "transform_matrix": [
        [
          0.35535,
          0.078083,
          -0.931466,
          3.663304
        ],
        [
          0.933317,
          0.025203,
          0.358169,
          3.956316
        ],
        [
          0.051443,
          -0.996628,
          -0.06392,
          1.540655
        ],
        [
          0.0,
          0.0,
          0.0,
          1.0
        ]
      ]
    },
    {
      "file_path": "/media/NFS/ttao/scannet/posed_images/scene0409_01/00230.jpg",
      "transform_matrix": [
        [
          0.345823,
          0.161649,
          -0.924271,
          3.617868
        ],
        [
          0.937739,
          -0.025478,
          0.346406,
          4.026422
        ],
        [
          0.032448,
          -0.986519,
          -0.160395,
          1.509045
        ],
        [
          0.0,
          0.0,
          0.0,
          1.0
        ]
      ]
    },
    {
      "file_path": "/media/NFS/ttao/scannet/posed_images/scene0409_01/00233.jpg",
      "transform_matrix": [
        [
          0.311408,
          0.176511,
          -0.933739,
          3.612531
        ],
        [
          0.949811,
          -0.027078,
          0.31165,
          4.070698
        ],
        [
          0.029726,
          -0.983926,
          -0.176085,
          1.487294
        ],
        [
          0.0,
          0.0,
          0.0,
          1.0
        ]
      ]
    },
    {
      "file_path": "/media/NFS/ttao/scannet/posed_images/scene0409_01/00238.jpg",
      "transform_matrix": [
        [
          0.217039,
          0.180817,
          -0.95927,
          3.606427
        ],
        [
          0.975889,
          -0.016915,
          0.217611,
          4.142594
        ],
        [
          0.023122,
          -0.983371,
          -0.180129,
          1.450702
        ],
        [
          0.0,
          0.0,
          0.0,
          1.0
        ]
      ]
    },
    {
      "file_path": "/media/NFS/ttao/scannet/posed_images/scene0409_01/00243.jpg",
      "transform_matrix": [
        [
          0.152282,
          0.21797,
          -0.964002,
          3.573483
        ],
        [
          0.987788,
          -0.001065,
          0.155799,
          4.147076
        ],
        [
          0.032933,
          -0.975955,
          -0.21547,
          1.432554
        ],
        [
          0.0,
          0.0,
          0.0,
          1.0
        ]
      ]
    },
    {
      "file_path": "/media/NFS/ttao/scannet/posed_images/scene0409_01/00244.jpg",
      "transform_matrix": [
        [
          0.137301,
          0.217802,
          -0.966287,
          3.5669
        ],
        [
          0.990102,
          -0.001536,
          0.140339,
          4.149795
        ],
        [
          0.029082,
          -0.975992,
          -0.215858,
          1.429602
        ],
        [
          0.0,
          0.0,
          0.0,
          1.0
        ]
      ]
    },
    {
      "file_path": "/media/NFS/ttao/scannet/posed_images/scene0409_01/00249.jpg",
      "transform_matrix": [
        [
          0.057622,
          0.222857,
          -0.973147,
          3.531178
        ],
        [
          0.998332,
          -0.009257,
          0.056993,
          4.191492
        ],
        [
          0.003692,
          -0.974807,
          -0.223019,
          1.415766
        ],
        [
          0.0,
          0.0,
          0.0,
          1.0
        ]
      ]
    },
    {
      "file_path": "/media/NFS/ttao/scannet/posed_images/scene0409_01/00253.jpg",
      "transform_matrix": [
        [
          0.004223,
          0.198071,
          -0.980179,
          3.4788
        ],
        [
          0.99999,
          -0.001922,
          0.00392,
          4.160038
        ],
        [
          -0.001107,
          -0.980186,
          -0.198077,
          1.386823
        ],
        [
          0.0,
          0.0,
          0.0,
          1.0
        ]
      ]
    },
    {
      "file_path": "/media/NFS/ttao/scannet/posed_images/scene0409_01/00259.jpg",
      "transform_matrix": [
        [
          -0.070406,
          0.2254,
          -0.971719,
          3.373381
        ],
        [
          0.997254,
          0.038321,
          -0.063367,
          4.162518
        ],
        [
          0.022954,
          -0.973512,
          -0.227479,
          1.379423
        ],
        [
          0.0,
          0.0,
          0.0,
          1.0
        ]
      ]
    },
    {
      "file_path": "/media/NFS/ttao/scannet/posed_images/scene0409_01/00262.jpg",
      "transform_matrix": [
        [
          -0.107478,
          0.228924,
          -0.967493,
          3.326404
        ],
        [
          0.993572,
          0.059512,
          -0.096294,
          4.134609
        ],
        [
          0.035533,
          -0.971623,
          -0.233848,
          1.367182
        ],
        [
          0.0,
          0.0,
          0.0,
          1.0
        ]
      ]
    },
    {
      "file_path": "/media/NFS/ttao/scannet/posed_images/scene0409_01/00265.jpg",
      "transform_matrix": [
        [
          -0.151182,
          0.219301,
          -0.963873,
          3.272032
        ],
        [
          0.987687,
          0.0732,
          -0.138263,
          4.134486
        ],
        [
          0.040234,
          -0.972907,
          -0.227667,
          1.374524
        ],
        [
          0.0,
          0.0,
          0.0,
          1.0
        ]
      ]
    },
    {
      "file_path": "/media/NFS/ttao/scannet/posed_images/scene0409_01/00271.jpg",
      "transform_matrix": [
        [
          -0.213774,
          0.243784,
          -0.945976,
          3.183753
        ],
        [
          0.9759,
          0.096734,
          -0.195607,
          4.086716
        ],
        [
          0.043822,
          -0.964993,
          -0.258588,
          1.371469
        ],
        [
          0.0,
          0.0,
          0.0,
          1.0
        ]
      ]
    },
    {
      "file_path": "/media/NFS/ttao/scannet/posed_images/scene0409_01/00272.jpg",
      "transform_matrix": [
        [
          -0.226192,
          0.24198,
          -0.943548,
          3.168446
        ],
        [
          0.97294,
          0.103027,
          -0.206815,
          4.090289
        ],
        [
          0.047166,
          -0.964796,
          -0.258736,
          1.36986
        ],
        [
          0.0,
          0.0,
          0.0,
          1.0
        ]
      ]
    },
    {
      "file_path": "/media/NFS/ttao/scannet/posed_images/scene0409_01/00277.jpg",
      "transform_matrix": [
        [
          -0.285769,
          0.249678,
          -0.925201,
          3.092995
        ],
        [
          0.95632,
          0.136314,
          -0.258594,
          4.108896
        ],
        [
          0.061553,
          -0.958686,
          -0.277726,
          1.369169
        ],
        [
          0.0,
          0.0,
          0.0,
          1.0
        ]
      ]
    },
    {
      "file_path": "/media/NFS/ttao/scannet/posed_images/scene0409_01/00284.jpg",
      "transform_matrix": [
        [
          -0.387201,
          0.225457,
          -0.894005,
          3.001242
        ],
        [
          0.920724,
          0.145465,
          -0.362089,
          4.106596
        ],
        [
          0.048411,
          -0.963332,
          -0.263907,
          1.370012
        ],
        [
          0.0,
          0.0,
          0.0,
          1.0
        ]
      ]
    },
    {
      "file_path": "/media/NFS/ttao/scannet/posed_images/scene0409_01/00285.jpg",
      "transform_matrix": [
        [
          -0.4098,
          0.222295,
          -0.884674,
          2.986591
        ],
        [
          0.910638,
          0.155988,
          -0.382631,
          4.113188
        ],
        [
          0.052942,
          -0.96242,
          -0.266355,
          1.3705
        ],
        [
          0.0,
          0.0,
          0.0,
          1.0
        ]
      ]
    },
    {
      "file_path": "/media/NFS/ttao/scannet/posed_images/scene0409_01/00290.jpg",
      "transform_matrix": [
        [
          -0.483387,
          0.194039,
          -0.853631,
          2.91488
        ],
        [
          0.872664,
          0.183948,
          -0.452351,
          4.123367
        ],
        [
          0.06925,
          -0.963593,
          -0.258249,
          1.392947
        ],
        [
          0.0,
          0.0,
          0.0,
          1.0
        ]
      ]
    },
    {
      "file_path": "/media/NFS/ttao/scannet/posed_images/scene0409_01/00294.jpg",
      "transform_matrix": [
        [
          -0.548539,
          0.208452,
          -0.809724,
          2.856743
        ],
        [
          0.835146,
          0.183453,
          -0.518533,
          4.1289
        ],
        [
          0.040457,
          -0.960673,
          -0.274719,
          1.392727
        ],
        [
          0.0,
          0.0,
          0.0,
          1.0
        ]
      ]
    },
    {
      "file_path": "/media/NFS/ttao/scannet/posed_images/scene0409_01/00297.jpg",
      "transform_matrix": [
        [
          -0.576795,
          0.202193,
          -0.79147,
          2.813836
        ],
        [
          0.816707,
          0.16315,
          -0.553508,
          4.133879
        ],
        [
          0.017213,
          -0.96566,
          -0.259236,
          1.379395
        ],
        [
          0.0,
          0.0,
          0.0,
          1.0
        ]
      ]
    },
    {
      "file_path": "/media/NFS/ttao/scannet/posed_images/scene0409_01/00305.jpg",
      "transform_matrix": [
        [
          -0.628476,
          0.163217,
          -0.760512,
          2.686709
        ],
        [
          0.776062,
          0.197444,
          -0.598952,
          4.101038
        ],
        [
          0.0524,
          -0.966631,
          -0.250756,
          1.367162
        ],
        [
          0.0,
          0.0,
          0.0,
          1.0
        ]
      ]
    },
    {
      "file_path": "/media/NFS/ttao/scannet/posed_images/scene0409_01/00306.jpg",
      "transform_matrix": [
        [
          -0.631951,
          0.164262,
          -0.757401,
          2.668777
        ],
        [
          0.773147,
          0.201322,
          -0.601426,
          4.093999
        ],
        [
          0.05369,
          -0.965654,
          -0.254224,
          1.368134
        ],
        [
          0.0,
          0.0,
          0.0,
          1.0
        ]
      ]
    },
    {
      "file_path": "/media/NFS/ttao/scannet/posed_images/scene0409_01/00313.jpg",
      "transform_matrix": [
        [
          -0.677023,
          0.130129,
          -0.724367,
          2.54174
        ],
        [
          0.735118,
          0.166709,
          -0.657123,
          4.046233
        ],
        [
          0.035247,
          -0.977381,
          -0.208526,
          1.37912
        ],
        [
          0.0,
          0.0,
          0.0,
          1.0
        ]
      ]
    },
    {
      "file_path": "/media/NFS/ttao/scannet/posed_images/scene0409_01/00315.jpg",
      "transform_matrix": [
        [
          -0.683173,
          0.14107,
          -0.716501,
          2.508529
        ],
        [
          0.729779,
          0.167379,
          -0.662878,
          4.035324
        ],
        [
          0.026415,
          -0.975748,
          -0.217299,
          1.396986
        ],
        [
          0.0,
          0.0,
          0.0,
          1.0
        ]
      ]
    },
    {
      "file_path": "/media/NFS/ttao/scannet/posed_images/scene0409_01/00320.jpg",
      "transform_matrix": [
        [
          -0.710927,
          0.114695,
          -0.69385,
          2.453839
        ],
        [
          0.703215,
          0.127859,
          -0.699386,
          4.02408
        ],
        [
          0.008499,
          -0.985138,
          -0.171553,
          1.405717
        ],
        [
          0.0,
