{
  "frames": [
    {
      "file_path": "/media/NFS/ttao/scannet/posed_images/scene0150_02/00000.jpg",
      "transform_matrix": [
        [
          0.626492,
          0.519786,
          -0.580802,
          4.129342
        ],
        [
          0.779108,
          -0.396255,
          0.485771,
          0.294579
        ],
        [
          0.022351,
          -0.756838,
          -0.65322,
          1.451169
        ],
        [
          0.0,
          0.0,
          0.0,
          1.0
        ]
      ]
    },
    {
      "file_path": "/media/NFS/ttao/scannet/posed_images/scene0150_02/00001.jpg",
      "transform_matrix": [
        [
          0.628935,
          0.519121,
          -0.578753,
          4.127056
        ],
        [
          0.777067,
          -0.396137,
          0.489124,
          0.292401
        ],
        [
          0.024649,
          -0.757357,
          -0.652536,
          1.449648
        ],
        [
          0.0,
          0.0,
          0.0,
          1.0
        ]
      ]
    },
    {
      "file_path": "/media/NFS/ttao/scannet/posed_images/scene0150_02/00002.jpg",
      "transform_matrix": [
        [
          0.626486,
          0.516925,
          -0.583356,
          4.125364
        ],
        [
          0.779064,
          -0.392296,
          0.489043,
          0.289041
        ],
        [
          0.023951,
          -0.76085,
          -0.648486,
          1.446266
        ],
        [
          0.0,
          0.0,
          0.0,
          1.0
        ]
      ]
    },
    {
      "file_path": "/media/NFS/ttao/scannet/posed_images/scene0150_02/00003.jpg",
      "transform_matrix": [
        [
          0.623901,
          0.51815,
          -0.585037,
          4.1256
        ],
        [
          0.781058,
          -0.388146,
          0.489174,
          0.287105
        ],
        [
          0.026386,
          -0.762144,
          -0.64687,
          1.440293
        ],
        [
          0.0,
          0.0,
          0.0,
          1.0
        ]
      ]
    },
    {
      "file_path": "/media/NFS/ttao/scannet/posed_images/scene0150_02/00004.jpg",
      "transform_matrix": [
        [
          0.622153,
          0.520177,
          -0.585099,
          4.126061
        ],
        [
          0.782346,
          -0.385087,
          0.489534,
          0.283463
        ],
        [
          0.02933,
          -0.762315,
          -0.646541,
          1.434614
        ],
        [
          0.0,
          0.0,
          0.0,
          1.0
        ]
      ]
    },
    {
      "file_path": "/media/NFS/ttao/scannet/posed_images/scene0150_02/00005.jpg",
      "transform_matrix": [
        [
          0.619756,
          0.524235,
          -0.58402,
          4.124629
        ],
        [
          0.784068,
          -0.3816,
          0.489509,
          0.280627
        ],
        [
          0.033756,
          -0.761288,
          -0.647535,
          1.42924
        ],
        [
          0.0,
          0.0,
          0.0,
          1.0
        ]
      ]
    },
    {
      "file_path": "/media/NFS/ttao/scannet/posed_images/scene0150_02/00006.jpg",
      "transform_matrix": [
        [
          0.614584,
          0.526679,
          -0.587279,
          4.120908
        ],
        [
          0.787977,
          -0.374813,
          0.488476,
          0.272512
        ],
        [
          0.03715,
          -0.762971,
          -0.645364,
          1.420723
        ],
        [
          0.0,
          0.0,
          0.0,
          1.0
        ]
      ]
    },
    {
      "file_path": "/media/NFS/ttao/scannet/posed_images/scene0150_02/00007.jpg",
      "transform_matrix": [
        [
          0.61112,
          0.525658,
          -0.59179,
          4.119391
        ],
        [
          0.790777,
          -0.372674,
          0.485578,
          0.269327
        ],
        [
          0.034703,
          -0.764721,
          -0.643427,
          1.41563
        ],
        [
          0.0,
          0.0,
          0.0,
          1.0
        ]
      ]
    },
    {
      "file_path": "/media/NFS/ttao/scannet/posed_images/scene0150_02/00008.jpg",
      "transform_matrix": [
        [
          0.608199,
          0.522835,
          -0.597275,
          4.117901
        ],
        [
          0.793233,
          -0.372271,
          0.481868,
          0.265469
        ],
        [
          0.029589,
          -0.76685,
          -0.641145,
          1.412145
        ],
        [
          0.0,
          0.0,
          0.0,
          1.0
        ]
      ]
    },
    {
      "file_path": "/media/NFS/ttao/scannet/posed_images/scene0150_02/00009.jpg",
      "transform_matrix": [
        [
          0.605958,
          0.518948,
          -0.602916,
          4.113738
        ],
        [
          0.795136,
          -0.372301,
          0.478698,
          0.259364
        ],
        [
          0.023953,
          -0.769471,
          -0.638233,
          1.407056
        ],
        [
          0.0,
          0.0,
          0.0,
          1.0
        ]
      ]
    },
    {
      "file_path": "/media/NFS/ttao/scannet/posed_images/scene0150_02/00010.jpg",
      "transform_matrix": [
        [
          0.601051,
          0.512936,
          -0.61289,
          4.119084
        ],
        [
          0.798916,
          -0.364797,
          0.47818,
          0.255332
        ],
        [
          0.021696,
          -0.777058,
          -0.629055,
          1.39355
        ],
        [
          0.0,
          0.0,
          0.0,
          1.0
        ]
      ]
    },
    {
      "file_path": "/media/NFS/ttao/scannet/posed_images/scene0150_02/00011.jpg",
      "transform_matrix": [
        [
          0.596844,
          0.509729,
          -0.61964,
          4.118673
        ],
        [
          0.802154,
          -0.361687,
          0.475112,
          0.251605
        ],
        [
          0.018063,
          -0.780614,
          -0.624752,
          1.388767
        ],
        [
          0.0,
          0.0,
          0.0,
          1.0
        ]
      ]
    },
    {
      "file_path": "/media/NFS/ttao/scannet/posed_images/scene0150_02/00012.jpg",
      "transform_matrix": [
        [
          0.595176,
          0.506289,
          -0.624049,
          4.119372
        ],
        [
          0.803416,
          -0.358505,
          0.475391,
          0.246631
        ],
        [
          0.016961,
          -0.784312,
          -0.620135,
          1.382988
        ],
        [
          0.0,
          0.0,
          0.0,
          1.0
        ]
      ]
    },
    {
      "file_path": "/media/NFS/ttao/scannet/posed_images/scene0150_02/00013.jpg",
      "transform_matrix": [
        [
          0.592843,
          0.503051,
          -0.62887,
          4.119485
        ],
        [
          0.805134,
          -0.353511,
          0.476225,
          0.243314
        ],
        [
          0.017253,
          -0.788651,
          -0.614599,
          1.375527
        ],
        [
          0.0,
          0.0,
          0.0,
          1.0
        ]
      ]
    },
    {
      "file_path": "/media/NFS/ttao/scannet/posed_images/scene0150_02/00014.jpg",
      "transform_matrix": [
        [
          0.593511,
          0.499111,
          -0.631374,
          4.114866
        ],
        [
          0.804588,
          -0.348892,
          0.480534,
          0.23777
        ],
        [
          0.019558,
          -0.793198,
          -0.60865,
          1.372344
        ],
        [
          0.0,
          0.0,
          0.0,
          1.0
        ]
      ]
    },
    {
      "file_path": "/media/NFS/ttao/scannet/posed_images/scene0150_02/00015.jpg",
      "transform_matrix": [
        [
          0.594676,
          0.490415,
          -0.637066,
          4.113071
        ],
        [
          0.803693,
          -0.341996,
          0.486947,
          0.230943
        ],
        [
          0.020932,
          -0.801581,
          -0.59752,
          1.36587
        ],
        [
          0.0,
          0.0,
          0.0,
          1.0
        ]
      ]
    },
    {
      "file_path": "/media/NFS/ttao/scannet/posed_images/scene0150_02/00016.jpg",
      "transform_matrix": [
        [
          0.593443,
          0.473259,
          -0.651039,
          4.114199
        ],
        [
          0.80474,
          -0.334038,
          0.490726,
          0.222504
        ],
        [
          0.014768,
          -0.815135,
          -0.579083,
          1.356931
        ],
        [
          0.0,
          0.0,
          0.0,
          1.0
        ]
      ]
    },
    {
      "file_path": "/media/NFS/ttao/scannet/posed_images/scene0150_02/00017.jpg",
      "transform_matrix": [
        [
          0.592899,
          0.46614,
          -0.656647,
          4.114706
        ],
        [
          0.805185,
          -0.330849,
          0.492154,
          0.219384
        ],
        [
          0.012162,
          -0.82052,
          -0.571489,
          1.350811
        ],
        [
          0.0,
          0.0,
          0.0,
          1.0
        ]
      ]
    },
    {
      "file_path": "/media/NFS/ttao/scannet/posed_images/scene0150_02/00018.jpg",
      "transform_matrix": [
        [
          0.594434,
          0.460733,
          -0.65907,
          4.115848
        ],
        [
          0.804091,
          -0.331106,
          0.493768,
          0.215292
        ],
        [
          0.009273,
          -0.823465,
          -0.567292,
          1.347011
        ],
        [
          0.0,
          0.0,
          0.0,
          1.0
        ]
      ]
    },
    {
      "file_path": "/media/NFS/ttao/scannet/posed_images/scene0150_02/00019.jpg",
      "transform_matrix": [
        [
          0.594402,
          0.453964,
          -0.66378,
          4.118063
        ],
        [
          0.804135,
          -0.328036,
          0.495741,
          0.212511
        ],
        [
          0.007305,
          -0.828438,
          -0.560034,
          1.341089
        ],
        [
          0.0,
          0.0,
          0.0,
          1.0
        ]
      ]
    },
    {
      "file_path": "/media/NFS/ttao/scannet/posed_images/scene0150_02/00020.jpg",
      "transform_matrix": [
        [
          0.596519,
          0.450067,
          -0.664534,
          4.118622
        ],
        [
          0.802567,
          -0.327054,
          0.498921,
          0.209074
        ],
        [
          0.007209,
          -0.830949,
          -0.556303,
          1.335448
        ],
        [
          0.0,
          0.0,
          0.0,
          1.0
        ]
      ]
    },
    {
      "file_path": "/media/NFS/ttao/scannet/posed_images/scene0150_02/00021.jpg",
      "transform_matrix": [
        [
          0.598713,
          0.44852,
          -0.663606,
          4.120188
        ],
        [
          0.800941,
          -0.328983,
          0.500265,
          0.206197
        ],
        [
          0.006064,
          -0.831024,
          -0.556204,
          1.328121
        ],
        [
          0.0,
          0.0,
          0.0,
          1.0
        ]
      ]
    },
    {
      "file_path": "/media/NFS/ttao/scannet/posed_images/scene0150_02/00022.jpg",
      "transform_matrix": [
        [
          0.600008,
          0.451264,
          -0.660569,
          4.122165
        ],
        [
          0.79997,
          -0.332011,
          0.499817,
          0.206604
        ],
        [
          0.006233,
          -0.828329,
          -0.560207,
          1.322855
        ],
        [
          0.0,
          0.0,
          0.0,
          1.0
        ]
      ]
    },
    {
      "file_path": "/media/NFS/ttao/scannet/posed_images/scene0150_02/00023.jpg",
      "transform_matrix": [
        [
          0.602876,
          0.450771,
          -0.65829,
          4.125151
        ],
        [
          0.797818,
          -0.335269,
          0.50108,
          0.205231
        ],
        [
          0.005168,
          -0.827285,
          -0.561759,
          1.316865
        ],
        [
          0.0,
          0.0,
          0.0,
          1.0
        ]
      ]
    },
    {
      "file_path": "/media/NFS/ttao/scannet/posed_images/scene0150_02/00024.jpg",
      "transform_matrix": [
        [
          0.605452,
          0.447328,
          -0.658275,
          4.127958
        ],
        [
          0.795876,
          -0.336943,
          0.503043,
          0.205669
        ],
        [
          0.003224,
          -0.828473,
          -0.56002,
          1.311568
        ],
        [
          0.0,
          0.0,
          0.0,
          1.0
        ]
      ]
    },
    {
      "file_path": "/media/NFS/ttao/scannet/posed_images/scene0150_02/00025.jpg",
      "transform_matrix": [
        [
          0.617799,
          0.443768,
          -0.649149,
          4.137106
        ],
        [
          0.786336,
          -0.348085,
          0.510405,
          0.207209
        ],
        [
          0.000542,
          -0.825777,
          -0.563997,
          1.29902
        ],
        [
          0.0,
          0.0,
          0.0,
          1.0
        ]
      ]
    },
    {
      "file_path": "/media/NFS/ttao/scannet/posed_images/scene0150_02/00026.jpg",
      "transform_matrix": [
        [
          0.626238,
          0.439017,
          -0.644275,
          4.142781
        ],
        [
          0.779631,
          -0.353919,
          0.51664,
          0.208906
        ],
        [
          -0.001207,
          -0.825836,
          -0.563909,
          1.292063
        ],
        [
          0.0,
          0.0,
          0.0,
          1.0
        ]
      ]
    },
    {
      "file_path": "/media/NFS/ttao/scannet/posed_images/scene0150_02/00027.jpg",
      "transform_matrix": [
        [
          0.635396,
          0.433704,
          -0.638884,
          4.14934
        ],
        [
          0.772171,
          -0.362115,
          0.522135,
          0.211205
        ],
        [
          -0.004897,
          -0.82509,
          -0.56498,
          1.288106
        ],
        [
          0.0,
          0.0,
          0.0,
          1.0
        ]
      ]
    },
    {
      "file_path": "/media/NFS/ttao/scannet/posed_images/scene0150_02/00028.jpg",
      "transform_matrix": [
        [
          0.644291,
          0.429187,
          -0.632999,
          4.154092
        ],
        [
          0.764723,
          -0.371672,
          0.526364,
          0.215334
        ],
        [
          -0.009359,
          -0.8232,
          -0.567674,
          1.28501
        ],
        [
          0.0,
          0.0,
          0.0,
          1.0
        ]
      ]
    },
    {
      "file_path": "/media/NFS/ttao/scannet/posed_images/scene0150_02/00029.jpg",
      "transform_matrix": [
        [
          0.654271,
          0.422442,
          -0.627274,
          4.157355
        ],
        [
          0.75612,
          -0.381396,
          0.531809,
          0.218063
        ],
        [
          -0.014582,
          -0.822241,
          -0.568953,
          1.285431
        ],
        [
          0.0,
          0.0,
          0.0,
          1.0
        ]
      ]
    },
    {
      "file_path": "/media/NFS/ttao/scannet/posed_images/scene0150_02/00030.jpg",
      "transform_matrix": [
        [
          0.661701,
          0.410907,
          -0.627143,
          4.163399
        ],
        [
          0.74945,
          -0.386867,
          0.537271,
          0.219428
        ],
        [
          -0.021853,
          -0.825524,
          -0.563944,
          1.283874
        ],
        [
          0.0,
          0.0,
          0.0,
          1.0
        ]
      ]
    },
    {
      "file_path": "/media/NFS/ttao/scannet/posed_images/scene0150_02/00031.jpg",
      "transform_matrix": [
        [
          0.665667,
          0.402011,
          -0.628709,
          4.173614
        ],
        [
          0.745793,
          -0.387838,
          0.541641,
          0.227036
        ],
        [
          -0.026091,
          -0.829439,
          -0.557988,
          1.281842
        ],
        [
          0.0,
          0.0,
          0.0,
          1.0
        ]
      ]
    },
    {
      "file_path": "/media/NFS/ttao/scannet/posed_images/scene0150_02/00032.jpg",
      "transform_matrix": [
        [
          0.674305,
          0.393879,
          -0.624638,
          4.179267
        ],
        [
          0.73788,
          -0.392716,
          0.548915,
          0.230261
        ],
        [
          -0.029099,
          -0.831044,
          -0.555445,
          1.283353
        ],
        [
          0.0,
          0.0,
          0.0,
          1.0
        ]
      ]
    },
    {
      "file_path": "/media/NFS/ttao/scannet/posed_images/scene0150_02/00033.jpg",
      "transform_matrix": [
        [
          0.684408,
          0.387226,
          -0.617772,
          4.182933
        ],
        [
          0.728568,
          -0.395571,
          0.559207,
          0.233958
        ],
        [
          -0.027834,
          -0.832814,
          -0.552852,
          1.28461
        ],
        [
          0.0,
          0.0,
          0.0,
          1.0
        ]
      ]
    },
    {
      "file_path": "/media/NFS/ttao/scannet/posed_images/scene0150_02/00034.jpg",
      "transform_matrix": [
        [
          0.691547,
          0.383435,
          -0.612161,
          4.194455
        ],
        [
          0.721904,
          -0.396046,
          0.567453,
          0.243299
        ],
        [
          -0.024862,
          -0.834341,
          -0.550688,
          1.285192
        ],
        [
          0.0,
          0.0,
          0.0,
          1.0
        ]
      ]
    },
    {
      "file_path": "/media/NFS/ttao/scannet/posed_images/scene0150_02/00035.jpg",
      "transform_matrix": [
        [
          0.702915,
          0.380679,
          -0.600828,
          4.201917
        ],
        [
          0.711028,
          -0.398292,
          0.579484,
          0.250446
        ],
        [
          -0.018707,
          -0.834534,
          -0.550639,
          1.285436
        ],
        [
          0.0,
          0.0,
          0.0,
          1.0
        ]
      ]
    },
    {
      "file_path": "/media/NFS/ttao/scannet/posed_images/scene0150_02/00036.jpg",
      "transform_matrix": [
        [
          0.714899,
          0.378778,
          -0.587747,
          4.207653
        ],
        [
          0.699136,
          -0.400801,
          0.592087,
          0.258237
        ],
        [
          -0.0113,
          -0.834198,
          -0.55135,
          1.287559
        ],
        [
          0.0,
          0.0,
          0.0,
          1.0
        ]
      ]
    },
    {
      "file_path": "/media/NFS/ttao/scannet/posed_images/scene0150_02/00037.jpg",
      "transform_matrix": [
        [
          0.727951,
          0.374094,
          -0.574579,
          4.215945
        ],
        [
          0.685611,
          -0.403245,
          0.606078,
          0.264882
        ],
        [
          -0.004966,
          -0.835133,
          -0.550026,
          1.288446
        ],
        [
          0.0,
          0.0,
          0.0,
          1.0
        ]
      ]
    },
    {
      "file_path": "/media/NFS/ttao/scannet/posed_images/scene0150_02/00038.jpg",
      "transform_matrix": [
        [
          0.741705,
          0.367647,
          -0.56099,
          4.223283
        ],
        [
          0.670726,
          -0.406787,
          0.620203,
          0.272755
        ],
        [
          -0.000187,
          -0.836278,
          -0.548306,
          1.289859
        ],
        [
          0.0,
          0.0,
          0.0,
          1.0
        ]
      ]
    },
    {
      "file_path": "/media/NFS/ttao/scannet/posed_images/scene0150_02/00039.jpg",
      "transform_matrix": [
        [
          0.754974,
          0.359377,
          -0.548509,
          4.231382
        ],
        [
          0.655748,
          -0.41012,
          0.633873,
          0.279339
        ],
        [
          0.002845,
          -0.838242,
          -0.545291,
          1.290111
        ],
        [
          0.0,
          0.0,
          0.0,
          1.0
        ]
      ]
    },
    {
      "file_path": "/media/NFS/ttao/scannet/posed_images/scene0150_02/00040.jpg",
      "transform_matrix": [
        [
          0.766373,
          0.346096,
          -0.541194,
          4.24175
        ],
        [
          0.642392,
          -0.416109,
          0.643573,
          0.281894
        ],
        [
          -0.002458,
          -0.840875,
          -0.541224,
          1.288726
        ],
        [
          0.0,
          0.0,
          0.0,
          1.0
        ]
      ]
    },
    {
      "file_path": "/media/NFS/ttao/scannet/posed_images/scene0150_02/00041.jpg",
      "transform_matrix": [
        [
          0.774454,
          0.339323,
          -0.53393,
          4.255445
        ],
        [
          0.632627,
          -0.417963,
          0.651989,
          0.29038
        ],
        [
          -0.001928,
          -0.842714,
          -0.538358,
          1.288063
        ],
        [
          0.0,
          0.0,
          0.0,
          1.0
        ]
      ]
    },
    {
      "file_path": "/media/NFS/ttao/scannet/posed_images/scene0150_02/00042.jpg",
      "transform_matrix": [
        [
          0.784682,
          0.33424,
          -0.522071,
          4.266029
        ],
        [
          0.619899,
          -0.422731,
          0.661078,
          0.301909
        ],
        [
          0.000264,
          -0.842367,
          -0.538904,
          1.289334
        ],
        [
          0.0,
          0.0,
          0.0,
          1.0
        ]
      ]
    },
    {
      "file_path": "/media/NFS/ttao/scannet/posed_images/scene0150_02/00043.jpg",
      "transform_matrix": [
        [
          0.80658,
          0.321498,
          -0.496052,
          4.286066
        ],
        [
          0.591123,
          -0.436597,
          0.678201,
          0.318622
        ],
        [
          0.001465,
          -0.840252,
          -0.542195,
          1.287853
        ],
        [
          0.0,
          0.0,
          0.0,
          1.0
        ]
      ]
    },
    {
      "file_path": "/media/NFS/ttao/scannet/posed_images/scene0150_02/00044.jpg",
      "transform_matrix": [
        [
          0.816222,
          0.315182,
          -0.484192,
          4.297302
        ],
        [
          0.577738,
          -0.444484,
          0.684583,
          0.329785
        ],
        [
          0.000553,
          -0.838507,
          -0.54489,
          1.289078
        ],
        [
          0.0,
          0.0,
          0.0,
          1.0
        ]
      ]
    },
    {
      "file_path": "/media/NFS/ttao/scannet/posed_images/scene0150_02/00045.jpg",
      "transform_matrix": [
        [
          0.823483,
          0.309479,
          -0.475497,
          4.30928
        ],
        [
          0.56734,
          -0.448185,
          0.690837,
          0.339687
        ],
        [
          0.000689,
          -0.838661,
          -0.544653,
          1.291548
        ],
        [
          0.0,
          0.0,
          0.0,
          1.0
        ]
      ]
    },
    {
      "file_path": "/media/NFS/ttao/scannet/posed_images/scene0150_02/00046.jpg",
      "transform_matrix": [
        [
          0.830918,
          0.302741,
          -0.466822,
          4.32277
        ],
        [
          0.556395,
          -0.452891,
          0.696646,
          0.3494
        ],
        [
          -0.000516,
          -0.838593,
          -0.544759,
          1.294352
        ],
        [
          0.0,
          0.0,
          0.0,
          1.0
        ]
      ]
    },
    {
      "file_path": "/media/NFS/ttao/scannet/posed_images/scene0150_02/00047.jpg",
      "transform_matrix": [
        [
          0.839116,
          0.295737,
          -0.456534,
          4.335053
        ],
        [
          0.543952,
          -0.457058,
          0.703715,
          0.355782
        ],
        [
          -0.000548,
          -0.838831,
          -0.544392,
          1.293249
        ],
        [
          0.0,
          0.0,
          0.0,
          1.0
        ]
      ]
    },
    {
      "file_path": "/media/NFS/ttao/scannet/posed_images/scene0150_02/00048.jpg",
      "transform_matrix": [
        [
          0.847302,
          0.287691,
          -0.446445,
          4.343853
        ],
        [
          0.531099,
          -0.464607,
          0.708572,
          0.364983
        ],
        [
          -0.003572,
          -0.837481,
          -0.546455,
          1.295332
        ],
        [
          0.0,
          0.0,
          0.0,
          1.0
        ]
      ]
    },
    {
      "file_path": "/media/NFS/ttao/scannet/posed_images/scene0150_02/00049.jpg",
      "transform_matrix": [
        [
          0.854745,
          0.279209,
          -0.437554,
          4.356267
        ],
        [
          0.519003,
          -0.470883,
          0.713376,
          0.372306
        ],
        [
          -0.006856,
          -0.836846,
          -0.547396,
          1.296817
        ],
        [
          0.0,
          0.0,
          0.0,
          1.0
        ]
      ]
    },
    {
      "file_path": "/media/NFS/ttao/scannet/posed_images/scene0150_02/00050.jpg",
      "transform_matrix": [
        [
          0.855164,
          0.275838,
          -0.438872,
          4.376552
        ],
        [
          0.518235,
          -0.473373,
          0.712285,
          0.381089
        ],
        [
          -0.011275,
          -0.836559,
          -0.547761,
          1.298248
        ],
        [
          0.0,
          0.0,
          0.0,
          1.0
        ]
      ]
    },
    {
      "file_path": "/media/NFS/ttao/scannet/posed_images/scene0150_02/00051.jpg",
      "transform_matrix": [
        [
          0.860043,
          0.267033,
          -0.434763,
          4.392347
        ],
        [
          0.510004,
          -0.474779,
          0.717273,
          0.389217
        ],
        [
          -0.014881,
          -0.838617,
          -0.544518,
          1.298027
        ],
        [
          0.0,
          0.0,
          0.0,
          1.0
        ]
      ]
    },
    {
      "file_path": "/media/NFS/ttao/scannet/posed_images/scene0150_02/00052.jpg",
      "transform_matrix": [
        [
          0.864851,
          0.261017,
          -0.42884,
          4.407353
        ],
        [
          0.501772,
          -0.476787,
          0.721734,
          0.397043
        ],
        [
          -0.016081,
          -0.839371,
          -0.543321,
          1.298517
        ],
        [
          0.0,
          0.0,
          0.0,
          1.0
        ]
      ]
    },
    {
      "file_path": "/media/NFS/ttao/scannet/posed_images/scene0150_02/00053.jpg",
      "transform_matrix": [
        [
          0.869977,
          0.257341,
          -0.420612,
          4.418489
        ],
        [
          0.492831,
          -0.481538,
          0.724734,
          0.404439
        ],
        [
          -0.016037,
          -0.837793,
          -0.545753,
          1.299934
        ],
        [
          0.0,
          0.0,
          0.0,
          1.0
        ]
      ]
    },
    {
      "file_path": "/media/NFS/ttao/scannet/posed_images/scene0150_02/00054.jpg",
      "transform_matrix": [
        [
          0.874564,
          0.254351,
          -0.412848,
          4.42793
        ],
        [
          0.484702,
          -0.483493,
          0.728902,
          0.409822
        ],
        [
          -0.014213,
          -0.83758,
          -0.54613,
          1.302204
        ],
        [
          0.0,
          0.0,
          0.0,
          1.0
        ]
      ]
    },
    {
      "file_path": "/media/NFS/ttao/scannet/posed_images/scene0150_02/00055.jpg",
      "transform_matrix": [
        [
          0.877355,
          0.251767,
          -0.408488,
          4.439468
        ],
        [
          0.479671,
          -0.482935,
          0.732591,
          0.416452
        ],
        [
          -0.012831,
          -0.838682,
          -0.544471,
          1.304247
        ],
        [
          0.0,
          0.0,
          0.0,
          1.0
        ]
      ]
    },
    {
      "file_path": "/media/NFS/ttao/scannet/posed_images/scene0150_02/00056.jpg",
      "transform_matrix": [
        [
          0.87847,
          0.252169,
          -0.405833,
          4.450317
        ],
        [
          0.47768,
          -0.482291,
          0.734314,
          0.423028
        ],
        [
          -0.010559,
          -0.838932,
          -0.544134,
          1.30699
        ],
        [
          0.0,
          0.0,
          0.0,
          1.0
        ]
      ]
    },
    {
      "file_path": "/media/NFS/ttao/scannet/posed_images/scene0150_02/00057.jpg",
      "transform_matrix": [
        [
          0.879814,
          0.25258,
          -0.402655,
          4.458485
        ],
        [
          0.475238,
          -0.483059,
          0.735393,
          0.427881
        ],
        [
          -0.008761,
          -0.838366,
          -0.545038,
          1.310486
        ],
        [
          0.0,
          0.0,
          0.0,
          1.0
        ]
      ]
    },
    {
      "file_path": "/media/NFS/ttao/scannet/posed_images/scene0150_02/00058.jpg",
      "transform_matrix": [
        [
          0.880259,
          0.255388,
          -0.399902,
          4.463597
        ],
        [
          0.474476,
          -0.481078,
          0.737181,
          0.431163
        ],
        [
          -0.004117,
          -0.838654,
          -0.544649,
          1.313715
        ],
        [
          0.0,
          0.0,
          0.0,
          1.0
        ]
      ]
    },
    {
      "file_path": "/media/NFS/ttao/scannet/posed_images/scene0150_02/00059.jpg",
      "transform_matrix": [
        [
          0.878148,
          0.261022,
          -0.400903,
          4.473963
        ],
        [
          0.478386,
          -0.476567,
          0.737584,
          0.435758
        ],
        [
          0.001468,
          -0.839495,
          -0.543366,
          1.31766
        ],
        [
          0.0,
          0.0,
          0.0,
          1.0
        ]
      ]
    },
    {
      "file_path": "/media/NFS/ttao/scannet/posed_images/scene0150_02/00060.jpg",
      "transform_matrix": [
        [
          0.874649,
          0.270057,
          -0.402566,
          4.485446
        ],
        [
          0.484667,
          -0.471092,
          0.737001,
          0.443036
        ],
        [
          0.009387,
          -0.839727,
          -0.542928,
          1.323
        ],
        [
          0.0,
          0.0,
          0.0,
          1.0
        ]
      ]
    },
    {
      "file_path": "/media/NFS/ttao/scannet/posed_images/scene0150_02/00061.jpg",
      "transform_matrix": [
        [
          0.871846,
          0.2786,
          -0.402823,
          4.489336
        ],
        [
          0.489545,
          -0.470237,
          0.734318,
          0.451404
        ],
        [
          0.015159,
          -0.837412,
          -0.546362,
          1.336427
        ],
        [
          0.0,
          0.0,
          0.0,
          1.0
        ]
      ]
    },
    {
      "file_path": "/media/NFS/ttao/scannet/posed_images/scene0150_02/00062.jpg",
      "transform_matrix": [
        [
          0.86844,
          0.284374,
          -0.406133,
          4.49484
        ],
        [
          0.495408,
          -0.465405,
          0.733463,
          0.454506
        ],
        [
          0.019561,
          -0.838171,
          -0.545057,
          1.344722
        ],
        [
          0.0,
          0.0,
          0.0,
          1.0
        ]
      ]
    },
    {
      "file_path": "/media/NFS/ttao/scannet/posed_images/scene0150_02/00063.jpg",
      "transform_matrix": [
        [
          0.865564,
          0.287945,
          -0.409741,
          4.495456
        ],
        [
          0.500203,
          -0.457176,
          0.735382,
          0.454167
        ],
        [
          0.024426,
          -0.841474,
          -0.539746,
          1.349504
        ],
        [
          0.0,
          0.0,
          0.0,
          1.0
        ]
      ]
    },
    {
      "file_path": "/media/NFS/ttao/scannet/posed_images/scene0150_02/00064.jpg",
      "transform_matrix": [
        [
          0.86144,
          0.291465,
          -0.415895,
          4.499179
        ],
        [
          0.507137,
          -0.450042,
          0.735034,
          0.455398
        ],
        [
          0.027067,
          -0.844103,
          -0.535497,
          1.358985
        ],
        [
          0.0,
          0.0,
          0.0,
          1.0
        ]
      ]
    },
    {
      "file_path": "/media/NFS/ttao/scannet/posed_images/scene0150_02/00065.jpg",
      "transform_matrix": [
        [
          0.856109,
          0.294987,
          -0.424336,
          4.503934
        ],
        [
          0.51591,
          -0.439773,
          0.735144,
          0.454544
        ],
        [
          0.030247,
          -0.848282,
          -0.52868,
          1.365632
        ],
        [
          0.0,
          0.0,
          0.0,
          1.0
        ]
      ]
    },
    {
      "file_path": "/media/NFS/ttao/scannet/posed_images/scene0150_02/00066.jpg",
      "transform_matrix": [
        [
          0.850556,
          0.29695,
          -0.434022,
          4.50842
        ],
        [
          0.525,
          -0.431642,
          0.733526,
          0.455949
        ],
        [
          0.030479,
          -0.851766,
          -0.523035,
          1.374391
        ],
        [
          0.0,
          0.0,
          0.0,
          1.0
        ]
      ]
    },
    {
      "file_path": "/media/NFS/ttao/scannet/posed_images/scene0150_02/00067.jpg",
      "transform_matrix": [
        [
          0.846036,
          0.297187,
          -0.44261,
          4.507487
        ],
        [
          0.532246,
          -0.423172,
          0.733239,
          0.453927
        ],
        [
          0.030609,
          -0.855924,
          -0.516195,
          1.382661
        ],
        [
          0.0,
          0.0,
          0.0,
          1.0
        ]
      ]
    },
    {
      "file_path": "/media/NFS/ttao/scannet/posed_images/scene0150_02/00068.jpg",
      "transform_matrix": [
        [
          0.840254,
          0.296015,
          -0.454256,
          4.509252
        ],
        [
          0.541458,
          -0.414497,
          0.731448,
          0.453666
        ],
        [
          0.028232,
          -0.860562,
          -0.508562,
          1.391665
        ],
        [
          0.0,
          0.0,
          0.0,
          1.0
        ]
      ]
    },
    {
      "file_path": "/media/NFS/ttao/scannet/posed_images/scene0150_02/00069.jpg",
      "transform_matrix": [
        [
          0.833533,
          0.295202,
          -0.466989,
          4.51201
        ],
        [
          0.551887,
          -0.406109,
          0.728352,
          0.454133
        ],
        [
          0.025363,
          -0.86483,
          -0.501423,
          1.399114
        ],
        [
          0.0,
          0.0,
          0.0,
          1.0
        ]
      ]
    },
    {
      "file_path": "/media/NFS/ttao/scannet/posed_images/scene0150_02/00070.jpg",
      "transform_matrix": [
        [
          0.828071,
          0.294578,
          -0.476993,
          4.511474
        ],
        [
          0.560036,
          -0.395696,
          0.727863,
          0.446207
        ],
        [
          0.025668,
          -0.869855,
          -0.492639,
          1.401409
        ],
        [
          0.0,
          0.0,
          0.0,
          1.0
        ]
      ]
    },
    {
      "file_path": "/media/NFS/ttao/scannet/posed_images/scene0150_02/00071.jpg",
      "transform_matrix": [
        [
          0.822242,
          0.289643,
          -0.489923,
          4.50845
        ],
        [
          0.568807,
          -0.388862,
          0.724738,
          0.442214
        ],
        [
          0.019402,
          -0.874582,
          -0.48449,
          1.410209
        ],
        [
          0.0,
          0.0,
          0.0,
          1.0
        ]
      ]
    },
    {
      "file_path": "/media/NFS/ttao/scannet/posed_images/scene0150_02/00072.jpg",
      "transform_matrix": [
        [
          0.813079,
          0.287426,
          -0.50625,
          4.511906
        ],
        [
          0.581988,
          -0.380589,
          0.718639,
          0.441654
        ],
        [
          0.013882,
          -0.878942,
          -0.476727,
          1.417998
        ],
        [
          0.0,
          0.0,
          0.0,
          1.0
        ]
      ]
    },
    {
      "file_path": "/media/NFS/ttao/scannet/posed_images/scene0150_02/00073.jpg",
      "transform_matrix": [
        [
          0.804878,
          0.286618,
          -0.519636,
          4.51533
        ],
        [
          0.593374,
          -0.375534,
          0.711957,
          0.438453
        ],
        [
          0.008919,
          -0.881377,
          -0.47233,
          1.424969
        ],
        [
          0.0,
          0.0,
          0.0,
          1.0
        ]
      ]
    },
    {
      "file_path": "/media/NFS/ttao/scannet/posed_images/scene0150_02/00074.jpg",
      "transform_matrix": [
        [
          0.796388,
          0.288257,
          -0.531671,
          4.516116
        ],
        [
          0.604763,
          -0.371823,
          0.70428,
          0.437849
        ],
        [
          0.005326,
          -0.882415,
          -0.470443,
          1.433922
        ],
        [
          0.0,
          0.0,
          0.0,
          1.0
        ]
      ]
    },
    {
      "file_path": "/media/NFS/ttao/scannet/posed_images/scene0150_02/00075.jpg",
      "transform_matrix": [
        [
          0.779643,
          0.291423,
          -0.554283,
          4.513594
        ],
        [
          0.626224,
          -0.36185,
          0.690586,
          0.42909
        ],
        [
          0.000685,
          -0.885515,
          -0.46461,
          1.445073
        ],
        [
          0.0,
          0.0,
          0.0,
          1.0
        ]
      ]
    },
    {
      "file_path": "/media/NFS/ttao/scannet/posed_images/scene0150_02/00076.jpg",
      "transform_matrix": [
        [
          0.770472,
          0.295046,
          -0.565084,
          4.511997
        ],
        [
          0.637472,
          -0.354872,
          0.683883,
          0.423524
        ],
        [
          0.001245,
          -0.887138,
          -0.461502,
          1.450577
        ],
        [
          0.0,
          0.0,
          0.0,
          1.0
        ]
      ]
    },
    {
      "file_path": "/media/NFS/ttao/scannet/posed_images/scene0150_02/00077.jpg",
      "transform_matrix": [
        [
          0.761646,
          0.300327,
          -0.574194,
          4.510027
        ],
        [
          0.647991,
          -0.350509,
          0.676204,
          0.421117
        ],
        [
          0.001822,
          -0.887101,
          -0.461573,
          1.46002
        ],
        [
          0.0,
          0.0,
          0.0,
