{
  "frames": [
    {
      "file_path": "/media/NFS/ttao/scannet/posed_images/scene0299_00/00000.jpg",
      "transform_matrix": [
        [
          -0.425643,
          0.256422,
          -0.8678,
          4.671357
        ],
        [
          0.903842,
          0.166637,
          -0.394083,
          5.530938
        ],
        [
          0.043556,
          -0.952092,
          -0.302693,
          1.420123
        ],
        [
          0.0,
          0.0,
          0.0,
          1.0
        ]
      ]
    },
    {
      "file_path": "/media/NFS/ttao/scannet/posed_images/scene0299_00/00004.jpg",
      "transform_matrix": [
        [
          -0.429804,
          0.258038,
          -0.865266,
          4.653767
        ],
        [
          0.902245,
          0.159846,
          -0.400504,
          5.566096
        ],
        [
          0.034964,
          -0.95282,
          -0.301516,
          1.417791
        ],
        [
          0.0,
          0.0,
          0.0,
          1.0
        ]
      ]
    },
    {
      "file_path": "/media/NFS/ttao/scannet/posed_images/scene0299_00/00008.jpg",
      "transform_matrix": [
        [
          -0.416248,
          0.263684,
          -0.870178,
          4.650493
        ],
        [
          0.908481,
          0.159993,
          -0.386089,
          5.578472
        ],
        [
          0.037417,
          -0.951248,
          -0.306148,
          1.40975
        ],
        [
          0.0,
          0.0,
          0.0,
          1.0
        ]
      ]
    },
    {
      "file_path": "/media/NFS/ttao/scannet/posed_images/scene0299_00/00016.jpg",
      "transform_matrix": [
        [
          -0.367746,
          0.331933,
          -0.868668,
          4.628437
        ],
        [
          0.929468,
          0.16054,
          -0.33214,
          5.622884
        ],
        [
          0.029207,
          -0.929541,
          -0.367559,
          1.380068
        ],
        [
          0.0,
          0.0,
          0.0,
          1.0
        ]
      ]
    },
    {
      "file_path": "/media/NFS/ttao/scannet/posed_images/scene0299_00/00017.jpg",
      "transform_matrix": [
        [
          -0.362504,
          0.335858,
          -0.869362,
          4.628053
        ],
        [
          0.931464,
          0.161677,
          -0.325939,
          5.625
        ],
        [
          0.031087,
          -0.927933,
          -0.371448,
          1.377712
        ],
        [
          0.0,
          0.0,
          0.0,
          1.0
        ]
      ]
    },
    {
      "file_path": "/media/NFS/ttao/scannet/posed_images/scene0299_00/00021.jpg",
      "transform_matrix": [
        [
          -0.307231,
          0.365172,
          -0.878783,
          4.62535
        ],
        [
          0.950819,
          0.156023,
          -0.267581,
          5.609674
        ],
        [
          0.039397,
          -0.917773,
          -0.395147,
          1.357663
        ],
        [
          0.0,
          0.0,
          0.0,
          1.0
        ]
      ]
    },
    {
      "file_path": "/media/NFS/ttao/scannet/posed_images/scene0299_00/00025.jpg",
      "transform_matrix": [
        [
          -0.245976,
          0.39721,
          -0.884149,
          4.62045
        ],
        [
          0.968179,
          0.144079,
          -0.204625,
          5.614354
        ],
        [
          0.046108,
          -0.906347,
          -0.42001,
          1.342748
        ],
        [
          0.0,
          0.0,
          0.0,
          1.0
        ]
      ]
    },
    {
      "file_path": "/media/NFS/ttao/scannet/posed_images/scene0299_00/00032.jpg",
      "transform_matrix": [
        [
          -0.136257,
          0.467062,
          -0.873663,
          4.600805
        ],
        [
          0.989757,
          0.102103,
          -0.099778,
          5.617578
        ],
        [
          0.042601,
          -0.87831,
          -0.47619,
          1.321096
        ],
        [
          0.0,
          0.0,
          0.0,
          1.0
        ]
      ]
    },
    {
      "file_path": "/media/NFS/ttao/scannet/posed_images/scene0299_00/00036.jpg",
      "transform_matrix": [
        [
          -0.116031,
          0.482975,
          -0.867912,
          4.600817
        ],
        [
          0.992987,
          0.07634,
          -0.09027,
          5.655025
        ],
        [
          0.022658,
          -0.8723,
          -0.488446,
          1.324025
        ],
        [
          0.0,
          0.0,
          0.0,
          1.0
        ]
      ]
    },
    {
      "file_path": "/media/NFS/ttao/scannet/posed_images/scene0299_00/00038.jpg",
      "transform_matrix": [
        [
          -0.115237,
          0.487157,
          -0.865678,
          4.604045
        ],
        [
          0.993249,
          0.068209,
          -0.093835,
          5.677866
        ],
        [
          0.013335,
          -0.870647,
          -0.491728,
          1.32571
        ],
        [
          0.0,
          0.0,
          0.0,
          1.0
        ]
      ]
    },
    {
      "file_path": "/media/NFS/ttao/scannet/posed_images/scene0299_00/00043.jpg",
      "transform_matrix": [
        [
          -0.124145,
          0.480787,
          -0.868005,
          4.602959
        ],
        [
          0.992256,
          0.056718,
          -0.110499,
          5.74547
        ],
        [
          -0.003895,
          -0.875001,
          -0.484106,
          1.344383
        ],
        [
          0.0,
          0.0,
          0.0,
          1.0
        ]
      ]
    },
    {
      "file_path": "/media/NFS/ttao/scannet/posed_images/scene0299_00/00047.jpg",
      "transform_matrix": [
        [
          -0.165498,
          0.459167,
          -0.872798,
          4.620211
        ],
        [
          0.98615,
          0.067275,
          -0.151599,
          5.830573
        ],
        [
          -0.010891,
          -0.885799,
          -0.463941,
          1.345766
        ],
        [
          0.0,
          0.0,
          0.0,
          1.0
        ]
      ]
    },
    {
      "file_path": "/media/NFS/ttao/scannet/posed_images/scene0299_00/00055.jpg",
      "transform_matrix": [
        [
          -0.220311,
          0.473,
          -0.853073,
          4.615021
        ],
        [
          0.975429,
          0.105698,
          -0.193305,
          5.988058
        ],
        [
          -0.001265,
          -0.874699,
          -0.484664,
          1.351748
        ],
        [
          0.0,
          0.0,
          0.0,
          1.0
        ]
      ]
    },
    {
      "file_path": "/media/NFS/ttao/scannet/posed_images/scene0299_00/00058.jpg",
      "transform_matrix": [
        [
          -0.243712,
          0.460649,
          -0.853468,
          4.598446
        ],
        [
          0.969799,
          0.10696,
          -0.2192,
          6.051247
        ],
        [
          -0.009687,
          -0.881114,
          -0.472805,
          1.34585
        ],
        [
          0.0,
          0.0,
          0.0,
          1.0
        ]
      ]
    },
    {
      "file_path": "/media/NFS/ttao/scannet/posed_images/scene0299_00/00061.jpg",
      "transform_matrix": [
        [
          -0.27193,
          0.459466,
          -0.845545,
          4.576642
        ],
        [
          0.962317,
          0.130673,
          -0.238477,
          6.092464
        ],
        [
          0.000918,
          -0.87853,
          -0.477686,
          1.352243
        ],
        [
          0.0,
          0.0,
          0.0,
          1.0
        ]
      ]
    },
    {
      "file_path": "/media/NFS/ttao/scannet/posed_images/scene0299_00/00064.jpg",
      "transform_matrix": [
        [
          -0.324315,
          0.451932,
          -0.83101,
          4.558275
        ],
        [
          0.945804,
          0.170331,
          -0.276483,
          6.126098
        ],
        [
          0.016595,
          -0.875639,
          -0.48268,
          1.335322
        ],
        [
          0.0,
          0.0,
          0.0,
          1.0
        ]
      ]
    },
    {
      "file_path": "/media/NFS/ttao/scannet/posed_images/scene0299_00/00072.jpg",
      "transform_matrix": [
        [
          -0.463877,
          0.472457,
          -0.749401,
          4.46362
        ],
        [
          0.885809,
          0.235294,
          -0.399973,
          6.243629
        ],
        [
          -0.01264,
          -0.849365,
          -0.527655,
          1.360385
        ],
        [
          0.0,
          0.0,
          0.0,
          1.0
        ]
      ]
    },
    {
      "file_path": "/media/NFS/ttao/scannet/posed_images/scene0299_00/00075.jpg",
      "transform_matrix": [
        [
          -0.496221,
          0.447825,
          -0.743785,
          4.437606
        ],
        [
          0.867448,
          0.220194,
          -0.446147,
          6.29072
        ],
        [
          -0.036019,
          -0.866583,
          -0.497731,
          1.369009
        ],
        [
          0.0,
          0.0,
          0.0,
          1.0
        ]
      ]
    },
    {
      "file_path": "/media/NFS/ttao/scannet/posed_images/scene0299_00/00079.jpg",
      "transform_matrix": [
        [
          -0.525589,
          0.424209,
          -0.73743,
          4.416092
        ],
        [
          0.84996,
          0.22476,
          -0.476498,
          6.342337
        ],
        [
          -0.03639,
          -0.877228,
          -0.478692,
          1.36475
        ],
        [
          0.0,
          0.0,
          0.0,
          1.0
        ]
      ]
    },
    {
      "file_path": "/media/NFS/ttao/scannet/posed_images/scene0299_00/00083.jpg",
      "transform_matrix": [
        [
          -0.587081,
          0.419211,
          -0.69253,
          4.373674
        ],
        [
          0.808384,
          0.258119,
          -0.529047,
          6.420186
        ],
        [
          -0.043027,
          -0.870423,
          -0.49042,
          1.362641
        ],
        [
          0.0,
          0.0,
          0.0,
          1.0
        ]
      ]
    },
    {
      "file_path": "/media/NFS/ttao/scannet/posed_images/scene0299_00/00086.jpg",
      "transform_matrix": [
        [
          -0.619292,
          0.409962,
          -0.669633,
          4.344963
        ],
        [
          0.784753,
          0.29569,
          -0.54473,
          6.464965
        ],
        [
          -0.025315,
          -0.862843,
          -0.504837,
          1.366018
        ],
        [
          0.0,
          0.0,
          0.0,
          1.0
        ]
      ]
    },
    {
      "file_path": "/media/NFS/ttao/scannet/posed_images/scene0299_00/00094.jpg",
      "transform_matrix": [
        [
          -0.689816,
          0.342043,
          -0.638091,
          4.255556
        ],
        [
          0.722335,
          0.384622,
          -0.574715,
          6.572233
        ],
        [
          0.048846,
          -0.857363,
          -0.512389,
          1.407002
        ],
        [
          0.0,
          0.0,
          0.0,
          1.0
        ]
      ]
    },
    {
      "file_path": "/media/NFS/ttao/scannet/posed_images/scene0299_00/00095.jpg",
      "transform_matrix": [
        [
          -0.698236,
          0.329083,
          -0.635744,
          4.247895
        ],
        [
          0.713727,
          0.388637,
          -0.582713,
          6.58265
        ],
        [
          0.055313,
          -0.860619,
          -0.506236,
          1.407313
        ],
        [
          0.0,
          0.0,
          0.0,
          1.0
        ]
      ]
    },
    {
      "file_path": "/media/NFS/ttao/scannet/posed_images/scene0299_00/00100.jpg",
      "transform_matrix": [
        [
          -0.741459,
          0.314945,
          -0.592494,
          4.201381
        ],
        [
          0.670379,
          0.38563,
          -0.633941,
          6.63562
        ],
        [
          0.028827,
          -0.867236,
          -0.497061,
          1.414325
        ],
        [
          0.0,
          0.0,
          0.0,
          1.0
        ]
      ]
    },
    {
      "file_path": "/media/NFS/ttao/scannet/posed_images/scene0299_00/00105.jpg",
      "transform_matrix": [
        [
          -0.77906,
          0.289668,
          -0.55602,
          4.145478
        ],
        [
          0.625974,
          0.408828,
          -0.66409,
          6.663482
        ],
        [
          0.034951,
          -0.86542,
          -0.499826,
          1.412306
        ],
        [
          0.0,
          0.0,
          0.0,
          1.0
        ]
      ]
    },
    {
      "file_path": "/media/NFS/ttao/scannet/posed_images/scene0299_00/00109.jpg",
      "transform_matrix": [
        [
          -0.801037,
          0.259838,
          -0.539281,
          4.103299
        ],
        [
          0.596624,
          0.419967,
          -0.683863,
          6.680124
        ],
        [
          0.048787,
          -0.869547,
          -0.491434,
          1.415671
        ],
        [
          0.0,
          0.0,
          0.0,
          1.0
        ]
      ]
    },
    {
      "file_path": "/media/NFS/ttao/scannet/posed_images/scene0299_00/00114.jpg",
      "transform_matrix": [
        [
          -0.828734,
          0.208633,
          -0.5193,
          4.043838
        ],
        [
          0.553408,
          0.44363,
          -0.704934,
          6.708381
        ],
        [
          0.083305,
          -0.871588,
          -0.48311,
          1.41365
        ],
        [
          0.0,
          0.0,
          0.0,
          1.0
        ]
      ]
    },
    {
      "file_path": "/media/NFS/ttao/scannet/posed_images/scene0299_00/00116.jpg",
      "transform_matrix": [
        [
          -0.842071,
          0.196187,
          -0.502421,
          4.009164
        ],
        [
          0.532034,
          0.45521,
          -0.71395,
          6.720423
        ],
        [
          0.088639,
          -0.868501,
          -0.487697,
          1.415179
        ],
        [
          0.0,
          0.0,
          0.0,
          1.0
        ]
      ]
    },
    {
      "file_path": "/media/NFS/ttao/scannet/posed_images/scene0299_00/00122.jpg",
      "transform_matrix": [
        [
          -0.856453,
          0.139508,
          -0.497017,
          3.897436
        ],
        [
          0.494197,
          0.499827,
          -0.711296,
          6.774662
        ],
        [
          0.149191,
          -0.854816,
          -0.497023,
          1.430264
        ],
        [
          0.0,
          0.0,
          0.0,
          1.0
        ]
      ]
    },
    {
      "file_path": "/media/NFS/ttao/scannet/posed_images/scene0299_00/00127.jpg",
      "transform_matrix": [
        [
          -0.865929,
          0.12374,
          -0.484618,
          3.820049
        ],
        [
          0.476431,
          0.498997,
          -0.723889,
          6.808111
        ],
        [
          0.152249,
          -0.857724,
          -0.49105,
          1.456217
        ],
        [
          0.0,
          0.0,
          0.0,
          1.0
        ]
      ]
    },
    {
      "file_path": "/media/NFS/ttao/scannet/posed_images/scene0299_00/00130.jpg",
      "transform_matrix": [
        [
          -0.88765,
          0.094609,
          -0.450695,
          3.748422
        ],
        [
          0.433279,
          0.503169,
          -0.747723,
          6.836716
        ],
        [
          0.156034,
          -0.858993,
          -0.487631,
          1.474277
        ],
        [
          0.0,
          0.0,
          0.0,
          1.0
        ]
      ]
    },
    {
      "file_path": "/media/NFS/ttao/scannet/posed_images/scene0299_00/00136.jpg",
      "transform_matrix": [
        [
          -0.928361,
          0.037831,
          -0.36975,
          3.616849
        ],
        [
          0.341097,
          0.481889,
          -0.807116,
          6.893034
        ],
        [
          0.147644,
          -0.875415,
          -0.460271,
          1.503624
        ],
        [
          0.0,
          0.0,
          0.0,
          1.0
        ]
      ]
    },
    {
      "file_path": "/media/NFS/ttao/scannet/posed_images/scene0299_00/00138.jpg",
      "transform_matrix": [
        [
          -0.935205,
          0.032874,
          -0.352578,
          3.576275
        ],
        [
          0.32445,
          0.47843,
          -0.815988,
          6.90601
        ],
        [
          0.141859,
          -0.87751,
          -0.458096,
          1.507236
        ],
        [
          0.0,
          0.0,
          0.0,
          1.0
        ]
      ]
    },
    {
      "file_path": "/media/NFS/ttao/scannet/posed_images/scene0299_00/00143.jpg",
      "transform_matrix": [
        [
          -0.95076,
          0.044539,
          -0.306712,
          3.473042
        ],
        [
          0.290333,
          0.474296,
          -0.831113,
          6.918585
        ],
        [
          0.108455,
          -0.879238,
          -0.463873,
          1.532003
        ],
        [
          0.0,
          0.0,
          0.0,
          1.0
        ]
      ]
    },
    {
      "file_path": "/media/NFS/ttao/scannet/posed_images/scene0299_00/00150.jpg",
      "transform_matrix": [
        [
          -0.946945,
          0.02692,
          -0.320266,
          3.348372
        ],
        [
          0.299772,
          0.433317,
          -0.849926,
          6.881843
        ],
        [
          0.115897,
          -0.90084,
          -0.418397,
          1.539666
        ],
        [
          0.0,
          0.0,
          0.0,
          1.0
        ]
      ]
    },
    {
      "file_path": "/media/NFS/ttao/scannet/posed_images/scene0299_00/00152.jpg",
      "transform_matrix": [
        [
          -0.946539,
          0.021958,
          -0.321841,
          3.327943
        ],
        [
          0.300103,
          0.425904,
          -0.853548,
          6.868261
        ],
        [
          0.118331,
          -0.904502,
          -0.409725,
          1.533793
        ],
        [
          0.0,
          0.0,
          0.0,
          1.0
        ]
      ]
    },
    {
      "file_path": "/media/NFS/ttao/scannet/posed_images/scene0299_00/00159.jpg",
      "transform_matrix": [
        [
          -0.959729,
          0.010229,
          -0.280742,
          3.215545
        ],
        [
          0.259377,
          0.416129,
          -0.871528,
          6.807108
        ],
        [
          0.10791,
          -0.909248,
          -0.402024,
          1.542902
        ],
        [
          0.0,
          0.0,
          0.0,
          1.0
        ]
      ]
    },
    {
      "file_path": "/media/NFS/ttao/scannet/posed_images/scene0299_00/00162.jpg",
      "transform_matrix": [
        [
          -0.962926,
          0.016153,
          -0.26928,
          3.161334
        ],
        [
          0.250064,
          0.4279,
          -0.868544,
          6.785787
        ],
        [
          0.101196,
          -0.903682,
          -0.416076,
          1.53917
        ],
        [
          0.0,
          0.0,
          0.0,
          1.0
        ]
      ]
    },
    {
      "file_path": "/media/NFS/ttao/scannet/posed_images/scene0299_00/00164.jpg",
      "transform_matrix": [
        [
          -0.96409,
          0.024834,
          -0.264414,
          3.133875
        ],
        [
          0.248927,
          0.431482,
          -0.867098,
          6.771896
        ],
        [
          0.092556,
          -0.90178,
          -0.422169,
          1.540286
        ],
        [
          0.0,
          0.0,
          0.0,
          1.0
        ]
      ]
    },
    {
      "file_path": "/media/NFS/ttao/scannet/posed_images/scene0299_00/00169.jpg",
      "transform_matrix": [
        [
          -0.971053,
          0.042903,
          -0.234981,
          3.048037
        ],
        [
          0.230243,
          0.430044,
          -0.872955,
          6.744678
        ],
        [
          0.0636,
          -0.901788,
          -0.427473,
          1.541908
        ],
        [
          0.0,
          0.0,
          0.0,
          1.0
        ]
      ]
    },
    {
      "file_path": "/media/NFS/ttao/scannet/posed_images/scene0299_00/00173.jpg",
      "transform_matrix": [
        [
          -0.975871,
          0.022121,
          -0.217226,
          2.965291
        ],
        [
          0.204594,
          0.440163,
          -0.874298,
          6.732083
        ],
        [
          0.076274,
          -0.897645,
          -0.434069,
          1.526092
        ],
        [
          0.0,
          0.0,
          0.0,
          1.0
        ]
      ]
    },
    {
      "file_path": "/media/NFS/ttao/scannet/posed_images/scene0299_00/00178.jpg",
      "transform_matrix": [
        [
          -0.974527,
          -0.001211,
          -0.224265,
          2.861765
        ],
        [
          0.198617,
          0.45974,
          -0.865558,
          6.699052
        ],
        [
          0.104151,
          -0.888053,
          -0.447789,
          1.536682
        ],
        [
          0.0,
          0.0,
          0.0,
          1.0
        ]
      ]
    },
    {
      "file_path": "/media/NFS/ttao/scannet/posed_images/scene0299_00/00185.jpg",
      "transform_matrix": [
        [
          -0.978305,
          0.048112,
          -0.201503,
          2.778691
        ],
        [
          0.200277,
          0.468406,
          -0.860514,
          6.677083
        ],
        [
          0.052984,
          -0.882203,
          -0.46788,
          1.515376
        ],
        [
          0.0,
          0.0,
          0.0,
          1.0
        ]
      ]
    },
    {
      "file_path": "/media/NFS/ttao/scannet/posed_images/scene0299_00/00186.jpg",
      "transform_matrix": [
        [
          -0.979107,
          0.052942,
          -0.196333,
          2.768591
        ],
        [
          0.197949,
          0.469112,
          -0.860668,
          6.676135
        ],
        [
          0.046537,
          -0.88155,
          -0.469791,
          1.512948
        ],
        [
          0.0,
          0.0,
          0.0,
          1.0
        ]
      ]
    },
    {
      "file_path": "/media/NFS/ttao/scannet/posed_images/scene0299_00/00190.jpg",
      "transform_matrix": [
        [
          -0.982067,
          0.070184,
          -0.174981,
          2.743442
        ],
        [
          0.186775,
          0.488594,
          -0.852286,
          6.653214
        ],
        [
          0.025678,
          -0.869684,
          -0.49294,
          1.518178
        ],
        [
          0.0,
          0.0,
          0.0,
          1.0
        ]
      ]
    },
    {
      "file_path": "/media/NFS/ttao/scannet/posed_images/scene0299_00/00194.jpg",
      "transform_matrix": [
        [
          -0.986368,
          0.069711,
          -0.149059,
          2.73934
        ],
        [
          0.164195,
          0.476813,
          -0.863533,
          6.642525
        ],
        [
          0.010875,
          -0.876236,
          -0.481759,
          1.531326
        ],
        [
          0.0,
          0.0,
          0.0,
          1.0
        ]
      ]
    },
    {
      "file_path": "/media/NFS/ttao/scannet/posed_images/scene0299_00/00200.jpg",
      "transform_matrix": [
        [
          -0.993658,
          0.03645,
          -0.106369,
          2.747792
        ],
        [
          0.111303,
          0.453123,
          -0.884472,
          6.639245
        ],
        [
          0.015959,
          -0.890703,
          -0.454306,
          1.549499
        ],
        [
          0.0,
          0.0,
          0.0,
          1.0
        ]
      ]
    },
    {
      "file_path": "/media/NFS/ttao/scannet/posed_images/scene0299_00/00205.jpg",
      "transform_matrix": [
        [
          -0.998309,
          -0.019448,
          -0.054774,
          2.798908
        ],
        [
          0.041206,
          0.427839,
          -0.902915,
          6.637239
        ],
        [
          0.040994,
          -0.903646,
          -0.426314,
          1.564323
        ],
        [
          0.0,
          0.0,
          0.0,
          1.0
        ]
      ]
    },
    {
      "file_path": "/media/NFS/ttao/scannet/posed_images/scene0299_00/00208.jpg",
      "transform_matrix": [
        [
          -0.99452,
          -0.062961,
          -0.08346,
          2.852886
        ],
        [
          0.050629,
          0.408413,
          -0.911392,
          6.64152
        ],
        [
          0.091468,
          -0.910623,
          -0.402987,
          1.57509
        ],
        [
          0.0,
          0.0,
          0.0,
          1.0
        ]
      ]
    },
    {
      "file_path": "/media/NFS/ttao/scannet/posed_images/scene0299_00/00213.jpg",
      "transform_matrix": [
        [
          -0.991813,
          -0.082149,
          -0.097767,
          2.946955
        ],
        [
          0.060596,
          0.371161,
          -0.926589,
          6.655497
        ],
        [
          0.112406,
          -0.924928,
          -0.363145,
          1.584354
        ],
        [
          0.0,
          0.0,
          0.0,
          1.0
        ]
      ]
    },
    {
      "file_path": "/media/NFS/ttao/scannet/posed_images/scene0299_00/00218.jpg",
      "transform_matrix": [
        [
          -0.9825,
          -0.117523,
          -0.144505,
          3.06787
        ],
        [
          0.092489,
          0.365595,
          -0.926168,
          6.662943
        ],
        [
          0.161676,
          -0.923325,
          -0.348327,
          1.588265
        ],
        [
          0.0,
          0.0,
          0.0,
          1.0
        ]
      ]
    },
    {
      "file_path": "/media/NFS/ttao/scannet/posed_images/scene0299_00/00220.jpg",
      "transform_matrix": [
        [
          -0.979797,
          -0.121316,
          -0.158997,
          3.140209
        ],
        [
          0.105446,
          0.362163,
          -0.926131,
          6.667699
        ],
        [
          0.169937,
          -0.924186,
          -0.342054,
          1.57466
        ],
        [
          0.0,
          0.0,
          0.0,
          1.0
        ]
      ]
    },
    {
      "file_path": "/media/NFS/ttao/scannet/posed_images/scene0299_00/00225.jpg",
      "transform_matrix": [
        [
          -0.983953,
          -0.11353,
          -0.13765,
          3.204436
        ],
        [
          0.084123,
          0.385171,
          -0.919003,
          6.666071
        ],
        [
          0.157353,
          -0.915835,
          -0.36944,
          1.565968
        ],
        [
          0.0,
          0.0,
          0.0,
          1.0
        ]
      ]
    },
    {
      "file_path": "/media/NFS/ttao/scannet/posed_images/scene0299_00/00231.jpg",
      "transform_matrix": [
        [
          -0.992201,
          -0.097601,
          -0.077535,
          3.337074
        ],
        [
          0.03057,
          0.412492,
          -0.910448,
          6.654321
        ],
        [
          0.120843,
          -0.905718,
          -0.406291,
          1.546661
        ],
        [
          0.0,
          0.0,
          0.0,
          1.0
        ]
      ]
    },
    {
      "file_path": "/media/NFS/ttao/scannet/posed_images/scene0299_00/00237.jpg",
      "transform_matrix": [
        [
          -0.997486,
          -0.070745,
          -0.004193,
          3.430649
        ],
        [
          -0.025251,
          0.410072,
          -0.911704,
          6.625027
        ],
        [
          0.066218,
          -0.909305,
          -0.410827,
          1.528474
        ],
        [
          0.0,
          0.0,
          0.0,
          1.0
        ]
      ]
    },
    {
      "file_path": "/media/NFS/ttao/scannet/posed_images/scene0299_00/00240.jpg",
      "transform_matrix": [
        [
          -0.998924,
          -0.045684,
          -0.008006,
          3.49242
        ],
        [
          -0.01134,
          0.407955,
          -0.912931,
          6.589081
        ],
        [
          0.044972,
          -0.911858,
          -0.408034,
          1.527785
        ],
        [
          0.0,
          0.0,
          0.0,
          1.0
        ]
      ]
    },
    {
      "file_path": "/media/NFS/ttao/scannet/posed_images/scene0299_00/00244.jpg",
      "transform_matrix": [
        [
          -0.999901,
          -0.005814,
          0.012823,
          3.553441
        ],
        [
          -0.014079,
          0.403814,
          -0.914733,
          6.541671
        ],
        [
          0.000141,
          -0.914823,
          -0.403856,
          1.515989
        ],
        [
          0.0,
          0.0,
          0.0,
          1.0
        ]
      ]
    },
    {
      "file_path": "/media/NFS/ttao/scannet/posed_images/scene0299_00/00247.jpg",
      "transform_matrix": [
        [
          -1.0,
          0.000222,
          -0.000988,
          3.611944
        ],
        [
          0.000993,
          0.410056,
          -0.91206,
          6.505392
        ],
        [
          0.000203,
          -0.91206,
          -0.410056,
          1.509781
        ],
        [
          0.0,
          0.0,
          0.0,
          1.0
        ]
      ]
    },
    {
      "file_path": "/media/NFS/ttao/scannet/posed_images/scene0299_00/00254.jpg",
      "transform_matrix": [
        [
          -0.998929,
          -0.012884,
          -0.044436,
          3.744697
        ],
        [
          0.036175,
          0.381245,
          -0.923766,
          6.454008
        ],
        [
          0.028843,
          -0.924384,
          -0.38037,
          1.513343
        ],
        [
          0.0,
          0.0,
          0.0,
          1.0
        ]
      ]
    },
    {
      "file_path": "/media/NFS/ttao/scannet/posed_images/scene0299_00/00255.jpg",
      "transform_matrix": [
        [
          -0.998462,
          -0.013404,
          -0.053805,
          3.764687
        ],
        [
          0.044722,
          0.378961,
          -0.924331,
          6.448265
        ],
        [
          0.032779,
          -0.925315,
          -0.377779,
          1.507352
        ],
        [
          0.0,
          0.0,
          0.0,
          1.0
        ]
      ]
    },
    {
      "file_path": "/media/NFS/ttao/scannet/posed_images/scene0299_00/00263.jpg",
      "transform_matrix": [
        [
          -0.996558,
          0.016583,
          -0.081224,
          3.940298
        ],
        [
          0.080399,
          0.432178,
          -0.898197,
          6.410062
        ],
        [
          0.020209,
          -0.901636,
          -0.432024,
          1.471197
        ],
        [
          0.0,
          0.0,
          0.0,
          1.0
        ]
      ]
    },
    {
      "file_path": "/media/NFS/ttao/scannet/posed_images/scene0299_00/00266.jpg",
      "transform_matrix": [
        [
          -0.996563,
          0.026911,
          -0.07835,
          4.007132
        ],
        [
          0.082316,
          0.428176,
          -0.899939,
          6.396736
        ],
        [
          0.009329,
          -0.903295,
          -0.428919,
          1.465272
        ],
        [
          0.0,
          0.0,
          0.0,
          1.0
        ]
      ]
    },
    {
      "file_path": "/media/NFS/ttao/scannet/posed_images/scene0299_00/00270.jpg",
      "transform_matrix": [
        [
          -0.992943,
          0.037011,
          -0.112667,
          4.102404
        ],
        [
          0.117042,
          0.458868,
          -0.880762,
          6.369477
        ],
        [
          0.019102,
          -0.887733,
          -0.459962,
          1.449051
        ],
        [
          0.0,
          0.0,
          0.0,
          1.0
        ]
      ]
    },
    {
      "file_path": "/media/NFS/ttao/scannet/posed_images/scene0299_00/00276.jpg",
      "transform_matrix": [
        [
          -0.9924,
          0.036822,
          -0.117418,
          4.191197
        ],
        [
          0.12,
          0.500909,
          -0.857141,
          6.321682
        ],
        [
          0.027254,
          -0.864716,
          -0.501521,
          1.401424
        ],
        [
          0.0,
          0.0,
          0.0,
          1.0
        ]
      ]
    },
    {
      "file_path": "/media/NFS/ttao/scannet/posed_images/scene0299_00/00277.jpg",
      "transform_matrix": [
        [
          -0.992481,
          0.034567,
          -0.11742,
          4.199895
        ],
        [
          0.118502,
          0.511597,
          -0.851015,
          6.3041
        ],
        [
          0.030655,
          -0.85853,
          -0.511846,
          1.399588
        ],
        [
          0.0,
          0.0,
          0.0,
          1.0
        ]
      ]
    },
    {
      "file_path": "/media/NFS/ttao/scannet/posed_images/scene0299_00/00283.jpg",
      "transform_matrix": [
        [
          -0.989488,
          0.065027,
          -0.129172,
          4.289501
        ],
        [
          0.143589,
          0.548037,
          -0.824037,
          6.218523
        ],
        [
          0.017207,
          -0.833923,
          -0.551613,
          1.361489
        ],
        [
          0.0,
          0.0,
          0.0,
          1.0
        ]
      ]
    },
    {
      "file_path": "/media/NFS/ttao/scannet/posed_images/scene0299_00/00285.jpg",
      "transform_matrix": [
        [
          -0.985706,
          0.083682,
          -0.146222,
          4.311482
        ],
        [
          0.167782,
          0.566158,
          -0.80704,
          6.173205
        ],
        [
          0.01525,
          -0.820038,
          -0.572106,
          1.360104
        ],
        [
          0.0,
          0.0,
          0.0,
          1.0
        ]
      ]
    },
    {
      "file_path": "/media/NFS/ttao/scannet/posed_images/scene0299_00/00292.jpg",
      "transform_matrix": [
        [
          -0.971472,
          0.100459,
          -0.214826,
          4.403156
        ],
        [
          0.233541,
          0.562786,
          -0.792926,
          6.028739
        ],
        [
          0.041244,
          -0.820476,
          -0.570192,
          1.36409
        ],
        [
          0.0,
          0.0,
          0.0,
          1.0
        ]
      ]
    },
    {
      "file_path": "/media/NFS/ttao/scannet/posed_images/scene0299_00/00296.jpg",
      "transform_matrix": [
        [
          -0.969581,
          0.090854,
          -0.227285,
          4.450268
        ],
        [
          0.239047,
          0.551111,
          -0.799458,
          5.968278
        ],
        [
          0.052625,
          -0.829471,
          -0.556065,
          1.356371
        ],
        [
          0.0,
          0.0,
          0.0,
          1.0
        ]
      ]
    },
    {
      "file_path": "/media/NFS/ttao/scannet/posed_images/scene0299_00/00300.jpg",
      "transform_matrix": [
        [
          -0.963349,
          0.097233,
          -0.250008,
          4.504408
        ],
        [
          0.261481,
          0.548428,
          -0.794263,
          5.885931
        ],
        [
          0.059883,
          -0.830525,
          -0.553753,
          1.357214
        ],
        [
          0.0,
          0.0,
          0.0,
          1.0
        ]
      ]
    },
    {
      "file_path": "/media/NFS/ttao/scannet/posed_images/scene0299_00/00306.jpg",
      "transform_matrix": [
        [
          -0.946366,
          0.123098,
          -0.298728,
          4.569143
        ],
        [
          0.317957,
          0.51909,
          -0.793378,
          5.767073
        ],
        [
          0.057404,
          -0.845809,
          -0.530389,
          1.353079
        ],
        [
          0.0,
          0.0,
          0.0,
          1.0
        ]
      ]
    },
    {
      "file_path": "/media/NFS/ttao/scannet/posed_images/scene0299_00/00308.jpg",
      "transform_matrix": [
        [
          -0.930627,
          0.148449,
          -0.33451,
          4.603951
        ],
        [
          0.362378,
          0.501533,
          -0.785587,
          5.689424
        ],
        [
          0.051148,
          -0.852307,
          -0.520535,
          1.36806
        ],
        [
          0.0,
          0.0,
          0.0,
          1.0
        ]
      ]
    },
    {
      "file_path": "/media/NFS/ttao/scannet/posed_images/scene0299_00/00312.jpg",
      "transform_matrix": [
        [
          -0.916875,
          0.160973,
          -0.365279,
          4.652963
        ],
        [
          0.396573,
          0.471644,
          -0.78758,
          5.590964
        ],
        [
          0.045502,
          -0.866972,
          -0.496276,
          1.35065
        ],
        [
          0.0,
          0.0,
          0.0,
          1.0
        ]
      ]
    },
    {
      "file_path": "/media/NFS/ttao/scannet/posed_images/scene0299_00/00318.jpg",
      "transform_matrix": [
        [
          -0.899315,
          0.14887,
          -0.411183,
          4.695377
        ],
        [
          0.429542,
          0.47707,
          -0.766745,
          5.452013
        ],
        [
          0.082017,
          -0.866165,
          -0.492982,
          1.332158
        ],
        [
          0.0,
          0.0,
          0.0,
          1.0
        ]
      ]
    },
    {
      "file_path": "/media/NFS/ttao/scannet/posed_images/scene0299_00/00320.jpg",
      "transform_matrix": [
        [
          -0.900312,
          0.137656,
          -0.412903,
          4.698454
        ],
        [
          0.425033,
          0.482351,
          -0.765953,
          5.416624
        ],
        [
          0.093726,
          -0.865094,
          -0.492775,
          1.321204
        ],
        [
          0.0,
          0.0,
          0.0,
          1.0
        ]
      ]
    },
    {
      "file_path": "/media/NFS/ttao/scannet/posed_images/scene0299_00/00326.jpg",
      "transform_matrix": [
        [
          -0.892597,
          0.134427,
          -0.430349,
          4.714518
        ],
        [
          0.438665,
          0.479406,
          -0.760094,
          5.280059
        ],
        [
          0.104135,
          -0.867236,
          -0.486885,
          1.309587
        ],
        [
          0.0,
          0.0,
          0.0,
          1.0
        ]
      ]
    },
    {
      "file_path": "/media/NFS/ttao/scannet/posed_images/scene0299_00/00332.jpg",
      "transform_matrix": [
        [
          -0.898381,
          0.134903,
          -0.417987,
          4.736434
        ],
        [
          0.428121,
          0.481529,
          -0.76475,
          5.155459
        ],
        [
          0.098106,
          -0.865985,
          -0.490352,
          1.29198
        ],
        [
          0.0,
          0.0,
          0.0,
          1.0
        ]
      ]
    },
    {
      "file_path": "/media/NFS/ttao/scannet/posed_images/scene0299_00/00333.jpg",
      "transform_matrix": [
        [
          -0.896715,
          0.135822,
          -0.421253,
          4.74241
        ],
        [
          0.431046,
          0.484103,
          -0.761475,
          5.135742
        ],
        [
          0.100504,
          -0.864405,
          -0.492648,
          1.288643
        ],
        [
