{
  "frames": [
    {
      "file_path": "/media/NFS/ttao/scannet/posed_images/scene0262_01/00000.jpg",
      "transform_matrix": [
        [
          0.356863,
          -0.433827,
          0.827311,
          3.104892
        ],
        [
          -0.933907,
          -0.186146,
          0.305232,
          2.132241
        ],
        [
          0.021582,
          -0.881558,
          -0.471583,
          1.416359
        ],
        [
          0.0,
          0.0,
          0.0,
          1.0
        ]
      ]
    },
    {
      "file_path": "/media/NFS/ttao/scannet/posed_images/scene0262_01/00007.jpg",
      "transform_matrix": [
        [
          0.476684,
          -0.427792,
          0.767963,
          3.093512
        ],
        [
          -0.878607,
          -0.260332,
          0.400346,
          2.132458
        ],
        [
          0.02866,
          -0.865576,
          -0.499957,
          1.398273
        ],
        [
          0.0,
          0.0,
          0.0,
          1.0
        ]
      ]
    },
    {
      "file_path": "/media/NFS/ttao/scannet/posed_images/scene0262_01/00019.jpg",
      "transform_matrix": [
        [
          0.754982,
          -0.357486,
          0.549733,
          3.324959
        ],
        [
          -0.65294,
          -0.487289,
          0.579844,
          2.129326
        ],
        [
          0.060593,
          -0.796714,
          -0.601311,
          1.460724
        ],
        [
          0.0,
          0.0,
          0.0,
          1.0
        ]
      ]
    },
    {
      "file_path": "/media/NFS/ttao/scannet/posed_images/scene0262_01/00027.jpg",
      "transform_matrix": [
        [
          0.781929,
          -0.352046,
          0.514443,
          3.412055
        ],
        [
          -0.620079,
          -0.52392,
          0.58396,
          2.144104
        ],
        [
          0.063946,
          -0.77561,
          -0.627964,
          1.464227
        ],
        [
          0.0,
          0.0,
          0.0,
          1.0
        ]
      ]
    },
    {
      "file_path": "/media/NFS/ttao/scannet/posed_images/scene0262_01/00031.jpg",
      "transform_matrix": [
        [
          0.809716,
          -0.348272,
          0.472299,
          3.449517
        ],
        [
          -0.584684,
          -0.547448,
          0.598704,
          2.142664
        ],
        [
          0.050047,
          -0.760926,
          -0.646906,
          1.466847
        ],
        [
          0.0,
          0.0,
          0.0,
          1.0
        ]
      ]
    },
    {
      "file_path": "/media/NFS/ttao/scannet/posed_images/scene0262_01/00041.jpg",
      "transform_matrix": [
        [
          0.906817,
          -0.274177,
          0.320172,
          3.530019
        ],
        [
          -0.421252,
          -0.616718,
          0.664985,
          2.105968
        ],
        [
          0.015132,
          -0.737893,
          -0.674749,
          1.44992
        ],
        [
          0.0,
          0.0,
          0.0,
          1.0
        ]
      ]
    },
    {
      "file_path": "/media/NFS/ttao/scannet/posed_images/scene0262_01/00053.jpg",
      "transform_matrix": [
        [
          0.981095,
          -0.101955,
          0.164491,
          3.611035
        ],
        [
          -0.190187,
          -0.665124,
          0.722107,
          2.078785
        ],
        [
          0.035785,
          -0.73974,
          -0.671941,
          1.447693
        ],
        [
          0.0,
          0.0,
          0.0,
          1.0
        ]
      ]
    },
    {
      "file_path": "/media/NFS/ttao/scannet/posed_images/scene0262_01/00060.jpg",
      "transform_matrix": [
        [
          0.988062,
          -0.083495,
          0.129469,
          3.650755
        ],
        [
          -0.151866,
          -0.669104,
          0.727486,
          2.088598
        ],
        [
          0.025887,
          -0.738463,
          -0.673796,
          1.454447
        ],
        [
          0.0,
          0.0,
          0.0,
          1.0
        ]
      ]
    },
    {
      "file_path": "/media/NFS/ttao/scannet/posed_images/scene0262_01/00065.jpg",
      "transform_matrix": [
        [
          0.990676,
          -0.080902,
          0.109616,
          3.670843
        ],
        [
          -0.135668,
          -0.659332,
          0.73951,
          2.088549
        ],
        [
          0.012445,
          -0.747486,
          -0.664161,
          1.455756
        ],
        [
          0.0,
          0.0,
          0.0,
          1.0
        ]
      ]
    },
    {
      "file_path": "/media/NFS/ttao/scannet/posed_images/scene0262_01/00077.jpg",
      "transform_matrix": [
        [
          0.999458,
          0.01502,
          -0.029283,
          3.744596
        ],
        [
          0.031809,
          -0.669122,
          0.742472,
          2.082626
        ],
        [
          -0.008442,
          -0.743001,
          -0.669237,
          1.459404
        ],
        [
          0.0,
          0.0,
          0.0,
          1.0
        ]
      ]
    },
    {
      "file_path": "/media/NFS/ttao/scannet/posed_images/scene0262_01/00084.jpg",
      "transform_matrix": [
        [
          0.988916,
          0.117917,
          -0.090229,
          3.842438
        ],
        [
          0.145839,
          -0.657343,
          0.739345,
          2.057235
        ],
        [
          0.02787,
          -0.744309,
          -0.667254,
          1.461957
        ],
        [
          0.0,
          0.0,
          0.0,
          1.0
        ]
      ]
    },
    {
      "file_path": "/media/NFS/ttao/scannet/posed_images/scene0262_01/00087.jpg",
      "transform_matrix": [
        [
          0.980635,
          0.149084,
          -0.127,
          3.88921
        ],
        [
          0.19425,
          -0.657815,
          0.7277,
          2.040984
        ],
        [
          0.024946,
          -0.738277,
          -0.674036,
          1.461735
        ],
        [
          0.0,
          0.0,
          0.0,
          1.0
        ]
      ]
    },
    {
      "file_path": "/media/NFS/ttao/scannet/posed_images/scene0262_01/00097.jpg",
      "transform_matrix": [
        [
          0.956251,
          0.222625,
          -0.189795,
          3.994022
        ],
        [
          0.291052,
          -0.658451,
          0.694069,
          1.96937
        ],
        [
          0.029546,
          -0.718944,
          -0.69444,
          1.45069
        ],
        [
          0.0,
          0.0,
          0.0,
          1.0
        ]
      ]
    },
    {
      "file_path": "/media/NFS/ttao/scannet/posed_images/scene0262_01/00104.jpg",
      "transform_matrix": [
        [
          0.944331,
          0.240998,
          -0.223965,
          4.057238
        ],
        [
          0.328815,
          -0.668585,
          0.666989,
          1.959862
        ],
        [
          0.011003,
          -0.703501,
          -0.710609,
          1.44035
        ],
        [
          0.0,
          0.0,
          0.0,
          1.0
        ]
      ]
    },
    {
      "file_path": "/media/NFS/ttao/scannet/posed_images/scene0262_01/00116.jpg",
      "transform_matrix": [
        [
          0.94079,
          0.26852,
          -0.206908,
          4.155488
        ],
        [
          0.336526,
          -0.666351,
          0.665378,
          2.034077
        ],
        [
          0.040794,
          -0.69561,
          -0.71726,
          1.443104
        ],
        [
          0.0,
          0.0,
          0.0,
          1.0
        ]
      ]
    },
    {
      "file_path": "/media/NFS/ttao/scannet/posed_images/scene0262_01/00126.jpg",
      "transform_matrix": [
        [
          0.928452,
          0.291186,
          -0.230625,
          4.212591
        ],
        [
          0.368342,
          -0.641538,
          0.67287,
          2.103216
        ],
        [
          0.047975,
          -0.709676,
          -0.702893,
          1.463424
        ],
        [
          0.0,
          0.0,
          0.0,
          1.0
        ]
      ]
    },
    {
      "file_path": "/media/NFS/ttao/scannet/posed_images/scene0262_01/00128.jpg",
      "transform_matrix": [
        [
          0.924427,
          0.290981,
          -0.246505,
          4.223096
        ],
        [
          0.379513,
          -0.638415,
          0.669624,
          2.115479
        ],
        [
          0.037475,
          -0.71257,
          -0.700599,
          1.469458
        ],
        [
          0.0,
          0.0,
          0.0,
          1.0
        ]
      ]
    },
    {
      "file_path": "/media/NFS/ttao/scannet/posed_images/scene0262_01/00138.jpg",
      "transform_matrix": [
        [
          0.905537,
          0.302003,
          -0.297988,
          4.285348
        ],
        [
          0.423787,
          -0.610455,
          0.669141,
          2.183509
        ],
        [
          0.020174,
          -0.732215,
          -0.680775,
          1.496864
        ],
        [
          0.0,
          0.0,
          0.0,
          1.0
        ]
      ]
    },
    {
      "file_path": "/media/NFS/ttao/scannet/posed_images/scene0262_01/00147.jpg",
      "transform_matrix": [
        [
          0.899549,
          0.292652,
          -0.324294,
          4.344084
        ],
        [
          0.436183,
          -0.561697,
          0.703022,
          2.233594
        ],
        [
          0.023586,
          -0.773854,
          -0.632924,
          1.524049
        ],
        [
          0.0,
          0.0,
          0.0,
          1.0
        ]
      ]
    },
    {
      "file_path": "/media/NFS/ttao/scannet/posed_images/scene0262_01/00152.jpg",
      "transform_matrix": [
        [
          0.897292,
          0.27881,
          -0.342247,
          4.363029
        ],
        [
          0.441084,
          -0.535204,
          0.720417,
          2.248727
        ],
        [
          0.017687,
          -0.797384,
          -0.603213,
          1.541216
        ],
        [
          0.0,
          0.0,
          0.0,
          1.0
        ]
      ]
    },
    {
      "file_path": "/media/NFS/ttao/scannet/posed_images/scene0262_01/00159.jpg",
      "transform_matrix": [
        [
          0.899814,
          0.256436,
          -0.352952,
          4.38181
        ],
        [
          0.435669,
          -0.485582,
          0.757894,
          2.257462
        ],
        [
          0.022964,
          -0.835734,
          -0.548654,
          1.56718
        ],
        [
          0.0,
          0.0,
          0.0,
          1.0
        ]
      ]
    },
    {
      "file_path": "/media/NFS/ttao/scannet/posed_images/scene0262_01/00174.jpg",
      "transform_matrix": [
        [
          0.92285,
          0.150472,
          -0.35455,
          4.401384
        ],
        [
          0.38508,
          -0.37914,
          0.841407,
          2.27183
        ],
        [
          -0.007816,
          -0.913023,
          -0.407834,
          1.66139
        ],
        [
          0.0,
          0.0,
          0.0,
          1.0
        ]
      ]
    },
    {
      "file_path": "/media/NFS/ttao/scannet/posed_images/scene0262_01/00181.jpg",
      "transform_matrix": [
        [
          0.923908,
          0.096594,
          -0.370222,
          4.40855
        ],
        [
          0.379719,
          -0.350321,
          0.856206,
          2.267662
        ],
        [
          -0.046992,
          -0.931635,
          -0.360343,
          1.690695
        ],
        [
          0.0,
          0.0,
          0.0,
          1.0
        ]
      ]
    },
    {
      "file_path": "/media/NFS/ttao/scannet/posed_images/scene0262_01/00188.jpg",
      "transform_matrix": [
        [
          0.927376,
          0.063407,
          -0.368718,
          4.415484
        ],
        [
          0.368125,
          -0.330523,
          0.869045,
          2.259601
        ],
        [
          -0.066766,
          -0.941666,
          -0.329861,
          1.711717
        ],
        [
          0.0,
          0.0,
          0.0,
          1.0
        ]
      ]
    },
    {
      "file_path": "/media/NFS/ttao/scannet/posed_images/scene0262_01/00198.jpg",
      "transform_matrix": [
        [
          0.95261,
          0.054153,
          -0.299336,
          4.367651
        ],
        [
          0.301379,
          -0.301595,
          0.90455,
          2.208491
        ],
        [
          -0.041293,
          -0.951897,
          -0.303623,
          1.731189
        ],
        [
          0.0,
          0.0,
          0.0,
          1.0
        ]
      ]
    },
    {
      "file_path": "/media/NFS/ttao/scannet/posed_images/scene0262_01/00200.jpg",
      "transform_matrix": [
        [
          0.958054,
          0.069309,
          -0.278082,
          4.351813
        ],
        [
          0.286203,
          -0.28174,
          0.915811,
          2.193608
        ],
        [
          -0.014873,
          -0.956984,
          -0.289759,
          1.723659
        ],
        [
          0.0,
          0.0,
          0.0,
          1.0
        ]
      ]
    },
    {
      "file_path": "/media/NFS/ttao/scannet/posed_images/scene0262_01/00208.jpg",
      "transform_matrix": [
        [
          0.975207,
          0.018197,
          -0.220545,
          4.266843
        ],
        [
          0.216761,
          -0.279237,
          0.935437,
          2.135381
        ],
        [
          -0.044562,
          -0.96005,
          -0.276258,
          1.734914
        ],
        [
          0.0,
          0.0,
          0.0,
          1.0
        ]
      ]
    },
    {
      "file_path": "/media/NFS/ttao/scannet/posed_images/scene0262_01/00215.jpg",
      "transform_matrix": [
        [
          0.987836,
          -0.015011,
          -0.154773,
          4.218472
        ],
        [
          0.146246,
          -0.248544,
          0.957517,
          2.08942
        ],
        [
          -0.052841,
          -0.968504,
          -0.243326,
          1.747973
        ],
        [
          0.0,
          0.0,
          0.0,
          1.0
        ]
      ]
    },
    {
      "file_path": "/media/NFS/ttao/scannet/posed_images/scene0262_01/00225.jpg",
      "transform_matrix": [
        [
          0.997154,
          -0.032044,
          -0.068235,
          4.182263
        ],
        [
          0.058261,
          -0.246838,
          0.967304,
          2.039361
        ],
        [
          -0.047839,
          -0.968527,
          -0.244269,
          1.753003
        ],
        [
          0.0,
          0.0,
          0.0,
          1.0
        ]
      ]
    },
    {
      "file_path": "/media/NFS/ttao/scannet/posed_images/scene0262_01/00234.jpg",
      "transform_matrix": [
        [
          0.996978,
          -0.072875,
          0.026921,
          4.20353
        ],
        [
          -0.051387,
          -0.358721,
          0.932029,
          2.033449
        ],
        [
          -0.058264,
          -0.930596,
          -0.361381,
          1.704065
        ],
        [
          0.0,
          0.0,
          0.0,
          1.0
        ]
      ]
    },
    {
      "file_path": "/media/NFS/ttao/scannet/posed_images/scene0262_01/00246.jpg",
      "transform_matrix": [
        [
          0.986489,
          -0.136492,
          0.090607,
          4.279871
        ],
        [
          -0.144743,
          -0.467072,
          0.872292,
          2.044325
        ],
        [
          -0.076741,
          -0.873621,
          -0.480517,
          1.60305
        ],
        [
          0.0,
          0.0,
          0.0,
          1.0
        ]
      ]
    },
    {
      "file_path": "/media/NFS/ttao/scannet/posed_images/scene0262_01/00249.jpg",
      "transform_matrix": [
        [
          0.985733,
          -0.14392,
          0.087285,
          4.307149
        ],
        [
          -0.147665,
          -0.490522,
          0.858827,
          2.056166
        ],
        [
          -0.080787,
          -0.859462,
          -0.504775,
          1.585779
        ],
        [
          0.0,
          0.0,
          0.0,
          1.0
        ]
      ]
    },
    {
      "file_path": "/media/NFS/ttao/scannet/posed_images/scene0262_01/00256.jpg",
      "transform_matrix": [
        [
          0.984022,
          -0.151287,
          0.093877,
          4.360389
        ],
        [
          -0.162443,
          -0.546994,
          0.821224,
          2.087347
        ],
        [
          -0.07289,
          -0.823352,
          -0.56283,
          1.550371
        ],
        [
          0.0,
          0.0,
          0.0,
          1.0
        ]
      ]
    },
    {
      "file_path": "/media/NFS/ttao/scannet/posed_images/scene0262_01/00270.jpg",
      "transform_matrix": [
        [
          0.982754,
          -0.153793,
          0.102672,
          4.429526
        ],
        [
          -0.179827,
          -0.665503,
          0.724409,
          2.173255
        ],
        [
          -0.043081,
          -0.730379,
          -0.681682,
          1.474245
        ],
        [
          0.0,
          0.0,
          0.0,
          1.0
        ]
      ]
    },
    {
      "file_path": "/media/NFS/ttao/scannet/posed_images/scene0262_01/00273.jpg",
      "transform_matrix": [
        [
          0.981147,
          -0.155869,
          0.114257,
          4.446698
        ],
        [
          -0.190597,
          -0.68259,
          0.705509,
          2.208963
        ],
        [
          -0.031977,
          -0.713986,
          -0.69943,
          1.453751
        ],
        [
          0.0,
          0.0,
          0.0,
          1.0
        ]
      ]
    },
    {
      "file_path": "/media/NFS/ttao/scannet/posed_images/scene0262_01/00285.jpg",
      "transform_matrix": [
        [
          0.96784,
          -0.171702,
          0.183859,
          4.498207
        ],
        [
          -0.249162,
          -0.75508,
          0.606443,
          2.403528
        ],
        [
          0.0347,
          -0.63275,
          -0.773578,
          1.3828
        ],
        [
          0.0,
          0.0,
          0.0,
          1.0
        ]
      ]
    },
    {
      "file_path": "/media/NFS/ttao/scannet/posed_images/scene0262_01/00290.jpg",
      "transform_matrix": [
        [
          0.969271,
          -0.177191,
          0.17064,
          4.514989
        ],
        [
          -0.243894,
          -0.782703,
          0.572618,
          2.458029
        ],
        [
          0.032098,
          -0.59664,
          -0.801867,
          1.372532
        ],
        [
          0.0,
          0.0,
          0.0,
          1.0
        ]
      ]
    },
    {
      "file_path": "/media/NFS/ttao/scannet/posed_images/scene0262_01/00299.jpg",
      "transform_matrix": [
        [
          0.98035,
          -0.140469,
          0.1385,
          4.580838
        ],
        [
          -0.195177,
          -0.792596,
          0.577666,
          2.525636
        ],
        [
          0.02863,
          -0.593347,
          -0.804438,
          1.379318
        ],
        [
          0.0,
          0.0,
          0.0,
          1.0
        ]
      ]
    },
    {
      "file_path": "/media/NFS/ttao/scannet/posed_images/scene0262_01/00307.jpg",
      "transform_matrix": [
        [
          0.994157,
          -0.054099,
          0.093408,
          4.637638
        ],
        [
          -0.098671,
          -0.806329,
          0.583179,
          2.562649
        ],
        [
          0.043769,
          -0.588988,
          -0.806955,
          1.390024
        ],
        [
          0.0,
          0.0,
          0.0,
          1.0
        ]
      ]
    },
    {
      "file_path": "/media/NFS/ttao/scannet/posed_images/scene0262_01/00311.jpg",
      "transform_matrix": [
        [
          0.997833,
          -0.0093,
          0.065132,
          4.663779
        ],
        [
          -0.044143,
          -0.828693,
          0.55796,
          2.608296
        ],
        [
          0.048785,
          -0.559626,
          -0.827308,
          1.408238
        ],
        [
          0.0,
          0.0,
          0.0,
          1.0
        ]
      ]
    },
    {
      "file_path": "/media/NFS/ttao/scannet/posed_images/scene0262_01/00326.jpg",
      "transform_matrix": [
        [
          0.989304,
          0.133342,
          0.059134,
          4.682743
        ],
        [
          0.080784,
          -0.838404,
          0.53903,
          2.79273
        ],
        [
          0.121453,
          -0.528487,
          -0.840208,
          1.473167
        ],
        [
          0.0,
          0.0,
          0.0,
          1.0
        ]
      ]
    },
    {
      "file_path": "/media/NFS/ttao/scannet/posed_images/scene0262_01/00333.jpg",
      "transform_matrix": [
        [
          0.983452,
          0.181136,
          0.003529,
          4.679395
        ],
        [
          0.152363,
          -0.837458,
          0.524832,
          2.858685
        ],
        [
          0.098021,
          -0.51561,
          -0.851198,
          1.507035
        ],
        [
          0.0,
          0.0,
          0.0,
          1.0
        ]
      ]
    },
    {
      "file_path": "/media/NFS/ttao/scannet/posed_images/scene0262_01/00340.jpg",
      "transform_matrix": [
        [
          0.973267,
          0.227017,
          -0.034843,
          4.701674
        ],
        [
          0.211605,
          -0.827336,
          0.520325,
          2.902881
        ],
        [
          0.089296,
          -0.513789,
          -0.853257,
          1.531802
        ],
        [
          0.0,
          0.0,
          0.0,
          1.0
        ]
      ]
    },
    {
      "file_path": "/media/NFS/ttao/scannet/posed_images/scene0262_01/00350.jpg",
      "transform_matrix": [
        [
          0.942547,
          0.317829,
          -0.102914,
          4.766822
        ],
        [
          0.324531,
          -0.797979,
          0.507849,
          2.970556
        ],
        [
          0.079286,
          -0.51207,
          -0.855277,
          1.547074
        ],
        [
          0.0,
          0.0,
          0.0,
          1.0
        ]
      ]
    },
    {
      "file_path": "/media/NFS/ttao/scannet/posed_images/scene0262_01/00357.jpg",
      "transform_matrix": [
        [
          0.894222,
          0.418845,
          -0.157912,
          4.821647
        ],
        [
          0.440019,
          -0.757762,
          0.48185,
          3.009325
        ],
        [
          0.082161,
          -0.500365,
          -0.861907,
          1.555269
        ],
        [
          0.0,
          0.0,
          0.0,
          1.0
        ]
      ]
    },
    {
      "file_path": "/media/NFS/ttao/scannet/posed_images/scene0262_01/00367.jpg",
      "transform_matrix": [
        [
          0.868521,
          0.463063,
          -0.176761,
          4.901767
        ],
        [
          0.48946,
          -0.745076,
          0.453089,
          2.996793
        ],
        [
          0.078108,
          -0.480035,
          -0.873765,
          1.54825
        ],
        [
          0.0,
          0.0,
          0.0,
          1.0
        ]
      ]
    },
    {
      "file_path": "/media/NFS/ttao/scannet/posed_images/scene0262_01/00374.jpg",
      "transform_matrix": [
        [
          0.892892,
          0.418432,
          -0.166308,
          4.933704
        ],
        [
          0.447084,
          -0.780015,
          0.437828,
          2.960005
        ],
        [
          0.053479,
          -0.465287,
          -0.883543,
          1.534151
        ],
        [
          0.0,
          0.0,
          0.0,
          1.0
        ]
      ]
    },
    {
      "file_path": "/media/NFS/ttao/scannet/posed_images/scene0262_01/00379.jpg",
      "transform_matrix": [
        [
          0.908735,
          0.380213,
          -0.172162,
          4.963172
        ],
        [
          0.416544,
          -0.80016,
          0.431549,
          2.928214
        ],
        [
          0.026323,
          -0.463877,
          -0.885509,
          1.518665
        ],
        [
          0.0,
          0.0,
          0.0,
          1.0
        ]
      ]
    },
    {
      "file_path": "/media/NFS/ttao/scannet/posed_images/scene0262_01/00384.jpg",
      "transform_matrix": [
        [
          0.918124,
          0.346706,
          -0.191949,
          5.013732
        ],
        [
          0.396295,
          -0.803291,
          0.444606,
          2.904335
        ],
        [
          -4.4e-05,
          -0.484271,
          -0.874918,
          1.498064
        ],
        [
          0.0,
          0.0,
          0.0,
          1.0
        ]
      ]
    },
    {
      "file_path": "/media/NFS/ttao/scannet/posed_images/scene0262_01/00398.jpg",
      "transform_matrix": [
        [
          0.866285,
          0.472387,
          -0.162483,
          5.277238
        ],
        [
          0.489868,
          -0.739575,
          0.461582,
          2.843379
        ],
        [
          0.097877,
          -0.479457,
          -0.87209,
          1.419542
        ],
        [
          0.0,
          0.0,
          0.0,
          1.0
        ]
      ]
    },
    {
      "file_path": "/media/NFS/ttao/scannet/posed_images/scene0262_01/00403.jpg",
      "transform_matrix": [
        [
          0.853949,
          0.489852,
          -0.175548,
          5.350183
        ],
        [
          0.514183,
          -0.742531,
          0.429261,
          2.818482
        ],
        [
          0.079925,
          -0.45683,
          -0.885956,
          1.406535
        ],
        [
          0.0,
          0.0,
          0.0,
          1.0
        ]
      ]
    },
    {
      "file_path": "/media/NFS/ttao/scannet/posed_images/scene0262_01/00410.jpg",
      "transform_matrix": [
        [
          0.852054,
          0.484653,
          -0.197777,
          5.430882
        ],
        [
          0.521473,
          -0.753068,
          0.401192,
          2.821411
        ],
        [
          0.0455,
          -0.444973,
          -0.894388,
          1.393839
        ],
        [
          0.0,
          0.0,
          0.0,
          1.0
        ]
      ]
    },
    {
      "file_path": "/media/NFS/ttao/scannet/posed_images/scene0262_01/00420.jpg",
      "transform_matrix": [
        [
          0.834422,
          0.517647,
          -0.189161,
          5.530909
        ],
        [
          0.548515,
          -0.74665,
          0.376357,
          2.846114
        ],
        [
          0.053583,
          -0.417799,
          -0.906958,
          1.353972
        ],
        [
          0.0,
          0.0,
          0.0,
          1.0
        ]
      ]
    },
    {
      "file_path": "/media/NFS/ttao/scannet/posed_images/scene0262_01/00425.jpg",
      "transform_matrix": [
        [
          0.8383,
          0.513915,
          -0.182057,
          5.58018
        ],
        [
          0.543243,
          -0.758992,
          0.358913,
          2.876387
        ],
        [
          0.046271,
          -0.399778,
          -0.915443,
          1.345144
        ],
        [
          0.0,
          0.0,
          0.0,
          1.0
        ]
      ]
    },
    {
      "file_path": "/media/NFS/ttao/scannet/posed_images/scene0262_01/00439.jpg",
      "transform_matrix": [
        [
          0.876304,
          0.441348,
          -0.193141,
          5.73411
        ],
        [
          0.481562,
          -0.790998,
          0.377387,
          2.985437
        ],
        [
          0.013785,
          -0.423715,
          -0.905691,
          1.375868
        ],
        [
          0.0,
          0.0,
          0.0,
          1.0
        ]
      ]
    },
    {
      "file_path": "/media/NFS/ttao/scannet/posed_images/scene0262_01/00442.jpg",
      "transform_matrix": [
        [
          0.876849,
          0.435364,
          -0.203945,
          5.767885
        ],
        [
          0.480766,
          -0.79429,
          0.371442,
          3.002567
        ],
        [
          -0.000279,
          -0.423748,
          -0.90578,
          1.377831
        ],
        [
          0.0,
          0.0,
          0.0,
          1.0
        ]
      ]
    },
    {
      "file_path": "/media/NFS/ttao/scannet/posed_images/scene0262_01/00449.jpg",
      "transform_matrix": [
        [
          0.843335,
          0.49488,
          -0.209477,
          5.871589
        ],
        [
          0.537009,
          -0.761412,
          0.363144,
          3.050981
        ],
        [
          0.020214,
          -0.418742,
          -0.90788,
          1.381288
        ],
        [
          0.0,
          0.0,
          0.0,
          1.0
        ]
      ]
    },
    {
      "file_path": "/media/NFS/ttao/scannet/posed_images/scene0262_01/00463.jpg",
      "transform_matrix": [
        [
          0.797474,
          0.557624,
          -0.230415,
          6.023119
        ],
        [
          0.60143,
          -0.70421,
          0.377319,
          3.166972
        ],
        [
          0.048142,
          -0.43948,
          -0.896961,
          1.42008
        ],
        [
          0.0,
          0.0,
          0.0,
          1.0
        ]
      ]
    },
    {
      "file_path": "/media/NFS/ttao/scannet/posed_images/scene0262_01/00466.jpg",
      "transform_matrix": [
        [
          0.801419,
          0.547387,
          -0.241028,
          6.032258
        ],
        [
          0.597156,
          -0.709631,
          0.373937,
          3.200369
        ],
        [
          0.033647,
          -0.443612,
          -0.895587,
          1.431447
        ],
        [
          0.0,
          0.0,
          0.0,
          1.0
        ]
      ]
    },
    {
      "file_path": "/media/NFS/ttao/scannet/posed_images/scene0262_01/00478.jpg",
      "transform_matrix": [
        [
          0.842515,
          0.494969,
          -0.212542,
          6.006171
        ],
        [
          0.538302,
          -0.758982,
          0.366302,
          3.381758
        ],
        [
          0.019993,
          -0.423027,
          -0.905897,
          1.459522
        ],
        [
          0.0,
          0.0,
          0.0,
          1.0
        ]
      ]
    },
    {
      "file_path": "/media/NFS/ttao/scannet/posed_images/scene0262_01/00480.jpg",
      "transform_matrix": [
        [
          0.854348,
          0.475256,
          -0.21029,
          5.992884
        ],
        [
          0.519547,
          -0.771157,
          0.36795,
          3.418386
        ],
        [
          0.012704,
          -0.423613,
          -0.905754,
          1.463914
        ],
        [
          0.0,
          0.0,
          0.0,
          1.0
        ]
      ]
    },
    {
      "file_path": "/media/NFS/ttao/scannet/posed_images/scene0262_01/00495.jpg",
      "transform_matrix": [
        [
          0.924869,
          0.336824,
          -0.176539,
          5.92379
        ],
        [
          0.380184,
          -0.829643,
          0.408843,
          3.69408
        ],
        [
          -0.008756,
          -0.445244,
          -0.895367,
          1.50376
        ],
        [
          0.0,
          0.0,
          0.0,
          1.0
        ]
      ]
    },
    {
      "file_path": "/media/NFS/ttao/scannet/posed_images/scene0262_01/00500.jpg",
      "transform_matrix": [
        [
          0.952015,
          0.259916,
          -0.161592,
          5.934503
        ],
        [
          0.305186,
          -0.845932,
          0.437334,
          3.754519
        ],
        [
          -0.023025,
          -0.465664,
          -0.884662,
          1.505651
        ],
        [
          0.0,
          0.0,
          0.0,
          1.0
        ]
      ]
    },
    {
      "file_path": "/media/NFS/ttao/scannet/posed_images/scene0262_01/00509.jpg",
      "transform_matrix": [
        [
          0.982984,
          0.162525,
          -0.085607,
          5.974852
        ],
        [
          0.183349,
          -0.839577,
          0.511364,
          3.82724
        ],
        [
          0.011236,
          -0.518358,
          -0.85509,
          1.515097
        ],
        [
          0.0,
          0.0,
          0.0,
          1.0
        ]
      ]
    },
    {
      "file_path": "/media/NFS/ttao/scannet/posed_images/scene0262_01/00519.jpg",
      "transform_matrix": [
        [
          0.991651,
          0.113647,
          -0.060931,
          6.026807
        ],
        [
          0.128154,
          -0.816109,
          0.563509,
          3.81505
        ],
        [
          0.014315,
          -0.566613,
          -0.82386,
          1.524392
        ],
        [
          0.0,
          0.0,
          0.0,
          1.0
        ]
      ]
    },
    {
      "file_path": "/media/NFS/ttao/scannet/posed_images/scene0262_01/00521.jpg",
      "transform_matrix": [
        [
          0.992716,
          0.101837,
          -0.06437,
          6.036018
        ],
        [
          0.120372,
          -0.816229,
          0.56505,
          3.803077
        ],
        [
          0.005002,
          -0.568683,
          -0.822542,
          1.52056
        ],
        [
          0.0,
          0.0,
          0.0,
          1.0
        ]
      ]
    },
    {
      "file_path": "/media/NFS/ttao/scannet/posed_images/scene0262_01/00533.jpg",
      "transform_matrix": [
        [
          0.997198,
          0.038598,
          -0.064078,
          6.100476
        ],
        [
          0.069908,
          -0.785686,
          0.614663,
          3.72483
        ],
        [
          -0.02662,
          -0.61742,
          -0.786183,
          1.514488
        ],
        [
          0.0,
          0.0,
          0.0,
          1.0
        ]
      ]
    },
    {
      "file_path": "/media/NFS/ttao/scannet/posed_images/scene0262_01/00543.jpg",
      "transform_matrix": [
        [
          0.994023,
          0.057833,
          -0.092595,
          6.150557
        ],
        [
          0.10435,
          -0.752606,
          0.65015,
          3.595376
        ],
        [
          -0.032088,
          -0.655926,
          -0.754143,
          1.504807
        ],
        [
          0.0,
          0.0,
          0.0,
          1.0
        ]
      ]
    },
    {
      "file_path": "/media/NFS/ttao/scannet/posed_images/scene0262_01/00546.jpg",
      "transform_matrix": [
        [
          0.991218,
          0.069538,
          -0.112476,
          6.161372
        ],
        [
          0.127496,
          -0.728244,
          0.673354,
          3.54632
        ],
        [
          -0.035086,
          -0.681781,
          -0.730714,
          1.509499
        ],
        [
          0.0,
          0.0,
          0.0,
          1.0
        ]
      ]
    },
    {
      "file_path": "/media/NFS/ttao/scannet/posed_images/scene0262_01/00560.jpg",
      "transform_matrix": [
        [
          0.974644,
          0.111572,
          -0.19396,
          6.208049
        ],
        [
          0.217381,
          -0.677631,
          0.70254,
          3.328727
        ],
        [
          -0.053049,
          -0.726889,
          -0.684702,
          1.490412
        ],
        [
          0.0,
          0.0,
          0.0,
          1.0
        ]
      ]
    },
    {
      "file_path": "/media/NFS/ttao/scannet/posed_images/scene0262_01/00562.jpg",
      "transform_matrix": [
        [
          0.973771,
          0.113077,
          -0.197442,
          6.213176
        ],
        [
          0.221593,
          -0.668242,
          0.710176,
          3.305356
        ],
        [
          -0.051635,
          -0.735301,
          -0.675771,
          1.48211
        ],
        [
          0.0,
          0.0,
          0.0,
          1.0
        ]
      ]
    },
    {
      "file_path": "/media/NFS/ttao/scannet/posed_images/scene0262_01/00570.jpg",
      "transform_matrix": [
        [
          0.971964,
          0.136804,
          -0.191237,
          6.216103
        ],
        [
          0.233429,
          -0.659121,
          0.714892,
          3.243317
        ],
        [
          -0.028248,
          -0.739489,
          -0.672576,
          1.435331
        ],
        [
          0.0,
          0.0,
          0.0,
          1.0
        ]
      ]
    },
    {
      "file_path": "/media/NFS/ttao/scannet/posed_images/scene0262_01/00584.jpg",
      "transform_matrix": [
        [
          0.981851,
          0.088736,
          -0.167615,
          6.195112
        ],
        [
          0.176263,
          -0.753161,
          0.633782,
          3.187899
        ],
        [
          -0.070002,
          -0.651824,
          -0.755133,
          1.324218
        ],
        [
          0.0,
          0.0,
          0.0,
          1.0
        ]
      ]
    },
    {
      "file_path": "/media/NFS/ttao/scannet/posed_images/scene0262_01/00589.jpg",
      "transform_matrix": [
        [
          0.986381,
          0.057809,
          -0.153986,
          6.184444
        ],
        [
          0.139818,
          -0.787776,
          0.599883,
          3.180018
        ],
        [
          -0.086628,
          -0.613243,
          -0.78513,
          1.303353
        ],
        [
          0.0,
          0.0,
          0.0,
          1.0
        ]
      ]
    },
    {
      "file_path": "/media/NFS/ttao/scannet/posed_images/scene0262_01/00594.jpg",
      "transform_matrix": [
        [
          0.990438,
          0.040531,
          -0.131869,
          6.16472
        ],
        [
          0.11032,
          -0.806632,
          0.580667,
          3.170242
        ],
        [
          -0.082835,
          -0.589662,
          -0.803391,
          1.290293
        ],
        [
          0.0,
          0.0,
          0.0,
          1.0
        ]
      ]
    },
    {
      "file_path": "/media/NFS/ttao/scannet/posed_images/scene0262_01/00606.jpg",
      "transform_matrix": [
        [
          0.996695,
          -0.07202,
          -0.037582,
          6.102498
        ],
        [
          -0.039984,
          -0.837628,
          0.544776,
          3.175203
        ],
        [
          -0.070715,
          -0.541473,
          -0.837739,
          1.278649
        ],
        [
          0.0,
          0.0,
          0.0,
          1.0
        ]
      ]
    },
    {
      "file_path": "/media/NFS/ttao/scannet/posed_images/scene0262_01/00611.jpg",
      "transform_matrix": [
        [
          0.98907,
          -0.147291,
          0.006741,
          6.05847
        ],
        [
          -0.128445,
          -0.838268,
          0.529915,
          3.199119
        ],
        [
          -0.072401,
          -0.524989,
          -0.848024,
          1.298821
        ],
        [
          0.0,
          0.0,
          0.0,
          1.0
        ]
      ]
    },
    {
      "file_path": "/media/NFS/ttao/scannet/posed_images/scene0262_01/00623.jpg",
      "transform_matrix": [
        [
          0.926774,
          -0.3152,
          0.204302,
          5.985999
        ],
        [
          -0.372541,
          -0.701819,
          0.607177,
          3.249622
        ],
        [
          -0.047999,
          -0.638826,
          -0.767852,
          1.381445
        ],
        [
          0.0,
          0.0,
