{
  "frames": [
    {
      "file_path": "/media/NFS/ttao/scannet/posed_images/scene0701_01/00002.jpg",
      "transform_matrix": [
        [
          -0.660395,
          0.556085,
          -0.504627,
          2.855204
        ],
        [
          0.750203,
          0.459259,
          -0.475685,
          3.871568
        ],
        [
          -0.032767,
          -0.692712,
          -0.720469,
          1.203272
        ],
        [
          0.0,
          0.0,
          0.0,
          1.0
        ]
      ]
    },
    {
      "file_path": "/media/NFS/ttao/scannet/posed_images/scene0701_01/00003.jpg",
      "transform_matrix": [
        [
          -0.649614,
          0.559277,
          -0.514987,
          2.852271
        ],
        [
          0.759604,
          0.449237,
          -0.470306,
          3.875762
        ],
        [
          -0.03168,
          -0.696703,
          -0.71666,
          1.202256
        ],
        [
          0.0,
          0.0,
          0.0,
          1.0
        ]
      ]
    },
    {
      "file_path": "/media/NFS/ttao/scannet/posed_images/scene0701_01/00006.jpg",
      "transform_matrix": [
        [
          -0.626066,
          0.572837,
          -0.529054,
          2.841563
        ],
        [
          0.779375,
          0.438116,
          -0.447916,
          3.883467
        ],
        [
          -0.024795,
          -0.692757,
          -0.720745,
          1.200437
        ],
        [
          0.0,
          0.0,
          0.0,
          1.0
        ]
      ]
    },
    {
      "file_path": "/media/NFS/ttao/scannet/posed_images/scene0701_01/00013.jpg",
      "transform_matrix": [
        [
          -0.621148,
          0.578521,
          -0.528668,
          2.796031
        ],
        [
          0.783602,
          0.448138,
          -0.430281,
          3.911457
        ],
        [
          -0.01201,
          -0.681532,
          -0.73169,
          1.213167
        ],
        [
          0.0,
          0.0,
          0.0,
          1.0
        ]
      ]
    },
    {
      "file_path": "/media/NFS/ttao/scannet/posed_images/scene0701_01/00015.jpg",
      "transform_matrix": [
        [
          -0.615023,
          0.579005,
          -0.535256,
          2.787971
        ],
        [
          0.788406,
          0.440585,
          -0.429303,
          3.916504
        ],
        [
          -0.012742,
          -0.686031,
          -0.727461,
          1.217019
        ],
        [
          0.0,
          0.0,
          0.0,
          1.0
        ]
      ]
    },
    {
      "file_path": "/media/NFS/ttao/scannet/posed_images/scene0701_01/00019.jpg",
      "transform_matrix": [
        [
          -0.611847,
          0.577489,
          -0.540508,
          2.779207
        ],
        [
          0.790857,
          0.434786,
          -0.430704,
          3.919191
        ],
        [
          -0.013722,
          -0.69099,
          -0.722734,
          1.219739
        ],
        [
          0.0,
          0.0,
          0.0,
          1.0
        ]
      ]
    },
    {
      "file_path": "/media/NFS/ttao/scannet/posed_images/scene0701_01/00023.jpg",
      "transform_matrix": [
        [
          -0.606694,
          0.578344,
          -0.545381,
          2.768168
        ],
        [
          0.794872,
          0.432654,
          -0.425428,
          3.916482
        ],
        [
          -0.010083,
          -0.691613,
          -0.722198,
          1.222386
        ],
        [
          0.0,
          0.0,
          0.0,
          1.0
        ]
      ]
    },
    {
      "file_path": "/media/NFS/ttao/scannet/posed_images/scene0701_01/00024.jpg",
      "transform_matrix": [
        [
          -0.606898,
          0.577865,
          -0.545662,
          2.765237
        ],
        [
          0.794711,
          0.432189,
          -0.426201,
          3.918618
        ],
        [
          -0.010458,
          -0.692304,
          -0.72153,
          1.22258
        ],
        [
          0.0,
          0.0,
          0.0,
          1.0
        ]
      ]
    },
    {
      "file_path": "/media/NFS/ttao/scannet/posed_images/scene0701_01/00028.jpg",
      "transform_matrix": [
        [
          -0.611968,
          0.569769,
          -0.548506,
          2.750799
        ],
        [
          0.790806,
          0.431202,
          -0.434385,
          3.921904
        ],
        [
          -0.010982,
          -0.699592,
          -0.714459,
          1.226552
        ],
        [
          0.0,
          0.0,
          0.0,
          1.0
        ]
      ]
    },
    {
      "file_path": "/media/NFS/ttao/scannet/posed_images/scene0701_01/00032.jpg",
      "transform_matrix": [
        [
          -0.612454,
          0.556573,
          -0.561361,
          2.7352
        ],
        [
          0.790474,
          0.437572,
          -0.428581,
          3.918898
        ],
        [
          0.007099,
          -0.706227,
          -0.70795,
          1.226901
        ],
        [
          0.0,
          0.0,
          0.0,
          1.0
        ]
      ]
    },
    {
      "file_path": "/media/NFS/ttao/scannet/posed_images/scene0701_01/00037.jpg",
      "transform_matrix": [
        [
          -0.602133,
          0.551225,
          -0.577569,
          2.714011
        ],
        [
          0.798224,
          0.430629,
          -0.421185,
          3.926575
        ],
        [
          0.01655,
          -0.714639,
          -0.699297,
          1.221439
        ],
        [
          0.0,
          0.0,
          0.0,
          1.0
        ]
      ]
    },
    {
      "file_path": "/media/NFS/ttao/scannet/posed_images/scene0701_01/00038.jpg",
      "transform_matrix": [
        [
          -0.60556,
          0.55161,
          -0.573606,
          2.707155
        ],
        [
          0.795619,
          0.434994,
          -0.421628,
          3.929566
        ],
        [
          0.016941,
          -0.711693,
          -0.702286,
          1.220364
        ],
        [
          0.0,
          0.0,
          0.0,
          1.0
        ]
      ]
    },
    {
      "file_path": "/media/NFS/ttao/scannet/posed_images/scene0701_01/00045.jpg",
      "transform_matrix": [
        [
          -0.595895,
          0.567141,
          -0.56856,
          2.676817
        ],
        [
          0.80242,
          0.448805,
          -0.393313,
          3.923908
        ],
        [
          0.032109,
          -0.690598,
          -0.722526,
          1.207494
        ],
        [
          0.0,
          0.0,
          0.0,
          1.0
        ]
      ]
    },
    {
      "file_path": "/media/NFS/ttao/scannet/posed_images/scene0701_01/00048.jpg",
      "transform_matrix": [
        [
          -0.577084,
          0.584794,
          -0.570078,
          2.659045
        ],
        [
          0.816404,
          0.431387,
          -0.383914,
          3.913869
        ],
        [
          0.021414,
          -0.686965,
          -0.726375,
          1.207257
        ],
        [
          0.0,
          0.0,
          0.0,
          1.0
        ]
      ]
    },
    {
      "file_path": "/media/NFS/ttao/scannet/posed_images/scene0701_01/00050.jpg",
      "transform_matrix": [
        [
          -0.565613,
          0.593282,
          -0.572799,
          2.64866
        ],
        [
          0.824413,
          0.424162,
          -0.37474,
          3.90459
        ],
        [
          0.020633,
          -0.684181,
          -0.729021,
          1.20384
        ],
        [
          0.0,
          0.0,
          0.0,
          1.0
        ]
      ]
    },
    {
      "file_path": "/media/NFS/ttao/scannet/posed_images/scene0701_01/00054.jpg",
      "transform_matrix": [
        [
          -0.530595,
          0.603602,
          -0.595091,
          2.629659
        ],
        [
          0.846933,
          0.405909,
          -0.343428,
          3.879334
        ],
        [
          0.034259,
          -0.686223,
          -0.726584,
          1.199374
        ],
        [
          0.0,
          0.0,
          0.0,
          1.0
        ]
      ]
    },
    {
      "file_path": "/media/NFS/ttao/scannet/posed_images/scene0701_01/00058.jpg",
      "transform_matrix": [
        [
          -0.491667,
          0.609809,
          -0.621608,
          2.610982
        ],
        [
          0.870023,
          0.373823,
          -0.321428,
          3.8493
        ],
        [
          0.036362,
          -0.698849,
          -0.714345,
          1.202519
        ],
        [
          0.0,
          0.0,
          0.0,
          1.0
        ]
      ]
    },
    {
      "file_path": "/media/NFS/ttao/scannet/posed_images/scene0701_01/00059.jpg",
      "transform_matrix": [
        [
          -0.48435,
          0.611849,
          -0.625337,
          2.605974
        ],
        [
          0.873967,
          0.370918,
          -0.314008,
          3.840686
        ],
        [
          0.039824,
          -0.698614,
          -0.71439,
          1.203766
        ],
        [
          0.0,
          0.0,
          0.0,
          1.0
        ]
      ]
    },
    {
      "file_path": "/media/NFS/ttao/scannet/posed_images/scene0701_01/00064.jpg",
      "transform_matrix": [
        [
          -0.42669,
          0.623027,
          -0.655571,
          2.582414
        ],
        [
          0.903887,
          0.31814,
          -0.285964,
          3.79586
        ],
        [
          0.0304,
          -0.71458,
          -0.698893,
          1.21521
        ],
        [
          0.0,
          0.0,
          0.0,
          1.0
        ]
      ]
    },
    {
      "file_path": "/media/NFS/ttao/scannet/posed_images/scene0701_01/00069.jpg",
      "transform_matrix": [
        [
          -0.375045,
          0.61079,
          -0.697335,
          2.55362
        ],
        [
          0.926815,
          0.262356,
          -0.26867,
          3.759739
        ],
        [
          0.018849,
          -0.747064,
          -0.664484,
          1.236359
        ],
        [
          0.0,
          0.0,
          0.0,
          1.0
        ]
      ]
    },
    {
      "file_path": "/media/NFS/ttao/scannet/posed_images/scene0701_01/00070.jpg",
      "transform_matrix": [
        [
          -0.365957,
          0.604425,
          -0.707634,
          2.547624
        ],
        [
          0.930324,
          0.257149,
          -0.261479,
          3.753496
        ],
        [
          0.023922,
          -0.754019,
          -0.656416,
          1.23828
        ],
        [
          0.0,
          0.0,
          0.0,
          1.0
        ]
      ]
    },
    {
      "file_path": "/media/NFS/ttao/scannet/posed_images/scene0701_01/00073.jpg",
      "transform_matrix": [
        [
          -0.329898,
          0.595953,
          -0.732125,
          2.528846
        ],
        [
          0.943571,
          0.231993,
          -0.236334,
          3.738389
        ],
        [
          0.029004,
          -0.768778,
          -0.638857,
          1.248126
        ],
        [
          0.0,
          0.0,
          0.0,
          1.0
        ]
      ]
    },
    {
      "file_path": "/media/NFS/ttao/scannet/posed_images/scene0701_01/00078.jpg",
      "transform_matrix": [
        [
          -0.295293,
          0.583983,
          -0.756152,
          2.494689
        ],
        [
          0.955107,
          0.200263,
          -0.218324,
          3.723119
        ],
        [
          0.023932,
          -0.786675,
          -0.616903,
          1.265206
        ],
        [
          0.0,
          0.0,
          0.0,
          1.0
        ]
      ]
    },
    {
      "file_path": "/media/NFS/ttao/scannet/posed_images/scene0701_01/00081.jpg",
      "transform_matrix": [
        [
          -0.291581,
          0.568596,
          -0.769207,
          2.467236
        ],
        [
          0.95629,
          0.191897,
          -0.220648,
          3.71682
        ],
        [
          0.022149,
          -0.799921,
          -0.599696,
          1.274724
        ],
        [
          0.0,
          0.0,
          0.0,
          1.0
        ]
      ]
    },
    {
      "file_path": "/media/NFS/ttao/scannet/posed_images/scene0701_01/00085.jpg",
      "transform_matrix": [
        [
          -0.298347,
          0.54771,
          -0.781667,
          2.428845
        ],
        [
          0.954359,
          0.182969,
          -0.236055,
          3.712276
        ],
        [
          0.013732,
          -0.816417,
          -0.5773,
          1.287457
        ],
        [
          0.0,
          0.0,
          0.0,
          1.0
        ]
      ]
    },
    {
      "file_path": "/media/NFS/ttao/scannet/posed_images/scene0701_01/00090.jpg",
      "transform_matrix": [
        [
          -0.309612,
          0.521279,
          -0.795241,
          2.376693
        ],
        [
          0.950811,
          0.178479,
          -0.253187,
          3.71065
        ],
        [
          0.009953,
          -0.834514,
          -0.550897,
          1.304476
        ],
        [
          0.0,
          0.0,
          0.0,
          1.0
        ]
      ]
    },
    {
      "file_path": "/media/NFS/ttao/scannet/posed_images/scene0701_01/00093.jpg",
      "transform_matrix": [
        [
          -0.313161,
          0.509244,
          -0.801624,
          2.342903
        ],
        [
          0.949691,
          0.164237,
          -0.266671,
          3.708009
        ],
        [
          -0.004144,
          -0.844806,
          -0.535057,
          1.313357
        ],
        [
          0.0,
          0.0,
          0.0,
          1.0
        ]
      ]
    },
    {
      "file_path": "/media/NFS/ttao/scannet/posed_images/scene0701_01/00096.jpg",
      "transform_matrix": [
        [
          -0.319552,
          0.499868,
          -0.804996,
          2.315099
        ],
        [
          0.947567,
          0.166909,
          -0.272505,
          3.707244
        ],
        [
          -0.001855,
          -0.849867,
          -0.526994,
          1.314607
        ],
        [
          0.0,
          0.0,
          0.0,
          1.0
        ]
      ]
    },
    {
      "file_path": "/media/NFS/ttao/scannet/posed_images/scene0701_01/00099.jpg",
      "transform_matrix": [
        [
          -0.321751,
          0.498561,
          -0.804931,
          2.294339
        ],
        [
          0.946822,
          0.167328,
          -0.274828,
          3.70441
        ],
        [
          -0.002331,
          -0.850552,
          -0.525886,
          1.317864
        ],
        [
          0.0,
          0.0,
          0.0,
          1.0
        ]
      ]
    },
    {
      "file_path": "/media/NFS/ttao/scannet/posed_images/scene0701_01/00102.jpg",
      "transform_matrix": [
        [
          -0.327363,
          0.498788,
          -0.802524,
          2.282439
        ],
        [
          0.944879,
          0.167291,
          -0.281456,
          3.699457
        ],
        [
          -0.006132,
          -0.850426,
          -0.526059,
          1.318478
        ],
        [
          0.0,
          0.0,
          0.0,
          1.0
        ]
      ]
    },
    {
      "file_path": "/media/NFS/ttao/scannet/posed_images/scene0701_01/00105.jpg",
      "transform_matrix": [
        [
          -0.336761,
          0.497945,
          -0.799151,
          2.276839
        ],
        [
          0.941482,
          0.165188,
          -0.293812,
          3.690197
        ],
        [
          -0.014292,
          -0.85133,
          -0.524435,
          1.320097
        ],
        [
          0.0,
          0.0,
          0.0,
          1.0
        ]
      ]
    },
    {
      "file_path": "/media/NFS/ttao/scannet/posed_images/scene0701_01/00109.jpg",
      "transform_matrix": [
        [
          -0.365843,
          0.500946,
          -0.784354,
          2.280079
        ],
        [
          0.930336,
          0.174042,
          -0.322776,
          3.664044
        ],
        [
          -0.025183,
          -0.847799,
          -0.52972,
          1.320732
        ],
        [
          0.0,
          0.0,
          0.0,
          1.0
        ]
      ]
    },
    {
      "file_path": "/media/NFS/ttao/scannet/posed_images/scene0701_01/00114.jpg",
      "transform_matrix": [
        [
          -0.419274,
          0.493241,
          -0.762183,
          2.300788
        ],
        [
          0.907371,
          0.200125,
          -0.369632,
          3.615527
        ],
        [
          -0.029786,
          -0.84656,
          -0.531459,
          1.32686
        ],
        [
          0.0,
          0.0,
          0.0,
          1.0
        ]
      ]
    },
    {
      "file_path": "/media/NFS/ttao/scannet/posed_images/scene0701_01/00116.jpg",
      "transform_matrix": [
        [
          -0.439171,
          0.482428,
          -0.757886,
          2.313383
        ],
        [
          0.898124,
          0.214712,
          -0.38376,
          3.593148
        ],
        [
          -0.022409,
          -0.849212,
          -0.527576,
          1.32651
        ],
        [
          0.0,
          0.0,
          0.0,
          1.0
        ]
      ]
    },
    {
      "file_path": "/media/NFS/ttao/scannet/posed_images/scene0701_01/00122.jpg",
      "transform_matrix": [
        [
          -0.499223,
          0.460534,
          -0.733951,
          2.347736
        ],
        [
          0.866143,
          0.241859,
          -0.437379,
          3.528796
        ],
        [
          -0.023916,
          -0.854056,
          -0.51963,
          1.326509
        ],
        [
          0.0,
          0.0,
          0.0,
          1.0
        ]
      ]
    },
    {
      "file_path": "/media/NFS/ttao/scannet/posed_images/scene0701_01/00123.jpg",
      "transform_matrix": [
        [
          -0.504904,
          0.457373,
          -0.732039,
          2.355591
        ],
        [
          0.862901,
          0.246064,
          -0.441424,
          3.517245
        ],
        [
          -0.021767,
          -0.854554,
          -0.518907,
          1.324821
        ],
        [
          0.0,
          0.0,
          0.0,
          1.0
        ]
      ]
    },
    {
      "file_path": "/media/NFS/ttao/scannet/posed_images/scene0701_01/00126.jpg",
      "transform_matrix": [
        [
          -0.52692,
          0.452408,
          -0.719501,
          2.368757
        ],
        [
          0.84971,
          0.261823,
          -0.457648,
          3.488011
        ],
        [
          -0.018662,
          -0.852511,
          -0.522376,
          1.326121
        ],
        [
          0.0,
          0.0,
          0.0,
          1.0
        ]
      ]
    },
    {
      "file_path": "/media/NFS/ttao/scannet/posed_images/scene0701_01/00132.jpg",
      "transform_matrix": [
        [
          -0.570233,
          0.444993,
          -0.690519,
          2.397165
        ],
        [
          0.821054,
          0.281556,
          -0.496585,
          3.423259
        ],
        [
          -0.026557,
          -0.850122,
          -0.525916,
          1.329615
        ],
        [
          0.0,
          0.0,
          0.0,
          1.0
        ]
      ]
    },
    {
      "file_path": "/media/NFS/ttao/scannet/posed_images/scene0701_01/00135.jpg",
      "transform_matrix": [
        [
          -0.580926,
          0.444557,
          -0.681831,
          2.409718
        ],
        [
          0.813329,
          0.284175,
          -0.507681,
          3.395163
        ],
        [
          -0.031934,
          -0.849479,
          -0.526656,
          1.328308
        ],
        [
          0.0,
          0.0,
          0.0,
          1.0
        ]
      ]
    },
    {
      "file_path": "/media/NFS/ttao/scannet/posed_images/scene0701_01/00140.jpg",
      "transform_matrix": [
        [
          -0.589399,
          0.443991,
          -0.674893,
          2.422249
        ],
        [
          0.806949,
          0.28432,
          -0.517682,
          3.350807
        ],
        [
          -0.03796,
          -0.849726,
          -0.525856,
          1.328219
        ],
        [
          0.0,
          0.0,
          0.0,
          1.0
        ]
      ]
    },
    {
      "file_path": "/media/NFS/ttao/scannet/posed_images/scene0701_01/00141.jpg",
      "transform_matrix": [
        [
          -0.589928,
          0.442815,
          -0.675203,
          2.422825
        ],
        [
          0.806655,
          0.285962,
          -0.517237,
          3.341683
        ],
        [
          -0.035958,
          -0.849788,
          -0.525896,
          1.326222
        ],
        [
          0.0,
          0.0,
          0.0,
          1.0
        ]
      ]
    },
    {
      "file_path": "/media/NFS/ttao/scannet/posed_images/scene0701_01/00144.jpg",
      "transform_matrix": [
        [
          -0.596033,
          0.441369,
          -0.670774,
          2.413063
        ],
        [
          0.802372,
          0.295406,
          -0.51859,
          3.320542
        ],
        [
          -0.030738,
          -0.847307,
          -0.530214,
          1.324556
        ],
        [
          0.0,
          0.0,
          0.0,
          1.0
        ]
      ]
    },
    {
      "file_path": "/media/NFS/ttao/scannet/posed_images/scene0701_01/00147.jpg",
      "transform_matrix": [
        [
          -0.611294,
          0.429948,
          -0.664427,
          2.394319
        ],
        [
          0.790935,
          0.303041,
          -0.531589,
          3.292888
        ],
        [
          -0.027207,
          -0.850477,
          -0.525309,
          1.328592
        ],
        [
          0.0,
          0.0,
          0.0,
          1.0
        ]
      ]
    },
    {
      "file_path": "/media/NFS/ttao/scannet/posed_images/scene0701_01/00152.jpg",
      "transform_matrix": [
        [
          -0.659225,
          0.394703,
          -0.640024,
          2.354777
        ],
        [
          0.750975,
          0.302349,
          -0.587045,
          3.258911
        ],
        [
          -0.038198,
          -0.867637,
          -0.495728,
          1.329044
        ],
        [
          0.0,
          0.0,
          0.0,
          1.0
        ]
      ]
    },
    {
      "file_path": "/media/NFS/ttao/scannet/posed_images/scene0701_01/00157.jpg",
      "transform_matrix": [
        [
          -0.725102,
          0.367545,
          -0.582355,
          2.319208
        ],
        [
          0.687,
          0.327726,
          -0.648557,
          3.227479
        ],
        [
          -0.047521,
          -0.870348,
          -0.490138,
          1.327626
        ],
        [
          0.0,
          0.0,
          0.0,
          1.0
        ]
      ]
    },
    {
      "file_path": "/media/NFS/ttao/scannet/posed_images/scene0701_01/00161.jpg",
      "transform_matrix": [
        [
          -0.770611,
          0.33003,
          -0.545196,
          2.306482
        ],
        [
          0.636497,
          0.355455,
          -0.684488,
          3.18858
        ],
        [
          -0.03211,
          -0.87449,
          -0.48398,
          1.332108
        ],
        [
          0.0,
          0.0,
          0.0,
          1.0
        ]
      ]
    },
    {
      "file_path": "/media/NFS/ttao/scannet/posed_images/scene0701_01/00162.jpg",
      "transform_matrix": [
        [
          -0.778211,
          0.325138,
          -0.537283,
          2.305089
        ],
        [
          0.627384,
          0.364546,
          -0.68811,
          3.178219
        ],
        [
          -0.027867,
          -0.872577,
          -0.487681,
          1.332713
        ],
        [
          0.0,
          0.0,
          0.0,
          1.0
        ]
      ]
    },
    {
      "file_path": "/media/NFS/ttao/scannet/posed_images/scene0701_01/00167.jpg",
      "transform_matrix": [
        [
          -0.807995,
          0.321837,
          -0.493523,
          2.297803
        ],
        [
          0.587382,
          0.374448,
          -0.717476,
          3.143684
        ],
        [
          -0.046112,
          -0.869603,
          -0.491593,
          1.33193
        ],
        [
          0.0,
          0.0,
          0.0,
          1.0
        ]
      ]
    },
    {
      "file_path": "/media/NFS/ttao/scannet/posed_images/scene0701_01/00170.jpg",
      "transform_matrix": [
        [
          -0.818358,
          0.312168,
          -0.482536,
          2.306407
        ],
        [
          0.573276,
          0.384166,
          -0.72372,
          3.111228
        ],
        [
          -0.040548,
          -0.868889,
          -0.493344,
          1.325976
        ],
        [
          0.0,
          0.0,
          0.0,
          1.0
        ]
      ]
    },
    {
      "file_path": "/media/NFS/ttao/scannet/posed_images/scene0701_01/00174.jpg",
      "transform_matrix": [
        [
          -0.8162,
          0.304555,
          -0.490983,
          2.318734
        ],
        [
          0.577022,
          0.386456,
          -0.719512,
          3.066007
        ],
        [
          -0.029388,
          -0.870574,
          -0.49116,
          1.332431
        ],
        [
          0.0,
          0.0,
          0.0,
          1.0
        ]
      ]
    },
    {
      "file_path": "/media/NFS/ttao/scannet/posed_images/scene0701_01/00177.jpg",
      "transform_matrix": [
        [
          -0.822037,
          0.285829,
          -0.492501,
          2.333502
        ],
        [
          0.569064,
          0.381156,
          -0.72862,
          3.033386
        ],
        [
          -0.020541,
          -0.879217,
          -0.475979,
          1.33707
        ],
        [
          0.0,
          0.0,
          0.0,
          1.0
        ]
      ]
    },
    {
      "file_path": "/media/NFS/ttao/scannet/posed_images/scene0701_01/00179.jpg",
      "transform_matrix": [
        [
          -0.826487,
          0.272881,
          -0.492397,
          2.342676
        ],
        [
          0.562781,
          0.378733,
          -0.734738,
          3.008981
        ],
        [
          -0.014009,
          -0.884363,
          -0.46659,
          1.346531
        ],
        [
          0.0,
          0.0,
          0.0,
          1.0
        ]
      ]
    },
    {
      "file_path": "/media/NFS/ttao/scannet/posed_images/scene0701_01/00184.jpg",
      "transform_matrix": [
        [
          -0.841072,
          0.264028,
          -0.472109,
          2.384504
        ],
        [
          0.540309,
          0.368493,
          -0.756491,
          2.953971
        ],
        [
          -0.025766,
          -0.891348,
          -0.452586,
          1.340077
        ],
        [
          0.0,
          0.0,
          0.0,
          1.0
        ]
      ]
    },
    {
      "file_path": "/media/NFS/ttao/scannet/posed_images/scene0701_01/00188.jpg",
      "transform_matrix": [
        [
          -0.859376,
          0.25613,
          -0.442573,
          2.409222
        ],
        [
          0.51069,
          0.38613,
          -0.768179,
          2.91978
        ],
        [
          -0.025863,
          -0.886172,
          -0.462634,
          1.33396
        ],
        [
          0.0,
          0.0,
          0.0,
          1.0
        ]
      ]
    },
    {
      "file_path": "/media/NFS/ttao/scannet/posed_images/scene0701_01/00190.jpg",
      "transform_matrix": [
        [
          -0.869208,
          0.246648,
          -0.428535,
          2.428538
        ],
        [
          0.494284,
          0.411238,
          -0.765876,
          2.899156
        ],
        [
          -0.012672,
          -0.877524,
          -0.479366,
          1.331027
        ],
        [
          0.0,
          0.0,
          0.0,
          1.0
        ]
      ]
    },
    {
      "file_path": "/media/NFS/ttao/scannet/posed_images/scene0701_01/00196.jpg",
      "transform_matrix": [
        [
          -0.912629,
          0.19318,
          -0.360264,
          2.45731
        ],
        [
          0.408733,
          0.445786,
          -0.796374,
          2.867424
        ],
        [
          0.006757,
          -0.874046,
          -0.485797,
          1.329363
        ],
        [
          0.0,
          0.0,
          0.0,
          1.0
        ]
      ]
    },
    {
      "file_path": "/media/NFS/ttao/scannet/posed_images/scene0701_01/00198.jpg",
      "transform_matrix": [
        [
          -0.925872,
          0.178208,
          -0.33317,
          2.459295
        ],
        [
          0.377766,
          0.453633,
          -0.807162,
          2.860182
        ],
        [
          0.007294,
          -0.873189,
          -0.487327,
          1.326431
        ],
        [
          0.0,
          0.0,
          0.0,
          1.0
        ]
      ]
    },
    {
      "file_path": "/media/NFS/ttao/scannet/posed_images/scene0701_01/00200.jpg",
      "transform_matrix": [
        [
          -0.934181,
          0.169943,
          -0.313728,
          2.474991
        ],
        [
          0.356733,
          0.461848,
          -0.812058,
          2.844654
        ],
        [
          0.006891,
          -0.870526,
          -0.492074,
          1.33129
        ],
        [
          0.0,
          0.0,
          0.0,
          1.0
        ]
      ]
    },
    {
      "file_path": "/media/NFS/ttao/scannet/posed_images/scene0701_01/00206.jpg",
      "transform_matrix": [
        [
          -0.959784,
          0.140827,
          -0.242862,
          2.468869
        ],
        [
          0.280599,
          0.453928,
          -0.845703,
          2.827692
        ],
        [
          -0.008856,
          -0.879839,
          -0.475189,
          1.344619
        ],
        [
          0.0,
          0.0,
          0.0,
          1.0
        ]
      ]
    },
    {
      "file_path": "/media/NFS/ttao/scannet/posed_images/scene0701_01/00210.jpg",
      "transform_matrix": [
        [
          -0.969568,
          0.116384,
          -0.215389,
          2.488782
        ],
        [
          0.244797,
          0.448281,
          -0.85972,
          2.807784
        ],
        [
          -0.003503,
          -0.886284,
          -0.463129,
          1.347331
        ],
        [
          0.0,
          0.0,
          0.0,
          1.0
        ]
      ]
    },
    {
      "file_path": "/media/NFS/ttao/scannet/posed_images/scene0701_01/00214.jpg",
      "transform_matrix": [
        [
          -0.982068,
          0.093579,
          -0.16366,
          2.476955
        ],
        [
          0.188425,
          0.459029,
          -0.86821,
          2.793985
        ],
        [
          -0.006121,
          -0.883479,
          -0.468431,
          1.348949
        ],
        [
          0.0,
          0.0,
          0.0,
          1.0
        ]
      ]
    },
    {
      "file_path": "/media/NFS/ttao/scannet/posed_images/scene0701_01/00216.jpg",
      "transform_matrix": [
        [
          -0.987212,
          0.079938,
          -0.137925,
          2.472963
        ],
        [
          0.159306,
          0.46263,
          -0.872121,
          2.788831
        ],
        [
          -0.005907,
          -0.88294,
          -0.469449,
          1.350176
        ],
        [
          0.0,
          0.0,
          0.0,
          1.0
        ]
      ]
    },
    {
      "file_path": "/media/NFS/ttao/scannet/posed_images/scene0701_01/00218.jpg",
      "transform_matrix": [
        [
          -0.991884,
          0.064015,
          -0.109851,
          2.46896
        ],
        [
          0.127053,
          0.466675,
          -0.875255,
          2.783493
        ],
        [
          -0.004764,
          -0.882109,
          -0.471021,
          1.349874
        ],
        [
          0.0,
          0.0,
          0.0,
          1.0
        ]
      ]
    },
    {
      "file_path": "/media/NFS/ttao/scannet/posed_images/scene0701_01/00225.jpg",
      "transform_matrix": [
        [
          -0.99965,
          0.006771,
          -0.025589,
          2.48024
        ],
        [
          0.025769,
          0.469892,
          -0.882348,
          2.771373
        ],
        [
          0.00605,
          -0.882698,
          -0.469902,
          1.353125
        ],
        [
          0.0,
          0.0,
          0.0,
          1.0
        ]
      ]
    },
    {
      "file_path": "/media/NFS/ttao/scannet/posed_images/scene0701_01/00228.jpg",
      "transform_matrix": [
        [
          -0.999779,
          -0.015288,
          0.014408,
          2.472787
        ],
        [
          -0.019909,
          0.470641,
          -0.8821,
          2.768273
        ],
        [
          0.006705,
          -0.882192,
          -0.470841,
          1.347897
        ],
        [
          0.0,
          0.0,
          0.0,
          1.0
        ]
      ]
    },
    {
      "file_path": "/media/NFS/ttao/scannet/posed_images/scene0701_01/00231.jpg",
      "transform_matrix": [
        [
          -0.99783,
          -0.038279,
          0.053572,
          2.465261
        ],
        [
          -0.065365,
          0.478129,
          -0.875854,
          2.764632
        ],
        [
          0.007912,
          -0.877455,
          -0.479594,
          1.342999
        ],
        [
          0.0,
          0.0,
          0.0,
          1.0
        ]
      ]
    },
    {
      "file_path": "/media/NFS/ttao/scannet/posed_images/scene0701_01/00232.jpg",
      "transform_matrix": [
        [
          -0.996657,
          -0.044633,
          0.068425,
          2.459884
        ],
        [
          -0.081459,
          0.479282,
          -0.873872,
          2.764284
        ],
        [
          0.006209,
          -0.876525,
          -0.481316,
          1.340129
        ],
        [
          0.0,
          0.0,
          0.0,
          1.0
        ]
      ]
    },
    {
      "file_path": "/media/NFS/ttao/scannet/posed_images/scene0701_01/00238.jpg",
      "transform_matrix": [
        [
          -0.986702,
          -0.095626,
          0.131434,
          2.442334
        ],
        [
          -0.161747,
          0.497916,
          -0.852008,
          2.754524
        ],
        [
          0.016031,
          -0.861937,
          -0.506762,
          1.328855
        ],
        [
          0.0,
          0.0,
          0.0,
          1.0
        ]
      ]
    },
    {
      "file_path": "/media/NFS/ttao/scannet/posed_images/scene0701_01/00240.jpg",
      "transform_matrix": [
        [
          -0.982714,
          -0.11451,
          0.145469,
          2.444707
        ],
        [
          -0.183511,
          0.498778,
          -0.84708,
          2.752875
        ],
        [
          0.024443,
          -0.859132,
          -0.51117,
          1.323038
        ],
        [
          0.0,
          0.0,
          0.0,
          1.0
        ]
      ]
    },
    {
      "file_path": "/media/NFS/ttao/scannet/posed_images/scene0701_01/00246.jpg",
      "transform_matrix": [
        [
          -0.972956,
          -0.143973,
          0.180632,
          2.442491
        ],
        [
          -0.229718,
          0.521143,
          -0.821973,
          2.735628
        ],
        [
          0.024207,
          -0.841238,
          -0.540123,
          1.311612
        ],
        [
          0.0,
          0.0,
          0.0,
          1.0
        ]
      ]
    },
    {
      "file_path": "/media/NFS/ttao/scannet/posed_images/scene0701_01/00248.jpg",
      "transform_matrix": [
        [
          -0.97413,
          -0.138448,
          0.178612,
          2.445442
        ],
        [
          -0.224957,
          0.518698,
          -0.824831,
          2.730529
        ],
        [
          0.02155,
          -0.843673,
          -0.536424,
          1.313364
        ],
        [
          0.0,
          0.0,
          0.0,
          1.0
        ]
      ]
    },
    {
      "file_path": "/media/NFS/ttao/scannet/posed_images/scene0701_01/00251.jpg",
      "transform_matrix": [
        [
          -0.975372,
          -0.131667,
          0.176953,
          2.453218
        ],
        [
          -0.220158,
          0.532476,
          -0.817313,
          2.729532
        ],
        [
          0.01339,
          -0.836142,
          -0.54835,
          1.308226
        ],
        [
          0.0,
          0.0,
          0.0,
          1.0
        ]
      ]
    },
    {
      "file_path": "/media/NFS/ttao/scannet/posed_images/scene0701_01/00255.jpg",
      "transform_matrix": [
        [
          -0.97513,
          -0.128491,
          0.180587,
          2.463264
        ],
        [
          -0.221067,
          0.505633,
          -0.833945,
          2.71762
        ],
        [
          0.015844,
          -0.853127,
          -0.521464,
          1.312079
        ],
        [
          0.0,
          0.0,
          0.0,
          1.0
        ]
      ]
    },
    {
      "file_path": "/media/NFS/ttao/scannet/posed_images/scene0701_01/00260.jpg",
      "transform_matrix": [
        [
          -0.969051,
          -0.13853,
          0.204329,
          2.460974
        ],
        [
          -0.246856,
          0.537951,
          -0.806022,
          2.705246
        ],
        [
          0.001739,
          -0.831516,
          -0.555499,
          1.296309
        ],
        [
          0.0,
          0.0,
          0.0,
          1.0
        ]
      ]
    },
    {
      "file_path": "/media/NFS/ttao/scannet/posed_images/scene0701_01/00262.jpg",
      "transform_matrix": [
        [
          -0.960614,
          -0.148669,
          0.234774,
          2.447358
        ],
        [
          -0.277839,
          0.529707,
          -0.801384,
          2.697302
        ],
        [
          -0.005221,
          -0.83505,
          -0.55015,
          1.300145
        ],
        [
          0.0,
          0.0,
          0.0,
          1.0
        ]
      ]
    },
    {
      "file_path": "/media/NFS/ttao/scannet/posed_images/scene0701_01/00267.jpg",
      "transform_matrix": [
        [
          -0.927246,
          -0.177952,
          0.329465,
          2.41144
        ],
        [
          -0.373874,
          0.488844,
          -0.788194,
          2.672055
        ],
        [
          -0.020797,
          -0.854028,
          -0.519811,
          1.302835
        ],
        [
          0.0,
          0.0,
          0.0,
          1.0
        ]
      ]
    },
    {
      "file_path": "/media/NFS/ttao/scannet/posed_images/scene0701_01/00270.jpg",
      "transform_matrix": [
        [
          -0.890797,
          -0.225499,
          0.3945,
          2.385353
        ],
        [
          -0.454237,
          0.465218,
          -0.759764,
          2.663359
        ],
        [
          -0.012203,
          -0.855992,
          -0.516845,
          1.299129
        ],
        [
          0.0,
          0.0,
          0.0,
          1.0
        ]
      ]
    },
    {
      "file_path": "/media/NFS/ttao/scannet/posed_images/scene0701_01/00273.jpg",
      "transform_matrix": [
        [
          -0.861464,
          -0.256243,
          0.438428,
          2.353579
        ],
        [
          -0.507744,
          0.449389,
          -0.735014,
          2.643525
        ],
        [
          -0.008682,
          -0.855797,
