{
  "frames": [
    {
      "file_path": "/media/NFS/ttao/scannet/posed_images/scene0576_02/00000.jpg",
      "transform_matrix": [
        [
          -0.489399,
          0.305923,
          -0.816639,
          2.432328
        ],
        [
          0.870085,
          0.234281,
          -0.433663,
          2.900474
        ],
        [
          0.058656,
          -0.92278,
          -0.380837,
          1.358034
        ],
        [
          0.0,
          0.0,
          0.0,
          1.0
        ]
      ]
    },
    {
      "file_path": "/media/NFS/ttao/scannet/posed_images/scene0576_02/00003.jpg",
      "transform_matrix": [
        [
          -0.446901,
          0.306225,
          -0.840539,
          2.439178
        ],
        [
          0.892665,
          0.214161,
          -0.396592,
          2.881063
        ],
        [
          0.058564,
          -0.927557,
          -0.369064,
          1.367107
        ],
        [
          0.0,
          0.0,
          0.0,
          1.0
        ]
      ]
    },
    {
      "file_path": "/media/NFS/ttao/scannet/posed_images/scene0576_02/00009.jpg",
      "transform_matrix": [
        [
          -0.384069,
          0.306433,
          -0.870971,
          2.469093
        ],
        [
          0.921835,
          0.180471,
          -0.343003,
          2.843291
        ],
        [
          0.052078,
          -0.934628,
          -0.351794,
          1.371315
        ],
        [
          0.0,
          0.0,
          0.0,
          1.0
        ]
      ]
    },
    {
      "file_path": "/media/NFS/ttao/scannet/posed_images/scene0576_02/00012.jpg",
      "transform_matrix": [
        [
          -0.348488,
          0.305442,
          -0.88615,
          2.49054
        ],
        [
          0.935807,
          0.166957,
          -0.310468,
          2.815112
        ],
        [
          0.053118,
          -0.93746,
          -0.344017,
          1.377962
        ],
        [
          0.0,
          0.0,
          0.0,
          1.0
        ]
      ]
    },
    {
      "file_path": "/media/NFS/ttao/scannet/posed_images/scene0576_02/00016.jpg",
      "transform_matrix": [
        [
          -0.321666,
          0.29581,
          -0.899459,
          2.518141
        ],
        [
          0.945334,
          0.15412,
          -0.287386,
          2.785386
        ],
        [
          0.053613,
          -0.942732,
          -0.329215,
          1.389609
        ],
        [
          0.0,
          0.0,
          0.0,
          1.0
        ]
      ]
    },
    {
      "file_path": "/media/NFS/ttao/scannet/posed_images/scene0576_02/00017.jpg",
      "transform_matrix": [
        [
          -0.315775,
          0.294225,
          -0.902063,
          2.523848
        ],
        [
          0.947176,
          0.153919,
          -0.281364,
          2.778689
        ],
        [
          0.05606,
          -0.943261,
          -0.327287,
          1.396415
        ],
        [
          0.0,
          0.0,
          0.0,
          1.0
        ]
      ]
    },
    {
      "file_path": "/media/NFS/ttao/scannet/posed_images/scene0576_02/00024.jpg",
      "transform_matrix": [
        [
          -0.262553,
          0.232419,
          -0.936508,
          2.565321
        ],
        [
          0.962437,
          0.132633,
          -0.236906,
          2.767318
        ],
        [
          0.069151,
          -0.96353,
          -0.258512,
          1.440387
        ],
        [
          0.0,
          0.0,
          0.0,
          1.0
        ]
      ]
    },
    {
      "file_path": "/media/NFS/ttao/scannet/posed_images/scene0576_02/00027.jpg",
      "transform_matrix": [
        [
          -0.229,
          0.204273,
          -0.951752,
          2.588278
        ],
        [
          0.970013,
          0.129697,
          -0.205557,
          2.766518
        ],
        [
          0.08145,
          -0.970284,
          -0.227848,
          1.451546
        ],
        [
          0.0,
          0.0,
          0.0,
          1.0
        ]
      ]
    },
    {
      "file_path": "/media/NFS/ttao/scannet/posed_images/scene0576_02/00030.jpg",
      "transform_matrix": [
        [
          -0.190152,
          0.202714,
          -0.960598,
          2.60479
        ],
        [
          0.977852,
          0.126269,
          -0.166921,
          2.758888
        ],
        [
          0.087456,
          -0.971063,
          -0.222234,
          1.469055
        ],
        [
          0.0,
          0.0,
          0.0,
          1.0
        ]
      ]
    },
    {
      "file_path": "/media/NFS/ttao/scannet/posed_images/scene0576_02/00034.jpg",
      "transform_matrix": [
        [
          -0.141651,
          0.185196,
          -0.972439,
          2.638744
        ],
        [
          0.986371,
          0.109476,
          -0.122831,
          2.757367
        ],
        [
          0.083711,
          -0.976584,
          -0.19818,
          1.474781
        ],
        [
          0.0,
          0.0,
          0.0,
          1.0
        ]
      ]
    },
    {
      "file_path": "/media/NFS/ttao/scannet/posed_images/scene0576_02/00038.jpg",
      "transform_matrix": [
        [
          -0.09342,
          0.184688,
          -0.978347,
          2.677675
        ],
        [
          0.992846,
          0.090676,
          -0.077687,
          2.753375
        ],
        [
          0.074365,
          -0.978605,
          -0.191838,
          1.486229
        ],
        [
          0.0,
          0.0,
          0.0,
          1.0
        ]
      ]
    },
    {
      "file_path": "/media/NFS/ttao/scannet/posed_images/scene0576_02/00041.jpg",
      "transform_matrix": [
        [
          -0.052414,
          0.185728,
          -0.981202,
          2.719263
        ],
        [
          0.996807,
          0.069001,
          -0.040186,
          2.745733
        ],
        [
          0.060241,
          -0.980176,
          -0.188751,
          1.505465
        ],
        [
          0.0,
          0.0,
          0.0,
          1.0
        ]
      ]
    },
    {
      "file_path": "/media/NFS/ttao/scannet/posed_images/scene0576_02/00042.jpg",
      "transform_matrix": [
        [
          -0.049061,
          0.179517,
          -0.982531,
          2.732825
        ],
        [
          0.997401,
          0.06077,
          -0.0387,
          2.751715
        ],
        [
          0.052761,
          -0.981876,
          -0.182032,
          1.503461
        ],
        [
          0.0,
          0.0,
          0.0,
          1.0
        ]
      ]
    },
    {
      "file_path": "/media/NFS/ttao/scannet/posed_images/scene0576_02/00048.jpg",
      "transform_matrix": [
        [
          -0.018167,
          0.160571,
          -0.986857,
          2.790991
        ],
        [
          0.999268,
          0.036153,
          -0.012513,
          2.751212
        ],
        [
          0.033669,
          -0.986362,
          -0.16111,
          1.520648
        ],
        [
          0.0,
          0.0,
          0.0,
          1.0
        ]
      ]
    },
    {
      "file_path": "/media/NFS/ttao/scannet/posed_images/scene0576_02/00050.jpg",
      "transform_matrix": [
        [
          -0.010075,
          0.157552,
          -0.987459,
          2.808341
        ],
        [
          0.999479,
          0.031877,
          -0.005111,
          2.743218
        ],
        [
          0.030672,
          -0.986996,
          -0.157791,
          1.525619
        ],
        [
          0.0,
          0.0,
          0.0,
          1.0
        ]
      ]
    },
    {
      "file_path": "/media/NFS/ttao/scannet/posed_images/scene0576_02/00053.jpg",
      "transform_matrix": [
        [
          0.002312,
          0.145276,
          -0.989388,
          2.830271
        ],
        [
          0.999427,
          0.033087,
          0.007194,
          2.736662
        ],
        [
          0.033781,
          -0.988838,
          -0.145116,
          1.528369
        ],
        [
          0.0,
          0.0,
          0.0,
          1.0
        ]
      ]
    },
    {
      "file_path": "/media/NFS/ttao/scannet/posed_images/scene0576_02/00058.jpg",
      "transform_matrix": [
        [
          0.043073,
          0.132091,
          -0.990301,
          2.852278
        ],
        [
          0.998247,
          0.034588,
          0.048033,
          2.72332
        ],
        [
          0.040597,
          -0.990634,
          -0.130369,
          1.537384
        ],
        [
          0.0,
          0.0,
          0.0,
          1.0
        ]
      ]
    },
    {
      "file_path": "/media/NFS/ttao/scannet/posed_images/scene0576_02/00060.jpg",
      "transform_matrix": [
        [
          0.065577,
          0.127477,
          -0.989671,
          2.860939
        ],
        [
          0.996805,
          0.036951,
          0.070809,
          2.710877
        ],
        [
          0.045596,
          -0.991153,
          -0.124646,
          1.54089
        ],
        [
          0.0,
          0.0,
          0.0,
          1.0
        ]
      ]
    },
    {
      "file_path": "/media/NFS/ttao/scannet/posed_images/scene0576_02/00065.jpg",
      "transform_matrix": [
        [
          0.112896,
          0.113235,
          -0.987133,
          2.874489
        ],
        [
          0.99255,
          0.032944,
          0.117295,
          2.702734
        ],
        [
          0.045802,
          -0.993022,
          -0.108672,
          1.550843
        ],
        [
          0.0,
          0.0,
          0.0,
          1.0
        ]
      ]
    },
    {
      "file_path": "/media/NFS/ttao/scannet/posed_images/scene0576_02/00068.jpg",
      "transform_matrix": [
        [
          0.147529,
          0.114668,
          -0.982388,
          2.876089
        ],
        [
          0.988311,
          0.021494,
          0.150927,
          2.679849
        ],
        [
          0.038422,
          -0.993171,
          -0.110157,
          1.545928
        ],
        [
          0.0,
          0.0,
          0.0,
          1.0
        ]
      ]
    },
    {
      "file_path": "/media/NFS/ttao/scannet/posed_images/scene0576_02/00071.jpg",
      "transform_matrix": [
        [
          0.182248,
          0.137575,
          -0.97358,
          2.881127
        ],
        [
          0.983059,
          -0.005847,
          0.183197,
          2.654944
        ],
        [
          0.01951,
          -0.990474,
          -0.13631,
          1.523032
        ],
        [
          0.0,
          0.0,
          0.0,
          1.0
        ]
      ]
    },
    {
      "file_path": "/media/NFS/ttao/scannet/posed_images/scene0576_02/00077.jpg",
      "transform_matrix": [
        [
          0.246626,
          0.208303,
          -0.946459,
          2.874053
        ],
        [
          0.969091,
          -0.059302,
          0.239472,
          2.602853
        ],
        [
          -0.006244,
          -0.976265,
          -0.21649,
          1.498772
        ],
        [
          0.0,
          0.0,
          0.0,
          1.0
        ]
      ]
    },
    {
      "file_path": "/media/NFS/ttao/scannet/posed_images/scene0576_02/00078.jpg",
      "transform_matrix": [
        [
          0.254545,
          0.21749,
          -0.942287,
          2.875396
        ],
        [
          0.967005,
          -0.067715,
          0.245593,
          2.59998
        ],
        [
          -0.010393,
          -0.973711,
          -0.227551,
          1.492201
        ],
        [
          0.0,
          0.0,
          0.0,
          1.0
        ]
      ]
    },
    {
      "file_path": "/media/NFS/ttao/scannet/posed_images/scene0576_02/00084.jpg",
      "transform_matrix": [
        [
          0.321977,
          0.262996,
          -0.909485,
          2.878413
        ],
        [
          0.946697,
          -0.099301,
          0.306436,
          2.571774
        ],
        [
          -0.009721,
          -0.959673,
          -0.28095,
          1.445613
        ],
        [
          0.0,
          0.0,
          0.0,
          1.0
        ]
      ]
    },
    {
      "file_path": "/media/NFS/ttao/scannet/posed_images/scene0576_02/00088.jpg",
      "transform_matrix": [
        [
          0.370152,
          0.296938,
          -0.880236,
          2.878036
        ],
        [
          0.928943,
          -0.110997,
          0.353191,
          2.565141
        ],
        [
          0.007172,
          -0.948424,
          -0.316925,
          1.432726
        ],
        [
          0.0,
          0.0,
          0.0,
          1.0
        ]
      ]
    },
    {
      "file_path": "/media/NFS/ttao/scannet/posed_images/scene0576_02/00091.jpg",
      "transform_matrix": [
        [
          0.405086,
          0.294277,
          -0.865625,
          2.891024
        ],
        [
          0.914277,
          -0.131957,
          0.382993,
          2.576149
        ],
        [
          -0.001519,
          -0.946567,
          -0.322505,
          1.40282
        ],
        [
          0.0,
          0.0,
          0.0,
          1.0
        ]
      ]
    },
    {
      "file_path": "/media/NFS/ttao/scannet/posed_images/scene0576_02/00092.jpg",
      "transform_matrix": [
        [
          0.417139,
          0.294813,
          -0.859698,
          2.892473
        ],
        [
          0.908833,
          -0.139657,
          0.393088,
          2.577035
        ],
        [
          -0.004175,
          -0.945294,
          -0.326192,
          1.399617
        ],
        [
          0.0,
          0.0,
          0.0,
          1.0
        ]
      ]
    },
    {
      "file_path": "/media/NFS/ttao/scannet/posed_images/scene0576_02/00099.jpg",
      "transform_matrix": [
        [
          0.496665,
          0.309293,
          -0.810963,
          2.890783
        ],
        [
          0.867941,
          -0.178714,
          0.4634,
          2.590632
        ],
        [
          -0.001604,
          -0.934023,
          -0.35721,
          1.390915
        ],
        [
          0.0,
          0.0,
          0.0,
          1.0
        ]
      ]
    },
    {
      "file_path": "/media/NFS/ttao/scannet/posed_images/scene0576_02/00100.jpg",
      "transform_matrix": [
        [
          0.495003,
          0.279276,
          -0.822786,
          2.913818
        ],
        [
          0.86813,
          -0.198599,
          0.454873,
          2.618856
        ],
        [
          -0.03637,
          -0.939448,
          -0.340755,
          1.361121
        ],
        [
          0.0,
          0.0,
          0.0,
          1.0
        ]
      ]
    },
    {
      "file_path": "/media/NFS/ttao/scannet/posed_images/scene0576_02/00104.jpg",
      "transform_matrix": [
        [
          0.525773,
          0.296632,
          -0.797228,
          2.912827
        ],
        [
          0.850069,
          -0.217105,
          0.479842,
          2.631949
        ],
        [
          -0.030745,
          -0.929987,
          -0.366305,
          1.348999
        ],
        [
          0.0,
          0.0,
          0.0,
          1.0
        ]
      ]
    },
    {
      "file_path": "/media/NFS/ttao/scannet/posed_images/scene0576_02/00106.jpg",
      "transform_matrix": [
        [
          0.541212,
          0.304371,
          -0.783868,
          2.911427
        ],
        [
          0.840418,
          -0.226884,
          0.492159,
          2.63657
        ],
        [
          -0.028048,
          -0.925139,
          -0.378591,
          1.342477
        ],
        [
          0.0,
          0.0,
          0.0,
          1.0
        ]
      ]
    },
    {
      "file_path": "/media/NFS/ttao/scannet/posed_images/scene0576_02/00111.jpg",
      "transform_matrix": [
        [
          0.574088,
          0.304053,
          -0.760247,
          2.938206
        ],
        [
          0.81554,
          -0.295026,
          0.49785,
          2.689277
        ],
        [
          -0.07292,
          -0.905821,
          -0.417338,
          1.29139
        ],
        [
          0.0,
          0.0,
          0.0,
          1.0
        ]
      ]
    },
    {
      "file_path": "/media/NFS/ttao/scannet/posed_images/scene0576_02/00114.jpg",
      "transform_matrix": [
        [
          0.603182,
          0.314991,
          -0.73277,
          2.939727
        ],
        [
          0.793714,
          -0.32766,
          0.5125,
          2.710272
        ],
        [
          -0.078667,
          -0.890741,
          -0.447652,
          1.278661
        ],
        [
          0.0,
          0.0,
          0.0,
          1.0
        ]
      ]
    },
    {
      "file_path": "/media/NFS/ttao/scannet/posed_images/scene0576_02/00117.jpg",
      "transform_matrix": [
        [
          0.637413,
          0.307877,
          -0.70634,
          2.946765
        ],
        [
          0.765684,
          -0.355662,
          0.535941,
          2.738437
        ],
        [
          -0.086214,
          -0.882449,
          -0.46244,
          1.266952
        ],
        [
          0.0,
          0.0,
          0.0,
          1.0
        ]
      ]
    },
    {
      "file_path": "/media/NFS/ttao/scannet/posed_images/scene0576_02/00122.jpg",
      "transform_matrix": [
        [
          0.665714,
          0.305558,
          -0.680778,
          3.000591
        ],
        [
          0.740799,
          -0.380256,
          0.553734,
          2.841625
        ],
        [
          -0.089672,
          -0.872949,
          -0.479499,
          1.243674
        ],
        [
          0.0,
          0.0,
          0.0,
          1.0
        ]
      ]
    },
    {
      "file_path": "/media/NFS/ttao/scannet/posed_images/scene0576_02/00126.jpg",
      "transform_matrix": [
        [
          0.706887,
          0.290108,
          -0.645095,
          3.019203
        ],
        [
          0.701418,
          -0.40514,
          0.586408,
          2.884532
        ],
        [
          -0.091232,
          -0.867006,
          -0.489875,
          1.24645
        ],
        [
          0.0,
          0.0,
          0.0,
          1.0
        ]
      ]
    },
    {
      "file_path": "/media/NFS/ttao/scannet/posed_images/scene0576_02/00130.jpg",
      "transform_matrix": [
        [
          0.723347,
          0.291179,
          -0.626087,
          3.082614
        ],
        [
          0.68721,
          -0.39179,
          0.611753,
          2.978269
        ],
        [
          -0.067165,
          -0.872763,
          -0.483501,
          1.242034
        ],
        [
          0.0,
          0.0,
          0.0,
          1.0
        ]
      ]
    },
    {
      "file_path": "/media/NFS/ttao/scannet/posed_images/scene0576_02/00134.jpg",
      "transform_matrix": [
        [
          0.754073,
          0.278361,
          -0.594885,
          3.094672
        ],
        [
          0.654222,
          -0.398368,
          0.642882,
          3.004415
        ],
        [
          -0.05803,
          -0.873967,
          -0.482509,
          1.245301
        ],
        [
          0.0,
          0.0,
          0.0,
          1.0
        ]
      ]
    },
    {
      "file_path": "/media/NFS/ttao/scannet/posed_images/scene0576_02/00135.jpg",
      "transform_matrix": [
        [
          0.760438,
          0.276705,
          -0.58751,
          3.096503
        ],
        [
          0.647051,
          -0.399874,
          0.649173,
          3.010583
        ],
        [
          -0.055301,
          -0.873805,
          -0.483121,
          1.246392
        ],
        [
          0.0,
          0.0,
          0.0,
          1.0
        ]
      ]
    },
    {
      "file_path": "/media/NFS/ttao/scannet/posed_images/scene0576_02/00139.jpg",
      "transform_matrix": [
        [
          0.780623,
          0.272398,
          -0.562519,
          3.103163
        ],
        [
          0.622917,
          -0.41256,
          0.664657,
          3.034403
        ],
        [
          -0.051022,
          -0.869249,
          -0.491735,
          1.249118
        ],
        [
          0.0,
          0.0,
          0.0,
          1.0
        ]
      ]
    },
    {
      "file_path": "/media/NFS/ttao/scannet/posed_images/scene0576_02/00144.jpg",
      "transform_matrix": [
        [
          0.797299,
          0.272308,
          -0.538667,
          3.127209
        ],
        [
          0.602399,
          -0.414899,
          0.681891,
          3.074745
        ],
        [
          -0.037807,
          -0.868163,
          -0.494837,
          1.241639
        ],
        [
          0.0,
          0.0,
          0.0,
          1.0
        ]
      ]
    },
    {
      "file_path": "/media/NFS/ttao/scannet/posed_images/scene0576_02/00147.jpg",
      "transform_matrix": [
        [
          0.82142,
          0.259175,
          -0.508034,
          3.124236
        ],
        [
          0.569165,
          -0.429284,
          0.701261,
          3.081751
        ],
        [
          -0.036341,
          -0.865184,
          -0.500135,
          1.24477
        ],
        [
          0.0,
          0.0,
          0.0,
          1.0
        ]
      ]
    },
    {
      "file_path": "/media/NFS/ttao/scannet/posed_images/scene0576_02/00152.jpg",
      "transform_matrix": [
        [
          0.861899,
          0.23386,
          -0.449933,
          3.131828
        ],
        [
          0.506463,
          -0.440764,
          0.741095,
          3.107859
        ],
        [
          -0.025002,
          -0.866624,
          -0.498335,
          1.241476
        ],
        [
          0.0,
          0.0,
          0.0,
          1.0
        ]
      ]
    },
    {
      "file_path": "/media/NFS/ttao/scannet/posed_images/scene0576_02/00153.jpg",
      "transform_matrix": [
        [
          0.871085,
          0.228997,
          -0.434477,
          3.125854
        ],
        [
          0.490672,
          -0.444051,
          0.749707,
          3.106496
        ],
        [
          -0.021249,
          -0.866244,
          -0.499169,
          1.243326
        ],
        [
          0.0,
          0.0,
          0.0,
          1.0
        ]
      ]
    },
    {
      "file_path": "/media/NFS/ttao/scannet/posed_images/scene0576_02/00159.jpg",
      "transform_matrix": [
        [
          0.92696,
          0.18516,
          -0.326282,
          3.094782
        ],
        [
          0.375159,
          -0.457866,
          0.805987,
          3.101371
        ],
        [
          -0.000157,
          -0.869525,
          -0.493888,
          1.248439
        ],
        [
          0.0,
          0.0,
          0.0,
          1.0
        ]
      ]
    },
    {
      "file_path": "/media/NFS/ttao/scannet/posed_images/scene0576_02/00163.jpg",
      "transform_matrix": [
        [
          0.953338,
          0.152583,
          -0.260509,
          3.077098
        ],
        [
          0.301834,
          -0.463045,
          0.833358,
          3.098987
        ],
        [
          0.006529,
          -0.873102,
          -0.487494,
          1.245409
        ],
        [
          0.0,
          0.0,
          0.0,
          1.0
        ]
      ]
    },
    {
      "file_path": "/media/NFS/ttao/scannet/posed_images/scene0576_02/00166.jpg",
      "transform_matrix": [
        [
          0.967756,
          0.130845,
          -0.215241,
          3.049948
        ],
        [
          0.251741,
          -0.472966,
          0.844352,
          3.085918
        ],
        [
          0.008677,
          -0.871311,
          -0.490655,
          1.251663
        ],
        [
          0.0,
          0.0,
          0.0,
          1.0
        ]
      ]
    },
    {
      "file_path": "/media/NFS/ttao/scannet/posed_images/scene0576_02/00170.jpg",
      "transform_matrix": [
        [
          0.980499,
          0.111094,
          -0.16211,
          3.017557
        ],
        [
          0.195758,
          -0.47936,
          0.855507,
          3.060163
        ],
        [
          0.017333,
          -0.870559,
          -0.49176,
          1.243166
        ],
        [
          0.0,
          0.0,
          0.0,
          1.0
        ]
      ]
    },
    {
      "file_path": "/media/NFS/ttao/scannet/posed_images/scene0576_02/00174.jpg",
      "transform_matrix": [
        [
          0.986966,
          0.09095,
          -0.132764,
          2.996063
        ],
        [
          0.160428,
          -0.491032,
          0.856242,
          3.043326
        ],
        [
          0.012684,
          -0.86638,
          -0.499223,
          1.245471
        ],
        [
          0.0,
          0.0,
          0.0,
          1.0
        ]
      ]
    },
    {
      "file_path": "/media/NFS/ttao/scannet/posed_images/scene0576_02/00176.jpg",
      "transform_matrix": [
        [
          0.989236,
          0.080382,
          -0.122273,
          2.993846
        ],
        [
          0.14605,
          -0.490876,
          0.8589,
          3.039626
        ],
        [
          0.009019,
          -0.867513,
          -0.497332,
          1.248227
        ],
        [
          0.0,
          0.0,
          0.0,
          1.0
        ]
      ]
    },
    {
      "file_path": "/media/NFS/ttao/scannet/posed_images/scene0576_02/00178.jpg",
      "transform_matrix": [
        [
          0.991498,
          0.063868,
          -0.113369,
          2.994685
        ],
        [
          0.130122,
          -0.488786,
          0.862645,
          3.03214
        ],
        [
          -0.000317,
          -0.870063,
          -0.492941,
          1.248158
        ],
        [
          0.0,
          0.0,
          0.0,
          1.0
        ]
      ]
    },
    {
      "file_path": "/media/NFS/ttao/scannet/posed_images/scene0576_02/00181.jpg",
      "transform_matrix": [
        [
          0.994237,
          0.040356,
          -0.099322,
          2.996711
        ],
        [
          0.106365,
          -0.487229,
          0.866772,
          3.0215
        ],
        [
          -0.013413,
          -0.872341,
          -0.488713,
          1.23948
        ],
        [
          0.0,
          0.0,
          0.0,
          1.0
        ]
      ]
    },
    {
      "file_path": "/media/NFS/ttao/scannet/posed_images/scene0576_02/00186.jpg",
      "transform_matrix": [
        [
          0.996857,
          0.017829,
          -0.077189,
          2.999657
        ],
        [
          0.07584,
          -0.496368,
          0.864793,
          3.002397
        ],
        [
          -0.022895,
          -0.867929,
          -0.49616,
          1.236254
        ],
        [
          0.0,
          0.0,
          0.0,
          1.0
        ]
      ]
    },
    {
      "file_path": "/media/NFS/ttao/scannet/posed_images/scene0576_02/00191.jpg",
      "transform_matrix": [
        [
          0.998992,
          -0.013474,
          -0.042809,
          3.016158
        ],
        [
          0.030298,
          -0.501221,
          0.864789,
          2.984701
        ],
        [
          -0.033108,
          -0.865214,
          -0.500308,
          1.236538
        ],
        [
          0.0,
          0.0,
          0.0,
          1.0
        ]
      ]
    },
    {
      "file_path": "/media/NFS/ttao/scannet/posed_images/scene0576_02/00192.jpg",
      "transform_matrix": [
        [
          0.999092,
          -0.019128,
          -0.038077,
          3.019457
        ],
        [
          0.023344,
          -0.501868,
          0.864629,
          2.979552
        ],
        [
          -0.035648,
          -0.864733,
          -0.500966,
          1.237913
        ],
        [
          0.0,
          0.0,
          0.0,
          1.0
        ]
      ]
    },
    {
      "file_path": "/media/NFS/ttao/scannet/posed_images/scene0576_02/00199.jpg",
      "transform_matrix": [
        [
          0.998497,
          -0.05248,
          -0.0158,
          3.031136
        ],
        [
          -0.014156,
          -0.525459,
          0.850701,
          2.94558
        ],
        [
          -0.052947,
          -0.849198,
          -0.525413,
          1.234474
        ],
        [
          0.0,
          0.0,
          0.0,
          1.0
        ]
      ]
    },
    {
      "file_path": "/media/NFS/ttao/scannet/posed_images/scene0576_02/00200.jpg",
      "transform_matrix": [
        [
          0.998641,
          -0.050765,
          -0.011838,
          3.03
        ],
        [
          -0.016653,
          -0.525895,
          0.850386,
          2.9391
        ],
        [
          -0.049395,
          -0.849033,
          -0.526026,
          1.233066
        ],
        [
          0.0,
          0.0,
          0.0,
          1.0
        ]
      ]
    },
    {
      "file_path": "/media/NFS/ttao/scannet/posed_images/scene0576_02/00203.jpg",
      "transform_matrix": [
        [
          0.998028,
          -0.062778,
          -0.000361,
          3.020836
        ],
        [
          -0.033226,
          -0.533083,
          0.845411,
          2.934793
        ],
        [
          -0.053265,
          -0.843731,
          -0.534117,
          1.241809
        ],
        [
          0.0,
          0.0,
          0.0,
          1.0
        ]
      ]
    },
    {
      "file_path": "/media/NFS/ttao/scannet/posed_images/scene0576_02/00207.jpg",
      "transform_matrix": [
        [
          0.997573,
          -0.065232,
          0.024359,
          3.016914
        ],
        [
          -0.054606,
          -0.51581,
          0.854961,
          2.928971
        ],
        [
          -0.043207,
          -0.854216,
          -0.51812,
          1.243711
        ],
        [
          0.0,
          0.0,
          0.0,
          1.0
        ]
      ]
    },
    {
      "file_path": "/media/NFS/ttao/scannet/posed_images/scene0576_02/00212.jpg",
      "transform_matrix": [
        [
          0.993398,
          -0.071508,
          0.089703,
          2.985013
        ],
        [
          -0.113703,
          -0.509972,
          0.852643,
          2.948422
        ],
        [
          -0.015225,
          -0.857214,
          -0.514736,
          1.238489
        ],
        [
          0.0,
          0.0,
          0.0,
          1.0
        ]
      ]
    },
    {
      "file_path": "/media/NFS/ttao/scannet/posed_images/scene0576_02/00214.jpg",
      "transform_matrix": [
        [
          0.989974,
          -0.08528,
          0.112598,
          2.972811
        ],
        [
          -0.140432,
          -0.508667,
          0.849433,
          2.962144
        ],
        [
          -0.015165,
          -0.856729,
          -0.515544,
          1.237381
        ],
        [
          0.0,
          0.0,
          0.0,
          1.0
        ]
      ]
    },
    {
      "file_path": "/media/NFS/ttao/scannet/posed_images/scene0576_02/00219.jpg",
      "transform_matrix": [
        [
          0.972041,
          -0.129972,
          0.195558,
          2.92437
        ],
        [
          -0.234675,
          -0.509469,
          0.82787,
          3.010916
        ],
        [
          -0.007969,
          -0.850617,
          -0.525726,
          1.242549
        ],
        [
          0.0,
          0.0,
          0.0,
          1.0
        ]
      ]
    },
    {
      "file_path": "/media/NFS/ttao/scannet/posed_images/scene0576_02/00221.jpg",
      "transform_matrix": [
        [
          0.955572,
          -0.160203,
          0.24742,
          2.899228
        ],
        [
          -0.29464,
          -0.495469,
          0.817128,
          3.029734
        ],
        [
          -0.008317,
          -0.853724,
          -0.520659,
          1.231923
        ],
        [
          0.0,
          0.0,
          0.0,
          1.0
        ]
      ]
    },
    {
      "file_path": "/media/NFS/ttao/scannet/posed_images/scene0576_02/00226.jpg",
      "transform_matrix": [
        [
          0.905498,
          -0.244373,
          0.346923,
          2.844921
        ],
        [
          -0.424094,
          -0.492707,
          0.759858,
          3.090375
        ],
        [
          -0.014757,
          -0.835177,
          -0.549783,
          1.241985
        ],
        [
          0.0,
          0.0,
          0.0,
          1.0
        ]
      ]
    },
    {
      "file_path": "/media/NFS/ttao/scannet/posed_images/scene0576_02/00231.jpg",
      "transform_matrix": [
        [
          0.860168,
          -0.272153,
          0.431327,
          2.802091
        ],
        [
          -0.509708,
          -0.487857,
          0.708656,
          3.130587
        ],
        [
          0.017563,
          -0.829414,
          -0.558358,
          1.24321
        ],
        [
          0.0,
          0.0,
          0.0,
          1.0
        ]
      ]
    },
    {
      "file_path": "/media/NFS/ttao/scannet/posed_images/scene0576_02/00234.jpg",
      "transform_matrix": [
        [
          0.831239,
          -0.283013,
          0.478482,
          2.78335
        ],
        [
          -0.55451,
          -0.483271,
          0.677472,
          3.154941
        ],
        [
          0.039503,
          -0.828464,
          -0.558647,
          1.245507
        ],
        [
          0.0,
          0.0,
          0.0,
          1.0
        ]
      ]
    },
    {
      "file_path": "/media/NFS/ttao/scannet/posed_images/scene0576_02/00237.jpg",
      "transform_matrix": [
        [
          0.808896,
          -0.300777,
          0.505194,
          2.76545
        ],
        [
          -0.586205,
          -0.478765,
          0.653566,
          3.180352
        ],
        [
          0.045292,
          -0.824814,
          -0.563588,
          1.244777
        ],
        [
          0.0,
          0.0,
          0.0,
          1.0
        ]
      ]
    },
    {
      "file_path": "/media/NFS/ttao/scannet/posed_images/scene0576_02/00240.jpg",
      "transform_matrix": [
        [
          0.795937,
          -0.313053,
          0.518154,
          2.74601
        ],
        [
          -0.603303,
          -0.481037,
          0.636105,
          3.206988
        ],
        [
          0.050117,
          -0.818903,
          -0.57174,
          1.239517
        ],
        [
          0.0,
          0.0,
          0.0,
          1.0
        ]
      ]
    },
    {
      "file_path": "/media/NFS/ttao/scannet/posed_images/scene0576_02/00245.jpg",
      "transform_matrix": [
        [
          0.78782,
          -0.321362,
          0.525421,
          2.726073
        ],
        [
          -0.614389,
          -0.469883,
          0.633826,
          3.244534
        ],
        [
          0.043199,
          -0.822154,
          -0.567624,
          1.232621
        ],
        [
          0.0,
          0.0,
          0.0,
          1.0
        ]
      ]
    },
    {
      "file_path": "/media/NFS/ttao/scannet/posed_images/scene0576_02/00247.jpg",
      "transform_matrix": [
        [
          0.783081,
          -0.323899,
          0.530917,
          2.71932
        ],
        [
          -0.620047,
          -0.472796,
          0.626103,
          3.263562
        ],
        [
          0.048221,
          -0.819484,
          -0.57107,
          1.227412
        ],
        [
          0.0,
          0.0,
          0.0,
          1.0
        ]
      ]
    },
    {
      "file_path": "/media/NFS/ttao/scannet/posed_images/scene0576_02/00252.jpg",
      "transform_matrix": [
        [
          0.765932,
          -0.328709,
          0.552538,
          2.710502
        ],
        [
          -0.640558,
          -0.463793,
          0.612031,
          3.317088
        ],
        [
          0.055083,
          -0.822707,
          -0.565791,
          1.225563
        ],
        [
          0.0,
          0.0,
          0.0,
          1.0
        ]
      ]
    },
    {
      "file_path": "/media/NFS/ttao/scannet/posed_images/scene0576_02/00253.jpg",
      "transform_matrix": [
        [
          0.760425,
          -0.333276,
          0.557388,
          2.708246
        ],
        [
          -0.647182,
          -0.460183,
          0.607772,
          3.328821
        ],
        [
          0.053945,
          -0.822897,
          -0.565624,
          1.223907
        ],
        [
          0.0,
          0.0,
          0.0,
          1.0
        ]
      ]
    },
    {
      "file_path": "/media/NFS/ttao/scannet/posed_images/scene0576_02/00260.jpg",
      "transform_matrix": [
        [
          0.724915,
          -0.378559,
          0.575492,
          2.694183
        ],
        [
          -0.688292,
          -0.431342,
          0.583266,
          3.415685
        ],
        [
          0.027433,
          -0.818925,
          -0.573245,
          1.241501
        ],
        [
          0.0,
          0.0,
          0.0,
          1.0
        ]
      ]
    },
    {
      "file_path": "/media/NFS/ttao/scannet/posed_images/scene0576_02/00262.jpg",
      "transform_matrix": [
        [
          0.709388,
          -0.390211,
          0.586945,
          2.689148
        ],
        [
          -0.704506,
          -0.417338,
          0.574021,
          3.436258
        ],
        [
          0.020965,
          -0.82071,
          -0.570961,
          1.244824
        ],
        [
          0.0,
          0.0,
          0.0,
          1.0
        ]
      ]
    },
    {
      "file_path": "/media/NFS/ttao/scannet/posed_images/scene0576_02/00264.jpg",
      "transform_matrix": [
        [
          0.691357,
          -0.403444,
          0.599381,
          2.685586
        ],
        [
          -0.722154,
          -0.412004,
          0.555649,
          3.455582
        ],
        [
          0.022775,
          -0.816998,
          -0.576191,
          1.247959
        ],
        [
          0.0,
          0.0,
          0.0,
          1.0
        ]
      ]
    },
    {
      "file_path": "/media/NFS/ttao/scannet/posed_images/scene0576_02/00270.jpg",
      "transform_matrix": [
        [
          0.577249,
          -0.452219,
          0.679913,
          2.668545
        ],
        [
          -0.815898,
          -0.353168,
          0.457803,
          3.515058
        ],
        [
          0.033096,
          -0.819006,
          -0.57283,
          1.246457
        ],
        [
          0.0,
          0.0,
          0.0,
          1.0
        ]
      ]
    },
    {
      "file_path": "/media/NFS/ttao/scannet/posed_images/scene0576_02/00273.jpg",
      "transform_matrix": [
        [
          0.500741,
          -0.484091,
          0.717576,
          2.650677
        ],
        [
          -0.865217,
          -0.304512,
          0.398338,
          3.540608
        ],
        [
          0.025679,
          -0.820322,
          -0.571325,
          1.253767
        ],
        [
          0.0,
          0.0,
          0.0,
          1.0
        ]
      ]
    },
    {
      "file_path": "/media/NFS/ttao/scannet/posed_images/scene0576_02/00276.jpg",
      "transform_matrix": [
        [
          0.411004,
          -0.517687,
          0.750384,
          2.619509
        ],
        [
          -0.911606,
          -0.239828,
          0.333852,
          3.565236
        ],
        [
          0.007132,
          -0.821269,
          -0.570496,
          1.256995
        ],
        [
