{
  "frames": [
    {
      "file_path": "/media/NFS/ttao/scannet/posed_images/scene0385_02/00000.jpg",
      "transform_matrix": [
        [
          -0.400546,
          0.394371,
          -0.827064,
          2.518155
        ],
        [
          0.915487,
          0.134769,
          -0.379107,
          3.137926
        ],
        [
          -0.038046,
          -0.909016,
          -0.415022,
          1.337583
        ],
        [
          0.0,
          0.0,
          0.0,
          1.0
        ]
      ]
    },
    {
      "file_path": "/media/NFS/ttao/scannet/posed_images/scene0385_02/00017.jpg",
      "transform_matrix": [
        [
          -0.403946,
          0.311741,
          -0.860026,
          2.51499
        ],
        [
          0.914598,
          0.118723,
          -0.386543,
          3.11939
        ],
        [
          -0.018396,
          -0.942721,
          -0.333076,
          1.354314
        ],
        [
          0.0,
          0.0,
          0.0,
          1.0
        ]
      ]
    },
    {
      "file_path": "/media/NFS/ttao/scannet/posed_images/scene0385_02/00026.jpg",
      "transform_matrix": [
        [
          -0.434183,
          0.253893,
          -0.864305,
          2.520545
        ],
        [
          0.900614,
          0.10159,
          -0.42258,
          3.135532
        ],
        [
          -0.019486,
          -0.961883,
          -0.272769,
          1.357209
        ],
        [
          0.0,
          0.0,
          0.0,
          1.0
        ]
      ]
    },
    {
      "file_path": "/media/NFS/ttao/scannet/posed_images/scene0385_02/00038.jpg",
      "transform_matrix": [
        [
          -0.499688,
          0.266661,
          -0.824138,
          2.486263
        ],
        [
          0.866099,
          0.138895,
          -0.480188,
          3.17835
        ],
        [
          -0.013579,
          -0.953729,
          -0.30036,
          1.349813
        ],
        [
          0.0,
          0.0,
          0.0,
          1.0
        ]
      ]
    },
    {
      "file_path": "/media/NFS/ttao/scannet/posed_images/scene0385_02/00060.jpg",
      "transform_matrix": [
        [
          -0.379734,
          0.236176,
          -0.89444,
          2.468329
        ],
        [
          0.924931,
          0.115158,
          -0.362272,
          3.299123
        ],
        [
          0.017442,
          -0.964863,
          -0.262176,
          1.341876
        ],
        [
          0.0,
          0.0,
          0.0,
          1.0
        ]
      ]
    },
    {
      "file_path": "/media/NFS/ttao/scannet/posed_images/scene0385_02/00072.jpg",
      "transform_matrix": [
        [
          -0.275527,
          0.279805,
          -0.919671,
          2.530706
        ],
        [
          0.961292,
          0.081896,
          -0.26308,
          3.238019
        ],
        [
          0.001706,
          -0.956558,
          -0.291538,
          1.328174
        ],
        [
          0.0,
          0.0,
          0.0,
          1.0
        ]
      ]
    },
    {
      "file_path": "/media/NFS/ttao/scannet/posed_images/scene0385_02/00094.jpg",
      "transform_matrix": [
        [
          -0.035172,
          0.336158,
          -0.941149,
          2.679105
        ],
        [
          0.999351,
          0.019129,
          -0.030515,
          3.164631
        ],
        [
          0.007745,
          -0.941611,
          -0.336613,
          1.306209
        ],
        [
          0.0,
          0.0,
          0.0,
          1.0
        ]
      ]
    },
    {
      "file_path": "/media/NFS/ttao/scannet/posed_images/scene0385_02/00098.jpg",
      "transform_matrix": [
        [
          -0.015953,
          0.343735,
          -0.938931,
          2.709616
        ],
        [
          0.999852,
          -0.000554,
          -0.017191,
          3.153114
        ],
        [
          -0.006429,
          -0.939067,
          -0.343675,
          1.309843
        ],
        [
          0.0,
          0.0,
          0.0,
          1.0
        ]
      ]
    },
    {
      "file_path": "/media/NFS/ttao/scannet/posed_images/scene0385_02/00119.jpg",
      "transform_matrix": [
        [
          0.040908,
          0.341598,
          -0.938956,
          2.721943
        ],
        [
          0.99912,
          -0.005256,
          0.041617,
          2.816604
        ],
        [
          0.009281,
          -0.939832,
          -0.341512,
          1.300456
        ],
        [
          0.0,
          0.0,
          0.0,
          1.0
        ]
      ]
    },
    {
      "file_path": "/media/NFS/ttao/scannet/posed_images/scene0385_02/00128.jpg",
      "transform_matrix": [
        [
          -0.047394,
          0.339259,
          -0.939498,
          2.66029
        ],
        [
          0.998522,
          -0.008942,
          -0.0536,
          2.722546
        ],
        [
          -0.026586,
          -0.940651,
          -0.338334,
          1.302876
        ],
        [
          0.0,
          0.0,
          0.0,
          1.0
        ]
      ]
    },
    {
      "file_path": "/media/NFS/ttao/scannet/posed_images/scene0385_02/00141.jpg",
      "transform_matrix": [
        [
          -0.147482,
          0.32338,
          -0.934705,
          2.512879
        ],
        [
          0.984963,
          -0.037957,
          -0.168544,
          2.556178
        ],
        [
          -0.089982,
          -0.945508,
          -0.31292,
          1.328513
        ],
        [
          0.0,
          0.0,
          0.0,
          1.0
        ]
      ]
    },
    {
      "file_path": "/media/NFS/ttao/scannet/posed_images/scene0385_02/00162.jpg",
      "transform_matrix": [
        [
          -0.005182,
          0.344472,
          -0.938782,
          2.397588
        ],
        [
          0.999869,
          -0.012598,
          -0.010142,
          2.198499
        ],
        [
          -0.01532,
          -0.938712,
          -0.344362,
          1.337484
        ],
        [
          0.0,
          0.0,
          0.0,
          1.0
        ]
      ]
    },
    {
      "file_path": "/media/NFS/ttao/scannet/posed_images/scene0385_02/00166.jpg",
      "transform_matrix": [
        [
          -0.008681,
          0.349283,
          -0.936977,
          2.366107
        ],
        [
          0.999923,
          0.011309,
          -0.005048,
          2.146178
        ],
        [
          0.008833,
          -0.936949,
          -0.349355,
          1.32778
        ],
        [
          0.0,
          0.0,
          0.0,
          1.0
        ]
      ]
    },
    {
      "file_path": "/media/NFS/ttao/scannet/posed_images/scene0385_02/00192.jpg",
      "transform_matrix": [
        [
          0.097112,
          0.314228,
          -0.944367,
          2.185579
        ],
        [
          0.995113,
          -0.013607,
          0.097804,
          1.919893
        ],
        [
          0.017883,
          -0.94925,
          -0.314014,
          1.35486
        ],
        [
          0.0,
          0.0,
          0.0,
          1.0
        ]
      ]
    },
    {
      "file_path": "/media/NFS/ttao/scannet/posed_images/scene0385_02/00200.jpg",
      "transform_matrix": [
        [
          0.131618,
          0.288519,
          -0.948385,
          2.187903
        ],
        [
          0.991287,
          -0.033259,
          0.127454,
          1.898536
        ],
        [
          0.005231,
          -0.956896,
          -0.290383,
          1.39085
        ],
        [
          0.0,
          0.0,
          0.0,
          1.0
        ]
      ]
    },
    {
      "file_path": "/media/NFS/ttao/scannet/posed_images/scene0385_02/00209.jpg",
      "transform_matrix": [
        [
          0.132257,
          0.205989,
          -0.969575,
          2.251236
        ],
        [
          0.98985,
          -0.078765,
          0.11829,
          1.963695
        ],
        [
          -0.052002,
          -0.975379,
          -0.214316,
          1.437147
        ],
        [
          0.0,
          0.0,
          0.0,
          1.0
        ]
      ]
    },
    {
      "file_path": "/media/NFS/ttao/scannet/posed_images/scene0385_02/00234.jpg",
      "transform_matrix": [
        [
          0.105345,
          0.006868,
          -0.994412,
          2.532885
        ],
        [
          0.990952,
          -0.084355,
          0.104397,
          2.23545
        ],
        [
          -0.083167,
          -0.996412,
          -0.015692,
          1.50272
        ],
        [
          0.0,
          0.0,
          0.0,
          1.0
        ]
      ]
    },
    {
      "file_path": "/media/NFS/ttao/scannet/posed_images/scene0385_02/00247.jpg",
      "transform_matrix": [
        [
          0.089669,
          -0.026495,
          -0.995619,
          2.568366
        ],
        [
          0.994484,
          -0.05223,
          0.090957,
          2.335534
        ],
        [
          -0.054411,
          -0.998284,
          0.021665,
          1.500025
        ],
        [
          0.0,
          0.0,
          0.0,
          1.0
        ]
      ]
    },
    {
      "file_path": "/media/NFS/ttao/scannet/posed_images/scene0385_02/00251.jpg",
      "transform_matrix": [
        [
          0.109749,
          -0.036143,
          -0.993302,
          2.578592
        ],
        [
          0.992903,
          -0.042065,
          0.111236,
          2.382282
        ],
        [
          -0.045804,
          -0.998461,
          0.03127,
          1.469895
        ],
        [
          0.0,
          0.0,
          0.0,
          1.0
        ]
      ]
    },
    {
      "file_path": "/media/NFS/ttao/scannet/posed_images/scene0385_02/00277.jpg",
      "transform_matrix": [
        [
          0.181589,
          0.127365,
          -0.975091,
          2.671125
        ],
        [
          0.96818,
          -0.19679,
          0.154597,
          2.619051
        ],
        [
          -0.172198,
          -0.972138,
          -0.159048,
          1.407849
        ],
        [
          0.0,
          0.0,
          0.0,
          1.0
        ]
      ]
    },
    {
      "file_path": "/media/NFS/ttao/scannet/posed_images/scene0385_02/00281.jpg",
      "transform_matrix": [
        [
          0.210385,
          0.128705,
          -0.969109,
          2.664206
        ],
        [
          0.970625,
          -0.145863,
          0.191342,
          2.634927
        ],
        [
          -0.116731,
          -0.980897,
          -0.155612,
          1.372445
        ],
        [
          0.0,
          0.0,
          0.0,
          1.0
        ]
      ]
    },
    {
      "file_path": "/media/NFS/ttao/scannet/posed_images/scene0385_02/00298.jpg",
      "transform_matrix": [
        [
          0.412256,
          0.182723,
          -0.892556,
          2.605277
        ],
        [
          0.909096,
          -0.14692,
          0.389818,
          2.651142
        ],
        [
          -0.059906,
          -0.972125,
          -0.226682,
          1.333676
        ],
        [
          0.0,
          0.0,
          0.0,
          1.0
        ]
      ]
    },
    {
      "file_path": "/media/NFS/ttao/scannet/posed_images/scene0385_02/00315.jpg",
      "transform_matrix": [
        [
          0.474939,
          0.146572,
          -0.867727,
          2.700784
        ],
        [
          0.875129,
          -0.182464,
          0.44817,
          2.889398
        ],
        [
          -0.09264,
          -0.972226,
          -0.214928,
          1.331776
        ],
        [
          0.0,
          0.0,
          0.0,
          1.0
        ]
      ]
    },
    {
      "file_path": "/media/NFS/ttao/scannet/posed_images/scene0385_02/00324.jpg",
      "transform_matrix": [
        [
          0.485233,
          0.157442,
          -0.860093,
          2.708241
        ],
        [
          0.869496,
          -0.190752,
          0.45562,
          2.984927
        ],
        [
          -0.092331,
          -0.96893,
          -0.229454,
          1.29685
        ],
        [
          0.0,
          0.0,
          0.0,
          1.0
        ]
      ]
    },
    {
      "file_path": "/media/NFS/ttao/scannet/posed_images/scene0385_02/00341.jpg",
      "transform_matrix": [
        [
          0.496086,
          0.193427,
          -0.846455,
          2.663938
        ],
        [
          0.868253,
          -0.10371,
          0.485162,
          3.223715
        ],
        [
          0.006057,
          -0.975618,
          -0.219393,
          1.336806
        ],
        [
          0.0,
          0.0,
          0.0,
          1.0
        ]
      ]
    },
    {
      "file_path": "/media/NFS/ttao/scannet/posed_images/scene0385_02/00362.jpg",
      "transform_matrix": [
        [
          0.297405,
          0.245822,
          -0.922563,
          2.741364
        ],
        [
          0.95412,
          -0.11167,
          0.277823,
          3.575059
        ],
        [
          -0.034727,
          -0.962861,
          -0.267755,
          1.304276
        ],
        [
          0.0,
          0.0,
          0.0,
          1.0
        ]
      ]
    },
    {
      "file_path": "/media/NFS/ttao/scannet/posed_images/scene0385_02/00366.jpg",
      "transform_matrix": [
        [
          0.258174,
          0.263845,
          -0.929372,
          2.716896
        ],
        [
          0.965923,
          -0.08882,
          0.243112,
          3.641112
        ],
        [
          -0.018403,
          -0.960467,
          -0.277785,
          1.295267
        ],
        [
          0.0,
          0.0,
          0.0,
          1.0
        ]
      ]
    },
    {
      "file_path": "/media/NFS/ttao/scannet/posed_images/scene0385_02/00392.jpg",
      "transform_matrix": [
        [
          -0.073254,
          0.328579,
          -0.941631,
          2.573701
        ],
        [
          0.997305,
          0.028124,
          -0.067771,
          4.057137
        ],
        [
          0.004215,
          -0.944058,
          -0.329754,
          1.296187
        ],
        [
          0.0,
          0.0,
          0.0,
          1.0
        ]
      ]
    },
    {
      "file_path": "/media/NFS/ttao/scannet/posed_images/scene0385_02/00400.jpg",
      "transform_matrix": [
        [
          -0.160142,
          0.330091,
          -0.930266,
          2.528192
        ],
        [
          0.986751,
          0.0287,
          -0.159682,
          4.196621
        ],
        [
          -0.026012,
          -0.943513,
          -0.330314,
          1.293107
        ],
        [
          0.0,
          0.0,
          0.0,
          1.0
        ]
      ]
    },
    {
      "file_path": "/media/NFS/ttao/scannet/posed_images/scene0385_02/00417.jpg",
      "transform_matrix": [
        [
          -0.104207,
          0.273635,
          -0.956172,
          2.503516
        ],
        [
          0.99453,
          0.035631,
          -0.09819,
          4.251172
        ],
        [
          0.007201,
          -0.961174,
          -0.275851,
          1.289473
        ],
        [
          0.0,
          0.0,
          0.0,
          1.0
        ]
      ]
    },
    {
      "file_path": "/media/NFS/ttao/scannet/posed_images/scene0385_02/00430.jpg",
      "transform_matrix": [
        [
          0.011194,
          0.231965,
          -0.97266,
          2.517031
        ],
        [
          0.997926,
          0.059076,
          0.025574,
          4.11042
        ],
        [
          0.063393,
          -0.970929,
          -0.230822,
          1.325469
        ],
        [
          0.0,
          0.0,
          0.0,
          1.0
        ]
      ]
    },
    {
      "file_path": "/media/NFS/ttao/scannet/posed_images/scene0385_02/00439.jpg",
      "transform_matrix": [
        [
          0.15271,
          0.195794,
          -0.968682,
          2.528224
        ],
        [
          0.986613,
          0.026548,
          0.160903,
          3.90857
        ],
        [
          0.057221,
          -0.980286,
          -0.189119,
          1.320298
        ],
        [
          0.0,
          0.0,
          0.0,
          1.0
        ]
      ]
    },
    {
      "file_path": "/media/NFS/ttao/scannet/posed_images/scene0385_02/00456.jpg",
      "transform_matrix": [
        [
          0.183082,
          0.188998,
          -0.964759,
          2.570584
        ],
        [
          0.980608,
          0.034681,
          0.192884,
          3.649489
        ],
        [
          0.069914,
          -0.981365,
          -0.178984,
          1.368569
        ],
        [
          0.0,
          0.0,
          0.0,
          1.0
        ]
      ]
    },
    {
      "file_path": "/media/NFS/ttao/scannet/posed_images/scene0385_02/00477.jpg",
      "transform_matrix": [
        [
          0.273938,
          0.054774,
          -0.960186,
          2.671278
        ],
        [
          0.960695,
          0.031108,
          0.275858,
          3.378075
        ],
        [
          0.044979,
          -0.998014,
          -0.044099,
          1.419137
        ],
        [
          0.0,
          0.0,
          0.0,
          1.0
        ]
      ]
    },
    {
      "file_path": "/media/NFS/ttao/scannet/posed_images/scene0385_02/00490.jpg",
      "transform_matrix": [
        [
          0.317493,
          0.028867,
          -0.947821,
          2.602345
        ],
        [
          0.948107,
          0.008327,
          0.317842,
          3.21909
        ],
        [
          0.017067,
          -0.999549,
          -0.024725,
          1.410572
        ],
        [
          0.0,
          0.0,
          0.0,
          1.0
        ]
      ]
    },
    {
      "file_path": "/media/NFS/ttao/scannet/posed_images/scene0385_02/00494.jpg",
      "transform_matrix": [
        [
          0.344155,
          0.02129,
          -0.938671,
          2.593579
        ],
        [
          0.938686,
          0.014167,
          0.344482,
          3.176581
        ],
        [
          0.020632,
          -0.999673,
          -0.015109,
          1.400475
        ],
        [
          0.0,
          0.0,
          0.0,
          1.0
        ]
      ]
    },
    {
      "file_path": "/media/NFS/ttao/scannet/posed_images/scene0385_02/00507.jpg",
      "transform_matrix": [
        [
          0.516038,
          0.054484,
          -0.854831,
          2.596094
        ],
        [
          0.85489,
          0.029626,
          0.517962,
          3.004617
        ],
        [
          0.053545,
          -0.998075,
          -0.03129,
          1.380357
        ],
        [
          0.0,
          0.0,
          0.0,
          1.0
        ]
      ]
    },
    {
      "file_path": "/media/NFS/ttao/scannet/posed_images/scene0385_02/00524.jpg",
      "transform_matrix": [
        [
          0.608901,
          0.034348,
          -0.792502,
          2.561998
        ],
        [
          0.791822,
          0.033525,
          0.609832,
          2.845188
        ],
        [
          0.047515,
          -0.998848,
          -0.006784,
          1.395821
        ],
        [
          0.0,
          0.0,
          0.0,
          1.0
        ]
      ]
    },
    {
      "file_path": "/media/NFS/ttao/scannet/posed_images/scene0385_02/00537.jpg",
      "transform_matrix": [
        [
          0.753612,
          0.042157,
          -0.655966,
          2.353189
        ],
        [
          0.655624,
          0.023417,
          0.754724,
          2.750069
        ],
        [
          0.047177,
          -0.998837,
          -0.009992,
          1.359461
        ],
        [
          0.0,
          0.0,
          0.0,
          1.0
        ]
      ]
    },
    {
      "file_path": "/media/NFS/ttao/scannet/posed_images/scene0385_02/00562.jpg",
      "transform_matrix": [
        [
          0.88177,
          0.077084,
          -0.465338,
          2.132164
        ],
        [
          0.471563,
          -0.165916,
          0.866083,
          2.626183
        ],
        [
          -0.010446,
          -0.983123,
          -0.18265,
          1.299055
        ],
        [
          0.0,
          0.0,
          0.0,
          1.0
        ]
      ]
    },
    {
      "file_path": "/media/NFS/ttao/scannet/posed_images/scene0385_02/00571.jpg",
      "transform_matrix": [
        [
          0.920308,
          0.092838,
          -0.380018,
          2.042322
        ],
        [
          0.391191,
          -0.221735,
          0.893198,
          2.594306
        ],
        [
          -0.00134,
          -0.970678,
          -0.240382,
          1.318773
        ],
        [
          0.0,
          0.0,
          0.0,
          1.0
        ]
      ]
    },
    {
      "file_path": "/media/NFS/ttao/scannet/posed_images/scene0385_02/00588.jpg",
      "transform_matrix": [
        [
          0.988672,
          0.035498,
          -0.145834,
          1.746276
        ],
        [
          0.150042,
          -0.259034,
          0.954143,
          2.627902
        ],
        [
          -0.003905,
          -0.965216,
          -0.261426,
          1.336751
        ],
        [
          0.0,
          0.0,
          0.0,
          1.0
        ]
      ]
    },
    {
      "file_path": "/media/NFS/ttao/scannet/posed_images/scene0385_02/00605.jpg",
      "transform_matrix": [
        [
          0.999129,
          0.038474,
          -0.016159,
          1.620763
        ],
        [
          0.025651,
          -0.260792,
          0.965054,
          2.63739
        ],
        [
          0.032916,
          -0.964628,
          -0.261552,
          1.315024
        ],
        [
          0.0,
          0.0,
          0.0,
          1.0
        ]
      ]
    },
    {
      "file_path": "/media/NFS/ttao/scannet/posed_images/scene0385_02/00609.jpg",
      "transform_matrix": [
        [
          0.998939,
          -0.007819,
          0.04539,
          1.56607
        ],
        [
          -0.045787,
          -0.275445,
          0.960226,
          2.626624
        ],
        [
          0.004994,
          -0.961285,
          -0.275511,
          1.312111
        ],
        [
          0.0,
          0.0,
          0.0,
          1.0
        ]
      ]
    },
    {
      "file_path": "/media/NFS/ttao/scannet/posed_images/scene0385_02/00626.jpg",
      "transform_matrix": [
        [
          0.978451,
          -0.064867,
          0.196023,
          1.423585
        ],
        [
          -0.206406,
          -0.282387,
          0.936832,
          2.673257
        ],
        [
          -0.005415,
          -0.957105,
          -0.289691,
          1.333181
        ],
        [
          0.0,
          0.0,
          0.0,
          1.0
        ]
      ]
    },
    {
      "file_path": "/media/NFS/ttao/scannet/posed_images/scene0385_02/00639.jpg",
      "transform_matrix": [
        [
          0.962041,
          -0.096138,
          0.255411,
          1.272909
        ],
        [
          -0.272279,
          -0.274754,
          0.922158,
          2.772035
        ],
        [
          -0.018479,
          -0.956697,
          -0.290501,
          1.317419
        ],
        [
          0.0,
          0.0,
          0.0,
          1.0
        ]
      ]
    },
    {
      "file_path": "/media/NFS/ttao/scannet/posed_images/scene0385_02/00660.jpg",
      "transform_matrix": [
        [
          0.942339,
          -0.086782,
          0.323213,
          1.200076
        ],
        [
          -0.332729,
          -0.139325,
          0.932674,
          2.988707
        ],
        [
          -0.035908,
          -0.986437,
          -0.160166,
          1.406987
        ],
        [
          0.0,
          0.0,
          0.0,
          1.0
        ]
      ]
    },
    {
      "file_path": "/media/NFS/ttao/scannet/posed_images/scene0385_02/00664.jpg",
      "transform_matrix": [
        [
          0.930425,
          -0.089811,
          0.355306,
          1.19938
        ],
        [
          -0.365014,
          -0.140416,
          0.920353,
          2.998081
        ],
        [
          -0.032767,
          -0.986011,
          -0.163429,
          1.403481
        ],
        [
          0.0,
          0.0,
          0.0,
          1.0
        ]
      ]
    },
    {
      "file_path": "/media/NFS/ttao/scannet/posed_images/scene0385_02/00690.jpg",
      "transform_matrix": [
        [
          0.952248,
          -0.103107,
          0.28739,
          1.335437
        ],
        [
          -0.288211,
          0.007164,
          0.95754,
          2.721125
        ],
        [
          -0.100788,
          -0.994645,
          -0.022894,
          1.432805
        ],
        [
          0.0,
          0.0,
          0.0,
          1.0
        ]
      ]
    },
    {
      "file_path": "/media/NFS/ttao/scannet/posed_images/scene0385_02/00694.jpg",
      "transform_matrix": [
        [
          0.961765,
          -0.098805,
          0.255433,
          1.379553
        ],
        [
          -0.25545,
          0.0127,
          0.966739,
          2.657406
        ],
        [
          -0.098763,
          -0.995026,
          -0.013025,
          1.420559
        ],
        [
          0.0,
          0.0,
          0.0,
          1.0
        ]
      ]
    },
    {
      "file_path": "/media/NFS/ttao/scannet/posed_images/scene0385_02/00715.jpg",
      "transform_matrix": [
        [
          0.961028,
          -0.117205,
          0.250377,
          1.454719
        ],
        [
          -0.244737,
          0.060501,
          0.9677,
          2.488535
        ],
        [
          -0.128567,
          -0.991263,
          0.029459,
          1.470692
        ],
        [
          0.0,
          0.0,
          0.0,
          1.0
        ]
      ]
    },
    {
      "file_path": "/media/NFS/ttao/scannet/posed_images/scene0385_02/00728.jpg",
      "transform_matrix": [
        [
          0.953715,
          -0.090503,
          0.286771,
          1.440593
        ],
        [
          -0.280542,
          0.075615,
          0.956859,
          2.411873
        ],
        [
          -0.108283,
          -0.993022,
          0.046725,
          1.471493
        ],
        [
          0.0,
          0.0,
          0.0,
          1.0
        ]
      ]
    },
    {
      "file_path": "/media/NFS/ttao/scannet/posed_images/scene0385_02/00737.jpg",
      "transform_matrix": [
        [
          0.944323,
          -0.090401,
          0.316356,
          1.444656
        ],
        [
          -0.309009,
          0.086519,
          0.947116,
          2.382325
        ],
        [
          -0.112991,
          -0.99214,
          0.053767,
          1.448344
        ],
        [
          0.0,
          0.0,
          0.0,
          1.0
        ]
      ]
    },
    {
      "file_path": "/media/NFS/ttao/scannet/posed_images/scene0385_02/00758.jpg",
      "transform_matrix": [
        [
          0.907031,
          -0.167448,
          0.386337,
          1.576417
        ],
        [
          -0.404516,
          -0.091833,
          0.909909,
          2.393372
        ],
        [
          -0.116884,
          -0.981595,
          -0.151031,
          1.317556
        ],
        [
          0.0,
          0.0,
          0.0,
          1.0
        ]
      ]
    },
    {
      "file_path": "/media/NFS/ttao/scannet/posed_images/scene0385_02/00771.jpg",
      "transform_matrix": [
        [
          0.868345,
          -0.215334,
          0.446775,
          1.614708
        ],
        [
          -0.483524,
          -0.167093,
          0.859235,
          2.439518
        ],
        [
          -0.110369,
          -0.962139,
          -0.249214,
          1.321393
        ],
        [
          0.0,
          0.0,
          0.0,
          1.0
        ]
      ]
    },
    {
      "file_path": "/media/NFS/ttao/scannet/posed_images/scene0385_02/00783.jpg",
      "transform_matrix": [
        [
          0.771292,
          -0.224061,
          0.595739,
          1.466046
        ],
        [
          -0.633671,
          -0.182447,
          0.751781,
          2.580584
        ],
        [
          -0.059754,
          -0.957345,
          -0.282701,
          1.318193
        ],
        [
          0.0,
          0.0,
          0.0,
          1.0
        ]
      ]
    },
    {
      "file_path": "/media/NFS/ttao/scannet/posed_images/scene0385_02/00801.jpg",
      "transform_matrix": [
        [
          0.747606,
          -0.236174,
          0.620731,
          1.399826
        ],
        [
          -0.654092,
          -0.099851,
          0.749796,
          2.869314
        ],
        [
          -0.115102,
          -0.966567,
          -0.229129,
          1.347175
        ],
        [
          0.0,
          0.0,
          0.0,
          1.0
        ]
      ]
    },
    {
      "file_path": "/media/NFS/ttao/scannet/posed_images/scene0385_02/00809.jpg",
      "transform_matrix": [
        [
          0.704439,
          -0.20665,
          0.679016,
          1.358041
        ],
        [
          -0.703972,
          -0.081443,
          0.705543,
          3.010118
        ],
        [
          -0.0905,
          -0.97502,
          -0.202847,
          1.367905
        ],
        [
          0.0,
          0.0,
          0.0,
          1.0
        ]
      ]
    },
    {
      "file_path": "/media/NFS/ttao/scannet/posed_images/scene0385_02/00826.jpg",
      "transform_matrix": [
        [
          0.555831,
          -0.215801,
          0.802796,
          1.306683
        ],
        [
          -0.830786,
          -0.110396,
          0.545534,
          3.332649
        ],
        [
          -0.029101,
          -0.970177,
          -0.240646,
          1.38861
        ],
        [
          0.0,
          0.0,
          0.0,
          1.0
        ]
      ]
    },
    {
      "file_path": "/media/NFS/ttao/scannet/posed_images/scene0385_02/00835.jpg",
      "transform_matrix": [
        [
          0.489215,
          -0.241868,
          0.837955,
          1.310605
        ],
        [
          -0.871692,
          -0.104025,
          0.478886,
          3.462147
        ],
        [
          -0.028659,
          -0.964717,
          -0.261725,
          1.376878
        ],
        [
          0.0,
          0.0,
          0.0,
          1.0
        ]
      ]
    },
    {
      "file_path": "/media/NFS/ttao/scannet/posed_images/scene0385_02/00847.jpg",
      "transform_matrix": [
        [
          0.38689,
          -0.2595,
          0.884859,
          1.374444
        ],
        [
          -0.919887,
          -0.041786,
          0.389951,
          3.649008
        ],
        [
          -0.064218,
          -0.964839,
          -0.254877,
          1.351815
        ],
        [
          0.0,
          0.0,
          0.0,
          1.0
        ]
      ]
    },
    {
      "file_path": "/media/NFS/ttao/scannet/posed_images/scene0385_02/00869.jpg",
      "transform_matrix": [
        [
          0.171534,
          -0.342652,
          0.92367,
          1.52183
        ],
        [
          -0.979706,
          0.039355,
          0.19654,
          4.052925
        ],
        [
          -0.103696,
          -0.938638,
          -0.328947,
          1.31478
        ],
        [
          0.0,
          0.0,
          0.0,
          1.0
        ]
      ]
    },
    {
      "file_path": "/media/NFS/ttao/scannet/posed_images/scene0385_02/00877.jpg",
      "transform_matrix": [
        [
          0.146799,
          -0.383587,
          0.911763,
          1.598141
        ],
        [
          -0.982881,
          0.047182,
          0.178099,
          4.099471
        ],
        [
          -0.111335,
          -0.922299,
          -0.370094,
          1.285943
        ],
        [
          0.0,
          0.0,
          0.0,
          1.0
        ]
      ]
    },
    {
      "file_path": "/media/NFS/ttao/scannet/posed_images/scene0385_02/00898.jpg",
      "transform_matrix": [
        [
          0.251266,
          -0.480049,
          0.840487,
          1.863298
        ],
        [
          -0.966335,
          -0.074765,
          0.246186,
          3.970092
        ],
        [
          -0.055342,
          -0.87405,
          -0.482674,
          1.260077
        ],
        [
          0.0,
          0.0,
          0.0,
          1.0
        ]
      ]
    },
    {
      "file_path": "/media/NFS/ttao/scannet/posed_images/scene0385_02/00911.jpg",
      "transform_matrix": [
        [
          0.164109,
          -0.516451,
          0.840444,
          2.036461
        ],
        [
          -0.983979,
          -0.025536,
          0.176444,
          3.882025
        ],
        [
          -0.069663,
          -0.855936,
          -0.512368,
          1.235912
        ],
        [
          0.0,
          0.0,
          0.0,
          1.0
        ]
      ]
    },
    {
      "file_path": "/media/NFS/ttao/scannet/posed_images/scene0385_02/00920.jpg",
      "transform_matrix": [
        [
          0.192249,
          -0.53116,
          0.825173,
          2.174292
        ],
        [
          -0.975525,
          -0.01199,
          0.219561,
          3.791257
        ],
        [
          -0.106728,
          -0.847187,
          -0.520464,
          1.263796
        ],
        [
          0.0,
          0.0,
          0.0,
          1.0
        ]
      ]
    },
    {
      "file_path": "/media/NFS/ttao/scannet/posed_images/scene0385_02/00937.jpg",
      "transform_matrix": [
        [
          0.468259,
          -0.515655,
          0.717519,
          2.334331
        ],
        [
          -0.877496,
          -0.176168,
          0.446055,
          3.487423
        ],
        [
          -0.103607,
          -0.83849,
          -0.534977,
          1.260314
        ],
        [
          0.0,
          0.0,
          0.0,
          1.0
        ]
      ]
    },
    {
      "file_path": "/media/NFS/ttao/scannet/posed_images/scene0385_02/00950.jpg",
      "transform_matrix": [
        [
          0.446574,
          -0.483957,
          0.752567,
          2.453995
        ],
        [
          -0.890938,
          -0.16299,
          0.423868,
          3.29459
        ],
        [
          -0.082473,
          -0.859779,
          -0.503963,
          1.262538
        ],
        [
          0.0,
          0.0,
          0.0,
          1.0
        ]
      ]
    },
    {
      "file_path": "/media/NFS/ttao/scannet/posed_images/scene0385_02/00967.jpg",
      "transform_matrix": [
        [
          0.567935,
          -0.403442,
          0.717415,
          2.606375
        ],
        [
          -0.822551,
          -0.309246,
          0.477259,
          3.016394
        ],
        [
          0.029311,
          -0.861163,
          -0.507484,
          1.300146
        ],
        [
          0.0,
          0.0,
          0.0,
          1.0
        ]
      ]
    },
    {
      "file_path": "/media/NFS/ttao/scannet/posed_images/scene0385_02/00984.jpg",
      "transform_matrix": [
        [
          0.762827,
          -0.313097,
          0.565743,
          2.721968
        ],
        [
          -0.646592,
          -0.364454,
          0.670143,
          2.746397
        ],
        [
          -0.003633,
          -0.877009,
          -0.480461,
          1.298407
        ],
        [
          0.0,
          0.0,
          0.0,
          1.0
        ]
      ]
    },
    {
      "file_path": "/media/NFS/ttao/scannet/posed_images/scene0385_02/01001.jpg",
      "transform_matrix": [
        [
          0.787872,
          -0.269752,
          0.553616,
          2.858317
        ],
        [
          -0.613885,
          -0.415568,
          0.671155,
          2.737006
        ],
        [
          0.04902,
          -0.868641,
          -0.493011,
          1.288011
        ],
        [
          0.0,
          0.0,
          0.0,
          1.0
        ]
      ]
    },
    {
      "file_path": "/media/NFS/ttao/scannet/posed_images/scene0385_02/01013.jpg",
      "transform_matrix": [
        [
          0.871259,
          -0.277038,
          0.405163,
          2.94114
        ],
        [
          -0.490598,
          -0.466545,
          0.735968,
          2.666995
        ],
        [
          -0.014864,
          -0.839991,
          -0.542396,
          1.269831
        ],
        [
          0.0,
          0.0,
          0.0,
          1.0
        ]
      ]
    },
    {
      "file_path": "/media/NFS/ttao/scannet/posed_images/scene0385_02/01026.jpg",
      "transform_matrix": [
        [
          0.906029,
          -0.207175,
          0.369039,
          3.000752
        ],
        [
          -0.422721,
          -0.400857,
          0.812786,
          2.606942
        ],
        [
          -0.020457,
          -0.892408,
          -0.450765,
          1.337742
        ],
        [
          0.0,
          0.0,
          0.0,
          1.0
        ]
      ]
    },
    {
      "file_path": "/media/NFS/ttao/scannet/posed_images/scene0385_02/01043.jpg",
      "transform_matrix": [
        [
          0.899096,
          -0.075104,
          0.431261,
          2.867704
        ],
        [
          -0.435589,
          -0.251301,
          0.864355,
          2.589214
        ],
        [
          0.04346,
          -0.964991,
          -0.258658,
          1.344746
        ],
        [
          0.0,
          0.0,
          0.0,
          1.0
        ]
      ]
    },
    {
      "file_path": "/media/NFS/ttao/scannet/posed_images/scene0385_02/01056.jpg",
      "transform_matrix": [
        [
          0.917157,
          -0.086313,
          0.389068,
          2.692179
        ],
        [
          -0.398326,
          -0.16747,
          0.901826,
          2.585987
        ],
        [
          -0.012682,
          -0.982092,
          -0.187977,
          1.365242
        ],
        [
          0.0,
          0.0,
          0.0,
          1.0
        ]
      ]
    },
    {
      "file_path": "/media/NFS/ttao/scannet/posed_images/scene0385_02/01069.jpg",
      "transform_matrix": [
        [
          0.919278,
          -0.049595,
          0.390472,
          2.612399
        ],
        [
          -0.393579,
          -0.10347,
          0.91345,
          2.641697
        ],
        [
          -0.0049,
          -0.993396,
          -0.114638,
          1.380997
        ],
        [
          0.0,
          0.0,
          0.0,
          1.0
        ]
      ]
    },
    {
      "file_path": "/media/NFS/ttao/scannet/posed_images/scene0385_02/01086.jpg",
      "transform_matrix": [
        [
          0.852978,
          -0.062412,
          0.518202,
          2.492087
        ],
        [
          -0.521421,
          -0.057304,
          0.851374,
          2.78697
        ],
        [
          -0.023441,
          -0.996404,
          -0.081422,
          1.372716
        ],
        [
          0.0,
          0.0,
          0.0,
          1.0
        ]
      ]
    },
    {
      "file_path": "/media/NFS/ttao/scannet/posed_images/scene0385_02/01099.jpg",
      "transform_matrix": [
        [
          0.734773,
          -0.004432,
          0.678299,
          2.267058
        ],
        [
          -0.677625,
          -0.049831,
          0.733717,
          2.843657
        ],
        [
          0.030548,
          -0.998748,
          -0.039617,
          1.395774
