{
  "frames": [
    {
      "file_path": "/media/NFS/ttao/scannet/posed_images/scene0181_00/00000.jpg",
      "transform_matrix": [
        [
          0.99336,
          -0.011945,
          -0.114427,
          2.948285
        ],
        [
          0.103059,
          -0.349694,
          0.931178,
          4.432959
        ],
        [
          -0.051137,
          -0.936788,
          -0.346141,
          1.460427
        ],
        [
          0.0,
          0.0,
          0.0,
          1.0
        ]
      ]
    },
    {
      "file_path": "/media/NFS/ttao/scannet/posed_images/scene0181_00/00007.jpg",
      "transform_matrix": [
        [
          0.993626,
          -0.021865,
          -0.110586,
          2.957718
        ],
        [
          0.096355,
          -0.344421,
          0.933858,
          4.440788
        ],
        [
          -0.058507,
          -0.938561,
          -0.340119,
          1.467443
        ],
        [
          0.0,
          0.0,
          0.0,
          1.0
        ]
      ]
    },
    {
      "file_path": "/media/NFS/ttao/scannet/posed_images/scene0181_00/00019.jpg",
      "transform_matrix": [
        [
          0.996287,
          -0.012408,
          -0.085192,
          2.915625
        ],
        [
          0.069894,
          -0.461173,
          0.884553,
          4.426038
        ],
        [
          -0.050264,
          -0.887224,
          -0.458594,
          1.383893
        ],
        [
          0.0,
          0.0,
          0.0,
          1.0
        ]
      ]
    },
    {
      "file_path": "/media/NFS/ttao/scannet/posed_images/scene0181_00/00028.jpg",
      "transform_matrix": [
        [
          0.998087,
          -0.032843,
          -0.052383,
          2.904546
        ],
        [
          0.02823,
          -0.51169,
          0.858706,
          4.401186
        ],
        [
          -0.055006,
          -0.858542,
          -0.509784,
          1.341517
        ],
        [
          0.0,
          0.0,
          0.0,
          1.0
        ]
      ]
    },
    {
      "file_path": "/media/NFS/ttao/scannet/posed_images/scene0181_00/00031.jpg",
      "transform_matrix": [
        [
          0.998271,
          -0.028163,
          -0.051599,
          2.899657
        ],
        [
          0.029955,
          -0.511552,
          0.85873,
          4.408166
        ],
        [
          -0.05058,
          -0.858791,
          -0.509824,
          1.371392
        ],
        [
          0.0,
          0.0,
          0.0,
          1.0
        ]
      ]
    },
    {
      "file_path": "/media/NFS/ttao/scannet/posed_images/scene0181_00/00038.jpg",
      "transform_matrix": [
        [
          0.996596,
          -0.049548,
          -0.065896,
          2.884822
        ],
        [
          0.036951,
          -0.44606,
          0.89424,
          4.412544
        ],
        [
          -0.073702,
          -0.893631,
          -0.442711,
          1.430983
        ],
        [
          0.0,
          0.0,
          0.0,
          1.0
        ]
      ]
    },
    {
      "file_path": "/media/NFS/ttao/scannet/posed_images/scene0181_00/00049.jpg",
      "transform_matrix": [
        [
          0.998948,
          -0.045379,
          -0.006538,
          2.78967
        ],
        [
          -0.006709,
          -0.285745,
          0.958282,
          4.402028
        ],
        [
          -0.045354,
          -0.957231,
          -0.285749,
          1.521317
        ],
        [
          0.0,
          0.0,
          0.0,
          1.0
        ]
      ]
    },
    {
      "file_path": "/media/NFS/ttao/scannet/posed_images/scene0181_00/00056.jpg",
      "transform_matrix": [
        [
          0.997044,
          -0.076576,
          0.0063,
          2.68979
        ],
        [
          -0.022675,
          -0.214905,
          0.976372,
          4.381637
        ],
        [
          -0.073413,
          -0.973628,
          -0.216006,
          1.548857
        ],
        [
          0.0,
          0.0,
          0.0,
          1.0
        ]
      ]
    },
    {
      "file_path": "/media/NFS/ttao/scannet/posed_images/scene0181_00/00061.jpg",
      "transform_matrix": [
        [
          0.996256,
          -0.075506,
          0.042115,
          2.641438
        ],
        [
          -0.056033,
          -0.192918,
          0.979614,
          4.38187
        ],
        [
          -0.065842,
          -0.978306,
          -0.196426,
          1.588959
        ],
        [
          0.0,
          0.0,
          0.0,
          1.0
        ]
      ]
    },
    {
      "file_path": "/media/NFS/ttao/scannet/posed_images/scene0181_00/00068.jpg",
      "transform_matrix": [
        [
          0.996466,
          -0.049527,
          0.067844,
          2.628785
        ],
        [
          -0.074142,
          -0.138971,
          0.987517,
          4.367744
        ],
        [
          -0.03948,
          -0.989057,
          -0.142152,
          1.639181
        ],
        [
          0.0,
          0.0,
          0.0,
          1.0
        ]
      ]
    },
    {
      "file_path": "/media/NFS/ttao/scannet/posed_images/scene0181_00/00080.jpg",
      "transform_matrix": [
        [
          0.996665,
          -0.038122,
          0.072153,
          2.634492
        ],
        [
          -0.072653,
          -0.011911,
          0.997286,
          4.307131
        ],
        [
          -0.037159,
          -0.999202,
          -0.014641,
          1.690561
        ],
        [
          0.0,
          0.0,
          0.0,
          1.0
        ]
      ]
    },
    {
      "file_path": "/media/NFS/ttao/scannet/posed_images/scene0181_00/00085.jpg",
      "transform_matrix": [
        [
          0.99588,
          -0.038937,
          0.081901,
          2.660716
        ],
        [
          -0.08152,
          0.011279,
          0.996608,
          4.284328
        ],
        [
          -0.039728,
          -0.999178,
          0.008058,
          1.714766
        ],
        [
          0.0,
          0.0,
          0.0,
          1.0
        ]
      ]
    },
    {
      "file_path": "/media/NFS/ttao/scannet/posed_images/scene0181_00/00099.jpg",
      "transform_matrix": [
        [
          0.961167,
          -0.057134,
          0.269986,
          2.773487
        ],
        [
          -0.270528,
          -0.001831,
          0.96271,
          4.223098
        ],
        [
          -0.05451,
          -0.998365,
          -0.017216,
          1.766528
        ],
        [
          0.0,
          0.0,
          0.0,
          1.0
        ]
      ]
    },
    {
      "file_path": "/media/NFS/ttao/scannet/posed_images/scene0181_00/00103.jpg",
      "transform_matrix": [
        [
          0.94554,
          -0.055542,
          0.320732,
          2.798846
        ],
        [
          -0.322094,
          -0.01737,
          0.946548,
          4.205062
        ],
        [
          -0.047002,
          -0.998305,
          -0.034313,
          1.769979
        ],
        [
          0.0,
          0.0,
          0.0,
          1.0
        ]
      ]
    },
    {
      "file_path": "/media/NFS/ttao/scannet/posed_images/scene0181_00/00108.jpg",
      "transform_matrix": [
        [
          0.933603,
          -0.052717,
          0.35441,
          2.827449
        ],
        [
          -0.356719,
          -0.043679,
          0.93319,
          4.183735
        ],
        [
          -0.033715,
          -0.997654,
          -0.059584,
          1.761232
        ],
        [
          0.0,
          0.0,
          0.0,
          1.0
        ]
      ]
    },
    {
      "file_path": "/media/NFS/ttao/scannet/posed_images/scene0181_00/00122.jpg",
      "transform_matrix": [
        [
          0.913867,
          -0.116809,
          0.388849,
          2.813016
        ],
        [
          -0.405106,
          -0.198313,
          0.892503,
          4.19886
        ],
        [
          -0.027139,
          -0.973154,
          -0.228551,
          1.674493
        ],
        [
          0.0,
          0.0,
          0.0,
          1.0
        ]
      ]
    },
    {
      "file_path": "/media/NFS/ttao/scannet/posed_images/scene0181_00/00127.jpg",
      "transform_matrix": [
        [
          0.905476,
          -0.132491,
          0.403186,
          2.771762
        ],
        [
          -0.424029,
          -0.242885,
          0.872471,
          4.223917
        ],
        [
          -0.017666,
          -0.960965,
          -0.276107,
          1.627854
        ],
        [
          0.0,
          0.0,
          0.0,
          1.0
        ]
      ]
    },
    {
      "file_path": "/media/NFS/ttao/scannet/posed_images/scene0181_00/00132.jpg",
      "transform_matrix": [
        [
          0.902045,
          -0.151394,
          0.40422,
          2.709296
        ],
        [
          -0.431452,
          -0.28855,
          0.854744,
          4.251576
        ],
        [
          -0.012765,
          -0.94542,
          -0.325605,
          1.590521
        ],
        [
          0.0,
          0.0,
          0.0,
          1.0
        ]
      ]
    },
    {
      "file_path": "/media/NFS/ttao/scannet/posed_images/scene0181_00/00146.jpg",
      "transform_matrix": [
        [
          0.911428,
          -0.217318,
          0.349387,
          2.521278
        ],
        [
          -0.407276,
          -0.355725,
          0.841181,
          4.332473
        ],
        [
          -0.058518,
          -0.908974,
          -0.412726,
          1.482028
        ],
        [
          0.0,
          0.0,
          0.0,
          1.0
        ]
      ]
    },
    {
      "file_path": "/media/NFS/ttao/scannet/posed_images/scene0181_00/00153.jpg",
      "transform_matrix": [
        [
          0.91793,
          -0.221218,
          0.329343,
          2.482824
        ],
        [
          -0.394381,
          -0.418344,
          0.8182,
          4.394545
        ],
        [
          -0.043222,
          -0.880938,
          -0.471255,
          1.454885
        ],
        [
          0.0,
          0.0,
          0.0,
          1.0
        ]
      ]
    },
    {
      "file_path": "/media/NFS/ttao/scannet/posed_images/scene0181_00/00160.jpg",
      "transform_matrix": [
        [
          0.885154,
          -0.258349,
          0.386986,
          2.483683
        ],
        [
          -0.460875,
          -0.372389,
          0.805556,
          4.465465
        ],
        [
          -0.064006,
          -0.891393,
          -0.448688,
          1.468445
        ],
        [
          0.0,
          0.0,
          0.0,
          1.0
        ]
      ]
    },
    {
      "file_path": "/media/NFS/ttao/scannet/posed_images/scene0181_00/00169.jpg",
      "transform_matrix": [
        [
          0.858874,
          -0.262932,
          0.439547,
          2.490386
        ],
        [
          -0.510212,
          -0.363928,
          0.779255,
          4.555798
        ],
        [
          -0.044927,
          -0.893545,
          -0.44672,
          1.500434
        ],
        [
          0.0,
          0.0,
          0.0,
          1.0
        ]
      ]
    },
    {
      "file_path": "/media/NFS/ttao/scannet/posed_images/scene0181_00/00171.jpg",
      "transform_matrix": [
        [
          0.857202,
          -0.268778,
          0.439276,
          2.486489
        ],
        [
          -0.512669,
          -0.364651,
          0.777303,
          4.561758
        ],
        [
          -0.048739,
          -0.891509,
          -0.450374,
          1.487805
        ],
        [
          0.0,
          0.0,
          0.0,
          1.0
        ]
      ]
    },
    {
      "file_path": "/media/NFS/ttao/scannet/posed_images/scene0181_00/00183.jpg",
      "transform_matrix": [
        [
          0.851394,
          -0.272007,
          0.448486,
          2.480151
        ],
        [
          -0.523925,
          -0.400093,
          0.75195,
          4.562754
        ],
        [
          -0.0251,
          -0.875179,
          -0.483148,
          1.492576
        ],
        [
          0.0,
          0.0,
          0.0,
          1.0
        ]
      ]
    },
    {
      "file_path": "/media/NFS/ttao/scannet/posed_images/scene0181_00/00186.jpg",
      "transform_matrix": [
        [
          0.863191,
          -0.261801,
          0.431696,
          2.49666
        ],
        [
          -0.504183,
          -0.402167,
          0.764239,
          4.548025
        ],
        [
          -0.026464,
          -0.877338,
          -0.479142,
          1.487266
        ],
        [
          0.0,
          0.0,
          0.0,
          1.0
        ]
      ]
    },
    {
      "file_path": "/media/NFS/ttao/scannet/posed_images/scene0181_00/00195.jpg",
      "transform_matrix": [
        [
          0.931682,
          -0.152558,
          0.329688,
          2.619637
        ],
        [
          -0.362976,
          -0.427688,
          0.827847,
          4.482633
        ],
        [
          0.014709,
          -0.89096,
          -0.453844,
          1.457079
        ],
        [
          0.0,
          0.0,
          0.0,
          1.0
        ]
      ]
    },
    {
      "file_path": "/media/NFS/ttao/scannet/posed_images/scene0181_00/00207.jpg",
      "transform_matrix": [
        [
          0.964699,
          -0.109916,
          0.23932,
          2.832009
        ],
        [
          -0.262365,
          -0.479796,
          0.837233,
          4.399397
        ],
        [
          0.022799,
          -0.870468,
          -0.491697,
          1.475349
        ],
        [
          0.0,
          0.0,
          0.0,
          1.0
        ]
      ]
    },
    {
      "file_path": "/media/NFS/ttao/scannet/posed_images/scene0181_00/00211.jpg",
      "transform_matrix": [
        [
          0.960746,
          -0.108795,
          0.255207,
          2.857851
        ],
        [
          -0.276367,
          -0.455741,
          0.846121,
          4.380461
        ],
        [
          0.024255,
          -0.883439,
          -0.467919,
          1.489708
        ],
        [
          0.0,
          0.0,
          0.0,
          1.0
        ]
      ]
    },
    {
      "file_path": "/media/NFS/ttao/scannet/posed_images/scene0181_00/00218.jpg",
      "transform_matrix": [
        [
          0.949593,
          -0.100123,
          0.297066,
          2.882204
        ],
        [
          -0.312043,
          -0.39267,
          0.865124,
          4.356387
        ],
        [
          0.03003,
          -0.914213,
          -0.40412,
          1.534164
        ],
        [
          0.0,
          0.0,
          0.0,
          1.0
        ]
      ]
    },
    {
      "file_path": "/media/NFS/ttao/scannet/posed_images/scene0181_00/00230.jpg",
      "transform_matrix": [
        [
          0.918804,
          -0.081302,
          0.38625,
          2.856752
        ],
        [
          -0.390247,
          -0.333906,
          0.858029,
          4.346261
        ],
        [
          0.059212,
          -0.939093,
          -0.338523,
          1.580551
        ],
        [
          0.0,
          0.0,
          0.0,
          1.0
        ]
      ]
    },
    {
      "file_path": "/media/NFS/ttao/scannet/posed_images/scene0181_00/00233.jpg",
      "transform_matrix": [
        [
          0.907317,
          -0.087871,
          0.411161,
          2.836142
        ],
        [
          -0.4171,
          -0.311244,
          0.853905,
          4.346783
        ],
        [
          0.052938,
          -0.946259,
          -0.319049,
          1.613584
        ],
        [
          0.0,
          0.0,
          0.0,
          1.0
        ]
      ]
    },
    {
      "file_path": "/media/NFS/ttao/scannet/posed_images/scene0181_00/00244.jpg",
      "transform_matrix": [
        [
          0.832391,
          -0.119422,
          0.541168,
          2.684592
        ],
        [
          -0.553456,
          -0.229312,
          0.800689,
          4.374002
        ],
        [
          0.028476,
          -0.965999,
          -0.256972,
          1.656182
        ],
        [
          0.0,
          0.0,
          0.0,
          1.0
        ]
      ]
    },
    {
      "file_path": "/media/NFS/ttao/scannet/posed_images/scene0181_00/00251.jpg",
      "transform_matrix": [
        [
          0.800624,
          -0.117619,
          0.587509,
          2.615618
        ],
        [
          -0.598225,
          -0.211867,
          0.772812,
          4.400373
        ],
        [
          0.033576,
          -0.970195,
          -0.239988,
          1.710127
        ],
        [
          0.0,
          0.0,
          0.0,
          1.0
        ]
      ]
    },
    {
      "file_path": "/media/NFS/ttao/scannet/posed_images/scene0181_00/00261.jpg",
      "transform_matrix": [
        [
          0.731568,
          -0.069807,
          0.678185,
          2.562311
        ],
        [
          -0.67969,
          -0.152297,
          0.717514,
          4.461637
        ],
        [
          0.053198,
          -0.985867,
          -0.158863,
          1.747083
        ],
        [
          0.0,
          0.0,
          0.0,
          1.0
        ]
      ]
    },
    {
      "file_path": "/media/NFS/ttao/scannet/posed_images/scene0181_00/00270.jpg",
      "transform_matrix": [
        [
          0.710192,
          -0.086113,
          0.698722,
          2.524838
        ],
        [
          -0.70313,
          -0.037212,
          0.710087,
          4.557516
        ],
        [
          -0.035147,
          -0.99559,
          -0.086976,
          1.794636
        ],
        [
          0.0,
          0.0,
          0.0,
          1.0
        ]
      ]
    },
    {
      "file_path": "/media/NFS/ttao/scannet/posed_images/scene0181_00/00272.jpg",
      "transform_matrix": [
        [
          0.700751,
          -0.086122,
          0.708188,
          2.519764
        ],
        [
          -0.712359,
          -0.030737,
          0.701141,
          4.577251
        ],
        [
          -0.038616,
          -0.99581,
          -0.082889,
          1.812213
        ],
        [
          0.0,
          0.0,
          0.0,
          1.0
        ]
      ]
    },
    {
      "file_path": "/media/NFS/ttao/scannet/posed_images/scene0181_00/00282.jpg",
      "transform_matrix": [
        [
          0.575466,
          -0.03324,
          0.81715,
          2.488641
        ],
        [
          -0.816915,
          -0.070502,
          0.572433,
          4.67157
        ],
        [
          0.038583,
          -0.996958,
          -0.067726,
          1.831149
        ],
        [
          0.0,
          0.0,
          0.0,
          1.0
        ]
      ]
    },
    {
      "file_path": "/media/NFS/ttao/scannet/posed_images/scene0181_00/00291.jpg",
      "transform_matrix": [
        [
          0.429154,
          -0.043912,
          0.902163,
          2.447896
        ],
        [
          -0.901779,
          -0.077458,
          0.4252,
          4.766454
        ],
        [
          0.051209,
          -0.996028,
          -0.07284,
          1.84866
        ],
        [
          0.0,
          0.0,
          0.0,
          1.0
        ]
      ]
    },
    {
      "file_path": "/media/NFS/ttao/scannet/posed_images/scene0181_00/00296.jpg",
      "transform_matrix": [
        [
          0.369546,
          -0.076981,
          0.926018,
          2.43017
        ],
        [
          -0.927363,
          -0.093392,
          0.362319,
          4.824039
        ],
        [
          0.058591,
          -0.992649,
          -0.105902,
          1.830151
        ],
        [
          0.0,
          0.0,
          0.0,
          1.0
        ]
      ]
    },
    {
      "file_path": "/media/NFS/ttao/scannet/posed_images/scene0181_00/00305.jpg",
      "transform_matrix": [
        [
          0.322265,
          -0.241245,
          0.915394,
          2.431954
        ],
        [
          -0.945563,
          -0.128342,
          0.299062,
          4.909551
        ],
        [
          0.045337,
          -0.961941,
          -0.269472,
          1.752276
        ],
        [
          0.0,
          0.0,
          0.0,
          1.0
        ]
      ]
    },
    {
      "file_path": "/media/NFS/ttao/scannet/posed_images/scene0181_00/00317.jpg",
      "transform_matrix": [
        [
          0.336376,
          -0.362747,
          0.869061,
          2.413552
        ],
        [
          -0.939781,
          -0.188608,
          0.285024,
          4.970995
        ],
        [
          0.06052,
          -0.912602,
          -0.404345,
          1.634692
        ],
        [
          0.0,
          0.0,
          0.0,
          1.0
        ]
      ]
    },
    {
      "file_path": "/media/NFS/ttao/scannet/posed_images/scene0181_00/00322.jpg",
      "transform_matrix": [
        [
          0.357753,
          -0.411937,
          0.838045,
          2.410596
        ],
        [
          -0.9326,
          -0.203403,
          0.298136,
          4.957263
        ],
        [
          0.047648,
          -0.88822,
          -0.456941,
          1.576525
        ],
        [
          0.0,
          0.0,
          0.0,
          1.0
        ]
      ]
    },
    {
      "file_path": "/media/NFS/ttao/scannet/posed_images/scene0181_00/00329.jpg",
      "transform_matrix": [
        [
          0.37241,
          -0.466356,
          0.802385,
          2.400974
        ],
        [
          -0.927801,
          -0.207832,
          0.309824,
          4.937986
        ],
        [
          0.022273,
          -0.859836,
          -0.510085,
          1.521846
        ],
        [
          0.0,
          0.0,
          0.0,
          1.0
        ]
      ]
    },
    {
      "file_path": "/media/NFS/ttao/scannet/posed_images/scene0181_00/00336.jpg",
      "transform_matrix": [
        [
          0.373968,
          -0.508334,
          0.775722,
          2.408086
        ],
        [
          -0.927272,
          -0.220953,
          0.302236,
          4.886784
        ],
        [
          0.017762,
          -0.832332,
          -0.553993,
          1.481552
        ],
        [
          0.0,
          0.0,
          0.0,
          1.0
        ]
      ]
    },
    {
      "file_path": "/media/NFS/ttao/scannet/posed_images/scene0181_00/00343.jpg",
      "transform_matrix": [
        [
          0.369887,
          -0.540184,
          0.7559,
          2.413741
        ],
        [
          -0.92905,
          -0.221175,
          0.296559,
          4.80887
        ],
        [
          0.00699,
          -0.811962,
          -0.583669,
          1.444278
        ],
        [
          0.0,
          0.0,
          0.0,
          1.0
        ]
      ]
    },
    {
      "file_path": "/media/NFS/ttao/scannet/posed_images/scene0181_00/00350.jpg",
      "transform_matrix": [
        [
          0.333929,
          -0.55219,
          0.763923,
          2.43226
        ],
        [
          -0.942598,
          -0.196229,
          0.270191,
          4.749937
        ],
        [
          0.000707,
          -0.810297,
          -0.586019,
          1.458962
        ],
        [
          0.0,
          0.0,
          0.0,
          1.0
        ]
      ]
    },
    {
      "file_path": "/media/NFS/ttao/scannet/posed_images/scene0181_00/00364.jpg",
      "transform_matrix": [
        [
          0.188036,
          -0.455141,
          0.870338,
          2.426183
        ],
        [
          -0.982066,
          -0.099521,
          0.160131,
          4.75508
        ],
        [
          0.013735,
          -0.88484,
          -0.465692,
          1.566249
        ],
        [
          0.0,
          0.0,
          0.0,
          1.0
        ]
      ]
    },
    {
      "file_path": "/media/NFS/ttao/scannet/posed_images/scene0181_00/00369.jpg",
      "transform_matrix": [
        [
          0.133241,
          -0.442142,
          0.886993,
          2.390654
        ],
        [
          -0.991082,
          -0.061336,
          0.118303,
          4.853686
        ],
        [
          0.002098,
          -0.894846,
          -0.446371,
          1.56824
        ],
        [
          0.0,
          0.0,
          0.0,
          1.0
        ]
      ]
    },
    {
      "file_path": "/media/NFS/ttao/scannet/posed_images/scene0181_00/00376.jpg",
      "transform_matrix": [
        [
          -0.026907,
          -0.470741,
          0.881861,
          2.400502
        ],
        [
          -0.999634,
          0.01019,
          -0.025061,
          4.924218
        ],
        [
          0.002811,
          -0.882212,
          -0.470843,
          1.541356
        ],
        [
          0.0,
          0.0,
          0.0,
          1.0
        ]
      ]
    },
    {
      "file_path": "/media/NFS/ttao/scannet/posed_images/scene0181_00/00385.jpg",
      "transform_matrix": [
        [
          -0.254706,
          -0.486356,
          0.835812,
          2.46766
        ],
        [
          -0.966722,
          0.149472,
          -0.207622,
          4.925022
        ],
        [
          -0.023952,
          -0.860881,
          -0.508243,
          1.484686
        ],
        [
          0.0,
          0.0,
          0.0,
          1.0
        ]
      ]
    },
    {
      "file_path": "/media/NFS/ttao/scannet/posed_images/scene0181_00/00390.jpg",
      "transform_matrix": [
        [
          -0.313965,
          -0.469756,
          0.825079,
          2.503868
        ],
        [
          -0.949327,
          0.168407,
          -0.265363,
          4.988522
        ],
        [
          -0.014294,
          -0.866584,
          -0.498826,
          1.481898
        ],
        [
          0.0,
          0.0,
          0.0,
          1.0
        ]
      ]
    },
    {
      "file_path": "/media/NFS/ttao/scannet/posed_images/scene0181_00/00404.jpg",
      "transform_matrix": [
        [
          -0.498858,
          -0.422407,
          0.756778,
          2.568235
        ],
        [
          -0.866431,
          0.222002,
          -0.447227,
          5.151831
        ],
        [
          0.020906,
          -0.878799,
          -0.476734,
          1.491272
        ],
        [
          0.0,
          0.0,
          0.0,
          1.0
        ]
      ]
    },
    {
      "file_path": "/media/NFS/ttao/scannet/posed_images/scene0181_00/00409.jpg",
      "transform_matrix": [
        [
          -0.597272,
          -0.392235,
          0.699584,
          2.564465
        ],
        [
          -0.802038,
          0.291954,
          -0.521054,
          5.239433
        ],
        [
          0.000129,
          -0.872304,
          -0.488963,
          1.497347
        ],
        [
          0.0,
          0.0,
          0.0,
          1.0
        ]
      ]
    },
    {
      "file_path": "/media/NFS/ttao/scannet/posed_images/scene0181_00/00418.jpg",
      "transform_matrix": [
        [
          -0.684759,
          -0.36275,
          0.632074,
          2.585458
        ],
        [
          -0.728495,
          0.316935,
          -0.607328,
          5.371825
        ],
        [
          0.019982,
          -0.876336,
          -0.481286,
          1.505871
        ],
        [
          0.0,
          0.0,
          0.0,
          1.0
        ]
      ]
    },
    {
      "file_path": "/media/NFS/ttao/scannet/posed_images/scene0181_00/00420.jpg",
      "transform_matrix": [
        [
          -0.717212,
          -0.341205,
          0.607606,
          2.592172
        ],
        [
          -0.69633,
          0.317088,
          -0.643878,
          5.404225
        ],
        [
          0.027029,
          -0.884892,
          -0.465011,
          1.494064
        ],
        [
          0.0,
          0.0,
          0.0,
          1.0
        ]
      ]
    },
    {
      "file_path": "/media/NFS/ttao/scannet/posed_images/scene0181_00/00432.jpg",
      "transform_matrix": [
        [
          -0.795787,
          -0.280911,
          0.53648,
          2.639947
        ],
        [
          -0.605342,
          0.344362,
          -0.717618,
          5.436066
        ],
        [
          0.016844,
          -0.895826,
          -0.444086,
          1.459391
        ],
        [
          0.0,
          0.0,
          0.0,
          1.0
        ]
      ]
    },
    {
      "file_path": "/media/NFS/ttao/scannet/posed_images/scene0181_00/00442.jpg",
      "transform_matrix": [
        [
          -0.811926,
          -0.292534,
          0.505174,
          2.693752
        ],
        [
          -0.582992,
          0.361918,
          -0.727418,
          5.460088
        ],
        [
          0.029962,
          -0.885121,
          -0.464395,
          1.454932
        ],
        [
          0.0,
          0.0,
          0.0,
          1.0
        ]
      ]
    },
    {
      "file_path": "/media/NFS/ttao/scannet/posed_images/scene0181_00/00449.jpg",
      "transform_matrix": [
        [
          -0.85138,
          -0.25661,
          0.457497,
          2.711227
        ],
        [
          -0.524134,
          0.381458,
          -0.761428,
          5.489017
        ],
        [
          0.020874,
          -0.888055,
          -0.459264,
          1.463038
        ],
        [
          0.0,
          0.0,
          0.0,
          1.0
        ]
      ]
    },
    {
      "file_path": "/media/NFS/ttao/scannet/posed_images/scene0181_00/00458.jpg",
      "transform_matrix": [
        [
          -0.913901,
          -0.210702,
          0.346971,
          2.732215
        ],
        [
          -0.404648,
          0.404807,
          -0.819994,
          5.484014
        ],
        [
          0.032318,
          -0.889796,
          -0.455214,
          1.448856
        ],
        [
          0.0,
          0.0,
          0.0,
          1.0
        ]
      ]
    },
    {
      "file_path": "/media/NFS/ttao/scannet/posed_images/scene0181_00/00460.jpg",
      "transform_matrix": [
        [
          -0.925719,
          -0.191421,
          0.326195,
          2.74079
        ],
        [
          -0.377297,
          0.407408,
          -0.831665,
          5.470652
        ],
        [
          0.026304,
          -0.89296,
          -0.449368,
          1.436623
        ],
        [
          0.0,
          0.0,
          0.0,
          1.0
        ]
      ]
    },
    {
      "file_path": "/media/NFS/ttao/scannet/posed_images/scene0181_00/00467.jpg",
      "transform_matrix": [
        [
          -0.950683,
          -0.145074,
          0.274145,
          2.769799
        ],
        [
          -0.310145,
          0.434655,
          -0.845509,
          5.373466
        ],
        [
          0.003503,
          -0.888836,
          -0.458213,
          1.441375
        ],
        [
          0.0,
          0.0,
          0.0,
          1.0
        ]
      ]
    },
    {
      "file_path": "/media/NFS/ttao/scannet/posed_images/scene0181_00/00477.jpg",
      "transform_matrix": [
        [
          -0.983864,
          -0.070147,
          0.164592,
          2.812275
        ],
        [
          -0.178136,
          0.469907,
          -0.864555,
          5.215419
        ],
        [
          -0.016697,
          -0.879924,
          -0.474821,
          1.454937
        ],
        [
          0.0,
          0.0,
          0.0,
          1.0
        ]
      ]
    },
    {
      "file_path": "/media/NFS/ttao/scannet/posed_images/scene0181_00/00484.jpg",
      "transform_matrix": [
        [
          -0.997423,
          -0.024822,
          0.067312,
          2.897114
        ],
        [
          -0.071187,
          0.459016,
          -0.885572,
          5.112428
        ],
        [
          -0.008915,
          -0.888081,
          -0.4596,
          1.480628
        ],
        [
          0.0,
          0.0,
          0.0,
          1.0
        ]
      ]
    },
    {
      "file_path": "/media/NFS/ttao/scannet/posed_images/scene0181_00/00498.jpg",
      "transform_matrix": [
        [
          -0.996498,
          0.049633,
          -0.067288,
          3.073169
        ],
        [
          0.081519,
          0.397725,
          -0.913876,
          4.951225
        ],
        [
          -0.018597,
          -0.916161,
          -0.400378,
          1.520976
        ],
        [
          0.0,
          0.0,
          0.0,
          1.0
        ]
      ]
    },
    {
      "file_path": "/media/NFS/ttao/scannet/posed_images/scene0181_00/00500.jpg",
      "transform_matrix": [
        [
          -0.993755,
          0.056978,
          -0.09594,
          3.098449
        ],
        [
          0.110659,
          0.392748,
          -0.912964,
          4.926966
        ],
        [
          -0.014338,
          -0.917879,
          -0.396601,
          1.516695
        ],
        [
          0.0,
          0.0,
          0.0,
          1.0
        ]
      ]
    },
    {
      "file_path": "/media/NFS/ttao/scannet/posed_images/scene0181_00/00507.jpg",
      "transform_matrix": [
        [
          -0.983721,
          0.078284,
          -0.161752,
          3.131381
        ],
        [
          0.179595,
          0.397522,
          -0.899845,
          4.834574
        ],
        [
          -0.006143,
          -0.914247,
          -0.40511,
          1.527563
        ],
        [
          0.0,
          0.0,
          0.0,
          1.0
        ]
      ]
    },
    {
      "file_path": "/media/NFS/ttao/scannet/posed_images/scene0181_00/00514.jpg",
      "transform_matrix": [
        [
          -0.971551,
          0.110794,
          -0.209315,
          3.182101
        ],
        [
          0.235702,
          0.366224,
          -0.900181,
          4.744222
        ],
        [
          -0.023078,
          -0.923908,
          -0.381919,
          1.498913
        ],
        [
          0.0,
          0.0,
          0.0,
          1.0
        ]
      ]
    },
    {
      "file_path": "/media/NFS/ttao/scannet/posed_images/scene0181_00/00529.jpg",
      "transform_matrix": [
        [
          -0.925544,
          0.168552,
          -0.339055,
          3.274069
        ],
        [
          0.378631,
          0.406152,
          -0.831672,
          4.521725
        ],
        [
          -0.002472,
          -0.898126,
          -0.43973,
          1.485233
        ],
        [
          0.0,
          0.0,
          0.0,
          1.0
        ]
      ]
    },
    {
      "file_path": "/media/NFS/ttao/scannet/posed_images/scene0181_00/00536.jpg",
      "transform_matrix": [
        [
          -0.865398,
          0.241424,
          -0.43909,
          3.308924
        ],
        [
          0.501069,
          0.410224,
          -0.762001,
          4.456027
        ],
        [
          -0.00384,
          -0.879449,
          -0.475977,
          1.471449
        ],
        [
          0.0,
          0.0,
          0.0,
          1.0
        ]
      ]
    },
    {
      "file_path": "/media/NFS/ttao/scannet/posed_images/scene0181_00/00538.jpg",
      "transform_matrix": [
        [
          -0.843965,
          0.259508,
          -0.469445,
          3.314582
        ],
        [
          0.536382,
          0.40163,
          -0.742285,
          4.44373
        ],
        [
          -0.004086,
          -0.878265,
          -0.478157,
          1.471903
        ],
        [
          0.0,
          0.0,
          0.0,
          1.0
        ]
      ]
    },
    {
      "file_path": "/media/NFS/ttao/scannet/posed_images/scene0181_00/00547.jpg",
      "transform_matrix": [
        [
          -0.800088,
          0.31301,
          -0.511746,
          3.353371
        ],
        [
          0.599882,
          0.418953,
          -0.68163,
          4.421393
        ],
        [
          0.001041,
          -0.852352,
          -0.522968,
          1.461707
        ],
        [
          0.0,
          0.0,
          0.0,
          1.0
        ]
      ]
    },
    {
      "file_path": "/media/NFS/ttao/scannet/posed_images/scene0181_00/00557.jpg",
      "transform_matrix": [
        [
          -0.754999,
          0.347506,
          -0.556072,
          3.302488
        ],
        [
          0.655704,
          0.393176,
          -0.644565,
          4.508809
        ],
        [
          -0.005356,
          -0.851265,
          -0.524709,
          1.475348
        ],
        [
          0.0,
          0.0,
          0.0,
          1.0
        ]
      ]
    },
    {
      "file_path": "/media/NFS/ttao/scannet/posed_images/scene0181_00/00561.jpg",
      "transform_matrix": [
        [
          -0.715238,
          0.362238,
          -0.597676,
          3.269677
        ],
        [
          0.698829,
          0.360354,
          -0.617885,
          4.565852
        ],
        [
          -0.008446,
          -0.85961,
          -0.510882,
          1.473994
        ],
        [
          0.0,
          0.0,
          0.0,
          1.0
        ]
      ]
    },
    {
      "file_path": "/media/NFS/ttao/scannet/posed_images/scene0181_00/00576.jpg",
      "transform_matrix": [
        [
          -0.56001,
          0.400328,
          -0.725346,
          3.22226
        ],
        [
          0.828126,
          0.24469,
          -0.504315,
          4.661789
        ],
        [
          -0.024407,
          -0.883099,
          -0.468551,
          1.525746
        ],
        [
          0.0,
          0.0,
          0.0,
          1.0
        ]
      ]
    },
    {
      "file_path": "/media/NFS/ttao/scannet/posed_images/scene0181_00/00580.jpg",
      "transform_matrix": [
        [
          -0.506622,
          0.395736,
          -0.765981,
          3.251239
        ],
        [
          0.861927,
          0.211462,
          -0.460831,
          4.654029
        ],
        [
          -0.020391,
          -0.893687,
          -0.448227,
          1.514737
        ],
        [
          0.0,
          0.0,
          0.0,
          1.0
        ]
      ]
    },
    {
      "file_path": "/media/NFS/ttao/scannet/posed_images/scene0181_00/00592.jpg",
      "transform_matrix": [
        [
          -0.410339,
          0.359779,
          -0.837962,
          3.264529
        ],
        [
          0.911927,
          0.165166,
          -0.375645,
          4.649739
        ],
        [
          0.003254,
          -0.918302,
          -0.395867,
          1.554761
        ],
        [
          0.0,
          0.0,
          0.0,
          1.0
        ]
      ]
    },
    {
      "file_path": "/media/NFS/ttao/scannet/posed_images/scene0181_00/00599.jpg",
      "transform_matrix": [
        [
          -0.366366,
          0.293432,
          -0.882991,
          3.257128
        ],
        [
          0.93047,
          0.116448,
          -0.347368,
          4.674368
        ],
        [
          0.000894,
          -0.948861,
          -0.315693,
          1.607139
        ],
        [
          0.0,
          0.0,
          0.0,
          1.0
        ]
      ]
    },
    {
      "file_path": "/media/NFS/ttao/scannet/posed_images/scene0181_00/00606.jpg",
      "transform_matrix": [
        [
          -0.308465,
          0.227955,
          -0.923518,
          3.241053
        ],
        [
          0.951206,
          0.066274,
          -0.301355,
          4.723004
        ],
        [
          -0.00749,
