{
  "frames": [
    {
      "file_path": "/media/NFS/ttao/scannet/posed_images/scene0550_00/00000.jpg",
      "transform_matrix": [
        [
          -0.923326,
          -0.269403,
          0.273662,
          2.419107
        ],
        [
          -0.382346,
          0.578517,
          -0.720506,
          2.266857
        ],
        [
          0.035788,
          -0.769896,
          -0.637165,
          1.373895
        ],
        [
          0.0,
          0.0,
          0.0,
          1.0
        ]
      ]
    },
    {
      "file_path": "/media/NFS/ttao/scannet/posed_images/scene0550_00/00012.jpg",
      "transform_matrix": [
        [
          -0.931862,
          -0.261391,
          0.251612,
          2.418174
        ],
        [
          -0.35987,
          0.57774,
          -0.732605,
          2.262389
        ],
        [
          0.04613,
          -0.773234,
          -0.632441,
          1.379129
        ],
        [
          0.0,
          0.0,
          0.0,
          1.0
        ]
      ]
    },
    {
      "file_path": "/media/NFS/ttao/scannet/posed_images/scene0550_00/00027.jpg",
      "transform_matrix": [
        [
          -0.945405,
          -0.23885,
          0.221723,
          2.41572
        ],
        [
          -0.320797,
          0.562109,
          -0.762314,
          2.25952
        ],
        [
          0.057446,
          -0.791823,
          -0.608043,
          1.398056
        ],
        [
          0.0,
          0.0,
          0.0,
          1.0
        ]
      ]
    },
    {
      "file_path": "/media/NFS/ttao/scannet/posed_images/scene0550_00/00047.jpg",
      "transform_matrix": [
        [
          -0.978628,
          -0.17035,
          0.115185,
          2.418103
        ],
        [
          -0.190524,
          0.540348,
          -0.819588,
          2.271343
        ],
        [
          0.077377,
          -0.824018,
          -0.561256,
          1.407315
        ],
        [
          0.0,
          0.0,
          0.0,
          1.0
        ]
      ]
    },
    {
      "file_path": "/media/NFS/ttao/scannet/posed_images/scene0550_00/00059.jpg",
      "transform_matrix": [
        [
          -0.989217,
          -0.133991,
          0.059132,
          2.395196
        ],
        [
          -0.125679,
          0.569303,
          -0.812465,
          2.256005
        ],
        [
          0.075199,
          -0.811136,
          -0.580004,
          1.413865
        ],
        [
          0.0,
          0.0,
          0.0,
          1.0
        ]
      ]
    },
    {
      "file_path": "/media/NFS/ttao/scannet/posed_images/scene0550_00/00067.jpg",
      "transform_matrix": [
        [
          -0.993591,
          -0.111827,
          0.016468,
          2.388266
        ],
        [
          -0.076595,
          0.558958,
          -0.825651,
          2.244811
        ],
        [
          0.083125,
          -0.821621,
          -0.563941,
          1.425787
        ],
        [
          0.0,
          0.0,
          0.0,
          1.0
        ]
      ]
    },
    {
      "file_path": "/media/NFS/ttao/scannet/posed_images/scene0550_00/00082.jpg",
      "transform_matrix": [
        [
          -0.995524,
          -0.094011,
          0.009685,
          2.371647
        ],
        [
          -0.060577,
          0.556079,
          -0.828919,
          2.240108
        ],
        [
          0.072542,
          -0.825796,
          -0.559285,
          1.427552
        ],
        [
          0.0,
          0.0,
          0.0,
          1.0
        ]
      ]
    },
    {
      "file_path": "/media/NFS/ttao/scannet/posed_images/scene0550_00/00098.jpg",
      "transform_matrix": [
        [
          -0.990169,
          -0.103679,
          0.093889,
          2.362482
        ],
        [
          -0.131213,
          0.455978,
          -0.880265,
          2.240563
        ],
        [
          0.048454,
          -0.883931,
          -0.4651,
          1.455349
        ],
        [
          0.0,
          0.0,
          0.0,
          1.0
        ]
      ]
    },
    {
      "file_path": "/media/NFS/ttao/scannet/posed_images/scene0550_00/00106.jpg",
      "transform_matrix": [
        [
          -0.98754,
          -0.104834,
          0.117364,
          2.356982
        ],
        [
          -0.149388,
          0.390042,
          -0.908598,
          2.246406
        ],
        [
          0.049475,
          -0.91481,
          -0.400844,
          1.465268
        ],
        [
          0.0,
          0.0,
          0.0,
          1.0
        ]
      ]
    },
    {
      "file_path": "/media/NFS/ttao/scannet/posed_images/scene0550_00/00125.jpg",
      "transform_matrix": [
        [
          -0.980794,
          -0.087086,
          0.174528,
          2.365775
        ],
        [
          -0.189965,
          0.223537,
          -0.956005,
          2.263959
        ],
        [
          0.044241,
          -0.970797,
          -0.235787,
          1.50741
        ],
        [
          0.0,
          0.0,
          0.0,
          1.0
        ]
      ]
    },
    {
      "file_path": "/media/NFS/ttao/scannet/posed_images/scene0550_00/00137.jpg",
      "transform_matrix": [
        [
          -0.975131,
          -0.079752,
          0.206785,
          2.374356
        ],
        [
          -0.216432,
          0.141754,
          -0.965952,
          2.282213
        ],
        [
          0.047724,
          -0.986684,
          -0.155489,
          1.524107
        ],
        [
          0.0,
          0.0,
          0.0,
          1.0
        ]
      ]
    },
    {
      "file_path": "/media/NFS/ttao/scannet/posed_images/scene0550_00/00141.jpg",
      "transform_matrix": [
        [
          -0.973777,
          -0.075474,
          0.21462,
          2.367139
        ],
        [
          -0.221925,
          0.107499,
          -0.96912,
          2.285959
        ],
        [
          0.050072,
          -0.991336,
          -0.12143,
          1.525699
        ],
        [
          0.0,
          0.0,
          0.0,
          1.0
        ]
      ]
    },
    {
      "file_path": "/media/NFS/ttao/scannet/posed_images/scene0550_00/00153.jpg",
      "transform_matrix": [
        [
          -0.973293,
          -0.076337,
          0.216504,
          2.380881
        ],
        [
          -0.219375,
          0.03138,
          -0.975136,
          2.296742
        ],
        [
          0.067645,
          -0.996588,
          -0.047289,
          1.534611
        ],
        [
          0.0,
          0.0,
          0.0,
          1.0
        ]
      ]
    },
    {
      "file_path": "/media/NFS/ttao/scannet/posed_images/scene0550_00/00168.jpg",
      "transform_matrix": [
        [
          -0.933309,
          -0.064809,
          0.353176,
          2.368013
        ],
        [
          -0.354674,
          0.012899,
          -0.934901,
          2.313076
        ],
        [
          0.056034,
          -0.997814,
          -0.035024,
          1.565966
        ],
        [
          0.0,
          0.0,
          0.0,
          1.0
        ]
      ]
    },
    {
      "file_path": "/media/NFS/ttao/scannet/posed_images/scene0550_00/00184.jpg",
      "transform_matrix": [
        [
          -0.848782,
          -0.108258,
          0.517542,
          2.357851
        ],
        [
          -0.527676,
          0.111265,
          -0.842127,
          2.304714
        ],
        [
          0.033583,
          -0.987876,
          -0.151565,
          1.55438
        ],
        [
          0.0,
          0.0,
          0.0,
          1.0
        ]
      ]
    },
    {
      "file_path": "/media/NFS/ttao/scannet/posed_images/scene0550_00/00200.jpg",
      "transform_matrix": [
        [
          -0.801623,
          -0.226876,
          0.553108,
          2.358427
        ],
        [
          -0.597641,
          0.280812,
          -0.750979,
          2.282422
        ],
        [
          0.01506,
          -0.932562,
          -0.360696,
          1.500759
        ],
        [
          0.0,
          0.0,
          0.0,
          1.0
        ]
      ]
    },
    {
      "file_path": "/media/NFS/ttao/scannet/posed_images/scene0550_00/00211.jpg",
      "transform_matrix": [
        [
          -0.799978,
          -0.298575,
          0.52047,
          2.370546
        ],
        [
          -0.599934,
          0.382511,
          -0.702683,
          2.250165
        ],
        [
          0.010718,
          -0.874379,
          -0.485126,
          1.479824
        ],
        [
          0.0,
          0.0,
          0.0,
          1.0
        ]
      ]
    },
    {
      "file_path": "/media/NFS/ttao/scannet/posed_images/scene0550_00/00219.jpg",
      "transform_matrix": [
        [
          -0.783037,
          -0.360004,
          0.507198,
          2.368679
        ],
        [
          -0.621944,
          0.445112,
          -0.644252,
          2.224417
        ],
        [
          0.006173,
          -0.819922,
          -0.572442,
          1.454865
        ],
        [
          0.0,
          0.0,
          0.0,
          1.0
        ]
      ]
    },
    {
      "file_path": "/media/NFS/ttao/scannet/posed_images/scene0550_00/00235.jpg",
      "transform_matrix": [
        [
          -0.685833,
          -0.490662,
          0.537479,
          2.432906
        ],
        [
          -0.727757,
          0.464111,
          -0.504945,
          2.238396
        ],
        [
          -0.001693,
          -0.737463,
          -0.675386,
          1.410846
        ],
        [
          0.0,
          0.0,
          0.0,
          1.0
        ]
      ]
    },
    {
      "file_path": "/media/NFS/ttao/scannet/posed_images/scene0550_00/00251.jpg",
      "transform_matrix": [
        [
          -0.500125,
          -0.661968,
          0.558277,
          2.443644
        ],
        [
          -0.865493,
          0.403127,
          -0.297339,
          2.185724
        ],
        [
          -0.028228,
          -0.631892,
          -0.774543,
          1.383706
        ],
        [
          0.0,
          0.0,
          0.0,
          1.0
        ]
      ]
    },
    {
      "file_path": "/media/NFS/ttao/scannet/posed_images/scene0550_00/00262.jpg",
      "transform_matrix": [
        [
          -0.285736,
          -0.828654,
          0.48134,
          2.433414
        ],
        [
          -0.958291,
          0.244033,
          -0.148749,
          2.123163
        ],
        [
          0.005798,
          -0.503767,
          -0.86382,
          1.355989
        ],
        [
          0.0,
          0.0,
          0.0,
          1.0
        ]
      ]
    },
    {
      "file_path": "/media/NFS/ttao/scannet/posed_images/scene0550_00/00270.jpg",
      "transform_matrix": [
        [
          -0.243323,
          -0.859641,
          0.449235,
          2.452667
        ],
        [
          -0.969719,
          0.205592,
          -0.131824,
          2.088944
        ],
        [
          0.020962,
          -0.467707,
          -0.883635,
          1.331227
        ],
        [
          0.0,
          0.0,
          0.0,
          1.0
        ]
      ]
    },
    {
      "file_path": "/media/NFS/ttao/scannet/posed_images/scene0550_00/00294.jpg",
      "transform_matrix": [
        [
          0.197937,
          -0.903863,
          0.379278,
          2.431358
        ],
        [
          -0.98006,
          -0.175617,
          0.092956,
          1.913891
        ],
        [
          -0.017412,
          -0.390115,
          -0.920602,
          1.34241
        ],
        [
          0.0,
          0.0,
          0.0,
          1.0
        ]
      ]
    },
    {
      "file_path": "/media/NFS/ttao/scannet/posed_images/scene0550_00/00298.jpg",
      "transform_matrix": [
        [
          0.229829,
          -0.88917,
          0.395672,
          2.439867
        ],
        [
          -0.973123,
          -0.203907,
          0.107019,
          1.905747
        ],
        [
          -0.014478,
          -0.409634,
          -0.912135,
          1.34414
        ],
        [
          0.0,
          0.0,
          0.0,
          1.0
        ]
      ]
    },
    {
      "file_path": "/media/NFS/ttao/scannet/posed_images/scene0550_00/00309.jpg",
      "transform_matrix": [
        [
          0.270302,
          -0.830734,
          0.486639,
          2.462665
        ],
        [
          -0.96253,
          -0.221761,
          0.156069,
          1.892308
        ],
        [
          -0.021735,
          -0.510591,
          -0.859549,
          1.365908
        ],
        [
          0.0,
          0.0,
          0.0,
          1.0
        ]
      ]
    },
    {
      "file_path": "/media/NFS/ttao/scannet/posed_images/scene0550_00/00325.jpg",
      "transform_matrix": [
        [
          0.492029,
          -0.673152,
          0.552064,
          2.514431
        ],
        [
          -0.870223,
          -0.362172,
          0.333981,
          1.801507
        ],
        [
          -0.024878,
          -0.644747,
          -0.763991,
          1.414765
        ],
        [
          0.0,
          0.0,
          0.0,
          1.0
        ]
      ]
    },
    {
      "file_path": "/media/NFS/ttao/scannet/posed_images/scene0550_00/00341.jpg",
      "transform_matrix": [
        [
          0.704302,
          -0.488436,
          0.515159,
          2.533444
        ],
        [
          -0.707288,
          -0.420602,
          0.568188,
          1.692256
        ],
        [
          -0.060847,
          -0.764542,
          -0.641696,
          1.469571
        ],
        [
          0.0,
          0.0,
          0.0,
          1.0
        ]
      ]
    },
    {
      "file_path": "/media/NFS/ttao/scannet/posed_images/scene0550_00/00352.jpg",
      "transform_matrix": [
        [
          0.677845,
          -0.493573,
          0.544896,
          2.525306
        ],
        [
          -0.735127,
          -0.444212,
          0.512118,
          1.717926
        ],
        [
          -0.010718,
          -0.747705,
          -0.663945,
          1.462607
        ],
        [
          0.0,
          0.0,
          0.0,
          1.0
        ]
      ]
    },
    {
      "file_path": "/media/NFS/ttao/scannet/posed_images/scene0550_00/00364.jpg",
      "transform_matrix": [
        [
          0.635153,
          -0.539972,
          0.552278,
          2.513297
        ],
        [
          -0.772382,
          -0.44626,
          0.45197,
          1.720631
        ],
        [
          0.002409,
          -0.71364,
          -0.700508,
          1.462584
        ],
        [
          0.0,
          0.0,
          0.0,
          1.0
        ]
      ]
    },
    {
      "file_path": "/media/NFS/ttao/scannet/posed_images/scene0550_00/00376.jpg",
      "transform_matrix": [
        [
          0.691038,
          -0.53296,
          0.488282,
          2.486219
        ],
        [
          -0.722208,
          -0.481346,
          0.496711,
          1.678883
        ],
        [
          -0.029694,
          -0.695888,
          -0.717536,
          1.467824
        ],
        [
          0.0,
          0.0,
          0.0,
          1.0
        ]
      ]
    },
    {
      "file_path": "/media/NFS/ttao/scannet/posed_images/scene0550_00/00399.jpg",
      "transform_matrix": [
        [
          0.87854,
          -0.391666,
          0.273434,
          2.437673
        ],
        [
          -0.477558,
          -0.707841,
          0.52048,
          1.509757
        ],
        [
          -0.010307,
          -0.587843,
          -0.80891,
          1.452926
        ],
        [
          0.0,
          0.0,
          0.0,
          1.0
        ]
      ]
    },
    {
      "file_path": "/media/NFS/ttao/scannet/posed_images/scene0550_00/00403.jpg",
      "transform_matrix": [
        [
          0.887986,
          -0.383602,
          0.253634,
          2.434304
        ],
        [
          -0.459783,
          -0.729833,
          0.505909,
          1.50607
        ],
        [
          -0.008957,
          -0.565857,
          -0.824455,
          1.452248
        ],
        [
          0.0,
          0.0,
          0.0,
          1.0
        ]
      ]
    },
    {
      "file_path": "/media/NFS/ttao/scannet/posed_images/scene0550_00/00423.jpg",
      "transform_matrix": [
        [
          0.951865,
          -0.272569,
          0.140207,
          2.381488
        ],
        [
          -0.301022,
          -0.745051,
          0.595218,
          1.464895
        ],
        [
          -0.057777,
          -0.608773,
          -0.791238,
          1.457626
        ],
        [
          0.0,
          0.0,
          0.0,
          1.0
        ]
      ]
    },
    {
      "file_path": "/media/NFS/ttao/scannet/posed_images/scene0550_00/00431.jpg",
      "transform_matrix": [
        [
          0.96569,
          -0.223763,
          0.131809,
          2.37209
        ],
        [
          -0.256398,
          -0.740811,
          0.620854,
          1.435495
        ],
        [
          -0.041279,
          -0.633347,
          -0.772766,
          1.460416
        ],
        [
          0.0,
          0.0,
          0.0,
          1.0
        ]
      ]
    },
    {
      "file_path": "/media/NFS/ttao/scannet/posed_images/scene0550_00/00450.jpg",
      "transform_matrix": [
        [
          0.986554,
          -0.151696,
          0.06082,
          2.363804
        ],
        [
          -0.151014,
          -0.703808,
          0.694153,
          1.411141
        ],
        [
          -0.062495,
          -0.694005,
          -0.717253,
          1.489858
        ],
        [
          0.0,
          0.0,
          0.0,
          1.0
        ]
      ]
    },
    {
      "file_path": "/media/NFS/ttao/scannet/posed_images/scene0550_00/00454.jpg",
      "transform_matrix": [
        [
          0.989051,
          -0.138944,
          0.049723,
          2.363215
        ],
        [
          -0.132583,
          -0.688667,
          0.712853,
          1.413924
        ],
        [
          -0.064804,
          -0.71164,
          -0.699549,
          1.500274
        ],
        [
          0.0,
          0.0,
          0.0,
          1.0
        ]
      ]
    },
    {
      "file_path": "/media/NFS/ttao/scannet/posed_images/scene0550_00/00478.jpg",
      "transform_matrix": [
        [
          0.997294,
          -0.069765,
          -0.023181,
          2.34744
        ],
        [
          -0.02278,
          -0.593067,
          0.804831,
          1.414727
        ],
        [
          -0.069897,
          -0.802125,
          -0.593052,
          1.539076
        ],
        [
          0.0,
          0.0,
          0.0,
          1.0
        ]
      ]
    },
    {
      "file_path": "/media/NFS/ttao/scannet/posed_images/scene0550_00/00482.jpg",
      "transform_matrix": [
        [
          0.997548,
          -0.062476,
          -0.031537,
          2.34849
        ],
        [
          -0.010467,
          -0.578751,
          0.815437,
          1.414078
        ],
        [
          -0.069198,
          -0.813108,
          -0.577986,
          1.544974
        ],
        [
          0.0,
          0.0,
          0.0,
          1.0
        ]
      ]
    },
    {
      "file_path": "/media/NFS/ttao/scannet/posed_images/scene0550_00/00501.jpg",
      "transform_matrix": [
        [
          0.997097,
          -0.046685,
          -0.060152,
          2.346568
        ],
        [
          0.031052,
          -0.472002,
          0.88105,
          1.403912
        ],
        [
          -0.069524,
          -0.880361,
          -0.469182,
          1.563758
        ],
        [
          0.0,
          0.0,
          0.0,
          1.0
        ]
      ]
    },
    {
      "file_path": "/media/NFS/ttao/scannet/posed_images/scene0550_00/00513.jpg",
      "transform_matrix": [
        [
          0.99682,
          -0.033787,
          -0.072172,
          2.353441
        ],
        [
          0.052899,
          -0.396782,
          0.916388,
          1.398092
        ],
        [
          -0.059599,
          -0.917291,
          -0.393733,
          1.576932
        ],
        [
          0.0,
          0.0,
          0.0,
          1.0
        ]
      ]
    },
    {
      "file_path": "/media/NFS/ttao/scannet/posed_images/scene0550_00/00529.jpg",
      "transform_matrix": [
        [
          0.997913,
          -0.02199,
          -0.06072,
          2.35055
        ],
        [
          0.050345,
          -0.323961,
          0.94473,
          1.390178
        ],
        [
          -0.040446,
          -0.945815,
          -0.322178,
          1.607437
        ],
        [
          0.0,
          0.0,
          0.0,
          1.0
        ]
      ]
    },
    {
      "file_path": "/media/NFS/ttao/scannet/posed_images/scene0550_00/00532.jpg",
      "transform_matrix": [
        [
          0.998139,
          -0.021667,
          -0.057001,
          2.347221
        ],
        [
          0.047493,
          -0.310085,
          0.949522,
          1.386081
        ],
        [
          -0.038248,
          -0.950462,
          -0.308479,
          1.6081
        ],
        [
          0.0,
          0.0,
          0.0,
          1.0
        ]
      ]
    },
    {
      "file_path": "/media/NFS/ttao/scannet/posed_images/scene0550_00/00544.jpg",
      "transform_matrix": [
        [
          0.998276,
          -0.024124,
          -0.053505,
          2.346468
        ],
        [
          0.046099,
          -0.241961,
          0.96919,
          1.376692
        ],
        [
          -0.036327,
          -0.969986,
          -0.240431,
          1.617486
        ],
        [
          0.0,
          0.0,
          0.0,
          1.0
        ]
      ]
    },
    {
      "file_path": "/media/NFS/ttao/scannet/posed_images/scene0550_00/00560.jpg",
      "transform_matrix": [
        [
          0.998887,
          -0.020345,
          -0.042548,
          2.345631
        ],
        [
          0.038667,
          -0.163255,
          0.985826,
          1.369321
        ],
        [
          -0.027003,
          -0.986374,
          -0.162286,
          1.628661
        ],
        [
          0.0,
          0.0,
          0.0,
          1.0
        ]
      ]
    },
    {
      "file_path": "/media/NFS/ttao/scannet/posed_images/scene0550_00/00572.jpg",
      "transform_matrix": [
        [
          0.999635,
          -0.014319,
          -0.022919,
          2.342224
        ],
        [
          0.020923,
          -0.126678,
          0.991723,
          1.365703
        ],
        [
          -0.017104,
          -0.991841,
          -0.126332,
          1.637555
        ],
        [
          0.0,
          0.0,
          0.0,
          1.0
        ]
      ]
    },
    {
      "file_path": "/media/NFS/ttao/scannet/posed_images/scene0550_00/00587.jpg",
      "transform_matrix": [
        [
          0.99385,
          -0.008898,
          0.110376,
          2.334967
        ],
        [
          -0.110732,
          -0.084425,
          0.990258,
          1.372481
        ],
        [
          0.000507,
          -0.99639,
          -0.084891,
          1.641679
        ],
        [
          0.0,
          0.0,
          0.0,
          1.0
        ]
      ]
    },
    {
      "file_path": "/media/NFS/ttao/scannet/posed_images/scene0550_00/00603.jpg",
      "transform_matrix": [
        [
          0.97336,
          0.007636,
          0.229155,
          2.321668
        ],
        [
          -0.228347,
          -0.057882,
          0.971858,
          1.386279
        ],
        [
          0.020685,
          -0.998294,
          -0.054596,
          1.647279
        ],
        [
          0.0,
          0.0,
          0.0,
          1.0
        ]
      ]
    },
    {
      "file_path": "/media/NFS/ttao/scannet/posed_images/scene0550_00/00611.jpg",
      "transform_matrix": [
        [
          0.958247,
          0.017422,
          0.285409,
          2.313284
        ],
        [
          -0.284452,
          -0.043626,
          0.957697,
          1.393944
        ],
        [
          0.029137,
          -0.998896,
          -0.036849,
          1.651771
        ],
        [
          0.0,
          0.0,
          0.0,
          1.0
        ]
      ]
    },
    {
      "file_path": "/media/NFS/ttao/scannet/posed_images/scene0550_00/00626.jpg",
      "transform_matrix": [
        [
          0.92715,
          0.034222,
          0.373125,
          2.304058
        ],
        [
          -0.371626,
          -0.043116,
          0.927381,
          1.422301
        ],
        [
          0.047825,
          -0.998484,
          -0.027257,
          1.653574
        ],
        [
          0.0,
          0.0,
          0.0,
          1.0
        ]
      ]
    },
    {
      "file_path": "/media/NFS/ttao/scannet/posed_images/scene0550_00/00638.jpg",
      "transform_matrix": [
        [
          0.912953,
          0.03052,
          0.406922,
          2.287886
        ],
        [
          -0.406204,
          -0.027165,
          0.913379,
          1.449136
        ],
        [
          0.03893,
          -0.999165,
          -0.012403,
          1.659294
        ],
        [
          0.0,
          0.0,
          0.0,
          1.0
        ]
      ]
    },
    {
      "file_path": "/media/NFS/ttao/scannet/posed_images/scene0550_00/00658.jpg",
      "transform_matrix": [
        [
          0.992215,
          -0.023896,
          0.12222,
          2.326309
        ],
        [
          -0.123421,
          -0.057794,
          0.99067,
          1.423569
        ],
        [
          -0.01661,
          -0.998043,
          -0.060293,
          1.659756
        ],
        [
          0.0,
          0.0,
          0.0,
          1.0
        ]
      ]
    },
    {
      "file_path": "/media/NFS/ttao/scannet/posed_images/scene0550_00/00673.jpg",
      "transform_matrix": [
        [
          0.990272,
          -0.046234,
          -0.131235,
          2.414821
        ],
        [
          0.12549,
          -0.11065,
          0.985905,
          1.393136
        ],
        [
          -0.060103,
          -0.992784,
          -0.103772,
          1.665051
        ],
        [
          0.0,
          0.0,
          0.0,
          1.0
        ]
      ]
    },
    {
      "file_path": "/media/NFS/ttao/scannet/posed_images/scene0550_00/00677.jpg",
      "transform_matrix": [
        [
          0.982057,
          -0.065495,
          -0.176844,
          2.419289
        ],
        [
          0.169006,
          -0.110388,
          0.979414,
          1.391359
        ],
        [
          -0.083668,
          -0.991728,
          -0.097338,
          1.664435
        ],
        [
          0.0,
          0.0,
          0.0,
          1.0
        ]
      ]
    },
    {
      "file_path": "/media/NFS/ttao/scannet/posed_images/scene0550_00/00689.jpg",
      "transform_matrix": [
        [
          0.963175,
          -0.092379,
          -0.252508,
          2.415386
        ],
        [
          0.244746,
          -0.087618,
          0.965621,
          1.402723
        ],
        [
          -0.111327,
          -0.991862,
          -0.061781,
          1.673158
        ],
        [
          0.0,
          0.0,
          0.0,
          1.0
        ]
      ]
    },
    {
      "file_path": "/media/NFS/ttao/scannet/posed_images/scene0550_00/00713.jpg",
      "transform_matrix": [
        [
          0.88336,
          -0.07877,
          -0.46203,
          2.401378
        ],
        [
          0.459968,
          -0.043665,
          0.886862,
          1.406785
        ],
        [
          -0.090033,
          -0.995936,
          -0.00234,
          1.682128
        ],
        [
          0.0,
          0.0,
          0.0,
          1.0
        ]
      ]
    },
    {
      "file_path": "/media/NFS/ttao/scannet/posed_images/scene0550_00/00716.jpg",
      "transform_matrix": [
        [
          0.877717,
          -0.077642,
          -0.472848,
          2.391385
        ],
        [
          0.471314,
          -0.038181,
          0.881139,
          1.409514
        ],
        [
          -0.086467,
          -0.99625,
          0.003082,
          1.68395
        ],
        [
          0.0,
          0.0,
          0.0,
          1.0
        ]
      ]
    },
    {
      "file_path": "/media/NFS/ttao/scannet/posed_images/scene0550_00/00732.jpg",
      "transform_matrix": [
        [
          0.810229,
          -0.054657,
          -0.583559,
          2.361336
        ],
        [
          0.577248,
          -0.098098,
          0.810655,
          1.487435
        ],
        [
          -0.101554,
          -0.993675,
          -0.047931,
          1.683525
        ],
        [
          0.0,
          0.0,
          0.0,
          1.0
        ]
      ]
    },
    {
      "file_path": "/media/NFS/ttao/scannet/posed_images/scene0550_00/00748.jpg",
      "transform_matrix": [
        [
          0.712062,
          -0.029608,
          -0.701493,
          2.369849
        ],
        [
          0.699259,
          -0.060154,
          0.712333,
          1.567258
        ],
        [
          -0.063289,
          -0.99775,
          -0.022129,
          1.685136
        ],
        [
          0.0,
          0.0,
          0.0,
          1.0
        ]
      ]
    },
    {
      "file_path": "/media/NFS/ttao/scannet/posed_images/scene0550_00/00756.jpg",
      "transform_matrix": [
        [
          0.680617,
          -0.02998,
          -0.732026,
          2.378419
        ],
        [
          0.72871,
          -0.075643,
          0.680632,
          1.607222
        ],
        [
          -0.075778,
          -0.996684,
          -0.029637,
          1.68015
        ],
        [
          0.0,
          0.0,
          0.0,
          1.0
        ]
      ]
    },
    {
      "file_path": "/media/NFS/ttao/scannet/posed_images/scene0550_00/00767.jpg",
      "transform_matrix": [
        [
          0.510132,
          -0.01228,
          -0.860009,
          2.435203
        ],
        [
          0.859245,
          -0.037199,
          0.51021,
          1.684138
        ],
        [
          -0.038257,
          -0.999233,
          -0.008425,
          1.67371
        ],
        [
          0.0,
          0.0,
          0.0,
          1.0
        ]
      ]
    },
    {
      "file_path": "/media/NFS/ttao/scannet/posed_images/scene0550_00/00787.jpg",
      "transform_matrix": [
        [
          0.313008,
          0.047458,
          -0.948564,
          2.533139
        ],
        [
          0.949687,
          -0.027208,
          0.312017,
          1.69816
        ],
        [
          -0.011001,
          -0.998503,
          -0.053587,
          1.674848
        ],
        [
          0.0,
          0.0,
          0.0,
          1.0
        ]
      ]
    },
    {
      "file_path": "/media/NFS/ttao/scannet/posed_images/scene0550_00/00795.jpg",
      "transform_matrix": [
        [
          0.281177,
          0.10054,
          -0.954375,
          2.551968
        ],
        [
          0.95965,
          -0.026089,
          0.279983,
          1.686659
        ],
        [
          0.003251,
          -0.994591,
          -0.103819,
          1.669456
        ],
        [
          0.0,
          0.0,
          0.0,
          1.0
        ]
      ]
    },
    {
      "file_path": "/media/NFS/ttao/scannet/posed_images/scene0550_00/00806.jpg",
      "transform_matrix": [
        [
          0.255959,
          0.151352,
          -0.954765,
          2.585191
        ],
        [
          0.966344,
          -0.013729,
          0.256887,
          1.717495
        ],
        [
          0.025773,
          -0.988385,
          -0.149773,
          1.644942
        ],
        [
          0.0,
          0.0,
          0.0,
          1.0
        ]
      ]
    },
    {
      "file_path": "/media/NFS/ttao/scannet/posed_images/scene0550_00/00830.jpg",
      "transform_matrix": [
        [
          0.315631,
          0.353145,
          -0.880719,
          2.573126
        ],
        [
          0.948872,
          -0.113222,
          0.294657,
          1.773788
        ],
        [
          0.00434,
          -0.928693,
          -0.370826,
          1.581616
        ],
        [
          0.0,
          0.0,
          0.0,
          1.0
        ]
      ]
    },
    {
      "file_path": "/media/NFS/ttao/scannet/posed_images/scene0550_00/00838.jpg",
      "transform_matrix": [
        [
          0.320451,
          0.416211,
          -0.850929,
          2.561984
        ],
        [
          0.94724,
          -0.147424,
          0.284611,
          1.774386
        ],
        [
          -0.006989,
          -0.897237,
          -0.441493,
          1.5586
        ],
        [
          0.0,
          0.0,
          0.0,
          1.0
        ]
      ]
    },
    {
      "file_path": "/media/NFS/ttao/scannet/posed_images/scene0550_00/00853.jpg",
      "transform_matrix": [
        [
          0.297452,
          0.527908,
          -0.79551,
          2.539203
        ],
        [
          0.954731,
          -0.167503,
          0.245831,
          1.773921
        ],
        [
          -0.003474,
          -0.83262,
          -0.553834,
          1.513674
        ],
        [
          0.0,
          0.0,
          0.0,
          1.0
        ]
      ]
    },
    {
      "file_path": "/media/NFS/ttao/scannet/posed_images/scene0550_00/00865.jpg",
      "transform_matrix": [
        [
          0.268057,
          0.589031,
          -0.762356,
          2.529673
        ],
        [
          0.963265,
          -0.177286,
          0.201721,
          1.771868
        ],
        [
          -0.016335,
          -0.788424,
          -0.614916,
          1.488424
        ],
        [
          0.0,
          0.0,
          0.0,
          1.0
        ]
      ]
    },
    {
      "file_path": "/media/NFS/ttao/scannet/posed_images/scene0550_00/00881.jpg",
      "transform_matrix": [
        [
          0.20952,
          0.635517,
          -0.743115,
          2.546276
        ],
        [
          0.977734,
          -0.145287,
          0.151419,
          1.754676
        ],
        [
          -0.011736,
          -0.758295,
          -0.651807,
          1.486756
        ],
        [
          0.0,
          0.0,
          0.0,
          1.0
        ]
      ]
    },
    {
      "file_path": "/media/NFS/ttao/scannet/posed_images/scene0550_00/00885.jpg",
      "transform_matrix": [
        [
          0.201578,
          0.639276,
          -0.742087,
          2.550052
        ],
        [
          0.979437,
          -0.137991,
          0.147178,
          1.751647
        ],
        [
          -0.008314,
          -0.756495,
          -0.653947,
          1.487097
        ],
        [
          0.0,
          0.0,
          0.0,
          1.0
        ]
      ]
    },
    {
      "file_path": "/media/NFS/ttao/scannet/posed_images/scene0550_00/00900.jpg",
      "transform_matrix": [
        [
          0.154891,
          0.689281,
          -0.707743,
          2.556745
        ],
        [
          0.987931,
          -0.108604,
          0.11044,
          1.739756
        ],
        [
          -0.000739,
          -0.716308,
          -0.697785,
          1.477767
        ],
        [
          0.0,
          0.0,
          0.0,
          1.0
        ]
      ]
    },
    {
      "file_path": "/media/NFS/ttao/scannet/posed_images/scene0550_00/00916.jpg",
      "transform_matrix": [
        [
          0.049623,
          0.724867,
          -0.6871,
          2.566224
        ],
        [
          0.998759,
          -0.038912,
          0.03108,
          1.708946
        ],
        [
          -0.004207,
          -0.68779,
          -0.725898,
          1.467695
        ],
        [
          0.0,
          0.0,
          0.0,
          1.0
        ]
      ]
    },
    {
      "file_path": "/media/NFS/ttao/scannet/posed_images/scene0550_00/00932.jpg",
      "transform_matrix": [
        [
          -0.049471,
          0.733904,
          -0.67745,
          2.570912
        ],
        [
          0.998355,
          0.01664,
          -0.054879,
          1.673971
        ],
        [
          -0.029003,
          -0.67905,
          -0.733519,
          1.46506
        ],
        [
          0.0,
          0.0,
          0.0,
          1.0
        ]
      ]
    },
    {
      "file_path": "/media/NFS/ttao/scannet/posed_images/scene0550_00/00947.jpg",
      "transform_matrix": [
        [
          -0.099348,
          0.744353,
          -0.660355,
          2.565444
        ],
        [
          0.992256,
          0.024385,
          -0.121796,
          1.606462
        ],
        [
          -0.074556,
          -0.667341,
          -0.741011,
          1.473972
        ],
        [
          0.0,
          0.0,
          0.0,
          1.0
        ]
      ]
    },
    {
      "file_path": "/media/NFS/ttao/scannet/posed_images/scene0550_00/00959.jpg",
      "transform_matrix": [
        [
          -0.118274,
          0.747038,
          -0.654175,
          2.544004
        ],
        [
          0.991015,
          0.047371,
          -0.125079,
          1.532447
        ],
        [
          -0.062449,
          -0.663092,
          -0.745929,
          1.475764
        ],
        [
          0.0,
          0.0,
          0.0,
          1.0
        ]
      ]
    },
    {
      "file_path": "/media/NFS/ttao/scannet/posed_images/scene0550_00/00963.jpg",
      "transform_matrix": [
        [
          -0.123479,
          0.753024,
          -0.646303,
          2.529022
        ],
        [
          0.991017,
          0.059859,
          -0.119596,
          1.505987
        ],
        [
          -0.051371,
          -0.655265,
          -0.75365,
          1.476156
        ],
        [
          0.0,
          0.0,
          0.0,
          1.0
        ]
      ]
    },
    {
      "file_path": "/media/NFS/ttao/scannet/posed_images/scene0550_00/00983.jpg",
      "transform_matrix": [
        [
          -0.199427,
          0.792101,
          -0.576892,
          2.385473
        ],
        [
          0.979553,
          0.145191,
          -0.139269,
          1.422496
        ],
        [
          -0.026555,
          -0.59287,
          -0.80486,
          1.484221
        ],
        [
          0.0,
          0.0,
          0.0,
          1.0
        ]
      ]
    },
    {
      "file_path": "/media/NFS/ttao/scannet/posed_images/scene0550_00/00990.jpg",
      "transform_matrix": [
        [
          -0.199173,
          0.805892,
          -0.557556,
          2.365098
        ],
        [
          0.979959,
          0.161892,
          -0.116068,
          1.383133
        ],
        [
          -0.003275,
          -0.569499,
          -0.821985,
          1.469906
        ],
        [
          0.0,
          0.0,
          0.0,
          1.0
        ]
      ]
    },
    {
      "file_path": "/media/NFS/ttao/scannet/posed_images/scene0550_00/01010.jpg",
      "transform_matrix": [
        [
          -0.074186,
          0.824056,
          -0.56163,
          2.315683
        ],
        [
          0.997033,
          0.049697,
          -0.058781,
          1.153358
        ],
        [
          -0.020527,
