{
  "frames": [
    {
      "file_path": "/media/NFS/ttao/scannet/posed_images/scene0056_00/00000.jpg",
      "transform_matrix": [
        [
          -0.852441,
          0.228219,
          -0.470383,
          1.798405
        ],
        [
          0.522431,
          0.337001,
          -0.78326,
          5.320803
        ],
        [
          -0.020235,
          -0.913426,
          -0.406502,
          1.619482
        ],
        [
          0.0,
          0.0,
          0.0,
          1.0
        ]
      ]
    },
    {
      "file_path": "/media/NFS/ttao/scannet/posed_images/scene0056_00/00006.jpg",
      "transform_matrix": [
        [
          -0.846546,
          0.228624,
          -0.480719,
          1.788786
        ],
        [
          0.5321,
          0.337707,
          -0.776418,
          5.326538
        ],
        [
          -0.015166,
          -0.913063,
          -0.407535,
          1.628113
        ],
        [
          0.0,
          0.0,
          0.0,
          1.0
        ]
      ]
    },
    {
      "file_path": "/media/NFS/ttao/scannet/posed_images/scene0056_00/00012.jpg",
      "transform_matrix": [
        [
          -0.837293,
          0.211562,
          -0.504165,
          1.791637
        ],
        [
          0.546741,
          0.3304,
          -0.769357,
          5.330393
        ],
        [
          0.00381,
          -0.919825,
          -0.392312,
          1.634769
        ],
        [
          0.0,
          0.0,
          0.0,
          1.0
        ]
      ]
    },
    {
      "file_path": "/media/NFS/ttao/scannet/posed_images/scene0056_00/00024.jpg",
      "transform_matrix": [
        [
          -0.824397,
          0.174431,
          -0.538464,
          1.793078
        ],
        [
          0.565985,
          0.263379,
          -0.781212,
          5.347404
        ],
        [
          0.005553,
          -0.948792,
          -0.315854,
          1.670308
        ],
        [
          0.0,
          0.0,
          0.0,
          1.0
        ]
      ]
    },
    {
      "file_path": "/media/NFS/ttao/scannet/posed_images/scene0056_00/00026.jpg",
      "transform_matrix": [
        [
          -0.826321,
          0.169036,
          -0.537234,
          1.793586
        ],
        [
          0.563188,
          0.253847,
          -0.786372,
          5.347811
        ],
        [
          0.00345,
          -0.952359,
          -0.304958,
          1.677526
        ],
        [
          0.0,
          0.0,
          0.0,
          1.0
        ]
      ]
    },
    {
      "file_path": "/media/NFS/ttao/scannet/posed_images/scene0056_00/00036.jpg",
      "transform_matrix": [
        [
          -0.845049,
          0.134994,
          -0.517367,
          1.801228
        ],
        [
          0.534319,
          0.177233,
          -0.826493,
          5.356339
        ],
        [
          -0.019877,
          -0.974867,
          -0.2219,
          1.709393
        ],
        [
          0.0,
          0.0,
          0.0,
          1.0
        ]
      ]
    },
    {
      "file_path": "/media/NFS/ttao/scannet/posed_images/scene0056_00/00042.jpg",
      "transform_matrix": [
        [
          -0.856267,
          0.124838,
          -0.50122,
          1.807354
        ],
        [
          0.515535,
          0.146253,
          -0.844295,
          5.352163
        ],
        [
          -0.032095,
          -0.981339,
          -0.18959,
          1.719577
        ],
        [
          0.0,
          0.0,
          0.0,
          1.0
        ]
      ]
    },
    {
      "file_path": "/media/NFS/ttao/scannet/posed_images/scene0056_00/00048.jpg",
      "transform_matrix": [
        [
          -0.873119,
          0.109322,
          -0.475091,
          1.812166
        ],
        [
          0.486355,
          0.128376,
          -0.864279,
          5.346962
        ],
        [
          -0.033494,
          -0.985682,
          -0.165257,
          1.727008
        ],
        [
          0.0,
          0.0,
          0.0,
          1.0
        ]
      ]
    },
    {
      "file_path": "/media/NFS/ttao/scannet/posed_images/scene0056_00/00056.jpg",
      "transform_matrix": [
        [
          -0.904453,
          0.092058,
          -0.416522,
          1.828979
        ],
        [
          0.42552,
          0.126095,
          -0.896121,
          5.307634
        ],
        [
          -0.029974,
          -0.987737,
          -0.15322,
          1.732366
        ],
        [
          0.0,
          0.0,
          0.0,
          1.0
        ]
      ]
    },
    {
      "file_path": "/media/NFS/ttao/scannet/posed_images/scene0056_00/00058.jpg",
      "transform_matrix": [
        [
          -0.914081,
          0.087101,
          -0.396067,
          1.833916
        ],
        [
          0.404536,
          0.127452,
          -0.905597,
          5.306133
        ],
        [
          -0.028399,
          -0.988013,
          -0.151737,
          1.729328
        ],
        [
          0.0,
          0.0,
          0.0,
          1.0
        ]
      ]
    },
    {
      "file_path": "/media/NFS/ttao/scannet/posed_images/scene0056_00/00068.jpg",
      "transform_matrix": [
        [
          -0.946868,
          0.0639,
          -0.315211,
          1.873063
        ],
        [
          0.321466,
          0.157449,
          -0.933739,
          5.281881
        ],
        [
          -0.010036,
          -0.985457,
          -0.169626,
          1.710281
        ],
        [
          0.0,
          0.0,
          0.0,
          1.0
        ]
      ]
    },
    {
      "file_path": "/media/NFS/ttao/scannet/posed_images/scene0056_00/00074.jpg",
      "transform_matrix": [
        [
          -0.965121,
          0.066128,
          -0.253316,
          1.899542
        ],
        [
          0.261107,
          0.172495,
          -0.949773,
          5.26451
        ],
        [
          -0.019111,
          -0.982788,
          -0.183745,
          1.682235
        ],
        [
          0.0,
          0.0,
          0.0,
          1.0
        ]
      ]
    },
    {
      "file_path": "/media/NFS/ttao/scannet/posed_images/scene0056_00/00082.jpg",
      "transform_matrix": [
        [
          -0.984196,
          0.039449,
          -0.17263,
          1.937418
        ],
        [
          0.17708,
          0.218996,
          -0.959523,
          5.233631
        ],
        [
          -4.7e-05,
          -0.974928,
          -0.222521,
          1.639155
        ],
        [
          0.0,
          0.0,
          0.0,
          1.0
        ]
      ]
    },
    {
      "file_path": "/media/NFS/ttao/scannet/posed_images/scene0056_00/00090.jpg",
      "transform_matrix": [
        [
          -0.997365,
          -0.00706,
          -0.072204,
          1.922534
        ],
        [
          0.068325,
          0.243198,
          -0.967567,
          5.213487
        ],
        [
          0.02439,
          -0.969951,
          -0.242075,
          1.620293
        ],
        [
          0.0,
          0.0,
          0.0,
          1.0
        ]
      ]
    },
    {
      "file_path": "/media/NFS/ttao/scannet/posed_images/scene0056_00/00092.jpg",
      "transform_matrix": [
        [
          -0.998297,
          -0.015451,
          -0.056257,
          1.922296
        ],
        [
          0.050681,
          0.247923,
          -0.967453,
          5.214144
        ],
        [
          0.028896,
          -0.968657,
          -0.246717,
          1.613784
        ],
        [
          0.0,
          0.0,
          0.0,
          1.0
        ]
      ]
    },
    {
      "file_path": "/media/NFS/ttao/scannet/posed_images/scene0056_00/00102.jpg",
      "transform_matrix": [
        [
          -0.995643,
          -0.061771,
          0.069856,
          1.934473
        ],
        [
          -0.084695,
          0.285574,
          -0.954607,
          5.185762
        ],
        [
          0.039018,
          -0.956364,
          -0.289561,
          1.585082
        ],
        [
          0.0,
          0.0,
          0.0,
          1.0
        ]
      ]
    },
    {
      "file_path": "/media/NFS/ttao/scannet/posed_images/scene0056_00/00106.jpg",
      "transform_matrix": [
        [
          -0.99215,
          -0.067463,
          0.105291,
          1.934206
        ],
        [
          -0.12033,
          0.285884,
          -0.950679,
          5.171726
        ],
        [
          0.034035,
          -0.955886,
          -0.291758,
          1.580555
        ],
        [
          0.0,
          0.0,
          0.0,
          1.0
        ]
      ]
    },
    {
      "file_path": "/media/NFS/ttao/scannet/posed_images/scene0056_00/00116.jpg",
      "transform_matrix": [
        [
          -0.969781,
          -0.077948,
          0.23119,
          1.921339
        ],
        [
          -0.24383,
          0.276794,
          -0.929479,
          5.151198
        ],
        [
          0.008459,
          -0.957763,
          -0.287436,
          1.541632
        ],
        [
          0.0,
          0.0,
          0.0,
          1.0
        ]
      ]
    },
    {
      "file_path": "/media/NFS/ttao/scannet/posed_images/scene0056_00/00124.jpg",
      "transform_matrix": [
        [
          -0.957388,
          -0.075747,
          0.278695,
          1.917968
        ],
        [
          -0.288466,
          0.297547,
          -0.910084,
          5.0908
        ],
        [
          -0.013989,
          -0.951697,
          -0.306719,
          1.544542
        ],
        [
          0.0,
          0.0,
          0.0,
          1.0
        ]
      ]
    },
    {
      "file_path": "/media/NFS/ttao/scannet/posed_images/scene0056_00/00126.jpg",
      "transform_matrix": [
        [
          -0.955211,
          -0.082885,
          0.284082,
          1.91212
        ],
        [
          -0.295779,
          0.297739,
          -0.907671,
          5.07234
        ],
        [
          -0.00935,
          -0.951042,
          -0.308919,
          1.540778
        ],
        [
          0.0,
          0.0,
          0.0,
          1.0
        ]
      ]
    },
    {
      "file_path": "/media/NFS/ttao/scannet/posed_images/scene0056_00/00132.jpg",
      "transform_matrix": [
        [
          -0.941737,
          -0.110446,
          0.317699,
          1.911584
        ],
        [
          -0.336248,
          0.285926,
          -0.89732,
          4.995468
        ],
        [
          0.008266,
          -0.951865,
          -0.306405,
          1.535805
        ],
        [
          0.0,
          0.0,
          0.0,
          1.0
        ]
      ]
    },
    {
      "file_path": "/media/NFS/ttao/scannet/posed_images/scene0056_00/00142.jpg",
      "transform_matrix": [
        [
          -0.92162,
          -0.108465,
          0.372629,
          1.885871
        ],
        [
          -0.387886,
          0.225994,
          -0.893572,
          4.833872
        ],
        [
          0.01271,
          -0.968071,
          -0.250353,
          1.53695
        ],
        [
          0.0,
          0.0,
          0.0,
          1.0
        ]
      ]
    },
    {
      "file_path": "/media/NFS/ttao/scannet/posed_images/scene0056_00/00148.jpg",
      "transform_matrix": [
        [
          -0.911862,
          -0.126266,
          0.390594,
          1.861376
        ],
        [
          -0.410279,
          0.249415,
          -0.877191,
          4.753333
        ],
        [
          0.013339,
          -0.96013,
          -0.279236,
          1.536281
        ],
        [
          0.0,
          0.0,
          0.0,
          1.0
        ]
      ]
    },
    {
      "file_path": "/media/NFS/ttao/scannet/posed_images/scene0056_00/00156.jpg",
      "transform_matrix": [
        [
          -0.856173,
          -0.163123,
          0.490264,
          1.790606
        ],
        [
          -0.516471,
          0.242628,
          -0.821212,
          4.663731
        ],
        [
          0.015007,
          -0.956307,
          -0.29198,
          1.531349
        ],
        [
          0.0,
          0.0,
          0.0,
          1.0
        ]
      ]
    },
    {
      "file_path": "/media/NFS/ttao/scannet/posed_images/scene0056_00/00162.jpg",
      "transform_matrix": [
        [
          -0.77397,
          -0.197033,
          0.601788,
          1.70329
        ],
        [
          -0.633125,
          0.224146,
          -0.740885,
          4.605617
        ],
        [
          0.011091,
          -0.95443,
          -0.298229,
          1.510898
        ],
        [
          0.0,
          0.0,
          0.0,
          1.0
        ]
      ]
    },
    {
      "file_path": "/media/NFS/ttao/scannet/posed_images/scene0056_00/00169.jpg",
      "transform_matrix": [
        [
          -0.69818,
          -0.293047,
          0.653198,
          1.657818
        ],
        [
          -0.715104,
          0.241841,
          -0.65585,
          4.544691
        ],
        [
          0.034225,
          -0.925006,
          -0.378407,
          1.490684
        ],
        [
          0.0,
          0.0,
          0.0,
          1.0
        ]
      ]
    },
    {
      "file_path": "/media/NFS/ttao/scannet/posed_images/scene0056_00/00175.jpg",
      "transform_matrix": [
        [
          -0.681028,
          -0.2834,
          0.675193,
          1.637082
        ],
        [
          -0.732171,
          0.249341,
          -0.633841,
          4.460023
        ],
        [
          0.011277,
          -0.92602,
          -0.377306,
          1.503912
        ],
        [
          0.0,
          0.0,
          0.0,
          1.0
        ]
      ]
    },
    {
      "file_path": "/media/NFS/ttao/scannet/posed_images/scene0056_00/00177.jpg",
      "transform_matrix": [
        [
          -0.676302,
          -0.284011,
          0.679671,
          1.635803
        ],
        [
          -0.736571,
          0.249611,
          -0.628616,
          4.437012
        ],
        [
          0.00888,
          -0.92576,
          -0.378007,
          1.497283
        ],
        [
          0.0,
          0.0,
          0.0,
          1.0
        ]
      ]
    },
    {
      "file_path": "/media/NFS/ttao/scannet/posed_images/scene0056_00/00185.jpg",
      "transform_matrix": [
        [
          -0.650639,
          -0.320629,
          0.688379,
          1.630678
        ],
        [
          -0.758798,
          0.238814,
          -0.605965,
          4.313848
        ],
        [
          0.029896,
          -0.916605,
          -0.398675,
          1.474599
        ],
        [
          0.0,
          0.0,
          0.0,
          1.0
        ]
      ]
    },
    {
      "file_path": "/media/NFS/ttao/scannet/posed_images/scene0056_00/00195.jpg",
      "transform_matrix": [
        [
          -0.621653,
          -0.332601,
          0.709171,
          1.649337
        ],
        [
          -0.782514,
          0.223352,
          -0.581193,
          4.162664
        ],
        [
          0.034911,
          -0.916237,
          -0.399112,
          1.503362
        ],
        [
          0.0,
          0.0,
          0.0,
          1.0
        ]
      ]
    },
    {
      "file_path": "/media/NFS/ttao/scannet/posed_images/scene0056_00/00199.jpg",
      "transform_matrix": [
        [
          -0.606636,
          -0.321921,
          0.726883,
          1.652418
        ],
        [
          -0.794087,
          0.202062,
          -0.573233,
          4.12281
        ],
        [
          0.03766,
          -0.924953,
          -0.378211,
          1.51265
        ],
        [
          0.0,
          0.0,
          0.0,
          1.0
        ]
      ]
    },
    {
      "file_path": "/media/NFS/ttao/scannet/posed_images/scene0056_00/00205.jpg",
      "transform_matrix": [
        [
          -0.568091,
          -0.319224,
          0.758531,
          1.656991
        ],
        [
          -0.822098,
          0.177818,
          -0.540865,
          4.071857
        ],
        [
          0.037776,
          -0.930847,
          -0.363451,
          1.527196
        ],
        [
          0.0,
          0.0,
          0.0,
          1.0
        ]
      ]
    },
    {
      "file_path": "/media/NFS/ttao/scannet/posed_images/scene0056_00/00215.jpg",
      "transform_matrix": [
        [
          -0.47848,
          -0.309082,
          0.821903,
          1.664594
        ],
        [
          -0.875738,
          0.099384,
          -0.472446,
          4.007177
        ],
        [
          0.064341,
          -0.945828,
          -0.318228,
          1.575749
        ],
        [
          0.0,
          0.0,
          0.0,
          1.0
        ]
      ]
    },
    {
      "file_path": "/media/NFS/ttao/scannet/posed_images/scene0056_00/00223.jpg",
      "transform_matrix": [
        [
          -0.433026,
          -0.301268,
          0.849545,
          1.65149
        ],
        [
          -0.896568,
          0.046687,
          -0.440438,
          3.954157
        ],
        [
          0.093027,
          -0.952396,
          -0.290324,
          1.605611
        ],
        [
          0.0,
          0.0,
          0.0,
          1.0
        ]
      ]
    },
    {
      "file_path": "/media/NFS/ttao/scannet/posed_images/scene0056_00/00229.jpg",
      "transform_matrix": [
        [
          -0.371102,
          -0.271037,
          0.888157,
          1.659409
        ],
        [
          -0.926765,
          0.048132,
          -0.372546,
          3.943492
        ],
        [
          0.058225,
          -0.961365,
          -0.26905,
          1.608969
        ],
        [
          0.0,
          0.0,
          0.0,
          1.0
        ]
      ]
    },
    {
      "file_path": "/media/NFS/ttao/scannet/posed_images/scene0056_00/00233.jpg",
      "transform_matrix": [
        [
          -0.332274,
          -0.25657,
          0.907616,
          1.66212
        ],
        [
          -0.941881,
          0.039709,
          -0.333593,
          3.923076
        ],
        [
          0.04955,
          -0.96571,
          -0.254852,
          1.615206
        ],
        [
          0.0,
          0.0,
          0.0,
          1.0
        ]
      ]
    },
    {
      "file_path": "/media/NFS/ttao/scannet/posed_images/scene0056_00/00243.jpg",
      "transform_matrix": [
        [
          -0.25209,
          -0.22872,
          0.940286,
          1.70742
        ],
        [
          -0.967698,
          0.056107,
          -0.245792,
          3.920258
        ],
        [
          0.003461,
          -0.971874,
          -0.235476,
          1.61729
        ],
        [
          0.0,
          0.0,
          0.0,
          1.0
        ]
      ]
    },
    {
      "file_path": "/media/NFS/ttao/scannet/posed_images/scene0056_00/00249.jpg",
      "transform_matrix": [
        [
          -0.20191,
          -0.246876,
          0.947779,
          1.740207
        ],
        [
          -0.979403,
          0.051907,
          -0.195127,
          3.944266
        ],
        [
          -0.001024,
          -0.967656,
          -0.252272,
          1.610686
        ],
        [
          0.0,
          0.0,
          0.0,
          1.0
        ]
      ]
    },
    {
      "file_path": "/media/NFS/ttao/scannet/posed_images/scene0056_00/00253.jpg",
      "transform_matrix": [
        [
          -0.148493,
          -0.253972,
          0.955745,
          1.762119
        ],
        [
          -0.988909,
          0.040828,
          -0.142797,
          3.96072
        ],
        [
          -0.002755,
          -0.966349,
          -0.257218,
          1.612151
        ],
        [
          0.0,
          0.0,
          0.0,
          1.0
        ]
      ]
    },
    {
      "file_path": "/media/NFS/ttao/scannet/posed_images/scene0056_00/00259.jpg",
      "transform_matrix": [
        [
          -0.071243,
          -0.241633,
          0.967749,
          1.789695
        ],
        [
          -0.997456,
          0.019609,
          -0.068534,
          4.008568
        ],
        [
          -0.002417,
          -0.970169,
          -0.242416,
          1.60572
        ],
        [
          0.0,
          0.0,
          0.0,
          1.0
        ]
      ]
    },
    {
      "file_path": "/media/NFS/ttao/scannet/posed_images/scene0056_00/00265.jpg",
      "transform_matrix": [
        [
          0.004785,
          -0.230713,
          0.97301,
          1.813696
        ],
        [
          -0.999986,
          -0.003229,
          0.004152,
          4.040121
        ],
        [
          0.002184,
          -0.973017,
          -0.230725,
          1.623184
        ],
        [
          0.0,
          0.0,
          0.0,
          1.0
        ]
      ]
    },
    {
      "file_path": "/media/NFS/ttao/scannet/posed_images/scene0056_00/00271.jpg",
      "transform_matrix": [
        [
          0.06599,
          -0.203617,
          0.976825,
          1.814493
        ],
        [
          -0.997796,
          -0.020273,
          0.063181,
          4.058361
        ],
        [
          0.006939,
          -0.978841,
          -0.204506,
          1.62554
        ],
        [
          0.0,
          0.0,
          0.0,
          1.0
        ]
      ]
    },
    {
      "file_path": "/media/NFS/ttao/scannet/posed_images/scene0056_00/00283.jpg",
      "transform_matrix": [
        [
          0.150697,
          -0.136133,
          0.979162,
          1.821519
        ],
        [
          -0.987897,
          -0.057559,
          0.144039,
          4.112232
        ],
        [
          0.036751,
          -0.989017,
          -0.143159,
          1.656711
        ],
        [
          0.0,
          0.0,
          0.0,
          1.0
        ]
      ]
    },
    {
      "file_path": "/media/NFS/ttao/scannet/posed_images/scene0056_00/00285.jpg",
      "transform_matrix": [
        [
          0.159584,
          -0.126082,
          0.9791,
          1.819324
        ],
        [
          -0.986276,
          -0.06289,
          0.152655,
          4.111835
        ],
        [
          0.042329,
          -0.990024,
          -0.134388,
          1.653198
        ],
        [
          0.0,
          0.0,
          0.0,
          1.0
        ]
      ]
    },
    {
      "file_path": "/media/NFS/ttao/scannet/posed_images/scene0056_00/00291.jpg",
      "transform_matrix": [
        [
          0.196452,
          -0.108291,
          0.974515,
          1.819653
        ],
        [
          -0.979136,
          -0.074335,
          0.189123,
          4.120576
        ],
        [
          0.051961,
          -0.991336,
          -0.120635,
          1.660519
        ],
        [
          0.0,
          0.0,
          0.0,
          1.0
        ]
      ]
    },
    {
      "file_path": "/media/NFS/ttao/scannet/posed_images/scene0056_00/00303.jpg",
      "transform_matrix": [
        [
          0.26055,
          -0.065232,
          0.963254,
          1.863192
        ],
        [
          -0.962927,
          -0.089788,
          0.25438,
          4.139274
        ],
        [
          0.069895,
          -0.993822,
          -0.086208,
          1.696601
        ],
        [
          0.0,
          0.0,
          0.0,
          1.0
        ]
      ]
    },
    {
      "file_path": "/media/NFS/ttao/scannet/posed_images/scene0056_00/00305.jpg",
      "transform_matrix": [
        [
          0.255934,
          -0.061211,
          0.964754,
          1.872559
        ],
        [
          -0.963529,
          -0.096849,
          0.249464,
          4.146742
        ],
        [
          0.078165,
          -0.993415,
          -0.083765,
          1.693271
        ],
        [
          0.0,
          0.0,
          0.0,
          1.0
        ]
      ]
    },
    {
      "file_path": "/media/NFS/ttao/scannet/posed_images/scene0056_00/00311.jpg",
      "transform_matrix": [
        [
          0.25762,
          -0.029074,
          0.965809,
          1.915643
        ],
        [
          -0.96154,
          -0.106254,
          0.253282,
          4.137436
        ],
        [
          0.095257,
          -0.993914,
          -0.055329,
          1.74126
        ],
        [
          0.0,
          0.0,
          0.0,
          1.0
        ]
      ]
    },
    {
      "file_path": "/media/NFS/ttao/scannet/posed_images/scene0056_00/00321.jpg",
      "transform_matrix": [
        [
          0.304483,
          0.014061,
          0.952414,
          1.974721
        ],
        [
          -0.949974,
          -0.068546,
          0.304715,
          4.179275
        ],
        [
          0.069569,
          -0.997549,
          -0.007513,
          1.717663
        ],
        [
          0.0,
          0.0,
          0.0,
          1.0
        ]
      ]
    },
    {
      "file_path": "/media/NFS/ttao/scannet/posed_images/scene0056_00/00329.jpg",
      "transform_matrix": [
        [
          0.379895,
          -0.000192,
          0.925029,
          2.003195
        ],
        [
          -0.923783,
          -0.05198,
          0.379373,
          4.158922
        ],
        [
          0.04801,
          -0.998648,
          -0.019924,
          1.739952
        ],
        [
          0.0,
          0.0,
          0.0,
          1.0
        ]
      ]
    },
    {
      "file_path": "/media/NFS/ttao/scannet/posed_images/scene0056_00/00333.jpg",
      "transform_matrix": [
        [
          0.420337,
          -0.015745,
          0.907232,
          2.003931
        ],
        [
          -0.906587,
          -0.04876,
          0.419192,
          4.152255
        ],
        [
          0.037637,
          -0.998686,
          -0.03477,
          1.712634
        ],
        [
          0.0,
          0.0,
          0.0,
          1.0
        ]
      ]
    },
    {
      "file_path": "/media/NFS/ttao/scannet/posed_images/scene0056_00/00339.jpg",
      "transform_matrix": [
        [
          0.490568,
          -0.056608,
          0.869562,
          2.016545
        ],
        [
          -0.868174,
          -0.117574,
          0.482131,
          4.090815
        ],
        [
          0.074946,
          -0.991449,
          -0.106824,
          1.718465
        ],
        [
          0.0,
          0.0,
          0.0,
          1.0
        ]
      ]
    },
    {
      "file_path": "/media/NFS/ttao/scannet/posed_images/scene0056_00/00347.jpg",
      "transform_matrix": [
        [
          0.576323,
          -0.103552,
          0.810635,
          2.028767
        ],
        [
          -0.814716,
          -0.150436,
          0.560007,
          4.008648
        ],
        [
          0.063959,
          -0.983181,
          -0.171065,
          1.656652
        ],
        [
          0.0,
          0.0,
          0.0,
          1.0
        ]
      ]
    },
    {
      "file_path": "/media/NFS/ttao/scannet/posed_images/scene0056_00/00355.jpg",
      "transform_matrix": [
        [
          0.613206,
          -0.182223,
          0.768617,
          2.086341
        ],
        [
          -0.789195,
          -0.183096,
          0.586215,
          3.950645
        ],
        [
          0.033909,
          -0.966059,
          -0.256085,
          1.626968
        ],
        [
          0.0,
          0.0,
          0.0,
          1.0
        ]
      ]
    },
    {
      "file_path": "/media/NFS/ttao/scannet/posed_images/scene0056_00/00363.jpg",
      "transform_matrix": [
        [
          0.630886,
          -0.221925,
          0.74346,
          2.167032
        ],
        [
          -0.775339,
          -0.215972,
          0.593469,
          3.928232
        ],
        [
          0.02886,
          -0.950845,
          -0.308321,
          1.609753
        ],
        [
          0.0,
          0.0,
          0.0,
          1.0
        ]
      ]
    },
    {
      "file_path": "/media/NFS/ttao/scannet/posed_images/scene0056_00/00367.jpg",
      "transform_matrix": [
        [
          0.657931,
          -0.233876,
          0.715841,
          2.203205
        ],
        [
          -0.752707,
          -0.234078,
          0.615337,
          3.932366
        ],
        [
          0.02365,
          -0.943668,
          -0.330048,
          1.607415
        ],
        [
          0.0,
          0.0,
          0.0,
          1.0
        ]
      ]
    },
    {
      "file_path": "/media/NFS/ttao/scannet/posed_images/scene0056_00/00373.jpg",
      "transform_matrix": [
        [
          0.691235,
          -0.240998,
          0.681259,
          2.252528
        ],
        [
          -0.722617,
          -0.236056,
          0.649693,
          3.945023
        ],
        [
          0.004241,
          -0.941381,
          -0.337319,
          1.634432
        ],
        [
          0.0,
          0.0,
          0.0,
          1.0
        ]
      ]
    },
    {
      "file_path": "/media/NFS/ttao/scannet/posed_images/scene0056_00/00377.jpg",
      "transform_matrix": [
        [
          0.719109,
          -0.229958,
          0.655745,
          2.269543
        ],
        [
          -0.694788,
          -0.221227,
          0.684345,
          3.939152
        ],
        [
          -0.012302,
          -0.947722,
          -0.318858,
          1.634613
        ],
        [
          0.0,
          0.0,
          0.0,
          1.0
        ]
      ]
    },
    {
      "file_path": "/media/NFS/ttao/scannet/posed_images/scene0056_00/00389.jpg",
      "transform_matrix": [
        [
          0.828746,
          -0.13733,
          0.542512,
          2.296253
        ],
        [
          -0.559035,
          -0.247627,
          0.791303,
          3.896759
        ],
        [
          0.025671,
          -0.959073,
          -0.281992,
          1.672112
        ],
        [
          0.0,
          0.0,
          0.0,
          1.0
        ]
      ]
    },
    {
      "file_path": "/media/NFS/ttao/scannet/posed_images/scene0056_00/00391.jpg",
      "transform_matrix": [
        [
          0.862602,
          -0.109011,
          0.493998,
          2.353094
        ],
        [
          -0.504926,
          -0.245561,
          0.827496,
          3.86547
        ],
        [
          0.0311,
          -0.963232,
          -0.266864,
          1.665574
        ],
        [
          0.0,
          0.0,
          0.0,
          1.0
        ]
      ]
    },
    {
      "file_path": "/media/NFS/ttao/scannet/posed_images/scene0056_00/00403.jpg",
      "transform_matrix": [
        [
          0.933291,
          -0.003079,
          0.359108,
          2.389832
        ],
        [
          -0.352851,
          -0.193901,
          0.915368,
          3.817131
        ],
        [
          0.066813,
          -0.981016,
          -0.182052,
          1.664554
        ],
        [
          0.0,
          0.0,
          0.0,
          1.0
        ]
      ]
    },
    {
      "file_path": "/media/NFS/ttao/scannet/posed_images/scene0056_00/00407.jpg",
      "transform_matrix": [
        [
          0.945193,
          0.00965,
          0.326368,
          2.391743
        ],
        [
          -0.319547,
          -0.177999,
          0.930701,
          3.815128
        ],
        [
          0.067075,
          -0.983983,
          -0.16516,
          1.657463
        ],
        [
          0.0,
          0.0,
          0.0,
          1.0
        ]
      ]
    },
    {
      "file_path": "/media/NFS/ttao/scannet/posed_images/scene0056_00/00413.jpg",
      "transform_matrix": [
        [
          0.961459,
          0.021535,
          0.274106,
          2.382629
        ],
        [
          -0.267525,
          -0.15685,
          0.950699,
          3.829018
        ],
        [
          0.063466,
          -0.987388,
          -0.145044,
          1.654143
        ],
        [
          0.0,
          0.0,
          0.0,
          1.0
        ]
      ]
    },
    {
      "file_path": "/media/NFS/ttao/scannet/posed_images/scene0056_00/00417.jpg",
      "transform_matrix": [
        [
          0.970675,
          0.019883,
          0.239574,
          2.368062
        ],
        [
          -0.233402,
          -0.160708,
          0.959008,
          3.844898
        ],
        [
          0.05757,
          -0.986802,
          -0.151355,
          1.664122
        ],
        [
          0.0,
          0.0,
          0.0,
          1.0
        ]
      ]
    },
    {
      "file_path": "/media/NFS/ttao/scannet/posed_images/scene0056_00/00429.jpg",
      "transform_matrix": [
        [
          0.991219,
          0.042639,
          0.125166,
          2.336719
        ],
        [
          -0.117654,
          -0.147631,
          0.98202,
          3.87558
        ],
        [
          0.060351,
          -0.988123,
          -0.141318,
          1.675183
        ],
        [
          0.0,
          0.0,
          0.0,
          1.0
        ]
      ]
    },
    {
      "file_path": "/media/NFS/ttao/scannet/posed_images/scene0056_00/00435.jpg",
      "transform_matrix": [
        [
          0.997156,
          0.054645,
          0.051905,
          2.330368
        ],
        [
          -0.042517,
          -0.160781,
          0.986074,
          3.886108
        ],
        [
          0.06223,
          -0.985476,
          -0.158,
          1.672259
        ],
        [
          0.0,
          0.0,
          0.0,
          1.0
        ]
      ]
    },
    {
      "file_path": "/media/NFS/ttao/scannet/posed_images/scene0056_00/00443.jpg",
      "transform_matrix": [
        [
          0.997527,
          0.065058,
          -0.026604,
          2.285751
        ],
        [
          0.03815,
          -0.183244,
          0.982327,
          3.911987
        ],
        [
          0.059033,
          -0.980912,
          -0.185273,
          1.652982
        ],
        [
          0.0,
          0.0,
          0.0,
          1.0
        ]
      ]
    },
    {
      "file_path": "/media/NFS/ttao/scannet/posed_images/scene0056_00/00445.jpg",
      "transform_matrix": [
        [
          0.997044,
          0.065455,
          -0.04024,
          2.2619
        ],
        [
          0.052308,
          -0.194618,
          0.979483,
          3.915838
        ],
        [
          0.05628,
          -0.978693,
          -0.197466,
          1.659587
        ],
        [
          0.0,
          0.0,
          0.0,
          1.0
        ]
      ]
    },
    {
      "file_path": "/media/NFS/ttao/scannet/posed_images/scene0056_00/00451.jpg",
      "transform_matrix": [
        [
          0.994251,
          0.070174,
          -0.080871,
          2.234002
        ],
        [
          0.094758,
          -0.224998,
          0.96974,
          3.9265
        ],
        [
          0.049855,
          -0.971829,
          -0.230355,
          1.626453
        ],
        [
          0.0,
          0.0,
          0.0,
          1.0
        ]
      ]
    },
    {
      "file_path": "/media/NFS/ttao/scannet/posed_images/scene0056_00/00459.jpg",
      "transform_matrix": [
        [
          0.99046,
          0.079586,
          -0.112492,
          2.193188
        ],
        [
          0.12974,
          -0.263502,
          0.955894,
          3.92137
        ],
        [
          0.046434,
          -0.96137,
          -0.271314,
          1.575485
        ],
        [
          0.0,
          0.0,
          0.0,
          1.0
        ]
      ]
    },
    {
      "file_path": "/media/NFS/ttao/scannet/posed_images/scene0056_00/00469.jpg",
      "transform_matrix": [
        [
          0.982813,
          0.093544,
          -0.159149,
          2.153928
        ],
        [
          0.179649,
          -0.286252,
          0.941162,
          3.926177
        ],
        [
          0.042484,
          -0.953577,
          -0.298137,
          1.561754
        ],
        [
          0.0,
          0.0,
          0.0,
          1.0
        ]
      ]
    },
    {
      "file_path": "/media/NFS/ttao/scannet/posed_images/scene0056_00/00475.jpg",
      "transform_matrix": [
        [
          0.979962,
          0.093677,
          -0.175782,
          2.143439
        ],
        [
          0.195973,
          -0.2956,
          0.934995,
          3.922212
        ],
        [
          0.035626,
          -0.950708,
          -0.308035,
          1.53816
        ],
        [
          0.0,
          0.0,
          0.0,
          1.0
        ]
      ]
    },
    {
      "file_path": "/media/NFS/ttao/scannet/posed_images/scene0056_00/00483.jpg",
      "transform_matrix": [
        [
          0.985396,
          0.084085,
          -0.148066,
          2.178616
        ],
        [
          0.168338,
          -0.350231,
          0.921412,
          3.933285
        ],
        [
          0.02562,
          -0.932881,
          -0.359271,
          1.534334
        ],
        [
          0.0,
          0.0,
          0.0,
          1.0
        ]
      ]
    },
    {
      "file_path": "/media/NFS/ttao/scannet/posed_images/scene0056_00/00489.jpg",
      "transform_matrix": [
        [
          0.993792,
          0.064688,
          -0.090518,
          2.180939
        ],
        [
          0.108388,
          -0.379376,
          0.918872,
          3.910593
        ],
        [
          0.0251,
          -0.922979,
          -0.384032,
          1.519574
        ],
        [
          0.0,
          0.0,
          0.0,
          1.0
        ]
      ]
    },
    {
      "file_path": "/media/NFS/ttao/scannet/posed_images/scene0056_00/00493.jpg",
      "transform_matrix": [
        [
          0.997603,
          0.047001,
          -0.050788,
          2.188766
        ],
        [
          0.065184,
          -0.391918,
          0.917688,
          3.89216
        ],
        [
          0.023227,
          -0.918799,
          -0.394042,
          1.513451
        ],
        [
          0.0,
          0.0,
          0.0,
          1.0
        ]
      ]
    },
    {
      "file_path": "/media/NFS/ttao/scannet/posed_images/scene0056_00/00497.jpg",
      "transform_matrix": [
        [
          0.999574,
          0.025329,
          -0.014508,
          2.212066
        ],
        [
          0.023482,
          -0.402556,
          0.915094,
          3.884727
        ],
        [
          0.017338,
          -0.915045,
          -0.40298,
          1.517054
        ],
        [
          0.0,
          0.0,
          0.0,
          1.0
        ]
      ]
    },
    {
      "file_path": "/media/NFS/ttao/scannet/posed_images/scene0056_00/00506.jpg",
      "transform_matrix": [
        [
          0.997073,
          -0.010221,
          0.075767,
          2.248199
        ],
        [
          -0.073456,
          -0.40281,
          0.912331,
          3.861154
        ],
        [
          0.021194,
          -0.915226,
          -0.402382,
          1.52867
        ],
        [
          0.0,
          0.0,
          0.0,
          1.0
        ]
      ]
    },
    {
      "file_path": "/media/NFS/ttao/scannet/posed_images/scene0056_00/00510.jpg",
      "transform_matrix": [
        [
          0.993327,
          -0.02766,
          0.111962,
          2.279968
        ],
        [
          -0.113752,
          -0.394952,
          0.911632,
          3.838677
        ],
        [
          0.019003,
          -0.918285,
          -0.395463,
          1.529655
