{
  "frames": [
    {
      "file_path": "/media/NFS/ttao/scannet/posed_images/scene0700_01/00008.jpg",
      "transform_matrix": [
        [
          0.95349,
          -0.154234,
          0.258978,
          2.792406
        ],
        [
          -0.299551,
          -0.580518,
          0.757145,
          1.514998
        ],
        [
          0.033564,
          -0.799507,
          -0.599719,
          1.58139
        ],
        [
          0.0,
          0.0,
          0.0,
          1.0
        ]
      ]
    },
    {
      "file_path": "/media/NFS/ttao/scannet/posed_images/scene0700_01/00017.jpg",
      "transform_matrix": [
        [
          0.938174,
          -0.168976,
          0.302122,
          2.790581
        ],
        [
          -0.344369,
          -0.544365,
          0.764903,
          1.5143
        ],
        [
          0.035214,
          -0.821654,
          -0.568898,
          1.600347
        ],
        [
          0.0,
          0.0,
          0.0,
          1.0
        ]
      ]
    },
    {
      "file_path": "/media/NFS/ttao/scannet/posed_images/scene0700_01/00029.jpg",
      "transform_matrix": [
        [
          0.93653,
          -0.156161,
          0.31389,
          2.788016
        ],
        [
          -0.34881,
          -0.505127,
          0.789417,
          1.505378
        ],
        [
          0.035278,
          -0.8488,
          -0.527537,
          1.618852
        ],
        [
          0.0,
          0.0,
          0.0,
          1.0
        ]
      ]
    },
    {
      "file_path": "/media/NFS/ttao/scannet/posed_images/scene0700_01/00050.jpg",
      "transform_matrix": [
        [
          0.937202,
          -0.1682,
          0.305551,
          2.805591
        ],
        [
          -0.347369,
          -0.52905,
          0.774235,
          1.515481
        ],
        [
          0.031425,
          -0.831754,
          -0.554255,
          1.612462
        ],
        [
          0.0,
          0.0,
          0.0,
          1.0
        ]
      ]
    },
    {
      "file_path": "/media/NFS/ttao/scannet/posed_images/scene0700_01/00058.jpg",
      "transform_matrix": [
        [
          0.963566,
          -0.112779,
          0.242533,
          2.787611
        ],
        [
          -0.26226,
          -0.576503,
          0.773863,
          1.519891
        ],
        [
          0.052546,
          -0.809275,
          -0.585075,
          1.585359
        ],
        [
          0.0,
          0.0,
          0.0,
          1.0
        ]
      ]
    },
    {
      "file_path": "/media/NFS/ttao/scannet/posed_images/scene0700_01/00074.jpg",
      "transform_matrix": [
        [
          0.982877,
          0.173378,
          -0.062394,
          2.738869
        ],
        [
          0.161891,
          -0.65081,
          0.741781,
          1.505739
        ],
        [
          0.088002,
          -0.73918,
          -0.667734,
          1.54353
        ],
        [
          0.0,
          0.0,
          0.0,
          1.0
        ]
      ]
    },
    {
      "file_path": "/media/NFS/ttao/scannet/posed_images/scene0700_01/00087.jpg",
      "transform_matrix": [
        [
          0.957801,
          0.229435,
          -0.173139,
          2.682528
        ],
        [
          0.276946,
          -0.575419,
          0.769542,
          1.511551
        ],
        [
          0.076932,
          -0.785018,
          -0.614678,
          1.56414
        ],
        [
          0.0,
          0.0,
          0.0,
          1.0
        ]
      ]
    },
    {
      "file_path": "/media/NFS/ttao/scannet/posed_images/scene0700_01/00103.jpg",
      "transform_matrix": [
        [
          0.882894,
          0.352399,
          -0.310344,
          2.607654
        ],
        [
          0.458655,
          -0.505495,
          0.730828,
          1.49599
        ],
        [
          0.100666,
          -0.787585,
          -0.607928,
          1.566691
        ],
        [
          0.0,
          0.0,
          0.0,
          1.0
        ]
      ]
    },
    {
      "file_path": "/media/NFS/ttao/scannet/posed_images/scene0700_01/00107.jpg",
      "transform_matrix": [
        [
          0.85129,
          0.357991,
          -0.383599,
          2.61763
        ],
        [
          0.517205,
          -0.449433,
          0.728361,
          1.492831
        ],
        [
          0.088345,
          -0.818445,
          -0.567752,
          1.580133
        ],
        [
          0.0,
          0.0,
          0.0,
          1.0
        ]
      ]
    },
    {
      "file_path": "/media/NFS/ttao/scannet/posed_images/scene0700_01/00128.jpg",
      "transform_matrix": [
        [
          0.654818,
          0.507713,
          -0.559858,
          2.741054
        ],
        [
          0.750437,
          -0.348794,
          0.561415,
          1.467919
        ],
        [
          0.089763,
          -0.787763,
          -0.609403,
          1.564796
        ],
        [
          0.0,
          0.0,
          0.0,
          1.0
        ]
      ]
    },
    {
      "file_path": "/media/NFS/ttao/scannet/posed_images/scene0700_01/00141.jpg",
      "transform_matrix": [
        [
          0.548075,
          0.617657,
          -0.564016,
          2.751028
        ],
        [
          0.831358,
          -0.328125,
          0.44853,
          1.458404
        ],
        [
          0.09197,
          -0.714727,
          -0.693331,
          1.543935
        ],
        [
          0.0,
          0.0,
          0.0,
          1.0
        ]
      ]
    },
    {
      "file_path": "/media/NFS/ttao/scannet/posed_images/scene0700_01/00153.jpg",
      "transform_matrix": [
        [
          0.486785,
          0.58202,
          -0.651378,
          2.73463
        ],
        [
          0.867653,
          -0.235868,
          0.437657,
          1.457075
        ],
        [
          0.101086,
          -0.778215,
          -0.619809,
          1.5578
        ],
        [
          0.0,
          0.0,
          0.0,
          1.0
        ]
      ]
    },
    {
      "file_path": "/media/NFS/ttao/scannet/posed_images/scene0700_01/00169.jpg",
      "transform_matrix": [
        [
          0.394415,
          0.553669,
          -0.733408,
          2.658877
        ],
        [
          0.912375,
          -0.140768,
          0.38439,
          1.381422
        ],
        [
          0.109585,
          -0.820753,
          -0.560675,
          1.572687
        ],
        [
          0.0,
          0.0,
          0.0,
          1.0
        ]
      ]
    },
    {
      "file_path": "/media/NFS/ttao/scannet/posed_images/scene0700_01/00182.jpg",
      "transform_matrix": [
        [
          0.243114,
          0.480559,
          -0.842591,
          2.688388
        ],
        [
          0.967641,
          -0.059626,
          0.245188,
          1.350595
        ],
        [
          0.067587,
          -0.874933,
          -0.479504,
          1.580734
        ],
        [
          0.0,
          0.0,
          0.0,
          1.0
        ]
      ]
    },
    {
      "file_path": "/media/NFS/ttao/scannet/posed_images/scene0700_01/00190.jpg",
      "transform_matrix": [
        [
          0.131746,
          0.526825,
          -0.839702,
          2.699109
        ],
        [
          0.986505,
          0.013397,
          0.163184,
          1.35445
        ],
        [
          0.097219,
          -0.849868,
          -0.51795,
          1.582088
        ],
        [
          0.0,
          0.0,
          0.0,
          1.0
        ]
      ]
    },
    {
      "file_path": "/media/NFS/ttao/scannet/posed_images/scene0700_01/00207.jpg",
      "transform_matrix": [
        [
          -0.083853,
          0.515051,
          -0.853049,
          2.743902
        ],
        [
          0.992839,
          0.116285,
          -0.027384,
          1.358029
        ],
        [
          0.085092,
          -0.849236,
          -0.521113,
          1.571899
        ],
        [
          0.0,
          0.0,
          0.0,
          1.0
        ]
      ]
    },
    {
      "file_path": "/media/NFS/ttao/scannet/posed_images/scene0700_01/00223.jpg",
      "transform_matrix": [
        [
          -0.179478,
          0.457422,
          -0.87095,
          2.784278
        ],
        [
          0.981119,
          0.148087,
          -0.124405,
          1.371057
        ],
        [
          0.07207,
          -0.876833,
          -0.475364,
          1.610286
        ],
        [
          0.0,
          0.0,
          0.0,
          1.0
        ]
      ]
    },
    {
      "file_path": "/media/NFS/ttao/scannet/posed_images/scene0700_01/00236.jpg",
      "transform_matrix": [
        [
          -0.3371,
          0.424334,
          -0.840419,
          2.852321
        ],
        [
          0.94017,
          0.19861,
          -0.276831,
          1.327521
        ],
        [
          0.049447,
          -0.883456,
          -0.465898,
          1.595195
        ],
        [
          0.0,
          0.0,
          0.0,
          1.0
        ]
      ]
    },
    {
      "file_path": "/media/NFS/ttao/scannet/posed_images/scene0700_01/00256.jpg",
      "transform_matrix": [
        [
          -0.568585,
          0.4616,
          -0.680909,
          2.882912
        ],
        [
          0.817037,
          0.413191,
          -0.402148,
          1.352244
        ],
        [
          0.095714,
          -0.784983,
          -0.612079,
          1.555891
        ],
        [
          0.0,
          0.0,
          0.0,
          1.0
        ]
      ]
    },
    {
      "file_path": "/media/NFS/ttao/scannet/posed_images/scene0700_01/00260.jpg",
      "transform_matrix": [
        [
          -0.588594,
          0.486709,
          -0.645501,
          2.87881
        ],
        [
          0.801359,
          0.45663,
          -0.386412,
          1.338928
        ],
        [
          0.106685,
          -0.744717,
          -0.658798,
          1.549764
        ],
        [
          0.0,
          0.0,
          0.0,
          1.0
        ]
      ]
    },
    {
      "file_path": "/media/NFS/ttao/scannet/posed_images/scene0700_01/00273.jpg",
      "transform_matrix": [
        [
          -0.627057,
          0.45961,
          -0.628934,
          2.881303
        ],
        [
          0.767088,
          0.504831,
          -0.395881,
          1.286478
        ],
        [
          0.135554,
          -0.730688,
          -0.669119,
          1.538427
        ],
        [
          0.0,
          0.0,
          0.0,
          1.0
        ]
      ]
    },
    {
      "file_path": "/media/NFS/ttao/scannet/posed_images/scene0700_01/00285.jpg",
      "transform_matrix": [
        [
          -0.694565,
          0.43777,
          -0.570908,
          2.903297
        ],
        [
          0.709115,
          0.550474,
          -0.440606,
          1.244915
        ],
        [
          0.121386,
          -0.710869,
          -0.69277,
          1.531648
        ],
        [
          0.0,
          0.0,
          0.0,
          1.0
        ]
      ]
    },
    {
      "file_path": "/media/NFS/ttao/scannet/posed_images/scene0700_01/00306.jpg",
      "transform_matrix": [
        [
          -0.901144,
          0.136391,
          -0.411508,
          2.951217
        ],
        [
          0.407827,
          0.588641,
          -0.697983,
          1.265487
        ],
        [
          0.147032,
          -0.796806,
          -0.586073,
          1.560413
        ],
        [
          0.0,
          0.0,
          0.0,
          1.0
        ]
      ]
    },
    {
      "file_path": "/media/NFS/ttao/scannet/posed_images/scene0700_01/00322.jpg",
      "transform_matrix": [
        [
          -0.969801,
          0.06085,
          -0.236185,
          2.906267
        ],
        [
          0.186271,
          0.809916,
          -0.556183,
          1.276307
        ],
        [
          0.157446,
          -0.583382,
          -0.796792,
          1.473776
        ],
        [
          0.0,
          0.0,
          0.0,
          1.0
        ]
      ]
    },
    {
      "file_path": "/media/NFS/ttao/scannet/posed_images/scene0700_01/00327.jpg",
      "transform_matrix": [
        [
          -0.985074,
          0.0009,
          -0.172127,
          2.916651
        ],
        [
          0.097062,
          0.828743,
          -0.551149,
          1.28707
        ],
        [
          0.142153,
          -0.559629,
          -0.81646,
          1.464967
        ],
        [
          0.0,
          0.0,
          0.0,
          1.0
        ]
      ]
    },
    {
      "file_path": "/media/NFS/ttao/scannet/posed_images/scene0700_01/00343.jpg",
      "transform_matrix": [
        [
          -0.948061,
          -0.307807,
          0.080226,
          2.946011
        ],
        [
          -0.300273,
          0.782799,
          -0.545035,
          1.339097
        ],
        [
          0.104964,
          -0.540815,
          -0.834567,
          1.483616
        ],
        [
          0.0,
          0.0,
          0.0,
          1.0
        ]
      ]
    },
    {
      "file_path": "/media/NFS/ttao/scannet/posed_images/scene0700_01/00355.jpg",
      "transform_matrix": [
        [
          -0.841205,
          -0.493073,
          0.221933,
          3.033571
        ],
        [
          -0.527732,
          0.659252,
          -0.535617,
          1.3871
        ],
        [
          0.117788,
          -0.567685,
          -0.814776,
          1.49101
        ],
        [
          0.0,
          0.0,
          0.0,
          1.0
        ]
      ]
    },
    {
      "file_path": "/media/NFS/ttao/scannet/posed_images/scene0700_01/00376.jpg",
      "transform_matrix": [
        [
          -0.560571,
          -0.707698,
          0.430027,
          3.047919
        ],
        [
          -0.819846,
          0.401119,
          -0.408603,
          1.469671
        ],
        [
          0.116676,
          -0.581607,
          -0.805059,
          1.494591
        ],
        [
          0.0,
          0.0,
          0.0,
          1.0
        ]
      ]
    },
    {
      "file_path": "/media/NFS/ttao/scannet/posed_images/scene0700_01/00384.jpg",
      "transform_matrix": [
        [
          -0.469386,
          -0.69799,
          0.54082,
          3.001226
        ],
        [
          -0.878016,
          0.30401,
          -0.369683,
          1.470921
        ],
        [
          0.09362,
          -0.648373,
          -0.755545,
          1.51896
        ],
        [
          0.0,
          0.0,
          0.0,
          1.0
        ]
      ]
    },
    {
      "file_path": "/media/NFS/ttao/scannet/posed_images/scene0700_01/00405.jpg",
      "transform_matrix": [
        [
          -0.285066,
          -0.6245,
          0.727143,
          2.875776
        ],
        [
          -0.958022,
          0.161475,
          -0.236896,
          1.466988
        ],
        [
          0.030526,
          -0.76415,
          -0.644316,
          1.565023
        ],
        [
          0.0,
          0.0,
          0.0,
          1.0
        ]
      ]
    },
    {
      "file_path": "/media/NFS/ttao/scannet/posed_images/scene0700_01/00413.jpg",
      "transform_matrix": [
        [
          -0.242958,
          -0.569569,
          0.785215,
          2.868952
        ],
        [
          -0.969537,
          0.1166,
          -0.215413,
          1.458544
        ],
        [
          0.031136,
          -0.813631,
          -0.580547,
          1.599587
        ],
        [
          0.0,
          0.0,
          0.0,
          1.0
        ]
      ]
    },
    {
      "file_path": "/media/NFS/ttao/scannet/posed_images/scene0700_01/00430.jpg",
      "transform_matrix": [
        [
          -0.153806,
          -0.521288,
          0.839406,
          2.834234
        ],
        [
          -0.987996,
          0.093552,
          -0.122935,
          1.446985
        ],
        [
          -0.014444,
          -0.848238,
          -0.529419,
          1.611403
        ],
        [
          0.0,
          0.0,
          0.0,
          1.0
        ]
      ]
    },
    {
      "file_path": "/media/NFS/ttao/scannet/posed_images/scene0700_01/00442.jpg",
      "transform_matrix": [
        [
          -0.11253,
          -0.457633,
          0.881992,
          2.825107
        ],
        [
          -0.992808,
          0.088294,
          -0.080856,
          1.446187
        ],
        [
          -0.040872,
          -0.884747,
          -0.464277,
          1.641258
        ],
        [
          0.0,
          0.0,
          0.0,
          1.0
        ]
      ]
    },
    {
      "file_path": "/media/NFS/ttao/scannet/posed_images/scene0700_01/00455.jpg",
      "transform_matrix": [
        [
          -0.062971,
          -0.431973,
          0.899686,
          2.889037
        ],
        [
          -0.997751,
          0.048012,
          -0.046782,
          1.430285
        ],
        [
          -0.022987,
          -0.900608,
          -0.434024,
          1.629838
        ],
        [
          0.0,
          0.0,
          0.0,
          1.0
        ]
      ]
    },
    {
      "file_path": "/media/NFS/ttao/scannet/posed_images/scene0700_01/00471.jpg",
      "transform_matrix": [
        [
          0.122332,
          -0.348792,
          0.929182,
          2.926279
        ],
        [
          -0.992452,
          -0.051121,
          0.111472,
          1.494543
        ],
        [
          0.00862,
          -0.935805,
          -0.352413,
          1.657803
        ],
        [
          0.0,
          0.0,
          0.0,
          1.0
        ]
      ]
    },
    {
      "file_path": "/media/NFS/ttao/scannet/posed_images/scene0700_01/00488.jpg",
      "transform_matrix": [
        [
          0.363817,
          -0.397358,
          0.842463,
          2.904518
        ],
        [
          -0.9314,
          -0.166301,
          0.323787,
          1.503232
        ],
        [
          0.011444,
          -0.902469,
          -0.430602,
          1.654511
        ],
        [
          0.0,
          0.0,
          0.0,
          1.0
        ]
      ]
    },
    {
      "file_path": "/media/NFS/ttao/scannet/posed_images/scene0700_01/00496.jpg",
      "transform_matrix": [
        [
          0.417964,
          -0.32291,
          0.849138,
          2.87648
        ],
        [
          -0.907182,
          -0.197988,
          0.371244,
          1.520118
        ],
        [
          0.048241,
          -0.925489,
          -0.37569,
          1.682205
        ],
        [
          0.0,
          0.0,
          0.0,
          1.0
        ]
      ]
    },
    {
      "file_path": "/media/NFS/ttao/scannet/posed_images/scene0700_01/00517.jpg",
      "transform_matrix": [
        [
          0.618212,
          -0.410783,
          0.670127,
          2.787806
        ],
        [
          -0.784379,
          -0.377324,
          0.492316,
          1.420139
        ],
        [
          0.05062,
          -0.82999,
          -0.555477,
          1.619015
        ],
        [
          0.0,
          0.0,
          0.0,
          1.0
        ]
      ]
    },
    {
      "file_path": "/media/NFS/ttao/scannet/posed_images/scene0700_01/00529.jpg",
      "transform_matrix": [
        [
          0.706347,
          -0.350255,
          0.615138,
          2.718455
        ],
        [
          -0.70727,
          -0.384853,
          0.593007,
          1.381007
        ],
        [
          0.029034,
          -0.853938,
          -0.519565,
          1.639962
        ],
        [
          0.0,
          0.0,
          0.0,
          1.0
        ]
      ]
    },
    {
      "file_path": "/media/NFS/ttao/scannet/posed_images/scene0700_01/00537.jpg",
      "transform_matrix": [
        [
          0.719387,
          -0.333159,
          0.609498,
          2.689908
        ],
        [
          -0.69436,
          -0.368438,
          0.618156,
          1.386976
        ],
        [
          0.018618,
          -0.867904,
          -0.496382,
          1.635824
        ],
        [
          0.0,
          0.0,
          0.0,
          1.0
        ]
      ]
    },
    {
      "file_path": "/media/NFS/ttao/scannet/posed_images/scene0700_01/00554.jpg",
      "transform_matrix": [
        [
          0.779997,
          -0.284109,
          0.557573,
          2.580709
        ],
        [
          -0.625309,
          -0.388557,
          0.676767,
          1.421452
        ],
        [
          0.024373,
          -0.876531,
          -0.480729,
          1.623419
        ],
        [
          0.0,
          0.0,
          0.0,
          1.0
        ]
      ]
    },
    {
      "file_path": "/media/NFS/ttao/scannet/posed_images/scene0700_01/00570.jpg",
      "transform_matrix": [
        [
          0.848026,
          -0.244051,
          0.470416,
          2.505461
        ],
        [
          -0.529798,
          -0.411974,
          0.741345,
          1.429829
        ],
        [
          0.012873,
          -0.877905,
          -0.478662,
          1.623394
        ],
        [
          0.0,
          0.0,
          0.0,
          1.0
        ]
      ]
    },
    {
      "file_path": "/media/NFS/ttao/scannet/posed_images/scene0700_01/00579.jpg",
      "transform_matrix": [
        [
          0.840948,
          -0.270317,
          0.468759,
          2.523803
        ],
        [
          -0.540833,
          -0.44787,
          0.711978,
          1.43026
        ],
        [
          0.017483,
          -0.852256,
          -0.522832,
          1.619257
        ],
        [
          0.0,
          0.0,
          0.0,
          1.0
        ]
      ]
    },
    {
      "file_path": "/media/NFS/ttao/scannet/posed_images/scene0700_01/00595.jpg",
      "transform_matrix": [
        [
          0.745459,
          -0.313875,
          0.588025,
          2.623111
        ],
        [
          -0.666334,
          -0.373471,
          0.645383,
          1.413718
        ],
        [
          0.01704,
          -0.872927,
          -0.487553,
          1.646986
        ],
        [
          0.0,
          0.0,
          0.0,
          1.0
        ]
      ]
    },
    {
      "file_path": "/media/NFS/ttao/scannet/posed_images/scene0700_01/00608.jpg",
      "transform_matrix": [
        [
          0.757384,
          -0.330962,
          0.562879,
          2.650679
        ],
        [
          -0.65272,
          -0.407544,
          0.638643,
          1.397086
        ],
        [
          0.018031,
          -0.851101,
          -0.524693,
          1.613123
        ],
        [
          0.0,
          0.0,
          0.0,
          1.0
        ]
      ]
    },
    {
      "file_path": "/media/NFS/ttao/scannet/posed_images/scene0700_01/00628.jpg",
      "transform_matrix": [
        [
          0.873447,
          -0.279373,
          0.3988,
          2.51915
        ],
        [
          -0.486919,
          -0.500959,
          0.715507,
          1.418171
        ],
        [
          -0.00011,
          -0.819141,
          -0.573593,
          1.576017
        ],
        [
          0.0,
          0.0,
          0.0,
          1.0
        ]
      ]
    },
    {
      "file_path": "/media/NFS/ttao/scannet/posed_images/scene0700_01/00632.jpg",
      "transform_matrix": [
        [
          0.903076,
          -0.220513,
          0.368548,
          2.428545
        ],
        [
          -0.429065,
          -0.500988,
          0.751608,
          1.41083
        ],
        [
          0.018899,
          -0.83689,
          -0.547045,
          1.572707
        ],
        [
          0.0,
          0.0,
          0.0,
          1.0
        ]
      ]
    },
    {
      "file_path": "/media/NFS/ttao/scannet/posed_images/scene0700_01/00653.jpg",
      "transform_matrix": [
        [
          0.984368,
          -0.035524,
          0.172503,
          2.164119
        ],
        [
          -0.159214,
          -0.598239,
          0.785341,
          1.374949
        ],
        [
          0.0753,
          -0.80053,
          -0.594543,
          1.56259
        ],
        [
          0.0,
          0.0,
          0.0,
          1.0
        ]
      ]
    },
    {
      "file_path": "/media/NFS/ttao/scannet/posed_images/scene0700_01/00657.jpg",
      "transform_matrix": [
        [
          0.990964,
          0.007376,
          0.133929,
          2.156463
        ],
        [
          -0.108256,
          -0.545565,
          0.831048,
          1.340985
        ],
        [
          0.079197,
          -0.838036,
          -0.539836,
          1.558325
        ],
        [
          0.0,
          0.0,
          0.0,
          1.0
        ]
      ]
    },
    {
      "file_path": "/media/NFS/ttao/scannet/posed_images/scene0700_01/00682.jpg",
      "transform_matrix": [
        [
          0.993196,
          0.113936,
          -0.024088,
          2.036192
        ],
        [
          0.096375,
          -0.688065,
          0.719221,
          1.294231
        ],
        [
          0.065371,
          -0.716648,
          -0.694364,
          1.482752
        ],
        [
          0.0,
          0.0,
          0.0,
          1.0
        ]
      ]
    },
    {
      "file_path": "/media/NFS/ttao/scannet/posed_images/scene0700_01/00690.jpg",
      "transform_matrix": [
        [
          0.998272,
          0.042418,
          0.040682,
          1.914336
        ],
        [
          -0.000449,
          -0.686657,
          0.726982,
          1.326444
        ],
        [
          0.058772,
          -0.725743,
          -0.685451,
          1.458653
        ],
        [
          0.0,
          0.0,
          0.0,
          1.0
        ]
      ]
    },
    {
      "file_path": "/media/NFS/ttao/scannet/posed_images/scene0700_01/00703.jpg",
      "transform_matrix": [
        [
          0.992333,
          -0.048718,
          0.113589,
          1.703731
        ],
        [
          -0.112767,
          -0.733069,
          0.670741,
          1.353958
        ],
        [
          0.050591,
          -0.678407,
          -0.732942,
          1.43181
        ],
        [
          0.0,
          0.0,
          0.0,
          1.0
        ]
      ]
    },
    {
      "file_path": "/media/NFS/ttao/scannet/posed_images/scene0700_01/00723.jpg",
      "transform_matrix": [
        [
          0.993422,
          -0.022077,
          0.112365,
          1.609519
        ],
        [
          -0.085568,
          -0.795206,
          0.600271,
          1.298877
        ],
        [
          0.076101,
          -0.605937,
          -0.791864,
          1.35588
        ],
        [
          0.0,
          0.0,
          0.0,
          1.0
        ]
      ]
    },
    {
      "file_path": "/media/NFS/ttao/scannet/posed_images/scene0700_01/00732.jpg",
      "transform_matrix": [
        [
          0.975495,
          -0.068914,
          0.208954,
          1.504745
        ],
        [
          -0.191079,
          -0.736184,
          0.649247,
          1.332071
        ],
        [
          0.109087,
          -0.673264,
          -0.731312,
          1.359989
        ],
        [
          0.0,
          0.0,
          0.0,
          1.0
        ]
      ]
    },
    {
      "file_path": "/media/NFS/ttao/scannet/posed_images/scene0700_01/00748.jpg",
      "transform_matrix": [
        [
          0.904206,
          -0.277764,
          0.324437,
          1.20909
        ],
        [
          -0.424448,
          -0.668885,
          0.610277,
          1.383504
        ],
        [
          0.047498,
          -0.689522,
          -0.722705,
          1.334335
        ],
        [
          0.0,
          0.0,
          0.0,
          1.0
        ]
      ]
    },
    {
      "file_path": "/media/NFS/ttao/scannet/posed_images/scene0700_01/00765.jpg",
      "transform_matrix": [
        [
          0.823737,
          -0.393465,
          0.40822,
          1.164065
        ],
        [
          -0.566886,
          -0.584183,
          0.580837,
          1.350609
        ],
        [
          0.009936,
          -0.709871,
          -0.704262,
          1.296459
        ],
        [
          0.0,
          0.0,
          0.0,
          1.0
        ]
      ]
    },
    {
      "file_path": "/media/NFS/ttao/scannet/posed_images/scene0700_01/00773.jpg",
      "transform_matrix": [
        [
          0.814602,
          -0.397438,
          0.422454,
          1.167557
        ],
        [
          -0.579951,
          -0.546785,
          0.60389,
          1.336216
        ],
        [
          -0.009018,
          -0.736932,
          -0.675907,
          1.274115
        ],
        [
          0.0,
          0.0,
          0.0,
          1.0
        ]
      ]
    },
    {
      "file_path": "/media/NFS/ttao/scannet/posed_images/scene0700_01/00789.jpg",
      "transform_matrix": [
        [
          0.784372,
          -0.402631,
          0.471857,
          1.215284
        ],
        [
          -0.620267,
          -0.515802,
          0.590946,
          1.327021
        ],
        [
          0.005452,
          -0.756199,
          -0.65432,
          1.281239
        ],
        [
          0.0,
          0.0,
          0.0,
          1.0
        ]
      ]
    },
    {
      "file_path": "/media/NFS/ttao/scannet/posed_images/scene0700_01/00806.jpg",
      "transform_matrix": [
        [
          0.866751,
          -0.357419,
          0.347842,
          1.301376
        ],
        [
          -0.497666,
          -0.665577,
          0.556179,
          1.352808
        ],
        [
          0.032727,
          -0.655178,
          -0.754765,
          1.341586
        ],
        [
          0.0,
          0.0,
          0.0,
          1.0
        ]
      ]
    },
    {
      "file_path": "/media/NFS/ttao/scannet/posed_images/scene0700_01/00814.jpg",
      "transform_matrix": [
        [
          0.909399,
          -0.26709,
          0.318835,
          1.391984
        ],
        [
          -0.413363,
          -0.665327,
          0.621668,
          1.36487
        ],
        [
          0.046088,
          -0.697139,
          -0.715453,
          1.411718
        ],
        [
          0.0,
          0.0,
          0.0,
          1.0
        ]
      ]
    },
    {
      "file_path": "/media/NFS/ttao/scannet/posed_images/scene0700_01/00831.jpg",
      "transform_matrix": [
        [
          0.881894,
          -0.250101,
          0.39964,
          1.585954
        ],
        [
          -0.463048,
          -0.618802,
          0.634563,
          1.383381
        ],
        [
          0.088594,
          -0.74467,
          -0.661527,
          1.430653
        ],
        [
          0.0,
          0.0,
          0.0,
          1.0
        ]
      ]
    },
    {
      "file_path": "/media/NFS/ttao/scannet/posed_images/scene0700_01/00847.jpg",
      "transform_matrix": [
        [
          0.877439,
          -0.252312,
          0.40797,
          1.724486
        ],
        [
          -0.465917,
          -0.650596,
          0.599705,
          1.423101
        ],
        [
          0.114111,
          -0.716285,
          -0.688415,
          1.434392
        ],
        [
          0.0,
          0.0,
          0.0,
          1.0
        ]
      ]
    },
    {
      "file_path": "/media/NFS/ttao/scannet/posed_images/scene0700_01/00851.jpg",
      "transform_matrix": [
        [
          0.911704,
          -0.198422,
          0.359756,
          1.76933
        ],
        [
          -0.396683,
          -0.65308,
          0.645081,
          1.396875
        ],
        [
          0.106951,
          -0.730832,
          -0.674126,
          1.436967
        ],
        [
          0.0,
          0.0,
          0.0,
          1.0
        ]
      ]
    },
    {
      "file_path": "/media/NFS/ttao/scannet/posed_images/scene0700_01/00872.jpg",
      "transform_matrix": [
        [
          0.979011,
          -0.109084,
          0.172159,
          1.930747
        ],
        [
          -0.201416,
          -0.646907,
          0.735489,
          1.243397
        ],
        [
          0.031141,
          -0.754727,
          -0.6553,
          1.392865
        ],
        [
          0.0,
          0.0,
          0.0,
          1.0
        ]
      ]
    },
    {
      "file_path": "/media/NFS/ttao/scannet/posed_images/scene0700_01/00880.jpg",
      "transform_matrix": [
        [
          0.975362,
          -0.107447,
          0.19268,
          1.938891
        ],
        [
          -0.215761,
          -0.646758,
          0.73154,
          1.232934
        ],
        [
          0.046016,
          -0.755089,
          -0.654006,
          1.286542
        ],
        [
          0.0,
          0.0,
          0.0,
          1.0
        ]
      ]
    },
    {
      "file_path": "/media/NFS/ttao/scannet/posed_images/scene0700_01/00893.jpg",
      "transform_matrix": [
        [
          0.973553,
          -0.14545,
          0.176182,
          1.929693
        ],
        [
          -0.22454,
          -0.751465,
          0.620389,
          1.259295
        ],
        [
          0.04216,
          -0.643541,
          -0.76425,
          1.047633
        ],
        [
          0.0,
          0.0,
          0.0,
          1.0
        ]
      ]
    },
    {
      "file_path": "/media/NFS/ttao/scannet/posed_images/scene0700_01/00909.jpg",
      "transform_matrix": [
        [
          0.956006,
          -0.21231,
          0.202427,
          1.947504
        ],
        [
          -0.293327,
          -0.69989,
          0.65124,
          1.255664
        ],
        [
          0.003412,
          -0.681966,
          -0.731376,
          0.988548
        ],
        [
          0.0,
          0.0,
          0.0,
          1.0
        ]
      ]
    },
    {
      "file_path": "/media/NFS/ttao/scannet/posed_images/scene0700_01/00926.jpg",
      "transform_matrix": [
        [
          0.937987,
          -0.251099,
          0.239021,
          1.935634
        ],
        [
          -0.339396,
          -0.524626,
          0.780755,
          1.213733
        ],
        [
          -0.07065,
          -0.81346,
          -0.577314,
          0.932832
        ],
        [
          0.0,
          0.0,
          0.0,
          1.0
        ]
      ]
    },
    {
      "file_path": "/media/NFS/ttao/scannet/posed_images/scene0700_01/00942.jpg",
      "transform_matrix": [
        [
          0.931045,
          -0.207618,
          0.300086,
          1.910588
        ],
        [
          -0.3644,
          -0.485726,
          0.794533,
          1.207289
        ],
        [
          -0.0192,
          -0.849097,
          -0.527888,
          0.796846
        ],
        [
          0.0,
          0.0,
          0.0,
          1.0
        ]
      ]
    },
    {
      "file_path": "/media/NFS/ttao/scannet/posed_images/scene0700_01/00959.jpg",
      "transform_matrix": [
        [
          0.915903,
          -0.209634,
          0.342308,
          1.895868
        ],
        [
          -0.401379,
          -0.486853,
          0.775803,
          1.202245
        ],
        [
          0.004019,
          -0.847955,
          -0.530053,
          0.791605
        ],
        [
          0.0,
          0.0,
          0.0,
          1.0
        ]
      ]
    },
    {
      "file_path": "/media/NFS/ttao/scannet/posed_images/scene0700_01/00963.jpg",
      "transform_matrix": [
        [
          0.907347,
          -0.21914,
          0.358748,
          1.920858
        ],
        [
          -0.420294,
          -0.490511,
          0.763382,
          1.20088
        ],
        [
          0.008682,
          -0.843432,
          -0.537166,
          0.809206
        ],
        [
          0.0,
          0.0,
          0.0,
          1.0
        ]
      ]
    },
    {
      "file_path": "/media/NFS/ttao/scannet/posed_images/scene0700_01/00984.jpg",
      "transform_matrix": [
        [
          0.892617,
          -0.269653,
          0.361279,
          2.050887
        ],
        [
          -0.450415,
          -0.49965,
          0.739916,
          1.188818
        ],
        [
          -0.019007,
          -0.823187,
          -0.567452,
          1.022264
        ],
        [
          0.0,
          0.0,
          0.0,
          1.0
        ]
      ]
    },
    {
      "file_path": "/media/NFS/ttao/scannet/posed_images/scene0700_01/00988.jpg",
      "transform_matrix": [
        [
          0.883623,
          -0.281673,
          0.373994,
          2.070771
        ],
        [
          -0.467657,
          -0.492551,
          0.733955,
          1.180015
        ],
        [
          -0.022524,
          -0.82344,
          -0.566956,
          1.064146
        ],
        [
          0.0,
          0.0,
          0.0,
          1.0
        ]
      ]
    },
    {
      "file_path": "/media/NFS/ttao/scannet/posed_images/scene0700_01/01004.jpg",
      "transform_matrix": [
        [
          0.875506,
          -0.316634,
          0.36501,
          2.123575
        ],
        [
          -0.481651,
          -0.63243,
          0.606667,
          1.166331
        ],
        [
          0.038751,
          -0.706948,
          -0.706203,
          1.153879
        ],
        [
          0.0,
          0.0,
          0.0,
          1.0
        ]
      ]
    },
    {
      "file_path": "/media/NFS/ttao/scannet/posed_images/scene0700_01/01025.jpg",
      "transform_matrix": [
        [
          0.905601,
          -0.261656,
          0.333801,
          2.249286
        ],
        [
          -0.413985,
          -0.716429,
          0.561557,
          1.266356
        ],
        [
          0.09221,
          -0.646735,
          -0.75712,
          1.232489
        ],
        [
          0.0,
          0.0,
          0.0,
          1.0
        ]
      ]
    },
    {
      "file_path": "/media/NFS/ttao/scannet/posed_images/scene0700_01/01042.jpg",
      "transform_matrix": [
        [
          0.950748,
          -0.143004,
          0.275005,
          2.361781
        ],
        [
          -0.292658,
          -0.706452,
          0.644419,
          1.308026
        ],
        [
          0.102124,
          -0.693163,
          -0.71351,
          1.360221
        ],
        [
          0.0,
          0.0,
          0.0,
          1.0
        ]
      ]
    },
    {
      "file_path": "/media/NFS/ttao/scannet/posed_images/scene0700_01/01046.jpg",
      "transform_matrix": [
        [
          0.974949,
          -0.06921,
          0.211386,
          2.380156
        ],
        [
          -0.200866,
          -0.682143,
          0.703089,
          1.295424
        ],
        [
          0.095535,
          -0.727936,
          -0.678957,
          1.392131
        ],
        [
          0.0,
          0.0,
          0.0,
          1.0
        ]
      ]
    },
    {
      "file_path": "/media/NFS/ttao/scannet/posed_images/scene0700_01/01066.jpg",
      "transform_matrix": [
        [
          0.995004,
          0.069567,
          0.07161,
          2.374567
        ],
        [
          -0.015033,
          -0.604692,
          0.796318,
          1.22825
        ],
        [
          0.0987,
          -0.793416,
          -0.600625,
          1.439374
        ],
        [
          0.0,
