{
  "frames": [
    {
      "file_path": "/media/NFS/ttao/scannet/posed_images/scene0659_00/00000.jpg",
      "transform_matrix": [
        [
          -0.845607,
          -0.037294,
          -0.532502,
          1.682562
        ],
        [
          0.528442,
          0.08258,
          -0.844944,
          1.99165
        ],
        [
          0.075485,
          -0.995886,
          -0.050122,
          1.506334
        ],
        [
          0.0,
          0.0,
          0.0,
          1.0
        ]
      ]
    },
    {
      "file_path": "/media/NFS/ttao/scannet/posed_images/scene0659_00/00005.jpg",
      "transform_matrix": [
        [
          -0.844411,
          -0.029777,
          -0.534867,
          1.675144
        ],
        [
          0.531397,
          0.07968,
          -0.843368,
          1.993566
        ],
        [
          0.067731,
          -0.996376,
          -0.051459,
          1.504398
        ],
        [
          0.0,
          0.0,
          0.0,
          1.0
        ]
      ]
    },
    {
      "file_path": "/media/NFS/ttao/scannet/posed_images/scene0659_00/00010.jpg",
      "transform_matrix": [
        [
          -0.844782,
          -0.036476,
          -0.533866,
          1.673301
        ],
        [
          0.531524,
          0.058126,
          -0.845047,
          2.001861
        ],
        [
          0.061855,
          -0.997643,
          -0.029716,
          1.498257
        ],
        [
          0.0,
          0.0,
          0.0,
          1.0
        ]
      ]
    },
    {
      "file_path": "/media/NFS/ttao/scannet/posed_images/scene0659_00/00015.jpg",
      "transform_matrix": [
        [
          -0.846787,
          -0.04868,
          -0.529699,
          1.67296
        ],
        [
          0.528826,
          0.030406,
          -0.848186,
          2.005636
        ],
        [
          0.057395,
          -0.998352,
          -4e-06,
          1.504163
        ],
        [
          0.0,
          0.0,
          0.0,
          1.0
        ]
      ]
    },
    {
      "file_path": "/media/NFS/ttao/scannet/posed_images/scene0659_00/00023.jpg",
      "transform_matrix": [
        [
          -0.850454,
          -0.074268,
          -0.52078,
          1.682725
        ],
        [
          0.523876,
          -0.029694,
          -0.851277,
          2.008978
        ],
        [
          0.047759,
          -0.996796,
          0.064161,
          1.516379
        ],
        [
          0.0,
          0.0,
          0.0,
          1.0
        ]
      ]
    },
    {
      "file_path": "/media/NFS/ttao/scannet/posed_images/scene0659_00/00029.jpg",
      "transform_matrix": [
        [
          -0.85746,
          -0.097402,
          -0.505248,
          1.68499
        ],
        [
          0.513398,
          -0.096245,
          -0.852736,
          2.014372
        ],
        [
          0.034431,
          -0.99058,
          0.132533,
          1.527517
        ],
        [
          0.0,
          0.0,
          0.0,
          1.0
        ]
      ]
    },
    {
      "file_path": "/media/NFS/ttao/scannet/posed_images/scene0659_00/00036.jpg",
      "transform_matrix": [
        [
          -0.859289,
          -0.121637,
          -0.496816,
          1.680425
        ],
        [
          0.510757,
          -0.152052,
          -0.846173,
          2.029994
        ],
        [
          0.027384,
          -0.980859,
          0.192784,
          1.54337
        ],
        [
          0.0,
          0.0,
          0.0,
          1.0
        ]
      ]
    },
    {
      "file_path": "/media/NFS/ttao/scannet/posed_images/scene0659_00/00037.jpg",
      "transform_matrix": [
        [
          -0.860023,
          -0.122389,
          -0.49536,
          1.680019
        ],
        [
          0.509566,
          -0.155577,
          -0.846249,
          2.031052
        ],
        [
          0.026505,
          -0.980213,
          0.196165,
          1.545177
        ],
        [
          0.0,
          0.0,
          0.0,
          1.0
        ]
      ]
    },
    {
      "file_path": "/media/NFS/ttao/scannet/posed_images/scene0659_00/00044.jpg",
      "transform_matrix": [
        [
          -0.867034,
          -0.136382,
          -0.479221,
          1.677839
        ],
        [
          0.497826,
          -0.197494,
          -0.844491,
          2.039651
        ],
        [
          0.02053,
          -0.970771,
          0.239128,
          1.546447
        ],
        [
          0.0,
          0.0,
          0.0,
          1.0
        ]
      ]
    },
    {
      "file_path": "/media/NFS/ttao/scannet/posed_images/scene0659_00/00050.jpg",
      "transform_matrix": [
        [
          -0.875042,
          -0.139128,
          -0.463622,
          1.671637
        ],
        [
          0.483882,
          -0.22641,
          -0.845338,
          2.048093
        ],
        [
          0.012642,
          -0.964045,
          0.265439,
          1.551605
        ],
        [
          0.0,
          0.0,
          0.0,
          1.0
        ]
      ]
    },
    {
      "file_path": "/media/NFS/ttao/scannet/posed_images/scene0659_00/00053.jpg",
      "transform_matrix": [
        [
          -0.875511,
          -0.133924,
          -0.464269,
          1.67181
        ],
        [
          0.483042,
          -0.218108,
          -0.847997,
          2.047734
        ],
        [
          0.012307,
          -0.966692,
          0.255646,
          1.558784
        ],
        [
          0.0,
          0.0,
          0.0,
          1.0
        ]
      ]
    },
    {
      "file_path": "/media/NFS/ttao/scannet/posed_images/scene0659_00/00058.jpg",
      "transform_matrix": [
        [
          -0.874572,
          -0.116198,
          -0.470767,
          1.6666
        ],
        [
          0.484498,
          -0.170104,
          -0.858095,
          2.040654
        ],
        [
          0.01963,
          -0.978551,
          0.205066,
          1.559502
        ],
        [
          0.0,
          0.0,
          0.0,
          1.0
        ]
      ]
    },
    {
      "file_path": "/media/NFS/ttao/scannet/posed_images/scene0659_00/00063.jpg",
      "transform_matrix": [
        [
          -0.874035,
          -0.100892,
          -0.475272,
          1.659212
        ],
        [
          0.484737,
          -0.11453,
          -0.867129,
          2.033314
        ],
        [
          0.033053,
          -0.988283,
          0.14901,
          1.54988
        ],
        [
          0.0,
          0.0,
          0.0,
          1.0
        ]
      ]
    },
    {
      "file_path": "/media/NFS/ttao/scannet/posed_images/scene0659_00/00069.jpg",
      "transform_matrix": [
        [
          -0.880306,
          -0.060504,
          -0.470533,
          1.64192
        ],
        [
          0.473294,
          -0.044115,
          -0.879799,
          2.027624
        ],
        [
          0.032473,
          -0.997193,
          0.067471,
          1.54438
        ],
        [
          0.0,
          0.0,
          0.0,
          1.0
        ]
      ]
    },
    {
      "file_path": "/media/NFS/ttao/scannet/posed_images/scene0659_00/00078.jpg",
      "transform_matrix": [
        [
          -0.90466,
          0.021528,
          -0.425591,
          1.607229
        ],
        [
          0.425047,
          0.116929,
          -0.897587,
          2.023114
        ],
        [
          0.03044,
          -0.992907,
          -0.114931,
          1.537206
        ],
        [
          0.0,
          0.0,
          0.0,
          1.0
        ]
      ]
    },
    {
      "file_path": "/media/NFS/ttao/scannet/posed_images/scene0659_00/00081.jpg",
      "transform_matrix": [
        [
          -0.904913,
          0.029622,
          -0.424565,
          1.60536
        ],
        [
          0.42398,
          0.149627,
          -0.893226,
          2.014495
        ],
        [
          0.037068,
          -0.988299,
          -0.147959,
          1.518214
        ],
        [
          0.0,
          0.0,
          0.0,
          1.0
        ]
      ]
    },
    {
      "file_path": "/media/NFS/ttao/scannet/posed_images/scene0659_00/00089.jpg",
      "transform_matrix": [
        [
          -0.901811,
          0.04881,
          -0.429365,
          1.575362
        ],
        [
          0.4292,
          0.216684,
          -0.876832,
          2.019886
        ],
        [
          0.050238,
          -0.975021,
          -0.216357,
          1.518605
        ],
        [
          0.0,
          0.0,
          0.0,
          1.0
        ]
      ]
    },
    {
      "file_path": "/media/NFS/ttao/scannet/posed_images/scene0659_00/00090.jpg",
      "transform_matrix": [
        [
          -0.898901,
          0.0528,
          -0.434958,
          1.584769
        ],
        [
          0.435262,
          0.22143,
          -0.872649,
          2.010299
        ],
        [
          0.050237,
          -0.973746,
          -0.222025,
          1.512939
        ],
        [
          0.0,
          0.0,
          0.0,
          1.0
        ]
      ]
    },
    {
      "file_path": "/media/NFS/ttao/scannet/posed_images/scene0659_00/00100.jpg",
      "transform_matrix": [
        [
          -0.911498,
          0.071112,
          -0.40511,
          1.577364
        ],
        [
          0.40726,
          0.293823,
          -0.864759,
          2.006682
        ],
        [
          0.057536,
          -0.953211,
          -0.29678,
          1.505494
        ],
        [
          0.0,
          0.0,
          0.0,
          1.0
        ]
      ]
    },
    {
      "file_path": "/media/NFS/ttao/scannet/posed_images/scene0659_00/00102.jpg",
      "transform_matrix": [
        [
          -0.912134,
          0.074899,
          -0.40299,
          1.575403
        ],
        [
          0.406027,
          0.299781,
          -0.863292,
          2.006834
        ],
        [
          0.05615,
          -0.951063,
          -0.303852,
          1.504757
        ],
        [
          0.0,
          0.0,
          0.0,
          1.0
        ]
      ]
    },
    {
      "file_path": "/media/NFS/ttao/scannet/posed_images/scene0659_00/00107.jpg",
      "transform_matrix": [
        [
          -0.914297,
          0.086701,
          -0.395656,
          1.57172
        ],
        [
          0.401818,
          0.317195,
          -0.859028,
          2.007495
        ],
        [
          0.051021,
          -0.944389,
          -0.324848,
          1.498425
        ],
        [
          0.0,
          0.0,
          0.0,
          1.0
        ]
      ]
    },
    {
      "file_path": "/media/NFS/ttao/scannet/posed_images/scene0659_00/00111.jpg",
      "transform_matrix": [
        [
          -0.916017,
          0.096894,
          -0.38926,
          1.5671
        ],
        [
          0.397934,
          0.341915,
          -0.851318,
          1.998782
        ],
        [
          0.050606,
          -0.934722,
          -0.351758,
          1.496644
        ],
        [
          0.0,
          0.0,
          0.0,
          1.0
        ]
      ]
    },
    {
      "file_path": "/media/NFS/ttao/scannet/posed_images/scene0659_00/00118.jpg",
      "transform_matrix": [
        [
          -0.922893,
          0.113475,
          -0.367957,
          1.557423
        ],
        [
          0.382228,
          0.3856,
          -0.83977,
          1.991876
        ],
        [
          0.046591,
          -0.915662,
          -0.39924,
          1.483156
        ],
        [
          0.0,
          0.0,
          0.0,
          1.0
        ]
      ]
    },
    {
      "file_path": "/media/NFS/ttao/scannet/posed_images/scene0659_00/00126.jpg",
      "transform_matrix": [
        [
          -0.938929,
          0.126341,
          -0.320078,
          1.541722
        ],
        [
          0.341638,
          0.453556,
          -0.823147,
          1.970761
        ],
        [
          0.041175,
          -0.882227,
          -0.46902,
          1.476595
        ],
        [
          0.0,
          0.0,
          0.0,
          1.0
        ]
      ]
    },
    {
      "file_path": "/media/NFS/ttao/scannet/posed_images/scene0659_00/00132.jpg",
      "transform_matrix": [
        [
          -0.944962,
          0.128228,
          -0.301006,
          1.52541
        ],
        [
          0.323458,
          0.504509,
          -0.800528,
          1.959329
        ],
        [
          0.04921,
          -0.853832,
          -0.518218,
          1.475304
        ],
        [
          0.0,
          0.0,
          0.0,
          1.0
        ]
      ]
    },
    {
      "file_path": "/media/NFS/ttao/scannet/posed_images/scene0659_00/00134.jpg",
      "transform_matrix": [
        [
          -0.94731,
          0.127187,
          -0.293986,
          1.518878
        ],
        [
          0.316423,
          0.514279,
          -0.797116,
          1.957582
        ],
        [
          0.049808,
          -0.848139,
          -0.527427,
          1.47214
        ],
        [
          0.0,
          0.0,
          0.0,
          1.0
        ]
      ]
    },
    {
      "file_path": "/media/NFS/ttao/scannet/posed_images/scene0659_00/00142.jpg",
      "transform_matrix": [
        [
          -0.962598,
          0.120963,
          -0.242432,
          1.499693
        ],
        [
          0.267055,
          0.574495,
          -0.773716,
          1.956806
        ],
        [
          0.045685,
          -0.80952,
          -0.585312,
          1.455568
        ],
        [
          0.0,
          0.0,
          0.0,
          1.0
        ]
      ]
    },
    {
      "file_path": "/media/NFS/ttao/scannet/posed_images/scene0659_00/00149.jpg",
      "transform_matrix": [
        [
          -0.968943,
          0.12522,
          -0.213235,
          1.494208
        ],
        [
          0.243537,
          0.632766,
          -0.735049,
          1.949872
        ],
        [
          0.042885,
          -0.764151,
          -0.64361,
          1.438499
        ],
        [
          0.0,
          0.0,
          0.0,
          1.0
        ]
      ]
    },
    {
      "file_path": "/media/NFS/ttao/scannet/posed_images/scene0659_00/00153.jpg",
      "transform_matrix": [
        [
          -0.968141,
          0.130286,
          -0.213843,
          1.489727
        ],
        [
          0.246245,
          0.650392,
          -0.718578,
          1.93118
        ],
        [
          0.045461,
          -0.748342,
          -0.661753,
          1.437316
        ],
        [
          0.0,
          0.0,
          0.0,
          1.0
        ]
      ]
    },
    {
      "file_path": "/media/NFS/ttao/scannet/posed_images/scene0659_00/00158.jpg",
      "transform_matrix": [
        [
          -0.966729,
          0.131005,
          -0.219711,
          1.496407
        ],
        [
          0.250261,
          0.662198,
          -0.706303,
          1.917298
        ],
        [
          0.052963,
          -0.737788,
          -0.672951,
          1.431327
        ],
        [
          0.0,
          0.0,
          0.0,
          1.0
        ]
      ]
    },
    {
      "file_path": "/media/NFS/ttao/scannet/posed_images/scene0659_00/00163.jpg",
      "transform_matrix": [
        [
          -0.96707,
          0.130099,
          -0.218749,
          1.504938
        ],
        [
          0.248019,
          0.674632,
          -0.695239,
          1.909777
        ],
        [
          0.057125,
          -0.726598,
          -0.684683,
          1.420577
        ],
        [
          0.0,
          0.0,
          0.0,
          1.0
        ]
      ]
    },
    {
      "file_path": "/media/NFS/ttao/scannet/posed_images/scene0659_00/00166.jpg",
      "transform_matrix": [
        [
          -0.967106,
          0.129904,
          -0.218704,
          1.50967
        ],
        [
          0.246779,
          0.687677,
          -0.682789,
          1.907218
        ],
        [
          0.061701,
          -0.714301,
          -0.697114,
          1.413472
        ],
        [
          0.0,
          0.0,
          0.0,
          1.0
        ]
      ]
    },
    {
      "file_path": "/media/NFS/ttao/scannet/posed_images/scene0659_00/00174.jpg",
      "transform_matrix": [
        [
          -0.970527,
          0.131234,
          -0.202124,
          1.515461
        ],
        [
          0.232082,
          0.734911,
          -0.637216,
          1.887206
        ],
        [
          0.064919,
          -0.665345,
          -0.743708,
          1.396981
        ],
        [
          0.0,
          0.0,
          0.0,
          1.0
        ]
      ]
    },
    {
      "file_path": "/media/NFS/ttao/scannet/posed_images/scene0659_00/00176.jpg",
      "transform_matrix": [
        [
          -0.970391,
          0.131779,
          -0.202426,
          1.517051
        ],
        [
          0.232075,
          0.740989,
          -0.63014,
          1.881913
        ],
        [
          0.066956,
          -0.65846,
          -0.749631,
          1.391697
        ],
        [
          0.0,
          0.0,
          0.0,
          1.0
        ]
      ]
    },
    {
      "file_path": "/media/NFS/ttao/scannet/posed_images/scene0659_00/00182.jpg",
      "transform_matrix": [
        [
          -0.970017,
          0.136739,
          -0.200919,
          1.523766
        ],
        [
          0.232283,
          0.764791,
          -0.600948,
          1.861453
        ],
        [
          0.071488,
          -0.6296,
          -0.773623,
          1.376323
        ],
        [
          0.0,
          0.0,
          0.0,
          1.0
        ]
      ]
    },
    {
      "file_path": "/media/NFS/ttao/scannet/posed_images/scene0659_00/00187.jpg",
      "transform_matrix": [
        [
          -0.968128,
          0.148684,
          -0.201547,
          1.528303
        ],
        [
          0.240064,
          0.780282,
          -0.577519,
          1.840501
        ],
        [
          0.071395,
          -0.607497,
          -0.791107,
          1.363379
        ],
        [
          0.0,
          0.0,
          0.0,
          1.0
        ]
      ]
    },
    {
      "file_path": "/media/NFS/ttao/scannet/posed_images/scene0659_00/00194.jpg",
      "transform_matrix": [
        [
          -0.96557,
          0.177867,
          -0.189837,
          1.531366
        ],
        [
          0.251824,
          0.822152,
          -0.510539,
          1.800324
        ],
        [
          0.065266,
          -0.540766,
          -0.838637,
          1.336368
        ],
        [
          0.0,
          0.0,
          0.0,
          1.0
        ]
      ]
    },
    {
      "file_path": "/media/NFS/ttao/scannet/posed_images/scene0659_00/00200.jpg",
      "transform_matrix": [
        [
          -0.962006,
          0.197822,
          -0.188176,
          1.526123
        ],
        [
          0.264881,
          0.84333,
          -0.467582,
          1.765391
        ],
        [
          0.066196,
          -0.49966,
          -0.863688,
          1.323993
        ],
        [
          0.0,
          0.0,
          0.0,
          1.0
        ]
      ]
    },
    {
      "file_path": "/media/NFS/ttao/scannet/posed_images/scene0659_00/00203.jpg",
      "transform_matrix": [
        [
          -0.962008,
          0.196079,
          -0.189983,
          1.522814
        ],
        [
          0.264026,
          0.845279,
          -0.464536,
          1.754323
        ],
        [
          0.069503,
          -0.497048,
          -0.864935,
          1.322093
        ],
        [
          0.0,
          0.0,
          0.0,
          1.0
        ]
      ]
    },
    {
      "file_path": "/media/NFS/ttao/scannet/posed_images/scene0659_00/00208.jpg",
      "transform_matrix": [
        [
          -0.962903,
          0.188612,
          -0.192986,
          1.514098
        ],
        [
          0.258987,
          0.846796,
          -0.46461,
          1.738524
        ],
        [
          0.075789,
          -0.497355,
          -0.86423,
          1.323684
        ],
        [
          0.0,
          0.0,
          0.0,
          1.0
        ]
      ]
    },
    {
      "file_path": "/media/NFS/ttao/scannet/posed_images/scene0659_00/00218.jpg",
      "transform_matrix": [
        [
          -0.969745,
          0.145031,
          -0.196367,
          1.488558
        ],
        [
          0.229585,
          0.815229,
          -0.531688,
          1.714083
        ],
        [
          0.082973,
          -0.560685,
          -0.823861,
          1.346045
        ],
        [
          0.0,
          0.0,
          0.0,
          1.0
        ]
      ]
    },
    {
      "file_path": "/media/NFS/ttao/scannet/posed_images/scene0659_00/00223.jpg",
      "transform_matrix": [
        [
          -0.971931,
          0.134363,
          -0.193124,
          1.474698
        ],
        [
          0.22139,
          0.800089,
          -0.557534,
          1.705846
        ],
        [
          0.079604,
          -0.58464,
          -0.807378,
          1.344118
        ],
        [
          0.0,
          0.0,
          0.0,
          1.0
        ]
      ]
    },
    {
      "file_path": "/media/NFS/ttao/scannet/posed_images/scene0659_00/00226.jpg",
      "transform_matrix": [
        [
          -0.972033,
          0.135824,
          -0.191581,
          1.465592
        ],
        [
          0.222335,
          0.794933,
          -0.56449,
          1.697026
        ],
        [
          0.075623,
          -0.591298,
          -0.802899,
          1.343522
        ],
        [
          0.0,
          0.0,
          0.0,
          1.0
        ]
      ]
    },
    {
      "file_path": "/media/NFS/ttao/scannet/posed_images/scene0659_00/00233.jpg",
      "transform_matrix": [
        [
          -0.95818,
          0.17065,
          -0.229715,
          1.45192
        ],
        [
          0.274968,
          0.77139,
          -0.57389,
          1.672381
        ],
        [
          0.079265,
          -0.613055,
          -0.786054,
          1.338446
        ],
        [
          0.0,
          0.0,
          0.0,
          1.0
        ]
      ]
    },
    {
      "file_path": "/media/NFS/ttao/scannet/posed_images/scene0659_00/00239.jpg",
      "transform_matrix": [
        [
          -0.94011,
          0.206615,
          -0.271116,
          1.452871
        ],
        [
          0.33153,
          0.739149,
          -0.586299,
          1.636933
        ],
        [
          0.079257,
          -0.641069,
          -0.76338,
          1.342653
        ],
        [
          0.0,
          0.0,
          0.0,
          1.0
        ]
      ]
    },
    {
      "file_path": "/media/NFS/ttao/scannet/posed_images/scene0659_00/00241.jpg",
      "transform_matrix": [
        [
          -0.934241,
          0.21687,
          -0.283129,
          1.456996
        ],
        [
          0.348292,
          0.725591,
          -0.593473,
          1.624609
        ],
        [
          0.07673,
          -0.653058,
          -0.753411,
          1.342419
        ],
        [
          0.0,
          0.0,
          0.0,
          1.0
        ]
      ]
    },
    {
      "file_path": "/media/NFS/ttao/scannet/posed_images/scene0659_00/00247.jpg",
      "transform_matrix": [
        [
          -0.893995,
          0.272163,
          -0.355949,
          1.46748
        ],
        [
          0.441568,
          0.670039,
          -0.596713,
          1.576266
        ],
        [
          0.076096,
          -0.690634,
          -0.71919,
          1.344393
        ],
        [
          0.0,
          0.0,
          0.0,
          1.0
        ]
      ]
    },
    {
      "file_path": "/media/NFS/ttao/scannet/posed_images/scene0659_00/00255.jpg",
      "transform_matrix": [
        [
          -0.802909,
          0.362754,
          -0.473019,
          1.464515
        ],
        [
          0.588538,
          0.608415,
          -0.532404,
          1.527246
        ],
        [
          0.09466,
          -0.705862,
          -0.701996,
          1.327357
        ],
        [
          0.0,
          0.0,
          0.0,
          1.0
        ]
      ]
    },
    {
      "file_path": "/media/NFS/ttao/scannet/posed_images/scene0659_00/00262.jpg",
      "transform_matrix": [
        [
          -0.73437,
          0.398626,
          -0.549361,
          1.458101
        ],
        [
          0.670803,
          0.549723,
          -0.497822,
          1.495239
        ],
        [
          0.103552,
          -0.734099,
          -0.6711,
          1.327659
        ],
        [
          0.0,
          0.0,
          0.0,
          1.0
        ]
      ]
    },
    {
      "file_path": "/media/NFS/ttao/scannet/posed_images/scene0659_00/00263.jpg",
      "transform_matrix": [
        [
          -0.727552,
          0.404762,
          -0.553928,
          1.454676
        ],
        [
          0.678241,
          0.545857,
          -0.491965,
          1.492573
        ],
        [
          0.103237,
          -0.733627,
          -0.671665,
          1.327167
        ],
        [
          0.0,
          0.0,
          0.0,
          1.0
        ]
      ]
    },
    {
      "file_path": "/media/NFS/ttao/scannet/posed_images/scene0659_00/00268.jpg",
      "transform_matrix": [
        [
          -0.697761,
          0.41726,
          -0.582257,
          1.443212
        ],
        [
          0.708645,
          0.520829,
          -0.475982,
          1.481034
        ],
        [
          0.104648,
          -0.744736,
          -0.659103,
          1.331595
        ],
        [
          0.0,
          0.0,
          0.0,
          1.0
        ]
      ]
    },
    {
      "file_path": "/media/NFS/ttao/scannet/posed_images/scene0659_00/00278.jpg",
      "transform_matrix": [
        [
          -0.616868,
          0.462819,
          -0.63661,
          1.418632
        ],
        [
          0.780402,
          0.464701,
          -0.41836,
          1.455542
        ],
        [
          0.102208,
          -0.754885,
          -0.647844,
          1.343266
        ],
        [
          0.0,
          0.0,
          0.0,
          1.0
        ]
      ]
    },
    {
      "file_path": "/media/NFS/ttao/scannet/posed_images/scene0659_00/00279.jpg",
      "transform_matrix": [
        [
          -0.606704,
          0.469177,
          -0.641703,
          1.416667
        ],
        [
          0.788568,
          0.457128,
          -0.411333,
          1.452848
        ],
        [
          0.100352,
          -0.755584,
          -0.647319,
          1.342523
        ],
        [
          0.0,
          0.0,
          0.0,
          1.0
        ]
      ]
    },
    {
      "file_path": "/media/NFS/ttao/scannet/posed_images/scene0659_00/00287.jpg",
      "transform_matrix": [
        [
          -0.50385,
          0.526578,
          -0.684727,
          1.396345
        ],
        [
          0.857299,
          0.401851,
          -0.321798,
          1.419748
        ],
        [
          0.105707,
          -0.749153,
          -0.653908,
          1.338151
        ],
        [
          0.0,
          0.0,
          0.0,
          1.0
        ]
      ]
    },
    {
      "file_path": "/media/NFS/ttao/scannet/posed_images/scene0659_00/00294.jpg",
      "transform_matrix": [
        [
          -0.406606,
          0.557936,
          -0.723449,
          1.376113
        ],
        [
          0.907729,
          0.336372,
          -0.250762,
          1.392377
        ],
        [
          0.103439,
          -0.758657,
          -0.643226,
          1.344378
        ],
        [
          0.0,
          0.0,
          0.0,
          1.0
        ]
      ]
    },
    {
      "file_path": "/media/NFS/ttao/scannet/posed_images/scene0659_00/00299.jpg",
      "transform_matrix": [
        [
          -0.339236,
          0.58037,
          -0.740331,
          1.358008
        ],
        [
          0.934344,
          0.299221,
          -0.193567,
          1.378624
        ],
        [
          0.109182,
          -0.757388,
          -0.643772,
          1.345691
        ],
        [
          0.0,
          0.0,
          0.0,
          1.0
        ]
      ]
    },
    {
      "file_path": "/media/NFS/ttao/scannet/posed_images/scene0659_00/00302.jpg",
      "transform_matrix": [
        [
          -0.309859,
          0.586544,
          -0.7483,
          1.35131
        ],
        [
          0.943572,
          0.286448,
          -0.16619,
          1.372726
        ],
        [
          0.116872,
          -0.757571,
          -0.642205,
          1.342195
        ],
        [
          0.0,
          0.0,
          0.0,
          1.0
        ]
      ]
    },
    {
      "file_path": "/media/NFS/ttao/scannet/posed_images/scene0659_00/00310.jpg",
      "transform_matrix": [
        [
          -0.238071,
          0.599026,
          -0.76452,
          1.330678
        ],
        [
          0.963837,
          0.242763,
          -0.109925,
          1.351591
        ],
        [
          0.119749,
          -0.763043,
          -0.635158,
          1.345609
        ],
        [
          0.0,
          0.0,
          0.0,
          1.0
        ]
      ]
    },
    {
      "file_path": "/media/NFS/ttao/scannet/posed_images/scene0659_00/00313.jpg",
      "transform_matrix": [
        [
          -0.213265,
          0.601803,
          -0.769644,
          1.324104
        ],
        [
          0.969524,
          0.227595,
          -0.090688,
          1.343046
        ],
        [
          0.120591,
          -0.765528,
          -0.632,
          1.34615
        ],
        [
          0.0,
          0.0,
          0.0,
          1.0
        ]
      ]
    },
    {
      "file_path": "/media/NFS/ttao/scannet/posed_images/scene0659_00/00317.jpg",
      "transform_matrix": [
        [
          -0.178134,
          0.606799,
          -0.774637,
          1.315109
        ],
        [
          0.976383,
          0.206799,
          -0.062535,
          1.331582
        ],
        [
          0.122248,
          -0.767482,
          -0.629306,
          1.345816
        ],
        [
          0.0,
          0.0,
          0.0,
          1.0
        ]
      ]
    },
    {
      "file_path": "/media/NFS/ttao/scannet/posed_images/scene0659_00/00323.jpg",
      "transform_matrix": [
        [
          -0.106585,
          0.615019,
          -0.781276,
          1.297118
        ],
        [
          0.987888,
          0.154621,
          -0.013054,
          1.320522
        ],
        [
          0.112773,
          -0.773204,
          -0.62405,
          1.345081
        ],
        [
          0.0,
          0.0,
          0.0,
          1.0
        ]
      ]
    },
    {
      "file_path": "/media/NFS/ttao/scannet/posed_images/scene0659_00/00328.jpg",
      "transform_matrix": [
        [
          -0.04816,
          0.624853,
          -0.779255,
          1.273954
        ],
        [
          0.995391,
          0.094801,
          0.0145,
          1.31649
        ],
        [
          0.082935,
          -0.774965,
          -0.626539,
          1.352756
        ],
        [
          0.0,
          0.0,
          0.0,
          1.0
        ]
      ]
    },
    {
      "file_path": "/media/NFS/ttao/scannet/posed_images/scene0659_00/00334.jpg",
      "transform_matrix": [
        [
          0.002465,
          0.624989,
          -0.78063,
          1.253188
        ],
        [
          0.998203,
          0.045205,
          0.039345,
          1.315762
        ],
        [
          0.059878,
          -0.779324,
          -0.623754,
          1.355253
        ],
        [
          0.0,
          0.0,
          0.0,
          1.0
        ]
      ]
    },
    {
      "file_path": "/media/NFS/ttao/scannet/posed_images/scene0659_00/00341.jpg",
      "transform_matrix": [
        [
          0.031603,
          0.623546,
          -0.781148,
          1.232871
        ],
        [
          0.998588,
          0.013692,
          0.05133,
          1.30289
        ],
        [
          0.042702,
          -0.781667,
          -0.622233,
          1.365688
        ],
        [
          0.0,
          0.0,
          0.0,
          1.0
        ]
      ]
    },
    {
      "file_path": "/media/NFS/ttao/scannet/posed_images/scene0659_00/00346.jpg",
      "transform_matrix": [
        [
          0.09489,
          0.61063,
          -0.78621,
          1.215399
        ],
        [
          0.995069,
          -0.035268,
          0.092706,
          1.279423
        ],
        [
          0.028881,
          -0.79113,
          -0.610965,
          1.368044
        ],
        [
          0.0,
          0.0,
          0.0,
          1.0
        ]
      ]
    },
    {
      "file_path": "/media/NFS/ttao/scannet/posed_images/scene0659_00/00352.jpg",
      "transform_matrix": [
        [
          0.160181,
          0.609164,
          -0.776699,
          1.189657
        ],
        [
          0.987086,
          -0.100206,
          0.124979,
          1.237085
        ],
        [
          -0.001697,
          -0.786688,
          -0.617348,
          1.372102
        ],
        [
          0.0,
          0.0,
          0.0,
          1.0
        ]
      ]
    },
    {
      "file_path": "/media/NFS/ttao/scannet/posed_images/scene0659_00/00359.jpg",
      "transform_matrix": [
        [
          0.232112,
          0.636318,
          -0.735678,
          1.166484
        ],
        [
          0.972686,
          -0.153624,
          0.174015,
          1.201848
        ],
        [
          -0.002289,
          -0.755975,
          -0.654596,
          1.367651
        ],
        [
          0.0,
          0.0,
          0.0,
          1.0
        ]
      ]
    },
    {
      "file_path": "/media/NFS/ttao/scannet/posed_images/scene0659_00/00360.jpg",
      "transform_matrix": [
        [
          0.239025,
          0.638705,
          -0.731384,
          1.16344
        ],
        [
          0.971007,
          -0.159872,
          0.177724,
          1.197719
        ],
        [
          -0.003415,
          -0.75266,
          -0.658401,
          1.368157
        ],
        [
          0.0,
          0.0,
          0.0,
          1.0
        ]
      ]
    },
    {
      "file_path": "/media/NFS/ttao/scannet/posed_images/scene0659_00/00368.jpg",
      "transform_matrix": [
        [
          0.249065,
          0.673243,
          -0.696211,
          1.153098
        ],
        [
          0.968482,
          -0.170832,
          0.181273,
          1.183638
        ],
        [
          0.003106,
          -0.719417,
          -0.694572,
          1.35538
        ],
        [
          0.0,
          0.0,
          0.0,
          1.0
        ]
      ]
    },
    {
      "file_path": "/media/NFS/ttao/scannet/posed_images/scene0659_00/00375.jpg",
      "transform_matrix": [
        [
          0.220641,
          0.65481,
          -0.72287,
          1.15581
        ],
        [
          0.975346,
          -0.144905,
          0.166442,
          1.187236
        ],
        [
          0.004241,
          -0.741773,
          -0.670638,
          1.363073
        ],
        [
          0.0,
          0.0,
          0.0,
          1.0
        ]
      ]
    },
    {
      "file_path": "/media/NFS/ttao/scannet/posed_images/scene0659_00/00376.jpg",
      "transform_matrix": [
        [
          0.220863,
          0.653578,
          -0.723917,
          1.155547
        ],
        [
          0.975291,
          -0.143998,
          0.167549,
          1.187593
        ],
        [
          0.005264,
          -0.743035,
          -0.669232,
          1.363312
        ],
        [
          0.0,
          0.0,
          0.0,
          1.0
        ]
      ]
    },
    {
      "file_path": "/media/NFS/ttao/scannet/posed_images/scene0659_00/00381.jpg",
      "transform_matrix": [
        [
          0.214806,
          0.637493,
          -0.739906,
          1.156559
        ],
        [
          0.976534,
          -0.128172,
          0.173071,
          1.19149
        ],
        [
          0.015497,
          -0.75972,
          -0.650065,
          1.365564
        ],
        [
          0.0,
          0.0,
          0.0,
          1.0
        ]
      ]
    },
    {
      "file_path": "/media/NFS/ttao/scannet/posed_images/scene0659_00/00389.jpg",
      "transform_matrix": [
        [
          0.210287,
          0.625404,
          -0.751432,
          1.15227
        ],
        [
          0.977057,
          -0.107906,
          0.18362,
          1.19754
        ],
        [
          0.033753,
          -0.772804,
          -0.633746,
          1.367369
        ],
        [
          0.0,
          0.0,
          0.0,
          1.0
        ]
      ]
    },
    {
      "file_path": "/media/NFS/ttao/scannet/posed_images/scene0659_00/00394.jpg",
      "transform_matrix": [
        [
          0.204857,
          0.62153,
          -0.756131,
          1.149023
        ],
        [
          0.978025,
          -0.099404,
          0.183266,
          1.199639
        ],
        [
          0.038743,
          -0.777058,
          -0.628236,
          1.369161
        ],
        [
          0.0,
          0.0,
          0.0,
          1.0
        ]
      ]
    },
    {
      "file_path": "/media/NFS/ttao/scannet/posed_images/scene0659_00/00401.jpg",
      "transform_matrix": [
        [
          0.210161,
          0.632268,
          -0.7457,
          1.143077
        ],
        [
          0.976535,
          -0.099064,
          0.191223,
          1.202167
        ],
        [
          0.047032,
          -0.76839,
          -0.638251,
          1.366073
        ],
        [
          0.0,
          0.0,
          0.0,
          1.0
        ]
      ]
    },
    {
      "file_path": "/media/NFS/ttao/scannet/posed_images/scene0659_00/00404.jpg",
      "transform_matrix": [
        [
          0.208436,
          0.63667,
          -0.742432,
          1.141596
        ],
        [
          0.976756,
          -0.096682,
          0.191312,
          1.203894
        ],
        [
          0.050023,
          -0.765052,
          -0.642023,
          1.365764
        ],
        [
          0.0,
          0.0,
          0.0,
          1.0
        ]
      ]
    },
    {
      "file_path": "/media/NFS/ttao/scannet/posed_images/scene0659_00/00412.jpg",
      "transform_matrix": [
        [
          0.210922,
          0.655178,
          -0.725434,
          1.137152
        ],
        [
          0.974739,
          -0.0852,
          0.206459,
          1.208849
        ],
        [
          0.07346,
          -0.750655,
          -0.656598,
          1.361629
        ],
        [
          0.0,
          0.0,
          0.0,
          1.0
        ]
      ]
    },
    {
      "file_path": "/media/NFS/ttao/scannet/posed_images/scene0659_00/00417.jpg",
      "transform_matrix": [
        [
          0.216386,
          0.66205,
          -0.717543,
          1.135196
        ],
        [
          0.973148,
          -0.087177,
          0.213034,
          1.21004
        ],
        [
          0.078486,
          -0.744373,
          -0.663136,
          1.358648
        ],
        [
          0.0,
          0.0,
