{
  "frames": [
    {
      "file_path": "/media/NFS/ttao/scannet/posed_images/scene0644_00/00002.jpg",
      "transform_matrix": [
        [
          -0.531517,
          -0.323397,
          0.782882,
          6.064082
        ],
        [
          -0.846012,
          0.248364,
          -0.471782,
          5.115242
        ],
        [
          -0.041867,
          -0.913088,
          -0.405607,
          1.588111
        ],
        [
          0.0,
          0.0,
          0.0,
          1.0
        ]
      ]
    },
    {
      "file_path": "/media/NFS/ttao/scannet/posed_images/scene0644_00/00006.jpg",
      "transform_matrix": [
        [
          -0.530639,
          -0.321673,
          0.784187,
          6.058792
        ],
        [
          -0.846916,
          0.238344,
          -0.475317,
          5.110221
        ],
        [
          -0.03401,
          -0.916362,
          -0.398905,
          1.595897
        ],
        [
          0.0,
          0.0,
          0.0,
          1.0
        ]
      ]
    },
    {
      "file_path": "/media/NFS/ttao/scannet/posed_images/scene0644_00/00012.jpg",
      "transform_matrix": [
        [
          -0.513079,
          -0.309242,
          0.800699,
          6.060344
        ],
        [
          -0.857717,
          0.220277,
          -0.464542,
          5.096158
        ],
        [
          -0.03272,
          -0.92512,
          -0.378262,
          1.617914
        ],
        [
          0.0,
          0.0,
          0.0,
          1.0
        ]
      ]
    },
    {
      "file_path": "/media/NFS/ttao/scannet/posed_images/scene0644_00/00020.jpg",
      "transform_matrix": [
        [
          -0.488824,
          -0.273879,
          0.828276,
          6.054358
        ],
        [
          -0.872129,
          0.176318,
          -0.456403,
          5.097847
        ],
        [
          -0.021041,
          -0.945464,
          -0.325046,
          1.643833
        ],
        [
          0.0,
          0.0,
          0.0,
          1.0
        ]
      ]
    },
    {
      "file_path": "/media/NFS/ttao/scannet/posed_images/scene0644_00/00030.jpg",
      "transform_matrix": [
        [
          -0.465779,
          -0.223871,
          0.856114,
          6.042359
        ],
        [
          -0.884706,
          0.138102,
          -0.445222,
          5.102479
        ],
        [
          -0.018559,
          -0.964785,
          -0.262385,
          1.674288
        ],
        [
          0.0,
          0.0,
          0.0,
          1.0
        ]
      ]
    },
    {
      "file_path": "/media/NFS/ttao/scannet/posed_images/scene0644_00/00036.jpg",
      "transform_matrix": [
        [
          -0.464087,
          -0.197757,
          0.863433,
          6.037629
        ],
        [
          -0.885714,
          0.116353,
          -0.449414,
          5.102008
        ],
        [
          -0.011589,
          -0.973321,
          -0.229154,
          1.692426
        ],
        [
          0.0,
          0.0,
          0.0,
          1.0
        ]
      ]
    },
    {
      "file_path": "/media/NFS/ttao/scannet/posed_images/scene0644_00/00038.jpg",
      "transform_matrix": [
        [
          -0.46416,
          -0.188832,
          0.865389,
          6.035127
        ],
        [
          -0.885728,
          0.106073,
          -0.451924,
          5.101408
        ],
        [
          -0.006457,
          -0.976264,
          -0.216489,
          1.696216
        ],
        [
          0.0,
          0.0,
          0.0,
          1.0
        ]
      ]
    },
    {
      "file_path": "/media/NFS/ttao/scannet/posed_images/scene0644_00/00046.jpg",
      "transform_matrix": [
        [
          -0.494911,
          -0.15297,
          0.855373,
          6.021714
        ],
        [
          -0.868857,
          0.073186,
          -0.489624,
          5.096372
        ],
        [
          0.012296,
          -0.985517,
          -0.16913,
          1.73282
        ],
        [
          0.0,
          0.0,
          0.0,
          1.0
        ]
      ]
    },
    {
      "file_path": "/media/NFS/ttao/scannet/posed_images/scene0644_00/00056.jpg",
      "transform_matrix": [
        [
          -0.556393,
          -0.129501,
          0.820766,
          5.988437
        ],
        [
          -0.830467,
          0.054083,
          -0.554436,
          5.08643
        ],
        [
          0.02741,
          -0.990103,
          -0.137638,
          1.718881
        ],
        [
          0.0,
          0.0,
          0.0,
          1.0
        ]
      ]
    },
    {
      "file_path": "/media/NFS/ttao/scannet/posed_images/scene0644_00/00064.jpg",
      "transform_matrix": [
        [
          -0.644982,
          -0.122042,
          0.754389,
          5.930649
        ],
        [
          -0.763001,
          0.047632,
          -0.64464,
          5.064785
        ],
        [
          0.04274,
          -0.991381,
          -0.12384,
          1.720672
        ],
        [
          0.0,
          0.0,
          0.0,
          1.0
        ]
      ]
    },
    {
      "file_path": "/media/NFS/ttao/scannet/posed_images/scene0644_00/00066.jpg",
      "transform_matrix": [
        [
          -0.668594,
          -0.121084,
          0.733704,
          5.926182
        ],
        [
          -0.742207,
          0.04769,
          -0.668472,
          5.065254
        ],
        [
          0.045951,
          -0.991496,
          -0.121754,
          1.722689
        ],
        [
          0.0,
          0.0,
          0.0,
          1.0
        ]
      ]
    },
    {
      "file_path": "/media/NFS/ttao/scannet/posed_images/scene0644_00/00072.jpg",
      "transform_matrix": [
        [
          -0.738325,
          -0.118423,
          0.663967,
          5.917812
        ],
        [
          -0.672481,
          0.05418,
          -0.738129,
          5.098918
        ],
        [
          0.051438,
          -0.991484,
          -0.11964,
          1.730724
        ],
        [
          0.0,
          0.0,
          0.0,
          1.0
        ]
      ]
    },
    {
      "file_path": "/media/NFS/ttao/scannet/posed_images/scene0644_00/00078.jpg",
      "transform_matrix": [
        [
          -0.784581,
          -0.096717,
          0.612436,
          5.919553
        ],
        [
          -0.619331,
          0.075478,
          -0.781494,
          5.12038
        ],
        [
          0.029358,
          -0.992446,
          -0.119119,
          1.734082
        ],
        [
          0.0,
          0.0,
          0.0,
          1.0
        ]
      ]
    },
    {
      "file_path": "/media/NFS/ttao/scannet/posed_images/scene0644_00/00090.jpg",
      "transform_matrix": [
        [
          -0.872517,
          -0.092191,
          0.479807,
          5.95479
        ],
        [
          -0.488093,
          0.120473,
          -0.864437,
          5.204541
        ],
        [
          0.02189,
          -0.988427,
          -0.150113,
          1.706337
        ],
        [
          0.0,
          0.0,
          0.0,
          1.0
        ]
      ]
    },
    {
      "file_path": "/media/NFS/ttao/scannet/posed_images/scene0644_00/00094.jpg",
      "transform_matrix": [
        [
          -0.898771,
          -0.088499,
          0.429393,
          5.930859
        ],
        [
          -0.438049,
          0.141083,
          -0.887811,
          5.220197
        ],
        [
          0.01799,
          -0.986034,
          -0.165569,
          1.691992
        ],
        [
          0.0,
          0.0,
          0.0,
          1.0
        ]
      ]
    },
    {
      "file_path": "/media/NFS/ttao/scannet/posed_images/scene0644_00/00098.jpg",
      "transform_matrix": [
        [
          -0.921151,
          -0.089695,
          0.378728,
          5.917786
        ],
        [
          -0.388754,
          0.165247,
          -0.906401,
          5.230337
        ],
        [
          0.018715,
          -0.982165,
          -0.187087,
          1.680952
        ],
        [
          0.0,
          0.0,
          0.0,
          1.0
        ]
      ]
    },
    {
      "file_path": "/media/NFS/ttao/scannet/posed_images/scene0644_00/00110.jpg",
      "transform_matrix": [
        [
          -0.971386,
          -0.055919,
          0.230829,
          5.947726
        ],
        [
          -0.237501,
          0.222075,
          -0.945662,
          5.276224
        ],
        [
          0.001619,
          -0.973425,
          -0.229002,
          1.651053
        ],
        [
          0.0,
          0.0,
          0.0,
          1.0
        ]
      ]
    },
    {
      "file_path": "/media/NFS/ttao/scannet/posed_images/scene0644_00/00114.jpg",
      "transform_matrix": [
        [
          -0.978575,
          -0.049031,
          0.199966,
          5.907633
        ],
        [
          -0.205884,
          0.226476,
          -0.952008,
          5.290265
        ],
        [
          0.00139,
          -0.972782,
          -0.231718,
          1.645584
        ],
        [
          0.0,
          0.0,
          0.0,
          1.0
        ]
      ]
    },
    {
      "file_path": "/media/NFS/ttao/scannet/posed_images/scene0644_00/00118.jpg",
      "transform_matrix": [
        [
          -0.985508,
          -0.048524,
          0.162539,
          5.863938
        ],
        [
          -0.16946,
          0.239058,
          -0.956104,
          5.305807
        ],
        [
          0.007538,
          -0.969792,
          -0.243816,
          1.631629
        ],
        [
          0.0,
          0.0,
          0.0,
          1.0
        ]
      ]
    },
    {
      "file_path": "/media/NFS/ttao/scannet/posed_images/scene0644_00/00130.jpg",
      "transform_matrix": [
        [
          -0.996836,
          -0.046084,
          0.064757,
          5.815681
        ],
        [
          -0.075798,
          0.306052,
          -0.948992,
          5.356714
        ],
        [
          0.023915,
          -0.950899,
          -0.308577,
          1.555041
        ],
        [
          0.0,
          0.0,
          0.0,
          1.0
        ]
      ]
    },
    {
      "file_path": "/media/NFS/ttao/scannet/posed_images/scene0644_00/00132.jpg",
      "transform_matrix": [
        [
          -0.997413,
          -0.038708,
          0.060573,
          5.806004
        ],
        [
          -0.069627,
          0.310677,
          -0.947962,
          5.362146
        ],
        [
          0.017875,
          -0.949727,
          -0.312568,
          1.548719
        ],
        [
          0.0,
          0.0,
          0.0,
          1.0
        ]
      ]
    },
    {
      "file_path": "/media/NFS/ttao/scannet/posed_images/scene0644_00/00138.jpg",
      "transform_matrix": [
        [
          -0.999449,
          -0.004548,
          0.032864,
          5.79453
        ],
        [
          -0.032616,
          0.316058,
          -0.948179,
          5.373959
        ],
        [
          -0.006074,
          -0.948729,
          -0.316033,
          1.522535
        ],
        [
          0.0,
          0.0,
          0.0,
          1.0
        ]
      ]
    },
    {
      "file_path": "/media/NFS/ttao/scannet/posed_images/scene0644_00/00151.jpg",
      "transform_matrix": [
        [
          -0.997611,
          0.009371,
          -0.068437,
          5.853401
        ],
        [
          0.067409,
          0.348413,
          -0.934914,
          5.361945
        ],
        [
          0.015083,
          -0.937294,
          -0.348213,
          1.441088
        ],
        [
          0.0,
          0.0,
          0.0,
          1.0
        ]
      ]
    },
    {
      "file_path": "/media/NFS/ttao/scannet/posed_images/scene0644_00/00153.jpg",
      "transform_matrix": [
        [
          -0.997054,
          0.013673,
          -0.07547,
          5.875887
        ],
        [
          0.075476,
          0.349927,
          -0.933732,
          5.358469
        ],
        [
          0.013642,
          -0.936677,
          -0.349928,
          1.430462
        ],
        [
          0.0,
          0.0,
          0.0,
          1.0
        ]
      ]
    },
    {
      "file_path": "/media/NFS/ttao/scannet/posed_images/scene0644_00/00163.jpg",
      "transform_matrix": [
        [
          -0.991388,
          0.055942,
          -0.118411,
          6.039907
        ],
        [
          0.130438,
          0.341103,
          -0.930932,
          5.338967
        ],
        [
          -0.011688,
          -0.93836,
          -0.345462,
          1.402402
        ],
        [
          0.0,
          0.0,
          0.0,
          1.0
        ]
      ]
    },
    {
      "file_path": "/media/NFS/ttao/scannet/posed_images/scene0644_00/00169.jpg",
      "transform_matrix": [
        [
          -0.98821,
          0.051677,
          -0.144119,
          6.1377
        ],
        [
          0.153065,
          0.354675,
          -0.922376,
          5.332931
        ],
        [
          0.00345,
          -0.933561,
          -0.358403,
          1.383732
        ],
        [
          0.0,
          0.0,
          0.0,
          1.0
        ]
      ]
    },
    {
      "file_path": "/media/NFS/ttao/scannet/posed_images/scene0644_00/00175.jpg",
      "transform_matrix": [
        [
          -0.982266,
          0.04715,
          -0.181464,
          6.231909
        ],
        [
          0.18651,
          0.344534,
          -0.92006,
          5.320977
        ],
        [
          0.01914,
          -0.937589,
          -0.347218,
          1.377739
        ],
        [
          0.0,
          0.0,
          0.0,
          1.0
        ]
      ]
    },
    {
      "file_path": "/media/NFS/ttao/scannet/posed_images/scene0644_00/00181.jpg",
      "transform_matrix": [
        [
          -0.980357,
          0.033981,
          -0.19428,
          6.30085
        ],
        [
          0.193339,
          0.360269,
          -0.912593,
          5.302402
        ],
        [
          0.038982,
          -0.932229,
          -0.359762,
          1.375512
        ],
        [
          0.0,
          0.0,
          0.0,
          1.0
        ]
      ]
    },
    {
      "file_path": "/media/NFS/ttao/scannet/posed_images/scene0644_00/00187.jpg",
      "transform_matrix": [
        [
          -0.975896,
          0.052701,
          -0.211776,
          6.369328
        ],
        [
          0.21662,
          0.351758,
          -0.910682,
          5.259839
        ],
        [
          0.0265,
          -0.934606,
          -0.354695,
          1.365991
        ],
        [
          0.0,
          0.0,
          0.0,
          1.0
        ]
      ]
    },
    {
      "file_path": "/media/NFS/ttao/scannet/posed_images/scene0644_00/00197.jpg",
      "transform_matrix": [
        [
          -0.977798,
          0.093596,
          -0.187483,
          6.503801
        ],
        [
          0.208518,
          0.346003,
          -0.914769,
          5.144658
        ],
        [
          -0.02075,
          -0.933554,
          -0.357837,
          1.366214
        ],
        [
          0.0,
          0.0,
          0.0,
          1.0
        ]
      ]
    },
    {
      "file_path": "/media/NFS/ttao/scannet/posed_images/scene0644_00/00203.jpg",
      "transform_matrix": [
        [
          -0.972993,
          0.098235,
          -0.208888,
          6.585849
        ],
        [
          0.230389,
          0.357091,
          -0.905211,
          5.082079
        ],
        [
          -0.014331,
          -0.92889,
          -0.370079,
          1.366488
        ],
        [
          0.0,
          0.0,
          0.0,
          1.0
        ]
      ]
    },
    {
      "file_path": "/media/NFS/ttao/scannet/posed_images/scene0644_00/00209.jpg",
      "transform_matrix": [
        [
          -0.959819,
          0.134026,
          -0.246544,
          6.647001
        ],
        [
          0.278146,
          0.337978,
          -0.899114,
          5.023236
        ],
        [
          -0.037178,
          -0.931562,
          -0.361677,
          1.375151
        ],
        [
          0.0,
          0.0,
          0.0,
          1.0
        ]
      ]
    },
    {
      "file_path": "/media/NFS/ttao/scannet/posed_images/scene0644_00/00217.jpg",
      "transform_matrix": [
        [
          -0.930874,
          0.145349,
          -0.335182,
          6.742282
        ],
        [
          0.364506,
          0.307547,
          -0.878948,
          4.945148
        ],
        [
          -0.02467,
          -0.940366,
          -0.339268,
          1.378468
        ],
        [
          0.0,
          0.0,
          0.0,
          1.0
        ]
      ]
    },
    {
      "file_path": "/media/NFS/ttao/scannet/posed_images/scene0644_00/00223.jpg",
      "transform_matrix": [
        [
          -0.891283,
          0.171302,
          -0.419845,
          6.829363
        ],
        [
          0.45263,
          0.280535,
          -0.84642,
          4.892618
        ],
        [
          -0.027212,
          -0.944434,
          -0.327573,
          1.378443
        ],
        [
          0.0,
          0.0,
          0.0,
          1.0
        ]
      ]
    },
    {
      "file_path": "/media/NFS/ttao/scannet/posed_images/scene0644_00/00229.jpg",
      "transform_matrix": [
        [
          -0.847676,
          0.200399,
          -0.491209,
          6.912565
        ],
        [
          0.529296,
          0.256752,
          -0.808656,
          4.831612
        ],
        [
          -0.035935,
          -0.945473,
          -0.323713,
          1.385502
        ],
        [
          0.0,
          0.0,
          0.0,
          1.0
        ]
      ]
    },
    {
      "file_path": "/media/NFS/ttao/scannet/posed_images/scene0644_00/00233.jpg",
      "transform_matrix": [
        [
          -0.824049,
          0.212605,
          -0.525112,
          6.948423
        ],
        [
          0.565089,
          0.242661,
          -0.788537,
          4.798445
        ],
        [
          -0.040223,
          -0.946528,
          -0.320105,
          1.388865
        ],
        [
          0.0,
          0.0,
          0.0,
          1.0
        ]
      ]
    },
    {
      "file_path": "/media/NFS/ttao/scannet/posed_images/scene0644_00/00243.jpg",
      "transform_matrix": [
        [
          -0.73964,
          0.228508,
          -0.633022,
          6.970074
        ],
        [
          0.671146,
          0.180624,
          -0.718984,
          4.748085
        ],
        [
          -0.049955,
          -0.95664,
          -0.286959,
          1.404803
        ],
        [
          0.0,
          0.0,
          0.0,
          1.0
        ]
      ]
    },
    {
      "file_path": "/media/NFS/ttao/scannet/posed_images/scene0644_00/00247.jpg",
      "transform_matrix": [
        [
          -0.701388,
          0.229167,
          -0.674935,
          6.957282
        ],
        [
          0.710916,
          0.156492,
          -0.685645,
          4.73614
        ],
        [
          -0.051505,
          -0.960725,
          -0.27268,
          1.404837
        ],
        [
          0.0,
          0.0,
          0.0,
          1.0
        ]
      ]
    },
    {
      "file_path": "/media/NFS/ttao/scannet/posed_images/scene0644_00/00257.jpg",
      "transform_matrix": [
        [
          -0.616493,
          0.236727,
          -0.75093,
          6.872508
        ],
        [
          0.786494,
          0.140436,
          -0.601419,
          4.706577
        ],
        [
          -0.036914,
          -0.961373,
          -0.272762,
          1.405545
        ],
        [
          0.0,
          0.0,
          0.0,
          1.0
        ]
      ]
    },
    {
      "file_path": "/media/NFS/ttao/scannet/posed_images/scene0644_00/00259.jpg",
      "transform_matrix": [
        [
          -0.600432,
          0.242739,
          -0.761944,
          6.855811
        ],
        [
          0.798751,
          0.136236,
          -0.586034,
          4.700799
        ],
        [
          -0.038449,
          -0.960478,
          -0.275689,
          1.407558
        ],
        [
          0.0,
          0.0,
          0.0,
          1.0
        ]
      ]
    },
    {
      "file_path": "/media/NFS/ttao/scannet/posed_images/scene0644_00/00267.jpg",
      "transform_matrix": [
        [
          -0.535598,
          0.258589,
          -0.803907,
          6.761276
        ],
        [
          0.844059,
          0.134109,
          -0.51921,
          4.685789
        ],
        [
          -0.026451,
          -0.956633,
          -0.290093,
          1.412129
        ],
        [
          0.0,
          0.0,
          0.0,
          1.0
        ]
      ]
    },
    {
      "file_path": "/media/NFS/ttao/scannet/posed_images/scene0644_00/00277.jpg",
      "transform_matrix": [
        [
          -0.467036,
          0.296443,
          -0.833066,
          6.629645
        ],
        [
          0.884044,
          0.136779,
          -0.446943,
          4.669025
        ],
        [
          -0.018547,
          -0.945205,
          -0.32595,
          1.402435
        ],
        [
          0.0,
          0.0,
          0.0,
          1.0
        ]
      ]
    },
    {
      "file_path": "/media/NFS/ttao/scannet/posed_images/scene0644_00/00283.jpg",
      "transform_matrix": [
        [
          -0.402772,
          0.312538,
          -0.860288,
          6.558658
        ],
        [
          0.915286,
          0.132344,
          -0.380442,
          4.66735
        ],
        [
          -0.005048,
          -0.940641,
          -0.339366,
          1.393755
        ],
        [
          0.0,
          0.0,
          0.0,
          1.0
        ]
      ]
    },
    {
      "file_path": "/media/NFS/ttao/scannet/posed_images/scene0644_00/00291.jpg",
      "transform_matrix": [
        [
          -0.271612,
          0.344538,
          -0.898621,
          6.469995
        ],
        [
          0.962371,
          0.089196,
          -0.256682,
          4.692731
        ],
        [
          -0.008284,
          -0.934525,
          -0.3558,
          1.396328
        ],
        [
          0.0,
          0.0,
          0.0,
          1.0
        ]
      ]
    },
    {
      "file_path": "/media/NFS/ttao/scannet/posed_images/scene0644_00/00295.jpg",
      "transform_matrix": [
        [
          -0.203929,
          0.370967,
          -0.905978,
          6.431847
        ],
        [
          0.97854,
          0.049319,
          -0.200067,
          4.710998
        ],
        [
          -0.029536,
          -0.927336,
          -0.373063,
          1.40418
        ],
        [
          0.0,
          0.0,
          0.0,
          1.0
        ]
      ]
    },
    {
      "file_path": "/media/NFS/ttao/scannet/posed_images/scene0644_00/00299.jpg",
      "transform_matrix": [
        [
          -0.139566,
          0.394608,
          -0.908188,
          6.395303
        ],
        [
          0.989676,
          0.025385,
          -0.141059,
          4.72141
        ],
        [
          -0.032609,
          -0.918499,
          -0.394077,
          1.402959
        ],
        [
          0.0,
          0.0,
          0.0,
          1.0
        ]
      ]
    },
    {
      "file_path": "/media/NFS/ttao/scannet/posed_images/scene0644_00/00307.jpg",
      "transform_matrix": [
        [
          -0.012096,
          0.398138,
          -0.917246,
          6.317472
        ],
        [
          0.999614,
          -0.018135,
          -0.021054,
          4.690103
        ],
        [
          -0.025017,
          -0.917147,
          -0.397764,
          1.401101
        ],
        [
          0.0,
          0.0,
          0.0,
          1.0
        ]
      ]
    },
    {
      "file_path": "/media/NFS/ttao/scannet/posed_images/scene0644_00/00317.jpg",
      "transform_matrix": [
        [
          0.138442,
          0.361651,
          -0.921977,
          6.23105
        ],
        [
          0.990038,
          -0.074662,
          0.119376,
          4.695368
        ],
        [
          -0.025664,
          -0.92932,
          -0.368384,
          1.386231
        ],
        [
          0.0,
          0.0,
          0.0,
          1.0
        ]
      ]
    },
    {
      "file_path": "/media/NFS/ttao/scannet/posed_images/scene0644_00/00325.jpg",
      "transform_matrix": [
        [
          0.174334,
          0.383688,
          -0.906858,
          6.155694
        ],
        [
          0.984618,
          -0.057065,
          0.165138,
          4.747535
        ],
        [
          0.011612,
          -0.921698,
          -0.387735,
          1.363555
        ],
        [
          0.0,
          0.0,
          0.0,
          1.0
        ]
      ]
    },
    {
      "file_path": "/media/NFS/ttao/scannet/posed_images/scene0644_00/00331.jpg",
      "transform_matrix": [
        [
          0.171536,
          0.385322,
          -0.906698,
          6.089283
        ],
        [
          0.984816,
          -0.042133,
          0.168409,
          4.826415
        ],
        [
          0.02669,
          -0.92182,
          -0.386699,
          1.363412
        ],
        [
          0.0,
          0.0,
          0.0,
          1.0
        ]
      ]
    },
    {
      "file_path": "/media/NFS/ttao/scannet/posed_images/scene0644_00/00337.jpg",
      "transform_matrix": [
        [
          0.167639,
          0.389085,
          -0.90582,
          5.996864
        ],
        [
          0.985225,
          -0.033443,
          0.16797,
          4.896327
        ],
        [
          0.035062,
          -0.920595,
          -0.388942,
          1.374236
        ],
        [
          0.0,
          0.0,
          0.0,
          1.0
        ]
      ]
    },
    {
      "file_path": "/media/NFS/ttao/scannet/posed_images/scene0644_00/00343.jpg",
      "transform_matrix": [
        [
          0.172635,
          0.3777,
          -0.909692,
          5.907121
        ],
        [
          0.984528,
          -0.037994,
          0.171062,
          4.906546
        ],
        [
          0.030048,
          -0.925148,
          -0.378415,
          1.386165
        ],
        [
          0.0,
          0.0,
          0.0,
          1.0
        ]
      ]
    },
    {
      "file_path": "/media/NFS/ttao/scannet/posed_images/scene0644_00/00349.jpg",
      "transform_matrix": [
        [
          0.152018,
          0.399147,
          -0.904197,
          5.818892
        ],
        [
          0.987688,
          -0.027187,
          0.154054,
          4.919157
        ],
        [
          0.036908,
          -0.916484,
          -0.398366,
          1.398403
        ],
        [
          0.0,
          0.0,
          0.0,
          1.0
        ]
      ]
    },
    {
      "file_path": "/media/NFS/ttao/scannet/posed_images/scene0644_00/00353.jpg",
      "transform_matrix": [
        [
          0.152905,
          0.391375,
          -0.907439,
          5.757592
        ],
        [
          0.987671,
          -0.029345,
          0.153768,
          4.919854
        ],
        [
          0.033552,
          -0.919764,
          -0.391036,
          1.40329
        ],
        [
          0.0,
          0.0,
          0.0,
          1.0
        ]
      ]
    },
    {
      "file_path": "/media/NFS/ttao/scannet/posed_images/scene0644_00/00359.jpg",
      "transform_matrix": [
        [
          0.175507,
          0.351951,
          -0.919418,
          5.654035
        ],
        [
          0.983999,
          -0.033557,
          0.174989,
          4.912058
        ],
        [
          0.030735,
          -0.935417,
          -0.352208,
          1.396508
        ],
        [
          0.0,
          0.0,
          0.0,
          1.0
        ]
      ]
    },
    {
      "file_path": "/media/NFS/ttao/scannet/posed_images/scene0644_00/00367.jpg",
      "transform_matrix": [
        [
          0.204634,
          0.332407,
          -0.920669,
          5.50522
        ],
        [
          0.978104,
          -0.033015,
          0.20548,
          4.87995
        ],
        [
          0.037907,
          -0.942558,
          -0.331884,
          1.388981
        ],
        [
          0.0,
          0.0,
          0.0,
          1.0
        ]
      ]
    },
    {
      "file_path": "/media/NFS/ttao/scannet/posed_images/scene0644_00/00377.jpg",
      "transform_matrix": [
        [
          0.231366,
          0.302549,
          -0.924627,
          5.351812
        ],
        [
          0.97245,
          -0.04409,
          0.228906,
          4.843801
        ],
        [
          0.028489,
          -0.952114,
          -0.304415,
          1.372389
        ],
        [
          0.0,
          0.0,
          0.0,
          1.0
        ]
      ]
    },
    {
      "file_path": "/media/NFS/ttao/scannet/posed_images/scene0644_00/00381.jpg",
      "transform_matrix": [
        [
          0.251502,
          0.304589,
          -0.91868,
          5.28344
        ],
        [
          0.966941,
          -0.037797,
          0.252183,
          4.821491
        ],
        [
          0.042089,
          -0.951734,
          -0.304026,
          1.366131
        ],
        [
          0.0,
          0.0,
          0.0,
          1.0
        ]
      ]
    },
    {
      "file_path": "/media/NFS/ttao/scannet/posed_images/scene0644_00/00387.jpg",
      "transform_matrix": [
        [
          0.236767,
          0.271211,
          -0.932945,
          5.181828
        ],
        [
          0.970353,
          -0.01803,
          0.24102,
          4.779783
        ],
        [
          0.048546,
          -0.962351,
          -0.267439,
          1.36242
        ],
        [
          0.0,
          0.0,
          0.0,
          1.0
        ]
      ]
    },
    {
      "file_path": "/media/NFS/ttao/scannet/posed_images/scene0644_00/00397.jpg",
      "transform_matrix": [
        [
          0.162631,
          0.268471,
          -0.94946,
          5.046389
        ],
        [
          0.986076,
          -0.010367,
          0.165972,
          4.718179
        ],
        [
          0.034715,
          -0.963232,
          -0.266419,
          1.344601
        ],
        [
          0.0,
          0.0,
          0.0,
          1.0
        ]
      ]
    },
    {
      "file_path": "/media/NFS/ttao/scannet/posed_images/scene0644_00/00401.jpg",
      "transform_matrix": [
        [
          0.163106,
          0.274903,
          -0.947536,
          5.00086
        ],
        [
          0.985852,
          -0.007803,
          0.167438,
          4.673747
        ],
        [
          0.038636,
          -0.96144,
          -0.272287,
          1.335898
        ],
        [
          0.0,
          0.0,
          0.0,
          1.0
        ]
      ]
    },
    {
      "file_path": "/media/NFS/ttao/scannet/posed_images/scene0644_00/00411.jpg",
      "transform_matrix": [
        [
          0.214692,
          0.288536,
          -0.933089,
          4.895514
        ],
        [
          0.974494,
          0.000637,
          0.224416,
          4.546549
        ],
        [
          0.065346,
          -0.957469,
          -0.28104,
          1.303785
        ],
        [
          0.0,
          0.0,
          0.0,
          1.0
        ]
      ]
    },
    {
      "file_path": "/media/NFS/ttao/scannet/posed_images/scene0644_00/00415.jpg",
      "transform_matrix": [
        [
          0.251339,
          0.290253,
          -0.923354,
          4.85381
        ],
        [
          0.965154,
          -0.003356,
          0.261662,
          4.487211
        ],
        [
          0.072849,
          -0.956944,
          -0.280982,
          1.292874
        ],
        [
          0.0,
          0.0,
          0.0,
          1.0
        ]
      ]
    },
    {
      "file_path": "/media/NFS/ttao/scannet/posed_images/scene0644_00/00423.jpg",
      "transform_matrix": [
        [
          0.306767,
          0.283517,
          -0.908577,
          4.778017
        ],
        [
          0.948976,
          -0.017826,
          0.314845,
          4.379476
        ],
        [
          0.073068,
          -0.958801,
          -0.27452,
          1.297303
        ],
        [
          0.0,
          0.0,
          0.0,
          1.0
        ]
      ]
    },
    {
      "file_path": "/media/NFS/ttao/scannet/posed_images/scene0644_00/00429.jpg",
      "transform_matrix": [
        [
          0.308726,
          0.275656,
          -0.91033,
          4.729867
        ],
        [
          0.949311,
          -0.029805,
          0.312921,
          4.309299
        ],
        [
          0.059127,
          -0.960794,
          -0.270885,
          1.309114
        ],
        [
          0.0,
          0.0,
          0.0,
          1.0
        ]
      ]
    },
    {
      "file_path": "/media/NFS/ttao/scannet/posed_images/scene0644_00/00434.jpg",
      "transform_matrix": [
        [
          0.268944,
          0.277543,
          -0.922301,
          4.689707
        ],
        [
          0.962232,
          -0.035514,
          0.269902,
          4.2503
        ],
        [
          0.042154,
          -0.960057,
          -0.276612,
          1.309197
        ],
        [
          0.0,
          0.0,
          0.0,
          1.0
        ]
      ]
    },
    {
      "file_path": "/media/NFS/ttao/scannet/posed_images/scene0644_00/00440.jpg",
      "transform_matrix": [
        [
          0.214295,
          0.294128,
          -0.931432,
          4.630925
        ],
        [
          0.976165,
          -0.030973,
          0.214806,
          4.18004
        ],
        [
          0.034331,
          -0.955264,
          -0.293755,
          1.310894
        ],
        [
          0.0,
          0.0,
          0.0,
          1.0
        ]
      ]
    },
    {
      "file_path": "/media/NFS/ttao/scannet/posed_images/scene0644_00/00448.jpg",
      "transform_matrix": [
        [
          0.148176,
          0.29613,
          -0.943584,
          4.546558
        ],
        [
          0.987345,
          0.010222,
          0.158256,
          4.091266
        ],
        [
          0.05651,
          -0.955093,
          -0.290868,
          1.314635
        ],
        [
          0.0,
          0.0,
          0.0,
          1.0
        ]
      ]
    },
    {
      "file_path": "/media/NFS/ttao/scannet/posed_images/scene0644_00/00458.jpg",
      "transform_matrix": [
        [
          0.125969,
          0.265776,
          -0.955769,
          4.473186
        ],
        [
          0.990617,
          0.017791,
          0.135509,
          3.988159
        ],
        [
          0.053019,
          -0.963871,
          -0.261041,
          1.337732
        ],
        [
          0.0,
          0.0,
          0.0,
          1.0
        ]
      ]
    },
    {
      "file_path": "/media/NFS/ttao/scannet/posed_images/scene0644_00/00464.jpg",
      "transform_matrix": [
        [
          0.153312,
          0.271355,
          -0.95019,
          4.438179
        ],
        [
          0.986472,
          0.014453,
          0.163293,
          3.899019
        ],
        [
          0.058043,
          -0.962371,
          -0.265468,
          1.346985
        ],
        [
          0.0,
          0.0,
          0.0,
          1.0
        ]
      ]
    },
    {
      "file_path": "/media/NFS/ttao/scannet/posed_images/scene0644_00/00472.jpg",
      "transform_matrix": [
        [
          0.208612,
          0.25272,
          -0.944782,
          4.398516
        ],
        [
          0.977455,
          -0.021692,
          0.210024,
          3.769777
        ],
        [
          0.032583,
          -0.967296,
          -0.251548,
          1.378608
        ],
        [
          0.0,
          0.0,
          0.0,
          1.0
        ]
      ]
    },
    {
      "file_path": "/media/NFS/ttao/scannet/posed_images/scene0644_00/00476.jpg",
      "transform_matrix": [
        [
          0.247071,
          0.239551,
          -0.93892,
          4.380131
        ],
        [
          0.968869,
          -0.045305,
          0.243393,
          3.71495
        ],
        [
          0.015767,
          -0.969826,
          -0.243287,
          1.400282
        ],
        [
          0.0,
          0.0,
          0.0,
          1.0
        ]
      ]
    },
    {
      "file_path": "/media/NFS/ttao/scannet/posed_images/scene0644_00/00486.jpg",
      "transform_matrix": [
        [
          0.274282,
          0.214344,
          -0.937457,
          4.338731
        ],
        [
          0.961648,
          -0.059307,
          0.2678,
          3.589034
        ],
        [
          0.001804,
          -0.974956,
          -0.22239,
          1.436434
        ],
        [
          0.0,
          0.0,
          0.0,
          1.0
        ]
      ]
    },
    {
      "file_path": "/media/NFS/ttao/scannet/posed_images/scene0644_00/00492.jpg",
      "transform_matrix": [
        [
          0.293156,
          0.212619,
          -0.932123,
          4.326429
        ],
        [
          0.955792,
          -0.04189,
          0.291045,
          3.538788
        ],
        [
          0.022835,
          -0.976237,
          -0.2155,
          1.440872
        ],
        [
          0.0,
          0.0,
          0.0,
          1.0
        ]
      ]
    },
    {
      "file_path": "/media/NFS/ttao/scannet/posed_images/scene0644_00/00494.jpg",
      "transform_matrix": [
        [
          0.298242,
          0.216079,
          -0.92971,
          4.322851
        ],
        [
          0.953978,
          -0.035557,
          0.297763,
          3.52506
        ],
        [
          0.031283,
          -0.975728,
          -0.216739,
          1.445593
        ],
        [
          0.0,
          0.0,
          0.0,
          1.0
        ]
      ]
    },
    {
      "file_path": "/media/NFS/ttao/scannet/posed_images/scene0644_00/00502.jpg",
      "transform_matrix": [
        [
          0.253581,
          0.205943,
          -0.945137,
          4.321883
        ],
        [
          0.965666,
          0.003113,
          0.259768,
          3.45366
        ],
        [
          0.05644,
          -0.978559,
          -0.198082,
          1.449061
        ],
        [
          0.0,
          0.0,
          0.0,
          1.0
        ]
      ]
    },
    {
      "file_path": "/media/NFS/ttao/scannet/posed_images/scene0644_00/00510.jpg",
      "transform_matrix": [
        [
          0.177046,
          0.203697,
          -0.962893,
          4.327185
        ],
        [
          0.981442,
          0.036688,
          0.188218,
          3.410195
        ],
        [
          0.073667,
          -0.978346,
          -0.193421,
          1.457253
        ],
        [
          0.0,
          0.0,
          0.0,
          1.0
        ]
      ]
    },
    {
      "file_path": "/media/NFS/ttao/scannet/posed_images/scene0644_00/00514.jpg",
      "transform_matrix": [
        [
          0.145695,
          0.19677,
          -0.969564,
          4.334683
        ],
        [
          0.986534,
          0.044721,
          0.157321,
          3.394032
        ],
        [
          0.074316,
          -0.979429,
          -0.187604,
          1.448047
