{
  "frames": [
    {
      "file_path": "/media/NFS/ttao/scannet/posed_images/scene0442_00/00000.jpg",
      "transform_matrix": [
        [
          0.856343,
          0.203632,
          -0.474564,
          3.561064
        ],
        [
          0.515385,
          -0.394813,
          0.760593,
          4.081058
        ],
        [
          -0.032483,
          -0.895911,
          -0.443044,
          1.366631
        ],
        [
          0.0,
          0.0,
          0.0,
          1.0
        ]
      ]
    },
    {
      "file_path": "/media/NFS/ttao/scannet/posed_images/scene0442_00/00004.jpg",
      "transform_matrix": [
        [
          0.857102,
          0.189826,
          -0.478898,
          3.588384
        ],
        [
          0.513438,
          -0.390452,
          0.764152,
          4.066262
        ],
        [
          -0.04193,
          -0.90084,
          -0.432121,
          1.36612
        ],
        [
          0.0,
          0.0,
          0.0,
          1.0
        ]
      ]
    },
    {
      "file_path": "/media/NFS/ttao/scannet/posed_images/scene0442_00/00012.jpg",
      "transform_matrix": [
        [
          0.857767,
          0.175161,
          -0.483276,
          3.586364
        ],
        [
          0.511664,
          -0.381224,
          0.76998,
          4.042267
        ],
        [
          -0.049366,
          -0.907737,
          -0.416624,
          1.396788
        ],
        [
          0.0,
          0.0,
          0.0,
          1.0
        ]
      ]
    },
    {
      "file_path": "/media/NFS/ttao/scannet/posed_images/scene0442_00/00017.jpg",
      "transform_matrix": [
        [
          0.860423,
          0.164919,
          -0.482156,
          3.599223
        ],
        [
          0.507589,
          -0.360952,
          0.782347,
          4.033533
        ],
        [
          -0.045011,
          -0.917886,
          -0.394282,
          1.396685
        ],
        [
          0.0,
          0.0,
          0.0,
          1.0
        ]
      ]
    },
    {
      "file_path": "/media/NFS/ttao/scannet/posed_images/scene0442_00/00019.jpg",
      "transform_matrix": [
        [
          0.862381,
          0.1637,
          -0.479064,
          3.603584
        ],
        [
          0.504457,
          -0.357664,
          0.785875,
          4.033989
        ],
        [
          -0.042696,
          -0.919391,
          -0.391022,
          1.399793
        ],
        [
          0.0,
          0.0,
          0.0,
          1.0
        ]
      ]
    },
    {
      "file_path": "/media/NFS/ttao/scannet/posed_images/scene0442_00/00026.jpg",
      "transform_matrix": [
        [
          0.871689,
          0.142306,
          -0.468942,
          3.623458
        ],
        [
          0.487576,
          -0.348041,
          0.80071,
          4.034009
        ],
        [
          -0.049265,
          -0.926616,
          -0.372768,
          1.390929
        ],
        [
          0.0,
          0.0,
          0.0,
          1.0
        ]
      ]
    },
    {
      "file_path": "/media/NFS/ttao/scannet/posed_images/scene0442_00/00027.jpg",
      "transform_matrix": [
        [
          0.872805,
          0.139842,
          -0.467606,
          3.627383
        ],
        [
          0.485432,
          -0.348188,
          0.801948,
          4.03498
        ],
        [
          -0.050669,
          -0.926935,
          -0.371784,
          1.389267
        ],
        [
          0.0,
          0.0,
          0.0,
          1.0
        ]
      ]
    },
    {
      "file_path": "/media/NFS/ttao/scannet/posed_images/scene0442_00/00033.jpg",
      "transform_matrix": [
        [
          0.884847,
          0.12134,
          -0.449803,
          3.637329
        ],
        [
          0.461298,
          -0.363296,
          0.809457,
          4.03529
        ],
        [
          -0.065192,
          -0.923738,
          -0.377436,
          1.38022
        ],
        [
          0.0,
          0.0,
          0.0,
          1.0
        ]
      ]
    },
    {
      "file_path": "/media/NFS/ttao/scannet/posed_images/scene0442_00/00038.jpg",
      "transform_matrix": [
        [
          0.897738,
          0.10837,
          -0.426992,
          3.64385
        ],
        [
          0.433121,
          -0.394134,
          0.810595,
          4.041332
        ],
        [
          -0.080448,
          -0.912641,
          -0.400767,
          1.369077
        ],
        [
          0.0,
          0.0,
          0.0,
          1.0
        ]
      ]
    },
    {
      "file_path": "/media/NFS/ttao/scannet/posed_images/scene0442_00/00043.jpg",
      "transform_matrix": [
        [
          0.912225,
          0.099322,
          -0.397467,
          3.648821
        ],
        [
          0.399877,
          -0.426915,
          0.811075,
          4.041286
        ],
        [
          -0.089127,
          -0.898821,
          -0.42916,
          1.358568
        ],
        [
          0.0,
          0.0,
          0.0,
          1.0
        ]
      ]
    },
    {
      "file_path": "/media/NFS/ttao/scannet/posed_images/scene0442_00/00048.jpg",
      "transform_matrix": [
        [
          0.927963,
          0.089943,
          -0.361656,
          3.658066
        ],
        [
          0.360636,
          -0.461372,
          0.810603,
          4.044707
        ],
        [
          -0.09395,
          -0.882636,
          -0.460573,
          1.350547
        ],
        [
          0.0,
          0.0,
          0.0,
          1.0
        ]
      ]
    },
    {
      "file_path": "/media/NFS/ttao/scannet/posed_images/scene0442_00/00055.jpg",
      "transform_matrix": [
        [
          0.953468,
          0.059916,
          -0.295482,
          3.676702
        ],
        [
          0.285769,
          -0.491989,
          0.822364,
          4.053318
        ],
        [
          -0.096101,
          -0.868537,
          -0.486218,
          1.351326
        ],
        [
          0.0,
          0.0,
          0.0,
          1.0
        ]
      ]
    },
    {
      "file_path": "/media/NFS/ttao/scannet/posed_images/scene0442_00/00056.jpg",
      "transform_matrix": [
        [
          0.957302,
          0.055699,
          -0.283673,
          3.680035
        ],
        [
          0.273413,
          -0.493186,
          0.825841,
          4.055436
        ],
        [
          -0.093905,
          -0.868139,
          -0.487357,
          1.353353
        ],
        [
          0.0,
          0.0,
          0.0,
          1.0
        ]
      ]
    },
    {
      "file_path": "/media/NFS/ttao/scannet/posed_images/scene0442_00/00065.jpg",
      "transform_matrix": [
        [
          0.986569,
          -0.004449,
          -0.163286,
          3.70947
        ],
        [
          0.144994,
          -0.436505,
          0.887942,
          4.058603
        ],
        [
          -0.075225,
          -0.899691,
          -0.429997,
          1.383822
        ],
        [
          0.0,
          0.0,
          0.0,
          1.0
        ]
      ]
    },
    {
      "file_path": "/media/NFS/ttao/scannet/posed_images/scene0442_00/00069.jpg",
      "transform_matrix": [
        [
          0.99242,
          -0.019283,
          -0.12137,
          3.721815
        ],
        [
          0.103346,
          -0.403457,
          0.909143,
          4.059826
        ],
        [
          -0.066499,
          -0.914795,
          -0.398406,
          1.397223
        ],
        [
          0.0,
          0.0,
          0.0,
          1.0
        ]
      ]
    },
    {
      "file_path": "/media/NFS/ttao/scannet/posed_images/scene0442_00/00074.jpg",
      "transform_matrix": [
        [
          0.996078,
          -0.037662,
          -0.080066,
          3.73503
        ],
        [
          0.060396,
          -0.371898,
          0.926307,
          4.059162
        ],
        [
          -0.064663,
          -0.927509,
          -0.368165,
          1.393003
        ],
        [
          0.0,
          0.0,
          0.0,
          1.0
        ]
      ]
    },
    {
      "file_path": "/media/NFS/ttao/scannet/posed_images/scene0442_00/00078.jpg",
      "transform_matrix": [
        [
          0.997678,
          -0.056488,
          -0.038038,
          3.744965
        ],
        [
          0.014414,
          -0.370744,
          0.928623,
          4.076841
        ],
        [
          -0.066559,
          -0.927015,
          -0.36907,
          1.400069
        ],
        [
          0.0,
          0.0,
          0.0,
          1.0
        ]
      ]
    },
    {
      "file_path": "/media/NFS/ttao/scannet/posed_images/scene0442_00/00081.jpg",
      "transform_matrix": [
        [
          0.997483,
          -0.070603,
          0.006595,
          3.758075
        ],
        [
          -0.031982,
          -0.364934,
          0.930484,
          4.091211
        ],
        [
          -0.063288,
          -0.928353,
          -0.366273,
          1.396218
        ],
        [
          0.0,
          0.0,
          0.0,
          1.0
        ]
      ]
    },
    {
      "file_path": "/media/NFS/ttao/scannet/posed_images/scene0442_00/00089.jpg",
      "transform_matrix": [
        [
          0.980143,
          -0.118302,
          0.159137,
          3.771703
        ],
        [
          -0.19073,
          -0.342931,
          0.919794,
          4.147676
        ],
        [
          -0.05424,
          -0.931881,
          -0.358685,
          1.391331
        ],
        [
          0.0,
          0.0,
          0.0,
          1.0
        ]
      ]
    },
    {
      "file_path": "/media/NFS/ttao/scannet/posed_images/scene0442_00/00094.jpg",
      "transform_matrix": [
        [
          0.969916,
          -0.149785,
          0.191907,
          3.813521
        ],
        [
          -0.232766,
          -0.339715,
          0.91127,
          4.190401
        ],
        [
          -0.071301,
          -0.928524,
          -0.36436,
          1.410716
        ],
        [
          0.0,
          0.0,
          0.0,
          1.0
        ]
      ]
    },
    {
      "file_path": "/media/NFS/ttao/scannet/posed_images/scene0442_00/00098.jpg",
      "transform_matrix": [
        [
          0.962952,
          -0.153812,
          0.221505,
          3.810559
        ],
        [
          -0.260554,
          -0.318883,
          0.911277,
          4.206926
        ],
        [
          -0.069531,
          -0.93523,
          -0.347146,
          1.40917
        ],
        [
          0.0,
          0.0,
          0.0,
          1.0
        ]
      ]
    },
    {
      "file_path": "/media/NFS/ttao/scannet/posed_images/scene0442_00/00100.jpg",
      "transform_matrix": [
        [
          0.961415,
          -0.151161,
          0.229851,
          3.810624
        ],
        [
          -0.26742,
          -0.317448,
          0.909787,
          4.216299
        ],
        [
          -0.064558,
          -0.93615,
          -0.345623,
          1.408609
        ],
        [
          0.0,
          0.0,
          0.0,
          1.0
        ]
      ]
    },
    {
      "file_path": "/media/NFS/ttao/scannet/posed_images/scene0442_00/00105.jpg",
      "transform_matrix": [
        [
          0.954738,
          -0.148577,
          0.257682,
          3.805498
        ],
        [
          -0.29239,
          -0.309718,
          0.904756,
          4.231359
        ],
        [
          -0.054617,
          -0.939148,
          -0.339142,
          1.405112
        ],
        [
          0.0,
          0.0,
          0.0,
          1.0
        ]
      ]
    },
    {
      "file_path": "/media/NFS/ttao/scannet/posed_images/scene0442_00/00111.jpg",
      "transform_matrix": [
        [
          0.941432,
          -0.154435,
          0.299758,
          3.820018
        ],
        [
          -0.334528,
          -0.316014,
          0.887821,
          4.252559
        ],
        [
          -0.042383,
          -0.936101,
          -0.349169,
          1.411384
        ],
        [
          0.0,
          0.0,
          0.0,
          1.0
        ]
      ]
    },
    {
      "file_path": "/media/NFS/ttao/scannet/posed_images/scene0442_00/00115.jpg",
      "transform_matrix": [
        [
          0.932664,
          -0.157323,
          0.324635,
          3.827503
        ],
        [
          -0.358874,
          -0.313053,
          0.879322,
          4.253707
        ],
        [
          -0.036709,
          -0.936615,
          -0.348433,
          1.408475
        ],
        [
          0.0,
          0.0,
          0.0,
          1.0
        ]
      ]
    },
    {
      "file_path": "/media/NFS/ttao/scannet/posed_images/scene0442_00/00123.jpg",
      "transform_matrix": [
        [
          0.909914,
          -0.171376,
          0.377739,
          3.849316
        ],
        [
          -0.413729,
          -0.30964,
          0.856126,
          4.242667
        ],
        [
          -0.029756,
          -0.935282,
          -0.352649,
          1.413796
        ],
        [
          0.0,
          0.0,
          0.0,
          1.0
        ]
      ]
    },
    {
      "file_path": "/media/NFS/ttao/scannet/posed_images/scene0442_00/00126.jpg",
      "transform_matrix": [
        [
          0.901363,
          -0.177801,
          0.394882,
          3.849797
        ],
        [
          -0.432097,
          -0.308349,
          0.847474,
          4.228775
        ],
        [
          -0.02892,
          -0.934509,
          -0.354762,
          1.415273
        ],
        [
          0.0,
          0.0,
          0.0,
          1.0
        ]
      ]
    },
    {
      "file_path": "/media/NFS/ttao/scannet/posed_images/scene0442_00/00133.jpg",
      "transform_matrix": [
        [
          0.892884,
          -0.185466,
          0.410318,
          3.857178
        ],
        [
          -0.449401,
          -0.3099,
          0.837855,
          4.163254
        ],
        [
          -0.028236,
          -0.932504,
          -0.360053,
          1.409456
        ],
        [
          0.0,
          0.0,
          0.0,
          1.0
        ]
      ]
    },
    {
      "file_path": "/media/NFS/ttao/scannet/posed_images/scene0442_00/00134.jpg",
      "transform_matrix": [
        [
          0.892962,
          -0.187224,
          0.409348,
          3.858409
        ],
        [
          -0.449116,
          -0.30951,
          0.838152,
          4.151475
        ],
        [
          -0.030225,
          -0.932283,
          -0.360466,
          1.406185
        ],
        [
          0.0,
          0.0,
          0.0,
          1.0
        ]
      ]
    },
    {
      "file_path": "/media/NFS/ttao/scannet/posed_images/scene0442_00/00141.jpg",
      "transform_matrix": [
        [
          0.877383,
          -0.195122,
          0.438322,
          3.865991
        ],
        [
          -0.47948,
          -0.323682,
          0.815677,
          4.075287
        ],
        [
          -0.01728,
          -0.925828,
          -0.37755,
          1.397777
        ],
        [
          0.0,
          0.0,
          0.0,
          1.0
        ]
      ]
    },
    {
      "file_path": "/media/NFS/ttao/scannet/posed_images/scene0442_00/00143.jpg",
      "transform_matrix": [
        [
          0.866507,
          -0.200252,
          0.457237,
          3.866621
        ],
        [
          -0.498933,
          -0.319442,
          0.80562,
          4.055298
        ],
        [
          -0.015266,
          -0.926205,
          -0.376711,
          1.38957
        ],
        [
          0.0,
          0.0,
          0.0,
          1.0
        ]
      ]
    },
    {
      "file_path": "/media/NFS/ttao/scannet/posed_images/scene0442_00/00152.jpg",
      "transform_matrix": [
        [
          0.819821,
          -0.238589,
          0.520547,
          3.877485
        ],
        [
          -0.572261,
          -0.309174,
          0.759558,
          3.994705
        ],
        [
          -0.020283,
          -0.92059,
          -0.390002,
          1.403758
        ],
        [
          0.0,
          0.0,
          0.0,
          1.0
        ]
      ]
    },
    {
      "file_path": "/media/NFS/ttao/scannet/posed_images/scene0442_00/00153.jpg",
      "transform_matrix": [
        [
          0.813945,
          -0.242134,
          0.528077,
          3.872084
        ],
        [
          -0.580594,
          -0.307579,
          0.75386,
          3.994951
        ],
        [
          -0.02011,
          -0.920199,
          -0.390934,
          1.408956
        ],
        [
          0.0,
          0.0,
          0.0,
          1.0
        ]
      ]
    },
    {
      "file_path": "/media/NFS/ttao/scannet/posed_images/scene0442_00/00162.jpg",
      "transform_matrix": [
        [
          0.772392,
          -0.242306,
          0.587111,
          3.887091
        ],
        [
          -0.635074,
          -0.28065,
          0.719665,
          3.947631
        ],
        [
          -0.009607,
          -0.928721,
          -0.370654,
          1.414344
        ],
        [
          0.0,
          0.0,
          0.0,
          1.0
        ]
      ]
    },
    {
      "file_path": "/media/NFS/ttao/scannet/posed_images/scene0442_00/00166.jpg",
      "transform_matrix": [
        [
          0.747885,
          -0.256354,
          0.612332,
          3.86026
        ],
        [
          -0.663715,
          -0.271763,
          0.696869,
          3.954882
        ],
        [
          -0.012236,
          -0.927592,
          -0.373394,
          1.416267
        ],
        [
          0.0,
          0.0,
          0.0,
          1.0
        ]
      ]
    },
    {
      "file_path": "/media/NFS/ttao/scannet/posed_images/scene0442_00/00169.jpg",
      "transform_matrix": [
        [
          0.726786,
          -0.26226,
          0.634824,
          3.836453
        ],
        [
          -0.686747,
          -0.260402,
          0.678652,
          3.96115
        ],
        [
          -0.012674,
          -0.929199,
          -0.369363,
          1.416586
        ],
        [
          0.0,
          0.0,
          0.0,
          1.0
        ]
      ]
    },
    {
      "file_path": "/media/NFS/ttao/scannet/posed_images/scene0442_00/00173.jpg",
      "transform_matrix": [
        [
          0.715407,
          -0.272615,
          0.64333,
          3.820433
        ],
        [
          -0.698329,
          -0.248664,
          0.671195,
          3.964474
        ],
        [
          -0.023005,
          -0.929434,
          -0.368271,
          1.420739
        ],
        [
          0.0,
          0.0,
          0.0,
          1.0
        ]
      ]
    },
    {
      "file_path": "/media/NFS/ttao/scannet/posed_images/scene0442_00/00180.jpg",
      "transform_matrix": [
        [
          0.686328,
          -0.284827,
          0.6692,
          3.794026
        ],
        [
          -0.726779,
          -0.234012,
          0.64578,
          3.967423
        ],
        [
          -0.027335,
          -0.929576,
          -0.367615,
          1.414381
        ],
        [
          0.0,
          0.0,
          0.0,
          1.0
        ]
      ]
    },
    {
      "file_path": "/media/NFS/ttao/scannet/posed_images/scene0442_00/00183.jpg",
      "transform_matrix": [
        [
          0.670454,
          -0.293324,
          0.681508,
          3.793996
        ],
        [
          -0.741253,
          -0.224938,
          0.632414,
          3.968505
        ],
        [
          -0.032206,
          -0.929174,
          -0.368238,
          1.413922
        ],
        [
          0.0,
          0.0,
          0.0,
          1.0
        ]
      ]
    },
    {
      "file_path": "/media/NFS/ttao/scannet/posed_images/scene0442_00/00190.jpg",
      "transform_matrix": [
        [
          0.621975,
          -0.318326,
          0.715413,
          3.814416
        ],
        [
          -0.782028,
          -0.206166,
          0.588156,
          3.986108
        ],
        [
          -0.039732,
          -0.925291,
          -0.37717,
          1.412111
        ],
        [
          0.0,
          0.0,
          0.0,
          1.0
        ]
      ]
    },
    {
      "file_path": "/media/NFS/ttao/scannet/posed_images/scene0442_00/00193.jpg",
      "transform_matrix": [
        [
          0.603511,
          -0.332906,
          0.724533,
          3.837411
        ],
        [
          -0.795917,
          -0.196977,
          0.572465,
          3.99463
        ],
        [
          -0.047861,
          -0.922157,
          -0.383843,
          1.412135
        ],
        [
          0.0,
          0.0,
          0.0,
          1.0
        ]
      ]
    },
    {
      "file_path": "/media/NFS/ttao/scannet/posed_images/scene0442_00/00198.jpg",
      "transform_matrix": [
        [
          0.575797,
          -0.344858,
          0.741304,
          3.881446
        ],
        [
          -0.815239,
          -0.173422,
          0.552548,
          3.998612
        ],
        [
          -0.061992,
          -0.922495,
          -0.380997,
          1.407764
        ],
        [
          0.0,
          0.0,
          0.0,
          1.0
        ]
      ]
    },
    {
      "file_path": "/media/NFS/ttao/scannet/posed_images/scene0442_00/00205.jpg",
      "transform_matrix": [
        [
          0.516875,
          -0.374831,
          0.769638,
          3.928646
        ],
        [
          -0.853837,
          -0.160969,
          0.495026,
          4.027376
        ],
        [
          -0.061663,
          -0.913012,
          -0.403245,
          1.410496
        ],
        [
          0.0,
          0.0,
          0.0,
          1.0
        ]
      ]
    },
    {
      "file_path": "/media/NFS/ttao/scannet/posed_images/scene0442_00/00206.jpg",
      "transform_matrix": [
        [
          0.512196,
          -0.374995,
          0.77268,
          3.94113
        ],
        [
          -0.856572,
          -0.157286,
          0.491473,
          4.019183
        ],
        [
          -0.062769,
          -0.913586,
          -0.401772,
          1.403746
        ],
        [
          0.0,
          0.0,
          0.0,
          1.0
        ]
      ]
    },
    {
      "file_path": "/media/NFS/ttao/scannet/posed_images/scene0442_00/00212.jpg",
      "transform_matrix": [
        [
          0.430463,
          -0.399333,
          0.809466,
          3.963397
        ],
        [
          -0.900144,
          -0.1237,
          0.417659,
          4.056498
        ],
        [
          -0.066654,
          -0.908422,
          -0.412706,
          1.407742
        ],
        [
          0.0,
          0.0,
          0.0,
          1.0
        ]
      ]
    },
    {
      "file_path": "/media/NFS/ttao/scannet/posed_images/scene0442_00/00215.jpg",
      "transform_matrix": [
        [
          0.394543,
          -0.400422,
          0.827042,
          3.971839
        ],
        [
          -0.917119,
          -0.115942,
          0.38138,
          4.079277
        ],
        [
          -0.056824,
          -0.908966,
          -0.412978,
          1.407225
        ],
        [
          0.0,
          0.0,
          0.0,
          1.0
        ]
      ]
    },
    {
      "file_path": "/media/NFS/ttao/scannet/posed_images/scene0442_00/00221.jpg",
      "transform_matrix": [
        [
          0.302778,
          -0.394366,
          0.867641,
          3.983792
        ],
        [
          -0.952513,
          -0.094334,
          0.289519,
          4.133097
        ],
        [
          -0.032329,
          -0.914099,
          -0.404201,
          1.402665
        ],
        [
          0.0,
          0.0,
          0.0,
          1.0
        ]
      ]
    },
    {
      "file_path": "/media/NFS/ttao/scannet/posed_images/scene0442_00/00228.jpg",
      "transform_matrix": [
        [
          0.218486,
          -0.368561,
          0.903564,
          3.981742
        ],
        [
          -0.975481,
          -0.057365,
          0.212477,
          4.254955
        ],
        [
          -0.026478,
          -0.927832,
          -0.372057,
          1.405024
        ],
        [
          0.0,
          0.0,
          0.0,
          1.0
        ]
      ]
    },
    {
      "file_path": "/media/NFS/ttao/scannet/posed_images/scene0442_00/00234.jpg",
      "transform_matrix": [
        [
          0.218781,
          -0.351516,
          0.910259,
          4.014941
        ],
        [
          -0.975249,
          -0.04816,
          0.215803,
          4.290329
        ],
        [
          -0.03202,
          -0.934942,
          -0.353352,
          1.41582
        ],
        [
          0.0,
          0.0,
          0.0,
          1.0
        ]
      ]
    },
    {
      "file_path": "/media/NFS/ttao/scannet/posed_images/scene0442_00/00235.jpg",
      "transform_matrix": [
        [
          0.213905,
          -0.349148,
          0.912327,
          4.01934
        ],
        [
          -0.976433,
          -0.048984,
          0.210189,
          4.306735
        ],
        [
          -0.028698,
          -0.935786,
          -0.351397,
          1.414516
        ],
        [
          0.0,
          0.0,
          0.0,
          1.0
        ]
      ]
    },
    {
      "file_path": "/media/NFS/ttao/scannet/posed_images/scene0442_00/00242.jpg",
      "transform_matrix": [
        [
          0.229497,
          -0.353983,
          0.906657,
          4.057927
        ],
        [
          -0.973267,
          -0.074744,
          0.217176,
          4.353022
        ],
        [
          -0.009109,
          -0.93226,
          -0.361673,
          1.40182
        ],
        [
          0.0,
          0.0,
          0.0,
          1.0
        ]
      ]
    },
    {
      "file_path": "/media/NFS/ttao/scannet/posed_images/scene0442_00/00245.jpg",
      "transform_matrix": [
        [
          0.258707,
          -0.362599,
          0.895317,
          4.092789
        ],
        [
          -0.965953,
          -0.094889,
          0.240688,
          4.385849
        ],
        [
          -0.002318,
          -0.927102,
          -0.374802,
          1.389027
        ],
        [
          0.0,
          0.0,
          0.0,
          1.0
        ]
      ]
    },
    {
      "file_path": "/media/NFS/ttao/scannet/posed_images/scene0442_00/00253.jpg",
      "transform_matrix": [
        [
          0.340298,
          -0.361216,
          0.868171,
          4.204763
        ],
        [
          -0.940046,
          -0.108492,
          0.323331,
          4.440245
        ],
        [
          -0.022602,
          -0.926149,
          -0.376479,
          1.396138
        ],
        [
          0.0,
          0.0,
          0.0,
          1.0
        ]
      ]
    },
    {
      "file_path": "/media/NFS/ttao/scannet/posed_images/scene0442_00/00254.jpg",
      "transform_matrix": [
        [
          0.349737,
          -0.366558,
          0.86216,
          4.220354
        ],
        [
          -0.936311,
          -0.105616,
          0.334913,
          4.442992
        ],
        [
          -0.031707,
          -0.924381,
          -0.38015,
          1.393532
        ],
        [
          0.0,
          0.0,
          0.0,
          1.0
        ]
      ]
    },
    {
      "file_path": "/media/NFS/ttao/scannet/posed_images/scene0442_00/00263.jpg",
      "transform_matrix": [
        [
          0.467568,
          -0.392149,
          0.792212,
          4.317595
        ],
        [
          -0.882511,
          -0.155835,
          0.443724,
          4.495967
        ],
        [
          -0.050551,
          -0.906606,
          -0.418939,
          1.392669
        ],
        [
          0.0,
          0.0,
          0.0,
          1.0
        ]
      ]
    },
    {
      "file_path": "/media/NFS/ttao/scannet/posed_images/scene0442_00/00267.jpg",
      "transform_matrix": [
        [
          0.483578,
          -0.379728,
          0.788644,
          4.350798
        ],
        [
          -0.874298,
          -0.166426,
          0.455966,
          4.519544
        ],
        [
          -0.041892,
          -0.910005,
          -0.412475,
          1.375846
        ],
        [
          0.0,
          0.0,
          0.0,
          1.0
        ]
      ]
    },
    {
      "file_path": "/media/NFS/ttao/scannet/posed_images/scene0442_00/00268.jpg",
      "transform_matrix": [
        [
          0.485468,
          -0.382541,
          0.786119,
          4.357736
        ],
        [
          -0.873384,
          -0.1721,
          0.455611,
          4.527719
        ],
        [
          -0.038998,
          -0.907768,
          -0.417655,
          1.368389
        ],
        [
          0.0,
          0.0,
          0.0,
          1.0
        ]
      ]
    },
    {
      "file_path": "/media/NFS/ttao/scannet/posed_images/scene0442_00/00273.jpg",
      "transform_matrix": [
        [
          0.494588,
          -0.402504,
          0.770307,
          4.384811
        ],
        [
          -0.868516,
          -0.19564,
          0.455418,
          4.567568
        ],
        [
          -0.032605,
          -0.894268,
          -0.446342,
          1.353767
        ],
        [
          0.0,
          0.0,
          0.0,
          1.0
        ]
      ]
    },
    {
      "file_path": "/media/NFS/ttao/scannet/posed_images/scene0442_00/00280.jpg",
      "transform_matrix": [
        [
          0.513962,
          -0.434119,
          0.739854,
          4.412826
        ],
        [
          -0.856954,
          -0.221253,
          0.465486,
          4.614525
        ],
        [
          -0.038382,
          -0.873263,
          -0.485735,
          1.341985
        ],
        [
          0.0,
          0.0,
          0.0,
          1.0
        ]
      ]
    },
    {
      "file_path": "/media/NFS/ttao/scannet/posed_images/scene0442_00/00286.jpg",
      "transform_matrix": [
        [
          0.527352,
          -0.426137,
          0.735056,
          4.425643
        ],
        [
          -0.84932,
          -0.240371,
          0.469976,
          4.642241
        ],
        [
          -0.023588,
          -0.872141,
          -0.488686,
          1.340738
        ],
        [
          0.0,
          0.0,
          0.0,
          1.0
        ]
      ]
    },
    {
      "file_path": "/media/NFS/ttao/scannet/posed_images/scene0442_00/00287.jpg",
      "transform_matrix": [
        [
          0.526626,
          -0.426603,
          0.735306,
          4.427926
        ],
        [
          -0.849763,
          -0.239932,
          0.469399,
          4.64555
        ],
        [
          -0.023823,
          -0.872034,
          -0.488865,
          1.340781
        ],
        [
          0.0,
          0.0,
          0.0,
          1.0
        ]
      ]
    },
    {
      "file_path": "/media/NFS/ttao/scannet/posed_images/scene0442_00/00293.jpg",
      "transform_matrix": [
        [
          0.479466,
          -0.455434,
          0.750128,
          4.438456
        ],
        [
          -0.876809,
          -0.213258,
          0.43096,
          4.665816
        ],
        [
          -0.036303,
          -0.86435,
          -0.501578,
          1.349691
        ],
        [
          0.0,
          0.0,
          0.0,
          1.0
        ]
      ]
    },
    {
      "file_path": "/media/NFS/ttao/scannet/posed_images/scene0442_00/00300.jpg",
      "transform_matrix": [
        [
          0.314209,
          -0.464719,
          0.827834,
          4.452356
        ],
        [
          -0.949028,
          -0.130905,
          0.286723,
          4.652507
        ],
        [
          -0.024878,
          -0.875729,
          -0.482162,
          1.359678
        ],
        [
          0.0,
          0.0,
          0.0,
          1.0
        ]
      ]
    },
    {
      "file_path": "/media/NFS/ttao/scannet/posed_images/scene0442_00/00306.jpg",
      "transform_matrix": [
        [
          0.145554,
          -0.483279,
          0.863282,
          4.449887
        ],
        [
          -0.989092,
          -0.051153,
          0.13813,
          4.636674
        ],
        [
          -0.022596,
          -0.873971,
          -0.485453,
          1.353666
        ],
        [
          0.0,
          0.0,
          0.0,
          1.0
        ]
      ]
    },
    {
      "file_path": "/media/NFS/ttao/scannet/posed_images/scene0442_00/00310.jpg",
      "transform_matrix": [
        [
          0.083069,
          -0.485302,
          0.870392,
          4.456772
        ],
        [
          -0.996081,
          -0.013826,
          0.087355,
          4.598645
        ],
        [
          -0.030359,
          -0.874237,
          -0.484549,
          1.351127
        ],
        [
          0.0,
          0.0,
          0.0,
          1.0
        ]
      ]
    },
    {
      "file_path": "/media/NFS/ttao/scannet/posed_images/scene0442_00/00313.jpg",
      "transform_matrix": [
        [
          0.055078,
          -0.48406,
          0.873299,
          4.454624
        ],
        [
          -0.998069,
          -0.001529,
          0.062099,
          4.583728
        ],
        [
          -0.028724,
          -0.875033,
          -0.48321,
          1.349213
        ],
        [
          0.0,
          0.0,
          0.0,
          1.0
        ]
      ]
    },
    {
      "file_path": "/media/NFS/ttao/scannet/posed_images/scene0442_00/00316.jpg",
      "transform_matrix": [
        [
          0.031359,
          -0.487817,
          0.872383,
          4.452833
        ],
        [
          -0.99903,
          0.01169,
          0.042448,
          4.568199
        ],
        [
          -0.030905,
          -0.872868,
          -0.486977,
          1.361639
        ],
        [
          0.0,
          0.0,
          0.0,
          1.0
        ]
      ]
    },
    {
      "file_path": "/media/NFS/ttao/scannet/posed_images/scene0442_00/00325.jpg",
      "transform_matrix": [
        [
          -0.021886,
          -0.429171,
          0.902958,
          4.422725
        ],
        [
          -0.999353,
          0.035181,
          -0.007501,
          4.520107
        ],
        [
          -0.028548,
          -0.902538,
          -0.429664,
          1.367024
        ],
        [
          0.0,
          0.0,
          0.0,
          1.0
        ]
      ]
    },
    {
      "file_path": "/media/NFS/ttao/scannet/posed_images/scene0442_00/00326.jpg",
      "transform_matrix": [
        [
          -0.024232,
          -0.427825,
          0.903537,
          4.420351
        ],
        [
          -0.999297,
          0.036238,
          -0.009641,
          4.514974
        ],
        [
          -0.028617,
          -0.903135,
          -0.428402,
          1.369269
        ],
        [
          0.0,
          0.0,
          0.0,
          1.0
        ]
      ]
    },
    {
      "file_path": "/media/NFS/ttao/scannet/posed_images/scene0442_00/00335.jpg",
      "transform_matrix": [
        [
          -0.04735,
          -0.406248,
          0.912535,
          4.376686
        ],
        [
          -0.998648,
          0.03887,
          -0.034514,
          4.488038
        ],
        [
          -0.021449,
          -0.912936,
          -0.40754,
          1.378333
        ],
        [
          0.0,
          0.0,
          0.0,
          1.0
        ]
      ]
    },
    {
      "file_path": "/media/NFS/ttao/scannet/posed_images/scene0442_00/00336.jpg",
      "transform_matrix": [
        [
          -0.047587,
          -0.403427,
          0.913774,
          4.367777
        ],
        [
          -0.998641,
          0.038694,
          -0.034924,
          4.486397
        ],
        [
          -0.021268,
          -0.914194,
          -0.40472,
          1.380056
        ],
        [
          0.0,
          0.0,
          0.0,
          1.0
        ]
      ]
    },
    {
      "file_path": "/media/NFS/ttao/scannet/posed_images/scene0442_00/00343.jpg",
      "transform_matrix": [
        [
          -0.083122,
          -0.399012,
          0.91317,
          4.332546
        ],
        [
          -0.996466,
          0.044375,
          -0.071314,
          4.461499
        ],
        [
          -0.012067,
          -0.915871,
          -0.40129,
          1.378153
        ],
        [
          0.0,
          0.0,
          0.0,
          1.0
        ]
      ]
    },
    {
      "file_path": "/media/NFS/ttao/scannet/posed_images/scene0442_00/00345.jpg",
      "transform_matrix": [
        [
          -0.108479,
          -0.399548,
          0.910271,
          4.325072
        ],
        [
          -0.99407,
          0.050546,
          -0.09628,
          4.471113
        ],
        [
          -0.007542,
          -0.915318,
          -0.402662,
          1.377592
        ],
        [
          0.0,
          0.0,
          0.0,
          1.0
        ]
      ]
    },
    {
      "file_path": "/media/NFS/ttao/scannet/posed_images/scene0442_00/00354.jpg",
      "transform_matrix": [
        [
          -0.269773,
          -0.371464,
          0.88839,
          4.326192
        ],
        [
          -0.962924,
          0.103405,
          -0.24917,
          4.531979
        ],
        [
          0.000694,
          -0.922671,
          -0.385587,
          1.368729
        ],
        [
          0.0,
          0.0,
          0.0,
          1.0
        ]
      ]
    },
    {
      "file_path": "/media/NFS/ttao/scannet/posed_images/scene0442_00/00358.jpg",
      "transform_matrix": [
        [
          -0.308693,
          -0.366091,
          0.877888,
          4.337479
        ],
        [
          -0.951139,
          0.125157,
          -0.282258,
          4.563107
        ],
        [
          -0.006542,
          -0.922125,
          -0.386838,
          1.373191
        ],
        [
          0.0,
          0.0,
          0.0,
          1.0
        ]
      ]
    },
    {
      "file_path": "/media/NFS/ttao/scannet/posed_images/scene0442_00/00359.jpg",
      "transform_matrix": [
        [
          -0.319658,
          -0.365566,
          0.874174,
          4.339409
        ],
        [
          -0.947515,
          0.128947,
          -0.292553,
          4.573877
        ],
        [
          -0.005775,
          -0.92181,
          -0.387598,
          1.374653
        ],
        [
          0.0,
          0.0,
          0.0,
          1.0
        ]
      ]
    },
    {
      "file_path": "/media/NFS/ttao/scannet/posed_images/scene0442_00/00365.jpg",
      "transform_matrix": [
        [
          -0.36912,
          -0.361178,
          0.85633,
          4.346186
        ],
        [
          -0.92913,
          0.164856,
          -0.330968,
          4.567766
        ],
        [
          -0.021633,
          -0.917809,
          -0.396433,
          1.365329
        ],
        [
          0.0,
          0.0,
          0.0,
          1.0
        ]
      ]
    },
    {
      "file_path": "/media/NFS/ttao/scannet/posed_images/scene0442_00/00371.jpg",
      "transform_matrix": [
        [
          -0.409478,
          -0.36209,
          0.837388,
          4.346234
        ],
        [
          -0.912023,
          0.185872,
          -0.365602,
          4.572835
        ],
        [
