{
  "frames": [
    {
      "file_path": "/media/NFS/ttao/scannet/posed_images/scene0280_01/00000.jpg",
      "transform_matrix": [
        [
          -0.564338,
          -0.256087,
          0.78482,
          1.712565
        ],
        [
          -0.825392,
          0.156762,
          -0.54236,
          2.972189
        ],
        [
          0.015861,
          -0.953858,
          -0.299839,
          1.55034
        ],
        [
          0.0,
          0.0,
          0.0,
          1.0
        ]
      ]
    },
    {
      "file_path": "/media/NFS/ttao/scannet/posed_images/scene0280_01/00005.jpg",
      "transform_matrix": [
        [
          -0.565353,
          -0.272776,
          0.77844,
          1.71896
        ],
        [
          -0.824725,
          0.170563,
          -0.539201,
          2.965741
        ],
        [
          0.014307,
          -0.946838,
          -0.321393,
          1.53812
        ],
        [
          0.0,
          0.0,
          0.0,
          1.0
        ]
      ]
    },
    {
      "file_path": "/media/NFS/ttao/scannet/posed_images/scene0280_01/00011.jpg",
      "transform_matrix": [
        [
          -0.562517,
          -0.291714,
          0.773614,
          1.736616
        ],
        [
          -0.826696,
          0.184609,
          -0.531502,
          2.960782
        ],
        [
          0.01223,
          -0.938522,
          -0.345004,
          1.51999
        ],
        [
          0.0,
          0.0,
          0.0,
          1.0
        ]
      ]
    },
    {
      "file_path": "/media/NFS/ttao/scannet/posed_images/scene0280_01/00022.jpg",
      "transform_matrix": [
        [
          -0.562797,
          -0.352446,
          0.747691,
          1.839246
        ],
        [
          -0.82463,
          0.177066,
          -0.537245,
          2.942023
        ],
        [
          0.056959,
          -0.918929,
          -0.39029,
          1.492903
        ],
        [
          0.0,
          0.0,
          0.0,
          1.0
        ]
      ]
    },
    {
      "file_path": "/media/NFS/ttao/scannet/posed_images/scene0280_01/00024.jpg",
      "transform_matrix": [
        [
          -0.563308,
          -0.361674,
          0.742884,
          1.867851
        ],
        [
          -0.823368,
          0.170718,
          -0.541222,
          2.934519
        ],
        [
          0.068923,
          -0.916541,
          -0.393957,
          1.484297
        ],
        [
          0.0,
          0.0,
          0.0,
          1.0
        ]
      ]
    },
    {
      "file_path": "/media/NFS/ttao/scannet/posed_images/scene0280_01/00033.jpg",
      "transform_matrix": [
        [
          -0.569571,
          -0.376594,
          0.730592,
          2.098858
        ],
        [
          -0.813894,
          0.134324,
          -0.565274,
          2.908562
        ],
        [
          0.114743,
          -0.916588,
          -0.383015,
          1.467342
        ],
        [
          0.0,
          0.0,
          0.0,
          1.0
        ]
      ]
    },
    {
      "file_path": "/media/NFS/ttao/scannet/posed_images/scene0280_01/00038.jpg",
      "transform_matrix": [
        [
          -0.560932,
          -0.404456,
          0.722336,
          2.190138
        ],
        [
          -0.818156,
          0.137614,
          -0.558287,
          2.89293
        ],
        [
          0.126399,
          -0.904144,
          -0.408101,
          1.458118
        ],
        [
          0.0,
          0.0,
          0.0,
          1.0
        ]
      ]
    },
    {
      "file_path": "/media/NFS/ttao/scannet/posed_images/scene0280_01/00042.jpg",
      "transform_matrix": [
        [
          -0.557841,
          -0.415897,
          0.718222,
          2.263431
        ],
        [
          -0.820522,
          0.146312,
          -0.552573,
          2.866735
        ],
        [
          0.124729,
          -0.897564,
          -0.422872,
          1.466529
        ],
        [
          0.0,
          0.0,
          0.0,
          1.0
        ]
      ]
    },
    {
      "file_path": "/media/NFS/ttao/scannet/posed_images/scene0280_01/00047.jpg",
      "transform_matrix": [
        [
          -0.55437,
          -0.389514,
          0.735495,
          2.346398
        ],
        [
          -0.82468,
          0.138004,
          -0.548506,
          2.827989
        ],
        [
          0.11215,
          -0.910623,
          -0.397729,
          1.475163
        ],
        [
          0.0,
          0.0,
          0.0,
          1.0
        ]
      ]
    },
    {
      "file_path": "/media/NFS/ttao/scannet/posed_images/scene0280_01/00056.jpg",
      "transform_matrix": [
        [
          -0.60476,
          -0.227232,
          0.763302,
          2.520633
        ],
        [
          -0.788472,
          0.03587,
          -0.614023,
          2.721581
        ],
        [
          0.112146,
          -0.97318,
          -0.200859,
          1.51646
        ],
        [
          0.0,
          0.0,
          0.0,
          1.0
        ]
      ]
    },
    {
      "file_path": "/media/NFS/ttao/scannet/posed_images/scene0280_01/00060.jpg",
      "transform_matrix": [
        [
          -0.619604,
          -0.195798,
          0.760101,
          2.591503
        ],
        [
          -0.773748,
          -0.010403,
          -0.633408,
          2.686891
        ],
        [
          0.131928,
          -0.980589,
          -0.145052,
          1.523822
        ],
        [
          0.0,
          0.0,
          0.0,
          1.0
        ]
      ]
    },
    {
      "file_path": "/media/NFS/ttao/scannet/posed_images/scene0280_01/00067.jpg",
      "transform_matrix": [
        [
          -0.760282,
          -0.18005,
          0.624143,
          2.736128
        ],
        [
          -0.627269,
          -0.04624,
          -0.777429,
          2.662046
        ],
        [
          0.168836,
          -0.98257,
          -0.077784,
          1.529265
        ],
        [
          0.0,
          0.0,
          0.0,
          1.0
        ]
      ]
    },
    {
      "file_path": "/media/NFS/ttao/scannet/posed_images/scene0280_01/00076.jpg",
      "transform_matrix": [
        [
          -0.962678,
          -0.119145,
          0.243011,
          2.924921
        ],
        [
          -0.248651,
          0.034777,
          -0.967968,
          2.612754
        ],
        [
          0.106877,
          -0.992268,
          -0.063105,
          1.559417
        ],
        [
          0.0,
          0.0,
          0.0,
          1.0
        ]
      ]
    },
    {
      "file_path": "/media/NFS/ttao/scannet/posed_images/scene0280_01/00081.jpg",
      "transform_matrix": [
        [
          -0.99256,
          -0.101772,
          0.066831,
          2.952964
        ],
        [
          -0.074329,
          0.071756,
          -0.994649,
          2.59493
        ],
        [
          0.096431,
          -0.992217,
          -0.078787,
          1.561336
        ],
        [
          0.0,
          0.0,
          0.0,
          1.0
        ]
      ]
    },
    {
      "file_path": "/media/NFS/ttao/scannet/posed_images/scene0280_01/00087.jpg",
      "transform_matrix": [
        [
          -0.978412,
          -0.075247,
          -0.192479,
          3.01124
        ],
        [
          0.179766,
          0.149583,
          -0.97227,
          2.598891
        ],
        [
          0.101952,
          -0.985882,
          -0.132827,
          1.535271
        ],
        [
          0.0,
          0.0,
          0.0,
          1.0
        ]
      ]
    },
    {
      "file_path": "/media/NFS/ttao/scannet/posed_images/scene0280_01/00090.jpg",
      "transform_matrix": [
        [
          -0.959092,
          -0.053214,
          -0.278048,
          2.989653
        ],
        [
          0.2648,
          0.178714,
          -0.947598,
          2.627514
        ],
        [
          0.100116,
          -0.982461,
          -0.157313,
          1.531913
        ],
        [
          0.0,
          0.0,
          0.0,
          1.0
        ]
      ]
    },
    {
      "file_path": "/media/NFS/ttao/scannet/posed_images/scene0280_01/00100.jpg",
      "transform_matrix": [
        [
          -0.875853,
          0.074155,
          -0.476846,
          3.042235
        ],
        [
          0.479625,
          0.242892,
          -0.843186,
          2.758984
        ],
        [
          0.053296,
          -0.967215,
          -0.248305,
          1.475053
        ],
        [
          0.0,
          0.0,
          0.0,
          1.0
        ]
      ]
    },
    {
      "file_path": "/media/NFS/ttao/scannet/posed_images/scene0280_01/00103.jpg",
      "transform_matrix": [
        [
          -0.860582,
          0.120249,
          -0.494913,
          3.06141
        ],
        [
          0.508384,
          0.261428,
          -0.820488,
          2.779849
        ],
        [
          0.030721,
          -0.957703,
          -0.286113,
          1.471673
        ],
        [
          0.0,
          0.0,
          0.0,
          1.0
        ]
      ]
    },
    {
      "file_path": "/media/NFS/ttao/scannet/posed_images/scene0280_01/00110.jpg",
      "transform_matrix": [
        [
          -0.81239,
          0.229616,
          -0.536002,
          3.095061
        ],
        [
          0.583098,
          0.313079,
          -0.749652,
          2.839213
        ],
        [
          -0.004321,
          -0.921552,
          -0.388231,
          1.421837
        ],
        [
          0.0,
          0.0,
          0.0,
          1.0
        ]
      ]
    },
    {
      "file_path": "/media/NFS/ttao/scannet/posed_images/scene0280_01/00118.jpg",
      "transform_matrix": [
        [
          -0.722081,
          0.343673,
          -0.600406,
          3.145087
        ],
        [
          0.691792,
          0.364646,
          -0.623263,
          2.824571
        ],
        [
          0.004738,
          -0.865403,
          -0.501055,
          1.381337
        ],
        [
          0.0,
          0.0,
          0.0,
          1.0
        ]
      ]
    },
    {
      "file_path": "/media/NFS/ttao/scannet/posed_images/scene0280_01/00121.jpg",
      "transform_matrix": [
        [
          -0.695841,
          0.382051,
          -0.608146,
          3.13133
        ],
        [
          0.718183,
          0.375061,
          -0.586125,
          2.845335
        ],
        [
          0.004162,
          -0.84461,
          -0.535366,
          1.379698
        ],
        [
          0.0,
          0.0,
          0.0,
          1.0
        ]
      ]
    },
    {
      "file_path": "/media/NFS/ttao/scannet/posed_images/scene0280_01/00125.jpg",
      "transform_matrix": [
        [
          -0.638519,
          0.438106,
          -0.632737,
          3.159697
        ],
        [
          0.769582,
          0.357034,
          -0.529406,
          2.829699
        ],
        [
          -0.006027,
          -0.824979,
          -0.565132,
          1.36712
        ],
        [
          0.0,
          0.0,
          0.0,
          1.0
        ]
      ]
    },
    {
      "file_path": "/media/NFS/ttao/scannet/posed_images/scene0280_01/00136.jpg",
      "transform_matrix": [
        [
          -0.452325,
          0.544032,
          -0.706704,
          3.173048
        ],
        [
          0.891839,
          0.280368,
          -0.354989,
          2.840327
        ],
        [
          0.005012,
          -0.790837,
          -0.612007,
          1.338117
        ],
        [
          0.0,
          0.0,
          0.0,
          1.0
        ]
      ]
    },
    {
      "file_path": "/media/NFS/ttao/scannet/posed_images/scene0280_01/00139.jpg",
      "transform_matrix": [
        [
          -0.386482,
          0.565327,
          -0.728723,
          3.159885
        ],
        [
          0.922101,
          0.253131,
          -0.292668,
          2.843092
        ],
        [
          0.019009,
          -0.785067,
          -0.619119,
          1.337741
        ],
        [
          0.0,
          0.0,
          0.0,
          1.0
        ]
      ]
    },
    {
      "file_path": "/media/NFS/ttao/scannet/posed_images/scene0280_01/00145.jpg",
      "transform_matrix": [
        [
          -0.207204,
          0.548371,
          -0.810158,
          3.075679
        ],
        [
          0.9721,
          0.208483,
          -0.107506,
          2.855983
        ],
        [
          0.109951,
          -0.80983,
          -0.576269,
          1.363283
        ],
        [
          0.0,
          0.0,
          0.0,
          1.0
        ]
      ]
    },
    {
      "file_path": "/media/NFS/ttao/scannet/posed_images/scene0280_01/00150.jpg",
      "transform_matrix": [
        [
          -0.099933,
          0.530511,
          -0.841767,
          2.998324
        ],
        [
          0.988004,
          0.153011,
          -0.020862,
          2.870225
        ],
        [
          0.117732,
          -0.833754,
          -0.539438,
          1.386643
        ],
        [
          0.0,
          0.0,
          0.0,
          1.0
        ]
      ]
    },
    {
      "file_path": "/media/NFS/ttao/scannet/posed_images/scene0280_01/00156.jpg",
      "transform_matrix": [
        [
          0.021207,
          0.4778,
          -0.878212,
          2.882307
        ],
        [
          0.997382,
          0.050636,
          0.051634,
          2.85838
        ],
        [
          0.06914,
          -0.877008,
          -0.475476,
          1.429713
        ],
        [
          0.0,
          0.0,
          0.0,
          1.0
        ]
      ]
    },
    {
      "file_path": "/media/NFS/ttao/scannet/posed_images/scene0280_01/00161.jpg",
      "transform_matrix": [
        [
          0.040698,
          0.409125,
          -0.91157,
          2.816494
        ],
        [
          0.997984,
          0.027818,
          0.057041,
          2.894263
        ],
        [
          0.048695,
          -0.912054,
          -0.407169,
          1.467835
        ],
        [
          0.0,
          0.0,
          0.0,
          1.0
        ]
      ]
    },
    {
      "file_path": "/media/NFS/ttao/scannet/posed_images/scene0280_01/00168.jpg",
      "transform_matrix": [
        [
          0.180769,
          0.343371,
          -0.921639,
          2.749415
        ],
        [
          0.980232,
          0.013723,
          0.197373,
          2.856754
        ],
        [
          0.08042,
          -0.939099,
          -0.334103,
          1.484608
        ],
        [
          0.0,
          0.0,
          0.0,
          1.0
        ]
      ]
    },
    {
      "file_path": "/media/NFS/ttao/scannet/posed_images/scene0280_01/00177.jpg",
      "transform_matrix": [
        [
          0.492233,
          0.265208,
          -0.829079,
          2.667991
        ],
        [
          0.867361,
          -0.069096,
          0.492859,
          2.80515
        ],
        [
          0.073424,
          -0.961712,
          -0.264042,
          1.510999
        ],
        [
          0.0,
          0.0,
          0.0,
          1.0
        ]
      ]
    },
    {
      "file_path": "/media/NFS/ttao/scannet/posed_images/scene0280_01/00185.jpg",
      "transform_matrix": [
        [
          0.655665,
          0.180178,
          -0.733239,
          2.683215
        ],
        [
          0.754484,
          -0.118699,
          0.645495,
          2.782616
        ],
        [
          0.02927,
          -0.976446,
          -0.213768,
          1.486003
        ],
        [
          0.0,
          0.0,
          0.0,
          1.0
        ]
      ]
    },
    {
      "file_path": "/media/NFS/ttao/scannet/posed_images/scene0280_01/00186.jpg",
      "transform_matrix": [
        [
          0.674178,
          0.182442,
          -0.715681,
          2.680394
        ],
        [
          0.737776,
          -0.121446,
          0.664032,
          2.777838
        ],
        [
          0.03423,
          -0.975687,
          -0.216478,
          1.484368
        ],
        [
          0.0,
          0.0,
          0.0,
          1.0
        ]
      ]
    },
    {
      "file_path": "/media/NFS/ttao/scannet/posed_images/scene0280_01/00195.jpg",
      "transform_matrix": [
        [
          0.821133,
          0.175071,
          -0.543223,
          2.73194
        ],
        [
          0.565108,
          -0.11604,
          0.816816,
          2.795354
        ],
        [
          0.079965,
          -0.977694,
          -0.194218,
          1.507278
        ],
        [
          0.0,
          0.0,
          0.0,
          1.0
        ]
      ]
    },
    {
      "file_path": "/media/NFS/ttao/scannet/posed_images/scene0280_01/00201.jpg",
      "transform_matrix": [
        [
          0.873956,
          0.134178,
          -0.467115,
          2.806991
        ],
        [
          0.477324,
          -0.056139,
          0.876932,
          2.767944
        ],
        [
          0.091441,
          -0.989366,
          -0.11311,
          1.505496
        ],
        [
          0.0,
          0.0,
          0.0,
          1.0
        ]
      ]
    },
    {
      "file_path": "/media/NFS/ttao/scannet/posed_images/scene0280_01/00205.jpg",
      "transform_matrix": [
        [
          0.911885,
          0.091182,
          -0.40019,
          2.820497
        ],
        [
          0.403707,
          -0.023299,
          0.914591,
          2.732215
        ],
        [
          0.074071,
          -0.995562,
          -0.058057,
          1.521114
        ],
        [
          0.0,
          0.0,
          0.0,
          1.0
        ]
      ]
    },
    {
      "file_path": "/media/NFS/ttao/scannet/posed_images/scene0280_01/00214.jpg",
      "transform_matrix": [
        [
          0.966736,
          0.045145,
          -0.251761,
          2.87846
        ],
        [
          0.250884,
          0.024225,
          0.967714,
          2.665874
        ],
        [
          0.049786,
          -0.998687,
          0.012093,
          1.532233
        ],
        [
          0.0,
          0.0,
          0.0,
          1.0
        ]
      ]
    },
    {
      "file_path": "/media/NFS/ttao/scannet/posed_images/scene0280_01/00215.jpg",
      "transform_matrix": [
        [
          0.975337,
          0.038342,
          -0.217363,
          2.882725
        ],
        [
          0.216867,
          0.016727,
          0.976058,
          2.65923
        ],
        [
          0.04106,
          -0.999125,
          0.007999,
          1.531331
        ],
        [
          0.0,
          0.0,
          0.0,
          1.0
        ]
      ]
    },
    {
      "file_path": "/media/NFS/ttao/scannet/posed_images/scene0280_01/00226.jpg",
      "transform_matrix": [
        [
          0.996795,
          -0.053677,
          -0.059317,
          2.876509
        ],
        [
          0.054547,
          -0.086345,
          0.994771,
          2.638003
        ],
        [
          -0.058518,
          -0.994818,
          -0.083141,
          1.502412
        ],
        [
          0.0,
          0.0,
          0.0,
          1.0
        ]
      ]
    },
    {
      "file_path": "/media/NFS/ttao/scannet/posed_images/scene0280_01/00230.jpg",
      "transform_matrix": [
        [
          0.99504,
          -0.070038,
          -0.070643,
          2.921208
        ],
        [
          0.058081,
          -0.167498,
          0.98416,
          2.659248
        ],
        [
          -0.080761,
          -0.983381,
          -0.162599,
          1.493882
        ],
        [
          0.0,
          0.0,
          0.0,
          1.0
        ]
      ]
    },
    {
      "file_path": "/media/NFS/ttao/scannet/posed_images/scene0280_01/00233.jpg",
      "transform_matrix": [
        [
          0.993923,
          -0.080464,
          -0.075116,
          2.921295
        ],
        [
          0.055824,
          -0.219676,
          0.973974,
          2.662928
        ],
        [
          -0.094871,
          -0.972249,
          -0.213849,
          1.476603
        ],
        [
          0.0,
          0.0,
          0.0,
          1.0
        ]
      ]
    },
    {
      "file_path": "/media/NFS/ttao/scannet/posed_images/scene0280_01/00241.jpg",
      "transform_matrix": [
        [
          0.990088,
          -0.061771,
          -0.126132,
          2.950735
        ],
        [
          0.092872,
          -0.385746,
          0.917919,
          2.682056
        ],
        [
          -0.105356,
          -0.920535,
          -0.376186,
          1.430836
        ],
        [
          0.0,
          0.0,
          0.0,
          1.0
        ]
      ]
    },
    {
      "file_path": "/media/NFS/ttao/scannet/posed_images/scene0280_01/00246.jpg",
      "transform_matrix": [
        [
          0.990295,
          -0.05673,
          -0.126878,
          2.950495
        ],
        [
          0.084433,
          -0.479568,
          0.873433,
          2.678838
        ],
        [
          -0.110397,
          -0.875669,
          -0.470124,
          1.400154
        ],
        [
          0.0,
          0.0,
          0.0,
          1.0
        ]
      ]
    },
    {
      "file_path": "/media/NFS/ttao/scannet/posed_images/scene0280_01/00252.jpg",
      "transform_matrix": [
        [
          0.994153,
          -0.047979,
          -0.096737,
          2.977664
        ],
        [
          0.05526,
          -0.543616,
          0.837513,
          2.680967
        ],
        [
          -0.092771,
          -0.837962,
          -0.537786,
          1.370415
        ],
        [
          0.0,
          0.0,
          0.0,
          1.0
        ]
      ]
    },
    {
      "file_path": "/media/NFS/ttao/scannet/posed_images/scene0280_01/00261.jpg",
      "transform_matrix": [
        [
          0.992765,
          -0.061919,
          0.102875,
          2.982363
        ],
        [
          -0.119637,
          -0.582976,
          0.803633,
          2.724046
        ],
        [
          0.010214,
          -0.810126,
          -0.586166,
          1.353274
        ],
        [
          0.0,
          0.0,
          0.0,
          1.0
        ]
      ]
    },
    {
      "file_path": "/media/NFS/ttao/scannet/posed_images/scene0280_01/00268.jpg",
      "transform_matrix": [
        [
          0.957514,
          -0.09687,
          0.271628,
          2.944957
        ],
        [
          -0.284131,
          -0.478056,
          0.831102,
          2.772547
        ],
        [
          0.049345,
          -0.872971,
          -0.48527,
          1.394668
        ],
        [
          0.0,
          0.0,
          0.0,
          1.0
        ]
      ]
    },
    {
      "file_path": "/media/NFS/ttao/scannet/posed_images/scene0280_01/00272.jpg",
      "transform_matrix": [
        [
          0.937563,
          -0.106577,
          0.331084,
          2.964611
        ],
        [
          -0.345284,
          -0.399823,
          0.84907,
          2.790401
        ],
        [
          0.041884,
          -0.910375,
          -0.411659,
          1.451128
        ],
        [
          0.0,
          0.0,
          0.0,
          1.0
        ]
      ]
    },
    {
      "file_path": "/media/NFS/ttao/scannet/posed_images/scene0280_01/00281.jpg",
      "transform_matrix": [
        [
          0.879616,
          -0.113732,
          0.461889,
          2.93504
        ],
        [
          -0.475568,
          -0.23184,
          0.848579,
          2.816839
        ],
        [
          0.010574,
          -0.966083,
          -0.258017,
          1.51384
        ],
        [
          0.0,
          0.0,
          0.0,
          1.0
        ]
      ]
    },
    {
      "file_path": "/media/NFS/ttao/scannet/posed_images/scene0280_01/00286.jpg",
      "transform_matrix": [
        [
          0.852001,
          -0.09342,
          0.515137,
          2.915168
        ],
        [
          -0.523358,
          -0.126101,
          0.842731,
          2.826765
        ],
        [
          -0.013769,
          -0.987609,
          -0.15633,
          1.541533
        ],
        [
          0.0,
          0.0,
          0.0,
          1.0
        ]
      ]
    },
    {
      "file_path": "/media/NFS/ttao/scannet/posed_images/scene0280_01/00293.jpg",
      "transform_matrix": [
        [
          0.80121,
          -0.050624,
          0.596238,
          2.9323
        ],
        [
          -0.598342,
          -0.056207,
          0.799267,
          2.852421
        ],
        [
          -0.006949,
          -0.997135,
          -0.075324,
          1.572071
        ],
        [
          0.0,
          0.0,
          0.0,
          1.0
        ]
      ]
    },
    {
      "file_path": "/media/NFS/ttao/scannet/posed_images/scene0280_01/00299.jpg",
      "transform_matrix": [
        [
          0.791696,
          -0.011302,
          0.61081,
          2.977054
        ],
        [
          -0.609781,
          0.046252,
          0.791219,
          2.894445
        ],
        [
          -0.037193,
          -0.998866,
          0.029726,
          1.615399
        ],
        [
          0.0,
          0.0,
          0.0,
          1.0
        ]
      ]
    },
    {
      "file_path": "/media/NFS/ttao/scannet/posed_images/scene0280_01/00300.jpg",
      "transform_matrix": [
        [
          0.794691,
          0.012268,
          0.60689,
          3.003418
        ],
        [
          -0.605395,
          0.088991,
          0.790935,
          2.883073
        ],
        [
          -0.044304,
          -0.995957,
          0.078147,
          1.583138
        ],
        [
          0.0,
          0.0,
          0.0,
          1.0
        ]
      ]
    },
    {
      "file_path": "/media/NFS/ttao/scannet/posed_images/scene0280_01/00311.jpg",
      "transform_matrix": [
        [
          0.618058,
          0.049832,
          0.784551,
          3.125561
        ],
        [
          -0.784493,
          0.103513,
          0.611438,
          2.913034
        ],
        [
          -0.050742,
          -0.993379,
          0.10307,
          1.585517
        ],
        [
          0.0,
          0.0,
          0.0,
          1.0
        ]
      ]
    },
    {
      "file_path": "/media/NFS/ttao/scannet/posed_images/scene0280_01/00315.jpg",
      "transform_matrix": [
        [
          0.495677,
          0.012883,
          0.868411,
          3.15571
        ],
        [
          -0.868235,
          0.032386,
          0.495096,
          2.98568
        ],
        [
          -0.021746,
          -0.999392,
          0.027238,
          1.64819
        ],
        [
          0.0,
          0.0,
          0.0,
          1.0
        ]
      ]
    },
    {
      "file_path": "/media/NFS/ttao/scannet/posed_images/scene0280_01/00320.jpg",
      "transform_matrix": [
        [
          0.399984,
          -0.04414,
          0.915458,
          3.192429
        ],
        [
          -0.914844,
          0.041183,
          0.401702,
          3.006204
        ],
        [
          -0.055432,
          -0.998176,
          -0.023909,
          1.590464
        ],
        [
          0.0,
          0.0,
          0.0,
          1.0
        ]
      ]
    },
    {
      "file_path": "/media/NFS/ttao/scannet/posed_images/scene0280_01/00329.jpg",
      "transform_matrix": [
        [
          0.254451,
          -0.222851,
          0.941059,
          3.208786
        ],
        [
          -0.963958,
          0.019757,
          0.265321,
          3.125972
        ],
        [
          -0.07772,
          -0.974652,
          -0.209791,
          1.560359
        ],
        [
          0.0,
          0.0,
          0.0,
          1.0
        ]
      ]
    },
    {
      "file_path": "/media/NFS/ttao/scannet/posed_images/scene0280_01/00335.jpg",
      "transform_matrix": [
        [
          0.194729,
          -0.361562,
          0.911786,
          3.227368
        ],
        [
          -0.976664,
          0.014384,
          0.214289,
          3.179546
        ],
        [
          -0.090594,
          -0.932237,
          -0.350324,
          1.514177
        ],
        [
          0.0,
          0.0,
          0.0,
          1.0
        ]
      ]
    },
    {
      "file_path": "/media/NFS/ttao/scannet/posed_images/scene0280_01/00340.jpg",
      "transform_matrix": [
        [
          0.170432,
          -0.449242,
          0.877003,
          3.236772
        ],
        [
          -0.97856,
          0.027286,
          0.204145,
          3.206456
        ],
        [
          -0.11564,
          -0.892993,
          -0.43496,
          1.471497
        ],
        [
          0.0,
          0.0,
          0.0,
          1.0
        ]
      ]
    },
    {
      "file_path": "/media/NFS/ttao/scannet/posed_images/scene0280_01/00346.jpg",
      "transform_matrix": [
        [
          0.201303,
          -0.522445,
          0.828569,
          3.217874
        ],
        [
          -0.975752,
          -0.032743,
          0.216416,
          3.221885
        ],
        [
          -0.085936,
          -0.852044,
          -0.516368,
          1.419916
        ],
        [
          0.0,
          0.0,
          0.0,
          1.0
        ]
      ]
    },
    {
      "file_path": "/media/NFS/ttao/scannet/posed_images/scene0280_01/00351.jpg",
      "transform_matrix": [
        [
          0.207055,
          -0.559535,
          0.802526,
          3.163551
        ],
        [
          -0.976166,
          -0.063635,
          0.207488,
          3.244529
        ],
        [
          -0.065028,
          -0.82636,
          -0.559375,
          1.371873
        ],
        [
          0.0,
          0.0,
          0.0,
          1.0
        ]
      ]
    },
    {
      "file_path": "/media/NFS/ttao/scannet/posed_images/scene0280_01/00357.jpg",
      "transform_matrix": [
        [
          0.111948,
          -0.643311,
          0.757376,
          3.104106
        ],
        [
          -0.992481,
          -0.034425,
          0.117459,
          3.243599
        ],
        [
          -0.04949,
          -0.764831,
          -0.642328,
          1.349841
        ],
        [
          0.0,
          0.0,
          0.0,
          1.0
        ]
      ]
    },
    {
      "file_path": "/media/NFS/ttao/scannet/posed_images/scene0280_01/00366.jpg",
      "transform_matrix": [
        [
          -0.063286,
          -0.677442,
          0.732848,
          3.013895
        ],
        [
          -0.99799,
          0.040659,
          -0.048597,
          3.204157
        ],
        [
          0.003125,
          -0.734451,
          -0.678654,
          1.331121
        ],
        [
          0.0,
          0.0,
          0.0,
          1.0
        ]
      ]
    },
    {
      "file_path": "/media/NFS/ttao/scannet/posed_images/scene0280_01/00371.jpg",
      "transform_matrix": [
        [
          -0.16407,
          -0.661103,
          0.732136,
          2.975088
        ],
        [
          -0.986079,
          0.089605,
          -0.140066,
          3.187808
        ],
        [
          0.026995,
          -0.744925,
          -0.666602,
          1.340348
        ],
        [
          0.0,
          0.0,
          0.0,
          1.0
        ]
      ]
    },
    {
      "file_path": "/media/NFS/ttao/scannet/posed_images/scene0280_01/00376.jpg",
      "transform_matrix": [
        [
          -0.263626,
          -0.621474,
          0.737747,
          2.97197
        ],
        [
          -0.964501,
          0.157556,
          -0.211929,
          3.186027
        ],
        [
          0.015472,
          -0.767428,
          -0.640948,
          1.360796
        ],
        [
          0.0,
          0.0,
          0.0,
          1.0
        ]
      ]
    },
    {
      "file_path": "/media/NFS/ttao/scannet/posed_images/scene0280_01/00380.jpg",
      "transform_matrix": [
        [
          -0.325285,
          -0.558152,
          0.763319,
          2.979504
        ],
        [
          -0.945517,
          0.180279,
          -0.271105,
          3.156558
        ],
        [
          0.013707,
          -0.809917,
          -0.586384,
          1.383693
        ],
        [
          0.0,
          0.0,
          0.0,
          1.0
        ]
      ]
    },
    {
      "file_path": "/media/NFS/ttao/scannet/posed_images/scene0280_01/00386.jpg",
      "transform_matrix": [
        [
          -0.446214,
          -0.459828,
          0.767757,
          3.012788
        ],
        [
          -0.894796,
          0.214606,
          -0.391515,
          3.211639
        ],
        [
          0.015264,
          -0.861686,
          -0.507213,
          1.39466
        ],
        [
          0.0,
          0.0,
          0.0,
          1.0
        ]
      ]
    },
    {
      "file_path": "/media/NFS/ttao/scannet/posed_images/scene0280_01/00395.jpg",
      "transform_matrix": [
        [
          -0.626255,
          -0.353675,
          0.69478,
          3.038514
        ],
        [
          -0.779262,
          0.257037,
          -0.571561,
          3.25728
        ],
        [
          0.023563,
          -0.899359,
          -0.436576,
          1.414751
        ],
        [
          0.0,
          0.0,
          0.0,
          1.0
        ]
      ]
    },
    {
      "file_path": "/media/NFS/ttao/scannet/posed_images/scene0280_01/00400.jpg",
      "transform_matrix": [
        [
          -0.693279,
          -0.344855,
          0.632802,
          2.966442
        ],
        [
          -0.718185,
          0.257767,
          -0.646349,
          3.210927
        ],
        [
          0.059782,
          -0.902569,
          -0.426374,
          1.423169
        ],
        [
          0.0,
          0.0,
          0.0,
          1.0
        ]
      ]
    },
    {
      "file_path": "/media/NFS/ttao/scannet/posed_images/scene0280_01/00407.jpg",
      "transform_matrix": [
        [
          -0.771457,
          -0.335517,
          0.540632,
          2.977355
        ],
        [
          -0.632819,
          0.316053,
          -0.70686,
          3.213347
        ],
        [
          0.066296,
          -0.887434,
          -0.456143,
          1.411391
        ],
        [
          0.0,
          0.0,
          0.0,
          1.0
        ]
      ]
    },
    {
      "file_path": "/media/NFS/ttao/scannet/posed_images/scene0280_01/00411.jpg",
      "transform_matrix": [
        [
          -0.811049,
          -0.317997,
          0.490997,
          2.974302
        ],
        [
          -0.58093,
          0.33926,
          -0.739881,
          3.202181
        ],
        [
          0.068705,
          -0.885314,
          -0.45989,
          1.417218
        ],
        [
          0.0,
          0.0,
          0.0,
          1.0
        ]
      ]
    },
    {
      "file_path": "/media/NFS/ttao/scannet/posed_images/scene0280_01/00420.jpg",
      "transform_matrix": [
        [
          -0.888528,
          -0.280482,
          0.363107,
          3.000942
        ],
        [
          -0.438823,
          0.288395,
          -0.851036,
          3.214092
        ],
        [
          0.133982,
          -0.91551,
          -0.37933,
          1.429418
        ],
        [
          0.0,
          0.0,
          0.0,
          1.0
        ]
      ]
    },
    {
      "file_path": "/media/NFS/ttao/scannet/posed_images/scene0280_01/00424.jpg",
      "transform_matrix": [
        [
          -0.895392,
          -0.276021,
          0.349408,
          3.01159
        ],
        [
          -0.421967,
          0.275409,
          -0.863767,
          3.218516
        ],
        [
          0.142188,
          -0.920849,
          -0.36307,
          1.427315
        ],
        [
          0.0,
          0.0,
          0.0,
          1.0
        ]
      ]
    },
    {
      "file_path": "/media/NFS/ttao/scannet/posed_images/scene0280_01/00429.jpg",
      "transform_matrix": [
        [
          -0.897581,
          -0.275345,
          0.344286,
          3.024607
        ],
        [
          -0.40854,
          0.226059,
          -0.884304,
          3.212433
        ],
        [
          0.16566,
          -0.934389,
          -0.315395,
          1.435718
        ],
        [
          0.0,
          0.0,
          0.0,
          1.0
        ]
      ]
    },
    {
      "file_path": "/media/NFS/ttao/scannet/posed_images/scene0280_01/00434.jpg",
      "transform_matrix": [
        [
          -0.898167,
          -0.251923,
          0.360321,
          3.034091
        ],
        [
          -0.411134,
          0.190891,
          -0.891364,
          3.178436
        ],
        [
          0.155773,
          -0.948734,
          -0.275026,
          1.435248
        ],
        [
          0.0,
          0.0,
          0.0,
          1.0
        ]
      ]
    },
    {
      "file_path": "/media/NFS/ttao/scannet/posed_images/scene0280_01/00443.jpg",
      "transform_matrix": [
        [
          -0.945081,
          -0.172191,
          0.277799,
          3.120288
        ],
        [
          -0.304371,
          0.153998,
          -0.940023,
          3.034743
        ],
        [
          0.119083,
          -0.972952,
          -0.197951,
          1.435853
        ],
        [
          0.0,
          0.0,
          0.0,
          1.0
        ]
      ]
    },
    {
      "file_path": "/media/NFS/ttao/scannet/posed_images/scene0280_01/00445.jpg",
      "transform_matrix": [
        [
          -0.947492,
          -0.118801,
          0.296891,
          3.136298
        ],
        [
          -0.312495,
          0.146958,
          -0.938483,
          2.994454
        ],
        [
          0.067862,
          -0.981983,
          -0.176366,
          1.451132
        ],
        [
          0.0,
          0.0,
          0.0,
          1.0
        ]
      ]
    },
    {
      "file_path": "/media/NFS/ttao/scannet/posed_images/scene0280_01/00456.jpg",
      "transform_matrix": [
        [
          -0.994325,
          -0.091464,
          0.054334,
          3.233665
        ],
        [
          -0.063026,
          0.094989,
          -0.993481,
          2.880207
        ],
        [
          0.085706,
          -0.991268,
          -0.100214,
          1.46513
        ],
        [
          0.0,
          0.0,
          0.0,
          1.0
        ]
      ]
    },
    {
      "file_path": "/media/NFS/ttao/scannet/posed_images/scene0280_01/00460.jpg",
      "transform_matrix": [
        [
          -0.993436,
          -0.070316,
          -0.090226,
          3.234009
        ],
        [
          0.083177,
          0.097436,
          -0.99176,
          2.832572
        ],
        [
          0.078528,
          -0.992755,
          -0.090948,
          1.499222
        ],
        [
          0.0,
          0.0,
          0.0,
          1.0
        ]
      ]
    },
    {
      "file_path": "/media/NFS/ttao/scannet/posed_images/scene0280_01/00465.jpg",
      "transform_matrix": [
        [
          -0.958923,
          -0.01496,
          -0.28327,
          3.313728
        ],
        [
          0.27963,
          0.117968,
          -0.952833,
          2.793292
        ],
        [
          0.047671,
          -0.992905,
          -0.108939,
