{
  "frames": [
    {
      "file_path": "/media/NFS/ttao/scannet/posed_images/scene0103_00/00000.jpg",
      "transform_matrix": [
        [
          -0.236277,
          -0.452541,
          0.859872,
          1.575898
        ],
        [
          -0.970097,
          0.160455,
          -0.182119,
          1.961144
        ],
        [
          -0.055554,
          -0.877189,
          -0.47692,
          1.314442
        ],
        [
          0.0,
          0.0,
          0.0,
          1.0
        ]
      ]
    },
    {
      "file_path": "/media/NFS/ttao/scannet/posed_images/scene0103_00/00002.jpg",
      "transform_matrix": [
        [
          -0.241822,
          -0.452397,
          0.858405,
          1.575634
        ],
        [
          -0.968762,
          0.162689,
          -0.18717,
          1.958436
        ],
        [
          -0.054978,
          -0.876852,
          -0.477607,
          1.314538
        ],
        [
          0.0,
          0.0,
          0.0,
          1.0
        ]
      ]
    },
    {
      "file_path": "/media/NFS/ttao/scannet/posed_images/scene0103_00/00007.jpg",
      "transform_matrix": [
        [
          -0.26627,
          -0.465709,
          0.843929,
          1.581868
        ],
        [
          -0.962756,
          0.171113,
          -0.209335,
          1.962496
        ],
        [
          -0.046918,
          -0.868237,
          -0.493926,
          1.311882
        ],
        [
          0.0,
          0.0,
          0.0,
          1.0
        ]
      ]
    },
    {
      "file_path": "/media/NFS/ttao/scannet/posed_images/scene0103_00/00009.jpg",
      "transform_matrix": [
        [
          -0.271686,
          -0.463311,
          0.843522,
          1.583445
        ],
        [
          -0.960992,
          0.177771,
          -0.211879,
          1.96149
        ],
        [
          -0.051788,
          -0.868182,
          -0.493536,
          1.313418
        ],
        [
          0.0,
          0.0,
          0.0,
          1.0
        ]
      ]
    },
    {
      "file_path": "/media/NFS/ttao/scannet/posed_images/scene0103_00/00011.jpg",
      "transform_matrix": [
        [
          -0.276235,
          -0.46728,
          0.839848,
          1.590042
        ],
        [
          -0.959518,
          0.184043,
          -0.213197,
          1.957889
        ],
        [
          -0.054946,
          -0.864742,
          -0.499203,
          1.324195
        ],
        [
          0.0,
          0.0,
          0.0,
          1.0
        ]
      ]
    },
    {
      "file_path": "/media/NFS/ttao/scannet/posed_images/scene0103_00/00013.jpg",
      "transform_matrix": [
        [
          -0.283929,
          -0.466368,
          0.837786,
          1.591847
        ],
        [
          -0.957138,
          0.18998,
          -0.218622,
          1.958578
        ],
        [
          -0.057204,
          -0.86395,
          -0.500319,
          1.325759
        ],
        [
          0.0,
          0.0,
          0.0,
          1.0
        ]
      ]
    },
    {
      "file_path": "/media/NFS/ttao/scannet/posed_images/scene0103_00/00017.jpg",
      "transform_matrix": [
        [
          -0.298546,
          -0.457351,
          0.837675,
          1.595558
        ],
        [
          -0.95291,
          0.191791,
          -0.234902,
          1.959835
        ],
        [
          -0.053226,
          -0.868358,
          -0.493073,
          1.329563
        ],
        [
          0.0,
          0.0,
          0.0,
          1.0
        ]
      ]
    },
    {
      "file_path": "/media/NFS/ttao/scannet/posed_images/scene0103_00/00020.jpg",
      "transform_matrix": [
        [
          -0.30836,
          -0.456296,
          0.834691,
          1.593595
        ],
        [
          -0.950189,
          0.189551,
          -0.247408,
          1.962006
        ],
        [
          -0.045325,
          -0.869405,
          -0.492017,
          1.332019
        ],
        [
          0.0,
          0.0,
          0.0,
          1.0
        ]
      ]
    },
    {
      "file_path": "/media/NFS/ttao/scannet/posed_images/scene0103_00/00023.jpg",
      "transform_matrix": [
        [
          -0.322254,
          -0.458516,
          0.8282,
          1.594971
        ],
        [
          -0.945717,
          0.194836,
          -0.260114,
          1.964837
        ],
        [
          -0.042097,
          -0.867066,
          -0.496412,
          1.330487
        ],
        [
          0.0,
          0.0,
          0.0,
          1.0
        ]
      ]
    },
    {
      "file_path": "/media/NFS/ttao/scannet/posed_images/scene0103_00/00026.jpg",
      "transform_matrix": [
        [
          -0.340383,
          -0.454314,
          0.823249,
          1.595627
        ],
        [
          -0.939537,
          0.199294,
          -0.278482,
          1.962985
        ],
        [
          -0.03755,
          -0.868263,
          -0.494681,
          1.331926
        ],
        [
          0.0,
          0.0,
          0.0,
          1.0
        ]
      ]
    },
    {
      "file_path": "/media/NFS/ttao/scannet/posed_images/scene0103_00/00027.jpg",
      "transform_matrix": [
        [
          -0.347253,
          -0.453741,
          0.820691,
          1.596174
        ],
        [
          -0.937086,
          0.201354,
          -0.285178,
          1.963601
        ],
        [
          -0.035853,
          -0.868087,
          -0.495116,
          1.331393
        ],
        [
          0.0,
          0.0,
          0.0,
          1.0
        ]
      ]
    },
    {
      "file_path": "/media/NFS/ttao/scannet/posed_images/scene0103_00/00030.jpg",
      "transform_matrix": [
        [
          -0.37673,
          -0.456244,
          0.806174,
          1.604812
        ],
        [
          -0.925976,
          0.20932,
          -0.314252,
          1.979846
        ],
        [
          -0.025373,
          -0.864886,
          -0.501328,
          1.329281
        ],
        [
          0.0,
          0.0,
          0.0,
          1.0
        ]
      ]
    },
    {
      "file_path": "/media/NFS/ttao/scannet/posed_images/scene0103_00/00033.jpg",
      "transform_matrix": [
        [
          -0.407069,
          -0.459045,
          0.789667,
          1.607987
        ],
        [
          -0.913374,
          0.21076,
          -0.348322,
          1.986147
        ],
        [
          -0.006535,
          -0.863052,
          -0.505073,
          1.319311
        ],
        [
          0.0,
          0.0,
          0.0,
          1.0
        ]
      ]
    },
    {
      "file_path": "/media/NFS/ttao/scannet/posed_images/scene0103_00/00037.jpg",
      "transform_matrix": [
        [
          -0.467735,
          -0.468918,
          0.749227,
          1.630523
        ],
        [
          -0.883747,
          0.234028,
          -0.405243,
          2.01748
        ],
        [
          0.014686,
          -0.851673,
          -0.523868,
          1.30415
        ],
        [
          0.0,
          0.0,
          0.0,
          1.0
        ]
      ]
    },
    {
      "file_path": "/media/NFS/ttao/scannet/posed_images/scene0103_00/00040.jpg",
      "transform_matrix": [
        [
          -0.502372,
          -0.475342,
          0.722269,
          1.641529
        ],
        [
          -0.864559,
          0.263915,
          -0.427652,
          2.017376
        ],
        [
          0.012663,
          -0.839285,
          -0.543545,
          1.297031
        ],
        [
          0.0,
          0.0,
          0.0,
          1.0
        ]
      ]
    },
    {
      "file_path": "/media/NFS/ttao/scannet/posed_images/scene0103_00/00041.jpg",
      "transform_matrix": [
        [
          -0.511689,
          -0.475583,
          0.715539,
          1.644091
        ],
        [
          -0.859114,
          0.273609,
          -0.432507,
          2.019243
        ],
        [
          0.009915,
          -0.836038,
          -0.548582,
          1.294608
        ],
        [
          0.0,
          0.0,
          0.0,
          1.0
        ]
      ]
    },
    {
      "file_path": "/media/NFS/ttao/scannet/posed_images/scene0103_00/00044.jpg",
      "transform_matrix": [
        [
          -0.536518,
          -0.469119,
          0.701481,
          1.653567
        ],
        [
          -0.84386,
          0.291387,
          -0.450548,
          2.021097
        ],
        [
          0.006958,
          -0.833679,
          -0.552205,
          1.289386
        ],
        [
          0.0,
          0.0,
          0.0,
          1.0
        ]
      ]
    },
    {
      "file_path": "/media/NFS/ttao/scannet/posed_images/scene0103_00/00049.jpg",
      "transform_matrix": [
        [
          -0.588683,
          -0.457908,
          0.666163,
          1.673336
        ],
        [
          -0.80825,
          0.319608,
          -0.494552,
          2.033427
        ],
        [
          0.013548,
          -0.829561,
          -0.558252,
          1.273686
        ],
        [
          0.0,
          0.0,
          0.0,
          1.0
        ]
      ]
    },
    {
      "file_path": "/media/NFS/ttao/scannet/posed_images/scene0103_00/00050.jpg",
      "transform_matrix": [
        [
          -0.594628,
          -0.457698,
          0.661007,
          1.680595
        ],
        [
          -0.803868,
          0.323472,
          -0.499162,
          2.034148
        ],
        [
          0.014649,
          -0.828178,
          -0.560274,
          1.273273
        ],
        [
          0.0,
          0.0,
          0.0,
          1.0
        ]
      ]
    },
    {
      "file_path": "/media/NFS/ttao/scannet/posed_images/scene0103_00/00053.jpg",
      "transform_matrix": [
        [
          -0.608878,
          -0.450063,
          0.653232,
          1.692814
        ],
        [
          -0.793251,
          0.340687,
          -0.504664,
          2.043663
        ],
        [
          0.004583,
          -0.825455,
          -0.564449,
          1.26313
        ],
        [
          0.0,
          0.0,
          0.0,
          1.0
        ]
      ]
    },
    {
      "file_path": "/media/NFS/ttao/scannet/posed_images/scene0103_00/00055.jpg",
      "transform_matrix": [
        [
          -0.623132,
          -0.44448,
          0.643541,
          1.701949
        ],
        [
          -0.782116,
          0.353198,
          -0.513367,
          2.047749
        ],
        [
          0.000884,
          -0.823219,
          -0.567724,
          1.256635
        ],
        [
          0.0,
          0.0,
          0.0,
          1.0
        ]
      ]
    },
    {
      "file_path": "/media/NFS/ttao/scannet/posed_images/scene0103_00/00059.jpg",
      "transform_matrix": [
        [
          -0.660962,
          -0.440914,
          0.607228,
          1.72132
        ],
        [
          -0.750319,
          0.375023,
          -0.544408,
          2.054176
        ],
        [
          0.012313,
          -0.815447,
          -0.578701,
          1.234666
        ],
        [
          0.0,
          0.0,
          0.0,
          1.0
        ]
      ]
    },
    {
      "file_path": "/media/NFS/ttao/scannet/posed_images/scene0103_00/00062.jpg",
      "transform_matrix": [
        [
          -0.684843,
          -0.453759,
          0.570169,
          1.747358
        ],
        [
          -0.728132,
          0.395502,
          -0.559823,
          2.049447
        ],
        [
          0.028522,
          -0.798549,
          -0.601254,
          1.225322
        ],
        [
          0.0,
          0.0,
          0.0,
          1.0
        ]
      ]
    },
    {
      "file_path": "/media/NFS/ttao/scannet/posed_images/scene0103_00/00065.jpg",
      "transform_matrix": [
        [
          -0.704821,
          -0.45825,
          0.541511,
          1.77349
        ],
        [
          -0.70725,
          0.394748,
          -0.586491,
          2.043401
        ],
        [
          0.055,
          -0.796355,
          -0.602324,
          1.212947
        ],
        [
          0.0,
          0.0,
          0.0,
          1.0
        ]
      ]
    },
    {
      "file_path": "/media/NFS/ttao/scannet/posed_images/scene0103_00/00068.jpg",
      "transform_matrix": [
        [
          -0.721103,
          -0.462224,
          0.516101,
          1.803122
        ],
        [
          -0.688845,
          0.398558,
          -0.605511,
          2.033325
        ],
        [
          0.074186,
          -0.792149,
          -0.605802,
          1.203294
        ],
        [
          0.0,
          0.0,
          0.0,
          1.0
        ]
      ]
    },
    {
      "file_path": "/media/NFS/ttao/scannet/posed_images/scene0103_00/00070.jpg",
      "transform_matrix": [
        [
          -0.732299,
          -0.459535,
          0.502558,
          1.827387
        ],
        [
          -0.676688,
          0.408292,
          -0.612692,
          2.023753
        ],
        [
          0.076363,
          -0.788749,
          -0.609954,
          1.2031
        ],
        [
          0.0,
          0.0,
          0.0,
          1.0
        ]
      ]
    },
    {
      "file_path": "/media/NFS/ttao/scannet/posed_images/scene0103_00/00072.jpg",
      "transform_matrix": [
        [
          -0.742094,
          -0.452032,
          0.494939,
          1.852421
        ],
        [
          -0.665953,
          0.413281,
          -0.621053,
          2.013061
        ],
        [
          0.076187,
          -0.790485,
          -0.607725,
          1.201207
        ],
        [
          0.0,
          0.0,
          0.0,
          1.0
        ]
      ]
    },
    {
      "file_path": "/media/NFS/ttao/scannet/posed_images/scene0103_00/00075.jpg",
      "transform_matrix": [
        [
          -0.748592,
          -0.451487,
          0.48556,
          1.894619
        ],
        [
          -0.659492,
          0.431467,
          -0.615554,
          1.994578
        ],
        [
          0.068411,
          -0.781022,
          -0.620745,
          1.202271
        ],
        [
          0.0,
          0.0,
          0.0,
          1.0
        ]
      ]
    },
    {
      "file_path": "/media/NFS/ttao/scannet/posed_images/scene0103_00/00079.jpg",
      "transform_matrix": [
        [
          -0.757117,
          -0.450216,
          0.473371,
          1.954657
        ],
        [
          -0.648873,
          0.434236,
          -0.624822,
          1.969628
        ],
        [
          0.07575,
          -0.780221,
          -0.620901,
          1.204964
        ],
        [
          0.0,
          0.0,
          0.0,
          1.0
        ]
      ]
    },
    {
      "file_path": "/media/NFS/ttao/scannet/posed_images/scene0103_00/00081.jpg",
      "transform_matrix": [
        [
          -0.758272,
          -0.46256,
          0.459415,
          1.980975
        ],
        [
          -0.646449,
          0.442224,
          -0.621725,
          1.962075
        ],
        [
          0.084421,
          -0.768425,
          -0.634347,
          1.195386
        ],
        [
          0.0,
          0.0,
          0.0,
          1.0
        ]
      ]
    },
    {
      "file_path": "/media/NFS/ttao/scannet/posed_images/scene0103_00/00084.jpg",
      "transform_matrix": [
        [
          -0.771291,
          -0.465274,
          0.434317,
          2.025
        ],
        [
          -0.629651,
          0.458058,
          -0.627473,
          1.944254
        ],
        [
          0.093005,
          -0.757432,
          -0.646256,
          1.192138
        ],
        [
          0.0,
          0.0,
          0.0,
          1.0
        ]
      ]
    },
    {
      "file_path": "/media/NFS/ttao/scannet/posed_images/scene0103_00/00087.jpg",
      "transform_matrix": [
        [
          -0.78452,
          -0.477738,
          0.395341,
          2.063555
        ],
        [
          -0.610533,
          0.483504,
          -0.627275,
          1.937657
        ],
        [
          0.108525,
          -0.733478,
          -0.670993,
          1.183423
        ],
        [
          0.0,
          0.0,
          0.0,
          1.0
        ]
      ]
    },
    {
      "file_path": "/media/NFS/ttao/scannet/posed_images/scene0103_00/00090.jpg",
      "transform_matrix": [
        [
          -0.802499,
          -0.482842,
          0.350512,
          2.102968
        ],
        [
          -0.583656,
          0.513325,
          -0.629161,
          1.933079
        ],
        [
          0.123859,
          -0.709479,
          -0.693757,
          1.177999
        ],
        [
          0.0,
          0.0,
          0.0,
          1.0
        ]
      ]
    },
    {
      "file_path": "/media/NFS/ttao/scannet/posed_images/scene0103_00/00091.jpg",
      "transform_matrix": [
        [
          -0.81226,
          -0.478068,
          0.334193,
          2.117513
        ],
        [
          -0.56951,
          0.526168,
          -0.63151,
          1.932484
        ],
        [
          0.126063,
          -0.703277,
          -0.69965,
          1.175054
        ],
        [
          0.0,
          0.0,
          0.0,
          1.0
        ]
      ]
    },
    {
      "file_path": "/media/NFS/ttao/scannet/posed_images/scene0103_00/00094.jpg",
      "transform_matrix": [
        [
          -0.834642,
          -0.457555,
          0.30662,
          2.16799
        ],
        [
          -0.537038,
          0.552409,
          -0.637522,
          1.934413
        ],
        [
          0.122323,
          -0.69677,
          -0.706788,
          1.168171
        ],
        [
          0.0,
          0.0,
          0.0,
          1.0
        ]
      ]
    },
    {
      "file_path": "/media/NFS/ttao/scannet/posed_images/scene0103_00/00099.jpg",
      "transform_matrix": [
        [
          -0.884098,
          -0.410071,
          0.224081,
          2.260234
        ],
        [
          -0.442289,
          0.57952,
          -0.684497,
          1.935476
        ],
        [
          0.150833,
          -0.704271,
          -0.693723,
          1.156121
        ],
        [
          0.0,
          0.0,
          0.0,
          1.0
        ]
      ]
    },
    {
      "file_path": "/media/NFS/ttao/scannet/posed_images/scene0103_00/00100.jpg",
      "transform_matrix": [
        [
          -0.891551,
          -0.400875,
          0.210801,
          2.276084
        ],
        [
          -0.426135,
          0.584749,
          -0.690273,
          1.937893
        ],
        [
          0.153448,
          -0.705243,
          -0.692161,
          1.156139
        ],
        [
          0.0,
          0.0,
          0.0,
          1.0
        ]
      ]
    },
    {
      "file_path": "/media/NFS/ttao/scannet/posed_images/scene0103_00/00102.jpg",
      "transform_matrix": [
        [
          -0.906918,
          -0.37855,
          0.18493,
          2.314634
        ],
        [
          -0.391783,
          0.596352,
          -0.700622,
          1.945933
        ],
        [
          0.154938,
          -0.707859,
          -0.689152,
          1.153509
        ],
        [
          0.0,
          0.0,
          0.0,
          1.0
        ]
      ]
    },
    {
      "file_path": "/media/NFS/ttao/scannet/posed_images/scene0103_00/00107.jpg",
      "transform_matrix": [
        [
          -0.956794,
          -0.257107,
          0.135796,
          2.409592
        ],
        [
          -0.267828,
          0.597487,
          -0.755829,
          1.959466
        ],
        [
          0.113193,
          -0.759543,
          -0.640533,
          1.166164
        ],
        [
          0.0,
          0.0,
          0.0,
          1.0
        ]
      ]
    },
    {
      "file_path": "/media/NFS/ttao/scannet/posed_images/scene0103_00/00109.jpg",
      "transform_matrix": [
        [
          -0.964137,
          -0.233861,
          0.125494,
          2.434927
        ],
        [
          -0.24413,
          0.59596,
          -0.765005,
          1.967809
        ],
        [
          0.104115,
          -0.768207,
          -0.631679,
          1.160394
        ],
        [
          0.0,
          0.0,
          0.0,
          1.0
        ]
      ]
    },
    {
      "file_path": "/media/NFS/ttao/scannet/posed_images/scene0103_00/00111.jpg",
      "transform_matrix": [
        [
          -0.970614,
          -0.216485,
          0.105087,
          2.452273
        ],
        [
          -0.216881,
          0.597742,
          -0.771795,
          1.961545
        ],
        [
          0.104267,
          -0.771906,
          -0.627128,
          1.163537
        ],
        [
          0.0,
          0.0,
          0.0,
          1.0
        ]
      ]
    },
    {
      "file_path": "/media/NFS/ttao/scannet/posed_images/scene0103_00/00115.jpg",
      "transform_matrix": [
        [
          -0.981739,
          -0.172249,
          0.080742,
          2.503111
        ],
        [
          -0.165474,
          0.563839,
          -0.809138,
          1.949238
        ],
        [
          0.093848,
          -0.807723,
          -0.582045,
          1.167814
        ],
        [
          0.0,
          0.0,
          0.0,
          1.0
        ]
      ]
    },
    {
      "file_path": "/media/NFS/ttao/scannet/posed_images/scene0103_00/00118.jpg",
      "transform_matrix": [
        [
          -0.988337,
          -0.145833,
          0.043841,
          2.541143
        ],
        [
          -0.118976,
          0.559798,
          -0.820043,
          1.930076
        ],
        [
          0.095047,
          -0.815695,
          -0.57062,
          1.160945
        ],
        [
          0.0,
          0.0,
          0.0,
          1.0
        ]
      ]
    },
    {
      "file_path": "/media/NFS/ttao/scannet/posed_images/scene0103_00/00119.jpg",
      "transform_matrix": [
        [
          -0.990694,
          -0.131668,
          0.034484,
          2.55382
        ],
        [
          -0.103364,
          0.562974,
          -0.819986,
          1.920747
        ],
        [
          0.088552,
          -0.815919,
          -0.571344,
          1.162131
        ],
        [
          0.0,
          0.0,
          0.0,
          1.0
        ]
      ]
    },
    {
      "file_path": "/media/NFS/ttao/scannet/posed_images/scene0103_00/00124.jpg",
      "transform_matrix": [
        [
          -0.999014,
          -0.043072,
          -0.010736,
          2.623286
        ],
        [
          -0.013957,
          0.534378,
          -0.84513,
          1.865712
        ],
        [
          0.042138,
          -0.844147,
          -0.534453,
          1.172237
        ],
        [
          0.0,
          0.0,
          0.0,
          1.0
        ]
      ]
    },
    {
      "file_path": "/media/NFS/ttao/scannet/posed_images/scene0103_00/00127.jpg",
      "transform_matrix": [
        [
          -0.999234,
          -0.005075,
          -0.038809,
          2.665039
        ],
        [
          0.030664,
          0.514709,
          -0.856816,
          1.835909
        ],
        [
          0.024324,
          -0.85735,
          -0.514159,
          1.181399
        ],
        [
          0.0,
          0.0,
          0.0,
          1.0
        ]
      ]
    },
    {
      "file_path": "/media/NFS/ttao/scannet/posed_images/scene0103_00/00128.jpg",
      "transform_matrix": [
        [
          -0.998792,
          0.002033,
          -0.049092,
          2.680183
        ],
        [
          0.043241,
          0.510828,
          -0.858595,
          1.826856
        ],
        [
          0.023332,
          -0.85968,
          -0.510299,
          1.184716
        ],
        [
          0.0,
          0.0,
          0.0,
          1.0
        ]
      ]
    },
    {
      "file_path": "/media/NFS/ttao/scannet/posed_images/scene0103_00/00131.jpg",
      "transform_matrix": [
        [
          -0.997529,
          0.021376,
          -0.066924,
          2.712497
        ],
        [
          0.068827,
          0.488409,
          -0.869896,
          1.805016
        ],
        [
          0.014091,
          -0.872353,
          -0.488674,
          1.191046
        ],
        [
          0.0,
          0.0,
          0.0,
          1.0
        ]
      ]
    },
    {
      "file_path": "/media/NFS/ttao/scannet/posed_images/scene0103_00/00135.jpg",
      "transform_matrix": [
        [
          -0.992397,
          0.005764,
          -0.122942,
          2.748119
        ],
        [
          0.110628,
          0.479548,
          -0.870515,
          1.783499
        ],
        [
          0.053939,
          -0.877497,
          -0.476539,
          1.18929
        ],
        [
          0.0,
          0.0,
          0.0,
          1.0
        ]
      ]
    },
    {
      "file_path": "/media/NFS/ttao/scannet/posed_images/scene0103_00/00136.jpg",
      "transform_matrix": [
        [
          -0.991186,
          0.00854,
          -0.132202,
          2.756697
        ],
        [
          0.11984,
          0.483157,
          -0.867293,
          1.777905
        ],
        [
          0.056468,
          -0.875492,
          -0.479922,
          1.18973
        ],
        [
          0.0,
          0.0,
          0.0,
          1.0
        ]
      ]
    },
    {
      "file_path": "/media/NFS/ttao/scannet/posed_images/scene0103_00/00139.jpg",
      "transform_matrix": [
        [
          -0.987717,
          0.030849,
          -0.15318,
          2.785679
        ],
        [
          0.149052,
          0.480239,
          -0.864381,
          1.762395
        ],
        [
          0.046898,
          -0.876595,
          -0.478938,
          1.186673
        ],
        [
          0.0,
          0.0,
          0.0,
          1.0
        ]
      ]
    },
    {
      "file_path": "/media/NFS/ttao/scannet/posed_images/scene0103_00/00141.jpg",
      "transform_matrix": [
        [
          -0.982859,
          0.035686,
          -0.180871,
          2.803447
        ],
        [
          0.175805,
          0.476786,
          -0.86126,
          1.752068
        ],
        [
          0.055502,
          -0.878295,
          -0.474887,
          1.179232
        ],
        [
          0.0,
          0.0,
          0.0,
          1.0
        ]
      ]
    },
    {
      "file_path": "/media/NFS/ttao/scannet/posed_images/scene0103_00/00146.jpg",
      "transform_matrix": [
        [
          -0.957776,
          0.085596,
          -0.274479,
          2.844823
        ],
        [
          0.282269,
          0.461479,
          -0.841048,
          1.720883
        ],
        [
          0.054676,
          -0.883013,
          -0.466154,
          1.184001
        ],
        [
          0.0,
          0.0,
          0.0,
          1.0
        ]
      ]
    },
    {
      "file_path": "/media/NFS/ttao/scannet/posed_images/scene0103_00/00147.jpg",
      "transform_matrix": [
        [
          -0.946487,
          0.114871,
          -0.301608,
          2.857831
        ],
        [
          0.319911,
          0.457421,
          -0.829712,
          1.70812
        ],
        [
          0.042652,
          -0.8818,
          -0.469692,
          1.190862
        ],
        [
          0.0,
          0.0,
          0.0,
          1.0
        ]
      ]
    },
    {
      "file_path": "/media/NFS/ttao/scannet/posed_images/scene0103_00/00151.jpg",
      "transform_matrix": [
        [
          -0.907527,
          0.176986,
          -0.380881,
          2.87273
        ],
        [
          0.419001,
          0.443829,
          -0.79212,
          1.679987
        ],
        [
          0.028852,
          -0.87846,
          -0.476944,
          1.201459
        ],
        [
          0.0,
          0.0,
          0.0,
          1.0
        ]
      ]
    },
    {
      "file_path": "/media/NFS/ttao/scannet/posed_images/scene0103_00/00153.jpg",
      "transform_matrix": [
        [
          -0.884449,
          0.199587,
          -0.421799,
          2.87612
        ],
        [
          0.465723,
          0.434083,
          -0.771151,
          1.671378
        ],
        [
          0.029184,
          -0.878485,
          -0.476877,
          1.198399
        ],
        [
          0.0,
          0.0,
          0.0,
          1.0
        ]
      ]
    },
    {
      "file_path": "/media/NFS/ttao/scannet/posed_images/scene0103_00/00157.jpg",
      "transform_matrix": [
        [
          -0.813453,
          0.265517,
          -0.517489,
          2.867667
        ],
        [
          0.581189,
          0.405762,
          -0.705391,
          1.652237
        ],
        [
          0.022684,
          -0.874562,
          -0.484384,
          1.197912
        ],
        [
          0.0,
          0.0,
          0.0,
          1.0
        ]
      ]
    },
    {
      "file_path": "/media/NFS/ttao/scannet/posed_images/scene0103_00/00159.jpg",
      "transform_matrix": [
        [
          -0.78269,
          0.296269,
          -0.547377,
          2.858814
        ],
        [
          0.622328,
          0.386948,
          -0.680426,
          1.647191
        ],
        [
          0.010217,
          -0.87321,
          -0.487237,
          1.199583
        ],
        [
          0.0,
          0.0,
          0.0,
          1.0
        ]
      ]
    },
    {
      "file_path": "/media/NFS/ttao/scannet/posed_images/scene0103_00/00161.jpg",
      "transform_matrix": [
        [
          -0.765755,
          0.323534,
          -0.555828,
          2.837313
        ],
        [
          0.643121,
          0.37992,
          -0.664873,
          1.647281
        ],
        [
          -0.003939,
          -0.866595,
          -0.498997,
          1.203213
        ],
        [
          0.0,
          0.0,
          0.0,
          1.0
        ]
      ]
    },
    {
      "file_path": "/media/NFS/ttao/scannet/posed_images/scene0103_00/00166.jpg",
      "transform_matrix": [
        [
          -0.705473,
          0.364438,
          -0.60786,
          2.793487
        ],
        [
          0.708713,
          0.355673,
          -0.60928,
          1.64092
        ],
        [
          -0.005845,
          -0.860628,
          -0.5092,
          1.206618
        ],
        [
          0.0,
          0.0,
          0.0,
          1.0
        ]
      ]
    },
    {
      "file_path": "/media/NFS/ttao/scannet/posed_images/scene0103_00/00168.jpg",
      "transform_matrix": [
        [
          -0.682857,
          0.37886,
          -0.624636,
          2.777377
        ],
        [
          0.730526,
          0.346917,
          -0.588201,
          1.639744
        ],
        [
          -0.006149,
          -0.85797,
          -0.513662,
          1.202859
        ],
        [
          0.0,
          0.0,
          0.0,
          1.0
        ]
      ]
    },
    {
      "file_path": "/media/NFS/ttao/scannet/posed_images/scene0103_00/00171.jpg",
      "transform_matrix": [
        [
          -0.66236,
          0.410846,
          -0.626487,
          2.747613
        ],
        [
          0.749179,
          0.35952,
          -0.556306,
          1.636168
        ],
        [
          -0.003322,
          -0.837826,
          -0.545928,
          1.200968
        ],
        [
          0.0,
          0.0,
          0.0,
          1.0
        ]
      ]
    },
    {
      "file_path": "/media/NFS/ttao/scannet/posed_images/scene0103_00/00173.jpg",
      "transform_matrix": [
        [
          -0.6515,
          0.421481,
          -0.630795,
          2.725844
        ],
        [
          0.758607,
          0.370612,
          -0.535874,
          1.628527
        ],
        [
          0.00792,
          -0.827648,
          -0.561192,
          1.204015
        ],
        [
          0.0,
          0.0,
          0.0,
          1.0
        ]
      ]
    },
    {
      "file_path": "/media/NFS/ttao/scannet/posed_images/scene0103_00/00175.jpg",
      "transform_matrix": [
        [
          -0.639841,
          0.422628,
          -0.641863,
          2.704637
        ],
        [
          0.768334,
          0.369514,
          -0.522611,
          1.627676
        ],
        [
          0.016308,
          -0.827553,
          -0.56115,
          1.20518
        ],
        [
          0.0,
          0.0,
          0.0,
          1.0
        ]
      ]
    },
    {
      "file_path": "/media/NFS/ttao/scannet/posed_images/scene0103_00/00179.jpg",
      "transform_matrix": [
        [
          -0.638243,
          0.428402,
          -0.639623,
          2.66485
        ],
        [
          0.769755,
          0.367135,
          -0.522197,
          1.626094
        ],
        [
          0.011118,
          -0.825642,
          -0.564086,
          1.212625
        ],
        [
          0.0,
          0.0,
          0.0,
          1.0
        ]
      ]
    },
    {
      "file_path": "/media/NFS/ttao/scannet/posed_images/scene0103_00/00182.jpg",
      "transform_matrix": [
        [
          -0.643516,
          0.423824,
          -0.637385,
          2.632127
        ],
        [
          0.765429,
          0.353886,
          -0.537478,
          1.63505
        ],
        [
          -0.002235,
          -0.833749,
          -0.552139,
          1.22258
        ],
        [
          0.0,
          0.0,
          0.0,
          1.0
        ]
      ]
    },
    {
      "file_path": "/media/NFS/ttao/scannet/posed_images/scene0103_00/00185.jpg",
      "transform_matrix": [
        [
          -0.658607,
          0.433104,
          -0.615351,
          2.598339
        ],
        [
          0.752359,
          0.3639,
          -0.54912,
          1.639367
        ],
        [
          -0.0139,
          -0.824619,
          -0.565517,
          1.227178
        ],
        [
          0.0,
          0.0,
          0.0,
          1.0
        ]
      ]
    },
    {
      "file_path": "/media/NFS/ttao/scannet/posed_images/scene0103_00/00186.jpg",
      "transform_matrix": [
        [
          -0.662809,
          0.433604,
          -0.610469,
          2.58573
        ],
        [
          0.748623,
          0.366586,
          -0.55243,
          1.640091
        ],
        [
          -0.015746,
          -0.823166,
          -0.567582,
          1.229852
        ],
        [
          0.0,
          0.0,
          0.0,
          1.0
        ]
      ]
    },
    {
      "file_path": "/media/NFS/ttao/scannet/posed_images/scene0103_00/00191.jpg",
      "transform_matrix": [
        [
          -0.708489,
          0.416627,
          -0.569619,
          2.529364
        ],
        [
          0.705517,
          0.398689,
          -0.585912,
          1.660077
        ],
        [
          -0.017006,
          -0.816988,
          -0.576404,
          1.232301
        ],
        [
          0.0,
          0.0,
          0.0,
          1.0
        ]
      ]
    },
    {
      "file_path": "/media/NFS/ttao/scannet/posed_images/scene0103_00/00193.jpg",
      "transform_matrix": [
        [
          -0.71769,
          0.40875,
          -0.563777,
          2.506038
        ],
        [
          0.696251,
          0.406695,
          -0.591467,
          1.662378
        ],
        [
          -0.012477,
          -0.817021,
          -0.576474,
          1.238032
        ],
        [
          0.0,
          0.0,
          0.0,
          1.0
        ]
      ]
    },
    {
      "file_path": "/media/NFS/ttao/scannet/posed_images/scene0103_00/00195.jpg",
      "transform_matrix": [
        [
          -0.724923,
          0.391376,
          -0.566844,
          2.489849
        ],
        [
          0.688785,
          0.402408,
          -0.603029,
          1.673647
        ],
        [
          -0.007908,
          -0.827583,
          -0.561288,
          1.231025
        ],
        [
          0.0,
          0.0,
          0.0,
          1.0
        ]
      ]
    },
    {
      "file_path": "/media/NFS/ttao/scannet/posed_images/scene0103_00/00197.jpg",
      "transform_matrix": [
        [
          -0.731688,
          0.39464,
          -0.55578,
          2.474023
        ],
        [
          0.681573,
          0.412175,
          -0.604625,
          1.683222
        ],
        [
          -0.009531,
          -0.821201,
          -0.570559,
          1.22273
        ],
        [
          0.0,
          0.0,
          0.0,
          1.0
        ]
      ]
    },
    {
      "file_path": "/media/NFS/ttao/scannet/posed_images/scene0103_00/00200.jpg",
      "transform_matrix": [
        [
          -0.746739,
          0.411109,
          -0.522848,
          2.44553
        ],
        [
          0.664765,
          0.435757,
          -0.606797,
          1.693651
        ],
        [
          -0.021625,
          -0.80069,
          -0.598688,
          1.224133
        ],
        [
          0.0,
          0.0,
          0.0,
          1.0
        ]
      ]
    },
    {
      "file_path": "/media/NFS/ttao/scannet/posed_images/scene0103_00/00204.jpg",
      "transform_matrix": [
        [
          -0.776308,
          0.432715,
          -0.458369,
          2.412302
        ],
        [
          0.627001,
          0.455183,
          -0.632201,
          1.714009
        ],
        [
          -0.064921,
          -0.778181,
          -0.624676,
          1.221005
        ],
        [
          0.0,
          0.0,
          0.0,
          1.0
        ]
      ]
    },
    {
      "file_path": "/media/NFS/ttao/scannet/posed_images/scene0103_00/00205.jpg",
      "transform_matrix": [
        [
          -0.781416,
          0.436315,
          -0.446115,
          2.402969
        ],
        [
          0.620258,
          0.464797,
          -0.631858,
          1.716208
        ],
        [
          -0.068336,
          -0.77045,
          -0.633827,
          1.223091
        ],
        [
          0.0,
          0.0,
          0.0,
          1.0
        ]
      ]
    },
    {
      "file_path": "/media/NFS/ttao/scannet/posed_images/scene0103_00/00208.jpg",
      "transform_matrix": [
        [
          -0.792733,
          0.425227,
          -0.436757,
          2.379569
        ],
        [
          0.60572,
          0.469117,
          -0.642676,
          1.727762
        ],
        [
          -0.068393,
          -0.774023,
          -0.629453,
          1.225129
        ],
        [
          0.0,
          0.0,
          0.0,
          1.0
        ]
      ]
    },
    {
      "file_path": "/media/NFS/ttao/scannet/posed_images/scene0103_00/00213.jpg",
      "transform_matrix": [
        [
          -0.805956,
          0.408417,
          -0.428522,
          2.352471
        ],
        [
          0.587364,
          0.461528,
          -0.664828,
          1.745299
        ],
        [
          -0.073753,
          -0.78752,
          -0.61186,
          1.227387
        ],
        [
          0.0,
          0.0,
          0.0,
          1.0
        ]
      ]
    },
    {
      "file_path": "/media/NFS/ttao/scannet/posed_images/scene0103_00/00216.jpg",
      "transform_matrix": [
        [
          -0.80948,
          0.398501,
          -0.431207,
          2.341531
        ],
        [
          0.583645,
          0.46602,
          -0.664969,
          1.74708
        ],
        [
          -0.06404,
