{
  "frames": [
    {
      "file_path": "/media/NFS/ttao/scannet/posed_images/scene0584_02/00001.jpg",
      "transform_matrix": [
        [
          -0.986149,
          0.098853,
          -0.133188,
          5.62987
        ],
        [
          0.164114,
          0.465208,
          -0.869855,
          2.745111
        ],
        [
          -0.024028,
          -0.879665,
          -0.474987,
          1.432608
        ],
        [
          0.0,
          0.0,
          0.0,
          1.0
        ]
      ]
    },
    {
      "file_path": "/media/NFS/ttao/scannet/posed_images/scene0584_02/00004.jpg",
      "transform_matrix": [
        [
          -0.986243,
          0.09767,
          -0.133363,
          5.629696
        ],
        [
          0.163715,
          0.465557,
          -0.869744,
          2.742403
        ],
        [
          -0.02286,
          -0.879612,
          -0.475143,
          1.436946
        ],
        [
          0.0,
          0.0,
          0.0,
          1.0
        ]
      ]
    },
    {
      "file_path": "/media/NFS/ttao/scannet/posed_images/scene0584_02/00008.jpg",
      "transform_matrix": [
        [
          -0.982918,
          0.100003,
          -0.154504,
          5.630785
        ],
        [
          0.183566,
          0.472278,
          -0.862124,
          2.738712
        ],
        [
          -0.013246,
          -0.875759,
          -0.482567,
          1.431458
        ],
        [
          0.0,
          0.0,
          0.0,
          1.0
        ]
      ]
    },
    {
      "file_path": "/media/NFS/ttao/scannet/posed_images/scene0584_02/00011.jpg",
      "transform_matrix": [
        [
          -0.980292,
          0.110813,
          -0.163546,
          5.622061
        ],
        [
          0.19681,
          0.476117,
          -0.857076,
          2.747573
        ],
        [
          -0.017108,
          -0.872372,
          -0.488543,
          1.421911
        ],
        [
          0.0,
          0.0,
          0.0,
          1.0
        ]
      ]
    },
    {
      "file_path": "/media/NFS/ttao/scannet/posed_images/scene0584_02/00018.jpg",
      "transform_matrix": [
        [
          -0.969865,
          0.142796,
          -0.197411,
          5.61188
        ],
        [
          0.242667,
          0.493688,
          -0.835096,
          2.75867
        ],
        [
          -0.021789,
          -0.857836,
          -0.513462,
          1.390212
        ],
        [
          0.0,
          0.0,
          0.0,
          1.0
        ]
      ]
    },
    {
      "file_path": "/media/NFS/ttao/scannet/posed_images/scene0584_02/00022.jpg",
      "transform_matrix": [
        [
          -0.960948,
          0.164171,
          -0.222773,
          5.60615
        ],
        [
          0.27581,
          0.502592,
          -0.819348,
          2.760777
        ],
        [
          -0.02255,
          -0.848793,
          -0.528244,
          1.365084
        ],
        [
          0.0,
          0.0,
          0.0,
          1.0
        ]
      ]
    },
    {
      "file_path": "/media/NFS/ttao/scannet/posed_images/scene0584_02/00028.jpg",
      "transform_matrix": [
        [
          -0.939802,
          0.221949,
          -0.259829,
          5.58591
        ],
        [
          0.339291,
          0.515577,
          -0.786805,
          2.776796
        ],
        [
          -0.040669,
          -0.827599,
          -0.559845,
          1.345463
        ],
        [
          0.0,
          0.0,
          0.0,
          1.0
        ]
      ]
    },
    {
      "file_path": "/media/NFS/ttao/scannet/posed_images/scene0584_02/00031.jpg",
      "transform_matrix": [
        [
          -0.929393,
          0.245151,
          -0.275916,
          5.572543
        ],
        [
          0.36582,
          0.512511,
          -0.776858,
          2.781452
        ],
        [
          -0.049037,
          -0.822942,
          -0.566005,
          1.346035
        ],
        [
          0.0,
          0.0,
          0.0,
          1.0
        ]
      ]
    },
    {
      "file_path": "/media/NFS/ttao/scannet/posed_images/scene0584_02/00033.jpg",
      "transform_matrix": [
        [
          -0.924475,
          0.253121,
          -0.285089,
          5.565139
        ],
        [
          0.377922,
          0.509972,
          -0.772725,
          2.785147
        ],
        [
          -0.050205,
          -0.822106,
          -0.567116,
          1.348234
        ],
        [
          0.0,
          0.0,
          0.0,
          1.0
        ]
      ]
    },
    {
      "file_path": "/media/NFS/ttao/scannet/posed_images/scene0584_02/00037.jpg",
      "transform_matrix": [
        [
          -0.915331,
          0.259539,
          -0.307909,
          5.546621
        ],
        [
          0.399522,
          0.489366,
          -0.77518,
          2.797815
        ],
        [
          -0.050509,
          -0.832563,
          -0.551623,
          1.359795
        ],
        [
          0.0,
          0.0,
          0.0,
          1.0
        ]
      ]
    },
    {
      "file_path": "/media/NFS/ttao/scannet/posed_images/scene0584_02/00045.jpg",
      "transform_matrix": [
        [
          -0.886278,
          0.258487,
          -0.384312,
          5.51214
        ],
        [
          0.461273,
          0.417925,
          -0.782666,
          2.820824
        ],
        [
          -0.041695,
          -0.870933,
          -0.48963,
          1.394241
        ],
        [
          0.0,
          0.0,
          0.0,
          1.0
        ]
      ]
    },
    {
      "file_path": "/media/NFS/ttao/scannet/posed_images/scene0584_02/00048.jpg",
      "transform_matrix": [
        [
          -0.877608,
          0.245094,
          -0.411988,
          5.500548
        ],
        [
          0.478604,
          0.399092,
          -0.782089,
          2.82814
        ],
        [
          -0.027265,
          -0.883547,
          -0.467549,
          1.404931
        ],
        [
          0.0,
          0.0,
          0.0,
          1.0
        ]
      ]
    },
    {
      "file_path": "/media/NFS/ttao/scannet/posed_images/scene0584_02/00052.jpg",
      "transform_matrix": [
        [
          -0.866898,
          0.242638,
          -0.435449,
          5.500846
        ],
        [
          0.498096,
          0.387046,
          -0.775949,
          2.816842
        ],
        [
          -0.019736,
          -0.889563,
          -0.456386,
          1.415268
        ],
        [
          0.0,
          0.0,
          0.0,
          1.0
        ]
      ]
    },
    {
      "file_path": "/media/NFS/ttao/scannet/posed_images/scene0584_02/00056.jpg",
      "transform_matrix": [
        [
          -0.862419,
          0.241954,
          -0.444626,
          5.499333
        ],
        [
          0.505922,
          0.383178,
          -0.772798,
          2.801003
        ],
        [
          -0.016611,
          -0.891422,
          -0.45287,
          1.414091
        ],
        [
          0.0,
          0.0,
          0.0,
          1.0
        ]
      ]
    },
    {
      "file_path": "/media/NFS/ttao/scannet/posed_images/scene0584_02/00059.jpg",
      "transform_matrix": [
        [
          -0.855294,
          0.247415,
          -0.455256,
          5.50193
        ],
        [
          0.517969,
          0.385518,
          -0.7636,
          2.777869
        ],
        [
          -0.013417,
          -0.888911,
          -0.457885,
          1.408703
        ],
        [
          0.0,
          0.0,
          0.0,
          1.0
        ]
      ]
    },
    {
      "file_path": "/media/NFS/ttao/scannet/posed_images/scene0584_02/00062.jpg",
      "transform_matrix": [
        [
          -0.848469,
          0.256729,
          -0.462806,
          5.500479
        ],
        [
          0.528946,
          0.381993,
          -0.757824,
          2.750508
        ],
        [
          -0.017767,
          -0.887791,
          -0.459905,
          1.405608
        ],
        [
          0.0,
          0.0,
          0.0,
          1.0
        ]
      ]
    },
    {
      "file_path": "/media/NFS/ttao/scannet/posed_images/scene0584_02/00068.jpg",
      "transform_matrix": [
        [
          -0.823313,
          0.287792,
          -0.489215,
          5.508429
        ],
        [
          0.566584,
          0.365486,
          -0.738514,
          2.693345
        ],
        [
          -0.033737,
          -0.885209,
          -0.463968,
          1.393552
        ],
        [
          0.0,
          0.0,
          0.0,
          1.0
        ]
      ]
    },
    {
      "file_path": "/media/NFS/ttao/scannet/posed_images/scene0584_02/00073.jpg",
      "transform_matrix": [
        [
          -0.802263,
          0.292166,
          -0.52059,
          5.52632
        ],
        [
          0.596433,
          0.355244,
          -0.719771,
          2.621346
        ],
        [
          -0.025356,
          -0.887942,
          -0.459257,
          1.41367
        ],
        [
          0.0,
          0.0,
          0.0,
          1.0
        ]
      ]
    },
    {
      "file_path": "/media/NFS/ttao/scannet/posed_images/scene0584_02/00079.jpg",
      "transform_matrix": [
        [
          -0.780477,
          0.27546,
          -0.561229,
          5.527544
        ],
        [
          0.625054,
          0.325434,
          -0.709507,
          2.577019
        ],
        [
          -0.012798,
          -0.904552,
          -0.426171,
          1.44277
        ],
        [
          0.0,
          0.0,
          0.0,
          1.0
        ]
      ]
    },
    {
      "file_path": "/media/NFS/ttao/scannet/posed_images/scene0584_02/00080.jpg",
      "transform_matrix": [
        [
          -0.773109,
          0.273185,
          -0.572427,
          5.536669
        ],
        [
          0.634215,
          0.320655,
          -0.703529,
          2.563837
        ],
        [
          -0.008641,
          -0.906946,
          -0.421159,
          1.444903
        ],
        [
          0.0,
          0.0,
          0.0,
          1.0
        ]
      ]
    },
    {
      "file_path": "/media/NFS/ttao/scannet/posed_images/scene0584_02/00084.jpg",
      "transform_matrix": [
        [
          -0.771031,
          0.247363,
          -0.58679,
          5.53603
        ],
        [
          0.636796,
          0.297259,
          -0.711427,
          2.549778
        ],
        [
          -0.001552,
          -0.922198,
          -0.386715,
          1.47242
        ],
        [
          0.0,
          0.0,
          0.0,
          1.0
        ]
      ]
    },
    {
      "file_path": "/media/NFS/ttao/scannet/posed_images/scene0584_02/00088.jpg",
      "transform_matrix": [
        [
          -0.760875,
          0.231096,
          -0.606353,
          5.524231
        ],
        [
          0.648859,
          0.260639,
          -0.714877,
          2.549266
        ],
        [
          -0.007166,
          -0.93737,
          -0.348262,
          1.505568
        ],
        [
          0.0,
          0.0,
          0.0,
          1.0
        ]
      ]
    },
    {
      "file_path": "/media/NFS/ttao/scannet/posed_images/scene0584_02/00096.jpg",
      "transform_matrix": [
        [
          -0.734914,
          0.14462,
          -0.66256,
          5.504222
        ],
        [
          0.677842,
          0.186578,
          -0.71114,
          2.56554
        ],
        [
          0.020774,
          -0.971738,
          -0.235148,
          1.570351
        ],
        [
          0.0,
          0.0,
          0.0,
          1.0
        ]
      ]
    },
    {
      "file_path": "/media/NFS/ttao/scannet/posed_images/scene0584_02/00098.jpg",
      "transform_matrix": [
        [
          -0.733282,
          0.131092,
          -0.667167,
          5.497439
        ],
        [
          0.679555,
          0.173667,
          -0.712773,
          2.569088
        ],
        [
          0.022426,
          -0.97604,
          -0.216432,
          1.590734
        ],
        [
          0.0,
          0.0,
          0.0,
          1.0
        ]
      ]
    },
    {
      "file_path": "/media/NFS/ttao/scannet/posed_images/scene0584_02/00101.jpg",
      "transform_matrix": [
        [
          -0.735005,
          0.114446,
          -0.668333,
          5.482
        ],
        [
          0.677938,
          0.142833,
          -0.72111,
          2.586653
        ],
        [
          0.012931,
          -0.983108,
          -0.182571,
          1.613822
        ],
        [
          0.0,
          0.0,
          0.0,
          1.0
        ]
      ]
    },
    {
      "file_path": "/media/NFS/ttao/scannet/posed_images/scene0584_02/00107.jpg",
      "transform_matrix": [
        [
          -0.723628,
          0.081522,
          -0.685358,
          5.467631
        ],
        [
          0.690104,
          0.101074,
          -0.716617,
          2.608373
        ],
        [
          0.010851,
          -0.991533,
          -0.129399,
          1.636608
        ],
        [
          0.0,
          0.0,
          0.0,
          1.0
        ]
      ]
    },
    {
      "file_path": "/media/NFS/ttao/scannet/posed_images/scene0584_02/00112.jpg",
      "transform_matrix": [
        [
          -0.703039,
          0.088741,
          -0.705593,
          5.454016
        ],
        [
          0.711081,
          0.101741,
          -0.69571,
          2.620825
        ],
        [
          0.01005,
          -0.990845,
          -0.13463,
          1.626673
        ],
        [
          0.0,
          0.0,
          0.0,
          1.0
        ]
      ]
    },
    {
      "file_path": "/media/NFS/ttao/scannet/posed_images/scene0584_02/00113.jpg",
      "transform_matrix": [
        [
          -0.701832,
          0.091859,
          -0.706395,
          5.449325
        ],
        [
          0.712317,
          0.098827,
          -0.694865,
          2.622841
        ],
        [
          0.005981,
          -0.990856,
          -0.134793,
          1.621152
        ],
        [
          0.0,
          0.0,
          0.0,
          1.0
        ]
      ]
    },
    {
      "file_path": "/media/NFS/ttao/scannet/posed_images/scene0584_02/00121.jpg",
      "transform_matrix": [
        [
          -0.695915,
          0.144849,
          -0.703364,
          5.424021
        ],
        [
          0.717845,
          0.113035,
          -0.686965,
          2.636189
        ],
        [
          -0.020002,
          -0.982976,
          -0.182642,
          1.590529
        ],
        [
          0.0,
          0.0,
          0.0,
          1.0
        ]
      ]
    },
    {
      "file_path": "/media/NFS/ttao/scannet/posed_images/scene0584_02/00125.jpg",
      "transform_matrix": [
        [
          -0.68715,
          0.159242,
          -0.708849,
          5.429228
        ],
        [
          0.72623,
          0.123204,
          -0.676321,
          2.636383
        ],
        [
          -0.020365,
          -0.979522,
          -0.200306,
          1.574009
        ],
        [
          0.0,
          0.0,
          0.0,
          1.0
        ]
      ]
    },
    {
      "file_path": "/media/NFS/ttao/scannet/posed_images/scene0584_02/00126.jpg",
      "transform_matrix": [
        [
          -0.68625,
          0.161525,
          -0.709204,
          5.425014
        ],
        [
          0.727141,
          0.12813,
          -0.674425,
          2.636916
        ],
        [
          -0.018067,
          -0.978515,
          -0.205381,
          1.570896
        ],
        [
          0.0,
          0.0,
          0.0,
          1.0
        ]
      ]
    },
    {
      "file_path": "/media/NFS/ttao/scannet/posed_images/scene0584_02/00134.jpg",
      "transform_matrix": [
        [
          -0.663181,
          0.189059,
          -0.724187,
          5.412992
        ],
        [
          0.748453,
          0.171258,
          -0.640694,
          2.630913
        ],
        [
          0.002894,
          -0.966917,
          -0.255077,
          1.53784
        ],
        [
          0.0,
          0.0,
          0.0,
          1.0
        ]
      ]
    },
    {
      "file_path": "/media/NFS/ttao/scannet/posed_images/scene0584_02/00136.jpg",
      "transform_matrix": [
        [
          -0.657515,
          0.199543,
          -0.726537,
          5.410035
        ],
        [
          0.753437,
          0.177431,
          -0.633128,
          2.630592
        ],
        [
          0.002574,
          -0.963691,
          -0.267007,
          1.53099
        ],
        [
          0.0,
          0.0,
          0.0,
          1.0
        ]
      ]
    },
    {
      "file_path": "/media/NFS/ttao/scannet/posed_images/scene0584_02/00143.jpg",
      "transform_matrix": [
        [
          -0.6291,
          0.254061,
          -0.734633,
          5.38807
        ],
        [
          0.776919,
          0.174981,
          -0.604797,
          2.631519
        ],
        [
          -0.025109,
          -0.951228,
          -0.307465,
          1.501731
        ],
        [
          0.0,
          0.0,
          0.0,
          1.0
        ]
      ]
    },
    {
      "file_path": "/media/NFS/ttao/scannet/posed_images/scene0584_02/00147.jpg",
      "transform_matrix": [
        [
          -0.615354,
          0.26786,
          -0.741344,
          5.382098
        ],
        [
          0.787853,
          0.179136,
          -0.589234,
          2.632049
        ],
        [
          -0.025031,
          -0.946658,
          -0.321267,
          1.494643
        ],
        [
          0.0,
          0.0,
          0.0,
          1.0
        ]
      ]
    },
    {
      "file_path": "/media/NFS/ttao/scannet/posed_images/scene0584_02/00150.jpg",
      "transform_matrix": [
        [
          -0.602036,
          0.269903,
          -0.751469,
          5.371805
        ],
        [
          0.798376,
          0.189138,
          -0.571684,
          2.631029
        ],
        [
          -0.012168,
          -0.944129,
          -0.329352,
          1.491421
        ],
        [
          0.0,
          0.0,
          0.0,
          1.0
        ]
      ]
    },
    {
      "file_path": "/media/NFS/ttao/scannet/posed_images/scene0584_02/00154.jpg",
      "transform_matrix": [
        [
          -0.58509,
          0.264808,
          -0.766516,
          5.368412
        ],
        [
          0.810955,
          0.19651,
          -0.551122,
          2.626536
        ],
        [
          0.004686,
          -0.944066,
          -0.329724,
          1.494975
        ],
        [
          0.0,
          0.0,
          0.0,
          1.0
        ]
      ]
    },
    {
      "file_path": "/media/NFS/ttao/scannet/posed_images/scene0584_02/00157.jpg",
      "transform_matrix": [
        [
          -0.574337,
          0.254984,
          -0.777894,
          5.366013
        ],
        [
          0.818549,
          0.191303,
          -0.541647,
          2.625837
        ],
        [
          0.010702,
          -0.947833,
          -0.318589,
          1.50544
        ],
        [
          0.0,
          0.0,
          0.0,
          1.0
        ]
      ]
    },
    {
      "file_path": "/media/NFS/ttao/scannet/posed_images/scene0584_02/00161.jpg",
      "transform_matrix": [
        [
          -0.56002,
          0.237782,
          -0.793623,
          5.358587
        ],
        [
          0.828414,
          0.172736,
          -0.532815,
          2.633146
        ],
        [
          0.010394,
          -0.955836,
          -0.293717,
          1.525472
        ],
        [
          0.0,
          0.0,
          0.0,
          1.0
        ]
      ]
    },
    {
      "file_path": "/media/NFS/ttao/scannet/posed_images/scene0584_02/00167.jpg",
      "transform_matrix": [
        [
          -0.525016,
          0.21409,
          -0.823725,
          5.35418
        ],
        [
          0.851059,
          0.140584,
          -0.5059,
          2.644953
        ],
        [
          0.007494,
          -0.966645,
          -0.256012,
          1.542648
        ],
        [
          0.0,
          0.0,
          0.0,
          1.0
        ]
      ]
    },
    {
      "file_path": "/media/NFS/ttao/scannet/posed_images/scene0584_02/00171.jpg",
      "transform_matrix": [
        [
          -0.501767,
          0.207587,
          -0.839725,
          5.342583
        ],
        [
          0.864923,
          0.133621,
          -0.483791,
          2.654346
        ],
        [
          0.011776,
          -0.969048,
          -0.246594,
          1.548565
        ],
        [
          0.0,
          0.0,
          0.0,
          1.0
        ]
      ]
    },
    {
      "file_path": "/media/NFS/ttao/scannet/posed_images/scene0584_02/00176.jpg",
      "transform_matrix": [
        [
          -0.468652,
          0.214628,
          -0.856913,
          5.335055
        ],
        [
          0.883269,
          0.129404,
          -0.450655,
          2.662987
        ],
        [
          0.014165,
          -0.968085,
          -0.25022,
          1.550975
        ],
        [
          0.0,
          0.0,
          0.0,
          1.0
        ]
      ]
    },
    {
      "file_path": "/media/NFS/ttao/scannet/posed_images/scene0584_02/00177.jpg",
      "transform_matrix": [
        [
          -0.464202,
          0.214918,
          -0.859259,
          5.332776
        ],
        [
          0.885626,
          0.127457,
          -0.446566,
          2.669111
        ],
        [
          0.013544,
          -0.968279,
          -0.249503,
          1.549162
        ],
        [
          0.0,
          0.0,
          0.0,
          1.0
        ]
      ]
    },
    {
      "file_path": "/media/NFS/ttao/scannet/posed_images/scene0584_02/00182.jpg",
      "transform_matrix": [
        [
          -0.432646,
          0.215991,
          -0.875309,
          5.331522
        ],
        [
          0.90139,
          0.122734,
          -0.415251,
          2.678762
        ],
        [
          0.017739,
          -0.968651,
          -0.247792,
          1.544074
        ],
        [
          0.0,
          0.0,
          0.0,
          1.0
        ]
      ]
    },
    {
      "file_path": "/media/NFS/ttao/scannet/posed_images/scene0584_02/00189.jpg",
      "transform_matrix": [
        [
          -0.415573,
          0.241979,
          -0.876781,
          5.32654
        ],
        [
          0.909456,
          0.125108,
          -0.396532,
          2.691124
        ],
        [
          0.01374,
          -0.962182,
          -0.272061,
          1.524876
        ],
        [
          0.0,
          0.0,
          0.0,
          1.0
        ]
      ]
    },
    {
      "file_path": "/media/NFS/ttao/scannet/posed_images/scene0584_02/00190.jpg",
      "transform_matrix": [
        [
          -0.413851,
          0.246118,
          -0.876444,
          5.325103
        ],
        [
          0.910294,
          0.121996,
          -0.395577,
          2.69405
        ],
        [
          0.009564,
          -0.961532,
          -0.274528,
          1.516661
        ],
        [
          0.0,
          0.0,
          0.0,
          1.0
        ]
      ]
    },
    {
      "file_path": "/media/NFS/ttao/scannet/posed_images/scene0584_02/00195.jpg",
      "transform_matrix": [
        [
          -0.406269,
          0.27598,
          -0.87108,
          5.320049
        ],
        [
          0.913716,
          0.131393,
          -0.384525,
          2.696564
        ],
        [
          0.008333,
          -0.95214,
          -0.305549,
          1.496646
        ],
        [
          0.0,
          0.0,
          0.0,
          1.0
        ]
      ]
    },
    {
      "file_path": "/media/NFS/ttao/scannet/posed_images/scene0584_02/00200.jpg",
      "transform_matrix": [
        [
          -0.384922,
          0.293614,
          -0.875001,
          5.31114
        ],
        [
          0.922651,
          0.146513,
          -0.35672,
          2.703373
        ],
        [
          0.023461,
          -0.94463,
          -0.327299,
          1.476674
        ],
        [
          0.0,
          0.0,
          0.0,
          1.0
        ]
      ]
    },
    {
      "file_path": "/media/NFS/ttao/scannet/posed_images/scene0584_02/00205.jpg",
      "transform_matrix": [
        [
          -0.365749,
          0.324684,
          -0.872243,
          5.307546
        ],
        [
          0.930368,
          0.153099,
          -0.333132,
          2.701707
        ],
        [
          0.025377,
          -0.933349,
          -0.358071,
          1.453953
        ],
        [
          0.0,
          0.0,
          0.0,
          1.0
        ]
      ]
    },
    {
      "file_path": "/media/NFS/ttao/scannet/posed_images/scene0584_02/00210.jpg",
      "transform_matrix": [
        [
          -0.352585,
          0.350545,
          -0.867641,
          5.301006
        ],
        [
          0.935503,
          0.154605,
          -0.317699,
          2.701159
        ],
        [
          0.022774,
          -0.923697,
          -0.382447,
          1.43778
        ],
        [
          0.0,
          0.0,
          0.0,
          1.0
        ]
      ]
    },
    {
      "file_path": "/media/NFS/ttao/scannet/posed_images/scene0584_02/00214.jpg",
      "transform_matrix": [
        [
          -0.348832,
          0.376879,
          -0.858067,
          5.298447
        ],
        [
          0.93709,
          0.153341,
          -0.313607,
          2.696296
        ],
        [
          0.013385,
          -0.913482,
          -0.406659,
          1.429104
        ],
        [
          0.0,
          0.0,
          0.0,
          1.0
        ]
      ]
    },
    {
      "file_path": "/media/NFS/ttao/scannet/posed_images/scene0584_02/00215.jpg",
      "transform_matrix": [
        [
          -0.347598,
          0.37916,
          -0.857562,
          5.300274
        ],
        [
          0.937576,
          0.151548,
          -0.313025,
          2.694832
        ],
        [
          0.011275,
          -0.912837,
          -0.408169,
          1.425733
        ],
        [
          0.0,
          0.0,
          0.0,
          1.0
        ]
      ]
    },
    {
      "file_path": "/media/NFS/ttao/scannet/posed_images/scene0584_02/00221.jpg",
      "transform_matrix": [
        [
          -0.345318,
          0.401095,
          -0.848456,
          5.300006
        ],
        [
          0.938185,
          0.170429,
          -0.301269,
          2.673633
        ],
        [
          0.023765,
          -0.900043,
          -0.435154,
          1.413375
        ],
        [
          0.0,
          0.0,
          0.0,
          1.0
        ]
      ]
    },
    {
      "file_path": "/media/NFS/ttao/scannet/posed_images/scene0584_02/00227.jpg",
      "transform_matrix": [
        [
          -0.381177,
          0.399035,
          -0.833951,
          5.317403
        ],
        [
          0.923763,
          0.200448,
          -0.326316,
          2.619482
        ],
        [
          0.036952,
          -0.894758,
          -0.44502,
          1.414376
        ],
        [
          0.0,
          0.0,
          0.0,
          1.0
        ]
      ]
    },
    {
      "file_path": "/media/NFS/ttao/scannet/posed_images/scene0584_02/00231.jpg",
      "transform_matrix": [
        [
          -0.388409,
          0.375356,
          -0.841574,
          5.336523
        ],
        [
          0.920393,
          0.202518,
          -0.33446,
          2.573318
        ],
        [
          0.044892,
          -0.904486,
          -0.424134,
          1.430372
        ],
        [
          0.0,
          0.0,
          0.0,
          1.0
        ]
      ]
    },
    {
      "file_path": "/media/NFS/ttao/scannet/posed_images/scene0584_02/00235.jpg",
      "transform_matrix": [
        [
          -0.374422,
          0.353774,
          -0.857119,
          5.374157
        ],
        [
          0.925901,
          0.192637,
          -0.324958,
          2.50952
        ],
        [
          0.050151,
          -0.915279,
          -0.399687,
          1.43688
        ],
        [
          0.0,
          0.0,
          0.0,
          1.0
        ]
      ]
    },
    {
      "file_path": "/media/NFS/ttao/scannet/posed_images/scene0584_02/00240.jpg",
      "transform_matrix": [
        [
          -0.354142,
          0.37718,
          -0.855756,
          5.419246
        ],
        [
          0.93437,
          0.181059,
          -0.306872,
          2.430005
        ],
        [
          0.039196,
          -0.908269,
          -0.416546,
          1.44936
        ],
        [
          0.0,
          0.0,
          0.0,
          1.0
        ]
      ]
    },
    {
      "file_path": "/media/NFS/ttao/scannet/posed_images/scene0584_02/00244.jpg",
      "transform_matrix": [
        [
          -0.336522,
          0.370262,
          -0.865828,
          5.453633
        ],
        [
          0.941298,
          0.15828,
          -0.298169,
          2.369543
        ],
        [
          0.026643,
          -0.915344,
          -0.401792,
          1.455979
        ],
        [
          0.0,
          0.0,
          0.0,
          1.0
        ]
      ]
    },
    {
      "file_path": "/media/NFS/ttao/scannet/posed_images/scene0584_02/00247.jpg",
      "transform_matrix": [
        [
          -0.331618,
          0.389689,
          -0.859169,
          5.46329
        ],
        [
          0.943279,
          0.152351,
          -0.294981,
          2.324532
        ],
        [
          0.015944,
          -0.908258,
          -0.418107,
          1.461021
        ],
        [
          0.0,
          0.0,
          0.0,
          1.0
        ]
      ]
    },
    {
      "file_path": "/media/NFS/ttao/scannet/posed_images/scene0584_02/00251.jpg",
      "transform_matrix": [
        [
          -0.347103,
          0.394769,
          -0.850692,
          5.464548
        ],
        [
          0.937826,
          0.144812,
          -0.315454,
          2.275677
        ],
        [
          -0.001341,
          -0.907296,
          -0.42049,
          1.457962
        ],
        [
          0.0,
          0.0,
          0.0,
          1.0
        ]
      ]
    },
    {
      "file_path": "/media/NFS/ttao/scannet/posed_images/scene0584_02/00255.jpg",
      "transform_matrix": [
        [
          -0.341635,
          0.414051,
          -0.84371,
          5.444407
        ],
        [
          0.939802,
          0.157789,
          -0.303109,
          2.223562
        ],
        [
          0.007625,
          -0.896473,
          -0.443032,
          1.442222
        ],
        [
          0.0,
          0.0,
          0.0,
          1.0
        ]
      ]
    },
    {
      "file_path": "/media/NFS/ttao/scannet/posed_images/scene0584_02/00260.jpg",
      "transform_matrix": [
        [
          -0.325414,
          0.418035,
          -0.848147,
          5.407821
        ],
        [
          0.94557,
          0.142326,
          -0.292643,
          2.146301
        ],
        [
          -0.001622,
          -0.897213,
          -0.441596,
          1.444679
        ],
        [
          0.0,
          0.0,
          0.0,
          1.0
        ]
      ]
    },
    {
      "file_path": "/media/NFS/ttao/scannet/posed_images/scene0584_02/00265.jpg",
      "transform_matrix": [
        [
          -0.330256,
          0.401198,
          -0.854383,
          5.370532
        ],
        [
          0.94346,
          0.112938,
          -0.311655,
          2.060685
        ],
        [
          -0.028543,
          -0.909002,
          -0.415813,
          1.46125
        ],
        [
          0.0,
          0.0,
          0.0,
          1.0
        ]
      ]
    },
    {
      "file_path": "/media/NFS/ttao/scannet/posed_images/scene0584_02/00270.jpg",
      "transform_matrix": [
        [
          -0.335954,
          0.396247,
          -0.854472,
          5.346129
        ],
        [
          0.941815,
          0.130813,
          -0.309632,
          1.965987
        ],
        [
          -0.010915,
          -0.908777,
          -0.417139,
          1.465052
        ],
        [
          0.0,
          0.0,
          0.0,
          1.0
        ]
      ]
    },
    {
      "file_path": "/media/NFS/ttao/scannet/posed_images/scene0584_02/00273.jpg",
      "transform_matrix": [
        [
          -0.329221,
          0.382076,
          -0.863499,
          5.338625
        ],
        [
          0.944122,
          0.148422,
          -0.294287,
          1.910372
        ],
        [
          0.015722,
          -0.912134,
          -0.40959,
          1.464782
        ],
        [
          0.0,
          0.0,
          0.0,
          1.0
        ]
      ]
    },
    {
      "file_path": "/media/NFS/ttao/scannet/posed_images/scene0584_02/00278.jpg",
      "transform_matrix": [
        [
          -0.311462,
          0.355807,
          -0.881131,
          5.338239
        ],
        [
          0.950018,
          0.137475,
          -0.280299,
          1.801325
        ],
        [
          0.021401,
          -0.924393,
          -0.380841,
          1.458711
        ],
        [
          0.0,
          0.0,
          0.0,
          1.0
        ]
      ]
    },
    {
      "file_path": "/media/NFS/ttao/scannet/posed_images/scene0584_02/00283.jpg",
      "transform_matrix": [
        [
          -0.275677,
          0.37314,
          -0.885872,
          5.340453
        ],
        [
          0.960979,
          0.128904,
          -0.244753,
          1.673815
        ],
        [
          0.022865,
          -0.918777,
          -0.394115,
          1.457811
        ],
        [
          0.0,
          0.0,
          0.0,
          1.0
        ]
      ]
    },
    {
      "file_path": "/media/NFS/ttao/scannet/posed_images/scene0584_02/00284.jpg",
      "transform_matrix": [
        [
          -0.265622,
          0.372562,
          -0.889181,
          5.344363
        ],
        [
          0.963893,
          0.120666,
          -0.237382,
          1.649828
        ],
        [
          0.018854,
          -0.920129,
          -0.391162,
          1.455998
        ],
        [
          0.0,
          0.0,
          0.0,
          1.0
        ]
      ]
    },
    {
      "file_path": "/media/NFS/ttao/scannet/posed_images/scene0584_02/00291.jpg",
      "transform_matrix": [
        [
          -0.22458,
          0.404335,
          -0.88661,
          5.338342
        ],
        [
          0.974448,
          0.096757,
          -0.202705,
          1.498988
        ],
        [
          0.003825,
          -0.909479,
          -0.415733,
          1.46049
        ],
        [
          0.0,
          0.0,
          0.0,
          1.0
        ]
      ]
    },
    {
      "file_path": "/media/NFS/ttao/scannet/posed_images/scene0584_02/00295.jpg",
      "transform_matrix": [
        [
          -0.194078,
          0.411538,
          -0.890489,
          5.316644
        ],
        [
          0.980863,
          0.095762,
          -0.169519,
          1.417779
        ],
        [
          0.015511,
          -0.906348,
          -0.422248,
          1.456015
        ],
        [
          0.0,
          0.0,
          0.0,
          1.0
        ]
      ]
    },
    {
      "file_path": "/media/NFS/ttao/scannet/posed_images/scene0584_02/00300.jpg",
      "transform_matrix": [
        [
          -0.16191,
          0.409532,
          -0.897813,
          5.271333
        ],
        [
          0.986755,
          0.076434,
          -0.143085,
          1.31373
        ],
        [
          0.010026,
          -0.909088,
          -0.416483,
          1.448817
        ],
        [
          0.0,
          0.0,
          0.0,
          1.0
        ]
      ]
    },
    {
      "file_path": "/media/NFS/ttao/scannet/posed_images/scene0584_02/00303.jpg",
      "transform_matrix": [
        [
          -0.149375,
          0.401607,
          -0.903548,
          5.237586
        ],
        [
          0.98878,
          0.061459,
          -0.136148,
          1.251872
        ],
        [
          0.000853,
          -0.913748,
          -0.406282,
          1.445643
        ],
        [
          0.0,
          0.0,
          0.0,
          1.0
        ]
      ]
    },
    {
      "file_path": "/media/NFS/ttao/scannet/posed_images/scene0584_02/00306.jpg",
      "transform_matrix": [
        [
          -0.141443,
          0.409737,
          -0.901171,
          5.199933
        ],
        [
          0.9899,
          0.049745,
          -0.132752,
          1.181984
        ],
        [
          -0.009565,
          -0.910846,
          -0.412635,
          1.451826
        ],
        [
          0.0,
          0.0,
          0.0,
          1.0
        ]
      ]
    },
    {
      "file_path": "/media/NFS/ttao/scannet/posed_images/scene0584_02/00312.jpg",
      "transform_matrix": [
        [
          -0.151508,
          0.418792,
          -0.895354,
          5.137446
        ],
        [
          0.988456,
          0.063698,
          -0.137468,
          1.048496
        ],
        [
          -0.000538,
          -0.905845,
          -0.423609,
          1.456564
        ],
        [
          0.0,
          0.0,
          0.0,
          1.0
        ]
      ]
    },
    {
      "file_path": "/media/NFS/ttao/scannet/posed_images/scene0584_02/00314.jpg",
      "transform_matrix": [
        [
          -0.135475,
          0.417614,
          -0.898468,
          5.1162
        ],
        [
          0.990744,
          0.064853,
          -0.119244,
          1.010933
        ],
        [
          0.00847,
          -0.906307,
          -0.422535,
          1.457554
        ],
        [
          0.0,
          0.0,
          0.0,
          1.0
        ]
      ]
    },
    {
      "file_path": "/media/NFS/ttao/scannet/posed_images/scene0584_02/00319.jpg",
      "transform_matrix": [
        [
          -0.050911,
          0.402097,
          -0.914181,
          5.059564
        ],
        [
          0.998654,
          0.029567,
          -0.04261,
          0.919786
        ],
        [
          0.009896,
          -0.91512,
          -0.403061,
          1.445465
        ],
        [
          0.0,
          0.0,
          0.0,
          1.0
        ]
      ]
    },
    {
      "file_path": "/media/NFS/ttao/scannet/posed_images/scene0584_02/00323.jpg",
      "transform_matrix": [
        [
          0.060303,
          0.395158,
          -0.916632,
          5.013291
        ],
        [
          0.998134,
          -0.015054,
          0.059175,
          0.847714
        ],
        [
          0.009584,
          -0.91849,
          -0.395328,
          1.442747
        ],
        [
          0.0,
          0.0,
          0.0,
          1.0
        ]
      ]
    },
    {
      "file_path": "/media/NFS/ttao/scannet/posed_images/scene0584_02/00329.jpg",
      "transform_matrix": [
        [
          0.220183,
          0.377414,
          -0.899488,
          4.931814
        ],
        [
          0.975323,
          -0.06977,
          0.209471,
          0.728546
        ],
        [
          0.0163,
          -0.923412,
          -0.383463,
