{
  "frames": [
    {
      "file_path": "/media/NFS/ttao/scannet/posed_images/scene0548_02/00007.jpg",
      "transform_matrix": [
        [
          -0.996324,
          0.063476,
          -0.057522,
          2.394471
        ],
        [
          0.085286,
          0.672153,
          -0.735484,
          1.431789
        ],
        [
          -0.008022,
          -0.737686,
          -0.675096,
          1.361939
        ],
        [
          0.0,
          0.0,
          0.0,
          1.0
        ]
      ]
    },
    {
      "file_path": "/media/NFS/ttao/scannet/posed_images/scene0548_02/00015.jpg",
      "transform_matrix": [
        [
          -0.99547,
          0.058025,
          -0.075314,
          2.411758
        ],
        [
          0.094598,
          0.683773,
          -0.723537,
          1.426393
        ],
        [
          0.009514,
          -0.727384,
          -0.686165,
          1.372079
        ],
        [
          0.0,
          0.0,
          0.0,
          1.0
        ]
      ]
    },
    {
      "file_path": "/media/NFS/ttao/scannet/posed_images/scene0548_02/00022.jpg",
      "transform_matrix": [
        [
          -0.994815,
          0.076977,
          -0.066466,
          2.421373
        ],
        [
          0.101111,
          0.678247,
          -0.727844,
          1.424839
        ],
        [
          -0.010946,
          -0.730791,
          -0.682514,
          1.372614
        ],
        [
          0.0,
          0.0,
          0.0,
          1.0
        ]
      ]
    },
    {
      "file_path": "/media/NFS/ttao/scannet/posed_images/scene0548_02/00034.jpg",
      "transform_matrix": [
        [
          -0.993489,
          0.096594,
          -0.06041,
          2.475774
        ],
        [
          0.10993,
          0.673505,
          -0.730963,
          1.415966
        ],
        [
          -0.029921,
          -0.732844,
          -0.679738,
          1.367679
        ],
        [
          0.0,
          0.0,
          0.0,
          1.0
        ]
      ]
    },
    {
      "file_path": "/media/NFS/ttao/scannet/posed_images/scene0548_02/00056.jpg",
      "transform_matrix": [
        [
          -0.990376,
          0.138366,
          -0.003332,
          2.348286
        ],
        [
          0.096577,
          0.673621,
          -0.73274,
          1.451347
        ],
        [
          -0.099142,
          -0.726009,
          -0.680501,
          1.374615
        ],
        [
          0.0,
          0.0,
          0.0,
          1.0
        ]
      ]
    },
    {
      "file_path": "/media/NFS/ttao/scannet/posed_images/scene0548_02/00060.jpg",
      "transform_matrix": [
        [
          -0.991422,
          0.127262,
          0.029786,
          2.303951
        ],
        [
          0.065023,
          0.677935,
          -0.732241,
          1.467058
        ],
        [
          -0.113379,
          -0.724023,
          -0.680394,
          1.374755
        ],
        [
          0.0,
          0.0,
          0.0,
          1.0
        ]
      ]
    },
    {
      "file_path": "/media/NFS/ttao/scannet/posed_images/scene0548_02/00071.jpg",
      "transform_matrix": [
        [
          -0.991351,
          0.041927,
          0.124361,
          2.159966
        ],
        [
          -0.060143,
          0.697098,
          -0.714449,
          1.498417
        ],
        [
          -0.116647,
          -0.715749,
          -0.688547,
          1.379361
        ],
        [
          0.0,
          0.0,
          0.0,
          1.0
        ]
      ]
    },
    {
      "file_path": "/media/NFS/ttao/scannet/posed_images/scene0548_02/00094.jpg",
      "transform_matrix": [
        [
          -0.976899,
          -0.000703,
          0.213699,
          1.901001
        ],
        [
          -0.156117,
          0.685212,
          -0.711415,
          1.427568
        ],
        [
          -0.145929,
          -0.728343,
          -0.669493,
          1.388093
        ],
        [
          0.0,
          0.0,
          0.0,
          1.0
        ]
      ]
    },
    {
      "file_path": "/media/NFS/ttao/scannet/posed_images/scene0548_02/00105.jpg",
      "transform_matrix": [
        [
          -0.920281,
          -0.13002,
          0.369021,
          1.729371
        ],
        [
          -0.353817,
          0.679178,
          -0.643064,
          1.422598
        ],
        [
          -0.16702,
          -0.722366,
          -0.671038,
          1.371209
        ],
        [
          0.0,
          0.0,
          0.0,
          1.0
        ]
      ]
    },
    {
      "file_path": "/media/NFS/ttao/scannet/posed_images/scene0548_02/00112.jpg",
      "transform_matrix": [
        [
          -0.888522,
          -0.192678,
          0.416418,
          1.63445
        ],
        [
          -0.433394,
          0.650428,
          -0.623789,
          1.400365
        ],
        [
          -0.150659,
          -0.734724,
          -0.661425,
          1.347985
        ],
        [
          0.0,
          0.0,
          0.0,
          1.0
        ]
      ]
    },
    {
      "file_path": "/media/NFS/ttao/scannet/posed_images/scene0548_02/00124.jpg",
      "transform_matrix": [
        [
          -0.838494,
          -0.277307,
          0.469072,
          1.52054
        ],
        [
          -0.528338,
          0.624415,
          -0.575294,
          1.354527
        ],
        [
          -0.133363,
          -0.73021,
          -0.670081,
          1.314944
        ],
        [
          0.0,
          0.0,
          0.0,
          1.0
        ]
      ]
    },
    {
      "file_path": "/media/NFS/ttao/scannet/posed_images/scene0548_02/00142.jpg",
      "transform_matrix": [
        [
          -0.77521,
          -0.356304,
          0.521628,
          1.410558
        ],
        [
          -0.627171,
          0.532842,
          -0.568098,
          1.266154
        ],
        [
          -0.075529,
          -0.767546,
          -0.636528,
          1.305439
        ],
        [
          0.0,
          0.0,
          0.0,
          1.0
        ]
      ]
    },
    {
      "file_path": "/media/NFS/ttao/scannet/posed_images/scene0548_02/00150.jpg",
      "transform_matrix": [
        [
          -0.795087,
          -0.33669,
          0.504457,
          1.420423
        ],
        [
          -0.601164,
          0.547552,
          -0.582056,
          1.265366
        ],
        [
          -0.080245,
          -0.766046,
          -0.637757,
          1.317233
        ],
        [
          0.0,
          0.0,
          0.0,
          1.0
        ]
      ]
    },
    {
      "file_path": "/media/NFS/ttao/scannet/posed_images/scene0548_02/00161.jpg",
      "transform_matrix": [
        [
          -0.876865,
          -0.254976,
          0.407547,
          1.535178
        ],
        [
          -0.472,
          0.617508,
          -0.629205,
          1.285381
        ],
        [
          -0.091231,
          -0.74409,
          -0.661821,
          1.353046
        ],
        [
          0.0,
          0.0,
          0.0,
          1.0
        ]
      ]
    },
    {
      "file_path": "/media/NFS/ttao/scannet/posed_images/scene0548_02/00180.jpg",
      "transform_matrix": [
        [
          -0.941828,
          -0.140208,
          0.305452,
          1.839873
        ],
        [
          -0.310292,
          0.711951,
          -0.629956,
          1.289859
        ],
        [
          -0.129142,
          -0.68809,
          -0.714041,
          1.377573
        ],
        [
          0.0,
          0.0,
          0.0,
          1.0
        ]
      ]
    },
    {
      "file_path": "/media/NFS/ttao/scannet/posed_images/scene0548_02/00191.jpg",
      "transform_matrix": [
        [
          -0.992516,
          -0.021119,
          0.120274,
          1.998691
        ],
        [
          -0.098781,
          0.717905,
          -0.689097,
          1.256898
        ],
        [
          -0.071793,
          -0.69582,
          -0.714619,
          1.398829
        ],
        [
          0.0,
          0.0,
          0.0,
          1.0
        ]
      ]
    },
    {
      "file_path": "/media/NFS/ttao/scannet/posed_images/scene0548_02/00206.jpg",
      "transform_matrix": [
        [
          -0.999988,
          0.003588,
          -0.003398,
          2.058214
        ],
        [
          0.004889,
          0.617592,
          -0.786483,
          1.191866
        ],
        [
          -0.000723,
          -0.78649,
          -0.617602,
          1.450941
        ],
        [
          0.0,
          0.0,
          0.0,
          1.0
        ]
      ]
    },
    {
      "file_path": "/media/NFS/ttao/scannet/posed_images/scene0548_02/00214.jpg",
      "transform_matrix": [
        [
          -0.999943,
          -0.010281,
          -0.002803,
          2.032455
        ],
        [
          -0.003316,
          0.55016,
          -0.835052,
          1.166579
        ],
        [
          0.010127,
          -0.834996,
          -0.550163,
          1.464419
        ],
        [
          0.0,
          0.0,
          0.0,
          1.0
        ]
      ]
    },
    {
      "file_path": "/media/NFS/ttao/scannet/posed_images/scene0548_02/00232.jpg",
      "transform_matrix": [
        [
          -0.964511,
          0.146437,
          -0.219714,
          2.026337
        ],
        [
          0.263079,
          0.461965,
          -0.846982,
          1.053967
        ],
        [
          -0.02253,
          -0.874725,
          -0.484095,
          1.481904
        ],
        [
          0.0,
          0.0,
          0.0,
          1.0
        ]
      ]
    },
    {
      "file_path": "/media/NFS/ttao/scannet/posed_images/scene0548_02/00240.jpg",
      "transform_matrix": [
        [
          -0.929419,
          0.20318,
          -0.308055,
          2.112893
        ],
        [
          0.367298,
          0.428639,
          -0.825446,
          0.994294
        ],
        [
          -0.03567,
          -0.880333,
          -0.473013,
          1.477523
        ],
        [
          0.0,
          0.0,
          0.0,
          1.0
        ]
      ]
    },
    {
      "file_path": "/media/NFS/ttao/scannet/posed_images/scene0548_02/00255.jpg",
      "transform_matrix": [
        [
          -0.784899,
          0.336531,
          -0.52027,
          2.321796
        ],
        [
          0.616042,
          0.333676,
          -0.713549,
          0.861678
        ],
        [
          -0.06653,
          -0.880572,
          -0.469219,
          1.473378
        ],
        [
          0.0,
          0.0,
          0.0,
          1.0
        ]
      ]
    },
    {
      "file_path": "/media/NFS/ttao/scannet/posed_images/scene0548_02/00259.jpg",
      "transform_matrix": [
        [
          -0.780334,
          0.332918,
          -0.529381,
          2.343724
        ],
        [
          0.623051,
          0.34116,
          -0.703859,
          0.850191
        ],
        [
          -0.053724,
          -0.879076,
          -0.473644,
          1.471695
        ],
        [
          0.0,
          0.0,
          0.0,
          1.0
        ]
      ]
    },
    {
      "file_path": "/media/NFS/ttao/scannet/posed_images/scene0548_02/00277.jpg",
      "transform_matrix": [
        [
          -0.898211,
          0.259669,
          -0.354667,
          2.195084
        ],
        [
          0.434955,
          0.408514,
          -0.802452,
          0.942547
        ],
        [
          -0.063485,
          -0.875036,
          -0.479877,
          1.4698
        ],
        [
          0.0,
          0.0,
          0.0,
          1.0
        ]
      ]
    },
    {
      "file_path": "/media/NFS/ttao/scannet/posed_images/scene0548_02/00285.jpg",
      "transform_matrix": [
        [
          -0.936874,
          0.228792,
          -0.264428,
          2.035619
        ],
        [
          0.340852,
          0.428811,
          -0.836625,
          0.988448
        ],
        [
          -0.078023,
          -0.873942,
          -0.479726,
          1.447739
        ],
        [
          0.0,
          0.0,
          0.0,
          1.0
        ]
      ]
    },
    {
      "file_path": "/media/NFS/ttao/scannet/posed_images/scene0548_02/00300.jpg",
      "transform_matrix": [
        [
          -0.996604,
          0.02349,
          0.078923,
          1.74371
        ],
        [
          -0.057462,
          0.488118,
          -0.870884,
          1.053167
        ],
        [
          -0.058981,
          -0.872462,
          -0.48511,
          1.457528
        ],
        [
          0.0,
          0.0,
          0.0,
          1.0
        ]
      ]
    },
    {
      "file_path": "/media/NFS/ttao/scannet/posed_images/scene0548_02/00319.jpg",
      "transform_matrix": [
        [
          -0.89275,
          -0.181039,
          0.41258,
          1.487103
        ],
        [
          -0.450306,
          0.388801,
          -0.803777,
          1.010508
        ],
        [
          -0.014897,
          -0.90336,
          -0.428625,
          1.437385
        ],
        [
          0.0,
          0.0,
          0.0,
          1.0
        ]
      ]
    },
    {
      "file_path": "/media/NFS/ttao/scannet/posed_images/scene0548_02/00326.jpg",
      "transform_matrix": [
        [
          -0.871415,
          -0.185193,
          0.454247,
          1.491814
        ],
        [
          -0.48963,
          0.384952,
          -0.782351,
          0.982876
        ],
        [
          -0.029977,
          -0.904166,
          -0.426129,
          1.464144
        ],
        [
          0.0,
          0.0,
          0.0,
          1.0
        ]
      ]
    },
    {
      "file_path": "/media/NFS/ttao/scannet/posed_images/scene0548_02/00337.jpg",
      "transform_matrix": [
        [
          -0.824437,
          -0.250688,
          0.507405,
          1.574172
        ],
        [
          -0.565833,
          0.383636,
          -0.729833,
          0.954953
        ],
        [
          -0.011698,
          -0.888807,
          -0.458132,
          1.492456
        ],
        [
          0.0,
          0.0,
          0.0,
          1.0
        ]
      ]
    },
    {
      "file_path": "/media/NFS/ttao/scannet/posed_images/scene0548_02/00356.jpg",
      "transform_matrix": [
        [
          -0.905642,
          -0.264143,
          0.331724,
          1.83859
        ],
        [
          -0.423688,
          0.531678,
          -0.733353,
          0.851543
        ],
        [
          0.01734,
          -0.804703,
          -0.593425,
          1.567678
        ],
        [
          0.0,
          0.0,
          0.0,
          1.0
        ]
      ]
    },
    {
      "file_path": "/media/NFS/ttao/scannet/posed_images/scene0548_02/00364.jpg",
      "transform_matrix": [
        [
          -0.936483,
          -0.265304,
          0.229377,
          1.93252
        ],
        [
          -0.347661,
          0.616156,
          -0.706741,
          0.806398
        ],
        [
          0.046169,
          -0.741596,
          -0.669256,
          1.578419
        ],
        [
          0.0,
          0.0,
          0.0,
          1.0
        ]
      ]
    },
    {
      "file_path": "/media/NFS/ttao/scannet/posed_images/scene0548_02/00375.jpg",
      "transform_matrix": [
        [
          -0.958249,
          -0.248316,
          0.14177,
          1.973441
        ],
        [
          -0.278404,
          0.697206,
          -0.660602,
          0.773477
        ],
        [
          0.065195,
          -0.67249,
          -0.737229,
          1.580759
        ],
        [
          0.0,
          0.0,
          0.0,
          1.0
        ]
      ]
    },
    {
      "file_path": "/media/NFS/ttao/scannet/posed_images/scene0548_02/00394.jpg",
      "transform_matrix": [
        [
          -0.928962,
          -0.326298,
          0.174813,
          2.019675
        ],
        [
          -0.366567,
          0.745086,
          -0.557204,
          0.792868
        ],
        [
          0.051564,
          -0.581702,
          -0.811766,
          1.54956
        ],
        [
          0.0,
          0.0,
          0.0,
          1.0
        ]
      ]
    },
    {
      "file_path": "/media/NFS/ttao/scannet/posed_images/scene0548_02/00401.jpg",
      "transform_matrix": [
        [
          -0.895606,
          -0.383188,
          0.22596,
          2.043691
        ],
        [
          -0.443279,
          0.726101,
          -0.525625,
          0.80909
        ],
        [
          0.037344,
          -0.570916,
          -0.820159,
          1.537333
        ],
        [
          0.0,
          0.0,
          0.0,
          1.0
        ]
      ]
    },
    {
      "file_path": "/media/NFS/ttao/scannet/posed_images/scene0548_02/00412.jpg",
      "transform_matrix": [
        [
          -0.869568,
          -0.43099,
          0.241039,
          2.093819
        ],
        [
          -0.493754,
          0.751261,
          -0.437965,
          0.788448
        ],
        [
          0.007675,
          -0.499855,
          -0.866075,
          1.520234
        ],
        [
          0.0,
          0.0,
          0.0,
          1.0
        ]
      ]
    },
    {
      "file_path": "/media/NFS/ttao/scannet/posed_images/scene0548_02/00431.jpg",
      "transform_matrix": [
        [
          -0.970498,
          -0.197083,
          0.138896,
          2.253794
        ],
        [
          -0.237462,
          0.881108,
          -0.408974,
          0.668694
        ],
        [
          -0.041781,
          -0.429891,
          -0.901913,
          1.516855
        ],
        [
          0.0,
          0.0,
          0.0,
          1.0
        ]
      ]
    },
    {
      "file_path": "/media/NFS/ttao/scannet/posed_images/scene0548_02/00442.jpg",
      "transform_matrix": [
        [
          -0.987226,
          -0.126236,
          0.097203,
          2.280856
        ],
        [
          -0.152577,
          0.92474,
          -0.348678,
          0.592538
        ],
        [
          -0.045872,
          -0.359055,
          -0.932189,
          1.499541
        ],
        [
          0.0,
          0.0,
          0.0,
          1.0
        ]
      ]
    },
    {
      "file_path": "/media/NFS/ttao/scannet/posed_images/scene0548_02/00446.jpg",
      "transform_matrix": [
        [
          -0.985975,
          -0.13032,
          0.104262,
          2.292785
        ],
        [
          -0.158287,
          0.928228,
          -0.336658,
          0.578979
        ],
        [
          -0.052906,
          -0.34844,
          -0.935837,
          1.493063
        ],
        [
          0.0,
          0.0,
          0.0,
          1.0
        ]
      ]
    },
    {
      "file_path": "/media/NFS/ttao/scannet/posed_images/scene0548_02/00468.jpg",
      "transform_matrix": [
        [
          -0.987147,
          -0.07382,
          0.141746,
          2.435286
        ],
        [
          -0.119899,
          0.928499,
          -0.351446,
          0.555198
        ],
        [
          -0.105667,
          -0.363924,
          -0.925415,
          1.452867
        ],
        [
          0.0,
          0.0,
          0.0,
          1.0
        ]
      ]
    },
    {
      "file_path": "/media/NFS/ttao/scannet/posed_images/scene0548_02/00472.jpg",
      "transform_matrix": [
        [
          -0.985094,
          -0.101717,
          0.138718,
          2.452284
        ],
        [
          -0.143312,
          0.931324,
          -0.33481,
          0.561243
        ],
        [
          -0.095136,
          -0.3497,
          -0.932019,
          1.43498
        ],
        [
          0.0,
          0.0,
          0.0,
          1.0
        ]
      ]
    },
    {
      "file_path": "/media/NFS/ttao/scannet/posed_images/scene0548_02/00487.jpg",
      "transform_matrix": [
        [
          -0.893877,
          -0.395167,
          0.211721,
          2.49729
        ],
        [
          -0.441414,
          0.858315,
          -0.261626,
          0.594203
        ],
        [
          -0.078338,
          -0.327318,
          -0.941661,
          1.381372
        ],
        [
          0.0,
          0.0,
          0.0,
          1.0
        ]
      ]
    },
    {
      "file_path": "/media/NFS/ttao/scannet/posed_images/scene0548_02/00502.jpg",
      "transform_matrix": [
        [
          -0.62631,
          -0.683109,
          0.375632,
          2.457603
        ],
        [
          -0.769732,
          0.618205,
          -0.159171,
          0.626761
        ],
        [
          -0.123486,
          -0.388826,
          -0.912998,
          1.35276
        ],
        [
          0.0,
          0.0,
          0.0,
          1.0
        ]
      ]
    },
    {
      "file_path": "/media/NFS/ttao/scannet/posed_images/scene0548_02/00513.jpg",
      "transform_matrix": [
        [
          -0.527776,
          -0.735773,
          0.424371,
          2.394002
        ],
        [
          -0.843557,
          0.512468,
          -0.16059,
          0.717573
        ],
        [
          -0.099319,
          -0.442736,
          -0.891134,
          1.356467
        ],
        [
          0.0,
          0.0,
          0.0,
          1.0
        ]
      ]
    },
    {
      "file_path": "/media/NFS/ttao/scannet/posed_images/scene0548_02/00525.jpg",
      "transform_matrix": [
        [
          -0.420726,
          -0.76698,
          0.484491,
          2.307402
        ],
        [
          -0.906996,
          0.366595,
          -0.207282,
          0.842585
        ],
        [
          -0.018631,
          -0.52664,
          -0.849884,
          1.364242
        ],
        [
          0.0,
          0.0,
          0.0,
          1.0
        ]
      ]
    },
    {
      "file_path": "/media/NFS/ttao/scannet/posed_images/scene0548_02/00543.jpg",
      "transform_matrix": [
        [
          -0.266671,
          -0.683085,
          0.679913,
          2.217849
        ],
        [
          -0.96366,
          0.200477,
          -0.176549,
          0.817583
        ],
        [
          -0.015709,
          -0.702285,
          -0.711722,
          1.418896
        ],
        [
          0.0,
          0.0,
          0.0,
          1.0
        ]
      ]
    },
    {
      "file_path": "/media/NFS/ttao/scannet/posed_images/scene0548_02/00547.jpg",
      "transform_matrix": [
        [
          -0.26419,
          -0.667292,
          0.696365,
          2.206606
        ],
        [
          -0.964201,
          0.199808,
          -0.174336,
          0.800266
        ],
        [
          -0.022806,
          -0.717494,
          -0.696191,
          1.426065
        ],
        [
          0.0,
          0.0,
          0.0,
          1.0
        ]
      ]
    },
    {
      "file_path": "/media/NFS/ttao/scannet/posed_images/scene0548_02/00566.jpg",
      "transform_matrix": [
        [
          -0.305801,
          -0.525728,
          0.793786,
          2.17752
        ],
        [
          -0.952064,
          0.16203,
          -0.259463,
          0.811581
        ],
        [
          0.007789,
          -0.835079,
          -0.550075,
          1.474051
        ],
        [
          0.0,
          0.0,
          0.0,
          1.0
        ]
      ]
    },
    {
      "file_path": "/media/NFS/ttao/scannet/posed_images/scene0548_02/00581.jpg",
      "transform_matrix": [
        [
          -0.34227,
          -0.394725,
          0.852668,
          2.163607
        ],
        [
          -0.939557,
          0.134956,
          -0.314673,
          0.839841
        ],
        [
          0.009136,
          -0.908834,
          -0.417058,
          1.515346
        ],
        [
          0.0,
          0.0,
          0.0,
          1.0
        ]
      ]
    },
    {
      "file_path": "/media/NFS/ttao/scannet/posed_images/scene0548_02/00588.jpg",
      "transform_matrix": [
        [
          -0.360992,
          -0.367195,
          0.857235,
          2.167807
        ],
        [
          -0.932253,
          0.118149,
          -0.341974,
          0.84991
        ],
        [
          0.02429,
          -0.922609,
          -0.38497,
          1.521706
        ],
        [
          0.0,
          0.0,
          0.0,
          1.0
        ]
      ]
    },
    {
      "file_path": "/media/NFS/ttao/scannet/posed_images/scene0548_02/00600.jpg",
      "transform_matrix": [
        [
          -Infinity,
          -Infinity,
          -Infinity,
          -Infinity
        ],
        [
          -Infinity,
          -Infinity,
          -Infinity,
          -Infinity
        ],
        [
          -Infinity,
          -Infinity,
          -Infinity,
          -Infinity
        ],
        [
          -Infinity,
          -Infinity,
          -Infinity,
          -Infinity
        ]
      ]
    },
    {
      "file_path": "/media/NFS/ttao/scannet/posed_images/scene0548_02/00611.jpg",
      "transform_matrix": [
        [
          -Infinity,
          -Infinity,
          -Infinity,
          -Infinity
        ],
        [
          -Infinity,
          -Infinity,
          -Infinity,
          -Infinity
        ],
        [
          -Infinity,
          -Infinity,
          -Infinity,
          -Infinity
        ],
        [
          -Infinity,
          -Infinity,
          -Infinity,
          -Infinity
        ]
      ]
    },
    {
      "file_path": "/media/NFS/ttao/scannet/posed_images/scene0548_02/00622.jpg",
      "transform_matrix": [
        [
          -Infinity,
          -Infinity,
          -Infinity,
          -Infinity
        ],
        [
          -Infinity,
          -Infinity,
          -Infinity,
          -Infinity
        ],
        [
          -Infinity,
          -Infinity,
          -Infinity,
          -Infinity
        ],
        [
          -Infinity,
          -Infinity,
          -Infinity,
          -Infinity
        ]
      ]
    },
    {
      "file_path": "/media/NFS/ttao/scannet/posed_images/scene0548_02/00633.jpg",
      "transform_matrix": [
        [
          -Infinity,
          -Infinity,
          -Infinity,
          -Infinity
        ],
        [
          -Infinity,
          -Infinity,
          -Infinity,
          -Infinity
        ],
        [
          -Infinity,
          -Infinity,
          -Infinity,
          -Infinity
        ],
        [
          -Infinity,
          -Infinity,
          -Infinity,
          -Infinity
        ]
      ]
    },
    {
      "file_path": "/media/NFS/ttao/scannet/posed_images/scene0548_02/00652.jpg",
      "transform_matrix": [
        [
          -Infinity,
          -Infinity,
          -Infinity,
          -Infinity
        ],
        [
          -Infinity,
          -Infinity,
          -Infinity,
          -Infinity
        ],
        [
          -Infinity,
          -Infinity,
          -Infinity,
          -Infinity
        ],
        [
          -Infinity,
          -Infinity,
          -Infinity,
          -Infinity
        ]
      ]
    },
    {
      "file_path": "/media/NFS/ttao/scannet/posed_images/scene0548_02/00660.jpg",
      "transform_matrix": [
        [
          -Infinity,
          -Infinity,
          -Infinity,
          -Infinity
        ],
        [
          -Infinity,
          -Infinity,
          -Infinity,
          -Infinity
        ],
        [
          -Infinity,
          -Infinity,
          -Infinity,
          -Infinity
        ],
        [
          -Infinity,
          -Infinity,
          -Infinity,
          -Infinity
        ]
      ]
    },
    {
      "file_path": "/media/NFS/ttao/scannet/posed_images/scene0548_02/00675.jpg",
      "transform_matrix": [
        [
          -Infinity,
          -Infinity,
          -Infinity,
          -Infinity
        ],
        [
          -Infinity,
          -Infinity,
          -Infinity,
          -Infinity
        ],
        [
          -Infinity,
          -Infinity,
          -Infinity,
          -Infinity
        ],
        [
          -Infinity,
          -Infinity,
          -Infinity,
          -Infinity
        ]
      ]
    },
    {
      "file_path": "/media/NFS/ttao/scannet/posed_images/scene0548_02/00693.jpg",
      "transform_matrix": [
        [
          -Infinity,
          -Infinity,
          -Infinity,
          -Infinity
        ],
        [
          -Infinity,
          -Infinity,
          -Infinity,
          -Infinity
        ],
        [
          -Infinity,
          -Infinity,
          -Infinity,
          -Infinity
        ],
        [
          -Infinity,
          -Infinity,
          -Infinity,
          -Infinity
        ]
      ]
    },
    {
      "file_path": "/media/NFS/ttao/scannet/posed_images/scene0548_02/00697.jpg",
      "transform_matrix": [
        [
          -Infinity,
          -Infinity,
          -Infinity,
          -Infinity
        ],
        [
          -Infinity,
          -Infinity,
          -Infinity,
          -Infinity
        ],
        [
          -Infinity,
          -Infinity,
          -Infinity,
          -Infinity
        ],
        [
          -Infinity,
          -Infinity,
          -Infinity,
          -Infinity
        ]
      ]
    },
    {
      "file_path": "/media/NFS/ttao/scannet/posed_images/scene0548_02/00720.jpg",
      "transform_matrix": [
        [
          -0.961897,
          0.095522,
          -0.256183,
          3.177992
        ],
        [
          0.241119,
          0.738115,
          -0.630117,
          0.497009
        ],
        [
          0.128902,
          -0.667879,
          -0.733023,
          1.35139
        ],
        [
          0.0,
          0.0,
          0.0,
          1.0
        ]
      ]
    },
    {
      "file_path": "/media/NFS/ttao/scannet/posed_images/scene0548_02/00731.jpg",
      "transform_matrix": [
        [
          -0.951636,
          0.112012,
          -0.286082,
          3.181786
        ],
        [
          0.268634,
          0.755217,
          -0.597899,
          0.488355
        ],
        [
          0.149082,
          -0.645834,
          -0.748781,
          1.340213
        ],
        [
          0.0,
          0.0,
          0.0,
          1.0
        ]
      ]
    },
    {
      "file_path": "/media/NFS/ttao/scannet/posed_images/scene0548_02/00742.jpg",
      "transform_matrix": [
        [
          -0.961011,
          0.119006,
          -0.249591,
          3.139202
        ],
        [
          0.237503,
          0.817495,
          -0.524685,
          0.485414
        ],
        [
          0.141599,
          -0.563506,
          -0.813886,
          1.329138
        ],
        [
          0.0,
          0.0,
          0.0,
          1.0
        ]
      ]
    },
    {
      "file_path": "/media/NFS/ttao/scannet/posed_images/scene0548_02/00746.jpg",
      "transform_matrix": [
        [
          -0.960595,
          0.146206,
          -0.236392,
          3.114253
        ],
        [
          0.245627,
          0.844582,
          -0.47576,
          0.483476
        ],
        [
          0.130094,
          -0.515077,
          -0.847214,
          1.319986
        ],
        [
          0.0,
          0.0,
          0.0,
          1.0
        ]
      ]
    },
    {
      "file_path": "/media/NFS/ttao/scannet/posed_images/scene0548_02/00768.jpg",
      "transform_matrix": [
        [
          -0.971945,
          0.175401,
          -0.156711,
          3.045211
        ],
        [
          0.213958,
          0.936065,
          -0.279292,
          0.473537
        ],
        [
          0.097704,
          -0.304986,
          -0.947332,
          1.249968
        ],
        [
          0.0,
          0.0,
          0.0,
          1.0
        ]
      ]
    },
    {
      "file_path": "/media/NFS/ttao/scannet/posed_images/scene0548_02/00772.jpg",
      "transform_matrix": [
        [
          -0.971901,
          0.186969,
          -0.143006,
          3.027954
        ],
        [
          0.220976,
          0.934033,
          -0.280627,
          0.471568
        ],
        [
          0.081103,
          -0.304342,
          -0.949104,
          1.247597
        ],
        [
          0.0,
          0.0,
          0.0,
          1.0
        ]
      ]
    },
    {
      "file_path": "/media/NFS/ttao/scannet/posed_images/scene0548_02/00783.jpg",
      "transform_matrix": [
        [
          -0.969937,
          0.224805,
          -0.093194,
          3.002663
        ],
        [
          0.24191,
          0.932366,
          -0.26865,
          0.436079
        ],
        [
          0.026497,
          -0.283118,
          -0.958719,
          1.251942
        ],
        [
          0.0,
          0.0,
          0.0,
          1.0
        ]
      ]
    },
    {
      "file_path": "/media/NFS/ttao/scannet/posed_images/scene0548_02/00806.jpg",
      "transform_matrix": [
        [
          -0.733301,
          0.637423,
          -0.236561,
          3.030557
        ],
        [
          0.679679,
          0.67831,
          -0.279164,
          0.415801
        ],
        [
          -0.017483,
          -0.365497,
          -0.930648,
          1.281548
        ],
        [
          0.0,
          0.0,
          0.0,
          1.0
        ]
      ]
    },
    {
      "file_path": "/media/NFS/ttao/scannet/posed_images/scene0548_02/00813.jpg",
      "transform_matrix": [
        [
          -0.675075,
          0.683018,
          -0.278855,
          3.041222
        ],
        [
          0.73468,
          0.587947,
          -0.338474,
          0.449773
        ],
        [
          -0.067232,
          -0.433364,
          -0.898707,
          1.30952
        ],
        [
          0.0,
          0.0,
          0.0,
          1.0
        ]
      ]
    },
    {
      "file_path": "/media/NFS/ttao/scannet/posed_images/scene0548_02/00828.jpg",
      "transform_matrix": [
        [
          -0.284272,
          0.76115,
          -0.582957,
          3.136781
        ],
        [
          0.958518,
          0.212449,
          -0.190021,
          0.397855
        ],
        [
          -0.020786,
          -0.612793,
          -0.78997,
          1.304381
        ],
        [
          0.0,
          0.0,
          0.0,
          1.0
        ]
      ]
    },
    {
      "file_path": "/media/NFS/ttao/scannet/posed_images/scene0548_02/00840.jpg",
      "transform_matrix": [
        [
          -0.130113,
          0.703525,
          -0.698658,
          3.25633
        ],
        [
          0.990495,
          0.060522,
          -0.123519,
          0.373678
        ],
        [
          -0.044615,
          -0.708089,
          -0.704713,
          1.230964
        ],
        [
          0.0,
          0.0,
          0.0,
          1.0
        ]
      ]
    },
    {
      "file_path": "/media/NFS/ttao/scannet/posed_images/scene0548_02/00855.jpg",
      "transform_matrix": [
        [
          -0.036558,
          0.68162,
          -0.730792,
          3.370011
        ],
        [
          0.999015,
          0.006522,
          -0.043892,
          0.358974
        ],
        [
          -0.025152,
          -0.731677,
          -0.681187,
          1.089804
        ],
        [
          0.0,
          0.0,
          0.0,
          1.0
        ]
      ]
    },
    {
      "file_path": "/media/NFS/ttao/scannet/posed_images/scene0548_02/00858.jpg",
      "transform_matrix": [
        [
          -0.028247,
          0.669864,
          -0.741947,
          3.384474
        ],
        [
          0.999003,
          -0.006749,
          -0.044126,
          0.35559
        ],
        [
          -0.034566,
          -0.742454,
          -0.669005,
          1.074826
        ],
        [
          0.0,
          0.0,
          0.0,
          1.0
        ]
      ]
    },
    {
      "file_path": "/media/NFS/ttao/scannet/posed_images/scene0548_02/00881.jpg",
      "transform_matrix": [
        [
          -0.045624,
          0.627031,
          -0.777657,
          3.45798
        ],
        [
          0.997238,
          -0.017083,
          -0.07228,
          0.303254
        ],
        [
          -0.058607,
          -0.778807,
          -0.62452,
          0.932979
        ],
        [
          0.0,
          0.0,
          0.0,
          1.0
        ]
      ]
    },
    {
      "file_path": "/media/NFS/ttao/scannet/posed_images/scene0548_02/00892.jpg",
      "transform_matrix": [
        [
          -0.016341,
          0.547995,
          -0.836322,
          3.442822
        ],
        [
          0.999701,
          -0.006273,
          -0.023644,
          0.274264
        ],
        [
          -0.018203,
          -0.836458,
          -0.547728,
          0.860049
        ],
        [
          0.0,
          0.0,
          0.0,
          1.0
        ]
      ]
    },
    {
      "file_path": "/media/NFS/ttao/scannet/posed_images/scene0548_02/00903.jpg",
      "transform_matrix": [
        [
          0.072546,
          0.476843,
          -0.87599,
          3.462961
        ],
        [
          0.995546,
          0.018411,
          0.092469,
          0.287587
        ],
        [
          0.060221,
          -0.878796,
          -0.473383,
          0.764959
        ],
        [
          0.0,
          0.0,
          0.0,
          1.0
        ]
      ]
    },
    {
      "file_path": "/media/NFS/ttao/scannet/posed_images/scene0548_02/00915.jpg",
      "transform_matrix": [
        [
          0.071335,
          0.3971,
          -0.914999,
          3.4891
        ],
        [
          0.997422,
          -0.02119,
          0.068565,
          0.284959
        ],
        [
          0.007838,
          -0.917531,
          -0.397588,
          0.742156
        ],
        [
          0.0,
          0.0,
          0.0,
          1.0
        ]
      ]
    },
    {
      "file_path": "/media/NFS/ttao/scannet/posed_images/scene0548_02/00926.jpg",
      "transform_matrix": [
        [
          0.026444,
          0.384566,
          -0.922719,
          3.507831
        ],
        [
          0.999608,
          -0.001672,
          0.027951,
          0.276303
        ],
        [
          0.009206,
          -0.923096,
          -0.38446,
          0.693767
        ],
        [
          0.0,
          0.0,
          0.0,
          1.0
        ]
      ]
    },
    {
      "file_path": "/media/NFS/ttao/scannet/posed_images/scene0548_02/00941.jpg",
      "transform_matrix": [
        [
          0.0579,
          0.364975,
          -0.929215,
          3.510198
        ],
        [
          0.998284,
          -0.01305,
          0.057078,
          0.287912
        ],
        [
          0.008706,
          -0.930926,
          -0.365105,
          0.63289
        ],
        [
          0.0,
          0.0,
          0.0,
          1.0
        ]
      ]
    },
    {
      "file_path": "/media/NFS/ttao/scannet/posed_images/scene0548_02/00956.jpg",
      "transform_matrix": [
        [
          0.137271,
          0.327768,
          -0.934733,
          3.466007
        ],
        [
          0.986022,
          -0.135181,
          0.097402,
          0.29959
        ],
        [
          -0.094433,
          -0.935037,
          -0.341743,
          0.753348
        ],
        [
          0.0,
          0.0,
          0.0,
          1.0
        ]
      ]
    },
    {
