{
  "frames": [
    {
      "file_path": "/media/NFS/ttao/scannet/posed_images/scene0236_00/00000.jpg",
      "transform_matrix": [
        [
          -0.664373,
          -0.290612,
          0.688588,
          4.249217
        ],
        [
          -0.746474,
          0.303896,
          -0.591967,
          5.154653
        ],
        [
          -0.037227,
          -0.9073,
          -0.418834,
          1.38714
        ],
        [
          0.0,
          0.0,
          0.0,
          1.0
        ]
      ]
    },
    {
      "file_path": "/media/NFS/ttao/scannet/posed_images/scene0236_00/00009.jpg",
      "transform_matrix": [
        [
          -0.677542,
          -0.301908,
          0.670663,
          4.254284
        ],
        [
          -0.734994,
          0.311222,
          -0.602432,
          5.155122
        ],
        [
          -0.026846,
          -0.901106,
          -0.432766,
          1.381673
        ],
        [
          0.0,
          0.0,
          0.0,
          1.0
        ]
      ]
    },
    {
      "file_path": "/media/NFS/ttao/scannet/posed_images/scene0236_00/00012.jpg",
      "transform_matrix": [
        [
          -0.67786,
          -0.303588,
          0.669582,
          4.256124
        ],
        [
          -0.73445,
          0.320517,
          -0.598208,
          5.145093
        ],
        [
          -0.033004,
          -0.897276,
          -0.440236,
          1.398002
        ],
        [
          0.0,
          0.0,
          0.0,
          1.0
        ]
      ]
    },
    {
      "file_path": "/media/NFS/ttao/scannet/posed_images/scene0236_00/00021.jpg",
      "transform_matrix": [
        [
          -0.691692,
          -0.294996,
          0.659196,
          4.263225
        ],
        [
          -0.721396,
          0.325098,
          -0.611473,
          5.143904
        ],
        [
          -0.033921,
          -0.898492,
          -0.437677,
          1.396421
        ],
        [
          0.0,
          0.0,
          0.0,
          1.0
        ]
      ]
    },
    {
      "file_path": "/media/NFS/ttao/scannet/posed_images/scene0236_00/00023.jpg",
      "transform_matrix": [
        [
          -0.693877,
          -0.28921,
          0.659464,
          4.269768
        ],
        [
          -0.719137,
          0.325509,
          -0.613911,
          5.141536
        ],
        [
          -0.037112,
          -0.900223,
          -0.433845,
          1.397559
        ],
        [
          0.0,
          0.0,
          0.0,
          1.0
        ]
      ]
    },
    {
      "file_path": "/media/NFS/ttao/scannet/posed_images/scene0236_00/00032.jpg",
      "transform_matrix": [
        [
          -0.676644,
          -0.248688,
          0.693042,
          4.285294
        ],
        [
          -0.733563,
          0.308926,
          -0.605352,
          5.136899
        ],
        [
          -0.063555,
          -0.917998,
          -0.391461,
          1.404736
        ],
        [
          0.0,
          0.0,
          0.0,
          1.0
        ]
      ]
    },
    {
      "file_path": "/media/NFS/ttao/scannet/posed_images/scene0236_00/00037.jpg",
      "transform_matrix": [
        [
          -0.650568,
          -0.25906,
          0.713898,
          4.277586
        ],
        [
          -0.757033,
          0.296129,
          -0.582417,
          5.111429
        ],
        [
          -0.060525,
          -0.919345,
          -0.388769,
          1.405321
        ],
        [
          0.0,
          0.0,
          0.0,
          1.0
        ]
      ]
    },
    {
      "file_path": "/media/NFS/ttao/scannet/posed_images/scene0236_00/00041.jpg",
      "transform_matrix": [
        [
          -0.627172,
          -0.26818,
          0.731256,
          4.255874
        ],
        [
          -0.777074,
          0.279355,
          -0.564018,
          5.082284
        ],
        [
          -0.053022,
          -0.921976,
          -0.383599,
          1.398168
        ],
        [
          0.0,
          0.0,
          0.0,
          1.0
        ]
      ]
    },
    {
      "file_path": "/media/NFS/ttao/scannet/posed_images/scene0236_00/00046.jpg",
      "transform_matrix": [
        [
          -0.588854,
          -0.295039,
          0.752465,
          4.221042
        ],
        [
          -0.808001,
          0.237522,
          -0.539183,
          5.031338
        ],
        [
          -0.019647,
          -0.925492,
          -0.378258,
          1.405023
        ],
        [
          0.0,
          0.0,
          0.0,
          1.0
        ]
      ]
    },
    {
      "file_path": "/media/NFS/ttao/scannet/posed_images/scene0236_00/00057.jpg",
      "transform_matrix": [
        [
          -0.540827,
          -0.326894,
          0.775014,
          4.136539
        ],
        [
          -0.840938,
          0.190234,
          -0.506591,
          4.957795
        ],
        [
          0.018168,
          -0.925717,
          -0.377781,
          1.397846
        ],
        [
          0.0,
          0.0,
          0.0,
          1.0
        ]
      ]
    },
    {
      "file_path": "/media/NFS/ttao/scannet/posed_images/scene0236_00/00058.jpg",
      "transform_matrix": [
        [
          -0.536884,
          -0.328493,
          0.777076,
          4.12953
        ],
        [
          -0.843442,
          0.188227,
          -0.503167,
          4.956083
        ],
        [
          0.019021,
          -0.925561,
          -0.378121,
          1.397429
        ],
        [
          0.0,
          0.0,
          0.0,
          1.0
        ]
      ]
    },
    {
      "file_path": "/media/NFS/ttao/scannet/posed_images/scene0236_00/00066.jpg",
      "transform_matrix": [
        [
          -0.393348,
          -0.273403,
          0.877797,
          4.049258
        ],
        [
          -0.919174,
          0.137644,
          -0.369017,
          4.961561
        ],
        [
          -0.019933,
          -0.952,
          -0.305447,
          1.400154
        ],
        [
          0.0,
          0.0,
          0.0,
          1.0
        ]
      ]
    },
    {
      "file_path": "/media/NFS/ttao/scannet/posed_images/scene0236_00/00074.jpg",
      "transform_matrix": [
        [
          -0.179893,
          -0.268755,
          0.946261,
          3.963981
        ],
        [
          -0.981752,
          0.109341,
          -0.155585,
          4.947934
        ],
        [
          -0.061651,
          -0.956982,
          -0.283521,
          1.416238
        ],
        [
          0.0,
          0.0,
          0.0,
          1.0
        ]
      ]
    },
    {
      "file_path": "/media/NFS/ttao/scannet/posed_images/scene0236_00/00078.jpg",
      "transform_matrix": [
        [
          -0.118747,
          -0.267373,
          0.956248,
          3.929152
        ],
        [
          -0.990673,
          0.096726,
          -0.095976,
          4.938841
        ],
        [
          -0.066833,
          -0.958726,
          -0.276365,
          1.422306
        ],
        [
          0.0,
          0.0,
          0.0,
          1.0
        ]
      ]
    },
    {
      "file_path": "/media/NFS/ttao/scannet/posed_images/scene0236_00/00082.jpg",
      "transform_matrix": [
        [
          -0.069406,
          -0.26419,
          0.96197,
          3.903348
        ],
        [
          -0.994698,
          0.091676,
          -0.04659,
          4.929744
        ],
        [
          -0.075881,
          -0.960104,
          -0.269153,
          1.435977
        ],
        [
          0.0,
          0.0,
          0.0,
          1.0
        ]
      ]
    },
    {
      "file_path": "/media/NFS/ttao/scannet/posed_images/scene0236_00/00092.jpg",
      "transform_matrix": [
        [
          0.14342,
          -0.171217,
          0.974739,
          3.847481
        ],
        [
          -0.987753,
          0.036384,
          0.151726,
          4.863962
        ],
        [
          -0.061443,
          -0.984561,
          -0.163902,
          1.45742
        ],
        [
          0.0,
          0.0,
          0.0,
          1.0
        ]
      ]
    },
    {
      "file_path": "/media/NFS/ttao/scannet/posed_images/scene0236_00/00096.jpg",
      "transform_matrix": [
        [
          0.20728,
          -0.149518,
          0.966788,
          3.832168
        ],
        [
          -0.977541,
          0.006781,
          0.210634,
          4.818776
        ],
        [
          -0.038049,
          -0.988736,
          -0.144754,
          1.461696
        ],
        [
          0.0,
          0.0,
          0.0,
          1.0
        ]
      ]
    },
    {
      "file_path": "/media/NFS/ttao/scannet/posed_images/scene0236_00/00101.jpg",
      "transform_matrix": [
        [
          0.249795,
          -0.116933,
          0.961213,
          3.811807
        ],
        [
          -0.96768,
          0.005349,
          0.252126,
          4.753324
        ],
        [
          -0.034623,
          -0.993125,
          -0.111818,
          1.46593
        ],
        [
          0.0,
          0.0,
          0.0,
          1.0
        ]
      ]
    },
    {
      "file_path": "/media/NFS/ttao/scannet/posed_images/scene0236_00/00105.jpg",
      "transform_matrix": [
        [
          0.274756,
          -0.107998,
          0.95543,
          3.801399
        ],
        [
          -0.96079,
          0.007718,
          0.27717,
          4.717844
        ],
        [
          -0.037308,
          -0.994121,
          -0.101643,
          1.469541
        ],
        [
          0.0,
          0.0,
          0.0,
          1.0
        ]
      ]
    },
    {
      "file_path": "/media/NFS/ttao/scannet/posed_images/scene0236_00/00112.jpg",
      "transform_matrix": [
        [
          0.321203,
          -0.067467,
          0.944604,
          3.788673
        ],
        [
          -0.946245,
          0.017235,
          0.322992,
          4.680182
        ],
        [
          -0.038071,
          -0.997573,
          -0.058305,
          1.482298
        ],
        [
          0.0,
          0.0,
          0.0,
          1.0
        ]
      ]
    },
    {
      "file_path": "/media/NFS/ttao/scannet/posed_images/scene0236_00/00117.jpg",
      "transform_matrix": [
        [
          0.348264,
          -0.024373,
          0.93708,
          3.774407
        ],
        [
          -0.936404,
          0.036948,
          0.348974,
          4.663773
        ],
        [
          -0.043128,
          -0.99902,
          -0.009955,
          1.495351
        ],
        [
          0.0,
          0.0,
          0.0,
          1.0
        ]
      ]
    },
    {
      "file_path": "/media/NFS/ttao/scannet/posed_images/scene0236_00/00124.jpg",
      "transform_matrix": [
        [
          0.395232,
          0.017222,
          0.91842,
          3.758746
        ],
        [
          -0.918058,
          0.04116,
          0.394304,
          4.655078
        ],
        [
          -0.031012,
          -0.999004,
          0.032079,
          1.50583
        ],
        [
          0.0,
          0.0,
          0.0,
          1.0
        ]
      ]
    },
    {
      "file_path": "/media/NFS/ttao/scannet/posed_images/scene0236_00/00129.jpg",
      "transform_matrix": [
        [
          0.414502,
          0.032404,
          0.909471,
          3.749002
        ],
        [
          -0.909849,
          0.03566,
          0.413404,
          4.657318
        ],
        [
          -0.019036,
          -0.998839,
          0.044264,
          1.5068
        ],
        [
          0.0,
          0.0,
          0.0,
          1.0
        ]
      ]
    },
    {
      "file_path": "/media/NFS/ttao/scannet/posed_images/scene0236_00/00138.jpg",
      "transform_matrix": [
        [
          0.475477,
          0.078687,
          0.876202,
          3.741087
        ],
        [
          -0.879649,
          0.055866,
          0.472331,
          4.663605
        ],
        [
          -0.011783,
          -0.995333,
          0.09578,
          1.512728
        ],
        [
          0.0,
          0.0,
          0.0,
          1.0
        ]
      ]
    },
    {
      "file_path": "/media/NFS/ttao/scannet/posed_images/scene0236_00/00140.jpg",
      "transform_matrix": [
        [
          0.477521,
          0.081096,
          0.87487,
          3.746594
        ],
        [
          -0.878514,
          0.059547,
          0.473991,
          4.658404
        ],
        [
          -0.013657,
          -0.994926,
          0.099679,
          1.519323
        ],
        [
          0.0,
          0.0,
          0.0,
          1.0
        ]
      ]
    },
    {
      "file_path": "/media/NFS/ttao/scannet/posed_images/scene0236_00/00147.jpg",
      "transform_matrix": [
        [
          0.404264,
          0.080929,
          0.911055,
          3.761475
        ],
        [
          -0.914571,
          0.048194,
          0.401543,
          4.653685
        ],
        [
          -0.011411,
          -0.995554,
          0.093498,
          1.52577
        ],
        [
          0.0,
          0.0,
          0.0,
          1.0
        ]
      ]
    },
    {
      "file_path": "/media/NFS/ttao/scannet/posed_images/scene0236_00/00156.jpg",
      "transform_matrix": [
        [
          0.236226,
          -0.021388,
          0.971463,
          3.786337
        ],
        [
          -0.971502,
          0.014881,
          0.236563,
          4.655815
        ],
        [
          -0.019516,
          -0.99966,
          -0.017264,
          1.498496
        ],
        [
          0.0,
          0.0,
          0.0,
          1.0
        ]
      ]
    },
    {
      "file_path": "/media/NFS/ttao/scannet/posed_images/scene0236_00/00159.jpg",
      "transform_matrix": [
        [
          0.165279,
          -0.03997,
          0.985437,
          3.800272
        ],
        [
          -0.986174,
          0.005468,
          0.165625,
          4.656331
        ],
        [
          -0.012008,
          -0.999186,
          -0.038513,
          1.495084
        ],
        [
          0.0,
          0.0,
          0.0,
          1.0
        ]
      ]
    },
    {
      "file_path": "/media/NFS/ttao/scannet/posed_images/scene0236_00/00168.jpg",
      "transform_matrix": [
        [
          -0.113432,
          -0.117072,
          0.986624,
          3.857962
        ],
        [
          -0.993337,
          0.033689,
          -0.110207,
          4.671948
        ],
        [
          -0.020336,
          -0.992552,
          -0.120114,
          1.445031
        ],
        [
          0.0,
          0.0,
          0.0,
          1.0
        ]
      ]
    },
    {
      "file_path": "/media/NFS/ttao/scannet/posed_images/scene0236_00/00174.jpg",
      "transform_matrix": [
        [
          -0.21904,
          -0.17292,
          0.960271,
          3.921453
        ],
        [
          -0.975511,
          0.058982,
          -0.211896,
          4.708654
        ],
        [
          -0.019998,
          -0.983168,
          -0.181604,
          1.439745
        ],
        [
          0.0,
          0.0,
          0.0,
          1.0
        ]
      ]
    },
    {
      "file_path": "/media/NFS/ttao/scannet/posed_images/scene0236_00/00181.jpg",
      "transform_matrix": [
        [
          -0.300115,
          -0.229562,
          0.925868,
          3.982095
        ],
        [
          -0.953261,
          0.107768,
          -0.282274,
          4.739233
        ],
        [
          -0.03498,
          -0.967309,
          -0.251176,
          1.44409
        ],
        [
          0.0,
          0.0,
          0.0,
          1.0
        ]
      ]
    },
    {
      "file_path": "/media/NFS/ttao/scannet/posed_images/scene0236_00/00186.jpg",
      "transform_matrix": [
        [
          -0.335411,
          -0.239623,
          0.911087,
          4.004387
        ],
        [
          -0.941195,
          0.126945,
          -0.313108,
          4.763317
        ],
        [
          -0.04063,
          -0.962531,
          -0.268111,
          1.435628
        ],
        [
          0.0,
          0.0,
          0.0,
          1.0
        ]
      ]
    },
    {
      "file_path": "/media/NFS/ttao/scannet/posed_images/scene0236_00/00188.jpg",
      "transform_matrix": [
        [
          -0.344503,
          -0.239655,
          0.90768,
          4.00808
        ],
        [
          -0.937711,
          0.13409,
          -0.320497,
          4.771564
        ],
        [
          -0.044902,
          -0.961554,
          -0.270921,
          1.434502
        ],
        [
          0.0,
          0.0,
          0.0,
          1.0
        ]
      ]
    },
    {
      "file_path": "/media/NFS/ttao/scannet/posed_images/scene0236_00/00193.jpg",
      "transform_matrix": [
        [
          -0.351331,
          -0.265123,
          0.897929,
          4.015122
        ],
        [
          -0.935358,
          0.141273,
          -0.324264,
          4.782872
        ],
        [
          -0.040883,
          -0.953809,
          -0.297619,
          1.436268
        ],
        [
          0.0,
          0.0,
          0.0,
          1.0
        ]
      ]
    },
    {
      "file_path": "/media/NFS/ttao/scannet/posed_images/scene0236_00/00200.jpg",
      "transform_matrix": [
        [
          -0.261678,
          -0.269271,
          0.926832,
          4.003399
        ],
        [
          -0.964737,
          0.101264,
          -0.24296,
          4.791764
        ],
        [
          -0.028432,
          -0.957726,
          -0.286274,
          1.440162
        ],
        [
          0.0,
          0.0,
          0.0,
          1.0
        ]
      ]
    },
    {
      "file_path": "/media/NFS/ttao/scannet/posed_images/scene0236_00/00206.jpg",
      "transform_matrix": [
        [
          -0.117081,
          -0.264048,
          0.957377,
          3.976071
        ],
        [
          -0.992689,
          0.059603,
          -0.104961,
          4.787235
        ],
        [
          -0.029348,
          -0.962666,
          -0.269096,
          1.446584
        ],
        [
          0.0,
          0.0,
          0.0,
          1.0
        ]
      ]
    },
    {
      "file_path": "/media/NFS/ttao/scannet/posed_images/scene0236_00/00216.jpg",
      "transform_matrix": [
        [
          0.11568,
          -0.194307,
          0.974096,
          3.905287
        ],
        [
          -0.992433,
          0.018033,
          0.121454,
          4.786782
        ],
        [
          -0.041166,
          -0.980775,
          -0.19075,
          1.462466
        ],
        [
          0.0,
          0.0,
          0.0,
          1.0
        ]
      ]
    },
    {
      "file_path": "/media/NFS/ttao/scannet/posed_images/scene0236_00/00220.jpg",
      "transform_matrix": [
        [
          0.18177,
          -0.181537,
          0.966439,
          3.881495
        ],
        [
          -0.982465,
          0.00796,
          0.186279,
          4.782286
        ],
        [
          -0.04151,
          -0.983352,
          -0.176907,
          1.462067
        ],
        [
          0.0,
          0.0,
          0.0,
          1.0
        ]
      ]
    },
    {
      "file_path": "/media/NFS/ttao/scannet/posed_images/scene0236_00/00227.jpg",
      "transform_matrix": [
        [
          0.243711,
          -0.143727,
          0.959139,
          3.848012
        ],
        [
          -0.969334,
          -0.003897,
          0.245717,
          4.783743
        ],
        [
          -0.031578,
          -0.98961,
          -0.140269,
          1.468162
        ],
        [
          0.0,
          0.0,
          0.0,
          1.0
        ]
      ]
    },
    {
      "file_path": "/media/NFS/ttao/scannet/posed_images/scene0236_00/00234.jpg",
      "transform_matrix": [
        [
          0.28124,
          -0.117969,
          0.952359,
          3.822909
        ],
        [
          -0.958906,
          0.004189,
          0.283692,
          4.781483
        ],
        [
          -0.037457,
          -0.993008,
          -0.111943,
          1.469515
        ],
        [
          0.0,
          0.0,
          0.0,
          1.0
        ]
      ]
    },
    {
      "file_path": "/media/NFS/ttao/scannet/posed_images/scene0236_00/00239.jpg",
      "transform_matrix": [
        [
          0.294123,
          -0.093959,
          0.951138,
          3.809447
        ],
        [
          -0.955017,
          0.010533,
          0.296363,
          4.782395
        ],
        [
          -0.037865,
          -0.99552,
          -0.086635,
          1.472565
        ],
        [
          0.0,
          0.0,
          0.0,
          1.0
        ]
      ]
    },
    {
      "file_path": "/media/NFS/ttao/scannet/posed_images/scene0236_00/00243.jpg",
      "transform_matrix": [
        [
          0.297654,
          -0.077256,
          0.951543,
          3.802174
        ],
        [
          -0.954095,
          0.010638,
          0.299316,
          4.782216
        ],
        [
          -0.033247,
          -0.996955,
          -0.070543,
          1.483003
        ],
        [
          0.0,
          0.0,
          0.0,
          1.0
        ]
      ]
    },
    {
      "file_path": "/media/NFS/ttao/scannet/posed_images/scene0236_00/00252.jpg",
      "transform_matrix": [
        [
          0.288443,
          -0.041016,
          0.956618,
          3.789017
        ],
        [
          -0.956969,
          0.020817,
          0.289442,
          4.776683
        ],
        [
          -0.031785,
          -0.998942,
          -0.033246,
          1.492679
        ],
        [
          0.0,
          0.0,
          0.0,
          1.0
        ]
      ]
    },
    {
      "file_path": "/media/NFS/ttao/scannet/posed_images/scene0236_00/00255.jpg",
      "transform_matrix": [
        [
          0.290161,
          -0.027087,
          0.956595,
          3.784567
        ],
        [
          -0.956424,
          0.025803,
          0.29084,
          4.775061
        ],
        [
          -0.032561,
          -0.9993,
          -0.018419,
          1.497346
        ],
        [
          0.0,
          0.0,
          0.0,
          1.0
        ]
      ]
    },
    {
      "file_path": "/media/NFS/ttao/scannet/posed_images/scene0236_00/00260.jpg",
      "transform_matrix": [
        [
          0.295865,
          -0.008094,
          0.955196,
          3.777374
        ],
        [
          -0.954609,
          0.033557,
          0.295967,
          4.770423
        ],
        [
          -0.034449,
          -0.999404,
          0.002202,
          1.497533
        ],
        [
          0.0,
          0.0,
          0.0,
          1.0
        ]
      ]
    },
    {
      "file_path": "/media/NFS/ttao/scannet/posed_images/scene0236_00/00264.jpg",
      "transform_matrix": [
        [
          0.286228,
          -0.005933,
          0.958143,
          3.7755
        ],
        [
          -0.957296,
          0.040734,
          0.286227,
          4.765216
        ],
        [
          -0.040727,
          -0.999153,
          0.00598,
          1.500454
        ],
        [
          0.0,
          0.0,
          0.0,
          1.0
        ]
      ]
    },
    {
      "file_path": "/media/NFS/ttao/scannet/posed_images/scene0236_00/00275.jpg",
      "transform_matrix": [
        [
          0.217978,
          -0.021529,
          0.975716,
          3.76787
        ],
        [
          -0.975187,
          0.03482,
          0.218628,
          4.764999
        ],
        [
          -0.038681,
          -0.999162,
          -0.013405,
          1.504595
        ],
        [
          0.0,
          0.0,
          0.0,
          1.0
        ]
      ]
    },
    {
      "file_path": "/media/NFS/ttao/scannet/posed_images/scene0236_00/00280.jpg",
      "transform_matrix": [
        [
          0.183381,
          -0.013781,
          0.982945,
          3.761194
        ],
        [
          -0.981249,
          0.057792,
          0.183875,
          4.767701
        ],
        [
          -0.05934,
          -0.998234,
          -0.002925,
          1.504461
        ],
        [
          0.0,
          0.0,
          0.0,
          1.0
        ]
      ]
    },
    {
      "file_path": "/media/NFS/ttao/scannet/posed_images/scene0236_00/00282.jpg",
      "transform_matrix": [
        [
          0.179146,
          -0.009256,
          0.983779,
          3.759599
        ],
        [
          -0.981799,
          0.062417,
          0.179373,
          4.76676
        ],
        [
          -0.063064,
          -0.998007,
          0.002094,
          1.508273
        ],
        [
          0.0,
          0.0,
          0.0,
          1.0
        ]
      ]
    },
    {
      "file_path": "/media/NFS/ttao/scannet/posed_images/scene0236_00/00291.jpg",
      "transform_matrix": [
        [
          0.144512,
          0.016066,
          0.989373,
          3.756822
        ],
        [
          -0.986802,
          0.076173,
          0.142899,
          4.768073
        ],
        [
          -0.073068,
          -0.996965,
          0.026861,
          1.507099
        ],
        [
          0.0,
          0.0,
          0.0,
          1.0
        ]
      ]
    },
    {
      "file_path": "/media/NFS/ttao/scannet/posed_images/scene0236_00/00294.jpg",
      "transform_matrix": [
        [
          0.117594,
          0.014117,
          0.992961,
          3.760486
        ],
        [
          -0.990034,
          0.079687,
          0.116115,
          4.763432
        ],
        [
          -0.077487,
          -0.99672,
          0.023347,
          1.506919
        ],
        [
          0.0,
          0.0,
          0.0,
          1.0
        ]
      ]
    },
    {
      "file_path": "/media/NFS/ttao/scannet/posed_images/scene0236_00/00303.jpg",
      "transform_matrix": [
        [
          -0.006778,
          -0.021596,
          0.999744,
          3.778821
        ],
        [
          -0.996246,
          0.086425,
          -0.004887,
          4.755733
        ],
        [
          -0.086297,
          -0.996024,
          -0.022101,
          1.503062
        ],
        [
          0.0,
          0.0,
          0.0,
          1.0
        ]
      ]
    },
    {
      "file_path": "/media/NFS/ttao/scannet/posed_images/scene0236_00/00308.jpg",
      "transform_matrix": [
        [
          -0.074767,
          -0.041364,
          0.996343,
          3.79007
        ],
        [
          -0.993568,
          0.088301,
          -0.070893,
          4.753731
        ],
        [
          -0.085046,
          -0.995235,
          -0.0477,
          1.496519
        ],
        [
          0.0,
          0.0,
          0.0,
          1.0
        ]
      ]
    },
    {
      "file_path": "/media/NFS/ttao/scannet/posed_images/scene0236_00/00315.jpg",
      "transform_matrix": [
        [
          -0.158163,
          -0.101014,
          0.982233,
          3.815874
        ],
        [
          -0.983091,
          0.109078,
          -0.147083,
          4.746273
        ],
        [
          -0.092283,
          -0.988887,
          -0.116558,
          1.483386
        ],
        [
          0.0,
          0.0,
          0.0,
          1.0
        ]
      ]
    },
    {
      "file_path": "/media/NFS/ttao/scannet/posed_images/scene0236_00/00323.jpg",
      "transform_matrix": [
        [
          -0.248405,
          -0.150421,
          0.956906,
          3.854664
        ],
        [
          -0.965181,
          0.122044,
          -0.231369,
          4.744293
        ],
        [
          -0.081982,
          -0.98106,
          -0.175499,
          1.477784
        ],
        [
          0.0,
          0.0,
          0.0,
          1.0
        ]
      ]
    },
    {
      "file_path": "/media/NFS/ttao/scannet/posed_images/scene0236_00/00326.jpg",
      "transform_matrix": [
        [
          -0.292902,
          -0.154597,
          0.943561,
          3.864827
        ],
        [
          -0.952739,
          0.130383,
          -0.274389,
          4.747553
        ],
        [
          -0.080605,
          -0.979337,
          -0.18548,
          1.467332
        ],
        [
          0.0,
          0.0,
          0.0,
          1.0
        ]
      ]
    },
    {
      "file_path": "/media/NFS/ttao/scannet/posed_images/scene0236_00/00333.jpg",
      "transform_matrix": [
        [
          -0.403826,
          -0.169082,
          0.899075,
          3.899868
        ],
        [
          -0.912211,
          0.148814,
          -0.381739,
          4.747396
        ],
        [
          -0.06925,
          -0.974303,
          -0.214334,
          1.46803
        ],
        [
          0.0,
          0.0,
          0.0,
          1.0
        ]
      ]
    },
    {
      "file_path": "/media/NFS/ttao/scannet/posed_images/scene0236_00/00340.jpg",
      "transform_matrix": [
        [
          -0.514719,
          -0.171692,
          0.839992,
          3.93751
        ],
        [
          -0.85531,
          0.170524,
          -0.489251,
          4.742398
        ],
        [
          -0.059239,
          -0.97028,
          -0.234622,
          1.49004
        ],
        [
          0.0,
          0.0,
          0.0,
          1.0
        ]
      ]
    },
    {
      "file_path": "/media/NFS/ttao/scannet/posed_images/scene0236_00/00342.jpg",
      "transform_matrix": [
        [
          -0.538316,
          -0.16608,
          0.826217,
          3.941992
        ],
        [
          -0.840776,
          0.172784,
          -0.51307,
          4.745435
        ],
        [
          -0.057547,
          -0.970857,
          -0.232649,
          1.488965
        ],
        [
          0.0,
          0.0,
          0.0,
          1.0
        ]
      ]
    },
    {
      "file_path": "/media/NFS/ttao/scannet/posed_images/scene0236_00/00351.jpg",
      "transform_matrix": [
        [
          -0.642785,
          -0.147402,
          0.751732,
          3.958213
        ],
        [
          -0.763993,
          0.195156,
          -0.615003,
          4.730381
        ],
        [
          -0.056052,
          -0.969632,
          -0.238057,
          1.49789
        ],
        [
          0.0,
          0.0,
          0.0,
          1.0
        ]
      ]
    },
    {
      "file_path": "/media/NFS/ttao/scannet/posed_images/scene0236_00/00358.jpg",
      "transform_matrix": [
        [
          -0.707525,
          -0.132468,
          0.694162,
          3.961121
        ],
        [
          -0.704489,
          0.209652,
          -0.678042,
          4.728023
        ],
        [
          -0.055713,
          -0.968761,
          -0.241656,
          1.489799
        ],
        [
          0.0,
          0.0,
          0.0,
          1.0
        ]
      ]
    },
    {
      "file_path": "/media/NFS/ttao/scannet/posed_images/scene0236_00/00361.jpg",
      "transform_matrix": [
        [
          -0.736393,
          -0.125272,
          0.664855,
          3.971982
        ],
        [
          -0.674342,
          0.215313,
          -0.706331,
          4.728042
        ],
        [
          -0.054668,
          -0.968477,
          -0.243031,
          1.4873
        ],
        [
          0.0,
          0.0,
          0.0,
          1.0
        ]
      ]
    },
    {
      "file_path": "/media/NFS/ttao/scannet/posed_images/scene0236_00/00369.jpg",
      "transform_matrix": [
        [
          -0.794784,
          -0.104409,
          0.597844,
          3.982019
        ],
        [
          -0.604248,
          0.227999,
          -0.763479,
          4.730329
        ],
        [
          -0.056593,
          -0.968047,
          -0.244299,
          1.469233
        ],
        [
          0.0,
          0.0,
          0.0,
          1.0
        ]
      ]
    },
    {
      "file_path": "/media/NFS/ttao/scannet/posed_images/scene0236_00/00370.jpg",
      "transform_matrix": [
        [
          -0.795037,
          -0.102264,
          0.597879,
          3.98206
        ],
        [
          -0.604104,
          0.222134,
          -0.76532,
          4.729975
        ],
        [
          -0.054545,
          -0.969638,
          -0.238383,
          1.469896
        ],
        [
          0.0,
          0.0,
          0.0,
          1.0
        ]
      ]
    },
    {
      "file_path": "/media/NFS/ttao/scannet/posed_images/scene0236_00/00379.jpg",
      "transform_matrix": [
        [
          -0.847297,
          -0.086506,
          0.524027,
          3.990108
        ],
        [
          -0.529883,
          0.204959,
          -0.822931,
          4.745725
        ],
        [
          -0.036216,
          -0.97494,
          -0.219499,
          1.472403
        ],
        [
          0.0,
          0.0,
          0.0,
          1.0
        ]
      ]
    },
    {
      "file_path": "/media/NFS/ttao/scannet/posed_images/scene0236_00/00386.jpg",
      "transform_matrix": [
        [
          -0.868455,
          -0.081387,
          0.489042,
          3.966667
        ],
        [
          -0.495077,
          0.194416,
          -0.846818,
          4.748509
        ],
        [
          -0.026157,
          -0.977537,
          -0.209135,
          1.472114
        ],
        [
          0.0,
          0.0,
          0.0,
          1.0
        ]
      ]
    },
    {
      "file_path": "/media/NFS/ttao/scannet/posed_images/scene0236_00/00393.jpg",
      "transform_matrix": [
        [
          -0.882452,
          -0.0792,
          0.463688,
          3.939125
        ],
        [
          -0.469684,
          0.202828,
          -0.859219,
          4.750622
        ],
        [
          -0.025999,
          -0.976006,
          -0.216185,
          1.472164
        ],
        [
          0.0,
          0.0,
          0.0,
          1.0
        ]
      ]
    },
    {
      "file_path": "/media/NFS/ttao/scannet/posed_images/scene0236_00/00399.jpg",
      "transform_matrix": [
        [
          -0.895543,
          -0.068306,
          0.439701,
          3.925817
        ],
        [
          -0.444181,
          0.196215,
          -0.874187,
          4.758811
        ],
        [
          -0.026564,
          -0.978179,
          -0.20606,
          1.487449
        ],
        [
          0.0,
          0.0,
          0.0,
          1.0
        ]
      ]
    },
    {
      "file_path": "/media/NFS/ttao/scannet/posed_images/scene0236_00/00400.jpg",
      "transform_matrix": [
        [
          -0.896773,
          -0.065075,
          0.437679,
          3.918112
        ],
        [
          -0.441705,
          0.190563,
          -0.876689,
          4.762693
        ],
        [
          -0.026355,
          -0.979516,
          -0.199636,
          1.477772
        ],
        [
          0.0,
          0.0,
          0.0,
          1.0
        ]
      ]
    },
    {
      "file_path": "/media/NFS/ttao/scannet/posed_images/scene0236_00/00411.jpg",
      "transform_matrix": [
        [
          -0.913031,
          -0.081794,
          0.399606,
          3.909005
        ],
        [
          -0.406295,
          0.268959,
          -0.873262,
          4.74912
        ],
        [
          -0.03605,
          -0.959672,
          -0.2788,
          1.463914
        ],
        [
          0.0,
          0.0,
          0.0,
          1.0
        ]
      ]
    },
    {
      "file_path": "/media/NFS/ttao/scannet/posed_images/scene0236_00/00413.jpg",
      "transform_matrix": [
        [
          -0.918084,
          -0.086703,
          0.386788,
          3.912954
        ],
        [
          -0.395154,
          0.277062,
          -0.875837,
          4.748463
        ],
        [
          -0.031227,
          -0.956932,
          -0.288628,
          1.453931
        ],
        [
          0.0,
          0.0,
          0.0,
          1.0
        ]
      ]
    },
    {
      "file_path": "/media/NFS/ttao/scannet/posed_images/scene0236_00/00420.jpg",
      "transform_matrix": [
        [
          -0.946831,
          -0.093068,
          0.307978,
          3.979995
        ],
        [
          -0.320501,
          0.356514,
          -0.877597,
          4.750896
        ],
        [
          -0.028122,
          -0.929643,
          -0.367387,
          1.427359
        ],
        [
          0.0,
          0.0,
          0.0,
          1.0
        ]
      ]
    },
    {
      "file_path": "/media/NFS/ttao/scannet/posed_images/scene0236_00/00424.jpg",
      "transform_matrix": [
        [
          -0.959484,
          -0.07488,
          0.27163,
          4.0321
        ],
        [
          -0.278098,
          0.406633,
          -0.870236,
          4.748973
        ],
        [
          -0.045291,
          -0.910518,
          -0.410982,
          1.40769
        ],
        [
          0.0,
          0.0,
          0.0,
          1.0
        ]
      ]
    },
    {
      "file_path": "/media/NFS/ttao/scannet/posed_images/scene0236_00/00434.jpg",
      "transform_matrix": [
        [
          -0.99343,
          0.024296,
          0.111835,
          4.15168
        ],
        [
          -0.086883,
          0.475939,
          -0.875176,
          4.753532
        ],
        [
          -0.07449,
          -0.879143,
          -0.470701,
          1.395338
        ],
        [
          0.0,
          0.0,
          0.0,
          1.0
        ]
      ]
    },
    {
      "file_path": "/media/NFS/ttao/scannet/posed_images/scene0236_00/00436.jpg",
      "transform_matrix": [
        [
          -0.995631,
          0.04438,
          0.08216,
          4.169648
        ],
        [
          -0.050627,
          0.482772,
          -0.874281,
          4.761152
        ],
        [
          -0.078465,
          -0.874621,
          -0.478416,
          1.394145
        ],
        [
          0.0,
          0.0,
          0.0,
          1.0
        ]
      ]
    },
    {
      "file_path": "/media/NFS/ttao/scannet/posed_images/scene0236_00/00443.jpg",
      "transform_matrix": [
        [
          -0.998134,
          0.05608,
          0.024152,
          4.218934
        ],
        [
          0.008334,
          0.516964,
          -0.855966,
          4.796396
        ],
        [
          -0.060488,
          -0.854168,
          -0.516467,
          1.381368
        ],
        [
          0.0,
          0.0,
          0.0,
          1.0
        ]
      ]
    },
    {
      "file_path": "/media/NFS/ttao/scannet/posed_images/scene0236_00/00452.jpg",
      "transform_matrix": [
        [
          -0.998728,
          0.038668,
          0.032354,
          4.274303
        ],
        [
          -0.004047,
          0.578166,
          -0.815909,
          4.862285
        ],
        [
          -0.050255,
          -0.815003,
          -0.577274,
          1.358376
        ],
        [
          0.0,
          0.0,
          0.0,
          1.0
        ]
      ]
    },
    {
      "file_path": "/media/NFS/ttao/scannet/posed_images/scene0236_00/00455.jpg",
      "transform_matrix": [
        [
          -0.998676,
          0.04251,
          0.028985,
          4.28617
        ],
        [
          0.001643,
          0.589417,
          -0.807828,
          4.88731
        ],
        [
          -0.051425,
