{
  "frames": [
    {
      "file_path": "/media/NFS/ttao/scannet/posed_images/scene0491_00/00000.jpg",
      "transform_matrix": [
        [
          0.482929,
          -0.38485,
          0.786556,
          3.359137
        ],
        [
          -0.866263,
          -0.078726,
          0.493347,
          1.659219
        ],
        [
          -0.127943,
          -0.919616,
          -0.3714,
          1.35098
        ],
        [
          0.0,
          0.0,
          0.0,
          1.0
        ]
      ]
    },
    {
      "file_path": "/media/NFS/ttao/scannet/posed_images/scene0491_00/00001.jpg",
      "transform_matrix": [
        [
          0.493346,
          -0.387667,
          0.778668,
          3.355923
        ],
        [
          -0.859291,
          -0.078259,
          0.505465,
          1.653121
        ],
        [
          -0.135015,
          -0.918471,
          -0.371728,
          1.354106
        ],
        [
          0.0,
          0.0,
          0.0,
          1.0
        ]
      ]
    },
    {
      "file_path": "/media/NFS/ttao/scannet/posed_images/scene0491_00/00004.jpg",
      "transform_matrix": [
        [
          0.507744,
          -0.371791,
          0.777154,
          3.333875
        ],
        [
          -0.849961,
          -0.068983,
          0.52231,
          1.643567
        ],
        [
          -0.140579,
          -0.92575,
          -0.351033,
          1.354188
        ],
        [
          0.0,
          0.0,
          0.0,
          1.0
        ]
      ]
    },
    {
      "file_path": "/media/NFS/ttao/scannet/posed_images/scene0491_00/00006.jpg",
      "transform_matrix": [
        [
          0.504489,
          -0.36059,
          0.784516,
          3.320662
        ],
        [
          -0.852819,
          -0.066169,
          0.517998,
          1.643286
        ],
        [
          -0.134874,
          -0.930374,
          -0.3409,
          1.360059
        ],
        [
          0.0,
          0.0,
          0.0,
          1.0
        ]
      ]
    },
    {
      "file_path": "/media/NFS/ttao/scannet/posed_images/scene0491_00/00008.jpg",
      "transform_matrix": [
        [
          0.500582,
          -0.357571,
          0.788392,
          3.310246
        ],
        [
          -0.856164,
          -0.069757,
          0.511975,
          1.649353
        ],
        [
          -0.128072,
          -0.931277,
          -0.341058,
          1.366807
        ],
        [
          0.0,
          0.0,
          0.0,
          1.0
        ]
      ]
    },
    {
      "file_path": "/media/NFS/ttao/scannet/posed_images/scene0491_00/00009.jpg",
      "transform_matrix": [
        [
          0.499585,
          -0.353485,
          0.790862,
          3.304837
        ],
        [
          -0.857454,
          -0.071902,
          0.509513,
          1.650272
        ],
        [
          -0.123241,
          -0.932673,
          -0.339018,
          1.363472
        ],
        [
          0.0,
          0.0,
          0.0,
          1.0
        ]
      ]
    },
    {
      "file_path": "/media/NFS/ttao/scannet/posed_images/scene0491_00/00011.jpg",
      "transform_matrix": [
        [
          0.486291,
          -0.351845,
          0.799829,
          3.285294
        ],
        [
          -0.866523,
          -0.076315,
          0.493269,
          1.672473
        ],
        [
          -0.112516,
          -0.932942,
          -0.341993,
          1.35869
        ],
        [
          0.0,
          0.0,
          0.0,
          1.0
        ]
      ]
    },
    {
      "file_path": "/media/NFS/ttao/scannet/posed_images/scene0491_00/00013.jpg",
      "transform_matrix": [
        [
          0.468972,
          -0.352069,
          0.810008,
          3.276194
        ],
        [
          -0.876903,
          -0.076171,
          0.474594,
          1.68327
        ],
        [
          -0.105391,
          -0.93287,
          -0.344452,
          1.372166
        ],
        [
          0.0,
          0.0,
          0.0,
          1.0
        ]
      ]
    },
    {
      "file_path": "/media/NFS/ttao/scannet/posed_images/scene0491_00/00016.jpg",
      "transform_matrix": [
        [
          0.437499,
          -0.338505,
          0.833072,
          3.261939
        ],
        [
          -0.894684,
          -0.070933,
          0.441033,
          1.709246
        ],
        [
          -0.0902,
          -0.938287,
          -0.333888,
          1.369674
        ],
        [
          0.0,
          0.0,
          0.0,
          1.0
        ]
      ]
    },
    {
      "file_path": "/media/NFS/ttao/scannet/posed_images/scene0491_00/00017.jpg",
      "transform_matrix": [
        [
          0.425653,
          -0.335114,
          0.840546,
          3.253189
        ],
        [
          -0.900702,
          -0.067674,
          0.429135,
          1.719454
        ],
        [
          -0.086926,
          -0.939744,
          -0.330643,
          1.362612
        ],
        [
          0.0,
          0.0,
          0.0,
          1.0
        ]
      ]
    },
    {
      "file_path": "/media/NFS/ttao/scannet/posed_images/scene0491_00/00019.jpg",
      "transform_matrix": [
        [
          0.401784,
          -0.337432,
          0.851299,
          3.247783
        ],
        [
          -0.911666,
          -0.059856,
          0.40655,
          1.738326
        ],
        [
          -0.086228,
          -0.939445,
          -0.331674,
          1.364347
        ],
        [
          0.0,
          0.0,
          0.0,
          1.0
        ]
      ]
    },
    {
      "file_path": "/media/NFS/ttao/scannet/posed_images/scene0491_00/00021.jpg",
      "transform_matrix": [
        [
          0.388091,
          -0.332613,
          0.859508,
          3.252526
        ],
        [
          -0.917725,
          -0.053806,
          0.393556,
          1.732389
        ],
        [
          -0.084655,
          -0.941528,
          -0.326128,
          1.369181
        ],
        [
          0.0,
          0.0,
          0.0,
          1.0
        ]
      ]
    },
    {
      "file_path": "/media/NFS/ttao/scannet/posed_images/scene0491_00/00023.jpg",
      "transform_matrix": [
        [
          0.364371,
          -0.327152,
          0.871897,
          3.249234
        ],
        [
          -0.927212,
          -0.040317,
          0.37236,
          1.751806
        ],
        [
          -0.086666,
          -0.944112,
          -0.318029,
          1.378693
        ],
        [
          0.0,
          0.0,
          0.0,
          1.0
        ]
      ]
    },
    {
      "file_path": "/media/NFS/ttao/scannet/posed_images/scene0491_00/00025.jpg",
      "transform_matrix": [
        [
          0.340645,
          -0.319386,
          0.884281,
          3.240102
        ],
        [
          -0.936623,
          -0.0334,
          0.348744,
          1.773178
        ],
        [
          -0.081849,
          -0.947036,
          -0.310522,
          1.379554
        ],
        [
          0.0,
          0.0,
          0.0,
          1.0
        ]
      ]
    },
    {
      "file_path": "/media/NFS/ttao/scannet/posed_images/scene0491_00/00028.jpg",
      "transform_matrix": [
        [
          0.270484,
          -0.322277,
          0.90718,
          3.222973
        ],
        [
          -0.961032,
          -0.034532,
          0.274273,
          1.837836
        ],
        [
          -0.057065,
          -0.946015,
          -0.319059,
          1.391322
        ],
        [
          0.0,
          0.0,
          0.0,
          1.0
        ]
      ]
    },
    {
      "file_path": "/media/NFS/ttao/scannet/posed_images/scene0491_00/00029.jpg",
      "transform_matrix": [
        [
          0.243603,
          -0.320431,
          0.915413,
          3.220371
        ],
        [
          -0.968598,
          -0.031967,
          0.246566,
          1.857646
        ],
        [
          -0.049744,
          -0.946733,
          -0.318156,
          1.38463
        ],
        [
          0.0,
          0.0,
          0.0,
          1.0
        ]
      ]
    },
    {
      "file_path": "/media/NFS/ttao/scannet/posed_images/scene0491_00/00032.jpg",
      "transform_matrix": [
        [
          0.188194,
          -0.326718,
          0.926196,
          3.21983
        ],
        [
          -0.981735,
          -0.03578,
          0.186857,
          1.860619
        ],
        [
          -0.02791,
          -0.944445,
          -0.327484,
          1.383503
        ],
        [
          0.0,
          0.0,
          0.0,
          1.0
        ]
      ]
    },
    {
      "file_path": "/media/NFS/ttao/scannet/posed_images/scene0491_00/00033.jpg",
      "transform_matrix": [
        [
          0.161761,
          -0.327228,
          0.930997,
          3.216666
        ],
        [
          -0.986512,
          -0.029684,
          0.160973,
          1.874499
        ],
        [
          -0.025039,
          -0.944479,
          -0.327616,
          1.385
        ],
        [
          0.0,
          0.0,
          0.0,
          1.0
        ]
      ]
    },
    {
      "file_path": "/media/NFS/ttao/scannet/posed_images/scene0491_00/00036.jpg",
      "transform_matrix": [
        [
          0.079688,
          -0.311856,
          0.946782,
          3.207704
        ],
        [
          -0.996352,
          0.004186,
          0.085239,
          1.909505
        ],
        [
          -0.030545,
          -0.95012,
          -0.310384,
          1.395902
        ],
        [
          0.0,
          0.0,
          0.0,
          1.0
        ]
      ]
    },
    {
      "file_path": "/media/NFS/ttao/scannet/posed_images/scene0491_00/00038.jpg",
      "transform_matrix": [
        [
          0.033282,
          -0.301692,
          0.952824,
          3.204021
        ],
        [
          -0.998896,
          0.021585,
          0.041725,
          1.923639
        ],
        [
          -0.033155,
          -0.953161,
          -0.30064,
          1.407983
        ],
        [
          0.0,
          0.0,
          0.0,
          1.0
        ]
      ]
    },
    {
      "file_path": "/media/NFS/ttao/scannet/posed_images/scene0491_00/00040.jpg",
      "transform_matrix": [
        [
          0.016632,
          -0.309591,
          0.950724,
          3.218784
        ],
        [
          -0.999452,
          0.022065,
          0.02467,
          1.876459
        ],
        [
          -0.028616,
          -0.950614,
          -0.309055,
          1.438682
        ],
        [
          0.0,
          0.0,
          0.0,
          1.0
        ]
      ]
    },
    {
      "file_path": "/media/NFS/ttao/scannet/posed_images/scene0491_00/00042.jpg",
      "transform_matrix": [
        [
          -0.02706,
          -0.303665,
          0.952394,
          3.216145
        ],
        [
          -0.999443,
          0.026807,
          -0.01985,
          1.894948
        ],
        [
          -0.019503,
          -0.952402,
          -0.304222,
          1.449294
        ],
        [
          0.0,
          0.0,
          0.0,
          1.0
        ]
      ]
    },
    {
      "file_path": "/media/NFS/ttao/scannet/posed_images/scene0491_00/00043.jpg",
      "transform_matrix": [
        [
          -0.048031,
          -0.303686,
          0.951561,
          3.217312
        ],
        [
          -0.998755,
          0.027435,
          -0.041657,
          1.901785
        ],
        [
          -0.013456,
          -0.952377,
          -0.304626,
          1.45816
        ],
        [
          0.0,
          0.0,
          0.0,
          1.0
        ]
      ]
    },
    {
      "file_path": "/media/NFS/ttao/scannet/posed_images/scene0491_00/00045.jpg",
      "transform_matrix": [
        [
          -0.084906,
          -0.302723,
          0.949289,
          3.212967
        ],
        [
          -0.996385,
          0.028572,
          -0.080008,
          1.913666
        ],
        [
          -0.002903,
          -0.95265,
          -0.304054,
          1.458114
        ],
        [
          0.0,
          0.0,
          0.0,
          1.0
        ]
      ]
    },
    {
      "file_path": "/media/NFS/ttao/scannet/posed_images/scene0491_00/00047.jpg",
      "transform_matrix": [
        [
          -0.122725,
          -0.303603,
          0.944862,
          3.20743
        ],
        [
          -0.992394,
          0.028324,
          -0.119798,
          1.922827
        ],
        [
          0.009608,
          -0.952377,
          -0.30477,
          1.460046
        ],
        [
          0.0,
          0.0,
          0.0,
          1.0
        ]
      ]
    },
    {
      "file_path": "/media/NFS/ttao/scannet/posed_images/scene0491_00/00049.jpg",
      "transform_matrix": [
        [
          -0.160813,
          -0.299075,
          0.940581,
          3.201138
        ],
        [
          -0.986851,
          0.033041,
          -0.158218,
          1.927481
        ],
        [
          0.016241,
          -0.953658,
          -0.300456,
          1.456563
        ],
        [
          0.0,
          0.0,
          0.0,
          1.0
        ]
      ]
    },
    {
      "file_path": "/media/NFS/ttao/scannet/posed_images/scene0491_00/00050.jpg",
      "transform_matrix": [
        [
          -0.162398,
          -0.311128,
          0.93639,
          3.200314
        ],
        [
          -0.986577,
          0.034756,
          -0.159554,
          1.886244
        ],
        [
          0.017097,
          -0.949732,
          -0.312596,
          1.485276
        ],
        [
          0.0,
          0.0,
          0.0,
          1.0
        ]
      ]
    },
    {
      "file_path": "/media/NFS/ttao/scannet/posed_images/scene0491_00/00053.jpg",
      "transform_matrix": [
        [
          -0.227178,
          -0.301869,
          0.925886,
          3.189846
        ],
        [
          -0.973648,
          0.050882,
          -0.222308,
          1.888248
        ],
        [
          0.019997,
          -0.951991,
          -0.305474,
          1.489665
        ],
        [
          0.0,
          0.0,
          0.0,
          1.0
        ]
      ]
    },
    {
      "file_path": "/media/NFS/ttao/scannet/posed_images/scene0491_00/00055.jpg",
      "transform_matrix": [
        [
          -0.271379,
          -0.297201,
          0.915437,
          3.181749
        ],
        [
          -0.962303,
          0.065913,
          -0.263873,
          1.886208
        ],
        [
          0.018084,
          -0.952537,
          -0.303885,
          1.494016
        ],
        [
          0.0,
          0.0,
          0.0,
          1.0
        ]
      ]
    },
    {
      "file_path": "/media/NFS/ttao/scannet/posed_images/scene0491_00/00056.jpg",
      "transform_matrix": [
        [
          -0.293251,
          -0.296461,
          0.908908,
          3.177756
        ],
        [
          -0.955866,
          0.073006,
          -0.284589,
          1.88502
        ],
        [
          0.018014,
          -0.952251,
          -0.304786,
          1.500307
        ],
        [
          0.0,
          0.0,
          0.0,
          1.0
        ]
      ]
    },
    {
      "file_path": "/media/NFS/ttao/scannet/posed_images/scene0491_00/00059.jpg",
      "transform_matrix": [
        [
          -0.36017,
          -0.29084,
          0.886391,
          3.161823
        ],
        [
          -0.932733,
          0.095026,
          -0.347821,
          1.875423
        ],
        [
          0.01693,
          -0.952041,
          -0.305501,
          1.504707
        ],
        [
          0.0,
          0.0,
          0.0,
          1.0
        ]
      ]
    },
    {
      "file_path": "/media/NFS/ttao/scannet/posed_images/scene0491_00/00060.jpg",
      "transform_matrix": [
        [
          -0.378057,
          -0.285034,
          0.880811,
          3.162076
        ],
        [
          -0.925706,
          0.104178,
          -0.363615,
          1.862032
        ],
        [
          0.011881,
          -0.952839,
          -0.303243,
          1.511548
        ],
        [
          0.0,
          0.0,
          0.0,
          1.0
        ]
      ]
    },
    {
      "file_path": "/media/NFS/ttao/scannet/posed_images/scene0491_00/00063.jpg",
      "transform_matrix": [
        [
          -0.430548,
          -0.252916,
          0.866407,
          3.144754
        ],
        [
          -0.902541,
          0.113337,
          -0.41542,
          1.854653
        ],
        [
          0.00687,
          -0.960827,
          -0.277065,
          1.519206
        ],
        [
          0.0,
          0.0,
          0.0,
          1.0
        ]
      ]
    },
    {
      "file_path": "/media/NFS/ttao/scannet/posed_images/scene0491_00/00065.jpg",
      "transform_matrix": [
        [
          -0.461704,
          -0.240481,
          0.853814,
          3.132456
        ],
        [
          -0.88696,
          0.112759,
          -0.447869,
          1.852247
        ],
        [
          0.011428,
          -0.964082,
          -0.265359,
          1.519695
        ],
        [
          0.0,
          0.0,
          0.0,
          1.0
        ]
      ]
    },
    {
      "file_path": "/media/NFS/ttao/scannet/posed_images/scene0491_00/00066.jpg",
      "transform_matrix": [
        [
          -0.477359,
          -0.237528,
          0.845995,
          3.124787
        ],
        [
          -0.878564,
          0.111603,
          -0.464402,
          1.85088
        ],
        [
          0.015893,
          -0.964948,
          -0.261958,
          1.517125
        ],
        [
          0.0,
          0.0,
          0.0,
          1.0
        ]
      ]
    },
    {
      "file_path": "/media/NFS/ttao/scannet/posed_images/scene0491_00/00069.jpg",
      "transform_matrix": [
        [
          -0.52381,
          -0.23552,
          0.818629,
          3.112397
        ],
        [
          -0.851393,
          0.113799,
          -0.512035,
          1.850201
        ],
        [
          0.027436,
          -0.965184,
          -0.260129,
          1.521413
        ],
        [
          0.0,
          0.0,
          0.0,
          1.0
        ]
      ]
    },
    {
      "file_path": "/media/NFS/ttao/scannet/posed_images/scene0491_00/00070.jpg",
      "transform_matrix": [
        [
          -0.531132,
          -0.238086,
          0.813151,
          3.110624
        ],
        [
          -0.846976,
          0.123101,
          -0.517183,
          1.835124
        ],
        [
          0.023034,
          -0.963411,
          -0.267036,
          1.534815
        ],
        [
          0.0,
          0.0,
          0.0,
          1.0
        ]
      ]
    },
    {
      "file_path": "/media/NFS/ttao/scannet/posed_images/scene0491_00/00072.jpg",
      "transform_matrix": [
        [
          -0.54656,
          -0.241728,
          0.801773,
          3.101701
        ],
        [
          -0.836879,
          0.123286,
          -0.533323,
          1.83128
        ],
        [
          0.030072,
          -0.96248,
          -0.269681,
          1.536492
        ],
        [
          0.0,
          0.0,
          0.0,
          1.0
        ]
      ]
    },
    {
      "file_path": "/media/NFS/ttao/scannet/posed_images/scene0491_00/00074.jpg",
      "transform_matrix": [
        [
          -0.561235,
          -0.244516,
          0.790713,
          3.096315
        ],
        [
          -0.826754,
          0.121032,
          -0.54939,
          1.831841
        ],
        [
          0.038632,
          -0.962062,
          -0.270082,
          1.535262
        ],
        [
          0.0,
          0.0,
          0.0,
          1.0
        ]
      ]
    },
    {
      "file_path": "/media/NFS/ttao/scannet/posed_images/scene0491_00/00077.jpg",
      "transform_matrix": [
        [
          -0.594063,
          -0.281879,
          0.753415,
          3.091087
        ],
        [
          -0.801708,
          0.130641,
          -0.583264,
          1.832423
        ],
        [
          0.065983,
          -0.950514,
          -0.303594,
          1.530248
        ],
        [
          0.0,
          0.0,
          0.0,
          1.0
        ]
      ]
    },
    {
      "file_path": "/media/NFS/ttao/scannet/posed_images/scene0491_00/00078.jpg",
      "transform_matrix": [
        [
          -0.606274,
          -0.285576,
          0.742211,
          3.090569
        ],
        [
          -0.791834,
          0.130302,
          -0.596674,
          1.832237
        ],
        [
          0.073684,
          -0.949457,
          -0.305127,
          1.527621
        ],
        [
          0.0,
          0.0,
          0.0,
          1.0
        ]
      ]
    },
    {
      "file_path": "/media/NFS/ttao/scannet/posed_images/scene0491_00/00081.jpg",
      "transform_matrix": [
        [
          -0.634057,
          -0.267923,
          0.725389,
          3.082744
        ],
        [
          -0.770294,
          0.136398,
          -0.62293,
          1.834213
        ],
        [
          0.067956,
          -0.953736,
          -0.292864,
          1.527321
        ],
        [
          0.0,
          0.0,
          0.0,
          1.0
        ]
      ]
    },
    {
      "file_path": "/media/NFS/ttao/scannet/posed_images/scene0491_00/00082.jpg",
      "transform_matrix": [
        [
          -0.639658,
          -0.268988,
          0.720057,
          3.081436
        ],
        [
          -0.766024,
          0.145567,
          -0.626114,
          1.836102
        ],
        [
          0.0636,
          -0.95208,
          -0.299164,
          1.524928
        ],
        [
          0.0,
          0.0,
          0.0,
          1.0
        ]
      ]
    },
    {
      "file_path": "/media/NFS/ttao/scannet/posed_images/scene0491_00/00085.jpg",
      "transform_matrix": [
        [
          -0.656751,
          -0.284137,
          0.69853,
          3.075956
        ],
        [
          -0.751891,
          0.175765,
          -0.635427,
          1.835446
        ],
        [
          0.057771,
          -0.942535,
          -0.329074,
          1.514514
        ],
        [
          0.0,
          0.0,
          0.0,
          1.0
        ]
      ]
    },
    {
      "file_path": "/media/NFS/ttao/scannet/posed_images/scene0491_00/00086.jpg",
      "transform_matrix": [
        [
          -0.666811,
          -0.285591,
          0.688332,
          3.074349
        ],
        [
          -0.742876,
          0.181421,
          -0.644377,
          1.835908
        ],
        [
          0.059151,
          -0.941023,
          -0.333132,
          1.511751
        ],
        [
          0.0,
          0.0,
          0.0,
          1.0
        ]
      ]
    },
    {
      "file_path": "/media/NFS/ttao/scannet/posed_images/scene0491_00/00088.jpg",
      "transform_matrix": [
        [
          -0.692513,
          -0.286524,
          0.662065,
          3.073951
        ],
        [
          -0.718585,
          0.19291,
          -0.668147,
          1.841097
        ],
        [
          0.063721,
          -0.938451,
          -0.339485,
          1.506069
        ],
        [
          0.0,
          0.0,
          0.0,
          1.0
        ]
      ]
    },
    {
      "file_path": "/media/NFS/ttao/scannet/posed_images/scene0491_00/00090.jpg",
      "transform_matrix": [
        [
          -0.72197,
          -0.286809,
          0.629683,
          3.070202
        ],
        [
          -0.688622,
          0.209028,
          -0.694339,
          1.84421
        ],
        [
          0.067521,
          -0.934906,
          -0.348415,
          1.504982
        ],
        [
          0.0,
          0.0,
          0.0,
          1.0
        ]
      ]
    },
    {
      "file_path": "/media/NFS/ttao/scannet/posed_images/scene0491_00/00092.jpg",
      "transform_matrix": [
        [
          -0.753371,
          -0.279066,
          0.595444,
          3.070177
        ],
        [
          -0.653583,
          0.217897,
          -0.72481,
          1.851021
        ],
        [
          0.072524,
          -0.935224,
          -0.346551,
          1.506333
        ],
        [
          0.0,
          0.0,
          0.0,
          1.0
        ]
      ]
    },
    {
      "file_path": "/media/NFS/ttao/scannet/posed_images/scene0491_00/00093.jpg",
      "transform_matrix": [
        [
          -0.76717,
          -0.273837,
          0.580055,
          3.068329
        ],
        [
          -0.637175,
          0.221178,
          -0.738301,
          1.854823
        ],
        [
          0.073879,
          -0.935999,
          -0.344163,
          1.507056
        ],
        [
          0.0,
          0.0,
          0.0,
          1.0
        ]
      ]
    },
    {
      "file_path": "/media/NFS/ttao/scannet/posed_images/scene0491_00/00096.jpg",
      "transform_matrix": [
        [
          -0.801144,
          -0.25521,
          0.541328,
          3.067907
        ],
        [
          -0.593837,
          0.226649,
          -0.772002,
          1.873968
        ],
        [
          0.074331,
          -0.939946,
          -0.333132,
          1.507443
        ],
        [
          0.0,
          0.0,
          0.0,
          1.0
        ]
      ]
    },
    {
      "file_path": "/media/NFS/ttao/scannet/posed_images/scene0491_00/00097.jpg",
      "transform_matrix": [
        [
          -0.811866,
          -0.252162,
          0.526581,
          3.072303
        ],
        [
          -0.578982,
          0.23158,
          -0.781761,
          1.882349
        ],
        [
          0.075184,
          -0.939567,
          -0.334009,
          1.508096
        ],
        [
          0.0,
          0.0,
          0.0,
          1.0
        ]
      ]
    },
    {
      "file_path": "/media/NFS/ttao/scannet/posed_images/scene0491_00/00100.jpg",
      "transform_matrix": [
        [
          -0.840609,
          -0.243871,
          0.483635,
          3.083745
        ],
        [
          -0.535902,
          0.244818,
          -0.808006,
          1.918047
        ],
        [
          0.078647,
          -0.938398,
          -0.336487,
          1.505721
        ],
        [
          0.0,
          0.0,
          0.0,
          1.0
        ]
      ]
    },
    {
      "file_path": "/media/NFS/ttao/scannet/posed_images/scene0491_00/00101.jpg",
      "transform_matrix": [
        [
          -0.847933,
          -0.238009,
          0.473668,
          3.090317
        ],
        [
          -0.524687,
          0.249414,
          -0.813939,
          1.929474
        ],
        [
          0.075585,
          -0.938693,
          -0.336367,
          1.50701
        ],
        [
          0.0,
          0.0,
          0.0,
          1.0
        ]
      ]
    },
    {
      "file_path": "/media/NFS/ttao/scannet/posed_images/scene0491_00/00103.jpg",
      "transform_matrix": [
        [
          -0.861632,
          -0.223418,
          0.455714,
          3.104096
        ],
        [
          -0.502732,
          0.252493,
          -0.826745,
          1.955458
        ],
        [
          0.069645,
          -0.941452,
          -0.329876,
          1.505596
        ],
        [
          0.0,
          0.0,
          0.0,
          1.0
        ]
      ]
    },
    {
      "file_path": "/media/NFS/ttao/scannet/posed_images/scene0491_00/00106.jpg",
      "transform_matrix": [
        [
          -0.873682,
          -0.220627,
          0.433594,
          3.126017
        ],
        [
          -0.482169,
          0.274067,
          -0.832106,
          1.994702
        ],
        [
          0.064751,
          -0.936062,
          -0.345827,
          1.499924
        ],
        [
          0.0,
          0.0,
          0.0,
          1.0
        ]
      ]
    },
    {
      "file_path": "/media/NFS/ttao/scannet/posed_images/scene0491_00/00107.jpg",
      "transform_matrix": [
        [
          -0.875685,
          -0.220942,
          0.429373,
          3.131853
        ],
        [
          -0.478321,
          0.274937,
          -0.834038,
          2.00784
        ],
        [
          0.066224,
          -0.935732,
          -0.346439,
          1.495842
        ],
        [
          0.0,
          0.0,
          0.0,
          1.0
        ]
      ]
    },
    {
      "file_path": "/media/NFS/ttao/scannet/posed_images/scene0491_00/00109.jpg",
      "transform_matrix": [
        [
          -0.879354,
          -0.221589,
          0.421467,
          3.143564
        ],
        [
          -0.471505,
          0.281635,
          -0.835682,
          2.031781
        ],
        [
          0.066478,
          -0.933585,
          -0.352137,
          1.492427
        ],
        [
          0.0,
          0.0,
          0.0,
          1.0
        ]
      ]
    },
    {
      "file_path": "/media/NFS/ttao/scannet/posed_images/scene0491_00/00111.jpg",
      "transform_matrix": [
        [
          -0.881491,
          -0.2252,
          0.415041,
          3.158287
        ],
        [
          -0.467589,
          0.293749,
          -0.83371,
          2.055514
        ],
        [
          0.065833,
          -0.928976,
          -0.364238,
          1.483243
        ],
        [
          0.0,
          0.0,
          0.0,
          1.0
        ]
      ]
    },
    {
      "file_path": "/media/NFS/ttao/scannet/posed_images/scene0491_00/00114.jpg",
      "transform_matrix": [
        [
          -0.882943,
          -0.23535,
          0.406228,
          3.171808
        ],
        [
          -0.465078,
          0.320259,
          -0.825311,
          2.074849
        ],
        [
          0.064139,
          -0.91763,
          -0.392226,
          1.477898
        ],
        [
          0.0,
          0.0,
          0.0,
          1.0
        ]
      ]
    },
    {
      "file_path": "/media/NFS/ttao/scannet/posed_images/scene0491_00/00115.jpg",
      "transform_matrix": [
        [
          -0.883352,
          -0.237376,
          0.404156,
          3.175901
        ],
        [
          -0.463907,
          0.319654,
          -0.826203,
          2.080367
        ],
        [
          0.06693,
          -0.917319,
          -0.392488,
          1.475238
        ],
        [
          0.0,
          0.0,
          0.0,
          1.0
        ]
      ]
    },
    {
      "file_path": "/media/NFS/ttao/scannet/posed_images/scene0491_00/00117.jpg",
      "transform_matrix": [
        [
          -0.887368,
          -0.236244,
          0.395939,
          3.18712
        ],
        [
          -0.454828,
          0.30779,
          -0.835701,
          2.092225
        ],
        [
          0.075564,
          -0.921658,
          -0.380573,
          1.470804
        ],
        [
          0.0,
          0.0,
          0.0,
          1.0
        ]
      ]
    },
    {
      "file_path": "/media/NFS/ttao/scannet/posed_images/scene0491_00/00119.jpg",
      "transform_matrix": [
        [
          -0.892949,
          -0.231986,
          0.385777,
          3.199445
        ],
        [
          -0.442615,
          0.296246,
          -0.846363,
          2.099877
        ],
        [
          0.082059,
          -0.92651,
          -0.367213,
          1.472749
        ],
        [
          0.0,
          0.0,
          0.0,
          1.0
        ]
      ]
    },
    {
      "file_path": "/media/NFS/ttao/scannet/posed_images/scene0491_00/00122.jpg",
      "transform_matrix": [
        [
          -0.900847,
          -0.231555,
          0.367229,
          3.222821
        ],
        [
          -0.423603,
          0.283618,
          -0.860303,
          2.104684
        ],
        [
          0.095055,
          -0.930561,
          -0.353584,
          1.480482
        ],
        [
          0.0,
          0.0,
          0.0,
          1.0
        ]
      ]
    },
    {
      "file_path": "/media/NFS/ttao/scannet/posed_images/scene0491_00/00123.jpg",
      "transform_matrix": [
        [
          -0.902489,
          -0.230776,
          0.363669,
          3.227478
        ],
        [
          -0.419261,
          0.277297,
          -0.864481,
          2.104293
        ],
        [
          0.098657,
          -0.932657,
          -0.347013,
          1.481927
        ],
        [
          0.0,
          0.0,
          0.0,
          1.0
        ]
      ]
    },
    {
      "file_path": "/media/NFS/ttao/scannet/posed_images/scene0491_00/00125.jpg",
      "transform_matrix": [
        [
          -0.905479,
          -0.215796,
          0.36543,
          3.243447
        ],
        [
          -0.414123,
          0.261035,
          -0.871988,
          2.104164
        ],
        [
          0.092781,
          -0.9409,
          -0.325728,
          1.48844
        ],
        [
          0.0,
          0.0,
          0.0,
          1.0
        ]
      ]
    },
    {
      "file_path": "/media/NFS/ttao/scannet/posed_images/scene0491_00/00127.jpg",
      "transform_matrix": [
        [
          -0.904993,
          -0.193958,
          0.378639,
          3.255359
        ],
        [
          -0.417648,
          0.235648,
          -0.877519,
          2.104455
        ],
        [
          0.080976,
          -0.952287,
          -0.294267,
          1.495537
        ],
        [
          0.0,
          0.0,
          0.0,
          1.0
        ]
      ]
    },
    {
      "file_path": "/media/NFS/ttao/scannet/posed_images/scene0491_00/00130.jpg",
      "transform_matrix": [
        [
          -0.90108,
          -0.162205,
          0.402174,
          3.270608
        ],
        [
          -0.429127,
          0.199896,
          -0.880847,
          2.102134
        ],
        [
          0.062485,
          -0.966298,
          -0.249729,
          1.505222
        ],
        [
          0.0,
          0.0,
          0.0,
          1.0
        ]
      ]
    },
    {
      "file_path": "/media/NFS/ttao/scannet/posed_images/scene0491_00/00132.jpg",
      "transform_matrix": [
        [
          -0.901745,
          -0.143052,
          0.407911,
          3.286053
        ],
        [
          -0.428641,
          0.17393,
          -0.886575,
          2.099715
        ],
        [
          0.055878,
          -0.974312,
          -0.218159,
          1.508609
        ],
        [
          0.0,
          0.0,
          0.0,
          1.0
        ]
      ]
    },
    {
      "file_path": "/media/NFS/ttao/scannet/posed_images/scene0491_00/00134.jpg",
      "transform_matrix": [
        [
          -0.902714,
          -0.135483,
          0.408353,
          3.303945
        ],
        [
          -0.426777,
          0.161772,
          -0.88977,
          2.093504
        ],
        [
          0.054489,
          -0.977484,
          -0.203854,
          1.513267
        ],
        [
          0.0,
          0.0,
          0.0,
          1.0
        ]
      ]
    },
    {
      "file_path": "/media/NFS/ttao/scannet/posed_images/scene0491_00/00135.jpg",
      "transform_matrix": [
        [
          -0.902407,
          -0.135209,
          0.409122,
          3.312842
        ],
        [
          -0.42697,
          0.152895,
          -0.891246,
          2.090975
        ],
        [
          0.057952,
          -0.978949,
          -0.195703,
          1.515504
        ],
        [
          0.0,
          0.0,
          0.0,
          1.0
        ]
      ]
    },
    {
      "file_path": "/media/NFS/ttao/scannet/posed_images/scene0491_00/00136.jpg",
      "transform_matrix": [
        [
          -0.900994,
          -0.133812,
          0.412679,
          3.318959
        ],
        [
          -0.429635,
          0.143223,
          -0.891572,
          2.088156
        ],
        [
          0.060198,
          -0.980603,
          -0.186533,
          1.519193
        ],
        [
          0.0,
          0.0,
          0.0,
          1.0
        ]
      ]
    },
    {
      "file_path": "/media/NFS/ttao/scannet/posed_images/scene0491_00/00139.jpg",
      "transform_matrix": [
        [
          -0.897075,
          -0.123483,
          0.424275,
          3.345423
        ],
        [
          -0.437256,
          0.109531,
          -0.892642,
          2.084537
        ],
        [
          0.063754,
          -0.986284,
          -0.152251,
          1.524461
        ],
        [
          0.0,
          0.0,
          0.0,
          1.0
        ]
      ]
    },
    {
      "file_path": "/media/NFS/ttao/scannet/posed_images/scene0491_00/00141.jpg",
      "transform_matrix": [
        [
          -0.897833,
          -0.113896,
          0.425351,
          3.364532
        ],
        [
          -0.434749,
          0.075901,
          -0.897347,
          2.085448
        ],
        [
          0.06992,
          -0.990589,
          -0.117662,
          1.5289
        ],
        [
          0.0,
          0.0,
          0.0,
          1.0
        ]
      ]
    },
    {
      "file_path": "/media/NFS/ttao/scannet/posed_images/scene0491_00/00143.jpg",
      "transform_matrix": [
        [
          -0.898534,
          -0.110096,
          0.42487,
          3.383418
        ],
        [
          -0.430698,
          0.034878,
          -0.901822,
          2.089753
        ],
        [
          0.084468,
          -0.993309,
          -0.078757,
          1.530527
        ],
        [
          0.0,
          0.0,
          0.0,
          1.0
        ]
      ]
    },
    {
      "file_path": "/media/NFS/ttao/scannet/posed_images/scene0491_00/00145.jpg",
      "transform_matrix": [
        [
          -0.899438,
          -0.115677,
          0.421461,
          3.401407
        ],
        [
          -0.425703,
          0.013589,
          -0.904761,
          2.093833
        ],
        [
          0.098933,
          -0.993194,
          -0.061466,
          1.527363
        ],
        [
          0.0,
          0.0,
          0.0,
          1.0
        ]
      ]
    },
    {
      "file_path": "/media/NFS/ttao/scannet/posed_images/scene0491_00/00147.jpg",
      "transform_matrix": [
        [
          -0.903312,
          -0.114026,
          0.413552,
          3.422735
        ],
        [
          -0.416256,
          -0.000111,
          -0.909248,
          2.099369
        ],
        [
          0.103724,
          -0.993478,
          -0.047364,
          1.529569
        ],
        [
          0.0,
          0.0,
          0.0,
          1.0
        ]
      ]
    },
    {
      "file_path": "/media/NFS/ttao/scannet/posed_images/scene0491_00/00149.jpg",
      "transform_matrix": [
        [
          -0.908134,
          -0.110068,
          0.403952,
          3.444905
        ],
        [
          -0.405036,
          -0.013329,
          -0.914204,
          2.10752
        ],
        [
          0.106008,
          -0.993835,
          -0.032477,
          1.531196
        ],
        [
          0.0,
          0.0,
          0.0,
          1.0
        ]
      ]
    },
    {
      "file_path": "/media/NFS/ttao/scannet/posed_images/scene0491_00/00150.jpg",
      "transform_matrix": [
        [
          -0.911986,
          -0.10831,
          0.395664,
          3.455734
        ],
        [
          -0.395886,
          -0.020367,
          -0.918074,
          2.115176
        ],
        [
