{
  "frames": [
    {
      "file_path": "/media/NFS/ttao/scannet/posed_images/scene0125_00/00000.jpg",
      "transform_matrix": [
        [
          0.753053,
          0.123809,
          -0.646206,
          4.259223
        ],
        [
          0.619922,
          -0.462608,
          0.633791,
          3.769218
        ],
        [
          -0.220471,
          -0.877875,
          -0.42512,
          1.505729
        ],
        [
          0.0,
          0.0,
          0.0,
          1.0
        ]
      ]
    },
    {
      "file_path": "/media/NFS/ttao/scannet/posed_images/scene0125_00/00002.jpg",
      "transform_matrix": [
        [
          0.765303,
          0.126374,
          -0.631143,
          4.259322
        ],
        [
          0.606826,
          -0.468638,
          0.641982,
          3.776065
        ],
        [
          -0.214648,
          -0.874305,
          -0.435336,
          1.503445
        ],
        [
          0.0,
          0.0,
          0.0,
          1.0
        ]
      ]
    },
    {
      "file_path": "/media/NFS/ttao/scannet/posed_images/scene0125_00/00006.jpg",
      "transform_matrix": [
        [
          0.781886,
          0.129552,
          -0.609812,
          4.250478
        ],
        [
          0.586811,
          -0.483209,
          0.64974,
          3.787132
        ],
        [
          -0.210491,
          -0.865867,
          -0.453837,
          1.506753
        ],
        [
          0.0,
          0.0,
          0.0,
          1.0
        ]
      ]
    },
    {
      "file_path": "/media/NFS/ttao/scannet/posed_images/scene0125_00/00009.jpg",
      "transform_matrix": [
        [
          0.792722,
          0.129689,
          -0.595629,
          4.245731
        ],
        [
          0.575941,
          -0.479462,
          0.662124,
          3.788037
        ],
        [
          -0.199711,
          -0.867927,
          -0.454772,
          1.507869
        ],
        [
          0.0,
          0.0,
          0.0,
          1.0
        ]
      ]
    },
    {
      "file_path": "/media/NFS/ttao/scannet/posed_images/scene0125_00/00011.jpg",
      "transform_matrix": [
        [
          0.797489,
          0.128155,
          -0.589566,
          4.243551
        ],
        [
          0.570815,
          -0.476746,
          0.668493,
          3.785014
        ],
        [
          -0.195403,
          -0.869649,
          -0.453353,
          1.504792
        ],
        [
          0.0,
          0.0,
          0.0,
          1.0
        ]
      ]
    },
    {
      "file_path": "/media/NFS/ttao/scannet/posed_images/scene0125_00/00012.jpg",
      "transform_matrix": [
        [
          0.797826,
          0.127811,
          -0.589185,
          4.242295
        ],
        [
          0.570066,
          -0.477984,
          0.668249,
          3.787749
        ],
        [
          -0.196211,
          -0.86902,
          -0.454208,
          1.50894
        ],
        [
          0.0,
          0.0,
          0.0,
          1.0
        ]
      ]
    },
    {
      "file_path": "/media/NFS/ttao/scannet/posed_images/scene0125_00/00016.jpg",
      "transform_matrix": [
        [
          0.795081,
          0.107929,
          -0.596823,
          4.241822
        ],
        [
          0.567836,
          -0.478204,
          0.669988,
          3.791783
        ],
        [
          -0.213092,
          -0.871592,
          -0.441497,
          1.514378
        ],
        [
          0.0,
          0.0,
          0.0,
          1.0
        ]
      ]
    },
    {
      "file_path": "/media/NFS/ttao/scannet/posed_images/scene0125_00/00019.jpg",
      "transform_matrix": [
        [
          0.794548,
          0.089223,
          -0.600611,
          4.245045
        ],
        [
          0.561662,
          -0.483836,
          0.671147,
          3.785766
        ],
        [
          -0.230716,
          -0.870598,
          -0.434544,
          1.504037
        ],
        [
          0.0,
          0.0,
          0.0,
          1.0
        ]
      ]
    },
    {
      "file_path": "/media/NFS/ttao/scannet/posed_images/scene0125_00/00020.jpg",
      "transform_matrix": [
        [
          0.794176,
          0.091984,
          -0.600686,
          4.244585
        ],
        [
          0.562414,
          -0.485646,
          0.669208,
          3.792852
        ],
        [
          -0.230164,
          -0.869303,
          -0.437421,
          1.504732
        ],
        [
          0.0,
          0.0,
          0.0,
          1.0
        ]
      ]
    },
    {
      "file_path": "/media/NFS/ttao/scannet/posed_images/scene0125_00/00022.jpg",
      "transform_matrix": [
        [
          0.796431,
          0.099891,
          -0.596422,
          4.238436
        ],
        [
          0.561973,
          -0.486516,
          0.668946,
          3.793848
        ],
        [
          -0.223348,
          -0.867942,
          -0.443613,
          1.501976
        ],
        [
          0.0,
          0.0,
          0.0,
          1.0
        ]
      ]
    },
    {
      "file_path": "/media/NFS/ttao/scannet/posed_images/scene0125_00/00025.jpg",
      "transform_matrix": [
        [
          0.80958,
          0.108933,
          -0.576814,
          4.234311
        ],
        [
          0.548963,
          -0.488506,
          0.678234,
          3.797426
        ],
        [
          -0.207895,
          -0.865734,
          -0.455285,
          1.498794
        ],
        [
          0.0,
          0.0,
          0.0,
          1.0
        ]
      ]
    },
    {
      "file_path": "/media/NFS/ttao/scannet/posed_images/scene0125_00/00029.jpg",
      "transform_matrix": [
        [
          0.837858,
          0.105856,
          -0.535527,
          4.221235
        ],
        [
          0.511075,
          -0.496841,
          0.701392,
          3.810918
        ],
        [
          -0.191826,
          -0.861361,
          -0.470383,
          1.506208
        ],
        [
          0.0,
          0.0,
          0.0,
          1.0
        ]
      ]
    },
    {
      "file_path": "/media/NFS/ttao/scannet/posed_images/scene0125_00/00030.jpg",
      "transform_matrix": [
        [
          0.843705,
          0.096231,
          -0.528111,
          4.226739
        ],
        [
          0.499661,
          -0.500383,
          0.707075,
          3.813412
        ],
        [
          -0.196216,
          -0.860439,
          -0.470259,
          1.50261
        ],
        [
          0.0,
          0.0,
          0.0,
          1.0
        ]
      ]
    },
    {
      "file_path": "/media/NFS/ttao/scannet/posed_images/scene0125_00/00032.jpg",
      "transform_matrix": [
        [
          0.856004,
          0.089339,
          -0.509191,
          4.22905
        ],
        [
          0.479976,
          -0.503233,
          0.718596,
          3.820023
        ],
        [
          -0.192043,
          -0.859521,
          -0.47365,
          1.495035
        ],
        [
          0.0,
          0.0,
          0.0,
          1.0
        ]
      ]
    },
    {
      "file_path": "/media/NFS/ttao/scannet/posed_images/scene0125_00/00035.jpg",
      "transform_matrix": [
        [
          0.877401,
          0.08514,
          -0.472143,
          4.221894
        ],
        [
          0.445647,
          -0.50909,
          0.73636,
          3.830819
        ],
        [
          -0.17767,
          -0.856492,
          -0.484618,
          1.49453
        ],
        [
          0.0,
          0.0,
          0.0,
          1.0
        ]
      ]
    },
    {
      "file_path": "/media/NFS/ttao/scannet/posed_images/scene0125_00/00039.jpg",
      "transform_matrix": [
        [
          0.905458,
          0.069666,
          -0.41868,
          4.214047
        ],
        [
          0.391397,
          -0.518617,
          0.760161,
          3.852363
        ],
        [
          -0.164178,
          -0.852164,
          -0.496853,
          1.496267
        ],
        [
          0.0,
          0.0,
          0.0,
          1.0
        ]
      ]
    },
    {
      "file_path": "/media/NFS/ttao/scannet/posed_images/scene0125_00/00041.jpg",
      "transform_matrix": [
        [
          0.910485,
          0.063552,
          -0.40863,
          4.248566
        ],
        [
          0.379962,
          -0.518599,
          0.765953,
          3.884575
        ],
        [
          -0.163237,
          -0.852652,
          -0.496324,
          1.488678
        ],
        [
          0.0,
          0.0,
          0.0,
          1.0
        ]
      ]
    },
    {
      "file_path": "/media/NFS/ttao/scannet/posed_images/scene0125_00/00044.jpg",
      "transform_matrix": [
        [
          0.929186,
          0.04327,
          -0.367071,
          4.236699
        ],
        [
          0.335567,
          -0.515088,
          0.78872,
          3.899683
        ],
        [
          -0.154946,
          -0.856044,
          -0.493133,
          1.49062
        ],
        [
          0.0,
          0.0,
          0.0,
          1.0
        ]
      ]
    },
    {
      "file_path": "/media/NFS/ttao/scannet/posed_images/scene0125_00/00046.jpg",
      "transform_matrix": [
        [
          0.937454,
          0.030251,
          -0.346793,
          4.231024
        ],
        [
          0.312317,
          -0.513083,
          0.799502,
          3.909323
        ],
        [
          -0.153748,
          -0.857806,
          -0.490439,
          1.487615
        ],
        [
          0.0,
          0.0,
          0.0,
          1.0
        ]
      ]
    },
    {
      "file_path": "/media/NFS/ttao/scannet/posed_images/scene0125_00/00048.jpg",
      "transform_matrix": [
        [
          0.944207,
          0.017821,
          -0.328872,
          4.226324
        ],
        [
          0.290835,
          -0.513711,
          0.807165,
          3.923199
        ],
        [
          -0.154561,
          -0.857778,
          -0.490232,
          1.484161
        ],
        [
          0.0,
          0.0,
          0.0,
          1.0
        ]
      ]
    },
    {
      "file_path": "/media/NFS/ttao/scannet/posed_images/scene0125_00/00050.jpg",
      "transform_matrix": [
        [
          0.946962,
          0.011904,
          -0.321124,
          4.223085
        ],
        [
          0.281733,
          -0.511405,
          0.811845,
          3.943323
        ],
        [
          -0.15456,
          -0.859257,
          -0.487635,
          1.481822
        ],
        [
          0.0,
          0.0,
          0.0,
          1.0
        ]
      ]
    },
    {
      "file_path": "/media/NFS/ttao/scannet/posed_images/scene0125_00/00054.jpg",
      "transform_matrix": [
        [
          0.950693,
          0.003098,
          -0.310117,
          4.227632
        ],
        [
          0.270138,
          -0.499458,
          0.823145,
          3.97899
        ],
        [
          -0.152341,
          -0.866332,
          -0.475668,
          1.475856
        ],
        [
          0.0,
          0.0,
          0.0,
          1.0
        ]
      ]
    },
    {
      "file_path": "/media/NFS/ttao/scannet/posed_images/scene0125_00/00055.jpg",
      "transform_matrix": [
        [
          0.952916,
          0.004041,
          -0.303207,
          4.225739
        ],
        [
          0.264696,
          -0.498928,
          0.825232,
          3.991379
        ],
        [
          -0.147944,
          -0.866634,
          -0.476506,
          1.478101
        ],
        [
          0.0,
          0.0,
          0.0,
          1.0
        ]
      ]
    },
    {
      "file_path": "/media/NFS/ttao/scannet/posed_images/scene0125_00/00057.jpg",
      "transform_matrix": [
        [
          0.953959,
          0.008496,
          -0.299818,
          4.229648
        ],
        [
          0.265501,
          -0.488973,
          0.830912,
          4.012561
        ],
        [
          -0.139543,
          -0.872258,
          -0.468715,
          1.475395
        ],
        [
          0.0,
          0.0,
          0.0,
          1.0
        ]
      ]
    },
    {
      "file_path": "/media/NFS/ttao/scannet/posed_images/scene0125_00/00061.jpg",
      "transform_matrix": [
        [
          0.94968,
          -0.002314,
          -0.313214,
          4.25598
        ],
        [
          0.276152,
          -0.465712,
          0.840745,
          4.072043
        ],
        [
          -0.147813,
          -0.884933,
          -0.441638,
          1.473242
        ],
        [
          0.0,
          0.0,
          0.0,
          1.0
        ]
      ]
    },
    {
      "file_path": "/media/NFS/ttao/scannet/posed_images/scene0125_00/00064.jpg",
      "transform_matrix": [
        [
          0.948522,
          -0.006172,
          -0.316652,
          4.272005
        ],
        [
          0.279322,
          -0.454965,
          0.845569,
          4.10603
        ],
        [
          -0.149284,
          -0.890488,
          -0.42982,
          1.46995
        ],
        [
          0.0,
          0.0,
          0.0,
          1.0
        ]
      ]
    },
    {
      "file_path": "/media/NFS/ttao/scannet/posed_images/scene0125_00/00065.jpg",
      "transform_matrix": [
        [
          0.950246,
          -0.005218,
          -0.311456,
          4.28064
        ],
        [
          0.275083,
          -0.455078,
          0.846897,
          4.126483
        ],
        [
          -0.146156,
          -0.890436,
          -0.431001,
          1.470494
        ],
        [
          0.0,
          0.0,
          0.0,
          1.0
        ]
      ]
    },
    {
      "file_path": "/media/NFS/ttao/scannet/posed_images/scene0125_00/00067.jpg",
      "transform_matrix": [
        [
          0.9543,
          -0.004735,
          -0.298815,
          4.287639
        ],
        [
          0.263241,
          -0.46004,
          0.847979,
          4.149706
        ],
        [
          -0.141481,
          -0.887886,
          -0.437769,
          1.471684
        ],
        [
          0.0,
          0.0,
          0.0,
          1.0
        ]
      ]
    },
    {
      "file_path": "/media/NFS/ttao/scannet/posed_images/scene0125_00/00070.jpg",
      "transform_matrix": [
        [
          0.959893,
          0.005611,
          -0.28031,
          4.302933
        ],
        [
          0.251782,
          -0.457063,
          0.853053,
          4.18985
        ],
        [
          -0.123333,
          -0.889417,
          -0.440144,
          1.464744
        ],
        [
          0.0,
          0.0,
          0.0,
          1.0
        ]
      ]
    },
    {
      "file_path": "/media/NFS/ttao/scannet/posed_images/scene0125_00/00074.jpg",
      "transform_matrix": [
        [
          0.956476,
          0.019437,
          -0.291163,
          4.313424
        ],
        [
          0.266717,
          -0.463033,
          0.845259,
          4.230466
        ],
        [
          -0.118389,
          -0.886128,
          -0.448064,
          1.451501
        ],
        [
          0.0,
          0.0,
          0.0,
          1.0
        ]
      ]
    },
    {
      "file_path": "/media/NFS/ttao/scannet/posed_images/scene0125_00/00075.jpg",
      "transform_matrix": [
        [
          0.955468,
          0.017809,
          -0.294556,
          4.319578
        ],
        [
          0.268273,
          -0.468215,
          0.841905,
          4.250023
        ],
        [
          -0.122922,
          -0.883435,
          -0.452143,
          1.45598
        ],
        [
          0.0,
          0.0,
          0.0,
          1.0
        ]
      ]
    },
    {
      "file_path": "/media/NFS/ttao/scannet/posed_images/scene0125_00/00077.jpg",
      "transform_matrix": [
        [
          0.958001,
          0.007048,
          -0.286679,
          4.329736
        ],
        [
          0.25635,
          -0.469105,
          0.845119,
          4.272537
        ],
        [
          -0.128526,
          -0.883114,
          -0.45121,
          1.448647
        ],
        [
          0.0,
          0.0,
          0.0,
          1.0
        ]
      ]
    },
    {
      "file_path": "/media/NFS/ttao/scannet/posed_images/scene0125_00/00080.jpg",
      "transform_matrix": [
        [
          0.964758,
          0.012322,
          -0.262849,
          4.333087
        ],
        [
          0.237,
          -0.474719,
          0.847628,
          4.311161
        ],
        [
          -0.114334,
          -0.880051,
          -0.460909,
          1.439741
        ],
        [
          0.0,
          0.0,
          0.0,
          1.0
        ]
      ]
    },
    {
      "file_path": "/media/NFS/ttao/scannet/posed_images/scene0125_00/00084.jpg",
      "transform_matrix": [
        [
          0.977086,
          0.005612,
          -0.212772,
          4.320865
        ],
        [
          0.189457,
          -0.478512,
          0.857399,
          4.373934
        ],
        [
          -0.097002,
          -0.878063,
          -0.46861,
          1.438917
        ],
        [
          0.0,
          0.0,
          0.0,
          1.0
        ]
      ]
    },
    {
      "file_path": "/media/NFS/ttao/scannet/posed_images/scene0125_00/00085.jpg",
      "transform_matrix": [
        [
          0.979886,
          0.003506,
          -0.199526,
          4.318848
        ],
        [
          0.17717,
          -0.475407,
          0.861742,
          4.391806
        ],
        [
          -0.091835,
          -0.879759,
          -0.466466,
          1.436102
        ],
        [
          0.0,
          0.0,
          0.0,
          1.0
        ]
      ]
    },
    {
      "file_path": "/media/NFS/ttao/scannet/posed_images/scene0125_00/00087.jpg",
      "transform_matrix": [
        [
          0.983962,
          0.001943,
          -0.178367,
          4.311052
        ],
        [
          0.1585,
          -0.468244,
          0.869267,
          4.434955
        ],
        [
          -0.08183,
          -0.883597,
          -0.461042,
          1.442683
        ],
        [
          0.0,
          0.0,
          0.0,
          1.0
        ]
      ]
    },
    {
      "file_path": "/media/NFS/ttao/scannet/posed_images/scene0125_00/00091.jpg",
      "transform_matrix": [
        [
          0.991154,
          0.001496,
          -0.132711,
          4.357946
        ],
        [
          0.119725,
          -0.441591,
          0.889192,
          4.503896
        ],
        [
          -0.057274,
          -0.897215,
          -0.437864,
          1.437599
        ],
        [
          0.0,
          0.0,
          0.0,
          1.0
        ]
      ]
    },
    {
      "file_path": "/media/NFS/ttao/scannet/posed_images/scene0125_00/00094.jpg",
      "transform_matrix": [
        [
          0.995911,
          0.002586,
          -0.0903,
          4.327929
        ],
        [
          0.082285,
          -0.438502,
          0.894956,
          4.565561
        ],
        [
          -0.037282,
          -0.898727,
          -0.436921,
          1.447086
        ],
        [
          0.0,
          0.0,
          0.0,
          1.0
        ]
      ]
    },
    {
      "file_path": "/media/NFS/ttao/scannet/posed_images/scene0125_00/00095.jpg",
      "transform_matrix": [
        [
          0.996524,
          0.001306,
          -0.083293,
          4.326819
        ],
        [
          0.075402,
          -0.439193,
          0.895223,
          4.58776
        ],
        [
          -0.035412,
          -0.898392,
          -0.437765,
          1.455127
        ],
        [
          0.0,
          0.0,
          0.0,
          1.0
        ]
      ]
    },
    {
      "file_path": "/media/NFS/ttao/scannet/posed_images/scene0125_00/00098.jpg",
      "transform_matrix": [
        [
          0.998518,
          -0.021764,
          -0.049891,
          4.324088
        ],
        [
          0.03614,
          -0.420297,
          0.906667,
          4.630967
        ],
        [
          -0.040702,
          -0.907126,
          -0.418887,
          1.449541
        ],
        [
          0.0,
          0.0,
          0.0,
          1.0
        ]
      ]
    },
    {
      "file_path": "/media/NFS/ttao/scannet/posed_images/scene0125_00/00100.jpg",
      "transform_matrix": [
        [
          0.99887,
          -0.024714,
          -0.040605,
          4.355968
        ],
        [
          0.026384,
          -0.422292,
          0.906076,
          4.6549
        ],
        [
          -0.03954,
          -0.906123,
          -0.421163,
          1.431659
        ],
        [
          0.0,
          0.0,
          0.0,
          1.0
        ]
      ]
    },
    {
      "file_path": "/media/NFS/ttao/scannet/posed_images/scene0125_00/00102.jpg",
      "transform_matrix": [
        [
          0.999002,
          -0.029307,
          -0.033716,
          4.357832
        ],
        [
          0.017857,
          -0.429842,
          0.902728,
          4.693259
        ],
        [
          -0.040949,
          -0.902428,
          -0.428889,
          1.440238
        ],
        [
          0.0,
          0.0,
          0.0,
          1.0
        ]
      ]
    },
    {
      "file_path": "/media/NFS/ttao/scannet/posed_images/scene0125_00/00106.jpg",
      "transform_matrix": [
        [
          0.999284,
          -0.03598,
          0.01167,
          4.375487
        ],
        [
          -0.025908,
          -0.426289,
          0.904216,
          4.752045
        ],
        [
          -0.027559,
          -0.903871,
          -0.426917,
          1.437402
        ],
        [
          0.0,
          0.0,
          0.0,
          1.0
        ]
      ]
    },
    {
      "file_path": "/media/NFS/ttao/scannet/posed_images/scene0125_00/00109.jpg",
      "transform_matrix": [
        [
          0.998258,
          -0.034523,
          0.047838,
          4.385157
        ],
        [
          -0.057952,
          -0.42202,
          0.904732,
          4.805227
        ],
        [
          -0.011046,
          -0.905929,
          -0.423286,
          1.434715
        ],
        [
          0.0,
          0.0,
          0.0,
          1.0
        ]
      ]
    },
    {
      "file_path": "/media/NFS/ttao/scannet/posed_images/scene0125_00/00110.jpg",
      "transform_matrix": [
        [
          0.998637,
          -0.025005,
          0.045805,
          4.409214
        ],
        [
          -0.052062,
          -0.416976,
          0.907425,
          4.815404
        ],
        [
          -0.003591,
          -0.908574,
          -0.417709,
          1.42637
        ],
        [
          0.0,
          0.0,
          0.0,
          1.0
        ]
      ]
    },
    {
      "file_path": "/media/NFS/ttao/scannet/posed_images/scene0125_00/00114.jpg",
      "transform_matrix": [
        [
          0.997817,
          -0.038808,
          0.053434,
          4.429955
        ],
        [
          -0.064377,
          -0.391145,
          0.918074,
          4.881969
        ],
        [
          -0.014728,
          -0.91951,
          -0.39279,
          1.43619
        ],
        [
          0.0,
          0.0,
          0.0,
          1.0
        ]
      ]
    },
    {
      "file_path": "/media/NFS/ttao/scannet/posed_images/scene0125_00/00115.jpg",
      "transform_matrix": [
        [
          0.99756,
          -0.04726,
          0.051383,
          4.442206
        ],
        [
          -0.065679,
          -0.385864,
          0.920215,
          4.889543
        ],
        [
          -0.023663,
          -0.921344,
          -0.388026,
          1.426306
        ],
        [
          0.0,
          0.0,
          0.0,
          1.0
        ]
      ]
    },
    {
      "file_path": "/media/NFS/ttao/scannet/posed_images/scene0125_00/00119.jpg",
      "transform_matrix": [
        [
          0.997135,
          -0.055003,
          0.05192,
          4.484433
        ],
        [
          -0.068535,
          -0.3666,
          0.927851,
          4.943058
        ],
        [
          -0.032001,
          -0.928751,
          -0.36932,
          1.439028
        ],
        [
          0.0,
          0.0,
          0.0,
          1.0
        ]
      ]
    },
    {
      "file_path": "/media/NFS/ttao/scannet/posed_images/scene0125_00/00120.jpg",
      "transform_matrix": [
        [
          0.997208,
          -0.04703,
          0.05801,
          4.506697
        ],
        [
          -0.071192,
          -0.364089,
          0.928639,
          4.946835
        ],
        [
          -0.022554,
          -0.930176,
          -0.36642,
          1.42861
        ],
        [
          0.0,
          0.0,
          0.0,
          1.0
        ]
      ]
    },
    {
      "file_path": "/media/NFS/ttao/scannet/posed_images/scene0125_00/00124.jpg",
      "transform_matrix": [
        [
          0.994498,
          -0.041354,
          0.096249,
          4.511316
        ],
        [
          -0.104754,
          -0.385926,
          0.916563,
          4.993967
        ],
        [
          -0.000759,
          -0.921602,
          -0.388135,
          1.435099
        ],
        [
          0.0,
          0.0,
          0.0,
          1.0
        ]
      ]
    },
    {
      "file_path": "/media/NFS/ttao/scannet/posed_images/scene0125_00/00125.jpg",
      "transform_matrix": [
        [
          0.993605,
          -0.047445,
          0.102464,
          4.512877
        ],
        [
          -0.112853,
          -0.387174,
          0.915074,
          5.007245
        ],
        [
          -0.003744,
          -0.920785,
          -0.390052,
          1.438274
        ],
        [
          0.0,
          0.0,
          0.0,
          1.0
        ]
      ]
    },
    {
      "file_path": "/media/NFS/ttao/scannet/posed_images/scene0125_00/00128.jpg",
      "transform_matrix": [
        [
          0.990372,
          -0.063711,
          0.122898,
          4.51667
        ],
        [
          -0.137874,
          -0.37449,
          0.916923,
          5.029819
        ],
        [
          -0.012394,
          -0.925039,
          -0.379669,
          1.433464
        ],
        [
          0.0,
          0.0,
          0.0,
          1.0
        ]
      ]
    },
    {
      "file_path": "/media/NFS/ttao/scannet/posed_images/scene0125_00/00132.jpg",
      "transform_matrix": [
        [
          0.985919,
          -0.076032,
          0.148943,
          4.528205
        ],
        [
          -0.166908,
          -0.392476,
          0.904491,
          5.069726
        ],
        [
          -0.010314,
          -0.916614,
          -0.399639,
          1.431646
        ],
        [
          0.0,
          0.0,
          0.0,
          1.0
        ]
      ]
    },
    {
      "file_path": "/media/NFS/ttao/scannet/posed_images/scene0125_00/00133.jpg",
      "transform_matrix": [
        [
          0.983461,
          -0.085361,
          0.159744,
          4.526184
        ],
        [
          -0.180503,
          -0.389115,
          0.903332,
          5.082214
        ],
        [
          -0.014951,
          -0.917225,
          -0.398088,
          1.439675
        ],
        [
          0.0,
          0.0,
          0.0,
          1.0
        ]
      ]
    },
    {
      "file_path": "/media/NFS/ttao/scannet/posed_images/scene0125_00/00137.jpg",
      "transform_matrix": [
        [
          0.970577,
          -0.09984,
          0.219119,
          4.500972
        ],
        [
          -0.240572,
          -0.363074,
          0.900168,
          5.110947
        ],
        [
          -0.010317,
          -0.926396,
          -0.37641,
          1.437793
        ],
        [
          0.0,
          0.0,
          0.0,
          1.0
        ]
      ]
    },
    {
      "file_path": "/media/NFS/ttao/scannet/posed_images/scene0125_00/00138.jpg",
      "transform_matrix": [
        [
          0.969713,
          -0.099601,
          0.223018,
          4.511058
        ],
        [
          -0.244078,
          -0.361083,
          0.900025,
          5.112274
        ],
        [
          -0.009116,
          -0.927199,
          -0.374457,
          1.436286
        ],
        [
          0.0,
          0.0,
          0.0,
          1.0
        ]
      ]
    },
    {
      "file_path": "/media/NFS/ttao/scannet/posed_images/scene0125_00/00142.jpg",
      "transform_matrix": [
        [
          0.960213,
          -0.103339,
          0.259443,
          4.515
        ],
        [
          -0.27926,
          -0.349142,
          0.894491,
          5.124893
        ],
        [
          -0.001853,
          -0.931354,
          -0.364109,
          1.427465
        ],
        [
          0.0,
          0.0,
          0.0,
          1.0
        ]
      ]
    },
    {
      "file_path": "/media/NFS/ttao/scannet/posed_images/scene0125_00/00144.jpg",
      "transform_matrix": [
        [
          0.953177,
          -0.108529,
          0.282266,
          4.505279
        ],
        [
          -0.302386,
          -0.354086,
          0.884978,
          5.138689
        ],
        [
          0.003901,
          -0.928894,
          -0.370325,
          1.426636
        ],
        [
          0.0,
          0.0,
          0.0,
          1.0
        ]
      ]
    },
    {
      "file_path": "/media/NFS/ttao/scannet/posed_images/scene0125_00/00145.jpg",
      "transform_matrix": [
        [
          0.952022,
          -0.109598,
          0.28573,
          4.505649
        ],
        [
          -0.305984,
          -0.356774,
          0.882658,
          5.147336
        ],
        [
          0.005203,
          -0.927739,
          -0.373192,
          1.428685
        ],
        [
          0.0,
          0.0,
          0.0,
          1.0
        ]
      ]
    },
    {
      "file_path": "/media/NFS/ttao/scannet/posed_images/scene0125_00/00148.jpg",
      "transform_matrix": [
        [
          0.947664,
          -0.112776,
          0.298687,
          4.504931
        ],
        [
          -0.319225,
          -0.350079,
          0.880648,
          5.155849
        ],
        [
          0.005248,
          -0.929907,
          -0.367758,
          1.425088
        ],
        [
          0.0,
          0.0,
          0.0,
          1.0
        ]
      ]
    },
    {
      "file_path": "/media/NFS/ttao/scannet/posed_images/scene0125_00/00152.jpg",
      "transform_matrix": [
        [
          0.935603,
          -0.118203,
          0.332677,
          4.512231
        ],
        [
          -0.352682,
          -0.356092,
          0.86534,
          5.16845
        ],
        [
          0.016178,
          -0.926945,
          -0.374849,
          1.423478
        ],
        [
          0.0,
          0.0,
          0.0,
          1.0
        ]
      ]
    },
    {
      "file_path": "/media/NFS/ttao/scannet/posed_images/scene0125_00/00154.jpg",
      "transform_matrix": [
        [
          0.926758,
          -0.121873,
          0.355341,
          4.496561
        ],
        [
          -0.375099,
          -0.351871,
          0.857606,
          5.174021
        ],
        [
          0.020515,
          -0.928081,
          -0.371814,
          1.419968
        ],
        [
          0.0,
          0.0,
          0.0,
          1.0
        ]
      ]
    },
    {
      "file_path": "/media/NFS/ttao/scannet/posed_images/scene0125_00/00155.jpg",
      "transform_matrix": [
        [
          0.92234,
          -0.124675,
          0.365712,
          4.491951
        ],
        [
          -0.385768,
          -0.350403,
          0.853464,
          5.175026
        ],
        [
          0.021741,
          -0.928264,
          -0.371287,
          1.416642
        ],
        [
          0.0,
          0.0,
          0.0,
          1.0
        ]
      ]
    },
    {
      "file_path": "/media/NFS/ttao/scannet/posed_images/scene0125_00/00159.jpg",
      "transform_matrix": [
        [
          0.902536,
          -0.14474,
          0.40556,
          4.481933
        ],
        [
          -0.42998,
          -0.35401,
          0.830538,
          5.183685
        ],
        [
          0.02336,
          -0.923974,
          -0.381742,
          1.40946
        ],
        [
          0.0,
          0.0,
          0.0,
          1.0
        ]
      ]
    },
    {
      "file_path": "/media/NFS/ttao/scannet/posed_images/scene0125_00/00161.jpg",
      "transform_matrix": [
        [
          0.895884,
          -0.150091,
          0.418168,
          4.487936
        ],
        [
          -0.443627,
          -0.35353,
          0.823537,
          5.18489
        ],
        [
          0.02423,
          -0.923304,
          -0.383306,
          1.407984
        ],
        [
          0.0,
          0.0,
          0.0,
          1.0
        ]
      ]
    },
    {
      "file_path": "/media/NFS/ttao/scannet/posed_images/scene0125_00/00163.jpg",
      "transform_matrix": [
        [
          0.885236,
          -0.152893,
          0.439295,
          4.483561
        ],
        [
          -0.464248,
          -0.348927,
          0.814079,
          5.186644
        ],
        [
          0.028815,
          -0.924594,
          -0.379863,
          1.405942
        ],
        [
          0.0,
          0.0,
          0.0,
          1.0
        ]
      ]
    },
    {
      "file_path": "/media/NFS/ttao/scannet/posed_images/scene0125_00/00166.jpg",
      "transform_matrix": [
        [
          0.858113,
          -0.164774,
          0.486305,
          4.4783
        ],
        [
          -0.511582,
          -0.355338,
          0.782317,
          5.191164
        ],
        [
          0.043898,
          -0.9201,
          -0.389215,
          1.403595
        ],
        [
          0.0,
          0.0,
          0.0,
          1.0
        ]
      ]
    },
    {
      "file_path": "/media/NFS/ttao/scannet/posed_images/scene0125_00/00169.jpg",
      "transform_matrix": [
        [
          0.820819,
          -0.182947,
          0.541098,
          4.455534
        ],
        [
          -0.568892,
          -0.346713,
          0.745756,
          5.193477
        ],
        [
          0.051172,
          -0.919957,
          -0.388665,
          1.403697
        ],
        [
          0.0,
          0.0,
          0.0,
          1.0
        ]
      ]
    },
    {
      "file_path": "/media/NFS/ttao/scannet/posed_images/scene0125_00/00170.jpg",
      "transform_matrix": [
        [
          0.814554,
          -0.183627,
          0.550258,
          4.470599
        ],
        [
          -0.577636,
          -0.343884,
          0.740325,
          5.173462
        ],
        [
          0.053282,
          -0.920883,
          -0.386182,
          1.400262
        ],
        [
          0.0,
          0.0,
          0.0,
          1.0
        ]
      ]
    },
    {
      "file_path": "/media/NFS/ttao/scannet/posed_images/scene0125_00/00173.jpg",
      "transform_matrix": [
        [
          0.773831,
          -0.20082,
          0.600713,
          4.466333
        ],
        [
          -0.631064,
          -0.32568,
          0.704053,
          5.172296
        ],
        [
          0.054252,
          -0.923907,
          -0.378751,
          1.403107
        ],
        [
          0.0,
          0.0,
          0.0,
          1.0
        ]
      ]
    },
    {
      "file_path": "/media/NFS/ttao/scannet/posed_images/scene0125_00/00176.jpg",
      "transform_matrix": [
        [
          0.731562,
          -0.211432,
          0.648162,
          4.457127
        ],
        [
          -0.679079,
          -0.310445,
          0.665189,
          5.170849
        ],
        [
          0.060577,
          -0.92678,
          -0.370688,
          1.400118
        ],
        [
          0.0,
          0.0,
          0.0,
          1.0
        ]
      ]
    },
    {
      "file_path": "/media/NFS/ttao/scannet/posed_images/scene0125_00/00178.jpg",
      "transform_matrix": [
        [
          0.70601,
          -0.216801,
          0.674201,
          4.444017
        ],
        [
          -0.704899,
          -0.306963,
          0.639446,
          5.172272
        ],
        [
          0.068322,
          -0.926699,
          -0.369542,
          1.393862
        ],
        [
          0.0,
          0.0,
          0.0,
          1.0
        ]
      ]
    },
    {
      "file_path": "/media/NFS/ttao/scannet/posed_images/scene0125_00/00182.jpg",
      "transform_matrix": [
        [
          0.666036,
          -0.231676,
          0.70903,
          4.443241
        ],
        [
          -0.742109,
          -0.301773,
          0.598505,
          5.169599
        ],
        [
          0.075307,
          -0.924803,
          -0.37292,
          1.405835
        ],
        [
          0.0,
          0.0,
          0.0,
          1.0
        ]
      ]
    },
    {
      "file_path": "/media/NFS/ttao/scannet/posed_images/scene0125_00/00183.jpg",
      "transform_matrix": [
        [
          0.659543,
          -0.233774,
          0.71439,
          4.443164
        ],
        [
          -0.748154,
          -0.295946,
          0.59387,
          5.163875
        ],
        [
          0.072589,
          -0.926156,
          -0.370088,
          1.406139
        ],
        [
          0.0,
          0.0,
          0.0,
          1.0
        ]
      ]
    },
    {
      "file_path": "/media/NFS/ttao/scannet/posed_images/scene0125_00/00187.jpg",
      "transform_matrix": [
        [
          0.620195,
          -0.250857,
          0.743256,
          4.441884
        ],
        [
          -0.781699,
          -0.276886,
          0.558821,
          5.165388
        ],
        [
          0.065613,
          -0.92758,
          -0.367818,
          1.40789
        ],
        [
          0.0,
          0.0,
          0.0,
          1.0
        ]
      ]
    },
    {
      "file_path": "/media/NFS/ttao/scannet/posed_images/scene0125_00/00189.jpg",
      "transform_matrix": [
        [
          0.60256,
          -0.257533,
          0.75538,
          4.444717
        ],
        [
          -0.796144,
          -0.259749,
          0.546521,
          5.158874
        ],
        [
          0.055462,
          -0.930703,
          -0.361547,
          1.404498
        ],
        [
          0.0,
          0.0,
          0.0,
          1.0
        ]
      ]
    },
    {
      "file_path": "/media/NFS/ttao/scannet/posed_images/scene0125_00/00192.jpg",
      "transform_matrix": [
        [
          0.584832,
          -0.265374,
          0.766517,
          4.441724
        ],
        [
          -0.810035,
          -0.240689,
          0.534707,
          5.155824
        ],
        [
          0.042594,
          -0.93362,
          -0.355725,
          1.400069
        ],
        [
          0.0,
          0.0,
          0.0,
          1.0
        ]
      ]
    },
    {
      "file_path": "/media/NFS/ttao/scannet/posed_images/scene0125_00/00193.jpg",
      "transform_matrix": [
        [
          0.583061,
          -0.268164,
          0.766896,
          4.441879
        ],
        [
          -0.811505,
          -0.237236,
          0.534021,
          5.15094
        ],
        [
          0.03873,
          -0.933706,
          -0.355939,
          1.398978
