{
  "frames": [
    {
      "file_path": "/media/NFS/ttao/scannet/posed_images/scene0678_00/00000.jpg",
      "transform_matrix": [
        [
          0.944348,
          0.092993,
          -0.315529,
          1.89463
        ],
        [
          0.328947,
          -0.269125,
          0.905188,
          5.293815
        ],
        [
          -0.00074,
          -0.958605,
          -0.284738,
          1.638968
        ],
        [
          0.0,
          0.0,
          0.0,
          1.0
        ]
      ]
    },
    {
      "file_path": "/media/NFS/ttao/scannet/posed_images/scene0678_00/00012.jpg",
      "transform_matrix": [
        [
          0.94604,
          0.117204,
          -0.302111,
          1.893634
        ],
        [
          0.323717,
          -0.299593,
          0.89747,
          5.29783
        ],
        [
          0.014677,
          -0.946841,
          -0.321368,
          1.618544
        ],
        [
          0.0,
          0.0,
          0.0,
          1.0
        ]
      ]
    },
    {
      "file_path": "/media/NFS/ttao/scannet/posed_images/scene0678_00/00017.jpg",
      "transform_matrix": [
        [
          0.945078,
          0.122332,
          -0.30309,
          1.890378
        ],
        [
          0.326403,
          -0.304943,
          0.894691,
          5.296662
        ],
        [
          0.017024,
          -0.944481,
          -0.328124,
          1.613309
        ],
        [
          0.0,
          0.0,
          0.0,
          1.0
        ]
      ]
    },
    {
      "file_path": "/media/NFS/ttao/scannet/posed_images/scene0678_00/00027.jpg",
      "transform_matrix": [
        [
          0.946667,
          0.131042,
          -0.294365,
          1.905754
        ],
        [
          0.321706,
          -0.333038,
          0.886336,
          5.30586
        ],
        [
          0.018113,
          -0.933763,
          -0.357433,
          1.596226
        ],
        [
          0.0,
          0.0,
          0.0,
          1.0
        ]
      ]
    },
    {
      "file_path": "/media/NFS/ttao/scannet/posed_images/scene0678_00/00032.jpg",
      "transform_matrix": [
        [
          0.954119,
          0.127794,
          -0.270789,
          1.907294
        ],
        [
          0.298934,
          -0.354504,
          0.885983,
          5.313069
        ],
        [
          0.017228,
          -0.926281,
          -0.37644,
          1.602575
        ],
        [
          0.0,
          0.0,
          0.0,
          1.0
        ]
      ]
    },
    {
      "file_path": "/media/NFS/ttao/scannet/posed_images/scene0678_00/00039.jpg",
      "transform_matrix": [
        [
          0.969048,
          0.121181,
          -0.215086,
          1.924609
        ],
        [
          0.245213,
          -0.371568,
          0.895437,
          5.316898
        ],
        [
          0.028591,
          -0.920463,
          -0.389783,
          1.590089
        ],
        [
          0.0,
          0.0,
          0.0,
          1.0
        ]
      ]
    },
    {
      "file_path": "/media/NFS/ttao/scannet/posed_images/scene0678_00/00054.jpg",
      "transform_matrix": [
        [
          0.997303,
          0.065062,
          -0.033954,
          1.977279
        ],
        [
          0.058065,
          -0.416579,
          0.907243,
          5.310437
        ],
        [
          0.044882,
          -0.906768,
          -0.419233,
          1.577161
        ],
        [
          0.0,
          0.0,
          0.0,
          1.0
        ]
      ]
    },
    {
      "file_path": "/media/NFS/ttao/scannet/posed_images/scene0678_00/00056.jpg",
      "transform_matrix": [
        [
          0.998365,
          0.056298,
          -0.009857,
          1.984001
        ],
        [
          0.032627,
          -0.419782,
          0.907038,
          5.307998
        ],
        [
          0.046927,
          -0.905877,
          -0.420933,
          1.576355
        ],
        [
          0.0,
          0.0,
          0.0,
          1.0
        ]
      ]
    },
    {
      "file_path": "/media/NFS/ttao/scannet/posed_images/scene0678_00/00064.jpg",
      "transform_matrix": [
        [
          0.993149,
          -0.011775,
          0.116264,
          2.019042
        ],
        [
          -0.110361,
          -0.421657,
          0.900014,
          5.30215
        ],
        [
          0.038426,
          -0.906679,
          -0.420068,
          1.578891
        ],
        [
          0.0,
          0.0,
          0.0,
          1.0
        ]
      ]
    },
    {
      "file_path": "/media/NFS/ttao/scannet/posed_images/scene0678_00/00073.jpg",
      "transform_matrix": [
        [
          0.973547,
          -0.067699,
          0.218228,
          2.057088
        ],
        [
          -0.226448,
          -0.41321,
          0.882031,
          5.298968
        ],
        [
          0.030462,
          -0.908116,
          -0.417609,
          1.581777
        ],
        [
          0.0,
          0.0,
          0.0,
          1.0
        ]
      ]
    },
    {
      "file_path": "/media/NFS/ttao/scannet/posed_images/scene0678_00/00083.jpg",
      "transform_matrix": [
        [
          0.942796,
          -0.124391,
          0.309292,
          2.091798
        ],
        [
          -0.332694,
          -0.410095,
          0.849198,
          5.296963
        ],
        [
          0.021207,
          -0.90352,
          -0.42802,
          1.574141
        ],
        [
          0.0,
          0.0,
          0.0,
          1.0
        ]
      ]
    },
    {
      "file_path": "/media/NFS/ttao/scannet/posed_images/scene0678_00/00091.jpg",
      "transform_matrix": [
        [
          0.911139,
          -0.162607,
          0.378663,
          2.116129
        ],
        [
          -0.411467,
          -0.409866,
          0.814066,
          5.298301
        ],
        [
          0.022828,
          -0.897535,
          -0.440353,
          1.568954
        ],
        [
          0.0,
          0.0,
          0.0,
          1.0
        ]
      ]
    },
    {
      "file_path": "/media/NFS/ttao/scannet/posed_images/scene0678_00/00100.jpg",
      "transform_matrix": [
        [
          0.864191,
          -0.21428,
          0.455256,
          2.146104
        ],
        [
          -0.503022,
          -0.38938,
          0.77159,
          5.292382
        ],
        [
          0.011931,
          -0.895806,
          -0.444286,
          1.56672
        ],
        [
          0.0,
          0.0,
          0.0,
          1.0
        ]
      ]
    },
    {
      "file_path": "/media/NFS/ttao/scannet/posed_images/scene0678_00/00105.jpg",
      "transform_matrix": [
        [
          0.831297,
          -0.240885,
          0.500919,
          2.160046
        ],
        [
          -0.555763,
          -0.374106,
          0.74241,
          5.286088
        ],
        [
          0.008561,
          -0.895555,
          -0.444868,
          1.56395
        ],
        [
          0.0,
          0.0,
          0.0,
          1.0
        ]
      ]
    },
    {
      "file_path": "/media/NFS/ttao/scannet/posed_images/scene0678_00/00113.jpg",
      "transform_matrix": [
        [
          0.777326,
          -0.281008,
          0.562848,
          2.176605
        ],
        [
          -0.629097,
          -0.346834,
          0.69566,
          5.273694
        ],
        [
          -0.000271,
          -0.894841,
          -0.446384,
          1.560068
        ],
        [
          0.0,
          0.0,
          0.0,
          1.0
        ]
      ]
    },
    {
      "file_path": "/media/NFS/ttao/scannet/posed_images/scene0678_00/00120.jpg",
      "transform_matrix": [
        [
          0.73075,
          -0.322753,
          0.601527,
          2.189062
        ],
        [
          -0.682631,
          -0.339943,
          0.646879,
          5.265695
        ],
        [
          -0.004297,
          -0.883328,
          -0.468735,
          1.555496
        ],
        [
          0.0,
          0.0,
          0.0,
          1.0
        ]
      ]
    },
    {
      "file_path": "/media/NFS/ttao/scannet/posed_images/scene0678_00/00130.jpg",
      "transform_matrix": [
        [
          0.654532,
          -0.378734,
          0.65433,
          2.20985
        ],
        [
          -0.756034,
          -0.327215,
          0.566872,
          5.249688
        ],
        [
          -0.000587,
          -0.865731,
          -0.500509,
          1.540231
        ],
        [
          0.0,
          0.0,
          0.0,
          1.0
        ]
      ]
    },
    {
      "file_path": "/media/NFS/ttao/scannet/posed_images/scene0678_00/00140.jpg",
      "transform_matrix": [
        [
          0.566236,
          -0.418426,
          0.710138,
          2.231921
        ],
        [
          -0.824241,
          -0.289553,
          0.486608,
          5.23367
        ],
        [
          0.002013,
          -0.860859,
          -0.508839,
          1.534687
        ],
        [
          0.0,
          0.0,
          0.0,
          1.0
        ]
      ]
    },
    {
      "file_path": "/media/NFS/ttao/scannet/posed_images/scene0678_00/00152.jpg",
      "transform_matrix": [
        [
          0.456809,
          -0.426012,
          0.780922,
          2.264528
        ],
        [
          -0.889558,
          -0.222162,
          0.399162,
          5.215306
        ],
        [
          0.003443,
          -0.877017,
          -0.480448,
          1.544216
        ],
        [
          0.0,
          0.0,
          0.0,
          1.0
        ]
      ]
    },
    {
      "file_path": "/media/NFS/ttao/scannet/posed_images/scene0678_00/00157.jpg",
      "transform_matrix": [
        [
          0.412237,
          -0.417095,
          0.809995,
          2.27867
        ],
        [
          -0.911007,
          -0.199745,
          0.360789,
          5.211461
        ],
        [
          0.011309,
          -0.886642,
          -0.462319,
          1.554133
        ],
        [
          0.0,
          0.0,
          0.0,
          1.0
        ]
      ]
    },
    {
      "file_path": "/media/NFS/ttao/scannet/posed_images/scene0678_00/00167.jpg",
      "transform_matrix": [
        [
          0.318407,
          -0.397235,
          0.86071,
          2.311691
        ],
        [
          -0.947609,
          -0.157887,
          0.277687,
          5.2061
        ],
        [
          0.025588,
          -0.904033,
          -0.426696,
          1.586253
        ],
        [
          0.0,
          0.0,
          0.0,
          1.0
        ]
      ]
    },
    {
      "file_path": "/media/NFS/ttao/scannet/posed_images/scene0678_00/00176.jpg",
      "transform_matrix": [
        [
          0.237515,
          -0.371571,
          0.897509,
          2.334539
        ],
        [
          -0.970719,
          -0.124968,
          0.205152,
          5.20557
        ],
        [
          0.035932,
          -0.919955,
          -0.390373,
          1.593749
        ],
        [
          0.0,
          0.0,
          0.0,
          1.0
        ]
      ]
    },
    {
      "file_path": "/media/NFS/ttao/scannet/posed_images/scene0678_00/00181.jpg",
      "transform_matrix": [
        [
          0.186877,
          -0.362662,
          0.912992,
          2.354288
        ],
        [
          -0.980365,
          -0.128398,
          0.149664,
          5.206159
        ],
        [
          0.062948,
          -0.923033,
          -0.379535,
          1.611935
        ],
        [
          0.0,
          0.0,
          0.0,
          1.0
        ]
      ]
    },
    {
      "file_path": "/media/NFS/ttao/scannet/posed_images/scene0678_00/00186.jpg",
      "transform_matrix": [
        [
          0.118173,
          -0.332236,
          0.935764,
          2.375193
        ],
        [
          -0.989869,
          -0.114108,
          0.084493,
          5.19771
        ],
        [
          0.078706,
          -0.936269,
          -0.342354,
          1.629677
        ],
        [
          0.0,
          0.0,
          0.0,
          1.0
        ]
      ]
    },
    {
      "file_path": "/media/NFS/ttao/scannet/posed_images/scene0678_00/00201.jpg",
      "transform_matrix": [
        [
          0.052903,
          -0.247579,
          0.967422,
          2.397332
        ],
        [
          -0.996026,
          -0.082589,
          0.033331,
          5.164207
        ],
        [
          0.071647,
          -0.965341,
          -0.250964,
          1.664242
        ],
        [
          0.0,
          0.0,
          0.0,
          1.0
        ]
      ]
    },
    {
      "file_path": "/media/NFS/ttao/scannet/posed_images/scene0678_00/00206.jpg",
      "transform_matrix": [
        [
          0.064219,
          -0.21707,
          0.974042,
          2.392614
        ],
        [
          -0.995524,
          -0.081758,
          0.047415,
          5.162832
        ],
        [
          0.069344,
          -0.972726,
          -0.221349,
          1.672984
        ],
        [
          0.0,
          0.0,
          0.0,
          1.0
        ]
      ]
    },
    {
      "file_path": "/media/NFS/ttao/scannet/posed_images/scene0678_00/00216.jpg",
      "transform_matrix": [
        [
          0.128462,
          -0.177669,
          0.97567,
          2.378627
        ],
        [
          -0.989758,
          -0.084731,
          0.114887,
          5.181725
        ],
        [
          0.062257,
          -0.980436,
          -0.186734,
          1.699385
        ],
        [
          0.0,
          0.0,
          0.0,
          1.0
        ]
      ]
    },
    {
      "file_path": "/media/NFS/ttao/scannet/posed_images/scene0678_00/00223.jpg",
      "transform_matrix": [
        [
          0.185545,
          -0.16799,
          0.96817,
          2.363446
        ],
        [
          -0.980156,
          -0.101597,
          0.170213,
          5.20305
        ],
        [
          0.069769,
          -0.980539,
          -0.183507,
          1.70207
        ],
        [
          0.0,
          0.0,
          0.0,
          1.0
        ]
      ]
    },
    {
      "file_path": "/media/NFS/ttao/scannet/posed_images/scene0678_00/00230.jpg",
      "transform_matrix": [
        [
          0.271037,
          -0.162022,
          0.948835,
          2.341109
        ],
        [
          -0.960366,
          -0.112164,
          0.255178,
          5.22374
        ],
        [
          0.065081,
          -0.980392,
          -0.186001,
          1.700433
        ],
        [
          0.0,
          0.0,
          0.0,
          1.0
        ]
      ]
    },
    {
      "file_path": "/media/NFS/ttao/scannet/posed_images/scene0678_00/00238.jpg",
      "transform_matrix": [
        [
          0.373349,
          -0.153915,
          0.914834,
          2.307964
        ],
        [
          -0.925579,
          -0.128311,
          0.356146,
          5.262774
        ],
        [
          0.062567,
          -0.979717,
          -0.190366,
          1.708265
        ],
        [
          0.0,
          0.0,
          0.0,
          1.0
        ]
      ]
    },
    {
      "file_path": "/media/NFS/ttao/scannet/posed_images/scene0678_00/00250.jpg",
      "transform_matrix": [
        [
          0.5152,
          -0.147868,
          0.844218,
          2.25645
        ],
        [
          -0.855274,
          -0.152434,
          0.495248,
          5.307483
        ],
        [
          0.055457,
          -0.977189,
          -0.205002,
          1.703218
        ],
        [
          0.0,
          0.0,
          0.0,
          1.0
        ]
      ]
    },
    {
      "file_path": "/media/NFS/ttao/scannet/posed_images/scene0678_00/00255.jpg",
      "transform_matrix": [
        [
          0.56884,
          -0.146632,
          0.809272,
          2.230751
        ],
        [
          -0.820466,
          -0.169446,
          0.546006,
          5.3276
        ],
        [
          0.057066,
          -0.97457,
          -0.216694,
          1.700153
        ],
        [
          0.0,
          0.0,
          0.0,
          1.0
        ]
      ]
    },
    {
      "file_path": "/media/NFS/ttao/scannet/posed_images/scene0678_00/00260.jpg",
      "transform_matrix": [
        [
          0.619677,
          -0.143462,
          0.771634,
          2.204599
        ],
        [
          -0.783056,
          -0.179581,
          0.595462,
          5.347439
        ],
        [
          0.053144,
          -0.973226,
          -0.223621,
          1.70382
        ],
        [
          0.0,
          0.0,
          0.0,
          1.0
        ]
      ]
    },
    {
      "file_path": "/media/NFS/ttao/scannet/posed_images/scene0678_00/00267.jpg",
      "transform_matrix": [
        [
          0.691837,
          -0.135732,
          0.709181,
          2.166523
        ],
        [
          -0.720141,
          -0.201144,
          0.664032,
          5.369741
        ],
        [
          0.052517,
          -0.970112,
          -0.236905,
          1.700238
        ],
        [
          0.0,
          0.0,
          0.0,
          1.0
        ]
      ]
    },
    {
      "file_path": "/media/NFS/ttao/scannet/posed_images/scene0678_00/00277.jpg",
      "transform_matrix": [
        [
          0.792586,
          -0.110644,
          0.599638,
          2.101192
        ],
        [
          -0.607303,
          -0.231436,
          0.760013,
          5.404616
        ],
        [
          0.054687,
          -0.966538,
          -0.250627,
          1.692568
        ],
        [
          0.0,
          0.0,
          0.0,
          1.0
        ]
      ]
    },
    {
      "file_path": "/media/NFS/ttao/scannet/posed_images/scene0678_00/00289.jpg",
      "transform_matrix": [
        [
          0.861966,
          -0.09225,
          0.498502,
          2.041195
        ],
        [
          -0.503867,
          -0.264438,
          0.822308,
          5.435564
        ],
        [
          0.055965,
          -0.959981,
          -0.274418,
          1.683947
        ],
        [
          0.0,
          0.0,
          0.0,
          1.0
        ]
      ]
    },
    {
      "file_path": "/media/NFS/ttao/scannet/posed_images/scene0678_00/00291.jpg",
      "transform_matrix": [
        [
          0.869099,
          -0.089279,
          0.486515,
          2.033344
        ],
        [
          -0.491356,
          -0.268961,
          0.82839,
          5.439679
        ],
        [
          0.056895,
          -0.959004,
          -0.277621,
          1.682336
        ],
        [
          0.0,
          0.0,
          0.0,
          1.0
        ]
      ]
    },
    {
      "file_path": "/media/NFS/ttao/scannet/posed_images/scene0678_00/00306.jpg",
      "transform_matrix": [
        [
          0.935142,
          -0.058604,
          0.349393,
          1.971949
        ],
        [
          -0.348019,
          -0.336462,
          0.875029,
          5.490282
        ],
        [
          0.066278,
          -0.939872,
          -0.335035,
          1.65622
        ],
        [
          0.0,
          0.0,
          0.0,
          1.0
        ]
      ]
    },
    {
      "file_path": "/media/NFS/ttao/scannet/posed_images/scene0678_00/00309.jpg",
      "transform_matrix": [
        [
          0.945768,
          -0.052878,
          0.32051,
          1.958728
        ],
        [
          -0.318291,
          -0.348011,
          0.881804,
          5.502181
        ],
        [
          0.064913,
          -0.935998,
          -0.345968,
          1.651018
        ],
        [
          0.0,
          0.0,
          0.0,
          1.0
        ]
      ]
    },
    {
      "file_path": "/media/NFS/ttao/scannet/posed_images/scene0678_00/00316.jpg",
      "transform_matrix": [
        [
          0.967487,
          -0.036611,
          0.250259,
          1.914883
        ],
        [
          -0.245577,
          -0.372723,
          0.894857,
          5.53533
        ],
        [
          0.060515,
          -0.92722,
          -0.369595,
          1.637161
        ],
        [
          0.0,
          0.0,
          0.0,
          1.0
        ]
      ]
    },
    {
      "file_path": "/media/NFS/ttao/scannet/posed_images/scene0678_00/00326.jpg",
      "transform_matrix": [
        [
          0.98554,
          -0.017559,
          0.168533,
          1.854674
        ],
        [
          -0.160608,
          -0.413814,
          0.896082,
          5.584681
        ],
        [
          0.054007,
          -0.910192,
          -0.41065,
          1.625377
        ],
        [
          0.0,
          0.0,
          0.0,
          1.0
        ]
      ]
    },
    {
      "file_path": "/media/NFS/ttao/scannet/posed_images/scene0678_00/00338.jpg",
      "transform_matrix": [
        [
          0.99867,
          0.026698,
          0.044113,
          1.799249
        ],
        [
          -0.028729,
          -0.422336,
          0.905984,
          5.660682
        ],
        [
          0.042819,
          -0.906046,
          -0.421007,
          1.62454
        ],
        [
          0.0,
          0.0,
          0.0,
          1.0
        ]
      ]
    },
    {
      "file_path": "/media/NFS/ttao/scannet/posed_images/scene0678_00/00345.jpg",
      "transform_matrix": [
        [
          0.999935,
          0.009443,
          -0.00643,
          1.773009
        ],
        [
          0.009688,
          -0.402578,
          0.915334,
          5.77178
        ],
        [
          0.006055,
          -0.915337,
          -0.402643,
          1.626637
        ],
        [
          0.0,
          0.0,
          0.0,
          1.0
        ]
      ]
    },
    {
      "file_path": "/media/NFS/ttao/scannet/posed_images/scene0678_00/00350.jpg",
      "transform_matrix": [
        [
          0.999784,
          -0.01857,
          -0.009321,
          1.755473
        ],
        [
          0.001529,
          -0.381628,
          0.924315,
          5.835697
        ],
        [
          -0.020721,
          -0.924129,
          -0.381517,
          1.621728
        ],
        [
          0.0,
          0.0,
          0.0,
          1.0
        ]
      ]
    },
    {
      "file_path": "/media/NFS/ttao/scannet/posed_images/scene0678_00/00360.jpg",
      "transform_matrix": [
        [
          0.996432,
          -0.009446,
          0.083864,
          1.707213
        ],
        [
          -0.08081,
          -0.393336,
          0.915837,
          5.987197
        ],
        [
          0.024336,
          -0.919346,
          -0.392696,
          1.614848
        ],
        [
          0.0,
          0.0,
          0.0,
          1.0
        ]
      ]
    },
    {
      "file_path": "/media/NFS/ttao/scannet/posed_images/scene0678_00/00365.jpg",
      "transform_matrix": [
        [
          0.986354,
          -0.057183,
          0.154388,
          1.667311
        ],
        [
          -0.164471,
          -0.384469,
          0.908368,
          6.086786
        ],
        [
          0.007414,
          -0.921365,
          -0.388628,
          1.605437
        ],
        [
          0.0,
          0.0,
          0.0,
          1.0
        ]
      ]
    },
    {
      "file_path": "/media/NFS/ttao/scannet/posed_images/scene0678_00/00375.jpg",
      "transform_matrix": [
        [
          0.961664,
          -0.132309,
          0.240201,
          1.621886
        ],
        [
          -0.273898,
          -0.420323,
          0.865048,
          6.220018
        ],
        [
          -0.013492,
          -0.897677,
          -0.440448,
          1.601515
        ],
        [
          0.0,
          0.0,
          0.0,
          1.0
        ]
      ]
    },
    {
      "file_path": "/media/NFS/ttao/scannet/posed_images/scene0678_00/00384.jpg",
      "transform_matrix": [
        [
          0.93889,
          -0.187334,
          0.288776,
          1.659572
        ],
        [
          -0.34273,
          -0.430868,
          0.834799,
          6.348142
        ],
        [
          -0.031962,
          -0.882756,
          -0.468743,
          1.595839
        ],
        [
          0.0,
          0.0,
          0.0,
          1.0
        ]
      ]
    },
    {
      "file_path": "/media/NFS/ttao/scannet/posed_images/scene0678_00/00392.jpg",
      "transform_matrix": [
        [
          0.933391,
          -0.217955,
          0.285092,
          1.731812
        ],
        [
          -0.352863,
          -0.412771,
          0.839707,
          6.46209
        ],
        [
          -0.065341,
          -0.884373,
          -0.462184,
          1.597981
        ],
        [
          0.0,
          0.0,
          0.0,
          1.0
        ]
      ]
    },
    {
      "file_path": "/media/NFS/ttao/scannet/posed_images/scene0678_00/00402.jpg",
      "transform_matrix": [
        [
          0.93682,
          -0.196621,
          0.289324,
          1.789452
        ],
        [
          -0.346789,
          -0.413521,
          0.841865,
          6.598502
        ],
        [
          -0.045887,
          -0.889011,
          -0.455581,
          1.607128
        ],
        [
          0.0,
          0.0,
          0.0,
          1.0
        ]
      ]
    },
    {
      "file_path": "/media/NFS/ttao/scannet/posed_images/scene0678_00/00407.jpg",
      "transform_matrix": [
        [
          0.929657,
          -0.203634,
          0.307038,
          1.817267
        ],
        [
          -0.366894,
          -0.435734,
          0.821903,
          6.681339
        ],
        [
          -0.03358,
          -0.876738,
          -0.479795,
          1.591322
        ],
        [
          0.0,
          0.0,
          0.0,
          1.0
        ]
      ]
    },
    {
      "file_path": "/media/NFS/ttao/scannet/posed_images/scene0678_00/00416.jpg",
      "transform_matrix": [
        [
          0.887977,
          -0.221321,
          0.403131,
          1.860808
        ],
        [
          -0.459233,
          -0.379938,
          0.802965,
          6.886086
        ],
        [
          -0.024549,
          -0.898145,
          -0.439014,
          1.595953
        ],
        [
          0.0,
          0.0,
          0.0,
          1.0
        ]
      ]
    },
    {
      "file_path": "/media/NFS/ttao/scannet/posed_images/scene0678_00/00424.jpg",
      "transform_matrix": [
        [
          0.838555,
          -0.285789,
          0.463844,
          1.918301
        ],
        [
          -0.543153,
          -0.372031,
          0.752713,
          7.03606
        ],
        [
          -0.042553,
          -0.88313,
          -0.467195,
          1.609278
        ],
        [
          0.0,
          0.0,
          0.0,
          1.0
        ]
      ]
    },
    {
      "file_path": "/media/NFS/ttao/scannet/posed_images/scene0678_00/00433.jpg",
      "transform_matrix": [
        [
          0.798237,
          -0.304514,
          0.519701,
          1.986669
        ],
        [
          -0.601394,
          -0.354496,
          0.716001,
          7.165523
        ],
        [
          -0.0338,
          -0.884084,
          -0.466104,
          1.622151
        ],
        [
          0.0,
          0.0,
          0.0,
          1.0
        ]
      ]
    },
    {
      "file_path": "/media/NFS/ttao/scannet/posed_images/scene0678_00/00446.jpg",
      "transform_matrix": [
        [
          0.858082,
          -0.285933,
          0.426542,
          2.092707
        ],
        [
          -0.506556,
          -0.335062,
          0.79444,
          7.362469
        ],
        [
          -0.084239,
          -0.897762,
          -0.432352,
          1.635702
        ],
        [
          0.0,
          0.0,
          0.0,
          1.0
        ]
      ]
    },
    {
      "file_path": "/media/NFS/ttao/scannet/posed_images/scene0678_00/00453.jpg",
      "transform_matrix": [
        [
          0.876085,
          -0.261149,
          0.405311,
          2.124129
        ],
        [
          -0.476457,
          -0.340026,
          0.810784,
          7.454011
        ],
        [
          -0.073919,
          -0.903429,
          -0.422318,
          1.61115
        ],
        [
          0.0,
          0.0,
          0.0,
          1.0
        ]
      ]
    },
    {
      "file_path": "/media/NFS/ttao/scannet/posed_images/scene0678_00/00456.jpg",
      "transform_matrix": [
        [
          0.880823,
          -0.252629,
          0.400411,
          2.144522
        ],
        [
          -0.468982,
          -0.349718,
          0.81102,
          7.499182
        ],
        [
          -0.064856,
          -0.902151,
          -0.426518,
          1.60666
        ],
        [
          0.0,
          0.0,
          0.0,
          1.0
        ]
      ]
    },
    {
      "file_path": "/media/NFS/ttao/scannet/posed_images/scene0678_00/00470.jpg",
      "transform_matrix": [
        [
          0.883454,
          -0.213235,
          0.41718,
          2.191437
        ],
        [
          -0.468296,
          -0.374537,
          0.800263,
          7.770488
        ],
        [
          -0.014395,
          -0.902359,
          -0.430744,
          1.619792
        ],
        [
          0.0,
          0.0,
          0.0,
          1.0
        ]
      ]
    },
    {
      "file_path": "/media/NFS/ttao/scannet/posed_images/scene0678_00/00475.jpg",
      "transform_matrix": [
        [
          0.880363,
          -0.205312,
          0.427561,
          2.211102
        ],
        [
          -0.474281,
          -0.372869,
          0.797512,
          7.838148
        ],
        [
          -0.004315,
          -0.904884,
          -0.425636,
          1.625742
        ],
        [
          0.0,
          0.0,
          0.0,
          1.0
        ]
      ]
    },
    {
      "file_path": "/media/NFS/ttao/scannet/posed_images/scene0678_00/00480.jpg",
      "transform_matrix": [
        [
          0.885633,
          -0.174556,
          0.430331,
          2.228944
        ],
        [
          -0.464086,
          -0.365983,
          0.806648,
          7.908025
        ],
        [
          0.016688,
          -0.914104,
          -0.405136,
          1.625822
        ],
        [
          0.0,
          0.0,
          0.0,
          1.0
        ]
      ]
    },
    {
      "file_path": "/media/NFS/ttao/scannet/posed_images/scene0678_00/00492.jpg",
      "transform_matrix": [
        [
          0.911793,
          -0.145779,
          0.383903,
          2.315036
        ],
        [
          -0.410636,
          -0.315954,
          0.855308,
          8.124356
        ],
        [
          -0.00339,
          -0.937508,
          -0.347947,
          1.630255
        ],
        [
          0.0,
          0.0,
          0.0,
          1.0
        ]
      ]
    },
    {
      "file_path": "/media/NFS/ttao/scannet/posed_images/scene0678_00/00502.jpg",
      "transform_matrix": [
        [
          0.953346,
          -0.103721,
          0.283503,
          2.377697
        ],
        [
          -0.301841,
          -0.342742,
          0.889618,
          8.263244
        ],
        [
          0.004896,
          -0.933686,
          -0.358059,
          1.597923
        ],
        [
          0.0,
          0.0,
          0.0,
          1.0
        ]
      ]
    },
    {
      "file_path": "/media/NFS/ttao/scannet/posed_images/scene0678_00/00507.jpg",
      "transform_matrix": [
        [
          0.951682,
          -0.116316,
          0.284206,
          2.395693
        ],
        [
          -0.307085,
          -0.357407,
          0.88202,
          8.340227
        ],
        [
          -0.001016,
          -0.926678,
          -0.375856,
          1.603521
        ],
        [
          0.0,
          0.0,
          0.0,
          1.0
        ]
      ]
    },
    {
      "file_path": "/media/NFS/ttao/scannet/posed_images/scene0678_00/00514.jpg",
      "transform_matrix": [
        [
          0.932257,
          -0.139893,
          0.333657,
          2.417761
        ],
        [
          -0.361695,
          -0.338465,
          0.868688,
          8.463093
        ],
        [
          -0.008592,
          -0.930522,
          -0.366135,
          1.604975
        ],
        [
          0.0,
          0.0,
          0.0,
          1.0
        ]
      ]
    },
    {
      "file_path": "/media/NFS/ttao/scannet/posed_images/scene0678_00/00524.jpg",
      "transform_matrix": [
        [
          0.907964,
          -0.159151,
          0.38765,
          2.408374
        ],
        [
          -0.418703,
          -0.307001,
          0.854657,
          8.664472
        ],
        [
          -0.017011,
          -0.938308,
          -0.345382,
          1.617483
        ],
        [
          0.0,
          0.0,
          0.0,
          1.0
        ]
      ]
    },
    {
      "file_path": "/media/NFS/ttao/scannet/posed_images/scene0678_00/00534.jpg",
      "transform_matrix": [
        [
          0.862869,
          -0.16119,
          0.479035,
          2.455016
        ],
        [
          -0.505035,
          -0.312305,
          0.804615,
          8.810422
        ],
        [
          0.019909,
          -0.936207,
          -0.350885,
          1.607164
        ],
        [
          0.0,
          0.0,
          0.0,
          1.0
        ]
      ]
    },
    {
      "file_path": "/media/NFS/ttao/scannet/posed_images/scene0678_00/00541.jpg",
      "transform_matrix": [
        [
          0.836263,
          -0.183002,
          0.51689,
          2.538484
        ],
        [
          -0.548329,
          -0.278322,
          0.788589,
          8.930282
        ],
        [
          -0.000452,
          -0.942893,
          -0.333095,
          1.616155
        ],
        [
          0.0,
          0.0,
          0.0,
          1.0
        ]
      ]
    },
    {
      "file_path": "/media/NFS/ttao/scannet/posed_images/scene0678_00/00551.jpg",
      "transform_matrix": [
        [
          0.826535,
          -0.17415,
          0.535268,
          2.631043
        ],
        [
          -0.562885,
          -0.254438,
          0.786398,
          9.092932
        ],
        [
          -0.000758,
          -0.95128,
          -0.308328,
          1.635032
        ],
        [
          0.0,
          0.0,
          0.0,
          1.0
        ]
      ]
    },
    {
      "file_path": "/media/NFS/ttao/scannet/posed_images/scene0678_00/00558.jpg",
      "transform_matrix": [
        [
          0.805323,
          -0.17683,
          0.565851,
          2.680781
        ],
        [
          -0.592837,
          -0.241183,
          0.768359,
          9.199419
        ],
        [
          0.000605,
          -0.954234,
          -0.299061,
          1.6391
        ],
        [
          0.0,
          0.0,
          0.0,
          1.0
        ]
      ]
    },
    {
      "file_path": "/media/NFS/ttao/scannet/posed_images/scene0678_00/00563.jpg",
      "transform_matrix": [
        [
          0.789798,
          -0.187416,
          0.584033,
          2.704183
        ],
        [
          -0.613285,
          -0.225708,
          0.756926,
          9.305623
        ],
        [
          -0.010039,
          -0.955997,
          -0.293203,
          1.652335
        ],
        [
          0.0,
          0.0,
          0.0,
          1.0
        ]
      ]
    },
    {
      "file_path": "/media/NFS/ttao/scannet/posed_images/scene0678_00/00576.jpg",
      "transform_matrix": [
        [
          0.697543,
          -0.225913,
          0.679998,
          2.847255
        ],
        [
          -0.716542,
          -0.221899,
          0.661308,
          9.498039
        ],
        [
          0.001493,
          -0.948538,
          -0.31666,
          1.645621
        ],
        [
          0.0,
          0.0,
          0.0,
          1.0
        ]
      ]
    },
    {
      "file_path": "/media/NFS/ttao/scannet/posed_images/scene0678_00/00578.jpg",
      "transform_matrix": [
        [
          0.684069,
          -0.229023,
          0.692531,
          2.878203
        ],
        [
          -0.729417,
          -0.216402,
          0.648939,
          9.516161
        ],
        [
          0.001243,
          -0.949062,
          -0.315087,
          1.640196
        ],
        [
          0.0,
          0.0,
          0.0,
          1.0
        ]
      ]
    },
    {
      "file_path": "/media/NFS/ttao/scannet/posed_images/scene0678_00/00585.jpg",
      "transform_matrix": [
        [
          0.647878,
          -0.248542,
          0.720056,
          2.98156
        ],
        [
          -0.761586,
          -0.230608,
          0.605646,
          9.606422
        ],
        [
          0.015523,
          -0.940769,
          -0.338692,
          1.633002
        ],
        [
          0.0,
          0.0,
          0.0,
          1.0
        ]
      ]
    },
    {
      "file_path": "/media/NFS/ttao/scannet/posed_images/scene0678_00/00600.jpg",
      "transform_matrix": [
        [
          0.537723,
          -0.327572,
          0.776886,
          3.147703
        ],
        [
          -0.842138,
          -0.253183,
          0.476133,
          9.769337
        ],
        [
          0.040727,
          -0.910272,
          -0.412002,
          1.5944
        ],
        [
          0.0,
          0.0,
          0.0,
          1.0
        ]
      ]
    },
    {
      "file_path": "/media/NFS/ttao/scannet/posed_images/scene0678_00/00605.jpg",
      "transform_matrix": [
        [
          0.486278,
          -0.346436,
          0.802194,
          3.204571
        ],
        [
          -0.873197,
          -0.226882,
          0.431338,
          9.837748
        ],
        [
          0.032573,
          -0.910223,
          -0.412835,
          1.585251
        ],
        [
          0.0,
          0.0,
          0.0,
          1.0
        ]
      ]
    },
    {
      "file_path": "/media/NFS/ttao/scannet/posed_images/scene0678_00/00617.jpg",
      "transform_matrix": [
        [
          0.331724,
          -0.411754,
          0.848774,
          3.330057
        ],
        [
          -0.943339,
          -0.152843,
          0.294536,
          10.025432
        ],
        [
          0.008452,
          -0.898386,
          -0.439125,
          1.577211
        ],
        [
          0.0,
          0.0,
          0.0,
          1.0
        ]
      ]
    },
    {
      "file_path": "/media/NFS/ttao/scannet/posed_images/scene0678_00/00624.jpg",
      "transform_matrix": [
        [
          0.249041,
          -0.438153,
          0.863713,
          3.409126
        ],
        [
          -0.96847,
          -0.118864,
          0.218947,
          10.109875
        ],
        [
          0.006732,
          -0.891007,
          -0.45394,
          1.574579
        ],
        [
          0.0,
          0.0,
          0.0,
          1.0
        ]
      ]
    },
    {
      "file_path": "/media/NFS/ttao/scannet/posed_images/scene0678_00/00627.jpg",
      "transform_matrix": [
        [
          0.22614,
          -0.447423,
          0.865259,
          3.4475
        ],
        [
          -0.974048,
          -0.112538,
          0.19638,
          10.143381
        ],
        [
          0.00951,
          -0.887214,
          -0.461261,
