{
  "frames": [
    {
      "file_path": "/media/NFS/ttao/scannet/posed_images/scene0501_01/00002.jpg",
      "transform_matrix": [
        [
          -0.780958,
          -0.399236,
          0.480329,
          1.928064
        ],
        [
          -0.624565,
          0.493105,
          -0.605613,
          2.378697
        ],
        [
          0.00493,
          -0.772954,
          -0.634443,
          1.511284
        ],
        [
          0.0,
          0.0,
          0.0,
          1.0
        ]
      ]
    },
    {
      "file_path": "/media/NFS/ttao/scannet/posed_images/scene0501_01/00012.jpg",
      "transform_matrix": [
        [
          -0.768563,
          -0.422917,
          0.480054,
          1.945015
        ],
        [
          -0.639665,
          0.49408,
          -0.588825,
          2.375131
        ],
        [
          0.011839,
          -0.759622,
          -0.650257,
          1.512752
        ],
        [
          0.0,
          0.0,
          0.0,
          1.0
        ]
      ]
    },
    {
      "file_path": "/media/NFS/ttao/scannet/posed_images/scene0501_01/00015.jpg",
      "transform_matrix": [
        [
          -0.768277,
          -0.427394,
          0.476535,
          1.956216
        ],
        [
          -0.63987,
          0.492065,
          -0.590287,
          2.37289
        ],
        [
          0.017799,
          -0.758424,
          -0.651519,
          1.511433
        ],
        [
          0.0,
          0.0,
          0.0,
          1.0
        ]
      ]
    },
    {
      "file_path": "/media/NFS/ttao/scannet/posed_images/scene0501_01/00022.jpg",
      "transform_matrix": [
        [
          -0.769376,
          -0.433766,
          0.468944,
          1.995212
        ],
        [
          -0.638265,
          0.492037,
          -0.592046,
          2.361479
        ],
        [
          0.026072,
          -0.754816,
          -0.655418,
          1.507436
        ],
        [
          0.0,
          0.0,
          0.0,
          1.0
        ]
      ]
    },
    {
      "file_path": "/media/NFS/ttao/scannet/posed_images/scene0501_01/00032.jpg",
      "transform_matrix": [
        [
          -0.765117,
          -0.463052,
          0.447413,
          2.088441
        ],
        [
          -0.642744,
          0.507795,
          -0.573607,
          2.337925
        ],
        [
          0.038416,
          -0.726449,
          -0.686146,
          1.489688
        ],
        [
          0.0,
          0.0,
          0.0,
          1.0
        ]
      ]
    },
    {
      "file_path": "/media/NFS/ttao/scannet/posed_images/scene0501_01/00044.jpg",
      "transform_matrix": [
        [
          -0.718515,
          -0.538136,
          0.44062,
          2.210585
        ],
        [
          -0.693481,
          0.505934,
          -0.512948,
          2.33041
        ],
        [
          0.053111,
          -0.674122,
          -0.736708,
          1.463673
        ],
        [
          0.0,
          0.0,
          0.0,
          1.0
        ]
      ]
    },
    {
      "file_path": "/media/NFS/ttao/scannet/posed_images/scene0501_01/00054.jpg",
      "transform_matrix": [
        [
          -0.627415,
          -0.638185,
          0.446172,
          2.279005
        ],
        [
          -0.776968,
          0.475047,
          -0.413099,
          2.337251
        ],
        [
          0.051681,
          -0.605846,
          -0.793901,
          1.433107
        ],
        [
          0.0,
          0.0,
          0.0,
          1.0
        ]
      ]
    },
    {
      "file_path": "/media/NFS/ttao/scannet/posed_images/scene0501_01/00062.jpg",
      "transform_matrix": [
        [
          -0.526956,
          -0.719896,
          0.451738,
          2.303343
        ],
        [
          -0.847858,
          0.408527,
          -0.337998,
          2.341903
        ],
        [
          0.058776,
          -0.56112,
          -0.825645,
          1.415835
        ],
        [
          0.0,
          0.0,
          0.0,
          1.0
        ]
      ]
    },
    {
      "file_path": "/media/NFS/ttao/scannet/posed_images/scene0501_01/00064.jpg",
      "transform_matrix": [
        [
          -0.501158,
          -0.734839,
          0.457004,
          2.302338
        ],
        [
          -0.863438,
          0.389483,
          -0.32059,
          2.341166
        ],
        [
          0.057587,
          -0.555261,
          -0.82968,
          1.412322
        ],
        [
          0.0,
          0.0,
          0.0,
          1.0
        ]
      ]
    },
    {
      "file_path": "/media/NFS/ttao/scannet/posed_images/scene0501_01/00071.jpg",
      "transform_matrix": [
        [
          -0.383103,
          -0.793374,
          0.473064,
          2.294097
        ],
        [
          -0.921534,
          0.293179,
          -0.254599,
          2.334883
        ],
        [
          0.0633,
          -0.533482,
          -0.843439,
          1.406591
        ],
        [
          0.0,
          0.0,
          0.0,
          1.0
        ]
      ]
    },
    {
      "file_path": "/media/NFS/ttao/scannet/posed_images/scene0501_01/00081.jpg",
      "transform_matrix": [
        [
          -0.184257,
          -0.842319,
          0.506505,
          2.244627
        ],
        [
          -0.980992,
          0.125691,
          -0.147841,
          2.331163
        ],
        [
          0.060866,
          -0.524118,
          -0.849468,
          1.395202
        ],
        [
          0.0,
          0.0,
          0.0,
          1.0
        ]
      ]
    },
    {
      "file_path": "/media/NFS/ttao/scannet/posed_images/scene0501_01/00089.jpg",
      "transform_matrix": [
        [
          -0.072519,
          -0.855258,
          0.513103,
          2.202467
        ],
        [
          -0.996257,
          0.037848,
          -0.077717,
          2.327925
        ],
        [
          0.047048,
          -0.516818,
          -0.854801,
          1.393402
        ],
        [
          0.0,
          0.0,
          0.0,
          1.0
        ]
      ]
    },
    {
      "file_path": "/media/NFS/ttao/scannet/posed_images/scene0501_01/00103.jpg",
      "transform_matrix": [
        [
          0.040013,
          -0.872683,
          0.486646,
          2.156
        ],
        [
          -0.998479,
          -0.053416,
          -0.013691,
          2.336051
        ],
        [
          0.037943,
          -0.485357,
          -0.873492,
          1.383838
        ],
        [
          0.0,
          0.0,
          0.0,
          1.0
        ]
      ]
    },
    {
      "file_path": "/media/NFS/ttao/scannet/posed_images/scene0501_01/00106.jpg",
      "transform_matrix": [
        [
          0.043897,
          -0.860916,
          0.506849,
          2.15711
        ],
        [
          -0.998206,
          -0.058469,
          -0.012861,
          2.340494
        ],
        [
          0.040708,
          -0.505376,
          -0.861939,
          1.392338
        ],
        [
          0.0,
          0.0,
          0.0,
          1.0
        ]
      ]
    },
    {
      "file_path": "/media/NFS/ttao/scannet/posed_images/scene0501_01/00118.jpg",
      "transform_matrix": [
        [
          0.003957,
          -0.79315,
          0.609014,
          2.187349
        ],
        [
          -0.999145,
          -0.028199,
          -0.030234,
          2.364965
        ],
        [
          0.041154,
          -0.608374,
          -0.792583,
          1.440928
        ],
        [
          0.0,
          0.0,
          0.0,
          1.0
        ]
      ]
    },
    {
      "file_path": "/media/NFS/ttao/scannet/posed_images/scene0501_01/00128.jpg",
      "transform_matrix": [
        [
          -0.05494,
          -0.739724,
          0.670664,
          2.209003
        ],
        [
          -0.998191,
          0.024276,
          -0.054994,
          2.401395
        ],
        [
          0.024399,
          -0.672473,
          -0.73972,
          1.46773
        ],
        [
          0.0,
          0.0,
          0.0,
          1.0
        ]
      ]
    },
    {
      "file_path": "/media/NFS/ttao/scannet/posed_images/scene0501_01/00135.jpg",
      "transform_matrix": [
        [
          -0.101292,
          -0.694741,
          0.712091,
          2.231881
        ],
        [
          -0.994657,
          0.056364,
          -0.086494,
          2.427281
        ],
        [
          0.019955,
          -0.717048,
          -0.696738,
          1.499859
        ],
        [
          0.0,
          0.0,
          0.0,
          1.0
        ]
      ]
    },
    {
      "file_path": "/media/NFS/ttao/scannet/posed_images/scene0501_01/00140.jpg",
      "transform_matrix": [
        [
          -0.136894,
          -0.657466,
          0.740944,
          2.240869
        ],
        [
          -0.990503,
          0.081187,
          -0.110961,
          2.44418
        ],
        [
          0.012798,
          -0.749097,
          -0.662337,
          1.51622
        ],
        [
          0.0,
          0.0,
          0.0,
          1.0
        ]
      ]
    },
    {
      "file_path": "/media/NFS/ttao/scannet/posed_images/scene0501_01/00153.jpg",
      "transform_matrix": [
        [
          -0.173989,
          -0.567993,
          0.804432,
          2.251337
        ],
        [
          -0.984694,
          0.108829,
          -0.136136,
          2.484884
        ],
        [
          -0.010221,
          -0.815806,
          -0.578235,
          1.559084
        ],
        [
          0.0,
          0.0,
          0.0,
          1.0
        ]
      ]
    },
    {
      "file_path": "/media/NFS/ttao/scannet/posed_images/scene0501_01/00160.jpg",
      "transform_matrix": [
        [
          -0.173628,
          -0.506815,
          0.844389,
          2.255939
        ],
        [
          -0.984608,
          0.106761,
          -0.138381,
          2.496321
        ],
        [
          -0.020014,
          -0.855419,
          -0.517551,
          1.594488
        ],
        [
          0.0,
          0.0,
          0.0,
          1.0
        ]
      ]
    },
    {
      "file_path": "/media/NFS/ttao/scannet/posed_images/scene0501_01/00163.jpg",
      "transform_matrix": [
        [
          -0.173636,
          -0.475143,
          0.862606,
          2.254855
        ],
        [
          -0.984666,
          0.098704,
          -0.143837,
          2.499705
        ],
        [
          -0.016799,
          -0.874355,
          -0.484996,
          1.607431
        ],
        [
          0.0,
          0.0,
          0.0,
          1.0
        ]
      ]
    },
    {
      "file_path": "/media/NFS/ttao/scannet/posed_images/scene0501_01/00177.jpg",
      "transform_matrix": [
        [
          -0.1563,
          -0.37164,
          0.915125,
          2.25884
        ],
        [
          -0.987282,
          0.086039,
          -0.133683,
          2.511232
        ],
        [
          -0.029054,
          -0.924381,
          -0.380362,
          1.669321
        ],
        [
          0.0,
          0.0,
          0.0,
          1.0
        ]
      ]
    },
    {
      "file_path": "/media/NFS/ttao/scannet/posed_images/scene0501_01/00185.jpg",
      "transform_matrix": [
        [
          -0.150448,
          -0.308442,
          0.93927,
          2.258904
        ],
        [
          -0.988458,
          0.064016,
          -0.137305,
          2.515571
        ],
        [
          -0.017778,
          -0.949087,
          -0.314513,
          1.709244
        ],
        [
          0.0,
          0.0,
          0.0,
          1.0
        ]
      ]
    },
    {
      "file_path": "/media/NFS/ttao/scannet/posed_images/scene0501_01/00192.jpg",
      "transform_matrix": [
        [
          -0.145171,
          -0.250054,
          0.957287,
          2.25369
        ],
        [
          -0.989324,
          0.049213,
          -0.137174,
          2.522168
        ],
        [
          -0.01281,
          -0.96698,
          -0.254529,
          1.741417
        ],
        [
          0.0,
          0.0,
          0.0,
          1.0
        ]
      ]
    },
    {
      "file_path": "/media/NFS/ttao/scannet/posed_images/scene0501_01/00195.jpg",
      "transform_matrix": [
        [
          -0.140994,
          -0.224264,
          0.964275,
          2.250145
        ],
        [
          -0.989881,
          0.047665,
          -0.133652,
          2.52407
        ],
        [
          -0.015988,
          -0.973362,
          -0.228715,
          1.755109
        ],
        [
          0.0,
          0.0,
          0.0,
          1.0
        ]
      ]
    },
    {
      "file_path": "/media/NFS/ttao/scannet/posed_images/scene0501_01/00207.jpg",
      "transform_matrix": [
        [
          -0.143118,
          -0.149697,
          0.978319,
          2.242264
        ],
        [
          -0.989551,
          0.039117,
          -0.138776,
          2.519402
        ],
        [
          -0.017495,
          -0.987958,
          -0.153731,
          1.80191
        ],
        [
          0.0,
          0.0,
          0.0,
          1.0
        ]
      ]
    },
    {
      "file_path": "/media/NFS/ttao/scannet/posed_images/scene0501_01/00212.jpg",
      "transform_matrix": [
        [
          -0.138894,
          -0.11667,
          0.983411,
          2.241132
        ],
        [
          -0.990135,
          0.034879,
          -0.135706,
          2.520453
        ],
        [
          -0.018467,
          -0.992558,
          -0.120364,
          1.819822
        ],
        [
          0.0,
          0.0,
          0.0,
          1.0
        ]
      ]
    },
    {
      "file_path": "/media/NFS/ttao/scannet/posed_images/scene0501_01/00219.jpg",
      "transform_matrix": [
        [
          -0.13606,
          -0.073385,
          0.987979,
          2.237601
        ],
        [
          -0.990486,
          0.030848,
          -0.134114,
          2.522303
        ],
        [
          -0.020635,
          -0.996826,
          -0.076884,
          1.84622
        ],
        [
          0.0,
          0.0,
          0.0,
          1.0
        ]
      ]
    },
    {
      "file_path": "/media/NFS/ttao/scannet/posed_images/scene0501_01/00229.jpg",
      "transform_matrix": [
        [
          -0.142267,
          -0.013006,
          0.989743,
          2.227143
        ],
        [
          -0.98965,
          0.020837,
          -0.14198,
          2.521942
        ],
        [
          -0.018776,
          -0.999698,
          -0.015836,
          1.886138
        ],
        [
          0.0,
          0.0,
          0.0,
          1.0
        ]
      ]
    },
    {
      "file_path": "/media/NFS/ttao/scannet/posed_images/scene0501_01/00239.jpg",
      "transform_matrix": [
        [
          -0.167817,
          0.015779,
          0.985692,
          2.218805
        ],
        [
          -0.9857,
          0.012836,
          -0.168023,
          2.517649
        ],
        [
          -0.015304,
          -0.999793,
          0.0134,
          1.898548
        ],
        [
          0.0,
          0.0,
          0.0,
          1.0
        ]
      ]
    },
    {
      "file_path": "/media/NFS/ttao/scannet/posed_images/scene0501_01/00246.jpg",
      "transform_matrix": [
        [
          -0.181424,
          0.01156,
          0.983337,
          2.217197
        ],
        [
          -0.983297,
          0.012716,
          -0.181566,
          2.515161
        ],
        [
          -0.014603,
          -0.999852,
          0.00906,
          1.893117
        ],
        [
          0.0,
          0.0,
          0.0,
          1.0
        ]
      ]
    },
    {
      "file_path": "/media/NFS/ttao/scannet/posed_images/scene0501_01/00259.jpg",
      "transform_matrix": [
        [
          -0.198223,
          -0.060954,
          0.97826,
          2.237031
        ],
        [
          -0.980139,
          0.006267,
          -0.198213,
          2.508923
        ],
        [
          0.005951,
          -0.998121,
          -0.060986,
          1.852375
        ],
        [
          0.0,
          0.0,
          0.0,
          1.0
        ]
      ]
    },
    {
      "file_path": "/media/NFS/ttao/scannet/posed_images/scene0501_01/00266.jpg",
      "transform_matrix": [
        [
          -0.199791,
          -0.100979,
          0.974621,
          2.244662
        ],
        [
          -0.979821,
          0.01458,
          -0.199346,
          2.507708
        ],
        [
          0.00592,
          -0.994782,
          -0.101855,
          1.829315
        ],
        [
          0.0,
          0.0,
          0.0,
          1.0
        ]
      ]
    },
    {
      "file_path": "/media/NFS/ttao/scannet/posed_images/scene0501_01/00276.jpg",
      "transform_matrix": [
        [
          -0.194261,
          -0.161812,
          0.967512,
          2.248421
        ],
        [
          -0.980947,
          0.034635,
          -0.191166,
          2.504357
        ],
        [
          -0.002577,
          -0.986214,
          -0.165457,
          1.796211
        ],
        [
          0.0,
          0.0,
          0.0,
          1.0
        ]
      ]
    },
    {
      "file_path": "/media/NFS/ttao/scannet/posed_images/scene0501_01/00283.jpg",
      "transform_matrix": [
        [
          -0.201831,
          -0.207942,
          0.957092,
          2.248895
        ],
        [
          -0.979385,
          0.051181,
          -0.195412,
          2.501215
        ],
        [
          -0.00835,
          -0.976801,
          -0.213985,
          1.762539
        ],
        [
          0.0,
          0.0,
          0.0,
          1.0
        ]
      ]
    },
    {
      "file_path": "/media/NFS/ttao/scannet/posed_images/scene0501_01/00286.jpg",
      "transform_matrix": [
        [
          -0.206085,
          -0.230055,
          0.951106,
          2.249774
        ],
        [
          -0.978447,
          0.061411,
          -0.197155,
          2.501673
        ],
        [
          -0.013052,
          -0.971238,
          -0.237753,
          1.748076
        ],
        [
          0.0,
          0.0,
          0.0,
          1.0
        ]
      ]
    },
    {
      "file_path": "/media/NFS/ttao/scannet/posed_images/scene0501_01/00293.jpg",
      "transform_matrix": [
        [
          -0.214852,
          -0.280342,
          0.935546,
          2.254929
        ],
        [
          -0.976531,
          0.076409,
          -0.201368,
          2.499227
        ],
        [
          -0.015032,
          -0.956854,
          -0.29018,
          1.721161
        ],
        [
          0.0,
          0.0,
          0.0,
          1.0
        ]
      ]
    },
    {
      "file_path": "/media/NFS/ttao/scannet/posed_images/scene0501_01/00308.jpg",
      "transform_matrix": [
        [
          -0.22703,
          -0.350262,
          0.908721,
          2.249951
        ],
        [
          -0.972913,
          0.123311,
          -0.195537,
          2.484039
        ],
        [
          -0.043566,
          -0.928499,
          -0.36877,
          1.669199
        ],
        [
          0.0,
          0.0,
          0.0,
          1.0
        ]
      ]
    },
    {
      "file_path": "/media/NFS/ttao/scannet/posed_images/scene0501_01/00310.jpg",
      "transform_matrix": [
        [
          -0.231062,
          -0.365837,
          0.90154,
          2.253468
        ],
        [
          -0.971954,
          0.128482,
          -0.196972,
          2.482401
        ],
        [
          -0.043772,
          -0.921768,
          -0.385264,
          1.666142
        ],
        [
          0.0,
          0.0,
          0.0,
          1.0
        ]
      ]
    },
    {
      "file_path": "/media/NFS/ttao/scannet/posed_images/scene0501_01/00325.jpg",
      "transform_matrix": [
        [
          -0.263796,
          -0.429025,
          0.863915,
          2.256134
        ],
        [
          -0.962898,
          0.169978,
          -0.209608,
          2.469063
        ],
        [
          -0.056919,
          -0.887155,
          -0.457947,
          1.625412
        ],
        [
          0.0,
          0.0,
          0.0,
          1.0
        ]
      ]
    },
    {
      "file_path": "/media/NFS/ttao/scannet/posed_images/scene0501_01/00328.jpg",
      "transform_matrix": [
        [
          -0.272689,
          -0.44081,
          0.855177,
          2.256066
        ],
        [
          -0.96034,
          0.178482,
          -0.214222,
          2.464134
        ],
        [
          -0.058202,
          -0.879677,
          -0.471997,
          1.618095
        ],
        [
          0.0,
          0.0,
          0.0,
          1.0
        ]
      ]
    },
    {
      "file_path": "/media/NFS/ttao/scannet/posed_images/scene0501_01/00335.jpg",
      "transform_matrix": [
        [
          -0.299965,
          -0.46924,
          0.830563,
          2.259373
        ],
        [
          -0.952113,
          0.201277,
          -0.23015,
          2.450897
        ],
        [
          -0.059177,
          -0.859826,
          -0.507146,
          1.605257
        ],
        [
          0.0,
          0.0,
          0.0,
          1.0
        ]
      ]
    },
    {
      "file_path": "/media/NFS/ttao/scannet/posed_images/scene0501_01/00350.jpg",
      "transform_matrix": [
        [
          -0.375875,
          -0.518798,
          0.767833,
          2.269995
        ],
        [
          -0.925275,
          0.255573,
          -0.280266,
          2.40779
        ],
        [
          -0.050836,
          -0.815801,
          -0.576094,
          1.569454
        ],
        [
          0.0,
          0.0,
          0.0,
          1.0
        ]
      ]
    },
    {
      "file_path": "/media/NFS/ttao/scannet/posed_images/scene0501_01/00352.jpg",
      "transform_matrix": [
        [
          -0.381642,
          -0.519772,
          0.764321,
          2.271755
        ],
        [
          -0.922805,
          0.261445,
          -0.282981,
          2.397782
        ],
        [
          -0.052742,
          -0.813316,
          -0.579426,
          1.565657
        ],
        [
          0.0,
          0.0,
          0.0,
          1.0
        ]
      ]
    },
    {
      "file_path": "/media/NFS/ttao/scannet/posed_images/scene0501_01/00360.jpg",
      "transform_matrix": [
        [
          -0.399091,
          -0.532022,
          0.746779,
          2.286619
        ],
        [
          -0.915487,
          0.276585,
          -0.292206,
          2.346654
        ],
        [
          -0.051088,
          -0.800283,
          -0.597442,
          1.553271
        ],
        [
          0.0,
          0.0,
          0.0,
          1.0
        ]
      ]
    },
    {
      "file_path": "/media/NFS/ttao/scannet/posed_images/scene0501_01/00367.jpg",
      "transform_matrix": [
        [
          -0.415469,
          -0.547571,
          0.726327,
          2.300352
        ],
        [
          -0.909024,
          0.278528,
          -0.309995,
          2.281933
        ],
        [
          -0.032558,
          -0.789042,
          -0.613476,
          1.534861
        ],
        [
          0.0,
          0.0,
          0.0,
          1.0
        ]
      ]
    },
    {
      "file_path": "/media/NFS/ttao/scannet/posed_images/scene0501_01/00382.jpg",
      "transform_matrix": [
        [
          -0.477241,
          -0.5789,
          0.661148,
          2.323768
        ],
        [
          -0.878751,
          0.309079,
          -0.363685,
          2.153516
        ],
        [
          0.00619,
          -0.75455,
          -0.656214,
          1.500775
        ],
        [
          0.0,
          0.0,
          0.0,
          1.0
        ]
      ]
    },
    {
      "file_path": "/media/NFS/ttao/scannet/posed_images/scene0501_01/00389.jpg",
      "transform_matrix": [
        [
          -0.49966,
          -0.586578,
          0.63739,
          2.324899
        ],
        [
          -0.866175,
          0.330648,
          -0.374718,
          2.121854
        ],
        [
          0.00905,
          -0.739323,
          -0.67329,
          1.49005
        ],
        [
          0.0,
          0.0,
          0.0,
          1.0
        ]
      ]
    },
    {
      "file_path": "/media/NFS/ttao/scannet/posed_images/scene0501_01/00399.jpg",
      "transform_matrix": [
        [
          -0.544279,
          -0.579519,
          0.606562,
          2.340636
        ],
        [
          -0.838541,
          0.354552,
          -0.413694,
          2.100653
        ],
        [
          0.024686,
          -0.733792,
          -0.678926,
          1.481597
        ],
        [
          0.0,
          0.0,
          0.0,
          1.0
        ]
      ]
    },
    {
      "file_path": "/media/NFS/ttao/scannet/posed_images/scene0501_01/00401.jpg",
      "transform_matrix": [
        [
          -0.558136,
          -0.577578,
          0.595726,
          2.347289
        ],
        [
          -0.829137,
          0.360628,
          -0.427177,
          2.098395
        ],
        [
          0.031892,
          -0.73236,
          -0.68017,
          1.477676
        ],
        [
          0.0,
          0.0,
          0.0,
          1.0
        ]
      ]
    },
    {
      "file_path": "/media/NFS/ttao/scannet/posed_images/scene0501_01/00414.jpg",
      "transform_matrix": [
        [
          -0.665029,
          -0.540994,
          0.514842,
          2.428001
        ],
        [
          -0.745039,
          0.433039,
          -0.507341,
          2.066935
        ],
        [
          0.051522,
          -0.720973,
          -0.691045,
          1.471736
        ],
        [
          0.0,
          0.0,
          0.0,
          1.0
        ]
      ]
    },
    {
      "file_path": "/media/NFS/ttao/scannet/posed_images/scene0501_01/00416.jpg",
      "transform_matrix": [
        [
          -0.683608,
          -0.527041,
          0.504884,
          2.444046
        ],
        [
          -0.728174,
          0.445659,
          -0.520722,
          2.061893
        ],
        [
          0.049436,
          -0.723613,
          -0.688433,
          1.473718
        ],
        [
          0.0,
          0.0,
          0.0,
          1.0
        ]
      ]
    },
    {
      "file_path": "/media/NFS/ttao/scannet/posed_images/scene0501_01/00431.jpg",
      "transform_matrix": [
        [
          -0.809761,
          -0.436506,
          0.39211,
          2.519733
        ],
        [
          -0.58437,
          0.539694,
          -0.606005,
          2.019579
        ],
        [
          0.052905,
          -0.719857,
          -0.692104,
          1.46918
        ],
        [
          0.0,
          0.0,
          0.0,
          1.0
        ]
      ]
    },
    {
      "file_path": "/media/NFS/ttao/scannet/posed_images/scene0501_01/00438.jpg",
      "transform_matrix": [
        [
          -0.827438,
          -0.423026,
          0.369317,
          2.526973
        ],
        [
          -0.558334,
          0.549378,
          -0.621649,
          1.987553
        ],
        [
          0.060079,
          -0.720578,
          -0.690766,
          1.467287
        ],
        [
          0.0,
          0.0,
          0.0,
          1.0
        ]
      ]
    },
    {
      "file_path": "/media/NFS/ttao/scannet/posed_images/scene0501_01/00441.jpg",
      "transform_matrix": [
        [
          -0.835969,
          -0.409703,
          0.365103,
          2.530766
        ],
        [
          -0.546202,
          0.55681,
          -0.6258,
          1.966998
        ],
        [
          0.053099,
          -0.722569,
          -0.689256,
          1.464896
        ],
        [
          0.0,
          0.0,
          0.0,
          1.0
        ]
      ]
    },
    {
      "file_path": "/media/NFS/ttao/scannet/posed_images/scene0501_01/00453.jpg",
      "transform_matrix": [
        [
          -0.834622,
          -0.415646,
          0.361449,
          2.506707
        ],
        [
          -0.546756,
          0.545537,
          -0.635176,
          1.858594
        ],
        [
          0.066825,
          -0.727755,
          -0.682574,
          1.458251
        ],
        [
          0.0,
          0.0,
          0.0,
          1.0
        ]
      ]
    },
    {
      "file_path": "/media/NFS/ttao/scannet/posed_images/scene0501_01/00463.jpg",
      "transform_matrix": [
        [
          -0.829623,
          -0.427642,
          0.358953,
          2.47064
        ],
        [
          -0.554046,
          0.551136,
          -0.623926,
          1.79441
        ],
        [
          0.068985,
          -0.716499,
          -0.694168,
          1.450385
        ],
        [
          0.0,
          0.0,
          0.0,
          1.0
        ]
      ]
    },
    {
      "file_path": "/media/NFS/ttao/scannet/posed_images/scene0501_01/00466.jpg",
      "transform_matrix": [
        [
          -0.831196,
          -0.423402,
          0.36034,
          2.461853
        ],
        [
          -0.552365,
          0.555078,
          -0.621918,
          1.781014
        ],
        [
          0.063305,
          -0.715974,
          -0.695251,
          1.452039
        ],
        [
          0.0,
          0.0,
          0.0,
          1.0
        ]
      ]
    },
    {
      "file_path": "/media/NFS/ttao/scannet/posed_images/scene0501_01/00480.jpg",
      "transform_matrix": [
        [
          -0.861073,
          -0.376511,
          0.341749,
          2.439203
        ],
        [
          -0.507216,
          0.588635,
          -0.629476,
          1.733253
        ],
        [
          0.035839,
          -0.715366,
          -0.69783,
          1.450672
        ],
        [
          0.0,
          0.0,
          0.0,
          1.0
        ]
      ]
    },
    {
      "file_path": "/media/NFS/ttao/scannet/posed_images/scene0501_01/00483.jpg",
      "transform_matrix": [
        [
          -0.865543,
          -0.371021,
          0.33642,
          2.440635
        ],
        [
          -0.499555,
          0.59157,
          -0.632843,
          1.721935
        ],
        [
          0.035782,
          -0.715813,
          -0.697375,
          1.452525
        ],
        [
          0.0,
          0.0,
          0.0,
          1.0
        ]
      ]
    },
    {
      "file_path": "/media/NFS/ttao/scannet/posed_images/scene0501_01/00498.jpg",
      "transform_matrix": [
        [
          -0.905588,
          -0.324926,
          0.272643,
          2.457983
        ],
        [
          -0.421511,
          0.617683,
          -0.663925,
          1.642742
        ],
        [
          0.04732,
          -0.716164,
          -0.696326,
          1.451466
        ],
        [
          0.0,
          0.0,
          0.0,
          1.0
        ]
      ]
    },
    {
      "file_path": "/media/NFS/ttao/scannet/posed_images/scene0501_01/00505.jpg",
      "transform_matrix": [
        [
          -0.926365,
          -0.294264,
          0.235068,
          2.485515
        ],
        [
          -0.37278,
          0.62741,
          -0.683661,
          1.60184
        ],
        [
          0.053692,
          -0.720948,
          -0.690906,
          1.452901
        ],
        [
          0.0,
          0.0,
          0.0,
          1.0
        ]
      ]
    },
    {
      "file_path": "/media/NFS/ttao/scannet/posed_images/scene0501_01/00512.jpg",
      "transform_matrix": [
        [
          -0.945645,
          -0.260767,
          0.194309,
          2.515714
        ],
        [
          -0.31955,
          0.634196,
          -0.704048,
          1.565246
        ],
        [
          0.060362,
          -0.72787,
          -0.683053,
          1.450546
        ],
        [
          0.0,
          0.0,
          0.0,
          1.0
        ]
      ]
    },
    {
      "file_path": "/media/NFS/ttao/scannet/posed_images/scene0501_01/00520.jpg",
      "transform_matrix": [
        [
          -0.961662,
          -0.223634,
          0.158728,
          2.540544
        ],
        [
          -0.268114,
          0.645056,
          -0.715555,
          1.533477
        ],
        [
          0.057634,
          -0.730679,
          -0.680285,
          1.451285
        ],
        [
          0.0,
          0.0,
          0.0,
          1.0
        ]
      ]
    },
    {
      "file_path": "/media/NFS/ttao/scannet/posed_images/scene0501_01/00525.jpg",
      "transform_matrix": [
        [
          -0.966349,
          -0.210756,
          0.147487,
          2.538769
        ],
        [
          -0.251209,
          0.649788,
          -0.717405,
          1.512255
        ],
        [
          0.055362,
          -0.730313,
          -0.680866,
          1.454678
        ],
        [
          0.0,
          0.0,
          0.0,
          1.0
        ]
      ]
    },
    {
      "file_path": "/media/NFS/ttao/scannet/posed_images/scene0501_01/00532.jpg",
      "transform_matrix": [
        [
          -0.97305,
          -0.181916,
          0.141704,
          2.527925
        ],
        [
          -0.226493,
          0.638612,
          -0.735442,
          1.481644
        ],
        [
          0.043295,
          -0.747717,
          -0.662605,
          1.46492
        ],
        [
          0.0,
          0.0,
          0.0,
          1.0
        ]
      ]
    },
    {
      "file_path": "/media/NFS/ttao/scannet/posed_images/scene0501_01/00547.jpg",
      "transform_matrix": [
        [
          -0.983877,
          -0.144093,
          0.105939,
          2.450947
        ],
        [
          -0.17302,
          0.616913,
          -0.767777,
          1.387454
        ],
        [
          0.045276,
          -0.773728,
          -0.631898,
          1.476691
        ],
        [
          0.0,
          0.0,
          0.0,
          1.0
        ]
      ]
    },
    {
      "file_path": "/media/NFS/ttao/scannet/posed_images/scene0501_01/00552.jpg",
      "transform_matrix": [
        [
          -0.988658,
          -0.127315,
          0.079659,
          2.437523
        ],
        [
          -0.141755,
          0.615924,
          -0.774947,
          1.369457
        ],
        [
          0.049598,
          -0.77745,
          -0.626986,
          1.471161
        ],
        [
          0.0,
          0.0,
          0.0,
          1.0
        ]
      ]
    },
    {
      "file_path": "/media/NFS/ttao/scannet/posed_images/scene0501_01/00557.jpg",
      "transform_matrix": [
        [
          -0.993287,
          -0.097742,
          0.06186,
          2.425331
        ],
        [
          -0.109802,
          0.628523,
          -0.770002,
          1.356057
        ],
        [
          0.036381,
          -0.771626,
          -0.635036,
          1.4714
        ],
        [
          0.0,
          0.0,
          0.0,
          1.0
        ]
      ]
    },
    {
      "file_path": "/media/NFS/ttao/scannet/posed_images/scene0501_01/00571.jpg",
      "transform_matrix": [
        [
          -0.997836,
          0.029928,
          -0.058547,
          2.437482
        ],
        [
          0.064607,
          0.611716,
          -0.788435,
          1.339305
        ],
        [
          0.012218,
          -0.790511,
          -0.612325,
          1.488599
        ],
        [
          0.0,
          0.0,
          0.0,
          1.0
        ]
      ]
    },
    {
      "file_path": "/media/NFS/ttao/scannet/posed_images/scene0501_01/00574.jpg",
      "transform_matrix": [
        [
          -0.996648,
          0.042368,
          -0.069985,
          2.442468
        ],
        [
          0.081294,
          0.608845,
          -0.789113,
          1.341532
        ],
        [
          0.009176,
          -0.792157,
          -0.610248,
          1.489478
        ],
        [
          0.0,
          0.0,
          0.0,
          1.0
        ]
      ]
    },
    {
      "file_path": "/media/NFS/ttao/scannet/posed_images/scene0501_01/00581.jpg",
      "transform_matrix": [
        [
          -0.990309,
          0.07781,
          -0.115041,
          2.429566
        ],
        [
          0.138649,
          0.601987,
          -0.786376,
          1.347263
        ],
        [
          0.008065,
          -0.794706,
          -0.606941,
          1.490439
        ],
        [
          0.0,
          0.0,
          0.0,
          1.0
        ]
      ]
    },
    {
      "file_path": "/media/NFS/ttao/scannet/posed_images/scene0501_01/00594.jpg",
      "transform_matrix": [
        [
          -0.955031,
          0.17861,
          -0.236673,
          2.389954
        ],
        [
          0.296504,
          0.577855,
          -0.760374,
          1.372803
        ],
        [
          0.000952,
          -0.796355,
          -0.604828,
          1.486061
        ],
        [
          0.0,
          0.0,
          0.0,
          1.0
        ]
      ]
    },
    {
      "file_path": "/media/NFS/ttao/scannet/posed_images/scene0501_01/00603.jpg",
      "transform_matrix": [
        [
          -0.921506,
          0.235591,
          -0.308745,
          2.377433
        ],
        [
          0.388357,
          0.563586,
          -0.729075,
          1.400439
        ],
        [
          0.002241,
          -0.79175,
          -0.610841,
          1.479421
        ],
        [
          0.0,
          0.0,
          0.0,
          1.0
        ]
      ]
    },
    {
      "file_path": "/media/NFS/ttao/scannet/posed_images/scene0501_01/00606.jpg",
      "transform_matrix": [
        [
          -0.91285,
          0.255188,
          -0.318722,
          2.374271
        ],
        [
          0.408244,
          0.558131,
          -0.722376,
          1.412377
        ],
        [
          -0.006453,
          -0.789537,
          -0.613669,
          1.477061
        ],
        [
          0.0,
          0.0,
          0.0,
          1.0
        ]
      ]
    },
    {
      "file_path": "/media/NFS/ttao/scannet/posed_images/scene0501_01/00616.jpg",
      "transform_matrix": [
        [
          -0.902606,
          0.275924,
          -0.330408,
          2.361534
        ],
        [
          0.430083,
          0.545561,
          -0.7193,
          1.468619
        ],
        [
          -0.018214,
          -0.791347,
          -0.611096,
          1.477212
        ],
        [
          0.0,
          0.0,
          0.0,
          1.0
        ]
      ]
    },
    {
      "file_path": "/media/NFS/ttao/scannet/posed_images/scene0501_01/00628.jpg",
      "transform_matrix": [
        [
          -0.90609,
          0.260183,
          -0.333626,
          2.327738
        ],
        [
          0.422901,
          0.53371,
          -0.732331,
          1.595818
        ],
        [
          -0.012481,
          -0.804648,
          -0.593621,
          1.482668
        ],
        [
          0.0,
          0.0,
          0.0,
          1.0
        ]
      ]
    },
    {
      "file_path": "/media/NFS/ttao/scannet/posed_images/scene0501_01/00633.jpg",
      "transform_matrix": [
        [
          -0.907155,
          0.26151,
          -0.329669,
          2.320514
        ],
        [
          0.420419,
          0.530095,
          -0.736374,
          1.657618
        ],
        [
