{
  "frames": [
    {
      "file_path": "/media/NFS/ttao/scannet/posed_images/scene0201_02/00000.jpg",
      "transform_matrix": [
        [
          0.880436,
          0.351064,
          -0.318726,
          3.883898
        ],
        [
          0.473703,
          -0.621574,
          0.6239,
          4.677217
        ],
        [
          0.020917,
          -0.700286,
          -0.713556,
          1.427918
        ],
        [
          0.0,
          0.0,
          0.0,
          1.0
        ]
      ]
    },
    {
      "file_path": "/media/NFS/ttao/scannet/posed_images/scene0201_02/00004.jpg",
      "transform_matrix": [
        [
          0.880042,
          0.352713,
          -0.317992,
          3.888314
        ],
        [
          0.474226,
          -0.617174,
          0.627858,
          4.679551
        ],
        [
          0.025197,
          -0.703342,
          -0.710405,
          1.428668
        ],
        [
          0.0,
          0.0,
          0.0,
          1.0
        ]
      ]
    },
    {
      "file_path": "/media/NFS/ttao/scannet/posed_images/scene0201_02/00008.jpg",
      "transform_matrix": [
        [
          0.879258,
          0.353634,
          -0.319136,
          3.881096
        ],
        [
          0.475588,
          -0.613958,
          0.629978,
          4.678836
        ],
        [
          0.026845,
          -0.705691,
          -0.708012,
          1.432155
        ],
        [
          0.0,
          0.0,
          0.0,
          1.0
        ]
      ]
    },
    {
      "file_path": "/media/NFS/ttao/scannet/posed_images/scene0201_02/00012.jpg",
      "transform_matrix": [
        [
          0.883637,
          0.343495,
          -0.318114,
          3.861682
        ],
        [
          0.467666,
          -0.616016,
          0.633887,
          4.673978
        ],
        [
          0.021774,
          -0.708897,
          -0.704976,
          1.432532
        ],
        [
          0.0,
          0.0,
          0.0,
          1.0
        ]
      ]
    },
    {
      "file_path": "/media/NFS/ttao/scannet/posed_images/scene0201_02/00017.jpg",
      "transform_matrix": [
        [
          0.867317,
          0.361598,
          -0.342063,
          3.851239
        ],
        [
          0.497321,
          -0.600831,
          0.625839,
          4.662608
        ],
        [
          0.02078,
          -0.712916,
          -0.700942,
          1.436351
        ],
        [
          0.0,
          0.0,
          0.0,
          1.0
        ]
      ]
    },
    {
      "file_path": "/media/NFS/ttao/scannet/posed_images/scene0201_02/00021.jpg",
      "transform_matrix": [
        [
          0.850489,
          0.378764,
          -0.364974,
          3.831895
        ],
        [
          0.525631,
          -0.586251,
          0.616459,
          4.64559
        ],
        [
          0.019526,
          -0.716133,
          -0.69769,
          1.436003
        ],
        [
          0.0,
          0.0,
          0.0,
          1.0
        ]
      ]
    },
    {
      "file_path": "/media/NFS/ttao/scannet/posed_images/scene0201_02/00025.jpg",
      "transform_matrix": [
        [
          0.815931,
          0.412312,
          -0.405284,
          3.815392
        ],
        [
          0.577969,
          -0.564201,
          0.589601,
          4.625276
        ],
        [
          0.014438,
          -0.715315,
          -0.698653,
          1.437024
        ],
        [
          0.0,
          0.0,
          0.0,
          1.0
        ]
      ]
    },
    {
      "file_path": "/media/NFS/ttao/scannet/posed_images/scene0201_02/00033.jpg",
      "transform_matrix": [
        [
          0.744053,
          0.475828,
          -0.469012,
          3.779654
        ],
        [
          0.66806,
          -0.520436,
          0.53183,
          4.583785
        ],
        [
          0.008969,
          -0.709038,
          -0.705114,
          1.436836
        ],
        [
          0.0,
          0.0,
          0.0,
          1.0
        ]
      ]
    },
    {
      "file_path": "/media/NFS/ttao/scannet/posed_images/scene0201_02/00037.jpg",
      "transform_matrix": [
        [
          0.706989,
          0.504581,
          -0.495544,
          3.76232
        ],
        [
          0.707196,
          -0.49815,
          0.501717,
          4.562542
        ],
        [
          0.006301,
          -0.705155,
          -0.709025,
          1.43742
        ],
        [
          0.0,
          0.0,
          0.0,
          1.0
        ]
      ]
    },
    {
      "file_path": "/media/NFS/ttao/scannet/posed_images/scene0201_02/00041.jpg",
      "transform_matrix": [
        [
          0.667552,
          0.528423,
          -0.52454,
          3.750254
        ],
        [
          0.744554,
          -0.477278,
          0.466739,
          4.550945
        ],
        [
          -0.003716,
          -0.702121,
          -0.712048,
          1.441449
        ],
        [
          0.0,
          0.0,
          0.0,
          1.0
        ]
      ]
    },
    {
      "file_path": "/media/NFS/ttao/scannet/posed_images/scene0201_02/00046.jpg",
      "transform_matrix": [
        [
          0.629016,
          0.539435,
          -0.559775,
          3.729254
        ],
        [
          0.776969,
          -0.459987,
          0.429804,
          4.528186
        ],
        [
          -0.025638,
          -0.705282,
          -0.708463,
          1.439654
        ],
        [
          0.0,
          0.0,
          0.0,
          1.0
        ]
      ]
    },
    {
      "file_path": "/media/NFS/ttao/scannet/posed_images/scene0201_02/00050.jpg",
      "transform_matrix": [
        [
          0.603092,
          0.559425,
          -0.568615,
          3.71667
        ],
        [
          0.797378,
          -0.442157,
          0.410714,
          4.513452
        ],
        [
          -0.021654,
          -0.701099,
          -0.712735,
          1.433341
        ],
        [
          0.0,
          0.0,
          0.0,
          1.0
        ]
      ]
    },
    {
      "file_path": "/media/NFS/ttao/scannet/posed_images/scene0201_02/00055.jpg",
      "transform_matrix": [
        [
          0.562846,
          0.588024,
          -0.580889,
          3.700683
        ],
        [
          0.826426,
          -0.413095,
          0.382587,
          4.4978
        ],
        [
          -0.014992,
          -0.6954,
          -0.718467,
          1.429479
        ],
        [
          0.0,
          0.0,
          0.0,
          1.0
        ]
      ]
    },
    {
      "file_path": "/media/NFS/ttao/scannet/posed_images/scene0201_02/00056.jpg",
      "transform_matrix": [
        [
          0.550923,
          0.595145,
          -0.585052,
          3.69661
        ],
        [
          0.83445,
          -0.404004,
          0.374798,
          4.493468
        ],
        [
          -0.013304,
          -0.694682,
          -0.719194,
          1.427572
        ],
        [
          0.0,
          0.0,
          0.0,
          1.0
        ]
      ]
    },
    {
      "file_path": "/media/NFS/ttao/scannet/posed_images/scene0201_02/00060.jpg",
      "transform_matrix": [
        [
          0.500798,
          0.624355,
          -0.599484,
          3.685576
        ],
        [
          0.865558,
          -0.363806,
          0.344172,
          4.476725
        ],
        [
          -0.003211,
          -0.691249,
          -0.722609,
          1.421271
        ],
        [
          0.0,
          0.0,
          0.0,
          1.0
        ]
      ]
    },
    {
      "file_path": "/media/NFS/ttao/scannet/posed_images/scene0201_02/00064.jpg",
      "transform_matrix": [
        [
          0.428406,
          0.647275,
          -0.630479,
          3.679268
        ],
        [
          0.903548,
          -0.30049,
          0.30546,
          4.481941
        ],
        [
          0.008264,
          -0.700529,
          -0.713576,
          1.41811
        ],
        [
          0.0,
          0.0,
          0.0,
          1.0
        ]
      ]
    },
    {
      "file_path": "/media/NFS/ttao/scannet/posed_images/scene0201_02/00072.jpg",
      "transform_matrix": [
        [
          0.257739,
          0.667228,
          -0.698839,
          3.680797
        ],
        [
          0.966176,
          -0.171543,
          0.192552,
          4.509866
        ],
        [
          0.008595,
          -0.724831,
          -0.688874,
          1.417745
        ],
        [
          0.0,
          0.0,
          0.0,
          1.0
        ]
      ]
    },
    {
      "file_path": "/media/NFS/ttao/scannet/posed_images/scene0201_02/00073.jpg",
      "transform_matrix": [
        [
          0.240014,
          0.672353,
          -0.700239,
          3.680343
        ],
        [
          0.970661,
          -0.155455,
          0.18344,
          4.515285
        ],
        [
          0.014481,
          -0.723723,
          -0.689939,
          1.41719
        ],
        [
          0.0,
          0.0,
          0.0,
          1.0
        ]
      ]
    },
    {
      "file_path": "/media/NFS/ttao/scannet/posed_images/scene0201_02/00080.jpg",
      "transform_matrix": [
        [
          0.122625,
          0.688589,
          -0.714708,
          3.690208
        ],
        [
          0.992239,
          -0.070102,
          0.102702,
          4.551823
        ],
        [
          0.020616,
          -0.721756,
          -0.691841,
          1.411471
        ],
        [
          0.0,
          0.0,
          0.0,
          1.0
        ]
      ]
    },
    {
      "file_path": "/media/NFS/ttao/scannet/posed_images/scene0201_02/00085.jpg",
      "transform_matrix": [
        [
          0.059891,
          0.693692,
          -0.717777,
          3.69591
        ],
        [
          0.998054,
          -0.029129,
          0.055126,
          4.564788
        ],
        [
          0.017332,
          -0.719682,
          -0.694088,
          1.408089
        ],
        [
          0.0,
          0.0,
          0.0,
          1.0
        ]
      ]
    },
    {
      "file_path": "/media/NFS/ttao/scannet/posed_images/scene0201_02/00089.jpg",
      "transform_matrix": [
        [
          0.001565,
          0.692109,
          -0.721791,
          3.701768
        ],
        [
          0.999956,
          0.005577,
          0.007515,
          4.567119
        ],
        [
          0.009227,
          -0.721771,
          -0.69207,
          1.40774
        ],
        [
          0.0,
          0.0,
          0.0,
          1.0
        ]
      ]
    },
    {
      "file_path": "/media/NFS/ttao/scannet/posed_images/scene0201_02/00094.jpg",
      "transform_matrix": [
        [
          -0.057323,
          0.688163,
          -0.723288,
          3.706781
        ],
        [
          0.998353,
          0.041249,
          -0.039877,
          4.564726
        ],
        [
          0.002393,
          -0.724383,
          -0.689394,
          1.408625
        ],
        [
          0.0,
          0.0,
          0.0,
          1.0
        ]
      ]
    },
    {
      "file_path": "/media/NFS/ttao/scannet/posed_images/scene0201_02/00096.jpg",
      "transform_matrix": [
        [
          -0.089134,
          0.689072,
          -0.71919,
          3.708817
        ],
        [
          0.996018,
          0.060263,
          -0.065703,
          4.557957
        ],
        [
          -0.001934,
          -0.722183,
          -0.6917,
          1.410856
        ],
        [
          0.0,
          0.0,
          0.0,
          1.0
        ]
      ]
    },
    {
      "file_path": "/media/NFS/ttao/scannet/posed_images/scene0201_02/00099.jpg",
      "transform_matrix": [
        [
          -0.145848,
          0.683475,
          -0.715255,
          3.713171
        ],
        [
          0.9892,
          0.090111,
          -0.1156,
          4.543901
        ],
        [
          -0.014557,
          -0.72439,
          -0.689237,
          1.414179
        ],
        [
          0.0,
          0.0,
          0.0,
          1.0
        ]
      ]
    },
    {
      "file_path": "/media/NFS/ttao/scannet/posed_images/scene0201_02/00103.jpg",
      "transform_matrix": [
        [
          -0.207752,
          0.669389,
          -0.713272,
          3.715447
        ],
        [
          0.977588,
          0.116677,
          -0.17524,
          4.52011
        ],
        [
          -0.034082,
          -0.733693,
          -0.678626,
          1.409109
        ],
        [
          0.0,
          0.0,
          0.0,
          1.0
        ]
      ]
    },
    {
      "file_path": "/media/NFS/ttao/scannet/posed_images/scene0201_02/00109.jpg",
      "transform_matrix": [
        [
          -0.311809,
          0.659592,
          -0.683895,
          3.704325
        ],
        [
          0.94977,
          0.196152,
          -0.243847,
          4.460799
        ],
        [
          -0.026692,
          -0.725577,
          -0.687623,
          1.40282
        ],
        [
          0.0,
          0.0,
          0.0,
          1.0
        ]
      ]
    },
    {
      "file_path": "/media/NFS/ttao/scannet/posed_images/scene0201_02/00113.jpg",
      "transform_matrix": [
        [
          -0.369801,
          0.642595,
          -0.671058,
          3.686371
        ],
        [
          0.928921,
          0.241119,
          -0.281011,
          4.41454
        ],
        [
          -0.018771,
          -0.727278,
          -0.686086,
          1.404703
        ],
        [
          0.0,
          0.0,
          0.0,
          1.0
        ]
      ]
    },
    {
      "file_path": "/media/NFS/ttao/scannet/posed_images/scene0201_02/00120.jpg",
      "transform_matrix": [
        [
          -0.463601,
          0.592514,
          -0.658787,
          3.649597
        ],
        [
          0.886042,
          0.311557,
          -0.343309,
          4.357805
        ],
        [
          0.001834,
          -0.742872,
          -0.669431,
          1.40774
        ],
        [
          0.0,
          0.0,
          0.0,
          1.0
        ]
      ]
    },
    {
      "file_path": "/media/NFS/ttao/scannet/posed_images/scene0201_02/00122.jpg",
      "transform_matrix": [
        [
          -0.483945,
          0.583303,
          -0.652346,
          3.636459
        ],
        [
          0.875089,
          0.326153,
          -0.357553,
          4.344128
        ],
        [
          0.004203,
          -0.743896,
          -0.668282,
          1.409248
        ],
        [
          0.0,
          0.0,
          0.0,
          1.0
        ]
      ]
    },
    {
      "file_path": "/media/NFS/ttao/scannet/posed_images/scene0201_02/00126.jpg",
      "transform_matrix": [
        [
          -0.518341,
          0.572767,
          -0.635028,
          3.612743
        ],
        [
          0.855174,
          0.347793,
          -0.384341,
          4.311726
        ],
        [
          0.000721,
          -0.742279,
          -0.67009,
          1.412889
        ],
        [
          0.0,
          0.0,
          0.0,
          1.0
        ]
      ]
    },
    {
      "file_path": "/media/NFS/ttao/scannet/posed_images/scene0201_02/00130.jpg",
      "transform_matrix": [
        [
          -0.561832,
          0.54111,
          -0.625735,
          3.594312
        ],
        [
          0.827251,
          0.367022,
          -0.425382,
          4.28793
        ],
        [
          -0.00052,
          -0.756634,
          -0.653839,
          1.412496
        ],
        [
          0.0,
          0.0,
          0.0,
          1.0
        ]
      ]
    },
    {
      "file_path": "/media/NFS/ttao/scannet/posed_images/scene0201_02/00137.jpg",
      "transform_matrix": [
        [
          -0.640469,
          0.491534,
          -0.590079,
          3.556099
        ],
        [
          0.767883,
          0.397392,
          -0.50243,
          4.259363
        ],
        [
          -0.012469,
          -0.774903,
          -0.631958,
          1.418936
        ],
        [
          0.0,
          0.0,
          0.0,
          1.0
        ]
      ]
    },
    {
      "file_path": "/media/NFS/ttao/scannet/posed_images/scene0201_02/00141.jpg",
      "transform_matrix": [
        [
          -0.695501,
          0.459544,
          -0.552356,
          3.52499
        ],
        [
          0.718058,
          0.416836,
          -0.557351,
          4.257803
        ],
        [
          -0.025885,
          -0.784262,
          -0.619889,
          1.428688
        ],
        [
          0.0,
          0.0,
          0.0,
          1.0
        ]
      ]
    },
    {
      "file_path": "/media/NFS/ttao/scannet/posed_images/scene0201_02/00147.jpg",
      "transform_matrix": [
        [
          -0.753643,
          0.402627,
          -0.519532,
          3.484941
        ],
        [
          0.657225,
          0.451055,
          -0.603826,
          4.27406
        ],
        [
          -0.008779,
          -0.796519,
          -0.604551,
          1.437497
        ],
        [
          0.0,
          0.0,
          0.0,
          1.0
        ]
      ]
    },
    {
      "file_path": "/media/NFS/ttao/scannet/posed_images/scene0201_02/00151.jpg",
      "transform_matrix": [
        [
          -0.783685,
          0.359186,
          -0.506777,
          3.448369
        ],
        [
          0.621144,
          0.458666,
          -0.635457,
          4.287476
        ],
        [
          0.004195,
          -0.81278,
          -0.582556,
          1.45333
        ],
        [
          0.0,
          0.0,
          0.0,
          1.0
        ]
      ]
    },
    {
      "file_path": "/media/NFS/ttao/scannet/posed_images/scene0201_02/00153.jpg",
      "transform_matrix": [
        [
          -0.796275,
          0.338321,
          -0.501483,
          3.439801
        ],
        [
          0.604859,
          0.458387,
          -0.651173,
          4.287091
        ],
        [
          0.009568,
          -0.82184,
          -0.569639,
          1.461082
        ],
        [
          0.0,
          0.0,
          0.0,
          1.0
        ]
      ]
    },
    {
      "file_path": "/media/NFS/ttao/scannet/posed_images/scene0201_02/00156.jpg",
      "transform_matrix": [
        [
          -0.813662,
          0.313691,
          -0.489441,
          3.431074
        ],
        [
          0.581281,
          0.450875,
          -0.677366,
          4.292584
        ],
        [
          0.008193,
          -0.835649,
          -0.549202,
          1.46325
        ],
        [
          0.0,
          0.0,
          0.0,
          1.0
        ]
      ]
    },
    {
      "file_path": "/media/NFS/ttao/scannet/posed_images/scene0201_02/00164.jpg",
      "transform_matrix": [
        [
          -0.860639,
          0.275505,
          -0.428249,
          3.446745
        ],
        [
          0.509,
          0.440955,
          -0.739241,
          4.294242
        ],
        [
          -0.014826,
          -0.854199,
          -0.519735,
          1.463823
        ],
        [
          0.0,
          0.0,
          0.0,
          1.0
        ]
      ]
    },
    {
      "file_path": "/media/NFS/ttao/scannet/posed_images/scene0201_02/00168.jpg",
      "transform_matrix": [
        [
          -0.870306,
          0.268966,
          -0.412583,
          3.461405
        ],
        [
          0.491669,
          0.425495,
          -0.759747,
          4.30846
        ],
        [
          -0.028794,
          -0.864067,
          -0.502553,
          1.465556
        ],
        [
          0.0,
          0.0,
          0.0,
          1.0
        ]
      ]
    },
    {
      "file_path": "/media/NFS/ttao/scannet/posed_images/scene0201_02/00173.jpg",
      "transform_matrix": [
        [
          -0.886607,
          0.257897,
          -0.38395,
          3.497468
        ],
        [
          0.460872,
          0.422494,
          -0.780446,
          4.339723
        ],
        [
          -0.039058,
          -0.8689,
          -0.493444,
          1.453918
        ],
        [
          0.0,
          0.0,
          0.0,
          1.0
        ]
      ]
    },
    {
      "file_path": "/media/NFS/ttao/scannet/posed_images/scene0201_02/00175.jpg",
      "transform_matrix": [
        [
          -0.893023,
          0.246993,
          -0.376171,
          3.509678
        ],
        [
          0.449038,
          0.434125,
          -0.780961,
          4.34956
        ],
        [
          -0.029587,
          -0.866331,
          -0.498593,
          1.455824
        ],
        [
          0.0,
          0.0,
          0.0,
          1.0
        ]
      ]
    },
    {
      "file_path": "/media/NFS/ttao/scannet/posed_images/scene0201_02/00181.jpg",
      "transform_matrix": [
        [
          -0.914608,
          0.210036,
          -0.34551,
          3.589006
        ],
        [
          0.404117,
          0.446345,
          -0.798414,
          4.369752
        ],
        [
          -0.013478,
          -0.869863,
          -0.49311,
          1.447568
        ],
        [
          0.0,
          0.0,
          0.0,
          1.0
        ]
      ]
    },
    {
      "file_path": "/media/NFS/ttao/scannet/posed_images/scene0201_02/00182.jpg",
      "transform_matrix": [
        [
          -0.920996,
          0.199863,
          -0.334394,
          3.597936
        ],
        [
          0.389465,
          0.452453,
          -0.802249,
          4.378383
        ],
        [
          -0.009043,
          -0.869103,
          -0.494548,
          1.44416
        ],
        [
          0.0,
          0.0,
          0.0,
          1.0
        ]
      ]
    },
    {
      "file_path": "/media/NFS/ttao/scannet/posed_images/scene0201_02/00190.jpg",
      "transform_matrix": [
        [
          -0.952592,
          0.14414,
          -0.26794,
          3.66533
        ],
        [
          0.303807,
          0.498145,
          -0.812128,
          4.43514
        ],
        [
          0.016413,
          -0.855029,
          -0.51832,
          1.43771
        ],
        [
          0.0,
          0.0,
          0.0,
          1.0
        ]
      ]
    },
    {
      "file_path": "/media/NFS/ttao/scannet/posed_images/scene0201_02/00192.jpg",
      "transform_matrix": [
        [
          -0.953796,
          0.143226,
          -0.26412,
          3.66884
        ],
        [
          0.300012,
          0.501705,
          -0.811347,
          4.444947
        ],
        [
          0.016304,
          -0.853099,
          -0.521494,
          1.444641
        ],
        [
          0.0,
          0.0,
          0.0,
          1.0
        ]
      ]
    },
    {
      "file_path": "/media/NFS/ttao/scannet/posed_images/scene0201_02/00195.jpg",
      "transform_matrix": [
        [
          -0.952295,
          0.143181,
          -0.269506,
          3.671822
        ],
        [
          0.304623,
          0.499262,
          -0.811136,
          4.462451
        ],
        [
          0.018414,
          -0.854539,
          -0.519061,
          1.453584
        ],
        [
          0.0,
          0.0,
          0.0,
          1.0
        ]
      ]
    },
    {
      "file_path": "/media/NFS/ttao/scannet/posed_images/scene0201_02/00200.jpg",
      "transform_matrix": [
        [
          -0.944518,
          0.150694,
          -0.291851,
          3.667453
        ],
        [
          0.327936,
          0.482828,
          -0.811994,
          4.497602
        ],
        [
          0.018551,
          -0.862652,
          -0.505458,
          1.447449
        ],
        [
          0.0,
          0.0,
          0.0,
          1.0
        ]
      ]
    },
    {
      "file_path": "/media/NFS/ttao/scannet/posed_images/scene0201_02/00206.jpg",
      "transform_matrix": [
        [
          -0.938408,
          0.163607,
          -0.304338,
          3.650625
        ],
        [
          0.345337,
          0.473333,
          -0.810369,
          4.515999
        ],
        [
          0.011471,
          -0.865557,
          -0.500679,
          1.456876
        ],
        [
          0.0,
          0.0,
          0.0,
          1.0
        ]
      ]
    },
    {
      "file_path": "/media/NFS/ttao/scannet/posed_images/scene0201_02/00212.jpg",
      "transform_matrix": [
        [
          -0.933469,
          0.187331,
          -0.305847,
          3.628168
        ],
        [
          0.358504,
          0.462391,
          -0.810968,
          4.523033
        ],
        [
          -0.010499,
          -0.866661,
          -0.498787,
          1.460973
        ],
        [
          0.0,
          0.0,
          0.0,
          1.0
        ]
      ]
    },
    {
      "file_path": "/media/NFS/ttao/scannet/posed_images/scene0201_02/00213.jpg",
      "transform_matrix": [
        [
          -0.933469,
          0.18987,
          -0.304276,
          3.623262
        ],
        [
          0.358377,
          0.46029,
          -0.812219,
          4.525173
        ],
        [
          -0.014161,
          -0.867227,
          -0.497712,
          1.460437
        ],
        [
          0.0,
          0.0,
          0.0,
          1.0
        ]
      ]
    },
    {
      "file_path": "/media/NFS/ttao/scannet/posed_images/scene0201_02/00217.jpg",
      "transform_matrix": [
        [
          -0.932735,
          0.195364,
          -0.303049,
          3.588672
        ],
        [
          0.359999,
          0.457616,
          -0.813012,
          4.539495
        ],
        [
          -0.020153,
          -0.867422,
          -0.497166,
          1.456219
        ],
        [
          0.0,
          0.0,
          0.0,
          1.0
        ]
      ]
    },
    {
      "file_path": "/media/NFS/ttao/scannet/posed_images/scene0201_02/00223.jpg",
      "transform_matrix": [
        [
          -0.932082,
          0.19366,
          -0.306135,
          3.54424
        ],
        [
          0.361867,
          0.459075,
          -0.811358,
          4.549257
        ],
        [
          -0.016588,
          -0.867033,
          -0.497975,
          1.461979
        ],
        [
          0.0,
          0.0,
          0.0,
          1.0
        ]
      ]
    },
    {
      "file_path": "/media/NFS/ttao/scannet/posed_images/scene0201_02/00226.jpg",
      "transform_matrix": [
        [
          -0.941564,
          0.186836,
          -0.280266,
          3.533886
        ],
        [
          0.336039,
          0.463953,
          -0.819649,
          4.554243
        ],
        [
          -0.02311,
          -0.865933,
          -0.499626,
          1.464897
        ],
        [
          0.0,
          0.0,
          0.0,
          1.0
        ]
      ]
    },
    {
      "file_path": "/media/NFS/ttao/scannet/posed_images/scene0201_02/00230.jpg",
      "transform_matrix": [
        [
          -0.958298,
          0.15782,
          -0.238235,
          3.538867
        ],
        [
          0.285169,
          0.474206,
          -0.832951,
          4.551487
        ],
        [
          -0.018484,
          -0.866154,
          -0.499436,
          1.466575
        ],
        [
          0.0,
          0.0,
          0.0,
          1.0
        ]
      ]
    },
    {
      "file_path": "/media/NFS/ttao/scannet/posed_images/scene0201_02/00234.jpg",
      "transform_matrix": [
        [
          -0.976771,
          0.114138,
          -0.181359,
          3.550856
        ],
        [
          0.214119,
          0.486464,
          -0.847057,
          4.553714
        ],
        [
          -0.008457,
          -0.866213,
          -0.499603,
          1.466731
        ],
        [
          0.0,
          0.0,
          0.0,
          1.0
        ]
      ]
    },
    {
      "file_path": "/media/NFS/ttao/scannet/posed_images/scene0201_02/00242.jpg",
      "transform_matrix": [
        [
          -0.997296,
          0.040396,
          -0.061389,
          3.620017
        ],
        [
          0.073386,
          0.503654,
          -0.860783,
          4.54739
        ],
        [
          -0.003854,
          -0.862961,
          -0.505257,
          1.475749
        ],
        [
          0.0,
          0.0,
          0.0,
          1.0
        ]
      ]
    },
    {
      "file_path": "/media/NFS/ttao/scannet/posed_images/scene0201_02/00245.jpg",
      "transform_matrix": [
        [
          -0.99975,
          0.022132,
          -0.003024,
          3.621221
        ],
        [
          0.013732,
          0.502135,
          -0.86468,
          4.563571
        ],
        [
          -0.017618,
          -0.864506,
          -0.502314,
          1.463274
        ],
        [
          0.0,
          0.0,
          0.0,
          1.0
        ]
      ]
    },
    {
      "file_path": "/media/NFS/ttao/scannet/posed_images/scene0201_02/00251.jpg",
      "transform_matrix": [
        [
          -0.994397,
          -0.04373,
          0.096238,
          3.671736
        ],
        [
          -0.104616,
          0.537618,
          -0.836674,
          4.574699
        ],
        [
          -0.015152,
          -0.842054,
          -0.539181,
          1.460462
        ],
        [
          0.0,
          0.0,
          0.0,
          1.0
        ]
      ]
    },
    {
      "file_path": "/media/NFS/ttao/scannet/posed_images/scene0201_02/00255.jpg",
      "transform_matrix": [
        [
          -0.985866,
          -0.073075,
          0.150762,
          3.69344
        ],
        [
          -0.166474,
          0.528537,
          -0.832428,
          4.577258
        ],
        [
          -0.018854,
          -0.84576,
          -0.533231,
          1.468519
        ],
        [
          0.0,
          0.0,
          0.0,
          1.0
        ]
      ]
    },
    {
      "file_path": "/media/NFS/ttao/scannet/posed_images/scene0201_02/00259.jpg",
      "transform_matrix": [
        [
          -0.970651,
          -0.112019,
          0.212811,
          3.706697
        ],
        [
          -0.239977,
          0.509073,
          -0.826593,
          4.57662
        ],
        [
          -0.015742,
          -0.853403,
          -0.521014,
          1.476134
        ],
        [
          0.0,
          0.0,
          0.0,
          1.0
        ]
      ]
    },
    {
      "file_path": "/media/NFS/ttao/scannet/posed_images/scene0201_02/00264.jpg",
      "transform_matrix": [
        [
          -0.960814,
          -0.137314,
          0.240792,
          3.745583
        ],
        [
          -0.277101,
          0.498167,
          -0.821611,
          4.577427
        ],
        [
          -0.007137,
          -0.856139,
          -0.516696,
          1.473038
        ],
        [
          0.0,
          0.0,
          0.0,
          1.0
        ]
      ]
    },
    {
      "file_path": "/media/NFS/ttao/scannet/posed_images/scene0201_02/00266.jpg",
      "transform_matrix": [
        [
          -0.958641,
          -0.142343,
          0.246464,
          3.762317
        ],
        [
          -0.284555,
          0.497289,
          -0.819593,
          4.575495
        ],
        [
          -0.0059,
          -0.855828,
          -0.517227,
          1.473618
        ],
        [
          0.0,
          0.0,
          0.0,
          1.0
        ]
      ]
    },
    {
      "file_path": "/media/NFS/ttao/scannet/posed_images/scene0201_02/00272.jpg",
      "transform_matrix": [
        [
          -0.9516,
          -0.151016,
          0.267679,
          3.816695
        ],
        [
          -0.307289,
          0.483267,
          -0.819772,
          4.558905
        ],
        [
          -0.005562,
          -0.86235,
          -0.506282,
          1.485331
        ],
        [
          0.0,
          0.0,
          0.0,
          1.0
        ]
      ]
    },
    {
      "file_path": "/media/NFS/ttao/scannet/posed_images/scene0201_02/00278.jpg",
      "transform_matrix": [
        [
          -0.948236,
          -0.15192,
          0.278871,
          3.86255
        ],
        [
          -0.317484,
          0.473481,
          -0.821596,
          4.536913
        ],
        [
          -0.007223,
          -0.867604,
          -0.497203,
          1.478655
        ],
        [
          0.0,
          0.0,
          0.0,
          1.0
        ]
      ]
    },
    {
      "file_path": "/media/NFS/ttao/scannet/posed_images/scene0201_02/00281.jpg",
      "transform_matrix": [
        [
          -0.945807,
          -0.152082,
          0.286915,
          3.881436
        ],
        [
          -0.324556,
          0.471573,
          -0.819928,
          4.518466
        ],
        [
          -0.010605,
          -0.868614,
          -0.495377,
          1.48017
        ],
        [
          0.0,
          0.0,
          0.0,
          1.0
        ]
      ]
    },
    {
      "file_path": "/media/NFS/ttao/scannet/posed_images/scene0201_02/00283.jpg",
      "transform_matrix": [
        [
          -0.945156,
          -0.152542,
          0.288809,
          3.900032
        ],
        [
          -0.326439,
          0.470461,
          -0.819819,
          4.511089
        ],
        [
          -0.010816,
          -0.869136,
          -0.494455,
          1.476324
        ],
        [
          0.0,
          0.0,
          0.0,
          1.0
        ]
      ]
    },
    {
      "file_path": "/media/NFS/ttao/scannet/posed_images/scene0201_02/00291.jpg",
      "transform_matrix": [
        [
          -0.941515,
          -0.136578,
          0.308051,
          3.948517
        ],
        [
          -0.335538,
          0.464198,
          -0.819716,
          4.454347
        ],
        [
          -0.031041,
          -0.875138,
          -0.482877,
          1.467673
        ],
        [
          0.0,
          0.0,
          0.0,
          1.0
        ]
      ]
    },
    {
      "file_path": "/media/NFS/ttao/scannet/posed_images/scene0201_02/00292.jpg",
      "transform_matrix": [
        [
          -0.941903,
          -0.137099,
          0.306629,
          3.95464
        ],
        [
          -0.334416,
          0.468024,
          -0.817998,
          4.443202
        ],
        [
          -0.031363,
          -0.873016,
          -0.486681,
          1.470502
        ],
        [
          0.0,
          0.0,
          0.0,
          1.0
        ]
      ]
    },
    {
      "file_path": "/media/NFS/ttao/scannet/posed_images/scene0201_02/00296.jpg",
      "transform_matrix": [
        [
          -0.93918,
          -0.15019,
          0.308843,
          3.956369
        ],
        [
          -0.342857,
          0.461749,
          -0.818069,
          4.397929
        ],
        [
          -0.019742,
          -0.874203,
          -0.485159,
          1.470788
        ],
        [
          0.0,
          0.0,
          0.0,
          1.0
        ]
      ]
    },
    {
      "file_path": "/media/NFS/ttao/scannet/posed_images/scene0201_02/00300.jpg",
      "transform_matrix": [
        [
          -0.928575,
          -0.164548,
          0.332675,
          3.947947
        ],
        [
          -0.37088,
          0.445307,
          -0.814954,
          4.343657
        ],
        [
          -0.014043,
          -0.880128,
          -0.474528,
          1.476279
        ],
        [
          0.0,
          0.0,
          0.0,
          1.0
        ]
      ]
    },
    {
      "file_path": "/media/NFS/ttao/scannet/posed_images/scene0201_02/00308.jpg",
      "transform_matrix": [
        [
          -0.891998,
          -0.214358,
          0.397982,
          3.924246
        ],
        [
          -0.451935,
          0.404046,
          -0.7953,
          4.251948
        ],
        [
          0.009676,
          -0.889268,
          -0.457285,
          1.492369
        ],
        [
          0.0,
          0.0,
          0.0,
          1.0
        ]
      ]
    },
    {
      "file_path": "/media/NFS/ttao/scannet/posed_images/scene0201_02/00310.jpg",
      "transform_matrix": [
        [
          -0.881311,
          -0.229074,
          0.413298,
          3.914548
        ],
        [
          -0.472048,
          0.387036,
          -0.79207,
          4.238298
        ],
        [
          0.021481,
          -0.893157,
          -0.449233,
          1.48216
        ],
        [
          0.0,
          0.0,
          0.0,
          1.0
        ]
      ]
    },
    {
      "file_path": "/media/NFS/ttao/scannet/posed_images/scene0201_02/00317.jpg",
      "transform_matrix": [
        [
          -0.841936,
          -0.266114,
          0.46939,
          3.904714
        ],
        [
          -0.539465,
          0.397402,
          -0.742326,
          4.202528
        ],
        [
          0.011006,
          -0.878211,
          -0.478146,
          1.463489
        ],
        [
          0.0,
          0.0,
          0.0,
          1.0
        ]
      ]
    },
    {
      "file_path": "/media/NFS/ttao/scannet/posed_images/scene0201_02/00319.jpg",
      "transform_matrix": [
        [
          -0.837391,
          -0.278836,
          0.470134,
          3.912005
        ],
        [
          -0.546341,
          0.400304,
          -0.735709,
          4.201938
        ],
        [
          0.016946,
          -0.87293,
          -0.487551,
          1.464329
        ],
        [
          0.0,
          0.0,
          0.0,
          1.0
        ]
      ]
    },
    {
      "file_path": "/media/NFS/ttao/scannet/posed_images/scene0201_02/00322.jpg",
      "transform_matrix": [
        [
          -0.82938,
          -0.306961,
          0.466801,
          3.920963
        ],
        [
          -0.5575,
          0.400343,
          -0.727268,
          4.206299
        ],
        [
          0.036363,
          -0.863424,
          -0.503168,
          1.464093
        ],
        [
          0.0,
          0.0,
          0.0,
          1.0
        ]
      ]
    },
    {
      "file_path": "/media/NFS/ttao/scannet/posed_images/scene0201_02/00330.jpg",
      "transform_matrix": [
        [
          -0.78592,
          -0.332703,
          0.521189,
          3.94163
        ],
        [
          -0.618051,
          0.397481,
          -0.678249,
          4.240737
        ],
        [
          0.018492,
          -0.855171,
          -0.518016,
          1.46563
        ],
        [
          0.0,
          0.0,
          0.0,
          1.0
        ]
      ]
    },
    {
      "file_path": "/media/NFS/ttao/scannet/posed_images/scene0201_02/00334.jpg",
      "transform_matrix": [
        [
          -0.783679,
          -0.341211,
          0.519059,
          3.948189
        ],
        [
          -0.620596,
          0.394285,
          -0.677791,
          4.25757
        ],
        [
          0.026613,
          -0.853296,
          -0.520747,
          1.469775
        ],
        [
          0.0,
          0.0,
          0.0,
          1.0
        ]
      ]
    },
    {
      "file_path": "/media/NFS/ttao/scannet/posed_images/scene0201_02/00335.jpg",
      "transform_matrix": [
        [
          -0.784209,
          -0.340113,
          0.51898,
          3.949748
        ],
        [
          -0.619971,
          0.395028,
          -0.67793,
          4.262366
        ],
        [
          0.025562,
          -0.853391,
          -0.520644,
