{
  "frames": [
    {
      "file_path": "/media/NFS/ttao/scannet/posed_images/scene0256_00/00000.jpg",
      "transform_matrix": [
        [
          0.576291,
          0.326194,
          -0.749323,
          2.977537
        ],
        [
          0.81623,
          -0.275401,
          0.507861,
          2.435229
        ],
        [
          -0.040703,
          -0.904296,
          -0.424961,
          1.375802
        ],
        [
          0.0,
          0.0,
          0.0,
          1.0
        ]
      ]
    },
    {
      "file_path": "/media/NFS/ttao/scannet/posed_images/scene0256_00/00008.jpg",
      "transform_matrix": [
        [
          0.563504,
          0.346416,
          -0.749973,
          2.976768
        ],
        [
          0.825427,
          -0.273097,
          0.494052,
          2.433606
        ],
        [
          -0.033668,
          -0.897449,
          -0.439832,
          1.374979
        ],
        [
          0.0,
          0.0,
          0.0,
          1.0
        ]
      ]
    },
    {
      "file_path": "/media/NFS/ttao/scannet/posed_images/scene0256_00/00011.jpg",
      "transform_matrix": [
        [
          0.552533,
          0.352084,
          -0.755477,
          2.976535
        ],
        [
          0.832678,
          -0.273221,
          0.481663,
          2.435049
        ],
        [
          -0.036826,
          -0.895203,
          -0.444135,
          1.381362
        ],
        [
          0.0,
          0.0,
          0.0,
          1.0
        ]
      ]
    },
    {
      "file_path": "/media/NFS/ttao/scannet/posed_images/scene0256_00/00014.jpg",
      "transform_matrix": [
        [
          0.538512,
          0.359908,
          -0.761887,
          2.977904
        ],
        [
          0.84181,
          -0.269381,
          0.46775,
          2.435861
        ],
        [
          -0.036891,
          -0.893252,
          -0.44804,
          1.382214
        ],
        [
          0.0,
          0.0,
          0.0,
          1.0
        ]
      ]
    },
    {
      "file_path": "/media/NFS/ttao/scannet/posed_images/scene0256_00/00020.jpg",
      "transform_matrix": [
        [
          0.477977,
          0.36714,
          -0.797964,
          2.982312
        ],
        [
          0.877184,
          -0.24675,
          0.411901,
          2.435871
        ],
        [
          -0.045673,
          -0.89684,
          -0.439991,
          1.395326
        ],
        [
          0.0,
          0.0,
          0.0,
          1.0
        ]
      ]
    },
    {
      "file_path": "/media/NFS/ttao/scannet/posed_images/scene0256_00/00025.jpg",
      "transform_matrix": [
        [
          0.405036,
          0.378364,
          -0.832338,
          2.984549
        ],
        [
          0.912865,
          -0.218346,
          0.344967,
          2.44012
        ],
        [
          -0.051215,
          -0.899536,
          -0.433834,
          1.396232
        ],
        [
          0.0,
          0.0,
          0.0,
          1.0
        ]
      ]
    },
    {
      "file_path": "/media/NFS/ttao/scannet/posed_images/scene0256_00/00030.jpg",
      "transform_matrix": [
        [
          0.352859,
          0.396168,
          -0.847668,
          2.981297
        ],
        [
          0.934774,
          -0.189049,
          0.300764,
          2.426854
        ],
        [
          -0.041098,
          -0.898505,
          -0.437035,
          1.392299
        ],
        [
          0.0,
          0.0,
          0.0,
          1.0
        ]
      ]
    },
    {
      "file_path": "/media/NFS/ttao/scannet/posed_images/scene0256_00/00037.jpg",
      "transform_matrix": [
        [
          0.312399,
          0.439282,
          -0.842281,
          2.980268
        ],
        [
          0.949336,
          -0.176277,
          0.26017,
          2.432201
        ],
        [
          -0.034187,
          -0.880885,
          -0.472095,
          1.385619
        ],
        [
          0.0,
          0.0,
          0.0,
          1.0
        ]
      ]
    },
    {
      "file_path": "/media/NFS/ttao/scannet/posed_images/scene0256_00/00040.jpg",
      "transform_matrix": [
        [
          0.296099,
          0.459258,
          -0.837501,
          2.98052
        ],
        [
          0.954501,
          -0.174783,
          0.241619,
          2.440325
        ],
        [
          -0.035416,
          -0.870938,
          -0.490115,
          1.383819
        ],
        [
          0.0,
          0.0,
          0.0,
          1.0
        ]
      ]
    },
    {
      "file_path": "/media/NFS/ttao/scannet/posed_images/scene0256_00/00050.jpg",
      "transform_matrix": [
        [
          0.27996,
          0.523447,
          -0.804752,
          2.964208
        ],
        [
          0.959376,
          -0.183039,
          0.214695,
          2.430988
        ],
        [
          -0.03492,
          -0.832166,
          -0.553427,
          1.368872
        ],
        [
          0.0,
          0.0,
          0.0,
          1.0
        ]
      ]
    },
    {
      "file_path": "/media/NFS/ttao/scannet/posed_images/scene0256_00/00051.jpg",
      "transform_matrix": [
        [
          0.282259,
          0.527414,
          -0.801352,
          2.962247
        ],
        [
          0.958776,
          -0.183673,
          0.216823,
          2.431441
        ],
        [
          -0.032832,
          -0.829517,
          -0.557515,
          1.366873
        ],
        [
          0.0,
          0.0,
          0.0,
          1.0
        ]
      ]
    },
    {
      "file_path": "/media/NFS/ttao/scannet/posed_images/scene0256_00/00058.jpg",
      "transform_matrix": [
        [
          0.315334,
          0.557363,
          -0.768056,
          2.942829
        ],
        [
          0.948827,
          -0.199738,
          0.244606,
          2.416373
        ],
        [
          -0.017075,
          -0.805885,
          -0.591825,
          1.35117
        ],
        [
          0.0,
          0.0,
          0.0,
          1.0
        ]
      ]
    },
    {
      "file_path": "/media/NFS/ttao/scannet/posed_images/scene0256_00/00061.jpg",
      "transform_matrix": [
        [
          0.334537,
          0.563656,
          -0.755233,
          2.932392
        ],
        [
          0.942299,
          -0.210773,
          0.260093,
          2.400842
        ],
        [
          -0.01258,
          -0.798666,
          -0.601643,
          1.345774
        ],
        [
          0.0,
          0.0,
          0.0,
          1.0
        ]
      ]
    },
    {
      "file_path": "/media/NFS/ttao/scannet/posed_images/scene0256_00/00070.jpg",
      "transform_matrix": [
        [
          0.42186,
          0.572467,
          -0.703076,
          2.896915
        ],
        [
          0.906414,
          -0.284393,
          0.312305,
          2.346644
        ],
        [
          -0.021165,
          -0.769027,
          -0.638866,
          1.335927
        ],
        [
          0.0,
          0.0,
          0.0,
          1.0
        ]
      ]
    },
    {
      "file_path": "/media/NFS/ttao/scannet/posed_images/scene0256_00/00072.jpg",
      "transform_matrix": [
        [
          0.441871,
          0.571948,
          -0.691105,
          2.88994
        ],
        [
          0.896743,
          -0.302701,
          0.322839,
          2.332092
        ],
        [
          -0.024551,
          -0.762396,
          -0.646645,
          1.334842
        ],
        [
          0.0,
          0.0,
          0.0,
          1.0
        ]
      ]
    },
    {
      "file_path": "/media/NFS/ttao/scannet/posed_images/scene0256_00/00076.jpg",
      "transform_matrix": [
        [
          0.476684,
          0.568374,
          -0.670615,
          2.874573
        ],
        [
          0.878347,
          -0.339002,
          0.337024,
          2.308792
        ],
        [
          -0.035785,
          -0.749686,
          -0.660826,
          1.333129
        ],
        [
          0.0,
          0.0,
          0.0,
          1.0
        ]
      ]
    },
    {
      "file_path": "/media/NFS/ttao/scannet/posed_images/scene0256_00/00086.jpg",
      "transform_matrix": [
        [
          0.474481,
          0.512614,
          -0.715607,
          2.849606
        ],
        [
          0.87775,
          -0.336939,
          0.340628,
          2.256452
        ],
        [
          -0.066505,
          -0.789746,
          -0.609819,
          1.357744
        ],
        [
          0.0,
          0.0,
          0.0,
          1.0
        ]
      ]
    },
    {
      "file_path": "/media/NFS/ttao/scannet/posed_images/scene0256_00/00089.jpg",
      "transform_matrix": [
        [
          0.440491,
          0.50865,
          -0.739758,
          2.845808
        ],
        [
          0.894729,
          -0.316353,
          0.315248,
          2.250264
        ],
        [
          -0.073674,
          -0.800747,
          -0.594455,
          1.365382
        ],
        [
          0.0,
          0.0,
          0.0,
          1.0
        ]
      ]
    },
    {
      "file_path": "/media/NFS/ttao/scannet/posed_images/scene0256_00/00092.jpg",
      "transform_matrix": [
        [
          0.410969,
          0.502111,
          -0.760913,
          2.839486
        ],
        [
          0.90874,
          -0.292261,
          0.297953,
          2.258213
        ],
        [
          -0.072779,
          -0.813921,
          -0.576399,
          1.381448
        ],
        [
          0.0,
          0.0,
          0.0,
          1.0
        ]
      ]
    },
    {
      "file_path": "/media/NFS/ttao/scannet/posed_images/scene0256_00/00100.jpg",
      "transform_matrix": [
        [
          0.326331,
          0.418504,
          -0.847562,
          2.847265
        ],
        [
          0.942761,
          -0.209203,
          0.259685,
          2.274043
        ],
        [
          -0.068633,
          -0.883792,
          -0.462819,
          1.420904
        ],
        [
          0.0,
          0.0,
          0.0,
          1.0
        ]
      ]
    },
    {
      "file_path": "/media/NFS/ttao/scannet/posed_images/scene0256_00/00106.jpg",
      "transform_matrix": [
        [
          0.295312,
          0.365757,
          -0.882617,
          2.856091
        ],
        [
          0.952797,
          -0.180909,
          0.243824,
          2.295245
        ],
        [
          -0.070493,
          -0.912959,
          -0.401917,
          1.437949
        ],
        [
          0.0,
          0.0,
          0.0,
          1.0
        ]
      ]
    },
    {
      "file_path": "/media/NFS/ttao/scannet/posed_images/scene0256_00/00107.jpg",
      "transform_matrix": [
        [
          0.293224,
          0.358534,
          -0.886269,
          2.857065
        ],
        [
          0.953409,
          -0.178433,
          0.243254,
          2.298246
        ],
        [
          -0.070925,
          -0.916305,
          -0.39415,
          1.440999
        ],
        [
          0.0,
          0.0,
          0.0,
          1.0
        ]
      ]
    },
    {
      "file_path": "/media/NFS/ttao/scannet/posed_images/scene0256_00/00115.jpg",
      "transform_matrix": [
        [
          0.265497,
          0.294784,
          -0.91794,
          2.859766
        ],
        [
          0.961136,
          -0.155671,
          0.227999,
          2.322515
        ],
        [
          -0.075686,
          -0.942799,
          -0.324657,
          1.469915
        ],
        [
          0.0,
          0.0,
          0.0,
          1.0
        ]
      ]
    },
    {
      "file_path": "/media/NFS/ttao/scannet/posed_images/scene0256_00/00121.jpg",
      "transform_matrix": [
        [
          0.222967,
          0.246248,
          -0.943211,
          2.872038
        ],
        [
          0.971375,
          -0.137472,
          0.193734,
          2.336191
        ],
        [
          -0.081959,
          -0.959408,
          -0.26985,
          1.491368
        ],
        [
          0.0,
          0.0,
          0.0,
          1.0
        ]
      ]
    },
    {
      "file_path": "/media/NFS/ttao/scannet/posed_images/scene0256_00/00128.jpg",
      "transform_matrix": [
        [
          0.250185,
          0.199138,
          -0.947498,
          2.877275
        ],
        [
          0.965902,
          -0.118693,
          0.230098,
          2.341697
        ],
        [
          -0.06664,
          -0.972757,
          -0.222043,
          1.506522
        ],
        [
          0.0,
          0.0,
          0.0,
          1.0
        ]
      ]
    },
    {
      "file_path": "/media/NFS/ttao/scannet/posed_images/scene0256_00/00132.jpg",
      "transform_matrix": [
        [
          0.26084,
          0.179568,
          -0.948535,
          2.880313
        ],
        [
          0.963167,
          -0.114938,
          0.243105,
          2.346395
        ],
        [
          -0.065368,
          -0.977008,
          -0.202934,
          1.512157
        ],
        [
          0.0,
          0.0,
          0.0,
          1.0
        ]
      ]
    },
    {
      "file_path": "/media/NFS/ttao/scannet/posed_images/scene0256_00/00134.jpg",
      "transform_matrix": [
        [
          0.267682,
          0.170356,
          -0.948327,
          2.880417
        ],
        [
          0.961411,
          -0.112109,
          0.251237,
          2.347615
        ],
        [
          -0.063517,
          -0.978984,
          -0.193792,
          1.514145
        ],
        [
          0.0,
          0.0,
          0.0,
          1.0
        ]
      ]
    },
    {
      "file_path": "/media/NFS/ttao/scannet/posed_images/scene0256_00/00143.jpg",
      "transform_matrix": [
        [
          0.301319,
          0.097129,
          -0.948564,
          2.882468
        ],
        [
          0.950428,
          -0.110691,
          0.290577,
          2.365651
        ],
        [
          -0.076774,
          -0.989097,
          -0.125667,
          1.533206
        ],
        [
          0.0,
          0.0,
          0.0,
          1.0
        ]
      ]
    },
    {
      "file_path": "/media/NFS/ttao/scannet/posed_images/scene0256_00/00148.jpg",
      "transform_matrix": [
        [
          0.302348,
          0.073534,
          -0.950357,
          2.883247
        ],
        [
          0.950964,
          -0.091478,
          0.295463,
          2.379444
        ],
        [
          -0.065211,
          -0.993088,
          -0.097586,
          1.542868
        ],
        [
          0.0,
          0.0,
          0.0,
          1.0
        ]
      ]
    },
    {
      "file_path": "/media/NFS/ttao/scannet/posed_images/scene0256_00/00151.jpg",
      "transform_matrix": [
        [
          0.30656,
          0.059675,
          -0.949979,
          2.882704
        ],
        [
          0.950129,
          -0.079205,
          0.301633,
          2.374442
        ],
        [
          -0.057243,
          -0.995071,
          -0.08098,
          1.546471
        ],
        [
          0.0,
          0.0,
          0.0,
          1.0
        ]
      ]
    },
    {
      "file_path": "/media/NFS/ttao/scannet/posed_images/scene0256_00/00154.jpg",
      "transform_matrix": [
        [
          0.307821,
          0.043999,
          -0.950426,
          2.884372
        ],
        [
          0.949709,
          -0.074517,
          0.304139,
          2.381469
        ],
        [
          -0.057441,
          -0.996249,
          -0.064724,
          1.553702
        ],
        [
          0.0,
          0.0,
          0.0,
          1.0
        ]
      ]
    },
    {
      "file_path": "/media/NFS/ttao/scannet/posed_images/scene0256_00/00160.jpg",
      "transform_matrix": [
        [
          0.333954,
          0.019591,
          -0.942386,
          2.881211
        ],
        [
          0.941714,
          -0.050007,
          0.332677,
          2.379514
        ],
        [
          -0.040608,
          -0.998557,
          -0.035149,
          1.557437
        ],
        [
          0.0,
          0.0,
          0.0,
          1.0
        ]
      ]
    },
    {
      "file_path": "/media/NFS/ttao/scannet/posed_images/scene0256_00/00168.jpg",
      "transform_matrix": [
        [
          0.383477,
          -0.009416,
          -0.923502,
          2.883483
        ],
        [
          0.922595,
          -0.041559,
          0.383524,
          2.39448
        ],
        [
          -0.041991,
          -0.999092,
          -0.00725,
          1.572799
        ],
        [
          0.0,
          0.0,
          0.0,
          1.0
        ]
      ]
    },
    {
      "file_path": "/media/NFS/ttao/scannet/posed_images/scene0256_00/00170.jpg",
      "transform_matrix": [
        [
          0.403137,
          -0.020977,
          -0.914899,
          2.872856
        ],
        [
          0.913871,
          -0.043394,
          0.403679,
          2.380868
        ],
        [
          -0.048169,
          -0.998838,
          0.001677,
          1.560023
        ],
        [
          0.0,
          0.0,
          0.0,
          1.0
        ]
      ]
    },
    {
      "file_path": "/media/NFS/ttao/scannet/posed_images/scene0256_00/00179.jpg",
      "transform_matrix": [
        [
          0.459457,
          0.016932,
          -0.888039,
          2.85154
        ],
        [
          0.886446,
          -0.071543,
          0.457269,
          2.398277
        ],
        [
          -0.055791,
          -0.997294,
          -0.04788,
          1.547637
        ],
        [
          0.0,
          0.0,
          0.0,
          1.0
        ]
      ]
    },
    {
      "file_path": "/media/NFS/ttao/scannet/posed_images/scene0256_00/00184.jpg",
      "transform_matrix": [
        [
          0.485715,
          0.026829,
          -0.873706,
          2.8363
        ],
        [
          0.872462,
          -0.07637,
          0.482678,
          2.410475
        ],
        [
          -0.053775,
          -0.996719,
          -0.060501,
          1.535715
        ],
        [
          0.0,
          0.0,
          0.0,
          1.0
        ]
      ]
    },
    {
      "file_path": "/media/NFS/ttao/scannet/posed_images/scene0256_00/00185.jpg",
      "transform_matrix": [
        [
          0.486869,
          0.025655,
          -0.873098,
          2.837288
        ],
        [
          0.871499,
          -0.08147,
          0.483584,
          2.415997
        ],
        [
          -0.058725,
          -0.996346,
          -0.062023,
          1.535871
        ],
        [
          0.0,
          0.0,
          0.0,
          1.0
        ]
      ]
    },
    {
      "file_path": "/media/NFS/ttao/scannet/posed_images/scene0256_00/00194.jpg",
      "transform_matrix": [
        [
          0.500891,
          0.068765,
          -0.862774,
          2.844937
        ],
        [
          0.86409,
          -0.096829,
          0.493937,
          2.489335
        ],
        [
          -0.049576,
          -0.992923,
          -0.10792,
          1.511972
        ],
        [
          0.0,
          0.0,
          0.0,
          1.0
        ]
      ]
    },
    {
      "file_path": "/media/NFS/ttao/scannet/posed_images/scene0256_00/00196.jpg",
      "transform_matrix": [
        [
          0.501068,
          0.079847,
          -0.861717,
          2.849536
        ],
        [
          0.864248,
          -0.097726,
          0.493484,
          2.513114
        ],
        [
          -0.044809,
          -0.992005,
          -0.117975,
          1.507872
        ],
        [
          0.0,
          0.0,
          0.0,
          1.0
        ]
      ]
    },
    {
      "file_path": "/media/NFS/ttao/scannet/posed_images/scene0256_00/00201.jpg",
      "transform_matrix": [
        [
          0.512023,
          0.113646,
          -0.851421,
          2.850286
        ],
        [
          0.858666,
          -0.094143,
          0.503815,
          2.564253
        ],
        [
          -0.022899,
          -0.989051,
          -0.145787,
          1.489314
        ],
        [
          0.0,
          0.0,
          0.0,
          1.0
        ]
      ]
    },
    {
      "file_path": "/media/NFS/ttao/scannet/posed_images/scene0256_00/00210.jpg",
      "transform_matrix": [
        [
          0.509068,
          0.184627,
          -0.840692,
          2.846901
        ],
        [
          0.860503,
          -0.131415,
          0.492204,
          2.652901
        ],
        [
          -0.019605,
          -0.973983,
          -0.225771,
          1.463207
        ],
        [
          0.0,
          0.0,
          0.0,
          1.0
        ]
      ]
    },
    {
      "file_path": "/media/NFS/ttao/scannet/posed_images/scene0256_00/00215.jpg",
      "transform_matrix": [
        [
          0.514392,
          0.216104,
          -0.82988,
          2.8372
        ],
        [
          0.857309,
          -0.152816,
          0.491599,
          2.696324
        ],
        [
          -0.020582,
          -0.964338,
          -0.263875,
          1.455253
        ],
        [
          0.0,
          0.0,
          0.0,
          1.0
        ]
      ]
    },
    {
      "file_path": "/media/NFS/ttao/scannet/posed_images/scene0256_00/00221.jpg",
      "transform_matrix": [
        [
          0.528223,
          0.243677,
          -0.813389,
          2.808262
        ],
        [
          0.848851,
          -0.175,
          0.498826,
          2.738766
        ],
        [
          -0.020791,
          -0.953938,
          -0.299284,
          1.444606
        ],
        [
          0.0,
          0.0,
          0.0,
          1.0
        ]
      ]
    },
    {
      "file_path": "/media/NFS/ttao/scannet/posed_images/scene0256_00/00223.jpg",
      "transform_matrix": [
        [
          0.528827,
          0.248062,
          -0.811669,
          2.801265
        ],
        [
          0.848496,
          -0.176967,
          0.498736,
          2.75359
        ],
        [
          -0.019921,
          -0.952443,
          -0.304065,
          1.442452
        ],
        [
          0.0,
          0.0,
          0.0,
          1.0
        ]
      ]
    },
    {
      "file_path": "/media/NFS/ttao/scannet/posed_images/scene0256_00/00230.jpg",
      "transform_matrix": [
        [
          0.514041,
          0.27857,
          -0.811271,
          2.787553
        ],
        [
          0.857509,
          -0.190025,
          0.478089,
          2.799754
        ],
        [
          -0.020981,
          -0.94143,
          -0.336556,
          1.433404
        ],
        [
          0.0,
          0.0,
          0.0,
          1.0
        ]
      ]
    },
    {
      "file_path": "/media/NFS/ttao/scannet/posed_images/scene0256_00/00235.jpg",
      "transform_matrix": [
        [
          0.482659,
          0.296473,
          -0.824102,
          2.787357
        ],
        [
          0.875342,
          -0.194013,
          0.442873,
          2.839595
        ],
        [
          -0.028587,
          -0.935127,
          -0.353157,
          1.431677
        ],
        [
          0.0,
          0.0,
          0.0,
          1.0
        ]
      ]
    },
    {
      "file_path": "/media/NFS/ttao/scannet/posed_images/scene0256_00/00240.jpg",
      "transform_matrix": [
        [
          0.448867,
          0.314025,
          -0.836604,
          2.791336
        ],
        [
          0.893345,
          -0.180001,
          0.411746,
          2.888592
        ],
        [
          -0.021291,
          -0.932195,
          -0.36133,
          1.427541
        ],
        [
          0.0,
          0.0,
          0.0,
          1.0
        ]
      ]
    },
    {
      "file_path": "/media/NFS/ttao/scannet/posed_images/scene0256_00/00243.jpg",
      "transform_matrix": [
        [
          0.430676,
          0.328,
          -0.840794,
          2.798564
        ],
        [
          0.902415,
          -0.169781,
          0.396007,
          2.928223
        ],
        [
          -0.012861,
          -0.929296,
          -0.369112,
          1.423844
        ],
        [
          0.0,
          0.0,
          0.0,
          1.0
        ]
      ]
    },
    {
      "file_path": "/media/NFS/ttao/scannet/posed_images/scene0256_00/00252.jpg",
      "transform_matrix": [
        [
          0.452318,
          0.369297,
          -0.811806,
          2.802914
        ],
        [
          0.891792,
          -0.176283,
          0.416691,
          3.037538
        ],
        [
          0.010775,
          -0.912439,
          -0.409072,
          1.410321
        ],
        [
          0.0,
          0.0,
          0.0,
          1.0
        ]
      ]
    },
    {
      "file_path": "/media/NFS/ttao/scannet/posed_images/scene0256_00/00257.jpg",
      "transform_matrix": [
        [
          0.465991,
          0.384169,
          -0.797036,
          2.779997
        ],
        [
          0.884781,
          -0.198441,
          0.421644,
          3.081603
        ],
        [
          0.003818,
          -0.901685,
          -0.432377,
          1.407486
        ],
        [
          0.0,
          0.0,
          0.0,
          1.0
        ]
      ]
    },
    {
      "file_path": "/media/NFS/ttao/scannet/posed_images/scene0256_00/00260.jpg",
      "transform_matrix": [
        [
          0.469533,
          0.379615,
          -0.797139,
          2.763
        ],
        [
          0.882907,
          -0.205736,
          0.422077,
          3.105667
        ],
        [
          -0.003773,
          -0.901979,
          -0.431764,
          1.408094
        ],
        [
          0.0,
          0.0,
          0.0,
          1.0
        ]
      ]
    },
    {
      "file_path": "/media/NFS/ttao/scannet/posed_images/scene0256_00/00268.jpg",
      "transform_matrix": [
        [
          0.496591,
          0.400426,
          -0.770102,
          2.719873
        ],
        [
          0.867959,
          -0.235893,
          0.437037,
          3.170735
        ],
        [
          -0.00666,
          -0.885445,
          -0.464696,
          1.402446
        ],
        [
          0.0,
          0.0,
          0.0,
          1.0
        ]
      ]
    },
    {
      "file_path": "/media/NFS/ttao/scannet/posed_images/scene0256_00/00269.jpg",
      "transform_matrix": [
        [
          0.495248,
          0.402082,
          -0.770104,
          2.717527
        ],
        [
          0.868699,
          -0.238987,
          0.433875,
          3.179917
        ],
        [
          -0.009591,
          -0.883864,
          -0.467646,
          1.403223
        ],
        [
          0.0,
          0.0,
          0.0,
          1.0
        ]
      ]
    },
    {
      "file_path": "/media/NFS/ttao/scannet/posed_images/scene0256_00/00274.jpg",
      "transform_matrix": [
        [
          0.467961,
          0.408475,
          -0.783684,
          2.712667
        ],
        [
          0.883691,
          -0.226515,
          0.409613,
          3.220934
        ],
        [
          -0.010199,
          -0.884217,
          -0.466966,
          1.404383
        ],
        [
          0.0,
          0.0,
          0.0,
          1.0
        ]
      ]
    },
    {
      "file_path": "/media/NFS/ttao/scannet/posed_images/scene0256_00/00279.jpg",
      "transform_matrix": [
        [
          0.423037,
          0.414472,
          -0.805762,
          2.715333
        ],
        [
          0.90611,
          -0.195703,
          0.375054,
          3.274369
        ],
        [
          -0.002241,
          -0.888771,
          -0.458347,
          1.403421
        ],
        [
          0.0,
          0.0,
          0.0,
          1.0
        ]
      ]
    },
    {
      "file_path": "/media/NFS/ttao/scannet/posed_images/scene0256_00/00288.jpg",
      "transform_matrix": [
        [
          0.353336,
          0.449301,
          -0.820538,
          2.729031
        ],
        [
          0.934924,
          -0.138922,
          0.326523,
          3.385439
        ],
        [
          0.032716,
          -0.882513,
          -0.469148,
          1.403036
        ],
        [
          0.0,
          0.0,
          0.0,
          1.0
        ]
      ]
    },
    {
      "file_path": "/media/NFS/ttao/scannet/posed_images/scene0256_00/00289.jpg",
      "transform_matrix": [
        [
          0.352042,
          0.452558,
          -0.819303,
          2.727943
        ],
        [
          0.935398,
          -0.139136,
          0.325072,
          3.39779
        ],
        [
          0.033119,
          -0.880814,
          -0.472303,
          1.40397
        ],
        [
          0.0,
          0.0,
          0.0,
          1.0
        ]
      ]
    },
    {
      "file_path": "/media/NFS/ttao/scannet/posed_images/scene0256_00/00294.jpg",
      "transform_matrix": [
        [
          0.358124,
          0.457478,
          -0.813917,
          2.718012
        ],
        [
          0.93336,
          -0.152811,
          0.324789,
          3.457765
        ],
        [
          0.024208,
          -0.875992,
          -0.481717,
          1.405055
        ],
        [
          0.0,
          0.0,
          0.0,
          1.0
        ]
      ]
    },
    {
      "file_path": "/media/NFS/ttao/scannet/posed_images/scene0256_00/00300.jpg",
      "transform_matrix": [
        [
          0.367273,
          0.455953,
          -0.81069,
          2.697313
        ],
        [
          0.929794,
          -0.157129,
          0.332858,
          3.508914
        ],
        [
          0.024385,
          -0.876024,
          -0.481651,
          1.399747
        ],
        [
          0.0,
          0.0,
          0.0,
          1.0
        ]
      ]
    },
    {
      "file_path": "/media/NFS/ttao/scannet/posed_images/scene0256_00/00308.jpg",
      "transform_matrix": [
        [
          0.366204,
          0.458341,
          -0.809826,
          2.67164
        ],
        [
          0.930481,
          -0.170978,
          0.323995,
          3.606322
        ],
        [
          0.010038,
          -0.872176,
          -0.48909,
          1.399653
        ],
        [
          0.0,
          0.0,
          0.0,
          1.0
        ]
      ]
    },
    {
      "file_path": "/media/NFS/ttao/scannet/posed_images/scene0256_00/00311.jpg",
      "transform_matrix": [
        [
          0.345151,
          0.469712,
          -0.812553,
          2.664734
        ],
        [
          0.938451,
          -0.160274,
          0.305979,
          3.635525
        ],
        [
          0.013491,
          -0.868149,
          -0.49612,
          1.397823
        ],
        [
          0.0,
          0.0,
          0.0,
          1.0
        ]
      ]
    },
    {
      "file_path": "/media/NFS/ttao/scannet/posed_images/scene0256_00/00316.jpg",
      "transform_matrix": [
        [
          0.302317,
          0.48497,
          -0.820615,
          2.662339
        ],
        [
          0.952595,
          -0.122849,
          0.278336,
          3.712864
        ],
        [
          0.034173,
          -0.865859,
          -0.49912,
          1.392108
        ],
        [
          0.0,
          0.0,
          0.0,
          1.0
        ]
      ]
    },
    {
      "file_path": "/media/NFS/ttao/scannet/posed_images/scene0256_00/00324.jpg",
      "transform_matrix": [
        [
          0.259871,
          0.518797,
          -0.814442,
          2.651953
        ],
        [
          0.96402,
          -0.090495,
          0.249954,
          3.820104
        ],
        [
          0.055973,
          -0.850094,
          -0.523648,
          1.393118
        ],
        [
          0.0,
          0.0,
          0.0,
          1.0
        ]
      ]
    },
    {
      "file_path": "/media/NFS/ttao/scannet/posed_images/scene0256_00/00328.jpg",
      "transform_matrix": [
        [
          0.255187,
          0.526501,
          -0.810973,
          2.63627
        ],
        [
          0.965554,
          -0.094662,
          0.242372,
          3.871963
        ],
        [
          0.050841,
          -0.844888,
          -0.532522,
          1.39476
        ],
        [
          0.0,
          0.0,
          0.0,
          1.0
        ]
      ]
    },
    {
      "file_path": "/media/NFS/ttao/scannet/posed_images/scene0256_00/00331.jpg",
      "transform_matrix": [
        [
          0.257251,
          0.525728,
          -0.810822,
          2.619584
        ],
        [
          0.965167,
          -0.098377,
          0.242434,
          3.910433
        ],
        [
          0.047688,
          -0.844945,
          -0.532723,
          1.394197
        ],
        [
          0.0,
          0.0,
          0.0,
          1.0
        ]
      ]
    },
    {
      "file_path": "/media/NFS/ttao/scannet/posed_images/scene0256_00/00336.jpg",
      "transform_matrix": [
        [
          0.280459,
          0.513996,
          -0.810648,
          2.585364
        ],
        [
          0.957859,
          -0.095286,
          0.270973,
          3.965244
        ],
        [
          0.062036,
          -0.852484,
          -0.51906,
          1.393697
        ],
        [
          0.0,
          0.0,
          0.0,
          1.0
        ]
      ]
    },
    {
      "file_path": "/media/NFS/ttao/scannet/posed_images/scene0256_00/00342.jpg",
      "transform_matrix": [
        [
          0.301278,
          0.500745,
          -0.811472,
          2.55888
        ],
        [
          0.951795,
          -0.106509,
          0.287651,
          4.04304
        ],
        [
          0.05761,
          -0.859017,
          -0.508695,
          1.401901
        ],
        [
          0.0,
          0.0,
          0.0,
          1.0
        ]
      ]
    },
    {
      "file_path": "/media/NFS/ttao/scannet/posed_images/scene0256_00/00349.jpg",
      "transform_matrix": [
        [
          0.300511,
          0.504738,
          -0.809279,
          2.516478
        ],
        [
          0.951918,
          -0.105752,
          0.287521,
          4.114953
        ],
        [
          0.05954,
          -0.856771,
          -0.512249,
          1.406487
        ],
        [
          0.0,
          0.0,
          0.0,
          1.0
        ]
      ]
    },
    {
      "file_path": "/media/NFS/ttao/scannet/posed_images/scene0256_00/00355.jpg",
      "transform_matrix": [
        [
          0.229372,
          0.503595,
          -0.832935,
          2.501378
        ],
        [
          0.970317,
          -0.050921,
          0.236416,
          4.197877
        ],
        [
          0.076644,
          -0.862438,
          -0.500327,
          1.406589
        ],
        [
          0.0,
          0.0,
          0.0,
          1.0
        ]
      ]
    },
    {
      "file_path": "/media/NFS/ttao/scannet/posed_images/scene0256_00/00356.jpg",
      "transform_matrix": [
        [
          0.211319,
          0.507602,
          -0.835275,
          2.499996
        ],
        [
          0.974137,
          -0.039423,
          0.222493,
          4.21346
        ],
        [
          0.080009,
          -0.860689,
          -0.502805,
          1.406494
        ],
        [
          0.0,
          0.0,
          0.0,
          1.0
        ]
      ]
    },
    {
      "file_path": "/media/NFS/ttao/scannet/posed_images/scene0256_00/00363.jpg",
      "transform_matrix": [
        [
          0.102252,
          0.530364,
          -0.841581,
          2.483936
        ],
        [
          0.98915,
          0.035505,
          0.142557,
          4.302201
        ],
        [
          0.105488,
          -0.847026,
          -0.520979,
          1.404193
        ],
        [
          0.0,
          0.0,
          0.0,
          1.0
        ]
      ]
    },
    {
      "file_path": "/media/NFS/ttao/scannet/posed_images/scene0256_00/00369.jpg",
      "transform_matrix": [
        [
          0.035253,
          0.554115,
          -0.831694,
          2.451415
        ],
        [
          0.995383,
          0.054874,
          0.078751,
          4.373668
        ],
        [
          0.089275,
          -0.83063,
          -0.549622,
          1.40093
        ],
        [
          0.0,
          0.0,
          0.0,
          1.0
        ]
      ]
    },
    {
      "file_path": "/media/NFS/ttao/scannet/posed_images/scene0256_00/00372.jpg",
      "transform_matrix": [
        [
          0.002076,
          0.555011,
          -0.831841,
          2.431612
        ],
        [
          0.996532,
          0.06805,
          0.047891,
          4.407253
        ],
        [
          0.083187,
          -0.829055,
          -0.552945,
          1.397934
        ],
        [
          0.0,
          0.0,
          0.0,
          1.0
        ]
      ]
    },
    {
      "file_path": "/media/NFS/ttao/scannet/posed_images/scene0256_00/00381.jpg",
      "transform_matrix": [
        [
          -0.109214,
          0.52763,
          -0.842424,
          2.362367
        ],
        [
          0.988946,
          0.143185,
          -0.038529,
          4.507994
        ],
        [
          0.100294,
          -0.83732,
          -0.537436,
          1.385493
        ],
        [
          0.0,
          0.0,
          0.0,
          1.0
        ]
      ]
    },
    {
      "file_path": "/media/NFS/ttao/scannet/posed_images/scene0256_00/00383.jpg",
      "transform_matrix": [
        [
          -0.138149,
          0.519468,
          -0.843248,
          2.349608
        ],
        [
          0.984453,
          0.165273,
          -0.059468,
          4.527798
        ],
        [
          0.108474,
          -0.838354,
          -0.534225,
          1.385361
        ],
        [
          0.0,
          0.0,
          0.0,
          1.0
        ]
      ]
    },
    {
      "file_path": "/media/NFS/ttao/scannet/posed_images/scene0256_00/00391.jpg",
      "transform_matrix": [
        [
          -0.286418,
          0.516544,
          -0.806937,
          2.293888
        ],
        [
          0.955121,
          0.220352,
          -0.197962,
          4.606914
        ],
        [
          0.075553,
          -0.827422,
          -0.556475,
          1.393003
        ],
        [
          0.0,
          0.0,
          0.0,
          1.0
        ]
      ]
    },
    {
      "file_path": "/media/NFS/ttao/scannet/posed_images/scene0256_00/00397.jpg",
      "transform_matrix": [
        [
          -0.420258,
          0.488683,
          -0.764573,
          2.264595
        ],
        [
          0.904421,
          0.293859,
          -0.309305,
          4.687411
        ],
        [
          0.073524,
          -0.821484,
          -0.565472,
          1.383086
        ],
        [
          0.0,
          0.0,
          0.0,
          1.0
        ]
      ]
    },
    {
      "file_path": "/media/NFS/ttao/scannet/posed_images/scene0256_00/00400.jpg",
      "transform_matrix": [
        [
          -0.498299,
          0.466178,
          -0.731011,
          2.245114
        ],
        [
          0.863827,
          0.339077,
          -0.372599,
          4.74402
        ],
        [
          0.074171,
          -0.817133,
          -0.571658,
          1.377848
        ],
