{
  "frames": [
    {
      "file_path": "/media/NFS/ttao/scannet/posed_images/scene0390_00/00003.jpg",
      "transform_matrix": [
        [
          0.574499,
          -0.280821,
          0.768824,
          1.054553
        ],
        [
          -0.817955,
          -0.162512,
          0.551852,
          1.186181
        ],
        [
          -0.030028,
          -0.945901,
          -0.323062,
          1.497011
        ],
        [
          0.0,
          0.0,
          0.0,
          1.0
        ]
      ]
    },
    {
      "file_path": "/media/NFS/ttao/scannet/posed_images/scene0390_00/00011.jpg",
      "transform_matrix": [
        [
          0.589441,
          -0.277647,
          0.758598,
          1.054243
        ],
        [
          -0.807361,
          -0.171127,
          0.564698,
          1.209349
        ],
        [
          -0.02697,
          -0.945319,
          -0.325031,
          1.539783
        ],
        [
          0.0,
          0.0,
          0.0,
          1.0
        ]
      ]
    },
    {
      "file_path": "/media/NFS/ttao/scannet/posed_images/scene0390_00/00016.jpg",
      "transform_matrix": [
        [
          0.603365,
          -0.264842,
          0.752203,
          1.046419
        ],
        [
          -0.796932,
          -0.16576,
          0.580882,
          1.215106
        ],
        [
          -0.029157,
          -0.949938,
          -0.311075,
          1.540784
        ],
        [
          0.0,
          0.0,
          0.0,
          1.0
        ]
      ]
    },
    {
      "file_path": "/media/NFS/ttao/scannet/posed_images/scene0390_00/00032.jpg",
      "transform_matrix": [
        [
          0.690195,
          -0.167346,
          0.704008,
          1.03616
        ],
        [
          -0.722816,
          -0.113486,
          0.681658,
          1.209072
        ],
        [
          -0.034177,
          -0.979345,
          -0.199288,
          1.568471
        ],
        [
          0.0,
          0.0,
          0.0,
          1.0
        ]
      ]
    },
    {
      "file_path": "/media/NFS/ttao/scannet/posed_images/scene0390_00/00034.jpg",
      "transform_matrix": [
        [
          0.698305,
          -0.161941,
          0.697241,
          1.025425
        ],
        [
          -0.714987,
          -0.111363,
          0.690212,
          1.212778
        ],
        [
          -0.034126,
          -0.980496,
          -0.193551,
          1.569878
        ],
        [
          0.0,
          0.0,
          0.0,
          1.0
        ]
      ]
    },
    {
      "file_path": "/media/NFS/ttao/scannet/posed_images/scene0390_00/00042.jpg",
      "transform_matrix": [
        [
          0.769156,
          -0.165701,
          0.617206,
          1.039214
        ],
        [
          -0.636903,
          -0.119435,
          0.761637,
          1.196389
        ],
        [
          -0.052488,
          -0.978917,
          -0.197399,
          1.574851
        ],
        [
          0.0,
          0.0,
          0.0,
          1.0
        ]
      ]
    },
    {
      "file_path": "/media/NFS/ttao/scannet/posed_images/scene0390_00/00058.jpg",
      "transform_matrix": [
        [
          0.81504,
          -0.11599,
          0.567676,
          1.018707
        ],
        [
          -0.576156,
          -0.058653,
          0.815232,
          1.186767
        ],
        [
          -0.061263,
          -0.991517,
          -0.114633,
          1.58044
        ],
        [
          0.0,
          0.0,
          0.0,
          1.0
        ]
      ]
    },
    {
      "file_path": "/media/NFS/ttao/scannet/posed_images/scene0390_00/00066.jpg",
      "transform_matrix": [
        [
          0.752561,
          -0.114343,
          0.648519,
          0.988939
        ],
        [
          -0.657107,
          -0.065864,
          0.750914,
          1.214935
        ],
        [
          -0.043147,
          -0.991256,
          -0.124703,
          1.568382
        ],
        [
          0.0,
          0.0,
          0.0,
          1.0
        ]
      ]
    },
    {
      "file_path": "/media/NFS/ttao/scannet/posed_images/scene0390_00/00071.jpg",
      "transform_matrix": [
        [
          0.713855,
          -0.124491,
          0.689139,
          1.005392
        ],
        [
          -0.698873,
          -0.063983,
          0.712379,
          1.212558
        ],
        [
          -0.044592,
          -0.990156,
          -0.132678,
          1.613227
        ],
        [
          0.0,
          0.0,
          0.0,
          1.0
        ]
      ]
    },
    {
      "file_path": "/media/NFS/ttao/scannet/posed_images/scene0390_00/00076.jpg",
      "transform_matrix": [
        [
          0.657528,
          -0.126792,
          0.742685,
          1.00975
        ],
        [
          -0.752883,
          -0.073,
          0.654094,
          1.248492
        ],
        [
          -0.028717,
          -0.98924,
          -0.143459,
          1.598998
        ],
        [
          0.0,
          0.0,
          0.0,
          1.0
        ]
      ]
    },
    {
      "file_path": "/media/NFS/ttao/scannet/posed_images/scene0390_00/00089.jpg",
      "transform_matrix": [
        [
          0.543604,
          -0.120523,
          0.830643,
          1.016141
        ],
        [
          -0.838865,
          -0.111367,
          0.532826,
          1.339347
        ],
        [
          0.028289,
          -0.986444,
          -0.161642,
          1.537227
        ],
        [
          0.0,
          0.0,
          0.0,
          1.0
        ]
      ]
    },
    {
      "file_path": "/media/NFS/ttao/scannet/posed_images/scene0390_00/00100.jpg",
      "transform_matrix": [
        [
          0.466938,
          -0.162125,
          0.869301,
          1.095353
        ],
        [
          -0.884143,
          -0.103526,
          0.455602,
          1.450929
        ],
        [
          0.016131,
          -0.981325,
          -0.191682,
          1.533301
        ],
        [
          0.0,
          0.0,
          0.0,
          1.0
        ]
      ]
    },
    {
      "file_path": "/media/NFS/ttao/scannet/posed_images/scene0390_00/00103.jpg",
      "transform_matrix": [
        [
          0.447134,
          -0.17395,
          0.877389,
          1.111721
        ],
        [
          -0.894448,
          -0.080502,
          0.439867,
          1.498204
        ],
        [
          -0.005884,
          -0.981458,
          -0.191585,
          1.529997
        ],
        [
          0.0,
          0.0,
          0.0,
          1.0
        ]
      ]
    },
    {
      "file_path": "/media/NFS/ttao/scannet/posed_images/scene0390_00/00118.jpg",
      "transform_matrix": [
        [
          0.375541,
          -0.260632,
          0.889404,
          1.181408
        ],
        [
          -0.926417,
          -0.133358,
          0.35209,
          1.677035
        ],
        [
          0.026843,
          -0.956183,
          -0.291536,
          1.509425
        ],
        [
          0.0,
          0.0,
          0.0,
          1.0
        ]
      ]
    },
    {
      "file_path": "/media/NFS/ttao/scannet/posed_images/scene0390_00/00121.jpg",
      "transform_matrix": [
        [
          0.371339,
          -0.260713,
          0.891143,
          1.171345
        ],
        [
          -0.928311,
          -0.123454,
          0.35071,
          1.703365
        ],
        [
          0.018581,
          -0.95749,
          -0.287867,
          1.493292
        ],
        [
          0.0,
          0.0,
          0.0,
          1.0
        ]
      ]
    },
    {
      "file_path": "/media/NFS/ttao/scannet/posed_images/scene0390_00/00134.jpg",
      "transform_matrix": [
        [
          0.408283,
          -0.31656,
          0.856209,
          1.124605
        ],
        [
          -0.912233,
          -0.106846,
          0.395494,
          1.947374
        ],
        [
          -0.033715,
          -0.942536,
          -0.3324,
          1.492588
        ],
        [
          0.0,
          0.0,
          0.0,
          1.0
        ]
      ]
    },
    {
      "file_path": "/media/NFS/ttao/scannet/posed_images/scene0390_00/00139.jpg",
      "transform_matrix": [
        [
          0.407856,
          -0.32316,
          0.853945,
          1.110743
        ],
        [
          -0.912259,
          -0.105384,
          0.395827,
          2.018844
        ],
        [
          -0.037924,
          -0.940459,
          -0.337787,
          1.485867
        ],
        [
          0.0,
          0.0,
          0.0,
          1.0
        ]
      ]
    },
    {
      "file_path": "/media/NFS/ttao/scannet/posed_images/scene0390_00/00147.jpg",
      "transform_matrix": [
        [
          0.376664,
          -0.291501,
          0.87929,
          1.105707
        ],
        [
          -0.926331,
          -0.124671,
          0.355484,
          2.113744
        ],
        [
          0.005998,
          -0.948411,
          -0.316985,
          1.463022
        ],
        [
          0.0,
          0.0,
          0.0,
          1.0
        ]
      ]
    },
    {
      "file_path": "/media/NFS/ttao/scannet/posed_images/scene0390_00/00160.jpg",
      "transform_matrix": [
        [
          0.159843,
          -0.275757,
          0.947844,
          1.183961
        ],
        [
          -0.987098,
          -0.053755,
          0.150823,
          2.294082
        ],
        [
          0.009361,
          -0.959723,
          -0.280792,
          1.4584
        ],
        [
          0.0,
          0.0,
          0.0,
          1.0
        ]
      ]
    },
    {
      "file_path": "/media/NFS/ttao/scannet/posed_images/scene0390_00/00166.jpg",
      "transform_matrix": [
        [
          0.084387,
          -0.296984,
          0.951146,
          1.224433
        ],
        [
          -0.996369,
          -0.035971,
          0.077167,
          2.372325
        ],
        [
          0.011296,
          -0.954205,
          -0.298941,
          1.461745
        ],
        [
          0.0,
          0.0,
          0.0,
          1.0
        ]
      ]
    },
    {
      "file_path": "/media/NFS/ttao/scannet/posed_images/scene0390_00/00176.jpg",
      "transform_matrix": [
        [
          -0.080522,
          -0.314322,
          0.945895,
          1.266627
        ],
        [
          -0.996708,
          0.01639,
          -0.079401,
          2.517537
        ],
        [
          0.009454,
          -0.949175,
          -0.314607,
          1.448417
        ],
        [
          0.0,
          0.0,
          0.0,
          1.0
        ]
      ]
    },
    {
      "file_path": "/media/NFS/ttao/scannet/posed_images/scene0390_00/00189.jpg",
      "transform_matrix": [
        [
          -0.268778,
          -0.38106,
          0.884619,
          1.368321
        ],
        [
          -0.962589,
          0.073506,
          -0.260804,
          2.649423
        ],
        [
          0.034357,
          -0.921624,
          -0.386561,
          1.438012
        ],
        [
          0.0,
          0.0,
          0.0,
          1.0
        ]
      ]
    },
    {
      "file_path": "/media/NFS/ttao/scannet/posed_images/scene0390_00/00197.jpg",
      "transform_matrix": [
        [
          -0.323204,
          -0.329004,
          0.887296,
          1.453712
        ],
        [
          -0.946299,
          0.104857,
          -0.305816,
          2.71677
        ],
        [
          0.007576,
          -0.938489,
          -0.345227,
          1.429881
        ],
        [
          0.0,
          0.0,
          0.0,
          1.0
        ]
      ]
    },
    {
      "file_path": "/media/NFS/ttao/scannet/posed_images/scene0390_00/00205.jpg",
      "transform_matrix": [
        [
          -0.342952,
          -0.29621,
          0.891428,
          1.553435
        ],
        [
          -0.939336,
          0.113795,
          -0.32357,
          2.75572
        ],
        [
          -0.005595,
          -0.94832,
          -0.317267,
          1.43064
        ],
        [
          0.0,
          0.0,
          0.0,
          1.0
        ]
      ]
    },
    {
      "file_path": "/media/NFS/ttao/scannet/posed_images/scene0390_00/00216.jpg",
      "transform_matrix": [
        [
          -0.442232,
          -0.213241,
          0.871182,
          1.66297
        ],
        [
          -0.896892,
          0.109372,
          -0.428512,
          2.804424
        ],
        [
          -0.003907,
          -0.970858,
          -0.239622,
          1.464003
        ],
        [
          0.0,
          0.0,
          0.0,
          1.0
        ]
      ]
    },
    {
      "file_path": "/media/NFS/ttao/scannet/posed_images/scene0390_00/00224.jpg",
      "transform_matrix": [
        [
          -0.532065,
          -0.155051,
          0.832386,
          1.756323
        ],
        [
          -0.846609,
          0.112167,
          -0.520262,
          2.866076
        ],
        [
          -0.012699,
          -0.981518,
          -0.190948,
          1.496184
        ],
        [
          0.0,
          0.0,
          0.0,
          1.0
        ]
      ]
    },
    {
      "file_path": "/media/NFS/ttao/scannet/posed_images/scene0390_00/00229.jpg",
      "transform_matrix": [
        [
          -0.551878,
          -0.14009,
          0.822074,
          1.8007
        ],
        [
          -0.833893,
          0.101318,
          -0.542546,
          2.904487
        ],
        [
          -0.007286,
          -0.984941,
          -0.172736,
          1.50487
        ],
        [
          0.0,
          0.0,
          0.0,
          1.0
        ]
      ]
    },
    {
      "file_path": "/media/NFS/ttao/scannet/posed_images/scene0390_00/00239.jpg",
      "transform_matrix": [
        [
          -0.58473,
          -0.089903,
          0.806231,
          1.836163
        ],
        [
          -0.811145,
          0.078992,
          -0.579486,
          2.949447
        ],
        [
          -0.011588,
          -0.992813,
          -0.119113,
          1.515496
        ],
        [
          0.0,
          0.0,
          0.0,
          1.0
        ]
      ]
    },
    {
      "file_path": "/media/NFS/ttao/scannet/posed_images/scene0390_00/00245.jpg",
      "transform_matrix": [
        [
          -0.623766,
          -0.09275,
          0.776088,
          1.861741
        ],
        [
          -0.781595,
          0.067775,
          -0.620093,
          2.96524
        ],
        [
          0.004915,
          -0.99338,
          -0.114769,
          1.511855
        ],
        [
          0.0,
          0.0,
          0.0,
          1.0
        ]
      ]
    },
    {
      "file_path": "/media/NFS/ttao/scannet/posed_images/scene0390_00/00258.jpg",
      "transform_matrix": [
        [
          -0.602358,
          -0.062305,
          0.795791,
          1.884857
        ],
        [
          -0.798209,
          0.040399,
          -0.601025,
          2.98543
        ],
        [
          0.005297,
          -0.997239,
          -0.074067,
          1.535622
        ],
        [
          0.0,
          0.0,
          0.0,
          1.0
        ]
      ]
    },
    {
      "file_path": "/media/NFS/ttao/scannet/posed_images/scene0390_00/00260.jpg",
      "transform_matrix": [
        [
          -0.591664,
          -0.064178,
          0.803626,
          1.886042
        ],
        [
          -0.80616,
          0.039275,
          -0.590393,
          2.978066
        ],
        [
          0.006327,
          -0.997165,
          -0.074975,
          1.544877
        ],
        [
          0.0,
          0.0,
          0.0,
          1.0
        ]
      ]
    },
    {
      "file_path": "/media/NFS/ttao/scannet/posed_images/scene0390_00/00276.jpg",
      "transform_matrix": [
        [
          -0.392155,
          -0.06564,
          0.917554,
          1.986691
        ],
        [
          -0.919761,
          0.04526,
          -0.38986,
          2.970287
        ],
        [
          -0.015938,
          -0.996816,
          -0.078122,
          1.529643
        ],
        [
          0.0,
          0.0,
          0.0,
          1.0
        ]
      ]
    },
    {
      "file_path": "/media/NFS/ttao/scannet/posed_images/scene0390_00/00282.jpg",
      "transform_matrix": [
        [
          -0.27765,
          -0.071959,
          0.957984,
          2.014891
        ],
        [
          -0.960575,
          0.035697,
          -0.27572,
          2.972678
        ],
        [
          -0.014357,
          -0.996769,
          -0.079033,
          1.526079
        ],
        [
          0.0,
          0.0,
          0.0,
          1.0
        ]
      ]
    },
    {
      "file_path": "/media/NFS/ttao/scannet/posed_images/scene0390_00/00292.jpg",
      "transform_matrix": [
        [
          -0.113017,
          -0.123935,
          0.985833,
          2.099278
        ],
        [
          -0.993558,
          0.005764,
          -0.113178,
          2.991344
        ],
        [
          0.008344,
          -0.992274,
          -0.123788,
          1.498761
        ],
        [
          0.0,
          0.0,
          0.0,
          1.0
        ]
      ]
    },
    {
      "file_path": "/media/NFS/ttao/scannet/posed_images/scene0390_00/00303.jpg",
      "transform_matrix": [
        [
          -0.002292,
          -0.089417,
          0.995992,
          2.216928
        ],
        [
          -0.999978,
          0.006403,
          -0.001726,
          2.979858
        ],
        [
          -0.006223,
          -0.995974,
          -0.08943,
          1.528428
        ],
        [
          0.0,
          0.0,
          0.0,
          1.0
        ]
      ]
    },
    {
      "file_path": "/media/NFS/ttao/scannet/posed_images/scene0390_00/00310.jpg",
      "transform_matrix": [
        [
          -0.005042,
          -0.070041,
          0.997531,
          2.295034
        ],
        [
          -0.999496,
          0.031637,
          -0.002831,
          3.039317
        ],
        [
          -0.03136,
          -0.997042,
          -0.070165,
          1.535246
        ],
        [
          0.0,
          0.0,
          0.0,
          1.0
        ]
      ]
    },
    {
      "file_path": "/media/NFS/ttao/scannet/posed_images/scene0390_00/00316.jpg",
      "transform_matrix": [
        [
          -0.002961,
          -0.085077,
          0.99637,
          2.356646
        ],
        [
          -0.99971,
          0.024076,
          -0.000915,
          3.079414
        ],
        [
          -0.023911,
          -0.996084,
          -0.085124,
          1.524841
        ],
        [
          0.0,
          0.0,
          0.0,
          1.0
        ]
      ]
    },
    {
      "file_path": "/media/NFS/ttao/scannet/posed_images/scene0390_00/00329.jpg",
      "transform_matrix": [
        [
          0.074417,
          -0.038758,
          0.996474,
          2.554522
        ],
        [
          -0.996714,
          0.029153,
          0.075569,
          3.135162
        ],
        [
          -0.031979,
          -0.998823,
          -0.036461,
          1.530928
        ],
        [
          0.0,
          0.0,
          0.0,
          1.0
        ]
      ]
    },
    {
      "file_path": "/media/NFS/ttao/scannet/posed_images/scene0390_00/00334.jpg",
      "transform_matrix": [
        [
          0.073101,
          -0.05363,
          0.995882,
          2.629807
        ],
        [
          -0.996851,
          0.026852,
          0.074618,
          3.175821
        ],
        [
          -0.030743,
          -0.9982,
          -0.051498,
          1.538182
        ],
        [
          0.0,
          0.0,
          0.0,
          1.0
        ]
      ]
    },
    {
      "file_path": "/media/NFS/ttao/scannet/posed_images/scene0390_00/00345.jpg",
      "transform_matrix": [
        [
          0.044726,
          -0.07937,
          0.995841,
          2.792585
        ],
        [
          -0.998972,
          0.003872,
          0.045175,
          3.244078
        ],
        [
          -0.007441,
          -0.996838,
          -0.079116,
          1.524814
        ],
        [
          0.0,
          0.0,
          0.0,
          1.0
        ]
      ]
    },
    {
      "file_path": "/media/NFS/ttao/scannet/posed_images/scene0390_00/00350.jpg",
      "transform_matrix": [
        [
          -0.041306,
          -0.087459,
          0.995311,
          2.874383
        ],
        [
          -0.999142,
          0.006486,
          -0.040895,
          3.301672
        ],
        [
          -0.002879,
          -0.996147,
          -0.087652,
          1.531179
        ],
        [
          0.0,
          0.0,
          0.0,
          1.0
        ]
      ]
    },
    {
      "file_path": "/media/NFS/ttao/scannet/posed_images/scene0390_00/00360.jpg",
      "transform_matrix": [
        [
          -0.203892,
          -0.081772,
          0.975572,
          3.021226
        ],
        [
          -0.978896,
          0.031083,
          -0.201981,
          3.424022
        ],
        [
          -0.013808,
          -0.996166,
          -0.086384,
          1.541443
        ],
        [
          0.0,
          0.0,
          0.0,
          1.0
        ]
      ]
    },
    {
      "file_path": "/media/NFS/ttao/scannet/posed_images/scene0390_00/00368.jpg",
      "transform_matrix": [
        [
          -0.343441,
          -0.061448,
          0.937162,
          3.136346
        ],
        [
          -0.939156,
          0.016193,
          -0.34311,
          3.471725
        ],
        [
          0.005908,
          -0.997979,
          -0.06327,
          1.538153
        ],
        [
          0.0,
          0.0,
          0.0,
          1.0
        ]
      ]
    },
    {
      "file_path": "/media/NFS/ttao/scannet/posed_images/scene0390_00/00376.jpg",
      "transform_matrix": [
        [
          -0.441475,
          -0.054492,
          0.895617,
          3.275707
        ],
        [
          -0.897269,
          0.023932,
          -0.440834,
          3.50641
        ],
        [
          0.002588,
          -0.998227,
          -0.05946,
          1.553351
        ],
        [
          0.0,
          0.0,
          0.0,
          1.0
        ]
      ]
    },
    {
      "file_path": "/media/NFS/ttao/scannet/posed_images/scene0390_00/00389.jpg",
      "transform_matrix": [
        [
          -0.59075,
          -0.054485,
          0.805013,
          3.476422
        ],
        [
          -0.806833,
          0.032688,
          -0.589874,
          3.509102
        ],
        [
          0.005825,
          -0.997979,
          -0.063271,
          1.532453
        ],
        [
          0.0,
          0.0,
          0.0,
          1.0
        ]
      ]
    },
    {
      "file_path": "/media/NFS/ttao/scannet/posed_images/scene0390_00/00392.jpg",
      "transform_matrix": [
        [
          -0.609055,
          -0.041695,
          0.792031,
          3.489543
        ],
        [
          -0.793036,
          0.047229,
          -0.607342,
          3.457464
        ],
        [
          -0.012084,
          -0.998014,
          -0.061831,
          1.532856
        ],
        [
          0.0,
          0.0,
          0.0,
          1.0
        ]
      ]
    },
    {
      "file_path": "/media/NFS/ttao/scannet/posed_images/scene0390_00/00405.jpg",
      "transform_matrix": [
        [
          -0.775414,
          -0.017287,
          0.631217,
          3.680589
        ],
        [
          -0.629069,
          0.10794,
          -0.769819,
          3.460103
        ],
        [
          -0.054825,
          -0.994007,
          -0.094573,
          1.484103
        ],
        [
          0.0,
          0.0,
          0.0,
          1.0
        ]
      ]
    },
    {
      "file_path": "/media/NFS/ttao/scannet/posed_images/scene0390_00/00416.jpg",
      "transform_matrix": [
        [
          -0.862312,
          -0.053563,
          0.503536,
          3.801992
        ],
        [
          -0.506067,
          0.125933,
          -0.853251,
          3.449672
        ],
        [
          -0.017709,
          -0.990592,
          -0.135699,
          1.472509
        ],
        [
          0.0,
          0.0,
          0.0,
          1.0
        ]
      ]
    },
    {
      "file_path": "/media/NFS/ttao/scannet/posed_images/scene0390_00/00426.jpg",
      "transform_matrix": [
        [
          -0.922536,
          0.000279,
          0.38591,
          3.932842
        ],
        [
          -0.382409,
          0.133733,
          -0.914264,
          3.395687
        ],
        [
          -0.051864,
          -0.991018,
          -0.123267,
          1.472148
        ],
        [
          0.0,
          0.0,
          0.0,
          1.0
        ]
      ]
    },
    {
      "file_path": "/media/NFS/ttao/scannet/posed_images/scene0390_00/00431.jpg",
      "transform_matrix": [
        [
          -0.931003,
          0.01911,
          0.36451,
          3.921196
        ],
        [
          -0.359672,
          0.122138,
          -0.92505,
          3.352608
        ],
        [
          -0.062198,
          -0.992329,
          -0.106838,
          1.462686
        ],
        [
          0.0,
          0.0,
          0.0,
          1.0
        ]
      ]
    },
    {
      "file_path": "/media/NFS/ttao/scannet/posed_images/scene0390_00/00437.jpg",
      "transform_matrix": [
        [
          -0.962801,
          -0.012562,
          0.269921,
          4.005167
        ],
        [
          -0.269467,
          0.118811,
          -0.955653,
          3.327772
        ],
        [
          -0.020064,
          -0.992838,
          -0.117776,
          1.473214
        ],
        [
          0.0,
          0.0,
          0.0,
          1.0
        ]
      ]
    },
    {
      "file_path": "/media/NFS/ttao/scannet/posed_images/scene0390_00/00450.jpg",
      "transform_matrix": [
        [
          -0.998168,
          0.01611,
          0.058314,
          4.23366
        ],
        [
          -0.054925,
          0.162796,
          -0.98513,
          3.244493
        ],
        [
          -0.025364,
          -0.986528,
          -0.161613,
          1.466696
        ],
        [
          0.0,
          0.0,
          0.0,
          1.0
        ]
      ]
    },
    {
      "file_path": "/media/NFS/ttao/scannet/posed_images/scene0390_00/00460.jpg",
      "transform_matrix": [
        [
          -0.998711,
          0.033757,
          -0.037896,
          4.376294
        ],
        [
          0.044301,
          0.215587,
          -0.975479,
          3.157624
        ],
        [
          -0.024759,
          -0.975901,
          -0.216804,
          1.44125
        ],
        [
          0.0,
          0.0,
          0.0,
          1.0
        ]
      ]
    },
    {
      "file_path": "/media/NFS/ttao/scannet/posed_images/scene0390_00/00468.jpg",
      "transform_matrix": [
        [
          -0.999386,
          0.01354,
          -0.032297,
          4.41549
        ],
        [
          0.034965,
          0.333645,
          -0.94205,
          3.074118
        ],
        [
          -0.00198,
          -0.942602,
          -0.333914,
          1.413871
        ],
        [
          0.0,
          0.0,
          0.0,
          1.0
        ]
      ]
    },
    {
      "file_path": "/media/NFS/ttao/scannet/posed_images/scene0390_00/00471.jpg",
      "transform_matrix": [
        [
          -0.999647,
          0.01182,
          -0.023794,
          4.42632
        ],
        [
          0.026404,
          0.34265,
          -0.939092,
          3.045555
        ],
        [
          -0.002947,
          -0.939389,
          -0.342841,
          1.406595
        ],
        [
          0.0,
          0.0,
          0.0,
          1.0
        ]
      ]
    },
    {
      "file_path": "/media/NFS/ttao/scannet/posed_images/scene0390_00/00484.jpg",
      "transform_matrix": [
        [
          -0.990585,
          -0.069958,
          0.117672,
          4.484542
        ],
        [
          -0.136296,
          0.423527,
          -0.895571,
          2.945456
        ],
        [
          0.012815,
          -0.903178,
          -0.429075,
          1.391341
        ],
        [
          0.0,
          0.0,
          0.0,
          1.0
        ]
      ]
    },
    {
      "file_path": "/media/NFS/ttao/scannet/posed_images/scene0390_00/00489.jpg",
      "transform_matrix": [
        [
          -0.96617,
          -0.116706,
          0.22999,
          4.509323
        ],
        [
          -0.257903,
          0.433153,
          -0.863634,
          2.949077
        ],
        [
          0.00117,
          -0.893733,
          -0.448599,
          1.36938
        ],
        [
          0.0,
          0.0,
          0.0,
          1.0
        ]
      ]
    },
    {
      "file_path": "/media/NFS/ttao/scannet/posed_images/scene0390_00/00503.jpg",
      "transform_matrix": [
        [
          -0.890283,
          -0.234007,
          0.390688,
          4.594791
        ],
        [
          -0.455385,
          0.465922,
          -0.758644,
          2.994367
        ],
        [
          -0.004502,
          -0.853322,
          -0.521366,
          1.368839
        ],
        [
          0.0,
          0.0,
          0.0,
          1.0
        ]
      ]
    },
    {
      "file_path": "/media/NFS/ttao/scannet/posed_images/scene0390_00/00513.jpg",
      "transform_matrix": [
        [
          -0.799032,
          -0.313612,
          0.513025,
          4.615654
        ],
        [
          -0.600175,
          0.467887,
          -0.648747,
          3.036726
        ],
        [
          -0.036582,
          -0.826274,
          -0.562079,
          1.366575
        ],
        [
          0.0,
          0.0,
          0.0,
          1.0
        ]
      ]
    },
    {
      "file_path": "/media/NFS/ttao/scannet/posed_images/scene0390_00/00516.jpg",
      "transform_matrix": [
        [
          -0.80733,
          -0.306876,
          0.50403,
          4.622553
        ],
        [
          -0.588784,
          0.475937,
          -0.653313,
          3.050719
        ],
        [
          -0.0394,
          -0.824203,
          -0.564922,
          1.36798
        ],
        [
          0.0,
          0.0,
          0.0,
          1.0
        ]
      ]
    },
    {
      "file_path": "/media/NFS/ttao/scannet/posed_images/scene0390_00/00531.jpg",
      "transform_matrix": [
        [
          -0.924103,
          -0.171929,
          0.341282,
          4.679689
        ],
        [
          -0.380339,
          0.500483,
          -0.777727,
          3.142192
        ],
        [
          -0.037092,
          -0.848503,
          -0.527889,
          1.35789
        ],
        [
          0.0,
          0.0,
          0.0,
          1.0
        ]
      ]
    },
    {
      "file_path": "/media/NFS/ttao/scannet/posed_images/scene0390_00/00537.jpg",
      "transform_matrix": [
        [
          -0.963467,
          -0.130315,
          0.233986,
          4.689129
        ],
        [
          -0.266586,
          0.550625,
          -0.79104,
          3.177305
        ],
        [
          -0.025755,
          -0.824518,
          -0.565249,
          1.357754
        ],
        [
          0.0,
          0.0,
          0.0,
          1.0
        ]
      ]
    },
    {
      "file_path": "/media/NFS/ttao/scannet/posed_images/scene0390_00/00545.jpg",
      "transform_matrix": [
        [
          -0.993109,
          -0.032521,
          0.112589,
          4.671167
        ],
        [
          -0.11016,
          0.586836,
          -0.802178,
          3.227579
        ],
        [
          -0.039984,
          -0.809053,
          -0.586374,
          1.350863
        ],
        [
          0.0,
          0.0,
          0.0,
          1.0
        ]
      ]
    },
    {
      "file_path": "/media/NFS/ttao/scannet/posed_images/scene0390_00/00550.jpg",
      "transform_matrix": [
        [
          -0.998574,
          0.043843,
          0.030452,
          4.69133
        ],
        [
          0.00167,
          0.595836,
          -0.803105,
          3.280681
        ],
        [
          -0.053355,
          -0.801909,
          -0.595059,
          1.339155
        ],
        [
          0.0,
          0.0,
          0.0,
          1.0
        ]
      ]
    },
    {
      "file_path": "/media/NFS/ttao/scannet/posed_images/scene0390_00/00566.jpg",
      "transform_matrix": [
        [
          -0.932124,
          0.238656,
          -0.272376,
          4.673396
        ],
        [
          0.362076,
          0.600054,
          -0.713328,
          3.397407
        ],
        [
          -0.0068,
          -0.76353,
          -0.645736,
          1.314869
        ],
        [
          0.0,
          0.0,
          0.0,
          1.0
        ]
      ]
    },
    {
      "file_path": "/media/NFS/ttao/scannet/posed_images/scene0390_00/00568.jpg",
      "transform_matrix": [
        [
          -0.919776,
          0.256006,
          -0.297443,
          4.668173
        ],
        [
          0.392429,
          0.59372,
          -0.702493,
          3.40755
        ],
        [
          -0.003245,
          -0.762862,
          -0.646554,
          1.312526
        ],
        [
          0.0,
          0.0,
          0.0,
          1.0
        ]
      ]
    },
    {
      "file_path": "/media/NFS/ttao/scannet/posed_images/scene0390_00/00579.jpg",
      "transform_matrix": [
        [
          -0.884923,
          0.278564,
          -0.373247,
          4.634773
        ],
        [
          0.464277,
          0.591034,
          -0.659641,
          3.452397
        ],
        [
          0.036849,
          -0.757021,
          -0.65235,
          1.297822
        ],
        [
          0.0,
          0.0,
          0.0,
          1.0
        ]
      ]
    },
    {
      "file_path": "/media/NFS/ttao/scannet/posed_images/scene0390_00/00587.jpg",
      "transform_matrix": [
        [
          -0.858854,
          0.312484,
          -0.405861,
          4.611837
        ],
        [
          0.511222,
          0.572367,
          -0.64113,
          3.432085
        ],
        [
          0.031959,
          -0.758122,
          -0.651329,
          1.29331
        ],
        [
          0.0,
          0.0,
          0.0,
          1.0
        ]
      ]
    },
    {
      "file_path": "/media/NFS/ttao/scannet/posed_images/scene0390_00/00600.jpg",
      "transform_matrix": [
        [
          -0.696084,
          0.476001,
          -0.537485,
          4.609797
        ],
        [
          0.717941,
          0.467086,
          -0.516132,
          3.326906
        ],
        [
          0.005372,
          -0.745154,
          -0.666871,
          1.275965
        ],
        [
          0.0,
          0.0,
          0.0,
          1.0
        ]
      ]
    },
    {
      "file_path": "/media/NFS/ttao/scannet/posed_images/scene0390_00/00610.jpg",
      "transform_matrix": [
        [
          -0.59132,
          0.532472,
          -0.605652,
          4.610085
        ],
        [
          0.806203,
          0.372211,
          -0.459887,
          3.245097
        ],
        [
          -0.019447,
          -0.760219,
          -0.649376,
          1.277422
        ],
        [
          0.0,
          0.0,
          0.0,
          1.0
        ]
      ]
    },
    {
      "file_path": "/media/NFS/ttao/scannet/posed_images/scene0390_00/00616.jpg",
      "transform_matrix": [
        [
          -0.552564,
          0.550631,
          -0.625682,
          4.58247
        ],
        [
          0.833077,
          0.341826,
          -0.4349,
          3.195194
        ],
        [
          -0.025595,
          -0.761551,
          -0.647599,
          1.273002
        ],
        [
          0.0,
          0.0,
          0.0,
          1.0
        ]
      ]
    },
    {
      "file_path": "/media/NFS/ttao/scannet/posed_images/scene0390_00/00626.jpg",
      "transform_matrix": [
        [
          -0.493445,
          0.57823,
          -0.64974,
          4.528352
        ],
        [
          0.869574,
          0.311798,
          -0.382916,
          3.07525
        ],
        [
          -0.018826,
          -0.753945,
          -0.656668,
          1.261343
        ],
        [
          0.0,
          0.0,
          0.0,
          1.0
        ]
      ]
    },
    {
      "file_path": "/media/NFS/ttao/scannet/posed_images/scene0390_00/00637.jpg",
      "transform_matrix": [
        [
          -0.384074,
          0.623506,
          -0.680976,
          4.483693
        ],
        [
          0.922562,
          0.229632,
          -0.310077,
          2.962623
        ],
        [
          -0.036961,
          -0.747335,
          -0.663418,
          1.256575
        ],
        [
          0.0,
          0.0,
          0.0,
          1.0
        ]
      ]
    },
    {
      "file_path": "/media/NFS/ttao/scannet/posed_images/scene0390_00/00645.jpg",
      "transform_matrix": [
        [
          -0.272017,
          0.607791,
          -0.746055,
          4.474732
        ],
        [
          0.961413,
          0.138499,
          -0.237706,
          2.889807
        ],
        [
          -0.041148,
          -0.781926,
          -0.622012,
          1.265975
        ],
        [
          0.0,
          0.0,
          0.0,
          1.0
        ]
      ]
    },
    {
      "file_path": "/media/NFS/ttao/scannet/posed_images/scene0390_00/00652.jpg",
      "transform_matrix": [
        [
          -0.153332,
          0.610965,
          -0.776666,
          4.492908
        ],
        [
          0.98589,
          0.041167,
          -0.162254,
          2.812198
        ],
        [
          -0.067158,
          -0.790586,
          -0.608657,
          1.274067
        ],
        [
          0.0,
          0.0,
          0.0,
          1.0
        ]
      ]
    },
    {
      "file_path": "/media/NFS/ttao/scannet/posed_images/scene0390_00/00658.jpg",
      "transform_matrix": [
        [
          -0.087826,
          0.590914,
          -0.80194,
          4.511518
        ],
        [
          0.991093,
          -0.029071,
          -0.129962,
          2.75392
        ],
        [
          -0.10011,
          -0.806211,
          -0.583097,
          1.293159
        ],
        [
          0.0,
          0.0,
          0.0,
          1.0
        ]
      ]
    },
    {
      "file_path": "/media/NFS/ttao/scannet/posed_images/scene0390_00/00671.jpg",
      "transform_matrix": [
        [
          0.145241,
          0.529263,
          -0.835934,
          4.513398
        ],
        [
          0.98866,
          -0.110239,
          0.101979,
          2.65869
        ],
        [
          -0.038179,
          -0.841266,
          -0.539272,
          1.298177
        ],
        [
          0.0,
          0.0,
          0.0,
          1.0
        ]
      ]
    },
    {
      "file_path": "/media/NFS/ttao/scannet/posed_images/scene0390_00/00674.jpg",
      "transform_matrix": [
        [
          0.193849,
          0.514726,
          -0.835153,
          4.503223
        ],
        [
          0.979916,
          -0.142171,
          0.139826,
          2.639684
        ],
        [
          -0.046762,
