{
  "frames": [
    {
      "file_path": "/media/NFS/ttao/scannet/posed_images/scene0439_01/00000.jpg",
      "transform_matrix": [
        [
          0.94037,
          0.222659,
          -0.257153,
          2.49755
        ],
        [
          0.332874,
          -0.446809,
          0.830396,
          2.94985
        ],
        [
          0.069997,
          -0.866478,
          -0.494283,
          1.477762
        ],
        [
          0.0,
          0.0,
          0.0,
          1.0
        ]
      ]
    },
    {
      "file_path": "/media/NFS/ttao/scannet/posed_images/scene0439_01/00004.jpg",
      "transform_matrix": [
        [
          0.940115,
          0.219662,
          -0.26064,
          2.494693
        ],
        [
          0.334758,
          -0.450982,
          0.827377,
          2.940645
        ],
        [
          0.064199,
          -0.865081,
          -0.497508,
          1.480096
        ],
        [
          0.0,
          0.0,
          0.0,
          1.0
        ]
      ]
    },
    {
      "file_path": "/media/NFS/ttao/scannet/posed_images/scene0439_01/00008.jpg",
      "transform_matrix": [
        [
          0.940204,
          0.21437,
          -0.264695,
          2.492511
        ],
        [
          0.335345,
          -0.446425,
          0.829607,
          2.934736
        ],
        [
          0.059676,
          -0.868764,
          -0.491618,
          1.48592
        ],
        [
          0.0,
          0.0,
          0.0,
          1.0
        ]
      ]
    },
    {
      "file_path": "/media/NFS/ttao/scannet/posed_images/scene0439_01/00011.jpg",
      "transform_matrix": [
        [
          0.940754,
          0.209647,
          -0.266515,
          2.496897
        ],
        [
          0.334581,
          -0.446152,
          0.830063,
          2.933596
        ],
        [
          0.055114,
          -0.870056,
          -0.489863,
          1.493655
        ],
        [
          0.0,
          0.0,
          0.0,
          1.0
        ]
      ]
    },
    {
      "file_path": "/media/NFS/ttao/scannet/posed_images/scene0439_01/00018.jpg",
      "transform_matrix": [
        [
          0.944254,
          0.201618,
          -0.260259,
          2.497303
        ],
        [
          0.323916,
          -0.427643,
          0.84392,
          2.92417
        ],
        [
          0.058852,
          -0.881176,
          -0.469111,
          1.503521
        ],
        [
          0.0,
          0.0,
          0.0,
          1.0
        ]
      ]
    },
    {
      "file_path": "/media/NFS/ttao/scannet/posed_images/scene0439_01/00021.jpg",
      "transform_matrix": [
        [
          0.944782,
          0.199419,
          -0.260036,
          2.497092
        ],
        [
          0.322088,
          -0.418887,
          0.848995,
          2.928144
        ],
        [
          0.06038,
          -0.88587,
          -0.459987,
          1.527891
        ],
        [
          0.0,
          0.0,
          0.0,
          1.0
        ]
      ]
    },
    {
      "file_path": "/media/NFS/ttao/scannet/posed_images/scene0439_01/00026.jpg",
      "transform_matrix": [
        [
          0.946046,
          0.186202,
          -0.265191,
          2.485076
        ],
        [
          0.318717,
          -0.387076,
          0.865212,
          2.92423
        ],
        [
          0.058455,
          -0.903051,
          -0.425538,
          1.550759
        ],
        [
          0.0,
          0.0,
          0.0,
          1.0
        ]
      ]
    },
    {
      "file_path": "/media/NFS/ttao/scannet/posed_images/scene0439_01/00027.jpg",
      "transform_matrix": [
        [
          0.946262,
          0.181044,
          -0.267976,
          2.48525
        ],
        [
          0.318448,
          -0.377169,
          0.869675,
          2.921439
        ],
        [
          0.056377,
          -0.908277,
          -0.414554,
          1.554236
        ],
        [
          0.0,
          0.0,
          0.0,
          1.0
        ]
      ]
    },
    {
      "file_path": "/media/NFS/ttao/scannet/posed_images/scene0439_01/00031.jpg",
      "transform_matrix": [
        [
          0.947879,
          0.1424,
          -0.285041,
          2.492644
        ],
        [
          0.316936,
          -0.329196,
          0.889484,
          2.907595
        ],
        [
          0.032829,
          -0.933463,
          -0.35717,
          1.540195
        ],
        [
          0.0,
          0.0,
          0.0,
          1.0
        ]
      ]
    },
    {
      "file_path": "/media/NFS/ttao/scannet/posed_images/scene0439_01/00037.jpg",
      "transform_matrix": [
        [
          0.944676,
          0.111883,
          -0.308334,
          2.487006
        ],
        [
          0.327406,
          -0.264846,
          0.907007,
          2.903691
        ],
        [
          0.019818,
          -0.957778,
          -0.286824,
          1.567587
        ],
        [
          0.0,
          0.0,
          0.0,
          1.0
        ]
      ]
    },
    {
      "file_path": "/media/NFS/ttao/scannet/posed_images/scene0439_01/00039.jpg",
      "transform_matrix": [
        [
          0.943649,
          0.108602,
          -0.312623,
          2.485764
        ],
        [
          0.330254,
          -0.24781,
          0.910782,
          2.903485
        ],
        [
          0.021442,
          -0.962702,
          -0.269712,
          1.573833
        ],
        [
          0.0,
          0.0,
          0.0,
          1.0
        ]
      ]
    },
    {
      "file_path": "/media/NFS/ttao/scannet/posed_images/scene0439_01/00043.jpg",
      "transform_matrix": [
        [
          0.940064,
          0.099033,
          -0.326301,
          2.485492
        ],
        [
          0.34049,
          -0.220396,
          0.914053,
          2.910769
        ],
        [
          0.018606,
          -0.97037,
          -0.240906,
          1.610573
        ],
        [
          0.0,
          0.0,
          0.0,
          1.0
        ]
      ]
    },
    {
      "file_path": "/media/NFS/ttao/scannet/posed_images/scene0439_01/00048.jpg",
      "transform_matrix": [
        [
          0.938581,
          0.091279,
          -0.332766,
          2.476477
        ],
        [
          0.344399,
          -0.188224,
          0.919762,
          2.90954
        ],
        [
          0.02132,
          -0.977875,
          -0.208099,
          1.629681
        ],
        [
          0.0,
          0.0,
          0.0,
          1.0
        ]
      ]
    },
    {
      "file_path": "/media/NFS/ttao/scannet/posed_images/scene0439_01/00053.jpg",
      "transform_matrix": [
        [
          0.940379,
          0.087052,
          -0.328799,
          2.485029
        ],
        [
          0.338979,
          -0.16047,
          0.927008,
          2.915725
        ],
        [
          0.027936,
          -0.983194,
          -0.180411,
          1.648164
        ],
        [
          0.0,
          0.0,
          0.0,
          1.0
        ]
      ]
    },
    {
      "file_path": "/media/NFS/ttao/scannet/posed_images/scene0439_01/00056.jpg",
      "transform_matrix": [
        [
          0.94085,
          0.076921,
          -0.329976,
          2.489482
        ],
        [
          0.337991,
          -0.144881,
          0.929931,
          2.916351
        ],
        [
          0.023724,
          -0.986454,
          -0.16231,
          1.656778
        ],
        [
          0.0,
          0.0,
          0.0,
          1.0
        ]
      ]
    },
    {
      "file_path": "/media/NFS/ttao/scannet/posed_images/scene0439_01/00060.jpg",
      "transform_matrix": [
        [
          0.943623,
          0.055684,
          -0.326304,
          2.485001
        ],
        [
          0.330754,
          -0.119005,
          0.936184,
          2.90943
        ],
        [
          0.013299,
          -0.991331,
          -0.130713,
          1.65161
        ],
        [
          0.0,
          0.0,
          0.0,
          1.0
        ]
      ]
    },
    {
      "file_path": "/media/NFS/ttao/scannet/posed_images/scene0439_01/00064.jpg",
      "transform_matrix": [
        [
          0.942633,
          0.055731,
          -0.329148,
          2.481045
        ],
        [
          0.333411,
          -0.10761,
          0.93662,
          2.909639
        ],
        [
          0.016779,
          -0.99263,
          -0.120018,
          1.683243
        ],
        [
          0.0,
          0.0,
          0.0,
          1.0
        ]
      ]
    },
    {
      "file_path": "/media/NFS/ttao/scannet/posed_images/scene0439_01/00066.jpg",
      "transform_matrix": [
        [
          0.942438,
          0.051233,
          -0.330432,
          2.483349
        ],
        [
          0.334046,
          -0.100035,
          0.937234,
          2.908558
        ],
        [
          0.014963,
          -0.993664,
          -0.111391,
          1.688416
        ],
        [
          0.0,
          0.0,
          0.0,
          1.0
        ]
      ]
    },
    {
      "file_path": "/media/NFS/ttao/scannet/posed_images/scene0439_01/00070.jpg",
      "transform_matrix": [
        [
          0.943377,
          0.037331,
          -0.329616,
          2.486734
        ],
        [
          0.331581,
          -0.077001,
          0.940279,
          2.902536
        ],
        [
          0.009721,
          -0.996332,
          -0.085019,
          1.680191
        ],
        [
          0.0,
          0.0,
          0.0,
          1.0
        ]
      ]
    },
    {
      "file_path": "/media/NFS/ttao/scannet/posed_images/scene0439_01/00077.jpg",
      "transform_matrix": [
        [
          0.9421,
          0.03833,
          -0.333135,
          2.480848
        ],
        [
          0.334976,
          -0.06174,
          0.940202,
          2.894944
        ],
        [
          0.01547,
          -0.997356,
          -0.071004,
          1.701345
        ],
        [
          0.0,
          0.0,
          0.0,
          1.0
        ]
      ]
    },
    {
      "file_path": "/media/NFS/ttao/scannet/posed_images/scene0439_01/00080.jpg",
      "transform_matrix": [
        [
          0.942717,
          0.02985,
          -0.332255,
          2.481773
        ],
        [
          0.333501,
          -0.060934,
          0.940779,
          2.891861
        ],
        [
          0.007837,
          -0.997695,
          -0.067399,
          1.693415
        ],
        [
          0.0,
          0.0,
          0.0,
          1.0
        ]
      ]
    },
    {
      "file_path": "/media/NFS/ttao/scannet/posed_images/scene0439_01/00081.jpg",
      "transform_matrix": [
        [
          0.941394,
          0.029251,
          -0.336038,
          2.489291
        ],
        [
          0.337227,
          -0.059786,
          0.939523,
          2.893605
        ],
        [
          0.007391,
          -0.997782,
          -0.066147,
          1.691522
        ],
        [
          0.0,
          0.0,
          0.0,
          1.0
        ]
      ]
    },
    {
      "file_path": "/media/NFS/ttao/scannet/posed_images/scene0439_01/00089.jpg",
      "transform_matrix": [
        [
          0.952059,
          0.039763,
          -0.30332,
          2.49612
        ],
        [
          0.305488,
          -0.07117,
          0.949533,
          2.901376
        ],
        [
          0.016169,
          -0.996671,
          -0.079905,
          1.676952
        ],
        [
          0.0,
          0.0,
          0.0,
          1.0
        ]
      ]
    },
    {
      "file_path": "/media/NFS/ttao/scannet/posed_images/scene0439_01/00092.jpg",
      "transform_matrix": [
        [
          0.962536,
          0.041033,
          -0.268031,
          2.496876
        ],
        [
          0.270696,
          -0.087971,
          0.958637,
          2.912054
        ],
        [
          0.015756,
          -0.995277,
          -0.095783,
          1.682874
        ],
        [
          0.0,
          0.0,
          0.0,
          1.0
        ]
      ]
    },
    {
      "file_path": "/media/NFS/ttao/scannet/posed_images/scene0439_01/00094.jpg",
      "transform_matrix": [
        [
          0.967899,
          0.041487,
          -0.247892,
          2.505634
        ],
        [
          0.250733,
          -0.090877,
          0.963781,
          2.92073
        ],
        [
          0.017457,
          -0.994998,
          -0.098362,
          1.681483
        ],
        [
          0.0,
          0.0,
          0.0,
          1.0
        ]
      ]
    },
    {
      "file_path": "/media/NFS/ttao/scannet/posed_images/scene0439_01/00100.jpg",
      "transform_matrix": [
        [
          0.982498,
          0.039655,
          -0.182003,
          2.517439
        ],
        [
          0.185831,
          -0.141386,
          0.972356,
          2.931665
        ],
        [
          0.012826,
          -0.98916,
          -0.14628,
          1.664751
        ],
        [
          0.0,
          0.0,
          0.0,
          1.0
        ]
      ]
    },
    {
      "file_path": "/media/NFS/ttao/scannet/posed_images/scene0439_01/00104.jpg",
      "transform_matrix": [
        [
          0.986165,
          0.033946,
          -0.162254,
          2.53993
        ],
        [
          0.16564,
          -0.163483,
          0.972541,
          2.9311
        ],
        [
          0.006488,
          -0.985962,
          -0.166844,
          1.629177
        ],
        [
          0.0,
          0.0,
          0.0,
          1.0
        ]
      ]
    },
    {
      "file_path": "/media/NFS/ttao/scannet/posed_images/scene0439_01/00107.jpg",
      "transform_matrix": [
        [
          0.987192,
          0.024304,
          -0.157676,
          2.552086
        ],
        [
          0.159501,
          -0.17178,
          0.972137,
          2.926007
        ],
        [
          -0.003459,
          -0.984835,
          -0.173457,
          1.621126
        ],
        [
          0.0,
          0.0,
          0.0,
          1.0
        ]
      ]
    },
    {
      "file_path": "/media/NFS/ttao/scannet/posed_images/scene0439_01/00112.jpg",
      "transform_matrix": [
        [
          0.98977,
          0.016604,
          -0.141704,
          2.590986
        ],
        [
          0.142199,
          -0.195747,
          0.97029,
          2.918901
        ],
        [
          -0.011628,
          -0.980514,
          -0.196105,
          1.622822
        ],
        [
          0.0,
          0.0,
          0.0,
          1.0
        ]
      ]
    },
    {
      "file_path": "/media/NFS/ttao/scannet/posed_images/scene0439_01/00116.jpg",
      "transform_matrix": [
        [
          0.992804,
          0.013903,
          -0.11894,
          2.618622
        ],
        [
          0.119182,
          -0.211336,
          0.97012,
          2.91045
        ],
        [
          -0.011648,
          -0.977314,
          -0.211473,
          1.609197
        ],
        [
          0.0,
          0.0,
          0.0,
          1.0
        ]
      ]
    },
    {
      "file_path": "/media/NFS/ttao/scannet/posed_images/scene0439_01/00120.jpg",
      "transform_matrix": [
        [
          0.993897,
          0.020337,
          -0.108421,
          2.64648
        ],
        [
          0.110082,
          -0.246272,
          0.962929,
          2.907995
        ],
        [
          -0.007118,
          -0.968987,
          -0.247008,
          1.613174
        ],
        [
          0.0,
          0.0,
          0.0,
          1.0
        ]
      ]
    },
    {
      "file_path": "/media/NFS/ttao/scannet/posed_images/scene0439_01/00124.jpg",
      "transform_matrix": [
        [
          0.994652,
          0.020947,
          -0.10114,
          2.674598
        ],
        [
          0.103039,
          -0.268912,
          0.957637,
          2.896819
        ],
        [
          -0.007138,
          -0.962937,
          -0.269632,
          1.573782
        ],
        [
          0.0,
          0.0,
          0.0,
          1.0
        ]
      ]
    },
    {
      "file_path": "/media/NFS/ttao/scannet/posed_images/scene0439_01/00128.jpg",
      "transform_matrix": [
        [
          0.994436,
          0.026921,
          -0.101847,
          2.693314
        ],
        [
          0.105247,
          -0.295625,
          0.949489,
          2.886031
        ],
        [
          -0.004548,
          -0.954924,
          -0.296814,
          1.555975
        ],
        [
          0.0,
          0.0,
          0.0,
          1.0
        ]
      ]
    },
    {
      "file_path": "/media/NFS/ttao/scannet/posed_images/scene0439_01/00129.jpg",
      "transform_matrix": [
        [
          0.994457,
          0.029248,
          -0.100999,
          2.697336
        ],
        [
          0.105103,
          -0.30465,
          0.946648,
          2.88463
        ],
        [
          -0.003082,
          -0.952015,
          -0.306035,
          1.555147
        ],
        [
          0.0,
          0.0,
          0.0,
          1.0
        ]
      ]
    },
    {
      "file_path": "/media/NFS/ttao/scannet/posed_images/scene0439_01/00133.jpg",
      "transform_matrix": [
        [
          0.995786,
          0.028072,
          -0.087305,
          2.726032
        ],
        [
          0.091677,
          -0.32937,
          0.93974,
          2.877635
        ],
        [
          -0.002376,
          -0.943783,
          -0.330556,
          1.551221
        ],
        [
          0.0,
          0.0,
          0.0,
          1.0
        ]
      ]
    },
    {
      "file_path": "/media/NFS/ttao/scannet/posed_images/scene0439_01/00138.jpg",
      "transform_matrix": [
        [
          0.996661,
          0.010746,
          -0.080944,
          2.747096
        ],
        [
          0.079435,
          -0.35713,
          0.930671,
          2.867996
        ],
        [
          -0.018906,
          -0.933993,
          -0.356791,
          1.534321
        ],
        [
          0.0,
          0.0,
          0.0,
          1.0
        ]
      ]
    },
    {
      "file_path": "/media/NFS/ttao/scannet/posed_images/scene0439_01/00144.jpg",
      "transform_matrix": [
        [
          0.99814,
          -0.009192,
          -0.060261,
          2.786061
        ],
        [
          0.052106,
          -0.384392,
          0.921699,
          2.850271
        ],
        [
          -0.031636,
          -0.923124,
          -0.383198,
          1.491903
        ],
        [
          0.0,
          0.0,
          0.0,
          1.0
        ]
      ]
    },
    {
      "file_path": "/media/NFS/ttao/scannet/posed_images/scene0439_01/00148.jpg",
      "transform_matrix": [
        [
          0.998556,
          -0.022788,
          -0.048655,
          2.79793
        ],
        [
          0.034936,
          -0.412608,
          0.910239,
          2.846559
        ],
        [
          -0.040818,
          -0.910624,
          -0.411216,
          1.497659
        ],
        [
          0.0,
          0.0,
          0.0,
          1.0
        ]
      ]
    },
    {
      "file_path": "/media/NFS/ttao/scannet/posed_images/scene0439_01/00149.jpg",
      "transform_matrix": [
        [
          0.998649,
          -0.026737,
          -0.044566,
          2.799834
        ],
        [
          0.02954,
          -0.413511,
          0.91002,
          2.847338
        ],
        [
          -0.042759,
          -0.910106,
          -0.412163,
          1.502664
        ],
        [
          0.0,
          0.0,
          0.0,
          1.0
        ]
      ]
    },
    {
      "file_path": "/media/NFS/ttao/scannet/posed_images/scene0439_01/00152.jpg",
      "transform_matrix": [
        [
          0.99921,
          -0.032199,
          -0.023311,
          2.808443
        ],
        [
          0.007928,
          -0.413221,
          0.910597,
          2.848577
        ],
        [
          -0.038952,
          -0.910061,
          -0.412639,
          1.516438
        ],
        [
          0.0,
          0.0,
          0.0,
          1.0
        ]
      ]
    },
    {
      "file_path": "/media/NFS/ttao/scannet/posed_images/scene0439_01/00157.jpg",
      "transform_matrix": [
        [
          0.998675,
          -0.046064,
          0.022957,
          2.831237
        ],
        [
          -0.039969,
          -0.413109,
          0.909804,
          2.850355
        ],
        [
          -0.032426,
          -0.909516,
          -0.414403,
          1.509495
        ],
        [
          0.0,
          0.0,
          0.0,
          1.0
        ]
      ]
    },
    {
      "file_path": "/media/NFS/ttao/scannet/posed_images/scene0439_01/00163.jpg",
      "transform_matrix": [
        [
          0.99482,
          -0.077223,
          0.066113,
          2.874298
        ],
        [
          -0.092401,
          -0.41574,
          0.904778,
          2.846575
        ],
        [
          -0.042384,
          -0.906199,
          -0.420721,
          1.506271
        ],
        [
          0.0,
          0.0,
          0.0,
          1.0
        ]
      ]
    },
    {
      "file_path": "/media/NFS/ttao/scannet/posed_images/scene0439_01/00167.jpg",
      "transform_matrix": [
        [
          0.9922,
          -0.083883,
          0.092206,
          2.890988
        ],
        [
          -0.118313,
          -0.400844,
          0.908475,
          2.843022
        ],
        [
          -0.039245,
          -0.912298,
          -0.407642,
          1.506791
        ],
        [
          0.0,
          0.0,
          0.0,
          1.0
        ]
      ]
    },
    {
      "file_path": "/media/NFS/ttao/scannet/posed_images/scene0439_01/00169.jpg",
      "transform_matrix": [
        [
          0.990896,
          -0.078109,
          0.109654,
          2.891093
        ],
        [
          -0.131738,
          -0.394678,
          0.909326,
          2.840964
        ],
        [
          -0.027749,
          -0.915493,
          -0.401375,
          1.502281
        ],
        [
          0.0,
          0.0,
          0.0,
          1.0
        ]
      ]
    },
    {
      "file_path": "/media/NFS/ttao/scannet/posed_images/scene0439_01/00172.jpg",
      "transform_matrix": [
        [
          0.988921,
          -0.075794,
          0.12764,
          2.924776
        ],
        [
          -0.147206,
          -0.389736,
          0.909086,
          2.835837
        ],
        [
          -0.019158,
          -0.917803,
          -0.396575,
          1.500151
        ],
        [
          0.0,
          0.0,
          0.0,
          1.0
        ]
      ]
    },
    {
      "file_path": "/media/NFS/ttao/scannet/posed_images/scene0439_01/00180.jpg",
      "transform_matrix": [
        [
          0.978324,
          -0.093394,
          0.184827,
          2.922342
        ],
        [
          -0.205389,
          -0.323696,
          0.9236,
          2.829725
        ],
        [
          -0.026431,
          -0.94154,
          -0.335862,
          1.501902
        ],
        [
          0.0,
          0.0,
          0.0,
          1.0
        ]
      ]
    },
    {
      "file_path": "/media/NFS/ttao/scannet/posed_images/scene0439_01/00183.jpg",
      "transform_matrix": [
        [
          0.976596,
          -0.104125,
          0.188196,
          2.948125
        ],
        [
          -0.211845,
          -0.314464,
          0.92533,
          2.833143
        ],
        [
          -0.037169,
          -0.943541,
          -0.329162,
          1.538127
        ],
        [
          0.0,
          0.0,
          0.0,
          1.0
        ]
      ]
    },
    {
      "file_path": "/media/NFS/ttao/scannet/posed_images/scene0439_01/00187.jpg",
      "transform_matrix": [
        [
          0.974867,
          -0.100209,
          0.19898,
          2.952102
        ],
        [
          -0.21961,
          -0.281902,
          0.933971,
          2.832427
        ],
        [
          -0.0375,
          -0.954196,
          -0.296824,
          1.551027
        ],
        [
          0.0,
          0.0,
          0.0,
          1.0
        ]
      ]
    },
    {
      "file_path": "/media/NFS/ttao/scannet/posed_images/scene0439_01/00188.jpg",
      "transform_matrix": [
        [
          0.974331,
          -0.101181,
          0.201101,
          2.953529
        ],
        [
          -0.221741,
          -0.277141,
          0.934892,
          2.833867
        ],
        [
          -0.03886,
          -0.955487,
          -0.292464,
          1.561798
        ],
        [
          0.0,
          0.0,
          0.0,
          1.0
        ]
      ]
    },
    {
      "file_path": "/media/NFS/ttao/scannet/posed_images/scene0439_01/00195.jpg",
      "transform_matrix": [
        [
          0.970932,
          -0.096925,
          0.218854,
          2.945025
        ],
        [
          -0.235578,
          -0.225141,
          0.945418,
          2.825493
        ],
        [
          -0.042362,
          -0.969493,
          -0.24143,
          1.559954
        ],
        [
          0.0,
          0.0,
          0.0,
          1.0
        ]
      ]
    },
    {
      "file_path": "/media/NFS/ttao/scannet/posed_images/scene0439_01/00198.jpg",
      "transform_matrix": [
        [
          0.970065,
          -0.090704,
          0.22527,
          2.94436
        ],
        [
          -0.239753,
          -0.210138,
          0.947819,
          2.821832
        ],
        [
          -0.038633,
          -0.973455,
          -0.225594,
          1.575876
        ],
        [
          0.0,
          0.0,
          0.0,
          1.0
        ]
      ]
    },
    {
      "file_path": "/media/NFS/ttao/scannet/posed_images/scene0439_01/00203.jpg",
      "transform_matrix": [
        [
          0.968516,
          -0.082437,
          0.234908,
          2.943818
        ],
        [
          -0.246288,
          -0.179593,
          0.952412,
          2.8176
        ],
        [
          -0.036326,
          -0.980281,
          -0.194242,
          1.583682
        ],
        [
          0.0,
          0.0,
          0.0,
          1.0
        ]
      ]
    },
    {
      "file_path": "/media/NFS/ttao/scannet/posed_images/scene0439_01/00205.jpg",
      "transform_matrix": [
        [
          0.968217,
          -0.07911,
          0.237273,
          2.938741
        ],
        [
          -0.247743,
          -0.173057,
          0.953244,
          2.818045
        ],
        [
          -0.034349,
          -0.98173,
          -0.187156,
          1.58936
        ],
        [
          0.0,
          0.0,
          0.0,
          1.0
        ]
      ]
    },
    {
      "file_path": "/media/NFS/ttao/scannet/posed_images/scene0439_01/00209.jpg",
      "transform_matrix": [
        [
          0.967737,
          -0.070002,
          0.242042,
          2.939724
        ],
        [
          -0.250153,
          -0.152049,
          0.956193,
          2.813123
        ],
        [
          -0.030134,
          -0.985891,
          -0.164655,
          1.592083
        ],
        [
          0.0,
          0.0,
          0.0,
          1.0
        ]
      ]
    },
    {
      "file_path": "/media/NFS/ttao/scannet/posed_images/scene0439_01/00215.jpg",
      "transform_matrix": [
        [
          0.96883,
          -0.061042,
          0.240091,
          2.932765
        ],
        [
          -0.246316,
          -0.133997,
          0.959882,
          2.812822
        ],
        [
          -0.026422,
          -0.9891,
          -0.144855,
          1.606033
        ],
        [
          0.0,
          0.0,
          0.0,
          1.0
        ]
      ]
    },
    {
      "file_path": "/media/NFS/ttao/scannet/posed_images/scene0439_01/00216.jpg",
      "transform_matrix": [
        [
          0.968095,
          -0.060761,
          0.243105,
          2.926592
        ],
        [
          -0.249188,
          -0.131172,
          0.959531,
          2.815501
        ],
        [
          -0.026413,
          -0.989496,
          -0.142128,
          1.609137
        ],
        [
          0.0,
          0.0,
          0.0,
          1.0
        ]
      ]
    },
    {
      "file_path": "/media/NFS/ttao/scannet/posed_images/scene0439_01/00220.jpg",
      "transform_matrix": [
        [
          0.968302,
          -0.049582,
          0.244811,
          2.930248
        ],
        [
          -0.248813,
          -0.105242,
          0.962817,
          2.808817
        ],
        [
          -0.021975,
          -0.99321,
          -0.114243,
          1.596254
        ],
        [
          0.0,
          0.0,
          0.0,
          1.0
        ]
      ]
    },
    {
      "file_path": "/media/NFS/ttao/scannet/posed_images/scene0439_01/00227.jpg",
      "transform_matrix": [
        [
          0.96876,
          -0.040249,
          0.244715,
          2.926629
        ],
        [
          -0.247505,
          -0.094447,
          0.964272,
          2.808501
        ],
        [
          -0.015698,
          -0.994716,
          -0.101459,
          1.629432
        ],
        [
          0.0,
          0.0,
          0.0,
          1.0
        ]
      ]
    },
    {
      "file_path": "/media/NFS/ttao/scannet/posed_images/scene0439_01/00228.jpg",
      "transform_matrix": [
        [
          0.968576,
          -0.040466,
          0.245406,
          2.925998
        ],
        [
          -0.248204,
          -0.093717,
          0.964164,
          2.808992
        ],
        [
          -0.016017,
          -0.994776,
          -0.100816,
          1.631214
        ],
        [
          0.0,
          0.0,
          0.0,
          1.0
        ]
      ]
    },
    {
      "file_path": "/media/NFS/ttao/scannet/posed_images/scene0439_01/00231.jpg",
      "transform_matrix": [
        [
          0.968192,
          -0.029892,
          0.248416,
          2.928726
        ],
        [
          -0.25008,
          -0.083878,
          0.964585,
          2.808641
        ],
        [
          -0.007997,
          -0.996028,
          -0.088685,
          1.608011
        ],
        [
          0.0,
          0.0,
          0.0,
          1.0
        ]
      ]
    },
    {
      "file_path": "/media/NFS/ttao/scannet/posed_images/scene0439_01/00239.jpg",
      "transform_matrix": [
        [
          0.966003,
          -0.037452,
          0.255805,
          2.938342
        ],
        [
          -0.258493,
          -0.122682,
          0.958191,
          2.809348
        ],
        [
          -0.004503,
          -0.991739,
          -0.128192,
          1.599347
        ],
        [
          0.0,
          0.0,
          0.0,
          1.0
        ]
      ]
    },
    {
      "file_path": "/media/NFS/ttao/scannet/posed_images/scene0439_01/00240.jpg",
      "transform_matrix": [
        [
          0.965569,
          -0.042047,
          0.256729,
          2.939373
        ],
        [
          -0.260063,
          -0.130639,
          0.956713,
          2.809006
        ],
        [
          -0.006688,
          -0.990538,
          -0.137076,
          1.601938
        ],
        [
          0.0,
          0.0,
          0.0,
          1.0
        ]
      ]
    },
    {
      "file_path": "/media/NFS/ttao/scannet/posed_images/scene0439_01/00246.jpg",
      "transform_matrix": [
        [
          0.964056,
          -0.04348,
          0.262116,
          2.952579
        ],
        [
          -0.265687,
          -0.14872,
          0.952519,
          2.806031
        ],
        [
          -0.002434,
          -0.987923,
          -0.154927,
          1.570438
        ],
        [
          0.0,
          0.0,
          0.0,
          1.0
        ]
      ]
    },
    {
      "file_path": "/media/NFS/ttao/scannet/posed_images/scene0439_01/00248.jpg",
      "transform_matrix": [
        [
          0.962963,
          -0.045382,
          0.265788,
          2.95464
        ],
        [
          -0.269634,
          -0.16457,
          0.948796,
          2.80675
        ],
        [
          0.000682,
          -0.985321,
          -0.170711,
          1.566378
        ],
        [
          0.0,
          0.0,
          0.0,
          1.0
        ]
      ]
    },
    {
      "file_path": "/media/NFS/ttao/scannet/posed_images/scene0439_01/00253.jpg",
      "transform_matrix": [
        [
          0.960822,
          -0.04659,
          0.273223,
          2.960253
        ],
        [
          -0.276985,
          -0.197077,
          0.940447,
          2.808083
        ],
        [
          0.01003,
          -0.97928,
          -0.20226,
          1.538228
        ],
        [
          0.0,
          0.0,
          0.0,
          1.0
        ]
      ]
    },
    {
      "file_path": "/media/NFS/ttao/scannet/posed_images/scene0439_01/00255.jpg",
      "transform_matrix": [
        [
          0.960025,
          -0.05355,
          0.274745,
          2.960819
        ],
        [
          -0.279805,
          -0.211149,
          0.93655,
          2.812764
        ],
        [
          0.00786,
          -0.975986,
          -0.217692,
          1.541088
        ],
        [
          0.0,
          0.0,
          0.0,
          1.0
        ]
      ]
    },
    {
      "file_path": "/media/NFS/ttao/scannet/posed_images/scene0439_01/00259.jpg",
      "transform_matrix": [
        [
          0.958443,
          -0.059962,
          0.278913,
          2.968829
        ],
        [
          -0.285168,
          -0.229505,
          0.930595,
          2.812917
        ],
        [
          0.008211,
          -0.971458,
          -0.237067,
          1.522412
        ],
        [
          0.0,
          0.0,
          0.0,
          1.0
        ]
      ]
    },
    {
      "file_path": "/media/NFS/ttao/scannet/posed_images/scene0439_01/00265.jpg",
      "transform_matrix": [
        [
          0.954321,
          -0.081139,
          0.287557,
          2.983564
        ],
        [
          -0.298785,
          -0.258745,
          0.918574,
          2.809649
        ],
        [
          -0.000128,
          -0.962532,
          -0.271169,
          1.512577
        ],
        [
          0.0,
          0.0,
          0.0,
          1.0
        ]
      ]
    },
    {
      "file_path": "/media/NFS/ttao/scannet/posed_images/scene0439_01/00268.jpg",
      "transform_matrix": [
        [
          0.952619,
          -0.089767,
          0.290619,
          3.001203
        ],
        [
          -0.304106,
          -0.261879,
          0.915936,
          2.804155
        ],
        [
          -0.006114,
          -0.960917,
          -0.276769,
          1.497216
        ],
        [
          0.0,
          0.0,
          0.0,
          1.0
        ]
      ]
    },
    {
      "file_path": "/media/NFS/ttao/scannet/posed_images/scene0439_01/00273.jpg",
      "transform_matrix": [
        [
          0.942534,
          -0.106329,
          0.316741,
          3.022152
        ],
        [
          -0.33396,
          -0.271269,
          0.902709,
          2.807031
        ],
        [
          -0.010062,
          -0.956612,
          -0.291189,
          1.506543
        ],
        [
          0.0,
          0.0,
          0.0,
          1.0
        ]
      ]
    },
    {
      "file_path": "/media/NFS/ttao/scannet/posed_images/scene0439_01/00275.jpg",
      "transform_matrix": [
        [
          0.937242,
          -0.109849,
          0.330924,
          3.025478
        ],
        [
          -0.348562,
          -0.27053,
          0.897396,
          2.808664
        ],
        [
          -0.009053,
          -0.956424,
          -0.291841,
          1.498741
        ],
        [
          0.0,
          0.0,
          0.0,
          1.0
        ]
      ]
    },
    {
      "file_path": "/media/NFS/ttao/scannet/posed_images/scene0439_01/00281.jpg",
      "transform_matrix": [
        [
          0.91899,
          -0.129277,
          0.372486,
          3.035715
        ],
        [
          -0.394262,
          -0.291873,
          0.871417,
          2.814223
        ],
        [
          -0.003935,
          -0.94768,
          -0.319197,
          1.496415
        ],
        [
          0.0,
          0.0,
          0.0,
          1.0
        ]
      ]
    },
    {
      "file_path": "/media/NFS/ttao/scannet/posed_images/scene0439_01/00285.jpg",
      "transform_matrix": [
        [
          0.907452,
          -0.144911,
          0.394376,
          3.056231
        ],
        [
          -0.420147,
          -0.306523,
          0.85412,
          2.808444
        ],
        [
          -0.002887,
          -0.940768,
          -0.339039,
          1.492003
        ],
        [
          0.0,
          0.0,
          0.0,
          1.0
        ]
      ]
    },
    {
      "file_path": "/media/NFS/ttao/scannet/posed_images/scene0439_01/00289.jpg",
      "transform_matrix": [
        [
          0.892342,
          -0.158688,
          0.422545,
          3.064031
        ],
        [
          -0.451315,
          -0.300481,
          0.840253,
          2.80489
        ],
        [
          -0.006372,
          -0.940494,
          -0.33975,
          1.483273
        ],
        [
          0.0,
          0.0,
          0.0,
          1.0
        ]
      ]
    },
    {
      "file_path": "/media/NFS/ttao/scannet/posed_images/scene0439_01/00292.jpg",
      "transform_matrix": [
        [
          0.886541,
          -0.168086,
          0.431037,
          3.095039
        ],
        [
          -0.462527,
          -0.300502,
          0.834127,
          2.795495
        ],
        [
          -0.010678,
          -0.938853,
          -0.344152,
          1.4875
        ],
        [
          0.0,
          0.0,
          0.0,
          1.0
        ]
      ]
    },
    {
      "file_path": "/media/NFS/ttao/scannet/posed_images/scene0439_01/00298.jpg",
      "transform_matrix": [
        [
          0.863036,
          -0.183698,
          0.470556,
          3.122706
        ],
        [
          -0.505053,
          -0.296312,
          0.81063,
          2.788583
        ],
        [
          -0.00948,
          -0.937259,
          -0.348505,
          1.48914
        ],
        [
          0.0,
          0.0,
          0.0,
          1.0
        ]
      ]
    },
    {
      "file_path": "/media/NFS/ttao/scannet/posed_images/scene0439_01/00299.jpg",
      "transform_matrix": [
        [
          0.860134,
          -0.183188,
          0.476037,
          3.125874
        ],
        [
          -0.509999,
          -0.293577,
          0.808525,
          2.78591
        ],
        [
          -0.008359,
          -0.938219,
          -0.345942,
          1.484366
        ],
        [
          0.0,
          0.0,
          0.0,
          1.0
        ]
      ]
    },
    {
      "file_path": "/media/NFS/ttao/scannet/posed_images/scene0439_01/00305.jpg",
      "transform_matrix": [
        [
          0.835577,
          -0.181764,
          0.518433,
          3.122663
        ],
        [
          -0.549361,
          -0.282691,
          0.786313,
          2.789774
        ],
        [
          0.003633,
          -0.941832,
          -0.336064,
          1.484348
        ],
        [
