{
  "frames": [
    {
      "file_path": "/media/NFS/ttao/scannet/posed_images/scene0571_00/00000.jpg",
      "transform_matrix": [
        [
          0.808774,
          0.201987,
          -0.552346,
          3.17983
        ],
        [
          0.587557,
          -0.318586,
          0.743828,
          4.199623
        ],
        [
          -0.025727,
          -0.926123,
          -0.376343,
          1.372866
        ],
        [
          0.0,
          0.0,
          0.0,
          1.0
        ]
      ]
    },
    {
      "file_path": "/media/NFS/ttao/scannet/posed_images/scene0571_00/00010.jpg",
      "transform_matrix": [
        [
          0.795465,
          0.224736,
          -0.562787,
          3.174666
        ],
        [
          0.605739,
          -0.322121,
          0.727543,
          4.201665
        ],
        [
          -0.01778,
          -0.919637,
          -0.392367,
          1.361853
        ],
        [
          0.0,
          0.0,
          0.0,
          1.0
        ]
      ]
    },
    {
      "file_path": "/media/NFS/ttao/scannet/posed_images/scene0571_00/00012.jpg",
      "transform_matrix": [
        [
          0.794633,
          0.226506,
          -0.563253,
          3.173577
        ],
        [
          0.606851,
          -0.322392,
          0.726495,
          4.203202
        ],
        [
          -0.017033,
          -0.919108,
          -0.393638,
          1.364277
        ],
        [
          0.0,
          0.0,
          0.0,
          1.0
        ]
      ]
    },
    {
      "file_path": "/media/NFS/ttao/scannet/posed_images/scene0571_00/00021.jpg",
      "transform_matrix": [
        [
          0.770676,
          0.238881,
          -0.590758,
          3.164643
        ],
        [
          0.636761,
          -0.324154,
          0.699614,
          4.206256
        ],
        [
          -0.024372,
          -0.915347,
          -0.401928,
          1.367137
        ],
        [
          0.0,
          0.0,
          0.0,
          1.0
        ]
      ]
    },
    {
      "file_path": "/media/NFS/ttao/scannet/posed_images/scene0571_00/00031.jpg",
      "transform_matrix": [
        [
          0.696974,
          0.258382,
          -0.668929,
          3.148867
        ],
        [
          0.716651,
          -0.283843,
          0.637059,
          4.2018
        ],
        [
          -0.025266,
          -0.923402,
          -0.383001,
          1.365236
        ],
        [
          0.0,
          0.0,
          0.0,
          1.0
        ]
      ]
    },
    {
      "file_path": "/media/NFS/ttao/scannet/posed_images/scene0571_00/00035.jpg",
      "transform_matrix": [
        [
          0.662792,
          0.2721,
          -0.697616,
          3.144734
        ],
        [
          0.748583,
          -0.263392,
          0.60848,
          4.206183
        ],
        [
          -0.018179,
          -0.925519,
          -0.378264,
          1.365956
        ],
        [
          0.0,
          0.0,
          0.0,
          1.0
        ]
      ]
    },
    {
      "file_path": "/media/NFS/ttao/scannet/posed_images/scene0571_00/00042.jpg",
      "transform_matrix": [
        [
          0.603723,
          0.28376,
          -0.744982,
          3.132893
        ],
        [
          0.797184,
          -0.219678,
          0.562352,
          4.21938
        ],
        [
          -0.004083,
          -0.933393,
          -0.358834,
          1.374229
        ],
        [
          0.0,
          0.0,
          0.0,
          1.0
        ]
      ]
    },
    {
      "file_path": "/media/NFS/ttao/scannet/posed_images/scene0571_00/00052.jpg",
      "transform_matrix": [
        [
          0.497071,
          0.304467,
          -0.812539,
          3.059819
        ],
        [
          0.867579,
          -0.158144,
          0.471484,
          4.231061
        ],
        [
          0.015053,
          -0.939303,
          -0.342757,
          1.375179
        ],
        [
          0.0,
          0.0,
          0.0,
          1.0
        ]
      ]
    },
    {
      "file_path": "/media/NFS/ttao/scannet/posed_images/scene0571_00/00054.jpg",
      "transform_matrix": [
        [
          0.498523,
          0.301388,
          -0.812798,
          3.040212
        ],
        [
          0.866668,
          -0.152715,
          0.474936,
          4.23393
        ],
        [
          0.019013,
          -0.941193,
          -0.337335,
          1.369106
        ],
        [
          0.0,
          0.0,
          0.0,
          1.0
        ]
      ]
    },
    {
      "file_path": "/media/NFS/ttao/scannet/posed_images/scene0571_00/00062.jpg",
      "transform_matrix": [
        [
          0.551149,
          0.301063,
          -0.778201,
          2.894784
        ],
        [
          0.833988,
          -0.169189,
          0.525204,
          4.253078
        ],
        [
          0.026456,
          -0.938475,
          -0.344331,
          1.386835
        ],
        [
          0.0,
          0.0,
          0.0,
          1.0
        ]
      ]
    },
    {
      "file_path": "/media/NFS/ttao/scannet/posed_images/scene0571_00/00073.jpg",
      "transform_matrix": [
        [
          0.549833,
          0.319932,
          -0.771575,
          2.726101
        ],
        [
          0.83508,
          -0.190613,
          0.516051,
          4.246986
        ],
        [
          0.018029,
          -0.928068,
          -0.371974,
          1.371655
        ],
        [
          0.0,
          0.0,
          0.0,
          1.0
        ]
      ]
    },
    {
      "file_path": "/media/NFS/ttao/scannet/posed_images/scene0571_00/00075.jpg",
      "transform_matrix": [
        [
          0.560286,
          0.325884,
          -0.761498,
          2.686882
        ],
        [
          0.828147,
          -0.202769,
          0.522549,
          4.254097
        ],
        [
          0.015882,
          -0.923409,
          -0.383488,
          1.368958
        ],
        [
          0.0,
          0.0,
          0.0,
          1.0
        ]
      ]
    },
    {
      "file_path": "/media/NFS/ttao/scannet/posed_images/scene0571_00/00083.jpg",
      "transform_matrix": [
        [
          0.559608,
          0.286907,
          -0.777511,
          2.564801
        ],
        [
          0.828752,
          -0.190406,
          0.526228,
          4.291445
        ],
        [
          0.002936,
          -0.938845,
          -0.344328,
          1.394189
        ],
        [
          0.0,
          0.0,
          0.0,
          1.0
        ]
      ]
    },
    {
      "file_path": "/media/NFS/ttao/scannet/posed_images/scene0571_00/00094.jpg",
      "transform_matrix": [
        [
          0.560562,
          0.257633,
          -0.787017,
          2.393837
        ],
        [
          0.828016,
          -0.188849,
          0.527944,
          4.335211
        ],
        [
          -0.012612,
          -0.947608,
          -0.319185,
          1.412506
        ],
        [
          0.0,
          0.0,
          0.0,
          1.0
        ]
      ]
    },
    {
      "file_path": "/media/NFS/ttao/scannet/posed_images/scene0571_00/00100.jpg",
      "transform_matrix": [
        [
          0.617216,
          0.245585,
          -0.747485,
          2.266605
        ],
        [
          0.786628,
          -0.212152,
          0.579835,
          4.353968
        ],
        [
          -0.016182,
          -0.945875,
          -0.324127,
          1.415244
        ],
        [
          0.0,
          0.0,
          0.0,
          1.0
        ]
      ]
    },
    {
      "file_path": "/media/NFS/ttao/scannet/posed_images/scene0571_00/00102.jpg",
      "transform_matrix": [
        [
          0.630115,
          0.260908,
          -0.731357,
          2.231215
        ],
        [
          0.776477,
          -0.219207,
          0.590789,
          4.356761
        ],
        [
          -0.006177,
          -0.940147,
          -0.340715,
          1.414717
        ],
        [
          0.0,
          0.0,
          0.0,
          1.0
        ]
      ]
    },
    {
      "file_path": "/media/NFS/ttao/scannet/posed_images/scene0571_00/00115.jpg",
      "transform_matrix": [
        [
          0.58593,
          0.426888,
          -0.688806,
          2.086456
        ],
        [
          0.809713,
          -0.27439,
          0.518725,
          4.383109
        ],
        [
          0.032436,
          -0.861671,
          -0.50643,
          1.342479
        ],
        [
          0.0,
          0.0,
          0.0,
          1.0
        ]
      ]
    },
    {
      "file_path": "/media/NFS/ttao/scannet/posed_images/scene0571_00/00117.jpg",
      "transform_matrix": [
        [
          0.569161,
          0.440652,
          -0.694177,
          2.087515
        ],
        [
          0.821715,
          -0.27508,
          0.499114,
          4.392541
        ],
        [
          0.028981,
          -0.854492,
          -0.518655,
          1.334561
        ],
        [
          0.0,
          0.0,
          0.0,
          1.0
        ]
      ]
    },
    {
      "file_path": "/media/NFS/ttao/scannet/posed_images/scene0571_00/00129.jpg",
      "transform_matrix": [
        [
          0.430466,
          0.471585,
          -0.769614,
          2.079423
        ],
        [
          0.902093,
          -0.196026,
          0.384449,
          4.486421
        ],
        [
          0.030436,
          -0.859756,
          -0.509797,
          1.342889
        ],
        [
          0.0,
          0.0,
          0.0,
          1.0
        ]
      ]
    },
    {
      "file_path": "/media/NFS/ttao/scannet/posed_images/scene0571_00/00131.jpg",
      "transform_matrix": [
        [
          0.41612,
          0.479602,
          -0.772546,
          2.075439
        ],
        [
          0.908828,
          -0.191703,
          0.370516,
          4.500873
        ],
        [
          0.029601,
          -0.85629,
          -0.515647,
          1.343269
        ],
        [
          0.0,
          0.0,
          0.0,
          1.0
        ]
      ]
    },
    {
      "file_path": "/media/NFS/ttao/scannet/posed_images/scene0571_00/00137.jpg",
      "transform_matrix": [
        [
          0.378449,
          0.491281,
          -0.784486,
          2.062839
        ],
        [
          0.925327,
          -0.179391,
          0.33405,
          4.516366
        ],
        [
          0.023383,
          -0.852327,
          -0.522486,
          1.342377
        ],
        [
          0.0,
          0.0,
          0.0,
          1.0
        ]
      ]
    },
    {
      "file_path": "/media/NFS/ttao/scannet/posed_images/scene0571_00/00144.jpg",
      "transform_matrix": [
        [
          0.344434,
          0.489626,
          -0.801019,
          2.054783
        ],
        [
          0.938516,
          -0.158206,
          0.306853,
          4.50271
        ],
        [
          0.023517,
          -0.85746,
          -0.514013,
          1.34012
        ],
        [
          0.0,
          0.0,
          0.0,
          1.0
        ]
      ]
    },
    {
      "file_path": "/media/NFS/ttao/scannet/posed_images/scene0571_00/00156.jpg",
      "transform_matrix": [
        [
          0.307241,
          0.472934,
          -0.825794,
          2.004365
        ],
        [
          0.951456,
          -0.135969,
          0.276124,
          4.472938
        ],
        [
          0.018305,
          -0.870543,
          -0.491751,
          1.362388
        ],
        [
          0.0,
          0.0,
          0.0,
          1.0
        ]
      ]
    },
    {
      "file_path": "/media/NFS/ttao/scannet/posed_images/scene0571_00/00158.jpg",
      "transform_matrix": [
        [
          0.30131,
          0.47365,
          -0.827567,
          2.000555
        ],
        [
          0.953447,
          -0.138453,
          0.267899,
          4.47375
        ],
        [
          0.012311,
          -0.869762,
          -0.493317,
          1.360753
        ],
        [
          0.0,
          0.0,
          0.0,
          1.0
        ]
      ]
    },
    {
      "file_path": "/media/NFS/ttao/scannet/posed_images/scene0571_00/00171.jpg",
      "transform_matrix": [
        [
          0.204375,
          0.423975,
          -0.882313,
          1.985593
        ],
        [
          0.978081,
          -0.051746,
          0.201693,
          4.527124
        ],
        [
          0.039857,
          -0.904194,
          -0.425258,
          1.382064
        ],
        [
          0.0,
          0.0,
          0.0,
          1.0
        ]
      ]
    },
    {
      "file_path": "/media/NFS/ttao/scannet/posed_images/scene0571_00/00173.jpg",
      "transform_matrix": [
        [
          0.189122,
          0.420463,
          -0.88738,
          1.984296
        ],
        [
          0.981158,
          -0.044549,
          0.188,
          4.543023
        ],
        [
          0.039515,
          -0.906215,
          -0.420966,
          1.388087
        ],
        [
          0.0,
          0.0,
          0.0,
          1.0
        ]
      ]
    },
    {
      "file_path": "/media/NFS/ttao/scannet/posed_images/scene0571_00/00181.jpg",
      "transform_matrix": [
        [
          -0.04392,
          0.479216,
          -0.876598,
          1.985176
        ],
        [
          0.998916,
          0.034602,
          -0.031132,
          4.582028
        ],
        [
          0.015413,
          -0.877015,
          -0.480216,
          1.383898
        ],
        [
          0.0,
          0.0,
          0.0,
          1.0
        ]
      ]
    },
    {
      "file_path": "/media/NFS/ttao/scannet/posed_images/scene0571_00/00192.jpg",
      "transform_matrix": [
        [
          -0.302196,
          0.494814,
          -0.814762,
          2.017807
        ],
        [
          0.95305,
          0.139505,
          -0.268764,
          4.525437
        ],
        [
          -0.019325,
          -0.857728,
          -0.51374,
          1.370334
        ],
        [
          0.0,
          0.0,
          0.0,
          1.0
        ]
      ]
    },
    {
      "file_path": "/media/NFS/ttao/scannet/posed_images/scene0571_00/00196.jpg",
      "transform_matrix": [
        [
          -0.328569,
          0.501248,
          -0.800496,
          2.034675
        ],
        [
          0.944474,
          0.177283,
          -0.276657,
          4.505167
        ],
        [
          0.003241,
          -0.846948,
          -0.531666,
          1.361837
        ],
        [
          0.0,
          0.0,
          0.0,
          1.0
        ]
      ]
    },
    {
      "file_path": "/media/NFS/ttao/scannet/posed_images/scene0571_00/00200.jpg",
      "transform_matrix": [
        [
          -0.324807,
          0.514515,
          -0.793583,
          2.058709
        ],
        [
          0.9455,
          0.197089,
          -0.259203,
          4.476745
        ],
        [
          0.023042,
          -0.834524,
          -0.55049,
          1.352902
        ],
        [
          0.0,
          0.0,
          0.0,
          1.0
        ]
      ]
    },
    {
      "file_path": "/media/NFS/ttao/scannet/posed_images/scene0571_00/00208.jpg",
      "transform_matrix": [
        [
          -0.365677,
          0.523136,
          -0.769812,
          2.107641
        ],
        [
          0.93015,
          0.234902,
          -0.28221,
          4.457936
        ],
        [
          0.033196,
          -0.819238,
          -0.572492,
          1.341166
        ],
        [
          0.0,
          0.0,
          0.0,
          1.0
        ]
      ]
    },
    {
      "file_path": "/media/NFS/ttao/scannet/posed_images/scene0571_00/00219.jpg",
      "transform_matrix": [
        [
          -0.402098,
          0.568394,
          -0.717806,
          2.110061
        ],
        [
          0.91507,
          0.276066,
          -0.293998,
          4.486771
        ],
        [
          0.031055,
          -0.775059,
          -0.631125,
          1.322825
        ],
        [
          0.0,
          0.0,
          0.0,
          1.0
        ]
      ]
    },
    {
      "file_path": "/media/NFS/ttao/scannet/posed_images/scene0571_00/00221.jpg",
      "transform_matrix": [
        [
          -0.428329,
          0.568462,
          -0.702414,
          2.087369
        ],
        [
          0.90336,
          0.288108,
          -0.3177,
          4.505764
        ],
        [
          0.021771,
          -0.770613,
          -0.636931,
          1.318701
        ],
        [
          0.0,
          0.0,
          0.0,
          1.0
        ]
      ]
    },
    {
      "file_path": "/media/NFS/ttao/scannet/posed_images/scene0571_00/00231.jpg",
      "transform_matrix": [
        [
          -0.603309,
          0.473834,
          -0.641482,
          1.969115
        ],
        [
          0.796915,
          0.389174,
          -0.462028,
          4.585834
        ],
        [
          0.030724,
          -0.789952,
          -0.612398,
          1.326994
        ],
        [
          0.0,
          0.0,
          0.0,
          1.0
        ]
      ]
    },
    {
      "file_path": "/media/NFS/ttao/scannet/posed_images/scene0571_00/00237.jpg",
      "transform_matrix": [
        [
          -0.711578,
          0.404458,
          -0.574518,
          1.916655
        ],
        [
          0.702031,
          0.442414,
          -0.558053,
          4.621468
        ],
        [
          0.028466,
          -0.800427,
          -0.598754,
          1.333229
        ],
        [
          0.0,
          0.0,
          0.0,
          1.0
        ]
      ]
    },
    {
      "file_path": "/media/NFS/ttao/scannet/posed_images/scene0571_00/00242.jpg",
      "transform_matrix": [
        [
          -0.762962,
          0.380713,
          -0.522443,
          1.884862
        ],
        [
          0.646333,
          0.464194,
          -0.605621,
          4.627924
        ],
        [
          0.011947,
          -0.799738,
          -0.60023,
          1.332258
        ],
        [
          0.0,
          0.0,
          0.0,
          1.0
        ]
      ]
    },
    {
      "file_path": "/media/NFS/ttao/scannet/posed_images/scene0571_00/00250.jpg",
      "transform_matrix": [
        [
          -0.821876,
          0.305263,
          -0.480973,
          1.860935
        ],
        [
          0.569373,
          0.467289,
          -0.676355,
          4.610147
        ],
        [
          0.018287,
          -0.829732,
          -0.557862,
          1.356623
        ],
        [
          0.0,
          0.0,
          0.0,
          1.0
        ]
      ]
    },
    {
      "file_path": "/media/NFS/ttao/scannet/posed_images/scene0571_00/00260.jpg",
      "transform_matrix": [
        [
          -0.83316,
          0.394592,
          -0.387481,
          1.828603
        ],
        [
          0.552927,
          0.580664,
          -0.597579,
          4.617889
        ],
        [
          -0.010804,
          -0.712128,
          -0.701966,
          1.301989
        ],
        [
          0.0,
          0.0,
          0.0,
          1.0
        ]
      ]
    },
    {
      "file_path": "/media/NFS/ttao/scannet/posed_images/scene0571_00/00266.jpg",
      "transform_matrix": [
        [
          -0.850111,
          0.372994,
          -0.371734,
          1.839045
        ],
        [
          0.526559,
          0.611165,
          -0.590943,
          4.629924
        ],
        [
          0.006772,
          -0.698107,
          -0.715962,
          1.283395
        ],
        [
          0.0,
          0.0,
          0.0,
          1.0
        ]
      ]
    },
    {
      "file_path": "/media/NFS/ttao/scannet/posed_images/scene0571_00/00271.jpg",
      "transform_matrix": [
        [
          -0.836683,
          0.394497,
          -0.379914,
          1.854817
        ],
        [
          0.547653,
          0.610506,
          -0.572153,
          4.62966
        ],
        [
          0.006227,
          -0.686771,
          -0.726847,
          1.274554
        ],
        [
          0.0,
          0.0,
          0.0,
          1.0
        ]
      ]
    },
    {
      "file_path": "/media/NFS/ttao/scannet/posed_images/scene0571_00/00277.jpg",
      "transform_matrix": [
        [
          -0.792806,
          0.433438,
          -0.428475,
          1.879165
        ],
        [
          0.609467,
          0.560319,
          -0.560886,
          4.630661
        ],
        [
          -0.003026,
          -0.705815,
          -0.70839,
          1.257048
        ],
        [
          0.0,
          0.0,
          0.0,
          1.0
        ]
      ]
    },
    {
      "file_path": "/media/NFS/ttao/scannet/posed_images/scene0571_00/00285.jpg",
      "transform_matrix": [
        [
          -0.68372,
          0.429854,
          -0.589706,
          1.98025
        ],
        [
          0.729709,
          0.394713,
          -0.558325,
          4.619271
        ],
        [
          -0.007233,
          -0.812051,
          -0.583541,
          1.232293
        ],
        [
          0.0,
          0.0,
          0.0,
          1.0
        ]
      ]
    },
    {
      "file_path": "/media/NFS/ttao/scannet/posed_images/scene0571_00/00291.jpg",
      "transform_matrix": [
        [
          -0.635906,
          0.481058,
          -0.603496,
          2.078663
        ],
        [
          0.767862,
          0.315803,
          -0.557366,
          4.585394
        ],
        [
          -0.077539,
          -0.817834,
          -0.570207,
          1.208526
        ],
        [
          0.0,
          0.0,
          0.0,
          1.0
        ]
      ]
    },
    {
      "file_path": "/media/NFS/ttao/scannet/posed_images/scene0571_00/00300.jpg",
      "transform_matrix": [
        [
          -0.519379,
          0.448388,
          -0.727457,
          2.194033
        ],
        [
          0.850432,
          0.187799,
          -0.491424,
          4.555808
        ],
        [
          -0.083733,
          -0.873888,
          -0.478863,
          1.150697
        ],
        [
          0.0,
          0.0,
          0.0,
          1.0
        ]
      ]
    },
    {
      "file_path": "/media/NFS/ttao/scannet/posed_images/scene0571_00/00306.jpg",
      "transform_matrix": [
        [
          -0.468476,
          0.424949,
          -0.774564,
          2.208802
        ],
        [
          0.877344,
          0.120656,
          -0.464445,
          4.544215
        ],
        [
          -0.103909,
          -0.89714,
          -0.429351,
          1.105818
        ],
        [
          0.0,
          0.0,
          0.0,
          1.0
        ]
      ]
    },
    {
      "file_path": "/media/NFS/ttao/scannet/posed_images/scene0571_00/00316.jpg",
      "transform_matrix": [
        [
          -0.39665,
          0.388454,
          -0.831729,
          2.190585
        ],
        [
          0.909461,
          0.043213,
          -0.413537,
          4.523842
        ],
        [
          -0.124698,
          -0.920454,
          -0.370424,
          0.981522
        ],
        [
          0.0,
          0.0,
          0.0,
          1.0
        ]
      ]
    },
    {
      "file_path": "/media/NFS/ttao/scannet/posed_images/scene0571_00/00321.jpg",
      "transform_matrix": [
        [
          -0.404023,
          0.353252,
          -0.843788,
          2.178782
        ],
        [
          0.907023,
          0.035072,
          -0.419619,
          4.517795
        ],
        [
          -0.118637,
          -0.934871,
          -0.334577,
          0.903558
        ],
        [
          0.0,
          0.0,
          0.0,
          1.0
        ]
      ]
    },
    {
      "file_path": "/media/NFS/ttao/scannet/posed_images/scene0571_00/00325.jpg",
      "transform_matrix": [
        [
          -0.429349,
          0.314262,
          -0.846699,
          2.169779
        ],
        [
          0.896762,
          0.037135,
          -0.440952,
          4.513546
        ],
        [
          -0.107132,
          -0.94861,
          -0.297762,
          0.866338
        ],
        [
          0.0,
          0.0,
          0.0,
          1.0
        ]
      ]
    },
    {
      "file_path": "/media/NFS/ttao/scannet/posed_images/scene0571_00/00333.jpg",
      "transform_matrix": [
        [
          -0.473903,
          0.377074,
          -0.795758,
          2.179558
        ],
        [
          0.875848,
          0.108317,
          -0.470274,
          4.513972
        ],
        [
          -0.091134,
          -0.919828,
          -0.381591,
          0.965363
        ],
        [
          0.0,
          0.0,
          0.0,
          1.0
        ]
      ]
    },
    {
      "file_path": "/media/NFS/ttao/scannet/posed_images/scene0571_00/00344.jpg",
      "transform_matrix": [
        [
          -0.657209,
          0.393451,
          -0.642863,
          2.237116
        ],
        [
          0.752301,
          0.290343,
          -0.591392,
          4.513256
        ],
        [
          -0.046033,
          -0.872294,
          -0.48681,
          1.16267
        ],
        [
          0.0,
          0.0,
          0.0,
          1.0
        ]
      ]
    },
    {
      "file_path": "/media/NFS/ttao/scannet/posed_images/scene0571_00/00350.jpg",
      "transform_matrix": [
        [
          -0.678202,
          0.373323,
          -0.632987,
          2.245507
        ],
        [
          0.734871,
          0.341572,
          -0.585912,
          4.512107
        ],
        [
          -0.002524,
          -0.86253,
          -0.505999,
          1.217765
        ],
        [
          0.0,
          0.0,
          0.0,
          1.0
        ]
      ]
    },
    {
      "file_path": "/media/NFS/ttao/scannet/posed_images/scene0571_00/00358.jpg",
      "transform_matrix": [
        [
          -0.683285,
          0.352378,
          -0.639493,
          2.219765
        ],
        [
          0.729355,
          0.370309,
          -0.575251,
          4.513413
        ],
        [
          0.034104,
          -0.859477,
          -0.510035,
          1.269632
        ],
        [
          0.0,
          0.0,
          0.0,
          1.0
        ]
      ]
    },
    {
      "file_path": "/media/NFS/ttao/scannet/posed_images/scene0571_00/00364.jpg",
      "transform_matrix": [
        [
          -0.694096,
          0.370815,
          -0.617031,
          2.160737
        ],
        [
          0.718097,
          0.416981,
          -0.557193,
          4.526279
        ],
        [
          0.050675,
          -0.829834,
          -0.555705,
          1.284464
        ],
        [
          0.0,
          0.0,
          0.0,
          1.0
        ]
      ]
    },
    {
      "file_path": "/media/NFS/ttao/scannet/posed_images/scene0571_00/00366.jpg",
      "transform_matrix": [
        [
          -0.715089,
          0.36933,
          -0.5935,
          2.129578
        ],
        [
          0.697329,
          0.43614,
          -0.568783,
          4.533998
        ],
        [
          0.04878,
          -0.820596,
          -0.569423,
          1.293722
        ],
        [
          0.0,
          0.0,
          0.0,
          1.0
        ]
      ]
    },
    {
      "file_path": "/media/NFS/ttao/scannet/posed_images/scene0571_00/00379.jpg",
      "transform_matrix": [
        [
          -0.858297,
          0.252476,
          -0.446747,
          2.041267
        ],
        [
          0.507887,
          0.542362,
          -0.669249,
          4.537885
        ],
        [
          0.073329,
          -0.801311,
          -0.593737,
          1.356927
        ],
        [
          0.0,
          0.0,
          0.0,
          1.0
        ]
      ]
    },
    {
      "file_path": "/media/NFS/ttao/scannet/posed_images/scene0571_00/00381.jpg",
      "transform_matrix": [
        [
          -0.866816,
          0.243417,
          -0.435176,
          2.031371
        ],
        [
          0.493398,
          0.544793,
          -0.678055,
          4.537368
        ],
        [
          0.072031,
          -0.802464,
          -0.592337,
          1.363698
        ],
        [
          0.0,
          0.0,
          0.0,
          1.0
        ]
      ]
    },
    {
      "file_path": "/media/NFS/ttao/scannet/posed_images/scene0571_00/00387.jpg",
      "transform_matrix": [
        [
          -0.882461,
          0.227041,
          -0.411964,
          2.027676
        ],
        [
          0.465482,
          0.547623,
          -0.695295,
          4.533706
        ],
        [
          0.06774,
          -0.805333,
          -0.58894,
          1.373964
        ],
        [
          0.0,
          0.0,
          0.0,
          1.0
        ]
      ]
    },
    {
      "file_path": "/media/NFS/ttao/scannet/posed_images/scene0571_00/00400.jpg",
      "transform_matrix": [
        [
          -0.906731,
          0.130495,
          -0.401012,
          2.106797
        ],
        [
          0.403927,
          0.541981,
          -0.736953,
          4.485841
        ],
        [
          0.121172,
          -0.830198,
          -0.544141,
          1.39099
        ],
        [
          0.0,
          0.0,
          0.0,
          1.0
        ]
      ]
    },
    {
      "file_path": "/media/NFS/ttao/scannet/posed_images/scene0571_00/00402.jpg",
      "transform_matrix": [
        [
          -0.91488,
          0.106782,
          -0.389348,
          2.122136
        ],
        [
          0.382366,
          0.5387,
          -0.750732,
          4.480807
        ],
        [
          0.129577,
          -0.835703,
          -0.533676,
          1.392058
        ],
        [
          0.0,
          0.0,
          0.0,
          1.0
        ]
      ]
    },
    {
      "file_path": "/media/NFS/ttao/scannet/posed_images/scene0571_00/00412.jpg",
      "transform_matrix": [
        [
          -0.955603,
          0.063662,
          -0.287697,
          2.196992
        ],
        [
          0.265069,
          0.612161,
          -0.744982,
          4.46526
        ],
        [
          0.12869,
          -0.788166,
          -0.601858,
          1.362982
        ],
        [
          0.0,
          0.0,
          0.0,
          1.0
        ]
      ]
    },
    {
      "file_path": "/media/NFS/ttao/scannet/posed_images/scene0571_00/00418.jpg",
      "transform_matrix": [
        [
          -0.961414,
          0.057159,
          -0.269104,
          2.207273
        ],
        [
          0.246841,
          0.611111,
          -0.752072,
          4.488832
        ],
        [
          0.121464,
          -0.789478,
          -0.60164,
          1.355377
        ],
        [
          0.0,
          0.0,
          0.0,
          1.0
        ]
      ]
    },
    {
      "file_path": "/media/NFS/ttao/scannet/posed_images/scene0571_00/00423.jpg",
      "transform_matrix": [
        [
          -0.960326,
          0.065501,
          -0.271078,
          2.193859
        ],
        [
          0.256685,
          0.587607,
          -0.767353,
          4.523452
        ],
        [
          0.109025,
          -0.806491,
          -0.581107,
          1.355576
        ],
        [
          0.0,
          0.0,
          0.0,
          1.0
        ]
      ]
    },
    {
      "file_path": "/media/NFS/ttao/scannet/posed_images/scene0571_00/00433.jpg",
      "transform_matrix": [
        [
          -0.970072,
          0.118374,
          -0.212012,
          2.171233
        ],
        [
          0.24059,
          0.586611,
          -0.773307,
          4.582817
        ],
        [
          0.032829,
          -0.801171,
          -0.597534,
          1.343385
        ],
        [
          0.0,
          0.0,
          0.0,
          1.0
        ]
      ]
    },
    {
      "file_path": "/media/NFS/ttao/scannet/posed_images/scene0571_00/00435.jpg",
      "transform_matrix": [
        [
          -0.970706,
          0.136315,
          -0.197859,
          2.16945
        ],
        [
          0.240057,
          0.584989,
          -0.7747,
          4.590952
        ],
        [
          0.010142,
          -0.799504,
          -0.600575,
          1.343413
        ],
        [
          0.0,
          0.0,
          0.0,
          1.0
        ]
      ]
    },
    {
      "file_path": "/media/NFS/ttao/scannet/posed_images/scene0571_00/00443.jpg",
      "transform_matrix": [
        [
          -0.974564,
          0.139454,
          -0.175436,
          2.182578
        ],
        [
          0.2241,
          0.598981,
          -0.768766,
          4.601821
        ],
        [
          -0.002124,
          -0.788527,
          -0.614997,
          1.331984
        ],
        [
          0.0,
          0.0,
          0.0,
          1.0
        ]
      ]
    },
    {
      "file_path": "/media/NFS/ttao/scannet/posed_images/scene0571_00/00454.jpg",
      "transform_matrix": [
        [
          -0.988318,
          0.041817,
          -0.14656,
          2.240004
        ],
        [
          0.146595,
          0.523895,
          -0.839073,
          4.618521
        ],
        [
          0.041694,
          -0.850756,
          -0.523905,
          1.313149
        ],
        [
          0.0,
          0.0,
          0.0,
          1.0
        ]
      ]
    },
    {
      "file_path": "/media/NFS/ttao/scannet/posed_images/scene0571_00/00462.jpg",
      "transform_matrix": [
        [
          -0.989124,
          0.04189,
          -0.140994,
          2.252776
        ],
        [
          0.140234,
          0.557736,
          -0.818086,
          4.622496
        ],
        [
          0.044368,
          -0.828961,
          -0.557544,
          1.291876
        ],
        [
          0.0,
          0.0,
          0.0,
          1.0
        ]
      ]
    },
    {
      "file_path": "/media/NFS/ttao/scannet/posed_images/scene0571_00/00464.jpg",
      "transform_matrix": [
        [
          -0.988431,
          0.049384,
          -0.143403,
          2.250558
        ],
        [
          0.146181,
          0.562212,
          -0.813971,
          4.622699
        ],
        [
          0.040426,
          -0.825517,
          -0.562927,
          1.288663
        ],
        [
          0.0,
          0.0,
          0.0,
          1.0
        ]
      ]
    },
    {
      "file_path": "/media/NFS/ttao/scannet/posed_images/scene0571_00/00471.jpg",
      "transform_matrix": [
        [
          -0.983385,
          0.080132,
          -0.162889,
          2.248399
        ],
        [
          0.178177,
          0.597779,
          -0.78161,
          4.614287
        ],
        [
          0.03474,
          -0.797646,
          -0.602124,
          1.264615
        ],
        [
          0.0,
          0.0,
          0.0,
          1.0
        ]
      ]
    },
    {
      "file_path": "/media/NFS/ttao/scannet/posed_images/scene0571_00/00477.jpg",
      "transform_matrix": [
        [
          -0.980106,
          0.090068,
          -0.17686,
          2.269279
        ],
        [
          0.193781,
          0.626877,
          -0.754635,
          4.606686
        ],
        [
          0.042901,
          -0.773894,
          -0.63186,
          1.247883
        ],
        [
          0.0,
          0.0,
          0.0,
          1.0
        ]
      ]
    },
    {
      "file_path": "/media/NFS/ttao/scannet/posed_images/scene0571_00/00489.jpg",
      "transform_matrix": [
        [
          -0.98799,
          -0.005993,
          -0.154402,
          2.387407
        ],
        [
          0.121291,
          0.589,
          -0.798979,
          4.587441
        ],
        [
          0.095731,
          -0.808111,
          -0.581199,
          1.263317
        ],
        [
          0.0,
          0.0,
          0.0,
          1.0
        ]
      ]
    },
    {
      "file_path": "/media/NFS/ttao/scannet/posed_images/scene0571_00/00496.jpg",
      "transform_matrix": [
        [
          -0.98887,
          -0.029487,
          -0.145828,
          2.415955
        ],
        [
          0.10365,
          0.566622,
          -0.817433,
          4.569885
        ],
        [
          0.106733,
          -0.82345,
          -0.557259,
          1.287436
        ],
        [
          0.0,
          0.0,
          0.0,
          1.0
        ]
      ]
    },
    {
      "file_path": "/media/NFS/ttao/scannet/posed_images/scene0571_00/00500.jpg",
      "transform_matrix": [
        [
          -0.986836,
          -0.039718,
          -0.156773,
          2.426191
        ],
        [
          0.107787,
          0.561169,
          -0.820653,
          4.563521
        ],
        [
          0.120571,
          -0.826748,
          -0.5495,
          1.300661
        ],
        [
          0.0,
          0.0,
          0.0,
          1.0
        ]
      ]
    },
    {
      "file_path": "/media/NFS/ttao/scannet/posed_images/scene0571_00/00506.jpg",
      "transform_matrix": [
        [
          -0.987544,
          -0.06659,
          -0.142556,
          2.448864
        ],
        [
          0.079158,
          0.572754,
          -0.815897,
          4.559597
        ],
        [
          0.13598,
          -0.817018,
          -0.560349,
          1.308186
        ],
        [
          0.0,
          0.0,
          0.0,
          1.0
        ]
      ]
    },
    {
      "file_path": "/media/NFS/ttao/scannet/posed_images/scene0571_00/00516.jpg",
      "transform_matrix": [
        [
          -0.987887,
          -0.153866,
          -0.020095,
          2.482173
        ],
        [
          -0.068469,
          0.548442,
          -0.83338,
          4.560415
        ],
        [
          0.13925,
          -0.82191,
          -0.552334,
          1.319748
        ],
        [
          0.0,
          0.0,
          0.0,
          1.0
        ]
      ]
    },
    {
      "file_path": "/media/NFS/ttao/scannet/posed_images/scene0571_00/00525.jpg",
      "transform_matrix": [
        [
          -0.972317,
          -0.185498,
          0.142096,
          2.416954
        ],
        [
          -0.21566,
          0.478297,
          -0.851307,
          4.557913
        ],
        [
          0.089951,
          -0.858384,
          -0.50506,
          1.354953
        ],
        [
          0.0,
          0.0,
          0.0,
          1.0
        ]
      ]
    },
    {
      "file_path": "/media/NFS/ttao/scannet/posed_images/scene0571_00/00527.jpg",
      "transform_matrix": [
        [
          -0.962061,
          -0.203866,
          0.181318,
          2.394543
        ],
        [
          -0.258691,
          0.470428,
          -0.843668,
          4.557723
        ],
        [
          0.086698,
          -0.858566,
          -0.505319,
          1.358229
        ],
        [
          0.0,
          0.0,
          0.0,
          1.0
        ]
      ]
    },
    {
      "file_path": "/media/NFS/ttao/scannet/posed_images/scene0571_00/00535.jpg",
      "transform_matrix": [
        [
          -0.90643,
          -0.283477,
          0.313091,
          2.320314
        ],
        [
          -0.415333,
          0.463636,
          -0.782649,
          4.567549
        ],
        [
          0.076702,
          -0.839454,
          -0.537991,
          1.361276
