{
  "frames": [
    {
      "file_path": "/media/NFS/ttao/scannet/posed_images/scene0218_00/00000.jpg",
      "transform_matrix": [
        [
          0.869248,
          0.211064,
          -0.447057,
          4.835978
        ],
        [
          0.494375,
          -0.369468,
          0.78682,
          5.245386
        ],
        [
          0.000896,
          -0.904956,
          -0.425504,
          1.496479
        ],
        [
          0.0,
          0.0,
          0.0,
          1.0
        ]
      ]
    },
    {
      "file_path": "/media/NFS/ttao/scannet/posed_images/scene0218_00/00008.jpg",
      "transform_matrix": [
        [
          0.856892,
          0.226435,
          -0.463103,
          4.833303
        ],
        [
          0.515401,
          -0.393607,
          0.761206,
          5.305501
        ],
        [
          -0.009917,
          -0.890955,
          -0.453984,
          1.474854
        ],
        [
          0.0,
          0.0,
          0.0,
          1.0
        ]
      ]
    },
    {
      "file_path": "/media/NFS/ttao/scannet/posed_images/scene0218_00/00009.jpg",
      "transform_matrix": [
        [
          0.85595,
          0.230038,
          -0.463068,
          4.830047
        ],
        [
          0.517002,
          -0.394054,
          0.759888,
          5.314318
        ],
        [
          -0.007671,
          -0.889834,
          -0.456221,
          1.473719
        ],
        [
          0.0,
          0.0,
          0.0,
          1.0
        ]
      ]
    },
    {
      "file_path": "/media/NFS/ttao/scannet/posed_images/scene0218_00/00014.jpg",
      "transform_matrix": [
        [
          0.8508,
          0.241335,
          -0.466793,
          4.821125
        ],
        [
          0.525433,
          -0.403627,
          0.749003,
          5.371558
        ],
        [
          -0.00765,
          -0.882521,
          -0.470211,
          1.458444
        ],
        [
          0.0,
          0.0,
          0.0,
          1.0
        ]
      ]
    },
    {
      "file_path": "/media/NFS/ttao/scannet/posed_images/scene0218_00/00023.jpg",
      "transform_matrix": [
        [
          0.761963,
          0.304838,
          -0.57139,
          4.790998
        ],
        [
          0.647614,
          -0.354812,
          0.674317,
          5.517817
        ],
        [
          0.002821,
          -0.883845,
          -0.467771,
          1.432353
        ],
        [
          0.0,
          0.0,
          0.0,
          1.0
        ]
      ]
    },
    {
      "file_path": "/media/NFS/ttao/scannet/posed_images/scene0218_00/00026.jpg",
      "transform_matrix": [
        [
          0.755896,
          0.319446,
          -0.571468,
          4.781744
        ],
        [
          0.654509,
          -0.348137,
          0.671132,
          5.571967
        ],
        [
          0.015441,
          -0.881337,
          -0.472236,
          1.443165
        ],
        [
          0.0,
          0.0,
          0.0,
          1.0
        ]
      ]
    },
    {
      "file_path": "/media/NFS/ttao/scannet/posed_images/scene0218_00/00034.jpg",
      "transform_matrix": [
        [
          0.77441,
          0.272183,
          -0.571143,
          4.834149
        ],
        [
          0.632429,
          -0.358645,
          0.686591,
          5.707677
        ],
        [
          -0.017959,
          -0.892911,
          -0.449875,
          1.451091
        ],
        [
          0.0,
          0.0,
          0.0,
          1.0
        ]
      ]
    },
    {
      "file_path": "/media/NFS/ttao/scannet/posed_images/scene0218_00/00036.jpg",
      "transform_matrix": [
        [
          0.776684,
          0.265687,
          -0.571115,
          4.857286
        ],
        [
          0.629366,
          -0.364337,
          0.686409,
          5.735076
        ],
        [
          -0.025709,
          -0.892563,
          -0.450189,
          1.45156
        ],
        [
          0.0,
          0.0,
          0.0,
          1.0
        ]
      ]
    },
    {
      "file_path": "/media/NFS/ttao/scannet/posed_images/scene0218_00/00040.jpg",
      "transform_matrix": [
        [
          0.746585,
          0.289785,
          -0.598861,
          4.936798
        ],
        [
          0.664913,
          -0.355303,
          0.657001,
          5.816561
        ],
        [
          -0.022388,
          -0.888698,
          -0.457946,
          1.459604
        ],
        [
          0.0,
          0.0,
          0.0,
          1.0
        ]
      ]
    },
    {
      "file_path": "/media/NFS/ttao/scannet/posed_images/scene0218_00/00047.jpg",
      "transform_matrix": [
        [
          0.717305,
          0.33288,
          -0.612099,
          5.053766
        ],
        [
          0.696756,
          -0.339817,
          0.631708,
          5.909308
        ],
        [
          0.002281,
          -0.879611,
          -0.475688,
          1.468418
        ],
        [
          0.0,
          0.0,
          0.0,
          1.0
        ]
      ]
    },
    {
      "file_path": "/media/NFS/ttao/scannet/posed_images/scene0218_00/00053.jpg",
      "transform_matrix": [
        [
          0.71705,
          0.312587,
          -0.623,
          5.135785
        ],
        [
          0.696221,
          -0.36402,
          0.61868,
          5.991658
        ],
        [
          -0.033393,
          -0.87737,
          -0.47865,
          1.466106
        ],
        [
          0.0,
          0.0,
          0.0,
          1.0
        ]
      ]
    },
    {
      "file_path": "/media/NFS/ttao/scannet/posed_images/scene0218_00/00059.jpg",
      "transform_matrix": [
        [
          0.685054,
          0.295358,
          -0.665932,
          5.217199
        ],
        [
          0.726915,
          -0.337258,
          0.598207,
          6.09976
        ],
        [
          -0.047906,
          -0.89388,
          -0.44574,
          1.452595
        ],
        [
          0.0,
          0.0,
          0.0,
          1.0
        ]
      ]
    },
    {
      "file_path": "/media/NFS/ttao/scannet/posed_images/scene0218_00/00060.jpg",
      "transform_matrix": [
        [
          0.67321,
          0.313163,
          -0.669863,
          5.236724
        ],
        [
          0.738602,
          -0.328176,
          0.58887,
          6.14801
        ],
        [
          -0.035421,
          -0.891195,
          -0.452235,
          1.463964
        ],
        [
          0.0,
          0.0,
          0.0,
          1.0
        ]
      ]
    },
    {
      "file_path": "/media/NFS/ttao/scannet/posed_images/scene0218_00/00070.jpg",
      "transform_matrix": [
        [
          0.646302,
          0.354105,
          -0.675946,
          5.349671
        ],
        [
          0.76301,
          -0.312088,
          0.566054,
          6.328383
        ],
        [
          -0.010512,
          -0.881595,
          -0.471889,
          1.478803
        ],
        [
          0.0,
          0.0,
          0.0,
          1.0
        ]
      ]
    },
    {
      "file_path": "/media/NFS/ttao/scannet/posed_images/scene0218_00/00071.jpg",
      "transform_matrix": [
        [
          0.64315,
          0.350935,
          -0.68059,
          5.361561
        ],
        [
          0.76559,
          -0.312275,
          0.562455,
          6.339485
        ],
        [
          -0.015146,
          -0.882796,
          -0.469512,
          1.4758
        ],
        [
          0.0,
          0.0,
          0.0,
          1.0
        ]
      ]
    },
    {
      "file_path": "/media/NFS/ttao/scannet/posed_images/scene0218_00/00076.jpg",
      "transform_matrix": [
        [
          0.604972,
          0.353356,
          -0.713547,
          5.419877
        ],
        [
          0.79517,
          -0.314701,
          0.518332,
          6.418677
        ],
        [
          -0.041398,
          -0.880967,
          -0.471363,
          1.47917
        ],
        [
          0.0,
          0.0,
          0.0,
          1.0
        ]
      ]
    },
    {
      "file_path": "/media/NFS/ttao/scannet/posed_images/scene0218_00/00082.jpg",
      "transform_matrix": [
        [
          0.533511,
          0.377978,
          -0.756637,
          5.530255
        ],
        [
          0.844612,
          -0.285347,
          0.452998,
          6.559253
        ],
        [
          -0.044681,
          -0.880744,
          -0.471481,
          1.486792
        ],
        [
          0.0,
          0.0,
          0.0,
          1.0
        ]
      ]
    },
    {
      "file_path": "/media/NFS/ttao/scannet/posed_images/scene0218_00/00090.jpg",
      "transform_matrix": [
        [
          0.535267,
          0.378072,
          -0.755348,
          5.622215
        ],
        [
          0.843884,
          -0.27824,
          0.45874,
          6.693213
        ],
        [
          -0.036731,
          -0.882974,
          -0.467982,
          1.498755
        ],
        [
          0.0,
          0.0,
          0.0,
          1.0
        ]
      ]
    },
    {
      "file_path": "/media/NFS/ttao/scannet/posed_images/scene0218_00/00092.jpg",
      "transform_matrix": [
        [
          0.544084,
          0.371546,
          -0.752281,
          5.646963
        ],
        [
          0.83794,
          -0.286329,
          0.464621,
          6.73598
        ],
        [
          -0.042772,
          -0.883159,
          -0.46712,
          1.501472
        ],
        [
          0.0,
          0.0,
          0.0,
          1.0
        ]
      ]
    },
    {
      "file_path": "/media/NFS/ttao/scannet/posed_images/scene0218_00/00101.jpg",
      "transform_matrix": [
        [
          0.652914,
          0.318961,
          -0.686999,
          5.703737
        ],
        [
          0.756653,
          -0.315808,
          0.572488,
          6.840167
        ],
        [
          -0.034358,
          -0.893605,
          -0.447537,
          1.503147
        ],
        [
          0.0,
          0.0,
          0.0,
          1.0
        ]
      ]
    },
    {
      "file_path": "/media/NFS/ttao/scannet/posed_images/scene0218_00/00105.jpg",
      "transform_matrix": [
        [
          0.685039,
          0.301272,
          -0.663292,
          5.722271
        ],
        [
          0.727922,
          -0.319527,
          0.606656,
          6.887472
        ],
        [
          -0.029171,
          -0.898408,
          -0.438191,
          1.50903
        ],
        [
          0.0,
          0.0,
          0.0,
          1.0
        ]
      ]
    },
    {
      "file_path": "/media/NFS/ttao/scannet/posed_images/scene0218_00/00110.jpg",
      "transform_matrix": [
        [
          0.709358,
          0.280519,
          -0.646623,
          5.737798
        ],
        [
          0.704343,
          -0.316869,
          0.635213,
          6.940484
        ],
        [
          -0.026705,
          -0.906037,
          -0.422355,
          1.499059
        ],
        [
          0.0,
          0.0,
          0.0,
          1.0
        ]
      ]
    },
    {
      "file_path": "/media/NFS/ttao/scannet/posed_images/scene0218_00/00116.jpg",
      "transform_matrix": [
        [
          0.726574,
          0.272771,
          -0.630624,
          5.737383
        ],
        [
          0.686863,
          -0.311853,
          0.656481,
          7.013787
        ],
        [
          -0.017593,
          -0.910134,
          -0.413941,
          1.492665
        ],
        [
          0.0,
          0.0,
          0.0,
          1.0
        ]
      ]
    },
    {
      "file_path": "/media/NFS/ttao/scannet/posed_images/scene0218_00/00118.jpg",
      "transform_matrix": [
        [
          0.725201,
          0.275146,
          -0.631172,
          5.736558
        ],
        [
          0.688324,
          -0.312492,
          0.654643,
          7.042915
        ],
        [
          -0.017113,
          -0.909199,
          -0.41601,
          1.487666
        ],
        [
          0.0,
          0.0,
          0.0,
          1.0
        ]
      ]
    },
    {
      "file_path": "/media/NFS/ttao/scannet/posed_images/scene0218_00/00123.jpg",
      "transform_matrix": [
        [
          0.723858,
          0.264519,
          -0.637227,
          5.75986
        ],
        [
          0.689829,
          -0.2947,
          0.661278,
          7.128332
        ],
        [
          -0.012871,
          -0.918249,
          -0.395794,
          1.491666
        ],
        [
          0.0,
          0.0,
          0.0,
          1.0
        ]
      ]
    },
    {
      "file_path": "/media/NFS/ttao/scannet/posed_images/scene0218_00/00129.jpg",
      "transform_matrix": [
        [
          0.738334,
          0.254399,
          -0.624615,
          5.797468
        ],
        [
          0.6739,
          -0.315168,
          0.668227,
          7.225411
        ],
        [
          -0.026862,
          -0.914303,
          -0.404139,
          1.486346
        ],
        [
          0.0,
          0.0,
          0.0,
          1.0
        ]
      ]
    },
    {
      "file_path": "/media/NFS/ttao/scannet/posed_images/scene0218_00/00136.jpg",
      "transform_matrix": [
        [
          0.715013,
          0.27099,
          -0.644454,
          5.878708
        ],
        [
          0.697728,
          -0.334564,
          0.633437,
          7.33174
        ],
        [
          -0.043956,
          -0.90257,
          -0.428294,
          1.479365
        ],
        [
          0.0,
          0.0,
          0.0,
          1.0
        ]
      ]
    },
    {
      "file_path": "/media/NFS/ttao/scannet/posed_images/scene0218_00/00143.jpg",
      "transform_matrix": [
        [
          0.698143,
          0.298953,
          -0.650556,
          5.992615
        ],
        [
          0.715671,
          -0.317099,
          0.622304,
          7.443285
        ],
        [
          -0.020251,
          -0.900042,
          -0.435333,
          1.490352
        ],
        [
          0.0,
          0.0,
          0.0,
          1.0
        ]
      ]
    },
    {
      "file_path": "/media/NFS/ttao/scannet/posed_images/scene0218_00/00144.jpg",
      "transform_matrix": [
        [
          0.695831,
          0.29466,
          -0.654977,
          6.023783
        ],
        [
          0.717618,
          -0.322124,
          0.617463,
          7.473414
        ],
        [
          -0.029042,
          -0.899673,
          -0.435598,
          1.489758
        ],
        [
          0.0,
          0.0,
          0.0,
          1.0
        ]
      ]
    },
    {
      "file_path": "/media/NFS/ttao/scannet/posed_images/scene0218_00/00149.jpg",
      "transform_matrix": [
        [
          0.701388,
          0.301579,
          -0.645837,
          6.063682
        ],
        [
          0.711576,
          -0.3489,
          0.60986,
          7.53769
        ],
        [
          -0.041411,
          -0.88731,
          -0.45931,
          1.481847
        ],
        [
          0.0,
          0.0,
          0.0,
          1.0
        ]
      ]
    },
    {
      "file_path": "/media/NFS/ttao/scannet/posed_images/scene0218_00/00158.jpg",
      "transform_matrix": [
        [
          0.724432,
          0.310274,
          -0.615572,
          6.112341
        ],
        [
          0.688809,
          -0.361057,
          0.628633,
          7.681206
        ],
        [
          -0.027208,
          -0.879413,
          -0.475281,
          1.456853
        ],
        [
          0.0,
          0.0,
          0.0,
          1.0
        ]
      ]
    },
    {
      "file_path": "/media/NFS/ttao/scannet/posed_images/scene0218_00/00160.jpg",
      "transform_matrix": [
        [
          0.731121,
          0.311272,
          -0.6071,
          6.127467
        ],
        [
          0.681955,
          -0.359492,
          0.636949,
          7.733352
        ],
        [
          -0.019983,
          -0.879702,
          -0.475105,
          1.462546
        ],
        [
          0.0,
          0.0,
          0.0,
          1.0
        ]
      ]
    },
    {
      "file_path": "/media/NFS/ttao/scannet/posed_images/scene0218_00/00164.jpg",
      "transform_matrix": [
        [
          0.743063,
          0.327619,
          -0.583543,
          6.14141
        ],
        [
          0.669201,
          -0.357102,
          0.65165,
          7.799328
        ],
        [
          0.005109,
          -0.874725,
          -0.484593,
          1.461392
        ],
        [
          0.0,
          0.0,
          0.0,
          1.0
        ]
      ]
    },
    {
      "file_path": "/media/NFS/ttao/scannet/posed_images/scene0218_00/00174.jpg",
      "transform_matrix": [
        [
          0.759282,
          0.261104,
          -0.596084,
          6.204249
        ],
        [
          0.650222,
          -0.341681,
          0.678576,
          7.972788
        ],
        [
          -0.026492,
          -0.902817,
          -0.429208,
          1.487259
        ],
        [
          0.0,
          0.0,
          0.0,
          1.0
        ]
      ]
    },
    {
      "file_path": "/media/NFS/ttao/scannet/posed_images/scene0218_00/00178.jpg",
      "transform_matrix": [
        [
          0.75856,
          0.264451,
          -0.595527,
          6.234825
        ],
        [
          0.650902,
          -0.349918,
          0.673709,
          8.046446
        ],
        [
          -0.030222,
          -0.898679,
          -0.437565,
          1.482293
        ],
        [
          0.0,
          0.0,
          0.0,
          1.0
        ]
      ]
    },
    {
      "file_path": "/media/NFS/ttao/scannet/posed_images/scene0218_00/00181.jpg",
      "transform_matrix": [
        [
          0.753855,
          0.259453,
          -0.603645,
          6.255307
        ],
        [
          0.655766,
          -0.35431,
          0.66666,
          8.111736
        ],
        [
          -0.040911,
          -0.898414,
          -0.437239,
          1.483965
        ],
        [
          0.0,
          0.0,
          0.0,
          1.0
        ]
      ]
    },
    {
      "file_path": "/media/NFS/ttao/scannet/posed_images/scene0218_00/00185.jpg",
      "transform_matrix": [
        [
          0.742308,
          0.263017,
          -0.61628,
          6.301031
        ],
        [
          0.66841,
          -0.355133,
          0.653535,
          8.204569
        ],
        [
          -0.046971,
          -0.897052,
          -0.439422,
          1.489885
        ],
        [
          0.0,
          0.0,
          0.0,
          1.0
        ]
      ]
    },
    {
      "file_path": "/media/NFS/ttao/scannet/posed_images/scene0218_00/00192.jpg",
      "transform_matrix": [
        [
          0.720291,
          0.254757,
          -0.645198,
          6.369164
        ],
        [
          0.692225,
          -0.324046,
          0.644841,
          8.361638
        ],
        [
          -0.044796,
          -0.911094,
          -0.409756,
          1.49452
        ],
        [
          0.0,
          0.0,
          0.0,
          1.0
        ]
      ]
    },
    {
      "file_path": "/media/NFS/ttao/scannet/posed_images/scene0218_00/00199.jpg",
      "transform_matrix": [
        [
          0.74551,
          0.251507,
          -0.617219,
          6.419454
        ],
        [
          0.665775,
          -0.324042,
          0.672116,
          8.520691
        ],
        [
          -0.030963,
          -0.911998,
          -0.409023,
          1.484926
        ],
        [
          0.0,
          0.0,
          0.0,
          1.0
        ]
      ]
    },
    {
      "file_path": "/media/NFS/ttao/scannet/posed_images/scene0218_00/00200.jpg",
      "transform_matrix": [
        [
          0.75291,
          0.249611,
          -0.608951,
          6.415157
        ],
        [
          0.657634,
          -0.321023,
          0.681514,
          8.533316
        ],
        [
          -0.025374,
          -0.913586,
          -0.405854,
          1.477881
        ],
        [
          0.0,
          0.0,
          0.0,
          1.0
        ]
      ]
    },
    {
      "file_path": "/media/NFS/ttao/scannet/posed_images/scene0218_00/00209.jpg",
      "transform_matrix": [
        [
          0.793846,
          0.276681,
          -0.54153,
          6.456629
        ],
        [
          0.607723,
          -0.328843,
          0.722866,
          8.765905
        ],
        [
          0.021925,
          -0.902945,
          -0.429197,
          1.483105
        ],
        [
          0.0,
          0.0,
          0.0,
          1.0
        ]
      ]
    },
    {
      "file_path": "/media/NFS/ttao/scannet/posed_images/scene0218_00/00214.jpg",
      "transform_matrix": [
        [
          0.796229,
          0.251368,
          -0.550303,
          6.481556
        ],
        [
          0.604928,
          -0.317279,
          0.73034,
          8.843029
        ],
        [
          0.008985,
          -0.914412,
          -0.404686,
          1.478498
        ],
        [
          0.0,
          0.0,
          0.0,
          1.0
        ]
      ]
    },
    {
      "file_path": "/media/NFS/ttao/scannet/posed_images/scene0218_00/00217.jpg",
      "transform_matrix": [
        [
          0.789876,
          0.252754,
          -0.558759,
          6.500996
        ],
        [
          0.613262,
          -0.328938,
          0.718129,
          8.897962
        ],
        [
          -0.002287,
          -0.909898,
          -0.414825,
          1.476235
        ],
        [
          0.0,
          0.0,
          0.0,
          1.0
        ]
      ]
    },
    {
      "file_path": "/media/NFS/ttao/scannet/posed_images/scene0218_00/00223.jpg",
      "transform_matrix": [
        [
          0.755555,
          0.256304,
          -0.602864,
          6.586044
        ],
        [
          0.654638,
          -0.329415,
          0.680393,
          9.040748
        ],
        [
          -0.024205,
          -0.908732,
          -0.416678,
          1.475701
        ],
        [
          0.0,
          0.0,
          0.0,
          1.0
        ]
      ]
    },
    {
      "file_path": "/media/NFS/ttao/scannet/posed_images/scene0218_00/00230.jpg",
      "transform_matrix": [
        [
          0.766713,
          0.243198,
          -0.594142,
          6.672519
        ],
        [
          0.641816,
          -0.31185,
          0.700586,
          9.186426
        ],
        [
          -0.014902,
          -0.918479,
          -0.395188,
          1.492276
        ],
        [
          0.0,
          0.0,
          0.0,
          1.0
        ]
      ]
    },
    {
      "file_path": "/media/NFS/ttao/scannet/posed_images/scene0218_00/00234.jpg",
      "transform_matrix": [
        [
          0.773433,
          0.229593,
          -0.590837,
          6.709636
        ],
        [
          0.633187,
          -0.323334,
          0.703227,
          9.259655
        ],
        [
          -0.029582,
          -0.91801,
          -0.395452,
          1.48635
        ],
        [
          0.0,
          0.0,
          0.0,
          1.0
        ]
      ]
    },
    {
      "file_path": "/media/NFS/ttao/scannet/posed_images/scene0218_00/00240.jpg",
      "transform_matrix": [
        [
          0.77779,
          0.212396,
          -0.59155,
          6.754978
        ],
        [
          0.627446,
          -0.317508,
          0.710986,
          9.382021
        ],
        [
          -0.036812,
          -0.924163,
          -0.380221,
          1.481681
        ],
        [
          0.0,
          0.0,
          0.0,
          1.0
        ]
      ]
    },
    {
      "file_path": "/media/NFS/ttao/scannet/posed_images/scene0218_00/00245.jpg",
      "transform_matrix": [
        [
          0.797401,
          0.220443,
          -0.561744,
          6.766488
        ],
        [
          0.603425,
          -0.299712,
          0.738952,
          9.485021
        ],
        [
          -0.005464,
          -0.928212,
          -0.372012,
          1.467316
        ],
        [
          0.0,
          0.0,
          0.0,
          1.0
        ]
      ]
    },
    {
      "file_path": "/media/NFS/ttao/scannet/posed_images/scene0218_00/00247.jpg",
      "transform_matrix": [
        [
          0.796866,
          0.22387,
          -0.561147,
          6.774459
        ],
        [
          0.60415,
          -0.299359,
          0.738503,
          9.521183
        ],
        [
          -0.002655,
          -0.927505,
          -0.3738,
          1.461816
        ],
        [
          0.0,
          0.0,
          0.0,
          1.0
        ]
      ]
    },
    {
      "file_path": "/media/NFS/ttao/scannet/posed_images/scene0218_00/00256.jpg",
      "transform_matrix": [
        [
          0.774917,
          0.222874,
          -0.591465,
          6.819266
        ],
        [
          0.631831,
          -0.298526,
          0.715313,
          9.7059
        ],
        [
          -0.017143,
          -0.928014,
          -0.372151,
          1.487714
        ],
        [
          0.0,
          0.0,
          0.0,
          1.0
        ]
      ]
    },
    {
      "file_path": "/media/NFS/ttao/scannet/posed_images/scene0218_00/00259.jpg",
      "transform_matrix": [
        [
          0.761862,
          0.229734,
          -0.605631,
          6.838764
        ],
        [
          0.64752,
          -0.294417,
          0.702877,
          9.746284
        ],
        [
          -0.016834,
          -0.927654,
          -0.373062,
          1.486176
        ],
        [
          0.0,
          0.0,
          0.0,
          1.0
        ]
      ]
    },
    {
      "file_path": "/media/NFS/ttao/scannet/posed_images/scene0218_00/00262.jpg",
      "transform_matrix": [
        [
          0.741533,
          0.240046,
          -0.626504,
          6.883756
        ],
        [
          0.670675,
          -0.290295,
          0.682586,
          9.802086
        ],
        [
          -0.018019,
          -0.926341,
          -0.376256,
          1.477796
        ],
        [
          0.0,
          0.0,
          0.0,
          1.0
        ]
      ]
    },
    {
      "file_path": "/media/NFS/ttao/scannet/posed_images/scene0218_00/00271.jpg",
      "transform_matrix": [
        [
          0.760855,
          0.266984,
          -0.591455,
          7.024837
        ],
        [
          0.648884,
          -0.3228,
          0.689021,
          9.980236
        ],
        [
          -0.006964,
          -0.908031,
          -0.418845,
          1.497716
        ],
        [
          0.0,
          0.0,
          0.0,
          1.0
        ]
      ]
    },
    {
      "file_path": "/media/NFS/ttao/scannet/posed_images/scene0218_00/00273.jpg",
      "transform_matrix": [
        [
          0.771551,
          0.257884,
          -0.581554,
          7.044649
        ],
        [
          0.636025,
          -0.332024,
          0.696586,
          10.003653
        ],
        [
          -0.013451,
          -0.907335,
          -0.420194,
          1.502962
        ],
        [
          0.0,
          0.0,
          0.0,
          1.0
        ]
      ]
    },
    {
      "file_path": "/media/NFS/ttao/scannet/posed_images/scene0218_00/00282.jpg",
      "transform_matrix": [
        [
          0.807448,
          0.233511,
          -0.541756,
          7.094756
        ],
        [
          0.589098,
          -0.368154,
          0.719324,
          10.054394
        ],
        [
          -0.031479,
          -0.899964,
          -0.434826,
          1.506773
        ],
        [
          0.0,
          0.0,
          0.0,
          1.0
        ]
      ]
    },
    {
      "file_path": "/media/NFS/ttao/scannet/posed_images/scene0218_00/00284.jpg",
      "transform_matrix": [
        [
          0.821788,
          0.226807,
          -0.522707,
          7.1031
        ],
        [
          0.569078,
          -0.372638,
          0.733001,
          10.054658
        ],
        [
          -0.028531,
          -0.899833,
          -0.435301,
          1.505663
        ],
        [
          0.0,
          0.0,
          0.0,
          1.0
        ]
      ]
    },
    {
      "file_path": "/media/NFS/ttao/scannet/posed_images/scene0218_00/00290.jpg",
      "transform_matrix": [
        [
          0.876956,
          0.215767,
          -0.429409,
          7.062486
        ],
        [
          0.480531,
          -0.382238,
          0.789294,
          10.015127
        ],
        [
          0.006168,
          -0.89852,
          -0.438888,
          1.521815
        ],
        [
          0.0,
          0.0,
          0.0,
          1.0
        ]
      ]
    },
    {
      "file_path": "/media/NFS/ttao/scannet/posed_images/scene0218_00/00298.jpg",
      "transform_matrix": [
        [
          0.95036,
          0.146982,
          -0.274246,
          6.966906
        ],
        [
          0.310539,
          -0.392823,
          0.865595,
          9.90821
        ],
        [
          0.019497,
          -0.907792,
          -0.418968,
          1.513147
        ],
        [
          0.0,
          0.0,
          0.0,
          1.0
        ]
      ]
    },
    {
      "file_path": "/media/NFS/ttao/scannet/posed_images/scene0218_00/00302.jpg",
      "transform_matrix": [
        [
          0.971832,
          0.116667,
          -0.204772,
          6.920113
        ],
        [
          0.235117,
          -0.420175,
          0.876455,
          9.856771
        ],
        [
          0.016213,
          -0.899912,
          -0.43577,
          1.530163
        ],
        [
          0.0,
          0.0,
          0.0,
          1.0
        ]
      ]
    },
    {
      "file_path": "/media/NFS/ttao/scannet/posed_images/scene0218_00/00306.jpg",
      "transform_matrix": [
        [
          0.985031,
          0.090211,
          -0.146884,
          6.880058
        ],
        [
          0.17108,
          -0.407411,
          0.897077,
          9.80535
        ],
        [
          0.021084,
          -0.908778,
          -0.416746,
          1.536102
        ],
        [
          0.0,
          0.0,
          0.0,
          1.0
        ]
      ]
    },
    {
      "file_path": "/media/NFS/ttao/scannet/posed_images/scene0218_00/00313.jpg",
      "transform_matrix": [
        [
          0.995688,
          0.057406,
          -0.072868,
          6.808923
        ],
        [
          0.090394,
          -0.423984,
          0.901147,
          9.726761
        ],
        [
          0.020837,
          -0.903848,
          -0.427345,
          1.537528
        ],
        [
          0.0,
          0.0,
          0.0,
          1.0
        ]
      ]
    },
    {
      "file_path": "/media/NFS/ttao/scannet/posed_images/scene0218_00/00315.jpg",
      "transform_matrix": [
        [
          0.997604,
          0.040984,
          -0.055743,
          6.793608
        ],
        [
          0.067882,
          -0.423983,
          0.903122,
          9.702669
        ],
        [
          0.013379,
          -0.904742,
          -0.425749,
          1.534567
        ],
        [
          0.0,
          0.0,
          0.0,
          1.0
        ]
      ]
    },
    {
      "file_path": "/media/NFS/ttao/scannet/posed_images/scene0218_00/00323.jpg",
      "transform_matrix": [
        [
          0.998469,
          -0.029994,
          0.046464,
          6.735803
        ],
        [
          -0.054986,
          -0.448387,
          0.892147,
          9.621061
        ],
        [
          -0.005925,
          -0.893336,
          -0.44935,
          1.53833
        ],
        [
          0.0,
          0.0,
          0.0,
          1.0
        ]
      ]
    },
    {
      "file_path": "/media/NFS/ttao/scannet/posed_images/scene0218_00/00326.jpg",
      "transform_matrix": [
        [
          0.996672,
          -0.049456,
          0.064801,
          6.706983
        ],
        [
          -0.080101,
          -0.446667,
          0.891107,
          9.596364
        ],
        [
          -0.015126,
          -0.893332,
          -0.449142,
          1.545879
        ],
        [
          0.0,
          0.0,
          0.0,
          1.0
        ]
      ]
    },
    {
      "file_path": "/media/NFS/ttao/scannet/posed_images/scene0218_00/00333.jpg",
      "transform_matrix": [
        [
          0.988219,
          -0.038389,
          0.148153,
          6.592586
        ],
        [
          -0.149813,
          -0.440546,
          0.885141,
          9.550079
        ],
        [
          0.031288,
          -0.896909,
          -0.441107,
          1.551247
        ],
        [
          0.0,
          0.0,
          0.0,
          1.0
        ]
      ]
    },
    {
      "file_path": "/media/NFS/ttao/scannet/posed_images/scene0218_00/00338.jpg",
      "transform_matrix": [
        [
          0.973727,
          -0.050325,
          0.222086,
          6.487235
        ],
        [
          -0.221375,
          -0.437768,
          0.871408,
          9.539589
        ],
        [
          0.053369,
          -0.897678,
          -0.437408,
          1.548031
        ],
        [
          0.0,
          0.0,
          0.0,
          1.0
        ]
      ]
    },
    {
      "file_path": "/media/NFS/ttao/scannet/posed_images/scene0218_00/00344.jpg",
      "transform_matrix": [
        [
          0.948267,
          -0.10217,
          0.300585,
          6.332575
        ],
        [
          -0.313983,
          -0.44184,
          0.840352,
          9.540863
        ],
        [
          0.046952,
          -0.891257,
          -0.451062,
          1.530036
        ],
        [
          0.0,
          0.0,
          0.0,
          1.0
        ]
      ]
    },
    {
      "file_path": "/media/NFS/ttao/scannet/posed_images/scene0218_00/00349.jpg",
      "transform_matrix": [
        [
          0.922029,
          -0.130069,
          0.364616,
          6.257713
        ],
        [
          -0.384361,
          -0.419852,
          0.822187,
          9.556828
        ],
        [
          0.046144,
          -0.898224,
          -0.437109,
          1.53953
        ],
        [
          0.0,
          0.0,
          0.0,
          1.0
        ]
      ]
    },
    {
      "file_path": "/media/NFS/ttao/scannet/posed_images/scene0218_00/00351.jpg",
      "transform_matrix": [
        [
          0.912635,
          -0.136994,
          0.385137,
          6.232368
        ],
        [
          -0.406,
          -0.413381,
          0.815033,
          9.56285
        ],
        [
          0.047553,
          -0.900194,
          -0.432886,
          1.538566
        ],
        [
          0.0,
          0.0,
          0.0,
          1.0
        ]
      ]
    },
    {
      "file_path": "/media/NFS/ttao/scannet/posed_images/scene0218_00/00360.jpg",
      "transform_matrix": [
        [
          0.849465,
          -0.164222,
          0.501438,
          6.130527
        ],
        [
          -0.524297,
          -0.369595,
          0.767145,
          9.620175
        ],
        [
          0.059347,
          -0.914566,
          -0.400059,
          1.513367
        ],
        [
          0.0,
          0.0,
          0.0,
          1.0
        ]
      ]
    },
    {
      "file_path": "/media/NFS/ttao/scannet/posed_images/scene0218_00/00361.jpg",
      "transform_matrix": [
        [
          0.840922,
          -0.171117,
          0.51339,
          6.117022
        ],
        [
          -0.538267,
          -0.362389,
          0.760883,
          9.634983
        ],
        [
          0.055847,
          -0.916184,
          -0.396848,
          1.511316
        ],
        [
          0.0,
          0.0,
          0.0,
          1.0
        ]
      ]
    },
    {
      "file_path": "/media/NFS/ttao/scannet/posed_images/scene0218_00/00368.jpg",
      "transform_matrix": [
        [
          0.800443,
          -0.221955,
          0.5568,
          6.054651
        ],
        [
          -0.598826,
          -0.337035,
          0.726508,
          9.704949
        ],
        [
          0.026409,
          -0.914955,
          -0.40269,
          1.50755
        ],
        [
          0.0,
          0.0,
          0.0,
          1.0
        ]
      ]
    },
    {
      "file_path": "/media/NFS/ttao/scannet/posed_images/scene0218_00/00371.jpg",
      "transform_matrix": [
        [
          0.77687,
          -0.230427,
          0.585984,
          6.026598
        ],
        [
          -0.62882,
          -0.332009,
          0.703104,
          9.741365
        ],
        [
          0.032538,
          -0.914699,
          -0.402824,
          1.503717
        ],
        [
          0.0,
          0.0,
          0.0,
          1.0
        ]
      ]
    },
    {
      "file_path": "/media/NFS/ttao/scannet/posed_images/scene0218_00/00377.jpg",
      "transform_matrix": [
        [
          0.725919,
          -0.258023,
          0.637546,
          6.002609
        ],
        [
          -0.687175,
          -0.310959,
          0.656578,
          9.793732
        ],
        [
          0.028838,
          -0.914729,
          -0.403038,
          1.506683
        ],
        [
          0.0,
          0.0,
          0.0,
          1.0
        ]
      ]
    },
    {
      "file_path": "/media/NFS/ttao/scannet/posed_images/scene0218_00/00383.jpg",
      "transform_matrix": [
        [
          0.640389,
          -0.291039,
          0.710773,
          5.957062
        ],
        [
          -0.767227,
          -0.285241,
          0.574456,
          9.86345
        ],
        [
          0.035552,
          -0.9132,
          -0.405959,
          1.507743
        ],
        [
          0.0,
          0.0,
          0.0,
          1.0
        ]
      ]
    },
    {
      "file_path": "/media/NFS/ttao/scannet/posed_images/scene0218_00/00391.jpg",
      "transform_matrix": [
        [
          0.537358,
          -0.314856,
          0.782376,
          5.937053
        ],
        [
          -0.843007,
          -0.227161,
          0.487584,
          9.92858
        ],
        [
          0.024206,
          -0.921555,
          -0.387492,
          1.516356
        ],
        [
          0.0,
          0.0,
          0.0,
          1.0
        ]
      ]
    },
    {
      "file_path": "/media/NFS/ttao/scannet/posed_images/scene0218_00/00392.jpg",
      "transform_matrix": [
        [
          0.523896,
          -0.319055,
          0.78977,
          5.942175
        ],
        [
          -0.851422,
          -0.223123,
          0.474655,
          9.938328
        ],
        [
          0.024775,
          -0.921097,
          -0.388543,
          1.516111
        ],
        [
          0.0,
          0.0,
          0.0,
          1.0
        ]
      ]
    },
    {
      "file_path": "/media/NFS/ttao/scannet/posed_images/scene0218_00/00400.jpg",
      "transform_matrix": [
        [
          0.433536,
          -0.31123,
          0.845684,
          5.993361
        ],
        [
          -0.901109,
          -0.15703,
          0.404159,
          9.984565
        ],
        [
          0.007011,
          -0.937271,
          -0.348531,
          1.543421
        ],
        [
          0.0,
