{
  "frames": [
    {
      "file_path": "/media/NFS/ttao/scannet/posed_images/scene0589_00/00000.jpg",
      "transform_matrix": [
        [
          0.966283,
          0.144298,
          -0.213252,
          2.863713
        ],
        [
          0.257484,
          -0.539947,
          0.801349,
          2.199418
        ],
        [
          0.000488,
          -0.829238,
          -0.558895,
          1.463546
        ],
        [
          0.0,
          0.0,
          0.0,
          1.0
        ]
      ]
    },
    {
      "file_path": "/media/NFS/ttao/scannet/posed_images/scene0589_00/00003.jpg",
      "transform_matrix": [
        [
          0.967855,
          0.142057,
          -0.207548,
          2.868007
        ],
        [
          0.251507,
          -0.543933,
          0.800551,
          2.194529
        ],
        [
          0.000832,
          -0.827017,
          -0.562177,
          1.456996
        ],
        [
          0.0,
          0.0,
          0.0,
          1.0
        ]
      ]
    },
    {
      "file_path": "/media/NFS/ttao/scannet/posed_images/scene0589_00/00007.jpg",
      "transform_matrix": [
        [
          0.968755,
          0.14132,
          -0.203819,
          2.875149
        ],
        [
          0.248017,
          -0.54831,
          0.798652,
          2.195399
        ],
        [
          0.001109,
          -0.824248,
          -0.566228,
          1.455712
        ],
        [
          0.0,
          0.0,
          0.0,
          1.0
        ]
      ]
    },
    {
      "file_path": "/media/NFS/ttao/scannet/posed_images/scene0589_00/00013.jpg",
      "transform_matrix": [
        [
          0.969015,
          0.138516,
          -0.204506,
          2.900383
        ],
        [
          0.246969,
          -0.556612,
          0.793214,
          2.198636
        ],
        [
          -0.003958,
          -0.819144,
          -0.573575,
          1.458756
        ],
        [
          0.0,
          0.0,
          0.0,
          1.0
        ]
      ]
    },
    {
      "file_path": "/media/NFS/ttao/scannet/posed_images/scene0589_00/00017.jpg",
      "transform_matrix": [
        [
          0.971313,
          0.135758,
          -0.195248,
          2.904576
        ],
        [
          0.237802,
          -0.559847,
          0.793739,
          2.195145
        ],
        [
          -0.001552,
          -0.817399,
          -0.57607,
          1.45631
        ],
        [
          0.0,
          0.0,
          0.0,
          1.0
        ]
      ]
    },
    {
      "file_path": "/media/NFS/ttao/scannet/posed_images/scene0589_00/00018.jpg",
      "transform_matrix": [
        [
          0.971845,
          0.136056,
          -0.192372,
          2.903842
        ],
        [
          0.235623,
          -0.560471,
          0.793949,
          2.195212
        ],
        [
          0.000203,
          -0.816922,
          -0.576748,
          1.456363
        ],
        [
          0.0,
          0.0,
          0.0,
          1.0
        ]
      ]
    },
    {
      "file_path": "/media/NFS/ttao/scannet/posed_images/scene0589_00/00025.jpg",
      "transform_matrix": [
        [
          0.974861,
          0.129492,
          -0.181321,
          2.913982
        ],
        [
          0.222761,
          -0.548952,
          0.805623,
          2.196093
        ],
        [
          0.004785,
          -0.825762,
          -0.563998,
          1.465583
        ],
        [
          0.0,
          0.0,
          0.0,
          1.0
        ]
      ]
    },
    {
      "file_path": "/media/NFS/ttao/scannet/posed_images/scene0589_00/00027.jpg",
      "transform_matrix": [
        [
          0.97703,
          0.123259,
          -0.173841,
          2.913663
        ],
        [
          0.213035,
          -0.544129,
          0.811505,
          2.198945
        ],
        [
          0.005434,
          -0.829898,
          -0.557888,
          1.473074
        ],
        [
          0.0,
          0.0,
          0.0,
          1.0
        ]
      ]
    },
    {
      "file_path": "/media/NFS/ttao/scannet/posed_images/scene0589_00/00031.jpg",
      "transform_matrix": [
        [
          0.981596,
          0.11343,
          -0.153633,
          2.912032
        ],
        [
          0.190357,
          -0.516773,
          0.834692,
          2.202481
        ],
        [
          0.015286,
          -0.848575,
          -0.528854,
          1.492814
        ],
        [
          0.0,
          0.0,
          0.0,
          1.0
        ]
      ]
    },
    {
      "file_path": "/media/NFS/ttao/scannet/posed_images/scene0589_00/00037.jpg",
      "transform_matrix": [
        [
          0.987383,
          0.108004,
          -0.115802,
          2.917403
        ],
        [
          0.153214,
          -0.466861,
          0.870957,
          2.209196
        ],
        [
          0.040003,
          -0.877711,
          -0.477518,
          1.511304
        ],
        [
          0.0,
          0.0,
          0.0,
          1.0
        ]
      ]
    },
    {
      "file_path": "/media/NFS/ttao/scannet/posed_images/scene0589_00/00040.jpg",
      "transform_matrix": [
        [
          0.990816,
          0.097179,
          -0.094023,
          2.919904
        ],
        [
          0.127365,
          -0.437202,
          0.890299,
          2.206162
        ],
        [
          0.045411,
          -0.894098,
          -0.445564,
          1.520594
        ],
        [
          0.0,
          0.0,
          0.0,
          1.0
        ]
      ]
    },
    {
      "file_path": "/media/NFS/ttao/scannet/posed_images/scene0589_00/00044.jpg",
      "transform_matrix": [
        [
          0.994072,
          0.083008,
          -0.070214,
          2.928818
        ],
        [
          0.097984,
          -0.404159,
          0.909425,
          2.218249
        ],
        [
          0.047112,
          -0.910914,
          -0.409897,
          1.549384
        ],
        [
          0.0,
          0.0,
          0.0,
          1.0
        ]
      ]
    },
    {
      "file_path": "/media/NFS/ttao/scannet/posed_images/scene0589_00/00047.jpg",
      "transform_matrix": [
        [
          0.99591,
          0.075345,
          -0.049864,
          2.931437
        ],
        [
          0.074659,
          -0.375438,
          0.923836,
          2.219501
        ],
        [
          0.050885,
          -0.92378,
          -0.379528,
          1.561673
        ],
        [
          0.0,
          0.0,
          0.0,
          1.0
        ]
      ]
    },
    {
      "file_path": "/media/NFS/ttao/scannet/posed_images/scene0589_00/00052.jpg",
      "transform_matrix": [
        [
          0.997484,
          0.067513,
          -0.02162,
          2.941342
        ],
        [
          0.042653,
          -0.327971,
          0.943725,
          2.219791
        ],
        [
          0.056623,
          -0.942273,
          -0.330025,
          1.570545
        ],
        [
          0.0,
          0.0,
          0.0,
          1.0
        ]
      ]
    },
    {
      "file_path": "/media/NFS/ttao/scannet/posed_images/scene0589_00/00055.jpg",
      "transform_matrix": [
        [
          0.998223,
          0.059,
          -0.008402,
          2.945409
        ],
        [
          0.025943,
          -0.303279,
          0.952549,
          2.221733
        ],
        [
          0.053652,
          -0.951074,
          -0.304271,
          1.579689
        ],
        [
          0.0,
          0.0,
          0.0,
          1.0
        ]
      ]
    },
    {
      "file_path": "/media/NFS/ttao/scannet/posed_images/scene0589_00/00059.jpg",
      "transform_matrix": [
        [
          0.998926,
          0.046293,
          0.001716,
          2.956573
        ],
        [
          0.010911,
          -0.271111,
          0.962486,
          2.22608
        ],
        [
          0.045022,
          -0.961434,
          -0.271325,
          1.597848
        ],
        [
          0.0,
          0.0,
          0.0,
          1.0
        ]
      ]
    },
    {
      "file_path": "/media/NFS/ttao/scannet/posed_images/scene0589_00/00062.jpg",
      "transform_matrix": [
        [
          0.999116,
          0.042029,
          -0.000906,
          2.96171
        ],
        [
          0.011031,
          -0.241318,
          0.970384,
          2.221423
        ],
        [
          0.040565,
          -0.969536,
          -0.241568,
          1.592133
        ],
        [
          0.0,
          0.0,
          0.0,
          1.0
        ]
      ]
    },
    {
      "file_path": "/media/NFS/ttao/scannet/posed_images/scene0589_00/00065.jpg",
      "transform_matrix": [
        [
          0.999369,
          0.034921,
          -0.006462,
          2.961413
        ],
        [
          0.013997,
          -0.220083,
          0.975381,
          2.22448
        ],
        [
          0.032639,
          -0.974856,
          -0.220433,
          1.60592
        ],
        [
          0.0,
          0.0,
          0.0,
          1.0
        ]
      ]
    },
    {
      "file_path": "/media/NFS/ttao/scannet/posed_images/scene0589_00/00072.jpg",
      "transform_matrix": [
        [
          0.999095,
          0.037494,
          -0.02008,
          2.952809
        ],
        [
          0.026362,
          -0.175397,
          0.984145,
          2.229436
        ],
        [
          0.033378,
          -0.983784,
          -0.176227,
          1.634074
        ],
        [
          0.0,
          0.0,
          0.0,
          1.0
        ]
      ]
    },
    {
      "file_path": "/media/NFS/ttao/scannet/posed_images/scene0589_00/00075.jpg",
      "transform_matrix": [
        [
          0.998886,
          0.039342,
          -0.026061,
          2.951786
        ],
        [
          0.031904,
          -0.156077,
          0.98723,
          2.230795
        ],
        [
          0.034772,
          -0.986961,
          -0.157158,
          1.640509
        ],
        [
          0.0,
          0.0,
          0.0,
          1.0
        ]
      ]
    },
    {
      "file_path": "/media/NFS/ttao/scannet/posed_images/scene0589_00/00077.jpg",
      "transform_matrix": [
        [
          0.99879,
          0.039724,
          -0.028989,
          2.950503
        ],
        [
          0.034377,
          -0.142483,
          0.9892,
          2.231692
        ],
        [
          0.035164,
          -0.989,
          -0.143676,
          1.644185
        ],
        [
          0.0,
          0.0,
          0.0,
          1.0
        ]
      ]
    },
    {
      "file_path": "/media/NFS/ttao/scannet/posed_images/scene0589_00/00083.jpg",
      "transform_matrix": [
        [
          0.997397,
          0.037476,
          -0.061605,
          2.958827
        ],
        [
          0.065021,
          -0.098043,
          0.993056,
          2.227607
        ],
        [
          0.031176,
          -0.994476,
          -0.100224,
          1.636745
        ],
        [
          0.0,
          0.0,
          0.0,
          1.0
        ]
      ]
    },
    {
      "file_path": "/media/NFS/ttao/scannet/posed_images/scene0589_00/00084.jpg",
      "transform_matrix": [
        [
          0.997058,
          0.037419,
          -0.066896,
          2.957461
        ],
        [
          0.070073,
          -0.091261,
          0.993359,
          2.227474
        ],
        [
          0.031065,
          -0.995124,
          -0.093614,
          1.633578
        ],
        [
          0.0,
          0.0,
          0.0,
          1.0
        ]
      ]
    },
    {
      "file_path": "/media/NFS/ttao/scannet/posed_images/scene0589_00/00088.jpg",
      "transform_matrix": [
        [
          0.995508,
          0.035841,
          -0.087633,
          2.953917
        ],
        [
          0.089992,
          -0.070575,
          0.993439,
          2.228202
        ],
        [
          0.029421,
          -0.996862,
          -0.073483,
          1.637802
        ],
        [
          0.0,
          0.0,
          0.0,
          1.0
        ]
      ]
    },
    {
      "file_path": "/media/NFS/ttao/scannet/posed_images/scene0589_00/00091.jpg",
      "transform_matrix": [
        [
          0.994295,
          0.036014,
          -0.100405,
          2.951257
        ],
        [
          0.102495,
          -0.06185,
          0.992809,
          2.228674
        ],
        [
          0.029545,
          -0.997436,
          -0.065188,
          1.642654
        ],
        [
          0.0,
          0.0,
          0.0,
          1.0
        ]
      ]
    },
    {
      "file_path": "/media/NFS/ttao/scannet/posed_images/scene0589_00/00096.jpg",
      "transform_matrix": [
        [
          0.989916,
          0.034002,
          -0.137516,
          2.951213
        ],
        [
          0.139107,
          -0.049941,
          0.989017,
          2.228306
        ],
        [
          0.02676,
          -0.998173,
          -0.054167,
          1.652427
        ],
        [
          0.0,
          0.0,
          0.0,
          1.0
        ]
      ]
    },
    {
      "file_path": "/media/NFS/ttao/scannet/posed_images/scene0589_00/00100.jpg",
      "transform_matrix": [
        [
          0.982319,
          0.036874,
          -0.18355,
          2.97884
        ],
        [
          0.184647,
          -0.028913,
          0.98238,
          2.220948
        ],
        [
          0.030917,
          -0.998902,
          -0.035211,
          1.640865
        ],
        [
          0.0,
          0.0,
          0.0,
          1.0
        ]
      ]
    },
    {
      "file_path": "/media/NFS/ttao/scannet/posed_images/scene0589_00/00105.jpg",
      "transform_matrix": [
        [
          0.971253,
          0.030152,
          -0.23613,
          2.965913
        ],
        [
          0.236802,
          -0.021021,
          0.971331,
          2.218326
        ],
        [
          0.024324,
          -0.999324,
          -0.027556,
          1.654523
        ],
        [
          0.0,
          0.0,
          0.0,
          1.0
        ]
      ]
    },
    {
      "file_path": "/media/NFS/ttao/scannet/posed_images/scene0589_00/00109.jpg",
      "transform_matrix": [
        [
          0.959048,
          0.031695,
          -0.281465,
          2.95146
        ],
        [
          0.28237,
          -0.028968,
          0.958868,
          2.219956
        ],
        [
          0.022237,
          -0.999078,
          -0.036731,
          1.652524
        ],
        [
          0.0,
          0.0,
          0.0,
          1.0
        ]
      ]
    },
    {
      "file_path": "/media/NFS/ttao/scannet/posed_images/scene0589_00/00112.jpg",
      "transform_matrix": [
        [
          0.94396,
          0.036885,
          -0.327993,
          2.965552
        ],
        [
          0.328927,
          -0.02285,
          0.944079,
          2.234292
        ],
        [
          0.027328,
          -0.999058,
          -0.033702,
          1.612762
        ],
        [
          0.0,
          0.0,
          0.0,
          1.0
        ]
      ]
    },
    {
      "file_path": "/media/NFS/ttao/scannet/posed_images/scene0589_00/00116.jpg",
      "transform_matrix": [
        [
          0.928709,
          0.036743,
          -0.368985,
          2.954058
        ],
        [
          0.369893,
          -0.021841,
          0.928818,
          2.221124
        ],
        [
          0.026068,
          -0.999086,
          -0.033875,
          1.601683
        ],
        [
          0.0,
          0.0,
          0.0,
          1.0
        ]
      ]
    },
    {
      "file_path": "/media/NFS/ttao/scannet/posed_images/scene0589_00/00120.jpg",
      "transform_matrix": [
        [
          0.893145,
          0.035696,
          -0.44835,
          3.040746
        ],
        [
          0.449466,
          -0.034258,
          0.89264,
          2.269303
        ],
        [
          0.016504,
          -0.998775,
          -0.046642,
          1.606327
        ],
        [
          0.0,
          0.0,
          0.0,
          1.0
        ]
      ]
    },
    {
      "file_path": "/media/NFS/ttao/scannet/posed_images/scene0589_00/00125.jpg",
      "transform_matrix": [
        [
          0.864501,
          0.053777,
          -0.499747,
          3.041885
        ],
        [
          0.501746,
          -0.033307,
          0.864374,
          2.274605
        ],
        [
          0.029838,
          -0.997997,
          -0.055776,
          1.603476
        ],
        [
          0.0,
          0.0,
          0.0,
          1.0
        ]
      ]
    },
    {
      "file_path": "/media/NFS/ttao/scannet/posed_images/scene0589_00/00126.jpg",
      "transform_matrix": [
        [
          0.860156,
          0.056862,
          -0.506852,
          3.03753
        ],
        [
          0.508947,
          -0.030941,
          0.860241,
          2.271812
        ],
        [
          0.033232,
          -0.997903,
          -0.055554,
          1.60217
        ],
        [
          0.0,
          0.0,
          0.0,
          1.0
        ]
      ]
    },
    {
      "file_path": "/media/NFS/ttao/scannet/posed_images/scene0589_00/00133.jpg",
      "transform_matrix": [
        [
          0.800599,
          0.048248,
          -0.597255,
          3.08871
        ],
        [
          0.598687,
          -0.023127,
          0.800649,
          2.316894
        ],
        [
          0.024817,
          -0.998568,
          -0.047401,
          1.582173
        ],
        [
          0.0,
          0.0,
          0.0,
          1.0
        ]
      ]
    },
    {
      "file_path": "/media/NFS/ttao/scannet/posed_images/scene0589_00/00136.jpg",
      "transform_matrix": [
        [
          0.785606,
          0.049528,
          -0.616741,
          3.078874
        ],
        [
          0.618374,
          -0.029205,
          0.785341,
          2.310765
        ],
        [
          0.020885,
          -0.998346,
          -0.053571,
          1.579963
        ],
        [
          0.0,
          0.0,
          0.0,
          1.0
        ]
      ]
    },
    {
      "file_path": "/media/NFS/ttao/scannet/posed_images/scene0589_00/00141.jpg",
      "transform_matrix": [
        [
          0.750988,
          0.053549,
          -0.658141,
          3.094796
        ],
        [
          0.660288,
          -0.051777,
          0.749225,
          2.320034
        ],
        [
          0.006044,
          -0.997222,
          -0.074242,
          1.562801
        ],
        [
          0.0,
          0.0,
          0.0,
          1.0
        ]
      ]
    },
    {
      "file_path": "/media/NFS/ttao/scannet/posed_images/scene0589_00/00142.jpg",
      "transform_matrix": [
        [
          0.74454,
          0.056707,
          -0.665165,
          3.095338
        ],
        [
          0.667568,
          -0.057749,
          0.742306,
          2.323251
        ],
        [
          0.003682,
          -0.996719,
          -0.080852,
          1.561792
        ],
        [
          0.0,
          0.0,
          0.0,
          1.0
        ]
      ]
    },
    {
      "file_path": "/media/NFS/ttao/scannet/posed_images/scene0589_00/00146.jpg",
      "transform_matrix": [
        [
          0.714033,
          0.071345,
          -0.696467,
          3.092593
        ],
        [
          0.700111,
          -0.072123,
          0.710382,
          2.33136
        ],
        [
          0.000451,
          -0.994841,
          -0.101448,
          1.550887
        ],
        [
          0.0,
          0.0,
          0.0,
          1.0
        ]
      ]
    },
    {
      "file_path": "/media/NFS/ttao/scannet/posed_images/scene0589_00/00149.jpg",
      "transform_matrix": [
        [
          0.696569,
          0.082159,
          -0.71277,
          3.0764
        ],
        [
          0.71749,
          -0.080335,
          0.691921,
          2.324377
        ],
        [
          -0.000413,
          -0.993376,
          -0.114907,
          1.53868
        ],
        [
          0.0,
          0.0,
          0.0,
          1.0
        ]
      ]
    },
    {
      "file_path": "/media/NFS/ttao/scannet/posed_images/scene0589_00/00156.jpg",
      "transform_matrix": [
        [
          0.665753,
          0.124422,
          -0.735726,
          3.037266
        ],
        [
          0.746091,
          -0.096394,
          0.65883,
          2.357232
        ],
        [
          0.011054,
          -0.987536,
          -0.157005,
          1.527576
        ],
        [
          0.0,
          0.0,
          0.0,
          1.0
        ]
      ]
    },
    {
      "file_path": "/media/NFS/ttao/scannet/posed_images/scene0589_00/00157.jpg",
      "transform_matrix": [
        [
          0.661603,
          0.130713,
          -0.738374,
          3.031092
        ],
        [
          0.749756,
          -0.099381,
          0.654208,
          2.364472
        ],
        [
          0.012133,
          -0.986427,
          -0.163754,
          1.523205
        ],
        [
          0.0,
          0.0,
          0.0,
          1.0
        ]
      ]
    },
    {
      "file_path": "/media/NFS/ttao/scannet/posed_images/scene0589_00/00164.jpg",
      "transform_matrix": [
        [
          0.614729,
          0.182244,
          -0.767395,
          2.975683
        ],
        [
          0.788371,
          -0.112299,
          0.604863,
          2.3917
        ],
        [
          0.024055,
          -0.97682,
          -0.212709,
          1.490811
        ],
        [
          0.0,
          0.0,
          0.0,
          1.0
        ]
      ]
    },
    {
      "file_path": "/media/NFS/ttao/scannet/posed_images/scene0589_00/00167.jpg",
      "transform_matrix": [
        [
          0.583455,
          0.210244,
          -0.78446,
          2.954806
        ],
        [
          0.811768,
          -0.121518,
          0.571198,
          2.405783
        ],
        [
          0.024765,
          -0.970068,
          -0.24157,
          1.48579
        ],
        [
          0.0,
          0.0,
          0.0,
          1.0
        ]
      ]
    },
    {
      "file_path": "/media/NFS/ttao/scannet/posed_images/scene0589_00/00171.jpg",
      "transform_matrix": [
        [
          0.539836,
          0.229344,
          -0.809925,
          2.942849
        ],
        [
          0.841751,
          -0.140543,
          0.521251,
          2.447623
        ],
        [
          0.005717,
          -0.963146,
          -0.26892,
          1.484167
        ],
        [
          0.0,
          0.0,
          0.0,
          1.0
        ]
      ]
    },
    {
      "file_path": "/media/NFS/ttao/scannet/posed_images/scene0589_00/00176.jpg",
      "transform_matrix": [
        [
          0.487697,
          0.276966,
          -0.827914,
          2.922998
        ],
        [
          0.873003,
          -0.15029,
          0.463981,
          2.477919
        ],
        [
          0.004079,
          -0.949054,
          -0.315088,
          1.475732
        ],
        [
          0.0,
          0.0,
          0.0,
          1.0
        ]
      ]
    },
    {
      "file_path": "/media/NFS/ttao/scannet/posed_images/scene0589_00/00177.jpg",
      "transform_matrix": [
        [
          0.476114,
          0.28209,
          -0.832911,
          2.924372
        ],
        [
          0.87938,
          -0.150113,
          0.451837,
          2.483033
        ],
        [
          0.002428,
          -0.947571,
          -0.319536,
          1.465324
        ],
        [
          0.0,
          0.0,
          0.0,
          1.0
        ]
      ]
    },
    {
      "file_path": "/media/NFS/ttao/scannet/posed_images/scene0589_00/00180.jpg",
      "transform_matrix": [
        [
          0.437457,
          0.325405,
          -0.838297,
          2.921499
        ],
        [
          0.899238,
          -0.156609,
          0.408467,
          2.512329
        ],
        [
          0.001632,
          -0.932516,
          -0.361126,
          1.467441
        ],
        [
          0.0,
          0.0,
          0.0,
          1.0
        ]
      ]
    },
    {
      "file_path": "/media/NFS/ttao/scannet/posed_images/scene0589_00/00187.jpg",
      "transform_matrix": [
        [
          0.361913,
          0.395581,
          -0.844118,
          2.933602
        ],
        [
          0.931575,
          -0.120016,
          0.343167,
          2.57535
        ],
        [
          0.034443,
          -0.910556,
          -0.411949,
          1.448629
        ],
        [
          0.0,
          0.0,
          0.0,
          1.0
        ]
      ]
    },
    {
      "file_path": "/media/NFS/ttao/scannet/posed_images/scene0589_00/00188.jpg",
      "transform_matrix": [
        [
          0.351894,
          0.39389,
          -0.84913,
          2.93881
        ],
        [
          0.935236,
          -0.110357,
          0.336386,
          2.58269
        ],
        [
          0.038791,
          -0.912509,
          -0.407214,
          1.44146
        ],
        [
          0.0,
          0.0,
          0.0,
          1.0
        ]
      ]
    },
    {
      "file_path": "/media/NFS/ttao/scannet/posed_images/scene0589_00/00194.jpg",
      "transform_matrix": [
        [
          0.291584,
          0.448734,
          -0.844758,
          2.968866
        ],
        [
          0.956321,
          -0.117637,
          0.267604,
          2.633058
        ],
        [
          0.020708,
          -0.885889,
          -0.463435,
          1.413514
        ],
        [
          0.0,
          0.0,
          0.0,
          1.0
        ]
      ]
    },
    {
      "file_path": "/media/NFS/ttao/scannet/posed_images/scene0589_00/00199.jpg",
      "transform_matrix": [
        [
          0.268981,
          0.485234,
          -0.831984,
          2.975219
        ],
        [
          0.963099,
          -0.12698,
          0.237312,
          2.665488
        ],
        [
          0.009507,
          -0.865115,
          -0.501484,
          1.406963
        ],
        [
          0.0,
          0.0,
          0.0,
          1.0
        ]
      ]
    },
    {
      "file_path": "/media/NFS/ttao/scannet/posed_images/scene0589_00/00200.jpg",
      "transform_matrix": [
        [
          0.266412,
          0.49849,
          -0.824944,
          2.965912
        ],
        [
          0.963842,
          -0.132649,
          0.231112,
          2.672222
        ],
        [
          0.005779,
          -0.856687,
          -0.515805,
          1.424497
        ],
        [
          0.0,
          0.0,
          0.0,
          1.0
        ]
      ]
    },
    {
      "file_path": "/media/NFS/ttao/scannet/posed_images/scene0589_00/00206.jpg",
      "transform_matrix": [
        [
          0.254742,
          0.508883,
          -0.82228,
          2.968353
        ],
        [
          0.967009,
          -0.133879,
          0.216726,
          2.695547
        ],
        [
          0.000202,
          -0.850361,
          -0.526199,
          1.412053
        ],
        [
          0.0,
          0.0,
          0.0,
          1.0
        ]
      ]
    },
    {
      "file_path": "/media/NFS/ttao/scannet/posed_images/scene0589_00/00207.jpg",
      "transform_matrix": [
        [
          0.253394,
          0.509835,
          -0.822107,
          2.968467
        ],
        [
          0.967363,
          -0.134166,
          0.214962,
          2.698589
        ],
        [
          -0.000703,
          -0.849746,
          -0.527192,
          1.410379
        ],
        [
          0.0,
          0.0,
          0.0,
          1.0
        ]
      ]
    },
    {
      "file_path": "/media/NFS/ttao/scannet/posed_images/scene0589_00/00213.jpg",
      "transform_matrix": [
        [
          0.24183,
          0.525098,
          -0.815959,
          2.957086
        ],
        [
          0.970317,
          -0.132445,
          0.202344,
          2.71267
        ],
        [
          -0.001819,
          -0.840672,
          -0.541541,
          1.41466
        ],
        [
          0.0,
          0.0,
          0.0,
          1.0
        ]
      ]
    },
    {
      "file_path": "/media/NFS/ttao/scannet/posed_images/scene0589_00/00215.jpg",
      "transform_matrix": [
        [
          0.235286,
          0.522854,
          -0.819307,
          2.957253
        ],
        [
          0.971917,
          -0.122908,
          0.200676,
          2.717847
        ],
        [
          0.004225,
          -0.843515,
          -0.537089,
          1.412162
        ],
        [
          0.0,
          0.0,
          0.0,
          1.0
        ]
      ]
    },
    {
      "file_path": "/media/NFS/ttao/scannet/posed_images/scene0589_00/00218.jpg",
      "transform_matrix": [
        [
          0.223805,
          0.521743,
          -0.823223,
          2.953643
        ],
        [
          0.974627,
          -0.116619,
          0.191055,
          2.720945
        ],
        [
          0.003678,
          -0.845094,
          -0.534605,
          1.415579
        ],
        [
          0.0,
          0.0,
          0.0,
          1.0
        ]
      ]
    },
    {
      "file_path": "/media/NFS/ttao/scannet/posed_images/scene0589_00/00224.jpg",
      "transform_matrix": [
        [
          0.191678,
          0.511643,
          -0.837545,
          2.946275
        ],
        [
          0.981326,
          -0.113894,
          0.155007,
          2.727044
        ],
        [
          -0.016084,
          -0.851616,
          -0.52392,
          1.432663
        ],
        [
          0.0,
          0.0,
          0.0,
          1.0
        ]
      ]
    },
    {
      "file_path": "/media/NFS/ttao/scannet/posed_images/scene0589_00/00229.jpg",
      "transform_matrix": [
        [
          0.159643,
          0.474514,
          -0.86565,
          2.93308
        ],
        [
          0.986878,
          -0.098218,
          0.128161,
          2.728365
        ],
        [
          -0.024208,
          -0.874752,
          -0.483967,
          1.460225
        ],
        [
          0.0,
          0.0,
          0.0,
          1.0
        ]
      ]
    },
    {
      "file_path": "/media/NFS/ttao/scannet/posed_images/scene0589_00/00233.jpg",
      "transform_matrix": [
        [
          0.118277,
          0.443145,
          -0.888613,
          2.923744
        ],
        [
          0.992616,
          -0.077014,
          0.093714,
          2.734016
        ],
        [
          -0.026906,
          -0.893136,
          -0.448982,
          1.480755
        ],
        [
          0.0,
          0.0,
          0.0,
          1.0
        ]
      ]
    },
    {
      "file_path": "/media/NFS/ttao/scannet/posed_images/scene0589_00/00234.jpg",
      "transform_matrix": [
        [
          0.110465,
          0.433145,
          -0.894529,
          2.921542
        ],
        [
          0.993475,
          -0.073809,
          0.086944,
          2.731312
        ],
        [
          -0.028364,
          -0.898297,
          -0.438472,
          1.485214
        ],
        [
          0.0,
          0.0,
          0.0,
          1.0
        ]
      ]
    },
    {
      "file_path": "/media/NFS/ttao/scannet/posed_images/scene0589_00/00238.jpg",
      "transform_matrix": [
        [
          0.090393,
          0.408949,
          -0.908069,
          2.896681
        ],
        [
          0.995079,
          -0.074251,
          0.065615,
          2.728909
        ],
        [
          -0.040592,
          -0.909531,
          -0.413649,
          1.515445
        ],
        [
          0.0,
          0.0,
          0.0,
          1.0
        ]
      ]
    },
    {
      "file_path": "/media/NFS/ttao/scannet/posed_images/scene0589_00/00243.jpg",
      "transform_matrix": [
        [
          0.099044,
          0.364788,
          -0.925808,
          2.866885
        ],
        [
          0.994772,
          -0.059566,
          0.082952,
          2.73354
        ],
        [
          -0.024886,
          -0.929183,
          -0.368781,
          1.529401
        ],
        [
          0.0,
          0.0,
          0.0,
          1.0
        ]
      ]
    },
    {
      "file_path": "/media/NFS/ttao/scannet/posed_images/scene0589_00/00246.jpg",
      "transform_matrix": [
        [
          0.106281,
          0.337412,
          -0.935338,
          2.842118
        ],
        [
          0.994231,
          -0.049719,
          0.095037,
          2.735247
        ],
        [
          -0.014438,
          -0.940043,
          -0.340749,
          1.543896
        ],
        [
          0.0,
          0.0,
          0.0,
          1.0
        ]
      ]
    },
    {
      "file_path": "/media/NFS/ttao/scannet/posed_images/scene0589_00/00249.jpg",
      "transform_matrix": [
        [
          0.118578,
          0.316339,
          -0.941206,
          2.812882
        ],
        [
          0.992939,
          -0.040955,
          0.11133,
          2.733
        ],
        [
          -0.003329,
          -0.947762,
          -0.318962,
          1.560215
        ],
        [
          0.0,
          0.0,
          0.0,
          1.0
        ]
      ]
    },
    {
      "file_path": "/media/NFS/ttao/scannet/posed_images/scene0589_00/00255.jpg",
      "transform_matrix": [
        [
          0.136581,
          0.261821,
          -0.955404,
          2.743816
        ],
        [
          0.990602,
          -0.029023,
          0.133659,
          2.730844
        ],
        [
          0.007266,
          -0.96468,
          -0.263324,
          1.577142
        ],
        [
          0.0,
          0.0,
          0.0,
          1.0
        ]
      ]
    },
    {
      "file_path": "/media/NFS/ttao/scannet/posed_images/scene0589_00/00260.jpg",
      "transform_matrix": [
        [
          0.128859,
          0.230146,
          -0.964587,
          2.690625
        ],
        [
          0.99166,
          -0.027376,
          0.125944,
          2.729346
        ],
        [
          0.002579,
          -0.972771,
          -0.231754,
          1.581373
        ],
        [
          0.0,
          0.0,
          0.0,
          1.0
        ]
      ]
    },
    {
      "file_path": "/media/NFS/ttao/scannet/posed_images/scene0589_00/00263.jpg",
      "transform_matrix": [
        [
          0.130624,
          0.236599,
          -0.962787,
          2.658911
        ],
        [
          0.991391,
          -0.022291,
          0.129027,
          2.72849
        ],
        [
          0.009066,
          -0.971352,
          -0.237474,
          1.581724
        ],
        [
          0.0,
          0.0,
          0.0,
          1.0
        ]
      ]
    },
    {
      "file_path": "/media/NFS/ttao/scannet/posed_images/scene0589_00/00264.jpg",
      "transform_matrix": [
        [
          0.133275,
          0.23649,
          -0.96245,
          2.649488
        ],
        [
          0.991019,
          -0.021103,
          0.132046,
          2.730676
        ],
        [
          0.010917,
          -0.971405,
          -0.237179,
          1.583127
        ],
        [
          0.0,
          0.0,
          0.0,
          1.0
        ]
      ]
    },
    {
      "file_path": "/media/NFS/ttao/scannet/posed_images/scene0589_00/00270.jpg",
      "transform_matrix": [
        [
          0.162222,
          0.247547,
          -0.955199,
          2.602146
        ],
        [
          0.986534,
          -0.020229,
          0.162301,
          2.760987
        ],
        [
          0.020855,
          -0.968665,
          -0.247495,
          1.590313
        ],
        [
          0.0,
          0.0,
          0.0,
          1.0
        ]
      ]
    },
    {
      "file_path": "/media/NFS/ttao/scannet/posed_images/scene0589_00/00275.jpg",
      "transform_matrix": [
        [
          0.190726,
          0.25331,
          -0.948397,
          2.570092
        ],
        [
          0.981563,
          -0.036859,
          0.187551,
          2.800192
        ],
        [
          0.012552,
          -0.966683,
          -0.25567,
          1.584489
        ],
        [
          0.0,
          0.0,
          0.0,
          1.0
        ]
      ]
    },
    {
      "file_path": "/media/NFS/ttao/scannet/posed_images/scene0589_00/00276.jpg",
      "transform_matrix": [
        [
          0.193951,
          0.254946,
          -0.947304,
          2.562913
        ],
        [
          0.980934,
          -0.038299,
          0.190529,
          2.813144
        ],
        [
          0.012293,
          -0.966197,
          -0.257513,
          1.58345
        ],
        [
          0.0,
          0.0,
          0.0,
          1.0
        ]
      ]
    },
    {
      "file_path": "/media/NFS/ttao/scannet/posed_images/scene0589_00/00281.jpg",
      "transform_matrix": [
        [
          0.217813,
          0.258465,
          -0.941145,
          2.524712
        ],
        [
          0.975849,
          -0.041252,
          0.214516,
          2.878495
        ],
        [
          0.016621,
          -0.96514,
          -0.261208,
          1.572557
        ],
        [
          0.0,
          0.0,
          0.0,
          1.0
        ]
      ]
    },
    {
      "file_path": "/media/NFS/ttao/scannet/posed_images/scene0589_00/00286.jpg",
      "transform_matrix": [
        [
          0.239546,
          0.274574,
          -0.93125,
          2.488841
        ],
        [
          0.970808,
          -0.055628,
          0.23332,
          2.948355
        ],
        [
          0.01226,
          -0.959956,
          -0.279884,
          1.563182
        ],
        [
          0.0,
          0.0,
          0.0,
          1.0
        ]
      ]
    },
    {
      "file_path": "/media/NFS/ttao/scannet/posed_images/scene0589_00/00289.jpg",
      "transform_matrix": [
        [
          0.24386,
          0.279289,
          -0.928725,
          2.46315
        ],
        [
          0.969799,
          -0.065614,
          0.234913,
          2.982789
        ],
        [
          0.004671,
          -0.957963,
          -0.286855,
          1.570184
        ],
        [
          0.0,
          0.0,
          0.0,
          1.0
        ]
      ]
    },
    {
      "file_path": "/media/NFS/ttao/scannet/posed_images/scene0589_00/00295.jpg",
      "transform_matrix": [
        [
          0.257455,
          0.293525,
          -0.92063,
          2.414608
        ],
        [
          0.966289,
          -0.076815,
          0.245733,
          3.045056
        ],
        [
          0.001411,
          -0.95286,
          -0.303407,
          1.571942
        ],
        [
          0.0,
          0.0,
          0.0,
          1.0
        ]
      ]
    },
    {
      "file_path": "/media/NFS/ttao/scannet/posed_images/scene0589_00/00298.jpg",
      "transform_matrix": [
        [
          0.254969,
          0.276295,
          -0.926635,
          2.39121
        ],
        [
          0.966941,
          -0.076865,
          0.243141,
          3.0675
        ],
        [
          -0.004047,
          -0.957994,
          -0.286759,
          1.57111
        ],
        [
          0.0,
          0.0,
          0.0,
          1.0
