{
  "frames": [
    {
      "file_path": "/media/NFS/ttao/scannet/posed_images/scene0630_02/00000.jpg",
      "transform_matrix": [
        [
          -0.97573,
          -0.016255,
          0.218372,
          4.06621
        ],
        [
          -0.183507,
          0.604827,
          -0.774926,
          1.208367
        ],
        [
          -0.119481,
          -0.796191,
          -0.593131,
          1.105705
        ],
        [
          0.0,
          0.0,
          0.0,
          1.0
        ]
      ]
    },
    {
      "file_path": "/media/NFS/ttao/scannet/posed_images/scene0630_02/00005.jpg",
      "transform_matrix": [
        [
          -0.973862,
          -0.005374,
          0.227076,
          4.066496
        ],
        [
          -0.182152,
          0.615715,
          -0.766626,
          1.211236
        ],
        [
          -0.135695,
          -0.787951,
          -0.6006,
          1.097382
        ],
        [
          0.0,
          0.0,
          0.0,
          1.0
        ]
      ]
    },
    {
      "file_path": "/media/NFS/ttao/scannet/posed_images/scene0630_02/00007.jpg",
      "transform_matrix": [
        [
          -0.974205,
          -0.005392,
          0.225601,
          4.067107
        ],
        [
          -0.181023,
          0.615594,
          -0.766991,
          1.211115
        ],
        [
          -0.134743,
          -0.788045,
          -0.600691,
          1.096626
        ],
        [
          0.0,
          0.0,
          0.0,
          1.0
        ]
      ]
    },
    {
      "file_path": "/media/NFS/ttao/scannet/posed_images/scene0630_02/00010.jpg",
      "transform_matrix": [
        [
          -0.975165,
          -0.003753,
          0.221448,
          4.063082
        ],
        [
          -0.178226,
          0.606886,
          -0.774548,
          1.215381
        ],
        [
          -0.131487,
          -0.79478,
          -0.592483,
          1.08737
        ],
        [
          0.0,
          0.0,
          0.0,
          1.0
        ]
      ]
    },
    {
      "file_path": "/media/NFS/ttao/scannet/posed_images/scene0630_02/00014.jpg",
      "transform_matrix": [
        [
          -0.978281,
          0.003464,
          0.207253,
          4.055078
        ],
        [
          -0.162721,
          0.606548,
          -0.778217,
          1.213174
        ],
        [
          -0.128405,
          -0.795039,
          -0.592811,
          1.085073
        ],
        [
          0.0,
          0.0,
          0.0,
          1.0
        ]
      ]
    },
    {
      "file_path": "/media/NFS/ttao/scannet/posed_images/scene0630_02/00017.jpg",
      "transform_matrix": [
        [
          -0.982214,
          0.007995,
          0.187597,
          4.042952
        ],
        [
          -0.142521,
          0.618722,
          -0.772575,
          1.206951
        ],
        [
          -0.122247,
          -0.78557,
          -0.606577,
          1.076913
        ],
        [
          0.0,
          0.0,
          0.0,
          1.0
        ]
      ]
    },
    {
      "file_path": "/media/NFS/ttao/scannet/posed_images/scene0630_02/00023.jpg",
      "transform_matrix": [
        [
          -0.991406,
          0.063202,
          0.114538,
          3.984329
        ],
        [
          -0.044595,
          0.659828,
          -0.750092,
          1.179414
        ],
        [
          -0.122983,
          -0.748754,
          -0.65134,
          1.047948
        ],
        [
          0.0,
          0.0,
          0.0,
          1.0
        ]
      ]
    },
    {
      "file_path": "/media/NFS/ttao/scannet/posed_images/scene0630_02/00025.jpg",
      "transform_matrix": [
        [
          -0.992311,
          0.084839,
          0.090122,
          3.959547
        ],
        [
          -0.010697,
          0.666619,
          -0.745322,
          1.167975
        ],
        [
          -0.123309,
          -0.740555,
          -0.660586,
          1.042085
        ],
        [
          0.0,
          0.0,
          0.0,
          1.0
        ]
      ]
    },
    {
      "file_path": "/media/NFS/ttao/scannet/posed_images/scene0630_02/00028.jpg",
      "transform_matrix": [
        [
          -0.991128,
          0.127197,
          0.038553,
          3.908863
        ],
        [
          0.057972,
          0.67474,
          -0.735775,
          1.142585
        ],
        [
          -0.119602,
          -0.727013,
          -0.676127,
          1.036426
        ],
        [
          0.0,
          0.0,
          0.0,
          1.0
        ]
      ]
    },
    {
      "file_path": "/media/NFS/ttao/scannet/posed_images/scene0630_02/00032.jpg",
      "transform_matrix": [
        [
          -0.985271,
          0.170134,
          -0.017182,
          3.864182
        ],
        [
          0.130387,
          0.682462,
          -0.719197,
          1.118377
        ],
        [
          -0.110634,
          -0.710844,
          -0.694594,
          1.045497
        ],
        [
          0.0,
          0.0,
          0.0,
          1.0
        ]
      ]
    },
    {
      "file_path": "/media/NFS/ttao/scannet/posed_images/scene0630_02/00038.jpg",
      "transform_matrix": [
        [
          -0.968084,
          0.239145,
          -0.074987,
          3.765639
        ],
        [
          0.221429,
          0.675972,
          -0.702873,
          1.101615
        ],
        [
          -0.117399,
          -0.697045,
          -0.707351,
          1.080571
        ],
        [
          0.0,
          0.0,
          0.0,
          1.0
        ]
      ]
    },
    {
      "file_path": "/media/NFS/ttao/scannet/posed_images/scene0630_02/00041.jpg",
      "transform_matrix": [
        [
          -0.959122,
          0.262519,
          -0.10568,
          3.720119
        ],
        [
          0.257771,
          0.656328,
          -0.709075,
          1.105326
        ],
        [
          -0.116784,
          -0.707331,
          -0.697169,
          1.101281
        ],
        [
          0.0,
          0.0,
          0.0,
          1.0
        ]
      ]
    },
    {
      "file_path": "/media/NFS/ttao/scannet/posed_images/scene0630_02/00043.jpg",
      "transform_matrix": [
        [
          -0.952944,
          0.27569,
          -0.126069,
          3.691296
        ],
        [
          0.28118,
          0.648409,
          -0.707463,
          1.108114
        ],
        [
          -0.113296,
          -0.70962,
          -0.695416,
          1.115075
        ],
        [
          0.0,
          0.0,
          0.0,
          1.0
        ]
      ]
    },
    {
      "file_path": "/media/NFS/ttao/scannet/posed_images/scene0630_02/00047.jpg",
      "transform_matrix": [
        [
          -0.935695,
          0.300512,
          -0.184842,
          3.635442
        ],
        [
          0.340288,
          0.630374,
          -0.697734,
          1.117602
        ],
        [
          -0.093158,
          -0.715766,
          -0.692099,
          1.142612
        ],
        [
          0.0,
          0.0,
          0.0,
          1.0
        ]
      ]
    },
    {
      "file_path": "/media/NFS/ttao/scannet/posed_images/scene0630_02/00051.jpg",
      "transform_matrix": [
        [
          -0.910439,
          0.333416,
          -0.244814,
          3.583465
        ],
        [
          0.405224,
          0.600126,
          -0.689668,
          1.133689
        ],
        [
          -0.083027,
          -0.727106,
          -0.681486,
          1.168775
        ],
        [
          0.0,
          0.0,
          0.0,
          1.0
        ]
      ]
    },
    {
      "file_path": "/media/NFS/ttao/scannet/posed_images/scene0630_02/00056.jpg",
      "transform_matrix": [
        [
          -0.871545,
          0.364269,
          -0.328203,
          3.52833
        ],
        [
          0.486477,
          0.558824,
          -0.671607,
          1.14615
        ],
        [
          -0.061238,
          -0.744999,
          -0.664248,
          1.198064
        ],
        [
          0.0,
          0.0,
          0.0,
          1.0
        ]
      ]
    },
    {
      "file_path": "/media/NFS/ttao/scannet/posed_images/scene0630_02/00059.jpg",
      "transform_matrix": [
        [
          -0.841869,
          0.389001,
          -0.374078,
          3.500412
        ],
        [
          0.536439,
          0.527304,
          -0.658926,
          1.145682
        ],
        [
          -0.05907,
          -0.7554,
          -0.652596,
          1.214808
        ],
        [
          0.0,
          0.0,
          0.0,
          1.0
        ]
      ]
    },
    {
      "file_path": "/media/NFS/ttao/scannet/posed_images/scene0630_02/00062.jpg",
      "transform_matrix": [
        [
          -0.818112,
          0.404572,
          -0.408673,
          3.46454
        ],
        [
          0.57131,
          0.490809,
          -0.657808,
          1.145705
        ],
        [
          -0.06555,
          -0.77164,
          -0.632673,
          1.229384
        ],
        [
          0.0,
          0.0,
          0.0,
          1.0
        ]
      ]
    },
    {
      "file_path": "/media/NFS/ttao/scannet/posed_images/scene0630_02/00064.jpg",
      "transform_matrix": [
        [
          -0.793978,
          0.415522,
          -0.443779,
          3.453557
        ],
        [
          0.604424,
          0.461064,
          -0.649686,
          1.137638
        ],
        [
          -0.065348,
          -0.784067,
          -0.617226,
          1.237859
        ],
        [
          0.0,
          0.0,
          0.0,
          1.0
        ]
      ]
    },
    {
      "file_path": "/media/NFS/ttao/scannet/posed_images/scene0630_02/00070.jpg",
      "transform_matrix": [
        [
          -0.711226,
          0.440134,
          -0.548124,
          3.408212
        ],
        [
          0.700708,
          0.381464,
          -0.602904,
          1.110112
        ],
        [
          -0.056269,
          -0.812876,
          -0.579713,
          1.262001
        ],
        [
          0.0,
          0.0,
          0.0,
          1.0
        ]
      ]
    },
    {
      "file_path": "/media/NFS/ttao/scannet/posed_images/scene0630_02/00073.jpg",
      "transform_matrix": [
        [
          -0.664025,
          0.451509,
          -0.595996,
          3.393247
        ],
        [
          0.745373,
          0.336732,
          -0.575353,
          1.089689
        ],
        [
          -0.059086,
          -0.826288,
          -0.560141,
          1.279467
        ],
        [
          0.0,
          0.0,
          0.0,
          1.0
        ]
      ]
    },
    {
      "file_path": "/media/NFS/ttao/scannet/posed_images/scene0630_02/00079.jpg",
      "transform_matrix": [
        [
          -0.572681,
          0.45553,
          -0.681563,
          3.370234
        ],
        [
          0.816534,
          0.243078,
          -0.523627,
          1.062825
        ],
        [
          -0.072855,
          -0.856391,
          -0.511162,
          1.300678
        ],
        [
          0.0,
          0.0,
          0.0,
          1.0
        ]
      ]
    },
    {
      "file_path": "/media/NFS/ttao/scannet/posed_images/scene0630_02/00080.jpg",
      "transform_matrix": [
        [
          -0.562017,
          0.45739,
          -0.689152,
          3.355835
        ],
        [
          0.823909,
          0.236175,
          -0.515165,
          1.061755
        ],
        [
          -0.072871,
          -0.85733,
          -0.509583,
          1.308017
        ],
        [
          0.0,
          0.0,
          0.0,
          1.0
        ]
      ]
    },
    {
      "file_path": "/media/NFS/ttao/scannet/posed_images/scene0630_02/00085.jpg",
      "transform_matrix": [
        [
          -0.485394,
          0.443713,
          -0.753334,
          3.328925
        ],
        [
          0.872079,
          0.184399,
          -0.453294,
          1.047043
        ],
        [
          -0.062219,
          -0.876992,
          -0.476459,
          1.315586
        ],
        [
          0.0,
          0.0,
          0.0,
          1.0
        ]
      ]
    },
    {
      "file_path": "/media/NFS/ttao/scannet/posed_images/scene0630_02/00087.jpg",
      "transform_matrix": [
        [
          -0.466116,
          0.443926,
          -0.765288,
          3.317209
        ],
        [
          0.882579,
          0.173123,
          -0.43713,
          1.044706
        ],
        [
          -0.061564,
          -0.87918,
          -0.472496,
          1.309978
        ],
        [
          0.0,
          0.0,
          0.0,
          1.0
        ]
      ]
    },
    {
      "file_path": "/media/NFS/ttao/scannet/posed_images/scene0630_02/00091.jpg",
      "transform_matrix": [
        [
          -0.431639,
          0.454901,
          -0.778943,
          3.282416
        ],
        [
          0.899755,
          0.15562,
          -0.407704,
          1.042146
        ],
        [
          -0.064246,
          -0.876839,
          -0.476472,
          1.308831
        ],
        [
          0.0,
          0.0,
          0.0,
          1.0
        ]
      ]
    },
    {
      "file_path": "/media/NFS/ttao/scannet/posed_images/scene0630_02/00094.jpg",
      "transform_matrix": [
        [
          -0.397312,
          0.453963,
          -0.797534,
          3.251859
        ],
        [
          0.914855,
          0.127754,
          -0.38304,
          1.054066
        ],
        [
          -0.071998,
          -0.881814,
          -0.466068,
          1.304396
        ],
        [
          0.0,
          0.0,
          0.0,
          1.0
        ]
      ]
    },
    {
      "file_path": "/media/NFS/ttao/scannet/posed_images/scene0630_02/00100.jpg",
      "transform_matrix": [
        [
          -0.27882,
          0.464846,
          -0.840344,
          3.20698
        ],
        [
          0.95793,
          0.072628,
          -0.277659,
          1.067195
        ],
        [
          -0.068036,
          -0.882408,
          -0.46554,
          1.303653
        ],
        [
          0.0,
          0.0,
          0.0,
          1.0
        ]
      ]
    },
    {
      "file_path": "/media/NFS/ttao/scannet/posed_images/scene0630_02/00102.jpg",
      "transform_matrix": [
        [
          -0.237319,
          0.46733,
          -0.851635,
          3.192716
        ],
        [
          0.969339,
          0.056411,
          -0.239163,
          1.075174
        ],
        [
          -0.063727,
          -0.882281,
          -0.466389,
          1.301223
        ],
        [
          0.0,
          0.0,
          0.0,
          1.0
        ]
      ]
    },
    {
      "file_path": "/media/NFS/ttao/scannet/posed_images/scene0630_02/00107.jpg",
      "transform_matrix": [
        [
          -0.116272,
          0.471704,
          -0.874057,
          3.166749
        ],
        [
          0.992004,
          0.011662,
          -0.125669,
          1.082592
        ],
        [
          -0.049085,
          -0.88168,
          -0.469288,
          1.294808
        ],
        [
          0.0,
          0.0,
          0.0,
          1.0
        ]
      ]
    },
    {
      "file_path": "/media/NFS/ttao/scannet/posed_images/scene0630_02/00108.jpg",
      "transform_matrix": [
        [
          -0.093031,
          0.471876,
          -0.876743,
          3.161747
        ],
        [
          0.994638,
          0.004098,
          -0.103336,
          1.08121
        ],
        [
          -0.045169,
          -0.881656,
          -0.469727,
          1.294983
        ],
        [
          0.0,
          0.0,
          0.0,
          1.0
        ]
      ]
    },
    {
      "file_path": "/media/NFS/ttao/scannet/posed_images/scene0630_02/00114.jpg",
      "transform_matrix": [
        [
          0.032656,
          0.455919,
          -0.889422,
          3.142928
        ],
        [
          0.999239,
          -0.033874,
          0.019325,
          1.051595
        ],
        [
          -0.021318,
          -0.889376,
          -0.456679,
          1.296862
        ],
        [
          0.0,
          0.0,
          0.0,
          1.0
        ]
      ]
    },
    {
      "file_path": "/media/NFS/ttao/scannet/posed_images/scene0630_02/00116.jpg",
      "transform_matrix": [
        [
          0.075906,
          0.452878,
          -0.888336,
          3.130965
        ],
        [
          0.99696,
          -0.050197,
          0.059597,
          1.036918
        ],
        [
          -0.017601,
          -0.890158,
          -0.455311,
          1.300081
        ],
        [
          0.0,
          0.0,
          0.0,
          1.0
        ]
      ]
    },
    {
      "file_path": "/media/NFS/ttao/scannet/posed_images/scene0630_02/00122.jpg",
      "transform_matrix": [
        [
          0.177048,
          0.422568,
          -0.88887,
          3.095318
        ],
        [
          0.983883,
          -0.098984,
          0.148916,
          0.967889
        ],
        [
          -0.025057,
          -0.90091,
          -0.433283,
          1.314568
        ],
        [
          0.0,
          0.0,
          0.0,
          1.0
        ]
      ]
    },
    {
      "file_path": "/media/NFS/ttao/scannet/posed_images/scene0630_02/00123.jpg",
      "transform_matrix": [
        [
          0.186731,
          0.420385,
          -0.887923,
          3.088171
        ],
        [
          0.98198,
          -0.106628,
          0.156028,
          0.958571
        ],
        [
          -0.029085,
          -0.901059,
          -0.43272,
          1.318546
        ],
        [
          0.0,
          0.0,
          0.0,
          1.0
        ]
      ]
    },
    {
      "file_path": "/media/NFS/ttao/scannet/posed_images/scene0630_02/00129.jpg",
      "transform_matrix": [
        [
          0.204874,
          0.389847,
          -0.8978,
          3.047957
        ],
        [
          0.978261,
          -0.111646,
          0.174755,
          0.897031
        ],
        [
          -0.032108,
          -0.914087,
          -0.404246,
          1.338281
        ],
        [
          0.0,
          0.0,
          0.0,
          1.0
        ]
      ]
    },
    {
      "file_path": "/media/NFS/ttao/scannet/posed_images/scene0630_02/00132.jpg",
      "transform_matrix": [
        [
          0.199884,
          0.377163,
          -0.90432,
          3.024702
        ],
        [
          0.979508,
          -0.100208,
          0.174709,
          0.869755
        ],
        [
          -0.024726,
          -0.92071,
          -0.389464,
          1.342007
        ],
        [
          0.0,
          0.0,
          0.0,
          1.0
        ]
      ]
    },
    {
      "file_path": "/media/NFS/ttao/scannet/posed_images/scene0630_02/00134.jpg",
      "transform_matrix": [
        [
          0.192929,
          0.370493,
          -0.908578,
          3.00473
        ],
        [
          0.980973,
          -0.093288,
          0.170261,
          0.85949
        ],
        [
          -0.021679,
          -0.924139,
          -0.381441,
          1.347542
        ],
        [
          0.0,
          0.0,
          0.0,
          1.0
        ]
      ]
    },
    {
      "file_path": "/media/NFS/ttao/scannet/posed_images/scene0630_02/00138.jpg",
      "transform_matrix": [
        [
          0.165557,
          0.344639,
          -0.924021,
          2.961827
        ],
        [
          0.986004,
          -0.076534,
          0.148116,
          0.841158
        ],
        [
          -0.019673,
          -0.93561,
          -0.352486,
          1.35859
        ],
        [
          0.0,
          0.0,
          0.0,
          1.0
        ]
      ]
    },
    {
      "file_path": "/media/NFS/ttao/scannet/posed_images/scene0630_02/00144.jpg",
      "transform_matrix": [
        [
          0.137773,
          0.304402,
          -0.942527,
          2.876599
        ],
        [
          0.989757,
          -0.078252,
          0.119404,
          0.829237
        ],
        [
          -0.037408,
          -0.949324,
          -0.312066,
          1.383167
        ],
        [
          0.0,
          0.0,
          0.0,
          1.0
        ]
      ]
    },
    {
      "file_path": "/media/NFS/ttao/scannet/posed_images/scene0630_02/00146.jpg",
      "transform_matrix": [
        [
          0.14203,
          0.296623,
          -0.944374,
          2.84644
        ],
        [
          0.989226,
          -0.076722,
          0.124677,
          0.827827
        ],
        [
          -0.035472,
          -0.951908,
          -0.304324,
          1.383712
        ],
        [
          0.0,
          0.0,
          0.0,
          1.0
        ]
      ]
    },
    {
      "file_path": "/media/NFS/ttao/scannet/posed_images/scene0630_02/00149.jpg",
      "transform_matrix": [
        [
          0.166997,
          0.31499,
          -0.934287,
          2.801237
        ],
        [
          0.985663,
          -0.076466,
          0.1504,
          0.818736
        ],
        [
          -0.024066,
          -0.94601,
          -0.323244,
          1.385516
        ],
        [
          0.0,
          0.0,
          0.0,
          1.0
        ]
      ]
    },
    {
      "file_path": "/media/NFS/ttao/scannet/posed_images/scene0630_02/00152.jpg",
      "transform_matrix": [
        [
          0.194135,
          0.306047,
          -0.932012,
          2.766222
        ],
        [
          0.980889,
          -0.073143,
          0.180297,
          0.819282
        ],
        [
          -0.012991,
          -0.949202,
          -0.314398,
          1.386339
        ],
        [
          0.0,
          0.0,
          0.0,
          1.0
        ]
      ]
    },
    {
      "file_path": "/media/NFS/ttao/scannet/posed_images/scene0630_02/00156.jpg",
      "transform_matrix": [
        [
          0.250345,
          0.30532,
          -0.918753,
          2.727331
        ],
        [
          0.968148,
          -0.074962,
          0.238893,
          0.808308
        ],
        [
          0.004067,
          -0.949295,
          -0.314362,
          1.393966
        ],
        [
          0.0,
          0.0,
          0.0,
          1.0
        ]
      ]
    },
    {
      "file_path": "/media/NFS/ttao/scannet/posed_images/scene0630_02/00159.jpg",
      "transform_matrix": [
        [
          0.314643,
          0.28706,
          -0.904763,
          2.705822
        ],
        [
          0.949121,
          -0.08213,
          0.304012,
          0.790707
        ],
        [
          0.012961,
          -0.954385,
          -0.298297,
          1.395421
        ],
        [
          0.0,
          0.0,
          0.0,
          1.0
        ]
      ]
    },
    {
      "file_path": "/media/NFS/ttao/scannet/posed_images/scene0630_02/00165.jpg",
      "transform_matrix": [
        [
          0.48148,
          0.244919,
          -0.841541,
          2.671763
        ],
        [
          0.876104,
          -0.107222,
          0.470049,
          0.775066
        ],
        [
          0.024892,
          -0.963596,
          -0.2662,
          1.396018
        ],
        [
          0.0,
          0.0,
          0.0,
          1.0
        ]
      ]
    },
    {
      "file_path": "/media/NFS/ttao/scannet/posed_images/scene0630_02/00169.jpg",
      "transform_matrix": [
        [
          0.602804,
          0.208039,
          -0.77029,
          2.646274
        ],
        [
          0.797466,
          -0.125643,
          0.590137,
          0.736693
        ],
        [
          0.02599,
          -0.970017,
          -0.241643,
          1.400086
        ],
        [
          0.0,
          0.0,
          0.0,
          1.0
        ]
      ]
    },
    {
      "file_path": "/media/NFS/ttao/scannet/posed_images/scene0630_02/00173.jpg",
      "transform_matrix": [
        [
          0.673556,
          0.18512,
          -0.715579,
          2.645721
        ],
        [
          0.739046,
          -0.153548,
          0.655922,
          0.730861
        ],
        [
          0.011548,
          -0.970646,
          -0.240236,
          1.402522
        ],
        [
          0.0,
          0.0,
          0.0,
          1.0
        ]
      ]
    },
    {
      "file_path": "/media/NFS/ttao/scannet/posed_images/scene0630_02/00177.jpg",
      "transform_matrix": [
        [
          0.733684,
          0.169414,
          -0.658032,
          2.626095
        ],
        [
          0.67948,
          -0.188223,
          0.709139,
          0.68866
        ],
        [
          -0.003718,
          -0.967404,
          -0.25321,
          1.405914
        ],
        [
          0.0,
          0.0,
          0.0,
          1.0
        ]
      ]
    },
    {
      "file_path": "/media/NFS/ttao/scannet/posed_images/scene0630_02/00178.jpg",
      "transform_matrix": [
        [
          0.744305,
          0.164473,
          -0.64727,
          2.623888
        ],
        [
          0.667812,
          -0.192203,
          0.719086,
          0.678903
        ],
        [
          -0.006137,
          -0.967474,
          -0.252895,
          1.406545
        ],
        [
          0.0,
          0.0,
          0.0,
          1.0
        ]
      ]
    },
    {
      "file_path": "/media/NFS/ttao/scannet/posed_images/scene0630_02/00183.jpg",
      "transform_matrix": [
        [
          0.793534,
          0.171329,
          -0.583909,
          2.631267
        ],
        [
          0.608125,
          -0.188474,
          0.771143,
          0.664284
        ],
        [
          0.022068,
          -0.967018,
          -0.25375,
          1.40153
        ],
        [
          0.0,
          0.0,
          0.0,
          1.0
        ]
      ]
    },
    {
      "file_path": "/media/NFS/ttao/scannet/posed_images/scene0630_02/00186.jpg",
      "transform_matrix": [
        [
          0.821657,
          0.174515,
          -0.542609,
          2.634896
        ],
        [
          0.568751,
          -0.188467,
          0.800626,
          0.651753
        ],
        [
          0.037457,
          -0.966449,
          -0.254111,
          1.392967
        ],
        [
          0.0,
          0.0,
          0.0,
          1.0
        ]
      ]
    },
    {
      "file_path": "/media/NFS/ttao/scannet/posed_images/scene0630_02/00191.jpg",
      "transform_matrix": [
        [
          0.856345,
          0.158582,
          -0.491451,
          2.664965
        ],
        [
          0.515709,
          -0.213273,
          0.829794,
          0.663181
        ],
        [
          0.026777,
          -0.964037,
          -0.264417,
          1.389908
        ],
        [
          0.0,
          0.0,
          0.0,
          1.0
        ]
      ]
    },
    {
      "file_path": "/media/NFS/ttao/scannet/posed_images/scene0630_02/00194.jpg",
      "transform_matrix": [
        [
          0.870999,
          0.141208,
          -0.470553,
          2.693916
        ],
        [
          0.491181,
          -0.230778,
          0.83993,
          0.661251
        ],
        [
          0.010012,
          -0.962705,
          -0.270366,
          1.389709
        ],
        [
          0.0,
          0.0,
          0.0,
          1.0
        ]
      ]
    },
    {
      "file_path": "/media/NFS/ttao/scannet/posed_images/scene0630_02/00197.jpg",
      "transform_matrix": [
        [
          0.879333,
          0.125592,
          -0.459348,
          2.720784
        ],
        [
          0.476169,
          -0.244127,
          0.844786,
          0.655936
        ],
        [
          -0.006041,
          -0.961576,
          -0.274472,
          1.383028
        ],
        [
          0.0,
          0.0,
          0.0,
          1.0
        ]
      ]
    },
    {
      "file_path": "/media/NFS/ttao/scannet/posed_images/scene0630_02/00202.jpg",
      "transform_matrix": [
        [
          0.883677,
          0.121764,
          -0.451982,
          2.778841
        ],
        [
          0.467226,
          -0.288319,
          0.835806,
          0.660338
        ],
        [
          -0.028544,
          -0.949761,
          -0.311672,
          1.364957
        ],
        [
          0.0,
          0.0,
          0.0,
          1.0
        ]
      ]
    },
    {
      "file_path": "/media/NFS/ttao/scannet/posed_images/scene0630_02/00203.jpg",
      "transform_matrix": [
        [
          0.881934,
          0.124044,
          -0.454758,
          2.786889
        ],
        [
          0.470296,
          -0.296724,
          0.831129,
          0.657407
        ],
        [
          -0.031842,
          -0.946873,
          -0.320028,
          1.362259
        ],
        [
          0.0,
          0.0,
          0.0,
          1.0
        ]
      ]
    },
    {
      "file_path": "/media/NFS/ttao/scannet/posed_images/scene0630_02/00209.jpg",
      "transform_matrix": [
        [
          0.868082,
          0.159353,
          -0.470148,
          2.822858
        ],
        [
          0.495599,
          -0.332655,
          0.802323,
          0.639187
        ],
        [
          -0.028545,
          -0.929487,
          -0.367748,
          1.344699
        ],
        [
          0.0,
          0.0,
          0.0,
          1.0
        ]
      ]
    },
    {
      "file_path": "/media/NFS/ttao/scannet/posed_images/scene0630_02/00213.jpg",
      "transform_matrix": [
        [
          0.856555,
          0.203345,
          -0.474305,
          2.835823
        ],
        [
          0.516053,
          -0.340987,
          0.785759,
          0.627753
        ],
        [
          -0.001952,
          -0.917812,
          -0.397011,
          1.32724
        ],
        [
          0.0,
          0.0,
          0.0,
          1.0
        ]
      ]
    },
    {
      "file_path": "/media/NFS/ttao/scannet/posed_images/scene0630_02/00214.jpg",
      "transform_matrix": [
        [
          0.854565,
          0.212025,
          -0.474093,
          2.841322
        ],
        [
          0.51933,
          -0.341983,
          0.783163,
          0.625478
        ],
        [
          0.003919,
          -0.915474,
          -0.402358,
          1.322696
        ],
        [
          0.0,
          0.0,
          0.0,
          1.0
        ]
      ]
    },
    {
      "file_path": "/media/NFS/ttao/scannet/posed_images/scene0630_02/00217.jpg",
      "transform_matrix": [
        [
          0.858076,
          0.227688,
          -0.460286,
          2.854382
        ],
        [
          0.513302,
          -0.354037,
          0.78178,
          0.623372
        ],
        [
          0.015044,
          -0.907092,
          -0.420663,
          1.302972
        ],
        [
          0.0,
          0.0,
          0.0,
          1.0
        ]
      ]
    },
    {
      "file_path": "/media/NFS/ttao/scannet/posed_images/scene0630_02/00222.jpg",
      "transform_matrix": [
        [
          0.890411,
          0.219961,
          -0.398479,
          2.863953
        ],
        [
          0.455123,
          -0.419379,
          0.785484,
          0.65267
        ],
        [
          0.005662,
          -0.88076,
          -0.473529,
          1.274182
        ],
        [
          0.0,
          0.0,
          0.0,
          1.0
        ]
      ]
    },
    {
      "file_path": "/media/NFS/ttao/scannet/posed_images/scene0630_02/00227.jpg",
      "transform_matrix": [
        [
          0.926637,
          0.195213,
          -0.321303,
          2.878165
        ],
        [
          0.375897,
          -0.49636,
          0.782514,
          0.675462
        ],
        [
          -0.006725,
          -0.845883,
          -0.533326,
          1.253491
        ],
        [
          0.0,
          0.0,
          0.0,
          1.0
        ]
      ]
    },
    {
      "file_path": "/media/NFS/ttao/scannet/posed_images/scene0630_02/00232.jpg",
      "transform_matrix": [
        [
          0.959435,
          0.143718,
          -0.242545,
          2.918619
        ],
        [
          0.281337,
          -0.54371,
          0.790713,
          0.713438
        ],
        [
          -0.018235,
          -0.826876,
          -0.562089,
          1.250974
        ],
        [
          0.0,
          0.0,
          0.0,
          1.0
        ]
      ]
    },
    {
      "file_path": "/media/NFS/ttao/scannet/posed_images/scene0630_02/00235.jpg",
      "transform_matrix": [
        [
          0.978473,
          0.095812,
          -0.182784,
          2.942998
        ],
        [
          0.204631,
          -0.565261,
          0.799128,
          0.730203
        ],
        [
          -0.026755,
          -0.819329,
          -0.572699,
          1.251509
        ],
        [
          0.0,
          0.0,
          0.0,
          1.0
        ]
      ]
    },
    {
      "file_path": "/media/NFS/ttao/scannet/posed_images/scene0630_02/00236.jpg",
      "transform_matrix": [
        [
          0.983184,
          0.081394,
          -0.16347,
          2.951425
        ],
        [
          0.180422,
          -0.571225,
          0.800718,
          0.735779
        ],
        [
          -0.028205,
          -0.816747,
          -0.576306,
          1.252743
        ],
        [
          0.0,
          0.0,
          0.0,
          1.0
        ]
      ]
    },
    {
      "file_path": "/media/NFS/ttao/scannet/posed_images/scene0630_02/00241.jpg",
      "transform_matrix": [
        [
          0.994635,
          0.027679,
          -0.099678,
          3.008338
        ],
        [
          0.096978,
          -0.584934,
          0.805263,
          0.766185
        ],
        [
          -0.036017,
          -0.810609,
          -0.58448,
          1.255463
        ],
        [
          0.0,
          0.0,
          0.0,
          1.0
        ]
      ]
    },
    {
      "file_path": "/media/NFS/ttao/scannet/posed_images/scene0630_02/00244.jpg",
      "transform_matrix": [
        [
          0.997152,
          0.003055,
          -0.075353,
          3.038216
        ],
        [
          0.06321,
          -0.578815,
          0.813005,
          0.783043
        ],
        [
          -0.041132,
          -0.815453,
          -0.57736,
          1.258794
        ],
        [
          0.0,
          0.0,
          0.0,
          1.0
        ]
      ]
    },
    {
      "file_path": "/media/NFS/ttao/scannet/posed_images/scene0630_02/00249.jpg",
      "transform_matrix": [
        [
          0.99767,
          -0.001463,
          -0.06821,
          3.085637
        ],
        [
          0.056651,
          -0.539375,
          0.840158,
          0.813882
        ],
        [
          -0.03802,
          -0.842064,
          -0.538036,
          1.273475
        ],
        [
          0.0,
          0.0,
          0.0,
          1.0
        ]
      ]
    },
    {
      "file_path": "/media/NFS/ttao/scannet/posed_images/scene0630_02/00250.jpg",
      "transform_matrix": [
        [
          0.996552,
          0.003868,
          -0.082885,
          3.106821
        ],
        [
          0.072429,
          -0.527927,
          0.846196,
          0.82192
        ],
        [
          -0.040484,
          -0.849281,
          -0.526386,
          1.275271
        ],
        [
          0.0,
          0.0,
          0.0,
          1.0
        ]
      ]
    },
    {
      "file_path": "/media/NFS/ttao/scannet/posed_images/scene0630_02/00256.jpg",
      "transform_matrix": [
        [
          0.984446,
          0.011748,
          -0.175296,
          3.171165
        ],
        [
          0.158372,
          -0.491291,
          0.856476,
          0.865795
        ],
        [
          -0.07606,
          -0.870916,
          -0.48551,
          1.305092
        ],
        [
          0.0,
          0.0,
          0.0,
          1.0
        ]
      ]
    },
    {
      "file_path": "/media/NFS/ttao/scannet/posed_images/scene0630_02/00260.jpg",
      "transform_matrix": [
        [
          0.975834,
          0.003359,
          -0.218485,
          3.198848
        ],
        [
          0.195741,
          -0.457853,
          0.867212,
          0.892666
        ],
        [
          -0.097121,
          -0.889022,
          -0.447446,
          1.322554
        ],
        [
          0.0,
          0.0,
          0.0,
          1.0
        ]
      ]
    },
    {
      "file_path": "/media/NFS/ttao/scannet/posed_images/scene0630_02/00262.jpg",
      "transform_matrix": [
        [
          0.973793,
          0.009407,
          -0.227242,
          3.208741
        ],
        [
          0.208403,
          -0.43703,
          0.87497,
          0.903347
        ],
        [
          -0.09108,
          -0.899398,
          -0.427537,
          1.326675
        ],
        [
          0.0,
          0.0,
          0.0,
          1.0
        ]
      ]
    },
    {
      "file_path": "/media/NFS/ttao/scannet/posed_images/scene0630_02/00268.jpg",
      "transform_matrix": [
        [
          0.968404,
          0.04468,
          -0.245352,
          3.224298
        ],
        [
          0.242816,
          -0.393269,
          0.886781,
          0.947235
        ],
        [
          -0.056868,
          -0.918337,
          -0.391692,
          1.332031
        ],
        [
          0.0,
          0.0,
          0.0,
          1.0
        ]
      ]
    },
    {
      "file_path": "/media/NFS/ttao/scannet/posed_images/scene0630_02/00269.jpg",
      "transform_matrix": [
        [
          0.966591,
          0.050933,
          -0.251212,
          3.224661
        ],
        [
          0.250816,
          -0.39,
          0.885997,
          0.956166
        ],
        [
          -0.052846,
          -0.919405,
          -0.389745,
          1.3316
        ],
        [
          0.0,
          0.0,
          0.0,
          1.0
        ]
      ]
    },
    {
      "file_path": "/media/NFS/ttao/scannet/posed_images/scene0630_02/00272.jpg",
      "transform_matrix": [
        [
          0.960765,
          0.061222,
          -0.270522,
          3.224567
        ],
        [
          0.27334,
          -0.374514,
          0.886016,
          0.984625
        ],
        [
          -0.047071,
          -0.925198,
          -0.376555,
          1.332263
        ],
        [
          0.0,
          0.0,
          0.0,
          1.0
        ]
      ]
    },
    {
      "file_path": "/media/NFS/ttao/scannet/posed_images/scene0630_02/00278.jpg",
      "transform_matrix": [
        [
          0.911353,
          0.107639,
          -0.397303,
          3.228075
        ],
        [
          0.410652,
          -0.304121,
          0.859579,
          1.039474
        ],
        [
          -0.028304,
          -0.946533,
          -0.321363,
          1.347718
        ],
        [
          0.0,
          0.0,
          0.0,
          1.0
        ]
      ]
    },
    {
      "file_path": "/media/NFS/ttao/scannet/posed_images/scene0630_02/00282.jpg",
      "transform_matrix": [
        [
          0.86551,
          0.128413,
          -0.484151,
          3.221142
        ],
        [
          0.500529,
          -0.258482,
          0.826231,
          1.058889
        ],
        [
          -0.019045,
          -0.957443,
          -0.287994,
