{
  "frames": [
    {
      "file_path": "/media/NFS/ttao/scannet/posed_images/scene0404_02/00000.jpg",
      "transform_matrix": [
        [
          -0.205221,
          0.772891,
          -0.600437,
          1.798488
        ],
        [
          0.978703,
          0.158985,
          -0.129861,
          0.702303
        ],
        [
          -0.004908,
          -0.6143,
          -0.789057,
          1.246258
        ],
        [
          0.0,
          0.0,
          0.0,
          1.0
        ]
      ]
    },
    {
      "file_path": "/media/NFS/ttao/scannet/posed_images/scene0404_02/00016.jpg",
      "transform_matrix": [
        [
          -0.178793,
          0.737948,
          -0.650743,
          1.810305
        ],
        [
          0.983884,
          0.132519,
          -0.120047,
          0.705083
        ],
        [
          -0.002352,
          -0.661719,
          -0.749748,
          1.270885
        ],
        [
          0.0,
          0.0,
          0.0,
          1.0
        ]
      ]
    },
    {
      "file_path": "/media/NFS/ttao/scannet/posed_images/scene0404_02/00042.jpg",
      "transform_matrix": [
        [
          -0.125229,
          0.572436,
          -0.81033,
          1.820281
        ],
        [
          0.99206,
          0.062675,
          -0.109039,
          0.733086
        ],
        [
          -0.01163,
          -0.817551,
          -0.575739,
          1.342124
        ],
        [
          0.0,
          0.0,
          0.0,
          1.0
        ]
      ]
    },
    {
      "file_path": "/media/NFS/ttao/scannet/posed_images/scene0404_02/00047.jpg",
      "transform_matrix": [
        [
          -0.11073,
          0.549446,
          -0.82816,
          1.821044
        ],
        [
          0.993817,
          0.05432,
          -0.096841,
          0.736275
        ],
        [
          -0.008223,
          -0.833762,
          -0.552063,
          1.355883
        ],
        [
          0.0,
          0.0,
          0.0,
          1.0
        ]
      ]
    },
    {
      "file_path": "/media/NFS/ttao/scannet/posed_images/scene0404_02/00073.jpg",
      "transform_matrix": [
        [
          -0.058951,
          0.323328,
          -0.944449,
          1.829483
        ],
        [
          0.998195,
          0.008253,
          -0.059481,
          0.74949
        ],
        [
          -0.011437,
          -0.946251,
          -0.323231,
          1.442326
        ],
        [
          0.0,
          0.0,
          0.0,
          1.0
        ]
      ]
    },
    {
      "file_path": "/media/NFS/ttao/scannet/posed_images/scene0404_02/00094.jpg",
      "transform_matrix": [
        [
          0.070608,
          0.276652,
          -0.958373,
          1.810318
        ],
        [
          0.997499,
          -0.016436,
          0.068746,
          0.750695
        ],
        [
          0.003267,
          -0.96083,
          -0.27712,
          1.468073
        ],
        [
          0.0,
          0.0,
          0.0,
          1.0
        ]
      ]
    },
    {
      "file_path": "/media/NFS/ttao/scannet/posed_images/scene0404_02/00115.jpg",
      "transform_matrix": [
        [
          0.360285,
          0.218784,
          -0.906823,
          1.742766
        ],
        [
          0.93279,
          -0.094783,
          0.347734,
          0.757469
        ],
        [
          -0.009873,
          -0.971159,
          -0.238228,
          1.478736
        ],
        [
          0.0,
          0.0,
          0.0,
          1.0
        ]
      ]
    },
    {
      "file_path": "/media/NFS/ttao/scannet/posed_images/scene0404_02/00130.jpg",
      "transform_matrix": [
        [
          0.581345,
          0.217154,
          -0.784144,
          1.640511
        ],
        [
          0.813634,
          -0.14788,
          0.562255,
          0.787921
        ],
        [
          0.006136,
          -0.964871,
          -0.262653,
          1.477778
        ],
        [
          0.0,
          0.0,
          0.0,
          1.0
        ]
      ]
    },
    {
      "file_path": "/media/NFS/ttao/scannet/posed_images/scene0404_02/00146.jpg",
      "transform_matrix": [
        [
          0.784355,
          0.183074,
          -0.592682,
          1.485618
        ],
        [
          0.620276,
          -0.221113,
          0.752574,
          0.801237
        ],
        [
          0.006727,
          -0.957911,
          -0.286987,
          1.47865
        ],
        [
          0.0,
          0.0,
          0.0,
          1.0
        ]
      ]
    },
    {
      "file_path": "/media/NFS/ttao/scannet/posed_images/scene0404_02/00167.jpg",
      "transform_matrix": [
        [
          0.971982,
          0.055923,
          -0.228306,
          1.312913
        ],
        [
          0.234291,
          -0.308773,
          0.921828,
          0.786938
        ],
        [
          -0.018944,
          -0.94949,
          -0.313224,
          1.487854
        ],
        [
          0.0,
          0.0,
          0.0,
          1.0
        ]
      ]
    },
    {
      "file_path": "/media/NFS/ttao/scannet/posed_images/scene0404_02/00177.jpg",
      "transform_matrix": [
        [
          0.998423,
          0.020461,
          -0.052289,
          1.297523
        ],
        [
          0.056068,
          -0.312873,
          0.948139,
          0.809006
        ],
        [
          0.00304,
          -0.949574,
          -0.313526,
          1.481061
        ],
        [
          0.0,
          0.0,
          0.0,
          1.0
        ]
      ]
    },
    {
      "file_path": "/media/NFS/ttao/scannet/posed_images/scene0404_02/00188.jpg",
      "transform_matrix": [
        [
          0.999364,
          0.010217,
          0.034171,
          1.313474
        ],
        [
          -0.029181,
          -0.316639,
          0.948097,
          0.844795
        ],
        [
          0.020506,
          -0.948491,
          -0.316139,
          1.483972
        ],
        [
          0.0,
          0.0,
          0.0,
          1.0
        ]
      ]
    },
    {
      "file_path": "/media/NFS/ttao/scannet/posed_images/scene0404_02/00209.jpg",
      "transform_matrix": [
        [
          0.944675,
          -0.102103,
          0.31171,
          1.323529
        ],
        [
          -0.328003,
          -0.289855,
          0.89911,
          0.881046
        ],
        [
          -0.001451,
          -0.951609,
          -0.307309,
          1.483986
        ],
        [
          0.0,
          0.0,
          0.0,
          1.0
        ]
      ]
    },
    {
      "file_path": "/media/NFS/ttao/scannet/posed_images/scene0404_02/00224.jpg",
      "transform_matrix": [
        [
          0.882521,
          -0.141866,
          0.448365,
          1.355307
        ],
        [
          -0.470262,
          -0.259672,
          0.843459,
          0.887877
        ],
        [
          -0.00323,
          -0.95522,
          -0.29588,
          1.496347
        ],
        [
          0.0,
          0.0,
          0.0,
          1.0
        ]
      ]
    },
    {
      "file_path": "/media/NFS/ttao/scannet/posed_images/scene0404_02/00240.jpg",
      "transform_matrix": [
        [
          0.814189,
          -0.152242,
          0.560285,
          1.414406
        ],
        [
          -0.580399,
          -0.238816,
          0.778527,
          0.893037
        ],
        [
          0.01528,
          -0.959056,
          -0.282803,
          1.488782
        ],
        [
          0.0,
          0.0,
          0.0,
          1.0
        ]
      ]
    },
    {
      "file_path": "/media/NFS/ttao/scannet/posed_images/scene0404_02/00271.jpg",
      "transform_matrix": [
        [
          0.62305,
          -0.225095,
          0.749094,
          1.559637
        ],
        [
          -0.782097,
          -0.193461,
          0.592366,
          0.8979
        ],
        [
          0.011582,
          -0.954937,
          -0.296582,
          1.49463
        ],
        [
          0.0,
          0.0,
          0.0,
          1.0
        ]
      ]
    },
    {
      "file_path": "/media/NFS/ttao/scannet/posed_images/scene0404_02/00287.jpg",
      "transform_matrix": [
        [
          0.489479,
          -0.268457,
          0.829664,
          1.60325
        ],
        [
          -0.871837,
          -0.169894,
          0.459387,
          0.912321
        ],
        [
          0.01763,
          -0.948191,
          -0.31721,
          1.493594
        ],
        [
          0.0,
          0.0,
          0.0,
          1.0
        ]
      ]
    },
    {
      "file_path": "/media/NFS/ttao/scannet/posed_images/scene0404_02/00303.jpg",
      "transform_matrix": [
        [
          0.243225,
          -0.292424,
          0.92484,
          1.592213
        ],
        [
          -0.969782,
          -0.092054,
          0.225939,
          0.990685
        ],
        [
          0.019065,
          -0.951848,
          -0.305977,
          1.510387
        ],
        [
          0.0,
          0.0,
          0.0,
          1.0
        ]
      ]
    },
    {
      "file_path": "/media/NFS/ttao/scannet/posed_images/scene0404_02/00318.jpg",
      "transform_matrix": [
        [
          0.096239,
          -0.270761,
          0.957824,
          1.591966
        ],
        [
          -0.99489,
          -0.055698,
          0.084219,
          1.044652
        ],
        [
          0.030546,
          -0.961034,
          -0.274738,
          1.508257
        ],
        [
          0.0,
          0.0,
          0.0,
          1.0
        ]
      ]
    },
    {
      "file_path": "/media/NFS/ttao/scannet/posed_images/scene0404_02/00329.jpg",
      "transform_matrix": [
        [
          -0.023276,
          -0.301488,
          0.953186,
          1.632248
        ],
        [
          -0.999366,
          -0.018694,
          -0.030316,
          1.090292
        ],
        [
          0.026959,
          -0.953287,
          -0.300862,
          1.504136
        ],
        [
          0.0,
          0.0,
          0.0,
          1.0
        ]
      ]
    },
    {
      "file_path": "/media/NFS/ttao/scannet/posed_images/scene0404_02/00355.jpg",
      "transform_matrix": [
        [
          -0.39183,
          -0.257206,
          0.883354,
          1.669482
        ],
        [
          -0.919694,
          0.08325,
          -0.383709,
          1.187384
        ],
        [
          0.025153,
          -0.962764,
          -0.269171,
          1.515288
        ],
        [
          0.0,
          0.0,
          0.0,
          1.0
        ]
      ]
    },
    {
      "file_path": "/media/NFS/ttao/scannet/posed_images/scene0404_02/00365.jpg",
      "transform_matrix": [
        [
          -0.511009,
          -0.223708,
          0.829955,
          1.658266
        ],
        [
          -0.859532,
          0.123301,
          -0.495985,
          1.249648
        ],
        [
          0.008622,
          -0.966825,
          -0.255293,
          1.512823
        ],
        [
          0.0,
          0.0,
          0.0,
          1.0
        ]
      ]
    },
    {
      "file_path": "/media/NFS/ttao/scannet/posed_images/scene0404_02/00381.jpg",
      "transform_matrix": [
        [
          -0.705227,
          -0.199864,
          0.680227,
          1.642409
        ],
        [
          -0.708539,
          0.164801,
          -0.686158,
          1.292027
        ],
        [
          0.025036,
          -0.965865,
          -0.257834,
          1.492092
        ],
        [
          0.0,
          0.0,
          0.0,
          1.0
        ]
      ]
    },
    {
      "file_path": "/media/NFS/ttao/scannet/posed_images/scene0404_02/00402.jpg",
      "transform_matrix": [
        [
          -0.880085,
          -0.124922,
          0.458088,
          1.68187
        ],
        [
          -0.474621,
          0.203838,
          -0.856262,
          1.239275
        ],
        [
          0.01359,
          -0.971002,
          -0.238686,
          1.488346
        ],
        [
          0.0,
          0.0,
          0.0,
          1.0
        ]
      ]
    },
    {
      "file_path": "/media/NFS/ttao/scannet/posed_images/scene0404_02/00417.jpg",
      "transform_matrix": [
        [
          -0.96006,
          -0.093137,
          0.263839,
          1.742111
        ],
        [
          -0.278425,
          0.22476,
          -0.93379,
          1.170275
        ],
        [
          0.02767,
          -0.969953,
          -0.241714,
          1.480339
        ],
        [
          0.0,
          0.0,
          0.0,
          1.0
        ]
      ]
    },
    {
      "file_path": "/media/NFS/ttao/scannet/posed_images/scene0404_02/00438.jpg",
      "transform_matrix": [
        [
          -0.998405,
          0.001809,
          -0.05643,
          1.851779
        ],
        [
          0.054958,
          0.260055,
          -0.964029,
          1.085934
        ],
        [
          0.012931,
          -0.965592,
          -0.25974,
          1.464514
        ],
        [
          0.0,
          0.0,
          0.0,
          1.0
        ]
      ]
    },
    {
      "file_path": "/media/NFS/ttao/scannet/posed_images/scene0404_02/00449.jpg",
      "transform_matrix": [
        [
          -0.991976,
          -0.007478,
          -0.126202,
          1.876753
        ],
        [
          0.117513,
          0.313598,
          -0.942256,
          1.062727
        ],
        [
          0.046623,
          -0.949526,
          -0.310203,
          1.459073
        ],
        [
          0.0,
          0.0,
          0.0,
          1.0
        ]
      ]
    },
    {
      "file_path": "/media/NFS/ttao/scannet/posed_images/scene0404_02/00464.jpg",
      "transform_matrix": [
        [
          -0.941739,
          0.001494,
          -0.336342,
          1.851729
        ],
        [
          0.296615,
          0.475163,
          -0.828396,
          1.021718
        ],
        [
          0.15858,
          -0.879896,
          -0.447923,
          1.432904
        ],
        [
          0.0,
          0.0,
          0.0,
          1.0
        ]
      ]
    },
    {
      "file_path": "/media/NFS/ttao/scannet/posed_images/scene0404_02/00496.jpg",
      "transform_matrix": [
        [
          -0.86377,
          0.159501,
          -0.477976,
          1.746056
        ],
        [
          0.455842,
          0.651588,
          -0.606335,
          0.970449
        ],
        [
          0.214733,
          -0.741615,
          -0.635529,
          1.389574
        ],
        [
          0.0,
          0.0,
          0.0,
          1.0
        ]
      ]
    },
    {
      "file_path": "/media/NFS/ttao/scannet/posed_images/scene0404_02/00501.jpg",
      "transform_matrix": [
        [
          -0.847003,
          0.182046,
          -0.499444,
          1.735886
        ],
        [
          0.487878,
          0.639299,
          -0.594367,
          0.962619
        ],
        [
          0.211092,
          -0.747099,
          -0.630305,
          1.389231
        ],
        [
          0.0,
          0.0,
          0.0,
          1.0
        ]
      ]
    },
    {
      "file_path": "/media/NFS/ttao/scannet/posed_images/scene0404_02/00516.jpg",
      "transform_matrix": [
        [
          -0.676474,
          0.368549,
          -0.637616,
          1.642842
        ],
        [
          0.716534,
          0.529429,
          -0.454186,
          0.904636
        ],
        [
          0.170182,
          -0.764118,
          -0.622223,
          1.412365
        ],
        [
          0.0,
          0.0,
          0.0,
          1.0
        ]
      ]
    },
    {
      "file_path": "/media/NFS/ttao/scannet/posed_images/scene0404_02/00537.jpg",
      "transform_matrix": [
        [
          -0.400067,
          0.530521,
          -0.747325,
          1.542094
        ],
        [
          0.910815,
          0.320726,
          -0.259907,
          0.833408
        ],
        [
          0.1018,
          -0.784654,
          -0.611518,
          1.429569
        ],
        [
          0.0,
          0.0,
          0.0,
          1.0
        ]
      ]
    },
    {
      "file_path": "/media/NFS/ttao/scannet/posed_images/scene0404_02/00563.jpg",
      "transform_matrix": [
        [
          -0.029243,
          0.453341,
          -0.890857,
          1.576085
        ],
        [
          0.9994,
          0.029832,
          -0.017625,
          0.774734
        ],
        [
          0.018586,
          -0.890838,
          -0.453941,
          1.472053
        ],
        [
          0.0,
          0.0,
          0.0,
          1.0
        ]
      ]
    },
    {
      "file_path": "/media/NFS/ttao/scannet/posed_images/scene0404_02/00574.jpg",
      "transform_matrix": [
        [
          -0.005596,
          0.361029,
          -0.932538,
          1.60921
        ],
        [
          0.999919,
          -0.008666,
          -0.009355,
          0.748609
        ],
        [
          -0.011459,
          -0.932514,
          -0.360951,
          1.494164
        ],
        [
          0.0,
          0.0,
          0.0,
          1.0
        ]
      ]
    },
    {
      "file_path": "/media/NFS/ttao/scannet/posed_images/scene0404_02/00595.jpg",
      "transform_matrix": [
        [
          0.003728,
          0.256534,
          -0.966528,
          1.576078
        ],
        [
          0.999875,
          -0.015812,
          -0.00034,
          0.701212
        ],
        [
          -0.01537,
          -0.966406,
          -0.256561,
          1.52455
        ],
        [
          0.0,
          0.0,
          0.0,
          1.0
        ]
      ]
    },
    {
      "file_path": "/media/NFS/ttao/scannet/posed_images/scene0404_02/00610.jpg",
      "transform_matrix": [
        [
          0.063971,
          0.166776,
          -0.983917,
          1.583287
        ],
        [
          0.997309,
          -0.046076,
          0.057032,
          0.589781
        ],
        [
          -0.035824,
          -0.984918,
          -0.169275,
          1.559298
        ],
        [
          0.0,
          0.0,
          0.0,
          1.0
        ]
      ]
    },
    {
      "file_path": "/media/NFS/ttao/scannet/posed_images/scene0404_02/00631.jpg",
      "transform_matrix": [
        [
          0.105729,
          -0.03576,
          -0.993752,
          1.585212
        ],
        [
          0.99437,
          0.010902,
          0.105403,
          0.530179
        ],
        [
          0.007064,
          -0.999301,
          0.036712,
          1.620248
        ],
        [
          0.0,
          0.0,
          0.0,
          1.0
        ]
      ]
    },
    {
      "file_path": "/media/NFS/ttao/scannet/posed_images/scene0404_02/00652.jpg",
      "transform_matrix": [
        [
          0.161402,
          -0.132806,
          -0.977912,
          1.570391
        ],
        [
          0.986838,
          0.031758,
          0.158562,
          0.483788
        ],
        [
          0.009999,
          -0.990633,
          0.136184,
          1.648566
        ],
        [
          0.0,
          0.0,
          0.0,
          1.0
        ]
      ]
    },
    {
      "file_path": "/media/NFS/ttao/scannet/posed_images/scene0404_02/00668.jpg",
      "transform_matrix": [
        [
          0.258569,
          -0.069003,
          -0.963525,
          1.548091
        ],
        [
          0.965923,
          0.030447,
          0.257032,
          0.423587
        ],
        [
          0.0116,
          -0.997151,
          0.074525,
          1.647011
        ],
        [
          0.0,
          0.0,
          0.0,
          1.0
        ]
      ]
    },
    {
      "file_path": "/media/NFS/ttao/scannet/posed_images/scene0404_02/00678.jpg",
      "transform_matrix": [
        [
          0.310621,
          -0.054139,
          -0.948991,
          1.524028
        ],
        [
          0.950534,
          0.018679,
          0.31006,
          0.376688
        ],
        [
          0.00094,
          -0.998359,
          0.057264,
          1.655761
        ],
        [
          0.0,
          0.0,
          0.0,
          1.0
        ]
      ]
    },
    {
      "file_path": "/media/NFS/ttao/scannet/posed_images/scene0404_02/00694.jpg",
      "transform_matrix": [
        [
          0.272767,
          0.09967,
          -0.956904,
          1.520395
        ],
        [
          0.961969,
          -0.013133,
          0.272843,
          0.369475
        ],
        [
          0.014627,
          -0.994934,
          -0.099462,
          1.625772
        ],
        [
          0.0,
          0.0,
          0.0,
          1.0
        ]
      ]
    },
    {
      "file_path": "/media/NFS/ttao/scannet/posed_images/scene0404_02/00710.jpg",
      "transform_matrix": [
        [
          0.183489,
          0.401447,
          -0.897314,
          1.50972
        ],
        [
          0.982929,
          -0.062393,
          0.173082,
          0.389866
        ],
        [
          0.013497,
          -0.913755,
          -0.406042,
          1.594892
        ],
        [
          0.0,
          0.0,
          0.0,
          1.0
        ]
      ]
    },
    {
      "file_path": "/media/NFS/ttao/scannet/posed_images/scene0404_02/00741.jpg",
      "transform_matrix": [
        [
          0.12142,
          0.685063,
          -0.718294,
          1.515694
        ],
        [
          0.986435,
          -0.163818,
          0.010508,
          0.40086
        ],
        [
          -0.110471,
          -0.709826,
          -0.69566,
          1.56685
        ],
        [
          0.0,
          0.0,
          0.0,
          1.0
        ]
      ]
    },
    {
      "file_path": "/media/NFS/ttao/scannet/posed_images/scene0404_02/00756.jpg",
      "transform_matrix": [
        [
          0.15095,
          0.775741,
          -0.612731,
          1.52445
        ],
        [
          0.979581,
          -0.200647,
          -0.012702,
          0.42801
        ],
        [
          -0.132796,
          -0.598302,
          -0.790189,
          1.546158
        ],
        [
          0.0,
          0.0,
          0.0,
          1.0
        ]
      ]
    },
    {
      "file_path": "/media/NFS/ttao/scannet/posed_images/scene0404_02/00772.jpg",
      "transform_matrix": [
        [
          0.172551,
          0.852557,
          -0.493328,
          1.523427
        ],
        [
          0.967901,
          -0.239675,
          -0.075658,
          0.468712
        ],
        [
          -0.182741,
          -0.464438,
          -0.866547,
          1.510721
        ],
        [
          0.0,
          0.0,
          0.0,
          1.0
        ]
      ]
    },
    {
      "file_path": "/media/NFS/ttao/scannet/posed_images/scene0404_02/00783.jpg",
      "transform_matrix": [
        [
          0.167678,
          0.87291,
          -0.458161,
          1.524815
        ],
        [
          0.967766,
          -0.234334,
          -0.092282,
          0.483003
        ],
        [
          -0.187917,
          -0.427919,
          -0.884066,
          1.493704
        ],
        [
          0.0,
          0.0,
          0.0,
          1.0
        ]
      ]
    },
    {
      "file_path": "/media/NFS/ttao/scannet/posed_images/scene0404_02/00809.jpg",
      "transform_matrix": [
        [
          0.373419,
          0.693255,
          -0.616405,
          1.530656
        ],
        [
          0.926953,
          -0.304832,
          0.218711,
          0.520633
        ],
        [
          -0.036277,
          -0.65305,
          -0.756445,
          1.506888
        ],
        [
          0.0,
          0.0,
          0.0,
          1.0
        ]
      ]
    },
    {
      "file_path": "/media/NFS/ttao/scannet/posed_images/scene0404_02/00824.jpg",
      "transform_matrix": [
        [
          0.427842,
          0.584249,
          -0.689641,
          1.54376
        ],
        [
          0.903708,
          -0.290196,
          0.314798,
          0.552113
        ],
        [
          -0.016211,
          -0.757918,
          -0.652149,
          1.516449
        ],
        [
          0.0,
          0.0,
          0.0,
          1.0
        ]
      ]
    },
    {
      "file_path": "/media/NFS/ttao/scannet/posed_images/scene0404_02/00840.jpg",
      "transform_matrix": [
        [
          0.428246,
          0.489022,
          -0.75991,
          1.553395
        ],
        [
          0.903608,
          -0.222542,
          0.366016,
          0.570523
        ],
        [
          0.009877,
          -0.843405,
          -0.537187,
          1.537747
        ],
        [
          0.0,
          0.0,
          0.0,
          1.0
        ]
      ]
    },
    {
      "file_path": "/media/NFS/ttao/scannet/posed_images/scene0404_02/00856.jpg",
      "transform_matrix": [
        [
          0.424122,
          0.397442,
          -0.813732,
          1.559126
        ],
        [
          0.905455,
          -0.169716,
          0.389035,
          0.585571
        ],
        [
          0.016516,
          -0.901796,
          -0.431846,
          1.561781
        ],
        [
          0.0,
          0.0,
          0.0,
          1.0
        ]
      ]
    },
    {
      "file_path": "/media/NFS/ttao/scannet/posed_images/scene0404_02/00866.jpg",
      "transform_matrix": [
        [
          0.414134,
          0.328782,
          -0.848761,
          1.568725
        ],
        [
          0.910096,
          -0.134416,
          0.391993,
          0.590473
        ],
        [
          0.014793,
          -0.934791,
          -0.354889,
          1.580382
        ],
        [
          0.0,
          0.0,
          0.0,
          1.0
        ]
      ]
    },
    {
      "file_path": "/media/NFS/ttao/scannet/posed_images/scene0404_02/00882.jpg",
      "transform_matrix": [
        [
          0.402211,
          0.240794,
          -0.883314,
          1.579385
        ],
        [
          0.915372,
          -0.086909,
          0.393117,
          0.581867
        ],
        [
          0.017892,
          -0.966677,
          -0.255371,
          1.61207
        ],
        [
          0.0,
          0.0,
          0.0,
          1.0
        ]
      ]
    },
    {
      "file_path": "/media/NFS/ttao/scannet/posed_images/scene0404_02/00913.jpg",
      "transform_matrix": [
        [
          0.427594,
          -0.003926,
          -0.903963,
          1.611935
        ],
        [
          0.903733,
          0.024786,
          0.427378,
          0.562474
        ],
        [
          0.020727,
          -0.999685,
          0.014147,
          1.658828
        ],
        [
          0.0,
          0.0,
          0.0,
          1.0
        ]
      ]
    },
    {
      "file_path": "/media/NFS/ttao/scannet/posed_images/scene0404_02/00929.jpg",
      "transform_matrix": [
        [
          0.471417,
          -0.104745,
          -0.875668,
          1.62524
        ],
        [
          0.881822,
          0.07009,
          0.466345,
          0.568571
        ],
        [
          0.012528,
          -0.992026,
          0.125408,
          1.667148
        ],
        [
          0.0,
          0.0,
          0.0,
          1.0
        ]
      ]
    },
    {
      "file_path": "/media/NFS/ttao/scannet/posed_images/scene0404_02/00934.jpg",
      "transform_matrix": [
        [
          0.495844,
          -0.104481,
          -0.862104,
          1.625128
        ],
        [
          0.868309,
          0.074893,
          0.490337,
          0.573498
        ],
        [
          0.013334,
          -0.991703,
          0.127857,
          1.665993
        ],
        [
          0.0,
          0.0,
          0.0,
          1.0
        ]
      ]
    },
    {
      "file_path": "/media/NFS/ttao/scannet/posed_images/scene0404_02/00965.jpg",
      "transform_matrix": [
        [
          0.65854,
          0.01332,
          -0.752428,
          1.637348
        ],
        [
          0.752317,
          0.013005,
          0.658673,
          0.665844
        ],
        [
          0.018559,
          -0.999827,
          -0.001456,
          1.640891
        ],
        [
          0.0,
          0.0,
          0.0,
          1.0
        ]
      ]
    },
    {
      "file_path": "/media/NFS/ttao/scannet/posed_images/scene0404_02/00981.jpg",
      "transform_matrix": [
        [
          0.670075,
          0.152373,
          -0.726486,
          1.62084
        ],
        [
          0.741916,
          -0.106253,
          0.662021,
          0.693568
        ],
        [
          0.023683,
          -0.982595,
          -0.184245,
          1.60316
        ],
        [
          0.0,
          0.0,
          0.0,
          1.0
        ]
      ]
    },
    {
      "file_path": "/media/NFS/ttao/scannet/posed_images/scene0404_02/00991.jpg",
      "transform_matrix": [
        [
          0.675371,
          0.226074,
          -0.701972,
          1.60925
        ],
        [
          0.737289,
          -0.185406,
          0.649639,
          0.706499
        ],
        [
          0.016716,
          -0.956303,
          -0.291899,
          1.576692
        ],
        [
          0.0,
          0.0,
          0.0,
          1.0
        ]
      ]
    },
    {
      "file_path": "/media/NFS/ttao/scannet/posed_images/scene0404_02/01007.jpg",
      "transform_matrix": [
        [
          0.664247,
          0.346488,
          -0.662361,
          1.592229
        ],
        [
          0.747269,
          -0.285145,
          0.600235,
          0.723708
        ],
        [
          0.019105,
          -0.893666,
          -0.448326,
          1.522945
        ],
        [
          0.0,
          0.0,
          0.0,
          1.0
        ]
      ]
    },
    {
      "file_path": "/media/NFS/ttao/scannet/posed_images/scene0404_02/01028.jpg",
      "transform_matrix": [
        [
          0.660445,
          0.465291,
          -0.589336,
          1.578514
        ],
        [
          0.750818,
          -0.39963,
          0.525897,
          0.794357
        ],
        [
          0.009179,
          -0.78981,
          -0.613283,
          1.446961
        ],
        [
          0.0,
          0.0,
          0.0,
          1.0
        ]
      ]
    },
    {
      "file_path": "/media/NFS/ttao/scannet/posed_images/scene0404_02/01054.jpg",
      "transform_matrix": [
        [
          0.859588,
          0.312251,
          -0.404484,
          1.543394
        ],
        [
          0.510935,
          -0.536515,
          0.671637,
          0.808797
        ],
        [
          -0.007293,
          -0.783997,
          -0.620722,
          1.436744
        ],
        [
          0.0,
          0.0,
          0.0,
          1.0
        ]
      ]
    },
    {
      "file_path": "/media/NFS/ttao/scannet/posed_images/scene0404_02/01064.jpg",
      "transform_matrix": [
        [
          0.905253,
          0.258746,
          -0.336998,
          1.522502
        ],
        [
          0.424872,
          -0.549841,
          0.719138,
          0.787784
        ],
        [
          0.000778,
          -0.794183,
          -0.607679,
          1.443162
        ],
        [
          0.0,
          0.0,
          0.0,
          1.0
        ]
      ]
    },
    {
      "file_path": "/media/NFS/ttao/scannet/posed_images/scene0404_02/01085.jpg",
      "transform_matrix": [
        [
          0.95526,
          0.15411,
          -0.252446,
          1.5216
        ],
        [
          0.295456,
          -0.458007,
          0.838412,
          0.770563
        ],
        [
          0.013585,
          -0.875488,
          -0.483048,
          1.475418
        ],
        [
          0.0,
          0.0,
          0.0,
          1.0
        ]
      ]
    },
    {
      "file_path": "/media/NFS/ttao/scannet/posed_images/scene0404_02/01090.jpg",
      "transform_matrix": [
        [
          0.956163,
          0.138352,
          -0.258094,
          1.535971
        ],
        [
          0.292801,
          -0.437933,
          0.849989,
          0.777929
        ],
        [
          0.00457,
          -0.888298,
          -0.459245,
          1.488569
        ],
        [
          0.0,
          0.0,
          0.0,
          1.0
        ]
      ]
    },
    {
      "file_path": "/media/NFS/ttao/scannet/posed_images/scene0404_02/01122.jpg",
      "transform_matrix": [
        [
          0.977705,
          0.047005,
          -0.204653,
          1.530928
        ],
        [
          0.209918,
          -0.242752,
          0.947104,
          0.7542
        ],
        [
          -0.005162,
          -0.968949,
          -0.247207,
          1.5604
        ],
        [
          0.0,
          0.0,
          0.0,
          1.0
        ]
      ]
    },
    {
      "file_path": "/media/NFS/ttao/scannet/posed_images/scene0404_02/01127.jpg",
      "transform_matrix": [
        [
          0.977375,
          0.035041,
          -0.208592,
          1.530921
        ],
        [
          0.21137,
          -0.198326,
          0.957074,
          0.746616
        ],
        [
          -0.007832,
          -0.979509,
          -0.201245,
          1.573123
        ],
        [
          0.0,
          0.0,
          0.0,
          1.0
        ]
      ]
    },
    {
      "file_path": "/media/NFS/ttao/scannet/posed_images/scene0404_02/01143.jpg",
      "transform_matrix": [
        [
          0.978482,
          0.010177,
          -0.206083,
          1.520644
        ],
        [
          0.206295,
          -0.067667,
          0.976147,
          0.72771
        ],
        [
          -0.004011,
          -0.997656,
          -0.068311,
          1.612027
        ],
        [
          0.0,
          0.0,
          0.0,
          1.0
        ]
      ]
    },
    {
      "file_path": "/media/NFS/ttao/scannet/posed_images/scene0404_02/01163.jpg",
      "transform_matrix": [
        [
          0.986189,
          0.01067,
          -0.165278,
          1.503044
        ],
        [
          0.164664,
          0.044054,
          0.985366,
          0.716277
        ],
        [
          0.017795,
          -0.998972,
          0.041689,
          1.624844
        ],
        [
          0.0,
          0.0,
          0.0,
          1.0
        ]
      ]
    },
    {
      "file_path": "/media/NFS/ttao/scannet/posed_images/scene0404_02/01189.jpg",
      "transform_matrix": [
        [
          0.998553,
          0.032852,
          -0.042587,
          1.520003
        ],
        [
          0.047166,
          -0.154317,
          0.986895,
          0.754419
        ],
        [
          0.025849,
          -0.987475,
          -0.155643,
          1.576675
        ],
        [
          0.0,
          0.0,
          0.0,
          1.0
        ]
      ]
    },
    {
      "file_path": "/media/NFS/ttao/scannet/posed_images/scene0404_02/01200.jpg",
      "transform_matrix": [
        [
          0.998608,
          0.03028,
          -0.043179,
          1.510916
        ],
        [
          0.050088,
          -0.28826,
          0.956241,
          0.776274
        ],
        [
          0.016508,
          -0.957073,
          -0.289375,
          1.532965
        ],
        [
          0.0,
          0.0,
          0.0,
          1.0
        ]
      ]
    },
    {
      "file_path": "/media/NFS/ttao/scannet/posed_images/scene0404_02/01221.jpg",
      "transform_matrix": [
        [
          0.999972,
          -0.00723,
          0.001967,
          1.454857
        ],
        [
          -0.005351,
          -0.505185,
          0.862994,
          0.829558
        ],
        [
          -0.005246,
          -0.862981,
          -0.50521,
          1.46442
        ],
        [
          0.0,
          0.0,
          0.0,
          1.0
        ]
      ]
    },
    {
      "file_path": "/media/NFS/ttao/scannet/posed_images/scene0404_02/01231.jpg",
      "transform_matrix": [
        [
          0.999262,
          -0.03588,
          0.013727,
          1.446589
        ],
        [
          -0.03265,
          -0.604904,
          0.795629,
          0.893812
        ],
        [
          -0.020244,
          -0.79549,
          -0.605628,
          1.424146
        ],
        [
          0.0,
          0.0,
          0.0,
          1.0
        ]
      ]
    },
    {
      "file_path": "/media/NFS/ttao/scannet/posed_images/scene0404_02/01247.jpg",
      "transform_matrix": [
        [
          0.993447,
          -0.104406,
          0.046496,
          1.44954
        ],
        [
          -0.10781,
          -0.721015,
          0.684482,
          0.983912
        ],
        [
          -0.03794,
          -0.685009,
          -0.727546,
          1.366138
        ],
        [
          0.0,
          0.0,
          0.0,
          1.0
        ]
      ]
    },
    {
      "file_path": "/media/NFS/ttao/scannet/posed_images/scene0404_02/01278.jpg",
      "transform_matrix": [
        [
          0.868047,
          -0.403526,
          0.289243,
          1.522105
        ],
        [
          -0.496419,
          -0.69614,
          0.51861,
          0.947895
        ],
        [
          -0.007919,
          -0.593764,
          -0.8046,
          1.33207
        ],
        [
          0.0,
          0.0,
          0.0,
          1.0
        ]
      ]
    },
    {
      "file_path": "/media/NFS/ttao/scannet/posed_images/scene0404_02/01283.jpg",
      "transform_matrix": [
        [
          0.85034,
          -0.430861,
          0.302128,
          1.541063
        ],
        [
          -0.526177,
          -0.68771,
          0.500192,
          0.925594
        ],
        [
          -0.007737,
          -0.584306,
          -0.811496,
          1.323834
        ],
        [
          0.0,
          0.0,
          0.0,
          1.0
        ]
      ]
    },
    {
      "file_path": "/media/NFS/ttao/scannet/posed_images/scene0404_02/01315.jpg",
      "transform_matrix": [
        [
          0.772362,
          -0.424379,
          0.47261,
          1.564278
        ],
        [
          -0.635071,
          -0.501998,
          0.587096,
          0.845521
        ],
        [
          -0.011902,
          -0.753591,
          -0.657235,
          1.390212
        ],
        [
          0.0,
          0.0,
          0.0,
          1.0
        ]
      ]
    },
    {
      "file_path": "/media/NFS/ttao/scannet/posed_images/scene0404_02/01320.jpg",
      "transform_matrix": [
        [
          0.775195,
          -0.393013,
          0.494584,
          1.563388
        ],
        [
          -0.631612,
          -0.467622,
          0.618381,
          0.837354
        ],
        [
          -0.011753,
          -0.791752,
          -0.61073,
          1.41046
        ],
        [
          0.0,
          0.0,
          0.0,
          1.0
        ]
      ]
    },
    {
      "file_path": "/media/NFS/ttao/scannet/posed_images/scene0404_02/01341.jpg",
      "transform_matrix": [
        [
          0.800731,
          -0.257075,
          0.541057,
          1.574768
        ],
        [
          -0.599015,
          -0.338712,
          0.725573,
          0.802195
        ],
        [
          -0.003264,
          -0.905089,
          -0.425209,
          1.48763
        ],
        [
          0.0,
