{
  "frames": [
    {
      "file_path": "/media/NFS/ttao/scannet/posed_images/scene0641_00/00001.jpg",
      "transform_matrix": [
        [
          0.988557,
          0.080027,
          -0.127871,
          4.126023
        ],
        [
          0.150157,
          -0.440986,
          0.884864,
          0.727938
        ],
        [
          0.014424,
          -0.893939,
          -0.447957,
          1.477584
        ],
        [
          0.0,
          0.0,
          0.0,
          1.0
        ]
      ]
    },
    {
      "file_path": "/media/NFS/ttao/scannet/posed_images/scene0641_00/00007.jpg",
      "transform_matrix": [
        [
          0.987412,
          0.102281,
          -0.12065,
          4.103219
        ],
        [
          0.154198,
          -0.452607,
          0.878277,
          0.714316
        ],
        [
          0.035224,
          -0.885825,
          -0.462681,
          1.479982
        ],
        [
          0.0,
          0.0,
          0.0,
          1.0
        ]
      ]
    },
    {
      "file_path": "/media/NFS/ttao/scannet/posed_images/scene0641_00/00011.jpg",
      "transform_matrix": [
        [
          0.98503,
          0.103871,
          -0.137573,
          4.128443
        ],
        [
          0.169866,
          -0.449025,
          0.877224,
          0.718055
        ],
        [
          0.029345,
          -0.887461,
          -0.459948,
          1.509759
        ],
        [
          0.0,
          0.0,
          0.0,
          1.0
        ]
      ]
    },
    {
      "file_path": "/media/NFS/ttao/scannet/posed_images/scene0641_00/00013.jpg",
      "transform_matrix": [
        [
          0.98372,
          0.112786,
          -0.139907,
          4.121592
        ],
        [
          0.175675,
          -0.439538,
          0.880878,
          0.71197
        ],
        [
          0.037856,
          -0.891115,
          -0.452196,
          1.518888
        ],
        [
          0.0,
          0.0,
          0.0,
          1.0
        ]
      ]
    },
    {
      "file_path": "/media/NFS/ttao/scannet/posed_images/scene0641_00/00018.jpg",
      "transform_matrix": [
        [
          0.981216,
          0.112738,
          -0.156541,
          4.112592
        ],
        [
          0.189532,
          -0.41214,
          0.89119,
          0.699367
        ],
        [
          0.035955,
          -0.904119,
          -0.425766,
          1.530954
        ],
        [
          0.0,
          0.0,
          0.0,
          1.0
        ]
      ]
    },
    {
      "file_path": "/media/NFS/ttao/scannet/posed_images/scene0641_00/00024.jpg",
      "transform_matrix": [
        [
          0.979597,
          0.105925,
          -0.17079,
          4.11481
        ],
        [
          0.198154,
          -0.367274,
          0.90876,
          0.692796
        ],
        [
          0.033534,
          -0.924061,
          -0.380771,
          1.551425
        ],
        [
          0.0,
          0.0,
          0.0,
          1.0
        ]
      ]
    },
    {
      "file_path": "/media/NFS/ttao/scannet/posed_images/scene0641_00/00029.jpg",
      "transform_matrix": [
        [
          0.979339,
          0.100265,
          -0.17562,
          4.119285
        ],
        [
          0.198836,
          -0.319065,
          0.92664,
          0.685998
        ],
        [
          0.036876,
          -0.942414,
          -0.332409,
          1.563786
        ],
        [
          0.0,
          0.0,
          0.0,
          1.0
        ]
      ]
    },
    {
      "file_path": "/media/NFS/ttao/scannet/posed_images/scene0641_00/00033.jpg",
      "transform_matrix": [
        [
          0.979161,
          0.09165,
          -0.181228,
          4.117501
        ],
        [
          0.200317,
          -0.28906,
          0.936118,
          0.680407
        ],
        [
          0.03341,
          -0.952914,
          -0.301395,
          1.578007
        ],
        [
          0.0,
          0.0,
          0.0,
          1.0
        ]
      ]
    },
    {
      "file_path": "/media/NFS/ttao/scannet/posed_images/scene0641_00/00039.jpg",
      "transform_matrix": [
        [
          0.981755,
          0.082481,
          -0.17133,
          4.119501
        ],
        [
          0.186827,
          -0.250715,
          0.949862,
          0.674289
        ],
        [
          0.03539,
          -0.964541,
          -0.261551,
          1.587289
        ],
        [
          0.0,
          0.0,
          0.0,
          1.0
        ]
      ]
    },
    {
      "file_path": "/media/NFS/ttao/scannet/posed_images/scene0641_00/00045.jpg",
      "transform_matrix": [
        [
          0.983801,
          0.076735,
          -0.162012,
          4.12665
        ],
        [
          0.174965,
          -0.214245,
          0.960982,
          0.672722
        ],
        [
          0.039031,
          -0.973761,
          -0.224201,
          1.609324
        ],
        [
          0.0,
          0.0,
          0.0,
          1.0
        ]
      ]
    },
    {
      "file_path": "/media/NFS/ttao/scannet/posed_images/scene0641_00/00049.jpg",
      "transform_matrix": [
        [
          0.988482,
          0.064433,
          -0.136938,
          4.132435
        ],
        [
          0.146951,
          -0.192341,
          0.970263,
          0.670235
        ],
        [
          0.036178,
          -0.97921,
          -0.199595,
          1.61525
        ],
        [
          0.0,
          0.0,
          0.0,
          1.0
        ]
      ]
    },
    {
      "file_path": "/media/NFS/ttao/scannet/posed_images/scene0641_00/00050.jpg",
      "transform_matrix": [
        [
          0.989774,
          0.060063,
          -0.12938,
          4.142488
        ],
        [
          0.138624,
          -0.191239,
          0.971705,
          0.677522
        ],
        [
          0.033621,
          -0.979704,
          -0.19761,
          1.618873
        ],
        [
          0.0,
          0.0,
          0.0,
          1.0
        ]
      ]
    },
    {
      "file_path": "/media/NFS/ttao/scannet/posed_images/scene0641_00/00057.jpg",
      "transform_matrix": [
        [
          0.997009,
          0.057797,
          -0.051303,
          4.146914
        ],
        [
          0.060811,
          -0.177061,
          0.982319,
          0.684058
        ],
        [
          0.047691,
          -0.982501,
          -0.180047,
          1.615857
        ],
        [
          0.0,
          0.0,
          0.0,
          1.0
        ]
      ]
    },
    {
      "file_path": "/media/NFS/ttao/scannet/posed_images/scene0641_00/00061.jpg",
      "transform_matrix": [
        [
          0.998636,
          0.051112,
          -0.010687,
          4.168306
        ],
        [
          0.020181,
          -0.189022,
          0.981766,
          0.693973
        ],
        [
          0.04816,
          -0.980642,
          -0.189796,
          1.613383
        ],
        [
          0.0,
          0.0,
          0.0,
          1.0
        ]
      ]
    },
    {
      "file_path": "/media/NFS/ttao/scannet/posed_images/scene0641_00/00064.jpg",
      "transform_matrix": [
        [
          0.998795,
          0.047223,
          0.013352,
          4.176526
        ],
        [
          -0.003555,
          -0.201743,
          0.979432,
          0.702411
        ],
        [
          0.048946,
          -0.978299,
          -0.201333,
          1.611977
        ],
        [
          0.0,
          0.0,
          0.0,
          1.0
        ]
      ]
    },
    {
      "file_path": "/media/NFS/ttao/scannet/posed_images/scene0641_00/00068.jpg",
      "transform_matrix": [
        [
          0.999069,
          0.030444,
          0.030556,
          4.18272
        ],
        [
          -0.023108,
          -0.220407,
          0.975134,
          0.71174
        ],
        [
          0.036422,
          -0.974932,
          -0.219499,
          1.61067
        ],
        [
          0.0,
          0.0,
          0.0,
          1.0
        ]
      ]
    },
    {
      "file_path": "/media/NFS/ttao/scannet/posed_images/scene0641_00/00074.jpg",
      "transform_matrix": [
        [
          0.999007,
          0.021212,
          0.039195,
          4.213036
        ],
        [
          -0.032741,
          -0.247346,
          0.968374,
          0.720841
        ],
        [
          0.030235,
          -0.968695,
          -0.246406,
          1.602353
        ],
        [
          0.0,
          0.0,
          0.0,
          1.0
        ]
      ]
    },
    {
      "file_path": "/media/NFS/ttao/scannet/posed_images/scene0641_00/00078.jpg",
      "transform_matrix": [
        [
          0.998548,
          0.033835,
          0.041923,
          4.227316
        ],
        [
          -0.031648,
          -0.26135,
          0.964725,
          0.720373
        ],
        [
          0.043598,
          -0.964651,
          -0.2599,
          1.589618
        ],
        [
          0.0,
          0.0,
          0.0,
          1.0
        ]
      ]
    },
    {
      "file_path": "/media/NFS/ttao/scannet/posed_images/scene0641_00/00082.jpg",
      "transform_matrix": [
        [
          0.998378,
          0.039941,
          0.040581,
          4.24789
        ],
        [
          -0.027192,
          -0.291723,
          0.956117,
          0.72608
        ],
        [
          0.050026,
          -0.955669,
          -0.290163,
          1.579652
        ],
        [
          0.0,
          0.0,
          0.0,
          1.0
        ]
      ]
    },
    {
      "file_path": "/media/NFS/ttao/scannet/posed_images/scene0641_00/00088.jpg",
      "transform_matrix": [
        [
          0.998489,
          0.045232,
          0.031205,
          4.244159
        ],
        [
          -0.01505,
          -0.321055,
          0.946941,
          0.721447
        ],
        [
          0.05285,
          -0.94598,
          -0.319889,
          1.556081
        ],
        [
          0.0,
          0.0,
          0.0,
          1.0
        ]
      ]
    },
    {
      "file_path": "/media/NFS/ttao/scannet/posed_images/scene0641_00/00092.jpg",
      "transform_matrix": [
        [
          0.998655,
          0.049775,
          0.014536,
          4.22545
        ],
        [
          0.004746,
          -0.366894,
          0.930251,
          0.716172
        ],
        [
          0.051637,
          -0.92893,
          -0.366637,
          1.546196
        ],
        [
          0.0,
          0.0,
          0.0,
          1.0
        ]
      ]
    },
    {
      "file_path": "/media/NFS/ttao/scannet/posed_images/scene0641_00/00100.jpg",
      "transform_matrix": [
        [
          0.998719,
          0.04883,
          0.013283,
          4.257255
        ],
        [
          0.009303,
          -0.435169,
          0.900301,
          0.727648
        ],
        [
          0.049742,
          -0.899024,
          -0.435065,
          1.523717
        ],
        [
          0.0,
          0.0,
          0.0,
          1.0
        ]
      ]
    },
    {
      "file_path": "/media/NFS/ttao/scannet/posed_images/scene0641_00/00102.jpg",
      "transform_matrix": [
        [
          0.998822,
          0.036853,
          0.031578,
          4.26188
        ],
        [
          -0.011993,
          -0.443074,
          0.896405,
          0.733418
        ],
        [
          0.047027,
          -0.895727,
          -0.44211,
          1.518161
        ],
        [
          0.0,
          0.0,
          0.0,
          1.0
        ]
      ]
    },
    {
      "file_path": "/media/NFS/ttao/scannet/posed_images/scene0641_00/00109.jpg",
      "transform_matrix": [
        [
          0.996262,
          -0.004555,
          0.086264,
          4.285579
        ],
        [
          -0.079447,
          -0.440416,
          0.894272,
          0.743071
        ],
        [
          0.033918,
          -0.897782,
          -0.439131,
          1.517054
        ],
        [
          0.0,
          0.0,
          0.0,
          1.0
        ]
      ]
    },
    {
      "file_path": "/media/NFS/ttao/scannet/posed_images/scene0641_00/00113.jpg",
      "transform_matrix": [
        [
          0.992736,
          -0.031097,
          0.116229,
          4.314361
        ],
        [
          -0.118217,
          -0.431816,
          0.894181,
          0.747169
        ],
        [
          0.022383,
          -0.901425,
          -0.432355,
          1.523715
        ],
        [
          0.0,
          0.0,
          0.0,
          1.0
        ]
      ]
    },
    {
      "file_path": "/media/NFS/ttao/scannet/posed_images/scene0641_00/00116.jpg",
      "transform_matrix": [
        [
          0.98897,
          -0.047289,
          0.140362,
          4.338843
        ],
        [
          -0.147106,
          -0.423991,
          0.89364,
          0.751642
        ],
        [
          0.017253,
          -0.904431,
          -0.426271,
          1.524195
        ],
        [
          0.0,
          0.0,
          0.0,
          1.0
        ]
      ]
    },
    {
      "file_path": "/media/NFS/ttao/scannet/posed_images/scene0641_00/00123.jpg",
      "transform_matrix": [
        [
          0.983511,
          -0.058569,
          0.171102,
          4.38568
        ],
        [
          -0.180034,
          -0.406781,
          0.89561,
          0.765104
        ],
        [
          0.017146,
          -0.911646,
          -0.410618,
          1.52779
        ],
        [
          0.0,
          0.0,
          0.0,
          1.0
        ]
      ]
    },
    {
      "file_path": "/media/NFS/ttao/scannet/posed_images/scene0641_00/00127.jpg",
      "transform_matrix": [
        [
          0.982143,
          -0.075743,
          0.172214,
          4.426064
        ],
        [
          -0.188127,
          -0.404002,
          0.895205,
          0.771378
        ],
        [
          0.001769,
          -0.911617,
          -0.411037,
          1.517684
        ],
        [
          0.0,
          0.0,
          0.0,
          1.0
        ]
      ]
    },
    {
      "file_path": "/media/NFS/ttao/scannet/posed_images/scene0641_00/00130.jpg",
      "transform_matrix": [
        [
          0.98549,
          -0.070338,
          0.154474,
          4.48441
        ],
        [
          -0.169733,
          -0.404911,
          0.898464,
          0.777182
        ],
        [
          -0.000648,
          -0.911646,
          -0.410975,
          1.52529
        ],
        [
          0.0,
          0.0,
          0.0,
          1.0
        ]
      ]
    },
    {
      "file_path": "/media/NFS/ttao/scannet/posed_images/scene0641_00/00135.jpg",
      "transform_matrix": [
        [
          0.985463,
          -0.062955,
          0.157797,
          4.526993
        ],
        [
          -0.169782,
          -0.398301,
          0.901405,
          0.795666
        ],
        [
          0.006103,
          -0.915092,
          -0.403199,
          1.524935
        ],
        [
          0.0,
          0.0,
          0.0,
          1.0
        ]
      ]
    },
    {
      "file_path": "/media/NFS/ttao/scannet/posed_images/scene0641_00/00141.jpg",
      "transform_matrix": [
        [
          0.985752,
          -0.081188,
          0.147312,
          4.625164
        ],
        [
          -0.16764,
          -0.402577,
          0.899905,
          0.827856
        ],
        [
          -0.013757,
          -0.911779,
          -0.410452,
          1.521419
        ],
        [
          0.0,
          0.0,
          0.0,
          1.0
        ]
      ]
    },
    {
      "file_path": "/media/NFS/ttao/scannet/posed_images/scene0641_00/00144.jpg",
      "transform_matrix": [
        [
          0.986502,
          -0.084911,
          0.140013,
          4.655333
        ],
        [
          -0.16253,
          -0.403614,
          0.900378,
          0.85337
        ],
        [
          -0.019941,
          -0.910981,
          -0.411966,
          1.525967
        ],
        [
          0.0,
          0.0,
          0.0,
          1.0
        ]
      ]
    },
    {
      "file_path": "/media/NFS/ttao/scannet/posed_images/scene0641_00/00148.jpg",
      "transform_matrix": [
        [
          0.989798,
          -0.082922,
          0.115858,
          4.69291
        ],
        [
          -0.139508,
          -0.398964,
          0.906292,
          0.889435
        ],
        [
          -0.028928,
          -0.913209,
          -0.406462,
          1.527457
        ],
        [
          0.0,
          0.0,
          0.0,
          1.0
        ]
      ]
    },
    {
      "file_path": "/media/NFS/ttao/scannet/posed_images/scene0641_00/00155.jpg",
      "transform_matrix": [
        [
          0.996013,
          -0.032002,
          0.083274,
          4.772346
        ],
        [
          -0.089127,
          -0.397452,
          0.913284,
          0.972624
        ],
        [
          0.003871,
          -0.917065,
          -0.39872,
          1.52168
        ],
        [
          0.0,
          0.0,
          0.0,
          1.0
        ]
      ]
    },
    {
      "file_path": "/media/NFS/ttao/scannet/posed_images/scene0641_00/00160.jpg",
      "transform_matrix": [
        [
          0.99883,
          -0.008759,
          0.047554,
          4.84958
        ],
        [
          -0.047126,
          -0.396558,
          0.916799,
          1.041264
        ],
        [
          0.010828,
          -0.917968,
          -0.396507,
          1.534013
        ],
        [
          0.0,
          0.0,
          0.0,
          1.0
        ]
      ]
    },
    {
      "file_path": "/media/NFS/ttao/scannet/posed_images/scene0641_00/00164.jpg",
      "transform_matrix": [
        [
          0.999866,
          0.001122,
          0.016359,
          4.892438
        ],
        [
          -0.014466,
          -0.409384,
          0.912248,
          1.078461
        ],
        [
          0.007721,
          -0.912362,
          -0.409312,
          1.538502
        ],
        [
          0.0,
          0.0,
          0.0,
          1.0
        ]
      ]
    },
    {
      "file_path": "/media/NFS/ttao/scannet/posed_images/scene0641_00/00169.jpg",
      "transform_matrix": [
        [
          0.998923,
          0.023139,
          -0.040222,
          4.961787
        ],
        [
          0.046162,
          -0.407466,
          0.912053,
          1.120731
        ],
        [
          0.004715,
          -0.912927,
          -0.408095,
          1.537368
        ],
        [
          0.0,
          0.0,
          0.0,
          1.0
        ]
      ]
    },
    {
      "file_path": "/media/NFS/ttao/scannet/posed_images/scene0641_00/00171.jpg",
      "transform_matrix": [
        [
          0.996524,
          0.047998,
          -0.068084,
          5.008581
        ],
        [
          0.08183,
          -0.411093,
          0.907913,
          1.137004
        ],
        [
          0.01559,
          -0.910329,
          -0.413592,
          1.540337
        ],
        [
          0.0,
          0.0,
          0.0,
          1.0
        ]
      ]
    },
    {
      "file_path": "/media/NFS/ttao/scannet/posed_images/scene0641_00/00177.jpg",
      "transform_matrix": [
        [
          0.990034,
          0.085388,
          -0.111992,
          5.142405
        ],
        [
          0.137717,
          -0.420725,
          0.896674,
          1.179346
        ],
        [
          0.029447,
          -0.903161,
          -0.428291,
          1.548181
        ],
        [
          0.0,
          0.0,
          0.0,
          1.0
        ]
      ]
    },
    {
      "file_path": "/media/NFS/ttao/scannet/posed_images/scene0641_00/00181.jpg",
      "transform_matrix": [
        [
          0.982599,
          0.101462,
          -0.15558,
          5.224938
        ],
        [
          0.183463,
          -0.399378,
          0.898242,
          1.2254
        ],
        [
          0.029002,
          -0.911155,
          -0.411042,
          1.556843
        ],
        [
          0.0,
          0.0,
          0.0,
          1.0
        ]
      ]
    },
    {
      "file_path": "/media/NFS/ttao/scannet/posed_images/scene0641_00/00188.jpg",
      "transform_matrix": [
        [
          0.966557,
          0.117483,
          -0.22796,
          5.311485
        ],
        [
          0.256443,
          -0.434753,
          0.863266,
          1.297271
        ],
        [
          0.002313,
          -0.892854,
          -0.450341,
          1.544139
        ],
        [
          0.0,
          0.0,
          0.0,
          1.0
        ]
      ]
    },
    {
      "file_path": "/media/NFS/ttao/scannet/posed_images/scene0641_00/00192.jpg",
      "transform_matrix": [
        [
          0.960455,
          0.113775,
          -0.254129,
          5.361925
        ],
        [
          0.278277,
          -0.422983,
          0.86235,
          1.373424
        ],
        [
          -0.009379,
          -0.898966,
          -0.437917,
          1.548784
        ],
        [
          0.0,
          0.0,
          0.0,
          1.0
        ]
      ]
    },
    {
      "file_path": "/media/NFS/ttao/scannet/posed_images/scene0641_00/00198.jpg",
      "transform_matrix": [
        [
          0.960155,
          0.142947,
          -0.240143,
          5.439109
        ],
        [
          0.278685,
          -0.425446,
          0.861006,
          1.47923
        ],
        [
          0.020911,
          -0.893623,
          -0.448331,
          1.533288
        ],
        [
          0.0,
          0.0,
          0.0,
          1.0
        ]
      ]
    },
    {
      "file_path": "/media/NFS/ttao/scannet/posed_images/scene0641_00/00201.jpg",
      "transform_matrix": [
        [
          0.960956,
          0.147779,
          -0.233932,
          5.478606
        ],
        [
          0.27539,
          -0.428635,
          0.860484,
          1.528645
        ],
        [
          0.02689,
          -0.89131,
          -0.452596,
          1.534597
        ],
        [
          0.0,
          0.0,
          0.0,
          1.0
        ]
      ]
    },
    {
      "file_path": "/media/NFS/ttao/scannet/posed_images/scene0641_00/00205.jpg",
      "transform_matrix": [
        [
          0.943929,
          0.152999,
          -0.292557,
          5.542792
        ],
        [
          0.330077,
          -0.418777,
          0.845976,
          1.572466
        ],
        [
          0.006918,
          -0.895107,
          -0.445797,
          1.538047
        ],
        [
          0.0,
          0.0,
          0.0,
          1.0
        ]
      ]
    },
    {
      "file_path": "/media/NFS/ttao/scannet/posed_images/scene0641_00/00208.jpg",
      "transform_matrix": [
        [
          0.925828,
          0.173399,
          -0.33582,
          5.597172
        ],
        [
          0.377833,
          -0.403089,
          0.833524,
          1.600027
        ],
        [
          0.009167,
          -0.898583,
          -0.438707,
          1.53463
        ],
        [
          0.0,
          0.0,
          0.0,
          1.0
        ]
      ]
    },
    {
      "file_path": "/media/NFS/ttao/scannet/posed_images/scene0641_00/00216.jpg",
      "transform_matrix": [
        [
          0.876887,
          0.255886,
          -0.40693,
          5.765323
        ],
        [
          0.477607,
          -0.367958,
          0.797809,
          1.672634
        ],
        [
          0.054415,
          -0.89394,
          -0.44487,
          1.538775
        ],
        [
          0.0,
          0.0,
          0.0,
          1.0
        ]
      ]
    },
    {
      "file_path": "/media/NFS/ttao/scannet/posed_images/scene0641_00/00220.jpg",
      "transform_matrix": [
        [
          0.856728,
          0.260267,
          -0.445284,
          5.829428
        ],
        [
          0.512136,
          -0.326999,
          0.794222,
          1.70599
        ],
        [
          0.061102,
          -0.908478,
          -0.413442,
          1.549226
        ],
        [
          0.0,
          0.0,
          0.0,
          1.0
        ]
      ]
    },
    {
      "file_path": "/media/NFS/ttao/scannet/posed_images/scene0641_00/00226.jpg",
      "transform_matrix": [
        [
          0.821785,
          0.269375,
          -0.502102,
          5.897022
        ],
        [
          0.567187,
          -0.302473,
          0.766034,
          1.771478
        ],
        [
          0.054479,
          -0.914301,
          -0.401354,
          1.554734
        ],
        [
          0.0,
          0.0,
          0.0,
          1.0
        ]
      ]
    },
    {
      "file_path": "/media/NFS/ttao/scannet/posed_images/scene0641_00/00227.jpg",
      "transform_matrix": [
        [
          0.815657,
          0.271185,
          -0.511041,
          5.909593
        ],
        [
          0.576156,
          -0.300714,
          0.76001,
          1.789081
        ],
        [
          0.052426,
          -0.914347,
          -0.401524,
          1.553895
        ],
        [
          0.0,
          0.0,
          0.0,
          1.0
        ]
      ]
    },
    {
      "file_path": "/media/NFS/ttao/scannet/posed_images/scene0641_00/00231.jpg",
      "transform_matrix": [
        [
          0.814121,
          0.255364,
          -0.521532,
          5.948421
        ],
        [
          0.578798,
          -0.284304,
          0.764306,
          1.875069
        ],
        [
          0.046903,
          -0.9241,
          -0.379262,
          1.550356
        ],
        [
          0.0,
          0.0,
          0.0,
          1.0
        ]
      ]
    },
    {
      "file_path": "/media/NFS/ttao/scannet/posed_images/scene0641_00/00236.jpg",
      "transform_matrix": [
        [
          0.82769,
          0.247108,
          -0.503852,
          5.998722
        ],
        [
          0.56009,
          -0.307667,
          0.769182,
          1.985135
        ],
        [
          0.035052,
          -0.918846,
          -0.393056,
          1.551883
        ],
        [
          0.0,
          0.0,
          0.0,
          1.0
        ]
      ]
    },
    {
      "file_path": "/media/NFS/ttao/scannet/posed_images/scene0641_00/00244.jpg",
      "transform_matrix": [
        [
          0.835235,
          0.237594,
          -0.495914,
          6.101503
        ],
        [
          0.548767,
          -0.302477,
          0.779335,
          2.112123
        ],
        [
          0.035162,
          -0.923069,
          -0.383024,
          1.560841
        ],
        [
          0.0,
          0.0,
          0.0,
          1.0
        ]
      ]
    },
    {
      "file_path": "/media/NFS/ttao/scannet/posed_images/scene0641_00/00245.jpg",
      "transform_matrix": [
        [
          0.833098,
          0.233932,
          -0.501221,
          6.123649
        ],
        [
          0.55237,
          -0.30454,
          0.775978,
          2.130602
        ],
        [
          0.028885,
          -0.923326,
          -0.382929,
          1.55837
        ],
        [
          0.0,
          0.0,
          0.0,
          1.0
        ]
      ]
    },
    {
      "file_path": "/media/NFS/ttao/scannet/posed_images/scene0641_00/00250.jpg",
      "transform_matrix": [
        [
          0.821258,
          0.253107,
          -0.511343,
          6.221284
        ],
        [
          0.569146,
          -0.300437,
          0.765383,
          2.202364
        ],
        [
          0.040097,
          -0.919606,
          -0.390791,
          1.545564
        ],
        [
          0.0,
          0.0,
          0.0,
          1.0
        ]
      ]
    },
    {
      "file_path": "/media/NFS/ttao/scannet/posed_images/scene0641_00/00256.jpg",
      "transform_matrix": [
        [
          0.808863,
          0.308563,
          -0.500529,
          6.350346
        ],
        [
          0.585965,
          -0.35228,
          0.729756,
          2.29117
        ],
        [
          0.048849,
          -0.883565,
          -0.465753,
          1.543721
        ],
        [
          0.0,
          0.0,
          0.0,
          1.0
        ]
      ]
    },
    {
      "file_path": "/media/NFS/ttao/scannet/posed_images/scene0641_00/00262.jpg",
      "transform_matrix": [
        [
          0.823779,
          0.319601,
          -0.468234,
          6.459787
        ],
        [
          0.564893,
          -0.393139,
          0.725491,
          2.408076
        ],
        [
          0.047787,
          -0.862147,
          -0.5044,
          1.546573
        ],
        [
          0.0,
          0.0,
          0.0,
          1.0
        ]
      ]
    },
    {
      "file_path": "/media/NFS/ttao/scannet/posed_images/scene0641_00/00265.jpg",
      "transform_matrix": [
        [
          0.820733,
          0.325352,
          -0.469621,
          6.50277
        ],
        [
          0.569741,
          -0.405184,
          0.714998,
          2.457699
        ],
        [
          0.042344,
          -0.854384,
          -0.517914,
          1.534048
        ],
        [
          0.0,
          0.0,
          0.0,
          1.0
        ]
      ]
    },
    {
      "file_path": "/media/NFS/ttao/scannet/posed_images/scene0641_00/00272.jpg",
      "transform_matrix": [
        [
          0.832231,
          0.321125,
          -0.451963,
          6.591846
        ],
        [
          0.550684,
          -0.384174,
          0.741052,
          2.607307
        ],
        [
          0.064338,
          -0.865615,
          -0.496559,
          1.511036
        ],
        [
          0.0,
          0.0,
          0.0,
          1.0
        ]
      ]
    },
    {
      "file_path": "/media/NFS/ttao/scannet/posed_images/scene0641_00/00276.jpg",
      "transform_matrix": [
        [
          0.832408,
          0.343835,
          -0.434597,
          6.642569
        ],
        [
          0.54749,
          -0.388917,
          0.740944,
          2.691773
        ],
        [
          0.085741,
          -0.854705,
          -0.511984,
          1.513632
        ],
        [
          0.0,
          0.0,
          0.0,
          1.0
        ]
      ]
    },
    {
      "file_path": "/media/NFS/ttao/scannet/posed_images/scene0641_00/00279.jpg",
      "transform_matrix": [
        [
          0.833239,
          0.336464,
          -0.438753,
          6.693302
        ],
        [
          0.548029,
          -0.397339,
          0.736061,
          2.742778
        ],
        [
          0.073324,
          -0.853765,
          -0.51547,
          1.505968
        ],
        [
          0.0,
          0.0,
          0.0,
          1.0
        ]
      ]
    },
    {
      "file_path": "/media/NFS/ttao/scannet/posed_images/scene0641_00/00283.jpg",
      "transform_matrix": [
        [
          0.813291,
          0.363788,
          -0.454111,
          6.744868
        ],
        [
          0.577107,
          -0.4048,
          0.709285,
          2.813633
        ],
        [
          0.074205,
          -0.838925,
          -0.539165,
          1.520319
        ],
        [
          0.0,
          0.0,
          0.0,
          1.0
        ]
      ]
    },
    {
      "file_path": "/media/NFS/ttao/scannet/posed_images/scene0641_00/00287.jpg",
      "transform_matrix": [
        [
          0.778051,
          0.384215,
          -0.497007,
          6.827234
        ],
        [
          0.623799,
          -0.379025,
          0.683531,
          2.867166
        ],
        [
          0.074244,
          -0.841855,
          -0.534573,
          1.509731
        ],
        [
          0.0,
          0.0,
          0.0,
          1.0
        ]
      ]
    },
    {
      "file_path": "/media/NFS/ttao/scannet/posed_images/scene0641_00/00291.jpg",
      "transform_matrix": [
        [
          0.726137,
          0.432861,
          -0.534187,
          6.938545
        ],
        [
          0.682182,
          -0.356687,
          0.638281,
          2.936613
        ],
        [
          0.085749,
          -0.827892,
          -0.554294,
          1.498827
        ],
        [
          0.0,
          0.0,
          0.0,
          1.0
        ]
      ]
    },
    {
      "file_path": "/media/NFS/ttao/scannet/posed_images/scene0641_00/00300.jpg",
      "transform_matrix": [
        [
          0.64315,
          0.480911,
          -0.595888,
          7.046447
        ],
        [
          0.763608,
          -0.344766,
          0.545929,
          3.053726
        ],
        [
          0.057101,
          -0.80614,
          -0.588964,
          1.510197
        ],
        [
          0.0,
          0.0,
          0.0,
          1.0
        ]
      ]
    },
    {
      "file_path": "/media/NFS/ttao/scannet/posed_images/scene0641_00/00301.jpg",
      "transform_matrix": [
        [
          0.630922,
          0.486801,
          -0.604121,
          7.055277
        ],
        [
          0.773543,
          -0.334739,
          0.538127,
          3.068403
        ],
        [
          0.059737,
          -0.80683,
          -0.587756,
          1.507641
        ],
        [
          0.0,
          0.0,
          0.0,
          1.0
        ]
      ]
    },
    {
      "file_path": "/media/NFS/ttao/scannet/posed_images/scene0641_00/00309.jpg",
      "transform_matrix": [
        [
          0.597283,
          0.538167,
          -0.594667,
          7.099286
        ],
        [
          0.794442,
          -0.295234,
          0.530752,
          3.191927
        ],
        [
          0.110067,
          -0.789438,
          -0.603881,
          1.490055
        ],
        [
          0.0,
          0.0,
          0.0,
          1.0
        ]
      ]
    },
    {
      "file_path": "/media/NFS/ttao/scannet/posed_images/scene0641_00/00311.jpg",
      "transform_matrix": [
        [
          0.587358,
          0.539629,
          -0.603168,
          7.111381
        ],
        [
          0.803005,
          -0.2956,
          0.517497,
          3.204864
        ],
        [
          0.10096,
          -0.788303,
          -0.606948,
          1.489523
        ],
        [
          0.0,
          0.0,
          0.0,
          1.0
        ]
      ]
    },
    {
      "file_path": "/media/NFS/ttao/scannet/posed_images/scene0641_00/00316.jpg",
      "transform_matrix": [
        [
          0.532426,
          0.552838,
          -0.641009,
          7.154761
        ],
        [
          0.842405,
          -0.271875,
          0.465228,
          3.266412
        ],
        [
          0.082921,
          -0.787689,
          -0.610467,
          1.493755
        ],
        [
          0.0,
          0.0,
          0.0,
          1.0
        ]
      ]
    },
    {
      "file_path": "/media/NFS/ttao/scannet/posed_images/scene0641_00/00321.jpg",
      "transform_matrix": [
        [
          0.458303,
          0.568513,
          -0.683192,
          7.221372
        ],
        [
          0.882991,
          -0.203524,
          0.422972,
          3.330815
        ],
        [
          0.101418,
          -0.797102,
          -0.595267,
          1.490605
        ],
        [
          0.0,
          0.0,
          0.0,
          1.0
        ]
      ]
    },
    {
      "file_path": "/media/NFS/ttao/scannet/posed_images/scene0641_00/00328.jpg",
      "transform_matrix": [
        [
          0.419104,
          0.580981,
          -0.69772,
          7.290258
        ],
        [
          0.901668,
          -0.176172,
          0.394915,
          3.42526
        ],
        [
          0.106519,
          -0.794622,
          -0.597686,
          1.507573
        ],
        [
          0.0,
          0.0,
          0.0,
          1.0
        ]
      ]
    },
    {
      "file_path": "/media/NFS/ttao/scannet/posed_images/scene0641_00/00332.jpg",
      "transform_matrix": [
        [
          0.4058,
          0.561101,
          -0.721451,
          7.314301
        ],
        [
          0.909607,
          -0.170971,
          0.378662,
          3.465153
        ],
        [
          0.08912,
          -0.809898,
          -0.579762,
          1.518579
        ],
        [
          0.0,
          0.0,
          0.0,
          1.0
        ]
      ]
    },
    {
      "file_path": "/media/NFS/ttao/scannet/posed_images/scene0641_00/00333.jpg",
      "transform_matrix": [
        [
          0.405283,
          0.557677,
          -0.724391,
          7.317272
        ],
        [
          0.910131,
          -0.171534,
          0.377144,
          3.471483
        ],
        [
          0.086066,
          -0.812141,
          -0.577079,
          1.519482
        ],
        [
          0.0,
          0.0,
          0.0,
          1.0
        ]
      ]
    },
    {
      "file_path": "/media/NFS/ttao/scannet/posed_images/scene0641_00/00340.jpg",
      "transform_matrix": [
        [
          0.42143,
          0.511458,
          -0.748871,
          7.311793
        ],
        [
          0.905096,
          -0.185719,
          0.382505,
          3.490707
        ],
        [
          0.056555,
          -0.838999,
          -0.541186,
          1.542715
        ],
        [
          0.0,
          0.0,
          0.0,
          1.0
        ]
      ]
    },
    {
      "file_path": "/media/NFS/ttao/scannet/posed_images/scene0641_00/00346.jpg",
      "transform_matrix": [
        [
          0.454842,
          0.444455,
          -0.771737,
          7.293269
        ],
        [
          0.889427,
          -0.182781,
          0.418939,
          3.482469
        ],
        [
          0.04514,
          -0.876955,
          -0.478447,
          1.56002
        ],
        [
          0.0,
          0.0,
          0.0,
          1.0
        ]
      ]
    },
    {
      "file_path": "/media/NFS/ttao/scannet/posed_images/scene0641_00/00351.jpg",
      "transform_matrix": [
        [
          0.471052,
          0.402799,
          -0.784769,
          7.268011
        ],
        [
          0.880975,
          -0.169799,
          0.441646,
          3.453911
        ],
        [
          0.044642,
          -0.8994,
          -0.43484,
          1.581384
        ],
        [
          0.0,
          0.0,
          0.0,
          1.0
        ]
      ]
    },
    {
      "file_path": "/media/NFS/ttao/scannet/posed_images/scene0641_00/00355.jpg",
      "transform_matrix": [
        [
          0.467157,
          0.380448,
          -0.798138,
          7.244223
        ],
        [
          0.88351,
          -0.165882,
          0.438055,
          3.424794
        ],
        [
          0.034261,
          -0.909803,
          -0.413623,
          1.586507
        ],
        [
          0.0,
          0.0,
          0.0,
          1.0
        ]
      ]
    },
    {
      "file_path": "/media/NFS/ttao/scannet/posed_images/scene0641_00/00357.jpg",
      "transform_matrix": [
        [
          0.465725,
          0.379762,
          -0.799301,
          7.237246
        ],
        [
          0.884304,
          -0.165761,
          0.436497,
          3.405398
        ],
        [
          0.033272,
          -0.910112,
          -0.413024,
          1.582742
        ],
        [
          0.0,
          0.0,
          0.0,
          1.0
