{
  "frames": [
    {
      "file_path": "/media/NFS/ttao/scannet/posed_images/scene0320_02/00000.jpg",
      "transform_matrix": [
        [
          -0.079285,
          -0.406751,
          0.910092,
          1.898802
        ],
        [
          -0.996757,
          0.019778,
          -0.077996,
          9.227667
        ],
        [
          0.013725,
          -0.913325,
          -0.407,
          1.294552
        ],
        [
          0.0,
          0.0,
          0.0,
          1.0
        ]
      ]
    },
    {
      "file_path": "/media/NFS/ttao/scannet/posed_images/scene0320_02/00013.jpg",
      "transform_matrix": [
        [
          -0.060826,
          -0.385209,
          0.920823,
          1.891586
        ],
        [
          -0.998141,
          0.026973,
          -0.05465,
          9.229864
        ],
        [
          -0.003786,
          -0.922435,
          -0.386134,
          1.333944
        ],
        [
          0.0,
          0.0,
          0.0,
          1.0
        ]
      ]
    },
    {
      "file_path": "/media/NFS/ttao/scannet/posed_images/scene0320_02/00021.jpg",
      "transform_matrix": [
        [
          -0.080581,
          -0.362554,
          0.928472,
          1.880571
        ],
        [
          -0.99654,
          0.010276,
          -0.082476,
          9.221207
        ],
        [
          0.020361,
          -0.931906,
          -0.362128,
          1.338936
        ],
        [
          0.0,
          0.0,
          0.0,
          1.0
        ]
      ]
    },
    {
      "file_path": "/media/NFS/ttao/scannet/posed_images/scene0320_02/00029.jpg",
      "transform_matrix": [
        [
          -0.070267,
          -0.430086,
          0.900049,
          1.87147
        ],
        [
          -0.997399,
          0.044813,
          -0.056454,
          9.192979
        ],
        [
          -0.016053,
          -0.901675,
          -0.432116,
          1.31782
        ],
        [
          0.0,
          0.0,
          0.0,
          1.0
        ]
      ]
    },
    {
      "file_path": "/media/NFS/ttao/scannet/posed_images/scene0320_02/00039.jpg",
      "transform_matrix": [
        [
          -0.111878,
          -0.438888,
          0.891549,
          1.860439
        ],
        [
          -0.993133,
          0.08027,
          -0.08511,
          9.145491
        ],
        [
          -0.034211,
          -0.894949,
          -0.444855,
          1.288319
        ],
        [
          0.0,
          0.0,
          0.0,
          1.0
        ]
      ]
    },
    {
      "file_path": "/media/NFS/ttao/scannet/posed_images/scene0320_02/00042.jpg",
      "transform_matrix": [
        [
          -0.12207,
          -0.444823,
          0.887261,
          1.846036
        ],
        [
          -0.991956,
          0.084842,
          -0.09394,
          9.14487
        ],
        [
          -0.03349,
          -0.891591,
          -0.451602,
          1.279023
        ],
        [
          0.0,
          0.0,
          0.0,
          1.0
        ]
      ]
    },
    {
      "file_path": "/media/NFS/ttao/scannet/posed_images/scene0320_02/00058.jpg",
      "transform_matrix": [
        [
          -0.217395,
          -0.523779,
          0.823647,
          1.781831
        ],
        [
          -0.976076,
          0.120065,
          -0.181275,
          9.19539
        ],
        [
          -0.003943,
          -0.84335,
          -0.53735,
          1.233708
        ],
        [
          0.0,
          0.0,
          0.0,
          1.0
        ]
      ]
    },
    {
      "file_path": "/media/NFS/ttao/scannet/posed_images/scene0320_02/00061.jpg",
      "transform_matrix": [
        [
          -0.235837,
          -0.532556,
          0.812874,
          1.782176
        ],
        [
          -0.971766,
          0.135438,
          -0.193203,
          9.200505
        ],
        [
          -0.007203,
          -0.835488,
          -0.549462,
          1.239106
        ],
        [
          0.0,
          0.0,
          0.0,
          1.0
        ]
      ]
    },
    {
      "file_path": "/media/NFS/ttao/scannet/posed_images/scene0320_02/00074.jpg",
      "transform_matrix": [
        [
          -0.322626,
          -0.5642,
          0.759993,
          1.78424
        ],
        [
          -0.946373,
          0.206718,
          -0.248284,
          9.190158
        ],
        [
          -0.017022,
          -0.799341,
          -0.600637,
          1.223174
        ],
        [
          0.0,
          0.0,
          0.0,
          1.0
        ]
      ]
    },
    {
      "file_path": "/media/NFS/ttao/scannet/posed_images/scene0320_02/00079.jpg",
      "transform_matrix": [
        [
          -0.351047,
          -0.553407,
          0.755318,
          1.793789
        ],
        [
          -0.935734,
          0.236774,
          -0.261419,
          9.159986
        ],
        [
          -0.034169,
          -0.798547,
          -0.600961,
          1.229993
        ],
        [
          0.0,
          0.0,
          0.0,
          1.0
        ]
      ]
    },
    {
      "file_path": "/media/NFS/ttao/scannet/posed_images/scene0320_02/00087.jpg",
      "transform_matrix": [
        [
          -0.375869,
          -0.532088,
          0.758686,
          1.826762
        ],
        [
          -0.926439,
          0.234145,
          -0.294765,
          9.083242
        ],
        [
          -0.020801,
          -0.81367,
          -0.580955,
          1.244533
        ],
        [
          0.0,
          0.0,
          0.0,
          1.0
        ]
      ]
    },
    {
      "file_path": "/media/NFS/ttao/scannet/posed_images/scene0320_02/00100.jpg",
      "transform_matrix": [
        [
          -0.336329,
          -0.484813,
          0.807365,
          1.904999
        ],
        [
          -0.941744,
          0.173132,
          -0.288345,
          8.916445
        ],
        [
          1.2e-05,
          -0.857311,
          -0.514799,
          1.280699
        ],
        [
          0.0,
          0.0,
          0.0,
          1.0
        ]
      ]
    },
    {
      "file_path": "/media/NFS/ttao/scannet/posed_images/scene0320_02/00103.jpg",
      "transform_matrix": [
        [
          -0.293319,
          -0.481776,
          0.825746,
          1.91813
        ],
        [
          -0.956,
          0.152631,
          -0.250536,
          8.889721
        ],
        [
          -0.005332,
          -0.8629,
          -0.505347,
          1.293777
        ],
        [
          0.0,
          0.0,
          0.0,
          1.0
        ]
      ]
    },
    {
      "file_path": "/media/NFS/ttao/scannet/posed_images/scene0320_02/00113.jpg",
      "transform_matrix": [
        [
          -0.142819,
          -0.442377,
          0.885384,
          1.959168
        ],
        [
          -0.988944,
          0.099842,
          -0.109639,
          8.817266
        ],
        [
          -0.039897,
          -0.891254,
          -0.451745,
          1.342144
        ],
        [
          0.0,
          0.0,
          0.0,
          1.0
        ]
      ]
    },
    {
      "file_path": "/media/NFS/ttao/scannet/posed_images/scene0320_02/00124.jpg",
      "transform_matrix": [
        [
          -0.005051,
          -0.335671,
          0.941966,
          1.993128
        ],
        [
          -0.999546,
          -0.026279,
          -0.014724,
          8.68479
        ],
        [
          0.029696,
          -0.941612,
          -0.335386,
          1.370969
        ],
        [
          0.0,
          0.0,
          0.0,
          1.0
        ]
      ]
    },
    {
      "file_path": "/media/NFS/ttao/scannet/posed_images/scene0320_02/00134.jpg",
      "transform_matrix": [
        [
          0.0688,
          -0.289652,
          0.954656,
          1.997607
        ],
        [
          -0.997539,
          -0.007022,
          0.06976,
          8.533419
        ],
        [
          -0.013502,
          -0.957106,
          -0.289423,
          1.364573
        ],
        [
          0.0,
          0.0,
          0.0,
          1.0
        ]
      ]
    },
    {
      "file_path": "/media/NFS/ttao/scannet/posed_images/scene0320_02/00140.jpg",
      "transform_matrix": [
        [
          0.112577,
          -0.30962,
          0.944172,
          1.992938
        ],
        [
          -0.993189,
          -0.006351,
          0.116339,
          8.429618
        ],
        [
          -0.030024,
          -0.950839,
          -0.308227,
          1.358483
        ],
        [
          0.0,
          0.0,
          0.0,
          1.0
        ]
      ]
    },
    {
      "file_path": "/media/NFS/ttao/scannet/posed_images/scene0320_02/00150.jpg",
      "transform_matrix": [
        [
          0.163558,
          -0.371875,
          0.91376,
          1.969311
        ],
        [
          -0.984935,
          -0.008844,
          0.172698,
          8.23121
        ],
        [
          -0.05614,
          -0.928241,
          -0.367719,
          1.341914
        ],
        [
          0.0,
          0.0,
          0.0,
          1.0
        ]
      ]
    },
    {
      "file_path": "/media/NFS/ttao/scannet/posed_images/scene0320_02/00163.jpg",
      "transform_matrix": [
        [
          0.267763,
          -0.481362,
          0.834622,
          1.948338
        ],
        [
          -0.961814,
          -0.082556,
          0.260955,
          8.136123
        ],
        [
          -0.056711,
          -0.872625,
          -0.485087,
          1.298251
        ],
        [
          0.0,
          0.0,
          0.0,
          1.0
        ]
      ]
    },
    {
      "file_path": "/media/NFS/ttao/scannet/posed_images/scene0320_02/00166.jpg",
      "transform_matrix": [
        [
          0.272559,
          -0.50509,
          0.818899,
          1.944768
        ],
        [
          -0.960542,
          -0.093834,
          0.261828,
          8.125719
        ],
        [
          -0.055406,
          -0.857951,
          -0.510735,
          1.284275
        ],
        [
          0.0,
          0.0,
          0.0,
          1.0
        ]
      ]
    },
    {
      "file_path": "/media/NFS/ttao/scannet/posed_images/scene0320_02/00179.jpg",
      "transform_matrix": [
        [
          0.246199,
          -0.604555,
          0.757561,
          1.954552
        ],
        [
          -0.968079,
          -0.115487,
          0.222453,
          8.096108
        ],
        [
          -0.046997,
          -0.788147,
          -0.61369,
          1.253271
        ],
        [
          0.0,
          0.0,
          0.0,
          1.0
        ]
      ]
    },
    {
      "file_path": "/media/NFS/ttao/scannet/posed_images/scene0320_02/00184.jpg",
      "transform_matrix": [
        [
          0.252186,
          -0.597906,
          0.760861,
          1.957398
        ],
        [
          -0.966727,
          -0.120804,
          0.225489,
          8.08128
        ],
        [
          -0.042907,
          -0.79241,
          -0.608477,
          1.256011
        ],
        [
          0.0,
          0.0,
          0.0,
          1.0
        ]
      ]
    },
    {
      "file_path": "/media/NFS/ttao/scannet/posed_images/scene0320_02/00192.jpg",
      "transform_matrix": [
        [
          0.271917,
          -0.578938,
          0.768695,
          1.96471
        ],
        [
          -0.961039,
          -0.122165,
          0.247949,
          8.060308
        ],
        [
          -0.04964,
          -0.806168,
          -0.589601,
          1.26881
        ],
        [
          0.0,
          0.0,
          0.0,
          1.0
        ]
      ]
    },
    {
      "file_path": "/media/NFS/ttao/scannet/posed_images/scene0320_02/00200.jpg",
      "transform_matrix": [
        [
          0.252012,
          -0.557106,
          0.791279,
          1.997385
        ],
        [
          -0.96647,
          -0.103279,
          0.235094,
          8.030664
        ],
        [
          -0.04925,
          -0.823994,
          -0.564453,
          1.271864
        ],
        [
          0.0,
          0.0,
          0.0,
          1.0
        ]
      ]
    },
    {
      "file_path": "/media/NFS/ttao/scannet/posed_images/scene0320_02/00208.jpg",
      "transform_matrix": [
        [
          0.232561,
          -0.524181,
          0.819237,
          2.049658
        ],
        [
          -0.97215,
          -0.100199,
          0.211858,
          8.008303
        ],
        [
          -0.028965,
          -0.845692,
          -0.532885,
          1.270802
        ],
        [
          0.0,
          0.0,
          0.0,
          1.0
        ]
      ]
    },
    {
      "file_path": "/media/NFS/ttao/scannet/posed_images/scene0320_02/00224.jpg",
      "transform_matrix": [
        [
          0.190148,
          -0.445943,
          0.874631,
          2.217661
        ],
        [
          -0.981286,
          -0.113863,
          0.15528,
          7.937397
        ],
        [
          0.030342,
          -0.88779,
          -0.459248,
          1.325531
        ],
        [
          0.0,
          0.0,
          0.0,
          1.0
        ]
      ]
    },
    {
      "file_path": "/media/NFS/ttao/scannet/posed_images/scene0320_02/00232.jpg",
      "transform_matrix": [
        [
          0.183678,
          -0.428086,
          0.884876,
          2.278947
        ],
        [
          -0.982396,
          -0.111126,
          0.15016,
          7.882103
        ],
        [
          0.034052,
          -0.89688,
          -0.440962,
          1.322835
        ],
        [
          0.0,
          0.0,
          0.0,
          1.0
        ]
      ]
    },
    {
      "file_path": "/media/NFS/ttao/scannet/posed_images/scene0320_02/00234.jpg",
      "transform_matrix": [
        [
          0.198459,
          -0.421157,
          0.885009,
          2.293685
        ],
        [
          -0.979339,
          -0.121001,
          0.16203,
          7.858038
        ],
        [
          0.038847,
          -0.89888,
          -0.436469,
          1.323908
        ],
        [
          0.0,
          0.0,
          0.0,
          1.0
        ]
      ]
    },
    {
      "file_path": "/media/NFS/ttao/scannet/posed_images/scene0320_02/00248.jpg",
      "transform_matrix": [
        [
          0.255339,
          -0.39989,
          0.880278,
          2.385602
        ],
        [
          -0.962724,
          -0.18919,
          0.193309,
          7.675799
        ],
        [
          0.089237,
          -0.896825,
          -0.433292,
          1.34375
        ],
        [
          0.0,
          0.0,
          0.0,
          1.0
        ]
      ]
    },
    {
      "file_path": "/media/NFS/ttao/scannet/posed_images/scene0320_02/00255.jpg",
      "transform_matrix": [
        [
          0.285052,
          -0.372835,
          0.883029,
          2.441804
        ],
        [
          -0.957072,
          -0.161198,
          0.240892,
          7.630089
        ],
        [
          0.052529,
          -0.913788,
          -0.402779,
          1.364159
        ],
        [
          0.0,
          0.0,
          0.0,
          1.0
        ]
      ]
    },
    {
      "file_path": "/media/NFS/ttao/scannet/posed_images/scene0320_02/00269.jpg",
      "transform_matrix": [
        [
          0.269844,
          -0.295851,
          0.916328,
          2.556996
        ],
        [
          -0.961484,
          -0.134455,
          0.23973,
          7.546615
        ],
        [
          0.05228,
          -0.945724,
          -0.320737,
          1.420632
        ],
        [
          0.0,
          0.0,
          0.0,
          1.0
        ]
      ]
    },
    {
      "file_path": "/media/NFS/ttao/scannet/posed_images/scene0320_02/00276.jpg",
      "transform_matrix": [
        [
          0.270769,
          -0.320096,
          0.907867,
          2.591222
        ],
        [
          -0.962629,
          -0.095342,
          0.253486,
          7.466125
        ],
        [
          0.005418,
          -0.942575,
          -0.33395,
          1.418167
        ],
        [
          0.0,
          0.0,
          0.0,
          1.0
        ]
      ]
    },
    {
      "file_path": "/media/NFS/ttao/scannet/posed_images/scene0320_02/00279.jpg",
      "transform_matrix": [
        [
          0.271454,
          -0.333644,
          0.90277,
          2.603508
        ],
        [
          -0.96243,
          -0.087918,
          0.256901,
          7.417606
        ],
        [
          -0.006343,
          -0.938591,
          -0.344975,
          1.415106
        ],
        [
          0.0,
          0.0,
          0.0,
          1.0
        ]
      ]
    },
    {
      "file_path": "/media/NFS/ttao/scannet/posed_images/scene0320_02/00295.jpg",
      "transform_matrix": [
        [
          0.481387,
          -0.36819,
          0.795426,
          2.58196
        ],
        [
          -0.875994,
          -0.233173,
          0.422214,
          7.123171
        ],
        [
          0.030016,
          -0.900037,
          -0.434779,
          1.382155
        ],
        [
          0.0,
          0.0,
          0.0,
          1.0
        ]
      ]
    },
    {
      "file_path": "/media/NFS/ttao/scannet/posed_images/scene0320_02/00300.jpg",
      "transform_matrix": [
        [
          0.540463,
          -0.365815,
          0.75768,
          2.570678
        ],
        [
          -0.841229,
          -0.251254,
          0.478753,
          7.084946
        ],
        [
          0.015235,
          -0.896131,
          -0.443528,
          1.369257
        ],
        [
          0.0,
          0.0,
          0.0,
          1.0
        ]
      ]
    },
    {
      "file_path": "/media/NFS/ttao/scannet/posed_images/scene0320_02/00305.jpg",
      "transform_matrix": [
        [
          0.575253,
          -0.338202,
          0.744784,
          2.57293
        ],
        [
          -0.816697,
          -0.288368,
          0.49985,
          7.069092
        ],
        [
          0.045722,
          -0.895803,
          -0.442093,
          1.34557
        ],
        [
          0.0,
          0.0,
          0.0,
          1.0
        ]
      ]
    },
    {
      "file_path": "/media/NFS/ttao/scannet/posed_images/scene0320_02/00313.jpg",
      "transform_matrix": [
        [
          0.536224,
          -0.401889,
          0.74226,
          2.598465
        ],
        [
          -0.840693,
          -0.33294,
          0.427067,
          7.070585
        ],
        [
          0.075494,
          -0.853016,
          -0.516395,
          1.31416
        ],
        [
          0.0,
          0.0,
          0.0,
          1.0
        ]
      ]
    },
    {
      "file_path": "/media/NFS/ttao/scannet/posed_images/scene0320_02/00326.jpg",
      "transform_matrix": [
        [
          0.394064,
          -0.486038,
          0.780052,
          2.617253
        ],
        [
          -0.915038,
          -0.287013,
          0.283422,
          7.076801
        ],
        [
          0.086131,
          -0.825464,
          -0.557845,
          1.306026
        ],
        [
          0.0,
          0.0,
          0.0,
          1.0
        ]
      ]
    },
    {
      "file_path": "/media/NFS/ttao/scannet/posed_images/scene0320_02/00334.jpg",
      "transform_matrix": [
        [
          0.355255,
          -0.477466,
          0.803629,
          2.624083
        ],
        [
          -0.930038,
          -0.266924,
          0.252547,
          7.062662
        ],
        [
          0.093925,
          -0.837125,
          -0.538888,
          1.326458
        ],
        [
          0.0,
          0.0,
          0.0,
          1.0
        ]
      ]
    },
    {
      "file_path": "/media/NFS/ttao/scannet/posed_images/scene0320_02/00340.jpg",
      "transform_matrix": [
        [
          0.395589,
          -0.447749,
          0.801892,
          2.623031
        ],
        [
          -0.915393,
          -0.263141,
          0.304652,
          7.019417
        ],
        [
          0.074603,
          -0.854563,
          -0.513962,
          1.338896
        ],
        [
          0.0,
          0.0,
          0.0,
          1.0
        ]
      ]
    },
    {
      "file_path": "/media/NFS/ttao/scannet/posed_images/scene0320_02/00350.jpg",
      "transform_matrix": [
        [
          0.588469,
          -0.348251,
          0.729675,
          2.606528
        ],
        [
          -0.800557,
          -0.377318,
          0.465552,
          6.904648
        ],
        [
          0.113191,
          -0.858109,
          -0.500835,
          1.307472
        ],
        [
          0.0,
          0.0,
          0.0,
          1.0
        ]
      ]
    },
    {
      "file_path": "/media/NFS/ttao/scannet/posed_images/scene0320_02/00363.jpg",
      "transform_matrix": [
        [
          0.803596,
          -0.273417,
          0.528656,
          2.646753
        ],
        [
          -0.591148,
          -0.469827,
          0.655596,
          6.799352
        ],
        [
          0.069125,
          -0.839348,
          -0.539181,
          1.318931
        ],
        [
          0.0,
          0.0,
          0.0,
          1.0
        ]
      ]
    },
    {
      "file_path": "/media/NFS/ttao/scannet/posed_images/scene0320_02/00371.jpg",
      "transform_matrix": [
        [
          0.891689,
          -0.169471,
          0.419726,
          2.72158
        ],
        [
          -0.443155,
          -0.515757,
          0.733218,
          6.782326
        ],
        [
          0.092218,
          -0.839806,
          -0.534997,
          1.307435
        ],
        [
          0.0,
          0.0,
          0.0,
          1.0
        ]
      ]
    },
    {
      "file_path": "/media/NFS/ttao/scannet/posed_images/scene0320_02/00379.jpg",
      "transform_matrix": [
        [
          0.949839,
          -0.09005,
          0.299495,
          2.818542
        ],
        [
          -0.299051,
          -0.541749,
          0.785542,
          6.775043
        ],
        [
          0.091513,
          -0.835703,
          -0.541504,
          1.315779
        ],
        [
          0.0,
          0.0,
          0.0,
          1.0
        ]
      ]
    },
    {
      "file_path": "/media/NFS/ttao/scannet/posed_images/scene0320_02/00390.jpg",
      "transform_matrix": [
        [
          0.986287,
          -0.050818,
          0.157018,
          2.953012
        ],
        [
          -0.15944,
          -0.539071,
          0.827031,
          6.750438
        ],
        [
          0.042616,
          -0.840726,
          -0.539782,
          1.336722
        ],
        [
          0.0,
          0.0,
          0.0,
          1.0
        ]
      ]
    },
    {
      "file_path": "/media/NFS/ttao/scannet/posed_images/scene0320_02/00400.jpg",
      "transform_matrix": [
        [
          0.999533,
          0.02716,
          -0.014004,
          3.094817
        ],
        [
          0.025232,
          -0.475058,
          0.879593,
          6.713931
        ],
        [
          0.017237,
          -0.879535,
          -0.475522,
          1.370575
        ],
        [
          0.0,
          0.0,
          0.0,
          1.0
        ]
      ]
    },
    {
      "file_path": "/media/NFS/ttao/scannet/posed_images/scene0320_02/00408.jpg",
      "transform_matrix": [
        [
          0.984984,
          0.062694,
          -0.160863,
          3.159328
        ],
        [
          0.171555,
          -0.460121,
          0.871124,
          6.750947
        ],
        [
          -0.019402,
          -0.88564,
          -0.463967,
          1.360114
        ],
        [
          0.0,
          0.0,
          0.0,
          1.0
        ]
      ]
    },
    {
      "file_path": "/media/NFS/ttao/scannet/posed_images/scene0320_02/00411.jpg",
      "transform_matrix": [
        [
          0.982059,
          0.077499,
          -0.171912,
          3.157075
        ],
        [
          0.188163,
          -0.462798,
          0.866264,
          6.784268
        ],
        [
          -0.012426,
          -0.883069,
          -0.469078,
          1.358698
        ],
        [
          0.0,
          0.0,
          0.0,
          1.0
        ]
      ]
    },
    {
      "file_path": "/media/NFS/ttao/scannet/posed_images/scene0320_02/00427.jpg",
      "transform_matrix": [
        [
          0.947026,
          0.150489,
          -0.283715,
          3.212982
        ],
        [
          0.321005,
          -0.416448,
          0.850604,
          6.965965
        ],
        [
          0.009855,
          -0.896618,
          -0.442695,
          1.351144
        ],
        [
          0.0,
          0.0,
          0.0,
          1.0
        ]
      ]
    },
    {
      "file_path": "/media/NFS/ttao/scannet/posed_images/scene0320_02/00429.jpg",
      "transform_matrix": [
        [
          0.937983,
          0.162533,
          -0.306219,
          3.225703
        ],
        [
          0.346533,
          -0.413844,
          0.841812,
          6.983587
        ],
        [
          0.010095,
          -0.895721,
          -0.444502,
          1.34534
        ],
        [
          0.0,
          0.0,
          0.0,
          1.0
        ]
      ]
    },
    {
      "file_path": "/media/NFS/ttao/scannet/posed_images/scene0320_02/00437.jpg",
      "transform_matrix": [
        [
          0.882617,
          0.238063,
          -0.405356,
          3.297392
        ],
        [
          0.469455,
          -0.401458,
          0.786411,
          7.065689
        ],
        [
          0.024482,
          -0.884396,
          -0.466094,
          1.348023
        ],
        [
          0.0,
          0.0,
          0.0,
          1.0
        ]
      ]
    },
    {
      "file_path": "/media/NFS/ttao/scannet/posed_images/scene0320_02/00453.jpg",
      "transform_matrix": [
        [
          0.749239,
          0.318455,
          -0.580713,
          3.366056
        ],
        [
          0.662262,
          -0.369625,
          0.651756,
          7.19636
        ],
        [
          -0.007091,
          -0.872905,
          -0.487838,
          1.331167
        ],
        [
          0.0,
          0.0,
          0.0,
          1.0
        ]
      ]
    },
    {
      "file_path": "/media/NFS/ttao/scannet/posed_images/scene0320_02/00456.jpg",
      "transform_matrix": [
        [
          0.736172,
          0.341886,
          -0.584093,
          3.350112
        ],
        [
          0.676789,
          -0.375394,
          0.633274,
          7.222506
        ],
        [
          -0.002758,
          -0.861506,
          -0.507739,
          1.320229
        ],
        [
          0.0,
          0.0,
          0.0,
          1.0
        ]
      ]
    },
    {
      "file_path": "/media/NFS/ttao/scannet/posed_images/scene0320_02/00466.jpg",
      "transform_matrix": [
        [
          0.671606,
          0.415384,
          -0.613516,
          3.297452
        ],
        [
          0.740902,
          -0.379972,
          0.553792,
          7.281734
        ],
        [
          -0.003083,
          -0.826485,
          -0.56295,
          1.282048
        ],
        [
          0.0,
          0.0,
          0.0,
          1.0
        ]
      ]
    },
    {
      "file_path": "/media/NFS/ttao/scannet/posed_images/scene0320_02/00474.jpg",
      "transform_matrix": [
        [
          0.584723,
          0.441063,
          -0.680854,
          3.285109
        ],
        [
          0.808917,
          -0.380371,
          0.448298,
          7.337343
        ],
        [
          -0.06125,
          -0.812885,
          -0.579195,
          1.285543
        ],
        [
          0.0,
          0.0,
          0.0,
          1.0
        ]
      ]
    },
    {
      "file_path": "/media/NFS/ttao/scannet/posed_images/scene0320_02/00484.jpg",
      "transform_matrix": [
        [
          0.356475,
          0.509111,
          -0.78341,
          3.288627
        ],
        [
          0.931045,
          -0.26355,
          0.252381,
          7.405246
        ],
        [
          -0.077978,
          -0.819358,
          -0.567955,
          1.29505
        ],
        [
          0.0,
          0.0,
          0.0,
          1.0
        ]
      ]
    },
    {
      "file_path": "/media/NFS/ttao/scannet/posed_images/scene0320_02/00492.jpg",
      "transform_matrix": [
        [
          0.200942,
          0.550291,
          -0.810433,
          3.287326
        ],
        [
          0.975374,
          -0.189185,
          0.11338,
          7.487076
        ],
        [
          -0.09093,
          -0.813258,
          -0.574755,
          1.295897
        ],
        [
          0.0,
          0.0,
          0.0,
          1.0
        ]
      ]
    },
    {
      "file_path": "/media/NFS/ttao/scannet/posed_images/scene0320_02/00500.jpg",
      "transform_matrix": [
        [
          0.063775,
          0.518549,
          -0.852666,
          3.253409
        ],
        [
          0.993384,
          -0.114749,
          0.004516,
          7.555531
        ],
        [
          -0.095501,
          -0.847313,
          -0.522437,
          1.304319
        ],
        [
          0.0,
          0.0,
          0.0,
          1.0
        ]
      ]
    },
    {
      "file_path": "/media/NFS/ttao/scannet/posed_images/scene0320_02/00513.jpg",
      "transform_matrix": [
        [
          -0.036651,
          0.367629,
          -0.92925,
          3.154094
        ],
        [
          0.996362,
          -0.058152,
          -0.062304,
          7.640142
        ],
        [
          -0.076942,
          -0.928152,
          -0.36416,
          1.361473
        ],
        [
          0.0,
          0.0,
          0.0,
          1.0
        ]
      ]
    },
    {
      "file_path": "/media/NFS/ttao/scannet/posed_images/scene0320_02/00516.jpg",
      "transform_matrix": [
        [
          -0.057074,
          0.347499,
          -0.935942,
          3.14198
        ],
        [
          0.995262,
          -0.05411,
          -0.080782,
          7.66199
        ],
        [
          -0.078715,
          -0.936118,
          -0.342764,
          1.37531
        ],
        [
          0.0,
          0.0,
          0.0,
          1.0
        ]
      ]
    },
    {
      "file_path": "/media/NFS/ttao/scannet/posed_images/scene0320_02/00532.jpg",
      "transform_matrix": [
        [
          -0.251732,
          0.133806,
          -0.958502,
          3.200704
        ],
        [
          0.966426,
          -0.01794,
          -0.256318,
          7.760852
        ],
        [
          -0.051492,
          -0.990845,
          -0.124798,
          1.474032
        ],
        [
          0.0,
          0.0,
          0.0,
          1.0
        ]
      ]
    },
    {
      "file_path": "/media/NFS/ttao/scannet/posed_images/scene0320_02/00540.jpg",
      "transform_matrix": [
        [
          -0.21708,
          0.046485,
          -0.975047,
          3.230167
        ],
        [
          0.975593,
          -0.023539,
          -0.218323,
          7.791593
        ],
        [
          -0.0331,
          -0.998642,
          -0.040241,
          1.499357
        ],
        [
          0.0,
          0.0,
          0.0,
          1.0
        ]
      ]
    },
    {
      "file_path": "/media/NFS/ttao/scannet/posed_images/scene0320_02/00542.jpg",
      "transform_matrix": [
        [
          -0.221908,
          0.028939,
          -0.974638,
          3.236463
        ],
        [
          0.974355,
          -0.03163,
          -0.222783,
          7.799428
        ],
        [
          -0.037275,
          -0.999081,
          -0.021178,
          1.509878
        ],
        [
          0.0,
          0.0,
          0.0,
          1.0
        ]
      ]
    },
    {
      "file_path": "/media/NFS/ttao/scannet/posed_images/scene0320_02/00558.jpg",
      "transform_matrix": [
        [
          -0.171622,
          -0.092068,
          -0.980851,
          3.270953
        ],
        [
          0.983957,
          -0.065253,
          -0.166041,
          7.802778
        ],
        [
          -0.048716,
          -0.993612,
          0.10179,
          1.580274
        ],
        [
          0.0,
          0.0,
          0.0,
          1.0
        ]
      ]
    },
    {
      "file_path": "/media/NFS/ttao/scannet/posed_images/scene0320_02/00561.jpg",
      "transform_matrix": [
        [
          -0.176592,
          -0.10339,
          -0.978839,
          3.27813
        ],
        [
          0.982728,
          -0.074409,
          -0.169434,
          7.798084
        ],
        [
          -0.055317,
          -0.991854,
          0.114744,
          1.590361
        ],
        [
          0.0,
          0.0,
          0.0,
          1.0
        ]
      ]
    },
    {
      "file_path": "/media/NFS/ttao/scannet/posed_images/scene0320_02/00571.jpg",
      "transform_matrix": [
        [
          -0.195782,
          -0.163212,
          -0.96697,
          3.323918
        ],
        [
          0.979532,
          -0.079563,
          -0.184896,
          7.778758
        ],
        [
          -0.046758,
          -0.983377,
          0.175449,
          1.639532
        ],
        [
          0.0,
          0.0,
          0.0,
          1.0
        ]
      ]
    },
    {
      "file_path": "/media/NFS/ttao/scannet/posed_images/scene0320_02/00585.jpg",
      "transform_matrix": [
        [
          -0.101043,
          -0.040063,
          -0.994075,
          3.345952
        ],
        [
          0.993839,
          -0.049811,
          -0.099011,
          7.703209
        ],
        [
          -0.045549,
          -0.997955,
          0.044849,
          1.539938
        ],
        [
          0.0,
          0.0,
          0.0,
          1.0
        ]
      ]
    },
    {
      "file_path": "/media/NFS/ttao/scannet/posed_images/scene0320_02/00587.jpg",
      "transform_matrix": [
        [
          -0.096446,
          0.000569,
          -0.995338,
          3.347033
        ],
        [
          0.994477,
          -0.041538,
          -0.096387,
          7.688047
        ],
        [
          -0.041399,
          -0.999137,
          0.00344,
          1.511379
        ],
        [
          0.0,
          0.0,
          0.0,
          1.0
        ]
      ]
    },
    {
      "file_path": "/media/NFS/ttao/scannet/posed_images/scene0320_02/00600.jpg",
      "transform_matrix": [
        [
          -0.146768,
          0.237775,
          -0.960168,
          3.382193
        ],
        [
          0.988564,
          0.00126,
          -0.150796,
          7.630155
        ],
        [
          -0.034645,
          -0.971319,
          -0.235241,
          1.371467
        ],
        [
          0.0,
          0.0,
          0.0,
          1.0
        ]
      ]
    },
    {
      "file_path": "/media/NFS/ttao/scannet/posed_images/scene0320_02/00603.jpg",
      "transform_matrix": [
        [
          -0.144397,
          0.275512,
          -0.950391,
          3.389303
        ],
        [
          0.98901,
          0.009361,
          -0.147551,
          7.620004
        ],
        [
          -0.031756,
          -0.961252,
          -0.273836,
          1.349912
        ],
        [
          0.0,
          0.0,
          0.0,
          1.0
        ]
      ]
    },
    {
      "file_path": "/media/NFS/ttao/scannet/posed_images/scene0320_02/00613.jpg",
      "transform_matrix": [
        [
          -0.174142,
          0.4288,
          -0.886457,
          3.402969
        ],
        [
          0.982578,
          0.016317,
          -0.185131,
          7.610663
        ],
        [
          -0.06492,
          -0.903252,
          -0.424171,
          1.263826
        ],
        [
          0.0,
          0.0,
          0.0,
          1.0
        ]
      ]
    },
    {
      "file_path": "/media/NFS/ttao/scannet/posed_images/scene0320_02/00624.jpg",
      "transform_matrix": [
        [
          -0.333994,
          0.52762,
          -0.781067,
          3.423526
        ],
        [
          0.939513,
          0.119605,
          -0.320953,
          7.57142
        ],
        [
          -0.075922,
          -0.841018,
          -0.535653,
          1.236229
        ],
        [
          0.0,
          0.0,
          0.0,
          1.0
        ]
      ]
    },
    {
      "file_path": "/media/NFS/ttao/scannet/posed_images/scene0320_02/00632.jpg",
      "transform_matrix": [
        [
          -0.479976,
          0.434328,
          -0.762222,
          3.443475
        ],
        [
          0.874305,
          0.165316,
          -0.456356,
          7.564639
        ],
        [
          -0.0722,
          -0.885454,
          -0.459083,
          1.272362
        ],
        [
          0.0,
          0.0,
          0.0,
          1.0
        ]
      ]
    },
    {
      "file_path": "/media/NFS/ttao/scannet/posed_images/scene0320_02/00645.jpg",
      "transform_matrix": [
        [
          -0.615257,
          0.291291,
          -0.732535,
          3.447733
        ],
        [
          0.787873,
          0.195721,
          -0.583908,
          7.564902
        ],
        [
          -0.026715,
          -0.936399,
          -0.349919,
          1.326175
        ],
        [
          0.0,
          0.0,
          0.0,
          1.0
        ]
      ]
    },
    {
      "file_path": "/media/NFS/ttao/scannet/posed_images/scene0320_02/00653.jpg",
      "transform_matrix": [
        [
          -0.589209,
          0.187889,
          -0.785831,
          3.461925
        ],
        [
          0.807966,
          0.142687,
          -0.571691,
          7.558869
        ],
        [
          0.004714,
          -0.971771,
          -0.235881,
          1.345317
        ],
        [
          0.0,
          0.0,
          0.0,
          1.0
        ]
      ]
    },
    {
      "file_path": "/media/NFS/ttao/scannet/posed_images/scene0320_02/00658.jpg",
      "transform_matrix": [
        [
          -0.581152,
          0.132384,
          -0.802955,
          3.47298
        ],
        [
          0.813653,
          0.112975,
          -0.570268,
          7.545007
        ],
        [
          0.01522,
          -0.984739,
          -0.173371,
          1.359754
        ],
        [
          0.0,
          0.0,
          0.0,
          1.0
        ]
      ]
    },
    {
      "file_path": "/media/NFS/ttao/scannet/posed_images/scene0320_02/00671.jpg",
      "transform_matrix": [
        [
          -0.573495,
          0.056114,
          -0.817284,
          3.477316
        ],
        [
          0.819055,
          0.058554,
          -0.570718,
          7.488146
        ],
        [
          0.01583,
          -0.996706,
          -0.079542,
          1.408663
        ],
        [
          0.0,
          0.0,
          0.0,
          1.0
        ]
      ]
    },
    {
      "file_path": "/media/NFS/ttao/scannet/posed_images/scene0320_02/00674.jpg",
      "transform_matrix": [
        [
          -0.571821,
          0.031885,
          -0.819758,
          3.476996
        ],
        [
          0.820306,
          0.035546,
          -0.570819,
          7.480393
        ],
        [
          0.010939,
          -0.998859,
