{
  "frames": [
    {
      "file_path": "/media/NFS/ttao/scannet/posed_images/scene0469_02/00001.jpg",
      "transform_matrix": [
        [
          0.760101,
          -0.329541,
          0.560044,
          3.553711
        ],
        [
          -0.649679,
          -0.368377,
          0.664994,
          0.792191
        ],
        [
          -0.012835,
          -0.869311,
          -0.494099,
          1.45087
        ],
        [
          0.0,
          0.0,
          0.0,
          1.0
        ]
      ]
    },
    {
      "file_path": "/media/NFS/ttao/scannet/posed_images/scene0469_02/00002.jpg",
      "transform_matrix": [
        [
          0.755636,
          -0.346742,
          0.555684,
          3.552284
        ],
        [
          -0.654533,
          -0.367989,
          0.660432,
          0.788537
        ],
        [
          -0.024514,
          -0.862759,
          -0.50502,
          1.454581
        ],
        [
          0.0,
          0.0,
          0.0,
          1.0
        ]
      ]
    },
    {
      "file_path": "/media/NFS/ttao/scannet/posed_images/scene0469_02/00005.jpg",
      "transform_matrix": [
        [
          0.752352,
          -0.345465,
          0.56091,
          3.549338
        ],
        [
          -0.658243,
          -0.360476,
          0.660888,
          0.781224
        ],
        [
          -0.026119,
          -0.866436,
          -0.498605,
          1.456783
        ],
        [
          0.0,
          0.0,
          0.0,
          1.0
        ]
      ]
    },
    {
      "file_path": "/media/NFS/ttao/scannet/posed_images/scene0469_02/00006.jpg",
      "transform_matrix": [
        [
          0.75304,
          -0.344234,
          0.560744,
          3.546533
        ],
        [
          -0.657497,
          -0.361192,
          0.661241,
          0.777686
        ],
        [
          -0.025085,
          -0.866628,
          -0.498324,
          1.456399
        ],
        [
          0.0,
          0.0,
          0.0,
          1.0
        ]
      ]
    },
    {
      "file_path": "/media/NFS/ttao/scannet/posed_images/scene0469_02/00009.jpg",
      "transform_matrix": [
        [
          0.758946,
          -0.342628,
          0.553722,
          3.544662
        ],
        [
          -0.650488,
          -0.360478,
          0.668522,
          0.772794
        ],
        [
          -0.02945,
          -0.867561,
          -0.496458,
          1.462307
        ],
        [
          0.0,
          0.0,
          0.0,
          1.0
        ]
      ]
    },
    {
      "file_path": "/media/NFS/ttao/scannet/posed_images/scene0469_02/00011.jpg",
      "transform_matrix": [
        [
          0.760322,
          -0.337224,
          0.55515,
          3.537714
        ],
        [
          -0.648868,
          -0.355236,
          0.672888,
          0.76505
        ],
        [
          -0.029705,
          -0.87183,
          -0.488907,
          1.45191
        ],
        [
          0.0,
          0.0,
          0.0,
          1.0
        ]
      ]
    },
    {
      "file_path": "/media/NFS/ttao/scannet/posed_images/scene0469_02/00012.jpg",
      "transform_matrix": [
        [
          0.76063,
          -0.335648,
          0.555682,
          3.535699
        ],
        [
          -0.648541,
          -0.354736,
          0.673466,
          0.762264
        ],
        [
          -0.028927,
          -0.872641,
          -0.487505,
          1.45019
        ],
        [
          0.0,
          0.0,
          0.0,
          1.0
        ]
      ]
    },
    {
      "file_path": "/media/NFS/ttao/scannet/posed_images/scene0469_02/00014.jpg",
      "transform_matrix": [
        [
          0.761916,
          -0.334824,
          0.554416,
          3.534562
        ],
        [
          -0.647009,
          -0.354629,
          0.674994,
          0.76115
        ],
        [
          -0.029392,
          -0.873001,
          -0.486832,
          1.448084
        ],
        [
          0.0,
          0.0,
          0.0,
          1.0
        ]
      ]
    },
    {
      "file_path": "/media/NFS/ttao/scannet/posed_images/scene0469_02/00016.jpg",
      "transform_matrix": [
        [
          0.764302,
          -0.33496,
          0.55104,
          3.533834
        ],
        [
          -0.644261,
          -0.359832,
          0.67487,
          0.760662
        ],
        [
          -0.027773,
          -0.870817,
          -0.490822,
          1.448174
        ],
        [
          0.0,
          0.0,
          0.0,
          1.0
        ]
      ]
    },
    {
      "file_path": "/media/NFS/ttao/scannet/posed_images/scene0469_02/00019.jpg",
      "transform_matrix": [
        [
          0.761076,
          -0.333054,
          0.556631,
          3.535033
        ],
        [
          -0.648272,
          -0.360735,
          0.670533,
          0.761145
        ],
        [
          -0.022528,
          -0.871175,
          -0.490456,
          1.445442
        ],
        [
          0.0,
          0.0,
          0.0,
          1.0
        ]
      ]
    },
    {
      "file_path": "/media/NFS/ttao/scannet/posed_images/scene0469_02/00021.jpg",
      "transform_matrix": [
        [
          0.759637,
          -0.336939,
          0.556259,
          3.540014
        ],
        [
          -0.649905,
          -0.361743,
          0.668405,
          0.762199
        ],
        [
          -0.023989,
          -0.869261,
          -0.493772,
          1.451313
        ],
        [
          0.0,
          0.0,
          0.0,
          1.0
        ]
      ]
    },
    {
      "file_path": "/media/NFS/ttao/scannet/posed_images/scene0469_02/00022.jpg",
      "transform_matrix": [
        [
          0.75967,
          -0.336722,
          0.556345,
          3.540006
        ],
        [
          -0.649851,
          -0.360967,
          0.668877,
          0.758906
        ],
        [
          -0.024403,
          -0.869667,
          -0.493035,
          1.44922
        ],
        [
          0.0,
          0.0,
          0.0,
          1.0
        ]
      ]
    },
    {
      "file_path": "/media/NFS/ttao/scannet/posed_images/scene0469_02/00025.jpg",
      "transform_matrix": [
        [
          0.757132,
          -0.339665,
          0.558014,
          3.543261
        ],
        [
          -0.652858,
          -0.363365,
          0.664637,
          0.76195
        ],
        [
          -0.022991,
          -0.867522,
          -0.496868,
          1.450712
        ],
        [
          0.0,
          0.0,
          0.0,
          1.0
        ]
      ]
    },
    {
      "file_path": "/media/NFS/ttao/scannet/posed_images/scene0469_02/00026.jpg",
      "transform_matrix": [
        [
          0.756688,
          -0.341663,
          0.557396,
          3.544392
        ],
        [
          -0.653312,
          -0.363024,
          0.664377,
          0.761195
        ],
        [
          -0.024645,
          -0.866879,
          -0.497908,
          1.450674
        ],
        [
          0.0,
          0.0,
          0.0,
          1.0
        ]
      ]
    },
    {
      "file_path": "/media/NFS/ttao/scannet/posed_images/scene0469_02/00028.jpg",
      "transform_matrix": [
        [
          0.756596,
          -0.343625,
          0.556313,
          3.545553
        ],
        [
          -0.653315,
          -0.36181,
          0.665037,
          0.762456
        ],
        [
          -0.027244,
          -0.866612,
          -0.498239,
          1.452449
        ],
        [
          0.0,
          0.0,
          0.0,
          1.0
        ]
      ]
    },
    {
      "file_path": "/media/NFS/ttao/scannet/posed_images/scene0469_02/00030.jpg",
      "transform_matrix": [
        [
          0.756698,
          -0.340517,
          0.558082,
          3.543586
        ],
        [
          -0.65322,
          -0.358981,
          0.666661,
          0.763286
        ],
        [
          -0.026669,
          -0.869011,
          -0.494073,
          1.454118
        ],
        [
          0.0,
          0.0,
          0.0,
          1.0
        ]
      ]
    },
    {
      "file_path": "/media/NFS/ttao/scannet/posed_images/scene0469_02/00033.jpg",
      "transform_matrix": [
        [
          0.760409,
          -0.324898,
          0.562335,
          3.542652
        ],
        [
          -0.649018,
          -0.348784,
          0.67611,
          0.76064
        ],
        [
          -0.023533,
          -0.879085,
          -0.476083,
          1.458568
        ],
        [
          0.0,
          0.0,
          0.0,
          1.0
        ]
      ]
    },
    {
      "file_path": "/media/NFS/ttao/scannet/posed_images/scene0469_02/00034.jpg",
      "transform_matrix": [
        [
          0.762071,
          -0.320369,
          0.562682,
          3.545067
        ],
        [
          -0.647106,
          -0.346795,
          0.67896,
          0.767066
        ],
        [
          -0.022382,
          -0.881531,
          -0.471596,
          1.463773
        ],
        [
          0.0,
          0.0,
          0.0,
          1.0
        ]
      ]
    },
    {
      "file_path": "/media/NFS/ttao/scannet/posed_images/scene0469_02/00037.jpg",
      "transform_matrix": [
        [
          0.769301,
          -0.303946,
          0.561955,
          3.540337
        ],
        [
          -0.638538,
          -0.336723,
          0.692017,
          0.76694
        ],
        [
          -0.021112,
          -0.891198,
          -0.453122,
          1.466769
        ],
        [
          0.0,
          0.0,
          0.0,
          1.0
        ]
      ]
    },
    {
      "file_path": "/media/NFS/ttao/scannet/posed_images/scene0469_02/00038.jpg",
      "transform_matrix": [
        [
          0.772716,
          -0.299102,
          0.559864,
          3.540721
        ],
        [
          -0.634483,
          -0.338268,
          0.694987,
          0.771604
        ],
        [
          -0.018488,
          -0.892251,
          -0.45116,
          1.468272
        ],
        [
          0.0,
          0.0,
          0.0,
          1.0
        ]
      ]
    },
    {
      "file_path": "/media/NFS/ttao/scannet/posed_images/scene0469_02/00041.jpg",
      "transform_matrix": [
        [
          0.783396,
          -0.287325,
          0.551122,
          3.531577
        ],
        [
          -0.621329,
          -0.339886,
          0.705994,
          0.775932
        ],
        [
          -0.01553,
          -0.895501,
          -0.444789,
          1.463367
        ],
        [
          0.0,
          0.0,
          0.0,
          1.0
        ]
      ]
    },
    {
      "file_path": "/media/NFS/ttao/scannet/posed_images/scene0469_02/00042.jpg",
      "transform_matrix": [
        [
          0.78866,
          -0.286446,
          0.544026,
          3.533564
        ],
        [
          -0.614629,
          -0.344705,
          0.709514,
          0.779336
        ],
        [
          -0.015709,
          -0.893939,
          -0.447913,
          1.465046
        ],
        [
          0.0,
          0.0,
          0.0,
          1.0
        ]
      ]
    },
    {
      "file_path": "/media/NFS/ttao/scannet/posed_images/scene0469_02/00044.jpg",
      "transform_matrix": [
        [
          0.798691,
          -0.281791,
          0.531683,
          3.529933
        ],
        [
          -0.601544,
          -0.351299,
          0.717449,
          0.785888
        ],
        [
          -0.015391,
          -0.892851,
          -0.450089,
          1.460035
        ],
        [
          0.0,
          0.0,
          0.0,
          1.0
        ]
      ]
    },
    {
      "file_path": "/media/NFS/ttao/scannet/posed_images/scene0469_02/00046.jpg",
      "transform_matrix": [
        [
          0.808246,
          -0.275135,
          0.520614,
          3.527711
        ],
        [
          -0.58873,
          -0.360052,
          0.723713,
          0.79518
        ],
        [
          -0.011671,
          -0.891439,
          -0.452991,
          1.452447
        ],
        [
          0.0,
          0.0,
          0.0,
          1.0
        ]
      ]
    },
    {
      "file_path": "/media/NFS/ttao/scannet/posed_images/scene0469_02/00049.jpg",
      "transform_matrix": [
        [
          0.820324,
          -0.271183,
          0.503517,
          3.529867
        ],
        [
          -0.571872,
          -0.380212,
          0.726912,
          0.817711
        ],
        [
          -0.005683,
          -0.88425,
          -0.466979,
          1.445401
        ],
        [
          0.0,
          0.0,
          0.0,
          1.0
        ]
      ]
    },
    {
      "file_path": "/media/NFS/ttao/scannet/posed_images/scene0469_02/00051.jpg",
      "transform_matrix": [
        [
          0.825309,
          -0.263705,
          0.499324,
          3.527664
        ],
        [
          -0.564678,
          -0.388249,
          0.728286,
          0.836047
        ],
        [
          0.001809,
          -0.883019,
          -0.469334,
          1.442512
        ],
        [
          0.0,
          0.0,
          0.0,
          1.0
        ]
      ]
    },
    {
      "file_path": "/media/NFS/ttao/scannet/posed_images/scene0469_02/00053.jpg",
      "transform_matrix": [
        [
          0.828864,
          -0.256804,
          0.497028,
          3.532893
        ],
        [
          -0.55941,
          -0.391231,
          0.730753,
          0.857063
        ],
        [
          0.006793,
          -0.883737,
          -0.467936,
          1.438279
        ],
        [
          0.0,
          0.0,
          0.0,
          1.0
        ]
      ]
    },
    {
      "file_path": "/media/NFS/ttao/scannet/posed_images/scene0469_02/00054.jpg",
      "transform_matrix": [
        [
          0.829609,
          -0.255348,
          0.496535,
          3.533338
        ],
        [
          -0.558279,
          -0.393029,
          0.730652,
          0.865351
        ],
        [
          0.008582,
          -0.88336,
          -0.468616,
          1.43532
        ],
        [
          0.0,
          0.0,
          0.0,
          1.0
        ]
      ]
    },
    {
      "file_path": "/media/NFS/ttao/scannet/posed_images/scene0469_02/00057.jpg",
      "transform_matrix": [
        [
          0.830294,
          -0.248414,
          0.498901,
          3.546856
        ],
        [
          -0.557215,
          -0.38785,
          0.734223,
          0.903427
        ],
        [
          0.011107,
          -0.887616,
          -0.46045,
          1.437238
        ],
        [
          0.0,
          0.0,
          0.0,
          1.0
        ]
      ]
    },
    {
      "file_path": "/media/NFS/ttao/scannet/posed_images/scene0469_02/00058.jpg",
      "transform_matrix": [
        [
          0.831873,
          -0.245486,
          0.497718,
          3.549939
        ],
        [
          -0.554816,
          -0.388726,
          0.735576,
          0.913897
        ],
        [
          0.012903,
          -0.888047,
          -0.45957,
          1.436244
        ],
        [
          0.0,
          0.0,
          0.0,
          1.0
        ]
      ]
    },
    {
      "file_path": "/media/NFS/ttao/scannet/posed_images/scene0469_02/00060.jpg",
      "transform_matrix": [
        [
          0.835757,
          -0.241974,
          0.492908,
          3.557606
        ],
        [
          -0.548875,
          -0.393817,
          0.737323,
          0.947983
        ],
        [
          0.015702,
          -0.886768,
          -0.461949,
          1.449231
        ],
        [
          0.0,
          0.0,
          0.0,
          1.0
        ]
      ]
    },
    {
      "file_path": "/media/NFS/ttao/scannet/posed_images/scene0469_02/00062.jpg",
      "transform_matrix": [
        [
          0.841868,
          -0.230676,
          0.487901,
          3.560364
        ],
        [
          -0.539314,
          -0.393066,
          0.744742,
          0.9779
        ],
        [
          0.019984,
          -0.890105,
          -0.455316,
          1.453998
        ],
        [
          0.0,
          0.0,
          0.0,
          1.0
        ]
      ]
    },
    {
      "file_path": "/media/NFS/ttao/scannet/posed_images/scene0469_02/00064.jpg",
      "transform_matrix": [
        [
          0.849667,
          -0.224466,
          0.47716,
          3.562236
        ],
        [
          -0.52703,
          -0.391515,
          0.754292,
          1.004518
        ],
        [
          0.017503,
          -0.892374,
          -0.450957,
          1.455459
        ],
        [
          0.0,
          0.0,
          0.0,
          1.0
        ]
      ]
    },
    {
      "file_path": "/media/NFS/ttao/scannet/posed_images/scene0469_02/00066.jpg",
      "transform_matrix": [
        [
          0.856051,
          -0.215058,
          0.470029,
          3.557767
        ],
        [
          -0.516533,
          -0.389841,
          0.762377,
          1.031701
        ],
        [
          0.019282,
          -0.895418,
          -0.444808,
          1.446754
        ],
        [
          0.0,
          0.0,
          0.0,
          1.0
        ]
      ]
    },
    {
      "file_path": "/media/NFS/ttao/scannet/posed_images/scene0469_02/00068.jpg",
      "transform_matrix": [
        [
          0.864253,
          -0.212568,
          0.455941,
          3.556035
        ],
        [
          -0.502658,
          -0.40104,
          0.765834,
          1.063926
        ],
        [
          0.020059,
          -0.891056,
          -0.453449,
          1.447763
        ],
        [
          0.0,
          0.0,
          0.0,
          1.0
        ]
      ]
    },
    {
      "file_path": "/media/NFS/ttao/scannet/posed_images/scene0469_02/00071.jpg",
      "transform_matrix": [
        [
          0.881006,
          -0.201952,
          0.427837,
          3.554861
        ],
        [
          -0.472671,
          -0.414512,
          0.777665,
          1.10717
        ],
        [
          0.020292,
          -0.887353,
          -0.460644,
          1.458487
        ],
        [
          0.0,
          0.0,
          0.0,
          1.0
        ]
      ]
    },
    {
      "file_path": "/media/NFS/ttao/scannet/posed_images/scene0469_02/00073.jpg",
      "transform_matrix": [
        [
          0.891855,
          -0.193228,
          0.408971,
          3.551566
        ],
        [
          -0.452077,
          -0.410487,
          0.791913,
          1.131032
        ],
        [
          0.014857,
          -0.891158,
          -0.453449,
          1.460759
        ],
        [
          0.0,
          0.0,
          0.0,
          1.0
        ]
      ]
    },
    {
      "file_path": "/media/NFS/ttao/scannet/posed_images/scene0469_02/00076.jpg",
      "transform_matrix": [
        [
          0.907319,
          -0.18166,
          0.379174,
          3.548612
        ],
        [
          -0.420321,
          -0.413728,
          0.807564,
          1.161978
        ],
        [
          0.010173,
          -0.892092,
          -0.451738,
          1.465512
        ],
        [
          0.0,
          0.0,
          0.0,
          1.0
        ]
      ]
    },
    {
      "file_path": "/media/NFS/ttao/scannet/posed_images/scene0469_02/00077.jpg",
      "transform_matrix": [
        [
          0.911039,
          -0.176624,
          0.372576,
          3.545148
        ],
        [
          -0.4122,
          -0.412026,
          0.812604,
          1.170609
        ],
        [
          0.009986,
          -0.89389,
          -0.448176,
          1.463452
        ],
        [
          0.0,
          0.0,
          0.0,
          1.0
        ]
      ]
    },
    {
      "file_path": "/media/NFS/ttao/scannet/posed_images/scene0469_02/00079.jpg",
      "transform_matrix": [
        [
          0.918471,
          -0.16971,
          0.357224,
          3.540684
        ],
        [
          -0.395434,
          -0.408973,
          0.822419,
          1.183955
        ],
        [
          0.006522,
          -0.896627,
          -0.442739,
          1.461972
        ],
        [
          0.0,
          0.0,
          0.0,
          1.0
        ]
      ]
    },
    {
      "file_path": "/media/NFS/ttao/scannet/posed_images/scene0469_02/00082.jpg",
      "transform_matrix": [
        [
          0.929039,
          -0.161366,
          0.332938,
          3.533477
        ],
        [
          -0.369982,
          -0.40523,
          0.836003,
          1.209146
        ],
        [
          1.4e-05,
          -0.899861,
          -0.436177,
          1.45683
        ],
        [
          0.0,
          0.0,
          0.0,
          1.0
        ]
      ]
    },
    {
      "file_path": "/media/NFS/ttao/scannet/posed_images/scene0469_02/00083.jpg",
      "transform_matrix": [
        [
          0.9335,
          -0.157882,
          0.32195,
          3.533033
        ],
        [
          -0.358573,
          -0.405714,
          0.840727,
          1.216242
        ],
        [
          -0.002115,
          -0.900261,
          -0.435346,
          1.453467
        ],
        [
          0.0,
          0.0,
          0.0,
          1.0
        ]
      ]
    },
    {
      "file_path": "/media/NFS/ttao/scannet/posed_images/scene0469_02/00085.jpg",
      "transform_matrix": [
        [
          0.944104,
          -0.150461,
          0.293307,
          3.534842
        ],
        [
          -0.329586,
          -0.413683,
          0.848669,
          1.232963
        ],
        [
          -0.006356,
          -0.897902,
          -0.44015,
          1.451237
        ],
        [
          0.0,
          0.0,
          0.0,
          1.0
        ]
      ]
    },
    {
      "file_path": "/media/NFS/ttao/scannet/posed_images/scene0469_02/00087.jpg",
      "transform_matrix": [
        [
          0.954532,
          -0.138935,
          0.263753,
          3.536786
        ],
        [
          -0.298008,
          -0.421761,
          0.856335,
          1.25371
        ],
        [
          -0.007734,
          -0.895999,
          -0.443988,
          1.45527
        ],
        [
          0.0,
          0.0,
          0.0,
          1.0
        ]
      ]
    },
    {
      "file_path": "/media/NFS/ttao/scannet/posed_images/scene0469_02/00090.jpg",
      "transform_matrix": [
        [
          0.972113,
          -0.106751,
          0.20881,
          3.545869
        ],
        [
          -0.234434,
          -0.418948,
          0.877225,
          1.271317
        ],
        [
          -0.006164,
          -0.901713,
          -0.432291,
          1.456463
        ],
        [
          0.0,
          0.0,
          0.0,
          1.0
        ]
      ]
    },
    {
      "file_path": "/media/NFS/ttao/scannet/posed_images/scene0469_02/00092.jpg",
      "transform_matrix": [
        [
          0.979252,
          -0.08204,
          0.185297,
          3.528985
        ],
        [
          -0.202522,
          -0.428205,
          0.880696,
          1.288716
        ],
        [
          0.007092,
          -0.89995,
          -0.435935,
          1.452042
        ],
        [
          0.0,
          0.0,
          0.0,
          1.0
        ]
      ]
    },
    {
      "file_path": "/media/NFS/ttao/scannet/posed_images/scene0469_02/00094.jpg",
      "transform_matrix": [
        [
          0.986064,
          -0.056504,
          0.156475,
          3.534795
        ],
        [
          -0.165663,
          -0.419738,
          0.892399,
          1.300869
        ],
        [
          0.015254,
          -0.905885,
          -0.423249,
          1.451243
        ],
        [
          0.0,
          0.0,
          0.0,
          1.0
        ]
      ]
    },
    {
      "file_path": "/media/NFS/ttao/scannet/posed_images/scene0469_02/00095.jpg",
      "transform_matrix": [
        [
          0.988427,
          -0.044254,
          0.145098,
          3.530817
        ],
        [
          -0.15025,
          -0.417378,
          0.896226,
          1.30763
        ],
        [
          0.0209,
          -0.907655,
          -0.419197,
          1.449577
        ],
        [
          0.0,
          0.0,
          0.0,
          1.0
        ]
      ]
    },
    {
      "file_path": "/media/NFS/ttao/scannet/posed_images/scene0469_02/00097.jpg",
      "transform_matrix": [
        [
          0.992454,
          -0.02221,
          0.120588,
          3.525941
        ],
        [
          -0.118751,
          -0.419085,
          0.900148,
          1.319191
        ],
        [
          0.030544,
          -0.907675,
          -0.41856,
          1.448101
        ],
        [
          0.0,
          0.0,
          0.0,
          1.0
        ]
      ]
    },
    {
      "file_path": "/media/NFS/ttao/scannet/posed_images/scene0469_02/00099.jpg",
      "transform_matrix": [
        [
          0.995773,
          -0.006188,
          0.091643,
          3.526855
        ],
        [
          -0.085864,
          -0.417063,
          0.904813,
          1.334545
        ],
        [
          0.032621,
          -0.908856,
          -0.415832,
          1.448793
        ],
        [
          0.0,
          0.0,
          0.0,
          1.0
        ]
      ]
    },
    {
      "file_path": "/media/NFS/ttao/scannet/posed_images/scene0469_02/00102.jpg",
      "transform_matrix": [
        [
          0.99822,
          0.007057,
          0.059229,
          3.515555
        ],
        [
          -0.05079,
          -0.420109,
          0.906051,
          1.34743
        ],
        [
          0.031276,
          -0.907446,
          -0.419003,
          1.43361
        ],
        [
          0.0,
          0.0,
          0.0,
          1.0
        ]
      ]
    },
    {
      "file_path": "/media/NFS/ttao/scannet/posed_images/scene0469_02/00104.jpg",
      "transform_matrix": [
        [
          0.998747,
          0.008958,
          0.049243,
          3.499429
        ],
        [
          -0.040814,
          -0.423735,
          0.904866,
          1.366831
        ],
        [
          0.028972,
          -0.905742,
          -0.422839,
          1.437539
        ],
        [
          0.0,
          0.0,
          0.0,
          1.0
        ]
      ]
    },
    {
      "file_path": "/media/NFS/ttao/scannet/posed_images/scene0469_02/00106.jpg",
      "transform_matrix": [
        [
          0.998978,
          0.011201,
          0.04379,
          3.48904
        ],
        [
          -0.034899,
          -0.424539,
          0.904737,
          1.383353
        ],
        [
          0.028725,
          -0.90534,
          -0.423715,
          1.43443
        ],
        [
          0.0,
          0.0,
          0.0,
          1.0
        ]
      ]
    },
    {
      "file_path": "/media/NFS/ttao/scannet/posed_images/scene0469_02/00107.jpg",
      "transform_matrix": [
        [
          0.99889,
          0.012682,
          0.045361,
          3.482065
        ],
        [
          -0.035686,
          -0.424788,
          0.904589,
          1.393114
        ],
        [
          0.030741,
          -0.905204,
          -0.423864,
          1.432573
        ],
        [
          0.0,
          0.0,
          0.0,
          1.0
        ]
      ]
    },
    {
      "file_path": "/media/NFS/ttao/scannet/posed_images/scene0469_02/00110.jpg",
      "transform_matrix": [
        [
          0.997727,
          0.007863,
          0.066925,
          3.444816
        ],
        [
          -0.057201,
          -0.426189,
          0.902824,
          1.43469
        ],
        [
          0.035622,
          -0.9046,
          -0.42477,
          1.44037
        ],
        [
          0.0,
          0.0,
          0.0,
          1.0
        ]
      ]
    },
    {
      "file_path": "/media/NFS/ttao/scannet/posed_images/scene0469_02/00111.jpg",
      "transform_matrix": [
        [
          0.997353,
          0.005479,
          0.072507,
          3.439114
        ],
        [
          -0.063162,
          -0.428753,
          0.901211,
          1.450494
        ],
        [
          0.036025,
          -0.903405,
          -0.427272,
          1.44708
        ],
        [
          0.0,
          0.0,
          0.0,
          1.0
        ]
      ]
    },
    {
      "file_path": "/media/NFS/ttao/scannet/posed_images/scene0469_02/00113.jpg",
      "transform_matrix": [
        [
          0.995823,
          -0.002692,
          0.091263,
          3.41996
        ],
        [
          -0.083589,
          -0.42899,
          0.899434,
          1.478268
        ],
        [
          0.036729,
          -0.903305,
          -0.427423,
          1.451002
        ],
        [
          0.0,
          0.0,
          0.0,
          1.0
        ]
      ]
    },
    {
      "file_path": "/media/NFS/ttao/scannet/posed_images/scene0469_02/00115.jpg",
      "transform_matrix": [
        [
          0.993019,
          -0.008493,
          0.117651,
          3.39906
        ],
        [
          -0.110051,
          -0.425735,
          0.898131,
          1.504928
        ],
        [
          0.04246,
          -0.904808,
          -0.423697,
          1.4493
        ],
        [
          0.0,
          0.0,
          0.0,
          1.0
        ]
      ]
    },
    {
      "file_path": "/media/NFS/ttao/scannet/posed_images/scene0469_02/00117.jpg",
      "transform_matrix": [
        [
          0.987682,
          -0.019273,
          0.155282,
          3.368328
        ],
        [
          -0.148844,
          -0.421822,
          0.894378,
          1.534724
        ],
        [
          0.048264,
          -0.906474,
          -0.419494,
          1.451128
        ],
        [
          0.0,
          0.0,
          0.0,
          1.0
        ]
      ]
    },
    {
      "file_path": "/media/NFS/ttao/scannet/posed_images/scene0469_02/00119.jpg",
      "transform_matrix": [
        [
          0.978806,
          -0.035827,
          0.201633,
          3.335513
        ],
        [
          -0.197894,
          -0.418842,
          0.886233,
          1.575203
        ],
        [
          0.052701,
          -0.907352,
          -0.417055,
          1.446617
        ],
        [
          0.0,
          0.0,
          0.0,
          1.0
        ]
      ]
    },
    {
      "file_path": "/media/NFS/ttao/scannet/posed_images/scene0469_02/00122.jpg",
      "transform_matrix": [
        [
          0.961879,
          -0.059627,
          0.266896,
          3.291831
        ],
        [
          -0.267342,
          -0.410547,
          0.871768,
          1.620712
        ],
        [
          0.057593,
          -0.909888,
          -0.410838,
          1.443704
        ],
        [
          0.0,
          0.0,
          0.0,
          1.0
        ]
      ]
    },
    {
      "file_path": "/media/NFS/ttao/scannet/posed_images/scene0469_02/00123.jpg",
      "transform_matrix": [
        [
          0.955614,
          -0.068993,
          0.286429,
          3.280626
        ],
        [
          -0.288954,
          -0.409237,
          0.865466,
          1.634494
        ],
        [
          0.057506,
          -0.909816,
          -0.411008,
          1.44448
        ],
        [
          0.0,
          0.0,
          0.0,
          1.0
        ]
      ]
    },
    {
      "file_path": "/media/NFS/ttao/scannet/posed_images/scene0469_02/00126.jpg",
      "transform_matrix": [
        [
          0.938609,
          -0.088412,
          0.333463,
          3.25541
        ],
        [
          -0.340205,
          -0.397556,
          0.85218,
          1.675132
        ],
        [
          0.057228,
          -0.913309,
          -0.403228,
          1.446322
        ],
        [
          0.0,
          0.0,
          0.0,
          1.0
        ]
      ]
    },
    {
      "file_path": "/media/NFS/ttao/scannet/posed_images/scene0469_02/00128.jpg",
      "transform_matrix": [
        [
          0.930373,
          -0.097524,
          0.353405,
          3.238714
        ],
        [
          -0.361783,
          -0.400211,
          0.841988,
          1.696544
        ],
        [
          0.059322,
          -0.911219,
          -0.407628,
          1.446051
        ],
        [
          0.0,
          0.0,
          0.0,
          1.0
        ]
      ]
    },
    {
      "file_path": "/media/NFS/ttao/scannet/posed_images/scene0469_02/00130.jpg",
      "transform_matrix": [
        [
          0.919452,
          -0.098103,
          0.380767,
          3.210418
        ],
        [
          -0.386935,
          -0.397957,
          0.831813,
          1.718241
        ],
        [
          0.069925,
          -0.912144,
          -0.403862,
          1.440789
        ],
        [
          0.0,
          0.0,
          0.0,
          1.0
        ]
      ]
    },
    {
      "file_path": "/media/NFS/ttao/scannet/posed_images/scene0469_02/00131.jpg",
      "transform_matrix": [
        [
          0.917075,
          -0.102314,
          0.385364,
          3.210637
        ],
        [
          -0.392467,
          -0.402086,
          0.827223,
          1.725945
        ],
        [
          0.070313,
          -0.909867,
          -0.408898,
          1.450803
        ],
        [
          0.0,
          0.0,
          0.0,
          1.0
        ]
      ]
    },
    {
      "file_path": "/media/NFS/ttao/scannet/posed_images/scene0469_02/00133.jpg",
      "transform_matrix": [
        [
          0.911365,
          -0.106163,
          0.397673,
          3.194873
        ],
        [
          -0.405949,
          -0.391393,
          0.825843,
          1.740929
        ],
        [
          0.067973,
          -0.914079,
          -0.399799,
          1.453733
        ],
        [
          0.0,
          0.0,
          0.0,
          1.0
        ]
      ]
    },
    {
      "file_path": "/media/NFS/ttao/scannet/posed_images/scene0469_02/00135.jpg",
      "transform_matrix": [
        [
          0.91108,
          -0.110165,
          0.397237,
          3.179803
        ],
        [
          -0.40811,
          -0.37695,
          0.831478,
          1.749501
        ],
        [
          0.058139,
          -0.919659,
          -0.388391,
          1.459109
        ],
        [
          0.0,
          0.0,
          0.0,
          1.0
        ]
      ]
    },
    {
      "file_path": "/media/NFS/ttao/scannet/posed_images/scene0469_02/00137.jpg",
      "transform_matrix": [
        [
          0.913976,
          -0.109886,
          0.390607,
          3.16437
        ],
        [
          -0.402745,
          -0.362973,
          0.840266,
          1.754598
        ],
        [
          0.049446,
          -0.925298,
          -0.376004,
          1.46266
        ],
        [
          0.0,
          0.0,
          0.0,
          1.0
        ]
      ]
    },
    {
      "file_path": "/media/NFS/ttao/scannet/posed_images/scene0469_02/00139.jpg",
      "transform_matrix": [
        [
          0.918485,
          -0.102844,
          0.38185,
          3.148517
        ],
        [
          -0.392719,
          -0.350632,
          0.850194,
          1.755033
        ],
        [
          0.046452,
          -0.930849,
          -0.362439,
          1.463948
        ],
        [
          0.0,
          0.0,
          0.0,
          1.0
        ]
      ]
    },
    {
      "file_path": "/media/NFS/ttao/scannet/posed_images/scene0469_02/00142.jpg",
      "transform_matrix": [
        [
          0.927809,
          -0.089969,
          0.362044,
          3.114635
        ],
        [
          -0.370349,
          -0.338808,
          0.864899,
          1.758716
        ],
        [
          0.044849,
          -0.936544,
          -0.34767,
          1.477585
        ],
        [
          0.0,
          0.0,
          0.0,
          1.0
        ]
      ]
    },
    {
      "file_path": "/media/NFS/ttao/scannet/posed_images/scene0469_02/00144.jpg",
      "transform_matrix": [
        [
          0.937645,
          -0.079271,
          0.338434,
          3.099668
        ],
        [
          -0.344946,
          -0.332159,
          0.877885,
          1.75148
        ],
        [
          0.042823,
          -0.939886,
          -0.338792,
          1.482761
        ],
        [
          0.0,
          0.0,
          0.0,
          1.0
        ]
      ]
    },
    {
      "file_path": "/media/NFS/ttao/scannet/posed_images/scene0469_02/00145.jpg",
      "transform_matrix": [
        [
          0.942514,
          -0.071104,
          0.326515,
          3.088488
        ],
        [
          -0.33118,
          -0.329114,
          0.88431,
          1.746798
        ],
        [
          0.044583,
          -0.941609,
          -0.333742,
          1.481954
        ],
        [
          0.0,
          0.0,
          0.0,
          1.0
        ]
      ]
    },
    {
      "file_path": "/media/NFS/ttao/scannet/posed_images/scene0469_02/00147.jpg",
      "transform_matrix": [
        [
          0.951814,
          -0.051947,
          0.302245,
          3.069585
        ],
        [
          -0.302097,
          -0.328494,
          0.89489,
          1.737882
        ],
        [
          0.052799,
          -0.943076,
          -0.328358,
          1.482724
        ],
        [
          0.0,
          0.0,
          0.0,
          1.0
        ]
      ]
    },
    {
      "file_path": "/media/NFS/ttao/scannet/posed_images/scene0469_02/00151.jpg",
      "transform_matrix": [
        [
          0.97126,
          -0.016491,
          0.23745,
          3.044545
        ],
        [
          -0.229728,
          -0.326005,
          0.917031,
          1.704087
        ],
        [
          0.062287,
          -0.945224,
          -0.320424,
          1.477046
        ],
        [
          0.0,
          0.0,
          0.0,
          1.0
        ]
      ]
    },
    {
      "file_path": "/media/NFS/ttao/scannet/posed_images/scene0469_02/00153.jpg",
      "transform_matrix": [
        [
          0.979358,
          0.000503,
          0.202134,
          3.03184
        ],
        [
          -0.191116,
          -0.323342,
          0.926782,
          1.687811
        ],
        [
          0.065825,
          -0.946282,
          -0.316572,
          1.478189
        ],
        [
          0.0,
          0.0,
          0.0,
          1.0
        ]
      ]
    },
    {
      "file_path": "/media/NFS/ttao/scannet/posed_images/scene0469_02/00154.jpg",
      "transform_matrix": [
        [
          0.982648,
          0.007226,
          0.185337,
          3.025214
        ],
        [
          -0.173035,
          -0.324113,
          0.930059,
          1.679846
        ],
        [
          0.066791,
          -0.945991,
          -0.317239,
          1.478014
        ],
        [
          0.0,
          0.0,
          0.0,
          1.0
        ]
      ]
    },
    {
      "file_path": "/media/NFS/ttao/scannet/posed_images/scene0469_02/00157.jpg",
      "transform_matrix": [
        [
          0.990964,
          0.029799,
          0.130778,
          3.007154
        ],
        [
          -0.113886,
          -0.32815,
          0.937735,
          1.653136
        ],
        [
          0.070858,
          -0.944155,
          -0.321791,
          1.479681
