{
  "frames": [
    {
      "file_path": "/media/NFS/ttao/scannet/posed_images/scene0475_01/00000.jpg",
      "transform_matrix": [
        [
          0.983293,
          0.065162,
          -0.169965,
          3.683115
        ],
        [
          0.181885,
          -0.388776,
          0.903201,
          2.686579
        ],
        [
          -0.007224,
          -0.919025,
          -0.394133,
          1.881603
        ],
        [
          0.0,
          0.0,
          0.0,
          1.0
        ]
      ]
    },
    {
      "file_path": "/media/NFS/ttao/scannet/posed_images/scene0475_01/00002.jpg",
      "transform_matrix": [
        [
          0.984477,
          0.066967,
          -0.162239,
          3.68614
        ],
        [
          0.1755,
          -0.388256,
          0.904686,
          2.685924
        ],
        [
          -0.002406,
          -0.919115,
          -0.393981,
          1.877302
        ],
        [
          0.0,
          0.0,
          0.0,
          1.0
        ]
      ]
    },
    {
      "file_path": "/media/NFS/ttao/scannet/posed_images/scene0475_01/00004.jpg",
      "transform_matrix": [
        [
          0.98546,
          0.065578,
          -0.15674,
          3.683774
        ],
        [
          0.169891,
          -0.392361,
          0.903985,
          2.688378
        ],
        [
          -0.002217,
          -0.91747,
          -0.397798,
          1.877541
        ],
        [
          0.0,
          0.0,
          0.0,
          1.0
        ]
      ]
    },
    {
      "file_path": "/media/NFS/ttao/scannet/posed_images/scene0475_01/00006.jpg",
      "transform_matrix": [
        [
          0.986076,
          0.063943,
          -0.15351,
          3.692566
        ],
        [
          0.16627,
          -0.394873,
          0.903565,
          2.688439
        ],
        [
          -0.00284,
          -0.916508,
          -0.400007,
          1.871682
        ],
        [
          0.0,
          0.0,
          0.0,
          1.0
        ]
      ]
    },
    {
      "file_path": "/media/NFS/ttao/scannet/posed_images/scene0475_01/00010.jpg",
      "transform_matrix": [
        [
          0.989707,
          0.059572,
          -0.130121,
          3.694664
        ],
        [
          0.143105,
          -0.4054,
          0.902869,
          2.698395
        ],
        [
          0.001034,
          -0.912196,
          -0.409752,
          1.878742
        ],
        [
          0.0,
          0.0,
          0.0,
          1.0
        ]
      ]
    },
    {
      "file_path": "/media/NFS/ttao/scannet/posed_images/scene0475_01/00012.jpg",
      "transform_matrix": [
        [
          0.992286,
          0.051614,
          -0.112713,
          3.68575
        ],
        [
          0.123967,
          -0.408508,
          0.904297,
          2.701755
        ],
        [
          0.00063,
          -0.911294,
          -0.411755,
          1.878168
        ],
        [
          0.0,
          0.0,
          0.0,
          1.0
        ]
      ]
    },
    {
      "file_path": "/media/NFS/ttao/scannet/posed_images/scene0475_01/00013.jpg",
      "transform_matrix": [
        [
          0.993035,
          0.047318,
          -0.107899,
          3.695624
        ],
        [
          0.117811,
          -0.40853,
          0.90511,
          2.703552
        ],
        [
          -0.001252,
          -0.911517,
          -0.411259,
          1.87622
        ],
        [
          0.0,
          0.0,
          0.0,
          1.0
        ]
      ]
    },
    {
      "file_path": "/media/NFS/ttao/scannet/posed_images/scene0475_01/00017.jpg",
      "transform_matrix": [
        [
          0.998054,
          0.01743,
          -0.059867,
          3.70903
        ],
        [
          0.061743,
          -0.410138,
          0.909931,
          2.71009
        ],
        [
          -0.008694,
          -0.911857,
          -0.410416,
          1.872853
        ],
        [
          0.0,
          0.0,
          0.0,
          1.0
        ]
      ]
    },
    {
      "file_path": "/media/NFS/ttao/scannet/posed_images/scene0475_01/00019.jpg",
      "transform_matrix": [
        [
          0.999355,
          0.004545,
          -0.035631,
          3.71512
        ],
        [
          0.034369,
          -0.409312,
          0.911747,
          2.711332
        ],
        [
          -0.01044,
          -0.912383,
          -0.409205,
          1.870542
        ],
        [
          0.0,
          0.0,
          0.0,
          1.0
        ]
      ]
    },
    {
      "file_path": "/media/NFS/ttao/scannet/posed_images/scene0475_01/00022.jpg",
      "transform_matrix": [
        [
          0.999848,
          -0.017437,
          -0.00084,
          3.731576
        ],
        [
          -0.006392,
          -0.410466,
          0.911853,
          2.702589
        ],
        [
          -0.016245,
          -0.911709,
          -0.410515,
          1.86081
        ],
        [
          0.0,
          0.0,
          0.0,
          1.0
        ]
      ]
    },
    {
      "file_path": "/media/NFS/ttao/scannet/posed_images/scene0475_01/00023.jpg",
      "transform_matrix": [
        [
          0.99952,
          -0.024876,
          0.018469,
          3.724691
        ],
        [
          -0.027076,
          -0.4116,
          0.910962,
          2.700998
        ],
        [
          -0.015059,
          -0.911025,
          -0.412076,
          1.860647
        ],
        [
          0.0,
          0.0,
          0.0,
          1.0
        ]
      ]
    },
    {
      "file_path": "/media/NFS/ttao/scannet/posed_images/scene0475_01/00026.jpg",
      "transform_matrix": [
        [
          0.996083,
          -0.050906,
          0.0723,
          3.739488
        ],
        [
          -0.086629,
          -0.397896,
          0.913332,
          2.703803
        ],
        [
          -0.017726,
          -0.916017,
          -0.400747,
          1.861384
        ],
        [
          0.0,
          0.0,
          0.0,
          1.0
        ]
      ]
    },
    {
      "file_path": "/media/NFS/ttao/scannet/posed_images/scene0475_01/00028.jpg",
      "transform_matrix": [
        [
          0.992082,
          -0.068092,
          0.10553,
          3.75102
        ],
        [
          -0.12374,
          -0.386222,
          0.914068,
          2.69938
        ],
        [
          -0.021483,
          -0.919889,
          -0.391589,
          1.857528
        ],
        [
          0.0,
          0.0,
          0.0,
          1.0
        ]
      ]
    },
    {
      "file_path": "/media/NFS/ttao/scannet/posed_images/scene0475_01/00031.jpg",
      "transform_matrix": [
        [
          0.984095,
          -0.081458,
          0.157867,
          3.75601
        ],
        [
          -0.177027,
          -0.375734,
          0.909662,
          2.685941
        ],
        [
          -0.014783,
          -0.923141,
          -0.384178,
          1.866386
        ],
        [
          0.0,
          0.0,
          0.0,
          1.0
        ]
      ]
    },
    {
      "file_path": "/media/NFS/ttao/scannet/posed_images/scene0475_01/00032.jpg",
      "transform_matrix": [
        [
          0.980646,
          -0.08704,
          0.175378,
          3.750023
        ],
        [
          -0.195297,
          -0.371433,
          0.907687,
          2.684208
        ],
        [
          -0.013864,
          -0.924371,
          -0.381243,
          1.866817
        ],
        [
          0.0,
          0.0,
          0.0,
          1.0
        ]
      ]
    },
    {
      "file_path": "/media/NFS/ttao/scannet/posed_images/scene0475_01/00035.jpg",
      "transform_matrix": [
        [
          0.973852,
          -0.10262,
          0.202684,
          3.785911
        ],
        [
          -0.226299,
          -0.359603,
          0.905248,
          2.656158
        ],
        [
          -0.020011,
          -0.927446,
          -0.373423,
          1.858702
        ],
        [
          0.0,
          0.0,
          0.0,
          1.0
        ]
      ]
    },
    {
      "file_path": "/media/NFS/ttao/scannet/posed_images/scene0475_01/00037.jpg",
      "transform_matrix": [
        [
          0.967544,
          -0.111377,
          0.226832,
          3.796308
        ],
        [
          -0.251943,
          -0.355703,
          0.9,
          2.65038
        ],
        [
          -0.019555,
          -0.927939,
          -0.372219,
          1.861265
        ],
        [
          0.0,
          0.0,
          0.0,
          1.0
        ]
      ]
    },
    {
      "file_path": "/media/NFS/ttao/scannet/posed_images/scene0475_01/00039.jpg",
      "transform_matrix": [
        [
          0.960382,
          -0.120555,
          0.251261,
          3.808641
        ],
        [
          -0.277866,
          -0.345139,
          0.896476,
          2.63465
        ],
        [
          -0.021355,
          -0.930777,
          -0.364964,
          1.856883
        ],
        [
          0.0,
          0.0,
          0.0,
          1.0
        ]
      ]
    },
    {
      "file_path": "/media/NFS/ttao/scannet/posed_images/scene0475_01/00041.jpg",
      "transform_matrix": [
        [
          0.951581,
          -0.127087,
          0.279899,
          3.814744
        ],
        [
          -0.306866,
          -0.339106,
          0.889292,
          2.61558
        ],
        [
          -0.018102,
          -0.932124,
          -0.361686,
          1.842909
        ],
        [
          0.0,
          0.0,
          0.0,
          1.0
        ]
      ]
    },
    {
      "file_path": "/media/NFS/ttao/scannet/posed_images/scene0475_01/00045.jpg",
      "transform_matrix": [
        [
          0.93554,
          -0.139757,
          0.324397,
          3.843919
        ],
        [
          -0.35314,
          -0.350408,
          0.867471,
          2.580712
        ],
        [
          -0.007564,
          -0.926111,
          -0.377175,
          1.837155
        ],
        [
          0.0,
          0.0,
          0.0,
          1.0
        ]
      ]
    },
    {
      "file_path": "/media/NFS/ttao/scannet/posed_images/scene0475_01/00046.jpg",
      "transform_matrix": [
        [
          0.931026,
          -0.144413,
          0.335165,
          3.848902
        ],
        [
          -0.364871,
          -0.348902,
          0.863213,
          2.571813
        ],
        [
          -0.007719,
          -0.925966,
          -0.377529,
          1.835196
        ],
        [
          0.0,
          0.0,
          0.0,
          1.0
        ]
      ]
    },
    {
      "file_path": "/media/NFS/ttao/scannet/posed_images/scene0475_01/00048.jpg",
      "transform_matrix": [
        [
          0.920737,
          -0.157998,
          0.356765,
          3.861062
        ],
        [
          -0.39003,
          -0.346974,
          0.852928,
          2.551978
        ],
        [
          -0.010972,
          -0.924471,
          -0.381095,
          1.825222
        ],
        [
          0.0,
          0.0,
          0.0,
          1.0
        ]
      ]
    },
    {
      "file_path": "/media/NFS/ttao/scannet/posed_images/scene0475_01/00052.jpg",
      "transform_matrix": [
        [
          0.889837,
          -0.198147,
          0.411009,
          3.885095
        ],
        [
          -0.455946,
          -0.351744,
          0.817551,
          2.497136
        ],
        [
          -0.017425,
          -0.914885,
          -0.403339,
          1.805921
        ],
        [
          0.0,
          0.0,
          0.0,
          1.0
        ]
      ]
    },
    {
      "file_path": "/media/NFS/ttao/scannet/posed_images/scene0475_01/00054.jpg",
      "transform_matrix": [
        [
          0.876509,
          -0.214137,
          0.431134,
          3.894148
        ],
        [
          -0.480828,
          -0.346406,
          0.805485,
          2.47752
        ],
        [
          -0.023137,
          -0.913317,
          -0.406592,
          1.801504
        ],
        [
          0.0,
          0.0,
          0.0,
          1.0
        ]
      ]
    },
    {
      "file_path": "/media/NFS/ttao/scannet/posed_images/scene0475_01/00056.jpg",
      "transform_matrix": [
        [
          0.864428,
          -0.227045,
          0.448569,
          3.902204
        ],
        [
          -0.501996,
          -0.340753,
          0.794913,
          2.457606
        ],
        [
          -0.02763,
          -0.912325,
          -0.408533,
          1.792653
        ],
        [
          0.0,
          0.0,
          0.0,
          1.0
        ]
      ]
    },
    {
      "file_path": "/media/NFS/ttao/scannet/posed_images/scene0475_01/00057.jpg",
      "transform_matrix": [
        [
          0.857433,
          -0.23494,
          0.457834,
          3.90553
        ],
        [
          -0.513723,
          -0.339011,
          0.788137,
          2.45169
        ],
        [
          -0.029954,
          -0.910975,
          -0.411373,
          1.789225
        ],
        [
          0.0,
          0.0,
          0.0,
          1.0
        ]
      ]
    },
    {
      "file_path": "/media/NFS/ttao/scannet/posed_images/scene0475_01/00061.jpg",
      "transform_matrix": [
        [
          0.828374,
          -0.259952,
          0.496206,
          3.910839
        ],
        [
          -0.559563,
          -0.3426,
          0.754662,
          2.420199
        ],
        [
          -0.026175,
          -0.902801,
          -0.429261,
          1.768314
        ],
        [
          0.0,
          0.0,
          0.0,
          1.0
        ]
      ]
    },
    {
      "file_path": "/media/NFS/ttao/scannet/posed_images/scene0475_01/00063.jpg",
      "transform_matrix": [
        [
          0.811002,
          -0.273588,
          0.517132,
          3.921448
        ],
        [
          -0.584392,
          -0.337128,
          0.738126,
          2.407292
        ],
        [
          -0.027603,
          -0.90083,
          -0.433294,
          1.768165
        ],
        [
          0.0,
          0.0,
          0.0,
          1.0
        ]
      ]
    },
    {
      "file_path": "/media/NFS/ttao/scannet/posed_images/scene0475_01/00066.jpg",
      "transform_matrix": [
        [
          0.777703,
          -0.298349,
          0.553322,
          3.931046
        ],
        [
          -0.627607,
          -0.318254,
          0.71051,
          2.388596
        ],
        [
          -0.035883,
          -0.899835,
          -0.434753,
          1.762208
        ],
        [
          0.0,
          0.0,
          0.0,
          1.0
        ]
      ]
    },
    {
      "file_path": "/media/NFS/ttao/scannet/posed_images/scene0475_01/00067.jpg",
      "transform_matrix": [
        [
          0.764935,
          -0.308337,
          0.565511,
          3.935116
        ],
        [
          -0.642868,
          -0.311027,
          0.699988,
          2.385975
        ],
        [
          -0.039943,
          -0.898994,
          -0.436136,
          1.762202
        ],
        [
          0.0,
          0.0,
          0.0,
          1.0
        ]
      ]
    },
    {
      "file_path": "/media/NFS/ttao/scannet/posed_images/scene0475_01/00070.jpg",
      "transform_matrix": [
        [
          0.722728,
          -0.333349,
          0.605427,
          3.938586
        ],
        [
          -0.689509,
          -0.287757,
          0.66466,
          2.375365
        ],
        [
          -0.047348,
          -0.897816,
          -0.437817,
          1.760712
        ],
        [
          0.0,
          0.0,
          0.0,
          1.0
        ]
      ]
    },
    {
      "file_path": "/media/NFS/ttao/scannet/posed_images/scene0475_01/00072.jpg",
      "transform_matrix": [
        [
          0.696196,
          -0.343167,
          0.630514,
          3.937858
        ],
        [
          -0.716064,
          -0.270039,
          0.643685,
          2.362702
        ],
        [
          -0.050628,
          -0.89962,
          -0.433729,
          1.757285
        ],
        [
          0.0,
          0.0,
          0.0,
          1.0
        ]
      ]
    },
    {
      "file_path": "/media/NFS/ttao/scannet/posed_images/scene0475_01/00074.jpg",
      "transform_matrix": [
        [
          0.670202,
          -0.355668,
          0.651406,
          3.941578
        ],
        [
          -0.740456,
          -0.260652,
          0.619505,
          2.35356
        ],
        [
          -0.050548,
          -0.89753,
          -0.438046,
          1.754259
        ],
        [
          0.0,
          0.0,
          0.0,
          1.0
        ]
      ]
    },
    {
      "file_path": "/media/NFS/ttao/scannet/posed_images/scene0475_01/00076.jpg",
      "transform_matrix": [
        [
          0.636629,
          -0.371552,
          0.675761,
          3.939506
        ],
        [
          -0.769326,
          -0.245422,
          0.589836,
          2.348464
        ],
        [
          -0.053309,
          -0.895386,
          -0.442087,
          1.748435
        ],
        [
          0.0,
          0.0,
          0.0,
          1.0
        ]
      ]
    },
    {
      "file_path": "/media/NFS/ttao/scannet/posed_images/scene0475_01/00078.jpg",
      "transform_matrix": [
        [
          0.585903,
          -0.401952,
          0.70367,
          3.941759
        ],
        [
          -0.807712,
          -0.219246,
          0.547294,
          2.334702
        ],
        [
          -0.065709,
          -0.889025,
          -0.453119,
          1.74561
        ],
        [
          0.0,
          0.0,
          0.0,
          1.0
        ]
      ]
    },
    {
      "file_path": "/media/NFS/ttao/scannet/posed_images/scene0475_01/00082.jpg",
      "transform_matrix": [
        [
          0.530557,
          -0.436809,
          0.726435,
          3.931748
        ],
        [
          -0.844509,
          -0.198693,
          0.497318,
          2.318814
        ],
        [
          -0.072896,
          -0.877337,
          -0.474307,
          1.726769
        ],
        [
          0.0,
          0.0,
          0.0,
          1.0
        ]
      ]
    },
    {
      "file_path": "/media/NFS/ttao/scannet/posed_images/scene0475_01/00084.jpg",
      "transform_matrix": [
        [
          0.511167,
          -0.449325,
          0.732677,
          3.931644
        ],
        [
          -0.856312,
          -0.193099,
          0.479002,
          2.308976
        ],
        [
          -0.073748,
          -0.87225,
          -0.483469,
          1.724581
        ],
        [
          0.0,
          0.0,
          0.0,
          1.0
        ]
      ]
    },
    {
      "file_path": "/media/NFS/ttao/scannet/posed_images/scene0475_01/00087.jpg",
      "transform_matrix": [
        [
          0.469803,
          -0.464569,
          0.750641,
          3.929549
        ],
        [
          -0.879618,
          -0.174552,
          0.442496,
          2.294127
        ],
        [
          -0.074544,
          -0.868163,
          -0.490648,
          1.721231
        ],
        [
          0.0,
          0.0,
          0.0,
          1.0
        ]
      ]
    },
    {
      "file_path": "/media/NFS/ttao/scannet/posed_images/scene0475_01/00089.jpg",
      "transform_matrix": [
        [
          0.437429,
          -0.475316,
          0.763367,
          3.93102
        ],
        [
          -0.895735,
          -0.15529,
          0.416587,
          2.283684
        ],
        [
          -0.079467,
          -0.866002,
          -0.493686,
          1.720445
        ],
        [
          0.0,
          0.0,
          0.0,
          1.0
        ]
      ]
    },
    {
      "file_path": "/media/NFS/ttao/scannet/posed_images/scene0475_01/00090.jpg",
      "transform_matrix": [
        [
          0.426422,
          -0.477723,
          0.768079,
          3.927554
        ],
        [
          -0.900906,
          -0.148433,
          0.407844,
          2.274779
        ],
        [
          -0.080828,
          -0.86588,
          -0.493679,
          1.716202
        ],
        [
          0.0,
          0.0,
          0.0,
          1.0
        ]
      ]
    },
    {
      "file_path": "/media/NFS/ttao/scannet/posed_images/scene0475_01/00094.jpg",
      "transform_matrix": [
        [
          0.39018,
          -0.500362,
          0.772915,
          3.930487
        ],
        [
          -0.917368,
          -0.139496,
          0.372796,
          2.245844
        ],
        [
          -0.078714,
          -0.854505,
          -0.513444,
          1.70062
        ],
        [
          0.0,
          0.0,
          0.0,
          1.0
        ]
      ]
    },
    {
      "file_path": "/media/NFS/ttao/scannet/posed_images/scene0475_01/00096.jpg",
      "transform_matrix": [
        [
          0.364651,
          -0.515367,
          0.775517,
          3.9347
        ],
        [
          -0.927425,
          -0.126652,
          0.351912,
          2.239608
        ],
        [
          -0.083143,
          -0.847559,
          -0.524148,
          1.70221
        ],
        [
          0.0,
          0.0,
          0.0,
          1.0
        ]
      ]
    },
    {
      "file_path": "/media/NFS/ttao/scannet/posed_images/scene0475_01/00097.jpg",
      "transform_matrix": [
        [
          0.351711,
          -0.518122,
          0.779647,
          3.935291
        ],
        [
          -0.932059,
          -0.116443,
          0.343083,
          2.235191
        ],
        [
          -0.086974,
          -0.847343,
          -0.523875,
          1.698084
        ],
        [
          0.0,
          0.0,
          0.0,
          1.0
        ]
      ]
    },
    {
      "file_path": "/media/NFS/ttao/scannet/posed_images/scene0475_01/00100.jpg",
      "transform_matrix": [
        [
          0.324965,
          -0.528521,
          0.78426,
          3.949755
        ],
        [
          -0.940904,
          -0.09705,
          0.324469,
          2.203804
        ],
        [
          -0.095376,
          -0.843355,
          -0.528825,
          1.692757
        ],
        [
          0.0,
          0.0,
          0.0,
          1.0
        ]
      ]
    },
    {
      "file_path": "/media/NFS/ttao/scannet/posed_images/scene0475_01/00103.jpg",
      "transform_matrix": [
        [
          0.300741,
          -0.542848,
          0.784137,
          3.971179
        ],
        [
          -0.949656,
          -0.094764,
          0.298619,
          2.175551
        ],
        [
          -0.087797,
          -0.834468,
          -0.544018,
          1.685903
        ],
        [
          0.0,
          0.0,
          0.0,
          1.0
        ]
      ]
    },
    {
      "file_path": "/media/NFS/ttao/scannet/posed_images/scene0475_01/00104.jpg",
      "transform_matrix": [
        [
          0.286125,
          -0.546691,
          0.786931,
          3.977673
        ],
        [
          -0.954336,
          -0.088985,
          0.285174,
          2.169343
        ],
        [
          -0.085877,
          -0.832592,
          -0.547188,
          1.686369
        ],
        [
          0.0,
          0.0,
          0.0,
          1.0
        ]
      ]
    },
    {
      "file_path": "/media/NFS/ttao/scannet/posed_images/scene0475_01/00107.jpg",
      "transform_matrix": [
        [
          0.230888,
          -0.549514,
          0.802947,
          4.005825
        ],
        [
          -0.968853,
          -0.053914,
          0.241697,
          2.136897
        ],
        [
          -0.089526,
          -0.833743,
          -0.544847,
          1.682969
        ],
        [
          0.0,
          0.0,
          0.0,
          1.0
        ]
      ]
    },
    {
      "file_path": "/media/NFS/ttao/scannet/posed_images/scene0475_01/00110.jpg",
      "transform_matrix": [
        [
          0.207355,
          -0.557571,
          0.803815,
          4.030101
        ],
        [
          -0.975214,
          -0.052968,
          0.214828,
          2.112759
        ],
        [
          -0.077206,
          -0.828437,
          -0.554735,
          1.68169
        ],
        [
          0.0,
          0.0,
          0.0,
          1.0
        ]
      ]
    },
    {
      "file_path": "/media/NFS/ttao/scannet/posed_images/scene0475_01/00111.jpg",
      "transform_matrix": [
        [
          0.199865,
          -0.555694,
          0.807006,
          4.039612
        ],
        [
          -0.976735,
          -0.047654,
          0.209086,
          2.104949
        ],
        [
          -0.077731,
          -0.83002,
          -0.552291,
          1.682466
        ],
        [
          0.0,
          0.0,
          0.0,
          1.0
        ]
      ]
    },
    {
      "file_path": "/media/NFS/ttao/scannet/posed_images/scene0475_01/00114.jpg",
      "transform_matrix": [
        [
          0.171388,
          -0.549031,
          0.818041,
          4.070779
        ],
        [
          -0.981605,
          -0.024261,
          0.189373,
          2.077848
        ],
        [
          -0.084125,
          -0.83545,
          -0.54309,
          1.688233
        ],
        [
          0.0,
          0.0,
          0.0,
          1.0
        ]
      ]
    },
    {
      "file_path": "/media/NFS/ttao/scannet/posed_images/scene0475_01/00117.jpg",
      "transform_matrix": [
        [
          0.148096,
          -0.536839,
          0.830585,
          4.099855
        ],
        [
          -0.984997,
          -0.004834,
          0.172504,
          2.052151
        ],
        [
          -0.088592,
          -0.843671,
          -0.5295,
          1.695111
        ],
        [
          0.0,
          0.0,
          0.0,
          1.0
        ]
      ]
    },
    {
      "file_path": "/media/NFS/ttao/scannet/posed_images/scene0475_01/00118.jpg",
      "transform_matrix": [
        [
          0.14116,
          -0.53065,
          0.835753,
          4.107627
        ],
        [
          -0.985662,
          0.003493,
          0.168698,
          2.045474
        ],
        [
          -0.092439,
          -0.847584,
          -0.522549,
          1.695882
        ],
        [
          0.0,
          0.0,
          0.0,
          1.0
        ]
      ]
    },
    {
      "file_path": "/media/NFS/ttao/scannet/posed_images/scene0475_01/00121.jpg",
      "transform_matrix": [
        [
          0.121349,
          -0.517089,
          0.847286,
          4.129063
        ],
        [
          -0.988399,
          0.015591,
          0.151075,
          2.012578
        ],
        [
          -0.091329,
          -0.85579,
          -0.509199,
          1.699007
        ],
        [
          0.0,
          0.0,
          0.0,
          1.0
        ]
      ]
    },
    {
      "file_path": "/media/NFS/ttao/scannet/posed_images/scene0475_01/00124.jpg",
      "transform_matrix": [
        [
          0.094894,
          -0.508247,
          0.855967,
          4.150858
        ],
        [
          -0.992116,
          0.022424,
          0.123303,
          1.988952
        ],
        [
          -0.081863,
          -0.860919,
          -0.502112,
          1.691734
        ],
        [
          0.0,
          0.0,
          0.0,
          1.0
        ]
      ]
    },
    {
      "file_path": "/media/NFS/ttao/scannet/posed_images/scene0475_01/00125.jpg",
      "transform_matrix": [
        [
          0.088507,
          -0.511627,
          0.854637,
          4.167858
        ],
        [
          -0.992834,
          0.023848,
          0.117095,
          1.976448
        ],
        [
          -0.080291,
          -0.858876,
          -0.50585,
          1.695747
        ],
        [
          0.0,
          0.0,
          0.0,
          1.0
        ]
      ]
    },
    {
      "file_path": "/media/NFS/ttao/scannet/posed_images/scene0475_01/00127.jpg",
      "transform_matrix": [
        [
          0.068796,
          -0.50567,
          0.85998,
          4.186082
        ],
        [
          -0.994546,
          0.032977,
          0.098952,
          1.962224
        ],
        [
          -0.078396,
          -0.862097,
          -0.500643,
          1.696416
        ],
        [
          0.0,
          0.0,
          0.0,
          1.0
        ]
      ]
    },
    {
      "file_path": "/media/NFS/ttao/scannet/posed_images/scene0475_01/00129.jpg",
      "transform_matrix": [
        [
          0.054363,
          -0.498463,
          0.865205,
          4.208582
        ],
        [
          -0.995348,
          0.041978,
          0.086724,
          1.945785
        ],
        [
          -0.079548,
          -0.865894,
          -0.493862,
          1.691768
        ],
        [
          0.0,
          0.0,
          0.0,
          1.0
        ]
      ]
    },
    {
      "file_path": "/media/NFS/ttao/scannet/posed_images/scene0475_01/00133.jpg",
      "transform_matrix": [
        [
          0.015143,
          -0.513536,
          0.857934,
          4.279124
        ],
        [
          -0.996785,
          0.059763,
          0.053366,
          1.930709
        ],
        [
          -0.078678,
          -0.855984,
          -0.51098,
          1.681582
        ],
        [
          0.0,
          0.0,
          0.0,
          1.0
        ]
      ]
    },
    {
      "file_path": "/media/NFS/ttao/scannet/posed_images/scene0475_01/00135.jpg",
      "transform_matrix": [
        [
          0.002861,
          -0.515359,
          0.85697,
          4.308537
        ],
        [
          -0.996862,
          0.066328,
          0.043216,
          1.923803
        ],
        [
          -0.079113,
          -0.854404,
          -0.513552,
          1.675335
        ],
        [
          0.0,
          0.0,
          0.0,
          1.0
        ]
      ]
    },
    {
      "file_path": "/media/NFS/ttao/scannet/posed_images/scene0475_01/00136.jpg",
      "transform_matrix": [
        [
          -0.00115,
          -0.517871,
          0.855458,
          4.326383
        ],
        [
          -0.996866,
          0.068262,
          0.039984,
          1.917391
        ],
        [
          -0.079102,
          -0.852731,
          -0.516327,
          1.671978
        ],
        [
          0.0,
          0.0,
          0.0,
          1.0
        ]
      ]
    },
    {
      "file_path": "/media/NFS/ttao/scannet/posed_images/scene0475_01/00139.jpg",
      "transform_matrix": [
        [
          -0.01135,
          -0.523163,
          0.852157,
          4.390827
        ],
        [
          -0.997634,
          0.06372,
          0.025831,
          1.915091
        ],
        [
          -0.067813,
          -0.849847,
          -0.522648,
          1.674398
        ],
        [
          0.0,
          0.0,
          0.0,
          1.0
        ]
      ]
    },
    {
      "file_path": "/media/NFS/ttao/scannet/posed_images/scene0475_01/00142.jpg",
      "transform_matrix": [
        [
          -0.013686,
          -0.508531,
          0.860935,
          4.454173
        ],
        [
          -0.998001,
          0.060082,
          0.019623,
          1.916934
        ],
        [
          -0.061705,
          -0.858945,
          -0.508337,
          1.687207
        ],
        [
          0.0,
          0.0,
          0.0,
          1.0
        ]
      ]
    },
    {
      "file_path": "/media/NFS/ttao/scannet/posed_images/scene0475_01/00144.jpg",
      "transform_matrix": [
        [
          -0.021781,
          -0.497974,
          0.866918,
          4.491442
        ],
        [
          -0.998296,
          0.057783,
          0.00811,
          1.921525
        ],
        [
          -0.054132,
          -0.865264,
          -0.498385,
          1.667518
        ],
        [
          0.0,
          0.0,
          0.0,
          1.0
        ]
      ]
    },
    {
      "file_path": "/media/NFS/ttao/scannet/posed_images/scene0475_01/00147.jpg",
      "transform_matrix": [
        [
          -0.038193,
          -0.508788,
          0.860044,
          4.574108
        ],
        [
          -0.998227,
          0.058747,
          -0.009575,
          1.924151
        ],
        [
          -0.045653,
          -0.858885,
          -0.51013,
          1.700245
        ],
        [
          0.0,
          0.0,
          0.0,
          1.0
        ]
      ]
    },
    {
      "file_path": "/media/NFS/ttao/scannet/posed_images/scene0475_01/00149.jpg",
      "transform_matrix": [
        [
          -0.038446,
          -0.493574,
          0.868854,
          4.611236
        ],
        [
          -0.998187,
          0.059265,
          -0.010502,
          1.895061
        ],
        [
          -0.046309,
          -0.867682,
          -0.494957,
          1.687233
        ],
        [
          0.0,
          0.0,
          0.0,
          1.0
        ]
      ]
    },
    {
      "file_path": "/media/NFS/ttao/scannet/posed_images/scene0475_01/00150.jpg",
      "transform_matrix": [
        [
          -0.04082,
          -0.492035,
          0.869618,
          4.628357
        ],
        [
          -0.998152,
          0.059293,
          -0.013305,
          1.885003
        ],
        [
          -0.045016,
          -0.868554,
          -0.493546,
          1.683256
        ],
        [
          0.0,
          0.0,
          0.0,
          1.0
        ]
      ]
    },
    {
      "file_path": "/media/NFS/ttao/scannet/posed_images/scene0475_01/00153.jpg",
      "transform_matrix": [
        [
          -0.049214,
          -0.50839,
          0.85972,
          4.716867
        ],
        [
          -0.997996,
          0.059319,
          -0.022051,
          1.862528
        ],
        [
          -0.039788,
          -0.859081,
          -0.51029,
          1.690673
        ],
        [
          0.0,
          0.0,
          0.0,
          1.0
        ]
      ]
    },
    {
      "file_path": "/media/NFS/ttao/scannet/posed_images/scene0475_01/00156.jpg",
      "transform_matrix": [
        [
          -0.067048,
          -0.508554,
          0.858416,
          4.772557
        ],
        [
          -0.996933,
          0.068962,
          -0.037011,
          1.874423
        ],
        [
          -0.040376,
          -0.858264,
          -0.511617,
          1.678391
        ],
        [
          0.0,
          0.0,
          0.0,
          1.0
        ]
      ]
    },
    {
      "file_path": "/media/NFS/ttao/scannet/posed_images/scene0475_01/00159.jpg",
      "transform_matrix": [
        [
          -0.076725,
          -0.523566,
          0.848523,
          4.831206
        ],
        [
          -0.996133,
          0.076791,
          -0.042689,
          1.852158
        ],
        [
          -0.042808,
          -0.848517,
          -0.527433,
          1.662457
        ],
        [
          0.0,
          0.0,
          0.0,
          1.0
        ]
      ]
    },
    {
      "file_path": "/media/NFS/ttao/scannet/posed_images/scene0475_01/00160.jpg",
      "transform_matrix": [
        [
          -0.079348,
          -0.527356,
          0.845931,
          4.850975
        ],
        [
          -0.995984,
          0.077251,
          -0.045264,
          1.859248
        ],
        [
          -0.041479,
          -0.846125,
          -0.531368,
          1.654658
        ],
        [
          0.0,
          0.0,
          0.0,
          1.0
        ]
      ]
    },
    {
      "file_path": "/media/NFS/ttao/scannet/posed_images/scene0475_01/00162.jpg",
      "transform_matrix": [
        [
          -0.070594,
          -0.535338,
          0.841683,
          4.897472
        ],
        [
          -0.996633,
          0.073134,
          -0.037075,
          1.834732
        ],
        [
          -0.041708,
          -0.841466,
          -0.538698,
          1.655347
        ],
        [
          0.0,
          0.0,
          0.0,
          1.0
        ]
      ]
    },
    {
      "file_path": "/media/NFS/ttao/scannet/posed_images/scene0475_01/00164.jpg",
      "transform_matrix": [
        [
          -0.060978,
          -0.537006,
          0.841371,
          4.93981
        ],
        [
          -0.997434,
          0.064465,
          -0.031144,
          1.824828
        ],
        [
          -0.037515,
          -0.841111,
          -0.539559,
          1.643415
        ],
        [
          0.0,
          0.0,
          0.0,
          1.0
        ]
      ]
    },
    {
      "file_path": "/media/NFS/ttao/scannet/posed_images/scene0475_01/00168.jpg",
      "transform_matrix": [
        [
          -0.037798,
          -0.520445,
          0.853058,
          5.038997
        ],
        [
          -0.997917,
          0.064326,
          -0.004972,
          1.790462
        ],
        [
          -0.052287,
          -0.851469,
          -0.521792,
          1.646656
        ],
        [
          0.0,
          0.0,
          0.0,
          1.0
        ]
      ]
    },
    {
      "file_path": "/media/NFS/ttao/scannet/posed_images/scene0475_01/00169.jpg",
      "transform_matrix": [
        [
          -0.031325,
          -0.51788,
          0.854879,
          5.055176
        ],
        [
          -0.997925,
          0.064348,
          0.002415,
          1.791646
        ],
        [
          -0.05626,
          -0.85303,
          -0.518821,
          1.640546
        ],
        [
          0.0,
          0.0,
          0.0,
          1.0
        ]
      ]
    },
    {
      "file_path": "/media/NFS/ttao/scannet/posed_images/scene0475_01/00172.jpg",
      "transform_matrix": [
        [
          -0.017054,
          -0.501752,
          0.864843,
          5.124863
        ],
        [
          -0.998479,
          0.053894,
          0.011579,
          1.798215
        ],
        [
          -0.052419,
          -0.863331,
          -0.501908,
          1.641948
        ],
        [
          0.0,
          0.0,
          0.0,
          1.0
        ]
      ]
    },
    {
      "file_path": "/media/NFS/ttao/scannet/posed_images/scene0475_01/00175.jpg",
      "transform_matrix": [
        [
          0.019372,
          -0.516416,
          0.856119,
          5.184021
        ],
        [
          -0.998404,
          0.035441,
          0.043969,
          1.788115
        ],
        [
          -0.053048,
          -0.855604,
          -0.514905,
          1.651279
        ],
        [
          0.0,
          0.0,
          0.0,
          1.0
        ]
      ]
    },
    {
      "file_path": "/media/NFS/ttao/scannet/posed_images/scene0475_01/00176.jpg",
      "transform_matrix": [
        [
          0.022717,
          -0.518817,
          0.854584,
          5.202101
        ],
        [
          -0.998369,
          0.033008,
          0.046579,
          1.790544
        ],
        [
          -0.052374,
          -0.854248,
          -0.517221,
          1.653153
        ],
        [
          0.0,
          0.0,
          0.0,
          1.0
        ]
      ]
    },
    {
      "file_path": "/media/NFS/ttao/scannet/posed_images/scene0475_01/00179.jpg",
      "transform_matrix": [
        [
          0.027424,
          -0.524752,
          0.850813,
          5.265034
        ],
        [
          -0.997713,
          0.038231,
          0.055739,
          1.795067
        ],
        [
          -0.061777,
