{
  "frames": [
    {
      "file_path": "/media/NFS/ttao/scannet/posed_images/scene0385_00/00000.jpg",
      "transform_matrix": [
        [
          -0.119951,
          0.248734,
          -0.961116,
          3.431786
        ],
        [
          0.992576,
          0.049682,
          -0.11102,
          3.077497
        ],
        [
          0.020136,
          -0.967297,
          -0.252847,
          1.478511
        ],
        [
          0.0,
          0.0,
          0.0,
          1.0
        ]
      ]
    },
    {
      "file_path": "/media/NFS/ttao/scannet/posed_images/scene0385_00/00006.jpg",
      "transform_matrix": [
        [
          -0.105412,
          0.238864,
          -0.965315,
          3.426177
        ],
        [
          0.994018,
          0.053191,
          -0.095384,
          3.074835
        ],
        [
          0.028563,
          -0.969595,
          -0.243042,
          1.494504
        ],
        [
          0.0,
          0.0,
          0.0,
          1.0
        ]
      ]
    },
    {
      "file_path": "/media/NFS/ttao/scannet/posed_images/scene0385_00/00008.jpg",
      "transform_matrix": [
        [
          -0.100753,
          0.232921,
          -0.967262,
          3.42516
        ],
        [
          0.994424,
          0.05402,
          -0.090574,
          3.069742
        ],
        [
          0.031155,
          -0.970994,
          -0.237065,
          1.49728
        ],
        [
          0.0,
          0.0,
          0.0,
          1.0
        ]
      ]
    },
    {
      "file_path": "/media/NFS/ttao/scannet/posed_images/scene0385_00/00012.jpg",
      "transform_matrix": [
        [
          -0.11407,
          0.218741,
          -0.969093,
          3.428279
        ],
        [
          0.992791,
          0.061227,
          -0.10304,
          3.072337
        ],
        [
          0.036796,
          -0.97386,
          -0.224148,
          1.473164
        ],
        [
          0.0,
          0.0,
          0.0,
          1.0
        ]
      ]
    },
    {
      "file_path": "/media/NFS/ttao/scannet/posed_images/scene0385_00/00018.jpg",
      "transform_matrix": [
        [
          -0.180678,
          0.226816,
          -0.957032,
          3.425188
        ],
        [
          0.982617,
          0.083822,
          -0.165643,
          3.068408
        ],
        [
          0.04265,
          -0.970324,
          -0.238018,
          1.472315
        ],
        [
          0.0,
          0.0,
          0.0,
          1.0
        ]
      ]
    },
    {
      "file_path": "/media/NFS/ttao/scannet/posed_images/scene0385_00/00023.jpg",
      "transform_matrix": [
        [
          -0.231056,
          0.24172,
          -0.942436,
          3.436756
        ],
        [
          0.971994,
          0.100061,
          -0.212639,
          2.992318
        ],
        [
          0.042902,
          -0.965173,
          -0.25807,
          1.458579
        ],
        [
          0.0,
          0.0,
          0.0,
          1.0
        ]
      ]
    },
    {
      "file_path": "/media/NFS/ttao/scannet/posed_images/scene0385_00/00026.jpg",
      "transform_matrix": [
        [
          -0.297793,
          0.227496,
          -0.927127,
          3.422835
        ],
        [
          0.954036,
          0.105197,
          -0.280623,
          3.051784
        ],
        [
          0.03369,
          -0.96808,
          -0.248366,
          1.454328
        ],
        [
          0.0,
          0.0,
          0.0,
          1.0
        ]
      ]
    },
    {
      "file_path": "/media/NFS/ttao/scannet/posed_images/scene0385_00/00034.jpg",
      "transform_matrix": [
        [
          -0.367814,
          0.244361,
          -0.897218,
          3.434337
        ],
        [
          0.929721,
          0.115557,
          -0.349666,
          2.969542
        ],
        [
          0.018236,
          -0.962774,
          -0.269691,
          1.443607
        ],
        [
          0.0,
          0.0,
          0.0,
          1.0
        ]
      ]
    },
    {
      "file_path": "/media/NFS/ttao/scannet/posed_images/scene0385_00/00036.jpg",
      "transform_matrix": [
        [
          -0.387542,
          0.245931,
          -0.888442,
          3.430917
        ],
        [
          0.921662,
          0.122963,
          -0.367994,
          2.96831
        ],
        [
          0.018745,
          -0.961456,
          -0.274318,
          1.444876
        ],
        [
          0.0,
          0.0,
          0.0,
          1.0
        ]
      ]
    },
    {
      "file_path": "/media/NFS/ttao/scannet/posed_images/scene0385_00/00040.jpg",
      "transform_matrix": [
        [
          -0.418244,
          0.245561,
          -0.874512,
          3.44014
        ],
        [
          0.908147,
          0.132623,
          -0.39709,
          2.937248
        ],
        [
          0.018471,
          -0.960266,
          -0.278475,
          1.446951
        ],
        [
          0.0,
          0.0,
          0.0,
          1.0
        ]
      ]
    },
    {
      "file_path": "/media/NFS/ttao/scannet/posed_images/scene0385_00/00046.jpg",
      "transform_matrix": [
        [
          -0.490172,
          0.216835,
          -0.844224,
          3.425983
        ],
        [
          0.871221,
          0.151386,
          -0.466964,
          2.946766
        ],
        [
          0.026549,
          -0.964399,
          -0.263117,
          1.459544
        ],
        [
          0.0,
          0.0,
          0.0,
          1.0
        ]
      ]
    },
    {
      "file_path": "/media/NFS/ttao/scannet/posed_images/scene0385_00/00050.jpg",
      "transform_matrix": [
        [
          -0.543426,
          0.191061,
          -0.817425,
          3.428059
        ],
        [
          0.838587,
          0.167888,
          -0.518253,
          2.933307
        ],
        [
          0.038218,
          -0.967114,
          -0.251456,
          1.464753
        ],
        [
          0.0,
          0.0,
          0.0,
          1.0
        ]
      ]
    },
    {
      "file_path": "/media/NFS/ttao/scannet/posed_images/scene0385_00/00055.jpg",
      "transform_matrix": [
        [
          -0.620367,
          0.176374,
          -0.764223,
          3.397239
        ],
        [
          0.78404,
          0.165073,
          -0.598358,
          2.957344
        ],
        [
          0.020618,
          -0.970383,
          -0.24069,
          1.471904
        ],
        [
          0.0,
          0.0,
          0.0,
          1.0
        ]
      ]
    },
    {
      "file_path": "/media/NFS/ttao/scannet/posed_images/scene0385_00/00059.jpg",
      "transform_matrix": [
        [
          -0.684745,
          0.160047,
          -0.710992,
          3.353401
        ],
        [
          0.728742,
          0.160735,
          -0.665658,
          2.988679
        ],
        [
          0.007744,
          -0.973935,
          -0.226696,
          1.473728
        ],
        [
          0.0,
          0.0,
          0.0,
          1.0
        ]
      ]
    },
    {
      "file_path": "/media/NFS/ttao/scannet/posed_images/scene0385_00/00063.jpg",
      "transform_matrix": [
        [
          -0.705161,
          0.135666,
          -0.695948,
          3.385182
        ],
        [
          0.708594,
          0.169953,
          -0.684844,
          2.923551
        ],
        [
          0.025369,
          -0.976069,
          -0.215976,
          1.486229
        ],
        [
          0.0,
          0.0,
          0.0,
          1.0
        ]
      ]
    },
    {
      "file_path": "/media/NFS/ttao/scannet/posed_images/scene0385_00/00070.jpg",
      "transform_matrix": [
        [
          -0.757948,
          0.0866,
          -0.646541,
          3.361453
        ],
        [
          0.650853,
          0.166722,
          -0.740672,
          2.920593
        ],
        [
          0.043651,
          -0.982194,
          -0.18273,
          1.493752
        ],
        [
          0.0,
          0.0,
          0.0,
          1.0
        ]
      ]
    },
    {
      "file_path": "/media/NFS/ttao/scannet/posed_images/scene0385_00/00073.jpg",
      "transform_matrix": [
        [
          -0.773552,
          0.077465,
          -0.62898,
          3.35379
        ],
        [
          0.632154,
          0.16431,
          -0.75722,
          2.917206
        ],
        [
          0.04469,
          -0.983362,
          -0.176072,
          1.492779
        ],
        [
          0.0,
          0.0,
          0.0,
          1.0
        ]
      ]
    },
    {
      "file_path": "/media/NFS/ttao/scannet/posed_images/scene0385_00/00077.jpg",
      "transform_matrix": [
        [
          -0.81094,
          0.059429,
          -0.582104,
          3.303974
        ],
        [
          0.583122,
          0.164424,
          -0.795571,
          2.94275
        ],
        [
          0.048432,
          -0.984598,
          -0.167993,
          1.505892
        ],
        [
          0.0,
          0.0,
          0.0,
          1.0
        ]
      ]
    },
    {
      "file_path": "/media/NFS/ttao/scannet/posed_images/scene0385_00/00085.jpg",
      "transform_matrix": [
        [
          -0.855171,
          0.022029,
          -0.517878,
          3.231161
        ],
        [
          0.51577,
          0.135643,
          -0.845921,
          2.935386
        ],
        [
          0.051612,
          -0.990513,
          -0.127359,
          1.54567
        ],
        [
          0.0,
          0.0,
          0.0,
          1.0
        ]
      ]
    },
    {
      "file_path": "/media/NFS/ttao/scannet/posed_images/scene0385_00/00090.jpg",
      "transform_matrix": [
        [
          -0.872452,
          0.007285,
          -0.488645,
          3.197769
        ],
        [
          0.48586,
          0.120543,
          -0.865684,
          2.909008
        ],
        [
          0.052596,
          -0.992681,
          -0.108708,
          1.565873
        ],
        [
          0.0,
          0.0,
          0.0,
          1.0
        ]
      ]
    },
    {
      "file_path": "/media/NFS/ttao/scannet/posed_images/scene0385_00/00091.jpg",
      "transform_matrix": [
        [
          -0.87384,
          0.000837,
          -0.486213,
          3.193841
        ],
        [
          0.482812,
          0.119569,
          -0.867523,
          2.897497
        ],
        [
          0.05741,
          -0.992826,
          -0.104888,
          1.566925
        ],
        [
          0.0,
          0.0,
          0.0,
          1.0
        ]
      ]
    },
    {
      "file_path": "/media/NFS/ttao/scannet/posed_images/scene0385_00/00099.jpg",
      "transform_matrix": [
        [
          -0.902677,
          -0.058993,
          -0.426255,
          3.096747
        ],
        [
          0.42209,
          0.071396,
          -0.903738,
          2.839047
        ],
        [
          0.083747,
          -0.995702,
          -0.039547,
          1.590716
        ],
        [
          0.0,
          0.0,
          0.0,
          1.0
        ]
      ]
    },
    {
      "file_path": "/media/NFS/ttao/scannet/posed_images/scene0385_00/00103.jpg",
      "transform_matrix": [
        [
          -0.903132,
          -0.07112,
          -0.423433,
          3.079188
        ],
        [
          0.42035,
          0.054567,
          -0.90572,
          2.800308
        ],
        [
          0.08752,
          -0.995974,
          -0.019386,
          1.628678
        ],
        [
          0.0,
          0.0,
          0.0,
          1.0
        ]
      ]
    },
    {
      "file_path": "/media/NFS/ttao/scannet/posed_images/scene0385_00/00105.jpg",
      "transform_matrix": [
        [
          -0.898894,
          -0.085478,
          -0.429749,
          3.066956
        ],
        [
          0.427731,
          0.041604,
          -0.902948,
          2.78703
        ],
        [
          0.095062,
          -0.995471,
          -0.000836,
          1.63539
        ],
        [
          0.0,
          0.0,
          0.0,
          1.0
        ]
      ]
    },
    {
      "file_path": "/media/NFS/ttao/scannet/posed_images/scene0385_00/00109.jpg",
      "transform_matrix": [
        [
          -0.902735,
          -0.089678,
          -0.420746,
          3.04175
        ],
        [
          0.420289,
          0.024847,
          -0.90705,
          2.771148
        ],
        [
          0.091797,
          -0.995661,
          0.015261,
          1.652229
        ],
        [
          0.0,
          0.0,
          0.0,
          1.0
        ]
      ]
    },
    {
      "file_path": "/media/NFS/ttao/scannet/posed_images/scene0385_00/00116.jpg",
      "transform_matrix": [
        [
          -0.926678,
          -0.088244,
          -0.36535,
          2.98691
        ],
        [
          0.368242,
          -0.018491,
          -0.929546,
          2.76411
        ],
        [
          0.075271,
          -0.995927,
          0.04963,
          1.670653
        ],
        [
          0.0,
          0.0,
          0.0,
          1.0
        ]
      ]
    },
    {
      "file_path": "/media/NFS/ttao/scannet/posed_images/scene0385_00/00121.jpg",
      "transform_matrix": [
        [
          -0.95085,
          -0.083795,
          -0.298099,
          2.964752
        ],
        [
          0.301762,
          -0.034809,
          -0.952748,
          2.772993
        ],
        [
          0.069459,
          -0.995875,
          0.058385,
          1.67552
        ],
        [
          0.0,
          0.0,
          0.0,
          1.0
        ]
      ]
    },
    {
      "file_path": "/media/NFS/ttao/scannet/posed_images/scene0385_00/00127.jpg",
      "transform_matrix": [
        [
          -0.983154,
          -0.090785,
          -0.15864,
          2.874584
        ],
        [
          0.162745,
          -0.039718,
          -0.985868,
          2.797086
        ],
        [
          0.083201,
          -0.995078,
          0.053824,
          1.679252
        ],
        [
          0.0,
          0.0,
          0.0,
          1.0
        ]
      ]
    },
    {
      "file_path": "/media/NFS/ttao/scannet/posed_images/scene0385_00/00128.jpg",
      "transform_matrix": [
        [
          -0.98705,
          -0.092794,
          -0.130848,
          2.85334
        ],
        [
          0.13486,
          -0.038352,
          -0.990122,
          2.800913
        ],
        [
          0.086859,
          -0.994946,
          0.050369,
          1.687434
        ],
        [
          0.0,
          0.0,
          0.0,
          1.0
        ]
      ]
    },
    {
      "file_path": "/media/NFS/ttao/scannet/posed_images/scene0385_00/00132.jpg",
      "transform_matrix": [
        [
          -0.993697,
          -0.107783,
          -0.030812,
          2.783769
        ],
        [
          0.033881,
          -0.026758,
          -0.999068,
          2.815171
        ],
        [
          0.106858,
          -0.993814,
          0.030242,
          1.657515
        ],
        [
          0.0,
          0.0,
          0.0,
          1.0
        ]
      ]
    },
    {
      "file_path": "/media/NFS/ttao/scannet/posed_images/scene0385_00/00141.jpg",
      "transform_matrix": [
        [
          -0.981663,
          -0.103116,
          0.160327,
          2.661072
        ],
        [
          -0.164719,
          0.035536,
          -0.9857,
          2.821177
        ],
        [
          0.095944,
          -0.994034,
          -0.05187,
          1.642731
        ],
        [
          0.0,
          0.0,
          0.0,
          1.0
        ]
      ]
    },
    {
      "file_path": "/media/NFS/ttao/scannet/posed_images/scene0385_00/00143.jpg",
      "transform_matrix": [
        [
          -0.974411,
          -0.105879,
          0.198273,
          2.634117
        ],
        [
          -0.204073,
          0.04698,
          -0.977828,
          2.81944
        ],
        [
          0.094217,
          -0.993269,
          -0.067385,
          1.646397
        ],
        [
          0.0,
          0.0,
          0.0,
          1.0
        ]
      ]
    },
    {
      "file_path": "/media/NFS/ttao/scannet/posed_images/scene0385_00/00149.jpg",
      "transform_matrix": [
        [
          -0.948871,
          -0.118654,
          0.292516,
          2.585232
        ],
        [
          -0.301616,
          0.067422,
          -0.951042,
          2.816097
        ],
        [
          0.093124,
          -0.990644,
          -0.099763,
          1.640038
        ],
        [
          0.0,
          0.0,
          0.0,
          1.0
        ]
      ]
    },
    {
      "file_path": "/media/NFS/ttao/scannet/posed_images/scene0385_00/00150.jpg",
      "transform_matrix": [
        [
          -0.949428,
          -0.120136,
          0.290094,
          2.61896
        ],
        [
          -0.299701,
          0.07123,
          -0.95137,
          2.824403
        ],
        [
          0.09363,
          -0.990199,
          -0.103632,
          1.639555
        ],
        [
          0.0,
          0.0,
          0.0,
          1.0
        ]
      ]
    },
    {
      "file_path": "/media/NFS/ttao/scannet/posed_images/scene0385_00/00157.jpg",
      "transform_matrix": [
        [
          -0.908387,
          -0.142271,
          0.393183,
          2.580276
        ],
        [
          -0.407663,
          0.092258,
          -0.90846,
          2.809384
        ],
        [
          0.092973,
          -0.985519,
          -0.141804,
          1.615519
        ],
        [
          0.0,
          0.0,
          0.0,
          1.0
        ]
      ]
    },
    {
      "file_path": "/media/NFS/ttao/scannet/posed_images/scene0385_00/00163.jpg",
      "transform_matrix": [
        [
          -0.867139,
          -0.153277,
          0.473896,
          2.617828
        ],
        [
          -0.49224,
          0.118613,
          -0.862341,
          2.820717
        ],
        [
          0.075966,
          -0.981039,
          -0.178303,
          1.612756
        ],
        [
          0.0,
          0.0,
          0.0,
          1.0
        ]
      ]
    },
    {
      "file_path": "/media/NFS/ttao/scannet/posed_images/scene0385_00/00167.jpg",
      "transform_matrix": [
        [
          -0.831194,
          -0.165669,
          0.530726,
          2.621351
        ],
        [
          -0.55147,
          0.124303,
          -0.824882,
          2.818748
        ],
        [
          0.070686,
          -0.978316,
          -0.194681,
          1.607055
        ],
        [
          0.0,
          0.0,
          0.0,
          1.0
        ]
      ]
    },
    {
      "file_path": "/media/NFS/ttao/scannet/posed_images/scene0385_00/00170.jpg",
      "transform_matrix": [
        [
          -0.817469,
          -0.174615,
          0.548866,
          2.671788
        ],
        [
          -0.571916,
          0.133187,
          -0.809428,
          2.849771
        ],
        [
          0.068237,
          -0.975587,
          -0.208742,
          1.601987
        ],
        [
          0.0,
          0.0,
          0.0,
          1.0
        ]
      ]
    },
    {
      "file_path": "/media/NFS/ttao/scannet/posed_images/scene0385_00/00177.jpg",
      "transform_matrix": [
        [
          -0.756983,
          -0.202657,
          0.621214,
          2.670714
        ],
        [
          -0.649739,
          0.132476,
          -0.748525,
          2.837884
        ],
        [
          0.069398,
          -0.970248,
          -0.231957,
          1.582483
        ],
        [
          0.0,
          0.0,
          0.0,
          1.0
        ]
      ]
    },
    {
      "file_path": "/media/NFS/ttao/scannet/posed_images/scene0385_00/00181.jpg",
      "transform_matrix": [
        [
          -0.731332,
          -0.209202,
          0.649144,
          2.688994
        ],
        [
          -0.678603,
          0.128024,
          -0.723262,
          2.84818
        ],
        [
          0.068202,
          -0.969456,
          -0.235594,
          1.568271
        ],
        [
          0.0,
          0.0,
          0.0,
          1.0
        ]
      ]
    },
    {
      "file_path": "/media/NFS/ttao/scannet/posed_images/scene0385_00/00183.jpg",
      "transform_matrix": [
        [
          -0.713498,
          -0.215181,
          0.666797,
          2.690414
        ],
        [
          -0.697392,
          0.126337,
          -0.705467,
          2.84344
        ],
        [
          0.067562,
          -0.968368,
          -0.240207,
          1.565997
        ],
        [
          0.0,
          0.0,
          0.0,
          1.0
        ]
      ]
    },
    {
      "file_path": "/media/NFS/ttao/scannet/posed_images/scene0385_00/00188.jpg",
      "transform_matrix": [
        [
          -0.673494,
          -0.22924,
          0.702748,
          2.704178
        ],
        [
          -0.736304,
          0.124082,
          -0.665176,
          2.836437
        ],
        [
          0.065286,
          -0.965429,
          -0.252359,
          1.550299
        ],
        [
          0.0,
          0.0,
          0.0,
          1.0
        ]
      ]
    },
    {
      "file_path": "/media/NFS/ttao/scannet/posed_images/scene0385_00/00196.jpg",
      "transform_matrix": [
        [
          -0.623881,
          -0.253287,
          0.739337,
          2.750252
        ],
        [
          -0.779327,
          0.130813,
          -0.612811,
          2.835144
        ],
        [
          0.058502,
          -0.958506,
          -0.279005,
          1.538588
        ],
        [
          0.0,
          0.0,
          0.0,
          1.0
        ]
      ]
    },
    {
      "file_path": "/media/NFS/ttao/scannet/posed_images/scene0385_00/00200.jpg",
      "transform_matrix": [
        [
          -0.604996,
          -0.266931,
          0.750152,
          2.774367
        ],
        [
          -0.794251,
          0.135958,
          -0.592183,
          2.833194
        ],
        [
          0.056083,
          -0.954077,
          -0.294264,
          1.543243
        ],
        [
          0.0,
          0.0,
          0.0,
          1.0
        ]
      ]
    },
    {
      "file_path": "/media/NFS/ttao/scannet/posed_images/scene0385_00/00201.jpg",
      "transform_matrix": [
        [
          -0.601672,
          -0.267679,
          0.752555,
          2.780734
        ],
        [
          -0.796603,
          0.132174,
          -0.589875,
          2.836939
        ],
        [
          0.05843,
          -0.954399,
          -0.292759,
          1.534127
        ],
        [
          0.0,
          0.0,
          0.0,
          1.0
        ]
      ]
    },
    {
      "file_path": "/media/NFS/ttao/scannet/posed_images/scene0385_00/00205.jpg",
      "transform_matrix": [
        [
          -0.57918,
          -0.277527,
          0.766504,
          2.803178
        ],
        [
          -0.812699,
          0.122991,
          -0.569555,
          2.82977
        ],
        [
          0.063794,
          -0.952813,
          -0.29678,
          1.533259
        ],
        [
          0.0,
          0.0,
          0.0,
          1.0
        ]
      ]
    },
    {
      "file_path": "/media/NFS/ttao/scannet/posed_images/scene0385_00/00211.jpg",
      "transform_matrix": [
        [
          -0.542578,
          -0.2868,
          0.789528,
          2.83983
        ],
        [
          -0.837905,
          0.118366,
          -0.532827,
          2.822248
        ],
        [
          0.059361,
          -0.95065,
          -0.304534,
          1.533733
        ],
        [
          0.0,
          0.0,
          0.0,
          1.0
        ]
      ]
    },
    {
      "file_path": "/media/NFS/ttao/scannet/posed_images/scene0385_00/00218.jpg",
      "transform_matrix": [
        [
          -0.500245,
          -0.299567,
          0.812413,
          2.88337
        ],
        [
          -0.865368,
          0.140565,
          -0.48102,
          2.802644
        ],
        [
          0.029901,
          -0.943664,
          -0.329552,
          1.518002
        ],
        [
          0.0,
          0.0,
          0.0,
          1.0
        ]
      ]
    },
    {
      "file_path": "/media/NFS/ttao/scannet/posed_images/scene0385_00/00223.jpg",
      "transform_matrix": [
        [
          -0.490465,
          -0.312881,
          0.813357,
          2.923369
        ],
        [
          -0.871259,
          0.155972,
          -0.465382,
          2.788442
        ],
        [
          0.018748,
          -0.936898,
          -0.349099,
          1.506416
        ],
        [
          0.0,
          0.0,
          0.0,
          1.0
        ]
      ]
    },
    {
      "file_path": "/media/NFS/ttao/scannet/posed_images/scene0385_00/00226.jpg",
      "transform_matrix": [
        [
          -0.48206,
          -0.323634,
          0.814174,
          2.943625
        ],
        [
          -0.875941,
          0.158316,
          -0.455701,
          2.77361
        ],
        [
          0.018584,
          -0.932844,
          -0.359802,
          1.501929
        ],
        [
          0.0,
          0.0,
          0.0,
          1.0
        ]
      ]
    },
    {
      "file_path": "/media/NFS/ttao/scannet/posed_images/scene0385_00/00229.jpg",
      "transform_matrix": [
        [
          -0.462708,
          -0.338724,
          0.819248,
          2.964225
        ],
        [
          -0.886255,
          0.154563,
          -0.436649,
          2.755459
        ],
        [
          0.021278,
          -0.928104,
          -0.371713,
          1.493446
        ],
        [
          0.0,
          0.0,
          0.0,
          1.0
        ]
      ]
    },
    {
      "file_path": "/media/NFS/ttao/scannet/posed_images/scene0385_00/00234.jpg",
      "transform_matrix": [
        [
          -0.382773,
          -0.383764,
          0.840363,
          2.997958
        ],
        [
          -0.923359,
          0.129485,
          -0.361445,
          2.722551
        ],
        [
          0.029895,
          -0.914308,
          -0.403915,
          1.476564
        ],
        [
          0.0,
          0.0,
          0.0,
          1.0
        ]
      ]
    },
    {
      "file_path": "/media/NFS/ttao/scannet/posed_images/scene0385_00/00241.jpg",
      "transform_matrix": [
        [
          -0.21518,
          -0.416311,
          0.883393,
          3.027731
        ],
        [
          -0.975675,
          0.052835,
          -0.212759,
          2.662071
        ],
        [
          0.0419,
          -0.907686,
          -0.417553,
          1.482759
        ],
        [
          0.0,
          0.0,
          0.0,
          1.0
        ]
      ]
    },
    {
      "file_path": "/media/NFS/ttao/scannet/posed_images/scene0385_00/00243.jpg",
      "transform_matrix": [
        [
          -0.168591,
          -0.421543,
          0.890999,
          3.035195
        ],
        [
          -0.984825,
          0.03426,
          -0.170136,
          2.642417
        ],
        [
          0.041194,
          -0.906161,
          -0.420922,
          1.485999
        ],
        [
          0.0,
          0.0,
          0.0,
          1.0
        ]
      ]
    },
    {
      "file_path": "/media/NFS/ttao/scannet/posed_images/scene0385_00/00247.jpg",
      "transform_matrix": [
        [
          -0.074672,
          -0.420544,
          0.904194,
          3.047884
        ],
        [
          -0.996266,
          -0.007943,
          -0.08597,
          2.610292
        ],
        [
          0.043336,
          -0.907237,
          -0.418381,
          1.485608
        ],
        [
          0.0,
          0.0,
          0.0,
          1.0
        ]
      ]
    },
    {
      "file_path": "/media/NFS/ttao/scannet/posed_images/scene0385_00/00254.jpg",
      "transform_matrix": [
        [
          0.014656,
          -0.411936,
          0.911095,
          3.109538
        ],
        [
          -0.999091,
          -0.042498,
          -0.003143,
          2.641729
        ],
        [
          0.040015,
          -0.910221,
          -0.412184,
          1.466758
        ],
        [
          0.0,
          0.0,
          0.0,
          1.0
        ]
      ]
    },
    {
      "file_path": "/media/NFS/ttao/scannet/posed_images/scene0385_00/00256.jpg",
      "transform_matrix": [
        [
          0.044907,
          -0.411465,
          0.910318,
          3.130729
        ],
        [
          -0.998274,
          -0.053004,
          0.025289,
          2.637423
        ],
        [
          0.037845,
          -0.909883,
          -0.413135,
          1.468538
        ],
        [
          0.0,
          0.0,
          0.0,
          1.0
        ]
      ]
    },
    {
      "file_path": "/media/NFS/ttao/scannet/posed_images/scene0385_00/00263.jpg",
      "transform_matrix": [
        [
          0.161393,
          -0.361348,
          0.918357,
          3.202874
        ],
        [
          -0.986252,
          -0.092515,
          0.136923,
          2.62544
        ],
        [
          0.035485,
          -0.92783,
          -0.371311,
          1.474171
        ],
        [
          0.0,
          0.0,
          0.0,
          1.0
        ]
      ]
    },
    {
      "file_path": "/media/NFS/ttao/scannet/posed_images/scene0385_00/00266.jpg",
      "transform_matrix": [
        [
          0.223644,
          -0.349715,
          0.909771,
          3.23363
        ],
        [
          -0.97374,
          -0.120958,
          0.192873,
          2.61264
        ],
        [
          0.042593,
          -0.929015,
          -0.367583,
          1.476453
        ],
        [
          0.0,
          0.0,
          0.0,
          1.0
        ]
      ]
    },
    {
      "file_path": "/media/NFS/ttao/scannet/posed_images/scene0385_00/00273.jpg",
      "transform_matrix": [
        [
          0.317142,
          -0.312891,
          0.895277,
          3.299963
        ],
        [
          -0.947774,
          -0.138261,
          0.287418,
          2.620478
        ],
        [
          0.033851,
          -0.939672,
          -0.340398,
          1.499313
        ],
        [
          0.0,
          0.0,
          0.0,
          1.0
        ]
      ]
    },
    {
      "file_path": "/media/NFS/ttao/scannet/posed_images/scene0385_00/00279.jpg",
      "transform_matrix": [
        [
          0.393146,
          -0.294132,
          0.871162,
          3.32574
        ],
        [
          -0.919176,
          -0.149923,
          0.364196,
          2.590798
        ],
        [
          0.023485,
          -0.943933,
          -0.329301,
          1.500564
        ],
        [
          0.0,
          0.0,
          0.0,
          1.0
        ]
      ]
    },
    {
      "file_path": "/media/NFS/ttao/scannet/posed_images/scene0385_00/00281.jpg",
      "transform_matrix": [
        [
          0.40131,
          -0.294793,
          0.867207,
          3.337136
        ],
        [
          -0.91584,
          -0.114994,
          0.384726,
          2.537484
        ],
        [
          -0.013691,
          -0.948617,
          -0.316132,
          1.481185
        ],
        [
          0.0,
          0.0,
          0.0,
          1.0
        ]
      ]
    },
    {
      "file_path": "/media/NFS/ttao/scannet/posed_images/scene0385_00/00285.jpg",
      "transform_matrix": [
        [
          0.460318,
          -0.274279,
          0.844321,
          3.352225
        ],
        [
          -0.887634,
          -0.126561,
          0.442818,
          2.498926
        ],
        [
          -0.014598,
          -0.953285,
          -0.301718,
          1.486086
        ],
        [
          0.0,
          0.0,
          0.0,
          1.0
        ]
      ]
    },
    {
      "file_path": "/media/NFS/ttao/scannet/posed_images/scene0385_00/00292.jpg",
      "transform_matrix": [
        [
          0.552287,
          -0.233549,
          0.800271,
          3.327936
        ],
        [
          -0.833585,
          -0.142349,
          0.533735,
          2.440312
        ],
        [
          -0.010736,
          -0.961869,
          -0.2733,
          1.46421
        ],
        [
          0.0,
          0.0,
          0.0,
          1.0
        ]
      ]
    },
    {
      "file_path": "/media/NFS/ttao/scannet/posed_images/scene0385_00/00294.jpg",
      "transform_matrix": [
        [
          0.578922,
          -0.22438,
          0.783903,
          3.321122
        ],
        [
          -0.81538,
          -0.156772,
          0.557295,
          2.420315
        ],
        [
          -0.002152,
          -0.961809,
          -0.273713,
          1.457203
        ],
        [
          0.0,
          0.0,
          0.0,
          1.0
        ]
      ]
    },
    {
      "file_path": "/media/NFS/ttao/scannet/posed_images/scene0385_00/00301.jpg",
      "transform_matrix": [
        [
          0.638494,
          -0.225459,
          0.735862,
          3.250462
        ],
        [
          -0.769621,
          -0.190529,
          0.609411,
          2.407105
        ],
        [
          0.002806,
          -0.955441,
          -0.295169,
          1.455409
        ],
        [
          0.0,
          0.0,
          0.0,
          1.0
        ]
      ]
    },
    {
      "file_path": "/media/NFS/ttao/scannet/posed_images/scene0385_00/00303.jpg",
      "transform_matrix": [
        [
          0.666521,
          -0.219858,
          0.712328,
          3.24861
        ],
        [
          -0.745478,
          -0.19219,
          0.638221,
          2.387558
        ],
        [
          -0.003416,
          -0.956413,
          -0.291998,
          1.447393
        ],
        [
          0.0,
          0.0,
          0.0,
          1.0
        ]
      ]
    },
    {
      "file_path": "/media/NFS/ttao/scannet/posed_images/scene0385_00/00310.jpg",
      "transform_matrix": [
        [
          0.725531,
          -0.199087,
          0.658763,
          3.185742
        ],
        [
          -0.68818,
          -0.205024,
          0.695969,
          2.401291
        ],
        [
          -0.003496,
          -0.958295,
          -0.285759,
          1.458228
        ],
        [
          0.0,
          0.0,
          0.0,
          1.0
        ]
      ]
    },
    {
      "file_path": "/media/NFS/ttao/scannet/posed_images/scene0385_00/00312.jpg",
      "transform_matrix": [
        [
          0.748625,
          -0.190199,
          0.635126,
          3.182725
        ],
        [
          -0.662967,
          -0.206214,
          0.719688,
          2.394281
        ],
        [
          -0.005912,
          -0.959844,
          -0.280472,
          1.446553
        ],
        [
          0.0,
          0.0,
          0.0,
          1.0
        ]
      ]
    },
    {
      "file_path": "/media/NFS/ttao/scannet/posed_images/scene0385_00/00319.jpg",
      "transform_matrix": [
        [
          0.826225,
          -0.159049,
          0.540421,
          3.18013
        ],
        [
          -0.563289,
          -0.220398,
          0.796323,
          2.396223
        ],
        [
          -0.007547,
          -0.962355,
          -0.271689,
          1.442417
        ],
        [
          0.0,
          0.0,
          0.0,
          1.0
        ]
      ]
    },
    {
      "file_path": "/media/NFS/ttao/scannet/posed_images/scene0385_00/00324.jpg",
      "transform_matrix": [
        [
          0.865465,
          -0.140415,
          0.480889,
          3.181109
        ],
        [
          -0.500951,
          -0.234312,
          0.833154,
          2.42113
        ],
        [
          -0.00431,
          -0.961968,
          -0.27313,
          1.444758
        ],
        [
          0.0,
          0.0,
          0.0,
          1.0
        ]
      ]
    },
    {
      "file_path": "/media/NFS/ttao/scannet/posed_images/scene0385_00/00325.jpg",
      "transform_matrix": [
        [
          0.871345,
          -0.136693,
          0.471246,
          3.180256
        ],
        [
          -0.490661,
          -0.236768,
          0.838566,
          2.428997
        ],
        [
          -0.00305,
          -0.961902,
          -0.273376,
          1.449151
        ],
        [
          0.0,
          0.0,
          0.0,
          1.0
        ]
      ]
    },
    {
      "file_path": "/media/NFS/ttao/scannet/posed_images/scene0385_00/00330.jpg",
      "transform_matrix": [
        [
          0.900803,
          -0.113444,
          0.419147,
          3.189625
        ],
        [
          -0.434107,
          -0.258121,
          0.863091,
          2.457217
        ],
        [
          0.010278,
          -0.959429,
          -0.281763,
          1.438727
        ],
        [
          0.0,
          0.0,
          0.0,
          1.0
        ]
      ]
    },
    {
      "file_path": "/media/NFS/ttao/scannet/posed_images/scene0385_00/00338.jpg",
      "transform_matrix": [
        [
          0.945764,
          -0.086589,
          0.313101,
          3.215251
        ],
        [
          -0.324758,
          -0.27546,
          0.904795,
          2.480354
        ],
        [
          0.007901,
          -0.957405,
          -0.288641,
          1.434736
        ],
        [
          0.0,
          0.0,
          0.0,
          1.0
        ]
      ]
    },
    {
      "file_path": "/media/NFS/ttao/scannet/posed_images/scene0385_00/00339.jpg",
      "transform_matrix": [
        [
          0.949593,
          -0.08451,
          0.301879,
          3.216715
        ],
        [
          -0.313449,
          -0.270539,
          0.910252,
          2.479931
        ],
        [
          0.004744,
          -0.958993,
          -0.283391,
          1.431459
        ],
        [
          0.0,
          0.0,
          0.0,
          1.0
        ]
      ]
    },
    {
      "file_path": "/media/NFS/ttao/scannet/posed_images/scene0385_00/00343.jpg",
      "transform_matrix": [
        [
          0.965435,
          -0.080466,
          0.247912,
          3.238544
        ],
        [
          -0.260598,
          -0.280217,
          0.923887,
          2.478699
        ],
        [
          -0.004872,
          -0.956558,
          -0.291501,
          1.435605
        ],
        [
          0.0,
          0.0,
          0.0,
          1.0
        ]
      ]
    },
    {
      "file_path": "/media/NFS/ttao/scannet/posed_images/scene0385_00/00349.jpg",
      "transform_matrix": [
        [
          0.984508,
          -0.069703,
          0.16089,
          3.272282
        ],
        [
          -0.174744,
          -0.314458,
          0.933049,
          2.458202
        ],
        [
          -0.014443,
          -0.946709,
          -0.321767,
          1.427082
        ],
        [
          0.0,
          0.0,
          0.0,
          1.0
        ]
      ]
    },
    {
      "file_path": "/media/NFS/ttao/scannet/posed_images/scene0385_00/00356.jpg",
      "transform_matrix": [
        [
          0.999619,
          -0.014839,
          0.023267,
          3.340451
        ],
        [
          -0.027082,
          -0.36555,
          0.930398,
          2.40635
        ],
        [
          -0.0053,
          -0.930673,
          -0.365813,
