{
  "frames": [
    {
      "file_path": "/media/NFS/ttao/scannet/posed_images/scene0023_00/00001.jpg",
      "transform_matrix": [
        [
          -0.455958,
          0.42895,
          -0.779811,
          2.408911
        ],
        [
          0.88909,
          0.179883,
          -0.420905,
          4.675395
        ],
        [
          -0.040272,
          -0.885237,
          -0.463394,
          1.276879
        ],
        [
          0.0,
          0.0,
          0.0,
          1.0
        ]
      ]
    },
    {
      "file_path": "/media/NFS/ttao/scannet/posed_images/scene0023_00/00006.jpg",
      "transform_matrix": [
        [
          -0.381231,
          0.466469,
          -0.798167,
          2.43279
        ],
        [
          0.923153,
          0.145848,
          -0.355692,
          4.677985
        ],
        [
          -0.049508,
          -0.872431,
          -0.486224,
          1.282647
        ],
        [
          0.0,
          0.0,
          0.0,
          1.0
        ]
      ]
    },
    {
      "file_path": "/media/NFS/ttao/scannet/posed_images/scene0023_00/00007.jpg",
      "transform_matrix": [
        [
          -0.370765,
          0.470499,
          -0.800727,
          2.436286
        ],
        [
          0.927279,
          0.13942,
          -0.347442,
          4.679128
        ],
        [
          -0.051833,
          -0.871317,
          -0.487976,
          1.282742
        ],
        [
          0.0,
          0.0,
          0.0,
          1.0
        ]
      ]
    },
    {
      "file_path": "/media/NFS/ttao/scannet/posed_images/scene0023_00/00013.jpg",
      "transform_matrix": [
        [
          -0.351875,
          0.505976,
          -0.787511,
          2.448831
        ],
        [
          0.935316,
          0.156813,
          -0.317165,
          4.677638
        ],
        [
          -0.036986,
          -0.848174,
          -0.528426,
          1.287226
        ],
        [
          0.0,
          0.0,
          0.0,
          1.0
        ]
      ]
    },
    {
      "file_path": "/media/NFS/ttao/scannet/posed_images/scene0023_00/00015.jpg",
      "transform_matrix": [
        [
          -0.344323,
          0.523633,
          -0.779262,
          2.453547
        ],
        [
          0.937986,
          0.156236,
          -0.309473,
          4.678676
        ],
        [
          -0.040302,
          -0.837496,
          -0.544956,
          1.284058
        ],
        [
          0.0,
          0.0,
          0.0,
          1.0
        ]
      ]
    },
    {
      "file_path": "/media/NFS/ttao/scannet/posed_images/scene0023_00/00021.jpg",
      "transform_matrix": [
        [
          -0.30473,
          0.586159,
          -0.750705,
          2.458094
        ],
        [
          0.950989,
          0.143788,
          -0.273759,
          4.681721
        ],
        [
          -0.052524,
          -0.797335,
          -0.601248,
          1.265551
        ],
        [
          0.0,
          0.0,
          0.0,
          1.0
        ]
      ]
    },
    {
      "file_path": "/media/NFS/ttao/scannet/posed_images/scene0023_00/00024.jpg",
      "transform_matrix": [
        [
          -0.291924,
          0.604584,
          -0.74112,
          2.456724
        ],
        [
          0.954456,
          0.134246,
          -0.266442,
          4.687712
        ],
        [
          -0.061594,
          -0.785147,
          -0.616239,
          1.262803
        ],
        [
          0.0,
          0.0,
          0.0,
          1.0
        ]
      ]
    },
    {
      "file_path": "/media/NFS/ttao/scannet/posed_images/scene0023_00/00026.jpg",
      "transform_matrix": [
        [
          -0.281779,
          0.60534,
          -0.744422,
          2.455032
        ],
        [
          0.957311,
          0.125247,
          -0.260515,
          4.689777
        ],
        [
          -0.064464,
          -0.786052,
          -0.61479,
          1.265056
        ],
        [
          0.0,
          0.0,
          0.0,
          1.0
        ]
      ]
    },
    {
      "file_path": "/media/NFS/ttao/scannet/posed_images/scene0023_00/00030.jpg",
      "transform_matrix": [
        [
          -0.254553,
          0.589428,
          -0.766667,
          2.447855
        ],
        [
          0.965056,
          0.103835,
          -0.240593,
          4.696197
        ],
        [
          -0.062205,
          -0.80112,
          -0.595262,
          1.278289
        ],
        [
          0.0,
          0.0,
          0.0,
          1.0
        ]
      ]
    },
    {
      "file_path": "/media/NFS/ttao/scannet/posed_images/scene0023_00/00036.jpg",
      "transform_matrix": [
        [
          -0.187654,
          0.521489,
          -0.832367,
          2.442179
        ],
        [
          0.979961,
          0.041766,
          -0.194762,
          4.723198
        ],
        [
          -0.066802,
          -0.852235,
          -0.518876,
          1.303504
        ],
        [
          0.0,
          0.0,
          0.0,
          1.0
        ]
      ]
    },
    {
      "file_path": "/media/NFS/ttao/scannet/posed_images/scene0023_00/00040.jpg",
      "transform_matrix": [
        [
          -0.135797,
          0.496872,
          -0.857134,
          2.436517
        ],
        [
          0.988948,
          0.016016,
          -0.147396,
          4.747018
        ],
        [
          -0.059509,
          -0.867676,
          -0.493555,
          1.31324
        ],
        [
          0.0,
          0.0,
          0.0,
          1.0
        ]
      ]
    },
    {
      "file_path": "/media/NFS/ttao/scannet/posed_images/scene0023_00/00041.jpg",
      "transform_matrix": [
        [
          -0.117988,
          0.49319,
          -0.861883,
          2.435562
        ],
        [
          0.991112,
          0.004777,
          -0.132946,
          4.749679
        ],
        [
          -0.06145,
          -0.869909,
          -0.48937,
          1.316105
        ],
        [
          0.0,
          0.0,
          0.0,
          1.0
        ]
      ]
    },
    {
      "file_path": "/media/NFS/ttao/scannet/posed_images/scene0023_00/00047.jpg",
      "transform_matrix": [
        [
          -0.02661,
          0.47859,
          -0.877636,
          2.431311
        ],
        [
          0.9974,
          -0.046106,
          -0.055384,
          4.793663
        ],
        [
          -0.066971,
          -0.876828,
          -0.476118,
          1.321002
        ],
        [
          0.0,
          0.0,
          0.0,
          1.0
        ]
      ]
    },
    {
      "file_path": "/media/NFS/ttao/scannet/posed_images/scene0023_00/00050.jpg",
      "transform_matrix": [
        [
          0.003719,
          0.482552,
          -0.875859,
          2.419698
        ],
        [
          0.998028,
          -0.056675,
          -0.026987,
          4.833516
        ],
        [
          -0.062661,
          -0.874032,
          -0.481811,
          1.327208
        ],
        [
          0.0,
          0.0,
          0.0,
          1.0
        ]
      ]
    },
    {
      "file_path": "/media/NFS/ttao/scannet/posed_images/scene0023_00/00052.jpg",
      "transform_matrix": [
        [
          0.032976,
          0.479202,
          -0.877085,
          2.417042
        ],
        [
          0.997023,
          -0.076974,
          -0.004571,
          4.854872
        ],
        [
          -0.069703,
          -0.874323,
          -0.480313,
          1.327412
        ],
        [
          0.0,
          0.0,
          0.0,
          1.0
        ]
      ]
    },
    {
      "file_path": "/media/NFS/ttao/scannet/posed_images/scene0023_00/00056.jpg",
      "transform_matrix": [
        [
          0.086128,
          0.475894,
          -0.875275,
          2.410218
        ],
        [
          0.99301,
          -0.112172,
          0.036724,
          4.893062
        ],
        [
          -0.080704,
          -0.87232,
          -0.482228,
          1.331465
        ],
        [
          0.0,
          0.0,
          0.0,
          1.0
        ]
      ]
    },
    {
      "file_path": "/media/NFS/ttao/scannet/posed_images/scene0023_00/00062.jpg",
      "transform_matrix": [
        [
          0.154668,
          0.453115,
          -0.877932,
          2.404356
        ],
        [
          0.984296,
          -0.147197,
          0.097435,
          4.95417
        ],
        [
          -0.08508,
          -0.879215,
          -0.468767,
          1.339995
        ],
        [
          0.0,
          0.0,
          0.0,
          1.0
        ]
      ]
    },
    {
      "file_path": "/media/NFS/ttao/scannet/posed_images/scene0023_00/00066.jpg",
      "transform_matrix": [
        [
          0.230995,
          0.431381,
          -0.872096,
          2.403711
        ],
        [
          0.96931,
          -0.179548,
          0.167931,
          4.992941
        ],
        [
          -0.084141,
          -0.884123,
          -0.459616,
          1.339386
        ],
        [
          0.0,
          0.0,
          0.0,
          1.0
        ]
      ]
    },
    {
      "file_path": "/media/NFS/ttao/scannet/posed_images/scene0023_00/00068.jpg",
      "transform_matrix": [
        [
          0.27799,
          0.418586,
          -0.864585,
          2.402469
        ],
        [
          0.956637,
          -0.202147,
          0.209719,
          5.007958
        ],
        [
          -0.086988,
          -0.885394,
          -0.45663,
          1.331917
        ],
        [
          0.0,
          0.0,
          0.0,
          1.0
        ]
      ]
    },
    {
      "file_path": "/media/NFS/ttao/scannet/posed_images/scene0023_00/00074.jpg",
      "transform_matrix": [
        [
          0.452938,
          0.398797,
          -0.797376,
          2.375247
        ],
        [
          0.886269,
          -0.298541,
          0.35412,
          5.056247
        ],
        [
          -0.096827,
          -0.867084,
          -0.488662,
          1.334308
        ],
        [
          0.0,
          0.0,
          0.0,
          1.0
        ]
      ]
    },
    {
      "file_path": "/media/NFS/ttao/scannet/posed_images/scene0023_00/00076.jpg",
      "transform_matrix": [
        [
          0.507722,
          0.382779,
          -0.771815,
          2.365665
        ],
        [
          0.856344,
          -0.322296,
          0.403485,
          5.065394
        ],
        [
          -0.094307,
          -0.865798,
          -0.491427,
          1.331239
        ],
        [
          0.0,
          0.0,
          0.0,
          1.0
        ]
      ]
    },
    {
      "file_path": "/media/NFS/ttao/scannet/posed_images/scene0023_00/00082.jpg",
      "transform_matrix": [
        [
          0.67074,
          0.314531,
          -0.671697,
          2.317134
        ],
        [
          0.734364,
          -0.408625,
          0.541973,
          5.061348
        ],
        [
          -0.104005,
          -0.856794,
          -0.505062,
          1.323798
        ],
        [
          0.0,
          0.0,
          0.0,
          1.0
        ]
      ]
    },
    {
      "file_path": "/media/NFS/ttao/scannet/posed_images/scene0023_00/00083.jpg",
      "transform_matrix": [
        [
          0.686878,
          0.301512,
          -0.661278,
          2.312904
        ],
        [
          0.719484,
          -0.410639,
          0.560105,
          5.064426
        ],
        [
          -0.102668,
          -0.860503,
          -0.498993,
          1.319691
        ],
        [
          0.0,
          0.0,
          0.0,
          1.0
        ]
      ]
    },
    {
      "file_path": "/media/NFS/ttao/scannet/posed_images/scene0023_00/00088.jpg",
      "transform_matrix": [
        [
          0.764926,
          0.260268,
          -0.589194,
          2.276572
        ],
        [
          0.636909,
          -0.442103,
          0.631579,
          5.070253
        ],
        [
          -0.096104,
          -0.858374,
          -0.503943,
          1.318246
        ],
        [
          0.0,
          0.0,
          0.0,
          1.0
        ]
      ]
    },
    {
      "file_path": "/media/NFS/ttao/scannet/posed_images/scene0023_00/00090.jpg",
      "transform_matrix": [
        [
          0.791262,
          0.239253,
          -0.562728,
          2.267033
        ],
        [
          0.603032,
          -0.457741,
          0.653318,
          5.072347
        ],
        [
          -0.101275,
          -0.856289,
          -0.506471,
          1.319605
        ],
        [
          0.0,
          0.0,
          0.0,
          1.0
        ]
      ]
    },
    {
      "file_path": "/media/NFS/ttao/scannet/posed_images/scene0023_00/00097.jpg",
      "transform_matrix": [
        [
          0.882232,
          0.199861,
          -0.426288,
          2.23974
        ],
        [
          0.464799,
          -0.513999,
          0.720949,
          5.095647
        ],
        [
          -0.075022,
          -0.834183,
          -0.546361,
          1.31345
        ],
        [
          0.0,
          0.0,
          0.0,
          1.0
        ]
      ]
    },
    {
      "file_path": "/media/NFS/ttao/scannet/posed_images/scene0023_00/00100.jpg",
      "transform_matrix": [
        [
          0.920346,
          0.166808,
          -0.35375,
          2.241946
        ],
        [
          0.386015,
          -0.532888,
          0.753009,
          5.107735
        ],
        [
          -0.062901,
          -0.829581,
          -0.554832,
          1.30501
        ],
        [
          0.0,
          0.0,
          0.0,
          1.0
        ]
      ]
    },
    {
      "file_path": "/media/NFS/ttao/scannet/posed_images/scene0023_00/00105.jpg",
      "transform_matrix": [
        [
          0.960288,
          0.114521,
          -0.254424,
          2.253593
        ],
        [
          0.274386,
          -0.552958,
          0.786733,
          5.124464
        ],
        [
          -0.050588,
          -0.825301,
          -0.562422,
          1.30227
        ],
        [
          0.0,
          0.0,
          0.0,
          1.0
        ]
      ]
    },
    {
      "file_path": "/media/NFS/ttao/scannet/posed_images/scene0023_00/00106.jpg",
      "transform_matrix": [
        [
          0.964759,
          0.105286,
          -0.241155,
          2.256434
        ],
        [
          0.258305,
          -0.553742,
          0.791611,
          5.126773
        ],
        [
          -0.050192,
          -0.826005,
          -0.561424,
          1.301297
        ],
        [
          0.0,
          0.0,
          0.0,
          1.0
        ]
      ]
    },
    {
      "file_path": "/media/NFS/ttao/scannet/posed_images/scene0023_00/00112.jpg",
      "transform_matrix": [
        [
          0.981658,
          0.041364,
          -0.186108,
          2.284886
        ],
        [
          0.177872,
          -0.550065,
          0.815959,
          5.159404
        ],
        [
          -0.068621,
          -0.834097,
          -0.547333,
          1.307566
        ],
        [
          0.0,
          0.0,
          0.0,
          1.0
        ]
      ]
    },
    {
      "file_path": "/media/NFS/ttao/scannet/posed_images/scene0023_00/00113.jpg",
      "transform_matrix": [
        [
          0.982406,
          0.032499,
          -0.183907,
          2.296568
        ],
        [
          0.171495,
          -0.546875,
          0.819462,
          5.165305
        ],
        [
          -0.073943,
          -0.836583,
          -0.542826,
          1.307327
        ],
        [
          0.0,
          0.0,
          0.0,
          1.0
        ]
      ]
    },
    {
      "file_path": "/media/NFS/ttao/scannet/posed_images/scene0023_00/00119.jpg",
      "transform_matrix": [
        [
          0.988935,
          0.022413,
          -0.146644,
          2.339786
        ],
        [
          0.136121,
          -0.530089,
          0.836945,
          5.196907
        ],
        [
          -0.058976,
          -0.847646,
          -0.527275,
          1.315249
        ],
        [
          0.0,
          0.0,
          0.0,
          1.0
        ]
      ]
    },
    {
      "file_path": "/media/NFS/ttao/scannet/posed_images/scene0023_00/00123.jpg",
      "transform_matrix": [
        [
          0.987503,
          -0.005534,
          -0.157503,
          2.370086
        ],
        [
          0.134167,
          -0.494825,
          0.858573,
          5.219985
        ],
        [
          -0.082688,
          -0.868975,
          -0.487899,
          1.321644
        ],
        [
          0.0,
          0.0,
          0.0,
          1.0
        ]
      ]
    },
    {
      "file_path": "/media/NFS/ttao/scannet/posed_images/scene0023_00/00124.jpg",
      "transform_matrix": [
        [
          0.987518,
          -0.004478,
          -0.157444,
          2.377266
        ],
        [
          0.135347,
          -0.487133,
          0.862776,
          5.221893
        ],
        [
          -0.08056,
          -0.873316,
          -0.480447,
          1.321613
        ],
        [
          0.0,
          0.0,
          0.0,
          1.0
        ]
      ]
    },
    {
      "file_path": "/media/NFS/ttao/scannet/posed_images/scene0023_00/00131.jpg",
      "transform_matrix": [
        [
          0.993725,
          -0.00524,
          -0.111725,
          2.435588
        ],
        [
          0.096122,
          -0.470739,
          0.877021,
          5.262379
        ],
        [
          -0.057189,
          -0.882257,
          -0.467281,
          1.319221
        ],
        [
          0.0,
          0.0,
          0.0,
          1.0
        ]
      ]
    },
    {
      "file_path": "/media/NFS/ttao/scannet/posed_images/scene0023_00/00135.jpg",
      "transform_matrix": [
        [
          0.993259,
          -0.016162,
          -0.11478,
          2.456964
        ],
        [
          0.094729,
          -0.457481,
          0.884159,
          5.28583
        ],
        [
          -0.0668,
          -0.889073,
          -0.452866,
          1.328072
        ],
        [
          0.0,
          0.0,
          0.0,
          1.0
        ]
      ]
    },
    {
      "file_path": "/media/NFS/ttao/scannet/posed_images/scene0023_00/00138.jpg",
      "transform_matrix": [
        [
          0.992341,
          -0.020161,
          -0.121875,
          2.474002
        ],
        [
          0.098947,
          -0.460934,
          0.881901,
          5.306368
        ],
        [
          -0.073956,
          -0.887206,
          -0.455409,
          1.332636
        ],
        [
          0.0,
          0.0,
          0.0,
          1.0
        ]
      ]
    },
    {
      "file_path": "/media/NFS/ttao/scannet/posed_images/scene0023_00/00140.jpg",
      "transform_matrix": [
        [
          0.9933,
          -0.028582,
          -0.111971,
          2.481256
        ],
        [
          0.086555,
          -0.457989,
          0.884734,
          5.3191
        ],
        [
          -0.076569,
          -0.888499,
          -0.452446,
          1.336376
        ],
        [
          0.0,
          0.0,
          0.0,
          1.0
        ]
      ]
    },
    {
      "file_path": "/media/NFS/ttao/scannet/posed_images/scene0023_00/00144.jpg",
      "transform_matrix": [
        [
          0.99645,
          -0.054132,
          -0.064469,
          2.503695
        ],
        [
          0.032909,
          -0.454405,
          0.890187,
          5.352413
        ],
        [
          -0.077483,
          -0.889149,
          -0.451011,
          1.334663
        ],
        [
          0.0,
          0.0,
          0.0,
          1.0
        ]
      ]
    },
    {
      "file_path": "/media/NFS/ttao/scannet/posed_images/scene0023_00/00149.jpg",
      "transform_matrix": [
        [
          0.995772,
          -0.077246,
          0.049712,
          2.511491
        ],
        [
          -0.079875,
          -0.460843,
          0.88388,
          5.396673
        ],
        [
          -0.045367,
          -0.884114,
          -0.465064,
          1.33044
        ],
        [
          0.0,
          0.0,
          0.0,
          1.0
        ]
      ]
    },
    {
      "file_path": "/media/NFS/ttao/scannet/posed_images/scene0023_00/00154.jpg",
      "transform_matrix": [
        [
          0.984164,
          -0.11627,
          0.133799,
          2.50812
        ],
        [
          -0.171348,
          -0.430701,
          0.886079,
          5.435741
        ],
        [
          -0.045397,
          -0.894974,
          -0.443804,
          1.328212
        ],
        [
          0.0,
          0.0,
          0.0,
          1.0
        ]
      ]
    },
    {
      "file_path": "/media/NFS/ttao/scannet/posed_images/scene0023_00/00155.jpg",
      "transform_matrix": [
        [
          0.981292,
          -0.125155,
          0.146297,
          2.508788
        ],
        [
          -0.185925,
          -0.418752,
          0.888864,
          5.446115
        ],
        [
          -0.049984,
          -0.899435,
          -0.434187,
          1.326845
        ],
        [
          0.0,
          0.0,
          0.0,
          1.0
        ]
      ]
    },
    {
      "file_path": "/media/NFS/ttao/scannet/posed_images/scene0023_00/00160.jpg",
      "transform_matrix": [
        [
          0.9616,
          -0.133362,
          0.239874,
          2.533817
        ],
        [
          -0.27413,
          -0.424263,
          0.863049,
          5.492812
        ],
        [
          -0.013328,
          -0.895665,
          -0.44453,
          1.330217
        ],
        [
          0.0,
          0.0,
          0.0,
          1.0
        ]
      ]
    },
    {
      "file_path": "/media/NFS/ttao/scannet/posed_images/scene0023_00/00163.jpg",
      "transform_matrix": [
        [
          0.942078,
          -0.152313,
          0.298815,
          2.535895
        ],
        [
          -0.335187,
          -0.396235,
          0.854779,
          5.521828
        ],
        [
          -0.011793,
          -0.905427,
          -0.424338,
          1.337661
        ],
        [
          0.0,
          0.0,
          0.0,
          1.0
        ]
      ]
    },
    {
      "file_path": "/media/NFS/ttao/scannet/posed_images/scene0023_00/00166.jpg",
      "transform_matrix": [
        [
          0.91376,
          -0.158711,
          0.373968,
          2.533279
        ],
        [
          -0.406232,
          -0.36637,
          0.837107,
          5.538218
        ],
        [
          0.004153,
          -0.916833,
          -0.399249,
          1.333264
        ],
        [
          0.0,
          0.0,
          0.0,
          1.0
        ]
      ]
    },
    {
      "file_path": "/media/NFS/ttao/scannet/posed_images/scene0023_00/00173.jpg",
      "transform_matrix": [
        [
          0.87385,
          -0.21889,
          0.434135,
          2.58476
        ],
        [
          -0.486182,
          -0.386598,
          0.78369,
          5.547007
        ],
        [
          -0.003706,
          -0.895896,
          -0.444249,
          1.325065
        ],
        [
          0.0,
          0.0,
          0.0,
          1.0
        ]
      ]
    },
    {
      "file_path": "/media/NFS/ttao/scannet/posed_images/scene0023_00/00176.jpg",
      "transform_matrix": [
        [
          0.837364,
          -0.261083,
          0.480267,
          2.600347
        ],
        [
          -0.546402,
          -0.373596,
          0.74958,
          5.561068
        ],
        [
          -0.016276,
          -0.890091,
          -0.455492,
          1.336834
        ],
        [
          0.0,
          0.0,
          0.0,
          1.0
        ]
      ]
    },
    {
      "file_path": "/media/NFS/ttao/scannet/posed_images/scene0023_00/00180.jpg",
      "transform_matrix": [
        [
          0.784835,
          -0.263241,
          0.561015,
          2.616822
        ],
        [
          -0.619699,
          -0.337306,
          0.70866,
          5.564133
        ],
        [
          0.002685,
          -0.903841,
          -0.427859,
          1.343402
        ],
        [
          0.0,
          0.0,
          0.0,
          1.0
        ]
      ]
    },
    {
      "file_path": "/media/NFS/ttao/scannet/posed_images/scene0023_00/00181.jpg",
      "transform_matrix": [
        [
          0.77835,
          -0.268047,
          0.567735,
          2.626553
        ],
        [
          -0.627831,
          -0.331575,
          0.704192,
          5.560546
        ],
        [
          -0.000509,
          -0.904549,
          -0.426369,
          1.33936
        ],
        [
          0.0,
          0.0,
          0.0,
          1.0
        ]
      ]
    },
    {
      "file_path": "/media/NFS/ttao/scannet/posed_images/scene0023_00/00188.jpg",
      "transform_matrix": [
        [
          0.743584,
          -0.269021,
          0.612136,
          2.656172
        ],
        [
          -0.66864,
          -0.301595,
          0.679677,
          5.572762
        ],
        [
          0.00177,
          -0.914696,
          -0.40414,
          1.361794
        ],
        [
          0.0,
          0.0,
          0.0,
          1.0
        ]
      ]
    },
    {
      "file_path": "/media/NFS/ttao/scannet/posed_images/scene0023_00/00190.jpg",
      "transform_matrix": [
        [
          0.733893,
          -0.272151,
          0.622362,
          2.665935
        ],
        [
          -0.679264,
          -0.292469,
          0.673099,
          5.571518
        ],
        [
          -0.001163,
          -0.916731,
          -0.399503,
          1.366426
        ],
        [
          0.0,
          0.0,
          0.0,
          1.0
        ]
      ]
    },
    {
      "file_path": "/media/NFS/ttao/scannet/posed_images/scene0023_00/00196.jpg",
      "transform_matrix": [
        [
          0.685796,
          -0.281267,
          0.671247,
          2.687666
        ],
        [
          -0.727784,
          -0.26033,
          0.634475,
          5.580388
        ],
        [
          -0.003712,
          -0.923643,
          -0.383235,
          1.384012
        ],
        [
          0.0,
          0.0,
          0.0,
          1.0
        ]
      ]
    },
    {
      "file_path": "/media/NFS/ttao/scannet/posed_images/scene0023_00/00197.jpg",
      "transform_matrix": [
        [
          0.675101,
          -0.284845,
          0.680516,
          2.687232
        ],
        [
          -0.737718,
          -0.25659,
          0.624447,
          5.585283
        ],
        [
          -0.003257,
          -0.923594,
          -0.38336,
          1.38711
        ],
        [
          0.0,
          0.0,
          0.0,
          1.0
        ]
      ]
    },
    {
      "file_path": "/media/NFS/ttao/scannet/posed_images/scene0023_00/00202.jpg",
      "transform_matrix": [
        [
          0.645371,
          -0.290234,
          0.706584,
          2.704661
        ],
        [
          -0.763869,
          -0.245135,
          0.597003,
          5.572778
        ],
        [
          -6.2e-05,
          -0.925026,
          -0.379904,
          1.38972
        ],
        [
          0.0,
          0.0,
          0.0,
          1.0
        ]
      ]
    },
    {
      "file_path": "/media/NFS/ttao/scannet/posed_images/scene0023_00/00207.jpg",
      "transform_matrix": [
        [
          0.615899,
          -0.295719,
          0.730219,
          2.713178
        ],
        [
          -0.787805,
          -0.224538,
          0.573538,
          5.571589
        ],
        [
          -0.005644,
          -0.928511,
          -0.371261,
          1.389483
        ],
        [
          0.0,
          0.0,
          0.0,
          1.0
        ]
      ]
    },
    {
      "file_path": "/media/NFS/ttao/scannet/posed_images/scene0023_00/00209.jpg",
      "transform_matrix": [
        [
          0.606462,
          -0.301759,
          0.735626,
          2.716374
        ],
        [
          -0.795044,
          -0.218011,
          0.566018,
          5.569816
        ],
        [
          -0.010426,
          -0.928123,
          -0.372127,
          1.386719
        ],
        [
          0.0,
          0.0,
          0.0,
          1.0
        ]
      ]
    },
    {
      "file_path": "/media/NFS/ttao/scannet/posed_images/scene0023_00/00214.jpg",
      "transform_matrix": [
        [
          0.592122,
          -0.292625,
          0.750841,
          2.724016
        ],
        [
          -0.805809,
          -0.224225,
          0.548083,
          5.570992
        ],
        [
          0.007974,
          -0.929567,
          -0.368568,
          1.390074
        ],
        [
          0.0,
          0.0,
          0.0,
          1.0
        ]
      ]
    },
    {
      "file_path": "/media/NFS/ttao/scannet/posed_images/scene0023_00/00217.jpg",
      "transform_matrix": [
        [
          0.585184,
          -0.303429,
          0.751991,
          2.728589
        ],
        [
          -0.810879,
          -0.225687,
          0.539945,
          5.567701
        ],
        [
          0.00588,
          -0.925741,
          -0.378113,
          1.386397
        ],
        [
          0.0,
          0.0,
          0.0,
          1.0
        ]
      ]
    },
    {
      "file_path": "/media/NFS/ttao/scannet/posed_images/scene0023_00/00221.jpg",
      "transform_matrix": [
        [
          0.56535,
          -0.311214,
          0.763889,
          2.737942
        ],
        [
          -0.824756,
          -0.227365,
          0.517767,
          5.574553
        ],
        [
          0.012545,
          -0.922741,
          -0.385216,
          1.384177
        ],
        [
          0.0,
          0.0,
          0.0,
          1.0
        ]
      ]
    },
    {
      "file_path": "/media/NFS/ttao/scannet/posed_images/scene0023_00/00223.jpg",
      "transform_matrix": [
        [
          0.55534,
          -0.322315,
          0.766624,
          2.741787
        ],
        [
          -0.831621,
          -0.217662,
          0.510911,
          5.579091
        ],
        [
          0.00219,
          -0.921269,
          -0.388919,
          1.382854
        ],
        [
          0.0,
          0.0,
          0.0,
          1.0
        ]
      ]
    },
    {
      "file_path": "/media/NFS/ttao/scannet/posed_images/scene0023_00/00229.jpg",
      "transform_matrix": [
        [
          0.566997,
          -0.351582,
          0.744919,
          2.751732
        ],
        [
          -0.823435,
          -0.218122,
          0.523811,
          5.578522
        ],
        [
          -0.021679,
          -0.910392,
          -0.413179,
          1.378067
        ],
        [
          0.0,
          0.0,
          0.0,
          1.0
        ]
      ]
    },
    {
      "file_path": "/media/NFS/ttao/scannet/posed_images/scene0023_00/00234.jpg",
      "transform_matrix": [
        [
          0.552607,
          -0.337155,
          0.762203,
          2.744829
        ],
        [
          -0.833439,
          -0.226078,
          0.50425,
          5.606456
        ],
        [
          0.002307,
          -0.913901,
          -0.40593,
          1.385012
        ],
        [
          0.0,
          0.0,
          0.0,
          1.0
        ]
      ]
    },
    {
      "file_path": "/media/NFS/ttao/scannet/posed_images/scene0023_00/00236.jpg",
      "transform_matrix": [
        [
          0.549866,
          -0.33365,
          0.765719,
          2.746096
        ],
        [
          -0.835244,
          -0.224044,
          0.502168,
          5.608718
        ],
        [
          0.004006,
          -0.915687,
          -0.401873,
          1.386264
        ],
        [
          0.0,
          0.0,
          0.0,
          1.0
        ]
      ]
    },
    {
      "file_path": "/media/NFS/ttao/scannet/posed_images/scene0023_00/00239.jpg",
      "transform_matrix": [
        [
          0.549525,
          -0.331807,
          0.766764,
          2.751196
        ],
        [
          -0.835474,
          -0.22088,
          0.503185,
          5.60249
        ],
        [
          0.002403,
          -0.917124,
          -0.398595,
          1.388556
        ],
        [
          0.0,
          0.0,
          0.0,
          1.0
        ]
      ]
    },
    {
      "file_path": "/media/NFS/ttao/scannet/posed_images/scene0023_00/00245.jpg",
      "transform_matrix": [
        [
          0.535851,
          -0.334424,
          0.775257,
          2.750406
        ],
        [
          -0.844299,
          -0.207034,
          0.494264,
          5.607933
        ],
        [
          -0.004789,
          -0.919401,
          -0.393294,
          1.397845
        ],
        [
          0.0,
          0.0,
          0.0,
          1.0
        ]
      ]
    },
    {
      "file_path": "/media/NFS/ttao/scannet/posed_images/scene0023_00/00249.jpg",
      "transform_matrix": [
        [
          0.526697,
          -0.332081,
          0.782504,
          2.753904
        ],
        [
          -0.850029,
          -0.198766,
          0.487795,
          5.602826
        ],
        [
          -0.006452,
          -0.922071,
          -0.386967,
          1.400626
        ],
        [
          0.0,
          0.0,
          0.0,
          1.0
        ]
      ]
    },
    {
      "file_path": "/media/NFS/ttao/scannet/posed_images/scene0023_00/00251.jpg",
      "transform_matrix": [
        [
          0.52251,
          -0.328076,
          0.786988,
          2.751349
        ],
        [
          -0.852598,
          -0.192673,
          0.48575,
          5.601159
        ],
        [
          -0.007732,
          -0.924794,
          -0.380391,
          1.394594
        ],
        [
          0.0,
          0.0,
          0.0,
          1.0
        ]
      ]
    },
    {
      "file_path": "/media/NFS/ttao/scannet/posed_images/scene0023_00/00256.jpg",
      "transform_matrix": [
        [
          0.516916,
          -0.32434,
          0.792213,
          2.750388
        ],
        [
          -0.855952,
          -0.182872,
          0.483636,
          5.596875
        ],
        [
          -0.011989,
          -0.928096,
          -0.372149,
          1.398622
        ],
        [
          0.0,
          0.0,
          0.0,
          1.0
        ]
      ]
    },
    {
      "file_path": "/media/NFS/ttao/scannet/posed_images/scene0023_00/00259.jpg",
      "transform_matrix": [
        [
          0.516035,
          -0.325546,
          0.792293,
          2.749261
        ],
        [
          -0.856418,
          -0.178806,
          0.484331,
          5.596688
        ],
        [
          -0.016005,
          -0.928466,
          -0.371073,
          1.402822
        ],
        [
          0.0,
          0.0,
          0.0,
          1.0
        ]
      ]
    },
    {
      "file_path": "/media/NFS/ttao/scannet/posed_images/scene0023_00/00262.jpg",
      "transform_matrix": [
        [
          0.516176,
          -0.323271,
          0.793132,
          2.747219
        ],
        [
          -0.856368,
          -0.179687,
          0.484093,
          5.59775
        ],
        [
          -0.013977,
          -0.92909,
          -0.369589,
          1.403352
        ],
        [
          0.0,
          0.0,
          0.0,
          1.0
        ]
      ]
    },
    {
      "file_path": "/media/NFS/ttao/scannet/posed_images/scene0023_00/00266.jpg",
      "transform_matrix": [
        [
          0.516074,
          -0.324475,
          0.792707,
          2.747763
        ],
        [
          -0.856442,
          -0.181233,
          0.483385,
          5.599085
        ],
        [
          -0.013182,
          -0.92837,
          -0.371424,
          1.404324
        ],
        [
          0.0,
          0.0,
          0.0,
          1.0
        ]
      ]
    },
    {
      "file_path": "/media/NFS/ttao/scannet/posed_images/scene0023_00/00269.jpg",
      "transform_matrix": [
        [
          0.518846,
          -0.323609,
          0.791249,
          2.751835
        ],
        [
          -0.854734,
          -0.180034,
          0.486844,
          5.594614
        ],
        [
          -0.015095,
          -0.928905,
          -0.37001,
          1.403739
        ],
        [
          0.0,
          0.0,
          0.0,
          1.0
        ]
      ]
    },
    {
      "file_path": "/media/NFS/ttao/scannet/posed_images/scene0023_00/00276.jpg",
      "transform_matrix": [
        [
          0.515375,
          -0.320457,
          0.794793,
          2.751595
        ],
        [
          -0.856841,
          -0.17693,
          0.484272,
          5.596903
        ],
        [
          -0.014565,
          -0.930593,
          -0.365766,
          1.400955
        ],
        [
          0.0,
          0.0,
          0.0,
          1.0
        ]
      ]
    },
    {
      "file_path": "/media/NFS/ttao/scannet/posed_images/scene0023_00/00277.jpg",
      "transform_matrix": [
        [
          0.515681,
          -0.321186,
          0.7943,
          2.753639
        ],
        [
          -0.856653,
          -0.177263,
          0.484483,
          5.596957
        ],
        [
          -0.014809,
          -0.930278,
          -0.366556,
          1.402648
        ],
        [
          0.0,
          0.0,
          0.0,
          1.0
        ]
      ]
    },
    {
      "file_path": "/media/NFS/ttao/scannet/posed_images/scene0023_00/00283.jpg",
      "transform_matrix": [
        [
          0.510989,
          -0.316635,
          0.799145,
          2.746984
        ],
        [
          -0.859522,
          -0.176759,
          0.479561,
          5.604078
        ],
        [
          -0.01059,
          -0.931933,
          -0.362477,
          1.404132
        ],
        [
          0.0,
          0.0,
          0.0,
          1.0
        ]
      ]
    },
    {
      "file_path": "/media/NFS/ttao/scannet/posed_images/scene0023_00/00285.jpg",
      "transform_matrix": [
        [
          0.512331,
          -0.31594,
          0.798561,
          2.748641
        ],
        [
          -0.858718,
          -0.176615,
          0.481051,
          5.601379
        ],
        [
          -0.010946,
          -0.932196,
          -0.361789,
          1.40423
        ],
        [
          0.0,
          0.0,
          0.0,
          1.0
        ]
      ]
    },
    {
      "file_path": "/media/NFS/ttao/scannet/posed_images/scene0023_00/00291.jpg",
      "transform_matrix": [
        [
          0.510124,
          -0.315223,
          0.800256,
          2.751104
        ],
        [
          -0.860044,
          -0.17618,
          0.478838,
          5.602824
        ],
        [
          -0.009952,
          -0.932521,
          -0.360979,
          1.399784
        ],
        [
          0.0,
          0.0,
          0.0,
          1.0
        ]
      ]
    },
    {
      "file_path": "/media/NFS/ttao/scannet/posed_images/scene0023_00/00292.jpg",
      "transform_matrix": [
        [
          0.509768,
          -0.315313,
          0.800447,
          2.749972
        ],
        [
          -0.86026,
          -0.176587,
          0.4783,
          5.603911
        ],
        [
          -0.009465,
          -0.932414,
